gfs-wave-data.json
{"header": {"parameterCategory":2,"parameterNumber":2,"dx":2.5,"dy":2.5,"nx":144,"ny":73,"la1":90.0,"la2":-90.0,"lo1":0.0,"lo2":357.5}, "data":
[rows 0 to 17 of 73, columns 42 to 83 of 144]
0.23066008990364484,0.2130670240633161,0.2358486948655095,0.21771879345743858,0.19401273695473048,0.22611699639456298,0.17886488169922057,0.2056948033047625,0.08359684940749783,0.22170222870288622,0.10978323334767015,0.15037497879681552,0.09495287134740209,0.1188151240972522,0.06429927893334624,0.06229489444628641,0.07244471889308415,0.06656439742110801,0.023266325842381752,0.007460791189140859,-0.118569825697379,-0.12134341164955986,-0.1585361246724213,-0.14483515183247628,-0.2241108946952175,-0.1604283264162912,-0.19662697414453906,-0.3004863420816952,-0.3997227185538122,-0.25612487875099976,-0.29416099743053126,-0.40265154074127724,-0.35083131139967927,-0.2926599199768895,-0.3395669331663194,-0.35260795036286197,-0.4829196841133159,-0.31796876063778545,-0.38641209726783193,-0.23291146235656615,-0.095530603704927,-0.0831136897414412
0.13644151534349827,0.1878347805895284,0.15476277233639849,0.1922544077043342,0.22397538391984922,0.14980296961786277,0.18649627344482694,0.24651773920811204,0.1710018029992907,0.17625065237718113,0.14141933724033195,0.1026353518092777,0.1529679575906602,0.1615176476163923,0.08036728609054247,0.048439775458844994,0.017564082373587857,0.012728020920132668,0.0032981640021008244,-0.08368169082021339,-0.061292238183970706,-0.13666001792221005,-0.1854528792052051,-0.16664411028347695,-0.22802960753917614,-0.3055124618670889,-0.3557915665230318,-0.33567268816006873,-0.2844402746853752,-0.3207702640652349,-0.3194508572527689,-0.2950661039532968,-0.4855185326424546,-0.43657310099426155,-0.37721443834307655,-0.46649888298168385,-0.3993641692218257,-0.34172556801001436,-0.1916346917402341,-0.17468087845089628,-0.07735100084262306,-0.036711503361870984
0.21931907578321058,0.2836087714948009,0.256029699570673,0.21451615329969642,0.13737877928600917,0.19324239510715457,0.27779528735662623,0.19009292449895862,0.1641982402371059,0.24734468185442982,0.20492890155969704,0.09497339786823841,0.12825441204269436,0.09662394253909105,0.12478891611270712,0.061754290807914745,0.09117588040503512,0.036862276558463664,-0.003985345715642994,-0.013757813050880818,-0.029276347664598575,-0.15234647387178152,-0.18269066715711912,-0.17417852608035048,-0.1943223900343302,-0.2797683116076531,-0.24261495948682757,-0.3725543159827555,-0.29183557011219763,-0.28032789296513966,-0.31362282136941577,-0.38799169943313416,-0.44410486466364524,-0.3993358345189078,-0.4690881339183909,-0.37221754355962416,-0.35852529947737366,-0.4129905450441506,-0.32723081592187103,-0.30564352145239304,-0.27798517743574763,-0.16517960236954346
0.20288142086479607,0.18626512339815762,0.15337839434524156,0.17587642700566272,0.3078842207762867,0.27740225663525403,0.170010930020899,0.1852584905174828,0.22729369100502628,0.1757073818755086,0.13707080351965084,0.12527132118303788,0.17050494970644484,0.11021385526069959,0.1793403374993506,0.0350726699747919,0.036351244900543506,0.031856354198618674,0.05165708793491151,-0.0013838718007992622,-0.09757160285659848,-0.149361421221866,-0.22414816911239982,-0.17843305865151726,-0.2469559468511038,-0.1993308532966177,-0.27374411983211333,-0.2992230532005719,-0.3133589881397304,-0.35936222882908947,-0.3531244003715059,-0.33622672330720704,-0.3800935591468805,-0.4317765726691284,-0.39217886807209473,-0.4094662353919889,-0.4129136147617765,-0.44818876509519956,-0.2563752696539198,-0.1849600576819347,-0.23727899083851836,-0.22977338791329827
0.20152988345051315,0.16014129399833135,0.25448023279452875,0.20753171618000854,0.16830461870284802,0.24364426059020186,0.30574587165113537,0.18472112063256527,0.24202423022439712,0.20697820506755737,0.20283404951086095,0.17577854457319753,0.20652922665333767,0.07977134792754804,0.15213811950087225,0.09723234848811664,0.052630862654148715,0.07463962819216778,0.0006350147719208973,-0.00681080158364874,-0.08134611979806029,-0.17440176121923853,-0.15944796621192145,-0.20751049313096104,-0.24470182048372593,-0.3416410639394559,-0.22022244624795873,-0.2449388985342126,-0.46108523490013587,-0.43699605946725983,-0.3933668534701816,-0.32798165744751595,-0.43604042389160014,-0.34995101667399453,-0.5050958423230396,-0.3658320632651096,-0.3846644257581535,-0.382868871997405,-0.33948408947570036,-0.22035557078637608,-0.17230124274578149,-0.12658258257601
0.3503777325615898,0.2614979318133512,0.2559806573652765,0.22521938288092327,0.2863555063246573,0.16928507989611316,0.16409183445352885,0.2237885165139433,0.20940322816980317,0.18342702418406467,0.1449668252734343,0.13923761146599353,0.21351568174607502,0.1258422502696732,0.06902013877230463,0.06641514395751112,0.07270783289449571,-0.000707327714733204,0.04766313646447712,-0.08037623425310526,-0.10184757632411517,-0.1242113414736275,-0.1425265575644793,-0.23425281908539788,-0.1943729138552636,-0.2434441661303686,-0.2683755119098562,-0.3221067758577767,-0.283568651382557,-0.45654971952177986,-0.4207810574535898,-0.4440672301583644,-0.4664806752282057,-0.4673982252750384,-0.5620417560371302,-0.44325170577274586,-0.3781810003406953,-0.31414529562597404,-0.2953979621763935,-0.3124336084072816,-0.11215960688292516,-0.17516103374464692
0.22413762545524654,0.2631617542416594,0.27742197463333734,0.1842454361300272,0.2009356990489271,0.2779128481062133,0.3062926010529958,0.3113565644513449,0.18161805128349834,0.17648380869283,0.21316885282545056,0.23239909505253162,0.10573638729155221,0.08892132757095274,0.1523161498609762,0.07867500961828454,0.0928847051614878,0.002878803211581028,-0.05831753693406025,-0.0012687987112338641,-0.0934342882846935,-0.12402223429846478,-0.18310223983915186,-0.2157506499584848,-0.25114054773277933,-0.25293828206213953,-0.3420040824067199,-0.4337311126642606,-0.3779150223027337,-0.4618560761252685,-0.5402079748387382,-0.3881822989357206,-0.42990616259810194,-0.45626568188084204,-0.46050142829915036,-0.5253668738149255,-0.35339286608014614,-0.4146667100783832,-0.3525565538156423,-0.22350578203823704,-0.32706311296168245,-0.09456145475827049
0.3752484548049485,0.28427484198058983,0.29685914013998405,0.22363652659245623,0.30380533076832,0.31863772705381654,0.3078651733283469,0.195643814172758,0.2249177878181028,0.21579200537170592,0.24083353986518988,0.19149548141910774,0.20920406368335387,0.15158412490283152,0.1151025833863595,0.09874034702985285,0.034746453434959745,0.076395654675431,-0.03529223088151719,-0.055793900189523196,-0.13113973948205804,-0.06405801736098317,-0.18094963713679366,-0.19967220956384812,-0.22654072104204834,-0.3371220327328075,-0.28604897606711494,-0.4140880600463706,-0.3953195296659178,-0.4947445349030973,-0.555299921183477,-0.548797498727174,-0.5328474457607688,-0.4981188144346497,-0.4734393490556194,-0.5323795762808898,-0.5022879325768663,-0.2983666727480714,-0.27783733618326123,-0.34371066858868005,-0.2018381704376731,-0.05254054466843814
0.22980963141442268,0.3420899254665103,0.2997359588045751,0.3050499433806309,0.3344583221077931,0.28306762201587005,0.2833719288258576,0.18689329200869162,0.2619874941339931,0.27146461609423483,0.2697877794373224,0.24751081498860053,0.15839683787679862,0.18797764557946658,0.13624522275427095,0.15111768559001323,0.061874269596577824,0.10194889750199056,0.033464277508516806,0.007285259971566241,-0.07395251537620112,-0.06628435472430279,-0.19254445608720477,-0.17240965809527362,-0.2610892880028882,-0.2841428845442818,-0.31012597802296865,-0.36092988551827326,-0.49212911583634344,-0.4211996026743344,-0.5316325842845688,-0.3789037208829193,-0.44428648823863987,-0.44011239735183755,-0.5041009123990978,-0.4320520672101973,-0.4368504373856746,-0.3444687312854718,-0.39202026757438224,-0.22509639514923935,-0.10230941557651646,0.013642220260498496
0.32585614648379185,0.37178453580972637,0.3662478979300121,0.37304894871970756,0.32485912044592835,0.22268813259156145,0.3162593710946518,0.20396347846083296,0.19391595068249612,0.24025300709398784,0.21748916050753628,0.1688996406082059,0.19232574711040445,0.16454349787026612,0.20364361538611322,0.08866835254842749,0.120099516702563,0.075171282717248,0.03645406942901012,-0.06439525438280225,-0.08759767897778743,-0.0801844750325875,-0.20495839840053928,-0.22796379944523928,-0.25285400160076105,-0.24547591036245597,-0.37306021972253123,-0.41461219635966384,-0.36857272248166617,-0.45731688620477123,-0.45838464079899566,-0.4271407664089439,-0.48406807074830877,-0.5570496754970183,-0.4168360519750439,-0.5815372072755378,-0.4368435356202184,-0.38086371255259177,-0.28359944118218283,-0.30319566036171625,-0.27786611419443197,-0.1444414011147246
0.24192713670347898,0.3827155889351069,0.31914447465098666,0.3030970969700793,0.3747760806352822,0.24853951175790737,0.2922844757562787,0.28508290846765555,0.2781655705231574,0.22570876251465016,0.26011348709575277,0.14580231816920405,0.20433800088581935,0.1423917384151942,0.13486880126288894,0.1596963553814136,0.16029027856746625,0.029279052661464182,0.007214512094366635,-0.10958123746028456,-0.12117149927708043,-0.15516604496251035,-0.13206466626128563,-0.19142975847783142,-0.18081378253886835,-0.26999220860487194,-0.3648519144273769,-0.45468604227677173,-0.44229462407058545,-0.4576150660326667,-0.5274025002496998,-0.48749703977025755,-0.4895379398091546,-0.5051122322054167,-0.5700780963328292,-0.35051815072582176,-0.40778907814399223,-0.35353420790593154,-0.4025258738772092,-0.21307605000367155,-0.14411073730717508,0.025088399259052353
0.2995025398095755,0.3331683813572867,0.28737154911387525,0.22810001563935947,0.22667453171307386,0.2350321821175729,0.3098498720738527,0.37011608755294906,0.2759152928715357,0.3208036579020201,0.2604338780149054,0.17793120828246473,0.1359593607659914,0.1653660378246274,0.1550539791113127,0.12726235007556316,0.04673133805522336,0.08558384465018094,0.05829310715588856,0.006368368583013009,-0.1336048174217475,-0.1196874471484308,-0.24397477431571948,-0.2426920866768349,-0.36332735848701647,-0.36258824179034604,-0.4172271360806014,-0.4036578482005287,-0.4447083030476828,-0.5520568635763802,-0.4594843996047573,-0.5232866124546723,-0.5355846430145308,-0.4231760971907877,-0.5190395969900882,-0.45349710280259287,-0.5391520894445492,-0.4545750077220912,-0.25919625759723014,-0.2936187148551516,-0.13262133732641448,-0.14094169619328523
-0.01682523873299602,-0.008366228029071495,0.004628715267412488,-0.033368361584833084,0.05518435144717401,0.03924811690701652,-0.022595355286830956,0.02868977758759746,-0.00986854018587165,0.019127430947241342,0.04529276252634044,0.04563250674505144,0.04960006792804759,-0.03621792663601644,0.03993919470026187,0.03037528179143924,-0.014227206675805432,0.005301545655971568,-0.036316576957494635,0.04056170823427449,-0.008804032619453494,-0.062461799255071886,-0.008554946659485536,0.0014839240469054454,-0.018073984847680823,-0.005938661958989772,-0.017637306459525517,-0.04334901426437723,0.03519722751916046,-0.02609005182174462,0.018377627122960444,0.04009834357955643,0.030390375275742093,-0.040406166369809336,-0.023810504601537715,-0.003932221457458453,0.0046163492973622326,0.023913519705486837,-0.013506281759016144,-0.048351219331247905,-0.017275700037785887,-0.005444592583618622
-0.045637043756761336,0.06586830068423324,0.034220113907321985,-0.02261583627387747,-0.00030929148613471105,-0.036666518505357015,-0.011215323405239643,0.03143366298712343,-0.04716567708668819,-0.03372113192641121,-0.03695400159961799,-0.0015925495429164186,0.0089029364583617,0.034275581260282524,0.037411118111789536,-0.018288405783411395,0.01329915559676914,0.02262504251456208,0.007165101350081227,0.05158406428770765,0.02511729815548206,0.006179235663937515,-0.011246796618829429,-0.026698870586426553,0.01887713134755405,0.012170949076494996,-0.025411143110308645,0.02332832231941896,-0.021494727040454145,-0.03477826074819584,0.0019724785699893463,0.027486145544038852,-0.006499911746414071,0.03945582470549273,0.06089549966708238,-0.014742871645465038,0.05138927486224295,0.05240444940778791,-0.025239493373088895,-0.011102988186557312,-0.006288529406531354,-0.047980911230583796
-0.013314211714149125,-0.05442097445615227,0.029091297376733403,-0.04413454405821848,-0.06256771851143582,0.012717551492462613,0.005096313654610004,0.05896611871343849,-0.04019244520800327,-0.0385570031766044,-0.013767367584457095,0.05079717769310104,-0.038550467389221695,0.017924886422642363,0.01632821184663398,0.03661159479921486,-0.009291436086891551,-0.007128792970889346,-0.042306358813278634,-0.02224601255621957,-0.04686795136980944,-0.007885576761612865,0.005593428270200919,0.02663360788685715,0.03249894750899796,0.02567133657350266,0.021616454436804287,-0.028230018825027865,-0.046931477474783066,0.01493047167735035,0.016684789603839602,-0.003972719373824354,-0.05339851985692282,-0.04200921640787017,0.009955321465652157,0.06351494382186305,0.004811266539816722,0.035716372166784895,-0.04501363719341432,0.022651209376054592,-0.040777026972889784,0.023225113607977726
-0.040325483145561454,0.06965639803884237,0.011759739774497081,0.009094414071641499,-0.022582580798138487,-0.003897852396632079,0.02886270735823697,-0.012254233417510254,-0.05085888390301881,-0.04550336148218304,0.05198136150341103,0.0003061491738747916,-0.014347885022270095,-0.02184348898451442,-0.009126474253970422,0.044805905626259315,-0.028512547662087936,-0.05110381143415591,0.04602523543244925,0.06416588237510419,-0.0465325695408129,0.04556162017758617,0.04312254285978376,-0.03864172435283176,0.02730133781686552,0.018434267159258357,0.04431088111578811,-0.05611088532003451,-0.03325205073930921,-0.04716247932501148,-0.030412990768159003,0.0006093251613670418,-0.06980206374012969,0.036253537990438935,0.0401100463305507,-0.012198769462221216,0.03426189521142899,-0.04445303153944648,0.05324441485662874,-0.017970992226442405,-0.06276491510603145,0.05465363059265273
0.005668201861256315,0.07209986398596545,-0.015922538205770605,0.020515471851257062,-0.020709976860371782,0.050483587455652575,0.04021864494978964,0.012906042065166953,-0.07694377695723202,-0.07608096620756223,0.05569482380806356,0.0061478574726739335,0.0073814768319978765,-0.05272062511420014,-0.008334791468995068,-0.042256698352024356,-0.002030787035337577,-0.031126311322160205,-0.004094827916885349,-0.004614758373927023,0.00901750220414956,-0.02833814605583533,-0.03579321065808791,-0.04345658240446743,-0.04408174366393366,-0.023273335903131378,0.05274568604780208,0.057103783572937876,0.008157084604113402,-0.03882115501160563,-0.055387647379176605,-0.018360959121840544,0.038228016910170484,-0.06423752896517333,0.021799514466135553,-0.03582264774369531,-0.002039839242659102,-0.041049656799609494,0.013397111326700554,0.023212079804897524,-0.0068337545397001145,0.04556795580508229
0.0031193462926692463,0.0010375529337497264,0.0639211705536244,-0.018205886244760366,0.03521307984541602,-0.043059698790856096,0.007834745562521155,-0.012465478709791967,0.0329681333272532,-0.036188725473080524,0.0009857036824729537,0.05097671801692269,-0.01200633226991283,-0.03877613448084472,0.019330274977056375,-0.005860127219497929,0.0032394421852910047,-0.07314586808559621,0.002554942442984832,-0.004267331492394271,0.0374768386764934,-0.02712180546439447,0.016231247416459618,-0.029017182998466902,-0.04886126335826558,0.010209667702139878,0.017684168813528314,0.007849975873654947,0.020479600802040476,0.03747464852003932,-0.045861570978039425,0.025532730610903498,0.015841883097724753,-0.013200203722185356,-0.0003565674942766241,-0.003967093297537958,0.040943997938226014,-0.0566976663458805,-0.0241516195505519,0.04210878159055993,0.011224080836813668,-0.024680444105537186
