gfs-wave-data.json
{"header": {"parameterCategory":2,"parameterNumber":2,"dx":2.5,"dy":2.5,"nx":144,"ny":73,"la1":90.0,"la2":-90.0,"lo1":0.0,"lo2":357.5}, "data":
[rows 36 to 53 of 73, columns 42 to 83 of 144]
-0.4730073291470612,-0.5717205272299621,-0.5975089150816435,-0.46890478190622603,-0.4987749781109772,-0.4950473515244893,-0.5102062854978987,-0.5047212188094883,-0.48247153275278787,-0.4407013716569667,-0.31862658767546775,-0.3315163185752019,-0.30120653917053325,-0.25884668251228077,-0.236725578156983,-0.30507731913432046,-0.24394401622538595,-0.18405110352971088,-0.19881962780368406,-0.3298362939527539,-0.3181092140051463,-0.2736144780674953,-0.26169880308286114,-0.4356203628515756,-0.4208489498516502,-0.529626409840355,-0.6400661823564263,-0.729121315588384,-0.7626681425115569,-0.7666127180150764,-0.7671715783081845,-0.9285236062918697,-0.9293491302473665,-0.9133146349797108,-0.7486750576336978,-0.8232021122495012,-0.7094230384127558,-0.8499293729737426,-0.5428295682386844,-0.6037931290625516,-0.6389869090876041,-0.6569135994123977
-0.38289589293877946,-0.4509423844124459,-0.471851802252348,-0.48287658726388094,-0.4945984472544241,-0.49757868366826946,-0.415583035490049,-0.476014448281099,-0.3214162049673294,-0.28753147155518516,-0.3861619956124543,-0.43458253798585705,-0.273832171558929,-0.24934124682051143,-0.2285000757645369,-0.22582393577810672,-0.22738674171276735,-0.21588183294139138,-0.24309556394399812,-0.18021426971275803,-0.1687607330927367,-0.3055478106034847,-0.2858661628540398,-0.3435791619714113,-0.37193097365399697,-0.5350399730766828,-0.6252052925796229,-0.7099543784591675,-0.716219030571298,-0.8275226696644886,-0.7369128424553486,-0.8622046363467409,-0.8260554586636897,-0.8698374349552462,-0.7835965875883518,-0.7111157080290444,-0.8486982093192416,-0.5881806700553691,-0.6378264850870288,-0.6492489416659118,-0.5261857196431309,-0.41932433272085284
-0.4555884137468215,-0.5256183914566196,-0.4068513190152505,-0.46072889288240504,-0.4233540171922584,-0.5446721595242083,-0.4812005127170064,-0.3352734905642551,-0.4960190453544393,-0.3743246522365156,-0.3128762154671569,-0.280834903028658,-0.3402339558229254,-0.3639003296772575,-0.32980176900310326,-0.26500508393288325,-0.2206666859727825,-0.20418445189989365,-0.22654725383959998,-0.2474748868277176,-0.23607910981723607,-0.25660781487499146,-0.41283879313764604,-0.3639187566185715,-0.49443089559950326,-0.517138383342583,-0.5117609310909861,-0.6444988124940441,-0.6201811641220736,-0.7862374867130144,-0.7986425619508518,-0.9163036533657505,-0.9179401246380351,-0.7982930971547235,-0.8083212026771774,-0.836418221733928,-0.7661803201016563,-0.5829664560934485,-0.6154427549471697,-0.6846823844589147,-0.43014595148118184,-0.5578771550592316
-0.43079270858851887,-0.4222255420843403,-0.4337781450765343,-0.36303793945822027,-0.48109761710822313,-0.4679046024885871,-0.34001540041514067,-0.48313682264117874,-0.4642046647506049,-0.4241176175447938,-0.27636537048387255,-0.23127958801666695,-0.27893718878431506,-0.24814738635223593,-0.22890519756048414,-0.25653764550617447,-0.21419792987144304,-0.19889979485874246,-0.25809435557457555,-0.205210893842967,-0.3244770854062602,-0.28809942021983126,-0.33346695163197676,-0.3075273079430498,-0.44905575813740134,-0.5414968888033279,-0.6197129255512831,-0.6730545340153226,-0.6134701304942384,-0.8283981378608986,-0.8626432102982217,-0.7105038799481783,-0.9215863651249621,-0.7679473846806893,-0.7187477114689977,-0.8018806042369694,-0.7628917411680247,-0.5304791682364851,-0.6136347598686867,-0.5806703356227723,-0.4579706217477235,-0.7327864303288258
-0.5384154612583757,-0.4563997391463942,-0.44084741782834586,-0.5291838150308497,-0.5521379242841752,-0.3555828637150157,-0.45803249033736837,-0.41098879149666245,-0.46421366040183754,-0.29849504557562784,-0.39640476602732444,-0.2857889483515344,-0.36533521519728324,-0.23286381425773717,-0.1693306818482187,-0.20699968236358965,-0.20548600236510142,-0.18993644574346294,-0.18386764909392542,-0.1970530946596604,-0.22944938172661053,-0.23809380133360628,-0.4136198308939263,-0.27813900446018647,-0.41271244283909375,-0.39519369514252084,-0.549427089046049,-0.6100287300805066,-0.7396453095901337,-0.6494042243984314,-0.6905426099919116,-0.7436395478881912,-0.7842766534255651,-0.8108878651609046,-0.6741440395745305,-0.736833409568234,-0.7299530251686706,-0.6014551368756168,-0.686573850569434,-0.5302743801688482,-0.4244037686211076,-0.4154763705058832
-0.37727511664502406,-0.3765243044001716,-0.3932664465185286,-0.38000959011975716,-0.4211593040452509,-0.4653786702108789,-0.4635831355747184,-0.45794864654069106,-0.2766803830462703,-0.4323848336612395,-0.22069513089872533,-0.2799823991298577,-0.26910465229510366,-0.26502855099595635,-0.225629321596209,-0.18509943045878535,-0.19627833209566345,-0.21481211802708813,-0.16132465026409512,-0.19561785251791408,-0.22002505449145482,-0.2488247220260903,-0.26466972479976225,-0.4045132195537588,-0.5030689632290042,-0.4813605969059253,-0.6573231704135186,-0.5266485179839162,-0.5581644173456496,-0.6780016565462975,-0.7052392398227086,-0.7418230443089028,-0.7765528890981419,-0.7576624981523385,-0.8063571989995523,-0.7401619049627127,-0.837011266971103,-0.7419146008141667,-0.5319453834622273,-0.5373823367546253,-0.4677712178123827,-0.45321097418207723
0.0012853354996612994,-0.01899371960902167,-0.012134596572438375,-0.038297552833948506,-0.029224899225759552,0.025650266930687535,0.04348761677382707,-0.022570978214407848,0.011178340479903688,0.02752337638991583,-0.03084480225877738,0.022347743676648473,-0.01570717787680557,-0.023732292740658315,0.02196402782476669,0.024971384335318873,0.005458176154658609,0.002088293962905606,-0.04742322019803488,-0.005266849626375594,0.004502591508149677,-0.011177261802677885,-0.019331442518803442,0.020021297928161052,-0.006080829391729734,-0.01684910210576334,-0.03285866567475225,0.03433722131045519,0.027846338045531372,0.02762967531714906,0.031140411372223748,0.03418405605323892,-0.004531938860301879,0.01821475507803522,-0.05205063595135201,0.0014411314821008412,0.02458514574857337,-0.03205534371191807,0.03139788878823223,-0.019272751638493152,0.004056557618252359,0.017297555427746282
-0.6195345996531709,-0.7526005605203911,-0.677728954277547,-0.8121430474523001,-0.8380856539933179,-0.521514154527775,-0.6539585453038516,-0.6272203499464394,-0.7564430632320905,-0.6482065764598843,-0.7205783904518577,-0.6439767258959376,-0.6705383941578686,-0.619566698806474,-0.6696698986309326,-0.7427828890505649,-0.7144086105607872,-0.6867830096334565,-0.6313655715880725,-0.5236249730140574,-0.4854720187509464,-0.6016573971946568,-0.6496909517690549,-0.6054186867345747,-0.6240683276941634,-0.6754202812474729,-0.6239589069885623,-0.6882784369629076,-0.5940977327214008,-0.7046372785277862,-0.5987963959475996,-1.0121378456601307,-1.0420698056476054,-1.0782415570253734,-1.0890897840422835,-1.0623414809182483,-1.051505678984384,-1.032106485402469,-1.149938578677597,-1.0128876437794263,-1.09565914157374,-1.1461021800812374
-0.6438219586484326,-0.7907280841559995,-0.6250177695773806,-0.6784090605295391,-0.7133740966196528,-0.5102343068403514,-0.6274037651427733,-0.6221454362858018,-0.5090345754895089,-0.7961311002347211,-0.6148992975195103,-0.6685827645922465,-0.537377247755861,-0.6757469569079908,-0.5836094836124797,-0.5345032408716484,-0.5961773737211263,-0.7095431902703841,-0.6151218251716953,-0.6644628154503472,-0.6293937804169555,-0.5824259595267866,-0.6539285649131272,-0.549721344441993,-0.5357163732444352,-0.5914262563962123,-0.5353595860695405,-0.6499394712016235,-0.591679223086883,-0.5621789244194882,-0.7555370573692288,-1.0302884656007303,-1.1898636641082743,-1.0797092600100708,-1.1743823801483722,-1.1648062448507779,-1.075795990728302,-1.0728979075874439,-1.0198923437742968,-1.006213532569865,-1.066402835667312,-1.0024776076407138
-0.7095038618536781,-0.7367611504968862,-0.7990410869332047,-0.6530079666868177,-0.5007468105572852,-0.521819852849688,-0.6384575291681783,-0.6322685039118513,-0.5588140207806717,-0.6681743520772317,-0.6741525250152527,-0.5074000982529822,-0.682061604318223,-0.5522668200395564,-0.7270927501844948,-0.5819229798055449,-0.48934778919461874,-0.6795479775153852,-0.5729979476777537,-0.5831949772949113,-0.6031534415454427,-0.47738697926105694,-0.5558815125593795,-0.6939984370069433,-0.6150876240633664,-0.5980946503076405,-0.662173503291042,-0.6055727509746468,-0.5716904440188267,-0.5855048556820234,-0.6419611448178301,-1.0430674641477327,-1.1060697095010747,-1.1762824730075652,-1.0664921509686909,-1.1142213620096608,-1.1742589803932524,-1.1967136657637232,-0.9346454923726691,-1.0083276099107135,-1.1634548564863245,-1.0409331436788039
-0.5727384405568264,-0.7846933613023108,-0.7095059929597785,-0.7150142219645961,-0.5853323972996327,-0.573990762626727,-0.6210808094496376,-0.6349468799837212,-0.6338305228512859,-0.6869115426426019,-0.5426478820524225,-0.6571209954410623,-0.534294413869904,-0.5694089411364436,-0.5716911409368443,-0.707276288732928,-0.6143925756688425,-0.5900963355976417,-0.5882633985500288,-0.5420115599938368,-0.4508718035396453,-0.6342401917403497,-0.61648934043541,-0.5285005810549268,-0.5541852665961341,-0.4775514921335299,-0.5002854502845889,-0.45360775475818216,-0.5690965200249828,-0.603372066958665,-0.5292749231192855,-1.0562818616481915,-1.1136185007939972,-1.159143127676271,-1.0000650143118692,-1.2223037259284741,-1.145610359984091,-1.0743360663917811,-1.1318788474149608,-1.068374969375094,-1.0635262923083217,-1.1077514407281988
-0.6524423362649416,-0.6944510817218632,-0.5943882899713819,-0.804006507552447,-0.695805678941217,-0.6162037950537554,-0.6747623466063453,-0.691297136402073,-0.49916018159507014,-0.6692330210256684,-0.621472306368243,-0.5720079157204452,-0.6579605235820858,-0.48442410659487867,-0.6800860213119871,-0.5630455050521558,-0.6590985250643235,-0.697383989084876,-0.5915623681213755,-0.5896829972631088,-0.5500199818833086,-0.5521485168086091,-0.6797728039543848,-0.5822486450362964,-0.6387406063407869,-0.5494953618865532,-0.5686876387932643,-0.6088191926482815,-0.5991801822114583,-0.703919672798213,-0.6316006051651266,-1.0520096377194355,-0.9189804862667877,-0.9688577109120702,-1.02805656350964,-1.1721652344196825,-0.9538738642071756,-0.9724238738913218,-1.0692337819967719,-0.9736175737085525,-0.9490625928982085,-1.0447792828047717
-0.01538819563712292,-0.012442425659787044,0.004061180607190139,0.020735273596046617,-0.007535434077906681,0.0034296587927331954,-0.018360125087103375,0.030513640869700234,0.018868721802642246,0.03332323047704968,0.016396310210224845,-0.017266719532775594,0.002235438314504068,0.0035813110351784546,0.0050862492812923914,0.018822267384084223,-0.022362348924754322,-0.022379357970791484,-0.007785633855732925,-0.002432567996277111,0.014624813896751838,0.02686542449983355,-0.0420409593889225,-0.001226956968598226,0.005404385925110102,0.009913119480747043,-0.024432471565519545,0.02273101357823368,-0.0009228958629554045,0.022628307087268918,-0.01877915490384467,-0.01998576021915369,0.024857340694652095,-0.021851444860878536,0.016341441972093917,0.015044878158541261,-0.007556611647980117,0.00774098475309554,-0.0029072511554206117,0.00976088104971991,-0.003562812703470991,0.015327734951000028
0.8533575656631996,0.8411299061941931,0.7196915468347908,0.7865430707655211,0.6963739885905353,0.6318843535646712,0.7033589201394138,0.6107842564116178,0.5811823803180725,0.7451500391052376,0.5663721872978955,0.6232957805588554,0.5721697202604838,0.7474986704955918,0.7818120943511447,0.6828670600070631,0.7533949333326048,0.7309609547897807,0.7768821862773889,0.7511888719404436,0.8929470452490874,0.9063916710632575,0.9643848565209487,0.811373475878592,0.9645229455364157,0.9808860247905793,1.0037663857567367,1.1095828593742387,1.0477994693265267,1.0391908776273313,1.171985948716261,1.0529917692943067,1.1513900573959315,1.0024091458497797,1.0698319064878636,1.0196817805313758,0.8834559939991176,0.9360055378745739,0.8767723548227411,0.9735410884817791,0.8970506893058615,0.7423111652089797
0.7485634670208933,0.6689728158722669,0.6156444957235451,0.6975677986256584,0.698078565945679,0.6579823175109017,0.6520022582172293,0.6208952370239849,0.6687206931029199,0.6106256210346787,0.7326199200589106,0.7331920058909831,0.6086040361857643,0.6701288697133821,0.6092299772111538,0.7160077057965302,0.8710082944943508,0.8246405391199001,0.7780277670544047,0.866326591685673,0.8242978080850789,0.7727809156645664,0.9741568419476488,1.0465090464144486,0.9861578209301216,1.0340835701466016,0.99763161449975,1.09921029287943,1.1067271340346925,1.038836985627782,1.1814761395454954,1.20410889915426,1.0465767481911386,1.116059613214774,1.0599284505452147,0.985718102737773,0.997199524778774,0.9170011503324592,0.877618430624561,0.8849949804827327,0.9138912572822635,0.7902041861391633
0.8410642897570867,0.7895936348823019,0.7772816038013154,0.6910255847184832,0.7468538727087165,0.5722765220553094,0.5999748883014983,0.6223142450556097,0.6378682283509293,0.7155148181917598,0.6338234034549615,0.6578943772502152,0.5969013818841093,0.657914683651063,0.665108296756558,0.7112433139708425,0.678069992129844,0.7190792962335624,0.8241068097184202,0.6615563481721725,0.8520274512127894,0.8711522134119698,0.9572202406023936,0.8561728326801006,0.9124353285715369,0.9330455474117376,0.9202160532255329,0.9972086165425322,0.9948243556740026,1.1199624669166848,1.1832210733853383,1.076484806650552,1.0250647669895683,1.0091854167290417,1.0792174032425028,0.9515172968181547,0.9540492882705408,0.8590252460753451,0.8148028057624399,0.7610726282543976,0.7871149763372446,0.675888916805998
-0.021967325457486024,-0.010724066814602399,-0.024760935618187062,-0.0023587615088744955,0.0012325741679486003,-0.02378058700308592,0.009041478895591464,0.0018162318927466166,-0.007944799098373359,-0.026435846106647034,0.011488721904516391,0.0006997475411826143,0.0006147676807306558,-0.011268966530115191,0.0041440342758931725,-0.012350123448439962,0.030190759745909474,-0.013263496441516288,-0.0008176508139088518,-0.010850135985262334,-0.0038396604166595805,-0.009137058905045818,0.03224761821103829,-0.006033388924591459,0.02226052460693988,0.01518235080426377,-0.010547779000614856,-0.007178787340571092,-0.008765954182160349,0.003847792646544729,0.0065731965812022425,-0.012796821166976398,-0.011680835885786252,-0.006941393017953553,0.0033799886184052597,-0.005590951774148563,0.005491171929524634,-0.006299062620958902,-0.006230354137622534,0.015099079520384156,-0.03346393520024338,-0.0008597737746874196
2.5294787289432805,2.5089192739133694,2.3046468863715317,2.4074561535219825,2.150732138693889,2.062981438126938,2.2493171379308823,2.310078264012094,1.9237961087806748,2.0957547519285997,2.0643645761750955,2.2883868941122723,2.0003203796265256,2.1012798085720994,1.9072244451583409,1.9552695462130885,1.9626572791033632,2.077497041793234,2.122578958337921,2.0966497222688774,1.93773371625638,2.195212109798909,2.1611834373962187,1.992039956868702,2.159946787773752,2.034379928845606,1.9280082512174272,1.8975580454533,1.8679211791558565,1.9793939057608276,1.8823918174807233,1.8472323308349765,1.7799718962455262,1.7737610023714503,1.80173116408674,1.6250816161664972,1.730576500899352,1.5325745157767885,1.6761511523926966,1.4584803515354743,1.525994350815431,1.5556848585493797
