gfs-wave-data.json
{"header": {"parameterCategory":2,"parameterNumber":2,"dx":2.5,"dy":2.5,"nx":144,"ny":73,"la1":90.0,"la2":-90.0,"lo1":0.0,"lo2":357.5}, "data":
[rows 38 to 56 of 73, columns 42 to 83 of 144]
-0.5022820233389653,-0.539962926558826,-0.613062862885711,-0.6290270452676925,-0.49819776100616114,-0.5621588706819175,-0.49398736949823113,-0.4501744229510638,-0.5133019062252365,-0.5323350941661711,-0.40546306417995165,-0.31559659407490603,-0.4091305852541815,-0.38668734451298237,-0.3825944879197763,-0.39754640269736574,-0.20521408774478145,-0.34126436783014374,-0.34333978172985485,-0.27363917840252294,-0.346321605012902,-0.2966994383048807,-0.3605438724352542,-0.4879118728934681,-0.456586636160978,-0.4770232306913389,-0.5793546659180033,-0.629710584717587,-0.7829448306331627,-0.8496389979967356,-0.9261374997243078,-0.927857266020837,-0.9323247250696786,-0.8932033044746749,-0.9382820252068895,-0.9892396637297178,-0.7391707492733631,-0.648613271231634,-0.6880297083835527,-0.8286764241839568,-0.7299034922266664,-0.5395764703329897
-0.5834665663908082,-0.5434826047048187,-0.5567525458112907,-0.5319529074734973,-0.49395576575382133,-0.5854366196371177,-0.5281844051714988,-0.43758294709737106,-0.5222652661694029,-0.5022459002897715,-0.42299650122036836,-0.30675528811524566,-0.4378604757674141,-0.3877922612459777,-0.2657575797190529,-0.30726125105961566,-0.3242029315987965,-0.3000446118199095,-0.26987299214878246,-0.32176012344365335,-0.27820965173862705,-0.3389439800459286,-0.5190173355108318,-0.43574784849860876,-0.513944037508543,-0.5691156491884302,-0.7802934317913441,-0.7395168419810444,-0.870711620604249,-0.8360593106749071,-0.8136478665779582,-0.884726904275454,-0.9250401520191353,-0.9079882018029627,-0.9447997791706574,-0.7360242695136657,-0.9189282038678019,-0.8742452394254616,-0.6772271593198628,-0.599715417717719,-0.6492717924169614,-0.48848014915754684
-0.5330989770662458,-0.48012094485837514,-0.4813335596573454,-0.5333530734664905,-0.562881125166419,-0.6260092319740841,-0.6294781856865955,-0.4617816239997645,-0.4675762605041758,-0.4321202965680858,-0.425470052398054,-0.3494146172468224,-0.4197483739557099,-0.37966800760483777,-0.39887688965346013,-0.20111306819291347,-0.2619806572638119,-0.27922097521197825,-0.2373579132770052,-0.37801249433436207,-0.22450040119218997,-0.32975590360984114,-0.33769839637171484,-0.4174546685191601,-0.5039273641735157,-0.6161109564737538,-0.6607097720826108,-0.6564514126926062,-0.7595782709235614,-0.774294310821138,-0.8671188495624114,-0.83997755048325,-0.9501157574152852,-0.931955169646399,-0.9338919961267256,-0.9230908525379307,-0.9370863320216182,-0.8568339154465522,-0.6240225771300769,-0.5034861179358064,-0.8232161716632516,-0.5357664654823175
-0.4791039543588935,-0.5593438878570329,-0.6048372312239468,-0.5350790974006278,-0.4638286881050917,-0.5099952054741176,-0.48074623048094145,-0.508450577417814,-0.42939075138959565,-0.5249322876291593,-0.36492469753224055,-0.28034830036033337,-0.29329746467679046,-0.3400008188337624,-0.23200530640662376,-0.22182716888196058,-0.2277372002388338,-0.21205727727389032,-0.26958861642769655,-0.3219305979162144,-0.3694448534394241,-0.40960212657324463,-0.30995611472274404,-0.4217155197422742,-0.4123688356335676,-0.5301455766856485,-0.6474066532224307,-0.763447353479446,-0.8565729303488654,-0.894606933449564,-0.8179745583772057,-0.8879307694204365,-0.8771705314636227,-1.0445662550025159,-0.8038470554847401,-0.7895646421654944,-0.9631216469932119,-0.6026426076081022,-0.630000844287582,-0.7544660364067807,-0.7219840406158876,-0.7340401858902803
-0.04070525402678273,0.02668718240051974,0.005727763336746174,-0.021076083722289602,0.06253648786576195,0.006896601844000718,-0.042593108794342006,-0.028374224530030502,-0.013633469215500226,-0.023197531072345973,0.036633831122714025,0.01143221973058605,-0.020819275623448028,-0.042195203727207524,-0.061652649652662726,0.06278524184387611,-0.00814050837839047,-0.026240647778914106,0.06087809238260731,-0.017174047482852967,-0.05206865832890657,-0.03239232357383194,0.009020392446074795,-0.02476896604431664,-0.04391341635910081,0.054868091382357015,-0.005288057958341467,0.026250278250085652,-0.005296385600927529,-0.03836201059422429,-0.038562359214389004,0.01209019913072577,0.012014588202099757,-0.012775804897459974,-0.003055441459874434,0.009851853367783206,0.027419322280058167,0.028039882281207257,0.04702207119182997,-0.0007640432005817048,-0.0027984953339453044,0.03524324281269439
-0.8929056193211605,-0.6958915774657777,-0.8275439592867676,-0.705090458811397,-0.8900050959375589,-0.6902619054756298,-0.6616110268271471,-0.7912575568272102,-0.7122518288458511,-0.7275650363499537,-0.6563240102805347,-0.7813603187795096,-0.852620728134895,-0.78727509401936,-0.6116446964956844,-0.609982432016074,-0.572004788603203,-0.6761933731719544,-0.771299908294499,-0.7695621477112363,-0.7699407960983133,-0.8023866693600198,-0.6294510925214842,-0.8445623488824087,-0.5789651957862731,-0.7626153070458496,-0.6897063808414254,-0.820386509082961,-0.7911336631652119,-0.7936285045652856,-0.7259042324933757,-1.05050964817801,-1.3031073719046444,-1.1661925474517945,-1.3240227667768825,-1.2384965931959577,-1.0599384550194848,-1.200312569994127,-1.1046633482738941,-1.2533934761472723,-1.2689278062544471,-1.1984856223990394
-0.8406784012693886,-0.6467568355787368,-0.6174426702023839,-0.8715059055061324,-0.6678884977270751,-0.7954095531901797,-0.9093859325665148,-0.6757892478228102,-0.6955743198154675,-0.8343625431786827,-0.7448110464011748,-0.6507744442346037,-0.7983647353127872,-0.6458066739279311,-0.6006415257928737,-0.6516517334253685,-0.6438290993052551,-0.6219949396369304,-0.8770439138042682,-0.7456380215428329,-0.7852038343054878,-0.7252966148662928,-0.7666519412255444,-0.6883810651281754,-0.7687406250669147,-0.8061467611560006,-0.6615459538187447,-0.6713530362132865,-0.7162495295699965,-0.7381322769228275,-0.8092800031280704,-1.0976198778910613,-1.0499291176881096,-1.3080654821001958,-1.263015753825856,-1.1397411216858373,-1.2157027095248927,-1.075144606688848,-1.1583178288691431,-1.0927862884839352,-1.144887754487938,-1.2887428541968358
-0.6177139068225971,-0.7888461550355398,-0.742955456252986,-0.7091643780815892,-0.6724690256383197,-0.8718344081897299,-0.652335913642313,-0.6670586216167679,-0.6601155107568062,-0.7243250881968533,-0.8481036037283913,-0.7617011515028238,-0.7380023086155922,-0.8389438142543982,-0.7702313441241639,-0.7213876347854337,-0.7863732233071142,-0.6955556928080694,-0.6684973463846428,-0.6884023392712465,-0.676033092869347,-0.6585242621220178,-0.6700562441919934,-0.5777558951662897,-0.7057511202511855,-0.8491128422531266,-0.8395429420160114,-0.6594384124775304,-0.7532359821459493,-0.7603642737981745,-0.7718250137205194,-1.2988545663724145,-1.2220800496313782,-1.1869678757840745,-1.1481407247808968,-1.1360722896763962,-1.3064977662041728,-1.1330433451348516,-1.2724113884380783,-1.1858958458620457,-1.0753973348203842,-1.2117539489314382
-0.7464379136095257,-0.7272722310759524,-0.744760669786284,-0.6909799466668891,-0.7711357713038525,-0.7780572275370214,-0.8165538883061456,-0.6299620052786543,-0.797624070061559,-0.6506486745458332,-0.6042590210404963,-0.8701039504724223,-0.5751797995296636,-0.8175762365600729,-0.6358078140807845,-0.7907506501651832,-0.8268503899904296,-0.5962089982718044,-0.6803378118589665,-0.7847648874893175,-0.6152556337207153,-0.5877266637134524,-0.7552512987700171,-0.7987196419710815,-0.7756259001269269,-0.648177420792995,-0.8391833123283714,-0.7471882121875464,-0.6048593284591957,-0.7793482968632007,-0.7004298694640225,-1.1757557353466346,-1.3470561566591512,-1.1632381835181629,-1.1046551012726955,-1.1644546670856422,-1.1549897516336987,-1.1825979625818377,-1.251674417590817,-1.2898100075538055,-1.3290519887614267,-1.1873882536861493
-0.8746826485044975,-0.8928469733859064,-0.8536457617029916,-0.5598720120730002,-0.7568985142226163,-0.7102272109248698,-0.8216354440590418,-0.5823192217306754,-0.6092265606514997,-0.8191912125121698,-0.544924958530748,-0.7958771339671212,-0.6434707306260341,-0.673126950802498,-0.6173116717053299,-0.7243585467314454,-0.700835192402205,-0.6995761587143845,-0.6979425380065992,-0.7581462192290033,-0.7378302228895721,-0.5569877350048189,-0.6592735737826658,-0.7609568760656499,-0.6675774220716135,-0.7542325348825779,-0.7108239772613717,-0.6651245140268892,-0.7850158544290129,-0.6690602423148159,-0.6563980691285567,-1.1636551962784298,-1.2731774178938802,-1.136936521366608,-1.2887978314971062,-1.2404265191978971,-1.0408305546216867,-1.2467268982401765,-1.1332352573236673,-1.3238356857516551,-1.2082693300695257,-1.249298400343863
0.04137770691808964,0.027208377064806142,0.035557302133967156,-0.05609002691285786,0.030687165839638982,-0.03270393747894466,-0.03636766795690125,-0.029080760026035244,0.030765986991093962,-0.04217357980568462,-0.051681375749852924,-0.01050945926844071,0.04004998821971921,0.007134324450385999,-0.040989738275730644,-0.043868795896259374,0.031109756251960195,0.031427274981699324,-0.03922683146453259,-0.05462205602167373,-0.02243990764659786,0.009184881960925024,-0.014678380593356254,0.044163713226477073,-0.006512368000688258,0.05132257252543873,0.008721925909906662,0.027858208869587547,0.01975146124637885,-0.005529762532556712,0.00035097930947987534,-0.012799768523553539,0.004456598193676027,0.034453056265927616,-0.01418700315129604,-0.025191924163925565,-0.041166492547605994,-0.017089867726911106,0.007818532711931708,0.0032094401991869972,-0.010520765878845827,0.04018325553532268
0.9698597313195451,0.9376182775951756,0.8859921048358128,0.9128790772313107,0.8890376668171537,0.8254424231327496,0.8723649533439087,0.7606988112576508,0.8574058445670342,0.8475432676727389,0.7204011258077332,0.8282891574438662,0.7138746250543203,0.9497295406001768,0.7055173071962637,0.8746908948116701,0.9550434473435785,0.974332189739688,0.8903757594409182,1.0342100665924865,1.0639579605442655,0.996291653629731,1.0193012610173773,1.018707660874531,1.0715679741224786,1.09447059711172,1.2522978962380884,1.1188801058766207,1.269426393530816,1.3378777541982183,1.369240107244944,1.2319753125989397,1.3302249073688661,1.2772060506170286,1.1890705739630163,1.1184798113612358,1.104954834840886,0.9869283760220673,1.021119485426505,1.0523095018582675,1.0012162353057188,1.0778916321814234
0.796875579855999,0.9157457997087167,0.9670960699682994,0.8482539273638882,0.9222782745050221,0.8808060751639837,0.8400194568320222,0.9110085701999804,0.8118592028808576,0.8904106078550933,0.7851545837608929,0.7156709255055868,0.8929310283148341,0.7885526365173017,0.8372246215658615,0.9368713877382838,0.8445797507223242,0.9604907862257439,0.9114839546991771,0.8594765886048091,0.987044484862312,0.9926961754440105,1.0953715649138998,1.1008540167950351,1.1942319804113217,1.2302505858965227,1.0989883501067592,1.1564452399624465,1.1851259117752118,1.2534822984489797,1.2026322149350153,1.1788843341813882,1.1556607987936909,1.1352783697602706,1.1556988263893746,1.1313202237187738,1.1898285952814127,0.984472664373775,1.038247389154309,0.9483080209692322,1.0014821660404356,0.8868884645099112
0.8840629219058903,0.8944252714730488,0.8675336082717652,0.7681895542540688,0.8251032619604012,0.9246951219934905,0.8903931633134083,0.8932176477307917,0.921648510625969,0.6664528972920639,0.7402355322325451,0.8148089189752179,0.791102653896866,0.8562066728994329,0.7222677702341317,0.7709650650316175,0.8153268002336754,0.9548046578744809,0.915305286853713,0.8307318894993874,0.8986330883298047,0.9088801511202196,1.0223177881930776,0.9963823351019718,1.200233432424548,1.1246844537807525,1.162816250855346,1.2126706043256554,1.2970938254472573,1.305098390007891,1.1840490915179713,1.1838147938892114,1.2147842705183476,1.1913011852598148,1.101178130700905,0.9970266425057278,1.0927472532961433,0.9756450274077351,1.019428945365548,0.9399303400030268,1.0194644025929125,0.8549830449063408
-0.040793083034268436,-0.03455293864291312,0.007640370341711122,0.04912817994565616,0.03754838568583073,-0.01877774160419827,-0.018321739235567094,-0.009223052433649426,-0.03580891808631261,-0.00048064077840827643,0.012181240451516863,-0.0010056570495520195,0.010258335092996639,0.035165104536336346,0.0021714166987534204,0.029902601629995192,0.02032665176129056,-0.016672436006275437,-0.00262147387458375,-0.00127541103708776,0.020145063708925957,0.037837829782882686,-0.02615048736236445,-0.006139099176178744,-0.03139141331204932,-0.0010085669686816475,-0.059920244629514445,0.053948197791038016,-0.030161905409815434,0.04315385514019748,-0.004482931476618385,-0.03103108879460228,-0.00422434458178572,0.050553444427262166,0.003245238610411747,0.0235596461396962,-0.044237363161601234,-0.01684162793448006,0.0028763557640627277,-0.03723633474899469,0.016203527577584937,0.0021190064617912165
2.5078708658124405,2.405367635051779,2.5224777653072947,2.492600152701373,2.5817922647695273,2.252065737171112,2.2176550003567885,2.4627433477653407,2.1137653830865757,2.3469887350932828,2.4695219788686735,2.364530448775631,2.0886624163150898,2.147295626258337,2.2240577019728707,2.1482094452197225,2.06662361312037,2.2835433922587933,1.9547833187931463,2.0234316851245193,2.220701705642259,2.015884209266418,2.1578507793749755,2.1747368913323015,2.167881046684492,2.0604985412345767,1.9545890407482376,2.0376287719137265,2.10485068480316,2.138130261488596,1.9613877695077597,1.8840783094550042,1.905739182771242,1.9214669670587867,1.934085125339524,1.819801208538247,1.6361241814851597,1.6068819590241048,1.737362052024594,1.4931761481760624,1.6694566950704972,1.5938738542973685
2.6829983665356205,2.577612721151569,2.577644059085385,2.6900678508372797,2.4610893982212927,2.2429572717626667,2.088259623571934,2.354310183250441,2.1049075793341157,2.437350736125985,2.087047806735022,2.035148050031427,1.93926270661646,2.045768652895494,2.1405838168534457,2.001124028242714,2.1788570029955308,2.331256986793051,2.240363371872815,2.3431449131489215,2.2754360591544867,2.270161341402922,2.0551908423278116,2.1131202591421494,2.0889164095083155,2.108867367413753,2.011740200056256,2.0201021276957842,2.149632585289943,2.0575401773216053,2.0431884520034247,2.021472090909961,2.0139954965886684,1.8735396960260398,1.8668955662202338,1.706757924862546,1.84832822229176,1.6196290617387834,1.5919887821838912,1.412856439895892,1.6220001195023623,1.6108169504467702
2.6508793833615263,2.5769938514789312,2.5908449660753234,2.6053386221245507,2.5247897195410465,2.5550759148940547,2.594707981774747,2.37402779665187,2.438043510073474,2.0731137772060846,2.266129880241651,2.224879880631942,2.169950430580749,2.2670682369402577,2.1678411133071234,2.052797271275334,1.9118299816494653,2.2389056005400105,2.155033080035034,2.1860792620709533,2.19544629785037,2.1784141901913667,2.202906091274411,2.081932145323272,2.0450727868655414,2.029740764846544,1.9681837973979572,2.0258818286280924,2.1273180132252194,2.070985181625853,2.038460492027586,1.880204437299274,1.9148387553549684,1.8470586976622492,1.7386326115425899,1.7361292208590287,1.767402480663623,1.7912951117960507,1.6315053198935552,1.6040402310911273,1.598877361478108,1.6233798088050073
2.6036014966641146,2.525988608348682,2.5444947281311228,2.4781348484695123,2.4607458321343922,2.4855014970326255,2.119353634215544,2.45601186792441,2.1489655911955494,2.1655603999406816,2.4401865546870782,2.3892784834935976,2.2334914781511834,2.0095744923077827,2.0655834579644,2.0539883615525807,2.29131391465975,2.0754986340907244,2.15056490789202,2.07876458360761,2.1675111829305105,2.133492967626108,2.1088991958895975,2.0587934618492736,2.1951267131821846,1.9798717379588573,2.0125603906799454,1.9646324760996279,2.1266208361366608,2.0137651064914937,2.0081939785726286,1.8861201857046368,1.953117662153139,1.8241694875228087,1.914930128404098,1.74648967521676,1.5396956623496025,1.4927602244251748,1.6224932119905953,1.5345391320524273,1.5141934938048873,1.4679363772686302
