gfs-wave-data.json
{"header": {"parameterCategory":2,"parameterNumber":2,"dx":2.5,"dy":2.5,"nx":144,"ny":73,"la1":90.0,"la2":-90.0,"lo1":0.0,"lo2":357.5}, "data":
[rows 38 to 56 of 73, columns 84 to 125 of 144]
-0.5423541117586325,-0.5056519789016245,-0.6351267101061149,-0.6817991373113665,-0.6816409375843838,-0.641658035305891,-0.8858932411369455,-0.8837693572957744,-0.8171970509376123,-0.9798102878896223,-1.072479270795494,-1.1532806925054504,-1.0417678706283706,-1.031343187518322,-0.9460085380369265,-1.0197034406896013,-0.9041885963491213,-0.7669771357805908,-0.7673216844289352,-0.6761118300513546,-0.552318189711068,-0.3930482725636101,-0.44103115932848214,-0.28185889695257216,-0.28521139027105236,-0.32132083399980077,-0.29043264851614226,-0.41854891362755436,-0.31734123477283,-0.3550120706579848,-0.27375270582104044,-0.4409206130146512,-0.4467853990491093,-0.4804263798015509,-0.33991948079180556,-0.32243962009659743,-0.39082308259231013,-0.30475134452183167,-0.3516139881168174,-0.3195458115651349,-0.33494961377765725,-0.3534737188632102
-0.6008611621844238,-0.6611861594785893,-0.5946525497134186,-0.7322128761107619,-0.6286995210078594,-0.7626228037730923,-0.7978157038810152,-0.7417116691741815,-1.0235478595505068,-1.1498150708558046,-1.1338730406734308,-1.0759876172329246,-1.0388309309047838,-1.0887849670015926,-1.0164518087366534,-0.9878017899044306,-0.9705113560486522,-0.7396909355211851,-0.7702466114885498,-0.6888322152345908,-0.5459284077223356,-0.5154868819427905,-0.37872640834907406,-0.42724332296988865,-0.3775148961633881,-0.3131868645523958,-0.40527455107392163,-0.34925986361021155,-0.37748088726308554,-0.44265451445378157,-0.4492842782290053,-0.45537735140247454,-0.3855395469483829,-0.36768024640677544,-0.43816979876121226,-0.4379326479415498,-0.4536261970882262,-0.4226097749287393,-0.33640416146397,-0.3885674487357319,-0.27105632278951536,-0.2327541029681576
-0.5942748073866357,-0.47137436684333345,-0.46210184800599063,-0.6643674092071956,-0.6456751776407224,-0.7155479914276518,-0.7497778135960521,-0.9861849666084546,-0.9212596057135988,-1.0851056657751088,-0.9860214598489493,-1.0473562042286775,-1.004352962805336,-1.0406437045821841,-0.9629746979156699,-0.8688878232739317,-0.9461436660416219,-0.8183137625725831,-0.660302747363256,-0.6623628279377827,-0.5609552768504292,-0.5554049721239261,-0.4901061944257143,-0.42522373941323177,-0.2617962927327198,-0.39258623505176443,-0.3379524993235648,-0.3614233144416103,-0.3476824615198657,-0.37055787513141886,-0.39356029317547986,-0.4161200965785795,-0.36107524201737984,-0.4801312534797627,-0.43362407672078984,-0.3702259354995847,-0.5073936529147551,-0.3150324517744929,-0.4418248057720243,-0.30760417115680805,-0.3259765895418466,-0.3268163281817117
-0.5832461268052732,-0.6238494261342192,-0.49740864667876994,-0.7989057500586617,-0.8185922986178932,-0.7942132084590708,-0.8454994816250833,-0.9434981159589129,-0.8955213120323718,-1.09810120457544,-1.0638110839370203,-1.0506909316735065,-1.2068088223017315,-1.0402593716460602,-1.0669821191696183,-1.0750073517823073,-0.8999961260113164,-0.8514001378781011,-0.8051079550386356,-0.6434255645207849,-0.5526209303145792,-0.36036859595399506,-0.4748033197530692,-0.5263802820286778,-0.4784753281485837,-0.48586935375387175,-0.4287139268215396,-0.33094853013525705,-0.45939892098842217,-0.4541208353782669,-0.3205356347484079,-0.42900346027556446,-0.5088333728834098,-0.4482802403360212,-0.5086352813119548,-0.4347713250929012,-0.37042532175783294,-0.42059298338812323,-0.4255536107206102,-0.2884455816543155,-0.4508651250802137,-0.2809642067017858
-0.02225899728303381,-0.0167541472611569,-0.0011615472066591108,-0.00813107112997681,0.013770298919290734,-0.01494459675233811,-0.022348185532175904,-0.004414688347623243,-0.026981276476933422,-0.02054366749626547,0.010509334421863732,-0.047331343259316525,0.02245842852225747,-0.006690873190716514,-0.013143906767264454,0.03423921897393278,-0.047662216519169597,0.01944531847662836,-0.0038632440737383696,-0.0564249462028943,-0.027634406881763066,-0.032033741279658905,0.013627611496941687,0.06314735220106518,-0.02540723745503057,-0.001468634395278114,-0.0021239825911512212,0.02448405665312866,-0.024412421842895365,-0.03779013288653527,0.012319087248190037,-0.046416318153231696,0.005625952533550108,0.01606065930761439,-0.004058194972575809,-0.002233976461441813,0.04460420847856397,0.011453744167313696,0.03797601357925986,0.024102479907619104,0.003725387623850161,0.024813379516920205
-1.1370008288183096,-1.2224220460596578,-1.0939304629232172,-1.1411387234540835,-1.1084134740111238,-1.0699593094485675,-1.058594820344571,-1.0128649547902286,-1.0054419973530737,-0.9901648892363939,-0.9809075033440765,-1.0088074566760596,-1.0214950268329,-1.017448277525497,-1.0322837673964893,-1.0503143971132665,-0.9258592011835665,-0.9949939732376221,-0.9852407436481935,-0.8598715919698592,-0.9471175435093183,-0.9286368814129647,-0.8357724030911976,-0.8356293217151168,-0.8898296294098502,-0.8925920588759466,-0.8088709198499368,-0.7927652994664085,-0.8514012209790756,-0.74148369284216,-0.716569418266512,-0.867462716844945,-0.7147151952920334,-0.7835986965788412,-0.8354333180818481,-0.8986687639087361,-0.8224019905837179,-0.7251635660954731,-0.8139685313170801,-0.7907701857308422,-0.8623161441861831,-0.7073897000312375
-1.1838744007548088,-1.147826215961581,-1.1642454626442131,-1.1541146150365633,-1.1378381392244115,-1.065827536580532,-1.1124914060631899,-1.0481219510327042,-1.0456847964394886,-0.9391774327957413,-1.0267618633446438,-1.1333139771812062,-1.0544389952131636,-1.0406233227962367,-0.8684713037435842,-1.0063899103170928,-0.9384015154653944,-0.9172254333111226,-0.9032454854000005,-0.8617149536123695,-1.0117634649284726,-0.9437515406744693,-0.851288884071255,-0.9283511270408774,-0.9636490588352306,-0.7797369800022412,-0.92972929960102,-0.854553943418628,-0.9464562699378988,-0.7785959623166675,-0.9027630333149542,-0.8254482686885797,-0.756557266496305,-0.7225283959069527,-0.8316007920883699,-0.7812714091656868,-0.8847076542804001,-0.7596689750430274,-0.7716383155068065,-0.7500977712522656,-0.6764497434473163,-0.8823949660310737
-1.1681708927694692,-1.211398001145075,-1.0850253519865651,-1.1859893748420895,-1.1190777131293783,-1.158844572324793,-1.1058667264791522,-1.0779513834403838,-0.999987782491109,-1.1321514160507633,-1.0266518384274597,-1.1451945779502857,-1.117937440225791,-1.1336493671965442,-0.9679980984013807,-0.8717147665381723,-1.0031421099839597,-0.8823532187060298,-0.9641134911205677,-0.8498511804083514,-0.8823835749798321,-0.8501436959299785,-0.7890065472214637,-0.8646237565353541,-0.792639333851831,-0.7757342275658897,-0.9404846035039005,-0.8470266936312888,-0.9158137324942552,-0.9376628632720516,-0.8247979400456271,-0.7761826050452618,-0.7967057051220466,-0.8109569042820425,-0.7802585767769948,-0.8042404020698201,-0.7780465612557075,-0.8401135572319626,-0.8597101569141687,-0.8457661353538015,-0.7101578353622979,-0.8115695478202998
-1.1766640919708906,-1.1370854067376117,-1.2633185919691534,-1.1822248409027294,-1.0622201597724228,-1.1790223937363091,-1.1219233335276346,-1.020267968098425,-1.154802813146167,-1.0176591331980842,-1.0282409388731346,-1.0941233400051684,-1.0838667428991426,-1.0082200183047088,-1.145460265846827,-0.9026291984467206,-0.95191148721216,-0.9066511372160285,-0.9034711251624712,-1.044965838320267,-1.010861018835179,-0.9115270437154172,-0.8252416513189764,-0.9584306628951845,-0.9613024667385187,-0.8252961085370715,-0.8639404052050181,-0.8776179214908758,-0.9208646907580101,-0.8201918253144678,-0.8709872768762076,-0.9149456505948612,-0.8344141830004915,-0.7689111211783748,-0.8696036341806506,-0.8078042896208416,-0.9070735735085343,-0.9051289725557542,-0.7517857327935192,-0.7603287265054268,-0.7323336618514891,-0.8794115114936435
-1.2411766510013,-1.1329802661793642,-1.2341213454536477,-1.1717447547542066,-1.1925373949691034,-1.1859776183331265,-1.157927823706063,-1.1594873898256668,-1.214953973369683,-1.1763060543491923,-1.1595558285221068,-1.1513275945431216,-1.1143575160486914,-0.9872561788429597,-1.0682017125305046,-0.9228604590253765,-0.922702886690019,-0.9355279396027787,-0.9663874050122574,-1.0388220702857582,-0.8716255051841778,-0.8598807002510763,-0.9234555112845731,-0.8587002008234349,-0.8842867452425207,-0.9484111168442996,-0.8754520293514907,-0.8491721718951222,-0.97321768807385,-0.8189127840470419,-0.9184382585870783,-0.9190510188918809,-0.7591773792818661,-0.8355777482811853,-0.9122752364975296,-0.8001708434911062,-0.8513034612297078,-0.7952118980787405,-0.809772870897517,-0.8685232257138343,-0.8368226047245171,-0.9186691462589484
0.03706775817975966,-0.013219962049169334,0.011965663826172599,0.019936305015505567,0.0414422051161616,-0.06198225155576861,-0.047121232563035007,-0.005234382549825026,0.06385946928074447,-0.013540584265510849,-0.008114983221831277,0.031328799904621445,-0.04889997101292774,0.059811814072442536,0.07465284429321208,0.0460227250931989,0.04910462849422718,-0.00549929196018188,-0.04251543621296851,-0.06337681060701807,0.029537347219056903,-0.04700674309463109,0.04235770233352419,-0.06571234818538352,0.0013167555622739294,0.048478103386343695,-0.03035882490948098,-0.00228211454717021,-0.025247133328227093,0.027632248749835542,0.005729495928522625,0.009789795680943477,-0.00870311890655173,0.03693344951953663,-0.04409905357373662,-0.04679442708659904,-0.0445623976840039,0.0035875286348079705,0.03540079360493072,0.029356615199009846,0.0030438286479603223,0.05831747029691814
1.029357400829792,0.9653259112269138,0.899633029127179,0.8630419375782531,0.7959572392015365,0.7971720884513656,0.7622770577191711,0.762358315761246,0.9399005724378963,0.8488472772722155,0.8545509923070931,0.9075806255901954,0.9909012962333,0.8429362485003676,0.8249294635290325,0.9212904795374282,0.8424890723996672,0.9854535806509735,1.0378883191792847,0.9736836868392101,1.0744179127074676,1.0985285421991453,1.1097392954971927,1.1206742766642297,1.09945064821606,1.000165990046636,1.155285792517383,1.122341019920573,1.1700696785044236,1.2326575297170554,1.2462466303280892,1.1469040320445927,1.184045737102059,1.0223970202673154,1.152592535548899,1.1803363531177222,1.2817858874295092,1.191099306093572,1.186856202063821,1.2655884577837337,1.231559519327837,1.326773466162184
0.9833604749660378,0.8973112916320968,0.9477393955344923,0.935326115638281,0.9618525061717617,0.9421072795372836,0.8191260837964256,0.8301416419238172,0.8207038561566338,0.8728851840980225,0.794516379577482,0.8331662495667582,0.7922894454460465,0.9211552249326256,0.8671952780375455,1.0412748486333447,0.9824497082008236,1.0761528451504598,0.883550301855031,0.8709321280635018,0.9062580234644064,1.1055559620438222,1.1294003083287063,1.139854286123669,1.0831063293475724,1.1338952954439083,1.0437537597504432,1.0815353338403393,1.0954440939851968,1.1968430176628218,1.1587841977049036,1.155510498689095,1.1664846405973914,1.1888105429240567,1.2889215668809837,1.2156030947949854,1.159147678513891,1.0737246423811786,1.097629440065502,1.3952113224257385,1.2476832777308917,1.235773459071723
0.8923159711987994,0.9526366594970487,0.8820070752168726,0.9142705755675586,1.0128779656231093,0.9251370463998448,0.8232329279683903,0.9115875428381586,0.8134182242715151,0.7679532625737645,0.8192968589941457,0.7831159085478689,0.7825821975682515,0.8680047471747405,0.9750478664381454,0.9666579786394427,1.0688133098708372,0.9183519962846863,0.9791576235454914,0.9507774900471314,0.9775622381076196,1.1025294743701468,1.1180542720493012,1.0008047568104794,1.1299587532151152,1.0117769569414254,1.086489870658459,1.197904074300149,1.1161406460832144,1.114204985358829,1.182973165397497,1.129522380180379,1.2473170607097357,1.268193996643235,1.1749974168753468,1.2675284924112746,1.2442297089263272,1.0806507404576682,1.2458223796362138,1.3576302321162446,1.3344051422544336,1.2729859629558722
-0.08010023129632741,0.06380911955976232,-0.0329077924578265,0.005645687890374543,0.010521406059852849,-0.0051215757107098666,-0.031956637191480376,0.008186100558883459,0.018513991375408156,-0.005353938896770629,0.031071359219028302,0.030144285823941182,-0.0385638310899499,0.018993156993863582,-0.033006112696088115,0.06360419806593053,0.04580329479252141,-0.032048573830992494,0.046662154599784365,0.05213348448050985,0.03213803345191205,0.01322156123498636,0.03641046122268911,-0.03695664998874779,-0.04744197156049104,0.01579869194632502,-0.04190109025383029,-0.056356254802568895,-0.019252758469100847,-0.011903032044955436,0.019497537621318378,-0.029117658849641938,0.04929814058116612,-0.05924093040434535,0.02001207000805284,0.018242801064227432,0.023875345539284686,0.03633820301545942,-0.061123025722928846,-0.018520002515741974,0.04886794366093105,-0.032848936024112846
1.676019855796407,1.4136638576901959,1.3181103696783758,1.4197666372917725,1.3945728215410507,1.2774207754547116,1.2222891161385088,1.462314240709849,1.245737709859082,1.5067406714627976,1.185536686312924,1.5011528521321547,1.3611385927576134,1.4730810020397367,1.4675072372570712,1.3944247277557482,1.2149255854822072,1.2357261873491296,1.4465940742812224,1.3135803850253764,1.3759301070270928,1.4343535153594282,1.3327888258304224,1.3256822390039282,1.3784689216597223,1.3342461222576687,1.4646999526129783,1.3791615367925747,1.3572360962092336,1.3738143712457385,1.330550124751179,1.3690366343209077,1.3426575584324159,1.4777530832684846,1.3869991781907938,1.4584798087659145,1.3844227023436553,1.4846590007161873,1.36707827750067,1.369588880726656,1.4384435421009436,1.2242083033917113
1.4717324271206944,1.6437667883485922,1.5073002740949948,1.4872776506827803,1.4283115823226806,1.4680041695643264,1.3077267223126388,1.5112450829606934,1.4324857878227257,1.4916555894907075,1.289984027103017,1.2078952334162603,1.3812119462108168,1.4225424366512727,1.3070685264544009,1.3425096614943888,1.384841556812041,1.3818967929121524,1.3217840781140675,1.4029851503919133,1.3994985719058257,1.3765404897544777,1.3038360669954436,1.3217213538803516,1.406716927746088,1.3305773190602097,1.330126964899537,1.466024030957566,1.4466638471385942,1.3952466989010721,1.2392844405492744,1.4760614546159518,1.4275403688997474,1.374257843781834,1.26561149668581,1.4163219851381812,1.5129915302687709,1.3572085722076672,1.302183421722576,1.4748073352305568,1.3854230675575834,1.3618978909585866
1.7709851145475028,1.6214416952808879,1.51069553890088,1.3237271174382659,1.3534252819569113,1.2732870965101821,1.4095726165170772,1.419472680447628,1.3335465527698274,1.2919774241875361,1.3934138825289488,1.4029010780058933,1.519136999421359,1.4547856965818764,1.4409147522562444,1.4488348845803352,1.3751830529541393,1.4476713039142348,1.2519652810926356,1.3703131503211143,1.3619470747210412,1.465786737779478,1.437747960942693,1.3931765908459393,1.394835791569035,1.3529021838053747,1.429639033934848,1.4220666180189296,1.4156342276144152,1.4744622052662109,1.396825426242354,1.4879239973861904,1.3333669604378822,1.3120213570044255,1.2538034009019454,1.3035933503136024,1.2682979856669123,1.2417088065953052,1.245436921024707,1.2107744163861796,1.353075328244869,1.3573660485492465
1.4943949860576624,1.54832471660216,1.6166768375815281,1.6156326963662957,1.3733376640421062,1.3035350300823696,1.5033206187781267,1.4946045754204884,1.2907152065694645,1.323994667012627,1.3739200048675853,1.36474676927784,1.3111627812742979,1.2865195538206895,1.3049868331280712,1.4739839768953475,1.4179675835946624,1.457735977756235,1.3704900406502034,1.4606653600655108,1.3261140206500075,1.4139305208901642,1.3482807307435787,1.4115240149747783,1.4334387753709048,1.4944677818566046,1.374021609186702,1.32917863881545,1.397150180658945,1.3671178043754932,1.4548001394856147,1.4327791067464477,1.4146702178488315,1.215876394018778,1.3126877558590566,1.2497280641747164,1.269475722172433,1.4325339325188016,1.3522488633867082,1.4140076605298582,1.3890464881091382,1.159081678227354
