gfs-wave-data.json
{"header": {"parameterCategory":2,"parameterNumber":3,"dx":2.5,"dy":2.5,"nx":144,"ny":73,"la1":90.0,"la2":-90.0,"lo1":0.0,"lo2":357.5}, "data":
[rows 38 to 56 of 73, columns 0 to 41 of 144]
0.07778482968755218,0.15518858687023512,0.24968337948862146,0.1565535804256781,0.4335285486184584,0.3466734964465573,0.47326218111799023,0.6320739819117779,0.6234476846115652,0.7673116253340427,0.7163819007741362,0.7958819933160568,0.8883420958011932,0.8659840797862451,0.8906404969667109,0.8138585201387126,0.8237180445363012,0.7137042096189042,0.6949429853108495,0.4334408945185719,0.39240039226985973,0.26569512659684386,0.10829948673158617,0.2822486229988544,0.16067233299592604,-0.15770181027204336,-0.39058692614193297,-0.27309891094620614,-0.31450191504033387,-0.4167106184053453,-0.648370158758957,-0.5328945391100135,-0.4879187923366754,-0.5996925318272335,-0.5455885210689955,-0.5690990542905264,-0.43217045842173013,-0.5884619027457687,-0.47417978142978034,-0.30379708894660107,-0.29241686846023135,-0.29461086328062314
-0.03419519569029818,0.08102286561182225,0.11272261614509826,0.21973164102443324,0.41547737773091237,0.3468790414443955,0.4272640467732963,0.5216221294888936,0.6539937486466951,0.6856159766032495,0.7527867680263169,0.9033643723527154,0.9269168709347442,0.8191909406248342,0.9324217483612911,0.8989709758738067,0.8180862730304931,0.6330379129317205,0.5981492843131153,0.7771669564687944,0.6685345803586361,0.41824141267826603,0.29691510394645554,0.18438609013774185,-0.16184677529159258,-0.08937961010461185,-0.26286925342431766,-0.43989889515101,-0.5862841342801689,-0.5796530075039696,-0.49287621965775086,-0.4925712927702973,-0.6405894241859402,-0.6404396417917534,-0.5189115038959685,-0.509373874557328,-0.48549950310215884,-0.5561075154372644,-0.4300399796096597,-0.45306024333485745,-0.4507199843595856,-0.32991762213135545
-0.036192870606190995,-0.007819605831347446,0.13422847991156234,0.19944728054638627,0.4212659294339498,0.5689778635494988,0.4880237541242821,0.645289433257034,0.7158769756963405,0.7681028307611659,0.799603636202384,0.7657191359125022,0.8150933110082059,0.8662698470379858,0.9073485172156793,0.7432738181279512,0.7118669005956478,0.7589063146395989,0.7362635071964673,0.4570719453527148,0.5905901607938733,0.26421887164604424,0.16974137618497784,0.07149774791338082,0.1587340412303891,-0.27573475800210573,-0.17488750148686244,-0.3470267897745599,-0.4375661652138373,-0.5892709085255323,-0.4575975981910804,-0.6755702357517473,-0.5282759422783512,-0.6482396258650862,-0.5460249934312186,-0.5704843280415519,-0.6233436407250925,-0.4536118114283208,-0.39763596401514567,-0.35732214227520387,-0.47780903201783237,-0.4088576665101129
0.10421485637771268,0.016239342204612338,0.07483830987998234,0.26882773322405706,0.4309421954146509,0.4058413415167899,0.3908965301364142,0.4808527813837176,0.6982466831443832,0.7497848079095468,0.7463135944891246,0.7476403154927257,0.9225393268770611,0.8054367526598033,0.812362316503543,0.8554222522947705,0.8510493272012511,0.8742224390013054,0.7399709073124009,0.5555854663786327,0.6728538592570678,0.41457567429698844,0.1680705051183395,0.16670634914091245,-0.12505187585307523,-0.23736968294366398,-0.20180053779096818,-0.34027291189955117,-0.4720803753854076,-0.5208662375256216,-0.4999201730264652,-0.5498458181026489,-0.6150698186931401,-0.46721646940861333,-0.5276372362894659,-0.4621652799954194,-0.4945427777407407,-0.4522731746598976,-0.39795249187558007,-0.41537392129705075,-0.32230260250745707,-0.332493446521418
-0.16738996084806784,-0.14638386240487233,-0.15208173273227618,-0.10685429263119828,-0.1605806071642544,-0.08935198734573263,-0.12002027247155532,-0.09212227978848032,-0.05673701982150927,-0.05434391368981821,-0.14235603056000332,-0.08660698296776187,-0.03573093186664193,-0.022007035322865205,-0.0643090681819524,-0.13060000625099,-0.14024113322147078,-0.19007554253418207,-0.06367116025427096,-0.16335397488981568,-0.20479902247035073,-0.0453030656741656,-0.19668209561285363,-0.10950315523737754,-0.1370145449612668,-0.03384035876797856,-0.1408893899175664,-0.20990817565910283,-0.17021198946984328,-0.07968444851109951,-0.15866899987557748,-0.048958935905841654,-0.12945460767290978,-0.1301324103434092,-0.19702598332172136,-0.025314006840644363,-0.08594825257474506,-0.12727568930415167,-0.029477898727005524,-0.1446827736703416,-0.1871127021009657,-0.09864135031814907
0.5228984225838443,0.5312167927145163,0.5119589079993451,0.3898666496716894,0.5617924955986997,0.452883943039779,0.5151447615558467,0.48673703918820055,0.4189719947947233,0.6552710416309595,0.5078007762291536,0.7917146162189755,0.7015033486842303,0.7367308831501617,0.7236379702331567,0.7911460215962536,0.8248945405886806,0.897850072046611,0.9065027393674019,0.8950286815044712,0.8435569004412143,0.7234400138035734,0.8223031830576116,0.7384783681874966,0.9371273838458432,0.8125965602426399,0.7022940547536193,0.8291855977113234,0.7161865082451863,0.7283418716793906,0.9656503188837318,0.8935397295959924,0.869166063272919,0.965387083236274,0.7263845107931347,0.9438865138600503,0.7266758263449852,0.8477944480658088,0.8524371281114911,0.8134217671706993,0.7086746531593203,0.7521778964928023
0.349899703432912,0.5125328131744794,0.6612145116521718,0.5860389763440497,0.5010838626670888,0.5118257078739916,0.561391847547201,0.42707139122906174,0.6440788457426553,0.6257960912526723,0.47462913935858553,0.5794571309110783,0.664523640123177,0.6429166380403213,0.7550570975898337,0.8333693528723485,0.6953617231239273,0.6970104970224363,0.9043617285004137,0.7507724059785402,0.6379601077765905,0.8395919282212718,0.9427536493704983,0.8201615791347533,0.833926353519048,0.9815942687941432,0.9141132499695106,0.8306608352372249,0.8090845484578858,0.792140547469956,0.7672816183648636,0.9420662547725762,0.783001421143501,0.9624993632023067,0.8327975154581213,0.8507992955352933,0.9424759096410328,0.7698144527603106,0.7647067415578352,0.8223969502248499,0.8702491424126705,0.8933969522393971
0.3274985764831035,0.4380184826895135,0.42175558335744756,0.4365439790579229,0.6994901571707136,0.3894776066076358,0.6177664851577591,0.4124164460117532,0.6384377830236801,0.5657647773319406,0.5219808341993584,0.6439415023416856,0.5851778027766502,0.6086567442660672,0.7115910596946986,0.8018997441123549,0.6901968172715967,0.7419448042543998,0.7020490686015345,0.9086769676978205,0.9147129257142357,0.8776560046218692,0.9082691944494361,0.7994480056043811,0.8598080511607022,0.9778270670614405,0.7961919032749265,0.8120905799732818,0.9180872199201927,0.9664112381889344,0.6961273841670762,0.6987004131395322,0.8746655195111321,0.7650253168907194,0.8584160894884603,0.9742349885275503,0.6975422328916807,0.8837564238187455,0.7768347071644266,0.8358251145733824,0.7924643155287053,0.775768833282823
0.5150284201858708,0.5699672060802082,0.35015100861561893,0.38100133280532594,0.5335871250363783,0.6103148446457154,0.4823299660228456,0.44655529339080346,0.7872165038822768,0.6673731872333472,0.6007225325924913,0.7668847813661706,0.7436708858738518,0.6010934349719013,0.5974340240767576,0.6125328918314922,0.6988402364934433,0.7543095682928559,0.814960283063987,0.82972711251186,0.7876691363640107,1.001175152014968,0.8850393113481622,0.8769092270402266,0.6975014893883745,0.8891626677035918,0.7377542514879533,0.6835870323668808,0.7435680301764119,0.7825862972136574,0.6763878935293838,0.7807549657230625,0.7366799042092651,0.9589517933752835,0.7394408986639548,0.8969173496174567,0.8809285048848476,0.7567856817752652,0.6852602838181349,0.744041453457335,0.7549047317249269,0.6529498457466792
0.46439281771340946,0.504529299357143,0.5439629909645596,0.37374877002935675,0.5929567064467727,0.7322073900598965,0.4153158630349145,0.5462681269294722,0.6041281239308182,0.6505049397040145,0.7373344918242992,0.6187904929087873,0.821589565667298,0.529589842069353,0.6770401361123791,0.8141922708464238,0.7292085879806244,0.836512259987749,0.7118423323686194,0.6400522010905247,0.964996049975119,0.8670230641602727,0.8640217364294934,1.0228592100282135,0.9995299875275673,0.9046684005958702,0.8812920289503515,0.8284045829537003,0.8542833256629594,0.8627804569126746,0.9020180159129177,0.9286423761797706,0.9574066372701986,0.8825179149997817,0.8400544914064615,0.8719800669353949,0.7396623684685816,0.6857790667008549,0.7103787393755167,0.8311293986132042,0.724628103185976,0.9198370876822247
-0.256989203835393,-0.24542325210479785,-0.09293228073614562,-0.13288519246995645,-0.1346207065971765,-0.18591131405010686,-0.12884279626590991,-0.14771437314004948,-0.21675139184741835,-0.12072673273150508,-0.21947944396000837,-0.24852365623797631,-0.20775997423860548,-0.12469923204126661,-0.2715316597532948,-0.14997112318898692,-0.24674871800953055,-0.09321864784810413,-0.257319107928792,-0.25060940512503616,-0.11597169391084766,-0.17511888075598878,-0.2564352398724924,-0.1756614653759857,-0.0810255535638156,-0.08276365439379374,-0.19201918152896413,-0.2173742388338899,-0.17422145171440234,-0.24428988489677658,-0.09201665329392889,-0.1730974767256623,-0.09726163433052626,-0.08702372896057743,-0.2296976680492316,-0.1512666189656526,-0.10765360298746415,-0.23899745720751445,-0.27219927656271337,-0.24529745275208492,-0.10496669032596365,-0.12233481897557079
-0.19559022929508688,-0.1616858389929686,0.006801055205971776,-0.044761923195068234,-0.23555899810917028,-0.4377057468379151,-0.17342216794036208,-0.20331615544969364,-0.570791687866517,-0.46729479898481296,-0.6293778331587941,-0.8166559199542576,-0.46852534023616316,-0.7814056028833031,-0.72920647886389,-0.7748227120619905,-0.8487652002745585,-0.6170561187530103,-0.6709772881412529,-0.7879750459001436,-0.49251992298929737,-0.5571588822787454,-0.49218383018853706,-0.43735898267107887,-0.3183943519995908,-0.5922062215518406,-0.4401252047012788,-0.2778105447292415,-0.1874055891927243,-0.45291175445327103,-0.3958028823343518,-0.05625425501201963,-0.23538643831381684,-0.22531985890685555,-0.018835602136192776,-0.21856603164881397,0.12790475114827513,0.006635769635411667,0.18901874762823817,0.2352604105469157,0.20892564388961132,0.17722288969912298
0.017788782587057274,-0.10010845715614465,-0.11517615738208885,-0.4065625097694199,-0.2191770447407015,-0.42486529453478944,-0.16262150850363835,-0.24268064439789133,-0.6197002797687942,-0.79951509725112,-0.4649678349794114,-0.7391663557292082,-0.4694688256218877,-0.7383275227333944,-0.8795853768914145,-0.7244068777374149,-0.7430828238999609,-0.8999884158484573,-0.5916785027125958,-0.646682917963833,-0.6272529629078578,-0.5963478596982748,-0.6250220700948393,-0.5671003869627306,-0.6425435415283428,-0.5447775137328502,-0.5419830044232241,-0.318216639772344,-0.5133668987308623,-0.3757245572706586,-0.3575057705814021,-0.23338652997752996,-0.2545619470845866,-0.012151959779495996,-0.01353514845309979,-0.039960037942857046,-0.04570369773023454,-0.04632200364393235,0.024557666267442307,0.05086294773162762,0.26743624221151774,0.08383793492243455
0.2547184777432258,-0.027071323591866203,-0.25958189547539173,-0.22752434195014715,-0.1505942073360839,-0.3101571896941373,-0.3812484936819549,-0.5631307203909411,-0.6630398228295676,-0.513402470426959,-0.4124500834872556,-0.770890327303511,-0.6141430734412007,-0.43818148541048657,-0.8811324599453217,-0.5439163488240845,-0.6082230109762945,-0.7354996274236625,-0.5467248803984446,-0.5642078412104219,-0.8398423732772378,-0.5040154746959713,-0.4566602415110239,-0.4024503854848472,-0.3595699019999643,-0.3212553421407749,-0.44229459864996634,-0.508712270221614,-0.3850986875245277,-0.48267621411022327,-0.1414839270197427,-0.11276886251385226,-0.20073704115207341,-0.024287201598434702,-0.17396371202437236,-0.15430726725284138,0.03911351160240626,-0.05502897150752051,-0.06710625450224454,0.03283882996064946,0.1487682886582968,0.09982467091232886
-0.21836425729260672,-0.25243542966291377,-0.16559844035495225,-0.2694160885099188,-0.2722391159640236,-0.27343815681412575,-0.2605299208975856,-0.12748017802830697,-0.12805489921644295,-0.21633633230568633,-0.2739728658459908,-0.2526585278446746,-0.31371029635177816,-0.2334674851227711,-0.23614951459048383,-0.28959465653652766,-0.2031077002589998,-0.27927554052361087,-0.24985009678955272,-0.31637061217130613,-0.26117700310374503,-0.20944269811642838,-0.2670308360468519,-0.1347114522290326,-0.24868218765401545,-0.2886839883938082,-0.25170024661655793,-0.31967840605206826,-0.17706103468004536,-0.21876093492726328,-0.2440408069276211,-0.20028645280268736,-0.1498463458955466,-0.24191108805103176,-0.2684195948991433,-0.16262318812890691,-0.23184696557807713,-0.19151165071421114,-0.12943384674140934,-0.17868367948374458,-0.18286387110386668,-0.16594833330269346
-0.09082795598238226,0.1939042242694844,0.010200044535740563,-0.5203834203585498,-0.2788764172847477,-0.5971851697436674,-0.6957562644936256,-0.5350547019357752,-1.1314956684859292,-0.9920166950966302,-0.6542236819043835,-0.954198623981252,-0.7788413524040357,-1.4572071803305178,-1.369380162836447,-1.0243601916237477,-1.181895155153195,-1.5576207066766088,-1.0976366540557967,-1.5616657213170086,-1.5876861348063713,-1.4777845285712146,-0.9754432851576843,-0.9248920258544235,-1.0029480050120543,-1.4511257178257564,-1.1316652087572359,-0.5783540767628835,-0.9109543276928346,-1.0680348249746918,-0.9050009769352778,-0.9816154527659012,-0.8221542097142127,-0.3169970919440597,-0.33695566153739914,-0.4844107524129397,-0.35411859039302535,0.5483803949142753,0.2275221354224479,0.3762184513471195,0.5098605036737159,0.30813764751963474
-0.099181676439464,-0.35018805244359125,-0.11885614883997021,-0.3698416380700549,-0.5816719230527764,-0.49669377709928625,-0.21089041626003754,-1.0311070285995263,-0.649333763084165,-0.6936125799335808,-0.8369085638246976,-1.014546437919336,-0.7027883083634956,-1.0708054102356122,-1.43393500607106,-1.45140572392521,-0.911650913886289,-1.0636138931855927,-1.549846739303128,-1.364808448285148,-0.8718679744951914,-1.1572347284645075,-1.4026287011473813,-1.1054606982117374,-1.2544678755397263,-1.250968508822319,-1.4081393622146228,-1.0922485415331298,-0.8552215557731723,-0.5693584885258208,-1.1045770609849412,-0.5416931544435024,-0.22982809895368822,-0.1344143065716147,-0.09599638377573139,0.22420283486656514,-0.2660866440126384,0.05709557568386618,0.07010961442680434,0.5580962308909451,0.8973467619693833,0.8182932371956382
0.24917269162022818,-0.2253559887751569,-0.3063657942634705,-0.3604080475818254,-0.6457935891089396,-0.7259187919825919,-0.5417542944752093,-0.4126241607230771,-0.4892020154286092,-1.0212707143546402,-0.9596530824632135,-0.7569388688207991,-1.1718963102172275,-1.3136762868443201,-1.3604223101816522,-1.2253565704185125,-1.2655897444838327,-1.5839159063367187,-1.002257042792474,-1.3960922997966416,-1.3544222101468872,-1.2666413008866473,-0.9598619230018587,-0.8329274898663546,-1.5082805142238063,-1.2703220575921503,-1.4390526552187692,-0.6244882056658632,-1.0505422396514414,-0.8954770061488738,-0.27120035384068064,-0.8114287183530877,-0.38719119601000895,-0.48532713761259044,-0.1978849065062886,-0.016793675601792235,0.2525641755328773,-0.23062876523945683,0.6622196515533624,0.43553210195545006,0.787036249729869,0.8766010819956838
-0.11912015228421789,-0.1163083935069068,-0.5292879814035952,0.03860505826578309,-0.6627857146160683,-0.8099534044353227,-0.8718888759897943,-0.33843458546471816,-0.5643597244503409,-0.7906038987264653,-0.7469595642658938,-1.2772117649645,-1.3401056738789154,-1.2176554685761158,-1.2207671398704711,-1.4263976358004997,-1.4304502049340289,-1.4508660956261379,-1.2005641995497498,-1.564001226195707,-1.5899169261256327,-1.4197323963071902,-1.1107515663798946,-1.0698746751995105,-1.2483855317322872,-1.173375305150655,-1.0321448066852732,-0.8694718725769073,-1.0545881051456183,-0.8542234766720731,-1.0832156728448104,-0.2243321315495039,-0.40762916443863856,-0.21900359189308324,-0.6868716516373247,-0.4912476555435929,0.2557642658035486,0.21611344946967584,-0.1077589739889612,-0.09202350921189412,0.760939970509066,0.5186229090775341
