gfs-wave-data.json
{"header": {"parameterCategory":2,"parameterNumber":3,"dx":2.5,"dy":2.5,"nx":144,"ny":73,"la1":90.0,"la2":-90.0,"lo1":0.0,"lo2":357.5}, "data":
[rows 0 to 18 of 73, columns 42 to 83 of 144]
0.17306273698529628,0.20520344587193745,0.11119148742880232,0.07059744384025451,0.07909406145470746,0.04612299640880783,0.11119702317279748,0.05520140120870324,0.017072566809326194,0.04308540351340457,0.0929928976592358,0.06760060126541759,0.026008819346159784,0.15211375038054814,0.16407844410556086,0.08734244028469462,0.19687697048819172,0.21556783347222566,0.0388779629234331,0.09714910973349744,0.07504266508380744,0.11220647439291705,0.22496970278641915,0.09357999510536089,0.12379990755962582,0.1779959448650737,0.17602312619000152,0.09083508617099145,0.20488040161730617,0.13468975079880666,0.26210467710438146,0.17645469762584098,0.23154063351244944,0.21882787478119384,0.2875450093230977,0.380832281776512,0.3571145836115721,0.2738694567619382,0.44646772941734747,0.38963259423090707,0.5626639034173576,0.5997030337291667
0.09203776135537005,0.1265291968918691,0.115879465630246,0.1493982369937388,0.10075957678087641,0.07155988595530276,0.04407039649661778,0.05871634403576479,0.01942601668047148,0.043057783902418836,0.131411066457708,0.03236578723685132,0.07735381618485068,0.01810079337778803,0.10341460678115211,0.07795389421834271,0.01744751790936986,0.07240886968499793,0.12089714694186127,0.09031359295233106,0.2462649860588448,0.20180314038956082,0.14431513179148828,0.1415516468012108,0.14283167064741423,0.21307825955534826,0.1368000262746831,0.1723034462683556,0.19672048249501015,0.14369091164105935,0.15423583212460246,0.2306853488441428,0.29895932380933465,0.3241576191855547,0.20730579592474585,0.42645701685502063,0.2977528004746692,0.4100898682285591,0.39749492550665355,0.5457430428125352,0.575786765445919,0.4728895830663479
0.20011727660312176,0.13862882129528262,0.15615016666507425,0.06635176836901738,0.04372376196100073,0.04886382542276189,0.09592323344328377,0.05034752408545684,0.13696638076498988,0.06768700989389304,0.061257474554649013,0.10219502629757957,0.011299367988448016,0.05141913415604031,0.11078090742217264,0.057041846488940444,0.04579263040241604,0.04395573831698473,0.17542393698869974,0.09721210470142606,0.1300887966087555,0.2310981164250595,0.1451834807818978,0.1545050596267656,0.11241684379585362,0.1150945763856972,0.15507847321806262,0.17497643928115308,0.17464306307617128,0.27443572449428033,0.2766140384440253,0.2174417352847599,0.149268351958783,0.16304039603394715,0.3365034137014849,0.2582459868713758,0.2858758375202091,0.3916690032403199,0.32873596043133724,0.5012432226911995,0.552087173593322,0.6043858532756685
0.18785302565594633,0.19380898176398614,0.0777244915168691,0.07347724325307387,0.07922245639422995,0.05622021748853038,0.11012205357558703,0.05667880424860752,0.03894292051164082,0.058938794181557924,0.060774756511207124,0.054054115538903984,0.08841305038722207,0.044436604269063706,0.041991963282418394,0.1686279300949096,0.19886991920840702,0.06487398910290039,0.09495700896630216,0.063371727153994,0.0994275587042021,0.12313636638221477,0.14696772613077058,0.11827671779623417,0.201074845596215,0.11854217169894844,0.17329970326769553,0.1737054420602545,0.11128217115304248,0.20302682960213667,0.16297482256404677,0.19552782209804803,0.18929807501188584,0.27812648174018634,0.19860367289149897,0.2701061214535563,0.3695080552809977,0.447578738737888,0.5401036837472323,0.5178681159026322,0.5308111872652216,0.5108833980325851
0.18601206107802457,0.08988668700210153,0.16995534743911786,0.11266297383533116,0.06880245700922445,0.10587553549490819,0.08624324384800348,0.07279309985031868,0.02639071510502308,0.06310606436349632,0.07924140467143145,0.026119319688908897,0.03236814893085429,0.012519605135091235,0.03264308377098828,0.13558154871941933,0.20366803321779117,0.10843771700578364,0.1868234502526264,0.13558083863419984,0.17461769158170973,0.16774151239095786,0.10885285273695568,0.17508388341451203,0.15989074201669135,0.20373546873911377,0.15658159903919036,0.22124354536030516,0.17490343949985462,0.24880473999509095,0.13098710796766552,0.21981859206909213,0.2137503530755172,0.25782771966865176,0.29170967395579467,0.24503511155003668,0.3972375034764062,0.3993978222677809,0.401725328750642,0.4457397948843516,0.5858274780663816,0.6363543860981727
0.12749500467891112,0.2325287713552462,0.12095849355364939,0.07424640768902849,0.14395150440955898,0.05052729365886628,0.045459765612138076,0.10119754460054184,0.03842395260628318,0.14944707619388797,0.06987406105552532,0.03595436203025905,0.015470099769995232,0.04774499627604281,0.11652509818290555,0.0985471525773697,0.20360917257199257,0.14286708005287738,0.20279821223234004,0.1944013315377948,0.10450607351307978,0.14898967076335848,0.12925728561576108,0.22365288633578678,0.2146938584481546,0.15262251957710163,0.2525927870638089,0.14881530410049723,0.18849673548010495,0.18013481016762206,0.28906202619312665,0.13895445884977736,0.19376470310599075,0.3438264988077978,0.29450127164717427,0.23669161699740138,0.3923154768613855,0.445238597108759,0.47750514094493357,0.4550464511612273,0.566981795221668,0.5068632973222105
0.18180061938603456,0.1299549134609346,0.10489676184834859,0.08656119997564449,0.0766646623620106,0.14842796556870827,0.10643458156868277,0.14246876679015288,0.0497605573047806,0.027871560635072845,0.11742829424540367,0.020048085666444285,0.01831038074938341,0.1046189955465388,0.12167790874132414,0.16604992387544856,0.07480677589235389,0.06443058226651038,0.07140052835308733,0.14545418991744458,0.19325895487730638,0.1803904895767321,0.15787198628486285,0.16363063420478158,0.22663745865514934,0.2450952388923094,0.12942124899726715,0.16811566393785743,0.17471494448335803,0.18392852842419988,0.16069233524290885,0.12905400435445477,0.1505864181911049,0.2241754171582289,0.3284903852244844,0.21496706359372542,0.40275952473614784,0.40182840771891404,0.377824889728718,0.4150758708037807,0.5735041119127091,0.6582671624495061
0.12906004875277768,0.10834138213162924,0.12049956351836227,0.09154804226922952,0.1144677939338926,0.060269564441728145,0.10101526695867936,0.035267356376399696,0.08328471732144226,0.10424512439230796,0.08512159353529579,0.06295511677299774,0.041156809461552445,0.1433956524145098,0.1819350152404292,0.1657697447026741,0.2109940759822562,0.1626438053220637,0.10055040689593656,0.18348033897924945,0.24772823137423322,0.10275177401470259,0.20618589222053482,0.16609622103768237,0.2200931199883481,0.14985940881404283,0.21962215433670454,0.18100270297563642,0.1013997553744789,0.21857290503088198,0.24568986123436573,0.1768227178644273,0.18437295212672167,0.23975356174380633,0.3507794551551763,0.3018886763675487,0.31582111727678025,0.3821711415300154,0.4717731919652827,0.6102052598020041,0.5424021963277449,0.5582969447892971
0.2157954515151301,0.1574960196403284,0.07264571043359358,0.11643094287995384,0.10904314657472292,0.0990488104896589,0.059807533215420046,0.05369182941976671,0.0762922128559402,0.051878598937064146,0.1337000348596648,0.09627584455338485,0.1805638489962988,0.13095510059690743,0.11711460009466758,0.09109011980721068,0.15531001301494635,0.23132658084405627,0.08949385085350499,0.15243799864374138,0.13143599275532147,0.28739873846603686,0.21675493975969384,0.1959195639199086,0.19363267097204503,0.11234358320503494,0.11566047526148641,0.2887188421233119,0.22229149670185497,0.1270998746343827,0.16829852245457186,0.17458202342408918,0.295658892596809,0.15893466716515794,0.26934146512753865,0.35845725098603104,0.4879760050665101,0.48051120150233156,0.4875544419366095,0.5564043577379684,0.46125876811659877,0.5134579952080642
0.17244527987123864,0.13734161120510147,0.10338610007262042,0.11014259120715972,0.12435324081475814,0.15784105594212555,0.10630414069360983,0.09357989183242238,0.129290788265521,0.036345090967413014,0.1400434701911155,0.10535959662682678,0.14205634093779562,0.09686662233706875,0.08237094741386887,0.1619614914162439,0.20903382793165765,0.18474514582038165,0.2583612229239653,0.12892008621350434,0.2548387525885795,0.14531969509262957,0.18353777559959056,0.1432690207363649,0.18157721848894848,0.1959213102962396,0.13504914787912592,0.12500697070050876,0.21138851736915965,0.2132494163659688,0.24927315674788728,0.1878824394641239,0.20990649511838338,0.36044008906506086,0.239607140370645,0.40137421018489616,0.35303347415146735,0.45497353332505863,0.4176103888871023,0.5046555079724658,0.4878563526389315,0.5352203998878732
0.13702409950382147,0.15632255921797636,0.13015778171428677,0.07874554458442018,0.05160332348937533,0.05241816317384603,0.11195717524871561,0.1639625582825632,0.15761786333841027,0.03881896779814926,0.10953299461798272,0.05545622293790366,0.09300953582210461,0.12729322242931435,0.12052710701174045,0.2000949826102965,0.16440745555970857,0.1616251972124746,0.27412958890951983,0.20002279804491005,0.1316078129557164,0.28867720690818693,0.2736970461679739,0.27470578322818734,0.19975342335298038,0.21948604007711445,0.19232943086942875,0.24812433218450833,0.19224873473383608,0.29030069912594014,0.14943210737426585,0.14620147211950502,0.1847972497387244,0.1602829682459013,0.23117940685041188,0.41356394498984145,0.3484145561839881,0.4741704510084009,0.38837171034579965,0.4727812514846532,0.5097571031020279,0.5012223117860906
0.28240183243769523,0.16273129494334646,0.1302590298802836,0.11544512132580888,0.05155750780515992,0.14674983112863793,0.09600626092247781,0.09693126312647828,0.07668353111116936,0.04211197925725111,0.14253333043304506,0.12412687065743384,0.17833179444277414,0.11927216511735632,0.08283444874680677,0.08370611402797176,0.11573038247162504,0.24713296227240295,0.2694564197831327,0.15560554178615926,0.2301587388030251,0.2447853722332726,0.294073130424121,0.2336709588056146,0.15789385389310348,0.26226331577096296,0.21643674896677673,0.27979180385003344,0.19885885060308542,0.19544872451974687,0.15680680658045695,0.23009224000616668,0.15123572522065803,0.32275112083280333,0.38667231713749967,0.3503347027564316,0.47122278779434706,0.4528189539287774,0.44842117193350617,0.6081267354993082,0.5707949194608447,0.6459183708458835
-0.25059326029031065,-0.20134112153531825,-0.0796050396237282,-0.2199450679044529,-0.11796411105582899,-0.1604491305698919,-0.12972423462611174,-0.21780286815151895,-0.20616444133913225,-0.17399620350534667,-0.21893713196955483,-0.13343793183290956,-0.187314361397356,-0.22310474882154605,-0.2430612130001563,-0.21821957649959794,-0.14340387739841517,-0.12554581288733685,-0.1428175756522297,-0.09485295281819703,-0.12993583390179955,-0.18339902030666572,-0.10345246579333921,-0.13638535471412508,-0.19272724324937446,-0.1501092107672676,-0.14864672741824542,-0.185833446088059,-0.18186775918413906,-0.259928927464657,-0.1483244511790277,-0.125026757111277,-0.08243468582554449,-0.2453653403163539,-0.10903297944127302,-0.1109750786043865,-0.22301667867546784,-0.13309394904853164,-0.11629231842011033,-0.16132667975650822,-0.2510793085935195,-0.1638892534883335
-0.24896994656551635,-0.14426984626371234,-0.2692221084485945,-0.25016311711055017,-0.28282571596785694,-0.18760490668889385,-0.12779332345530592,-0.20887148895599036,-0.2727211464225053,-0.2233771978393703,-0.22108586872648173,-0.08902189430628316,-0.13142213654541973,-0.18464060670744745,-0.09984836075893248,-0.08662087820020753,-0.18602597699082882,-0.17342460949509655,-0.21517928775699688,-0.21164586017965237,-0.1172511644478983,-0.1644870852895274,-0.2674652136815125,-0.09213619153601078,-0.22601395320868117,-0.11660695583202389,-0.11052228777128088,-0.16097217309748668,-0.21386031716934623,-0.27713552941144376,-0.11446591403798333,-0.2655341016201329,-0.21753939629492788,-0.12325576384115336,-0.10701417669181344,-0.2375300989035404,-0.11399116937700089,-0.27242386589121587,-0.12722088364078027,-0.10226436457307807,-0.11230722113980551,-0.21616672168352905
-0.2142469218030676,-0.164566836336451,-0.26578874272257136,-0.1374431755061069,-0.28126974447595987,-0.2567355652381077,-0.28484988959692853,-0.2043006747265501,-0.2810531807304842,-0.15350156247537275,-0.17493606747569784,-0.2309286662412024,-0.28043777464328423,-0.18152645463063283,-0.17423877337964377,-0.13671497477412822,-0.20714335127707775,-0.27910516838162436,-0.16304104863385027,-0.18419866906298693,-0.2695224339242045,-0.21858526198826742,-0.24772635575107055,-0.2318260262514713,-0.1319407933455983,-0.2230431280814558,-0.29066210806736525,-0.1328436076228737,-0.2817155890432564,-0.22488105232941372,-0.2950468930226368,-0.18056271933499513,-0.15973058485570893,-0.2923441995783712,-0.2766944596539581,-0.19830929451529403,-0.17283093799788946,-0.288874231904615,-0.18405311768666663,-0.29511726870576893,-0.2087124646853003,-0.17483762476452241
-0.1118195236341175,-0.1659537260981379,-0.23674045694291718,-0.2255292159477379,-0.25210762112890417,-0.15806561752305612,-0.20516836950146838,-0.17689968022778885,-0.11791697374392422,-0.11094402207242098,-0.2770901343708915,-0.22181863667623722,-0.24497032963819312,-0.11679376808191975,-0.27563711778655353,-0.2757545375245492,-0.13773883170812268,-0.1545927174962771,-0.2887245504761763,-0.16566803480573247,-0.21904873516859819,-0.30586014705122033,-0.17343160253774334,-0.22113769036666886,-0.196056819724174,-0.2770304768736909,-0.30308235667153455,-0.11998019829297431,-0.19024491817363626,-0.21495213564175675,-0.21764182007851152,-0.11278409491650955,-0.23785003092942372,-0.1718406700099712,-0.2675634275804508,-0.16620929161048031,-0.15444496996808463,-0.22736677093268115,-0.15486321362189326,-0.1488443857858957,-0.256066771628112,-0.25962500146893225
-0.20380537529767526,-0.1965031109624653,-0.18411752643685628,-0.21421869120066964,-0.2729554318995226,-0.23659146805575132,-0.28911257858493117,-0.19123412603245268,-0.2831078794816969,-0.2932478704212652,-0.17614660589134648,-0.23356173951416748,-0.12844546620459224,-0.20009792473174423,-0.13443638749348996,-0.1866255917803238,-0.13417732685256015,-0.2836417971852978,-0.2790565340975992,-0.17192993310721222,-0.15198843114691282,-0.2535611232637573,-0.2236903780219552,-0.24306708070028848,-0.1356299961582725,-0.21897923851505713,-0.1992364540602763,-0.2507508315127615,-0.17620269641903197,-0.28273487959821736,-0.29611250171159315,-0.2984494995416363,-0.13258709638924407,-0.21236754315957332,-0.22248277397533578,-0.30245794939873977,-0.23392703034842569,-0.21905085836320848,-0.17553866170136057,-0.26037142406955815,-0.22962736344839513,-0.18065745680285394
-0.26589503945529075,-0.1694029312423344,-0.26817084520221257,-0.1697219664157305,-0.275676849127263,-0.23489163861639836,-0.2486291182854495,-0.1472920144639682,-0.2950178453979164,-0.24035325140217487,-0.2956176435387006,-0.23054404685774205,-0.2097832137764786,-0.19377131029623687,-0.23485210582176272,-0.31369492590665354,-0.26627761148262874,-0.30111659049387507,-0.17089208401053257,-0.26863078786279626,-0.18303960963473534,-0.18225782252895872,-0.1711629452031544,-0.17149792916191514,-0.2194543904639544,-0.18134810144068284,-0.2700931871008091,-0.27389201567881366,-0.2689509803373881,-0.2198903279754662,-0.2964881135679722,-0.15049976908367865,-0.19189644512291915,-0.3180169996138659,-0.3294647381331744,-0.21346576442465706,-0.3280535508731662,-0.22704046745101703,-0.25077783026390754,-0.13961280428867026,-0.193776728754189,-0.19649876825223458
-0.33044614317387877,-0.3467793457635622,-0.15926676450157817,-0.2244323933865306,-0.23679262135925885,-0.17519276573488102,-0.32175388347641853,-0.2959137674193039,-0.33033874220594034,-0.17610695233608567,-0.18865865070627275,-0.16239881247916518,-0.1602153479854041,-0.26494687381779924,-0.27035337737326004,-0.25004767194919236,-0.2881920932785893,-0.20455267534848837,-0.23542330011289628,-0.19014167838361537,-0.2894143727769838,-0.16907991602436764,-0.2266991857144067,-0.2879122670303126,-0.29442108319668014,-0.15092310180511312,-0.34389195441644105,-0.31932729114270747,-0.307055924519853,-0.2861212266770865,-0.31416705877490975,-0.2805219737658708,-0.1558700167204306,-0.32672402641336157,-0.15065555919689702,-0.22342202089128194,-0.25644412981340214,-0.34480543515519657,-0.22850660149655883,-0.2926016208633283,-0.19037700069380123,-0.28220092201871894
