gfs-wave-data.json
{"header": {"parameterCategory":2,"parameterNumber":3,"dx":2.5,"dy":2.5,"nx":144,"ny":73,"la1":90.0,"la2":-90.0,"lo1":0.0,"lo2":357.5}, "data":
[rows 19 to 37 of 73, columns 42 to 83 of 144]
-0.4658009825876711,-0.3419927898291542,-0.38495150887842366,-0.3620953004141046,-0.47105625144484403,-0.2871003049211872,-0.35340090163812626,-0.2861955021958733,-0.42504775519854854,-0.33154593748269084,-0.4040119155396192,-0.4373553191580871,-0.36098655149672515,-0.361208398880298,-0.2969748094775542,-0.4160963633049771,-0.48027014870596,-0.2939149171607365,-0.3435315779284541,-0.32892743191028856,-0.39617362290257135,-0.30080890622189116,-0.45161380879400537,-0.44389993846494663,-0.35544702888588314,-0.3999898610461962,-0.4770326642917786,-0.32563322490556174,-0.3607846792709372,-0.36637000752524373,-0.40595676034821304,-0.3670594028834623,-0.3287179440782701,-0.4633576367481331,-0.37290232663209355,-0.29455425635229143,-0.31531153319949157,-0.3060624217587036,-0.3025561026787802,-0.3288619630481396,-0.36294094292814516,-0.3989647053615406
-0.3365170297329958,-0.44861169345695384,-0.42064505741796165,-0.36277696529606107,-0.4157902998871004,-0.3853874563881651,-0.33481302231645305,-0.3471103624692856,-0.38732424825248085,-0.29261083955086564,-0.342025182120035,-0.338554547871266,-0.3647081630316357,-0.46744708894556836,-0.47362415405891584,-0.28861452342253124,-0.43087770354985955,-0.44525188623492645,-0.48949689969198357,-0.3336679661616336,-0.31412980933890167,-0.4143012529180028,-0.4212143623224788,-0.48195495710344227,-0.4467222034511551,-0.36467447976447087,-0.3038658162501026,-0.46708568467229594,-0.3537087565359647,-0.3251903422183526,-0.35505360811655984,-0.3767596682426423,-0.3797662214723184,-0.3448317881352544,-0.4555401206948796,-0.48880545330250147,-0.47994321122201744,-0.47936192181068804,-0.295105837100258,-0.3326416667290436,-0.4233953184469557,-0.4899914487276041
0.31959393714354084,0.19830440736662502,0.45586460813180324,0.21619608472334723,0.3921479952385244,0.42033092107302794,0.4019798499195437,0.5121514664836453,0.48055506378957646,0.4299658243850648,0.43228991020147306,0.5747831540865161,0.4577844476924544,0.5169389073490152,0.5473141803246805,0.5818303394817151,0.4567297000170582,0.4732673774687192,0.3534338753918824,0.4634101356104759,0.33208102809135864,0.29435915520231903,0.31523391791093724,0.24806860007116496,0.3776460380780974,0.08424945541986041,0.20002685789283034,0.0029853371554133382,0.3124536995753182,0.2652113144155866,-0.0798581157996265,-0.09543008144133144,-0.09572855018607575,-0.16204283649364346,-0.2968544348874137,-0.41078756538745737,-0.483350310787589,-0.538555926896944,-0.42470283765621264,-0.2826806623797249,-0.6019608716446883,-0.5361149580010586
0.29890385388085494,0.35777536945520977,0.3988042411193998,0.5403121797316018,0.5351806931802555,0.4611925262797381,0.30207786144114623,0.5914576197299533,0.6134239502137075,0.5379344012465631,0.5282689760820951,0.3746839785241687,0.5339937631793708,0.54831367531301,0.37740757784522105,0.5233340378283562,0.5554482510127529,0.46401151545743347,0.6539183411840879,0.5321588073542914,0.45271851466579516,0.3751126760578423,0.35848594238069253,0.5207082599990074,0.1843181877344889,0.29328500298415383,0.3874021261377209,0.18867681686854393,-0.049543879698234324,0.15984353396044498,0.2041564544631005,-0.2723259571783027,0.012952449481756383,-0.016195012036525114,-0.37416359336977445,-0.32862545572474244,-0.42352830302021705,-0.47707765359740273,-0.4786626711000765,-0.4233892861760892,-0.5022882628365961,-0.2819802558138352
0.16290941186316657,0.26795188583101087,0.31659045820080695,0.2397102156817793,0.23790487261877616,0.4559244705484103,0.42226792415809067,0.6010513622812507,0.3593485481607069,0.41295276510401707,0.33704311423110334,0.3992171675166997,0.4417965505292809,0.4367830813239737,0.5116257875436423,0.5842606366616943,0.5426131526549672,0.4923691661842688,0.35728237486005016,0.5992761527947688,0.4368907788661443,0.3401608891610431,0.32080430151211786,0.4816635653786035,0.13605343971350678,0.18660129215071278,0.1109641964877106,0.0984161842858644,0.3036707260466498,0.20079823684456422,-0.13971216099748918,-0.05629171177659309,-0.04957885182885855,-0.16098123835207837,-0.3321900978629938,-0.18235439301261577,-0.4551683772147544,-0.21863705644601297,-0.323343861751478,-0.30511085504383983,-0.33853416375247525,-0.4132023722284848
-0.3536013719889781,-0.37435816417470763,-0.42459400777128853,-0.3338739658613785,-0.4255744879726041,-0.47370176653352536,-0.4622803342640367,-0.315920436831947,-0.3734026003612049,-0.40070643768198944,-0.42484496553448553,-0.32849956162297833,-0.4781058735249921,-0.4849170003884833,-0.30070610930270275,-0.3680827515590054,-0.31863274587351476,-0.37305900786999985,-0.34548024320616366,-0.4034384729690146,-0.35637178272491865,-0.47134282100350705,-0.30138425126289387,-0.3932634240562859,-0.3491601173529518,-0.4761234133916991,-0.481327056882877,-0.46780633581457576,-0.3679183475757875,-0.4868232770254535,-0.35660031506136824,-0.4957938059774186,-0.4742591942086169,-0.30937944910762144,-0.3369666186474615,-0.41523422780665414,-0.37482923289561015,-0.42742517771451094,-0.3680197604230155,-0.35018330384947893,-0.32331813324710873,-0.47446201854849596
-0.056392674791324864,-0.3939542477800231,-0.24293489900701706,-0.2116404483105875,-0.10586370886883023,-0.4001652168397583,-0.2430798491052075,-0.19697207359913874,-0.21103084536623473,-0.2839788052763087,-0.43119924460738684,-0.1900041004262368,-0.15235191500933185,-0.42235448258848995,-0.25028483406554863,-0.45699506908461596,-0.19646939096240262,-0.5050837855508603,-0.2528312840132526,-0.2974883676690847,-0.4492716007175092,-0.23800573313008408,-0.4472048127623617,-0.2783563985580235,-0.5290002347749027,-0.2869298741439723,-0.5093364383928842,-0.31816761317338954,-0.4134465442074318,-0.31006440350746484,-0.36577510903683824,-0.7346178740783001,-0.8474858462745537,-0.6779195386789697,-0.9036968169619858,-0.782912843803387,-0.8052670698116543,-0.7935802266524447,-0.8575259022964608,-0.9395683010478472,-0.6823904275499995,-0.7567880275312463
-0.419993389307738,-0.2538145479362415,-0.3882416112401095,-0.4443416302483791,-0.10631167843705983,-0.10038622001613641,-0.05835223887970126,-0.36568252490775977,-0.36858413399430623,-0.10831726596708333,-0.2520376518148391,-0.3687682121870106,-0.463599160799808,-0.4261294570263293,-0.2690943043922405,-0.48884287768182577,-0.36230522851426455,-0.22433004093234912,-0.24643621887350378,-0.18745798880896605,-0.432941146046552,-0.40992659353679106,-0.4117588069884132,-0.4448306334553622,-0.31405411476614264,-0.36492475816705977,-0.34265252341190444,-0.27009133432150734,-0.5200213285690095,-0.3792627870144871,-0.43092597836431307,-0.7057826440874633,-0.7028454209861876,-0.7229230447803434,-0.5465871919828026,-0.7404999375244388,-0.8839612469455229,-0.92259537236656,-0.7232815248478878,-0.7712643847371062,-0.7793627789583557,-1.012299490337754
-0.3329729599102173,-0.2772447509774715,-0.43874157664582586,-0.38676685001380173,-0.07131361932117113,-0.2734779432550388,-0.13740800594088257,-0.27713252946784817,-0.32582294078114377,-0.256494917493392,-0.1321888470886847,-0.37777677726180675,-0.11247341401886958,-0.27908447513295226,-0.14046541907468005,-0.22723024966843602,-0.43494305063043165,-0.436542246003098,-0.24357190242768756,-0.19872858567123328,-0.2841883027636692,-0.22384061653183313,-0.33306968622007016,-0.3492984592766135,-0.36057853769904213,-0.4533079632383179,-0.3876184250507978,-0.2847501064855669,-0.45212554411615646,-0.5537898639224614,-0.5148356989054915,-0.787367542922172,-0.6992284783262187,-0.6633341353083639,-0.6774559089918057,-0.6630083388816462,-0.8993690383105791,-0.8715474995479077,-0.652787026766747,-0.7091140131687117,-0.7570681283836865,-0.6313165246762404
-0.14322358847509148,-0.059973173336110845,-0.08254910164127285,-0.14242915570206222,-0.32221934624138593,-0.21804747965541516,-0.1474698330171642,-0.07808090330442889,-0.24232827720505148,-0.3041846009954045,-0.2303034143434896,-0.3284480189521421,-0.3813809722105481,-0.4848941781012469,-0.3565408865686689,-0.38944715813329056,-0.23567205258389431,-0.24246987364124276,-0.42612993708283403,-0.35706539083263067,-0.26207687413187325,-0.4633267040653816,-0.35579987452597567,-0.36638017303139425,-0.4662015743635145,-0.4214455673801751,-0.34622263698821365,-0.4077266409995218,-0.5511994595071829,-0.526386056858475,-0.3771996665897082,-0.5453553018810375,-0.5273122660872216,-0.9065597741971211,-0.8846454562226925,-0.8214137664106899,-0.7235024498994603,-0.7378025158806062,-0.8016711814688569,-0.885806655983392,-0.660675398307773,-0.8312820634221927
-0.12876232664462528,-0.0245420043890097,-0.33006375497066576,-0.0332989559087826,-0.2561925660026296,-0.33457160716525935,-0.09757861443044358,-0.25623119221431256,-0.3457296762883788,-0.25389624746481604,-0.21781158973426623,-0.2993573951467355,-0.4696602619121384,-0.26739931362687186,-0.16167313735375863,-0.13036607501203143,-0.40477743736766575,-0.3392263758060059,-0.2999636592410487,-0.349976276654637,-0.23038745486406978,-0.39411875194372986,-0.3767551991003056,-0.27623866423189264,-0.3469788344090692,-0.48538197455919174,-0.5246492399895532,-0.39743136381086897,-0.5429339328643205,-0.5253160854254627,-0.6106063580131782,-0.7987250870754856,-0.5261997713578762,-0.6091664547350869,-0.9507349179146111,-0.6607282245974838,-0.6285707487039786,-0.6826559348599699,-0.8139564608757983,-0.9130031910182509,-0.7630846544722405,-0.8505018527793147
-0.2893841910962426,-0.3398637931767649,-0.3955450242220469,-0.355387844528485,-0.4558003149959657,-0.32309802285489014,-0.3215254264342072,-0.34835085197502397,-0.3057860293116775,-0.3645093703451286,-0.2847268703685323,-0.3822181015846941,-0.38086818452560905,-0.36565948336276577,-0.45369879777564875,-0.3274220626625836,-0.30718743337262,-0.4345949997660516,-0.38821188283880953,-0.28530409962337866,-0.33747373456364566,-0.4058388516313552,-0.35443272976443463,-0.29834598442243065,-0.40098087341191424,-0.35362411705515107,-0.291385717095251,-0.4262724907719574,-0.4063633171997888,-0.33810509499650676,-0.4141893791804111,-0.3841999217146651,-0.38662917808941827,-0.45577113992645696,-0.3489812945005131,-0.4573188814227796,-0.4080411962271907,-0.40229212007332243,-0.40632606321069403,-0.3583633313810342,-0.44956671875303833,-0.3272440590508078
-0.36165112344445,-0.3644125809912063,-0.29558906512020544,-0.17378408820665164,-0.06259740339169098,-0.02201832931159398,0.01761620710222506,0.12432567267789799,0.17596946069192734,0.11548242541181203,0.15627671927275177,0.3579562152683801,0.24792615700704354,0.39222163789892306,0.37049319676474957,0.39595493335416615,0.4097773786023522,0.3943711224148126,0.4180839174529732,0.5093871887336912,0.5791431719114383,0.48864396476696575,0.3812269476206356,0.3524978987155038,0.3698374004747179,0.3635622654465486,0.39382963891742606,0.21814134446718977,0.08422410658169248,-0.023636898089085902,-0.13993617884368495,-0.19248321395199816,-0.36183345575722564,-0.38095453722189176,-0.4392265972503701,-0.5424219815379868,-0.5723072403292812,-0.7218358548784336,-0.9009663630896818,-0.8212779416299787,-0.9700877931651841,-0.8818157860149706
-0.43383398763270425,-0.3573031740024685,-0.30323610312276733,-0.1549029352263223,-0.13578211631330706,-0.11920179684380271,-0.058175017578998366,0.02381914833153604,0.2174130369376688,0.14263240642620714,0.23872423262589165,0.24206561048414144,0.24199249842996506,0.2842345058215039,0.28080418603030305,0.3776128826192937,0.4054220309907714,0.3222898199824498,0.44190596231719526,0.3748022334680065,0.39750258006014666,0.5153546220299875,0.48869588162596633,0.5922237498773724,0.4621361411908372,0.5022671279792741,0.3295100722535864,0.20148025132737085,0.10804931216424009,0.18210814349653817,0.010528756269220745,-0.2871352915341622,-0.12058622016681264,-0.35310630040768076,-0.5828634001111191,-0.7683071970437821,-0.5861773293885993,-0.6682611762540922,-0.8474307442352008,-0.8719389352228432,-0.8906499120623189,-0.9020582406985186
-0.3641856158585087,-0.40486684279937274,-0.36773350988273534,-0.32693093405959184,-0.16281489907172558,-0.09733622848082021,-0.016133800419145836,0.13277483198659956,0.0909086058561082,0.15869948535568043,0.26129391596945384,0.262093460267037,0.3066013900102085,0.4159232327254736,0.3332785675114498,0.4321646113294328,0.371356024104976,0.43989382336371075,0.42747990212616366,0.4815211348079404,0.5461827610156155,0.5182324131775173,0.4764078041867404,0.4339394102916169,0.3504056526621144,0.4456451880462903,0.24966392358063502,0.2149054094752714,0.16952565936953895,0.0032369376077480256,-0.0071103345295903874,-0.1895455267439801,-0.1795537488993969,-0.4043462113169998,-0.5444508732168488,-0.7583473070948181,-0.6561091913558129,-0.8024055000367671,-0.8634235423992962,-0.9673266166009985,-0.8980219342623924,-0.929189957409344
-0.5124354304175135,-0.4942378682554049,-0.36443779010736854,-0.2403839165999433,-0.10398345159384469,-0.052557592672797596,-0.029292632620917965,-0.005677440523196103,0.07480159345359037,0.19278253368772183,0.16931961629568354,0.23111724547708803,0.27157944864639744,0.41138389118202506,0.3941187914106327,0.33182636869984034,0.4430802425879519,0.4411670730810384,0.3662756125718115,0.3789474295532258,0.435442558117266,0.4244587996210759,0.5388912816123878,0.4198769030925019,0.37955851498453264,0.40322799955434224,0.2823990777058223,0.36671234758411897,0.0744842816567335,0.13080773473548113,-0.01595848929067331,-0.10641007632159893,-0.16028666236655087,-0.4764417989364133,-0.4163240519332776,-0.6482951370282686,-0.5245588269331748,-0.9425605298901049,-0.9502428446429757,-0.9448216973077395,-1.0598812482608517,-1.1100459721756046
-0.4535389139552959,-0.4045941772725421,-0.22943552279243554,-0.19357045899490102,-0.16520489828892135,-0.0873360307084434,0.06320190095446727,-0.01551585224995131,0.06232539569854913,0.2106694859762158,0.2489346951490732,0.2649570142553359,0.27387108058511683,0.32406844298047327,0.3949531775955787,0.3409753176262938,0.40845886196807646,0.4199475193304258,0.5190207008638875,0.46641656574291673,0.518910115653181,0.5559597363640885,0.5666699877914206,0.49147028669355813,0.3228568534197544,0.42904750872141006,0.3142287928811429,0.22546885701965427,0.23336278209930217,0.19143200456413142,0.11699615439958334,-0.22152505323688865,-0.3107631443265406,-0.476380614533911,-0.3688348131444116,-0.5659089593034399,-0.5690792160129943,-0.9127157941294223,-0.9468185816641778,-0.8900880757030554,-1.0998105582900264,-1.1502186380004553
-0.4825673192857927,-0.3318075617093001,-0.22337545927553404,-0.15531232218683136,-0.10157104733302597,0.006162440889662251,-0.08946001011274321,0.049700521419968446,0.1293940959452015,0.116810656826564,0.16080294786031787,0.24227785666332646,0.1920827355303463,0.2977796123430698,0.24477234976893467,0.2691771754237409,0.379151109152707,0.39504628793036844,0.4235677398660573,0.5310189732860686,0.46874790765043617,0.44794984671009963,0.42597561168877984,0.5509227876409456,0.40573072670543914,0.2714176615527049,0.3972166630173198,0.1719521634085192,0.1845280051607995,0.051323109369542715,0.028061440044785006,-0.002244763513377935,-0.202598632168436,-0.19199057677162035,-0.517164260349674,-0.5242162155056721,-0.8504559332957207,-0.7929386043116571,-0.922573250896015,-0.933254809637949,-0.9103972699517808,-1.151451574767302
-0.3306895515169274,-0.25492970397019865,-0.23638066331700652,-0.19275723305670078,-0.1977425122880311,-0.014516247985777048,-0.0038343702050342566,0.003280265853199012,0.0890957251023875,0.18080150640054746,0.17129612513180567,0.26208307080348486,0.30854198569264685,0.2703699521404442,0.2818321397044994,0.44560351277578847,0.431436745394018,0.43827374299706756,0.3799057992304502,0.38525517241386936,0.4125154936822405,0.36541692601448517,0.39774861943228645,0.46111614938674805,0.4837002073613557,0.305208986317253,0.3588891794481491,0.18995418284373525,0.14545185977982442,0.11846356762725374,0.05780119797969006,-0.030991103657184743,-0.3636503733301782,-0.26622028234464074,-0.3470330143147737,-0.49696681984029334,-0.6870778672758983,-0.8784415983639051,-0.7589041827967644,-1.0283551987024997,-1.0580643096869913,-0.9510834176754713
