gfs-wave-data.json
{"header": {"parameterCategory":2,"parameterNumber":3,"dx":2.5,"dy":2.5,"nx":144,"ny":73,"la1":90.0,"la2":-90.0,"lo1":0.0,"lo2":357.5}, "data":
[rows 19 to 37 of 73, columns 42 to 83 of 144]
-0.06405363015922949,-0.17254408010370997,-0.057379812702551304,-0.2002698911499157,-0.11417298755476187,-0.08728106012446292,-0.02451427179254265,-0.06820478380426641,-0.17760854114114874,-0.10004064653717859,-0.011392210691886487,-0.059832515730179905,-0.047843111219565936,-0.19133275660051796,-0.005955962180076174,-0.09701375115708616,-0.13575228606460904,-0.13701133587619496,-0.15941642144913062,-0.10256798469812234,-0.010939654871025346,-0.17405183681613326,-0.14296657005342311,-0.06322059345263152,-0.08197158314024057,-0.08336315607425653,-0.04387410958704529,-0.15925868848982272,-0.020245066364400533,-0.09954591323571313,-0.025729320914308604,-0.08450540588575871,-0.18992333950306964,-0.038352163701515,-0.03930768627591692,-0.003113635450429325,-0.17512459418191267,-0.08300606567046126,-0.07908213781312044,-0.1733441386493973,-0.09459793361063518,-0.005914584458790953
-0.189751860789848,-0.1680991043393123,-0.15870652431751575,-0.06810406558016827,-0.04307136703695593,-0.015152920188531632,-0.013315900122421186,-0.0964072933981718,-0.026997526179277635,-0.06754790517698282,-0.13507120277034287,-0.07278145618588647,-0.11296757118968313,-0.14250857580313714,-0.04799322815962476,-0.030942738709695522,-0.07530242540791669,-0.13476026231109034,-0.0745935308379078,-0.1871610162407747,-0.013923590731820219,-0.11305722840875956,-0.1191495688141113,-0.08713680770369034,-0.18655418927120365,-0.08590381374598051,-0.13221330037904364,-0.14430460976114126,-0.03050589726526758,-0.1783401371070827,-0.10846124882481717,-0.09415980087145971,-0.04334502394269146,-0.18675582659300682,-0.10359250493863348,-0.030214711962682262,-0.19682534503869908,-0.041697238948635244,-0.1874245155982508,-0.09940171616126424,-0.12803893664162708,-0.09394670970481325
0.29479312105120803,0.26098372787233054,0.22474351447918514,0.3276973494961777,0.2692044843535463,0.24312287181193643,0.3508848254904287,0.27464413073275584,0.24320347359746294,0.3894482543192255,0.44739667766501723,0.24543922591239464,0.27839684821919436,0.29723475245259434,0.29664596266451354,0.46663890667038954,0.38875502768097425,0.31237399856278303,0.3495297105697341,0.3623247066702501,0.2987509390762354,0.36400428311911237,0.37932799773540493,0.3550885523676057,0.12235130686751085,0.054786473607986164,0.1553296969463632,0.20905012443062174,0.08143890846852579,-0.1004916261566885,-0.18393311920553304,-0.17034738891463153,-0.1904786008911014,0.023699896850517124,-0.27266873323945945,-0.08661998710003539,-0.39058302539422257,-0.22451179975948907,-0.30095220939071643,-0.2690001487800113,-0.23319233084514743,-0.43570422052334495
0.25905961741535904,0.1917515374685832,0.23331553584001322,0.18837277104485245,0.15630408595473008,0.33593640356224763,0.37858379812807375,0.36137540723757633,0.36567638353918736,0.26389289345708505,0.26524751478463726,0.31568741927811633,0.33937561868613586,0.3898142440008748,0.48655967222942564,0.5162544040959988,0.2476242533633654,0.37283678289046907,0.3553649938501794,0.24972311797942284,0.29519030040231337,0.46216368379932604,0.18925888418389922,0.14873558651704438,0.2630476085788241,0.30119171668530476,0.2014966579614516,0.23668366826372272,0.08834527016480996,0.19211775579126378,0.044714068672240696,0.14100092306263037,-0.2633011339941879,0.003042165503448623,-0.2918356510655617,-0.1994579671345919,-0.14946128445849638,-0.39350546653256424,-0.19461687914920095,-0.35513941472729954,-0.30601120685924654,-0.4446409104469356
0.20766418842486742,0.14698483037320523,0.21627544804418236,0.18354933419814073,0.2080930423379978,0.2859726903360803,0.2802243029714989,0.4021613589389327,0.2825805372208886,0.33178714162444994,0.3330667595110604,0.35604693917905633,0.2830756451945029,0.3354195948607812,0.2640295682510666,0.23242608799744888,0.3235188657428695,0.40440737287390377,0.2578430018116726,0.3901241802044118,0.2911688352047857,0.36357057045054103,0.2863046786363552,0.14193663213574506,0.3202440089454365,0.2239275824635638,0.11355929532355934,0.1647914808689796,0.156206127046258,-0.10960363451058944,0.08692089043477609,-0.18918692471573398,-0.05746815551152179,-0.3078210330662293,-0.13426990095328545,-0.09154603663413412,-0.15149594458997673,-0.3737003170372493,-0.41936141937281857,-0.2534691835043834,-0.42617444780550834,-0.31173836811807915
-0.20153320779583975,-0.1440757873633697,-0.06850871657838187,-0.017056249817575427,-0.14266036207992752,-0.09078644085648917,-0.1849786284814071,-0.07903787144729524,-0.12728006905996775,-0.1836013973892675,-0.2018333376262946,-0.13969949451561045,-0.062152915882752034,-0.07124466646756718,-0.008519614832276617,-0.08421778573176722,-0.10925980071418552,-0.07006199440837577,-0.015849077491900114,-0.17628206261849094,-0.04646119705513515,-0.049394286308384994,-0.09471141808535764,-0.030529390698207804,-0.04314214943163561,-0.025965133177413998,-0.07835100518494811,-0.04994750442743248,-0.1086480104559839,-0.14949274305853125,-0.06722751809474016,-0.19459745993458888,-0.009120274569918171,-0.12889868256709877,-0.09354700491854706,-0.028312358424203547,-0.13092950493397193,-0.029876752456536395,-0.16443233762900542,-0.12253272212367655,-0.026461403242260508,-0.17576137400033912
-0.30425339449571137,-0.33222017511042723,-0.2552756362235072,-0.0654422283698652,-0.25278863921057076,-0.13000357178970284,-0.28926608719286206,-0.09712958650523378,-0.2976199968562779,-0.15285028710437998,-0.32168120943561623,-0.20916076589545218,-0.2613390863015633,-0.21085125290861645,-0.11476461397922427,-0.10795697883445313,-0.25613865951372217,-0.3424947623041235,-0.20311779988169543,-0.16866122075361573,-0.1632145374225519,-0.2958855747197486,-0.28428191767694627,-0.27550145871232157,-0.191000044444269,-0.256831823937897,-0.317190125513118,-0.2551249642758261,-0.20691554756230715,-0.2026697393258883,-0.3986303539755863,-0.6475850609063342,-0.5824474844206619,-0.5685942366625771,-0.6298184377643258,-0.7505070561837088,-0.6287055237057204,-0.6314094124403438,-0.5520752182322604,-0.5261134337415467,-0.5531450960659327,-0.7290696054316168
-0.06996958501826317,-0.1907772815668218,-0.04226601621610529,-0.13108267206154933,-0.29220184012570677,-0.19033604753619582,-0.3378764924570114,-0.3319988539693076,-0.3194812297806793,-0.16727622626809752,-0.2488550670537084,-0.12319160678251634,-0.14844256596996733,-0.21209258329515146,-0.11015915400326058,-0.2272380396023936,-0.12640434570958006,-0.2778892647473457,-0.3017668629254634,-0.281563030349788,-0.15525832376309356,-0.2725512267688954,-0.2766241592584,-0.26931625850250424,-0.24834868800156268,-0.29734173882153225,-0.24872198461046416,-0.20574841287079174,-0.3140442707889833,-0.3253506794906642,-0.30894061074924367,-0.3825711260471221,-0.4568836370482651,-0.4735702578847011,-0.7750748007557585,-0.49247536677720793,-0.5371002603625977,-0.6217600801987004,-0.7541405066779784,-0.7232158075877865,-0.6931792529429495,-0.6050141678287111
-0.27372395244608266,-0.13203008557677487,-0.1026643618243712,-0.12152057549967954,-0.3046674092164964,-0.07029684726630228,-0.2653249332661047,-0.2728716165944437,-0.09260338127546193,-0.28346211067914584,-0.31761765709023093,-0.3318730784434474,-0.09978856564682644,-0.18041476329080824,-0.12557600274598552,-0.1946693086821145,-0.09695320409988448,-0.30862661215817444,-0.2723778292132924,-0.31481264137967363,-0.3217183035105616,-0.1796157747894,-0.3012576281349005,-0.29263702467930897,-0.38952540053123585,-0.30258799262404107,-0.32541529442446604,-0.18574745941000778,-0.22984337062366741,-0.28628772816669856,-0.3498329037406332,-0.7156154279382905,-0.6702945551261361,-0.8075985475908845,-0.7204785141540987,-0.6629677040058619,-0.8215567320621939,-0.5275683241944575,-0.8067251394694199,-0.7040389552883191,-0.7355344491706727,-0.5406473573900215
-0.34090619883198514,-0.18512587492704805,-0.2899076929646051,-0.06518871677918717,-0.3609163592360049,-0.06561062333019971,-0.14027767374923117,-0.1491277703246096,-0.07599081424617192,-0.24949620225854194,-0.1364496246638338,-0.2171956733651891,-0.2756797739136023,-0.28096980924234494,-0.14177010252824407,-0.18605839982439284,-0.17385444269422726,-0.22714107255526042,-0.1977553681724491,-0.3224327290287681,-0.3317987950706575,-0.27253679263809716,-0.214673826030081,-0.32411127010962165,-0.17787199220984012,-0.1859140943129421,-0.22709876920401112,-0.2008184691766043,-0.19381778169135863,-0.2696132036967695,-0.38993392809781896,-0.4865600424808807,-0.5623908133999663,-0.4916828696781522,-0.5608103445765847,-0.5705877589787963,-0.5816861703053983,-0.49094881544139224,-0.6143862738995469,-0.7224084189196542,-0.7802015423523235,-0.6376656245280846
-0.23661163646266223,-0.240244560787085,-0.18941495486227378,-0.07763621271581672,-0.07605818424956781,-0.09710708049248884,-0.31163457004185596,-0.34163265012385585,-0.24664426384069685,-0.2792920248386095,-0.3079946651064572,-0.2237143289607151,-0.14326977090022697,-0.10052315051740056,-0.24859065408938322,-0.2004854331911234,-0.13160754703318633,-0.31516177334009676,-0.3342196462433714,-0.2854729234972077,-0.3468467440320085,-0.3255127112358589,-0.35463177162082304,-0.32147238116068205,-0.3105667119704941,-0.1962733321182698,-0.2116944336325499,-0.4250981899145436,-0.2255801689449825,-0.18332427523031952,-0.28898904103723955,-0.6682322345000086,-0.6995912046974597,-0.775786927575697,-0.5123848623969391,-0.6169105345097992,-0.7798098290633138,-0.5522981731956175,-0.4942075921324476,-0.7374289573534328,-0.722094194372508,-0.7123792002198593
-0.05530467097015212,-0.05955475129672762,-0.2149039789044402,-0.07950534453580362,-0.0937102667694559,-0.21955673730875555,-0.17259652503549489,-0.20954767767871463,-0.07390497731363316,-0.10190633276420194,-0.19252220518186489,-0.0825209354149299,-0.04388933209583407,-0.14258969137640304,-0.21436965878479589,-0.180605029356063,-0.07339417344565229,-0.07544594647477006,-0.1331046186223275,-0.1657089875209209,-0.1682321430888992,-0.22342642609596833,-0.18296436951645523,-0.04872584309777468,-0.13442649607225743,-0.12951332847158326,-0.09324554842803169,-0.12993196903734788,-0.062077991762003355,-0.08167125021474225,-0.1948676849133438,-0.23149484528860437,-0.19799450383508488,-0.14215368125066533,-0.12798394096115343,-0.1043824912353038,-0.054163656549321586,-0.23707637556421093,-0.20651419709870789,-0.13672091217475527,-0.09459862631264733,-0.15126574213907215
-0.2442067543359917,-0.29779638669683295,-0.22852499015331043,-0.11174077252985175,-0.12507943278074596,-0.04550279485219997,0.054000417890165006,0.037024268819889454,0.06781638779645711,0.07581545338612661,0.15711535837724405,0.17929995033171267,0.16666110070970325,0.2914755045543118,0.1885615583613957,0.21679729357682354,0.2716747845457567,0.33967534565307,0.18343609098146346,0.25740068793251986,0.3191335987695149,0.2259522071197096,0.24996785447574618,0.2578370873343937,0.23321552390689335,0.31260838698147037,0.310549343165565,0.23231035952828635,0.1979923526257276,-0.005727795451009166,-0.07828168865453256,-0.027777124252729414,-0.2258911615222475,-0.3646014558491714,-0.28987123115275987,-0.48555944940831375,-0.5939854453223408,-0.7250426041838068,-0.643233745587331,-0.744931545667475,-0.814089944105587,-0.8606054645045904
-0.2468050715097302,-0.3114717462644772,-0.27417129292466436,-0.0784326637496312,-0.11130480639220353,-0.02787383280562144,0.03184851164583288,0.012943937704035029,0.09992086080685371,0.12885572982896834,0.15389267815181012,0.2088076851095807,0.22232629411431737,0.14919263373657468,0.2618464020769861,0.17642754108336722,0.2993124612927616,0.19628999985348455,0.24279569094873074,0.2476734590875592,0.31849645292870166,0.32222683312656025,0.2794882948323999,0.2668200059704096,0.3066285792067238,0.2657279675421589,0.21322464584228515,0.19927095475985102,0.13723044368996795,0.1485956550597315,0.07047234031374634,-0.008014017659053116,-0.1117173393447282,-0.31441166922196,-0.46420446615473393,-0.38597401652718005,-0.508868419356532,-0.7637834213461724,-0.6483118940841004,-0.8110403208006189,-0.7751531287421699,-0.844932161768509
-0.33665860076452314,-0.2938632748274868,-0.23918007280274428,-0.10020703756528335,-0.15380399704104467,-0.005341229064480903,-0.007766650646908893,0.01025437215401918,0.11911936737348691,0.09818432206979995,0.17226739016025752,0.12392308309947497,0.19820874783387316,0.22013934386596853,0.2975845693952737,0.17287746272590349,0.26496056539133644,0.23623555390375858,0.25036929705440747,0.3464745359313075,0.4081841208601044,0.35875626799035426,0.33648904603795565,0.3790440420069516,0.3316869101491078,0.2801064487942296,0.20305774065965024,0.19483381689484375,0.0638457776975548,0.012471219577675443,-0.0005009428307728095,-0.19767990285892126,-0.18854225957866727,-0.30358951560733455,-0.31364845709871275,-0.3720309138775246,-0.6717632275458123,-0.5649818365726333,-0.7616536599877397,-0.8116078862576781,-0.7183301342987992,-0.854793554532608
-0.3197262792800667,-0.17180679022683368,-0.24096020050297282,-0.1331416541337177,-0.19209850690643532,-0.13145096482426782,-0.023295743636770103,0.07341330104606891,0.0959710952520177,0.12323125442792537,0.14398250944354452,0.18273590030428516,0.21113779180041423,0.23563010181074182,0.32236439017286295,0.24157434384234644,0.2049623444715643,0.2870963629614877,0.24525576095297355,0.25526363574851996,0.3390819017487918,0.2558947124059571,0.26535153238283127,0.3663853246175723,0.28478733978287823,0.29326646819437935,0.22509030618873632,0.21237915415127803,0.14065308582322944,0.03206134891523576,-0.021651398157402035,-0.017371604547701647,-0.15115535521758344,-0.2783485831741163,-0.42980717559518994,-0.6474948791364974,-0.7262446769182138,-0.6006904475035026,-0.712341228095663,-0.7482314853604407,-0.8157011443409944,-0.9127477379726197
-0.3101717627861879,-0.3398858639416098,-0.17882403519715542,-0.1742088235102119,-0.13880181325893023,-0.10292709413238273,0.027024966775094347,0.025428357291995322,0.0792825972214343,0.1150926111520918,0.20742312184344586,0.17367336756745544,0.24543479335998342,0.1816702180711244,0.18026262017862563,0.2574238018259104,0.3270434580726381,0.3208929913347614,0.23646506050867955,0.281973664209635,0.4047408105586606,0.3312528094025347,0.39749582405236716,0.3093136929533041,0.37553762811693053,0.34023935850281056,0.1982079723759717,0.26036948610774174,0.27508937796583,0.06792546869832498,-0.03387876738573472,-0.10719023525110845,-0.2907338664023175,-0.19593253804870647,-0.45100032665632883,-0.39525318263480785,-0.5219679425182148,-0.5273955878631922,-0.9005113642240034,-0.8173023613021027,-0.906837052347961,-0.9758866466710604
-0.3465981768793109,-0.2950486592913539,-0.22639752805723629,-0.17483063060254683,-0.06365398964205779,0.0018107280594767767,-0.05278674684713817,0.05148881459410355,0.0863686459570091,0.08106259320945934,0.2022671451948883,0.1378403084947012,0.16442510604836497,0.21635758662806548,0.2738060400150133,0.2633175415477496,0.3102172609351664,0.34322500599252576,0.3885809303277994,0.3832884678214399,0.27885723423744374,0.4473140615401419,0.2404857530185977,0.39344671918594515,0.4530671818390999,0.25904533688263304,0.3150219574871801,0.1386638904194605,0.06756163189701418,0.14059620993738256,0.13633930000262037,-0.04758733812816499,-0.12140345040573519,-0.17103973202954909,-0.35548874512865464,-0.5542004415855094,-0.6908623317114815,-0.7874425066305465,-0.7623290153625089,-0.9484066475743771,-0.7784594234105846,-0.9911997148128538
-0.3289387565524874,-0.23932160232689395,-0.22156881644422102,-0.1858259487830695,-0.04741330169825807,-0.09204668391045143,-0.024266768371023043,0.015033000228131149,0.059270024816360595,0.15493652153424395,0.15322263791114654,0.2665902419825353,0.2175314976755998,0.16507880667253638,0.2243868981843254,0.31893293971890635,0.376169504111119,0.2991022449060135,0.2452296272472234,0.36554672725613535,0.3066854795827927,0.35030119203079485,0.41312847217545445,0.4481337945921322,0.27510015780588076,0.33586863439523884,0.24203497230370705,0.17331054097182946,0.07847285550959315,0.007664588975676845,0.039164377698983135,-0.11965159096611566,-0.20654360863473725,-0.4185447846742298,-0.30100452437046094,-0.5836025323017752,-0.6375697819531637,-0.687924607712622,-0.8743788839858717,-0.6943634869704793,-0.8111306779260511,-0.8748278897569761
