gfs-wave-data.json
{"header": {"parameterCategory":2,"parameterNumber":3,"dx":2.5,"dy":2.5,"nx":144,"ny":73,"la1":90.0,"la2":-90.0,"lo1":0.0,"lo2":357.5}, "data":
[rows 0 to 18 of 73, columns 42 to 83 of 144]
0.24380304410834922,0.2095231695691773,0.1555575498017833,0.1482455212466857,0.09764362570154517,0.12393381359137481,0.07882372799026487,0.12266403514502483,0.11636334101622912,0.11345523860264298,0.13182619786715769,0.17681297089348058,0.05577884310853652,0.16287485774169752,0.18282384646649197,0.23238220777720908,0.2741980975168986,0.12303110626524043,0.19130216485840246,0.20838122849660565,0.18406729705404204,0.13008086286518744,0.22089923666326816,0.23666098221538895,0.1989761326546202,0.1808812983730461,0.2631922173804624,0.16374553966405964,0.2062140687944125,0.20400282741473247,0.18740500365708082,0.2327273236521987,0.22320321486461148,0.24234505527331549,0.25953164410063134,0.4042105687576769,0.48721890189235384,0.41673041919528836,0.5639651804134808,0.6071012087993461,0.5641116856761692,0.5947445355280198
0.19834051585777512,0.17218703593856227,0.20606419753369498,0.10854548893405716,0.17068108287413342,0.11082835331495079,0.05951371780742025,0.13885562701587728,0.14557892249396642,0.15056919836199223,0.09788132101375348,0.08658734880165309,0.17161056529947674,0.11376549987318789,0.15743344960892738,0.27261633967809035,0.2642464433612236,0.17450053303875773,0.2613381773921882,0.3003204542780548,0.14240348586570692,0.29266707662859454,0.1920859979327616,0.22873127639997198,0.1720224665939682,0.28738256978125315,0.22238240733303072,0.17143649576583153,0.12630055908320448,0.25454933989854267,0.16584538262777848,0.29105057284138947,0.23227864516748398,0.28570694594197515,0.33367288495461994,0.4759817027957777,0.46287654264479716,0.5015439390455672,0.5876734571510683,0.5836141369182596,0.5503982257397788,0.5499008049226812
0.27755176010969096,0.1899031466151151,0.24410081868491612,0.19911743624929262,0.10187792295811002,0.1467496560320422,0.15829488785835955,0.15163019383571513,0.14340045695935058,0.12734162929668086,0.1448526414638829,0.11477463397034657,0.07918804912974646,0.19786666936385994,0.20149726117360522,0.26173584663040395,0.26152450751330136,0.29452734826623095,0.2293237341190603,0.281760019746903,0.2615187498082288,0.1772031902819584,0.1918007685514714,0.1669939008462937,0.28936572755201645,0.28177977013537686,0.1628994953774398,0.2840300581582546,0.29382104510717677,0.1569347538617584,0.19666568557491756,0.2519272181373553,0.22570023444110499,0.3207547137536232,0.2969053550226714,0.32627752035666524,0.40098452616243296,0.44048684702679414,0.5265083705795435,0.6679751264206076,0.5868478015599389,0.6501142297448146
0.2652334970100046,0.17265463663240294,0.16948710916756551,0.19583425336828475,0.1580002211948647,0.18176795825365785,0.09685610877598559,0.12437657978089635,0.14470021633636027,0.08379298703456109,0.060645098012071595,0.178733234341557,0.09649911426473658,0.22576168731591525,0.21794893017273476,0.19733061326152637,0.26299609365274795,0.2840831467318603,0.2131486437862032,0.34669752170685664,0.24616916527265767,0.26964099331239694,0.32732801065300965,0.1802180172680854,0.19771700112965343,0.191480897952604,0.18975752471932597,0.17225180411340493,0.24753339629573612,0.33071550909747166,0.18842967275377373,0.24118914574037228,0.27219913641732085,0.29827318959230414,0.30663681372302604,0.36509118247745204,0.5359847116034115,0.4488716000236749,0.5405981343950261,0.5452457418802124,0.6580295048022572,0.6658218615728738
0.2901639845502945,0.2809373868860513,0.290247539310369,0.18836202272210947,0.19198695953276598,0.1269987793223707,0.10343625980913765,0.21228957656486486,0.15933177854424802,0.16551203006699294,0.13630021200506803,0.23824628491057145,0.22941052645285573,0.13156679151988895,0.16626691326311932,0.12558261629802364,0.16636781572112624,0.1879010712423203,0.2411152633319762,0.3187170974582865,0.24824307541743285,0.3005148939881929,0.24513168437166333,0.3446115128811172,0.2504598373555386,0.17896739111410204,0.20599373080230424,0.20298943068163772,0.25028112871687747,0.17204852549932292,0.2123587897835487,0.31175894083024214,0.36948473968202156,0.4143680635206135,0.41685175179929457,0.3830817460348682,0.41174124803341344,0.5444397596567256,0.5827340019604992,0.6210225580080461,0.6890658284613953,0.5774697574496664
0.3267397481999764,0.24907663965083982,0.22457966551529307,0.1725920805926927,0.18542406234577424,0.221740523852435,0.0954882797627703,0.15820281329652044,0.07334412702222577,0.18896514773207604,0.11239682437669943,0.1738860533573246,0.25971253902935626,0.13889103060088917,0.2771979980827308,0.31652543375847975,0.2716736838275589,0.2934768183750082,0.3218652333300794,0.3424348649444032,0.24522825569569243,0.26961969967621546,0.3058403098653038,0.2475101311745044,0.19031267848302816,0.3115670775011929,0.18535662466229902,0.24228079766015065,0.23312018952300875,0.23930879312644354,0.31935482870521614,0.21760888430433423,0.2751317689988095,0.34798296302527404,0.41009609474420394,0.431250774907286,0.394866448915239,0.5954942059989634,0.5440937568373049,0.5618708473945528,0.5596101595803001,0.7275183544650892
0.23734530316989336,0.20308426719362746,0.12831618178941867,0.15399792443908933,0.23040321824409019,0.14286609333937214,0.0924288933207686,0.11432099568356326,0.19262894017330764,0.1064340883873294,0.14319555730191127,0.14584950644180922,0.24268071470565025,0.12418022101128626,0.15129976428168998,0.1954131469089832,0.23728174975750368,0.350169050624235,0.25701238952746297,0.2732786542098589,0.3605941939191373,0.3685918965451809,0.24610085040212507,0.3318491369037635,0.2762714060203642,0.22780079343866888,0.3213526076302815,0.22154482095115208,0.20913398499470123,0.23452128638378605,0.3271543234568603,0.27007830844069114,0.2772845684135376,0.30614966171116115,0.27711051254535574,0.41459356010058934,0.4141283867434489,0.5008429764668331,0.5409491457963316,0.6104393092951155,0.62685136751233,0.7604461225695796
0.24605666177212443,0.3413767631785778,0.23881486909527283,0.23494715432200872,0.15141360696165804,0.23621730336269012,0.14295357689166593,0.09829196469077717,0.09858621570496352,0.10181379493846586,0.1638361936477606,0.13039369840154885,0.1481103497753749,0.20793726502640958,0.1755134928977448,0.2371857942953711,0.28467417367632486,0.27434009921158553,0.3635625023434575,0.2794532284272136,0.20681524007763263,0.3153980733033967,0.22582046377029713,0.35118134386007044,0.30044924986625576,0.20112593307043053,0.21029056577027036,0.24713824075108878,0.2287310611634748,0.28889407027521613,0.29318717251542503,0.29518129836154994,0.24781843784866023,0.2734134642508216,0.3623198437086403,0.4201360932356021,0.4207035894590665,0.6079096978044842,0.5585386439228898,0.6479972439747792,0.576863590752705,0.7908714868459796
0.3644386119294437,0.31041853580191264,0.15086443551560602,0.1625666353928008,0.27445606978069575,0.12529168928359946,0.17638751589915935,0.13607100537684103,0.15767974305759647,0.11594758235310854,0.18397437785076481,0.19444552448975277,0.16213345773180607,0.157552715014702,0.27266770299071347,0.27628822471742276,0.2835777138668808,0.24231710543432924,0.2097124731301841,0.2989220040746822,0.2969467425617413,0.280164867700433,0.24678030582845856,0.4241293803931053,0.35594673683303946,0.26146979920574653,0.20483609798601204,0.304233565181186,0.34609071472419584,0.267883432897509,0.24356005318850063,0.3187145398062971,0.3743525297330324,0.34422562192080697,0.40328428857357185,0.41018253682743555,0.39977558920746564,0.5965573352136792,0.49504526708131996,0.7265493500086695,0.617485089600478,0.8116722425488465
0.3440883596949708,0.2555274064094792,0.24333283427431113,0.13289994984561926,0.19133059047140877,0.21353095391385948,0.19861614938354666,0.14319122102280255,0.12230664069758525,0.20875357511708065,0.13330414414806593,0.15285043666295137,0.1547800614985207,0.15488341080716866,0.18637674069522023,0.3002895544106384,0.28093743263944015,0.2563977674167052,0.39323860551712536,0.28787072081747644,0.28635372437027773,0.2424420789829087,0.3334828031478219,0.3052704731954433,0.41839856099183276,0.334509695720716,0.23631130120299093,0.2743743529604518,0.2049271011213925,0.26895378015314647,0.1767496021346314,0.32987867450094177,0.2584638574116433,0.2870561451858639,0.48376130241100207,0.3323526172175873,0.42517269065319996,0.5563242012638607,0.5800155449767639,0.742676322050265,0.6991985317463614,0.7995419855937175
0.28708365447320533,0.24621316076144725,0.26911086751579644,0.2004441114104407,0.25127252473277445,0.23285161907733473,0.25442196250303023,0.15889356678217761,0.11187936001779283,0.17878974325506342,0.1456870974399485,0.15929074296742135,0.25172355595174406,0.20294066291318438,0.27074059744280093,0.39306425953162333,0.39004444459664583,0.4213455723532399,0.2953450679400337,0.380534204768643,0.4290358775486732,0.412052202312263,0.26357752277426316,0.38586853095744306,0.3064521304342668,0.3385354167278178,0.32036956273432377,0.20226821390385818,0.3383735827941666,0.17433376184600127,0.2581258010699478,0.33733172214224844,0.3378373113404503,0.3968835966225399,0.36932329573687106,0.3506531007327683,0.4446195795563305,0.462620030334034,0.6822221677062593,0.5674328802371299,0.6739350124912067,0.7233553335196569
0.33808797974923616,0.20209623797037976,0.23907735065924515,0.17222343094206521,0.17325309583255125,0.22530913251447876,0.2013680132844823,0.15297280124591175,0.1686948203424847,0.2248940729121917,0.14355645510767967,0.28794600397730813,0.17173416763811788,0.16665958462893093,0.33399267118326975,0.3582546831211671,0.2621528195279578,0.33698973100311064,0.35047868047972136,0.3010944545290663,0.3781234096533206,0.4326852240584342,0.30018399701437737,0.44847051563066664,0.34425664002900974,0.2695288257620104,0.2330879348439525,0.3455578325310076,0.2769324119779185,0.3260693880587349,0.17583834637105222,0.4031037309727761,0.2102635898047282,0.33920480267046405,0.41113363929809277,0.484131702344461,0.4615737625118176,0.5313162582146076,0.6366058147069237,0.6403898430817928,0.8029818048205735,0.7741832040012094
-0.3526944060206091,-0.3350394367986558,-0.2275102415176016,-0.34902715269198764,-0.3331450204095768,-0.4215035675256503,-0.27990146461973053,-0.40947889344891486,-0.3663715899284251,-0.2622341303983987,-0.33390081096485535,-0.3815250420033004,-0.24023950337438624,-0.37662644221504016,-0.2500032140758175,-0.310858226725656,-0.32960826403852767,-0.4123168987528584,-0.22574828543719916,-0.3410557292542994,-0.315554838981149,-0.22961278291167544,-0.37567161265489024,-0.2738518540240254,-0.32597627775178506,-0.33925970614610373,-0.32769721899106613,-0.2270030875088252,-0.3266292452334524,-0.25435032706789124,-0.258062043340688,-0.3204317245058404,-0.2373823752178635,-0.2711430755081597,-0.28662362491493654,-0.39911341524046917,-0.34781063378205423,-0.4086849303868208,-0.3312505434459626,-0.3937634624707738,-0.41428838321612577,-0.4061630594308424
-0.35839549608653304,-0.3274832568167349,-0.33701882237631947,-0.34184045604836805,-0.3203379537950626,-0.4206114547813196,-0.3951417415484205,-0.3010203701880231,-0.2482998959771282,-0.3367710902565876,-0.4158834110606572,-0.32677076899872504,-0.3311264471676957,-0.2945437270962074,-0.3724445338543611,-0.43352983390427363,-0.33500022130793494,-0.2421078881493775,-0.39642426364528893,-0.259780142153111,-0.2785298527062471,-0.3791529716669438,-0.41938809446686637,-0.256257577030439,-0.3249278078872801,-0.24488419800125272,-0.28943452299692896,-0.3371262799234893,-0.4071901428006083,-0.25967867042589554,-0.2707105023838127,-0.32955768747980974,-0.38107627481117706,-0.4289784665972565,-0.41579719036850354,-0.237094373209723,-0.2847438519258337,-0.33285474137986987,-0.30724210211522607,-0.3927899225649799,-0.2977966656583785,-0.2538746495572496
-0.3829117171454237,-0.431831835986828,-0.39071297042433967,-0.25025403463686896,-0.41480904332600216,-0.2493339737296506,-0.2962424431127215,-0.33746842166261515,-0.24741533923168105,-0.3375288334375127,-0.2812561102370444,-0.4052361268988249,-0.3321099022155534,-0.2906691020956774,-0.4385762657885705,-0.4065479261821405,-0.3514480768103099,-0.35778817638744087,-0.4125687050142585,-0.37424413873941786,-0.367129893835078,-0.3375836928211067,-0.37241306835805416,-0.27708039093395276,-0.4063562344537452,-0.2546469954273196,-0.32988946958370335,-0.44328847957836043,-0.27455485703445187,-0.40787854263610507,-0.36368307922833715,-0.3736333910128345,-0.43650329431845636,-0.3219825636291526,-0.3784052814586304,-0.2902458067315732,-0.333851873785779,-0.2730033149632524,-0.306153001133151,-0.25864297983039675,-0.44187103875135014,-0.29688017425645524
-0.3146723341560564,-0.3138573041448655,-0.29860670713243914,-0.3910512703048812,-0.3658421381570369,-0.2695945567169641,-0.4408341782369539,-0.29235270892702164,-0.3400619731651146,-0.3570038608714273,-0.33240689807139406,-0.4272033867054245,-0.3270779879579207,-0.4186210588327881,-0.41046654165669993,-0.42086414774213793,-0.33257276873808533,-0.2584497248300654,-0.3200774899017475,-0.29286222388603406,-0.4007653584126062,-0.2933937542117928,-0.32201534727430176,-0.2815660070053236,-0.33748267331188725,-0.26532983255027925,-0.3434624609810914,-0.3720582049796864,-0.37347035833160613,-0.4517633836139078,-0.2736032411525878,-0.37961590542480883,-0.3303663864427162,-0.40888861466880655,-0.3687570819051127,-0.42380935829324595,-0.3034370547558074,-0.41335498203923016,-0.4059216935191505,-0.3666679552971083,-0.36681453074579157,-0.3801440575926752
-0.39711498375937915,-0.45806717078590414,-0.44394391612660855,-0.3696666769958132,-0.37747718879570497,-0.45390485897699817,-0.3133061549330986,-0.34881328038110593,-0.4519110867880854,-0.2917897004774804,-0.38249882662975526,-0.2967121632035824,-0.3059869564018651,-0.45248575353034826,-0.32446655860332174,-0.43987823447687213,-0.3515540844134009,-0.43696991158605014,-0.3087029614933213,-0.46013222187940156,-0.2804213628848926,-0.41427695963630734,-0.3619858827737551,-0.2726033963358896,-0.4051000181662908,-0.3856058574076966,-0.35111669084610364,-0.35442279685387057,-0.43066957822719887,-0.44697371686591225,-0.45687461703783805,-0.3928076566347723,-0.3103820625900894,-0.4295361032004245,-0.2843147469815598,-0.2660010271495309,-0.3202507873693833,-0.324309032006257,-0.3129253281873534,-0.3829911758818573,-0.2780392541421152,-0.30236116272288
-0.420074270066528,-0.3599241641852317,-0.3338291193488039,-0.332120914852348,-0.32578724250511076,-0.35918664161426417,-0.2986928580442803,-0.39039932702805086,-0.4404901050645375,-0.4390510146134395,-0.43940702688123195,-0.2994560245063143,-0.353513271316787,-0.3246718778779231,-0.45395521360169294,-0.3837350990806561,-0.3175411400579887,-0.34615868011415635,-0.300686707953357,-0.35895542745223175,-0.4215480902847454,-0.44333935535711755,-0.3400423700932071,-0.39558596866114293,-0.3271105038854565,-0.38411707590642047,-0.37310394780694667,-0.30844063517620013,-0.2808326753158645,-0.39885882133252587,-0.36880337397980806,-0.3702047120408125,-0.46671631319512075,-0.30073863525521416,-0.3963547862773589,-0.43253516933820024,-0.2892935649468274,-0.34427532277256057,-0.29039361575799916,-0.2956359706980227,-0.38188128941898275,-0.4454360770501965
-0.40089148545099446,-0.3080857325466149,-0.34294164400100646,-0.31288989796734445,-0.38299693153163694,-0.38841313023262625,-0.44760974698397205,-0.31922066523566067,-0.4222396910355986,-0.3587273338628632,-0.4277421687596128,-0.37933428539970254,-0.2806008285462404,-0.3807797692133975,-0.36456544350471715,-0.3353202686535005,-0.3900565407798603,-0.47486017413036047,-0.39553573962207234,-0.4348685377534353,-0.4012817406144845,-0.30928232848050424,-0.2825477432525467,-0.287210734370668,-0.3915169402499345,-0.35934544740407687,-0.32676862853009964,-0.46243314270956715,-0.3855298168182033,-0.31853009738890914,-0.46521684068188635,-0.4485382073239856,-0.3526751008143386,-0.4702476699993559,-0.2794435403104722,-0.4164328677982868,-0.3196295652784208,-0.3933689325154643,-0.3733789580099528,-0.3734283970108969,-0.3636744513440101,-0.35423259306004073
