gfs-wave-data.json
{"header": {"parameterCategory":2,"parameterNumber":3,"dx":2.5,"dy":2.5,"nx":144,"ny":73,"la1":90.0,"la2":-90.0,"lo1":0.0,"lo2":357.5}, "data":
[rows 0 to 18 of 73, columns 84 to 125 of 144]
0.6622910909515888,0.5940862206226247,0.5690023001117034,0.6117498139503188,0.5922282194155716,0.5608040603775432,0.38499252626557223,0.523354919857744,0.5032146780547724,0.2790661606597094,0.28367154561513636,0.30546477617744,0.2946791243871633,0.345466281374802,0.32492429636310083,0.2560089467612303,0.324745656590828,0.3588357221349419,0.3226080401497444,0.35796056081112776,0.38725685844755003,0.45890994129036655,0.4284822085704841,0.46171408107152906,0.33791639117062844,0.4600556194083637,0.43946882870734283,0.37493390079650646,0.354104027196688,0.3338795439097707,0.17768776138796932,0.14941199691428772,0.15431727775830673,0.14207439373617836,0.12731259784298576,0.08656487155442086,0.07461612206380283,0.12521646722700533,0.08048942450056945,0.10520975360318206,0.14088197368646146,0.2039744244717685
0.7297118956046329,0.7304066697457378,0.6687876618503531,0.6392619126192356,0.5837949795519916,0.6210421721165225,0.6049341030326385,0.40980499819225263,0.4124813696665982,0.32114299554600234,0.3700023455252318,0.3366722541358971,0.3896589382928418,0.3577137247945773,0.2963586053886766,0.33088299359963164,0.3461915435345082,0.3709898813549846,0.37162189637215615,0.4202653087124882,0.4114461101889795,0.45539401053215695,0.41969747587658635,0.3954631440324069,0.41694096775004896,0.41037547730344376,0.43874619286215216,0.364357734458078,0.33393765103581846,0.312819800649653,0.2265730361250814,0.1603504187829019,0.18093607463310524,0.10487048689269114,0.1506960355472422,0.07426938982783617,0.13444496919419577,0.0865315576060625,0.07857901623132463,0.12416654846324489,0.18174124957138477,0.17613354216184796
0.712866671637056,0.7563742737639362,0.6425666620735574,0.6341099042872511,0.5518819210172514,0.5678844883798613,0.6324715925982304,0.4109741000217869,0.32888574525133757,0.31247978690976536,0.30324589736234653,0.3272077141927622,0.25106459344668935,0.2635989165718711,0.36431368114688983,0.24751106541941148,0.3442151618663481,0.3842669994711579,0.4866853699363397,0.40333851997435055,0.4440910263456173,0.4897963670802852,0.40765859405316895,0.37651633070974383,0.3576140695270312,0.4168909061086607,0.32906502070254073,0.30938957294167546,0.2909395317849496,0.280121491559523,0.2407373611436945,0.18458076079083513,0.21890679166869564,0.12698573559328297,0.1540779028404105,0.10249131617049947,0.04846447574520232,0.14889124231769701,0.15065523891338314,0.1257034791869309,0.126723463677924,0.16331334936107192
0.7128889737014544,0.6800043800261037,0.6312491481417896,0.5169064208095726,0.49365427081382945,0.5808116974950424,0.573017753097735,0.5595563402027547,0.362887227866682,0.33715576927742635,0.34793366663818065,0.2840027216733215,0.2546210512629328,0.42213091158874744,0.46323762904247523,0.28212936665930916,0.3723391555285545,0.47518224358195854,0.5203600097811307,0.4732483708049822,0.41107911543796133,0.496290761619864,0.4970254342854874,0.4368162114982817,0.5427604923359791,0.35180553047774404,0.4308194131064612,0.3449207229271891,0.25342076880586156,0.27876680291470246,0.23355790607948265,0.24150843050062074,0.150245494525534,0.12826145278702927,0.09716301076812185,0.13223667603662076,0.07318282404653925,0.1609862087176214,0.1779229886018037,0.17747333966857645,0.1843080948096817,0.16115123574411233
0.6889177125809821,0.7441263584068659,0.7571989788598783,0.6024808120865406,0.6929734841023635,0.7273317216631713,0.4990226788213329,0.44893095077816947,0.4889775262916896,0.4169676091704593,0.3504042914732406,0.3137115143297001,0.37644256388698205,0.3324954738272524,0.3844850230665393,0.2630134038583796,0.3211442644939792,0.45587412053267135,0.4916251012993651,0.5189708868762626,0.5364697820830079,0.4277399698542352,0.5582603117993592,0.48925723804561233,0.5286346039240666,0.5452471037428788,0.33448493131437035,0.39562308370639393,0.37787884614305617,0.27173348306502026,0.30066926273679573,0.18819135129473727,0.18668255012651033,0.23148185826894838,0.14414027528461634,0.2182422333600319,0.15470335988545705,0.15139611705053024,0.12859291969331324,0.21838235316188997,0.20370862421602204,0.14687231428722985
0.704681932448335,0.6108747724218795,0.7767019301317223,0.7499946123714095,0.6657082477073032,0.47850795192486956,0.5018937895685115,0.43446769129978957,0.3189640378092336,0.42528987605325724,0.47265797223717454,0.33270838336171626,0.38563618767937774,0.4391263964302647,0.31017296865099075,0.356745058430369,0.4313354629758071,0.4201560128474841,0.4690863084556348,0.5556044783770127,0.4492001917613505,0.6007502487440624,0.4256362098065182,0.5497206295422324,0.44769500410517427,0.4204526082604015,0.4741081893601663,0.41197781944507533,0.4299968924624425,0.2631757741433466,0.3653836844429488,0.31409552390261114,0.2911129974360788,0.16377741194564074,0.10502629847043377,0.21268442188747272,0.14701586376293385,0.1745415569391377,0.14682917172090285,0.1420239273574037,0.13746764550915988,0.1762303450066245
0.722124393654964,0.6557142139956446,0.5907120064743592,0.6476054663082581,0.5674340231886615,0.6182612533268097,0.4630038641208519,0.44978264270906165,0.35444393597730955,0.36929147629077813,0.2645630354257879,0.24677491599005072,0.3814632034491658,0.43032586396738187,0.24714612707723743,0.4989048420002363,0.3872298484765521,0.5132072298330406,0.5106854146632197,0.47638562656144806,0.43054073155675543,0.5627728081551443,0.555814109457762,0.4625608482156608,0.41952519649515135,0.57372140459927,0.5051497310056122,0.3211420321696857,0.35816884670065313,0.23138264402795472,0.34698720506281394,0.22784988830815664,0.20840936681219652,0.16208404462533751,0.24391029013086443,0.1386286648682147,0.15739633693815233,0.10840203769443588,0.1342354589233617,0.12231471750105055,0.09790087523394041,0.22679449709136484
0.6517070521122157,0.7929325690909012,0.7796283209079057,0.7509741213687143,0.7110576804317212,0.5448565699955096,0.601552726741065,0.46167638856900106,0.5344275518500677,0.366579105997542,0.5113351636044365,0.2698516587185369,0.4112774997809499,0.4100622106504723,0.3233365422545322,0.4729650487722104,0.30788276231726924,0.4626842686040196,0.530552761115382,0.4926659161689573,0.5627667592130073,0.558817230653204,0.4482136822334434,0.5763020545727767,0.45431986861938695,0.4516612976206196,0.4023417963392534,0.44090690990562764,0.3646821557953938,0.2643727409870176,0.23811610254062546,0.19217766794863397,0.1951261654162355,0.16384871027246173,0.22232642131313396,0.1488122882013797,0.14830548735736515,0.16974021348639898,0.18792277288447715,0.1193204826173048,0.17403669070610436,0.22921185549610226
0.8032968662060354,0.8047235912563195,0.6619718872154607,0.8100810111827527,0.6673458292192704,0.7363182645674198,0.42271735294993906,0.40014762060415077,0.36065138780417233,0.4439930757260273,0.49010354039473975,0.32339258912904156,0.4195899054579395,0.3436858169895783,0.27298243320374954,0.40381784279042787,0.5424394822535098,0.3941955268053818,0.6066122141640712,0.5177677941408891,0.5440432987146552,0.5182339520690922,0.5408627999995068,0.565088087726745,0.5895142985728895,0.511630396512585,0.466427801906995,0.3892268545230912,0.30342086519441874,0.3863364018812853,0.303138665545455,0.3315910571491114,0.21174622789880632,0.15401751783660858,0.22359849990176245,0.08789521307239899,0.10412114544138305,0.1933965659182353,0.14521173076897526,0.1569391608542871,0.16821006934415983,0.22770260626298774
0.7621735066618692,0.7413376347427817,0.8094964970750071,0.6547246908593479,0.5331695397061956,0.5410653333379106,0.5088918513451527,0.5151794713476348,0.3469751823685262,0.5276495304207877,0.40336331345879517,0.3564587721885654,0.34709624122416755,0.44043403386555635,0.439046797565283,0.38265433864351006,0.4113788499743169,0.4547597985243877,0.4595338091680998,0.5358062046501958,0.49434311000703385,0.5243395644125888,0.5595919914232452,0.527226261517417,0.4741435893879312,0.612891301106169,0.5052038817717349,0.3438869157955234,0.4215777509284323,0.2965746638488944,0.28350173582000165,0.17859815890331865,0.20975233635510446,0.2574669682764245,0.1688076413353296,0.22418754197723598,0.1563486646244624,0.1222352250188223,0.12019358523831668,0.15610293440081938,0.14241858269734453,0.14001752640067497
0.7326893025459871,0.8607663991234369,0.8303804529960838,0.6428398252437698,0.7007066607109008,0.7580013385632477,0.7051489770196163,0.47601268055652535,0.46407371141425946,0.32504578823838404,0.5060275958681567,0.33683634202682267,0.3928205287036034,0.32869435235923466,0.459028537177938,0.4284035828072361,0.4713823274963071,0.49681536561901507,0.46198880177982043,0.4128494208289682,0.4839470365069329,0.6199821797052351,0.620065625271248,0.669323241994184,0.5711963383167917,0.5247373172261993,0.5809411372148735,0.5013682306944927,0.44788486407646944,0.39637278360266787,0.38556355987757834,0.2915004902475079,0.17744020570141197,0.22971257005477413,0.13854630391511052,0.1232421422092833,0.18997755388367388,0.19288631530332465,0.17208079246295643,0.1262439172499497,0.24839865594180358,0.24441157097039812
0.8119188815600431,0.6936280448345955,0.7022827087199608,0.6946085320140705,0.6987645286329438,0.7524341298024589,0.6676263978533874,0.617853846468843,0.435403473263866,0.4039233602076713,0.40517155086695533,0.3701759518224745,0.33680588845041887,0.4355633227319284,0.38566549778307185,0.3462040133940006,0.38390117674742913,0.5236880526953337,0.44879572390171335,0.5468359136411876,0.5710705312924227,0.49363079302415985,0.509092469336382,0.668011077703911,0.5755775638202688,0.44369090643011105,0.44692147565607904,0.5164367425261793,0.327736278989791,0.3779458455963635,0.365112862187267,0.2899921631589555,0.178519986928651,0.13948138365958393,0.24955460075053837,0.2692153773268686,0.1350612114639228,0.11372318000598766,0.14318578584295044,0.23296590718482618,0.15817206922389312,0.2543465040658158
-0.3375506144430742,-0.26691222006423587,-0.384897984615354,-0.3504918969401247,-0.2379303653845511,-0.40217208100985374,-0.3455538228293116,-0.2949540065772998,-0.40875464289543345,-0.2731806980754241,-0.40687585947796395,-0.2590952477128793,-0.33306268114208587,-0.25760770353477297,-0.2651222970975942,-0.29787673383503405,-0.30335934071028875,-0.4010010544122363,-0.22589018212213627,-0.2656042489951284,-0.36873234071668576,-0.2934039304270669,-0.23457036180602917,-0.3317793120534079,-0.38534676978855253,-0.33100178591569135,-0.38979060885843253,-0.22658374495327116,-0.3299007061992084,-0.41207096735941173,-0.30080258462889675,-0.4161136598036613,-0.23963971055789857,-0.319036177406376,-0.33019045834827215,-0.22556116985026978,-0.3914524102851312,-0.25509814437220923,-0.27084596743117917,-0.23531463821186857,-0.23172552527080684,-0.388933240939209
-0.2654886840168958,-0.2767824519967445,-0.32254231653349547,-0.3365587502654732,-0.41766136035055135,-0.3287546077652002,-0.2990294912330363,-0.4299045266453968,-0.29577689026829745,-0.38126129245189,-0.4200185627861253,-0.35164914948522885,-0.2849910274456365,-0.36792021129451224,-0.33402109841621896,-0.4246876102883596,-0.28686226680346155,-0.33644644372940485,-0.37923796055415526,-0.26316864953468777,-0.2637044241988163,-0.4306758167242634,-0.34668436789413987,-0.3995541178790446,-0.2569943853719808,-0.39937780295995173,-0.39715736534197704,-0.3153733199992605,-0.38327798001321584,-0.2553447828710464,-0.3057749029084114,-0.23664840298950252,-0.3321879662960056,-0.35406188169220876,-0.3505359230480528,-0.29316321714101196,-0.38045578416945924,-0.2684979559557627,-0.23809973501497247,-0.5176911830164638,-0.42789925710641935,-0.4504957231970297
-0.4054371307841992,-0.37559071381592124,-0.3884324927236115,-0.3501972741552392,-0.2700479682227694,-0.36479097312083175,-0.26454774343531046,-0.3704100128612679,-0.3797407948103781,-0.4105456048193141,-0.42774642608488417,-0.2853784381935522,-0.3293100267246325,-0.42214537409835934,-0.31519437292574737,-0.3564236798000492,-0.42020020448833945,-0.33434456491797765,-0.3311344584145125,-0.4418182395886068,-0.2545757222469544,-0.40153998308563643,-0.44306436732471977,-0.3878319389707924,-0.3255101853610084,-0.3052831340420388,-0.25320875140416227,-0.4077096250596267,-0.42141484246242145,-0.33400073201916036,-0.3997800169762881,-0.3709544740500839,-0.3357902284846214,-0.3115077183649507,-0.44088467729678305,-0.257088648184428,-0.3207969762028091,-0.024176606216977897,-0.5162081196632505,-0.26471384148336013,-0.3474096756586805,-0.20113941250718098
-0.3719950103062913,-0.340647663293173,-0.32924907296983985,-0.2960317523897023,-0.28345124671528094,-0.31926404275455783,-0.4282097984224016,-0.26939783783981763,-0.40841572208800764,-0.3606804895801095,-0.33211902283065986,-0.4329409753757122,-0.4087338614553674,-0.339821472749841,-0.4180214733858608,-0.30229052447352595,-0.38522661502385785,-0.3526542465872355,-0.3213138345572268,-0.3152447571232514,-0.29103598543251463,-0.30149571849583146,-0.3498987994044606,-0.28101788204160083,-0.3982463840620433,-0.3052964715196118,-0.27270225698915146,-0.4463794387188045,-0.2738899511030431,-0.4483098489685859,-0.4164880046997399,-0.340126479320919,-0.31060961772416446,-0.3289350665561788,-0.41754970501847627,-0.3406772024424552,-0.2845449921054897,-0.4427885453338501,-0.42455553322423717,-0.1485265722658382,-0.1530273339664402,-0.24642432456261423
-0.43271092999708344,-0.32228763740397387,-0.3105652579337942,-0.30539443368816427,-0.3270145096814568,-0.2691890660393172,-0.39351778010684135,-0.3034594229989431,-0.2963829764096435,-0.41282244291222947,-0.33513647150027065,-0.3490126940926585,-0.32844534359862,-0.4560554954570854,-0.2717517524598117,-0.26491720509794964,-0.4156685460246023,-0.2702533702069617,-0.4237353803532575,-0.39738946783127305,-0.4564692504961269,-0.39860392743876066,-0.3302278241438177,-0.42738249466101175,-0.335100703406791,-0.42584913778905176,-0.37198092356219875,-0.3114863484010022,-0.3013252952796112,-0.34189449104817554,-0.4286362856255488,-0.3860144160028263,-0.4327557223843601,-0.2839645713033036,-0.30164916186064955,-0.42082921898075587,-0.32210868263997844,-0.09916841254635149,-0.05738990662636413,-0.1083601605643878,-0.21887328610972775,-0.3918165602118764
-0.2790439863927934,-0.40218119917262146,-0.33770557133887474,-0.4444540461795201,-0.3291594873742933,-0.32085366928147496,-0.3605863933139532,-0.3098394048134509,-0.31508452643128815,-0.34948773918745096,-0.3048625211796752,-0.39423449731865956,-0.3553298777325277,-0.3252263046242359,-0.3872099263063699,-0.32759996504748395,-0.3103655946643578,-0.46541649299211324,-0.46917729061062696,-0.32724268650794114,-0.38912446279751467,-0.3555384913303328,-0.45838835093160585,-0.41500899227580645,-0.4554512581237128,-0.3227942226362707,-0.34641269096164456,-0.37249540074593596,-0.3571884045570098,-0.3458379721452113,-0.4320575215350087,-0.43197046727802196,-0.40363347503148417,-0.3311565026325826,-0.39198618132989027,-0.29407562891057126,-0.27689982850189404,-0.15682094928567436,-0.5217830123587885,-0.06624621175126304,-0.21911172073979085,-0.330838031255362
-0.4742597157952744,-0.3853139190678964,-0.2956786081946949,-0.3514506843752184,-0.33822846444188664,-0.28258477802765486,-0.30716510781480116,-0.37442586226233404,-0.41038604439802584,-0.28444661860490505,-0.4018351094629987,-0.29167442152117534,-0.42514362708835224,-0.31695740825723473,-0.4531546855792598,-0.3835622698588646,-0.41060688275275065,-0.37899678791170066,-0.3864046130756787,-0.45457128701183247,-0.4502488243259051,-0.47478129257115986,-0.4616936952398012,-0.38090870775402386,-0.36921384911301913,-0.30615003706421945,-0.2852944675383936,-0.4478583433695552,-0.4277147743719537,-0.38539932140342975,-0.3787479330796123,-0.44801130112020143,-0.44934725034534406,-0.32796704710104846,-0.4119434162652588,-0.3321072495038105,-0.31542126537476084,-0.517426877397318,-0.26529199894569777,-0.2146087436463977,-0.32036460672249056,-0.16095808572195056
