gfs-wave-data.json
{"header": {"parameterCategory":2,"parameterNumber":2,"dx":2.5,"dy":2.5,"nx":144,"ny":73,"la1":90.0,"la2":-90.0,"lo1":0.0,"lo2":357.5}, "data":
[rows 19 to 37 of 73, columns 0 to 41 of 144]
2.1019479122333595,1.9220700531088082,2.1028625185382532,1.9830013922737537,-0.005100803383845144,-0.003231932827751534,0.017419934815339738,0.006497101839848395,0.012830464708048824,0.020487284800534675,-0.0008920265166631039,-0.003844560198908874,0.019015925156538417,0.001254075111369515,-0.019495992941816902,0.002347144665058146,-0.006052370212115006,-0.015624472260146889,-0.011670595749232083,-0.007913138482732715,0.002794704174902209,-0.0028646387375691747,-0.0028075146513179996,-0.003590741450759331,-0.0019898792222187585,-0.003526941739719292,-0.010428859206903934,-0.007160293989802518,0.00454365944808849,0.02217664607391656,0.0023234114559443383,-0.021154286799488574,-0.0002617322885041364,-0.0179359148106757,0.00037926868544879396,0.005685124330791386,-0.0009683054959244465,-0.0178858550270852,0.016992016441983948,0.003898989182524594,-0.0015114276590080596,0.011499057062148446
0.012470742896846633,-0.011612986837397567,-0.001273411390295334,0.012916258820615617,-0.005196441530269789,0.0025357455111655863,-0.01696119228016344,0.018552823702309124,-0.000574274120191642,-0.010865909081767284,0.011002422220917962,0.014002320508215345,0.017403476452450845,0.0001660028778272721,-0.006756389918630378,-0.005344410242025474,0.008523621930820045,-0.005241627500804751,-0.0023031249141122184,0.008076478908035109,0.004762144347428182,-0.013847990382192072,0.002179666871565393,0.0034171902547860517,0.008547911053533487,-0.021592695503097656,-0.015304620780171934,0.007600834775698763,-0.0014778673068292936,0.0012925549169344665,0.006190069435609614,-0.0068754315930114945,-0.01695092056334789,-0.01287989763374223,0.008196623542433728,-0.0021798374501605703,-0.00398473591176134,-0.01328141162081118,-0.005810085072802366,0.006117283718537078,-0.01032005546698314,-0.007510035265803197
1.4513027717085372,1.4919837377357827,1.3894145505153315,1.522744163249749,1.4682277602749956,1.4684864861434632,1.4009339253058155,1.4035582375801807,1.3425192730446216,1.2950387063210984,1.4149217083459353,1.1755565950086904,1.264380277334556,1.1314502831484903,1.2979218936377674,1.1714669799791009,1.1123423497219442,1.0281308165600704,1.1247641465291243,1.0382369208447388,1.2234213611203932,1.0188269693863228,1.0600557814599219,1.048197982884909,0.8372417137231645,0.8501123795603446,0.9535125650805336,0.9089072070304356,0.9467222276140196,1.0325716956790327,0.8784699816526993,0.9672296798703784,0.9281422416157902,0.789018826048952,0.9354188092795621,0.8888423985173097,0.8639785197014351,0.8879443296548737,0.8091826754562433,0.8369848604736968,0.7663836123498063,0.7028108304698449
1.5914654390606737,1.571842776258338,1.5779191114599507,1.5853002634002606,1.4914460539162921,1.4969602775326891,1.3988388959067257,1.3468290733860258,1.3772178672343227,1.3995814566789206,1.2248842080474438,1.3338946877845144,1.2427260081456897,1.1581649928154512,1.2594569128148017,1.1307599403148436,1.1893874719797544,1.041750261945846,1.0596446212542772,1.0122310150207274,0.9353660444077195,0.8887776539261759,0.9642722146730339,0.9378839162690596,1.0161889139492926,0.9964324990064252,1.0332470481027645,1.0612612464454672,0.8793725297911653,0.9044647403331135,0.9538388193979609,0.8393109972701729,0.8182674646713944,0.9001330660173403,0.7936357161336023,0.8079464434420626,0.7722198188781351,0.7195147405278391,0.7835976392475142,0.8233493927819897,0.6989593815782359,0.7169035940013034
1.5695053130294927,1.4578959928204238,1.4483900746005924,1.5420852567602619,1.5722821386220573,1.3868730972867136,1.3078801250177574,1.3386892696356585,1.240007666599011,1.350074872012212,1.450673551532346,1.242631522386919,1.2480231049823385,1.2320550998555917,1.1302545816952452,1.2749915216490564,1.1445715635804592,1.1616579016793898,1.1616134277787407,1.067411192146087,1.0172571186874928,0.8703105647184493,0.9527652429133893,0.9970428248269169,1.0867287867031146,0.9529474683132517,1.1029648264855263,1.0807434659788007,1.0343030188469073,1.0398764272503456,0.8373605593338935,0.8678327187695039,0.9568464546949573,0.8921816137488231,0.8562041101481803,0.8185345391352083,0.8764721035233783,0.7640140516096492,0.7846816657345181,0.7023564054334297,0.8503361413395664,0.6691123229998904
-0.0018087234912428694,-0.016461361268522552,0.005187966684274309,0.009891236646445348,0.009265072272076447,-0.007308554111906414,0.003380881030448283,0.031181295421041283,-0.0012360993873115295,-0.0027866883158195674,-0.007397501240483861,0.02152769972366138,-3.58819959366637e-05,0.002471892756004336,-0.010922718871784757,-0.006415904872510344,-0.0036029345827430642,0.0042395078046234165,-0.008838105903907325,-0.00031804601801173853,-0.005433376139529246,-0.010888319571643908,0.003822824415811652,-0.007359976151373125,0.008614794880306009,0.00044967163384498774,-0.02309299097267397,-0.002216007111606058,-0.009311098068581018,-0.015608771450875792,0.0003367309292861277,0.010352359417469101,-0.03250181433909409,-0.016772311842644036,-0.0058223318290732805,0.00803235296967248,-0.005235522270144151,-0.0034411997365242242,-0.009329900006340238,-0.019505595350960806,-0.0015157088307767676,2.7486960564730635e-05
-0.7943927184145751,-0.6830727443558435,-0.8324909757517549,-0.7732856292300644,-0.7014847277667619,-0.8523392300611726,-0.7759644265225919,-0.9271591824122809,-0.950720786679773,-0.9590267182654008,-0.9724917703829917,-0.9208946768252229,-0.900126629999148,-0.9981772884474095,-0.9810030101939613,-0.9627598796926967,-1.0378192060502545,-1.0963426612668452,-1.0504587166241097,-1.1436119038141226,-1.0385532281711163,-1.0668396951762489,-1.1454425866479738,-1.013734836957754,-1.0963163003655845,-1.1664841520318014,-1.0873697014102146,-1.096464267194401,-1.0168350070530985,-1.0905286957811895,-1.0614121001155086,-1.1511781397954546,-0.9649690708166365,-1.0348473383644325,-1.1070306319512764,-1.046009172994139,-0.9746551869611,-1.0877988113542607,-0.899630635110873,-1.036429753294078,-0.9642473850130088,-1.010706979117476
-0.8473027796893116,-0.8488544108063637,-0.7370086205923428,-0.810419250801561,-0.7468994994962708,-0.8453669401999672,-0.793248619870744,-0.7898629593068703,-1.0087712819790784,-0.9258091428875426,-0.9843516095709093,-1.0106955082546392,-1.13452590477736,-1.0773713777288412,-1.1199201097125686,-1.075970729402192,-0.949831514763104,-1.0423126705628287,-1.1129867415139794,-0.9967552204764472,-1.0116967296710686,-1.084961185348674,-0.9778162110288304,-1.092452333428091,-1.2115676598755085,-1.1206290665189904,-1.1138973084475612,-1.0240614439995346,-1.0708022850290186,-1.1693933048670988,-1.0173294606154464,-1.039634583556485,-0.9581389598158948,-1.1185172957497733,-1.0152815642651882,-0.9763423514815446,-0.9479678143321476,-0.9304098968035507,-1.0366821860983515,-0.9690978404669324,-1.0196294039525948,-1.055869429412557
-0.7924440215387781,-0.7097754960538165,-0.7948695610888712,-0.7633479050666502,-0.8089430267880029,-0.8418034632552436,-0.8765763529882366,-0.8269415465717435,-0.9393318401803867,-0.9027803711537009,-0.845188407248764,-1.0162936167250165,-0.9619935026400708,-1.0222716209849505,-1.0978497678318668,-1.0107905419409515,-0.9422198447042179,-1.1469318306236946,-1.0937066379707678,-1.1303413584471989,-1.185718233086105,-1.178407601291294,-1.1395388548383247,-1.081117936343471,-1.2053063762598448,-1.2225761379328217,-1.1234151295730472,-1.074621177551065,-1.0642862966898667,-1.1221678472101413,-1.090642719393392,-1.1195214342391726,-1.1687006848910884,-1.1211398271629307,-1.1289016872674897,-1.0880880817478742,-1.0500464521896784,-1.0516841295692714,-0.9954663639357678,-1.109925383637742,-1.0786863914142084,-0.9234453717936446
-0.8238291340025081,-0.7089454174071795,-0.8759770046824754,-0.9595952518986101,-0.9680532353414865,-0.7718222128995638,-0.7555566963129099,-0.9801757352008987,-0.9112735404985974,-1.0050147535362308,-1.0842303285332702,-1.0860150050346609,-1.040333940706193,-1.0860029276550789,-0.9750221390699347,-1.1681511518941334,-1.0560764839281798,-1.1422424329313463,-1.1504208619005671,-1.0936715109030966,-1.03613328431511,-1.1360856664127725,-1.197871120901876,-1.1592109210421409,-1.11405727681147,-1.2118698381985715,-1.2047028487337081,-1.1169946472519823,-1.0576667251556768,-1.2030732780741527,-1.1918437732793632,-1.0222740211965617,-1.2132937103680428,-1.0121221888835443,-0.989844134089375,-1.1110535552900127,-1.0493757983568655,-1.0793932117295364,-1.0338066952439118,-0.9640686864828967,-0.9945759387857254,-1.0092283224870138
-0.7219340447060131,-0.8011665545327799,-0.8962138270190902,-0.7299684535601556,-0.9058600133798657,-0.9529047323364054,-0.8969676566981993,-0.9578545023094808,-0.8513512001145395,-1.097197234811462,-0.9345989586879202,-1.0345523783737964,-1.083484336324655,-0.999320034648496,-1.0824251697215401,-1.001060294876468,-1.0961597877699911,-1.060787790439701,-1.1270766919328636,-1.1152522315809477,-1.1332198725492184,-1.179670368370632,-1.1197678723060138,-1.0644215345458832,-1.1663251357568294,-1.0463127116437012,-1.2027294324972282,-1.1866242639565499,-1.1465136878152813,-1.2187817207257845,-1.100339677211643,-1.160240294062965,-1.1332961307451523,-1.093519865911413,-1.0506529468710373,-1.1184694805295783,-1.008583005505123,-1.0232953415053487,-1.058005013129269,-0.9547095819343048,-1.0612185974655388,-1.1019509290360758
0.010898189246408216,-0.0265136909184679,-0.02609525295477719,-0.015856359281931517,-0.015524641050676111,-0.019841147720380117,0.006099534719169788,0.02644321578276017,0.020960906031860477,-0.005298999042196769,-0.04087717477343404,0.017273132603559643,0.009058937461513455,0.018942313249355223,-0.006993646733839963,0.013040752434630109,-0.026987891681169166,-0.01648945424865568,0.0258778574906603,-0.017281362934842667,0.019311561449804306,0.003958222704573761,-0.0220682204193898,-0.007102835983822828,0.00660081166129469,0.010668034882811641,0.015377053969652357,0.04279549523126077,0.027986662569149376,0.010043519515724863,0.03172852715788942,0.03662476706672163,-0.037647510778737875,0.008212807547321326,-0.010932566041471647,-0.0012964994749021022,0.009467107872723915,-0.013001468011973261,-0.007530806566512527,0.022381888781631474,0.02180651716494348,0.014244043786295483
-0.7374389796164544,-0.693339286594625,-0.7345562781875862,-0.7518597996609151,-0.5808020319626489,-0.6263554465417193,-0.6043225739252515,-0.7583695517663942,-0.7157593638423576,-0.44480888735603696,-0.49269005756340994,-0.5862325422676804,-0.39945807070926276,-0.5799608290038036,-0.4202444558189217,-0.5844145991232845,-0.6694976819530226,-0.6555466166971807,-0.9231687394591749,-0.7616404616478879,-0.9386542349525553,-1.061109585837622,-0.9276536751829945,-0.980492622513305,-1.0417685749325725,-0.9470544625746887,-0.9234973415092348,-0.8666874040551801,-0.695885665398255,-0.8173068398538745,-0.6323016897313203,-0.6363742474856445,-0.5122751246790171,-0.4002946207507319,-0.5453098235364091,-0.324667093568105,-0.2358842086770802,-0.3991830198055543,-0.2713583963189874,-0.39710810589100537,-0.33283243442582194,-0.3887095585968106
-0.7240109542857767,-0.8147759769570956,-0.7027632531430507,-0.8528649981929178,-0.7860103385008674,-0.7047713748419211,-0.5360919262872423,-0.5358716446218189,-0.5322984188826332,-0.3858821610337977,-0.5866075406847775,-0.6147816070212,-0.6005758222697885,-0.41092232053535727,-0.45169858441592364,-0.6959499738994914,-0.7926719855321771,-0.7240933435151917,-0.8379274767053724,-0.7849070517941308,-1.0731138787033039,-1.0014527232483017,-1.0994358267122009,-0.9767690733806504,-1.0065074106641065,-1.0669851949905962,-0.8841910783099824,-0.9575877041527597,-0.8168991652166748,-0.7060999124489502,-0.7695994368403879,-0.6117049039695956,-0.5351437308935777,-0.5145962463830681,-0.32832426351927724,-0.3493173017502876,-0.39239800494036814,-0.3532097778980336,-0.3460145370350929,-0.40996879926020824,-0.3289221796436074,-0.42200967369349845
-0.6725379493173544,-0.684237871843229,-0.6835983027828311,-0.791568046179884,-0.7258107914428613,-0.821128600461407,-0.6541908404858922,-0.662041899363361,-0.5732222767543637,-0.7634805903837512,-0.4857115253024219,-0.4392847837287542,-0.634406913736869,-0.5472060858878421,-0.45099659427327304,-0.6793043670425774,-0.79454090444237,-0.7427647845121265,-0.8329916175281772,-0.7971175295302966,-0.995371833396613,-0.9151088943493356,-1.049950056912836,-0.971838472519735,-1.0836860509621071,-1.1092299715262137,-1.1013412461636358,-0.9950720963922922,-0.7492539060375116,-0.8728634670786215,-0.7691847845756159,-0.585058657445786,-0.6107077703509942,-0.6000505822619194,-0.3109811285879092,-0.3733310552845977,-0.389880666832855,-0.47850309716004535,-0.3995347395763519,-0.2726051310488598,-0.3347664966659006,-0.3514884897433677
-0.7639040249347056,-0.7840647726766302,-0.8105550205612814,-0.8046256546076777,-0.6873878823596065,-0.6179078827679366,-0.6326149611717562,-0.521431185599173,-0.6412823842398316,-0.4902635942037771,-0.5062982980332461,-0.5486973385403889,-0.6212079925390006,-0.5722401242659719,-0.7071706626731795,-0.590979285884905,-0.7511994483609711,-0.7088399993532745,-0.8377109996961727,-0.7595607027362288,-0.8974752714374536,-0.9804983465038812,-1.0976502125141745,-0.9969850667186704,-1.1546919706515166,-1.0759976075675903,-0.9557142224129929,-1.053841483709616,-0.9203218032540803,-0.7373496787137351,-0.6924748664103205,-0.5907970005779585,-0.5446635148397998,-0.4672345318570393,-0.30422032258273,-0.3356197028952432,-0.28308028386029166,-0.3704445148386961,-0.27423484461983155,-0.4770739361906032,-0.43342268292322095,-0.41921787424428425
-0.7375634679864281,-0.7600712843364114,-0.8280795990880487,-0.7246813749754102,-0.8649233402584227,-0.6407039026488837,-0.8138136978693383,-0.46932492557405636,-0.4685292594973023,-0.636059037643213,-0.6028963959413511,-0.44490000735376656,-0.6052064600779883,-0.6094750772570164,-0.594062175966664,-0.6837531210868908,-0.6014995059314059,-0.6963300693515796,-0.9442205562286514,-1.0346401043092015,-1.003733381185775,-1.0018961501246397,-1.079841998095801,-1.157538677126905,-1.0477537346516754,-1.0911539427448482,-1.034280605361492,-0.9435157544418067,-0.7801258154059812,-0.8696866593873402,-0.8223505191428102,-0.4962654014086193,-0.4201750828156188,-0.37866357049286076,-0.4539905853271117,-0.27162911919989113,-0.3578714786980504,-0.45441894352491036,-0.34073012877135833,-0.3683270183110246,-0.3019128818889355,-0.3575963894100931
-0.799985279962543,-0.8040874084046565,-0.7939647404830363,-0.8970462637515311,-0.7980773823406232,-0.7134498524242563,-0.7706605718688903,-0.6556024933960815,-0.5886623712398047,-0.6234561232202013,-0.5855956409508839,-0.6479667911224409,-0.628104692549156,-0.39378217038295277,-0.5604555517869506,-0.6254861274149808,-0.7669706233171558,-0.941888832489123,-0.9385077831800027,-0.8982223797998198,-0.889887605504904,-0.9951558998857427,-1.074595535768571,-1.019278167734686,-1.0900362195947788,-0.9953076697171611,-1.0364808299362243,-0.9595721510960742,-0.7226773139217333,-0.707669065769587,-0.6866058837246318,-0.6302509469145466,-0.6230741651941293,-0.4880724790368745,-0.4523087453915897,-0.4556394011665067,-0.44610479534119446,-0.40992362373768654,-0.267096257616395,-0.3104997802836488,-0.43052499261979815,-0.4600720539733833
-0.6869973909273457,-0.7422828307155257,-0.8725193348083896,-0.887690278988626,-0.8297166760602932,-0.8873316797928299,-0.624506673217583,-0.5827754331300433,-0.4941989115467646,-0.4521853885090543,-0.46072094286295806,-0.4919758386160101,-0.47622155556842805,-0.54951164802151,-0.5977868658554917,-0.71564651742445,-0.8302128382025418,-0.810518883325028,-0.8049567358063442,-0.9161265424138471,-0.9771212348172097,-1.0060477074654757,-0.9854376750071091,-1.0586881700386281,-1.0172633810753764,-0.9931973288262403,-1.0463352387410179,-0.9437613918263114,-0.7975120010080152,-0.8156848198753114,-0.5979322023668292,-0.48654990459918124,-0.5960327493203943,-0.5858047423836468,-0.4146372852558735,-0.469279926841266,-0.44214052981447377,-0.30769992679086716,-0.36771150064303143,-0.392260166850263,-0.3910889161054179,-0.3211681279501671
