gfs-wave-data.json
{"header": {"parameterCategory":2,"parameterNumber":2,"dx":2.5,"dy":2.5,"nx":144,"ny":73,"la1":90.0,"la2":-90.0,"lo1":0.0,"lo2":357.5}, "data":
[rows 0 to 18 of 73, columns 84 to 125 of 144]
-0.09516505995593182,0.1609419181507143,0.2641604508347009,0.1988345125409473,0.38942888978131746,0.4731299902486874,0.43518420962858406,0.5231654646468714,0.54796289717974,0.6623035932131979,0.5565763148113017,0.5114017535969134,0.6432450686353774,0.4947612758653706,0.6035566718033909,0.5740635874561444,0.5369087967704672,0.3844985023255056,0.49864881863215715,0.3472890959313522,0.22247764477637805,0.17692514302040468,0.07304158799739936,0.12112506565872012,-0.001546829635199713,-0.02150781094043534,-0.0710877570083554,-0.11626246265524559,-0.2180863927426157,-0.21107422142896756,-0.19557295647500691,-0.33996835850327045,-0.1907438298013476,-0.34705171841698873,-0.23805523610361007,-0.22726896157917154,-0.2942288112640803,-0.3156515958721159,-0.1884134704807426,-0.22209341414103506,-0.17785859429562254,-0.13050961423430768
-0.11766613193862666,0.1259851916406739,0.08191918309243366,0.3609563304895299,0.37523506954445734,0.5226485309828721,0.5503589491403812,0.5448592052872986,0.6355813723829774,0.5986949455220928,0.7003619684931187,0.5211863372448555,0.6764282195257334,0.5428549677303033,0.5366770061667404,0.5301392345246987,0.5405533632167319,0.4827040426725925,0.36109118453040484,0.43040451400812635,0.22513042023638116,0.30068809364963306,0.13236107575121184,0.04425943635870597,0.004405329127575757,-0.061663456797164846,-0.04988054876590535,-0.10006198851095796,-0.2238929585075263,-0.31353333540090755,-0.22361226187221486,-0.2955945340992912,-0.2572170186838331,-0.24866334087259176,-0.23556827701130012,-0.21347815695290567,-0.18771223947454516,-0.14303649925038925,-0.2259178969584566,-0.1414535731497305,-0.24019457167707559,-0.13017998477054896
-0.067686650184811,0.09385481881513148,0.17435858426617737,0.19346979284479573,0.3702179889633888,0.4486128886861811,0.6031274528724306,0.5088968138771057,0.46458646847328916,0.6332406301725408,0.6386446345147891,0.6257926493275731,0.5538090515918064,0.5957188463960608,0.5616529096246093,0.6372459599752432,0.506631463828627,0.45253597472354773,0.46512902196122835,0.41500546266798893,0.33287959223915886,0.16842128172165027,0.1253245637594706,0.12347255581983885,-0.04072112192940065,-0.12849816081326754,-0.13837588662015923,-0.16807934744796807,-0.18907775999554866,-0.24860004106964423,-0.22907024702185297,-0.1745592932017517,-0.284779199185206,-0.24989480610648593,-0.25159730960659793,-0.28928290144706814,-0.1965616135769187,-0.1609179998829571,-0.132558642639563,-0.2779271947775829,-0.2823539616725172,-0.11614128303649632
-0.04160937760174118,0.07191815183499772,0.08823144745996432,0.1984046576912435,0.3636761049653339,0.30416231607425387,0.4940174012390555,0.4773540853072047,0.6869393881903353,0.5712572081529894,0.6510219032745097,0.5529678143024385,0.5722270434268292,0.6109864100687787,0.6823090488671315,0.5009882568644306,0.5050228818725133,0.4487275308911587,0.36734646801794746,0.29265334185657765,0.3465899905999901,0.24758668385150706,0.1729428247636599,0.024658555529953642,0.027589027386657663,-0.06795699484541733,-0.16380664423980634,-0.12327091993137579,-0.25435681647844655,-0.1399562142865105,-0.18662046060079926,-0.23207579612637447,-0.22986340696137164,-0.2101931328303387,-0.2315071522211365,-0.2711651548338569,-0.1444793980743741,-0.23345344071941937,-0.20343912265922215,-0.15352544317692057,-0.2603605682755117,-0.1486094225826988
-0.02273017088029026,0.10824904648127079,0.16724637275791945,0.3499521245495434,0.39085792025924987,0.5601442381856115,0.5542430523943374,0.438852289037317,0.538617740082867,0.5836030971891262,0.6632705550866178,0.48786962500197917,0.5490340888014105,0.6084631043086642,0.5414651987648937,0.49726468311373684,0.4333825786198413,0.44596814336400237,0.34710824879175484,0.3521615374945078,0.16525498226182547,0.15740680080705577,0.16514360294952488,0.02869417972073144,0.04051329565152661,0.004174203336818327,-0.08178198255920978,-0.11264033789756504,-0.19582265819103545,-0.17739931022153607,-0.18982222406086108,-0.21122696119502646,-0.21171271230733535,-0.13235015038781747,-0.17904886333072964,-0.20575967804923592,-0.18848743257215483,-0.10038447440390774,-0.26153823618775884,-0.24173481629595642,-0.11159406051341349,-0.1713230584227061
-0.10393763248783895,0.1778612358203854,0.28254490728162607,0.2894527575307331,0.35494483813717537,0.43804752234779265,0.5042990709094268,0.5532659051484856,0.4499205880951331,0.46149370338769663,0.5880608968785533,0.5731241562576578,0.532178798385998,0.6560435931190182,0.45451887757642606,0.48092817609190336,0.4568568289625783,0.456737435708787,0.3591326443708923,0.35713375088593785,0.25443740421735345,0.18603483605775994,0.16082216903562307,0.05124890038968618,-0.035455388925473875,-0.01894071812485792,-0.1356670123026946,-0.09840032627203406,-0.20215377707747803,-0.1406294009499131,-0.24760196707414128,-0.28679580283247313,-0.2386740441164963,-0.1265984915564098,-0.2129811814095164,-0.24158003009800794,-0.10484382405250611,-0.2653097139046524,-0.18544487422424866,-0.17280133336016987,-0.19016237650539577,-0.17778326960732058
-0.04920236745172271,0.061687600603364874,0.08948028249813487,0.3174775422495887,0.3536120493842895,0.47041066572554985,0.41379551189875985,0.36575345651660596,0.49307360485143503,0.5447053808191258,0.5716722482200522,0.5074392187179624,0.4662966684389447,0.5917486687851019,0.5946322492465806,0.603898013146626,0.4273336065119018,0.3900651816343033,0.29452510103461615,0.2117241129357619,0.23770000650774523,0.27645057273619245,0.0962608988999162,0.08484796466090544,-0.06064072968994221,-0.083387290278074,-0.06708069490722707,-0.16989107590268096,-0.2332516774948698,-0.1867942736770294,-0.1295310902550966,-0.23749324207321562,-0.19898928847170105,-0.2493996107149077,-0.2512766318813135,-0.19024060021365177,-0.18967492707692343,-0.13528985313432765,-0.14016052245641206,-0.17897767422712318,-0.0742128892522759,-0.18725250819179912
0.07266849597581912,0.1535207095166829,0.1290103803921141,0.2254205712814347,0.34340488270027203,0.26413574253257827,0.5532796181101155,0.46677220223297533,0.49614613593801127,0.5534580413201544,0.6391515738601605,0.5238662776602389,0.575042341046842,0.5084277403367133,0.566413380783621,0.5174406165072096,0.43924751057900385,0.34841902414195125,0.33867133106554875,0.2596864687232044,0.3652287945689316,0.1519257061154461,0.12388302235258994,0.013810596962614984,-0.005110966855352962,-0.09056207643941105,-0.096991257933639,-0.14784411202539566,-0.19208862063646517,-0.24675838813133816,-0.2316996012451083,-0.23685741089340287,-0.17867399682246204,-0.23727039835240368,-0.12166625861589157,-0.1701987615275822,-0.16510822237219575,-0.08385151877967878,-0.08278373281135445,-0.1544455269919602,-0.1969246535335732,-0.11891962398150135
-0.09174785832096076,-0.002806868799681876,0.10715952319642981,0.3260289441049241,0.34038777564590694,0.2876820620812405,0.47630006938722425,0.5574479065590243,0.4700105795354653,0.49025144468285825,0.49939318176024583,0.5021033790262242,0.556490378764897,0.4353965614770196,0.5524257376020576,0.4456032930320251,0.4581720090159882,0.5255952848047507,0.46343118531824806,0.29873263300337066,0.20079754826254442,0.14633166017322882,0.20482581351402346,0.032001437555689564,-0.041550173773554196,-0.011604454700053772,-0.12670995197075222,-0.11953766230009372,-0.1726932336798356,-0.16321424824490133,-0.2212832837966603,-0.2094443842045645,-0.13239494538447022,-0.2243297462052177,-0.19943483800755826,-0.1317582219532622,-0.1125452408287359,-0.07486008324933795,-0.10880504657527372,-0.07974764042052475,-0.17138243291292202,-0.09881763141321463
-0.03014291673836671,-0.004581255106231438,0.18023472795336598,0.3225688687934419,0.37445119800733145,0.4082293496183138,0.394164247460077,0.3918226558079744,0.543636818149715,0.4343670207290157,0.6181357601402345,0.47491348959606844,0.5196796531326459,0.49244721528730606,0.4651103809571181,0.5741658215061372,0.35287955287989786,0.3289554057055072,0.4084255908843554,0.2674240643468544,0.21310298528553184,0.16561568604697838,0.0598440432071064,0.013560157344191503,0.004282576665659947,-0.0838296125846172,-0.18268865405367343,-0.16681887049507707,-0.13065603754697416,-0.17587939547519751,-0.14691535503260114,-0.13506533242265595,-0.16832965917313614,-0.19686081347984735,-0.1472259700298889,-0.13948529790596095,-0.14682395127443512,-0.20874665448835447,-0.20597247751815084,-0.08371589539601099,-0.1762584780165766,-0.16482040049595878
-0.03820137842876928,-0.011302781086822604,0.14545775685699835,0.1553436063278977,0.4333632346939021,0.4589628691121532,0.3472195947465753,0.44383656533231436,0.5109408677666701,0.4769604486130171,0.5909787257154662,0.42466318317894935,0.5076328709340515,0.5297306851177835,0.41736486230058706,0.49089790321803234,0.5078176704055487,0.3946817312962047,0.31875868334160584,0.3698172108257497,0.15980163657420027,0.13414626165099067,0.09702662409411102,0.06124955920921989,-0.0739954470104036,-0.03689780320026745,-0.08839117133533947,-0.0663465935300385,-0.14329676488210438,-0.14204495611744183,-0.12196304771008816,-0.17058806081748035,-0.12302210619326515,-0.15054447788627895,-0.1995037336011139,-0.20842489815805265,-0.12321657655432772,-0.11006534211125553,-0.04032925719570393,-0.060678441814891355,-0.09862035101888277,-0.06522064784036341
0.09186925711988861,0.14583309365111244,0.2583110423603553,0.20364722782634426,0.34228997265526434,0.3366636007349634,0.3928947570349177,0.5281652867531195,0.4525263834603386,0.4464344070719926,0.6008793358784378,0.525997940360924,0.5972450022859275,0.47099263088617466,0.46470874211099356,0.44723950940483365,0.42818847787848513,0.3578224256082184,0.364288225387565,0.38776698479817395,0.1572518140111108,0.14341539522727392,0.06823649210190928,0.09077246818494344,-0.05677556534723437,-0.13525531636537222,-0.15022015511000616,-0.07187639720477763,-0.12977132363908694,-0.1407694712074582,-0.0918412573447611,-0.11948125530685857,-0.12678900607146426,-0.09250175945528794,-0.20089770746603355,-0.12644144025409712,-0.18080452013454923,-0.08853086386825756,-0.07822572506841476,-0.09641085898012927,-0.05981608742532232,-0.04001635700060587
-0.025623060003324222,-0.02600809265602973,0.0012738115970289576,-0.016346527357198687,0.017343691836271873,-0.002242776687822419,0.004136563758512513,-0.010256079588069874,-0.02706362476130534,-0.024563343633201257,0.013325353322427175,-0.008497669359722206,-0.005575251403760137,0.005039911272519851,-0.009570005084851734,-0.008629510340881297,-0.006847800006209533,-0.020819083772419835,0.01489922726542248,0.0010414544762369644,-0.012573623997559267,0.01326312376667142,0.0012503177612819007,0.0023941400086646887,-0.0015076945132242088,-0.025149306233117508,0.024582762290290782,0.006798339620319387,0.013711112655887576,-0.024116071383446135,-0.0035846192596804814,0.03100850696732191,0.015544755425016123,8.504545839235504e-05,0.0029803523236949245,-0.009792136052900984,-0.02428381203368305,-0.008621702393805258,0.0026299805330856183,-0.00902070644793364,-0.01843576566113367,-0.02489735418716927
-0.008192524911692443,-0.00328158154436024,0.018859118659407186,-0.016698619319089184,-0.009491320325092423,0.0006219461083492274,0.006938159816250265,0.004454224158194333,-0.01040177512928368,0.004645088048938845,-0.010258286079820432,-0.0027048987243765347,-0.02701844975140269,0.0007995439843567236,-0.00866904675566992,0.001606615681529858,0.010775498252577821,0.010530633148010612,0.029361158168976595,0.024499930239956596,-0.0014120224900357548,0.0012415730183788908,0.009370218656902256,0.021240008058362344,0.026871277694682522,0.02160750791684666,0.007275785505134889,-0.02417246251254434,-0.004525686559029699,-0.02652264065356665,0.03189506873996948,0.005082977658575005,0.00039978279578585285,0.009535119251372046,-0.008750588508580405,0.011488119396834836,-7.191965398821945e-05,1.3268438803015221,1.4623249938505616,1.4635559339923092,1.4349104982275682,1.4500731528296014
0.014124554012819606,-0.011364237372672654,0.019670841934786583,0.00595985074123492,-0.02145238148336044,0.008545049076531539,-0.02491497929610035,-0.003943161036205369,-0.008578090835775345,-0.012199250329312992,-0.01571208311113616,0.0012170514616897145,0.0047032454849731545,-0.004376375496331813,-0.005099215880697704,-0.018768733142596812,-0.0001585105782693102,-0.009452235235292338,-0.0005428878628433852,0.017889393069719844,0.011787545651574066,-0.016126858595975544,-0.005092775190233343,0.02252310500205233,0.01720005497948406,0.001189004136038466,0.002815087115212671,-0.01886625224915572,-0.00828973921428602,-0.004923309442552252,-0.0037609735152761017,-0.0016433012496496467,-0.012308348272875571,0.0030055631133656846,0.02073723592532454,3.829686976175316e-06,0.0035642753456522716,1.482440887446032,1.3856984058743345,1.4720877782243795,1.5796555680894984,1.539155423033571
0.011864830157641733,0.003868903981744424,0.020572507207462724,0.0026216769868629033,0.00367207470757541,-0.006911399060561666,-0.020147831584209953,0.0017491461492742087,0.014578471641769817,-0.012148056771304844,-0.0180370272477892,0.009467414806276341,0.005035435306496569,0.009554652055108756,0.01010595467054072,0.007449570942733341,0.007692644177961969,-0.005189268639126197,-0.000882700441268391,0.007403882468136976,-0.0031349503439649117,-0.015840663065525656,0.0011216542033645393,-0.025701008929539425,0.008815836732958467,-0.01634867441217761,-0.0010178510389234837,0.0009932102771961805,0.023756329219917004,0.0014217000487145878,-0.004498057532698836,-0.015493404418902868,0.027024111039038203,0.027119874828074063,-0.00016590007129911992,0.015587859922894994,0.015388909479772183,1.2914800435976919,1.454366968985563,1.3586265207474828,1.490249002135899,1.5693749892800855
0.00011471874722600277,0.006359753743152403,0.014019487808164996,0.015140601881617331,0.009264481744153476,-0.007371784505173824,0.008352523405250502,-0.009338735763137235,0.0009535668679634015,0.007872010710947964,-0.018183638214558494,0.00026105035853170815,0.002374098187949693,-0.010074871140502784,0.0033553588959683886,-0.03151433432031648,-0.01530376567441073,-0.003070995260852081,0.004614123950332821,-0.00035940186132659026,0.014548000509835866,-0.009434546949357428,0.0012866954664804409,0.002840851187233563,0.0010321936432621712,0.015624236266613307,-0.00570278477308961,-0.0013817284625815347,0.002078193244631911,0.03166138475306315,-0.013138819581372986,0.014553273767861353,-0.005228099855457684,0.023049647206702165,0.005344036839621118,0.000723020777097343,0.010328363123311176,1.4765714389274514,1.3555566270794652,1.5325418537996855,1.6025470885642867,1.5590797690066454
9.450236715962094e-05,0.024787881188616284,0.0003013990281949767,0.023087808809686833,-0.009327848621426457,0.0003183509841103308,-0.010198182852752204,-0.020024848342598694,0.0004503378366306823,-0.0017255908583473326,0.008777716865768212,0.004817589888271309,0.006929590221504282,0.027778032807831494,-0.007322987403461685,-0.002743709285470874,-0.0017615437957454604,-0.0010178712718658177,0.009825798467618855,-0.0060537392534650535,0.0012280357991877947,-0.0001651745967484145,-0.02313952908972119,0.003199591869578278,-0.02330046219469936,-0.0006169786996404723,0.013973059055310325,-0.00477387973667876,-0.0014641379355848166,0.007568975525138276,-0.0009872363159419912,0.017635573067551563,0.01623087003475528,-0.010821984142829177,-0.0049229137786265574,-0.003634844672076108,0.0053128842612014246,1.3890856855762626,1.4071318052624393,1.5117072242715337,1.4109386558225796,1.5660792149935812
0.013763886381031112,-0.0010921823591867658,-0.02935391983101724,0.011571006060479373,-0.012311176087970135,-0.004011291444413695,0.02524792561743523,-0.0013173821455338185,0.006929064456474107,0.023409404473555617,-0.009167016325380377,0.005755041851885247,-0.008730208501005492,-0.0016106309103858163,0.0004079932124536946,-8.95889865490908e-06,0.02302121117048263,-0.0025156685949289464,-0.00033408272715335953,0.0046838365354593715,-0.00927530701110018,0.013648550306032776,0.007582578225729041,-0.013895033920078122,0.011012162050349984,0.003330323030160582,0.029339935259857442,0.0012321352543848414,-0.017245118316154273,0.013684839417700455,-0.018708461237267902,-0.02086754366016614,0.018852549604764447,0.0015636684576098006,0.005515954397341657,0.005484396710885148,-0.0010839255726197343,1.2202888096206643,1.5086736163930559,1.544540869009745,1.5509681567481428,1.4629047288032446
