gfs-wave-data.json
{"header": {"parameterCategory":2,"parameterNumber":3,"dx":2.5,"dy":2.5,"nx":144,"ny":73,"la1":90.0,"la2":-90.0,"lo1":0.0,"lo2":357.5}, "data":
[rows 19 to 37 of 73, columns 84 to 125 of 144]
-0.061494596388910625,-0.06720944329340262,-0.19592937367554755,-0.17697999585183238,-0.08039125868268547,-0.18524884039760584,-0.16783508388437948,-0.019224386571847607,-0.17125195306674093,-0.0708188235469225,-0.0034943043606718706,-0.16941172792610387,-0.148955584853619,-0.18972759278388332,-0.08497219881432105,-0.17819959108532848,-0.07563902652954203,-0.11715405463640904,-0.1249558804248577,-0.1610485710402438,-0.09993631880755233,-0.14519699795613428,-0.05570954114139666,-0.06360454935379464,-0.10713599652055278,-0.044951345088486264,-0.011315115785894335,-0.09325656864287138,-0.0019481257517588216,-0.04292039592559663,-0.044584133406286044,-0.17411237995607015,-0.18484163528014727,-0.1177810505797869,-0.017151715412099002,-0.0460175212283583,-0.18924980722807472,0.414385548259324,0.012781197179453162,0.34275714902477644,0.1287451918907139,0.2542677044136506
-0.011973999135937361,-0.08489946101718761,-0.15231665011644727,-0.013992308801367172,-0.08347484156758166,-0.1597945407300093,-0.07079228913946917,-0.058032965191749296,-0.08605267396693035,-0.17865468808545887,-0.17537218910480598,-0.06919923392511913,-0.08229991532876697,-0.18924830617001506,-0.05510234676565238,-0.041944604837834125,-0.18201824610515976,-0.0352514971262917,-0.06663287148883293,-0.08616416889363832,-0.10869419181104771,-0.055504036745895116,-0.01741162298467501,-0.060176884695680714,-0.12919776484179513,-0.1320677188441014,-0.18341581624499403,-0.13949151546439892,-0.18921358763734594,-0.0895122616815388,-0.19877537364795003,-0.022175095773780837,-0.18135759026297144,-0.12783975859955346,-0.17729145383099235,-0.013515909872074494,-0.1911006043035637,-0.18644474890793,-0.14042634870582832,-0.04401768583914802,-0.17041297256297921,-0.06118429131936455
-0.4238593093214561,-0.4420936058955631,-0.35694647460601236,-0.33718441154086687,-0.44132214001265396,-0.4749375454343697,-0.3623157466435083,-0.34749921999422106,-0.48564859383856485,-0.36854668289296794,-0.3636336604300714,-0.25860916320052585,-0.23170499003651499,-0.28810078033543507,-0.29247118903816693,-0.20758664395681045,-0.1526623556310195,-0.18433019603487036,-0.06549090953780337,-0.11505737603511368,-0.013302790846391958,-0.16041406143511808,-0.03145658366079772,-0.1493037262713979,0.12230306150811136,0.13260079249121737,0.07882154953022104,0.10481792928259033,0.2945504523010951,0.35260842998509406,0.19214827777930527,0.2282911684713436,0.15626209868218863,0.3817469596951398,0.3058818466546828,0.4309484769592406,0.3554857392870365,0.5411241014698251,0.433998188056335,0.5349305154882282,0.4746832187406751,0.42190670931598934
-0.2642246471732695,-0.3981512570619033,-0.3080995958164785,-0.41224363032390915,-0.31902798457467735,-0.3607843826339287,-0.2839173536858004,-0.2620425230184584,-0.40334499894351405,-0.3644781497723273,-0.43123971212642825,-0.2887977576671105,-0.31387962094391114,-0.28363397598799633,-0.2899910850302293,-0.2460337005782569,-0.13672391924689722,-0.22192693312969053,-0.18867750095958943,-0.05473928891797612,-0.07407949856645872,-0.1853546611988407,0.040399722615607266,-0.03482427169945612,0.09662332246156512,0.00830875471755395,0.1884210920249509,0.233516099515466,0.31632960558368894,0.1790625981345995,0.18643639839518367,0.29577288240307903,0.26397727647737845,0.35716615001851837,0.42631458327536437,0.4942038586809142,0.5468188444618459,0.3901462357405425,0.49579833351167196,0.654461463139665,0.6749089861254471,0.6062823635586593
-0.26522124701912136,-0.373758165476784,-0.33103893123866507,-0.30981645577266465,-0.32647214472600733,-0.33705667726378713,-0.3497396461652396,-0.43561969773055764,-0.3723918349207395,-0.2652603631064407,-0.2343675578059654,-0.42789063159226753,-0.3029985956576786,-0.20998108632037343,-0.2963555673537995,-0.2213420885379507,-0.16552767558775258,-0.19621566085676276,-0.12407439371512179,-0.10510113919308463,-0.006526850451852027,-0.06989971763200618,-0.11851297017890249,-0.03682332227402261,0.02509113418666401,-0.11659454838392233,-0.01796879850145883,0.10548758060268221,0.12554274250783123,0.3005356143939822,0.22701619970502468,0.32378980981758365,0.37205878718425334,0.23600626104982222,0.6120726887480543,0.4365879776446399,0.3466261346459925,0.38691259104018105,0.5475109233570848,0.4748766530000525,0.4705983549931694,0.7021480638414114
-0.03177486542951044,-0.07489947604503297,-0.1339020504220575,-0.14219968777640835,-0.12882947957446111,-0.19575773994635412,-0.08520089001371385,-0.15459504944150249,-0.12223534567313962,-0.21557654416110025,-0.14304248451550522,-0.10439966460193803,-0.13236079818990554,-0.15071389047796072,-0.16638452722941735,-0.19748145793722122,-0.09490683617981709,-0.03936391255835611,-0.207025529812131,-0.0452760404986,-0.21674607610128324,-0.18457987256057715,-0.041276299836115325,-0.059777052027963344,-0.21782070221714467,-0.1566712283789129,-0.1268085083562905,-0.13016821606259257,-0.17065563410990522,-0.08352957170821004,-0.09600495464025781,-0.10804196488938003,-0.09994246490686887,-0.1433624635756452,-0.06524253345565391,-0.1332897275962774,-0.04490878635144214,-0.02987783069429987,-0.1201149684351569,-0.16217018877947545,-0.02156721890037409,-0.09094577113233353
-0.7225290702091468,-0.8014710729411868,-0.6061630030532038,-0.683407891925811,-0.578496424245444,-0.600795826218679,-0.8023850344880408,-0.5265912401857769,-0.764231282647163,-0.6941249648014166,-0.5657879085151459,-0.5716672684587998,-0.5967662183593574,-0.6342187382974225,-0.5328149736496499,-0.5723638154121216,-0.5888226106519521,-0.6291327908665459,-0.47593681466692195,-0.5457837375496218,-0.6855363566096689,-0.4688850523446079,-0.591122626576699,-0.5132074719306081,-0.5872578288908542,-0.5786344229550623,-0.5647354214892976,-0.4299508484774214,-0.6306143680345342,-0.4939523824872703,-0.47989735605899464,-0.45170913566518417,-0.5024744481078999,-0.5087923832082841,-0.4415418785853105,-0.5621246816840695,-0.3932730333523971,-0.47498137426253323,-0.538232106360599,-0.4520264374087191,-0.3953544700355145,-0.527582767104042
-0.6473799376756181,-0.8744165834763534,-0.7243027060280942,-0.6378766817087872,-0.741768365628666,-0.5169782892535227,-0.7005644965341296,-0.6758747619654152,-0.6648474851408358,-0.6848219723651722,-0.7008447310571057,-0.5697400857624474,-0.5673534054329504,-0.6657035224134579,-0.5686810790377685,-0.62467770171444,-0.7145754326027766,-0.5675641640609845,-0.6923516257877187,-0.5149137988234154,-0.5870923743111515,-0.5152784186297233,-0.5971056454581035,-0.5223847685017375,-0.5365601123830138,-0.4113670122238281,-0.5326437390826876,-0.5307921144078014,-0.5028838206509467,-0.3916692632434998,-0.42244538656230723,-0.5515798769284804,-0.5245689804300304,-0.45226453588581333,-0.5220218554593246,-0.4487054768857971,-0.5589471291085796,-0.5764042913556969,-0.44157103444689516,-0.4922948339447567,-0.35967108418085963,-0.34630076995737347
-0.5838375288234441,-0.7319683994311671,-0.5768216731200799,-0.752925372652937,-0.728378374216818,-0.6247225478475318,-0.6935645651311276,-0.6602532055870921,-0.755475538217364,-0.6764593855048615,-0.5105044911948113,-0.6500194343434885,-0.7223827950047897,-0.7042207116895066,-0.6442212689373424,-0.5986293422510772,-0.5674252583859574,-0.6184974826172426,-0.6078875337002576,-0.6773484573321911,-0.48147361266565597,-0.5865992800252401,-0.5897951604268274,-0.5761526943490918,-0.4353333728746709,-0.5353513298055192,-0.4185268011413951,-0.4491416123209739,-0.5411373518964588,-0.40193976261124265,-0.5837618701056781,-0.48449980169270274,-0.42677718160284717,-0.5255424798038443,-0.4343601674481096,-0.5219485701943779,-0.5840541591753495,-0.5855602673767688,-0.4575608769443427,-0.5803553431451719,-0.40248084164573705,-0.34605791382654943
-0.8144854971654362,-0.6733919322672405,-0.5412926778451042,-0.6897265123974273,-0.743060132033171,-0.6022103218529091,-0.7185667497783595,-0.7754934102561375,-0.5899620150777121,-0.6237809237666639,-0.6219560623388957,-0.5897819846720743,-0.6568667678906387,-0.7560037642958822,-0.5306924330113776,-0.6553057873102394,-0.6437502153352301,-0.7120266670918376,-0.5446555074051894,-0.5402339420877916,-0.5405906226160818,-0.5538898137040483,-0.5587422415302506,-0.5398914792914172,-0.4896106949712315,-0.40954629195350617,-0.42699714377342396,-0.5560489078149714,-0.5273111747466734,-0.41309212527912514,-0.5962036823291247,-0.47538065871375446,-0.47645566324879646,-0.45437055253767633,-0.38981477051364344,-0.5133367816798193,-0.5421082132781694,-0.3889886058105344,-0.5729540570105655,-0.4226485700419634,-0.3538620502876001,-0.42548732141455997
-0.8411078729587438,-0.7331794450041274,-0.7399683245389324,-0.6830186013683673,-0.6758518419281795,-0.8529660672587273,-0.773255331805533,-0.7437068996851625,-0.5977306387108198,-0.7376298799170579,-0.7134385001091815,-0.6842173260749945,-0.5459686687607157,-0.596687619196089,-0.5368218243622681,-0.6868262413342998,-0.6681567045387172,-0.6552652247387184,-0.5708806858589942,-0.5890485673299428,-0.6150396802707166,-0.5455399843992014,-0.5156555697876047,-0.6643790965811593,-0.5260344179089046,-0.5243510627685051,-0.47053972722127096,-0.5382725470055127,-0.4790073616657247,-0.5543378708118695,-0.5263008321084315,-0.5017121413205337,-0.5625498144199431,-0.48797706151166814,-0.56661801303371,-0.4451485366619757,-0.3669814412807566,-0.43947574759463276,-0.568053541810606,-0.4727906934439364,-0.4208014261258965,-0.5632665586774739
-0.23703501692662635,-0.19934269674279118,-0.1227253211455329,-0.2673197284641798,-0.2533794969566762,-0.14112312063705162,-0.10887185282035856,-0.18459536041212357,-0.16951538946465874,-0.15053112221107473,-0.21318197823789461,-0.23431978746726864,-0.10208837926196179,-0.19033529879930122,-0.1335208411328141,-0.23796706913924526,-0.27302445501259626,-0.15525036407243606,-0.24834817246586083,-0.07680529840645409,-0.1570761516910439,-0.08833981000121262,-0.09057340607100403,-0.15921636585266336,-0.201399844533195,-0.24048343593802515,-0.2633939759608551,-0.2595403788072537,-0.18065861627951316,-0.09367398548868791,-0.18493412041365095,-0.26691192205795367,-0.1462277747046146,-0.10683374235885018,-0.09021891496766012,-0.2578684276295554,-0.21841451383433,-0.1999320857286544,-0.0843840071341477,-0.23087507825626072,-0.23496883914412803,-0.18257725054296833
-0.9494760722338476,-0.8557509930839727,-0.9170330371818208,-0.9651844208477423,-0.8921077230099644,-0.8650269132298771,-0.8676139270012448,-0.49521569065145427,-0.4965776611943532,-0.34779173747549486,-0.10955929985059043,0.011358662794034944,0.16298197518306665,0.0898731084577794,0.1930768666799488,0.40033468490207147,0.37698169936468173,0.6474100409403586,0.6097101771374074,0.653179925377319,0.633053099005748,0.6784340269799493,0.5588816161591766,0.6131858377944814,0.580262629794475,0.5612909539107648,0.4549640935627165,0.5111117505066423,0.4440425345312342,0.2994048272847613,0.24201438841849457,0.36550755756881836,0.20945429614684932,0.07869751170726225,0.08638599243292319,0.08945124431836592,0.011075680601875844,-0.004548460623628114,-0.15141691719636854,-0.15512584002933041,-0.1812707504385398,-0.12033930483406585
-0.7818207314650073,-0.9417158806732848,-0.8530640187349621,-0.9471245427827266,-0.8131382306148675,-0.6893193778424599,-0.718123316982913,-0.7140655375972766,-0.6850376454469451,-0.5537940120718869,-0.26714950117965536,-0.16509738197460408,-0.08398424074204212,0.07318066752945518,0.4037744514515178,0.4207417685460658,0.3400504193759525,0.47743872795442016,0.5203079813308598,0.6685588500081101,0.6916619519367339,0.612808282488319,0.5308410184839425,0.6738287950921411,0.6123189827860985,0.5808825192425927,0.5777002665789641,0.3718709373204387,0.39993878723918014,0.47415627619363193,0.39252274323377734,0.19704418186356115,0.2621779840810656,0.1337333161141516,0.0907813931337453,0.03178921257683492,-0.033069337285116455,-0.04758573543080236,-0.04139632269499948,-0.10662455154579885,-0.12444587100899906,-0.24818620574926686
-0.8655294996947672,-0.812394007945118,-1.0222347583650182,-0.7852265217347074,-0.8505899786760679,-0.9597260952627952,-0.7929038221668439,-0.5482279390921624,-0.5740268846148868,-0.520281670820152,-0.1844140125322056,-0.2104645188219896,0.007791793752955278,0.14520366268469567,0.40380571288971867,0.45302085831995154,0.6544027377261461,0.41331761231958375,0.6168473808313193,0.721287124452183,0.6278070510713702,0.7096828409550774,0.6601415536342946,0.6612282822711327,0.6287107499084147,0.5286721525837735,0.5778424370899562,0.6095692101359174,0.4472742640717886,0.3993159302912981,0.3626946735243119,0.2863572825453533,0.24338279597362458,0.22735801930070407,0.12018052029670148,-0.0007337706704741806,-0.05338958518812194,0.004571448738885752,-0.04678208010400874,-0.16761959583764946,-0.13114134271700315,-0.16688423113993606
-0.8553285162919853,-0.7815982629894465,-1.0554438577307816,-1.0180794901502037,-0.8946079738225645,-0.8065775146787612,-0.7380517822035346,-0.5301787644631271,-0.6027636725996901,-0.43521739057952774,-0.40094240397709086,0.00308579244928588,0.11959930733646312,0.039583975259052114,0.37768555929339503,0.43639592244523007,0.3636399557591329,0.5806987989197653,0.5854882289098376,0.5729787482293187,0.7808142244093471,0.7444957797173443,0.7758744646913418,0.6731221895176492,0.6528643046244496,0.4600731203285924,0.5167890036860154,0.4438036472030729,0.361244360704555,0.40598039876762504,0.25906228101861906,0.2390862756762542,0.1913625802217432,0.09274734503003472,0.097525890496336,0.10558540913088436,0.010345621355867795,-0.1275664016234455,-0.05865333142380422,-0.08408686403386471,-0.12586909876257846,-0.1320100744218372
-1.049293380727847,-0.9031201384809563,-0.881924878745626,-0.905530435450642,-0.9059210029121518,-0.8521033499921457,-0.7909956452370298,-0.595542542783885,-0.5491025662913648,-0.48948745996066684,-0.1629003307029707,-0.23080444679737444,-0.15357322042912566,0.11321069119189389,0.39916332016167466,0.2867185978720604,0.6252175343695396,0.5302872971790299,0.5593863731730742,0.6422115300339772,0.6545520684280045,0.7109394440253392,0.7286523453582989,0.6170025359551905,0.5964320556206014,0.5587730614872569,0.44008082415719246,0.6121978097722369,0.47230717053005955,0.3948877299722349,0.30748725362264806,0.29040737667089506,0.2561732460561844,0.08886798387561198,0.14051273263457614,0.01779767579618446,0.04809304313297024,0.0102210453016802,-0.15023800394716466,-0.12349893627313281,-0.14823579382791363,-0.14053757609678522
-0.9643038085643598,-0.902166491421464,-0.9889732205165259,-0.9541641725935114,-0.7657606164766795,-0.9376260910905991,-0.9020550422889249,-0.7774788173357785,-0.40274325406793227,-0.27076589652785943,-0.2993858693902147,-0.12396798717929933,0.01730833427537295,0.30854925469246597,0.2770695258576647,0.3251827085239852,0.4697314919227754,0.5791210703790187,0.47131410174894595,0.6849528812413234,0.6808483101785513,0.6673789938488246,0.6377533084560338,0.7021124320002345,0.619765941992258,0.6611709883522283,0.5953754011575941,0.46561348049691287,0.37989866767080505,0.4457996337646294,0.3709171980123138,0.3119015019883376,0.23466678647927824,0.20910393836438007,0.15145498551607983,0.1364602146597757,-0.0780571297017023,-0.09529354177645104,-0.15526233259208544,-0.15177891996416554,-0.16224071926697772,-0.23138911112033303
-1.0005339728871439,-0.8497886164865173,-0.8980033489322606,-1.1228552538966217,-0.9688981198224765,-0.7206919428642772,-0.7174839825839485,-0.681342730334059,-0.5583554592337754,-0.3163337856342161,-0.17971353347894736,-0.14990897164801117,0.16176428735596124,0.21392103998544457,0.33518607214564966,0.49863135504421274,0.5467404165839993,0.6904087336792577,0.5544757321717811,0.5270699706214375,0.8332259541202006,0.667701234400018,0.6171718348399496,0.7511153132607485,0.5605812401094298,0.5758394462996769,0.5623836618629787,0.524095239095519,0.503897599237162,0.3938385707326133,0.39264186392743083,0.28117106704638656,0.25820938021128986,0.11931172872889237,0.1794531561162804,0.06964946434548677,-2.417050102698518e-05,-0.08903540354306297,-0.04610476818672877,-0.1422288033338794,-0.22275786451989837,-0.20462152701892372
