gfs-wave-data.json
{"header": {"parameterCategory":2,"parameterNumber":3,"dx":2.5,"dy":2.5,"nx":144,"ny":73,"la1":90.0,"la2":-90.0,"lo1":0.0,"lo2":357.5}, "data":
[rows 19 to 37 of 73, columns 84 to 125 of 144]
-0.4010579045849093,-0.32902269547080243,-0.3858791959592479,-0.4177680108372578,-0.47465978259804964,-0.35126482118844554,-0.3646201589957803,-0.43547900065477485,-0.42328396378672,-0.4820377415365668,-0.41991660105255274,-0.4128604430926171,-0.31958767852564257,-0.44678088672407046,-0.3313779470836615,-0.38362520702400793,-0.44182477195014547,-0.41465219992710733,-0.36053853574885475,-0.4228231405151768,-0.44621768181781374,-0.4431191552814425,-0.47471732505642134,-0.29476883464095777,-0.3099718648816406,-0.44325408505145164,-0.42850005184720463,-0.3521831150542652,-0.41272306626321303,-0.37755491195959595,-0.32856306724133505,-0.3436305368469594,-0.4480090249859986,-0.40032679488589645,-0.30818480272464044,-0.3342755664569456,-0.3350591712324647,-0.059541628300921856,-0.4325390056543796,-0.11268431120936165,-0.5305245292268576,-0.1434898228080203
-0.4276117327683822,-0.4462071970854197,-0.302250673185755,-0.38582261953688385,-0.4806934812636161,-0.3431449428831455,-0.3657675310899668,-0.34189645130649143,-0.45768146640026564,-0.30149290658535405,-0.3071232359531882,-0.365644135728081,-0.32180302751492745,-0.3612811544410785,-0.4359674201068264,-0.36454501428635533,-0.44644283121506356,-0.46667396759921637,-0.3231554969422616,-0.32052691444993164,-0.4546777245376385,-0.39492576847032185,-0.41098657511731934,-0.4397735741908007,-0.30802912149018696,-0.4892796830867431,-0.31468906506923533,-0.34623039337622763,-0.4821234871902463,-0.3707918174712541,-0.44652988183023673,-0.32171220953438084,-0.3560014498541614,-0.40030601471072474,-0.3182709481762888,-0.32011199970442605,-0.3398826567630083,-0.4818396674893386,-0.3801872466298284,-0.38586331039834765,-0.3997819145699224,-0.4079692079684157
-0.5001746687407747,-0.5820957539529683,-0.43928854133837847,-0.48971231351933664,-0.4829254662581928,-0.40364155994696344,-0.4900018019056537,-0.3530852186916587,-0.33971510975644814,-0.4065042127037581,-0.6060647638982549,-0.3874293001613419,-0.35536663623079123,-0.5158867308927275,-0.3222113305232267,-0.4882292995729295,-0.34288173917297987,-0.21517488896787304,-0.27472945257866116,-0.07727591805540468,-0.2382696716439895,-0.1080495509917273,-0.13476276056156153,0.09302121369775174,0.08373447641035145,0.22706132350340574,0.2504570207373882,0.000351788536569586,0.16192575246030505,0.2967667224135705,0.18770414189118764,0.3513621080013492,0.4963731807589068,0.4008147906164188,0.5422486014343195,0.41816685248875307,0.36284641875548385,0.5873846795182863,0.8490606561653425,0.5412617370450944,0.5624797990431811,0.6728212524060684
-0.4366982198099414,-0.6569743022576854,-0.3749094978638865,-0.5258308544359943,-0.5380217063478618,-0.4546775777347183,-0.38980245959899534,-0.3641948988841156,-0.4587896157324459,-0.5127165176960641,-0.5758471343493329,-0.5201524071745738,-0.4587214688241727,-0.5087834806541185,-0.551461133808296,-0.3696935065942965,-0.366767512385826,-0.16272534785346712,-0.1664864328741204,-0.23849012397137473,-0.061941954409963494,0.01912385176442463,-0.21525891426149604,-0.2256603870565505,-0.13505158914172147,-0.12117108031262087,-0.06846126056254138,0.033882851054389346,0.33768302716274784,0.08821902126372924,0.2247124467343435,0.40606989221290285,0.3517013518022711,0.6648320240459359,0.4687623565076681,0.7205913074881249,0.7520941031936746,0.4837143789538489,0.8358507740641411,0.4856964693485774,0.5998556882343106,0.8137320939037364
-0.4415970170076362,-0.42945750789957904,-0.48489489683790293,-0.6519005727837841,-0.6486355422807366,-0.6956130735544416,-0.4213906344698994,-0.5764577439870231,-0.6202597194503949,-0.5627781051894271,-0.3605933912971602,-0.42432751649756767,-0.3383148871179596,-0.37248729462193836,-0.2449180554932065,-0.4604320396405476,-0.36757800341291147,-0.20215396423622506,-0.3139355565299061,-0.16847259888852686,-0.17013207628003882,-0.11717408626075486,-0.06829500901877267,-0.07155429292309924,-0.09716738684760093,-0.11449086394307692,0.04543614712748536,0.1880529684010116,0.14963072793571772,0.15466068199227387,0.5509549982722123,0.5707307959281099,0.2066111238272662,0.5932719590150911,0.6334784831890053,0.4970713219460967,0.5660108841554666,0.48094548136154247,0.8363312920006505,0.6995379416248584,0.7930322065806598,0.8572451810027779
-0.3537294482534019,-0.32819461204283695,-0.32127583101713303,-0.32009214761328697,-0.3181174472533956,-0.48923032247021353,-0.3407274640476628,-0.34092284019625907,-0.3177477690425429,-0.4125190401265186,-0.3933675460206174,-0.42034601526885357,-0.3735281999708078,-0.4307055603807216,-0.37697589680389426,-0.39948684818778096,-0.36804928357049804,-0.3495908687063298,-0.44875069225547926,-0.368393738872495,-0.44331119691391874,-0.44681041108829234,-0.415869331179299,-0.397843867086564,-0.32767608184066815,-0.32101162732253663,-0.37231004346013447,-0.48805335669243105,-0.38656671446350443,-0.4937918483210795,-0.36045525601170636,-0.3096368756724086,-0.3179365037524107,-0.40890644091543404,-0.32510802921596155,-0.4872693259240733,-0.450688643911603,-0.3474536471617359,-0.32867274709315547,-0.39087615141998017,-0.3319608334635746,-0.3338795344497877
-0.898523133998276,-0.713476522775554,-0.8825064935218875,-0.7385067629697079,-0.9414854321266809,-0.9861474740830303,-1.0067656938983034,-0.8410609715389147,-0.8972777689990032,-0.786192524545782,-0.7503251057008459,-0.7215621293979974,-0.9458515028739127,-0.6704772328287469,-0.8780803245121537,-0.7632721350260896,-0.93362873824516,-0.7617543610493064,-0.7566840231697155,-0.7394136012586818,-0.6462578468189145,-0.8848748557364956,-0.7097136638748817,-0.7167735389952004,-0.800190434549537,-0.6228036742468106,-0.6902772218768235,-0.730698874912387,-0.6515806450279302,-0.7652261067006529,-0.6160240464073591,-0.7795712252009416,-0.7283805677380941,-0.7025630246142053,-0.731165495323108,-0.624698020495364,-0.6926805102194483,-0.5493316081148333,-0.8053672994230642,-0.5375264397929694,-0.7560856979842785,-0.7273610313912362
-1.0183312224693972,-0.779751711483557,-0.7919418590646878,-0.8710914701584291,-0.9704468547458881,-0.9720554749937078,-0.8907193015862375,-0.7946605960855144,-1.0040642497625991,-0.7536504065332998,-0.8297357659936795,-0.8328730821827599,-0.8807788847921507,-0.7300269710278574,-0.917316857093888,-0.8832960641536399,-0.7394992170706494,-0.8520071242421088,-0.8240581879445313,-0.699934028568029,-0.7072910899449616,-0.9203034589905887,-0.7623055726992265,-0.6340415933488734,-0.7552294975078743,-0.7416360039555353,-0.6387041353481671,-0.7217076421218316,-0.6510267496932859,-0.6863856382935678,-0.7894202945032889,-0.7929772273082666,-0.6335797417104909,-0.5868789858129873,-0.7017463880580178,-0.5797101908409948,-0.6025043131803313,-0.7588577952597239,-0.7042797419826663,-0.5937580901249215,-0.6630996896160841,-0.6111393978137452
-0.819822115498274,-0.9913313641442805,-0.9184658811318408,-0.8123774673923844,-0.8680306726165129,-0.8771162559668568,-0.6746746986360064,-0.9747842920280335,-0.9139962775001285,-0.7979206665960793,-0.8733713411029408,-0.767254273856777,-0.8352301539648771,-0.7335958228719295,-0.8692632023327901,-0.6516183424725241,-0.7501688562811311,-0.6895722210130042,-0.9230040771821757,-0.7451046781766245,-0.6351148035321829,-0.7692687133157328,-0.656350827084029,-0.7097801898588703,-0.6341982163531313,-0.5751955065697403,-0.671913216337249,-0.8268185392911487,-0.8126761150802295,-0.7484513364309535,-0.6285307181516132,-0.7315542039098889,-0.6772824188687103,-0.6960094583002668,-0.549143914856584,-0.6802024874781146,-0.7297986193587226,-0.5677210154655414,-0.5565644778919141,-0.6352331527548204,-0.5375357367686765,-0.5982661441121114
-0.9217724541136793,-0.8511451753058855,-0.9484384353596809,-0.9610213666324997,-1.0189112970425394,-0.9999187655349207,-0.9314867206380513,-0.8636986452866854,-0.7548942662633282,-0.6911122232711858,-0.7652987372012828,-0.8868442398212895,-0.9674540325711661,-0.8143155925838841,-0.6952993442593853,-0.8566314570995861,-0.695964251222774,-0.905806636080548,-0.6964234727277732,-0.8673944429054145,-0.7244292819667449,-0.7813165655965515,-0.6166431745360345,-0.6958689213205732,-0.7400925150098742,-0.7873646190438068,-0.8054614627669886,-0.6863547029905342,-0.6035342286591698,-0.7649230731140854,-0.7192366454228301,-0.7266407479154717,-0.7150830306538085,-0.657629428193144,-0.6766637955111281,-0.6992689571600684,-0.7327376021370163,-0.4998270574819374,-0.5674672248705565,-0.5763164398313421,-0.6481190939809146,-0.520077660672862
-0.7883326193286616,-0.7484861817620754,-0.7592069269686728,-0.9269223348419443,-0.9010403067482197,-0.7581357932159778,-0.992810773690473,-0.8815018080510079,-0.8619711557641322,-0.8619167801957265,-0.9651757829100281,-0.8701980234729415,-0.9448519448296172,-0.8979165939293984,-0.8900755369415136,-0.8878306377096619,-0.7019504794256635,-0.7592825367354317,-0.8106957784420059,-0.7510194926950114,-0.6045684219436782,-0.8324431181476623,-0.7871978382611566,-0.8961203410834917,-0.7559087939139217,-0.7146571573413997,-0.6659181061260375,-0.710610603535047,-0.7794613737206131,-0.7496467054738822,-0.7134183418923621,-0.7776787732832684,-0.6119107591612813,-0.6080526801954039,-0.6247846578997656,-0.7350709401339186,-0.7068513710541636,-0.6549952973608069,-0.6384985413389631,-0.6164593397534627,-0.7041618722633871,-0.5915060893584717
-0.4024209786813613,-0.4681890536937025,-0.36162032885566714,-0.36198664981915646,-0.4320150181215531,-0.47609353073333904,-0.39928079422096996,-0.4031174315009161,-0.3378885198675358,-0.32861436085300144,-0.4361478385264887,-0.3111092170661982,-0.3310609866780678,-0.30441846035396514,-0.42027443432015466,-0.41161834869638275,-0.4139909163289306,-0.32827829269951264,-0.3202542575396317,-0.2813710413909467,-0.41831065540482487,-0.4348789914538451,-0.4742811999227337,-0.404930852098698,-0.47693818460708187,-0.4652860608575078,-0.39141901343859975,-0.3085073517921337,-0.2888391196135463,-0.3414597354953991,-0.3757016410332703,-0.3533848974592827,-0.3247868380938686,-0.3282176981378303,-0.4666739564638885,-0.36147827224659823,-0.32287654955224504,-0.35308647097016216,-0.37810481916332916,-0.3731501001598446,-0.3799843603661939,-0.42134872784920635
-0.9596790587163243,-1.0477346850199274,-1.0630081396296132,-1.0226861986122986,-1.0193987360229408,-0.8738868281291343,-0.8508276767634376,-0.7141002469350144,-0.6538499887275355,-0.6823419353808612,-0.32655990543502805,-0.0662825249990998,-0.0726813210822163,-0.028032832964364922,0.4401709400031482,0.559795314154615,0.6569572000614516,0.6953251599084267,0.6818713939481599,0.6118481315016903,0.663157921075322,0.7128386130598793,0.7623462576046656,0.8346523790982183,0.6688070281083349,0.650871389802332,0.6131266726014433,0.6263486723942383,0.6883774047949333,0.45967959951157994,0.33873203187530326,0.43792114067327065,0.3669238843200984,0.2590245343379438,0.09979251208692667,0.16496511874251038,-0.05273473562428471,-0.04880728668381742,-0.16629929031119142,-0.21903832153804215,-0.2868187668003412,-0.26316531625539136
-1.059830814354526,-1.03014514487465,-1.0180345747561654,-0.9721307587817808,-1.0961860603777973,-0.942835340654301,-0.9870344136282756,-0.5515705507540954,-0.6298713586059169,-0.29783810804878674,-0.4775909936000453,-0.33381963334968023,0.15308435566300288,0.061753207604411935,0.3440669008634605,0.42011609407292994,0.6156841029817798,0.6202579868787117,0.8970370318916697,0.6847921442924977,0.9254412523398778,0.900993536293785,0.8438666480301561,0.7305306547413633,0.6692410078069632,0.8338396002938098,0.6331027611608665,0.6905656822907679,0.6591791939775028,0.44768877285535463,0.43512208919595136,0.3995364306286103,0.2897062584200546,0.3025409549751723,0.15979300874800526,0.012924824152105085,0.06690265389918244,-0.006122226649864283,-0.15427274045991451,-0.22212931002283634,-0.18761006584808568,-0.25034801810291435
-1.125989289218389,-0.9900778603919032,-0.9780926056275226,-1.0983459939341977,-0.8280031283642451,-0.7927885045058424,-0.8425018788097199,-0.6040414584354088,-0.5687276959769054,-0.3531944884105786,-0.18720909551269344,-0.12593000518186234,0.1504660790265068,0.34352067221965826,0.49576699973178534,0.4650493511835837,0.6457750472318918,0.5912506807491181,0.7330737787889352,0.7659620136481474,0.66444447380905,0.8283682355997782,0.9177854553262382,0.8552586146739534,0.642828792501633,0.5905842951658283,0.6347681017998005,0.6259302402106554,0.5086482524472762,0.3960357525362189,0.3857364369329561,0.3719823972550038,0.3567657874629868,0.19565362181142854,0.16400922720824992,0.06326004677912411,0.08601549853983477,0.002596506947096373,-0.09646917624969867,-0.25098163059047496,-0.29483713752249263,-0.22868780367737773
-0.9871093046572423,-1.0941614218415705,-1.1208570617685265,-0.9270966374172321,-0.9961707120849388,-1.0270623024205796,-0.9037044203194287,-0.9227521140276236,-0.5132503713023004,-0.6727895322042526,-0.2593662893040775,-0.043927247508965074,-0.14155258137665833,0.28829949909471,0.42976058879390494,0.648513690667051,0.43142650693912177,0.5809249775135159,0.7182960060831746,0.8670606791297248,0.7528888117692553,0.886454834882864,0.8963617474273147,0.7007070074212008,0.7027371076448328,0.7764500505212204,0.7055288401103653,0.7445534867810033,0.5330167074485624,0.44388567865510775,0.39501789487907824,0.3761132798694269,0.37233036019775895,0.1388879107177878,0.14303980500736801,0.034420430709367456,0.005071721440364333,-0.030196312983815348,-0.05894116467544848,-0.2805447209459766,-0.16927774943306415,-0.22803404655858972
-1.1402054493083547,-1.1668820906981285,-0.9828344903246136,-0.8355719899706923,-0.8293086214719952,-0.8194744659884471,-0.7953898090995948,-0.6019859777765257,-0.6421286397280139,-0.6337969210295081,-0.44687580545056826,-0.18970475655499824,4.5386198954907076e-05,0.32589627372663177,0.38908149596791075,0.5315180490891075,0.7078773652644296,0.7036509312397424,0.5188477311635873,0.7822252169031418,0.8670601738680163,0.723975622149171,0.7214514522459168,0.7995173121122133,0.7924812122474844,0.7138607351781582,0.7266163689770765,0.6294327481367212,0.4841466580583347,0.5514465325377145,0.42670040690564726,0.2632397119835076,0.2252940804805563,0.1542583935239425,0.10505685927727959,0.06694280834137649,-0.03534061813760634,-0.011650691115898717,-0.1040547294043272,-0.1085745560393033,-0.21797276969211132,-0.2938539422250924
-1.0908356773327643,-1.04699814950489,-1.060094957823946,-1.0490343095097532,-0.9645455778088575,-1.0316063979266787,-0.9374302329162173,-0.7972395890113525,-0.7431598131805147,-0.4280099853507607,-0.20836664579703038,-0.23992759435619374,-0.05267168359952308,0.05042769391359417,0.4680812765843487,0.5780583253764698,0.450497996100991,0.6624090160805689,0.6373926437388034,0.7124082694549385,0.693923876869845,0.7396881740165027,0.7237193288050147,0.7185161288309188,0.7876670971147963,0.7051039038596044,0.7053472239360195,0.5490257987041853,0.49636600025180305,0.4660381547037132,0.45004576496151094,0.34062586480111406,0.20934024398419865,0.18001191600175645,0.13401903116056754,0.04216965557138001,0.022034120396910425,-0.006965367837877257,-0.21552133752538202,-0.22834198001088948,-0.28057631019714835,-0.3276748416052505
-0.9265288792020601,-0.8908855213516342,-1.1458347873267476,-0.8596114115193856,-0.9905491004498241,-1.00299396653607,-0.8530800574185118,-0.5782909797105495,-0.5099648180882014,-0.43566662156145763,-0.3861965921266355,-0.22165190712986058,0.14953837456106467,0.37031282375458807,0.11614088515886153,0.4106402915470601,0.48949535713646225,0.4624532275858455,0.7046141780197809,0.7697936070244507,0.8566033296099917,0.7133191458525193,0.7651348204295687,0.6916741479115663,0.6370746461990799,0.7547806175806543,0.6509677654322197,0.6430410408850336,0.6610264395882016,0.4561492088955604,0.3406762400868708,0.38947359717473784,0.23142992113496075,0.17104827298047276,0.07236873296845127,0.10310864478551897,0.05983810395550089,-0.019119595976149012,-0.08579319875079457,-0.17762007167717303,-0.2502109628071177,-0.2214473702104807
