gfs-wave-data.json
{"header": {"parameterCategory":2,"parameterNumber":2,"dx":2.5,"dy":2.5,"nx":144,"ny":73,"la1":90.0,"la2":-90.0,"lo1":0.0,"lo2":357.5}, "data":
[rows 18 to 35 of 73, columns 42 to 83 of 144]
-0.020619098840165648,0.016247838199155557,0.0008161920340193872,-0.017080817029276395,0.02009162654420681,0.01938238838332067,-0.011458552525408122,-0.0038006921070761856,-0.02615627468409316,-0.01725877712549114,0.03748435233521868,0.02626175071774419,-0.0186698789347076,0.05744271019632944,0.021111430458200586,-0.006764672048244919,-0.01944842614366244,-0.002341533388849286,-0.0017834584046226003,0.019373576344563843,-0.026299921627459814,0.03230139832318287,0.035264698970421275,-0.013684068064138378,-0.011001333746843974,0.025700534464585475,0.03244803257415663,-0.045096714465444776,0.014167606543653663,0.03000507621960038,-0.013904886907548014,-0.0032413964599641897,0.0026433766182526785,-0.014848247800976221,0.023357712590046747,0.0316683605809414,0.0192664370617879,0.01702965125643062,0.008453543998426096,-0.01012260447469562,0.014098388549282349,-0.0028992852304693378
-0.011750906730133752,-0.0015952859012294668,-0.025767473717149575,0.042424529528608736,0.019634514332406084,-0.00521752611567478,-0.001352452571152745,0.0307056411654387,-0.017186260068370703,0.00256827572735047,-0.03825196186062138,-0.01743529935062443,0.03074545431609787,-0.0004363260577009808,-0.04166386895051158,-0.011048935909364949,0.035025192924180236,-0.017192799405250578,-0.0038542231561984226,-0.03344838444888069,-0.03753238956855135,0.007678340468332862,-0.0055423789700387695,-0.010593370780020778,-0.031271562535499633,-0.012052795829742833,0.008003566965396204,-0.029055569561307316,-0.03640892897069178,0.007281943409951549,-0.0017910785146356759,0.02995457961025133,0.017362801654408698,-0.03679014309287232,-0.023318322627693178,0.0008277319494729477,-0.018008752751700365,0.006206819125368314,0.02307424022095159,-0.04558535152067544,0.0394376199664504,-0.04497816330046629
0.025067654784768488,0.010222262575134798,0.017238708430424535,-0.021153398243282644,0.012236963008912118,-0.021853806418153512,0.03638604916192108,0.009183809365317045,0.025288146755159537,-0.02311675089900662,-0.01686901475212069,0.020411266355489874,0.017936281271689634,0.0009922329926096195,0.006052850700518694,-0.023609637305675862,-0.022545603444762374,0.0313137899376826,0.013647257658248787,0.0032673979231742155,0.010233523801105792,-0.03183955575424115,0.015546793490864137,-0.008452537712493569,0.027834513412866305,-0.033566595796184096,-0.01556466454750616,-0.015137117751632834,0.009007343848516853,-0.00959023376989523,-0.045465452031422,-0.025397235375958473,-0.022661693599737628,-0.01083061600023387,0.03817708850468176,0.0006593407253036223,-0.006953375626728206,-0.014951407406522897,-0.014363778910546798,0.014167596346265954,0.016463360085124355,-0.009880959591621063
0.9123028167937497,0.8431904359828385,0.8653874034841595,0.681225855951279,0.80833274440313,0.6530524035111077,0.6840443777980068,0.6482066020210246,0.7354072526606041,0.5732313558417499,0.7180042463861683,0.7919269736997201,0.6676338653724335,0.7690031795520499,0.863574748278718,0.7057135844936462,0.8755932982486844,0.8263470321198175,0.9217003243533411,0.9341987874474862,0.7852383193988529,0.9396603273115594,0.922540528943427,0.8797462493050884,0.9594938563545395,0.9906182312274822,1.0391575149271008,1.045158349217801,1.1260511344157371,1.2051773288516627,1.260408192091959,1.1664091950765612,1.0459345203254151,1.0567833228760153,1.0480039249492894,1.0604035939835754,0.9458403425219629,1.0067970197474472,0.9732634183035714,0.9618988308659157,0.8800899437392756,0.9619789734021805
0.8514660411671436,0.8503611576176014,0.7705035311058386,0.7908469176410752,0.6433156516026652,0.6988466919794024,0.6886866631464953,0.6472533461178182,0.7571302264941794,0.677800164916458,0.7750133843498993,0.7542890960897249,0.7362648124993135,0.6560240579486072,0.7906393534244522,0.7188402238448781,0.6510566915381495,0.8037979839445014,0.7945075250836635,0.7487919887941163,0.9902138266746622,0.8392989625966787,1.0025404250678909,0.9234388876168661,1.0319714656432888,0.9883358877997884,1.1284096668775387,1.1156480498330852,1.072536608133035,1.25279598384484,1.159308939609123,1.145566647579853,1.0433122772891894,1.2073837122350328,1.0142097962929986,1.0550687681080706,1.1223722112901788,1.0928601334893897,0.8838786505057301,0.9738051255382716,0.8818713987579305,0.760518150807973
0.7741620684041126,0.7801084183273987,0.7991559040123031,0.7446176086183541,0.653599082801804,0.7554093402734952,0.7536799392366494,0.6626056092929363,0.798005381665192,0.6332990410676271,0.6924832274484849,0.6633112663118234,0.7138009465136197,0.7026946606925489,0.7180768070630932,0.6805542042899813,0.7063756403477339,0.8783412538765156,0.7566038681105041,0.7205713194169183,0.7948418600421902,0.911929511690591,0.9865620723929504,0.8632970773319424,1.0556872332729375,1.0574625924553072,1.127193601190226,0.9971657252367546,1.2056654942119387,1.1224661722505427,1.2755786696697837,1.2025229490125955,1.1531705669637742,1.0844200963885735,0.991648378083625,1.0996919908771035,0.9984009140491878,0.8961429052512536,0.8940164561593038,0.8482094957746684,0.8610584012816193,0.951657912610504
0.02186757055119711,-0.0005825233210220269,0.009548422841944333,-0.01166718450348506,-0.004111652931003261,-0.0023540537134043578,-0.04084751008692841,0.013229847512443929,-0.022896369462157812,0.0033683230080013434,0.012235770959461306,-0.01775415340612916,0.0019160195707922185,0.0066669749691908,0.0076369803098499806,-0.015587056781935109,0.01614105905782603,-0.01149414189277219,0.03206740566689256,0.008170557020473783,-0.014175501540060266,0.01470233148984818,0.005404973989559259,-0.02159577140385045,0.0035205634336835175,0.007145965580389971,-0.015682232572097967,0.0410011528482129,0.022431666732447786,0.005189217302990181,-0.003466908256558031,0.006326555973261702,-0.02774998173322013,-0.002116814568149678,0.01029028327073314,-0.017482074822135207,-0.010492311548242265,-0.0004000467172116193,0.005983288401958825,0.01318082155787458,0.009670703590529196,0.030119637898876346
-0.9668415606332968,-1.0281776398494118,-0.9022561205888806,-0.82985016379369,-0.8431885535672067,-0.9168686743294242,-0.9168871532984778,-0.8592228118954817,-0.7820819395062554,-0.7299556981451768,-0.8178802791513669,-0.9111214134118145,-0.7858949200283891,-0.8910462770765578,-0.8054873036903185,-0.6488068460434245,-0.7623151392894674,-0.7609132571498408,-0.7118711953286501,-0.7357101943879817,-0.640352166495389,-0.6816907069249417,-0.578987585555273,-0.6218134385336026,-0.528912892043677,-0.5779174904944187,-0.555402876190388,-0.5496881653457918,-0.6911706232771638,-0.522026111898664,-0.5304159525794975,-0.9415566891652111,-0.9861033816850392,-1.0375757223920474,-0.8610782868966046,-1.0284077267021303,-1.0496335280485452,-1.009542827594705,-0.8710171125572294,-0.8218161119574309,-0.9964029543522152,-0.8370006857101928
-0.9783342414535888,-1.0559766996214033,-0.885569405956125,-0.9152713378407695,-0.8778468630842922,-0.9577869177686259,-0.9220976645676052,-0.8760130522663441,-0.8737921121364622,-0.8108427976075832,-0.811225006840935,-0.8890567903438241,-0.8325918151618558,-0.6822576998640407,-0.7170898571138259,-0.66581709362764,-0.7899244625937578,-0.6987435678452603,-0.7081633839362659,-0.6063387405046031,-0.7432080740787946,-0.6526651956439375,-0.6314480965149412,-0.6119721435546849,-0.5695986124010713,-0.47004311189437875,-0.5338088876034827,-0.6018333511217765,-0.6201151252507411,-0.4829638163554544,-0.46900009298219286,-0.9272115132638592,-0.9139312633565114,-0.9916498219302199,-0.9974178033424587,-0.8393698069069115,-0.9455049268053334,-0.8758423063233488,-0.9621474499818982,-0.794981982906241,-0.926287371678811,-0.7751646931429075
-1.032184091362616,-0.9164314406022824,-0.9887236281056809,-0.8788139498263201,-0.9756245239088364,-0.9203211345781018,-0.9022724553759568,-0.8474751564402017,-0.7720019698457633,-0.7069010452763389,-0.7278406310994976,-0.7809197984148342,-0.8414035144386041,-0.7498442212866796,-0.6760368205747044,-0.696489635654814,-0.7168423144403857,-0.7477996184214843,-0.6387464822897285,-0.6571109991873137,-0.6908593696744819,-0.6124776681103867,-0.5373111459938573,-0.7158471974619977,-0.6235619034986715,-0.6069193604177358,-0.5269684412273999,-0.5106826661240538,-0.6601624027768824,-0.5751097452732467,-0.4603117104374657,-0.878016502104136,-0.9355812266998078,-0.9025101163859057,-0.8997182827270884,-0.9420641206581837,-0.8702274785023548,-0.894067181049832,-0.8808741097369988,-0.7730535610992194,-0.8376079778097708,-0.9327035887969624
-0.944633461326924,-1.0158699817309989,-0.9458426492591138,-0.8571211037587142,-1.0026960997111047,-0.7916945464635199,-0.9451942255350346,-0.8199815306345082,-0.868045200111284,-0.8558897160512039,-0.8145124174668563,-0.7744297044071357,-0.6761443434260448,-0.7911734774365269,-0.6565570093591084,-0.6592184716713987,-0.7413449412855625,-0.6262009950841665,-0.6280530069399607,-0.5391751134978289,-0.6857799965114778,-0.6505219459799546,-0.5980563383399179,-0.5758724911049945,-0.5887840988627038,-0.5794982416993516,-0.47142826304721974,-0.6462076272392109,-0.5328684420331274,-0.5366070708659438,-0.48523147481744117,-0.9461777161060559,-0.8944474171232486,-0.852182235083969,-0.8231331738657827,-0.9703681227301162,-0.8284316523346908,-0.8914260652597179,-0.8180021079884541,-0.7242949526396416,-0.7156723070067977,-0.7379767427286744
-0.9652158812201939,-0.9171205925939108,-0.8864646297683854,-0.932549584250106,-0.9057628160560937,-0.8192748686229772,-0.9659065596116284,-0.9000754458357689,-0.8350624585719864,-0.7633309936204402,-0.8288442869460102,-0.7429401457700979,-0.6771146852260468,-0.6443110287087946,-0.7320007481291558,-0.6341044429300771,-0.7771158396800657,-0.6847467140607579,-0.5607281336607467,-0.6609073832612328,-0.6058766051913616,-0.651733973319077,-0.6544424080136929,-0.6816715409029372,-0.5024299394388351,-0.6236194522332861,-0.5245484743462332,-0.6022611886132901,-0.6078501048698722,-0.5056787985083757,-0.4500770169543097,-1.0447606578148991,-1.0477508461541791,-0.9705704181414292,-0.8442487462181949,-0.9548308071248574,-0.8661456382192627,-0.754376135187456,-0.9598094349469762,-0.8185933662324674,-0.8795350321899389,-0.6926385281884727
-0.0005656824236008288,-0.009204988209758616,0.010818414110743788,-0.031249235794633533,0.007677940275363619,0.003725378639826799,0.000724652786082823,0.00829474877800555,0.00021614054906007944,-0.01595501672014388,0.013831078860947423,-0.026942242985785993,0.002139208774851709,0.0030981332125614098,0.006690845847721081,0.02235727539045257,0.004608264111667122,0.019583661230122253,0.00016691328354897532,0.006580928836356964,0.0011604976838437149,0.018140984922206973,0.008835415044615913,0.0173260390512153,1.6841568113660347e-05,0.006893748246861709,-0.001634729531719017,-0.007657664444178961,0.012603236297428315,0.006734679610135728,0.006054582607397772,0.01726059019618715,-0.007933023294291934,-0.005427243484141362,0.027905275075176303,0.002785461663716091,-0.019967043279966328,-0.010094110622588906,0.01050094009682724,0.0008310166512473312,0.015619549710591703,-0.011743157569815376
-0.3179811428119506,-0.315358932312587,-0.2991084360147443,-0.2341601362323529,-0.2608332554259254,-0.28306701188766226,-0.29705995265947743,-0.32301085951968267,-0.1940067099909774,-0.26370286583197045,-0.2427655142846874,-0.23434511632818847,-0.16925071596846428,-0.1439884673240008,-0.13313599964680964,-0.1193865691554226,-0.09800176730173263,-0.14604922954900706,-0.14020837368193026,-0.1078421338008866,-0.18291722863193155,-0.12817252586494388,-0.22031438553455576,-0.20536965894163817,-0.26246450412887035,-0.2718918447439293,-0.43739379476337,-0.45956113689052697,-0.5864824999995251,-0.6338790844976694,-0.524645838669854,-0.7173125190348518,-0.6813371887897381,-0.5796732242713448,-0.5627834003620232,-0.7070345221987393,-0.6430231725633602,-0.5955609633009551,-0.5586558981909898,-0.46092994853377456,-0.5984614939939019,-0.5429579463649332
-0.3470664902355461,-0.2967508753981682,-0.3506180980745838,-0.33619144834786835,-0.19970169726730988,-0.30189389086391594,-0.2316365889366119,-0.298218793797232,-0.32592673758681007,-0.195511832110634,-0.15475481695015178,-0.12062943303842867,-0.08726984943385444,-0.12315896616227734,-0.08744476664531303,-0.11295176078871436,-0.19341184592351435,-0.12828879881421568,-0.13271939418871972,-0.17176691236121408,-0.1435797455258495,-0.1941798583415417,-0.19348225673405178,-0.2504165491878797,-0.37527630207266843,-0.4239376452652271,-0.33051287804694623,-0.5026941542903025,-0.48355058962479347,-0.4624109489758611,-0.5619844802459169,-0.7183650270190651,-0.7535335145933119,-0.6741582943711407,-0.5830492087139627,-0.6638644398449796,-0.6214616597016388,-0.5548465103883831,-0.5367179856431985,-0.44221896974305763,-0.5917169392313483,-0.37667691273536813
-0.30285946258110646,-0.38016478231813977,-0.25672242914159393,-0.3093202400870431,-0.34345497442066264,-0.36927743505793464,-0.3000777630766184,-0.1696894820619681,-0.27648590971605896,-0.22204560316019473,-0.24308646472197898,-0.191562391640599,-0.24233513938864407,-0.23225169448347785,-0.0818061329033003,-0.051596529358459015,-0.13313834238363995,-0.08353933935861282,-0.11574631537248341,-0.070569321517299,-0.18305753478975945,-0.1795166744512671,-0.22634314389450946,-0.3059247945977915,-0.35567527369539925,-0.31604625677469483,-0.4842873901810744,-0.5783455247630087,-0.5254422147741975,-0.5771954307478009,-0.6043642750932914,-0.5880764909413517,-0.699217180898574,-0.6116138921961302,-0.6383484581176891,-0.48002461309565964,-0.6500208960948336,-0.46972783374671256,-0.5145590863030215,-0.6024413726102876,-0.34519484053873184,-0.4004718248338113
-0.30055372542797515,-0.28101520339827674,-0.21308784632017272,-0.21308512752722986,-0.37122421563839525,-0.3678665549738858,-0.34877773122981953,-0.3306933901324165,-0.2622504429057893,-0.11986378684209797,-0.14071022936193775,-0.1064218263825895,-0.11216362162360546,-0.14604672783802572,-0.15286699768740283,-0.15545777058477392,-0.08873168960844242,-0.10926161412702055,-0.08479936201111016,-0.18636382379911293,-0.14236711790765508,-0.1559618561512281,-0.23010641481039162,-0.26869539040418805,-0.19730238019963467,-0.37309595415350194,-0.3439383039147504,-0.5822368361056556,-0.425009782748337,-0.510833032779959,-0.6191157866274029,-0.6698624072179573,-0.7176446712562948,-0.6526419352382234,-0.6235784772516773,-0.6450953655531515,-0.6032731662613491,-0.5901766924674244,-0.48774998353101595,-0.5520081506060397,-0.5717941910945419,-0.5270386030952048
-0.2583402937279982,-0.2755551178214647,-0.2554742428329561,-0.26957364163330266,-0.3296977604024016,-0.3090302091629365,-0.28216160407509555,-0.20418359943414022,-0.2571105205608802,-0.13420993606545484,-0.09334056624768024,-0.12172684522699904,-0.13415445528680847,-0.17221132398259523,-0.09452495002718543,-0.06697294996029364,-0.15195472359422132,-0.12862581181319827,-0.1553311125890204,-0.14937014043479213,-0.16835430088914838,-0.22724304774720253,-0.1839648505229487,-0.26698849726909674,-0.24522957473401766,-0.3643820805271751,-0.4143661917470901,-0.47572704387599773,-0.5154134871568944,-0.5325030937161147,-0.6586018293491742,-0.6028489705138579,-0.7311668999853467,-0.6113557172116759,-0.7113864838790561,-0.5097653721114858,-0.5373980019843452,-0.5341437955162771,-0.5835383186495149,-0.5821681940216088,-0.5356362255059733,-0.42740538016355245
