gfs-wave-data.json
{"header": {"parameterCategory":2,"parameterNumber":3,"dx":2.5,"dy":2.5,"nx":144,"ny":73,"la1":90.0,"la2":-90.0,"lo1":0.0,"lo2":357.5}, "data":
[rows 19 to 37 of 73, columns 0 to 41 of 144]
1.8768838988754213,1.8063892718963668,1.5604507695360124,1.6891405161684916,-0.23701907187123378,-0.2586796127546217,-0.17040152568058028,-0.30880810244276446,-0.24361540231254136,-0.174703245276055,-0.30719910890232344,-0.2984729918784508,-0.20086466427086108,-0.2979775833948942,-0.28715985317721643,-0.20490252221676014,-0.16451241554811513,-0.14586789810881678,-0.19849028359450765,-0.31531923846862736,-0.3113714188402797,-0.22360249789910824,-0.33234690363404706,-0.29622994668476044,-0.26726377047387057,-0.24915100191904654,-0.24106211009138837,-0.14607102842989733,-0.19569500369515475,-0.147052176904886,-0.2843597157896547,-0.30509691896397284,-0.1940464895662568,-0.22430566723476952,-0.23278981965984089,-0.2431607367757476,-0.22148466998761676,-0.2682518910209553,-0.2823296795088807,-0.206648489918332,-0.23073317796321485,-0.18325332701688962
-0.13038877037082502,-0.17309202984635305,-0.18206755495767618,-0.15499666469856638,-0.1305064602951897,-0.15753918371431072,-0.17683723497988707,-0.19586977794865124,-0.26744376952650484,-0.1931195301877271,-0.12382820326743828,-0.1402644981496143,-0.24699195952904365,-0.28712267825482546,-0.3085441011800012,-0.19123166314634796,-0.1469450907698226,-0.24971548331842186,-0.26460735675556873,-0.209985314702255,-0.13293942145164894,-0.1396276632945883,-0.13089315742856983,-0.3026736615594137,-0.13070194324421452,-0.23369547037997723,-0.1261044821526259,-0.14282073702138734,-0.23768414509039076,-0.3125905924779099,-0.24509983666910737,-0.24657981249822228,-0.19336907832225653,-0.13554287300951157,-0.24249004765836338,-0.3125308757983249,-0.16539060362275557,-0.16447375606250647,-0.22962911872060926,-0.14571167148137387,-0.28527100171947295,-0.2355872681603217
0.11270694299673173,-0.18249869552490636,-0.009874060462153075,-0.28997564852747554,-0.37420436221649833,-0.30645861827869547,-0.14115595519281798,-0.3965926965091508,-0.290946026788977,-0.3305324231425329,-0.350024960920103,-0.4154511092935912,-0.6505129443542006,-0.5445806138819883,-0.8048429654467066,-0.7049358806320941,-0.7978555403437139,-0.5854685845069093,-0.4977697436615784,-0.4592484424549606,-0.44953046917096545,-0.48636877438925114,-0.6700293083569485,-0.6995291727634728,-0.424620630714329,-0.5590448999528719,-0.3512016754171856,-0.5164212320592112,-0.37933694570075727,-0.1541018247075046,-0.29076247194430177,-0.0999531166499251,-0.34898778778385847,-0.12894976451992507,-0.04188703014416904,-0.14481151232995873,0.03007040086584056,0.0719688914691183,0.10602875031225345,-0.007046567119333848,0.27051507866964775,0.23585706650568106
0.1743753075837579,0.15709740136636355,-0.1236767566805527,-0.0022010004587425113,-0.512430644530265,-0.18003932872205772,-0.488914232304365,-0.5666915889392801,-0.6603897041402375,-0.5035609352751435,-0.6699185793832401,-0.3950796246555451,-0.4585594542208908,-0.47007059425032377,-0.6255731129747025,-0.8523270109451692,-0.7233886993905806,-0.5888344787291196,-0.550753759229908,-0.8698927942908701,-0.7643846327901743,-0.7675839498550702,-0.4971175376197663,-0.36511619699183573,-0.48208615001491617,-0.5487517688160292,-0.5462088138855073,-0.333709314943531,-0.44553044163023614,-0.41351338435474644,-0.3831519237757265,-0.23003579152522133,-0.008370257009984481,-0.2737440816247825,-0.24322411823182297,-0.046806920437089096,-0.15606485478335477,0.1287300355787934,0.11740672088775853,0.0304205758085979,0.18001627889326866,0.1986685267614794
-0.11778417031235383,-0.08179881264301225,-0.16511209042909578,-0.23996202108942064,-0.04119222933359386,-0.2691399504733004,-0.5862237397544133,-0.709175870394264,-0.7787933949603987,-0.36183354518666244,-0.5134096189210059,-0.7429027053108613,-0.6762905812350894,-0.5417462789640299,-0.47639900428500587,-0.5161485120344594,-0.505512194471435,-0.715213276300651,-0.6671022663014322,-0.716228603113767,-0.5191008578810762,-0.8022248555914551,-0.6360870784506122,-0.4050510131251035,-0.4961178514096183,-0.4674601086163234,-0.6670464611879005,-0.30216020713756114,-0.2718848833659302,-0.32492742288955606,-0.19143910066595782,-0.1368326403275283,-0.038628662521788516,-0.26045506351707154,-0.23724767864848964,-0.05043882137842769,0.08062276884275996,0.05695419083889213,-0.07700542248494109,0.239575997640536,0.21785969788540976,0.08693931850138494
-0.1411008995430176,-0.1981861272239669,-0.21150720545895169,-0.23580677371766848,-0.2694253243858746,-0.21926745209994555,-0.12944350945169888,-0.20210525879907562,-0.23367691433167664,-0.17128579065120406,-0.26661690787060377,-0.23251231832636868,-0.27243304455319767,-0.08922521252085798,-0.0968400977814806,-0.13118797888343725,-0.09567041063142784,-0.24555261816244392,-0.11819206669818136,-0.14086137333619622,-0.10385504778901383,-0.13993206391398794,-0.16250857698536628,-0.07810856976520408,-0.10241152870526457,-0.1405017155222644,-0.08600938918002084,-0.25937129195931785,-0.21509689765460296,-0.17480681549900162,-0.19141396736124075,-0.1671894926433311,-0.19317215435277546,-0.1813176588483865,-0.1348254267780234,-0.2295925832917414,-0.23221207605439068,-0.110534251626151,-0.24565082844388678,-0.10768257490937505,-0.22921187731367404,-0.16178845905953904
-0.35763633241215503,-0.3316086810963786,-0.4864690532119174,-0.3207149779026513,-0.3215270446393446,-0.356847968064313,-0.4677871223678046,-0.33041049929830063,-0.45586778079273677,-0.21572401668410404,-0.22247562361452813,-0.2898066906700457,-0.2349941947814305,-0.336058896183079,-0.4882538193904529,-0.4652631633932002,-0.1694103918134205,-0.1591123443463425,-0.1736958313874903,-0.45565994169534396,-0.40659273505138793,-0.11851057037196218,-0.3072751957405059,-0.2601343904048212,-0.4054025421106791,-0.21381171007853578,-0.3370437008551735,-0.29082631827883576,-0.14600134408369103,-0.36469402215725594,-0.061031236381545416,-0.23213242428872097,-0.2145094385367447,-0.08933479851212747,-0.30894298005042936,-0.2416853960646535,-0.20391179878787197,-0.21436256710062732,-0.03782799882507779,-0.025578577629384293,-0.2016163770590222,-0.03143954188616193
-0.3636441275012912,-0.4173506860142989,-0.40199370244602983,-0.3030420405453538,-0.33392034944989823,-0.3396341946523213,-0.5756494635272712,-0.25416622273127726,-0.4796601938129046,-0.39443962504208824,-0.3213690707825512,-0.4567046084248385,-0.37222856432332974,-0.3960035820217444,-0.3125324150186806,-0.16142079002768292,-0.32773003465709377,-0.16851009983372295,-0.4143918021244079,-0.3198710645469413,-0.12612201692022337,-0.3937949013827668,-0.329175138323029,-0.14246042539691373,-0.3045425912981258,-0.2217171648329747,-0.42668754415275684,-0.32583844538523166,-0.20105615044070468,-0.11114977830387993,-0.3201968908997081,-0.05739434771898297,-0.018574040716567763,-0.13667407555669292,-0.12090280373162073,-0.004235915095014512,-0.2050914486335908,-0.005917664514026647,-0.3509241896925166,-0.26047840655673293,-0.36026816092420905,-0.04211766901430312
-0.4050159174273099,-0.5215083155401989,-0.33770675699278463,-0.546463331454577,-0.5303398756117064,-0.5755087284068547,-0.5131956917401023,-0.3885349150749561,-0.35016794968688164,-0.5220789337087924,-0.32428874645370803,-0.35165063539872016,-0.31064162507601656,-0.4066028394585133,-0.28037368528835127,-0.19838935881017433,-0.3931016484070656,-0.26181296315368885,-0.19278911356321837,-0.33740900525380324,-0.12129920996108348,-0.4375814497832032,-0.1947463247475301,-0.2705529256777317,-0.41908467174870495,-0.09067750815196567,-0.2640733566102364,-0.04963003417860081,-0.1749905704776446,-0.1561111987578544,-0.13285467347298355,-0.0974577511558662,-0.2880550693673967,-0.07824733957606247,-0.012152463395192119,-0.2995632111204529,-0.1955101954074376,-0.07142538812808019,-0.02843524164100254,-0.16466662383704012,-0.30243424328819324,-0.2323911855913453
-0.5555747955562457,-0.3489261252479421,-0.38880997153267405,-0.286569807264206,-0.5262961269083161,-0.29351981630332724,-0.33121378196972573,-0.2670563918474446,-0.4361509822210708,-0.5817339721595508,-0.3887613404392659,-0.33662095143472787,-0.32416789993819206,-0.1700275999631114,-0.4071070793724942,-0.23610616717635474,-0.3611507906603819,-0.14274624053701218,-0.3132679991251385,-0.2641151987868487,-0.2603222031120195,-0.33229252204525117,-0.33695233129450114,-0.32253418316807353,-0.3838417519971695,-0.2929330908930683,-0.07368624104446952,-0.4203852462794198,-0.340142306622832,-0.17131664588351964,-0.14659016797219382,-0.10940421834769165,-0.2014287808570692,-0.099683823891924,-0.3324070654314742,-0.38037061629881413,-0.03194970538115142,-0.19594641319539507,-0.009003771745463593,-0.09822717057354552,-0.3242785351771057,-0.17725347652735854
-0.4761069369413524,-0.3882480710755761,-0.380239587724624,-0.329321747828708,-0.2906157170639143,-0.5071103442388444,-0.2740211179715362,-0.3180789097439261,-0.4314990228111639,-0.5698745968472418,-0.3000466690653364,-0.3173728146723442,-0.3826973294978392,-0.26186898535880165,-0.1593347021849265,-0.1522109133151682,-0.3263982544121071,-0.43741651666872466,-0.3163578795248999,-0.4266563774743367,-0.15544394094329164,-0.2678030204089211,-0.19311070673007252,-0.13585863627117142,-0.38988745843717343,-0.06315784962232995,-0.31808142291757324,-0.28832306084155274,-0.30207423079658585,-0.1555744243451102,-0.2965266663158728,-0.078449167201089,-0.12710368335481967,-0.06248116478395424,-0.1466127526564014,-0.3153037975175205,-0.2544252954323188,-0.2883472302145835,-0.25603472789271353,-0.38012910425111646,-0.23570657740207598,-0.18403546454399292
-0.07728757103138922,-0.1075408203451917,-0.18451474948151414,-0.16731611654785347,-0.1959807010925186,-0.057663530688692025,-0.053824069904792625,-0.212074296261769,-0.1262477215834482,-0.09722547824857011,-0.06752561920416239,-0.11819923864990166,-0.07180895998241803,-0.14371699481236427,-0.07569098688032949,-0.17481467237012452,-0.056858034620658894,-0.12848005649610125,-0.05330973710596306,-0.11249157498561381,-0.1815151823487176,-0.04998226623942076,-0.10152561550386456,-0.15126462797357493,-0.031091373990059117,-0.12464123046195608,-0.21523473759592607,-0.11511392763720586,-0.06884050602987368,-0.17825772582586563,-0.13726945081982736,-0.11181653251545971,-0.10890737084196052,-0.13455377156119894,-0.1603040051612558,-0.1677663043925567,-0.073196456847793,-0.13985218813272352,-0.21898463268753354,-0.04055237830299649,-0.053041556315121544,-0.04531411243906688
-0.09466228409661749,0.12508782016282655,0.23482697371337252,0.16249825416705885,0.2700387723356012,0.5899304596692292,0.4899155621869574,0.6010816240172113,0.6327850624943503,0.6793379770366309,0.8162435873455921,0.7005726212087301,0.8049619356799332,0.9071075713914987,0.820263295832864,0.7735528813901407,0.7319250685993349,0.7322613374830944,0.6751027588528238,0.5428686583784513,0.3934821018181194,0.5204776992655866,0.33645105663493124,0.10382177952740024,-0.13512757730277475,-0.21215655789966062,-0.21726597548481658,-0.337813466822146,-0.44970681144152125,-0.48706481605854507,-0.5036621743386056,-0.5394187821851879,-0.6651851025797236,-0.5826573595040786,-0.5645539577151002,-0.533531093127205,-0.6092609348412411,-0.6069880683125605,-0.38511811710316035,-0.4318201799576433,-0.3871411749493908,-0.32136509354548265
-0.03327534991673043,0.0034245004410134675,0.25174748341392045,0.18999215208810816,0.37176042972037016,0.4033542492838267,0.4616650600862447,0.618656705626516,0.6521189108460274,0.7008989331255528,0.8615326982293307,0.8194180067126968,0.728804254249219,0.883951118361411,0.8035038277704669,0.7765141519635277,0.8131165809916866,0.8744985418341984,0.7887829239945979,0.5270514449220739,0.45646642734892184,0.29189672370480485,0.2759123017362581,0.09636744061921206,0.1635909937227941,0.005379195640621573,-0.2434241550461651,-0.24749962850660098,-0.5021367117205994,-0.4322521855842536,-0.6183178424100281,-0.6743015968128372,-0.4614228444084296,-0.5301541538787138,-0.4594943203739522,-0.4811717133722767,-0.5787801810442627,-0.5065307698914647,-0.345257743730648,-0.38119211211807474,-0.4108548560682476,-0.35086462479117514
-0.09415419394667132,-0.009144695041067753,0.18361208544737473,0.386938232470684,0.4215794341134621,0.47965479954836465,0.5539032470356257,0.6832602532278146,0.5684277822270161,0.7429285612017537,0.6983482887150663,0.8139234680954752,0.9282053454170092,0.9293815729667421,0.8506291886932327,0.8648441219528382,0.7464493506718727,0.8791546956246094,0.6688417149560336,0.6165460885323032,0.5696419189232911,0.42733260701781084,0.19132985064614996,0.04670981899906312,-0.05499106155712986,-0.21540573348208097,-0.3677745039991339,-0.21170397620521603,-0.38039970283244107,-0.36250820690987134,-0.4090818409289609,-0.6279614239953095,-0.6753347118084805,-0.6061747502331132,-0.6329875423400171,-0.5139213250779748,-0.5039289704976019,-0.47074016672377184,-0.38319999644465796,-0.48455785884033054,-0.35312398078094953,-0.36514397810730587
0.09586331813727084,0.13620831174712195,0.24761066330527984,0.18832927184385836,0.2381247326771031,0.4866866703767282,0.5936884902877564,0.5701636471409413,0.6563493227467925,0.6844767899821619,0.649960316357268,0.716337231610352,0.7379179751863312,0.7309957702372806,0.8708894964219647,0.8268717185124749,0.7883055228685684,0.8335041573069651,0.6624720261982776,0.6001791128237002,0.517453134733794,0.48921650305124187,0.13408203157833887,0.16730733479135274,0.05565246613706338,0.007896022998053582,-0.29676624994170653,-0.24316799576366166,-0.321135479813213,-0.5009519903191857,-0.40363145875337797,-0.5444937676116356,-0.6413981956683946,-0.5049381763079853,-0.5344718297602724,-0.5135964083812316,-0.4186266027609233,-0.41872940669908554,-0.40269103929981653,-0.4005480325180505,-0.37822950882685463,-0.23364088470235694
-0.08058294343403022,-0.020872211637300866,0.27819145323365685,0.38734756262111486,0.2942679060133035,0.39049280421261007,0.5744783006192071,0.5312986512799454,0.6453847545673799,0.7295937335410413,0.8270313756654837,0.8203543582995042,0.8999251095566108,0.9298244740238196,0.8747259797308404,0.7963370450446562,0.7597265058336159,0.8261681016898853,0.8053448321502257,0.5731373472911542,0.5219068259870357,0.3600120518703508,0.36553026702241614,0.22459911007761885,-0.1663319221940483,-0.17442720502987724,-0.2026051313903268,-0.33048652506578724,-0.471230613465519,-0.4646769134187949,-0.5959361546231678,-0.5406063233671832,-0.506999171949133,-0.6212496360734197,-0.6169880069052642,-0.5866609390893753,-0.5721232632059744,-0.43025262139977627,-0.39099745473415964,-0.40876441211776243,-0.42283529885480003,-0.2731956482616895
0.08781877596578457,0.06411757732630419,0.09221180704640326,0.20826590323762378,0.4180961080645885,0.3433558973609727,0.49148040855670344,0.5175399960379004,0.6448417151158629,0.6788007349383909,0.832796952588692,0.8108084710403204,0.6915029639015473,0.7099270580820162,0.816323386964629,0.773171083687909,0.8494262725054553,0.6949455820028204,0.5403913384034891,0.634327480828106,0.532345505735141,0.2644116114126186,0.34187895528064877,0.20089041441988884,0.15775423167312072,-0.036118153047269175,-0.25947148024693933,-0.19516549511941225,-0.42993963358245696,-0.49154060521084597,-0.5601034149986409,-0.5510830888312692,-0.5383495528111139,-0.6019710423664714,-0.5972586899244477,-0.6239911832815422,-0.5664276651733178,-0.5174216514709116,-0.47651574840758043,-0.4717569195140482,-0.3438303583483773,-0.2915619623234164
0.01276530725363247,0.1703598799894727,0.28191354688287495,0.15553102392992582,0.30682049355166197,0.48046997027938654,0.5291415707083649,0.7116740096440705,0.6636511024197227,0.7690559003220111,0.7974715633853396,0.7230162724713358,0.71332577427696,0.7137720636365057,0.782583274866428,0.8173879884001772,0.7686863517594108,0.7195573347238609,0.7191406334559531,0.6362024381239575,0.6040907435646725,0.4809870778825155,0.35489611873851584,0.18200576550777173,0.043964240577927874,-0.11525365311925298,-0.26016872390786516,-0.33679855266186987,-0.34616986675574046,-0.44477312620949416,-0.4967654999714619,-0.5112513272335812,-0.6528804473202037,-0.6184424557853604,-0.5749926936321178,-0.5727586864104939,-0.5376498626548672,-0.5141425162297456,-0.4101107549508921,-0.452373000423721,-0.44430978641856683,-0.25000690080664006
