gfs-wave-data.json
{"header": {"parameterCategory":2,"parameterNumber":2,"dx":2.5,"dy":2.5,"nx":144,"ny":73,"la1":90.0,"la2":-90.0,"lo1":0.0,"lo2":357.5}, "data":
[rows 54 to 71 of 73, columns 42 to 83 of 144]
2.398735049842038,2.5799463173005552,2.3365854645106614,2.4260303128629332,2.420937641406371,2.381921087202718,2.369144774682769,2.3325975091689224,2.207719588992694,2.0818306516117553,1.983806111428031,1.935347542029977,2.096751544299112,2.158916591376762,2.190477383015218,2.1176957182370004,2.131422213256212,2.2536973232176383,1.9689845469587266,2.0125417345008176,2.0360934836319737,1.8445336517856339,1.8718092696256887,1.9080677295376396,1.806729602539814,1.8206093300498933,1.9991499430213981,2.0133378373620867,1.89677435573812,1.83020371797493,1.7904435701960573,1.7711709856704025,1.8044207393950227,1.730579282168354,1.6547392772594423,1.6078327600191995,1.5765652877256535,1.5580350098134337,1.4026871989759173,1.3714582067356496,1.3623957195781977,1.4071624446256825
2.5962857094849223,2.5291533643018336,2.5452782248156467,2.452584327345091,2.406733405211905,2.1510236489739816,2.2924146566599015,2.325859753084981,2.080938056210003,2.2126226143586307,2.161360371328145,1.9001260921268253,2.045672541975197,2.014498493285011,2.083396230960501,1.8843567920568078,2.1811340892269078,2.0678697569831406,2.145971777157886,2.0237556497389813,1.923234582628246,2.091731535724895,2.008120488024395,1.9509987654472583,2.1384502192182255,2.0753342656923706,2.0191488672965465,1.9469277883223004,1.9774302165868192,1.9657938115929672,1.7569790306533206,1.8105941495806877,1.7469019095039462,1.785365181403746,1.7645183467831334,1.622765434689227,1.6732594555078766,1.5204181404193233,1.423253180853675,1.4951081719842712,1.329864809237042,1.39054843340021
2.556633425034325,2.382116522514196,2.3886798322055633,2.546124803034414,2.4872707595675143,2.070870371559492,2.2806765495035055,2.044393267615118,2.360402670070327,2.0061268465750475,2.0999287828522895,2.0869068617175435,2.0710216535669783,2.130756094822362,1.8878073458905318,2.234193469810789,1.98839591599954,1.8016564037417713,2.10445714821009,1.9962997590705316,1.9867088500579826,1.821244392101093,2.063314498288826,1.949259778159833,1.9679271816089448,1.9023136787327362,1.985942837339566,1.8502664564481806,1.933828835949897,1.9007333215253077,1.8371039858915363,1.7272974822403093,1.842713090289426,1.7506970670988633,1.6741873673219956,1.713767518705304,1.548925420055117,1.6472993800063542,1.4635755465317921,1.613578414718868,1.3764566158224092,1.4254195490945678
2.5243442633235076,2.4040396134277824,2.3664914689269017,2.3380547744882123,2.2008398463624546,2.4041565858305525,2.2791553979111443,2.263175667707874,2.0424843000360506,2.110357602060321,2.2829304250676827,1.9427387235402949,1.908323505621552,1.8445145418712354,2.1059217584707697,1.9271912363086996,1.899246301602417,2.175556653324764,1.8707312601143453,1.9226942154445181,1.9685423201233527,1.9192280608894605,1.9055056620324327,2.0920976330442698,1.8148300909968607,1.9238348738281585,1.950509388422089,1.8379784095761165,1.8384023728605356,1.9406462514989433,1.8760298060701812,1.8676438244363247,1.8397685239440786,1.8238997249294346,1.7243627052306716,1.7685854212040821,1.627607842272861,1.4203382573762366,1.421408065900675,1.6189263911367942,1.469317504116262,1.2044505475461182
2.529957145115349,2.4363012886142617,2.3840130140556317,2.3521850766350347,2.388641153628359,2.4895289963099216,2.145191581879589,2.118101953413188,2.28931940300272,2.1959926292757634,2.0949911769623664,1.9643417762620663,2.1616305275316776,1.9983599912677923,1.9784237085331093,2.2333127298741666,1.8972136699264688,1.7816557647910223,2.109446012287818,1.8431566445317882,2.071055434163324,1.9556853196000605,2.064515978719663,1.8610594313814681,1.9808023367422969,1.949045189121612,1.7949781732348236,2.009007873324747,1.9382559838218818,1.7888243136121087,1.928117158629036,1.7521589027212439,1.6716885102626555,1.7062387649301365,1.6336387619448667,1.6773541459826582,1.6470931834066516,1.4710648490598253,1.5170061465097653,1.4749164851629966,1.2274381786486595,1.3365610876479126
2.5624744763102854,2.602586113429631,2.5016194048103557,2.175487384402099,2.4186882179152747,2.2368330922241086,2.3350234533432896,2.0594490777105237,1.93390451730395,2.1807672926206543,2.039266423218655,2.1376157943189567,2.154679398457864,2.2125029334160713,1.9926543007981292,1.9623366332536527,2.0687187553993636,1.8362960593758217,1.961451705673009,1.993666099934503,1.9361199533545366,1.9450056231436195,2.1356630113602293,1.8404157078779118,1.8302161263901973,2.0777491847533778,1.944937483954855,1.9273119514819066,1.9549109246623741,1.7812175408402924,1.8263166945731764,1.8439500763663796,1.741077187104662,1.6515426984421944,1.685291765294233,1.6905192086747722,1.5344356876219638,1.6649752800269257,1.6451739808683197,1.4453896408145217,1.3619582208108492,1.3454675542551569
-0.006752315008412844,0.013807002623269666,0.016811209484659553,-0.021069646392996414,-0.00390967432284472,0.013829450475562412,0.030391271329634335,0.0012166040853057794,-0.009763417534432235,0.005844409092937265,0.00035693878143973557,0.024357009873850255,0.00012942983595180243,-0.00523455737472614,0.0027975637038409164,-0.0023787293239563466,0.007553452399964177,-0.0006427032215717259,-0.015495928499748405,-0.006722358019038504,0.005354888260929684,0.006571485950208895,0.022400010416457335,-0.0010340310056242861,0.004475466409185541,0.012331704896385185,-0.02645967554981851,0.000731319736856742,-0.00028597734021267707,-0.027994770014101812,0.0057563810974526975,0.0010741126667464843,-0.012286343303168154,0.00017671178513051615,-0.015064033693169696,0.016039976328164347,-0.0020343000143500374,-0.0011540448054432584,0.002558002567282942,0.004963272325420321,-0.0031488034521148316,0.012453741529256105
0.1777380893122411,0.1682319591520182,0.19148079251539993,0.1043947658794061,0.07812981159304845,0.16759525818853607,0.04214536063471718,0.11171320539345984,0.06509540911413704,0.14047743717491687,0.07555153889245199,0.06583045498691577,0.056822407010073316,0.09252236214804965,0.03573322923515374,0.06280883672650142,0.07456438573711045,0.01995630789007866,0.02803485927224006,-0.003250313254228769,-0.03216636451313919,-0.07142785359492515,-0.07724209143017295,-0.13965077386332,-0.10214024921728197,-0.13787334664836906,-0.2773780691894987,-0.29758119784071174,-0.22369643913111859,-0.22145395318478395,-0.32529229730028625,-0.2803565206309467,-0.34905158126797725,-0.28191119586803126,-0.26578003457598276,-0.33279276335127944,-0.38236828487027374,-0.18595598188435458,-0.16947894606951655,-0.20507831918301964,-0.1435415373382586,-0.015342088428379473
0.16303509663077914,0.22347661675293568,0.1467377901083032,0.08380951640982795,0.13884697139603783,0.15894470807038716,0.03357702354037629,0.14799589748448588,0.13518987883632502,0.10133459356684918,0.06365899691188485,0.07038177370055547,0.03930091413395177,0.08911615843096363,0.054368693569333236,0.03726985274996974,0.015095522335593687,0.007253483248655663,-0.019376116468696174,-0.03916046770536841,-0.04683118016667064,-0.06899533075621511,-0.10660069431233228,-0.18402776266205592,-0.18077164316799693,-0.10875956035503269,-0.2311262784383291,-0.20765558553860516,-0.30156842150921115,-0.30187680222947616,-0.3280080312551188,-0.32814126090394763,-0.3703510153062431,-0.4033806336891291,-0.3157802775309906,-0.29104075104132465,-0.3674413402891447,-0.2745453320724482,-0.3508380266898911,-0.17694620644927186,-0.09021998149071082,-0.15411306371073588
0.10351809037919019,0.13681877124437755,0.15703639938789776,0.1947206539301027,0.12875582256819126,0.07346399215382848,0.12621896977238242,0.12886369648954887,0.14071014168068352,0.12540343051110253,0.1438754892200603,0.1110657946710072,0.018816459385820893,0.07205897328779039,0.04452625513200683,0.021545845818026068,0.02607221410470276,0.012300581660190508,-0.0058803348144873336,0.0005324495204007188,-0.057409782248773536,-0.12284887423837644,-0.12922576589997478,-0.07802407722129355,-0.11213134988078441,-0.20495669797275937,-0.3043161844420226,-0.23794315601458202,-0.18392822908504097,-0.27315359748818563,-0.3757924039768644,-0.300745295261805,-0.38020567806354183,-0.3783687933618691,-0.3710627756333902,-0.38450304091008053,-0.32021494664770916,-0.25930565446329173,-0.18926321975706592,-0.2635064772797979,-0.16727440827641257,-0.008257117603318776
0.21672256689226027,0.1673144318320465,0.13382792539672309,0.1898907063335202,0.10346098835124402,0.1757713356528269,0.18084681704845676,0.1775007719997933,0.040199136091443474,0.08144449923256346,0.031709816891371694,0.036110171438156896,0.1179991953309566,0.03328999841329578,0.023020746074540268,0.03760332232510851,0.028483546737545152,0.0517130947182975,0.026481548967550048,-0.0226101798566547,-0.057093965228371464,-0.02255556902868452,-0.10761210069124176,-0.1477941319179292,-0.17426584194039088,-0.2508390304055255,-0.24696769964057372,-0.32489077622246315,-0.2392862223986767,-0.23973054649420783,-0.36459108232886656,-0.25726759844955605,-0.3641266670245314,-0.24178441626663594,-0.3138483574556204,-0.3714069803525077,-0.3624044209638666,-0.3110250329357686,-0.20943892126887764,-0.18560614899650849,-0.08211464050498936,-0.16248599271046377
0.18076121889397956,0.10519895960894018,0.07811061470117842,0.16747008959678167,0.08143517196959227,0.08161324876787698,0.18426103971449784,0.11765066037740082,0.17883276882128651,0.09114036969419574,0.159068246964177,0.10370739587590186,0.021461635402117495,0.027002415639754595,0.026240099984854902,0.021583096553101814,0.008423277777367474,0.035075118690508895,-0.011996693691388198,0.005542984495475198,-0.09697453680612886,-0.05249156340480406,-0.1582086880980501,-0.07178568194654178,-0.1680089632187684,-0.13977919886788373,-0.18809539854678678,-0.30238814214096754,-0.34076117527140093,-0.30864574746943757,-0.3167661605573256,-0.3119831520462652,-0.39636180201860494,-0.31862300578623637,-0.38014058533108613,-0.26944898109789756,-0.43068552628878964,-0.20124652938639406,-0.1609100269057475,-0.2353346781414703,-0.09910745718202593,-0.15049546696380936
0.11872830927802511,0.20117490143715622,0.11862768374082017,0.2534689852325118,0.21400133835319043,0.06255496391486258,0.12640033486094493,0.10328087812020541,0.05803988441370685,0.15700946323182466,0.09259956858386299,0.06778524305670222,0.08564613582043809,0.018218767904327336,0.038905297047425506,0.03655376634539075,0.014052641942085555,0.00285015422792803,-0.012344242422680302,0.003078875644101928,-0.06189078602500833,-0.05348145602516542,-0.1670065010428973,-0.14341188401824886,-0.1477780709435975,-0.2237236386766042,-0.209272316825427,-0.2956017562538262,-0.21628461530208773,-0.2897353565798813,-0.35170243079920227,-0.34024857446734913,-0.3444087120334289,-0.4258440009667336,-0.3620967784615792,-0.3149171443365356,-0.3954611345323829,-0.3799701693899526,-0.22320731178928715,-0.20111272770671737,-0.20487889970150672,-0.0380975613215204
0.2691140854728744,0.1842709604106882,0.1418275720200228,0.12792279015978694,0.20468093345585178,0.05536073493014022,0.22309967524865468,0.05861087585479699,0.12180292998605047,0.12482872846206364,0.07175916460450224,0.05403052165138671,0.05882889292235376,0.05121473811501629,0.015363034652477549,0.03128087512831677,0.06115317916239078,0.005484418018598168,-0.02768774670972026,-0.0015343084615560719,-0.08907738241973771,-0.04366651394499278,-0.1678716307396316,-0.15951762673206185,-0.18759460927722238,-0.15564407519297033,-0.18051047351025357,-0.28132962830841246,-0.22411327493938854,-0.24923730744702402,-0.31440544393783304,-0.34309807359680333,-0.3042716284280244,-0.43960237676725555,-0.40947371452823983,-0.27174336221928375,-0.40022053627627713,-0.2456356506755892,-0.23649714987258516,-0.23968793656481346,-0.1725473154345328,-0.06390994519903308
0.2396346039884746,0.28311448348399404,0.20208286546103404,0.20178502695464756,0.14000953693431128,0.1533102742468666,0.18553761426891838,0.1908514829061497,0.0772492514292412,0.037855187864680354,0.16188707337892114,0.06042262034289016,0.1442554352999152,0.06914784089223541,0.046811812814882336,0.018824671804955832,0.09456524027865858,0.003988715372745231,0.020466130405188045,-0.016939230509671083,-0.04633492918735666,-0.0950422633365247,-0.0648870523318393,-0.1329337139533191,-0.11609062761525904,-0.20398359601515176,-0.27920093695402554,-0.26883806112793834,-0.22391558802755923,-0.29499048233955916,-0.29777339090882027,-0.45114236251999074,-0.4181900944045096,-0.36969515873049097,-0.34688403359008313,-0.3479807004839093,-0.4685953931318103,-0.3279108077394843,-0.2209118308585099,-0.1459086056044836,-0.06292392449408447,-0.06903102776055281
0.20104486777757785,0.2082008352416347,0.15030215792987506,0.10196997846185755,0.15827577175275737,0.11358289185561474,0.15919752381671207,0.1923249950017505,0.08614723318281038,0.16137165142063717,0.08326124681938338,0.08205157658660218,0.0840399171506183,0.13462930182168875,0.06030142812978164,0.06995539099256168,0.03200774953918904,0.03272098139607322,-0.001451837076638235,-0.01130253192152188,-0.01410251049649863,-0.07567967331014981,-0.11863181933863905,-0.08669555799592817,-0.20233799742159772,-0.17151459748211323,-0.20880468793482113,-0.3044699105682333,-0.36907781222244124,-0.3462499711429984,-0.325705881996148,-0.3340819431164285,-0.3775012437303277,-0.36607995836960855,-0.39304652362758863,-0.28597160615287726,-0.36761281210432667,-0.3609766241660728,-0.21135917798398335,-0.17396835497510177,-0.24370915772967305,-0.09521102372880175
0.18578863423116004,0.23130273006051064,0.2096353059864839,0.14044824184176655,0.16705450472952113,0.12360885476776351,0.07964893642528799,0.08306072175601023,0.23851945848420839,0.20528141276228945,0.21376305645767285,0.15113137644337046,0.042967768250151965,0.1399288352153125,0.07240799321259442,0.026272511515878415,0.04035868519467089,0.040225847234388885,0.0020404498095131767,-0.021378220898528685,-0.03003683890092964,-0.10438533713220534,-0.13929071321609518,-0.11974785601527344,-0.14398159431463217,-0.19852176827685175,-0.24486748345209025,-0.319167693011222,-0.2922189214305565,-0.3781440311904519,-0.25173740378636533,-0.3653758899289552,-0.322513180083625,-0.2895261097682839,-0.3396480820342785,-0.32266065506167446,-0.30770180670466524,-0.4183139805760719,-0.31315527969713475,-0.18023065353688808,-0.2434758050147274,0.008813839456268674
0.14157985231178233,0.15806719217036003,0.19039235973363064,0.1357785785979319,0.14910661118425955,0.11701793742877473,0.17711649658329223,0.1857809142904487,0.14674176957786494,0.1616713843330504,0.18833624273835373,0.16649642908646228,0.06939214900833796,0.14483732382577183,0.08413796682607122,0.09727109192716768,0.029868171792995567,0.026496553247104843,-0.0244185690982994,0.00750350945391671,-0.05636686575276163,-0.15219272803841016,-0.10921326145741408,-0.1369275335383034,-0.16184137698879683,-0.19399422978101227,-0.29388210995480546,-0.3985612735245716,-0.32993373705677675,-0.29560044184485296,-0.32140679520893445,-0.44651660466364945,-0.41476845316374444,-0.3396606296756082,-0.41970824453404665,-0.31737683189803584,-0.4483143798774088,-0.3260564406545753,-0.3406693248687787,-0.3054461074168472,-0.09426010939565624,-0.16725260564944247
