gfs-wave-data.json
{"header": {"parameterCategory":2,"parameterNumber":2,"dx":2.5,"dy":2.5,"nx":144,"ny":73,"la1":90.0,"la2":-90.0,"lo1":0.0,"lo2":357.5}, "data":
[rows 19 to 37 of 73, columns 0 to 41 of 144]
1.825574782535561,1.9423486836894082,1.7801076881039108,1.8864391543628687,0.017979464699341134,-0.02842513057012603,0.02542039588025002,0.009201652346134194,0.031184824918251638,0.02597554559265764,-0.013508132531023878,0.036287549307552985,0.051348191982060074,-0.021131049105296538,-0.013376428541412121,-0.02412764620336056,0.03508556841845786,-0.050503388094157414,0.009638978037195841,-0.007888871540728775,0.014631094127445067,-0.006564689859863219,-0.009981051446346593,0.0058009244053549465,-0.03819733820770052,-0.008744619915453672,-0.008641888687970837,0.009553797613922726,0.037584923428690825,-0.0457774547818662,0.031496411060682,-0.05045633269669995,-0.02624506933791246,-0.004362356858314814,0.02820248676613634,-0.04027455491311774,-0.023372436748134537,0.04129573766014643,0.007375311056929675,-0.03122188918924535,-0.030618269443124083,0.01265457442781496
0.020804271055641903,-0.022515830001762605,0.024018359961341464,0.047088012918760073,-0.02294709296699144,-0.047542654027801605,0.033671580895833206,-0.003138948746612888,-0.024149947511826624,-0.038258178751763385,0.05295244114104401,-0.028588256012881216,-0.03994317551205833,0.04214679485859296,0.013898650731721819,-0.029499924671585607,-0.018938379363040776,0.015485193216165719,0.006770016053512999,-0.03153123039252908,-0.03191043997690492,-0.03531950888980463,0.025236834533937078,0.0048758306105488,-0.013371400131078147,0.018229274035911167,0.018519136399350947,0.0004468042102498218,-0.04372894776541612,-0.03309293779401893,0.015015816331564534,0.023823435244344295,0.048474317726460284,-0.008583863445644851,-0.0037862456753460835,0.026963245970550467,-0.05485561288845507,-0.010451845556051428,-0.061126924358510366,-0.05722956757716249,-0.03395341521549907,-0.00989566229284353
1.7360264082733647,1.7202615648510078,1.6415527332658764,1.7229277262923794,1.677793319422735,1.6445698763289622,1.6877033360615274,1.5531412338539077,1.616238618069184,1.5315326018417394,1.3611240521762518,1.3305628529725655,1.4167754554143632,1.3362255349541252,1.2564007218157869,1.2783949882873327,1.4543055006197616,1.3853828408394147,1.108406011747791,1.109941837303208,1.1293124620562078,1.2293407712651572,1.0564137777426108,1.0702756906969735,1.060515165597574,1.0081689360703772,1.093866744107982,1.1087090525528558,1.1610920493617287,1.1372264002504124,1.0718721341978408,1.0156959187422012,1.0181713930425904,1.090490843895772,0.9738907535988153,0.9561684587132442,0.9358578492354144,1.0195962660327411,0.9776978492227207,0.876834219636553,0.9248828469601519,0.8099217605403525
1.6817411297355067,1.7004754632249401,1.5921520821141835,1.764302962226672,1.6592587469035798,1.6024096620289943,1.6217883894054559,1.5897858510343768,1.574151065280925,1.5830284293063064,1.6035100930195598,1.400097602512668,1.3659077059640914,1.4908350460555653,1.3083565385752354,1.2135961696282187,1.4488035754911575,1.1430216114956229,1.2090036481922875,1.204691835337068,1.270286039333224,1.1784157275281721,1.2567968982294848,1.0831955258809394,1.110737462190886,1.126596462412013,1.0689348947049242,1.2678206174651794,1.0576436211546745,1.1658809255543694,1.0236894790746274,1.1474502913251101,1.112523146752632,1.0466315949363876,1.0181317659525992,1.066438814022245,0.991847394313843,1.0229069189725946,1.0119261337670158,0.981741261798216,0.8259170351045115,0.9011415742172997
1.7045078010524175,1.6665275428231334,1.7630470384542318,1.6042677222343271,1.637336281273123,1.6720108755192762,1.539056037954194,1.577430075061694,1.5208229867933027,1.6500596537807857,1.6713033623627656,1.537528630272175,1.539512770082051,1.3690424656269646,1.273086484554722,1.5043584489432789,1.3193136648296389,1.3573155745943057,1.3052588193995285,1.1347311737855292,1.2499931342784636,1.20740860395265,1.3023299386764167,1.1844805178759796,1.2554984190749843,1.1679055269988516,1.0317383306434815,1.1104476906205465,1.05778213725588,1.1873458031007416,1.1225158195274672,1.2134410307053096,1.09446677640173,1.0494614460857827,1.125550684253817,0.9871477337919934,0.9269508485168564,1.068371675559745,0.9095589590955215,1.0318344616334012,0.9521394358312524,0.9659281298340715
-0.04767620362891666,-0.015128192632889576,-0.06767341266210485,-0.006507869701099418,0.037962024409898806,-0.02300415503004258,-0.0410897103827094,-0.03825750822711057,-0.010710891124383505,-0.012449351320502537,-0.024902798906616265,0.02313078080962791,-0.05239143319270114,-0.04237615622786237,-0.05089272876264184,-0.013799491015167928,-0.003146056410765209,0.053340251154505504,-0.06258385432428423,-0.030999970666489574,0.0603399677925777,-0.040630265162451946,-0.006031368841386765,-0.05280684654689448,0.02309343879822875,0.06968932819416614,-0.03419445766558475,0.04962707719417934,-0.030229248744899736,0.02109974153824041,-0.07193422352406251,0.0441406006215982,-0.02938502886572679,0.020950457792288,0.04681627505767502,-0.029402698601234355,0.0477173736637179,-0.05203980675310961,-0.04278874615344396,0.007182007539562191,0.04416282993444621,0.0406101677989394
-0.9328676369877025,-1.0887883426091087,-1.0708462255967222,-1.0493537424669686,-1.0717009945847413,-1.0617933865887512,-1.0352512784084171,-1.1104935262940856,-1.1320598929565175,-1.1241942775993345,-1.2368330381874646,-1.216736787721172,-1.1514930932352616,-1.2402205221466704,-1.157286711052177,-1.2715581313745303,-1.3012412851131219,-1.1974797966403319,-1.3071854075145606,-1.3493441122300287,-1.2864052757262243,-1.3023720361775957,-1.2799784532910563,-1.3253875520874676,-1.2268346639779593,-1.2893361966693775,-1.2957368075181006,-1.2314903049116361,-1.2305287797014626,-1.3432360373294705,-1.2253176238030201,-1.1618739330024221,-1.2024368882296914,-1.2939696488272439,-1.2088436880696762,-1.3435415548084184,-1.3193605206559784,-1.1629136415451116,-1.2870572705927472,-1.172096168069111,-1.2801372697536948,-1.121167859676539
-0.9882557431372602,-0.8850199934166686,-0.8527219807370384,-0.894529259277665,-1.119285278312378,-1.1176440284412905,-0.9761186318306644,-0.9606813671976001,-1.0340713745790837,-1.2069989453467793,-1.1826639319518644,-1.152968893612103,-1.206035909611412,-1.2591314024172693,-1.215829780480131,-1.2948251249463665,-1.339456001424403,-1.240949248924315,-1.2712706230232131,-1.2516293267918113,-1.157359568945976,-1.345934053724738,-1.2616379579721322,-1.2294104193664475,-1.4369180760465174,-1.3085941665101648,-1.269765811836654,-1.2568235387537263,-1.2384339745669735,-1.2544498976854002,-1.2969021190212806,-1.3653255938863402,-1.3384810403788638,-1.1484169188796052,-1.3761843837335987,-1.2104826324145255,-1.1712113821892594,-1.221649535758717,-1.2387405386866224,-1.3129192790648232,-1.209533799197438,-1.121744062805885
-0.9652045730974649,-1.0686463318282426,-1.0191587165464668,-1.006531280516276,-0.9719480977283969,-1.0631916892175073,-1.0307177506971086,-1.1935246002195075,-1.1501822025344555,-1.21910845509441,-1.1389382811765645,-1.0662768717458246,-1.3240529194760196,-1.2382382114104857,-1.3188292758011928,-1.114584549116652,-1.210006998173881,-1.2750454687191857,-1.2633782024131908,-1.279159044916859,-1.354175333491194,-1.3034433705952053,-1.3786160517047945,-1.2160733594981499,-1.313744420163257,-1.2757690938319846,-1.405371060774037,-1.35581343543911,-1.2639014462626021,-1.2152553775559933,-1.3637768277110258,-1.3202843042287675,-1.298482046308299,-1.298107639278824,-1.3827888081791304,-1.2504738626380465,-1.2206006291057272,-1.3324798648271623,-1.1730726162043195,-1.1753816589553148,-1.149667824577388,-1.2395401254656042
-1.0851942672342585,-1.0232245587521187,-1.0713629662002753,-0.9927547536208743,-1.034354988476619,-0.9357347835507118,-1.0333505101467853,-1.000828930549366,-1.1263310146001757,-1.0799576995235796,-1.016499641728988,-1.1785775792534445,-1.1543846859074582,-1.2564568677384589,-1.0896323560416488,-1.2493044211183355,-1.3707285278348413,-1.3279177630998316,-1.3618860656852616,-1.1913578707505201,-1.4323692833823722,-1.3946880426405388,-1.3048011483902502,-1.3126861950867112,-1.3569826890214314,-1.3412368745756897,-1.3094592763076105,-1.436017298400148,-1.3085382142863835,-1.3504671193563844,-1.357677524929967,-1.3465043040556928,-1.1912257143163125,-1.3114228806611543,-1.3150285038301732,-1.3929607241608055,-1.205814361929977,-1.3525489149114291,-1.2134005802230454,-1.1601903828111746,-1.136312456513059,-1.1802893569411665
-0.8365079147854814,-0.9814963966376444,-0.960644445644137,-1.0518819672161492,-1.0902642199199395,-1.1310352273073137,-1.0777323408175818,-1.1476853002695686,-1.2236239793599697,-1.1175510366449777,-1.2999926024445094,-1.281974685432997,-1.235425748695897,-1.34216902691038,-1.273373043766681,-1.2694448347809129,-1.2176978769916227,-1.2026249817994132,-1.2189099588640977,-1.3796742462207223,-1.3590998263309535,-1.3834828201377813,-1.3593172547653805,-1.2172098385643098,-1.231179877431682,-1.363116677549396,-1.2710611108251502,-1.4279793994544747,-1.327433874175347,-1.2091096457417623,-1.3135599279619392,-1.2461986683669823,-1.3772738985913489,-1.2436200222372922,-1.3443894866190411,-1.3397279858105828,-1.2051993529226395,-1.2194631175353328,-1.2716600614755469,-1.3121982062155877,-1.1894988897657357,-1.1523188283106298
-0.021368584082456517,0.034402926208785815,0.055945215224239654,-0.06840701254952027,-0.03906261308186626,-0.018014915002441994,0.016183028896668675,-0.01976103355249401,0.00039965680341418075,0.059545603355411536,0.067717076662419,0.01949953475835675,0.03180597878666765,0.06751195867105346,0.045240259964542624,0.029514503760304865,0.04882293086644476,0.040469213297945734,-0.002181195635988459,0.010522842513431937,-0.07870621322815656,0.003659800454309711,-0.0345669636170257,-0.026547516843845785,0.06404420352109656,-0.03559099488703877,-0.03413466053844833,-0.057676006760091256,0.04845889555103603,0.05663784863618115,0.04843147887738938,0.027572351633294558,0.048155963407025035,-0.029768080905974957,0.03950243130162687,0.05976557005695785,-0.009089822186830028,0.0645255136806514,-0.03191045311537242,0.05945597705932703,-0.02112978674016721,0.004431482454085736
-0.8985771511896803,-0.9752403655942975,-0.9309909986136345,-0.8850746462846153,-0.7718974660568788,-0.9612260868681204,-0.78457822329732,-0.6624321835738051,-0.804529600729268,-0.7991395422556817,-0.6112600532377753,-0.7630510115051378,-0.7280459927982009,-0.7746873965172432,-0.7771192655889714,-0.6697050658792104,-0.6754738512255396,-0.8379806452145804,-1.0448866825086427,-1.0334112268590443,-1.2466412537923504,-1.121699061799941,-1.2660469672520416,-1.2319435172187505,-1.1434550338421225,-1.2871527452757179,-1.2250976124094697,-1.0775671161756912,-1.0439302649850974,-0.8230383270195828,-0.7036233626721866,-0.6887473436466796,-0.4524145517035515,-0.5659263982053327,-0.43511326631389524,-0.43733467111663904,-0.4758744176672204,-0.48301483296113995,-0.3574278928495162,-0.4339842494329362,-0.5136403947318219,-0.5440586666591206
-0.9493146343634126,-0.9047049284878447,-0.8639153094394753,-1.034427530284903,-0.8528973888139036,-0.8121449647411675,-0.7301854929657807,-0.6723729800197926,-0.7295198596905197,-0.607446793783221,-0.5974025210215562,-0.5892041350558908,-0.7436801853529093,-0.45713841768723124,-0.674199344297533,-0.8304743298991938,-0.8457299046462043,-0.979180339359911,-0.8733231220675435,-1.0929868947310337,-1.2059961274554816,-1.2547586399997164,-1.240182018385705,-1.3023160805702234,-1.2725763291357013,-1.261071586000833,-1.1877354540168776,-1.0235419253302256,-1.0893580833323453,-0.8055020964392011,-0.8636410798379704,-0.8544746196753205,-0.4821471620972953,-0.7436866762917186,-0.49270068096397107,-0.3988859900232443,-0.5061074834976739,-0.3319275041928122,-0.3619000120180559,-0.3731750059786988,-0.5012020922633664,-0.41851423872184407
-0.8364407111662342,-0.8579220865455975,-0.9356952923247049,-0.9442792148025104,-0.8873374095486148,-0.8766041813198548,-0.7286215746331481,-0.5981625605971926,-0.8057073597348166,-0.7555675321639208,-0.6411387724816496,-0.5536305189187802,-0.688966275457148,-0.5694021501120391,-0.6035742904381294,-0.8590695080906239,-0.9416701144105095,-0.8956957670423383,-1.0017191919262656,-0.8928526714611571,-1.1755376189171622,-1.2425162118641253,-1.0942937605812264,-1.3198005522184293,-1.2487406635001852,-1.150416774921388,-1.0947072802663416,-1.2419023434221925,-0.9712335719200158,-0.8893310421721501,-0.7544514008769222,-0.607130844659684,-0.7589571621661025,-0.5939404541644046,-0.5172958118768644,-0.48029071462246753,-0.358484517873816,-0.44494520192015125,-0.3622243375450329,-0.43612897081104773,-0.4348024492474118,-0.44448709412624055
-0.8034332534217319,-0.9584040497332761,-0.8711034396944846,-0.8828297932444866,-0.9317093008520588,-0.9041984495179547,-0.8183085026216644,-0.7859413353361411,-0.509269778351131,-0.6017055835385176,-0.8611698134483672,-0.7542894854547197,-0.635297325103011,-0.5408393198118884,-0.7561974335169973,-0.6341378988982799,-0.8552764149063955,-0.748121204585731,-1.1083960425183692,-0.92020292904324,-1.16162267657692,-1.0735945238612754,-1.14763184734478,-1.166918130369187,-1.2112842418073195,-1.3237299451536977,-1.2174022640665598,-1.1469587808698727,-0.9274109684408466,-0.8929839502105773,-0.7650022056711029,-0.7525685447538447,-0.5483948919006021,-0.48649874097700485,-0.43324576823094096,-0.4389970982905811,-0.5977631102411041,-0.3924459145296604,-0.35494180359125627,-0.49066225192700563,-0.48610546371130386,-0.5916142274272984
-0.9820974083834056,-0.9411655558177973,-0.8979726889443264,-0.9691751102015546,-0.9015069511238413,-0.9421749312556542,-0.8915558218806452,-0.7084833303589494,-0.6494798442270359,-0.7886953651938806,-0.5624465961502458,-0.5815117962548427,-0.7129672466212922,-0.7006228480069026,-0.7365771400328069,-0.6784145118558182,-0.6391929167719437,-0.7327681247577049,-1.0290401020621516,-1.0526224660119574,-1.112044668567144,-1.1011903134559673,-1.1225364620302754,-1.1674770474749712,-1.1877494453578126,-1.1505738235691774,-1.064806107417548,-1.0725750305849644,-0.8452246138313105,-0.8920906712099689,-0.6890905449949883,-0.7776952149160068,-0.5560665495040663,-0.49379294424486964,-0.435578232970305,-0.5538267569735967,-0.49870955639309295,-0.30881319800139906,-0.43744904973204696,-0.31271188513976045,-0.41482719356588077,-0.47500800518007924
-0.8118467319265009,-0.8648645668918883,-0.8798929725851056,-0.9352788205602272,-1.004032401137586,-0.8164853685204561,-0.7684658167638795,-0.6437055052350724,-0.5922426135823228,-0.7746787201044208,-0.7472072039897869,-0.7690510511521977,-0.6838040470822302,-0.5331681099646376,-0.6226127793642636,-0.7106736091185734,-0.9017728906169299,-0.7311628445366163,-1.1273233615728726,-0.9224144476229291,-1.0912682371420321,-1.246016926151794,-1.2357300850873418,-1.2859869617287827,-1.2352106153951248,-1.2581905489996266,-1.15661449837335,-0.9467982624934483,-0.8588997649157539,-0.8499480692370531,-0.7286527137136011,-0.7121786431995383,-0.7985908596752788,-0.48678422320875525,-0.4288563915694946,-0.40455403599502887,-0.44277126723426896,-0.4137927203203498,-0.4751758383916754,-0.3493884866939855,-0.38621005829273275,-0.6173729822738299
-0.8898091141199953,-0.9125172335613126,-0.8534245316540412,-1.0462651075420593,-0.8558297678777025,-0.8236580890202608,-0.9109048159690886,-0.7327597008159416,-0.7588556619388226,-0.7506976480948234,-0.5625845545455719,-0.5090483395993118,-0.6536880636635117,-0.7765370330773839,-0.5525749275051753,-0.8029430903071716,-0.6032501986924845,-0.8974122662506879,-1.0137205853219637,-0.96595910561832,-1.1594894423905322,-1.3111374916740932,-1.077946603993482,-1.226314658362583,-1.2534911279335144,-1.2455308896846966,-1.1773159466813607,-1.2091373182783798,-0.9390156085564096,-0.8856270582366189,-0.8652723342140041,-0.8818881983053108,-0.6278387521227431,-0.7249170488365446,-0.6292604986423638,-0.593096026100825,-0.4580269598570262,-0.3880354076037327,-0.3513632897596466,-0.4447603203445053,-0.3894268151361543,-0.46061754822667644
