gfs-wave-data.json
{"header": {"parameterCategory":2,"parameterNumber":3,"dx":2.5,"dy":2.5,"nx":144,"ny":73,"la1":90.0,"la2":-90.0,"lo1":0.0,"lo2":357.5}, "data":
[rows 19 to 37 of 73, columns 42 to 83 of 144]
-0.480560773621954,-0.2960682701223875,-0.2890768997071555,-0.430722136415873,-0.4325599483284315,-0.3006320147555033,-0.34197495952113055,-0.4721590732186492,-0.407975866598329,-0.45124813501377603,-0.3759240244554351,-0.30950205074674697,-0.3660021085266444,-0.3209139376510872,-0.3326521210154195,-0.4001058948920392,-0.46776823492432495,-0.3548636832792622,-0.41862487327237013,-0.35224329292448076,-0.4235157325255757,-0.2926293938602516,-0.47041817722324986,-0.30205307275402743,-0.41055006228542096,-0.4462130157537215,-0.43591573522946875,-0.4817849246456213,-0.42002508322315374,-0.4532877492871587,-0.41690854740076166,-0.3255366543432847,-0.3200134769781172,-0.35259137030992455,-0.4767118710280289,-0.4080694168188464,-0.4658279747517174,-0.40836565132910285,-0.4624678157840672,-0.3448778125180336,-0.31817826285077777,-0.38039909635081115
-0.45715408227292753,-0.39888077874729216,-0.29213523029091065,-0.381981047442581,-0.4237001507804099,-0.34706538906832723,-0.37042466374169436,-0.4138557768020889,-0.409779956071428,-0.43748357099477464,-0.32282662024066555,-0.46739539418726406,-0.4888666375759547,-0.46579233632149913,-0.3196139367595285,-0.30739621315861604,-0.46686927086877444,-0.32290118183674577,-0.3388482450978577,-0.42728787081926434,-0.4450282431278703,-0.3746132820635943,-0.4069611156203451,-0.4145208262339125,-0.41472240439338237,-0.47204680873287963,-0.4610349036522826,-0.4663285364603252,-0.32162540508743503,-0.48616207740654926,-0.35541189714004073,-0.46528770796346564,-0.4754744339611206,-0.44446513450070285,-0.45201654719049217,-0.3133021983380957,-0.2989039624196873,-0.32775735256973215,-0.32170955207144764,-0.3113398010631609,-0.4850757053864064,-0.29436404771561175
0.13478362403549243,0.37537423237352713,0.4321184954576131,0.47955827890077696,0.4027115774347199,0.4757905075122528,0.4727459689251932,0.3172829917058268,0.4702239071400747,0.3176025826191589,0.5130489244124269,0.3831527469309228,0.43203942355963276,0.6942013107841729,0.5105078578501637,0.36779560528145505,0.5970320897572319,0.4546121222291493,0.44003792361846955,0.3077099009961908,0.4106658429244994,0.24019181428047218,0.22710695745867068,0.49822605146156385,0.1815327847229517,0.22408570615573953,0.2845322689233054,0.07384721726701193,0.15032354487419047,0.1806417740439063,0.17708479329946966,-0.24310453317665434,-0.3295800998744445,-0.2825156124735794,-0.19665802934298185,-0.17507645598749405,-0.3242639881036899,-0.26859592396068804,-0.5893601675482074,-0.5688804146303147,-0.49724360044587523,-0.46980906712338394
0.3533662052203643,0.3831440376630122,0.2106667511290508,0.2739413319820566,0.5281564842829977,0.37525103643894814,0.36174500695556233,0.3747293132183327,0.31825100468415374,0.5052665846467924,0.6033045029337689,0.5544441726052555,0.574533323174429,0.4751325110911855,0.6436520717101882,0.6057614626336157,0.44956451186529517,0.43119612608185565,0.37213615976420733,0.3928068742976769,0.5282257952851103,0.38313746620355504,0.29357621699150005,0.2098792536126885,0.25028725916607203,0.269042100919123,0.3349415330945617,0.1652976741770872,0.31187044390498764,-0.030957546946011313,0.08215378634019657,-0.09724619598116215,-0.23675009100051086,-0.11934588412012492,-0.07489272141152886,-0.2960689218216865,-0.11920636894438573,-0.15806610413909886,-0.5001897179642125,-0.5045898173910162,-0.5793502160929185,-0.3560017962259989
0.2743519815150734,0.3108318150545706,0.4431138929383813,0.4136456301823019,0.4881432347651119,0.5387856721721126,0.38167277521810566,0.37212823555971813,0.4318831091148228,0.3876081386168331,0.6117738736628406,0.5821919222286687,0.5049862002302847,0.6259452139858935,0.514068262403316,0.3437168700770057,0.647802250314159,0.5838403130379157,0.4482747532240907,0.4324591358485532,0.4371317396690551,0.6327534488149441,0.3185990271650933,0.4809139391028141,0.24618381723754834,0.09708687671302435,0.20909515828336056,0.35572023492116445,0.28588165135571525,0.12563545240840085,-0.10968267603145228,0.14089479635007945,-0.06762148945651379,-0.31460299911549455,-0.014065044595672961,-0.25357390315989026,-0.17364360191663206,-0.35792975362553303,-0.6082384639139811,-0.34507217966605747,-0.5167933505655458,-0.6053200146590322
-0.4867936825573248,-0.48286544942855975,-0.30679918063304695,-0.4740531116856871,-0.35139614373247985,-0.34714031679772167,-0.32473084555514486,-0.3132024583910084,-0.4757718247733589,-0.2978585821065782,-0.35521030206150334,-0.3104314874200974,-0.35506067259202934,-0.4322115293938005,-0.3107218260252237,-0.3644986874905248,-0.39835332795550443,-0.4813536234479154,-0.45101897123759993,-0.4895386404506836,-0.3320143198231535,-0.4634749982921887,-0.4626015998795754,-0.4045728565205955,-0.49110354234683085,-0.46323276711762934,-0.385936982762829,-0.39020401004304556,-0.47200994840052035,-0.3806470488741287,-0.35636313711168455,-0.41385670040932526,-0.47614584241297003,-0.43622985503699924,-0.43592316617289717,-0.445430585136717,-0.4704823802211641,-0.3770706694717479,-0.4553801179727283,-0.4506901138735074,-0.4411901691320101,-0.40226971804900036
-0.30892022882694586,-0.41046603414633026,-0.3610125937498166,-0.13298225892013862,-0.05641453849794107,-0.060739363854374916,-0.46607816549977166,-0.07034138768159658,-0.39541521914298833,-0.3227028572723905,-0.29090644229168466,-0.4811055161427578,-0.401448296011712,-0.224570655259804,-0.3739826387856524,-0.29995184632476923,-0.1806795445134403,-0.24180264581490188,-0.2575713603810534,-0.3050786186509651,-0.4746730323238933,-0.3368560302724953,-0.4419946502895876,-0.42622385135910656,-0.3107873625187766,-0.3010281052304897,-0.3452678570791124,-0.4008083258221774,-0.4694343150626164,-0.3193312328004293,-0.3338472493961646,-0.7963052737073386,-0.9309106835525242,-0.6773647702649851,-0.5904995338196984,-0.7835559634857814,-0.623725861092578,-0.7829777870964482,-0.8345989417736532,-0.9558201313727371,-0.787907498240504,-0.7658581988425996
-0.34132934746061494,-0.3098922365880799,-0.2864304101296533,-0.21352202799537692,-0.35570800178473044,-0.12876872025608327,-0.4500195019227683,-0.2659750156287835,-0.23848822286572852,-0.34167300288170155,-0.23898216214285728,-0.14172111427905507,-0.23017576523096872,-0.40122074338073066,-0.29478492932940203,-0.3051454788999123,-0.29368900517824953,-0.2863385600504988,-0.2383111040538612,-0.2054583101123419,-0.23208732209529503,-0.2534162617525258,-0.3965777275252229,-0.29118246266724634,-0.44947050185503556,-0.39863665130161985,-0.5009177163825795,-0.492817212822676,-0.5033997877871748,-0.4912268212617857,-0.30819643205637476,-0.7895491650530285,-0.8237469504461539,-0.8281425537584644,-0.7550119898308143,-0.6859988321301453,-0.8398672850730292,-0.6612765853386733,-0.8816398304423617,-0.6462304346596422,-0.6973480492724525,-0.7230097446374237
-0.1488163178840491,-0.33048336764093106,-0.3582739252999333,-0.14477792574821338,-0.19441408470277632,-0.09028992850526897,-0.23354420406199566,-0.1588095494771019,-0.24420365713016073,-0.21711432166195022,-0.17530263344413852,-0.18133897768644042,-0.4484989608948954,-0.24159768230599413,-0.17332412161051386,-0.19028165413235695,-0.415179643045646,-0.1737530710896894,-0.41993635571805293,-0.3528317404255819,-0.4431420803085704,-0.36233253026828344,-0.3466562415617447,-0.46739589507833296,-0.3301461779179403,-0.284027316944136,-0.3920444014242667,-0.34752145328914025,-0.3640204605432532,-0.3778344579409916,-0.4922347818928981,-0.8806489992522407,-0.864160425692243,-0.7226332391591084,-0.5576650953170371,-0.9229479892341976,-1.0024729848677465,-0.6290972470600539,-0.8550515760519828,-0.8462324380272219,-0.7661053426740122,-1.0217767891833598
-0.4500181122164644,-0.3017942576313475,-0.08088823653277115,-0.2220364787396859,-0.41978657867464986,-0.317291784936811,-0.29352282400770524,-0.26479906825437455,-0.265937248498067,-0.15849058470735403,-0.12880755506941105,-0.2771012197933907,-0.37168816108158603,-0.3113639177966541,-0.21474779969840202,-0.44812808352191486,-0.243654539048116,-0.33958373685777404,-0.3006394278888565,-0.27646851150918444,-0.49264363562599334,-0.4352841243732553,-0.4241355107163324,-0.24570552555622627,-0.2961805898593627,-0.3475018264058126,-0.45565252221605995,-0.5138915268179503,-0.4521353357222375,-0.5548659338610474,-0.534589337743672,-0.5173853444059032,-0.7284865567419496,-0.9252734900052657,-0.621600492937479,-0.9007480288845918,-0.7111772007194263,-0.8576399446959145,-0.9069158705324989,-0.9904698037637089,-0.8219889609919129,-0.934914371680439
-0.14983927300856342,-0.33417621016349086,-0.22346844891517412,-0.3219454467900579,-0.2738330006470089,-0.2853606678424494,-0.16657403159560275,-0.272836215196459,-0.12092116820295472,-0.3796384369534685,-0.16897109990076878,-0.1917289895197932,-0.4012457500917843,-0.16703073911121977,-0.14263753838646062,-0.3660661022721598,-0.26218955426701585,-0.3127336665888416,-0.2888287087127047,-0.2743321930662994,-0.42978344776878347,-0.20902700929797452,-0.4160680772759972,-0.4354578529455642,-0.25100833627601576,-0.2999767063265923,-0.2728725676012216,-0.518633707603046,-0.35281446429518154,-0.4680028133396985,-0.5624508915535347,-0.8090276793162358,-0.6782569460718095,-0.8556870755610593,-0.5447364936650241,-0.8711660510221106,-0.6556712991847917,-0.6765287683058059,-0.6571309047703017,-0.6364795178988184,-0.7009481060844904,-0.6939898971346121
-0.45077970458754385,-0.33743286924754234,-0.39479619573233343,-0.3739457181809666,-0.38959159355790385,-0.3565318854349133,-0.4288088387875442,-0.4697172373340023,-0.3727627559277524,-0.288964404514907,-0.33899577803208003,-0.39889585110505305,-0.3949607759439491,-0.4003590818966963,-0.42184662598353306,-0.4551872048523206,-0.3667650679990598,-0.3772829703420986,-0.3610703009127281,-0.46041652449328174,-0.35154057840483555,-0.385423431069036,-0.39545897395308777,-0.44286346320496894,-0.399135764549851,-0.35438363775153836,-0.45729722988150123,-0.4112248767467854,-0.3383458198454764,-0.4498135877221651,-0.30248147674075315,-0.3096700332706701,-0.4512623471604763,-0.4186374299425021,-0.46127681165731027,-0.31423932028864954,-0.3458605042311908,-0.2872233052226069,-0.37676526771403535,-0.43271477352314475,-0.35421465696888543,-0.4000363118792167
-0.4154089984504555,-0.4747603186886202,-0.34867009849496794,-0.14023284181393045,-0.0924134837323021,0.015384151370369827,0.05091371399528455,0.1569580362892338,0.072030505958596,0.2005338781658847,0.21173960300918235,0.29616463043080615,0.33123821614494053,0.32247521147420777,0.38083652178881217,0.3642957241188947,0.5167035210265456,0.5178372384282809,0.4002551213959771,0.5380254032070984,0.43807585064920934,0.47724161477619004,0.3607634226879906,0.39225009277774237,0.37404908068832393,0.37777175286099635,0.2563530490098165,0.21479241655816755,0.30566006797407413,0.004405288027300509,0.11175849951985714,-0.1396693051401637,-0.3649354989981453,-0.45367480021503803,-0.5158535357962248,-0.6629252938113106,-0.6054287603970838,-0.7333614337791473,-0.9030225917283259,-0.9674191525658749,-1.055427838818959,-0.9872418715549148
-0.3422831753042821,-0.39535100696313497,-0.3453125999086374,-0.24239714050940173,-0.08047148179165127,-0.09827788591363726,-0.06553975617313997,0.13300900608866234,0.16384691632618933,0.2939965715240547,0.15866619990410602,0.30866901049292794,0.2717937471683062,0.3637409235463547,0.43527662606801737,0.38122698286780127,0.34481545303483163,0.46068541150112,0.5471013080554711,0.5162427239184382,0.414608164779615,0.4789146679920188,0.55996623193294,0.4176208137641524,0.4138691001989949,0.36995701711935247,0.3292595324263058,0.29993527974612527,0.279054507903265,0.1457836371506275,-0.08452993436021479,-0.21137616340290816,-0.39586915189884214,-0.2735717206727413,-0.5622727086878372,-0.6155554430346728,-0.6378667839694285,-0.7639459688569881,-0.9546332174270463,-1.0142832797280839,-0.9647317729296658,-1.1712856647564978
-0.5195187869434834,-0.3847855484827958,-0.2829413581493505,-0.30853923362244345,-0.13489831659935578,-0.015897764963621205,-0.0171174396098172,0.03093862877170444,0.1333677472674358,0.18935507003473095,0.24869201100960056,0.26652121151031255,0.25370116319743674,0.3120080525744575,0.36270318105808735,0.37267716902111214,0.4465082961932288,0.4093132376665693,0.4676728716165979,0.418074471805736,0.4759603823051563,0.530107417003035,0.42217739916067376,0.5462720316726392,0.35733316217264693,0.33953995123007263,0.2798172166087426,0.2253025750466865,0.13584649794143566,0.14071988522964893,-0.06942327705518271,-0.005170715813727606,-0.35061347464423004,-0.4630483857011025,-0.5187598869718378,-0.5526486703327496,-0.7235880821531918,-0.8337751074824509,-0.9659748535551015,-0.8788363169894243,-0.953660615642357,-1.09055314308956
-0.44433175413406434,-0.3268012387173829,-0.24088877395623717,-0.1728019922335932,-0.12022246169438175,-0.15916005937627462,0.0073591994492084875,0.06951699757151404,0.0742492657801771,0.2542333450424916,0.19090897632587953,0.24890585151512468,0.28877120821530294,0.34844745583923853,0.26794572133736955,0.3676570762100163,0.35196125743181134,0.4373048702971605,0.45046707019014903,0.4736578198015412,0.38707306273005465,0.4557346683587878,0.5060529299128839,0.4537989706145299,0.42138093050028264,0.41692313175217716,0.3887949452187745,0.2439550959475663,0.09266653901423139,0.12361707714199772,0.12484301501347549,-0.22856531140960423,-0.19175516414209692,-0.32483348372669224,-0.34450837010642343,-0.6233456715833942,-0.616658344240628,-0.861982868284675,-0.7409564053282492,-1.0287721035295754,-1.0517140337504467,-1.1103876182200767
-0.3819350931736467,-0.3650402856984723,-0.2573534699524184,-0.1695158107238589,-0.1502357577122941,-0.17589133976130514,-0.08149475416476336,0.08682573403013126,0.07169893788284573,0.09688787313825153,0.20828166810756615,0.3629168727252974,0.3938506750717783,0.35156730706076544,0.4324740215930798,0.34299334118651315,0.44155088759581523,0.442022716400825,0.3797668642897944,0.3631961539768824,0.5488793856092236,0.4938370440490134,0.4537818559979975,0.5698822224966296,0.44777247228812467,0.4934685367818614,0.3338520251606568,0.2815841998407817,0.27500653208469145,0.18549579665721233,-0.011920085499087206,-0.08910796026339533,-0.15661451338872145,-0.44398226758894793,-0.49835369665304313,-0.6333117536255546,-0.7147326728589809,-0.7546361318662455,-0.9721454580296135,-0.9811832203479398,-0.9646211063410268,-0.949346429917658
-0.38235224741613477,-0.40085859602886326,-0.3826627631261799,-0.32855007157850546,-0.15051390367151313,-0.06633710797261436,0.04730471792471007,0.1487496447839485,0.1553936341763359,0.20126370864834103,0.20579219140936372,0.26151708868953727,0.25105212137856164,0.2968103501362453,0.3107799971142602,0.4377698722637208,0.5026450400334572,0.49162669903795325,0.5301015528667534,0.394705054319606,0.46257957268282757,0.44552231125152736,0.4515214545017053,0.4884882581905819,0.3343176315772676,0.39058485049684605,0.25184297281748574,0.2987206590200286,0.2260801401051831,0.20025350233016034,-0.153241099709591,-0.016266388598979994,-0.13981418027375397,-0.24667722589061394,-0.5267852043261415,-0.6970958855244549,-0.6529046061004826,-0.7078303088236559,-0.8628829005232566,-0.7952009425119012,-0.8216019239539485,-1.1001911462649836
-0.44867308937100564,-0.33346605250490147,-0.21138793774391942,-0.24873766480523346,-0.2219938297547058,-0.14956330303321766,-0.018306894942614026,0.07201089078677045,0.11332562364318984,0.21538283197249108,0.22936182216664844,0.18005915278219423,0.21134001078497583,0.2343381929087416,0.260545442959189,0.38885165631928864,0.442086041927694,0.3991299789939027,0.3896145596204756,0.40973260493356684,0.37763207168315294,0.5077203272117936,0.419102732797714,0.3966246025288422,0.46716235338531714,0.5225887165549381,0.38304202231640483,0.21320163539321263,0.1481447697359631,-0.0206024987615085,-0.0191685236190398,-0.032740872248537126,-0.09671189249793762,-0.23296329067821628,-0.39407678172325505,-0.4316244485324105,-0.6457735428130085,-0.83221711956205,-0.8879489777654938,-0.8621902666289876,-1.0539669161410408,-1.084332427407558
