gfs-wave-data.json
{"header": {"parameterCategory":2,"parameterNumber":3,"dx":2.5,"dy":2.5,"nx":144,"ny":73,"la1":90.0,"la2":-90.0,"lo1":0.0,"lo2":357.5}, "data":
[rows 0 to 18 of 73, columns 0 to 41 of 144]
0.16720815190140415,0.24936146476928508,0.2085734258954168,0.18949493468392273,0.29384936772764275,0.3998056883905045,0.41085785584679585,0.39631539088436335,0.3730508734792993,0.5115219618123358,0.5101499383586334,0.6106878581323592,0.5416196073899001,0.5661784298690956,0.5418646285044131,0.5482534682245681,0.4474468692110187,0.4387874397641146,0.5039098597258196,0.3679292187533158,0.36327718327572295,0.3933310676273347,0.33762223350149345,0.36540221431251696,0.37485418469728826,0.3497419516583751,0.2568109365429561,0.33645721284023505,0.2894684103334336,0.41091099729056796,0.45507619317522574,0.3401514269917406,0.3299436507091252,0.31529772061586925,0.2906398808991128,0.35760629573462815,0.41759210484237713,0.36446081855452295,0.37714139652083356,0.25187220235609253,0.2525738778385924,0.1784149763704066
0.24673527490669775,0.16211611162548065,0.2732969456134871,0.23865840218352002,0.21896893545332974,0.26491830672670497,0.3561011164565005,0.47985443068420025,0.37655633921842274,0.42305258156109743,0.4676255965405752,0.47266048188019294,0.5811303001320179,0.5395513381192818,0.6233047670609766,0.5280419531842001,0.49023267662592473,0.5665674855966314,0.406834641687811,0.3025978615575081,0.44162002822301805,0.42092279728085197,0.25821751342821897,0.25179887941321993,0.3361030495813954,0.2539734974057831,0.32059905390868737,0.20302581478811377,0.3765016117879895,0.28420323368465567,0.31704850843362486,0.3406471905550767,0.3654046109123754,0.4075368236960417,0.4246059866224657,0.380896994581975,0.43304580818447536,0.3366642933644408,0.21829518106861043,0.19809637966668284,0.19944692927380492,0.21419290035825458
0.17959182512995653,0.11880723514362783,0.19348034161117045,0.19609153216639238,0.3465286994023429,0.3268265648701202,0.3995715644996825,0.39059516351061135,0.5584428962976852,0.3923200347320391,0.5984357209164163,0.5000205283183367,0.4806495617600728,0.5295599836481195,0.5507485620609764,0.5084552664319971,0.5270909921753727,0.5113267112635429,0.3659271783819514,0.3604184496033965,0.2636729528146146,0.2485086529999899,0.4092527016862611,0.2509605656885437,0.3356415006190995,0.2488612002465401,0.22725752322038897,0.20653867357308373,0.30881825954381387,0.32291210528897046,0.4273152953634513,0.34133663377686674,0.30810174017045666,0.37854264376467867,0.35806716150019025,0.3314668200068766,0.43393025309238276,0.3279379548546449,0.22405440945756158,0.2736173504395624,0.16922305822294836,0.22466008210228067
0.18125596453615903,0.17519807589929745,0.2044294949108854,0.22613064309683573,0.3043358492380028,0.3305313250329222,0.25942216445203686,0.4446775567822382,0.4114643199609811,0.3848101517726353,0.4299375423711847,0.5976604175448246,0.6405886427406496,0.6643960571714298,0.6228792490934827,0.5808156422137691,0.6549197924410939,0.3579437214037946,0.4054000455289252,0.4557322100347436,0.41897060332419805,0.3989871675445475,0.25474396115116626,0.2264110516315295,0.32514356258571564,0.2778012466206089,0.3021205686437784,0.4284134808113969,0.2995142364498377,0.23622788044078094,0.4550255131536305,0.3076438281944953,0.42369047140386223,0.3885030329785553,0.45038443136773104,0.36346728134013817,0.3159602448830727,0.4086581285739946,0.34518892927536393,0.30054090941114453,0.2594895800122306,0.2202250433033631
0.20745732966016284,0.14634207603445074,0.2827533577695307,0.309309890823242,0.34283433089432913,0.36270682268699767,0.36200875372071384,0.3930191666625333,0.5389380594975842,0.5190013905352795,0.5813238188508526,0.4810503882233463,0.6684154322538465,0.526854042228888,0.5973813625719643,0.6131244579587114,0.5875574918574262,0.45070738825561074,0.46991707896476764,0.35526060281966376,0.3703690105351948,0.2455507043250563,0.2099197341176282,0.28799362214879026,0.4040896224815473,0.29851279608706033,0.3021854141128421,0.3825781372929345,0.3969670344671363,0.31018778658014734,0.358020587717032,0.38930639715383963,0.31658013262833196,0.3643844794396996,0.2987294608458186,0.28600760580876183,0.32526051353375224,0.24981903332991418,0.28297718598403515,0.21996060334250667,0.31152640552672345,0.19928198123408622
0.17112370966727017,0.1638186067529203,0.2636106912312871,0.21292763885427393,0.31945611033754,0.34463493725815714,0.45441945895992547,0.3405068708916472,0.4068677708518118,0.44238502152746373,0.5092243712010457,0.5976654503660922,0.5257658480753562,0.5278968263304203,0.5240223660179147,0.5978790080191891,0.6231219670133663,0.42883261558900365,0.38899776858466095,0.3961410462744805,0.38557268799378164,0.43675726990857194,0.43666304868925626,0.35150683561975465,0.23911770892374035,0.2267512751877278,0.31621928921738657,0.38664603978188444,0.297254313044185,0.3094060903179358,0.3194888032764495,0.3666792035762326,0.33416320174631414,0.33893340222487955,0.4767368652098966,0.3365068550300071,0.33480491560455855,0.4069094265147246,0.302938400871703,0.3300450546419329,0.2876528800539621,0.257210364874547
0.17287505188460792,0.18364408479989786,0.23714118209162735,0.3180430650364593,0.3242735447403841,0.31488317513902253,0.38878117365182624,0.38202260061907023,0.4251240733313732,0.4117224512706521,0.46830822870605526,0.49252013812285333,0.6617880614342052,0.501652781764791,0.5543795467285577,0.45780517367106843,0.5121113142652732,0.4213520137480084,0.44969492493529617,0.38122008178753036,0.28797720152063355,0.42103315111493655,0.32820918404680605,0.24284743702885087,0.2870526385174008,0.2873794203538196,0.23310248044680115,0.38942629775517185,0.2784906012667213,0.34300296165805444,0.41273550003735543,0.3889348483945654,0.4371045056841806,0.39675292349047186,0.4974864459160779,0.4289235467571391,0.419233931605831,0.2561147867634702,0.28651479231443194,0.34736003809569765,0.29900148733950405,0.28525025686752775
0.14767794689522165,0.18670140413983896,0.2345395163720933,0.270920210040306,0.25073257687238254,0.26540801095357663,0.3247075119653526,0.3976201510760542,0.4063488529774019,0.5788269753939028,0.6334529845925112,0.6240773478103148,0.6253404275921923,0.5715699642103945,0.6666177981074359,0.5976982577463015,0.6444432946139155,0.48305484744139093,0.4648500290944239,0.4666433586358165,0.31385976039398333,0.3748293663932076,0.3543092102162429,0.3078274720377427,0.34600636143368896,0.2650033551268305,0.2892936703683333,0.3633672236057361,0.36752539583880395,0.3363230883405224,0.42607380677653345,0.4446302731996082,0.4446690475004689,0.38610645022221546,0.360906554361892,0.47876730878286505,0.4463210455491775,0.2997796856304036,0.24674592091249564,0.32543005460069624,0.26123716480578213,0.1356915586419168
0.20275136543364103,0.2111911046861116,0.20137513791534256,0.2680953902430949,0.2496701003488262,0.3286279945075918,0.32902850807303596,0.47110501296991475,0.4848416318168895,0.4906225857058662,0.49753481182383613,0.4928929808890657,0.5098915796567414,0.6230908151847249,0.6422871867419879,0.6905395013211443,0.4634453283489841,0.45973425970474063,0.5017155370145614,0.44365007980123233,0.3194941729130958,0.4352734446040367,0.3005674049253806,0.19983140138938005,0.2531268399288799,0.4062564201537594,0.39902070230033376,0.3370976371691887,0.44140982930482503,0.43534684693257103,0.38112050194978503,0.396784497520075,0.4067337907536908,0.4729594644963797,0.4082406197529957,0.42682069182892624,0.3908125072953193,0.39218105829752326,0.3187808680773204,0.299720457762141,0.21075321351536286,0.2586374847859852
0.2508293412088049,0.15878352268390236,0.22673641933749794,0.20456912931940388,0.27267838260908367,0.3072689349944092,0.3860707135637099,0.4773956710887572,0.5624449762355195,0.5259476228068145,0.6367060380194925,0.615541203890435,0.6817065249134541,0.6181078620751385,0.5251101225255596,0.7058129252783609,0.5726046811364658,0.40480741710351803,0.48100321184423217,0.5049421676011929,0.5110029481654607,0.49420461409024097,0.4066629082347442,0.37836832281872707,0.20062795281420534,0.328898111109845,0.27478706636637923,0.45754043608523126,0.25930292801880295,0.41008374431221867,0.3986787827851725,0.3440296069783305,0.3683189930487628,0.32138969299117537,0.33820824483842604,0.5011774147536768,0.3067731541045092,0.41521800570142414,0.300158937436061,0.24098905500165,0.23309308415048394,0.243750492208431
0.2317009770067752,0.1516538058429007,0.2397157896264258,0.28497827489506977,0.2909315977652838,0.4299358444318659,0.31364760409151027,0.3857243022247374,0.5224602703123777,0.5439154823495725,0.49381352911549853,0.7026570325741794,0.6228490165327614,0.6035707410259828,0.63762404304561,0.5729923822652511,0.5817198076907842,0.46400374757899243,0.4347260412469086,0.34275433687516144,0.4516035746991229,0.44640039625455963,0.3463142207400988,0.3433967794519967,0.2654730261277041,0.42792300486392987,0.42507085960262214,0.2822835825071763,0.2768395543039751,0.2839601011102036,0.3321727490214265,0.4227211816979775,0.3269747065182242,0.5117539130510246,0.3688814869328816,0.38628411270626495,0.40690221081676964,0.3165588291009205,0.36095566375755583,0.2644538329150098,0.3659162628296038,0.21731429709558886
0.24396405976722454,0.24928886355220795,0.21949867455002572,0.22985763890466052,0.33604209549129743,0.41693502931320847,0.36440331847462526,0.47630041676228446,0.5845642817320884,0.5017705467852681,0.5443806818544578,0.6089840174060542,0.6202043971366347,0.6486004139904867,0.6813538965406454,0.5916358241912221,0.6409750743771477,0.5319420616056793,0.5784318088786105,0.44952029192343274,0.3424133704103473,0.46937104316553685,0.3543820950385916,0.38932104995362277,0.3035702345382332,0.3167675758829591,0.22626454760905693,0.3848476980982465,0.4520881124166852,0.2979316621006127,0.36662927339686846,0.4241982709090695,0.38893586971738425,0.45134136770942,0.3448667775774387,0.42822438825236736,0.4824068673442411,0.4565221501091875,0.45387296141772954,0.34371212474610646,0.3711739632010033,0.34814448780409396
-0.20031300377512434,-0.15670482525635446,-0.1933942438360098,-0.1700514179929786,-0.1927285548186452,-0.10569212176822507,-0.14729796174986493,-0.09111618739640415,-0.11673200451294924,-0.14244592072352577,-0.18821656859413222,-0.10675331295798741,-0.22291142014775694,-0.22711737508474214,-0.12835068840592742,-0.27001644208912273,-0.08595880446302655,-0.25915858666002595,-0.14276180507789638,-0.2535572177291296,-0.2208295040578735,-0.23198335303285647,-0.17621986771945147,-0.2559844236901983,-0.1977348015812863,-0.24685752796223645,-0.13776142880073555,-0.18946089244298214,-0.18900019238232474,-0.18264888190748968,-0.19335671929268416,-0.20088707066028585,-0.20820271557034514,-0.1753433161957419,-0.12789453556169353,-0.25886189499282586,-0.09692166500597532,-0.2613460008637476,-0.20017790740349908,-0.13870064230846132,-0.15085326102612262,-0.1156986609357595
-1.003209518050857,-1.3092320373631277,-1.3082840856179805,-1.083007250534561,-0.23631969000745728,-0.2588222257551629,-0.23305654017037458,-0.09499709824994867,-0.10314299882460728,-0.09427437858709087,-0.11090142393102437,-0.11598768404058898,-0.1556190173954208,-0.128409130807345,-0.2858007591642193,-0.17640538130577543,-0.23607056996588366,-0.09225328916174637,-0.20161883740546127,-0.2156433381994562,-0.27827647966747726,-0.23403973859336832,-0.10469710097323669,-0.27511502506459645,-0.28393568458965596,-0.08920892389335609,-0.09972668851024288,-0.1286459671460629,-0.2527387193280481,-0.08816600071315425,-0.2277189309191148,-0.14476575697780303,-0.2337243922803164,-0.263180317921265,-0.1902600875348861,-0.1849016227045101,-0.16044413317441378,-0.20698690744392137,-0.15693129156639843,-0.12009176671587284,-0.0944553301013682,-0.2199972655716057
-1.076751322927313,-0.9607064099995976,-0.9480054610111575,-0.8781127717919214,-0.20679725973313012,-0.10263372379261844,-0.17790480843801004,-0.24909507411905582,-0.23384759516403364,-0.21702730705930187,-0.11646965376870737,-0.21104573882677502,-0.239787577280765,-0.11931960194705375,-0.24299999451188126,-0.15931798435271355,-0.13005716562829772,-0.17583032842492605,-0.2537411132701236,-0.20693546135037724,-0.125614474842581,-0.2044148481659764,-0.2694648214899176,-0.2251326604294186,-0.22973359948885005,-0.2364725906191595,-0.25106756451811496,-0.23886214458456426,-0.21127434714073462,-0.2519372192654864,-0.1906480906886072,-0.2720800432181934,-0.22397230253100286,-0.2352504719674012,-0.20465899214763084,-0.16611569061777015,-0.2684274307815623,-0.10420319885395149,-0.17689488920370472,-0.2169100450576143,-0.2579987915326563,-0.12153187750321238
-1.2276662247101247,-1.3636549551497568,-1.4214057248625558,-1.2020314501800804,-0.20833949717715086,-0.11337367949194617,-0.18085078963884427,-0.3106537036619452,-0.14495669611185505,-0.2525435767517692,-0.20066443622455274,-0.1998987793288901,-0.24861262249889135,-0.2587296375854972,-0.15574335613678714,-0.3040060367124753,-0.18511372361571954,-0.11743537572214834,-0.22153287265187094,-0.19832819514569047,-0.21176204136789722,-0.2728854796217254,-0.20705002916360787,-0.17412997177041314,-0.12916967192158138,-0.16266640839088195,-0.30195709372045276,-0.13309656742103823,-0.17065120748314708,-0.29737333129511684,-0.23188297242863293,-0.18908787880676783,-0.2359197279530074,-0.12984869709215335,-0.1634994059829225,-0.1423235271411637,-0.19687210016374873,-0.1542613228433555,-0.2952598007467431,-0.24403952933066894,-0.18218235687169812,-0.1854350083265637
-1.2530596866540091,-0.9779483800022791,-1.1008765602684423,-1.0368714036026245,-0.1752360854346194,-0.17457262156094863,-0.31890537334562574,-0.2975299405112616,-0.22580391219539034,-0.19746435629903739,-0.21371840156454552,-0.23099394716924476,-0.22980710039023766,-0.2530763021895946,-0.25620254007239407,-0.166711310521694,-0.2373546085434228,-0.23456670896039222,-0.2338725672198531,-0.1835444911873348,-0.2586416585127903,-0.1975408677730005,-0.3184652692480972,-0.15328541711382032,-0.18174705388180418,-0.29494630910258324,-0.2207918310135771,-0.2443988399929837,-0.25513042508251915,-0.13404406226767576,-0.13318638905395028,-0.1478802668579971,-0.16244957097869864,-0.25508824020096216,-0.16251351462540103,-0.2622868388690777,-0.2740135125889933,-0.23562249558388185,-0.31681904580617753,-0.30436143395740095,-0.2120046122301196,-0.174310421214506
-1.0426643283605896,-1.0531264151074882,-0.8986044133618993,-1.258618025405434,-0.2958049715895751,-0.32814162006403647,-0.2096726407305775,-0.23870005482599085,-0.33412108203690183,-0.1607382931463954,-0.24541535161831035,-0.16546223962052392,-0.22037144115991872,-0.1899620065857728,-0.1649014060668241,-0.27807446898589944,-0.2607780960231828,-0.19687435518913785,-0.30741639249820657,-0.20337849649589212,-0.23692079704171937,-0.3168081882062803,-0.32131800055470927,-0.31171082182976445,-0.29821621755048916,-0.2726054796037543,-0.2726030134141071,-0.21139062931016528,-0.21205845994254044,-0.1937046300586475,-0.14555472955804158,-0.32825981371800866,-0.16286617474992535,-0.25984460889101435,-0.17830677471418133,-0.2503866483970865,-0.3131763570115722,-0.25321490881255465,-0.14690788951529038,-0.2074379937405529,-0.28329370324100933,-0.25032596151005027
-0.9668537014010558,-1.4120676343105452,-0.8464831221103551,-1.1065133419106812,-0.3000641555704759,-0.33734817313951043,-0.23104849563946123,-0.1802729000388791,-0.19654207761663559,-0.16484271349029775,-0.25096432969358734,-0.21210021320022404,-0.3222077653071132,-0.27964584921890956,-0.2913764259736628,-0.23997954209339484,-0.24723859707049078,-0.2434030169721997,-0.15153300483124774,-0.1659681998599703,-0.26578380694872616,-0.1976559148017227,-0.15315602427577338,-0.15555179986651987,-0.34376667218184637,-0.2351744846912227,-0.20321085996678448,-0.2913670576746622,-0.3370668446300801,-0.22400191239293873,-0.32138028168023947,-0.30847715321324126,-0.3374543387388484,-0.19144599095106327,-0.1618453427604618,-0.2900978363863573,-0.23526509896825687,-0.31674469761798923,-0.22999586121537874,-0.1950236036600082,-0.17723925981823951,-0.1983771334824399
