gfs-wave-data.json
{"header": {"parameterCategory":2,"parameterNumber":3,"dx":2.5,"dy":2.5,"nx":144,"ny":73,"la1":90.0,"la2":-90.0,"lo1":0.0,"lo2":357.5}, "data":
[rows 19 to 37 of 73, columns 84 to 125 of 144]
-0.2291593855527122,-0.34792230634133015,-0.24560626099283414,-0.20258204212775982,-0.23903029552090946,-0.2624202364075954,-0.18738340149566626,-0.2747305798377775,-0.24008609265579337,-0.2943457457522234,-0.2809855302991261,-0.28339873094179496,-0.2441663618935576,-0.23731114523519786,-0.22836279385911007,-0.22608811401225642,-0.16684219159574915,-0.19410311519575738,-0.1744484527473546,-0.26155981793307354,-0.22460422179512105,-0.3056316921693214,-0.33167728948054964,-0.3111132413863072,-0.16984564037925098,-0.20712303672418633,-0.2680917239216153,-0.21882889141610926,-0.18415496464109726,-0.32968504424823053,-0.21433917641294192,-0.25275861092181234,-0.3045731534054384,-0.35380218926130547,-0.25441087700083853,-0.29425358402196017,-0.28595443868030246,-0.7840422172104975,-0.727591012399002,-1.0309051217261802,-0.9701872360333306,-0.6697367461306087
-0.22482306280735792,-0.22228464428253816,-0.3158360122516977,-0.1931612478489518,-0.20085266371594998,-0.26658927113042336,-0.27563473966780827,-0.32165873235829184,-0.18203195911125306,-0.27343609299640403,-0.1776306830775413,-0.33956599461615067,-0.232949339552979,-0.28962965811382446,-0.1965584249086444,-0.3607595058030785,-0.3517108257911651,-0.338405839956053,-0.20018470912680553,-0.33552814344018034,-0.3000737112002389,-0.20102209394384468,-0.20559350573128726,-0.3085466072801492,-0.262597787061075,-0.24571198216180618,-0.18086611525849183,-0.2392566709936,-0.17792571767210189,-0.18799584763174862,-0.2951759984069464,-0.28031046437112983,-0.2247486656840643,-0.3416821638019696,-0.3190586761371261,-0.3549983120282672,-0.22197083993309813,-0.2330111646717037,-0.3588115071224138,-0.35783654008527527,-0.244475018490749,-0.25899639695111276
-0.3671050498856959,-0.5345242920641311,-0.576077686721996,-0.499656386706767,-0.6081508091560229,-0.4382767376192089,-0.5679094290700664,-0.5513604058490633,-0.47317953357677495,-0.5748238803230642,-0.4195231993790695,-0.4422638605250521,-0.4646913526506417,-0.21101157564097023,-0.4215039244976077,-0.35662997128773594,-0.2906884018040908,-0.28305124255836506,-0.2055275571907284,-0.20984839612723682,-0.14780171739627254,-0.058008627259265526,-0.13009880028266163,-0.1441913428024189,0.06956062372345559,0.1959807890228418,0.21780734776200006,0.027228824431332423,0.38606678127138555,0.1588588438717512,0.23420543421828163,0.15963696928869606,0.18746308308950238,0.4467658987460624,0.488229431096491,0.5719231486263563,0.6370082233699887,0.6307130696071583,0.739145767702286,0.4503012242932315,0.6345800599345028,0.537507939456345
-0.5800617665106205,-0.5205664847535152,-0.5357093436870095,-0.4124005876338882,-0.44997896757417977,-0.3291338316674045,-0.553928230510018,-0.38958523283003993,-0.6280226112350982,-0.31356433890350704,-0.4025174695329853,-0.31933745700832994,-0.29086564039744095,-0.3430539259205586,-0.39284519000905405,-0.38673920224113306,-0.29015969830449284,-0.1720295472899618,-0.2791015047600451,-0.08393585058615557,-0.29445075625461387,0.00931511992263179,-0.05864877866375352,-0.028358060574313365,-0.16245933717714794,0.1624343022513862,-0.038537871385280725,-0.029626505305805274,0.09986880175314236,0.32238444146962947,0.252990731377406,0.4422848431668166,0.6055233637875685,0.577968556139803,0.5204505923405471,0.4839790881832145,0.5546990923948704,0.7841575320514147,0.6675318846937406,0.8028922793368358,0.7332055651265525,0.9253025138868208
-0.40933426716141796,-0.5087822975711283,-0.5272317533636931,-0.5320318742764529,-0.5887026395880149,-0.6034174489624954,-0.5641471620621755,-0.4586639102233047,-0.5239808363451971,-0.4770037656468939,-0.37524650938431875,-0.4161048058318484,-0.3181279934627919,-0.28757907705929536,-0.40065924740108194,-0.22240810776793096,-0.1904137763354037,-0.397896560041361,-0.23647786366593368,-0.1257253348140939,-0.010682585943070658,-0.07805059911906613,-0.05404788970886073,-0.046964501410201975,0.0875165283428036,0.2315380184727564,0.06326910105233696,0.32279884636083644,0.22747694809738866,0.1829763881224952,0.3715833693418621,0.2795499606918952,0.23839501282478898,0.26796713199451816,0.4500858104798331,0.489555075348756,0.5572916031968507,0.7127151440671129,0.5821379619917975,0.8164144628587603,0.6023509360776126,0.7441668170177589
-0.3616832739509903,-0.31258025972264136,-0.2652515228427812,-0.22892135953350995,-0.3551839185525513,-0.40277200330563384,-0.22599153845269984,-0.3335354586965579,-0.350761271259096,-0.29950650389090355,-0.33367178824289734,-0.42023543527316276,-0.31117396575212436,-0.26192883892110636,-0.3544774199770213,-0.2670907413575819,-0.3615448081693912,-0.3474473356745254,-0.24772141920209706,-0.41995012002587323,-0.40277538785237854,-0.24737844080674942,-0.3475589248537249,-0.33736852952694035,-0.33163716669197135,-0.373033130037139,-0.26313981059780556,-0.4169913494548509,-0.3986125090914862,-0.30035320646495856,-0.2349715087580486,-0.25715397884304425,-0.23319178577177613,-0.3700336036699856,-0.3944060674114995,-0.33868925743301564,-0.2951058061519884,-0.26559918892927314,-0.3265399655292275,-0.267691923123717,-0.39060075995045807,-0.31993778246972804
-0.695736205739927,-0.9046505169706618,-0.6526607362696851,-0.9850964534097353,-0.8796465903442934,-0.8232746133974375,-0.7016593986916092,-0.8673221901708003,-0.9429276056584739,-0.890640218412741,-0.8975184202489813,-0.9842056128984004,-0.6498461203115284,-0.6787464225033981,-0.7479539595791307,-0.7510826629809062,-0.8254559905120461,-0.787429041671337,-0.7643998734277951,-0.6570389772487046,-0.8336337712463127,-0.8052436479906503,-0.6196409408586431,-0.631312021455073,-0.6341165185037392,-0.7995874585828652,-0.6662717223052492,-0.6833626833351023,-0.5881189372192219,-0.6516996881290209,-0.6609738496859956,-0.5901993304940532,-0.6285745671706026,-0.6652953598145288,-0.563986240322349,-0.6265057783401188,-0.5196762444993562,-0.6674943226328437,-0.6708843229029755,-0.6579980647188745,-0.4694925104095914,-0.5870026900514833
-0.77937807957652,-0.7438286667942149,-0.7322660790405285,-1.0120696246387584,-0.8818656956154165,-1.0106471641523898,-0.8181824197033722,-0.8265853190275722,-0.7135153556796905,-0.7875593075123045,-0.887198549453682,-0.7539726715327328,-0.764948459601716,-0.823293933988375,-0.9011455266560483,-0.8018932263816435,-0.84714239981561,-0.5872987093879873,-0.8523061711460924,-0.6843356667477601,-0.765227282704708,-0.7321467681521729,-0.7450130816300002,-0.6934630158069094,-0.6381261312454202,-0.7030794959125247,-0.739011624866999,-0.7830226613001529,-0.5924186379568143,-0.6672248008838255,-0.7848320407340059,-0.5645737403331941,-0.6888289624163222,-0.6578755672446598,-0.4933569897002128,-0.5992927816047597,-0.6580106306215692,-0.5525210586094498,-0.592381213290789,-0.6597310356027687,-0.5616758938283378,-0.6428552442230805
-0.9490699098150069,-0.8017853975680265,-0.8934472177177234,-0.8214746584442196,-0.7396918128243567,-0.9296626057650675,-0.8664845793718711,-0.8640593748943068,-0.9775056556800508,-0.6880885759101866,-0.7322605362388841,-0.7455770106179617,-0.8982135347211483,-0.7753923613343462,-0.7023849498522304,-0.7248045970219084,-0.8924021783427919,-0.6499164006431917,-0.7795604651527474,-0.6947562494411503,-0.629539836717273,-0.7381953548398948,-0.7962981142023297,-0.6985115011388284,-0.6595175351328446,-0.7665220507609439,-0.7623696944260835,-0.7401063202052872,-0.5409769284515465,-0.713918142964161,-0.7199596540593318,-0.6344136959341001,-0.6774976799386089,-0.5786980598489191,-0.6179976925994881,-0.5099916048664707,-0.5940022749631698,-0.5852527320038508,-0.5413609546236466,-0.5082446384555184,-0.6663226500205482,-0.49955765761909876
-0.6552345790159353,-0.7713308345058173,-0.9086491342995058,-0.8836783312163177,-0.7065435810166075,-0.9590689598546865,-0.9939748172149713,-0.7865042528778904,-0.7713624797712948,-0.7471694098997123,-0.89204810290404,-0.792814668843525,-0.7754327857299081,-0.7942300633674363,-0.7014309960908673,-0.703125285229043,-0.6763317944305246,-0.8717131304291069,-0.7177448140413606,-0.8356310180907242,-0.7268884735671893,-0.6558158693895605,-0.7396169844676594,-0.6931797551351857,-0.775022872122774,-0.6777481459541219,-0.6660774519746113,-0.8118821527057007,-0.8319801771521672,-0.5831015179773935,-0.6767647256478057,-0.6535070037227045,-0.7012475393300501,-0.6322545040645132,-0.7139052570450857,-0.5834353403779489,-0.5693149155332269,-0.7545603827207515,-0.6016443020489041,-0.4569808976999628,-0.5064698723413944,-0.5505894799005291
-0.831662418773241,-0.7599533887792692,-0.7946838248255251,-0.8953440756639458,-0.9056705341542194,-1.0622995614798016,-0.9633670446756696,-0.9789624041454713,-0.8510714663752158,-0.7131119816132542,-0.7733021277539357,-0.8830006244979758,-0.9353705812895301,-0.8017586546577407,-0.7823531129787727,-0.7379287156448285,-0.7180912771648044,-0.8263721003962256,-0.7117429728441681,-0.8071108154366723,-0.7757613506352414,-0.8258749768035989,-0.7305285084576196,-0.7204434957836662,-0.6769997782916201,-0.7238276716937573,-0.6811039388948072,-0.7363038342432949,-0.672944441103466,-0.847753152802628,-0.5307244745495704,-0.5820692403874215,-0.6178407382877691,-0.5689947276182774,-0.5716788735903263,-0.6819371979235326,-0.5602304378106958,-0.6384832454880969,-0.6379023851716925,-0.5713019196225877,-0.599379828119513,-0.7520796938667523
-0.37698236562881793,-0.3350000127834609,-0.47415368550934134,-0.342867703210314,-0.4726706796200549,-0.34974211500446717,-0.3799745873406498,-0.3671217640406576,-0.4744758059759482,-0.3233676362154914,-0.47208673185969996,-0.3758620169402968,-0.3745393540340712,-0.41851577594273504,-0.2880920612419804,-0.3605299744528022,-0.3806467455531622,-0.4722567473812432,-0.45556946678555005,-0.4302760814838051,-0.2923977723716078,-0.4090705811575482,-0.4508344640172122,-0.3099608092497351,-0.42345978591727607,-0.3422776427055183,-0.42946884053954437,-0.29547761493758457,-0.43302291392604386,-0.3236933003689758,-0.3259036295714298,-0.28400188509055596,-0.44260582289524686,-0.2934585670297126,-0.34726211717116623,-0.3833972528636061,-0.35053301241226353,-0.3335924409261523,-0.4569448463678535,-0.3803386955212796,-0.36214502932949727,-0.408208715665294
-1.0147009192595824,-1.114875433155065,-0.993878719559386,-1.13467904304901,-0.9847453461116825,-1.1020213332564874,-0.8974558962695399,-0.6452258500496822,-0.7412891466762365,-0.6442031720069995,-0.5174757970081708,-0.2539134245964973,-0.1625259163553516,0.06758428479434937,0.24953377970011043,0.5660532805892674,0.5698229150766336,0.5172656457874231,0.784355520298493,0.7920482857272139,0.8965468251565444,0.7394213293652994,0.7896616221828798,0.7039874965025211,0.7141833323224461,0.6881264843545448,0.6102382364744378,0.7470424194353336,0.6380721019706077,0.527578111231509,0.3757421475517942,0.37371358583004877,0.29930739867346795,0.31129157918329453,0.1909286799493324,0.10994314339225987,0.10411753221973973,-0.09206823514489719,-0.04300939220548087,-0.1186856683972542,-0.28673431910696034,-0.244615488084295
-1.217840673130901,-1.099241575857043,-1.1058340356918692,-0.9755836598067413,-1.0006776476432817,-0.9475425520257954,-0.7187027429826467,-0.7381404886515798,-0.704768273153253,-0.7238496827359366,-0.4196530222481334,-0.09494412416364481,-0.18615592935500086,0.31406108629226115,0.2813220410398235,0.26695511105536235,0.6787677815598554,0.5982408357907617,0.8702801844184124,0.7116318073204461,0.7960142124727904,0.7249153379585135,0.7675643421340117,0.7764755820983512,0.6360646505320153,0.8822497714254982,0.6414785060785497,0.680327084667374,0.5355968581664485,0.49492637485262214,0.4767477709940364,0.46714423394096943,0.3164287499974689,0.18786878159889295,0.223636154311884,0.045716329971137275,-0.09517385327648811,-0.012901135171830584,-0.1496540498990838,-0.23978346094407174,-0.25511241113528965,-0.2884683765388942
-1.0336196141276057,-1.204180716398273,-0.9495982064934446,-1.0425483584987145,-0.9565736227799037,-0.8421046290932149,-0.9090980608488762,-0.6643511654762302,-0.7250235969805576,-0.44724191786846246,-0.22798201710287058,-0.07667324358594002,0.16427524148242556,0.0026574026650315013,0.3854997593136291,0.43414377652363284,0.755585023829896,0.7323384090535584,0.6563552189944132,0.8306078090715716,0.9574552664361011,0.7880042504113673,0.8277222227062049,0.7906311365942569,0.7053133301754843,0.6594720963653554,0.6705559663213246,0.6535449683875743,0.6510251132956019,0.447723387671983,0.5903140343018203,0.39592578381767446,0.3670835147407141,0.30634820916235606,0.2575737320045284,0.1562014698499456,0.04586948567791266,-0.09441024708726121,-0.23406765966312884,-0.23001735448840008,-0.19983585840344806,-0.2954150632677188
-0.9550817282226163,-1.2040611660191936,-1.0811748865771724,-1.1508718871099328,-0.8773461955937678,-1.0254848635544742,-0.8211874762970783,-0.9250864617716584,-0.7185505607257339,-0.7067492527701551,-0.2784123211307152,0.04290279896491296,0.1680289761322545,-0.02836274895618975,0.12120065473469173,0.5542183524682892,0.6122282164702779,0.5615896614828528,0.9034446879557055,0.7538016856915303,0.8623816209201592,0.8599074780853012,0.8676989746151343,0.7554821892656498,0.8083734778654561,0.7007151467979119,0.7179306542319258,0.6663965293762848,0.4704059341871004,0.41458858430041917,0.5053394904332156,0.2680267481997967,0.3553067821414143,0.20479676379658984,0.23443636070507723,-0.013896563523857736,0.04873186115628204,-0.00698167915045387,-0.06636427459320139,-0.1453829740831921,-0.2728462220693671,-0.2855211946165994
-1.1309027669254774,-0.9609145533182785,-1.0036082278655774,-1.1794403842454029,-1.086743481424609,-1.0356861714246504,-0.8524330262713183,-0.7375839049912412,-0.5997396925341812,-0.32335088059843725,-0.28907757307149473,-0.23010880858479388,0.022369914893863915,0.17269554652086486,0.5321413270490799,0.345994152167128,0.5853620730206818,0.6076073724059442,0.8055634301094249,0.7353687449028308,0.7820706020670786,0.7618773508238346,0.7843983135422509,0.802091531731219,0.7617133332964416,0.8169456527150253,0.6517345595319051,0.6499533852765425,0.618712023841951,0.4801856449749,0.5276644151593546,0.48365223955420794,0.3697649148151441,0.1897879038853212,0.1321435449911438,0.06800634810378038,-0.01171274133968251,-0.10844719163988399,-0.14615337784990132,-0.11092056524509515,-0.18695111192304412,-0.38181790210887545
-1.0987706182016055,-1.1241354719646748,-1.1486527090916272,-1.0683921407564052,-1.160440122355995,-0.8922608243060128,-0.7141240422518723,-0.9091267601630235,-0.7920927911867567,-0.608620908237783,-0.1361006238995356,-0.2649515499439016,0.15067266014321024,0.2949160417895837,0.18273845182563814,0.43309157843485035,0.5665248655966139,0.5246959710642184,0.796641456569662,0.8027475292581912,0.8877935682052828,0.8980901740449729,0.7497826110397952,0.6628608401252866,0.7073470291880992,0.8738185566983071,0.7588732738585998,0.7967347718402922,0.5523139081021314,0.534059399209355,0.42915254841913814,0.4764964196982006,0.4036013189001766,0.1458925271192927,0.25622750959830626,0.1108188749770264,0.061272413751880236,-0.05667615440599659,-0.1924795284632172,-0.23206460102200752,-0.16572822296222806,-0.2744601473879963
-0.962254862105844,-1.0695429374156404,-0.9960042477805654,-1.1482122255063574,-0.9784206069961366,-1.0430960882256164,-0.9697547788822399,-0.5500925307269114,-0.8692952547981027,-0.5047307763373838,-0.5111628334835929,0.0038979732876910245,-0.09160608389379873,0.22891582722855422,0.3656622554942437,0.522175878138138,0.5871758025168453,0.7067609910587787,0.6186583670535072,0.8413907276233633,0.9722896700870752,0.6984824682588139,0.8142451947344168,0.9208485819825746,0.7778592765716938,0.6291158071193587,0.7200298809103515,0.6680236214520425,0.6153993140592022,0.6518826668486687,0.37120592409274034,0.4281836732779136,0.2199115862164746,0.20711702292543288,0.22336150111052722,0.19395361335962616,-0.06224851457434171,-0.04304739580542994,-0.19515608809865276,-0.22503747177378744,-0.19699787520682727,-0.22729452368943276
