gfs-wave-data.json
{"header": {"parameterCategory":2,"parameterNumber":2,"dx":2.5,"dy":2.5,"nx":144,"ny":73,"la1":90.0,"la2":-90.0,"lo1":0.0,"lo2":357.5}, "data":
[rows 18 to 35 of 73, columns 0 to 41 of 144]
2.365508132096724,2.341515103702861,2.3460929532876964,2.369433109409098,0.03674829586440074,0.05426742992300095,0.04791330209793793,0.04110642186273154,0.026830435369723436,-0.0024480684541147335,-0.050289622721377575,-0.08027148366542322,-0.04726374269349516,0.042863278851239556,-0.00997577458134578,0.007607895390212072,0.03512011502079302,0.02439021331045356,0.0050367886290129315,0.03960673379159354,0.03235530516562812,0.00841438268327668,0.046824414146870684,0.011859459065746713,-0.008929852553732139,-0.04421686398401894,-0.013711591562116614,0.011284353015589287,0.028013798734143006,0.02522911348743533,0.056923532194433864,0.012998401807378915,-0.05633616322945997,-0.019717111410589558,0.01662940518167444,-0.053493779737947736,-0.010163877661571466,0.02855720926347803,0.024701068712512275,0.05888552386866285,-0.011816759778749672,0.043868278825573453
2.256113336353872,2.4247140189782974,2.2228764014126994,2.4239204671688452,-0.024496553695641868,-0.048622505978447035,0.04707582261403805,-0.03981385650981467,0.03473291153882925,0.05023530216499331,0.012761981479174284,-0.02058578903105104,-0.03812841135096399,-0.0524379023390538,-0.022445783615461685,-0.016776954696266437,0.062126404185731794,-0.0018802631888268416,-0.0391699253296562,-0.03587047583857704,-0.04674770399317077,-0.017720412441223632,-0.0519665870919189,0.005549331826924366,-0.006622785269223166,7.879744672427221e-05,-0.049040455057778355,0.03803832320736417,-0.05123753502901534,0.0024487954104154045,0.04442006139875633,-0.01180909219289894,0.055851799420915844,-0.013013928387727738,-0.007703004263682288,-0.009996594795145735,-0.054913782545600955,-0.04667482300641922,0.04315927852741162,0.017955227492722416,-0.018879052847551973,-0.05048473793973705
0.00020709549244635637,-0.02682749414744977,0.046723161437292375,0.03663758769246788,0.016482175846392035,0.053266858344920925,0.06116992297533119,-0.028203964767496266,-0.021171159249238684,-0.06673402259253433,-0.046581410275967114,0.030467824182265336,-0.05323697500546705,-0.06777903918388434,-0.015442010185583901,-0.0291979248210418,-0.004570688594762878,0.013860377763684279,0.031855137834377704,-0.040436987751004794,0.04406353769668334,-0.031920432744431536,0.03868267860404511,0.003478745608783967,0.0013023738523606845,-0.03203402873617762,-0.06798294056878493,0.0022018612629489255,0.041697015101202786,0.01921654635953308,0.05901291498264545,-0.07329658281019633,-0.06201315896612855,-0.01072860370846167,-0.06583190013064145,0.051738059304845894,-0.028725042176521876,0.020097338676975645,-0.058090867820022325,-0.025300273005601268,0.02572678999294188,-0.04027158476472522
1.7830634885340715,1.7158988572706813,1.8429486127074721,1.7494811615904953,1.8300496714422614,1.7826317114638235,1.6304419854796421,1.7711803576381446,1.7630291078070388,1.5434700123880296,1.6688642703129557,1.4743909084485676,1.5009429082241448,1.5329270657322092,1.4728334721061214,1.4568103044599447,1.4758356608370355,1.3762089276777134,1.2080458539691588,1.1483919115307548,1.338432479814864,1.4180684623444006,1.2029775158157578,1.1335672506117431,1.2923949896633438,1.255626271679527,1.0821567007074397,1.3250002543919774,1.2359568278560196,1.304556257340306,1.3175451939147356,1.1663519452412547,1.284464032140923,1.094481138210393,1.0712289605707557,1.1154909004507203,1.0709610846205242,1.1604705058575058,1.043924981346131,0.9480041202783367,1.0807717371361865,0.893312360503548
1.7078614164767278,1.8302839048423951,1.7308765699414719,1.7535466865431901,1.7994340481340654,1.6131592705242617,1.6161260956986954,1.6190536425814348,1.7692521138324784,1.6227483780037641,1.6245781284453171,1.4504549914571603,1.3200801569067562,1.4930304346617558,1.398707064328537,1.5406582870756498,1.4945109789109172,1.3727683277683185,1.3397600989776444,1.3707383661955663,1.2750925297773512,1.2676305346501529,1.2036207007957438,1.23368494633504,1.3763566662039803,1.1716985033176872,1.2911403651483329,1.2864676115807923,1.1907303478219151,1.22023267947494,1.268401279244107,1.2007995573626964,1.1110079144251321,1.1458962941982729,1.168461750489934,1.1515911680648092,1.1343682589333524,1.1281807561383705,0.9928569091044079,0.9822606928843048,1.025016624108386,1.0328783951117884
1.8413011876642038,1.7915222920214888,1.8022412235275782,1.7600729929815293,1.7047143566543066,1.7727015846193324,1.6716720785276062,1.6465825017489548,1.6267171085612313,1.631514418591218,1.4071867792950135,1.6121290182066395,1.5484035137730616,1.3640777092240224,1.3470502625695164,1.2679705955937293,1.3726793869351275,1.3199305506469645,1.4063832895404518,1.1763152560131307,1.4076212007606597,1.2601496757567083,1.342730874876103,1.2824304213245723,1.264026236754192,1.250700100332733,1.2749661222261877,1.200313302190842,1.2428503614181987,1.2097938650711044,1.2437532131383897,1.1045259715244886,1.1726728589690207,1.1967528792852964,1.2527240484151327,1.0583848842620793,1.1580315862146866,1.085510403576684,0.9957845591077998,0.9841296559996335,1.0543508802234816,0.950055673169825
-0.04878924798013044,0.06543057312791752,-0.04040366945764572,0.05408504745821213,0.004065257434077281,0.07688361693067768,0.008321741365165232,0.03483528662590228,0.06169122867736557,-0.004714644824779219,0.03157941754902548,0.06168847384941356,-0.044678963346097306,0.034254017266073716,-0.0017982015934209798,0.04686042450691736,-0.004000680154974743,0.0427028440775222,-0.04344471343953795,0.0122107726296531,-0.02170801099727409,-0.06547772010938895,-0.005546514768112796,-0.0476862780017536,0.02724969159445272,0.018715113845178336,0.04541263826184613,-0.034750437155022594,0.0097890661471548,-0.014162905516435302,0.03650619672804366,-0.04071614210713559,0.03571573875680635,-0.04141397483608904,0.026013857815255243,0.016588477429423334,-0.0520131406685471,0.06522030100733242,-0.07132679476736517,-0.03767880625931945,-0.013809225557380957,0.02412860411666179
-0.8561581220158053,-0.9366791987593535,-1.0345785778377983,-1.0846702024140802,-0.9989370327053367,-1.1451877474550451,-1.0997853431154345,-1.2198661685733758,-1.1905547402088148,-1.2167065187010977,-1.1627924771890086,-1.2623412032823769,-1.273072194199161,-1.3285999271463866,-1.2692737371104457,-1.3368578426712678,-1.164186204854979,-1.3298368523874842,-1.216179356835226,-1.229383377576536,-1.4033407929984683,-1.2862260612784333,-1.3078042619596288,-1.3123702714392478,-1.3045125999480074,-1.3507227320899384,-1.3305964298330744,-1.2839259946432573,-1.3460025066953587,-1.2797525653628516,-1.3882775265737457,-1.2432140923361248,-1.370732461382964,-1.3784829347883307,-1.205874907380091,-1.2710154795850541,-1.2266019941683084,-1.353439777868126,-1.2937049053421943,-1.2088814133459318,-1.1583424372043494,-1.221704047603506
-1.1293723845714234,-0.9360067833720159,-1.1605993152685585,-1.0735415051171813,-1.0478912556741917,-1.1636178363606338,-1.147277375889126,-1.081325613038685,-1.1746567956475211,-1.049727617699137,-1.241592905016159,-1.1569484924204894,-1.205389451513563,-1.2119654986972053,-1.2800658729720582,-1.297598477270315,-1.2264533880707338,-1.24734333467421,-1.3651280552998617,-1.3085005366323956,-1.4418414473045558,-1.3794083322060544,-1.3664204845409742,-1.3571143317349224,-1.3357964232985058,-1.3216657824859952,-1.4085043054863258,-1.4126263098441623,-1.2739476660980662,-1.3239389637440602,-1.4598617891386774,-1.346225312778787,-1.2526661438569988,-1.250893868488659,-1.257076418924537,-1.2860644997835275,-1.3631227666693404,-1.3010784575167869,-1.3334180670575266,-1.1548127892198707,-1.1523228007958062,-1.1048492025044674
-1.0803520256484729,-0.9138258593392076,-1.1215522017830533,-0.9945903324208244,-1.0397130208851604,-1.1590021313460712,-1.072549355552896,-1.052826121825073,-1.1656148779213413,-1.3353398599077941,-1.0820086257552701,-1.2710989278154594,-1.2547640344383115,-1.3069326794864418,-1.3691459477543195,-1.239346688528397,-1.3672402592726929,-1.3666936058474073,-1.2626794223137736,-1.3077686507246196,-1.378580787106765,-1.4138401618706928,-1.4494549557756045,-1.280969059786903,-1.421390081845743,-1.2828642235616274,-1.2753872954902359,-1.2485396005439602,-1.400292417309574,-1.2865893383279468,-1.4357271269824263,-1.4152725499106127,-1.2665146170869135,-1.3399603012676102,-1.2861321764272196,-1.400100463328279,-1.281432969538921,-1.2232438225676643,-1.307307447741362,-1.161026136004065,-1.312122975251887,-1.1608876570307092
-0.8590645910656874,-1.1598201411384337,-1.1069691656221199,-1.0305374444441446,-1.0890882415492587,-1.1238005789906371,-1.108210452422706,-1.2307769799078518,-1.1171615285488392,-1.1031990025723826,-1.122821171228213,-1.2501903288310887,-1.2774159218755836,-1.1948945534106974,-1.2894069645225656,-1.219171446789835,-1.3617782285260347,-1.1699992962158265,-1.2494345489281993,-1.2778735595507058,-1.3396096529057469,-1.449638102347988,-1.3050173438036345,-1.3262253493830243,-1.3111004470693743,-1.2377424226135587,-1.4450661245719676,-1.3525364100170123,-1.395418780879316,-1.3454517658673164,-1.320441424911219,-1.3497451495574284,-1.3652827606095554,-1.2849656875029705,-1.4358061468338141,-1.218312277251249,-1.3720139838039804,-1.2500394047257317,-1.185277004715535,-1.2710862641297094,-1.2059396104246713,-1.1987457314774967
-1.0134147579478976,-0.9419769730607845,-0.955181366237694,-1.0681613156799445,-1.1002571542859232,-1.1453659101263578,-0.9753371335904972,-1.0910339111079876,-1.2549594149992345,-1.3046307759991134,-1.145885628977426,-1.0496941900180796,-1.0815678813019485,-1.3152914580833102,-1.243030361480156,-1.2639256548482019,-1.240661281783694,-1.2916690550965764,-1.19495096781299,-1.3088058181451332,-1.2814235597466217,-1.327551535550065,-1.4496984751003188,-1.297066508215105,-1.3657261812985648,-1.2579371453789212,-1.2334140280713053,-1.3478784743641912,-1.2778960939874962,-1.3519212608971742,-1.3284980824987804,-1.3104845201078617,-1.2775195099237275,-1.3762989757259705,-1.2423089656480915,-1.2391433796549753,-1.2877003044310131,-1.281458375382588,-1.299158238091261,-1.2543643353306058,-1.2123884302412966,-1.2241622413353401
-0.03374214642832887,-0.04589948678273166,0.003348922444576332,0.035821609030553134,0.08083442877700495,-0.004370348376295773,0.014519161669241682,0.0554539030154277,-0.02003176893274228,-0.01298712913902074,-0.025040577838939187,0.03649234290847368,0.035788589634381016,0.0539617554414713,-0.00896808766060343,0.05302486014609651,0.057740979206492724,-0.0026434052157686466,-0.05963198119451958,0.06707242517220471,-0.04034393253919465,0.04741060629152867,0.03102494048357755,0.011494163548732119,0.053333836301985384,-0.02400159940457914,0.031388142164365876,-0.06049844320244466,-0.07456352306393443,0.012557409098316812,0.04493703255716851,0.008185691206474341,-0.01997256589816798,-0.0040943774784868315,0.012542459910610962,0.04273865006614843,0.04242186775404846,-0.019901667635975458,0.0523168439332057,-0.01329797978461574,0.052425980210400895,0.020296163553558837
-0.8682879341325374,-0.9584435890773676,-0.9617617671518347,-1.0278077919159607,-0.8899311226759864,-0.9026206528024494,-0.8142970721819851,-0.7824306615294468,-0.6283225208003901,-0.8038930517572995,-0.480507334084919,-0.44488341422576166,-0.6399814928518794,-0.6967305352190774,-0.5963757099353318,-0.7347380064693283,-0.7028508579111651,-1.020840673497976,-1.0770733121343177,-1.0955100427566322,-1.1622421193432542,-1.2051964122640801,-1.193098773770042,-1.1759315724161599,-1.3002825282395507,-1.1675765260179407,-1.2032294824286802,-1.1478624557810144,-0.9532879532788688,-0.8974567622702854,-0.8937619433697922,-0.7056121000898037,-0.6193882358989808,-0.46397240096219994,-0.5532336370674926,-0.478346402616925,-0.5259988598713475,-0.3305754080797345,-0.4583369829809387,-0.5225625485572755,-0.4755709542721812,-0.5077704685647305
-0.8880491163532741,-0.8061694190669174,-0.8329615506135066,-0.851973462633525,-0.9466960694777715,-0.801517523231723,-0.9059855573573454,-0.7985036780169349,-0.6563861620972631,-0.5177528385840475,-0.4680781140234508,-0.4802144171053677,-0.5645619788566726,-0.4487876547513803,-0.8142030079096818,-0.80818740184793,-0.9443069158295588,-0.7542930532867329,-0.7444952415855134,-0.9687382319560442,-1.0087917041374883,-1.0240203801140955,-1.1604137964859307,-1.1593883113058039,-1.1705337110378664,-1.2587680808598443,-1.1526235358293369,-1.1892680567391143,-0.9523717580795437,-0.866799725086323,-0.7435280173326663,-0.7804782272672133,-0.7012549127664597,-0.6413179162132555,-0.49219422134258567,-0.5367370911573951,-0.30513592331219563,-0.4777599220147885,-0.45868085837680006,-0.3356660463207486,-0.32997445080733534,-0.530199966194867
-0.7963245997271235,-0.7838638088026123,-0.8891545296785383,-0.7657410139526268,-1.0126495557526263,-0.8007595038265354,-0.8157462421717175,-0.751390820274865,-0.8190148390043209,-0.6035722854251339,-0.5670693350999451,-0.7912420674926143,-0.4430969762237034,-0.5975325627983649,-0.6911578187823956,-0.5470740362221951,-0.8367247097897349,-0.9628254198648835,-0.8268500584269065,-0.8684136538135568,-1.1604380207656981,-1.0910935068574612,-1.1916399987455426,-1.264361934041999,-1.1084865231437158,-1.162283349495901,-1.189209705645845,-1.1331159583561865,-1.0425613111694827,-0.9406256012991108,-0.7575985309572002,-0.5909257706239591,-0.7563213601431558,-0.4605442522400523,-0.6103694154923079,-0.35140807162925664,-0.4694919071371146,-0.48167451593147165,-0.2869606582068483,-0.4737454282601662,-0.46203630619503977,-0.44738621856181937
-0.9368406815336486,-0.8864744293654463,-0.8099730661370776,-0.902895276953221,-0.880506216390946,-0.7364541954304246,-0.7054948575661141,-0.6152071597693155,-0.6614975094047056,-0.780286939308592,-0.4835737230313173,-0.6923078474273446,-0.7528980837968107,-0.5219171774231,-0.5798611894757768,-0.8380423482181647,-0.7391691119131084,-0.7731304937110018,-1.0098292247508533,-1.0226321181849891,-1.1731664276944267,-1.057437005750682,-1.1241571825764791,-1.185433402411157,-1.2163112755915977,-1.0825301762307873,-1.1494678518060821,-1.0313417805723561,-0.9658102107270153,-0.8093899976590977,-0.7614786894984454,-0.7279035645304004,-0.7702606954537631,-0.5411532112483219,-0.38928097818933827,-0.5113804029560234,-0.30438752717327244,-0.3813656658890139,-0.4820958451534032,-0.29929740295592244,-0.5115728403961625,-0.46063851367174685
-0.7991225951510795,-0.830492923891345,-0.9421595385059089,-0.8902473646852203,-0.7777522787883335,-0.7714267289306123,-0.63236944580783,-0.6960716722218915,-0.563712990189135,-0.501137517181238,-0.624507495310002,-0.7586016187298552,-0.45392503917309635,-0.7270777129357097,-0.44694875239242376,-0.8063378621326569,-0.576515237108515,-0.9579207463975593,-0.9674416502819867,-1.0126548451515787,-0.986450748188759,-1.1122862549517902,-1.1869180220211715,-1.1888242883783418,-1.2283852412274998,-1.039028356269036,-1.1426774362678018,-1.018068428384775,-1.0763733062893595,-0.8665558161607763,-0.7834927030421632,-0.5133245860745077,-0.5552342923959258,-0.5271280991154437,-0.5076991471740353,-0.42719767991840385,-0.3185973448296755,-0.41046258666418267,-0.4518796624446162,-0.36980987957947764,-0.4907495370262649,-0.43413565808631976
