gfs-wave-data.json
{"header": {"parameterCategory":2,"parameterNumber":2,"dx":2.5,"dy":2.5,"nx":144,"ny":73,"la1":90.0,"la2":-90.0,"lo1":0.0,"lo2":357.5}, "data":
[rows 19 to 37 of 73, columns 0 to 41 of 144]
1.7342219827176153,2.001641723224015,1.7865418736534302,2.06751943230251,0.0008081881462021248,-0.049383443754188586,-0.00407294548677028,-0.027501389628360906,0.013849107216447708,-0.03769438866366001,-0.03280413490889439,-0.0035590128700223613,-0.013982227740223294,-0.0013188033187305076,0.048909895427745334,0.051966720641251435,0.04567585111212851,-0.03565483558921095,-0.008190564067106915,0.027695457453607488,-0.028667103156719106,0.03887593905045298,-0.029429750586462605,-0.018310373109967158,0.02525492432434707,-0.008463812657114142,0.04490348158516144,0.013753519331794667,0.03635792999926565,-0.0034589496509108775,-0.0057636173615032964,-0.014058017964636583,-0.019726207767462228,-0.01455036909576862,0.019613605271714574,-0.031674774796031535,-0.0022563967076668356,0.0030590775426454714,0.01676119931535275,0.027149673567351807,-0.027829015631919026,0.0359283550199476
-0.02748902730520926,0.0043862777487293095,0.0320646000528507,0.0016311527577185948,-0.0032027810510033526,-0.013942159995182219,-0.006767337326093256,0.009064696541621632,0.009092907865504644,-0.043545094716932194,0.01727560604853344,0.03616070433922011,-0.004589157417162436,0.014346383550375734,0.03464608114023137,0.01603531511563912,0.03752213812235523,0.004604669457974346,-0.032545341208226615,-0.03865127650540391,-0.021436840689432614,0.037838311903300725,-0.040532325614391546,0.045761403042438406,-0.01681444709395354,0.011012093299990366,0.05236394638374426,-0.019500804086029815,-0.046380528231040045,-0.05419315803105223,-0.030037442893235823,0.060663495962780103,-0.02708521870802459,-0.030337199538692013,-0.03453680055984009,-0.025669877724970338,0.031190313632921688,0.007538758202346302,-0.004982186242327068,-0.04294000286037333,0.040522551013306415,0.0041373787283229225
1.5833638181830416,1.6733292146871426,1.7158325970551704,1.6271478888688262,1.7264981727956512,1.618490580175922,1.5189378485596288,1.6143902173600446,1.5678449936680177,1.4813908395880302,1.6482156701246506,1.420407915884341,1.500355317057858,1.3796853865704823,1.2366196774522769,1.433768280635207,1.208067793712276,1.3672214689043556,1.132377972864581,1.2957152000818017,1.3394627241981996,1.1254252071102706,1.292047899376401,1.1700774491599428,1.1787322499251238,1.1352916279019043,1.2693214767093657,1.1641440472148068,1.1702595082386897,1.0162553251050026,1.0593654521815299,1.1025481619408368,1.0723384316447861,0.9858236939978914,1.0705865165101145,1.00606709893252,1.0988537964795027,0.9690195477936617,0.8724059285908599,0.9320278421897058,1.0155239231361566,0.8264395426199944
1.7693249518193632,1.7928851214335473,1.6461177583963704,1.7003167789197122,1.6579932783693923,1.5658278513885187,1.6343159451634899,1.521759547933396,1.5691592726334815,1.4213669871293702,1.4712035339005431,1.3740565335286745,1.442254730630732,1.2315960952692053,1.3095404880197703,1.319807719286012,1.160320953996971,1.1883482806032624,1.091960331742707,1.269990601311908,1.1640836081995685,1.2118776887014222,1.2642459719981463,1.1368998502772205,1.1054815940059994,1.1476203588592337,1.0419708414012219,1.2108433079277323,1.0356417628380405,1.2074107751788539,1.025326054344612,1.137997727333129,1.0608715996677938,1.0738791629451112,1.0940275915330848,1.0429479192800766,0.9591867734266,0.973871328520179,0.9057941095048296,0.9861803598682802,0.9863149409896749,0.9591794659224014
1.6831117602689418,1.696422501750374,1.7084532898611198,1.7954909669235581,1.7018068212831825,1.611370176211184,1.5765975879282237,1.5383190247464498,1.5434734862901973,1.5858379691061986,1.4040826739895997,1.320430657824861,1.4605166584850267,1.3014476327215991,1.3961041302488515,1.3897799801548139,1.2098120231722618,1.3123593841290262,1.2502572865252175,1.231449950383062,1.2428700882247106,1.1584560252195932,1.2397992971339293,1.2676598192597648,1.0729051252092137,1.1658680988502768,1.1263188666246802,1.175203058249325,1.1256766268943603,1.2034891300218022,1.070120664377373,1.1426098561175142,1.0183579962605533,1.0386154691661569,1.0241566993257785,1.0419784506859224,0.9639054132949368,1.0703228376946383,0.8973759567522717,0.9211167009528951,0.9257621947926539,1.0233724077823034
0.021560402011170474,0.018123561975840037,-0.0246766650037312,-0.04111026731938182,0.0047645506349922005,-0.034233260445360354,-0.06284715755097152,-0.001504149486461077,0.03722803327071873,0.020447707650873788,-0.039271769146998654,-0.06411658946518377,-0.04417359407749554,0.03865219749332525,0.03131523037379177,0.004127523355650974,-0.043722796820790714,0.01091000400929732,-0.0283986977214241,-0.03440856644896725,-0.020309034372016695,-0.024463360932873584,0.006746448507040908,-0.01745616639555374,-0.014955117849797027,-0.02678521108631921,0.008912241992650387,0.00451694350588354,0.04482323219180262,-0.0022132033547085056,0.018212627826979477,-0.05955815344629729,0.05201207707257925,-0.01209459498234054,0.029078748140697108,-0.056542244912356265,0.018501314725406188,0.0435085463815528,-0.055116404149815966,-0.005911249705339023,-0.040525092437817545,0.02809578924128788
-0.9148156716225003,-0.9707278995365876,-0.9605374426646961,-0.8697204523100481,-1.1060947459974795,-0.9201365459563117,-1.0914720825555426,-0.994666861079661,-1.1636991177850333,-1.0880437629490882,-1.2313725056116636,-1.1821331305245413,-1.2607214025682514,-1.1190543219197204,-1.1225426600082706,-1.2745476759959267,-1.2071260064881528,-1.2444996286614685,-1.2354722850426236,-1.3016194547593096,-1.2655085782822781,-1.181073945265369,-1.2484975257434268,-1.1983328251215724,-1.3263713518145395,-1.2258486636313597,-1.2489911050700964,-1.352937300766051,-1.3079381577863205,-1.3242603638589985,-1.304003063437629,-1.299313258693181,-1.209867122088347,-1.2298152103539088,-1.2230452749430734,-1.1661477469935595,-1.142346654704374,-1.324766036168054,-1.315643519634423,-1.235487713810527,-1.2513016250240798,-1.2642684704313571
-0.8566549090529695,-0.9090115386665802,-0.9086175779302804,-0.8631199733522608,-1.1832766501618088,-1.098303940837742,-1.1024567224046236,-1.1085118207611173,-1.0768350916036225,-1.1749547141520569,-1.1837259760235022,-1.049886040911605,-1.2463516440862064,-1.3397879187104564,-1.259885031627235,-1.2275277059374499,-1.321497102211665,-1.2692924982835503,-1.2735721178637482,-1.3374051479115536,-1.2250995604489716,-1.3509424632727915,-1.2679484581466223,-1.3195324467840563,-1.4256754825159228,-1.2664623784536384,-1.3324288612372934,-1.2901803691493214,-1.382380745739465,-1.2535137001231045,-1.256466523395355,-1.2637794653877523,-1.3580919887338123,-1.327615822437027,-1.2903625133871959,-1.2791455288870195,-1.2424446682979513,-1.2933687780027707,-1.2758080028113914,-1.0997904492066977,-1.094046732907863,-1.252588630883972
-0.8383988339624584,-0.8646663572806029,-0.9936192674258966,-0.9324512797884802,-1.1333839796783727,-1.0081007633216859,-1.0860769781019504,-1.0452594134758688,-1.1141053557386293,-1.1152633743222775,-1.231856172683315,-1.2623394291669603,-1.231103775042403,-1.2668648118638,-1.185574000424629,-1.1852020556779896,-1.1916245783484591,-1.3042563091061556,-1.294156325126307,-1.2293376209458646,-1.2432147480649292,-1.3250776363265973,-1.3348568091324695,-1.2524170362747455,-1.219451110817751,-1.3960737293543823,-1.414401831861056,-1.291335386557126,-1.3831108918747352,-1.2396711791950232,-1.4008205813543602,-1.407265838338498,-1.3840929143671359,-1.1995596787850304,-1.2553627429297003,-1.223534359379048,-1.167889558073547,-1.2191021143043854,-1.2909220725408057,-1.2791716616431734,-1.2412311037334554,-1.2665452351227657
-1.001053164981713,-1.0774452148029185,-1.0125766512222096,-1.110642775628678,-1.008653842576992,-1.0285288659949492,-1.1438404238908388,-1.108554268588507,-1.1452591025656955,-1.2779260356295383,-1.1707544885265224,-1.2362858335796272,-1.3141128592030489,-1.2071772280850608,-1.2069503239080137,-1.244725262805885,-1.2439153399831595,-1.2256195584699534,-1.232103388252322,-1.3942396404790747,-1.3620838396872292,-1.3860685364389989,-1.3428838955366063,-1.4253586279605142,-1.2500552397768923,-1.2749385581943733,-1.3844418889582681,-1.2643918195324448,-1.3825428828163266,-1.2348872602621148,-1.4009454952174936,-1.2462188223450805,-1.2800385865746962,-1.2129843096064585,-1.256177866056229,-1.2381286306682766,-1.1519722747305592,-1.1619991686856,-1.3199266905733813,-1.2127299785129968,-1.2105961018887839,-1.2807677621571796
-0.9894565977687297,-1.0957790643745968,-1.1087007372685211,-1.0612796571586254,-1.0995823772142426,-1.107572350345774,-0.9718621079142792,-1.1419686473072304,-1.0773050255223173,-1.2112149777363486,-1.2753100719386614,-1.3437166924562907,-1.2100276068462126,-1.2064929488502378,-1.235007200290331,-1.2692984052589042,-1.3599958579663556,-1.309628537679374,-1.2398878328147984,-1.2529637855197213,-1.2304397257260324,-1.2784410728807711,-1.3501328482873811,-1.4129116894874547,-1.3552339741725952,-1.206396692087523,-1.3316922267972529,-1.3426471187127365,-1.2574435037712715,-1.253777568245717,-1.2969982502563555,-1.295355343377301,-1.383385003033051,-1.3003706141075977,-1.3838861684776202,-1.3263059521397946,-1.291445766672011,-1.2548552688508883,-1.1786293647206616,-1.2198265563005404,-1.2340251857625584,-1.311955467019673
-0.04020177703485274,-0.049689699769158595,0.06559009256895994,-0.04391163983038727,-0.05107747722685032,-0.021298564483508378,0.005418044143145849,-0.06234782519774422,-0.014773967292275151,0.009045762014206449,-0.0002299317719253768,0.004444722575521679,0.04220719442044738,0.06909381288435873,0.021993710806693725,0.021278964420845214,0.02117117317399735,-0.061818748107303104,-0.01923723956671471,0.04605978726559616,-0.0025272742898839184,0.0520689652731635,0.008603890421805451,-0.011744095394415567,0.004829981137391193,-0.024651387472673217,0.014613086484194982,-0.06694969873073366,0.06765256607641822,-0.025762205330018422,0.041486156752576914,-0.014956680735417272,0.009019036305746918,0.016179750653768418,0.056769807965121585,0.05272314797545362,-0.01652340021926804,-0.003943713945064134,-0.0214137158051572,-0.024643030041600622,-0.042095183600093435,-0.027529100571493447
-0.8135649583766196,-0.9796935233815188,-1.0353411654241371,-0.8651098541623243,-0.8616357068117114,-0.915673560856778,-0.8169379936824726,-0.7902342135818915,-0.8411691242588806,-0.5360485043723466,-0.5230842602961538,-0.677147600793291,-0.7929646018166842,-0.554440688028976,-0.5847496201329974,-0.7405473232563027,-0.9205120869915061,-0.8316391586969564,-0.9601204586176114,-1.0431568211442326,-1.151370957605884,-1.107455301711351,-1.0900731378995308,-1.252807495098682,-1.1817560319376574,-1.223255035375858,-1.1111222179580307,-1.152342276939332,-1.0770664917237966,-0.9549864639958853,-0.6432984255002394,-0.6430559373552123,-0.5080856049035684,-0.6279342606622601,-0.5393051290858586,-0.5952248752354152,-0.4034269702549225,-0.44332565964185494,-0.314452252517664,-0.37968900349327644,-0.3279157265877778,-0.41189075778188083
-0.961584659980072,-0.8716948598110651,-0.9748635850933158,-0.9023769103853558,-0.9693505416479723,-0.7971295570943273,-0.6515254087102165,-0.7089873268856057,-0.7737237754032442,-0.6748431771633896,-0.4830979573228559,-0.6846196982935107,-0.6629855578996885,-0.4691645223798763,-0.5823903155916822,-0.6869110944341473,-0.8047044230436129,-0.9154190212349144,-0.8810802880481409,-0.9156755544731231,-1.1146426909753357,-1.0696773438889682,-1.3381400973651758,-1.2212409405381917,-1.1391583811547537,-1.2207181687702482,-1.1475935122237415,-1.0743443800576487,-0.9755051120888054,-0.9272486927759741,-0.8392082358682851,-0.7145559451402861,-0.5570586891154282,-0.5833796636921127,-0.5015629201397008,-0.4069666986063504,-0.3496461752921437,-0.35733757566399055,-0.32444851599527974,-0.5580242157046217,-0.46391931971909217,-0.5554937686623151
-0.9697885623119243,-0.9644187208939187,-0.8923879197882314,-0.9768043494372022,-0.9150262048836603,-0.910341577342708,-0.8926015608703723,-0.8741803102879273,-0.6594271881794902,-0.5201832136474506,-0.7584811923019597,-0.6333981250839795,-0.7399073108531079,-0.46363801466684607,-0.7390021475475193,-0.7055444812794799,-0.6659604974201525,-0.7413124921582513,-0.9216056455439765,-0.864613377295271,-0.9936810981598229,-1.183133434109694,-1.1876001592640886,-1.1507360530536455,-1.2464010172570184,-1.170959155259686,-1.0560225910548364,-1.0472283776436957,-1.0428186500419974,-0.9336166105829408,-0.7681480046819268,-0.6007729238543857,-0.6612591518046013,-0.4785566956146987,-0.4640136229609892,-0.3835836869594943,-0.5338118787599188,-0.35884588657041944,-0.3791290857004111,-0.4433865329111272,-0.47755966935328464,-0.5176021876395517
-0.8745747787336833,-0.8310593290730552,-0.8860695749848223,-0.8245267399340918,-0.9201790854303187,-1.007979961772852,-0.7137963605185202,-0.8811468166452969,-0.7958193478398609,-0.48918353014210075,-0.839409119368037,-0.5923211855885612,-0.76887869145655,-0.5974474319341874,-0.7534598946448555,-0.8527920121793983,-0.8574426873782138,-0.7765661685113667,-0.8077349173237354,-1.2390684067538547,-1.0948857428597003,-1.0667917670391902,-1.2384530364816293,-1.3278889219276837,-1.1621442274612361,-1.184706217019278,-1.2305862009190784,-0.9753736558405353,-1.131401473671288,-0.8166983954278414,-0.7445155418995888,-0.9080715498150027,-0.5375741866145105,-0.5797362393617402,-0.678438521939221,-0.5120706009178834,-0.3956642797271803,-0.34983947974249274,-0.4426322708312557,-0.4652344435121388,-0.5356038884864812,-0.45148306429549395
-0.8460010538199414,-0.9914318578849383,-0.9862909866041346,-0.8820031659527787,-0.9864063766227847,-0.9052664325777822,-0.7219114334997639,-0.708193671517154,-0.7931250821458512,-0.5680470525910999,-0.5055080968800812,-0.6835456270306189,-0.7618411530859844,-0.7000988359773742,-0.49832076589218627,-0.6132648697770798,-0.7881490179619491,-0.9350854589504441,-1.1653154086984392,-1.0494535037241892,-1.1893094122237668,-1.1247330131243032,-1.318220463279084,-1.195203307432115,-1.1891565588511555,-1.3055552347068609,-1.1148779458829179,-1.1478263622935068,-1.0199510838275023,-1.0149280269035332,-0.8891657959967696,-0.6240452855702544,-0.5582346863188177,-0.6074015172203217,-0.41112541080749254,-0.3848557768437055,-0.5548405161877559,-0.34475042689556445,-0.367143038049592,-0.48610430918248837,-0.46792014301234053,-0.39921887396375544
-0.8224940017799113,-0.9842946252131526,-0.8174821840025966,-0.9761611104540685,-0.9371591617535736,-0.8722598071545358,-0.7140760336854507,-0.6046110648000473,-0.8287701750983467,-0.7829187231514944,-0.6194838506134895,-0.739046627108318,-0.5354373604859842,-0.6669813446159256,-0.8686467334083524,-0.7843263363720894,-0.8046116529275417,-1.036942595586268,-1.102561983529594,-1.052293584535074,-1.227161819137574,-1.2397148453962565,-1.298156067905583,-1.309541675005216,-1.2316844415577053,-1.1744269564156757,-1.1304246458846139,-1.0035742427573195,-0.9047783848761167,-0.8169749587705711,-0.8778503179575097,-0.791069157614211,-0.5881064382742319,-0.6435825636959692,-0.629770306563073,-0.47013659811667863,-0.5053855447287712,-0.35181382016861273,-0.5008888361219733,-0.45838405131735277,-0.5603575348720546,-0.5574974133685604
-0.8302287951047058,-0.9885789512522459,-0.8568973302400775,-0.9503054521675924,-0.9044138067334322,-0.8768901608486691,-0.8340772099404495,-0.7303124151416007,-0.7236674572874298,-0.672602544220404,-0.5620395720357109,-0.5788833833178915,-0.4216673103728455,-0.46809701652166297,-0.6781176465862065,-0.7802649335149268,-0.7736380928814673,-0.6932088292884384,-1.0739613184969694,-1.2082953327273562,-1.1339463656527151,-1.3278392611360312,-1.2171369927642364,-1.2438313968502321,-1.233137431655568,-1.2871247980935019,-1.2067617023625798,-0.9952410948202473,-0.9590068838981621,-0.9962691623598628,-0.6799129451331735,-0.7392458638339472,-0.7162367574327005,-0.5635126170796142,-0.5377433891553338,-0.3932435784375036,-0.3204367176073496,-0.35033873766731505,-0.47491584195927855,-0.4279506911824591,-0.3791484407555168,-0.5318286918475565
