gfs-wave-data.json
{"header": {"parameterCategory":2,"parameterNumber":3,"dx":2.5,"dy":2.5,"nx":144,"ny":73,"la1":90.0,"la2":-90.0,"lo1":0.0,"lo2":357.5}, "data":
[rows 38 to 56 of 73, columns 0 to 41 of 144]
-0.06875447611987792,0.1335078291288985,0.12829678569117967,0.35888445617405296,0.3993160355931731,0.5172167489791669,0.7154847939467394,0.9018407813597292,0.7699573072280897,1.0099267886753454,0.9356290106649854,0.9420625370069902,1.0604778437426228,1.1434496846368813,1.1986317206827206,1.0381463775246857,1.0618057487191443,0.8571466268328751,0.8866598986975143,0.6317719119428507,0.8220490297182822,0.41945825783215357,0.38536801816346056,0.024776471329012215,0.14041398157144536,-0.23402146623956363,-0.14555677949974508,-0.4636744956077994,-0.5695792743771563,-0.5819735918040025,-0.6980646551897777,-0.8838020975286452,-0.7525192169014079,-0.8749139073857368,-0.8032777749740284,-0.6907160484276313,-0.7517482635464442,-0.5947340854049867,-0.6681531459192559,-0.5679223686814437,-0.6838971221226436,-0.39350011764264103
0.03818365163528847,-0.022196300984459186,0.26425954581956407,0.4882794817012871,0.5641774020920944,0.7742652379512861,0.8698939264110427,0.6617692501839773,0.9035772134943407,0.911130763001039,1.1243175807778973,1.0417582286446692,1.1483597950831113,1.129265203387704,1.1977757865113323,1.1452844274279759,0.9527392833713685,1.0662042899550446,0.9941507272993023,0.5808172839260383,0.7246270700409354,0.5911193900269562,0.3872546046504901,0.2503603081435456,-0.09463436577535496,-0.07293532655636535,-0.4615783624375517,-0.39794573087208807,-0.4719390358671299,-0.6425207752140764,-0.646901383122917,-0.7514983232943817,-0.7328944521746817,-0.810513821472438,-0.724848838568385,-0.7868840259876794,-0.8878208068455278,-0.700066857505621,-0.7078337157734146,-0.6670007645952598,-0.5882499381832276,-0.4848637712532368
-0.15690360751510302,0.186263209638207,0.15878239507756833,0.293696454321191,0.5715670804520318,0.6487705349827472,0.7969494021983915,0.8525900328888523,1.0322679755397315,1.0300526300869608,1.0039000337637338,0.9468288247363398,1.0671261144300996,0.8934717878946088,1.0484118081741034,0.925194850539533,0.8828344879783285,1.0504356487923912,0.9013626991067544,0.7368424314602681,0.637023593416567,0.4655684317551288,0.40665862999924407,0.23676241828539574,0.0670574176153211,-0.060815379156833174,-0.2883478519968958,-0.4115302685639075,-0.584864135224468,-0.46644794204582174,-0.6653515116535728,-0.70631036541168,-0.8201062895842554,-0.8218236303238657,-0.8164145095771316,-0.8151718527360297,-0.705680632383602,-0.6554655174272326,-0.6178715774905302,-0.7390691557237109,-0.5545432534615596,-0.5518853995761284
0.1250443346569635,0.08630100799112432,0.1486985540584036,0.2861513998051589,0.36522709485665633,0.5219876421622589,0.6930295617657499,0.8666344856571454,0.8027749939287814,1.0841570322204195,0.9988015769357151,0.9642973746539364,1.0394586048110137,0.9846038125618359,1.0490403342500585,1.1653510402546936,1.0036131923740437,0.8179791959257006,0.7557291344649238,0.6461544257784614,0.7419393064226508,0.43244478514482554,0.4350062631720376,0.3181386019462766,0.13037444169854526,-0.38388778105627336,-0.285174422414891,-0.3502938049098602,-0.544044100958923,-0.6191892037030491,-0.8077882976639493,-0.8667482728690937,-0.7067619862994083,-0.8333510973708981,-0.9341383155767079,-0.7632207404793062,-0.7610670780086548,-0.7118603410895049,-0.5939476302697944,-0.6450081938050626,-0.5780820901747865,-0.42625089598417637
-0.4507029703343437,-0.4157244676960817,-0.3747487868866854,-0.3454958995393984,-0.3852141116269412,-0.3039441350133477,-0.28519346337349005,-0.4003904449382297,-0.2944561923713159,-0.3302534533788882,-0.37538522573177374,-0.32659978185355293,-0.37344018114160243,-0.366306675119158,-0.4622220309242439,-0.3599457623143759,-0.3099510217091877,-0.40812835765607725,-0.3032407005303004,-0.29634021696064,-0.33675809484801933,-0.3286002553217897,-0.4775536411529694,-0.30828547551464774,-0.38009671578452214,-0.365047477095562,-0.38233984838974827,-0.3270528921316194,-0.36637172904046017,-0.370983931210695,-0.3605613454537985,-0.4195307632731276,-0.3534712098363988,-0.4336544104798971,-0.3769997964996917,-0.28135820688894786,-0.4184993904600372,-0.4416239970712346,-0.452965981622508,-0.2875039980965908,-0.39571769947756796,-0.35723472629423575
0.6984551640436282,0.504909646311033,0.6154274349640684,0.4842220484324482,0.7930141824671314,0.6492701062845271,0.6809964376812987,0.6092415246602421,0.8091325047763602,0.7441079978322903,0.7583817041857844,0.9301727142303595,0.6937122176222794,0.7842902104586323,0.8480992610425757,0.9947070264278954,0.9986303464707674,0.9543660476846726,0.8768611357220637,0.8040659374760843,1.1560938711206588,1.0464856063696146,1.1688822335454776,0.8383994708136034,0.9960791384077298,1.2425597000230133,1.0565263173905588,0.9111634279433093,1.0142187926514834,1.0934063183346558,1.0959455725643368,0.9726034623147564,1.106112967320505,1.0479799871421211,1.0898473607926082,0.9828252095707749,0.8881552395382835,1.0467788862300158,1.0436130945959823,0.8913874427997209,0.9552267223686448,0.9115291402578243
0.6043783584941685,0.6915384242116521,0.3981255774852991,0.7246726918916492,0.4732582089923003,0.7171128067947774,0.6739525670191652,0.7033268658711634,0.6918918799149958,0.6478750212162592,0.6956331946500847,0.6835849543036241,0.7617062985297388,0.6328854790788654,0.7868535271318813,0.7989978521687053,0.8879343467256618,0.9949219613799671,0.9934361587020257,1.0577967449105734,0.8813118129018084,0.7866338930836778,0.9218766976794567,1.1537349410588231,1.0023679319987688,0.9509883065597077,0.8559913460730143,1.1812343253715518,0.9757613957188822,0.9247148308902867,0.9854655099477334,1.0959779842509674,1.1092067115301365,0.81409333281849,0.8496533986908844,1.1000662820148364,0.8451104187250982,0.8320229317502913,0.8946568278012146,0.8348630972157752,1.103581928720944,0.933431651902232
0.6944120874917797,0.6873543410107482,0.42819744770336715,0.4898474479077541,0.55390917049254,0.5892678615252712,0.545134510578238,0.7585818776722453,0.6831633908373101,0.7219770047788296,0.8122681882588095,0.9164734259443136,0.9578649627908368,0.9220121624788902,0.8075691251638129,1.0365034468644936,0.7852739153788488,0.9277206517667892,0.9059867718834351,1.0431446566600107,0.7848697324258431,1.0421846213203172,0.9753975255332682,0.9341033356544581,1.162446302237016,1.1735226658065696,0.9952899041967764,0.9161118952016822,0.9736669963258581,0.9710728974184556,0.8866827552024693,1.0709674370260414,0.9029756894947539,1.0053456085674037,1.0438733866518748,1.1025136523425474,1.0623124301567166,0.9840100371724726,0.8072455300258836,1.0539556247717077,0.7998159331062158,0.8782569552041624
0.45450549901027765,0.656775200249314,0.6187431101125264,0.7920432350623829,0.5947412930479844,0.8154531925259363,0.5529061777413514,0.8856204412472384,0.7289544323708932,0.8308689086614071,0.6253379221079519,0.7991451595998696,0.8354956397196637,0.7133677295137116,1.0751866186614312,0.7502367090371814,0.869963713086323,1.1048863280395338,0.7993295232205445,0.8829279997141336,0.9819695253993381,0.9243757325062203,0.8739619388638099,0.9926620164305625,1.116081582156595,0.86834777898254,1.0008353983435037,0.8284165377118882,0.9274579571221003,0.8559898341694515,0.903538668981719,1.1028852570800027,1.1385973747821276,1.0164288784334292,0.9400179342298434,1.1350279885342316,1.0119378058532866,0.9190228252153423,1.1226592844216712,0.7990945796832023,0.8153285269080826,0.9180758176131919
0.5062910999021556,0.47863746148098735,0.6577991958057207,0.709853238126008,0.511710699694609,0.7113684985376636,0.5264680774017592,0.8068511219213979,0.6500238115078376,0.7244567751459409,0.7254822273214163,0.9184944916710689,0.782125265739106,0.897060454985738,0.924263178191536,0.9121652383934931,0.787717664167579,0.8256006954051537,0.8155390269220829,1.0740289826449143,0.778679548745132,1.0710072181209498,1.0809674454494462,1.0601506273863404,1.1092725320147014,0.8468024563951092,1.060612152071421,0.9274371552303523,1.055648285651593,0.996155642707927,1.068939960397763,0.8836058792903354,1.0981140952111368,1.0631979618081837,1.1085021848240988,1.0625317368252518,1.0378510065406703,0.8656909211346436,1.0014206648595458,0.7716295356152192,0.9603254088935347,0.9162678886355717
-0.3451547466739567,-0.3763780412397396,-0.3413867374667088,-0.3881815977930664,-0.26948781817139833,-0.39634061532562104,-0.33529867297055255,-0.22980910287201517,-0.25454231163331936,-0.3676414025051612,-0.2978436709447185,-0.3096211816062061,-0.3488975709603539,-0.2636493466760877,-0.3779507907647046,-0.42004220928645986,-0.26601252783794044,-0.32849614548184275,-0.2678076885092585,-0.28712538932446185,-0.3560863557178309,-0.260924872537863,-0.2555319534129258,-0.30448098203837815,-0.2791380075266143,-0.3931581857396141,-0.3792370471529363,-0.24105615512082107,-0.29703408154190725,-0.22548156827148652,-0.24939509394501275,-0.31935634582294176,-0.2659398835840565,-0.2315040908684955,-0.2852164198694162,-0.39792645384541586,-0.35903357170157785,-0.2674020356357973,-0.3998792908392313,-0.4156594028497373,-0.39306300369768377,-0.39907780236254486
-0.16604052656659932,0.04313554021195871,-0.328841360759692,-0.015354699814849942,-0.10863182306921178,-0.4463570894773383,-0.40964552836172596,-0.5388825556859126,-0.5143657640759426,-0.7885380752881224,-0.5112467276820011,-0.7161448620517813,-0.5733463378190821,-0.7041373877555319,-0.6009077128442749,-0.6872784553816401,-0.6176835966929626,-0.881406482727198,-0.6000337870484193,-0.8759512270160469,-0.8585520474958097,-0.7848199302357043,-0.8578848413489075,-0.6647390204340172,-0.5862406570744029,-0.5836120083849436,-0.3232153543895667,-0.41095478629859644,-0.5075799430208949,-0.532831308200166,-0.14965963908258653,-0.21445248533298147,-0.40389247159228747,-0.30932208828315216,0.055776256319511684,-0.02315277586296261,0.02912830819069852,-0.11050320015955843,0.0026022453108946486,0.09732386678334679,0.31828290660204817,0.08749964326694507
-0.04432479202615693,0.1520402949322082,-0.2361150928854191,-0.29573428859377887,-0.09429271343156162,-0.19399655787546516,-0.3082151750239013,-0.27787709294924373,-0.48688492461843125,-0.7116435534859962,-0.7898269916525354,-0.7501665586649824,-0.7886154346865172,-0.5830736901153603,-0.801961063617479,-0.6215681081948172,-0.7244856664011942,-0.8676382377558964,-0.653101258009614,-0.6629784216269263,-0.9182314414086078,-0.5869970399645079,-0.402691433993313,-0.6606242457583554,-0.5798675853721291,-0.4172436016884292,-0.6064113706561577,-0.4556467185499855,-0.21923810746579095,-0.480276312226617,-0.2552879858126116,-0.09487877919950467,-0.20579708290631174,-0.07131268119259508,0.032113336339531035,-0.15066855197893916,-0.07370025449389384,0.19748788635359166,0.015274289872429262,0.10366933984732679,0.19078686546942808,0.15724779866522517
-0.04883182389130498,0.008012173478607918,-0.2720017201757176,-0.4497122099788349,-0.058936850962584345,-0.6463416868012767,-0.3815761556867315,-0.6541221232868134,-0.6922337356246857,-0.34472333391369303,-0.7919757524008028,-0.4288182872130189,-0.5336226108820656,-0.5606922176632444,-0.9095116035639588,-0.9142652961283446,-0.5320697943834023,-0.6575613742665936,-0.9026409802483162,-0.7861812389622932,-0.6373453181635356,-0.7949446270807067,-0.4648115731538661,-0.4981306868636824,-0.7033051872864475,-0.42202671079386284,-0.2659670164822109,-0.5081944850481734,-0.3359116300846097,-0.39611752147213375,-0.30294301239922555,-0.27515920507764696,-0.05822125375013549,-0.3385570434840538,-0.2156274696814532,-0.2113114698815066,0.03839593272833643,0.07731330915100856,0.18434586721800206,0.1353507265158237,0.04404450821622241,0.12877270616516026
-0.24050633060530918,-0.36290124532638635,-0.3698535364055446,-0.18373913309790796,-0.1949882982154885,-0.25232585133318947,-0.18666373250109017,-0.21910571101512405,-0.2941928522368175,-0.36049240246494113,-0.2793460598854883,-0.31766631263167,-0.2989501716095612,-0.352146788314346,-0.18085339732087907,-0.30630250113061913,-0.2732991096748732,-0.19308454396853722,-0.34127561671770074,-0.33574046300888283,-0.28348253386352873,-0.18005857913854276,-0.3258394351830874,-0.3404424085554872,-0.21837387000730935,-0.22956887513176477,-0.20716844469935367,-0.2406837030080602,-0.3582356004388485,-0.3039797877854954,-0.22175035455822342,-0.334501330469009,-0.18296926802000923,-0.2686765304227135,-0.2842317242177096,-0.3192671678777146,-0.22536167724477607,-0.2851748590711581,-0.24951845084569296,-0.3123146949051491,-0.2072574993623063,-0.3704199161861041
-0.3036012798178632,0.09959043295376217,-0.2650893918618145,-0.33870215713203894,-0.39097852090131,-0.5022501430927105,-0.3053839026509904,-0.5719809307898861,-1.0793293033691913,-0.8120439440218824,-1.0585421045174348,-1.1540957761085415,-1.1592079122502401,-0.9562435804078567,-1.161016025873932,-1.0431175646876527,-1.079069596740813,-1.189710871843803,-1.0885009912231398,-1.3738241462901564,-1.6643503622312068,-1.4188747991716115,-0.8634907382300688,-1.2600717354814486,-1.0698907100259547,-0.6686244935624558,-0.9808439141160413,-0.7554385540778595,-1.1195284850749627,-0.4043819101634705,-0.8408489398938036,-0.3043389891013966,-0.7191695110074638,-0.8361702891373943,0.12005205931968665,-0.13954207531,-0.3425513418432174,-0.0954766408467549,0.017913199169143676,0.7272388961005652,0.8125925249804761,1.0189717797275617
-0.21419170756050007,0.005793331832177817,0.11465535440671562,-0.5694169153193427,-0.4587781937210458,-0.23599771311149978,-0.8737127173655339,-0.5602993149653027,-0.917820794590747,-0.8805444257327711,-0.7168777975223287,-0.7414623719928509,-1.3245310648737354,-1.369078871541391,-1.2323001006123409,-1.11217029262979,-1.5309857623155734,-1.3578356328677015,-1.02076198319325,-1.0902071827950246,-1.6512562550492802,-0.9190493778332183,-1.3988424339078245,-1.4253360848162795,-0.7375850847318801,-0.7023773095949088,-1.4645370947188612,-1.1947028743137518,-0.8880015182495196,-0.9726297983265935,-1.1191961992145292,-0.15015503708655448,-0.49535904029616745,-0.46571410027287824,-0.20810210309551258,0.14353411391445028,0.42874001076723645,0.001986531291811833,-0.1584838346714635,0.7410425058190847,0.5716716583433952,0.5483999674192801
-0.2734462791173081,0.04969164869445666,-0.03271541223266431,-0.0662597456705788,-0.36354773413980074,-0.3120373689452692,-0.7661619533554742,-0.8873412736660446,-1.078935211246207,-1.1553018109876452,-1.2020113300725144,-0.7209282257253867,-1.3644017597141331,-0.7648905883021024,-1.05740308396846,-0.9986275796220472,-1.516635068484422,-1.389712193198735,-1.1586836143816264,-1.5305088444115638,-1.0202614138585298,-0.854816362600799,-1.4092691716014898,-1.4146480306649885,-1.0950396154670468,-1.3314689578547225,-0.8100618153362581,-1.4028336930568415,-1.292441587004184,-0.9018932118432105,-0.8506322179451796,-0.5107548106805497,-0.9493558634779523,-0.05777948690928916,0.18446728254452519,-0.3516186415252531,0.005411960377290291,0.40636573185489855,0.4559786973710755,0.4393823857597887,0.8823175493962319,0.245898027268928
-0.11797132586757245,-0.30479196237692424,-0.39660520773103597,-0.09993979545484895,-0.4719376561331702,-0.6507103024848541,-0.4363611532379195,-0.4050389424056405,-0.785632379551201,-0.8338985112984445,-0.6891894220350595,-0.8484588403356851,-1.0363136289405492,-0.7230824657931544,-0.8671643215558879,-0.7807132906766593,-1.2069375075343967,-0.9434150818025895,-1.3007426231800234,-0.8935406290598628,-1.346534976182524,-1.2141447684148805,-1.1214416175144404,-1.3249812265331895,-0.8907763128075132,-1.2520093923981828,-1.2572611283921233,-0.5851468782732264,-1.1853466686836174,-0.8472730295363156,-0.8505596087343034,-0.5644459323149411,-0.8144821768928524,0.023500786966038162,-0.26922987535392207,-0.2007278403665006,-0.06338837874623945,0.10936152970673425,0.4654336823495215,0.09013498937498148,0.8487532744775096,1.0522992224075862
