gfs-wave-data.json
{"header": {"parameterCategory":2,"parameterNumber":2,"dx":2.5,"dy":2.5,"nx":144,"ny":73,"la1":90.0,"la2":-90.0,"lo1":0.0,"lo2":357.5}, "data":
[rows 19 to 37 of 73, columns 84 to 125 of 144]
-0.012148978997148513,-0.0013609027838833423,-0.009758010106175602,-0.0177620697150333,0.003190565970219868,0.01653165862646408,0.031135892957294114,0.008085652431066154,-0.00044090625691730554,-0.0025816154621831865,0.005142466175598012,-0.01342376235880558,0.0025375996930478767,0.014537765486952943,0.029757409742049323,0.009446636704630838,0.01294073177367382,0.00200573698171215,0.006389157984618423,0.022388669071897058,0.008358502923143605,-0.002871131009638877,-0.0039031336464806893,0.029740120990279482,0.0025411123683850892,0.02569862033116703,-0.003616732543327461,-0.002331704089216318,0.01966309465024009,0.006479302991107938,0.009250062233100282,-0.009222960367332528,-0.008085391737198274,-0.00020286967883877816,0.025614162625268125,0.02183828144904141,-0.005735165384043369,1.286679876190006,1.1629768210792795,1.3728066753039336,1.3430496701656571,1.5235464969072543
0.0030033138761221536,0.001221211111615101,0.009071862383773048,-0.013161914375096173,-0.012600524597010098,0.007404076439164858,-0.019055403357874628,0.026066551557800882,0.009596409866393839,0.002076517919074907,-0.027531119258370044,0.00297609169018848,0.0041619652841927875,0.013009417915379568,-0.004442400077192427,0.018727021548027956,-0.0038348864707622513,-0.0009938265209161203,-0.003130264942406083,-0.008568878646724567,0.006950800600833776,-0.0018671682388522843,-0.009078789978055307,-0.008062265854518412,0.022630309482568105,0.011118913336143826,0.00618279745793255,-0.014462958346052915,0.0038779797745443914,-0.001090622633844468,0.016910146715917465,0.0014754339139752513,-0.0019231873267508358,-0.000923102337101017,0.022413238259561593,0.000687469805381819,0.004236352183058339,-0.009469709732992491,-0.0003439723733821163,0.00013300279207300187,0.00435585745516309,-0.02475443758915923
0.7606228168043122,0.8266751970692867,0.6949521345183717,0.7025480280615392,0.6673773603836417,0.7083286255008713,0.6886951112358577,0.6695275863436936,0.6720332475756043,0.528417571079271,0.6133306491557883,0.6156757610133248,0.6294425519099756,0.6669997247745911,0.6264341034465221,0.6616712693969,0.5773403697100585,0.6916886100103229,0.6750120192081364,0.7361518561652447,0.7442171293825525,0.6410168808978028,0.8544344364034383,0.7296660425629748,0.8036432301978462,0.8862090590971118,0.9128544141149707,0.818391375635792,0.8626563116014099,0.9816331721139226,0.9552936082829704,0.8309712392029216,0.952029892826804,1.0084785687154936,0.9283094056572087,0.9351031763512695,1.0511034267716224,0.9634020720094142,1.1324384505747989,0.9698383287703144,1.0531193590681205,0.962856565677272
0.8351239949597413,0.6346396486736876,0.6104167103846828,0.6155165388081847,0.6239482584701522,0.7236775262265024,0.7716031626511505,0.657072328402145,0.722560594624579,0.48820698886935937,0.5849294445967734,0.5151557123195106,0.5445274962322937,0.5939716213540654,0.6260207166846293,0.6274753760653445,0.6706621124591112,0.6844420289646896,0.5948562673626737,0.7627638065501002,0.7467221854928984,0.7481842373230645,0.803567956135124,0.72307249731265,0.7441609872990075,0.8327559398869876,0.7386499297444983,0.9263495623282982,0.8372871038124062,0.7646290930670494,0.915927853660657,0.9775520167957121,0.9811446658561893,0.9864405477729249,0.8749056747190329,0.9656776060385637,1.0364516811063818,0.9173363370417226,0.9140832096957018,1.1041093009710647,1.0886713722727952,1.1234158669254894
0.7055985500836687,0.6678917723441038,0.7451219812903078,0.7087810039250624,0.6135850897759761,0.6497276575731455,0.7378813256733813,0.7481808567107714,0.6609028169458602,0.5228295375636066,0.6520079596880851,0.5756398555497468,0.6579505693216228,0.7660364400945366,0.6008011678397531,0.6743949247608756,0.6159639631546009,0.6105033685821758,0.6738387420662029,0.620727988025834,0.8064701813208277,0.7302965340694189,0.6895918705793722,0.8118919348392801,0.861133658233283,0.9213123958790156,0.8980588408307052,0.9022438128387009,0.8351948940431005,0.8990661753146904,0.8187184677274756,0.8524527429263894,0.88453511177692,0.889750986994688,1.1107710326132552,0.94802478282116,0.9977339066041052,0.895233653756563,0.8897137922008026,1.1890018963177122,0.9539343366912434,1.0675135263219782
-0.0009088303192416554,0.009706444299040402,-0.009024943638454724,0.010429779708511625,0.0056717694846307445,-0.0036459954733043753,-0.0073405219609122075,-0.007208387001130585,-0.018755353633620058,-0.006412620334209804,0.016130934624054676,-0.018350211131106353,-0.02878395335008424,-0.001661984151125262,0.0010507041679478253,-0.0023498664511944945,0.004460324724155719,-0.009465439740171224,-0.00652605202609562,-0.003396668914279083,-0.014800132574280573,0.0032981378824684378,0.01197876085308362,0.0037449342463337153,0.007266872456947494,-0.0035522132778413123,-0.0018758413378719093,-0.011776959256577879,-0.015760982849693576,0.006550586332350019,-0.0003270602097693875,-0.0006189723226201455,0.0014656735648495962,-0.03359121597179178,0.00826119280151453,-0.002601927496431045,0.002156929225750679,-0.00620167988864309,-0.00386105130956294,-0.011006431840505636,0.006044010763662848,0.0068956109313510995
-0.6482415443969745,-0.7766113427642897,-0.7631338023387255,-0.718091093576904,-0.7170328658914568,-0.7235858714241438,-0.5939149699153952,-0.7580480101837646,-0.5335937455777459,-0.6997481907369284,-0.671916886040126,-0.6172220890180748,-0.5346172901557565,-0.4120808631245406,-0.5888483830837348,-0.3976360101060512,-0.4900401420866159,-0.415403598907462,-0.42641436101477925,-0.38708305129855175,-0.5428433433775172,-0.4348767706467668,-0.5269606250149355,-0.4058596879877415,-0.38283078028092216,-0.479758212906886,-0.3172972759719866,-0.4292087641414925,-0.40342204452788044,-0.34316027292434165,-0.5397913351334794,-0.394154832166202,-0.283537077978853,-0.4071644183246387,-0.5268996821530835,-0.49063872086375054,-0.2811737811593312,-0.41595270925127453,-0.42904093767272006,-0.38728689347297884,-0.4783258263631648,-0.33701194589434913
-0.770354697636971,-0.8034344080883178,-0.8302673707716198,-0.6688079069049001,-0.8076931361727433,-0.6985391703596511,-0.747887745780083,-0.6617950261651435,-0.6008460338427221,-0.512448892677676,-0.5586741549652664,-0.49475432077473824,-0.6342481355289391,-0.5488890961715831,-0.5572827663011978,-0.4943809085218374,-0.5788134197087589,-0.5417953704796199,-0.6555151842155919,-0.4071313035422907,-0.5174381463105524,-0.524763394381649,-0.4175646287904901,-0.33539546156049577,-0.46905494916939305,-0.5296429975203392,-0.4008574088375323,-0.41185732759879834,-0.36070071845048973,-0.5238785136460332,-0.3905340322196425,-0.35469582588305254,-0.45992322621750603,-0.441642102530297,-0.36226814471141666,-0.4260999275752467,-0.43799324732523487,-0.29815321129558986,-0.4836420558790752,-0.34048284564427544,-0.3911556639910691,-0.3902602835516248
-0.7951151323217273,-0.8775083396205552,-0.744722242591933,-0.876735771542627,-0.6883463916913796,-0.8143566325213129,-0.7379416820874699,-0.682699802913849,-0.7561128604495424,-0.6105441966803522,-0.6294727676063157,-0.6360577676820142,-0.5927103990758987,-0.5660700946955599,-0.5066885923574934,-0.561847611190745,-0.4243201572609621,-0.6063536414211204,-0.568795103275042,-0.5763051346943573,-0.5503934903311766,-0.40384509929517237,-0.5374953358419073,-0.36450172737657177,-0.44372950763453767,-0.4312909512722459,-0.46506773284637665,-0.5108354401277116,-0.3799397507786264,-0.43184613793127524,-0.5406654759068307,-0.35925634718800814,-0.41208104194418427,-0.36507119686324074,-0.4088983000905262,-0.37309367226712387,-0.3666584578164037,-0.3842771352171415,-0.5422360719462761,-0.38867980343044095,-0.49773211564424763,-0.4034069928692222
-0.6564151297157237,-0.8526679471640678,-0.6493033281534302,-0.7759915480232183,-0.8617634080145676,-0.7434325988275143,-0.7001814765833464,-0.5248415472055092,-0.6804104511932417,-0.5105019415196624,-0.7746376998605083,-0.47455325433396445,-0.5719364061504528,-0.5967097417794605,-0.6245854394721446,-0.4014365862523101,-0.507619428772407,-0.5387537357795763,-0.48219430414436776,-0.6258542926171284,-0.650025686128369,-0.5113255197742396,-0.4840928148073498,-0.4151297873550857,-0.4050081655399083,-0.4860569298093666,-0.43660087230243233,-0.3512163465269,-0.428888694808137,-0.40636806412235754,-0.41477374098289665,-0.46148254381127585,-0.47180091702868715,-0.3446521125124227,-0.38738167250370426,-0.42607743658354086,-0.4902678981579408,-0.44858453534188986,-0.4200283574578443,-0.45603066630157496,-0.4843135567382873,-0.481556584078909
-0.779657183541838,-0.9133254535951825,-0.8188662225083205,-0.7766262095142088,-0.8118272318067543,-0.8214260670366402,-0.7564105074364297,-0.6726067961773964,-0.6681882882017348,-0.7782759207635724,-0.5810488581260748,-0.5527478486756807,-0.4334065932937718,-0.5797875687824012,-0.6627682737208017,-0.4522506572058852,-0.4677917035061725,-0.561657405860934,-0.4230598452828408,-0.5612161140329567,-0.5423372360143611,-0.42637411939327813,-0.4192224738134417,-0.355255010562044,-0.36815939318096574,-0.4689867573269046,-0.4794170315874094,-0.4161285362099273,-0.4001096829053853,-0.46417954420374613,-0.3932769025544179,-0.4574013173399604,-0.35421228579070174,-0.3704948197197434,-0.3796373542942882,-0.4350957409693535,-0.4045820040031393,-0.33917547933627556,-0.48539054955683303,-0.46536032760656254,-0.5326842956857493,-0.425861926912352
-0.011272059114914657,0.018589352542179166,-0.014487039134040652,0.014349918469531226,0.016101507867664094,-0.018405764910782867,-0.00846182079143804,0.0077773647227713525,-0.006135187889695886,-0.022176978775916317,0.010034134715144857,-0.021390691565809503,0.009854485572299447,0.0142422100577913,0.009933065086221656,0.014795146227720173,-0.006068746884543054,-0.022209979234514007,0.010781237372201899,0.023407406873936026,0.009789230916510265,0.0008064478033801248,-0.018228416281967825,-0.0044377115361950515,-0.021888020972609418,0.0020564108205169363,-0.00019358953930534908,-0.02482980756234025,0.0049209862599876725,0.010758462056536244,-0.005194632693551317,0.014181537664714661,0.021489039519783856,0.03869348803356818,-0.024365949219694597,-0.009612267394114632,0.015018631944250313,0.0033884942805424687,-0.008563627326185607,-0.02576903918297347,-0.0021861795458895743,-0.012091556476439428
-0.6627326107837591,-0.4659862351859981,-0.505299195150338,-0.5803267174665555,-0.7012943323349845,-0.8345405326135857,-0.8861388690707463,-0.7661875087706677,-0.9464221739665876,-0.9595653410327976,-0.9281849570021976,-0.9277939814435568,-1.044665445939198,-0.8568969539400488,-0.8596037309041097,-0.9183541441496428,-0.64693973334984,-0.7439352654936461,-0.5882813774986481,-0.5368715591263882,-0.3828366574132789,-0.44365022804005205,-0.4462707311243044,-0.33521327411713064,-0.3779023661981359,-0.21166433550872693,-0.2032979668058102,-0.237308060560368,-0.31662388021776,-0.31108574123410093,-0.4301322960891784,-0.33487614099780816,-0.3950579196306057,-0.3180394385539104,-0.2949367218928507,-0.27681893399341906,-0.31332106163266554,-0.2661839791514708,-0.2827845079456934,-0.18210566390278016,-0.21852231814033363,-0.1633143993710698
-0.5977950733327959,-0.6203653804713676,-0.46746784527339713,-0.7068672798939042,-0.668996048867712,-0.6485977679210302,-0.7143718361896858,-0.9053651637035262,-0.896867328825155,-0.9590591940081814,-1.0818684622874366,-0.9956255296246658,-0.9031590734564603,-0.983970433712057,-0.9164078851881606,-0.7896007890835015,-0.7350168759825945,-0.6482964349078416,-0.6269015742024963,-0.505494395576127,-0.4195536689635333,-0.5511177763099632,-0.2987432596162687,-0.36194167995696197,-0.3004429999007963,-0.32347479147224595,-0.3096172646763998,-0.2879734542545679,-0.3230132367574285,-0.34553609957583575,-0.4289752514286891,-0.3440733089269871,-0.2903592358564018,-0.3850708250326226,-0.4098489917412781,-0.2945056931580203,-0.29021064854737855,-0.2030704576700077,-0.2480559426694736,-0.3210430689897635,-0.16052422388338777,-0.22908279747409063
-0.5703035616696049,-0.6632939083152654,-0.543627395608831,-0.5007958200905023,-0.556201215788454,-0.5947564257425461,-0.6891439483202937,-0.7779420879214968,-0.8787518336624536,-1.0013462055284459,-1.029999122386795,-1.1153135460091854,-0.9512958308595476,-1.051842000733279,-0.8039595800719864,-0.9292994457495025,-0.6957655793774655,-0.732986111172668,-0.5140873580910006,-0.6398866033911963,-0.5210873156955774,-0.528242055991535,-0.4430568229339735,-0.32716730860386994,-0.4431830628297013,-0.4098283613373586,-0.447652695803201,-0.3196522596803612,-0.21775618367440042,-0.35452053280277634,-0.3257442649316396,-0.34772320068108503,-0.4152937481729014,-0.40492686040493114,-0.3043245368345744,-0.34691915494991155,-0.4171312679730825,-0.3577437685706571,-0.29677317858913405,-0.3405695099712771,-0.22142683915581207,-0.19828329196135897
-0.5816967361818027,-0.45293334091017023,-0.4795409152729964,-0.6233422883946341,-0.6106629103820781,-0.8234335254646263,-0.7764086825534533,-0.9235545802890331,-1.0336698793664518,-1.113814848757873,-1.0013764114729862,-1.10955442341472,-1.060652866259863,-1.0200892500145655,-0.9851754280065708,-0.8452562794212517,-0.6964064546653397,-0.6632428031424638,-0.5440964231078497,-0.5283650862112212,-0.5244917476526667,-0.5812540320883276,-0.4162093575114107,-0.42789480779887584,-0.2963035914629305,-0.39981820037534455,-0.4178176018280488,-0.4164775092180582,-0.2324540585110909,-0.4065530833838136,-0.4444965748424169,-0.36543051085486405,-0.3916755774226448,-0.3715881344671204,-0.4344856051898581,-0.42762586173506595,-0.2669934330975919,-0.4050917587154035,-0.3541796577592531,-0.28889068346794045,-0.25697578872296584,-0.30042642503100636
-0.48186940945849777,-0.4821981291970848,-0.6511604972809595,-0.7109554919221636,-0.7206351963813882,-0.7610034187208812,-0.9182610606905797,-0.9692266466183332,-0.9025287562670427,-0.9707655768477609,-1.0411556270277649,-1.1457643825721988,-0.9443881586408771,-1.0325158353280728,-1.0340180738354887,-0.837542833560183,-0.8644767307834381,-0.763176970739681,-0.5149056602331264,-0.4748915861477153,-0.4612435453101464,-0.4697487450398583,-0.5448068253276859,-0.3931329652371156,-0.2630179142919132,-0.3679001302556494,-0.26293439780790434,-0.3202428606443866,-0.2358082499231852,-0.3174913202421942,-0.3550821273684697,-0.47383354537053474,-0.332875510284836,-0.44521670205081404,-0.3458937764271168,-0.26931751317468033,-0.2859140766197986,-0.3242716341970878,-0.32991047759722514,-0.2479838340859015,-0.26839550979926136,-0.3073440936508833
-0.5867529148264556,-0.6110327327026731,-0.4798163796977088,-0.6059005696810512,-0.5447691440606669,-0.8733137679527179,-0.7758270778884,-0.9330687106053339,-0.7930164970474548,-0.9006361455080256,-1.096125887571476,-1.0096529521483613,-1.0928986141604373,-1.1071919254160467,-0.97213068219473,-0.8641033834749863,-0.7980467536011178,-0.7503889604219691,-0.8013179992146141,-0.677958945068747,-0.45091765317846694,-0.42600288486431237,-0.40889075155896,-0.49645635631975277,-0.2663650767346215,-0.3371316297502838,-0.3292440433980605,-0.3437897160602172,-0.40114259975999517,-0.2914131433163566,-0.3826290950835903,-0.2806284242232586,-0.4383588863900815,-0.49741284911520584,-0.3579814266713849,-0.46802170381666486,-0.3287385729626729,-0.4255935497268063,-0.30208747303247596,-0.2125059978554104,-0.3394940450183529,-0.19819818577043885
-0.48503512145672706,-0.5087734799997132,-0.48471767992284004,-0.7223902166009404,-0.6981538175997716,-0.6965061204415831,-0.7220783490039354,-0.940781139034442,-1.029245892614781,-0.9084114456966246,-0.9868131763443194,-1.0956748461287984,-1.0268963214066062,-1.0298156474626743,-1.0062975241842054,-0.8577721756466009,-0.9718945018716146,-0.7369028159842196,-0.6378695959113728,-0.630173286610295,-0.5558126981827333,-0.34282898769730946,-0.3142723209596088,-0.3650333623835627,-0.26867665877514846,-0.3663096522124775,-0.3094804495419294,-0.2922459127948741,-0.41759526169649885,-0.28905641682401767,-0.4306905227705084,-0.3466241595805834,-0.45803335508933984,-0.4141499562459995,-0.37353239962588236,-0.43364142491530316,-0.43606386280098036,-0.3767526379639363,-0.3240752180179272,-0.38094022341305916,-0.22391267726548889,-0.24737296415482485
