gfs-wave-data.json
{"header": {"parameterCategory":2,"parameterNumber":3,"dx":2.5,"dy":2.5,"nx":144,"ny":73,"la1":90.0,"la2":-90.0,"lo1":0.0,"lo2":357.5}, "data":
[rows 26 to 51 of 73, columns 0 to 57 of 144]
-0.0,-0.0,-0.0,-0.0,-0.0,-0.0,-0.0,-0.0,-0.0,-0.0,-0.0,-0.0,-0.0,-0.0,-0.0,-0.0,-0.0,-0.0,-0.0,-0.018671608529944036,-0.018671608529944036,-0.018671608529944036,-0.0,-0.0,-0.0,-0.0,-0.0,-0.0,-0.0,-0.0,-0.0,-0.0,-0.0,-0.0,-0.0,-0.0,-0.0,-0.0,-0.0,-0.0,-0.0,-0.0,-0.0,-0.0,-0.0,-0.0,-0.0,-0.0,-0.0,-0.0,-0.0,-1.1755097437482598,-1.1755097437482598,-1.1755097437482598,1.138437669620214,1.138437669620214,1.138437669620214,1.138437669620214
-0.0,-0.0,-0.0,-0.0,-0.0,-0.0,-0.0,-0.0,-0.0,-0.0,-0.0,-0.0,-0.0,-0.0,0.22985989021439204,0.22985989021439204,0.22985989021439204,0.22985989021439204,0.22985989021439204,-0.0,-0.0,-0.0,0.35708319589864523,0.35708319589864523,0.35708319589864523,0.35708319589864523,0.35708319589864523,0.39847787923669825,0.39847787923669825,0.39847787923669825,-0.0,-0.0,-0.0,-0.0,-0.0,0.6139662026197736,0.6139662026197736,0.6139662026197736,-0.0,-0.0,-0.0,-0.0,-0.0,-0.08834644651028975,-0.08834644651028975,-0.08834644651028975,-1.1948351268577653,-1.1948351268577653,-1.1948351268577653,-1.1948351268577653,-1.1948351268577653,1.9231756785842355,1.9231756785842355,1.9231756785842355,-0.5431162686000902,-0.5431162686000902,-0.5431162686000902,-0.5431162686000902
-0.0,-0.0,-0.0,-0.0,-0.0,-0.0,-0.0,-0.0,-0.0,-0.0,-0.0,-0.0,-0.0,-0.0,0.22985989021439204,0.22985989021439204,0.22985989021439204,0.22985989021439204,0.22985989021439204,-0.0,-0.0,-0.0,0.35708319589864523,0.35708319589864523,0.35708319589864523,0.35708319589864523,0.35708319589864523,0.39847787923669825,0.39847787923669825,0.39847787923669825,-0.0,-0.0,-0.0,-0.0,-0.0,0.6139662026197736,0.6139662026197736,0.6139662026197736,-0.0,-0.0,-0.0,-0.0,-0.0,-0.08834644651028975,-0.08834644651028975,-0.08834644651028975,-1.1948351268577653,-1.1948351268577653,-1.1948351268577653,-1.1948351268577653,-1.1948351268577653,1.9231756785842355,1.9231756785842355,1.9231756785842355,-0.5431162686000902,-0.5431162686000902,-0.5431162686000902,-0.5431162686000902
-0.0,-0.0,-0.0,-0.0,-0.0,-0.0,-0.0,-0.0,-0.0,-0.0,-0.0,-0.0,-0.0,-0.0,0.22985989021439204,0.22985989021439204,0.22985989021439204,0.22985989021439204,0.22985989021439204,-0.0,-0.0,-0.0,0.35708319589864523,0.35708319589864523,0.35708319589864523,0.35708319589864523,0.35708319589864523,0.39847787923669825,0.39847787923669825,0.39847787923669825,-0.0,-0.0,-0.0,-0.0,-0.0,0.6139662026197736,0.6139662026197736,0.6139662026197736,-0.0,-0.0,-0.0,-0.0,-0.0,-0.08834644651028975,-0.08834644651028975,-0.08834644651028975,-1.1948351268577653,-1.1948351268577653,-1.1948351268577653,-1.1948351268577653,-1.1948351268577653,1.9231756785842355,1.9231756785842355,1.9231756785842355,-0.5431162686000902,-0.5431162686000902,-0.5431162686000902,-0.5431162686000902
-0.0,-0.0,-0.0,-0.0,-0.0,-0.0,-0.0,-0.0,-0.0,-0.0,-0.0,-0.0,-0.0,-0.0,-0.0,-0.0,-0.0,-0.0,-0.0,-0.0,-0.0,-0.0,0.398775426296126,0.398775426296126,0.398775426296126,0.398775426296126,0.398775426296126,0.36994364720786477,0.36994364720786477,0.36994364720786477,-0.08426488874308757,-0.08426488874308757,-0.08426488874308757,-0.08426488874308757,-0.08426488874308757,0.7458914215262049,0.7458914215262049,0.7458914215262049,-0.022574263096700943,-0.022574263096700943,-0.022574263096700943,-0.022574263096700943,-0.022574263096700943,-0.578819864428265,-0.578819864428265,-0.578819864428265,0.5865185896537487,0.5865185896537487,0.5865185896537487,0.5865185896537487,0.5865185896537487,1.3448292413232998,1.3448292413232998,1.3448292413232998,-0.6415031431893562,-0.6415031431893562,-0.6415031431893562,-0.6415031431893562
-0.0,-0.0,-0.0,-0.0,-0.0,-0.0,-0.0,-0.0,-0.0,-0.0,-0.0,-0.0,-0.0,-0.0,-0.0,-0.0,-0.0,-0.0,-0.0,-0.0,-0.0,-0.0,0.398775426296126,0.398775426296126,0.398775426296126,0.398775426296126,0.398775426296126,0.36994364720786477,0.36994364720786477,0.36994364720786477,-0.08426488874308757,-0.08426488874308757,-0.08426488874308757,-0.08426488874308757,-0.08426488874308757,0.7458914215262049,0.7458914215262049,0.7458914215262049,-0.022574263096700943,-0.022574263096700943,-0.022574263096700943,-0.022574263096700943,-0.022574263096700943,-0.578819864428265,-0.578819864428265,-0.578819864428265,0.5865185896537487,0.5865185896537487,0.5865185896537487,0.5865185896537487,0.5865185896537487,1.3448292413232998,1.3448292413232998,1.3448292413232998,-0.6415031431893562,-0.6415031431893562,-0.6415031431893562,-0.6415031431893562
-0.0,-0.0,-0.0,-0.0,-0.0,-0.0,-0.0,-0.0,-0.0,-0.0,-0.0,-0.0,-0.0,-0.0,-0.0,-0.0,-0.0,-0.0,-0.0,-0.0,-0.0,-0.0,0.398775426296126,0.398775426296126,0.398775426296126,0.398775426296126,0.398775426296126,0.36994364720786477,0.36994364720786477,0.36994364720786477,-0.08426488874308757,-0.08426488874308757,-0.08426488874308757,-0.08426488874308757,-0.08426488874308757,0.7458914215262049,0.7458914215262049,0.7458914215262049,-0.022574263096700943,-0.022574263096700943,-0.022574263096700943,-0.022574263096700943,-0.022574263096700943,-0.578819864428265,-0.578819864428265,-0.578819864428265,0.5865185896537487,0.5865185896537487,0.5865185896537487,0.5865185896537487,0.5865185896537487,1.3448292413232998,1.3448292413232998,1.3448292413232998,-0.6415031431893562,-0.6415031431893562,-0.6415031431893562,-0.6415031431893562
-0.0,-0.0,-0.0,-0.0,-0.0,-0.0,-0.0,-0.0,-0.0,-0.0,-0.0,-0.0,-0.0,-0.0,-0.0,-0.0,-0.0,-0.0,-0.0,-0.0,-0.0,-0.0,0.398775426296126,0.398775426296126,0.398775426296126,0.398775426296126,0.398775426296126,0.36994364720786477,0.36994364720786477,0.36994364720786477,-0.08426488874308757,-0.08426488874308757,-0.08426488874308757,-0.08426488874308757,-0.08426488874308757,0.7458914215262049,0.7458914215262049,0.7458914215262049,-0.022574263096700943,-0.022574263096700943,-0.022574263096700943,-0.022574263096700943,-0.022574263096700943,-0.578819864428265,-0.578819864428265,-0.578819864428265,0.5865185896537487,0.5865185896537487,0.5865185896537487,0.5865185896537487,0.5865185896537487,1.3448292413232998,1.3448292413232998,1.3448292413232998,-0.6415031431893562,-0.6415031431893562,-0.6415031431893562,-0.6415031431893562
-0.0,-0.0,-0.0,-0.0,-0.0,-0.0,-0.0,-0.0,-0.0,-0.0,-0.0,-0.0,-0.0,-0.0,-0.0,-0.0,-0.0,-0.0,-0.0,-0.0,-0.0,-0.0,0.398775426296126,0.398775426296126,0.398775426296126,0.398775426296126,0.398775426296126,0.36994364720786477,0.36994364720786477,0.36994364720786477,-0.08426488874308757,-0.08426488874308757,-0.08426488874308757,-0.08426488874308757,-0.08426488874308757,0.7458914215262049,0.7458914215262049,0.7458914215262049,-0.022574263096700943,-0.022574263096700943,-0.022574263096700943,-0.022574263096700943,-0.022574263096700943,-0.578819864428265,-0.578819864428265,-0.578819864428265,0.5865185896537487,0.5865185896537487,0.5865185896537487,0.5865185896537487,0.5865185896537487,1.3448292413232998,1.3448292413232998,1.3448292413232998,-0.6415031431893562,-0.6415031431893562,-0.6415031431893562,-0.6415031431893562
0.58,0.58,0.58,-0.0,-0.0,-0.0,-0.0,-0.0,-0.0,-0.0,-0.0,-0.0,-0.0,-0.0,-0.0,-0.0,-0.0,-0.0,-0.0,0.14976135105029204,0.14976135105029204,0.14976135105029204,0.43659319685230025,0.43659319685230025,0.43659319685230025,0.43659319685230025,0.43659319685230025,0.5497112227306918,0.5497112227306918,0.5497112227306918,0.8251936305644408,0.8251936305644408,0.8251936305644408,0.8251936305644408,0.8251936305644408,0.8833459118601273,0.8833459118601273,0.8833459118601273,-0.0,-0.0,-0.0,-0.0,-0.0,-0.0,-0.0,-0.0,0.3703650541951593,0.3703650541951593,0.3703650541951593,0.3703650541951593,0.3703650541951593,-0.47101823100977624,-0.47101823100977624,-0.47101823100977624,-0.8020810326017205,-0.8020810326017205,-0.8020810326017205,-0.8020810326017205
0.58,0.58,0.58,-0.0,-0.0,-0.0,-0.0,-0.0,-0.0,-0.0,-0.0,-0.0,-0.0,-0.0,-0.0,-0.0,-0.0,-0.0,-0.0,0.14976135105029204,0.14976135105029204,0.14976135105029204,0.43659319685230025,0.43659319685230025,0.43659319685230025,0.43659319685230025,0.43659319685230025,0.5497112227306918,0.5497112227306918,0.5497112227306918,0.8251936305644408,0.8251936305644408,0.8251936305644408,0.8251936305644408,0.8251936305644408,0.8833459118601273,0.8833459118601273,0.8833459118601273,-0.0,-0.0,-0.0,-0.0,-0.0,-0.0,-0.0,-0.0,0.3703650541951593,0.3703650541951593,0.3703650541951593,0.3703650541951593,0.3703650541951593,-0.47101823100977624,-0.47101823100977624,-0.47101823100977624,-0.8020810326017205,-0.8020810326017205,-0.8020810326017205,-0.8020810326017205
0.58,0.58,0.58,-0.0,-0.0,-0.0,-0.0,-0.0,-0.0,-0.0,-0.0,-0.0,-0.0,-0.0,-0.0,-0.0,-0.0,-0.0,-0.0,0.14976135105029204,0.14976135105029204,0.14976135105029204,0.43659319685230025,0.43659319685230025,0.43659319685230025,0.43659319685230025,0.43659319685230025,0.5497112227306918,0.5497112227306918,0.5497112227306918,0.8251936305644408,0.8251936305644408,0.8251936305644408,0.8251936305644408,0.8251936305644408,0.8833459118601273,0.8833459118601273,0.8833459118601273,-0.0,-0.0,-0.0,-0.0,-0.0,-0.0,-0.0,-0.0,0.3703650541951593,0.3703650541951593,0.3703650541951593,0.3703650541951593,0.3703650541951593,-0.47101823100977624,-0.47101823100977624,-0.47101823100977624,-0.8020810326017205,-0.8020810326017205,-0.8020810326017205,-0.8020810326017205
0.7657818594335705,0.7657818594335705,0.7657818594335705,0.5355306633392999,0.5355306633392999,0.5355306633392999,-0.0,-0.0,-0.0,-0.0,-0.0,-0.0,-0.0,-0.0,-0.015679269490148025,-0.015679269490148025,-0.015679269490148025,-0.015679269490148025,-0.015679269490148025,0.33767620170931695,0.33767620170931695,0.33767620170931695,0.49000698008484433,0.49000698008484433,0.49000698008484433,0.49000698008484433,0.49000698008484433,0.7249698933181843,0.7249698933181843,0.7249698933181843,0.7431448254773942,0.7431448254773942,0.7431448254773942,0.7431448254773942,0.7431448254773942,0.9044100030661748,0.9044100030661748,0.9044100030661748,1.0208922707855705,1.0208922707855705,1.0208922707855705,1.0208922707855705,1.0208922707855705,0.8587327301840447,0.8587327301840447,0.8587327301840447,0.5722215156175936,0.5722215156175936,0.5722215156175936,0.5722215156175936,0.5722215156175936,0.3325537971306918,0.3325537971306918,0.3325537971306918,0.10525381370018518,0.10525381370018518,0.10525381370018518,0.10525381370018518
0.7657818594335705,0.7657818594335705,0.7657818594335705,0.5355306633392999,0.5355306633392999,0.5355306633392999,-0.0,-0.0,-0.0,-0.0,-0.0,-0.0,-0.0,-0.0,-0.015679269490148025,-0.015679269490148025,-0.015679269490148025,-0.015679269490148025,-0.015679269490148025,0.33767620170931695,0.33767620170931695,0.33767620170931695,0.49000698008484433,0.49000698008484433,0.49000698008484433,0.49000698008484433,0.49000698008484433,0.7249698933181843,0.7249698933181843,0.7249698933181843,0.7431448254773942,0.7431448254773942,0.7431448254773942,0.7431448254773942,0.7431448254773942,0.9044100030661748,0.9044100030661748,0.9044100030661748,1.0208922707855705,1.0208922707855705,1.0208922707855705,1.0208922707855705,1.0208922707855705,0.8587327301840447,0.8587327301840447,0.8587327301840447,0.5722215156175936,0.5722215156175936,0.5722215156175936,0.5722215156175936,0.5722215156175936,0.3325537971306918,0.3325537971306918,0.3325537971306918,0.10525381370018518,0.10525381370018518,0.10525381370018518,0.10525381370018518
0.7657818594335705,0.7657818594335705,0.7657818594335705,0.5355306633392999,0.5355306633392999,0.5355306633392999,-0.0,-0.0,-0.0,-0.0,-0.0,-0.0,-0.0,-0.0,-0.015679269490148025,-0.015679269490148025,-0.015679269490148025,-0.015679269490148025,-0.015679269490148025,0.33767620170931695,0.33767620170931695,0.33767620170931695,0.49000698008484433,0.49000698008484433,0.49000698008484433,0.49000698008484433,0.49000698008484433,0.7249698933181843,0.7249698933181843,0.7249698933181843,0.7431448254773942,0.7431448254773942,0.7431448254773942,0.7431448254773942,0.7431448254773942,0.9044100030661748,0.9044100030661748,0.9044100030661748,1.0208922707855705,1.0208922707855705,1.0208922707855705,1.0208922707855705,1.0208922707855705,0.8587327301840447,0.8587327301840447,0.8587327301840447,0.5722215156175936,0.5722215156175936,0.5722215156175936,0.5722215156175936,0.5722215156175936,0.3325537971306918,0.3325537971306918,0.3325537971306918,0.10525381370018518,0.10525381370018518,0.10525381370018518,0.10525381370018518
0.7657818594335705,0.7657818594335705,0.7657818594335705,0.5355306633392999,0.5355306633392999,0.5355306633392999,-0.0,-0.0,-0.0,-0.0,-0.0,-0.0,-0.0,-0.0,-0.015679269490148025,-0.015679269490148025,-0.015679269490148025,-0.015679269490148025,-0.015679269490148025,0.33767620170931695,0.33767620170931695,0.33767620170931695,0.49000698008484433,0.49000698008484433,0.49000698008484433,0.49000698008484433,0.49000698008484433,0.7249698933181843,0.7249698933181843,0.7249698933181843,0.7431448254773942,0.7431448254773942,0.7431448254773942,0.7431448254773942,0.7431448254773942,0.9044100030661748,0.9044100030661748,0.9044100030661748,1.0208922707855705,1.0208922707855705,1.0208922707855705,1.0208922707855705,1.0208922707855705,0.8587327301840447,0.8587327301840447,0.8587327301840447,0.5722215156175936,0.5722215156175936,0.5722215156175936,0.5722215156175936,0.5722215156175936,0.3325537971306918,0.3325537971306918,0.3325537971306918,0.10525381370018518,0.10525381370018518,0.10525381370018518,0.10525381370018518
0.7657818594335705,0.7657818594335705,0.7657818594335705,0.5355306633392999,0.5355306633392999,0.5355306633392999,-0.0,-0.0,-0.0,-0.0,-0.0,-0.0,-0.0,-0.0,-0.015679269490148025,-0.015679269490148025,-0.015679269490148025,-0.015679269490148025,-0.015679269490148025,0.33767620170931695,0.33767620170931695,0.33767620170931695,0.49000698008484433,0.49000698008484433,0.49000698008484433,0.49000698008484433,0.49000698008484433,0.7249698933181843,0.7249698933181843,0.7249698933181843,0.7431448254773942,0.7431448254773942,0.7431448254773942,0.7431448254773942,0.7431448254773942,0.9044100030661748,0.9044100030661748,0.9044100030661748,1.0208922707855705,1.0208922707855705,1.0208922707855705,1.0208922707855705,1.0208922707855705,0.8587327301840447,0.8587327301840447,0.8587327301840447,0.5722215156175936,0.5722215156175936,0.5722215156175936,0.5722215156175936,0.5722215156175936,0.3325537971306918,0.3325537971306918,0.3325537971306918,0.10525381370018518,0.10525381370018518,0.10525381370018518,0.10525381370018518
0.8147505622615611,0.8147505622615611,0.8147505622615611,0.6992135046386676,0.6992135046386676,0.6992135046386676,-0.0,-0.0,-0.0,-0.0,-0.0,-0.0,-0.0,-0.0,0.8964204596024165,0.8964204596024165,0.8964204596024165,0.8964204596024165,0.8964204596024165,0.38761746185816043,0.38761746185816043,0.38761746185816043,0.6014032773029814,0.6014032773029814,0.6014032773029814,0.6014032773029814,0.6014032773029814,0.5868986283848344,0.5868986283848344,0.5868986283848344,0.5567313564221281,0.5567313564221281,0.5567313564221281,0.5567313564221281,0.5567313564221281,0.7170980077968173,0.7170980077968173,0.7170980077968173,1.0336618828644994,1.0336618828644994,1.0336618828644994,1.0336618828644994,1.0336618828644994,0.9799986835387564,0.9799986835387564,0.9799986835387564,-0.10092612788171858,-0.10092612788171858,-0.10092612788171858,-0.10092612788171858,-0.10092612788171858,-0.0,-0.0,-0.0,-0.0,-0.0,-0.0,-0.0
0.8147505622615611,0.8147505622615611,0.8147505622615611,0.6992135046386676,0.6992135046386676,0.6992135046386676,-0.0,-0.0,-0.0,-0.0,-0.0,-0.0,-0.0,-0.0,0.8964204596024165,0.8964204596024165,0.8964204596024165,0.8964204596024165,0.8964204596024165,0.38761746185816043,0.38761746185816043,0.38761746185816043,0.6014032773029814,0.6014032773029814,0.6014032773029814,0.6014032773029814,0.6014032773029814,0.5868986283848344,0.5868986283848344,0.5868986283848344,0.5567313564221281,0.5567313564221281,0.5567313564221281,0.5567313564221281,0.5567313564221281,0.7170980077968173,0.7170980077968173,0.7170980077968173,1.0336618828644994,1.0336618828644994,1.0336618828644994,1.0336618828644994,1.0336618828644994,0.9799986835387564,0.9799986835387564,0.9799986835387564,-0.10092612788171858,-0.10092612788171858,-0.10092612788171858,-0.10092612788171858,-0.10092612788171858,-0.0,-0.0,-0.0,-0.0,-0.0,-0.0,-0.0
0.8147505622615611,0.8147505622615611,0.8147505622615611,0.6992135046386676,0.6992135046386676,0.6992135046386676,-0.0,-0.0,-0.0,-0.0,-0.0,-0.0,-0.0,-0.0,0.8964204596024165,0.8964204596024165,0.8964204596024165,0.8964204596024165,0.8964204596024165,0.38761746185816043,0.38761746185816043,0.38761746185816043,0.6014032773029814,0.6014032773029814,0.6014032773029814,0.6014032773029814,0.6014032773029814,0.5868986283848344,0.5868986283848344,0.5868986283848344,0.5567313564221281,0.5567313564221281,0.5567313564221281,0.5567313564221281,0.5567313564221281,0.7170980077968173,0.7170980077968173,0.7170980077968173,1.0336618828644994,1.0336618828644994,1.0336618828644994,1.0336618828644994,1.0336618828644994,0.9799986835387564,0.9799986835387564,0.9799986835387564,-0.10092612788171858,-0.10092612788171858,-0.10092612788171858,-0.10092612788171858,-0.10092612788171858,-0.0,-0.0,-0.0,-0.0,-0.0,-0.0,-0.0
0.8034593968596845,0.8034593968596845,0.8034593968596845,0.91985987954388,0.91985987954388,0.91985987954388,-0.0,-0.0,-0.0,-0.0,-0.0,-0.0,-0.0,-0.0,0.8095065698854677,0.8095065698854677,0.8095065698854677,0.8095065698854677,0.8095065698854677,0.9063077870366499,0.9063077870366499,0.9063077870366499,0.8090169943749475,0.8090169943749475,0.8090169943749475,0.8090169943749475,0.8090169943749475,0.9282927836740096,0.9282927836740096,0.9282927836740096,0.6953725393815722,0.6953725393815722,0.6953725393815722,0.6953725393815722,0.6953725393815722,0.7363546620915373,0.7363546620915373,0.7363546620915373,1.041441821712565,1.041441821712565,1.041441821712565,1.041441821712565,1.041441821712565,1.6072855125388097,1.6072855125388097,1.6072855125388097,-0.0,-0.0,-0.0,-0.0,-0.0,-0.0,-0.0,-0.0,-0.0,-0.0,-0.0,-0.0
0.8034593968596845,0.8034593968596845,0.8034593968596845,0.91985987954388,0.91985987954388,0.91985987954388,-0.0,-0.0,-0.0,-0.0,-0.0,-0.0,-0.0,-0.0,0.8095065698854677,0.8095065698854677,0.8095065698854677,0.8095065698854677,0.8095065698854677,0.9063077870366499,0.9063077870366499,0.9063077870366499,0.8090169943749475,0.8090169943749475,0.8090169943749475,0.8090169943749475,0.8090169943749475,0.9282927836740096,0.9282927836740096,0.9282927836740096,0.6953725393815722,0.6953725393815722,0.6953725393815722,0.6953725393815722,0.6953725393815722,0.7363546620915373,0.7363546620915373,0.7363546620915373,1.041441821712565,1.041441821712565,1.041441821712565,1.041441821712565,1.041441821712565,1.6072855125388097,1.6072855125388097,1.6072855125388097,-0.0,-0.0,-0.0,-0.0,-0.0,-0.0,-0.0,-0.0,-0.0,-0.0,-0.0,-0.0
0.8034593968596845,0.8034593968596845,0.8034593968596845,0.91985987954388,0.91985987954388,0.91985987954388,-0.0,-0.0,-0.0,-0.0,-0.0,-0.0,-0.0,-0.0,0.8095065698854677,0.8095065698854677,0.8095065698854677,0.8095065698854677,0.8095065698854677,0.9063077870366499,0.9063077870366499,0.9063077870366499,0.8090169943749475,0.8090169943749475,0.8090169943749475,0.8090169943749475,0.8090169943749475,0.9282927836740096,0.9282927836740096,0.9282927836740096,0.6953725393815722,0.6953725393815722,0.6953725393815722,0.6953725393815722,0.6953725393815722,0.7363546620915373,0.7363546620915373,0.7363546620915373,1.041441821712565,1.041441821712565,1.041441821712565,1.041441821712565,1.041441821712565,1.6072855125388097,1.6072855125388097,1.6072855125388097,-0.0,-0.0,-0.0,-0.0,-0.0,-0.0,-0.0,-0.0,-0.0,-0.0,-0.0,-0.0
0.8034593968596845,0.8034593968596845,0.8034593968596845,0.91985987954388,0.91985987954388,0.91985987954388,-0.0,-0.0,-0.0,-0.0,-0.0,-0.0,-0.0,-0.0,0.8095065698854677,0.8095065698854677,0.8095065698854677,0.8095065698854677,0.8095065698854677,0.9063077870366499,0.9063077870366499,0.9063077870366499,0.8090169943749475,0.8090169943749475,0.8090169943749475,0.8090169943749475,0.8090169943749475,0.9282927836740096,0.9282927836740096,0.9282927836740096,0.6953725393815722,0.6953725393815722,0.6953725393815722,0.6953725393815722,0.6953725393815722,0.7363546620915373,0.7363546620915373,0.7363546620915373,1.041441821712565,1.041441821712565,1.041441821712565,1.041441821712565,1.041441821712565,1.6072855125388097,1.6072855125388097,1.6072855125388097,-0.0,-0.0,-0.0,-0.0,-0.0,-0.0,-0.0,-0.0,-0.0,-0.0,-0.0,-0.0
0.8034593968596845,0.8034593968596845,0.8034593968596845,0.91985987954388,0.91985987954388,0.91985987954388,-0.0,-0.0,-0.0,-0.0,-0.0,-0.0,-0.0,-0.0,0.8095065698854677,0.8095065698854677,0.8095065698854677,0.8095065698854677,0.8095065698854677,0.9063077870366499,0.9063077870366499,0.9063077870366499,0.8090169943749475,0.8090169943749475,0.8090169943749475,0.8090169943749475,0.8090169943749475,0.9282927836740096,0.9282927836740096,0.9282927836740096,0.6953725393815722,0.6953725393815722,0.6953725393815722,0.6953725393815722,0.6953725393815722,0.7363546620915373,0.7363546620915373,0.7363546620915373,1.041441821712565,1.041441821712565,1.041441821712565,1.041441821712565,1.041441821712565,1.6072855125388097,1.6072855125388097,1.6072855125388097,-0.0,-0.0,-0.0,-0.0,-0.0,-0.0,-0.0,-0.0,-0.0,-0.0,-0.0,-0.0
-0.11670918242176476,-0.11670918242176476,-0.11670918242176476,-0.9619946397787107,-0.9619946397787107,-0.9619946397787107,-0.7347315653655913,-0.7347315653655913,-0.7347315653655913,-0.7347315653655913,-0.7347315653655913,1.4332012825043599,1.4332012825043599,1.4332012825043599,2.1651458537777337,2.1651458537777337,2.1651458537777337,2.1651458537777337,2.1651458537777337,2.4313042966064904,2.4313042966064904,2.4313042966064904,0.7572427152318882,0.7572427152318882,0.7572427152318882,0.7572427152318882,0.7572427152318882,-0.9999744287339474,-0.9999744287339474,-0.9999744287339474,-0.16908214093045684,-0.16908214093045684,-0.16908214093045684,-0.16908214093045684,-0.16908214093045684,-0.693277756952262,-0.693277756952262,-0.693277756952262,0.5412155363028601,0.5412155363028601,0.5412155363028601,0.5412155363028601,0.5412155363028601,0.872217390663241,0.872217390663241,0.872217390663241,1.1279039678880465,1.1279039678880465,1.1279039678880465,1.1279039678880465,1.1279039678880465,1.166737375999509,1.166737375999509,1.166737375999509,0.8387441139231417,0.8387441139231417,0.8387441139231417,0.8387441139231417
