gfs-wave-data.json
{"header": {"parameterCategory":2,"parameterNumber":2,"dx":2.5,"dy":2.5,"nx":144,"ny":73,"la1":90.0,"la2":-90.0,"lo1":0.0,"lo2":357.5}, "data":
[rows 36 to 53 of 73, columns 42 to 83 of 144]
-0.3780717895023289,-0.4707867997022209,-0.4094636595400117,-0.4515184288613578,-0.5711911584930609,-0.43136653527206437,-0.5171856000452346,-0.42182118305863237,-0.32535163427859354,-0.42274059919364343,-0.293122060706899,-0.32268618710935104,-0.26013190556151755,-0.37081688501077453,-0.3023571465152321,-0.23642108998022293,-0.23508537893930886,-0.28065669555688755,-0.2783410005069485,-0.23587279384302795,-0.22853614561087116,-0.24142474383774726,-0.4016973299726771,-0.402645213744198,-0.4107575549356217,-0.5843072339509439,-0.5783603250572743,-0.6642645646930172,-0.7086290435484357,-0.6962798285233491,-0.7978389946365878,-0.7778646987335114,-0.7918345762470516,-0.75429327777249,-0.7232330296720124,-0.6436512701775282,-0.5936878287642691,-0.8653189291574471,-0.7451658160992496,-0.7842873104530259,-0.7313186034120451,-0.6221854610096108
-0.5476366390672263,-0.515558799042415,-0.41527572661793377,-0.42932057037189675,-0.47339563789651373,-0.47276065777703963,-0.502713531995602,-0.46795646894463433,-0.4622014774414794,-0.29437869036586833,-0.36423160118651765,-0.3209124414066,-0.4193969149399764,-0.2932224933963862,-0.24001908962157106,-0.2486996236258874,-0.204019097379255,-0.29343022537405616,-0.20490642335016926,-0.25378368687275615,-0.3177995827651954,-0.385226004051783,-0.2992495456998505,-0.4004714489729889,-0.3930397514702575,-0.50518453192367,-0.5735785339596802,-0.6925225688067719,-0.7629633193193593,-0.801416253641329,-0.9015947698212022,-0.7355011329464677,-0.9198640387507966,-0.7948617278478814,-0.756787230054043,-0.741645935960859,-0.782274629705125,-0.7283676021749999,-0.5300098952299719,-0.7129156827359717,-0.6346473654880956,-0.4564205714528446
-0.42830251966629795,-0.4040286327904644,-0.4045408532534137,-0.48250058822716485,-0.46126477618432515,-0.5310313539258306,-0.4578577884609748,-0.34091994827817906,-0.4311037156032454,-0.43953835692008947,-0.39582715465071044,-0.22223020659917514,-0.3434169447202189,-0.3115756099596331,-0.26643401474579603,-0.14259726772165132,-0.2228918609508703,-0.21165652625055584,-0.25733836892345935,-0.25534045431788,-0.21281779313384327,-0.3670060066972176,-0.36653648698974545,-0.3155038644727834,-0.44806179160512766,-0.4698114837970487,-0.6780365554594134,-0.7436533685386646,-0.6418163341119107,-0.722130900044993,-0.708694147300055,-0.7972419775054415,-0.8525637452981247,-0.829556342716994,-0.8386994793047295,-0.6937723784712497,-0.6663472215526096,-0.6437333242164565,-0.7238569791648967,-0.5132575114701663,-0.6221342349815355,-0.522427555541
-0.4936369055933775,-0.537616208269503,-0.5172466460901001,-0.3775123806558752,-0.4511339533004714,-0.5316384610565174,-0.3448008334532221,-0.4312833047223064,-0.3108412961045725,-0.4170167263105454,-0.4431543064787738,-0.24912663086122006,-0.27572694504632284,-0.27467901358419367,-0.2422868967373836,-0.2993983368470356,-0.32674594676017266,-0.15794025888861546,-0.2904567662493781,-0.2821591259984303,-0.20147410703701943,-0.2037169927250039,-0.2790087727123366,-0.37932076501765766,-0.48473977745373764,-0.49768195065764553,-0.5407342824743824,-0.6839635630561788,-0.8040387816076934,-0.7964078935953828,-0.8010966810575592,-0.8938373443794922,-0.7851787167208604,-0.8114547119874882,-0.8546001905703751,-0.7125541874960366,-0.7687452705221967,-0.6850970139166883,-0.535633001096867,-0.5673495043760014,-0.6118300861892793,-0.4142833477104141
-0.49862886289150304,-0.4284021276957434,-0.3939235732107971,-0.358876515077497,-0.3867163163725515,-0.5071181534200497,-0.46055963858637594,-0.3304676001861839,-0.35902312749070625,-0.37389483906430027,-0.31836948973808327,-0.3587148553957057,-0.37678646246515235,-0.27279984417519204,-0.2771395493258759,-0.2142429847914617,-0.16045924769450376,-0.1497089950456383,-0.26968726608823795,-0.2573806949226436,-0.3101848739446459,-0.3177934835895605,-0.41335443513292675,-0.3237724355046559,-0.4445570576184411,-0.515004919300277,-0.4635682236131004,-0.6200203959249515,-0.7261532940447452,-0.7165631351417193,-0.7733734025195991,-0.7587412838645737,-0.7729940937923968,-0.7908835918182496,-0.7975981323679452,-0.9180413989788995,-0.6356512993183911,-0.6029473483134522,-0.46979711998668533,-0.7053483389478942,-0.4402358516741571,-0.6149798590669975
-0.4338623031859697,-0.336588829487506,-0.3665189876640846,-0.4502481022454353,-0.36188565391067357,-0.3558157825830127,-0.3747957958819685,-0.30763377696187666,-0.34400766856963094,-0.3041248278586742,-0.36860299079526027,-0.3075888016258932,-0.22725417408674786,-0.23701703419460082,-0.22316498624808986,-0.22507414261204556,-0.2582891888514433,-0.1775370190079689,-0.14728880116499746,-0.27674887432711964,-0.22016792633047458,-0.3290320197667693,-0.28311550680685993,-0.30915202316930557,-0.41265713609542265,-0.3852568172495478,-0.5679869079541997,-0.6826522322479927,-0.7119537683686488,-0.8016845803263482,-0.8413111059193205,-0.7452172235563785,-0.7829713285214458,-0.8251534994641526,-0.8798256996147921,-0.6899999546605736,-0.5944461922257365,-0.7492352167728614,-0.6305985845332386,-0.5942274637102433,-0.6548936520082399,-0.5194611697358448
0.028126579939827635,0.016606439395556356,0.00948332317929139,0.03839782269837017,0.027712152726521,0.037098258046051005,-0.01584312453236622,0.018658659694275756,0.0022855437629500062,0.03258468518451027,-0.038033052886173396,0.006033567260627136,0.006347292201124702,0.03429654885041941,0.009774772538203594,-0.01908867354986747,0.00878384648189984,0.0206545610142195,-0.04775685415245072,-0.005456064639052407,0.025373089257245962,-0.0240141435771099,0.01931245592465011,-0.013439255128714852,-0.035050009441459105,0.00023660225848079185,-0.04186211532918779,0.01268273346559894,-0.04138469805279872,0.006096845043700531,-0.005434173978442879,-0.0307040792042396,0.006863325861155695,0.012145330687895332,0.007319217908472718,-0.03231669411965865,0.009889652713152182,-0.019543858867501387,-0.04055821454115387,0.0010863730326361796,-3.805542520989093e-05,0.03411307838767798
-0.6043284899179958,-0.5870712816361567,-0.7362054402524779,-0.76475404386125,-0.761330141432527,-0.7344321520387094,-0.6753134785794921,-0.573993799003669,-0.6665774796051308,-0.6986943326453273,-0.6757547777246923,-0.5632732524180254,-0.73682454079533,-0.6591709389774989,-0.6273111720032335,-0.5686154498414755,-0.7694087107111828,-0.5846016482709145,-0.6383705021186216,-0.6993115922233046,-0.6088698500484779,-0.5554760964556116,-0.5161792712128148,-0.5659644642017527,-0.5615788844829229,-0.7252484054351406,-0.6673791786104712,-0.5759040770694777,-0.617026031483294,-0.6609238795081166,-0.509336776597868,-1.062811976708438,-1.1894173061943776,-1.061953822314574,-0.9232990365272042,-1.0885318644139217,-1.0509833824085975,-1.0607939404618514,-1.0974530718173923,-1.1850103991639762,-1.1442593219868344,-1.0724772231937296
-0.8523449219905609,-0.6262289650432304,-0.6634373678605964,-0.7014833558994054,-0.7000044437842958,-0.7238341022027319,-0.5868102280279777,-0.729531561249743,-0.609265200412028,-0.6143159506387429,-0.5808873389056847,-0.5366814508141751,-0.552693537356351,-0.6034970632833221,-0.6188221604486214,-0.5865525542239419,-0.7129721238856505,-0.5565139663156524,-0.6136325627277921,-0.5699268347709172,-0.6354569102215086,-0.4653259044101854,-0.584201250320642,-0.5789510332857385,-0.6226312970318137,-0.7401101746148612,-0.6107119358384522,-0.5687126422061658,-0.691251313122092,-0.6306173023754369,-0.7153605651649712,-0.9429437858422921,-0.9309788900615777,-1.0883741808536964,-1.1374159962181536,-1.0300191980763196,-1.1725976590240628,-1.0384412829803704,-1.1007415936832576,-1.1648677145640556,-1.0832234539158208,-1.1851088500740847
-0.5173384626472993,-0.5638561376161576,-0.8057390921682211,-0.8104978942218972,-0.7796691942174019,-0.6331537092237345,-0.5357491404627125,-0.5955578818669616,-0.6762375579385487,-0.641423642182771,-0.6513602474002871,-0.6974472129297765,-0.5597729685309619,-0.5929947728260376,-0.636788096479814,-0.4725204118989857,-0.6696169422800388,-0.553171579281225,-0.5994760211438854,-0.5869521743824032,-0.5414283068012502,-0.493776885062873,-0.6263604843286353,-0.47511892128900496,-0.5076684742852738,-0.5930473778867658,-0.4873798385322839,-0.6008443266106908,-0.5664729318498202,-0.5401561714643369,-0.7070649660800268,-1.1439448160513395,-0.9508609133032743,-1.091094774117501,-0.9340681206025011,-1.1277795923995528,-0.9571800076985881,-1.0743030163880853,-1.1398888634584674,-1.132607225062646,-0.9589842721422104,-1.1247420271494188
-0.734307045416069,-0.7008806266543531,-0.5207168480571787,-0.6664344044623449,-0.7164892036600106,-0.6251860490425696,-0.6896100118958767,-0.7136744918715107,-0.6839289138877293,-0.5583031923507766,-0.5313334047097177,-0.6332338827079262,-0.6308109882301804,-0.5993348052027965,-0.47113523419488995,-0.6319041132514227,-0.5897873249184838,-0.5425430292451545,-0.7230258154867479,-0.451562847839231,-0.5836530446090378,-0.5553997062933468,-0.561362053737772,-0.5366326065514773,-0.5525557798806302,-0.5351315507037168,-0.5073901744224295,-0.5681328585494084,-0.6456713244082594,-0.5468766164661253,-0.6270631860777133,-1.027049459477388,-0.9513044920002253,-1.1962830938545983,-1.0447424591519312,-1.1618819545611583,-0.9679285279620198,-1.086607470771696,-0.923771945325493,-1.0143967264880018,-1.005203815871808,-1.065558180362182
-0.634870854118947,-0.603124121050019,-0.6671220361029426,-0.5657216117213177,-0.6436472912256512,-0.6820214932922193,-0.6118858841881238,-0.7850667431417435,-0.5816365797631543,-0.5528583563516855,-0.7042851288247767,-0.6651265906011883,-0.5978568472906304,-0.6955281393731904,-0.6753560976959557,-0.5165285807929099,-0.5594556574843368,-0.5863379827677495,-0.46357445076313425,-0.5192753174998267,-0.5033076434494735,-0.4963236428758705,-0.6265398101439724,-0.7002998062371624,-0.512322986314,-0.4732194770595383,-0.6057743057779561,-0.5997885953136939,-0.5407687954432817,-0.6462992505973097,-0.6604346018799835,-1.1642928012406384,-1.0904032631363996,-1.176709793763217,-1.1096974645377495,-1.0041733286021317,-1.0501591162015562,-1.0293699465776294,-0.982601877359594,-1.1994102851743151,-1.0901475000603742,-0.9611551844348636
0.036590239956547234,0.008875518950239861,-0.02770168113942192,-0.013102746143156829,0.0010416360336588258,-0.007994860054670812,0.009340898901276375,-0.0322876535299812,0.021579260820304865,0.008352367805074921,-0.004434144090319092,0.0422686070268898,0.019968649842235304,0.003714734271441553,-0.0053998933718109755,-0.013605539375779288,-0.01197262499731131,0.008285468996058106,0.014730044414255199,-0.011822010643980866,-0.007378702464881841,0.01785799365804888,0.006022031574483969,0.022794276853543665,0.011294689889832775,0.007107268903523116,0.010521080487139995,0.0013176151082454426,-0.026416913881657542,-0.002421013530405711,0.0027832266534163572,-0.010209469834056527,0.004761295857483317,-0.021087186179725034,-0.0174548169072116,0.020629213695319292,-0.0043016565466823765,0.012480747994368303,0.003933701941644395,0.03017138148034341,-0.008964498897439757,0.00563116260496891
0.6924331377898958,0.7532416428340426,0.6812322596584903,0.7945551652674596,0.7437373261436154,0.7034706333438016,0.6279978204607639,0.6663197365678948,0.6559019769184237,0.6428577141200995,0.704703147770832,0.6702253046819686,0.6874024851137819,0.7253857356777202,0.7256024572510225,0.8015655938631585,0.6880287088827455,0.7497857158675092,0.8547161092041298,0.8042815311489335,0.8280073439414756,0.8836856877041568,0.8677710710053734,0.842116381731798,0.9712827729798965,0.9702535409474956,1.0849063599730249,1.0357864328446282,1.1362277588391596,1.1753910540860748,1.1954991478580541,1.0633321557179114,1.1998695227052036,1.0202593725565214,1.0261033055563658,1.030090953279417,1.022224284726173,0.9411122574950411,0.8803716064042254,0.8985624381554035,0.8719884910511461,0.8882755125728864
0.6979237734835938,0.7973490890505067,0.7694350658624343,0.6520719402726578,0.6966902127213217,0.7353618736249756,0.676411987222434,0.6766015495363763,0.5729671994170195,0.6112659230346791,0.6785592006982636,0.6733754204939674,0.7387477682790415,0.6303521456879658,0.7610954697981667,0.6979897716129478,0.6749325407989895,0.6928686514472389,0.7930368280228298,0.7561686457206083,0.8192640294130876,0.8106693844861238,0.8897484038191846,1.0207769136718032,1.0559058712585252,0.913519506801941,0.9630274845160955,0.9636420748637409,1.1002707801087006,1.0507945226819626,1.1584681229846316,1.1461764235108132,1.0797900606697286,1.1007210378766286,1.1460907745713584,0.9359086675895858,0.8762321654584497,0.9571351231121845,0.9525824977617063,0.8043323878279929,0.8153138479435518,0.7620219720584739
0.8541518218629882,0.7679835787787478,0.6853950518169168,0.6764783023351537,0.5609395464358371,0.6850265208460805,0.7975575307139836,0.7144295148866522,0.7765307263765475,0.6280910491247266,0.620437024660685,0.5739404972578156,0.6965433370842786,0.7639684966575605,0.6600679066495795,0.659609582345729,0.7531865312230082,0.6947473181537726,0.8361693010084715,0.8151250379003615,0.7103098249877694,0.9062996185352635,0.8541934164358058,0.9248912851973355,0.9389593278992422,1.0906278638791438,0.9932538985682008,1.067693750907431,1.0227435906584403,1.1166502650385997,1.16492856063718,1.06133580542114,1.0309452496593516,1.0262260942098553,1.0761023334116238,0.9385995665926266,0.9261200320085916,0.8943163890330278,0.8308388716190748,0.8204844528097514,0.9037971816256951,0.7922900678235475
0.023952814749083746,0.007019454959488811,-0.016288019056698314,-0.029608400132986996,0.005697537396002002,-0.018931782582876654,0.015452628839632611,-0.021294434185908016,0.026594603740766453,-0.0034153132943745023,0.012265697440002691,-0.02766790158269817,-0.008274132803894954,-0.015133148083637204,-0.015924666804523695,0.008214031198712054,-0.012746672020107307,-0.013424423138360292,-0.0020302624688060314,0.004646106671587751,-0.003982567629234755,-0.024913800356470554,-0.002436913786322012,0.008779146168258185,0.002539827577796723,0.0066252275606245884,0.009329029435469555,-0.019734539132405193,-0.03664867914108663,0.01091826221029449,0.0013423865240688438,-0.0018410521632479927,0.006338410404018946,-0.009880119085325888,-0.026671613952415914,-0.021927231220483765,-0.009779740701616,0.018642820616489676,-0.01584043499597721,0.013353568219666568,-0.004922635185198659,0.019929070410685718
2.4634379229601073,2.4659908513888125,2.302721524298523,2.4758752636953254,2.256516077249886,2.073515696540813,2.253670662440691,2.290257057808777,2.024348143269854,2.1147546828382535,2.276049706106411,2.247615453172981,2.0506448851749015,2.0380247058079624,1.9839316186502272,2.152024025619407,2.0929423942686287,1.998781602791725,1.8770846527517244,2.089078347813685,1.9726550559993639,2.078446457230055,2.0338046086540866,2.0644255237887843,1.931494785060823,2.084498120461739,1.9894615976987653,1.968398938011199,1.853248110820339,1.9127449542936303,1.8922017819807977,1.8516586820872567,1.8556905702586675,1.8112641993311824,1.7491473417155965,1.5654191253456773,1.4889862206982676,1.6854566925057437,1.474019041943177,1.5853675260958384,1.4555211058246051,1.3294847676279833
