gfs-wave-data.json
{"header": {"parameterCategory":2,"parameterNumber":3,"dx":2.5,"dy":2.5,"nx":144,"ny":73,"la1":90.0,"la2":-90.0,"lo1":0.0,"lo2":357.5}, "data":
[rows 0 to 18 of 73, columns 42 to 83 of 144]
0.17788201653234495,0.18031299504503645,0.10202560424684366,0.1176097686139647,0.11197197451636916,0.0625071009271025,0.1038018985859603,0.09841785352764994,0.015497098465521478,0.13770738697724275,0.019532566782230736,0.015215860597285415,0.05321459317199947,0.07428249383833398,0.013468398997151647,0.09219669941473564,0.07916575477683596,0.02343755074702397,0.037665750691394946,0.16755838744644264,0.09581296011582904,0.15534302180266643,0.14182493484210715,0.10350334332728671,0.22352146804714912,0.09791165729192387,0.18505481862694065,0.18834764894919118,0.14514032649123004,0.15527959226023624,0.15804579060844687,0.26695138270682284,0.17408917637965235,0.1990945028804308,0.3206854487837052,0.2655912223967881,0.3358438951059946,0.3572694253011195,0.33328966244441977,0.5650943944069271,0.49310491091322534,0.5605479388468881
0.19604524482475127,0.10295695454003968,0.10324190412780243,0.1357921726078719,0.042863967923613,0.08740009345327503,0.07230667562901968,0.09910552960058647,0.08554925115817943,0.010896758167617676,0.08641670197283834,0.08017567196221466,0.07835087802988873,0.08108006927331432,0.06608407285029466,0.011316597137208015,0.11898589157181151,0.03494035839217514,0.17008781370350495,0.058669573371569396,0.07722208400043182,0.10734814052787468,0.09392054397815733,0.16324658699535338,0.14455665798395012,0.17602774860021508,0.1760636266266808,0.1605548329159233,0.08654465039736775,0.1207594896306334,0.17583604853381515,0.26358326722446074,0.15773589266735874,0.22435840267857687,0.3095452734002125,0.2639116664604635,0.3605095111285175,0.3285004704598553,0.4758378495940466,0.5443124850310217,0.5391897067653372,0.6323640117130049
0.13947671540267412,0.13329853516856358,0.13196839960917253,0.14208022060806424,0.04483855053204977,0.1170725628411057,0.0796078246525819,0.08511120864565876,0.031139374086481788,0.0390446013892167,0.007976250146403102,0.08597695645955342,0.058477898355988635,0.049853065415171496,0.012706670776932154,0.0550829082926873,0.12021850835787895,0.15400026242859982,0.1715966721390932,0.19653112347301008,0.06555470841932166,0.09016978966020012,0.08966610137019636,0.19043410363160385,0.22904365372495372,0.09689404574266607,0.22144891048518217,0.08248727826710678,0.14404667766317364,0.21339178444607462,0.15833208541612734,0.1997504196036937,0.21133276545962826,0.3104736872203002,0.26365687043203734,0.3579854411703431,0.35429122391853246,0.42451086852018616,0.35990278515442237,0.4899531236739281,0.5802314375335095,0.46859497235292447
0.2071437441136633,0.1530976294481767,0.11380034455359232,0.08075825777443135,0.15422475110127928,0.03564623461300945,0.025900105059524677,0.07075952969888524,0.08293713875209952,0.09016983759378994,0.08238890846635026,0.08163549399812661,0.010193324414552608,0.12827393959740957,0.02834190230807216,0.15417689310414084,0.16535214812557092,0.21345702191798863,0.1268663786496684,0.06823198052222165,0.12618420865102245,0.2327689182104053,0.09547221658720415,0.09484437581146049,0.11819972949451807,0.11589469345148085,0.125190852709451,0.16090956452378513,0.21271136604166013,0.12206184347266795,0.13980926536448737,0.10287275729636657,0.29374072577591265,0.2521906289194944,0.23546859959061692,0.2385398782960983,0.29838740374655903,0.3649454766981264,0.3260278620248436,0.5947105007620781,0.5306224145821856,0.6313938655363805
0.18152155931170255,0.07711258921566294,0.060157602456642735,0.1754385749170734,0.15625746095938492,0.10330296654688559,0.07904121278421396,0.03776226087505651,0.10419339132616359,0.08184476627365499,0.129361287733184,0.1294687410914593,0.03209099916177472,0.06707848192957959,0.09867335079393322,0.16441702360703445,0.06737402811760841,0.2135320323321898,0.08902891877550513,0.16310931795795475,0.07421561736325696,0.14404582846910458,0.17722744281033437,0.13862628953381118,0.21022704437616563,0.11367131148531559,0.23591857113297116,0.19724195144033435,0.11544760252585504,0.13405627562566363,0.1999943318063918,0.17886533935338153,0.19640760652317452,0.26476866244740493,0.2971151249201668,0.28648597154757316,0.3130441965550855,0.48152207462265173,0.5386500722292585,0.5654176653240733,0.47707789795412775,0.5080206964773476
0.1283168681782275,0.16461599159709142,0.15717823950278798,0.12785012291127976,0.07020074534643769,0.12227641223345646,0.09853987778127637,0.12094771596309302,0.07065592768185176,0.12116447481111324,0.04112684219418357,0.110152262659897,0.17065639539798674,0.1425756360122682,0.1003264760641,0.1227039990131685,0.18800782005834366,0.20597571078213073,0.1689351582206956,0.09023755526521782,0.15313014868890126,0.0976678390971019,0.09606933782670946,0.13123321177660416,0.15892204815169717,0.14198901889061857,0.21914284599837125,0.13650119635729066,0.2160215305534009,0.15097641427930308,0.21684750560999147,0.12232225416949834,0.24184675151811957,0.2543298332123607,0.31385089260813714,0.399275465632619,0.3785125525689542,0.33009188933830647,0.41923560950771926,0.5128735586241685,0.5167678911085254,0.6499694928948453
0.17166590263919354,0.12870716563294915,0.17502312831332478,0.07063891946853804,0.07993682567984046,0.09711335583951586,0.04965915984836973,0.11126172400405755,0.03091589756591119,0.09201464015677348,0.11171466201421557,0.10105148859144215,0.06009998428240272,0.17200399705050262,0.16194150354670203,0.0701761976132363,0.14412465464115365,0.153357616406171,0.056489951385921354,0.23241075887879611,0.20181344264453252,0.17454349891533877,0.14099335764217355,0.1303813409688695,0.16218450304497417,0.18006842828879263,0.21374138859678504,0.20165573997655556,0.24564887266105861,0.11698005919511939,0.10252435356450619,0.20093383266177386,0.2033778437238186,0.18603310563172212,0.2677301865275,0.2958430395758947,0.34927453135289344,0.35636040109672074,0.3902282316348129,0.5332044935626272,0.525357308792254,0.6632377352476883
0.23434831912723095,0.1634496088759272,0.08795270329934522,0.1182876824472005,0.10418053470490123,0.0990681269522664,0.07974332196994423,0.11046709943039076,0.029487679424638574,0.04054736019475308,0.1491962389967974,0.11270795004605538,0.04897507120752572,0.11816863707596685,0.14185202796126756,0.07209255891938968,0.12512909658621854,0.212094170842372,0.22251029935531172,0.2594058710266477,0.20917131696899968,0.2484378703947766,0.135707286340593,0.19443338009053338,0.13619444380227425,0.21686755352415785,0.14995721038526685,0.10946775487634178,0.17572980400799335,0.1736806597715109,0.19367176952218235,0.24174325743284789,0.18595720724458098,0.331450425764744,0.2752531869239902,0.32524362655946953,0.3459241671567347,0.4004217327988844,0.448326895903415,0.5026374656723385,0.5850131206272355,0.5888425015913953
0.13076276832693193,0.09317845376315999,0.1455724347904737,0.07363535757507397,0.05751574924459588,0.1317373923566364,0.07680554449514963,0.07307504740171898,0.12730777168938326,0.10727824034581322,0.05889129932547729,0.024855779677166547,0.07546869955921326,0.13133658979676974,0.14241243865684375,0.07309408893572782,0.10602149876960605,0.17782846045141817,0.22295401273097293,0.10198084134503259,0.29040997042628264,0.17139668998064617,0.12183285088062953,0.12430424494923022,0.23214418014152555,0.16200323180995238,0.20356039262272327,0.1455862404565423,0.2085288308599344,0.2509046579729244,0.28869930866827737,0.1777591759367256,0.22723939484816863,0.26748616448886425,0.3452165778664246,0.4247891021708314,0.39934929469628117,0.44185063936479885,0.419911722944212,0.48319254579967935,0.5204192067430741,0.5335993807125957
0.1251348549616853,0.08885146508707703,0.08078072382809517,0.0987498268242965,0.10009175266745748,0.10691314515425318,0.031009553016734408,0.11242399113411725,0.09213640475908379,0.060202846495192155,0.12777263022707414,0.06133357012735639,0.1562051829779441,0.09769867838887886,0.2218325180444045,0.15402550578948176,0.14675574229701355,0.21498036571921872,0.13386425825800405,0.18694168174822023,0.13476297872814355,0.2695048256018158,0.17503138283918476,0.24737260413972728,0.21330001730109927,0.1936996949472731,0.2256560517226136,0.2516019657700542,0.23872921458357219,0.13585617880698705,0.1703283177136524,0.19204449835039974,0.21702146997834104,0.3078696442473722,0.3302521105918167,0.3317225375287892,0.37960255311974145,0.3869142097815465,0.5400100244589837,0.5403522859254263,0.5550894115924457,0.6349330861980362
0.25128623411759776,0.20131661116424585,0.2239611193019017,0.10223061058118554,0.10498476447068089,0.11861396110739345,0.06269936309753632,0.08117088558841082,0.05148645802030182,0.10875859366159754,0.11195915950729485,0.09335549433288615,0.06988342527994297,0.08183638880345416,0.16317680094128897,0.07798561844823618,0.21599480471275104,0.08498550183676454,0.20370939565422197,0.14872507714863392,0.12860395748370568,0.24987220384521147,0.20935885286564293,0.28530425226596673,0.19817446327013516,0.21089084535808914,0.19452710064746687,0.2124310579346085,0.2327503187508453,0.22069280582426237,0.1124307545733519,0.1617471904042487,0.30550879717479845,0.2797967501905957,0.37514354966115476,0.2717539913973497,0.39835543276361735,0.37551648981281005,0.5239384602317312,0.6018205610183487,0.4947272942736492,0.5369017998918064
0.17278093513223333,0.17127602506234402,0.10682953277078958,0.1601372352870479,0.14760820763370563,0.07247110368957976,0.12682810558057173,0.12165890980113904,0.06371244886560894,0.1315306704810712,0.05541403428445945,0.11736136484187114,0.15651930283160653,0.10935623612255649,0.09664819294110481,0.2100186167464547,0.1799534244788568,0.20825256421858257,0.23517876238231036,0.11523233851234203,0.2696536420127118,0.15298965714347507,0.16761865299666856,0.25628451535842406,0.22855139552622636,0.21065726593258297,0.17943422724922137,0.12276593612663712,0.1863968319226284,0.18374614086865482,0.22038797919186134,0.15192028339103567,0.23885802845016554,0.24577259356139572,0.3331147420765203,0.4541521937097021,0.32441041050101044,0.3986669718763962,0.5357120705838677,0.5267859299471854,0.5727082688392187,0.6454469265508911
-0.1841433493360377,-0.2374377507085135,-0.1927959047313408,-0.1510101173651318,-0.08777288122248246,-0.11689424270059864,-0.21961678536206847,-0.1358695721383862,-0.11796929815164602,-0.2323951443760473,-0.17560646105478112,-0.18260445736286807,-0.11529800174200465,-0.19640557697161828,-0.13103818014457577,-0.1174388386045129,-0.20977765152026953,-0.2678544661709166,-0.24243830985511244,-0.16224299026537217,-0.17866983971245487,-0.1549499699549317,-0.18899130233671926,-0.13743574816507595,-0.09575816842798371,-0.19033166225040724,-0.17612454004349,-0.13292482209405312,-0.24171692555793448,-0.12372390609904245,-0.09776185701549504,-0.1421070523392596,-0.11065872432181734,-0.15223128068859676,-0.18639092796861123,-0.12284882408778776,-0.12071419202034706,-0.17020711001601047,-0.12167940313247322,-0.14298065792580866,-0.2350561012807629,-0.09535902770309942
-0.27691990736959293,-0.14597337775066874,-0.2164478639047498,-0.17652680469483975,-0.13848079892461507,-0.25803611341689453,-0.23482622755381505,-0.2532557209049196,-0.08930650231636172,-0.17285524786887937,-0.21023277977396967,-0.25901484562243776,-0.2569812736727868,-0.1478908729292618,-0.17507486389643037,-0.1593877119361712,-0.23430862939641817,-0.18498674102157744,-0.1377111943834574,-0.1204685588743591,-0.17995656136030255,-0.2693912865723305,-0.17374237435148035,-0.19743523717424663,-0.1067667473545073,-0.13761380406700366,-0.13635466769475607,-0.19650299169899416,-0.24822527142797168,-0.15389873381912147,-0.2775697959753326,-0.25235467625251307,-0.2055798274240719,-0.2558419315426234,-0.15146776010554233,-0.2296127589788699,-0.11663534491542163,-0.2783822533635919,-0.12956000463912737,-0.1666117989959894,-0.23203680711063143,-0.22356990406962685
-0.19412837331301122,-0.14846051374844177,-0.12725060926224915,-0.13429136576226744,-0.18559070361971686,-0.25323646476634315,-0.12584127812154206,-0.2135827664297967,-0.10970188411926532,-0.2510525458889584,-0.2896931682270733,-0.15217419084402312,-0.11742395954702181,-0.28156238799893774,-0.15473022322798108,-0.15271498610021825,-0.15218771371320375,-0.243657206787306,-0.17499538194654654,-0.24298998846001785,-0.10055103178731041,-0.1694059471881799,-0.21762554871799858,-0.11587991265971886,-0.18854263611866998,-0.24462145764228885,-0.27478398958931105,-0.2158961714030972,-0.2700585796819269,-0.22770858818772577,-0.12561673723170175,-0.15402317626698547,-0.1039115099690016,-0.14321883093188656,-0.21235630130393932,-0.14702845060179087,-0.2896602757539744,-0.2748884914496828,-0.26048531144864107,-0.2618223340349339,-0.09975000379058016,-0.2112402856213441
-0.1664827961527355,-0.18885660498856957,-0.11191283960709682,-0.17990010839188428,-0.14307246398810827,-0.1632349401490858,-0.22223607684311442,-0.1899630781277384,-0.2777115745958486,-0.12511151127068132,-0.13531870009608607,-0.12238843094785468,-0.2513479826323459,-0.29250424181635376,-0.3093143961508476,-0.12192507546091505,-0.17655933482537398,-0.2977464713172337,-0.1788103594299416,-0.19185036243249246,-0.16873940854059322,-0.15118765535304587,-0.2631031978648064,-0.2546302398049795,-0.27600313124119713,-0.2686911122237926,-0.11867577134539786,-0.12501843467342574,-0.25003963722629025,-0.1706361539544089,-0.15148415022815662,-0.25846996773030484,-0.30139649103429655,-0.11589911953365613,-0.1598157336330372,-0.20061709315426876,-0.30893274912697544,-0.28002256653508995,-0.14116423581719245,-0.25262177710917927,-0.2738445941268063,-0.22852031790561406
-0.14616203183881643,-0.19163524503871013,-0.2141268472051367,-0.15762048238302595,-0.1925628153864121,-0.15006446174326846,-0.16986653881430488,-0.3076628363441577,-0.17208891118672007,-0.22947952370796812,-0.19149448169682712,-0.30064006602960053,-0.13019182532428064,-0.1913049131913315,-0.29591595844201507,-0.20525167396264835,-0.24862360624396468,-0.2212053051708867,-0.1590767997422747,-0.2727833765590067,-0.31459576219851293,-0.2000196946869309,-0.2229403664455548,-0.21458161884257562,-0.2614722238714337,-0.262957704451003,-0.16785195591622568,-0.22093462224541158,-0.3155278393635258,-0.25178859154016847,-0.29233035751128483,-0.30871894151110935,-0.2291769649311975,-0.3074378978513107,-0.2612285784568809,-0.27516347832785665,-0.28694955771578257,-0.23740971486140158,-0.2613565445512458,-0.19377417078596532,-0.2859465000701033,-0.1687829239910151
-0.19530616184297947,-0.16061750904819463,-0.25157034914165044,-0.15597069598086805,-0.20426334310634495,-0.27506498859274514,-0.27624056903836297,-0.3253002041068962,-0.15643411200098567,-0.15015924429501892,-0.2374862513033552,-0.25659375719042826,-0.22665560728895284,-0.22887436814233328,-0.3227390602567107,-0.1578014005795239,-0.19717422867185488,-0.286018186506311,-0.2622656417581023,-0.1608737102026308,-0.26399530457831255,-0.2634193303822573,-0.22491463581262777,-0.22194770051085566,-0.32873885866249425,-0.26596904388110276,-0.17199947110646482,-0.2657518918163832,-0.3180372839908599,-0.16535743658775579,-0.178399950542313,-0.18996122979185104,-0.21449915205080275,-0.23812695510910742,-0.2878716114781753,-0.27261515948007775,-0.17539541145615112,-0.1757291258681417,-0.20724411311823804,-0.19829085130378757,-0.21506583139712565,-0.2716606979914972
-0.32299848987793867,-0.16053295471606804,-0.2785768832873984,-0.25722908205618505,-0.30736470126043536,-0.15840503515308266,-0.18702402036475813,-0.2503352715908574,-0.24376621018067265,-0.23962327370198844,-0.33700542070353534,-0.2994458493139985,-0.26671500205078286,-0.18035260170536155,-0.27017455861566636,-0.2640149469147268,-0.2611403424443235,-0.2585256907228832,-0.17986394898245855,-0.1794305966905617,-0.22546987084380177,-0.3046388662846396,-0.27969296271452027,-0.33597573101943157,-0.31974704516943137,-0.22006663160158677,-0.3111978323179864,-0.1578050494581948,-0.1793510938804044,-0.19150414107481753,-0.15888731414741059,-0.15757590256930276,-0.29940419440203064,-0.30100569059150956,-0.18463502785569438,-0.3460417849457872,-0.24051915410127925,-0.34906976345010204,-0.29655563592295714,-0.22723622091003073,-0.32210461044575023,-0.23154294791386185
