gfs-wave-data.json
{"header": {"parameterCategory":2,"parameterNumber":2,"dx":2.5,"dy":2.5,"nx":144,"ny":73,"la1":90.0,"la2":-90.0,"lo1":0.0,"lo2":357.5}, "data":
[rows 54 to 71 of 73, columns 42 to 83 of 144]
2.8681127756845894,2.6923797854024047,2.8613278740330044,2.6858583938876555,2.5240905856748816,2.4949548015479732,2.6749980927694286,2.6061728900673367,2.3007368186045567,2.410039371214423,2.273532921202542,2.2869405236075293,2.2373731900096097,2.1023455764566332,2.224421050922841,2.122564839842201,2.399497937305834,2.334272589923507,2.372075119099167,2.145170715040462,2.29159964993968,2.165057300157677,2.1955272082492607,2.0756068795091305,2.2363936426382995,2.1638370432961587,2.1203808270191846,2.189600867051196,2.179957319854913,2.2332708566034576,2.1570392071821574,2.055369854844358,2.0741216723224936,2.114111115986961,1.9282158052288145,1.901817789606336,1.8951602729104133,1.7324443110462546,1.801759320293527,1.626675078167271,1.7140059073839717,1.5814274220907263
2.7319997329783505,2.834161314251219,2.8466562154205226,2.49913525825156,2.4465318461622316,2.630478930697557,2.3609911748198154,2.4309344684921643,2.257438066398909,2.583346387094394,2.349785378564065,2.1629653467721264,2.2289325723284232,2.138164043324705,2.0527857412854114,2.0720124735747425,2.4293602987056735,2.3156327570338364,2.286627529446751,2.349164292918183,2.2404028605912667,2.426223769606051,2.2572782961254743,2.1205049944423324,2.2009885256264603,2.3798628209291968,2.303007287519053,2.2654823781203475,2.1199394605754422,2.1964460958037835,2.184845548167753,2.0122965928213805,2.0297157324853137,2.1469479561718114,1.9259638864091972,1.9371874680877423,1.7915454792465766,1.94152543784698,1.7903304081492981,1.7723381841358918,1.8393587128857882,1.7418895082242227
2.7589913419176937,2.6275780704921656,2.78478201565791,2.4729680801720466,2.588956857308993,2.740046279296735,2.3461808996937257,2.4422680488816617,2.188523510913827,2.2661284227617107,2.468845710621083,2.0893578713162864,2.5596601523555966,2.4084703184703096,2.3821581462779813,2.2119145780202945,2.4369979429283264,2.1748685846231326,2.2704186944940656,2.2173490910880838,2.263031181882535,2.207433635920618,2.206507308200045,2.206305224845378,2.365666738009355,2.2311009201207757,2.063970554612497,2.2031876623329185,2.249546167626758,2.0862793601908907,2.138590196710098,2.0521348245317146,2.116959214239067,2.0535639919630464,2.049085025817018,1.8581944064449667,1.8538881822112296,1.7331842894643414,1.8683990482219217,1.757147138277845,1.8461927413166082,1.5739967050764125
2.847484505141933,2.731007662378687,2.7728179939621977,2.590099822134635,2.4766545228667014,2.575212141621605,2.3693150170901722,2.293874329835132,2.2963244770448044,2.2428385861500963,2.1014119173203425,2.2510079450932317,2.574592860850936,2.3814547721918915,2.241293192129006,2.0564842603876246,2.2634926847768706,2.1146717052515047,2.1516871393534625,2.3691766744756366,2.4110142279369504,2.149600235072582,2.3190613084567038,2.310056934867385,2.3189295783642585,2.3641134823615495,2.0971419007006418,2.2989728417804147,2.230608080502619,2.0602297725593526,2.0748881005810347,2.125403198483872,1.9632740765002292,2.0030382792987855,1.9923163545090379,1.9499635099717705,2.027354166725014,1.7883644033838322,1.7961582741797568,1.771443124209088,1.8412169511775676,1.7469398788125197
2.764454230142061,2.5147643566110847,2.568614244913812,2.5975553180868785,2.6742437307146996,2.431387604474899,2.5231140439901925,2.6540012924322074,2.263675390291499,2.2587087244192015,2.3875745516253764,2.1258719807994684,2.528069500234907,2.4147511893066174,2.2618902396380385,2.2954529015914016,2.2993730800089436,2.4508517212239855,2.476693795110515,2.35998209592145,2.37877702867824,2.2658527753557243,2.2159616543032583,2.094823090544448,2.367366931166587,2.139173249956392,2.2989435917869,2.223380110503363,2.2084379384019814,2.1896298554143776,2.2285180709906496,2.097353198656249,2.1227387292019215,2.1309907901773006,2.0573464316648904,1.7869133143942009,1.8511403055712663,1.7821950599526168,1.8591938487888595,1.5742325748591066,1.5856192156486748,1.804538636047257
2.7891897648340294,2.487752990189734,2.645376962920972,2.543702481839855,2.584544767605598,2.508018614090492,2.3479460092671403,2.5214904261763733,2.336842400756175,2.3687451552859167,2.441670679933555,2.39627935014869,2.385159975478889,2.399453489449928,2.3994630886685675,2.490556027766387,2.261322872738614,2.2833769863254747,2.0808548097918784,2.0697756341101536,2.1525655981485183,2.2369284115617645,2.278075025683223,2.3631079185444737,2.323077203557817,2.366910259084014,2.181209794190298,2.300617402311405,2.259706055972104,2.13177417853605,2.1109048802082353,2.1172044455429933,1.9859891505376273,1.9895267372913819,2.0321475352162226,1.7882920892766412,1.814076717228164,1.7718842966665027,1.7805434129190403,1.577324319846694,1.587805655480139,1.6065295482978375
-0.07469804409207922,-0.04563667251447206,-0.019222349788635802,-0.044483608135326876,0.019599866273631944,0.07675524802036836,0.036334528462883,0.009273175727643867,-0.027222971297562973,-0.03516691430729698,0.056245493089614844,-0.010508437539032295,0.035077471326289175,-0.03611114431131916,0.04682853073670829,0.01954901393359994,-0.07010375085480998,-0.01475325131178077,0.0057860952955700925,-0.007978545618457629,0.026478268004712383,-0.04451458054203799,-0.006934269226271568,-0.00973742584726195,0.03280750117483861,-0.0036683604845332424,0.002359691058996433,0.01834659497160953,-0.07415721451680837,-0.06725898571671317,0.016625747557357764,-0.05029247793207031,0.06021527596339448,-0.055325613794849966,-1.9031814670197863e-05,0.030501399415315565,0.040865213577241204,0.029854656684041327,-0.04831953449137144,0.021481414569190213,0.005184468622873849,-0.011672460772492807
0.4092053411547538,0.3369018895745418,0.3810498186668601,0.4287011490547545,0.3848616883739353,0.42034805211007076,0.3030887483348465,0.2966243838440709,0.2731927374421113,0.34735307168153046,0.2949654504352971,0.28194717543359665,0.2652190796583766,0.2776843759859985,0.12919360967245952,0.1604858284793492,0.07356017210202848,0.06844196354006793,-0.02139383893822686,0.006694270365790995,-0.14774669076315014,-0.1466186775345637,-0.2652360150971396,-0.24953327104763953,-0.25754458492860144,-0.3832228345120483,-0.44169012693891535,-0.47135284905299496,-0.5422934622371569,-0.4139758296496011,-0.43256588351205294,-0.6329567487487314,-0.597584808987871,-0.669764638706937,-0.5980442370345777,-0.4757106086922914,-0.4833642432477786,-0.41943652169262785,-0.5560069431115549,-0.2409335436044825,-0.25139903350808585,-0.21165265825102975
0.38184477834417324,0.3468355644409974,0.33492880208577325,0.39405518082723456,0.32008799951136063,0.29391412629645275,0.3948705143042009,0.3411654389820517,0.24426642701934712,0.3304180660115845,0.3600945060131617,0.23805601701888013,0.28551488971281774,0.2868064820073654,0.13327577340301278,0.2252185403233243,0.11013052930966355,0.08191972598077482,-0.047346196339308574,-0.09255586226610453,-0.08937852610751218,-0.14144764521767006,-0.3122899820860548,-0.2217924710888709,-0.41618573465848424,-0.37703655591539276,-0.42189920239300516,-0.45136922404306445,-0.5882497630761887,-0.5258804481486264,-0.6203403672423452,-0.4777472431454433,-0.5816700990453189,-0.5967869135283027,-0.5965923796761275,-0.5745635758057611,-0.5656047447764165,-0.6007421384406197,-0.26682773253346365,-0.3933026969390157,-0.35327677402984947,-0.1882887927727139
0.33125351609651704,0.32714324391107186,0.3058001435316184,0.3978184667654892,0.2977083870712519,0.27806949804365644,0.4381050602994361,0.2919145851120684,0.35730598628802546,0.4139439410972691,0.25704808985556893,0.24597606352045526,0.28814763753514966,0.19921965142005396,0.279421579119776,0.22083022556805915,0.10453945817199861,0.017904638935228638,0.0417284622497653,-0.10312670261133955,-0.1578206983510076,-0.14459747464635386,-0.18187705382797348,-0.2711638603003016,-0.3559451818812619,-0.48122932905224547,-0.4249265157418638,-0.5003763422410961,-0.5948008020211081,-0.5181851289268631,-0.6430926333087974,-0.5147297885930636,-0.6232740033159715,-0.6623915812318839,-0.5470787990636851,-0.5537802942202255,-0.5677335785244639,-0.4407282463419285,-0.3970918391568469,-0.3696129553419536,-0.19164193428672308,-0.1430948346760022
0.30511350870928794,0.3372432832569576,0.3923802022863423,0.3792997559360374,0.411632020916172,0.3216609433684634,0.4101258769105451,0.29488704128667664,0.26859020511104226,0.3003333009676061,0.2467149168782411,0.3352405934723764,0.21399850998226738,0.2443315224866382,0.24566237562247606,0.18143492433059394,0.1610501211195451,0.10949445128894768,0.04534543987336088,-0.13324679316383745,-0.10432582175907158,-0.1071019892733207,-0.2055888389217455,-0.2200015989245386,-0.4041500310814192,-0.4600174060634213,-0.40723116235794915,-0.5410555276383556,-0.4724181991366293,-0.5220162103432223,-0.5777471059560445,-0.49542768777074686,-0.5184364770352542,-0.5944233516983595,-0.5742664354930574,-0.4656000381675008,-0.6216160877816597,-0.33395539355959575,-0.30270203384062244,-0.2830967534748555,-0.29496539708985187,-0.016474731812286276
0.3342120462721745,0.32882050797688694,0.3517642026981558,0.2897196359174159,0.28108521219501437,0.29316915200621124,0.43599681979062266,0.3619283919216995,0.23529160928449594,0.34568794223396565,0.24243279575203078,0.22086141615750768,0.26148549794550396,0.17872058483401537,0.15715833935898738,0.15909873590677792,0.12098319047630533,0.06640255716614675,-0.002188867136916984,-0.0271888599594384,-0.1274049279301994,-0.20887559290581412,-0.2127459458347256,-0.1857310042675055,-0.2822046282926193,-0.39953569555683704,-0.4385996503078539,-0.4634031521918637,-0.48577651041508907,-0.5174079237990424,-0.4452509482819973,-0.5263167912961416,-0.5464483326241742,-0.42397581374066123,-0.512293330120956,-0.5550129875627315,-0.4330705835051323,-0.5086929781177055,-0.2762378715562156,-0.28725531187200415,-0.36157260893462295,-0.007057912515430776
0.283733240724138,0.3544200751040411,0.477045072792128,0.33691612682682914,0.284734309171186,0.27253109083354776,0.3743851667601893,0.39830038518297944,0.2725017100330489,0.20911576963237788,0.26562717055949525,0.20803680035136585,0.2379933311848125,0.15517097565967433,0.20045093763022012,0.17001722243123527,0.0677841769322916,0.05566931175895787,0.012855359093304975,-0.07610470987095783,-0.06599655048174477,-0.1627232285341547,-0.23275408769224448,-0.2952220951630388,-0.40374385518738265,-0.3545912505950806,-0.4296235181698728,-0.3384401135199662,-0.4975779646799104,-0.5248145346265389,-0.4820146716678425,-0.45910288715069325,-0.4809787600874142,-0.5540794991742916,-0.5706496135435951,-0.5703419161199353,-0.48101625444832374,-0.48569827058567694,-0.4202711848210199,-0.2619483820018665,-0.2230412475468426,-0.008991550470633202
0.30483132079401165,0.31347209395596715,0.3346396501110196,0.352962518750782,0.2931861264689941,0.29260490987729204,0.32903333297600107,0.3188108330796269,0.29921773365719045,0.2397093666858858,0.24381154357775645,0.258366739468385,0.2337042740262981,0.18554641281124665,0.14365927842118423,0.13843451710606614,0.14245675117440978,0.03817135560414928,-0.020788852436022482,-0.03493010285915209,-0.04297663342482765,-0.14817637776145484,-0.2428119129560956,-0.26561632627735327,-0.3435912409466602,-0.3172222710281389,-0.49238651588008636,-0.4588389398076331,-0.3935706971458274,-0.5633842954897921,-0.4679404766806987,-0.5143386433084826,-0.5907920884405011,-0.48090336087123053,-0.550175449789636,-0.5577166245953628,-0.5771878185336974,-0.4446211755692557,-0.29274877845407615,-0.2754082204148434,-0.2170365553758224,-0.005836114719626139
0.23806570001576532,0.3913861797769098,0.3466900641026676,0.2830732063730256,0.37298923794971284,0.28751454009309735,0.2952231861809825,0.27827340989699034,0.39489451207280346,0.22753500137932778,0.2541478943993412,0.260225007074962,0.15063976035432078,0.14059063932894342,0.12276419303788591,0.22368178654051024,0.0964644495520212,0.10803629778206983,0.051036101954274,-0.11141120738888263,-0.04198312017581428,-0.0845602831332211,-0.19662215821199244,-0.20837326653333613,-0.31382363653095763,-0.3260849517021765,-0.3837158243080638,-0.3122067581972696,-0.42086299902964913,-0.5234727694581658,-0.45970510184859953,-0.5316483308644387,-0.5747537524735743,-0.45023973188337557,-0.48288675895574407,-0.49141817006455935,-0.3625358811801641,-0.4541890362375883,-0.3731786587984697,-0.3092943275336402,-0.15196891132969897,-0.20777430708728506
0.3372757057631575,0.2976749337278171,0.27938045526747307,0.30183161612375303,0.345311836957254,0.2558422714448574,0.33571477296217805,0.29500317220661726,0.18790329634397512,0.29635572078808514,0.2342942650821074,0.2045335265121611,0.2797442745020461,0.11431347630313934,0.2200948550730331,0.10385906757322241,0.0866555384183536,0.03691748097151201,-0.013425501362009793,-0.06109450697751266,-0.10620686824738901,-0.12557099565569357,-0.18229453206928992,-0.26255717135561873,-0.3415454055470217,-0.24192164274326772,-0.3493849204172474,-0.3895647759054675,-0.38507003098940995,-0.38814592622855665,-0.42844567387430826,-0.4829589089656499,-0.42532132547751156,-0.5651449909732504,-0.45566123574607836,-0.5395789326116844,-0.36344245527326513,-0.5265968210811349,-0.33032338671885,-0.41405362483046654,-0.30786559354042536,-0.0518091695156615
0.28878580909682977,0.23911046778340694,0.3887533408445382,0.2878912361835125,0.36831318846206573,0.38588038046790474,0.25901814799219475,0.253848030881944,0.21400571713763705,0.25270594668420715,0.18990358972452695,0.17710170214813545,0.17502075680080723,0.17786140880950288,0.25091549910882555,0.10465977482376469,0.05020650479841986,0.07481424858214433,0.049782537003991434,-0.11294196279440089,-0.15232367317011017,-0.16146294394811295,-0.29677207431169866,-0.22317006155038357,-0.2765213197150825,-0.3040385513421925,-0.38747852978202346,-0.42558818966591483,-0.36934108997521703,-0.4344151933177559,-0.5173588344117362,-0.51884819067555,-0.49921967676764073,-0.5604906975608431,-0.4988166982967089,-0.46545143298542524,-0.5780062464472829,-0.5145328641020275,-0.2713438721339203,-0.19082967832250833,-0.25474599072927046,-0.17147583336546035
0.2513540346626243,0.294332005856547,0.281800721339264,0.253715428200912,0.3704968755222943,0.3088405262748006,0.24085059931415104,0.25348093168207003,0.3184757898611923,0.2315606071697929,0.30912171108192,0.19832362645524454,0.13025496273951578,0.15470853484991834,0.2371686999169909,0.1516463737809811,0.07155668300576944,0.013496848683946731,-0.02898809695315422,-0.005327354251314009,-0.07564333191366907,-0.10774559216932347,-0.24947282700638768,-0.28316507337339664,-0.381540434852442,-0.2847525737850248,-0.35242640597351893,-0.47871499893727554,-0.3755270733240941,-0.4628603057036981,-0.41567612499457207,-0.5403444602272156,-0.5696024939694262,-0.5326278247685974,-0.4661705396539118,-0.4094031800851022,-0.412436915833346,-0.32113617360244145,-0.43502341345058243,-0.2868599521409863,-0.0789962674319649,-0.16995852476378273
