gfs-wave-data.json
{"header": {"parameterCategory":2,"parameterNumber":3,"dx":2.5,"dy":2.5,"nx":144,"ny":73,"la1":90.0,"la2":-90.0,"lo1":0.0,"lo2":357.5}, "data":
[rows 19 to 37 of 73, columns 84 to 125 of 144]
-0.36488361170609596,-0.32707296734381325,-0.33388113750857384,-0.2866904890577523,-0.36746812058305417,-0.31643777916946547,-0.4578103826923934,-0.29694949962755485,-0.45073020522107055,-0.37300851067554175,-0.34099832499183763,-0.34733189150140065,-0.3255126482032969,-0.35757229333945567,-0.4370918689269674,-0.38512977556114175,-0.30816292302330706,-0.2974461729743515,-0.39297804313400864,-0.3718139284481072,-0.45639622456600093,-0.28715077317541554,-0.3800407278858856,-0.42923338065828487,-0.39764632972283454,-0.3866173247250823,-0.4381004385965124,-0.4457159198060327,-0.42166477702021243,-0.3914773604433685,-0.2881844889624964,-0.32303955539773627,-0.4362255558603489,-0.3061790336250169,-0.45257675456996305,-0.3186476613397904,-0.41338465492962834,-0.3974359957938475,-0.5070013073568947,-0.42382142400100764,-0.18346125851313383,-0.43043615710073496
-0.3067985145101017,-0.45935501805957946,-0.45143486843833125,-0.2944753628023462,-0.38819359505486833,-0.4259773658518228,-0.3122743237150886,-0.3564954719324428,-0.4486653225073642,-0.3141132388466782,-0.4324161436093607,-0.4792833467888229,-0.29082557447764673,-0.3226451418050034,-0.3922189658239157,-0.34924152104015327,-0.3017006325750478,-0.4396665034812096,-0.36688137217453076,-0.3612799379857852,-0.337953037194305,-0.4252043479236718,-0.30133818187629974,-0.31595464065573137,-0.431039989204549,-0.3542599931885245,-0.3605447162981674,-0.35588350099049076,-0.3095055262612807,-0.3979816179367077,-0.41584109915596873,-0.4297266762591352,-0.36959238420216345,-0.3194192187666339,-0.3823891152745723,-0.3167895877474959,-0.3600399050320312,-0.366463047572587,-0.43520376866758925,-0.36305485606024757,-0.39054994934528536,-0.31548138772408457
-0.3561301491057441,-0.42143923757407914,-0.44793541673811615,-0.40886388982565536,-0.6197150150378586,-0.37439052448144333,-0.5878445077599441,-0.43637412671144427,-0.6606043516505347,-0.41122344532541344,-0.5461803337178761,-0.33516989814539744,-0.49554642709604246,-0.35283824596507035,-0.44953062665500926,-0.42961353764880583,-0.27659733413712034,-0.3367542632242387,-0.2528349388322572,-0.2874389105296854,-0.008071733032344652,-0.27172894580935775,-0.19556493460746494,-0.1501191891498816,0.1094848536228578,-0.10021087116562952,0.20550661235629294,-0.03615662680907488,0.22096060015718078,0.09516788970494032,0.13471013414441996,0.6121326733970521,0.5045944077984353,0.37558240526150943,0.557244827076428,0.5393168450517328,0.6702026875464006,0.5497180333670982,0.763393597481733,0.5043090680188133,0.6535065013320371,0.7680307252902996
-0.39897251965880987,-0.4234981883774958,-0.5766315880361613,-0.5203173887519059,-0.6086612133740652,-0.49377537880170286,-0.38879678965348147,-0.45670380771453606,-0.34218794448630685,-0.4589296355116939,-0.41634267074243697,-0.5380906321266131,-0.5726370101922478,-0.3301853219773585,-0.4974842951410557,-0.24787025919814734,-0.23671221481325397,-0.34323650129309075,-0.10567315871882224,-0.30894905835983666,-0.08849357855302532,-0.07175796642608451,-0.27913595874714,-0.13580147218909774,-0.13393494356290156,0.09854202490764295,0.27950284026263184,0.23250131625789683,0.07624360906271781,0.13014491590921898,0.4338861995692045,0.18727520050626548,0.44512264433331133,0.6403732341613725,0.4750076319036047,0.6638192202598721,0.6123905483211985,0.7245152953692555,0.43839682913610045,0.6179549810504186,0.5553922684594906,0.5670992966595183
-0.5903790847438246,-0.43777866442727176,-0.4482054864743246,-0.4328494172715983,-0.689819025173551,-0.6423873862622685,-0.48739029436257975,-0.6073114674232574,-0.3663404681413621,-0.3483886003308561,-0.4170691004971723,-0.39622404321842203,-0.314361238497288,-0.25933636714611974,-0.4011586627018924,-0.38859748522360743,-0.328687490247987,-0.19275219946703545,-0.18209166000766483,-0.3645746522201479,-0.31878677217584095,-0.2072098297363411,0.047248028679820454,-0.018608573406058086,-0.2069765838659893,-0.03689043744571473,0.0449609913044499,0.16740657940941125,0.02304174592524087,0.21769170700978904,0.18105383921264706,0.3122169253031636,0.26564753289135073,0.711020895420867,0.6187310024230399,0.6621283682283323,0.6836801013241534,0.7950439601062439,0.7022511696187627,0.6297533184745294,0.4998628550304749,0.7602425775945695
-0.4513477540678956,-0.4650247723789032,-0.44455546752965636,-0.48412199541854833,-0.3491728295533107,-0.3463478001288144,-0.3470361387253753,-0.3486472892863787,-0.42773335707891835,-0.4091785534729799,-0.39674208668175176,-0.32061020065285517,-0.44434238889853794,-0.42016228030092173,-0.35053576995537494,-0.45919547012635625,-0.41839405682418507,-0.4716524224143705,-0.4787367361484286,-0.32877515985415345,-0.3691761709729222,-0.33228599908829065,-0.46807234241847406,-0.494068494716209,-0.4418826958660111,-0.44514215020248654,-0.36965564156329966,-0.4001127347099153,-0.3999122375720728,-0.312915133185383,-0.44239957039482025,-0.48957417266392045,-0.4201045253674232,-0.3357219154824567,-0.3693474817860466,-0.31705200109013837,-0.3051482088867994,-0.47994302701872715,-0.35691013491956675,-0.4327684011523644,-0.43185433728231926,-0.4397158404214982
-0.8619327882659688,-0.7030603722782582,-0.8453227217997086,-0.6669277134124506,-0.951606243785951,-1.0399527883371649,-0.75965559200091,-1.0423707280359271,-0.7847012640476054,-1.0116897652361596,-0.7186453880729987,-0.7318274140248261,-0.9128089219507157,-0.657063871275607,-0.7145128622309812,-0.7928215372297159,-0.6436959221810747,-0.7637396768664669,-0.7343057209929593,-0.8820792141343308,-0.6091652407972832,-0.780305359791177,-0.7844937945726137,-0.8404240419843687,-0.822153734035034,-0.8062915330117126,-0.7519712468219661,-0.7804230496841276,-0.6852682134097227,-0.7014639226351579,-0.8348245367926068,-0.7788324125762182,-0.7497445643970886,-0.5995294209135186,-0.5906163684537815,-0.728815559844327,-0.5695796353826333,-0.6940980575505575,-0.7172460565145622,-0.5946249283994511,-0.7407015855790983,-0.5909445480960374
-0.6932816573034499,-0.658122341185194,-0.7124285413817179,-1.0230236721453443,-0.8794755727190061,-0.6803543812090759,-0.9714278556403961,-0.8815115381997557,-0.6803972236575502,-0.8842767128593243,-0.7308399512348511,-0.744336924722098,-0.8818928210138576,-0.7620990878115831,-0.7826360756619989,-0.7426265678414118,-0.6647995040954624,-0.7734808011347514,-0.6557358902075917,-0.7677302303848212,-0.8471988637885972,-0.7950827826343931,-0.7309979967112472,-0.6692730032317092,-0.7291844590762482,-0.7261942644516258,-0.6926334150408672,-0.7448332746428701,-0.6604282579619268,-0.7358199867354469,-0.586441867734128,-0.7421559855908838,-0.6900511993096009,-0.6215907353126736,-0.6299518181811015,-0.5341737970334471,-0.7010243772423542,-0.6140372869538988,-0.6540070376687864,-0.5747831099957247,-0.6894258910591428,-0.6841103220692697
-0.7247180168985616,-0.8884861330982126,-0.7399438612782453,-0.9247185415424422,-0.8450629677674106,-1.0039078961705505,-0.8496100436858733,-0.7799125778553841,-0.9391991111891971,-0.7093115238443658,-0.9182395541488715,-0.8900319832018105,-0.9280113010615453,-0.767041124573319,-0.8272265220352883,-0.6790163935705522,-0.7957748981002936,-0.7611603421524414,-0.7367985892745307,-0.6681195420601307,-0.9157593707915852,-0.8464215034570989,-0.9283359434366578,-0.7773825261544808,-0.755335770358837,-0.6703258095202191,-0.7749715730566032,-0.6712422290878324,-0.7487698139966636,-0.6539776165501366,-0.6087125827555697,-0.6722448981347862,-0.5705828583343735,-0.7035361652836902,-0.693467419736972,-0.6994429169472909,-0.6392477917098492,-0.7593048897736137,-0.6569336570532606,-0.5544185471863612,-0.49980377432279,-0.6451253612115131
-0.7982546813326877,-0.8929499227967771,-0.9082768513329557,-0.9649570678211936,-1.0276750529791183,-0.8224517588280449,-0.7104242738409765,-0.776656409097616,-0.8913887451598133,-0.879558706259036,-1.0047185997498191,-0.6830544545704562,-0.7785969901837666,-0.9624480731339705,-0.7772829495852256,-0.83107317243756,-0.7225681080236827,-0.6721603459823802,-0.6817775482698789,-0.6788153356102353,-0.8758207344503349,-0.8453061918993068,-0.8109811286200138,-0.6515573440044212,-0.7169083152719128,-0.6499237635020696,-0.8030707917532568,-0.6411511292890125,-0.6990469706364437,-0.8218608977670114,-0.5814059168505523,-0.609488571100436,-0.7391888365256268,-0.804350532941096,-0.6579851959255987,-0.5519290223004066,-0.570507000880108,-0.7193381028543314,-0.638781422388974,-0.6706235758684337,-0.632968695627353,-0.5659385375100043
-0.9949708477753101,-0.7606326842028166,-0.9587332958675754,-1.0009159594027672,-0.9698491111935844,-0.9065098695507672,-0.9027172184308719,-0.8347170517006093,-0.7710093358828971,-0.8208191734214433,-0.906773415482858,-0.7471600309323119,-0.8250180874813399,-0.7576430008672627,-0.836517209678682,-0.8458185312714624,-0.9198301529921109,-0.8984083451760289,-0.8011672403924601,-0.757479958639936,-0.893650338032887,-0.765155522821594,-0.7114901540719348,-0.7091993501956043,-0.7816315671659998,-0.6041185263732676,-0.8280820208308428,-0.7346878408148333,-0.8151010671285703,-0.5575727277486875,-0.7736923776667624,-0.6189557535081281,-0.6980441476583876,-0.7240371592018252,-0.589727713998533,-0.6518077085835633,-0.7080204601536579,-0.5693126837026045,-0.6497165327935668,-0.5430330826272773,-0.5869255954887058,-0.7019288404106225
-0.41490437109383704,-0.3182000079345478,-0.38533714778003414,-0.39743827179090613,-0.46709643981411375,-0.34524228691352893,-0.44191145627644624,-0.34460334234768875,-0.3732256899634279,-0.4315473680000418,-0.4601359848828369,-0.370718478688445,-0.40420949156476127,-0.30987120552077657,-0.4541458745954956,-0.40394102923654557,-0.46748866866467,-0.33973610336109733,-0.4148627415921896,-0.33929038594423916,-0.45030273990898345,-0.30310200170559526,-0.40324457271715786,-0.29524468927988495,-0.4290427947937471,-0.4784409070249648,-0.36091342585311526,-0.33242342658475604,-0.42127456385663814,-0.31272960738838684,-0.43100331441319384,-0.44288068118957225,-0.2940041176847573,-0.4501079196287958,-0.4467849814521595,-0.4362261373930738,-0.3688578079747322,-0.3202312827034126,-0.38776268366485256,-0.383180316536052,-0.30947805326003897,-0.34137365959923904
-1.0560814864378911,-1.1165479675450067,-1.015810989392739,-1.094027882068589,-0.9946047334547251,-0.8708376277966184,-0.9714575506763456,-0.7603664929701955,-0.7970537903409248,-0.3753740002091194,-0.23495017121757972,0.027324515002649215,-0.08585646146432338,0.3212456715687889,0.28708561132790517,0.6005272430350254,0.44960748099870057,0.5102139899837367,0.7955657455506522,0.8143559085145379,0.857210344153976,0.6981162461163035,0.6702588459165008,0.7817116130296622,0.6635545496152647,0.6635337366204709,0.7465590855868234,0.6646607802399427,0.563668849280005,0.5017245375090725,0.49856266935489046,0.37627932191813535,0.3573797512037841,0.26884013100283005,0.18420108992189346,0.03591896261876176,0.028252263313172595,-0.13453191155507205,-0.16618095619440265,-0.21116311495031145,-0.21874403268037065,-0.31463007903224716
-0.9356099713983473,-1.0212981184494536,-1.0344853957153723,-0.8898869942446446,-1.035625825150724,-0.9837210371491075,-0.8640564078951831,-0.7988710022385782,-0.8122251132255925,-0.3565163188739361,-0.38748396523109585,-0.18494245556349342,0.02545173430093018,0.028573490444105096,0.37898773721986195,0.25150800732160533,0.4097611235737693,0.694713237563161,0.7630231163003993,0.9370094171909206,0.7799828419563226,0.8362614173214684,0.8849341288656826,0.8098686429502924,0.6735074722512919,0.6375967295940932,0.664203647424107,0.48906639994012047,0.47125364702612527,0.53471540844822,0.39403801095678087,0.4149437738756587,0.23160462820880215,0.1795953579070258,0.10658386056026908,0.10690434019855607,-0.08488463979618775,-0.11537635176468411,-0.15484638543721307,-0.15784095511489277,-0.3161091735530308,-0.2688788725986624
-1.0003773360704062,-1.1848303750523257,-1.018137085001375,-1.1103228496382598,-0.8913437274845737,-0.8200595167461687,-0.8043835071733864,-0.6441390215232107,-0.5992336724518005,-0.6233528255272367,-0.4230734979108735,-0.23177448436247142,0.09726945694338371,0.20828129983991547,0.3249192697571382,0.5852821812374183,0.638888845404772,0.7079356445562895,0.6019052649668692,0.9086284773656869,0.8334293553802608,0.7593392601822411,0.6988724083609517,0.6878763851185384,0.7787898144112464,0.8436026817973808,0.6584185453130146,0.5482586915041313,0.6142086250412749,0.4598700195236021,0.43362720411582045,0.34001112840444336,0.27447867878091137,0.13599180844795944,0.14646659320791164,0.17234266623843483,-0.028108291314486212,-0.10235812118673052,-0.19714599551686915,-0.2255708179235854,-0.2681156359364749,-0.28128593504080585
-0.9454481073988547,-1.103116468401207,-1.113811598572222,-0.9905655489116412,-0.9826671781116858,-1.0491477519890966,-0.9478607708008605,-0.6291397203430397,-0.6796360239106336,-0.6486779771585136,-0.43554516738672083,-0.039076912516272405,0.05048683895525832,0.3032370460720924,0.4568754952345102,0.35408305698576575,0.5078765185775166,0.5995239738382604,0.7552222114108851,0.6624420212438867,0.808829719562726,0.8625192837433681,0.8454337452450426,0.6627507855871834,0.8813312089385794,0.8135772544255744,0.7402929736985444,0.47678362237425287,0.4626796350111126,0.4465502485327712,0.42370020836320876,0.3810061621582542,0.243689306546086,0.16634659046551376,0.15789199519494737,0.16923333932289011,-0.037967686521553565,-0.08540521162503123,-0.07453732964359472,-0.1940550958766573,-0.1618058426360914,-0.30693659698491316
-0.9893286542199805,-1.0498564359079834,-1.0087467637873273,-0.8662451782368525,-1.0040567601230006,-0.811184950463837,-0.7469491249769283,-0.845136832107932,-0.49130318997577155,-0.6388175914468122,-0.22492156090027784,-0.386152135031973,-0.012549562277777471,0.05502638603463669,0.41782500121899435,0.5981705880608605,0.5845642640983342,0.6605125694741428,0.610574652637458,0.7748494080201638,0.7724520102536542,0.6854637096038403,0.9109935958469295,0.7565632701226433,0.7634411007080131,0.7307473232600177,0.6859087042772374,0.7200443770253274,0.48087417660541354,0.49974545614171245,0.5151695782872203,0.27924807294004844,0.25411709835384994,0.15480695286479654,0.17565744928677476,0.08568082564978957,0.07757523854726148,-0.09618777154195154,-0.09391068228755421,-0.09774933869866594,-0.3121700281404406,-0.24915415985579456
-0.9833679453401873,-1.022982451621568,-0.9716335932112133,-1.0283916645973683,-1.1278432034062662,-0.831310825735694,-0.8527072234724729,-0.5934489318025759,-0.4710111392500773,-0.5650720286354671,-0.39915589219941944,-0.27043298134075877,0.15337434063796182,0.3251404015999996,0.294099614788509,0.41311844940761994,0.7285904481550473,0.5152788654786035,0.786298659947994,0.7950646323576478,0.7441085410074844,0.8410625810617073,0.714249984434155,0.8068055008018534,0.6560003822648234,0.651052822552689,0.6852536882569745,0.6006087920665504,0.5541070480087396,0.4545831523079401,0.5566333342934094,0.43018666398801286,0.3442515074804554,0.3020257042268685,0.1187615133899584,0.11389072937582244,0.01692179378195031,-0.011588779914198955,-0.14810112210604406,-0.22060824363734144,-0.3008644579310191,-0.23277265755591192
-1.1024781925870697,-1.1419140918192003,-0.9583959410516073,-0.8719613869306961,-1.032718177850375,-0.7776416333335444,-0.6814667462933549,-0.6968960635773263,-0.5237682796995813,-0.474425177053303,-0.29167621235063473,-0.08210359767639189,0.14861370743998129,0.31750867888249984,0.13944226874809917,0.41599756805692917,0.5657170073734086,0.7027955915722386,0.6345045894578811,0.6715939669200526,0.747993354533084,0.6021138158514812,0.6660405093005152,0.7017151421759164,0.6019809889789198,0.6977516877091829,0.5405310994569713,0.6286461652265848,0.39153043084425054,0.4284085709418105,0.4339719012650704,0.3888829758594607,0.3128331898190734,0.26905534793470154,0.08292812685930714,0.10973391368388925,-0.0676796468353027,-0.01563847293877385,-0.08607691901235953,-0.23434577775592574,-0.21711913694407795,-0.17421471589636472
