gfs-wave-data.json
{"header": {"parameterCategory":2,"parameterNumber":3,"dx":2.5,"dy":2.5,"nx":144,"ny":73,"la1":90.0,"la2":-90.0,"lo1":0.0,"lo2":357.5}, "data":
[rows 0 to 18 of 73, columns 0 to 41 of 144]
0.2984039122380909,0.2713816950874639,0.169713811000721,0.26062203443662524,0.3642289766972002,0.41670613069293355,0.43994081274011987,0.5970280947500112,0.6299438369987024,0.6685614460270604,0.7252095236797295,0.6889282598718857,0.8005154924342363,0.7452954809178659,0.731235023462443,0.6793207450341009,0.6856423534503713,0.5388669449456457,0.5312552670153594,0.411926232305122,0.4910038392787982,0.5518263018964193,0.3266560331261889,0.45981078776228074,0.4426793739629228,0.27167550799412393,0.43054036999981055,0.3123254754892094,0.32136363431021586,0.4642161312512885,0.4144594966411532,0.48247326516936623,0.6104064408994001,0.43045899809442884,0.5138116158830577,0.4868986447921479,0.40392505592418515,0.540047963324105,0.3916055945179983,0.37839696455033706,0.4175726973460721,0.3908651588794455
0.24707430702482458,0.16166785301552528,0.2289603267691416,0.3554531868664737,0.3037363268458595,0.3939585476736134,0.38570179775397184,0.4761632717225389,0.5003959807276299,0.6784758081206906,0.6793298231045928,0.6121204938420808,0.6400617634917164,0.788648919055778,0.6502081270614897,0.5835008948345284,0.6700413341518442,0.5986244529768833,0.5908025809426872,0.5796890134633979,0.5054821390973053,0.3059770134946673,0.32526697065368243,0.3650684132252715,0.30719366392690634,0.429990337251096,0.4116959693665725,0.4051371817453601,0.3563757929199318,0.5063942979989529,0.35203288389884074,0.5276853180625731,0.6080776792237905,0.4374104940687503,0.45979982444475553,0.5803090639194022,0.5204824653456861,0.5512313826332078,0.4576075335539612,0.3127430051585395,0.41036712103128514,0.22600320677776
0.2547640774806044,0.24122029694523237,0.31840180805270113,0.21207073119664155,0.3369505888080827,0.3830899138700065,0.3493890273661768,0.5451011739672231,0.6721060503207559,0.7130565067560501,0.5703513700748285,0.5834920266317479,0.685209972910334,0.7479204368433088,0.6917888187476146,0.5989928470341213,0.7415423036189897,0.5934443873327512,0.5641638271206973,0.3427937538501536,0.3618512735837298,0.3515747934302137,0.4482970629512904,0.3069042369805609,0.24547003182895122,0.3035388279384962,0.42872402039023855,0.4735122546361608,0.2807601357369554,0.3337615404078468,0.5326642681273251,0.5565589415271691,0.4067141802100392,0.4461447769938205,0.5239014948577775,0.5125702887048874,0.5245499416101052,0.4220271513979599,0.3783363659381324,0.43611223481044714,0.3798162298061831,0.24860361458930705
0.16190718546641644,0.2642316112103062,0.22015439264151418,0.23067545271523798,0.2794092994448321,0.3591916201277517,0.43299339281208876,0.38608970959055106,0.5635165198579891,0.6688321112995286,0.6605652760620558,0.7207064220451236,0.6089572563850494,0.7714425232883079,0.6804487410520236,0.6053631117560099,0.6383899116902733,0.47809836315555754,0.4975910950448464,0.3684229241780912,0.38427827115135227,0.3744354727859166,0.3868167226384315,0.3375449522798656,0.28758689736551785,0.42605828352829367,0.2618111790127309,0.32474018526969584,0.33366491139128,0.4761617154844159,0.49647731756602653,0.4287051194896321,0.47055285685501685,0.4384175173002213,0.4332866698562647,0.5698728886877122,0.5115934853875431,0.4918441390877184,0.3052540774766966,0.29387581497560983,0.25536602317291185,0.212879039695621
0.18140450045694537,0.3103968097205006,0.24286632626405374,0.29888823608498727,0.40077114828955496,0.31672064782174636,0.4119747540771227,0.4226925477414035,0.45242610652663917,0.6053896943411335,0.5807457590051729,0.6190108715509277,0.6688515457063213,0.7209535803818344,0.7105273641447153,0.6421611587313887,0.6035296240009169,0.6769656409600201,0.49432726961565887,0.5222964989938187,0.41739259317424987,0.3720727708938314,0.3745982065419856,0.3565003227337607,0.2751104121570508,0.357550961960177,0.3357170367308975,0.3971711313391227,0.36036450344926796,0.4005580594307655,0.40862261740008704,0.509527208146989,0.4727949167238567,0.5291053333959631,0.5213759426857731,0.490578157875317,0.37665060807409184,0.33312828882049483,0.38801533966491236,0.3749424576003826,0.3966436604046289,0.21127094897212512
0.2937290625058755,0.25948539167921164,0.23408450658811666,0.309044597068795,0.3396154751285772,0.3000116883322234,0.41082402097162407,0.4563732156142303,0.6042513598057767,0.49471458262905343,0.5936699605045432,0.6429134464581133,0.7375436317793166,0.6162227799718935,0.7220946914185217,0.7205474013178536,0.5421703960091465,0.4311969984174785,0.4254253875170505,0.47431831478852127,0.40152991922438896,0.29782302008382355,0.42802530026260016,0.3521043201532537,0.3672967843667467,0.3241984292270733,0.25764792346547677,0.40957159941260246,0.40543010913176136,0.3342620253762308,0.46160624938495975,0.3633925542425003,0.44082663406493844,0.47479166452582466,0.43869114829814576,0.5238746924093944,0.47751743272647745,0.3355499558118874,0.4186283295939721,0.3397351515218911,0.3269258164522511,0.34698148048874644
0.20764022414830183,0.16579973533272385,0.308976403004781,0.21256185188495333,0.2905188174231592,0.34906556749277906,0.4117554042307195,0.4296452979501738,0.5234881506624752,0.4794123300981649,0.5270903705534168,0.5809826453680653,0.7136122029973151,0.6586054468631422,0.5544110421697369,0.687406627265529,0.625877882765683,0.5958461158955191,0.4646004141626673,0.41479180108950825,0.35564532472152327,0.3747083611829417,0.38947675245240276,0.27849388036219874,0.334745703822334,0.2919457751800871,0.3934600153021353,0.33002778510695796,0.4488212717524442,0.49778769630704023,0.5108117724949708,0.5018050984398894,0.47878670761050784,0.434424638702448,0.43631534407533856,0.39638336590338324,0.4329025796846063,0.3104776447978286,0.44061578186234646,0.3612062886160847,0.2995325283175062,0.3145383524813443
0.19579916819251827,0.2275351464566423,0.17659839230274255,0.3190588750822068,0.2750333955315866,0.2691308320476628,0.37976164989932837,0.5304703619600225,0.4025877751640695,0.6669706176291142,0.47701514780781934,0.6931303837067556,0.5454761281406585,0.528568845293873,0.6843998755878579,0.5068297390674819,0.5230752518118953,0.6450910212084426,0.4900874687755491,0.514252757766113,0.4063015687493813,0.25783688661220405,0.3239906915509199,0.25967784525740517,0.2630978508353128,0.23338507367254807,0.25633558631170167,0.2728021037512031,0.3323463095060843,0.45311428232739887,0.43798837818215863,0.482724632749671,0.4270621988611989,0.4109298015822371,0.46622961510120053,0.3904955735827013,0.38345317481089475,0.3257662714787736,0.350300680006969,0.27823989878741356,0.36691587622882416,0.27815323482845494
0.22338289819551768,0.21683590410796297,0.1807606534421007,0.20520189373598038,0.27708221865184035,0.2985509654484672,0.334180121383327,0.46362401903817985,0.37352722225369606,0.46530194263982616,0.5360148261472704,0.6288762094880475,0.5730683222969424,0.5855876859094054,0.5925554181931345,0.5976635781112661,0.5306531057944324,0.5454293680665114,0.4892917306095972,0.36852211456368594,0.34751542949113745,0.37524986592958437,0.38476919956164923,0.3028745615302514,0.261137303396961,0.4471213424535234,0.24725678656917663,0.33452787547508034,0.4567998582564064,0.42178460873492746,0.3715559739010252,0.453275137270256,0.3795634523184266,0.36007279125201647,0.4757799719214924,0.3230500415244801,0.4128421034546267,0.3192697189608149,0.2609220898067601,0.36220632397159014,0.2925093230525813,0.18928611887716892
0.20671148762213098,0.21973833378025362,0.2572539582046518,0.22371849819790213,0.3264839865662629,0.35370532159276147,0.426669926375665,0.4542816417000131,0.5663640579314712,0.5844125085241666,0.6622829496401852,0.5885923251315697,0.6826216832448309,0.6948598732533049,0.530397627814303,0.5111650704154793,0.5667776712959389,0.3825002246543153,0.5977206831781944,0.4603967909118149,0.3665895988253427,0.3271853946193907,0.43755769287071195,0.2602830311909834,0.2135956962465597,0.3867601555699279,0.33107857317073525,0.3783437264850479,0.3150157829733189,0.3302831676576338,0.3942376144949748,0.3363306703382302,0.4000956176347697,0.4452990233194914,0.3454718660005964,0.4784741877523579,0.32035236970231146,0.37607353125629334,0.3944507744709649,0.41188230055235986,0.31194399514176113,0.25160608499682874
0.12375668320818138,0.27348471275023517,0.13979847449658447,0.23807945155416094,0.3663868750832025,0.34304109894115115,0.292290159343335,0.37337045904753596,0.5496677523083561,0.49335606090044626,0.46696276384159036,0.5184443968774853,0.5743964601899364,0.6923898390001013,0.6519377449064038,0.5725934549993387,0.6316775692239369,0.639406599029913,0.5010958590718347,0.4472126075505574,0.3550488817739028,0.33949745621693056,0.3301516941602689,0.2608702256617656,0.33675734731431617,0.32764862612504825,0.3652807749001678,0.25869970243280493,0.3011695112794803,0.38061213485070056,0.3257293674639843,0.4532708332859481,0.4594060952522869,0.33039121379733954,0.3751811419812941,0.39738388653023443,0.4604225667749642,0.27330174250393774,0.25372887878631667,0.26648598349400554,0.3630329779433514,0.19281742923738998
0.16591812335895886,0.17031519593532743,0.3025689274294647,0.28303935753012005,0.31746360719789235,0.40466108639362014,0.37287807102532,0.4673622914261233,0.5060605908638951,0.618513640000969,0.4941449182682025,0.5641993930165521,0.5141607950585142,0.524327885258988,0.538264258804041,0.5113208874211794,0.5078355413146639,0.5093451285015842,0.4812656354443133,0.44380894923657704,0.4029236668409063,0.3333881501613866,0.24268390711306867,0.23844831903399755,0.3233293873793011,0.23960565646245632,0.3244640978679832,0.22606434041393572,0.26369779367356083,0.33046858723757483,0.41909568569389444,0.3238407654759889,0.4240549559777675,0.43390112522679014,0.5049255047590921,0.4578326866266257,0.3866900775938198,0.347172826182591,0.3343161767622678,0.20792146053236016,0.25131889019597936,0.2732674724976736
-0.17353998416832803,-0.10334848716100926,-0.18928743300330636,-0.06880865853245378,-0.14583353713639846,-0.04694456975706841,-0.15099470597773415,-0.1014183990412466,-0.13333351058573595,-0.0807920583645158,-0.1638049634591879,-0.07474965751941716,-0.04813363813593744,-0.16014171301628533,-0.05410473128014668,-0.15471141902763555,-0.21229825055429077,-0.12733601734949646,-0.16596260457146886,-0.10346306899153909,-0.07534651031756133,-0.20389716533665309,-0.06144635203510049,-0.09679812600991752,-0.12718218740227866,-0.09549833846873701,-0.03872662159585352,-0.11692571846259937,-0.14894265354803757,-0.14948447993973948,-0.12795755662958697,-0.12032922048729605,-0.026754027345011012,-0.15110370520381167,-0.19343466499219616,-0.20039707112877114,-0.04205745988102014,-0.04892427496378703,-0.11588581209939677,-0.18188241149314355,-0.055978468143305815,-0.19364519911183148
0.3890658703662642,0.4734696055684488,0.1301774126137713,0.3747935478112256,-0.09577485787744798,-0.02578292663823358,-0.05841649752532203,-0.17216407257655844,-0.09671206263411285,-0.1287557674005495,-0.19045316290454173,-0.0631058759936605,-0.030107027300211236,-0.06333761766213274,-0.080451936944048,-0.08223333208335673,-0.07461769579369273,-0.1500194238700529,-0.17880224807708184,-0.08426175989517347,-0.019706276992903997,-0.09139402494398578,-0.035880784358933236,-0.11537414344405855,-0.05727557408132369,-0.0785280126499732,-0.1607082118151477,-0.18388443954124123,-0.09586591975829813,-0.0777515360808045,-0.03991035015902031,-0.09039371881102133,-0.1903162531968618,-0.07079882004029908,-0.12880140528235323,-0.09284963807396998,-0.18614954865409422,-0.1192396678242014,-0.14099048179673215,-0.1762754890640121,-0.17586737191918578,-0.15547359980751974
0.3360281621656925,0.6423180106079027,0.12378102398626215,0.3423476558743311,-0.15924253239028577,-0.18670291555466498,-0.0555617484891279,-0.09626984702747043,-0.03957936505711627,-0.03588745276253251,-0.15410062009763895,-0.01872601572148488,-0.07764872525801648,-0.17660436960675974,-0.11759246264493455,-0.1142432293952026,-0.1984111045764656,-0.06852746582718801,-0.17962184889223778,-0.20321571835982616,-0.027328284991236036,-0.012187977629039578,-0.026109323218155334,-0.12494016867493359,-0.1057826624175256,-0.07196908817863536,-0.03125820026663526,-0.11364664394011209,-0.14034753978579437,-0.13433442686108485,-0.05715954073961403,-0.021880394150484768,-0.09408227412191299,-0.009511601242215305,-0.06656828879238602,-0.14198681641489563,-0.18750790930253552,-0.09203929855396675,-0.12591783691491557,-0.11066258873175336,-0.08291175763132072,-0.20735515331155302
0.3554884720053907,0.6471722225460718,0.24117135089144437,0.4844528202792961,-0.11534286645870571,-0.16337017217624303,-0.12637932813179611,-0.06635628940367151,-0.13828252250551018,-0.023678181966483382,-0.17201203560859482,-0.052871936375643115,-0.18867204459960915,-0.04706487803153281,-0.14073686794382248,-0.17406224314258228,-0.16386114117461775,-0.08221386095037,-0.02833142000651886,-0.023379768134063228,-0.18396206225174727,-0.16290946679931673,-0.03453604698161625,-0.0822052896148953,-0.11931147738355159,-0.1640408351650649,-0.02696059255667038,-0.13789599588077384,-0.10456479336852552,-0.10873506144087078,-0.08582399267892346,-0.10805782922833333,-0.13306878606702344,-0.09494784835311385,-0.04325586848548964,-0.1850356711077293,-0.10454471062170691,-0.11439113629416314,-0.08918651311010753,-0.16036615648777064,-0.008483630217355464,-0.1495776349154186
0.5687937545771051,0.6490109827197869,0.06896489968187185,0.2034352121553059,-0.09280629462314184,-0.022701830641841052,-0.1960050954300183,-0.049562073276811024,-0.1768479766975182,-0.1161123003549073,-0.13812678763855565,-0.07271580892762317,-0.18328307993439066,-0.016074584720721503,-0.07165593842873183,-0.015741144139331382,-0.12298956383918784,-0.04389416567128422,-0.02560817978263081,-0.18640086794055294,-0.06748443282624508,-0.05650154400979863,-0.15831321446991523,-0.041672411256305386,-0.010604501911591778,-0.12310680508642137,-0.07908028495184037,-0.13798457968940303,-0.12109570915153255,-0.07736890246065259,-0.15015640686880655,-0.13406387477562734,-0.18626753054635786,-0.16388462792326938,-0.06972032624487547,-0.17165832946110499,-0.13287274101908536,-0.09070982460792729,-0.13175515634586915,-0.08962091123789634,-0.05867435869813256,-0.07563704243002739
0.5942209407883401,0.4510554660747273,0.5128236429562197,0.08998432170438465,-0.08183819717266211,-0.12270919693674971,-0.0912772967983496,-0.1780564595146212,-0.1527161823766638,-0.1770404666598777,-0.056221365169679745,-0.04576869787809642,-0.07894927989303889,-0.0010379732477335424,-0.07055963288883485,-0.07153872838844012,-0.1399747646277371,-0.07891513540329413,-0.17635448380384053,-0.053338538783489986,-0.172926058351807,-0.17598135630760048,-0.08313865588056003,-0.19940636030175884,-0.03651471915008329,-0.07675572169861918,-0.07565359887525788,-0.1390848053347023,-0.06210413632173223,-0.1434215450194402,-0.07967040205147943,-0.026924017190089293,-0.13608241642078836,-0.006107062100939981,-0.06460604175250474,-0.10326887180037811,-0.014791638210338345,-0.009550524116334082,-0.051169402931175445,-0.01315435257846141,-0.004137617595433125,-0.016872189403700066
0.4935189981889534,0.05097964254434283,0.6951363574943324,0.5482629782849359,-0.07622744488700368,-0.10847129437187286,-0.03960140998699396,-0.10105788790258527,-0.04185224108501531,-0.18929727072492647,-0.14659186230301963,-0.19505606943135656,-0.17065504244407778,-0.0071401501516662825,-0.14933720286732774,-0.16469059267066222,-0.10433312056298917,-0.02013155762532037,-0.15663006982791305,-0.12362398045307053,-0.14722110608805444,-0.12394858768622198,-0.1068628184517445,-0.19016292394466297,-0.054677558430885405,-0.0740988442033409,-0.13294293102866284,-0.19431178056035864,-0.02895630682122233,-0.11877533067746476,-0.1947445529351565,-0.02656244570196588,-0.1504397854346126,-0.057046247350226315,-0.05643422429501203,-0.03039411154208973,-0.1751623746691161,-0.15037635087975262,-0.19322242743129722,-0.1424951073208721,-0.14488394292946427,-0.17407839557923488
