gfs-wave-data.json
{"header": {"parameterCategory":2,"parameterNumber":3,"dx":2.5,"dy":2.5,"nx":144,"ny":73,"la1":90.0,"la2":-90.0,"lo1":0.0,"lo2":357.5}, "data":
[rows 0 to 18 of 73, columns 84 to 125 of 144]
0.9283648184341695,0.8283135932739883,0.8792204825725451,0.7706602612540657,0.8322452635100607,0.6210358583869698,0.6203193224375532,0.623752968196918,0.6874931914754313,0.6202180824231434,0.6520810077561101,0.3073720285565634,0.4246886104934367,0.318344795760214,0.5494393191054157,0.3870388399294163,0.5475283015873073,0.5655424251347089,0.6090481790175796,0.5665549191081537,0.591380252570296,0.6860412337415788,0.6817611042207028,0.6931741617701351,0.6720906490426234,0.5575737342029657,0.5897010646330756,0.5037698489800047,0.48838118292217725,0.37719039177934877,0.3941976959960674,0.42165529288498493,0.3192357073858616,0.36182351180721467,0.23266191446899476,0.17840508777481082,0.1909147136278329,0.17547800085697987,0.18694766922555853,0.17397713307864282,0.2626018048554628,0.3014932547608057
0.9053144267971209,0.9202431652099061,0.8971758354077888,0.7648361146770835,0.8475087394438502,0.7901278493114707,0.6035600079710555,0.5277198347485232,0.5189638074681286,0.4755638797067691,0.46248562154103817,0.5635223202888596,0.38719743431945436,0.47606686255149705,0.5328235751942705,0.4775719913261771,0.6148974254921892,0.5303539518484093,0.6307173315448955,0.5252279163753992,0.6016937408601645,0.7717326137202813,0.6518772995787298,0.5906262224309227,0.6712248689030771,0.5762696793662134,0.6705870448998087,0.621987360537772,0.4113913516838663,0.41048782255322624,0.4352029240534814,0.32977166127535684,0.3777507021525044,0.20238699713425204,0.21858954885397014,0.26746997441648307,0.1649743418802673,0.12843392551208244,0.17750990877679054,0.15519486459185416,0.2733280369160372,0.3259912262935796
0.7668333196792766,0.868869685554647,0.77289584695575,0.7669655142271683,0.8263402800884467,0.5534332254228492,0.704954421683648,0.47269873061037754,0.4249414249451999,0.4657952051320956,0.4691893494538505,0.41355144436320757,0.3935107718356424,0.49288770152925365,0.38670403665886044,0.5320684631829038,0.44990133270920024,0.4235597794596886,0.4485067195658269,0.5542995308400478,0.5894559814323848,0.594204543981271,0.7227003208240594,0.6686579275797079,0.5938666343014269,0.6316843125178357,0.557427776181067,0.47615546411867293,0.5382332634997711,0.40387344617132087,0.3528429538752169,0.31127223083227823,0.4150432211380714,0.24100808760865924,0.24486433384783285,0.14563903386096824,0.21397692554442893,0.2362285031249204,0.1992241952936645,0.14837328101052527,0.3157315729952375,0.191081697187449
0.8311903514865057,0.87210919201794,0.833590306500606,0.9202939088084598,0.731134794266199,0.8710435937466285,0.689398925473486,0.4880563061357696,0.593472420583653,0.4393537781774418,0.489374399016404,0.5476786239778643,0.4198802596648192,0.4740280375962257,0.33897393170310725,0.4683960833262563,0.5357795149438475,0.4208905150970035,0.45312411224285426,0.5941113940379008,0.49636565121756687,0.6152808802192603,0.6690333488526812,0.7651076899300187,0.6577307205393517,0.5910565490439568,0.5055502842916739,0.43163845910490767,0.4410825560701028,0.4365364684825397,0.3168196153403813,0.3303928005725936,0.25687960013896677,0.2665606246655451,0.1606092258553581,0.254688888789826,0.21623624231015606,0.16881335890794683,0.1629455475926582,0.2125362918251068,0.21702009417383983,0.2792664786483732
0.79036233001318,0.9350392841906884,0.7942290686454667,0.7001716591070363,0.8688092647552426,0.6535612987864974,0.7224542508933073,0.48288565372111514,0.48280335971898874,0.3913076416444689,0.5019683981861732,0.4091374500900109,0.4590050228894366,0.460563971422145,0.5708625720372716,0.35322892314169513,0.4144301645785048,0.5646066814146405,0.5845900815229049,0.5664920120868577,0.5964579862472991,0.6819366072332937,0.6256135402089569,0.6135616445816316,0.5754350049546333,0.5611843707457117,0.5743835774772157,0.535523452025321,0.4186952323935195,0.3965327101861233,0.30561727880214734,0.39355802860908284,0.3340385234853787,0.26191967599616933,0.22943870766689747,0.2536492514827485,0.2403979001396659,0.19026235310765288,0.18497972744920646,0.24026426072996257,0.20470124876424145,0.235446189952233
0.8044701028284842,0.9350980498760425,0.8750781114089049,0.9231913852986067,0.7325585387890787,0.6959227074175268,0.6632100319280315,0.5672596104333146,0.6326127775373137,0.5478721702730106,0.3352178263021335,0.5481648088824721,0.4387612300148814,0.4505893093774346,0.49408962706973425,0.5018865914011679,0.5900451582219691,0.5286375561136288,0.5454868529801229,0.5454405714315033,0.637841359755263,0.578104558315582,0.6091565228836504,0.6240150486544804,0.540196940327289,0.6309054361842898,0.49112734276730424,0.5040829809990054,0.49511522404851865,0.41282833529138463,0.31374408838026885,0.29004276314491767,0.3809199757502495,0.1987295424426726,0.2118689839132026,0.17816850099127496,0.23913989453287474,0.2313442102876712,0.3042958061909195,0.13920788981972454,0.23215308107457672,0.2491864831630271
0.8508314613903241,0.7556179491256153,0.8321705735990123,0.9188981622595426,0.7102474047716392,0.7349825404264945,0.6423268123832463,0.6060754573467027,0.5272137052340604,0.5802027352081387,0.4966658477600098,0.563569375008975,0.2818992398193429,0.36270962091756065,0.4867005958725154,0.4868327322385094,0.4993417447142933,0.4836634599200008,0.5762735265198966,0.6750338487776295,0.6018113835648331,0.6175650657199038,0.53887736030047,0.7158194751408234,0.6279888602529135,0.6716744663267081,0.5208570620742482,0.47204947273703923,0.562570091729414,0.4372019422946318,0.3494229826469601,0.2856476328201272,0.3332044565337214,0.25778042612564994,0.22496721341552356,0.31548652334289823,0.2061948816723235,0.3087813862242798,0.15525624638541666,0.21980779679749632,0.18905214076991175,0.2657124836084221
0.920291143728044,0.7650800418707123,0.9067365725708505,0.7645369259409066,0.7590957636023219,0.6196170654665354,0.6802472633573471,0.4630733059982663,0.6200885857563623,0.36924355589761604,0.36343539641739864,0.34900546979561564,0.4146265761285617,0.4571854895593511,0.3705058824657472,0.37335521182288517,0.4296399994917265,0.4310153866358487,0.49874816291807333,0.623584942935336,0.5499553581143748,0.6274866617847866,0.5285837670388663,0.657704288500732,0.5982738720287908,0.5355452994909037,0.4935502176943964,0.4595972898679336,0.5478019744640534,0.3599713318647021,0.45433589451731166,0.3628784324957912,0.31172307254067355,0.3039076408424154,0.23134505435864255,0.12633359085136114,0.14024391004656164,0.14531683561577563,0.13525711940612425,0.27833023997664,0.24003987776037483,0.2546299809345494
0.818092350705537,0.7752769967411777,0.8418552085184291,0.8890598485535453,0.8689004183654321,0.7527241488177321,0.7124417559674991,0.6506950248361749,0.5443028056558072,0.5563809435921729,0.5134744655913159,0.5631144358817077,0.5275538117450498,0.4788827056189806,0.5003945153712318,0.4531771081289662,0.4447617258008767,0.49031811058669444,0.5012544947162935,0.5581869019649792,0.5194270356456399,0.5142941906278067,0.6480998057893798,0.6314554846793543,0.5673661853736168,0.6753718370546236,0.6028892786109167,0.46289538870096575,0.43245017350843495,0.34270697648472376,0.3357889148012067,0.3881271070400404,0.23663719316903875,0.24396076659025467,0.2188296014999652,0.14985740877208498,0.10695548270610353,0.17151126093252564,0.19132694896557126,0.2486575000597096,0.2354357685144451,0.23669325323534732
0.8899700249294044,0.917531781042843,0.7183723927388213,0.8226960979900612,0.798212358903332,0.6080811236191844,0.6779604431132417,0.6450929323250005,0.5896936406961173,0.5490837518301944,0.41404085127116597,0.48820754537465233,0.48718692672144026,0.4065252353245106,0.34335818874340474,0.4010728889540341,0.46715370219754687,0.5354886674060774,0.5661072744127102,0.6079155588357199,0.5666719663176284,0.6425317114024993,0.5686750552377675,0.5828547825795433,0.5935930373485627,0.5377552262098558,0.4606852766794576,0.5644775753708859,0.3713963903843995,0.34397077482860827,0.3627726620699178,0.2805552475009189,0.2123190280758083,0.18333725369819934,0.1277821112778967,0.16222369068754497,0.2703050211162802,0.17582232189585964,0.13574511529077588,0.16565604199266215,0.17210403689821718,0.19047534689692017
0.7181904477075706,0.894488267319884,0.739573806090371,0.7442259078957242,0.7247292502428583,0.6999729649570976,0.5811725197762841,0.6118221109146426,0.5100866527100688,0.6388881841972801,0.33521375405696885,0.4026353610181659,0.4587562284562478,0.5176949649696243,0.328613247438995,0.47059564208338683,0.416554320404286,0.4609971488186675,0.49674736789136315,0.6524312210075989,0.5710860980056569,0.5813182751896941,0.6500846059026693,0.6763471898483228,0.6720398235083365,0.5459536912846624,0.5858280282949674,0.4950769077988515,0.3963580307655476,0.39591206544698443,0.31197042095622174,0.40504252411095754,0.30740340289367374,0.2464463074558793,0.2516992172604647,0.2383432166792764,0.1819719773150628,0.20850779353445867,0.1797529134412833,0.24066043464483206,0.1573117699715805,0.17462941297163787
0.7599200440702524,0.8715483947183787,0.7359067492245833,0.8300170673982502,0.7236104045604093,0.6324561524187738,0.5445537779549905,0.4438190406186844,0.4333857203648218,0.34030547218847557,0.4818473803297796,0.5342100319737166,0.45350196129563614,0.4646943170803934,0.35894041159011497,0.5413721742404763,0.5699156483132999,0.44176261010066814,0.5372786387123182,0.6547808817623095,0.6182286822876661,0.5988731067865488,0.5619946691299929,0.6479160530135324,0.540996946165537,0.6297508223683427,0.4785345493379868,0.5429728328032479,0.3902870930306059,0.3941969251871944,0.32168668724255095,0.3398888381388365,0.26814486485965305,0.26277699156329637,0.1286173132186111,0.16278903672069558,0.1395453482352873,0.14868622293000844,0.16867731288066548,0.19295037218359948,0.17444421950159908,0.233717178425297
-0.346742203703001,-0.4017834725925134,-0.309625028205224,-0.24527032733718082,-0.3163768142987221,-0.40842502840204564,-0.27102139090369676,-0.3707042457200232,-0.41559469415421807,-0.41634018652477256,-0.29223254152478106,-0.30202526566456467,-0.32896282161593454,-0.32307324450132413,-0.23086125799534576,-0.3296667997838211,-0.25484924817053567,-0.2754705901154914,-0.34635216697601356,-0.333042052023336,-0.4225160105201559,-0.27220412303239905,-0.40859537613478464,-0.35090601079414324,-0.3995185401988633,-0.4119465947099509,-0.23538161295341634,-0.25644925565142024,-0.28264126573653336,-0.3501359351226067,-0.3438804193270932,-0.37919704560240197,-0.39172354563333717,-0.27211045876512735,-0.3204597158988012,-0.3485486887055659,-0.23829988691490397,-0.4152744812590719,-0.23072231594982015,-0.29552879552749856,-0.3432961453693501,-0.2762422630318575
-0.35115682772344914,-0.3197655014071297,-0.29774644715977894,-0.3421938881401923,-0.247863319690915,-0.2638635660853409,-0.3820784116840882,-0.3141092953752772,-0.25143445145982735,-0.26890986597732175,-0.34376347863850065,-0.30264832427570126,-0.3149052281639699,-0.38391906938406684,-0.3009540841586782,-0.3257185633975719,-0.3534053020193912,-0.3014078807114678,-0.3623405180578265,-0.2791100447767344,-0.26689634854379934,-0.2656384996410076,-0.3538619652860623,-0.23055688680336184,-0.24882700307341038,-0.3651111058662051,-0.4110101047276119,-0.33857958527603477,-0.24716247987428075,-0.22936850206729678,-0.3867764827478201,-0.4079453068620989,-0.21671896073620797,-0.2719070106023648,-0.29580446111419206,-0.286597792715295,-0.2713812825434269,1.2924365040033439,1.2101267848346509,1.1227079320618112,1.4151776346300573,1.4404623506811742
-0.3216377652518108,-0.3864475116735603,-0.3284293566494012,-0.3670241448626999,-0.3723646568676739,-0.2532281356585871,-0.2647984695041892,-0.35948318283516856,-0.32380832412659,-0.2572074809885965,-0.36028814308304274,-0.3530926926774239,-0.23126232074576716,-0.22032581215997307,-0.21415651419408951,-0.28536091036164507,-0.30196539265670236,-0.28452365708072425,-0.37275082573578455,-0.27181719386259673,-0.27358905616537854,-0.34548854130237217,-0.3633970869814096,-0.3076030649069134,-0.3344116028366413,-0.2737214728095649,-0.34449370181160766,-0.31503401193325375,-0.2960047754330702,-0.3865243690383767,-0.3311688128429502,-0.2521503250159729,-0.23179713761989218,-0.23946124397518473,-0.3061275312300177,-0.3363420687048058,-0.40011883547984856,1.2486861934589757,1.3449203115378645,1.2662827643497325,1.542595101360073,1.5109638732219461
-0.19357702467721208,-0.19743056686747384,-0.35533986319293054,-0.2013418537097916,-0.31220536242507757,-0.19496092189316594,-0.21782672203811887,-0.22832151979781223,-0.3725467405827568,-0.3558834561014387,-0.22268981834274854,-0.2201913029950539,-0.3719143809023925,-0.3721739444957442,-0.26108031295314293,-0.28614802814487583,-0.2905644928388979,-0.1905099583030904,-0.357374498319095,-0.24858797422079867,-0.36549889928454304,-0.3734311042206143,-0.21103763956457966,-0.2891758161031933,-0.2517727818671551,-0.22997705561421022,-0.32075537730344394,-0.24632979384857462,-0.35826870450828624,-0.27836300264464997,-0.36963176156000477,-0.2329580964687618,-0.28496384275258063,-0.2722344521849303,-0.3473569332419344,-0.3452121596177224,-0.20405102438093223,1.3235579113517764,1.269465251334728,1.4704154285470314,1.3019412234286367,1.1616119221276782
-0.2911923635091697,-0.3472071362494797,-0.27154230256305417,-0.18884284132664733,-0.21956660115466137,-0.21375930290274203,-0.22611798953024428,-0.2609502647255981,-0.23033094139556784,-0.18841794422203342,-0.3548307736953823,-0.2738087500087578,-0.18464891146210063,-0.29035999488511427,-0.31076554206445317,-0.3062076831700855,-0.3077885862368931,-0.23659968990740934,-0.2713939674690575,-0.2829249553119607,-0.24613579589365644,-0.19340897253596986,-0.3613192912434654,-0.28736164095787736,-0.19684418165871118,-0.24024265487003932,-0.2473973182400423,-0.3455607422546529,-0.3326241716272743,-0.3505603448129975,-0.2806855396588085,-0.3220933396601811,-0.22868981711941208,-0.2727112472252105,-0.20869505374153435,-0.36342166158445033,-0.2266366761303135,1.1413170180798289,1.2789768945830418,1.1542153794992887,1.2792931023005303,1.3855188225541633
-0.27320128929519594,-0.34248615219060285,-0.2772376219727679,-0.27882900302096275,-0.18131081751242872,-0.21989707259955324,-0.3124035456246159,-0.2573828903340417,-0.339431768597422,-0.17755995446391423,-0.2804700339250346,-0.21923041543262634,-0.20326705577679027,-0.25022142054931257,-0.3113413563139086,-0.19553517997150996,-0.1838594974286497,-0.3215300610300608,-0.17565126510631682,-0.21420304686769126,-0.3023606107131296,-0.2589723032864323,-0.34108208063075507,-0.1678819373820075,-0.25365615630749627,-0.2728291436220547,-0.18558156654442595,-0.2973749871240554,-0.22112473749720332,-0.2716111121138571,-0.22140131719041317,-0.26772593538316786,-0.33775625483376753,-0.17302179231133377,-0.26195076059468847,-0.17877530854572612,-0.17940305816150282,1.2915339936483787,1.2100097586142173,1.3225185752322342,1.2595177386405407,1.2963065568741283
-0.3357168577533964,-0.227535524072346,-0.34788949375861333,-0.16895489190178625,-0.2561883244465111,-0.25858710024099235,-0.34184867240478845,-0.15556289384506056,-0.23486545122960034,-0.23727452332468554,-0.27704696639711096,-0.27744039751608257,-0.18191607393922765,-0.2627194504718048,-0.23127333829928443,-0.2772183253845908,-0.2833420755667053,-0.2389426334740092,-0.26406760446362226,-0.19554855954125544,-0.24492369524893973,-0.2920080498164628,-0.2992356350710528,-0.3370934336041678,-0.20680340882585935,-0.14909915854760672,-0.30077854561986006,-0.2310733763094398,-0.28822056964278203,-0.23762676465882743,-0.18789775670152714,-0.21149301644451265,-0.33865396125049996,-0.345673796316018,-0.23971580884891994,-0.2370330069534166,-0.34522017955452156,1.0798851051488225,1.2395615879553001,1.1147348180432288,1.1326258886638114,1.2507629261026552
