gfs-wave-data.json
{"header": {"parameterCategory":2,"parameterNumber":3,"dx":2.5,"dy":2.5,"nx":144,"ny":73,"la1":90.0,"la2":-90.0,"lo1":0.0,"lo2":357.5}, "data":
[rows 38 to 56 of 73, columns 42 to 83 of 144]
-0.31558945505028624,-0.2561975568816632,-0.22883138916140291,-0.21546280738589565,-0.08311567936893081,-0.06596961693108265,0.07906285647542144,0.058778694899178995,0.03552853776093577,0.19028875591382347,0.15033112770226065,0.15390749325443356,0.21544595789666088,0.2221246777605673,0.3159178418666871,0.3209635809722649,0.22907997964352989,0.38322058705909784,0.3153039846337443,0.3912663598134319,0.38662757805721987,0.4117301844120847,0.38991006711473897,0.40424814546981797,0.34570163215121796,0.33688755741764415,0.35145597534629736,0.12963655925622342,0.2400242482269391,0.17135014760407852,-0.06771623263253967,-0.18739909934185323,-0.14369132642860302,-0.339424213289981,-0.4630502059269748,-0.5165260566948793,-0.5089828730014355,-0.7926357749998273,-0.7702023166324572,-0.862111700105022,-0.8102970216927695,-0.7814924306452625
-0.2774901055033395,-0.35701041065149675,-0.24712420011520808,-0.19243794299444866,-0.0759932833728386,-0.0032413301631190974,0.0008847842531821811,0.05940133530875283,0.09635452986786304,0.11346427379368276,0.1601180422671927,0.29213619356539033,0.18809328995180466,0.2757570611131893,0.2689431041045133,0.2742034543299826,0.31332868098624195,0.4359489393551764,0.35551244018167366,0.3590652988644463,0.2942727677357603,0.3563783928558013,0.4056805640094307,0.4015267144466773,0.40051272370251567,0.3601394618984771,0.3181221745143384,0.2884239473161933,0.11504595542815808,-0.012618766408458682,0.009557270557863035,-0.1714547095694022,-0.12558640220615205,-0.4047699981683335,-0.4706476663962368,-0.4375905257617134,-0.6718504985095638,-0.8226983294142873,-0.8924543171268444,-0.8538441355626977,-0.996262674704263,-0.9022847123575028
-0.43000572186879105,-0.2557114285817965,-0.2572739868342974,-0.17533284501574428,-0.1039977867785056,-0.1079141923527965,-0.03764177822655287,0.007082060271674209,0.07141695488183086,0.14478653731364477,0.22055864033094366,0.2125569029418567,0.2480352787765692,0.24241263436992777,0.27918969086873063,0.32993264214500734,0.3050029301178471,0.29409621692187465,0.3604548617057333,0.2905675506742878,0.3347036593356733,0.5103649495619409,0.36708810423772104,0.4533241994597018,0.43431253514003354,0.4035120743641267,0.3003576905191953,0.18093975350354005,0.275809952270269,0.06252021708889888,0.0033606709505878073,-0.23555897209273832,-0.19920198120113178,-0.4324574605843909,-0.28415126353311354,-0.7153164773349431,-0.4851648895230022,-0.7037007994492991,-0.7929486306801695,-0.905515853850416,-0.8782091055119708,-0.8783519586723122
-0.3569610272579522,-0.33913787723378586,-0.26823578627717765,-0.22079777553652646,-0.05334536518649595,-0.0003726724496329759,0.05116274815543314,0.03152158291262184,0.08228250311443615,0.18359483700498497,0.1627310394089685,0.18563664398693364,0.28585478164269773,0.23082530210353244,0.3329360112261815,0.387490355089702,0.3099856420560795,0.3755319659814527,0.3260861982579717,0.2947356463344044,0.35340280050985856,0.4390211243398027,0.39720734613214487,0.4380224230338894,0.4568347167413674,0.3949783773044045,0.2729593881592166,0.2017201203094707,0.09703524233779126,0.05771300711768888,0.040433555615886456,-0.15522686590418566,-0.2739217033432999,-0.40947907371851716,-0.4797477999740823,-0.4427168058245944,-0.689603670773275,-0.6401895170592327,-0.8950632986515416,-0.8421715746081769,-0.9763017174854247,-1.0633082156134588
-0.19663752189718245,-0.25298690568388943,-0.37845609587603374,-0.26388362983893854,-0.3384628044754583,-0.27003763342680687,-0.2978057820507798,-0.19608514949636718,-0.21407582085885868,-0.2552600943152498,-0.33456022466140756,-0.2925308945260822,-0.24151652504926793,-0.3377549022097007,-0.34997985402869375,-0.37604052742980376,-0.2436568094215651,-0.2793966935387597,-0.3351220055393545,-0.33390496929227037,-0.3403100266474778,-0.19964800931146393,-0.22978948520588532,-0.24179348417696495,-0.35273161383209084,-0.28025614350020617,-0.386513208719575,-0.24391367599259334,-0.210312816841729,-0.22541866176337672,-0.34408864018282814,-0.24333070720719524,-0.23047224051533066,-0.35232735472749316,-0.1996926552157508,-0.31291468595046307,-0.3256411902711044,-0.25593990192640315,-0.23188772009797576,-0.22884402299976978,-0.31342564578159954,-0.19919991407314466
0.9899655457455342,0.8068113315818025,0.7192425205952991,0.8448464460923513,0.9514782938512897,0.8326817101495888,0.7795444329857146,0.6358018003525623,0.732746289755579,0.7353636310114232,0.7336620127575778,0.5931827237107297,0.591573140103689,0.6627032871660378,0.6761860339039991,0.4692541426543979,0.5568455901321768,0.6894881355180392,0.6051769889410626,0.5189493266417791,0.6051017799475478,0.38107371002891044,0.49678979814980667,0.4226640269674564,0.6197231316136731,0.5731069298866405,0.5067534813681471,0.4165282628825106,0.46432022525751887,0.376684688723208,0.4385522966686291,0.6459772400730411,0.42926452130263626,0.5742561790457152,0.6215267856144412,0.4784434898868024,0.6087503546236828,0.6099147508005706,0.27515317839834796,0.432986502801406,0.27740956109017617,0.5251410543138348
0.8347035821027456,0.9317398764977127,0.9689424838372651,0.8615518198206149,0.7124727768772555,0.7923691705729463,0.8466550220827825,0.7812563072522875,0.754553693420266,0.6418580472972906,0.5729558826386197,0.7059093232015906,0.7375064119977959,0.5746673481667401,0.47896926984822474,0.7066309907266372,0.5902040835638342,0.6142039335760947,0.459438699851346,0.63827508009949,0.5059291811792878,0.5913706575448414,0.503535566466838,0.4786858892728292,0.42268482598872537,0.4321084076147107,0.4724139535816268,0.3607397722926529,0.396050159020986,0.3874990962163226,0.47897056061629834,0.6179811860477347,0.5272973122033543,0.7129401666204781,0.3883219594180002,0.5870096434641888,0.4960981893958184,0.5850637475303202,0.5585748679683065,0.42059505944826275,0.5353090652619534,0.3585156402710309
1.001510427473689,0.9299121068550339,0.7652428119549168,0.8366037380083696,0.8367083546481343,0.8095951076958056,0.7800384886166941,0.8151540915874723,0.8469774102307905,0.7850766890187054,0.6709760534387696,0.6992521215024118,0.7232031165893945,0.6446615054262056,0.5618018808124092,0.5283328946999627,0.6690702041394306,0.5047180749695036,0.4977760443388737,0.6994529571063987,0.5634271775074486,0.43663087723500876,0.6433672607509626,0.4214990670012791,0.46550642193666447,0.4252414217311317,0.43342493756367617,0.4327885211414331,0.4344565075135086,0.5240555088487028,0.3854088230390229,0.50097154232306,0.5520088589370712,0.663930380220281,0.7146274317769208,0.4645133720196395,0.5124456720469537,0.6059562318977676,0.5520705097185374,0.586133962383242,0.4650395769557322,0.6001478012130012
0.9150116149714367,0.9830853954484811,0.7430402024564973,0.8539432600540656,0.7759081864149008,0.8929366464219939,0.7978223679387088,0.6761420380922726,0.5998552661212311,0.6251788898442484,0.7818298893645298,0.7419945152028484,0.6130263745226349,0.6266739571570535,0.6752526187730523,0.7445837624070589,0.6275372667437773,0.6633742439466097,0.6818704751485182,0.5003629563402523,0.47971860512290687,0.43402336656617346,0.5098310910751599,0.5784637313782381,0.526366661095001,0.438905541945707,0.5846247668515469,0.40210996673391136,0.39611380507715416,0.3931846854060027,0.32462314433779055,0.7965256617017327,0.8818167631495593,0.41445763072084607,0.49393183864373913,0.505826083688071,0.5444746232596114,0.33584307414266046,0.6198714971361837,0.3238357987821373,0.6490394637837005,0.3553734648015863
0.8133607369031741,0.9926511946147486,0.7989654182838499,0.9615110603115516,0.7151150384454006,0.7368680071355019,0.9618074689918114,0.9745517811828753,0.5985886941742201,0.7801021102165433,0.7171578797776507,0.5948269516117201,0.6595796955310236,0.5320117832331397,0.5750010941053055,0.5943834326684332,0.5219393474782891,0.7218676204602473,0.5422676788184149,0.5559919933311758,0.706253558626625,0.42852877008385976,0.6523825699835888,0.425129522513519,0.4119692477818824,0.39076765392321466,0.5047290251755686,0.5913904664805028,0.622073980255633,0.3695641218332687,0.36788513682472257,0.7197956628758141,0.6737786916430855,0.6694908518494247,0.630299200252286,0.7079353901773978,0.5564326438986675,0.34264153433821876,0.6504763116037481,0.517306095253006,0.2857669643472015,0.4160324788627829
-0.32285934163618346,-0.44355654042897324,-0.32178874965976484,-0.3036262278116265,-0.25622639906017813,-0.3799106460101005,-0.40297563102053635,-0.2969109779915286,-0.42707783462355653,-0.44036615489553765,-0.3869541721923015,-0.3399411274331595,-0.32207193811553225,-0.3473941714302034,-0.294259602961897,-0.4294474123275728,-0.4230357297541643,-0.3418757997824374,-0.41603552679902994,-0.36936031341181474,-0.3209782850071023,-0.4399097014738053,-0.3716256300031421,-0.3032298202213341,-0.31194676879388394,-0.38574482747157296,-0.403463057830485,-0.40365948962940174,-0.30053159695134296,-0.36431883666376574,-0.4461887302335224,-0.4109299004430306,-0.3144584581885178,-0.3488932160816619,-0.39750507327129936,-0.3771056551620998,-0.44471107141366606,-0.39454308325169013,-0.42213858793925074,-0.419025727927057,-0.4520304430234419,-0.45217048277498756
0.27135787324441973,0.42873687022435175,0.2996816486144451,0.46342534834816496,0.45752211605640597,0.5493482042206562,0.4722061215623187,0.5221750478239383,0.45725772909898454,0.42964074129094293,0.6279105308078904,0.44102168835027095,0.538692198957918,0.3360241210062769,0.492489693629865,0.5407761681000064,0.6581678015931259,0.4732923735689114,0.5472304430838458,0.32945018403826526,0.5312406292424301,0.5165280007526577,0.474428210913308,0.4374361236424707,0.14257812208901574,0.29294830705590164,0.14215061953607525,0.3411435470847732,0.2952132940552323,0.2777913332462116,-0.2165921830062935,0.16177910911999643,0.08898612344216417,-0.0981236108595561,-0.3378654492554865,-0.25560835670937093,-0.34127051550215076,-0.45517031712458006,-0.4983771391331897,-0.4956295310776246,-0.5670736876676306,-0.4343102950134337
0.11843340379016667,0.3210065769945557,0.379153297114537,0.2605526395321877,0.36426414367925203,0.5508249359741689,0.3113458769589067,0.6022940204259916,0.5675059399023736,0.5316206765166691,0.4651138866879321,0.5839048189587435,0.6030841653505663,0.46167792167005245,0.623462922033355,0.5317863061735457,0.6903541258996126,0.38035296247078815,0.6091635552627902,0.5485229078337038,0.4241825505274051,0.434874302609421,0.40806022204410963,0.3684814352137634,0.2824984615607428,0.44509870873519763,0.24837311176880653,0.07168564363149697,0.2191090548285367,0.20844686948114594,-0.04469201686948404,-0.11668960362200025,-0.3225493197123154,-0.049777084184661716,-0.28766387476792454,-0.24666232028780352,-0.39222435381370857,-0.4522234246477159,-0.38250984407891775,-0.46119608123469413,-0.24332532993205472,-0.4672071832759588
0.13495590216562736,0.398880607126588,0.42360104856367925,0.388492929531501,0.39281254193893955,0.5218233783750416,0.25909642090479607,0.34953944286166316,0.535090971096738,0.4987488956489961,0.4675255012731448,0.5277708768752307,0.5365716365961505,0.6215724958704345,0.6537037738609042,0.6429703973107149,0.5794262859989169,0.388603187245723,0.5688097769596152,0.5271184987599873,0.309512490145449,0.3845186037820448,0.4773739354174498,0.19769261917817035,0.4186777876337073,0.5045550768566756,0.05508709060747186,0.045542027488581265,-0.008436577651292571,-0.11026005371852693,0.0937404111694317,-0.012715504054751896,-0.035760706174689995,-0.2973482128169509,-0.03673613253194007,-0.3136984587259637,-0.42998773354801223,-0.4937273038366463,-0.5512632712123963,-0.3639375867539355,-0.35114960492270253,-0.5779419176213599
-0.4051316298828456,-0.3813041310903785,-0.43107232435197085,-0.36792812023402904,-0.3423670977035514,-0.3894618068538855,-0.31015766918403476,-0.3143192423078915,-0.4840862224939617,-0.3206683683465649,-0.3058332079340122,-0.35552861307298184,-0.47303959622337777,-0.3482044062435057,-0.322453428018101,-0.47209418734534725,-0.47120709369391417,-0.3118485317153499,-0.4255032781468625,-0.4196056989530077,-0.46288495312857353,-0.3629154758202319,-0.3534879685948537,-0.393661236913116,-0.38242518314623986,-0.4584532164896251,-0.3365252387447139,-0.3092038609099209,-0.42502605674048893,-0.4352119663549492,-0.47239063550839433,-0.31006326145790225,-0.3713803005169159,-0.3688043254576842,-0.4804591039720741,-0.4209130702379887,-0.35540140711722507,-0.4044815852621572,-0.3006582933219558,-0.31093068530352214,-0.382618580572677,-0.3418821697828376
0.3756036234078669,0.6268093173256246,0.5042107927074312,0.8506382564370649,0.946905310691208,0.7434928806655081,0.8033799389488807,1.3104750225330692,1.6846034140706876,1.1617148026743742,0.915555130955964,1.2105661506340848,1.4727075651235162,1.512169170333685,1.1408098463437097,1.0805174836623623,1.2656088209876606,1.4709120512051896,0.8808605150871178,1.087258915802585,0.6690355060106147,1.1248658040378903,0.7253869039837174,0.3208608271206453,0.5603980780370653,0.26727168425851755,0.1626167618141556,0.2574302646046795,0.4435074378192838,0.19629466148763045,0.2223505764115693,0.23073934509977773,-0.18688459092230633,0.028782993872134573,-0.04190241154669893,-0.5468544414046979,-0.41495832916493913,-0.5743507559670047,-0.8518684121614757,-0.6821629468230942,-0.5279837302698976,-0.7928113299224131
0.2926020370705643,0.5585507459889443,0.587841951235126,1.3027638510236474,1.2153654098380293,1.4685144465838191,1.4371995298524605,1.5366781018748672,1.2019650013152021,1.2420433834372182,1.1858068995805284,1.407915467719953,1.243335690308806,1.080524714505375,1.3793195632845179,1.50114769238445,1.2244759020448763,0.7636504810264317,1.0228716332217245,1.3474370249977698,0.8468287382819031,1.1368212266600668,0.6903381201308532,0.5411919169226038,0.39768774430325315,0.18966792381370307,0.2797555755105335,0.25212470175765495,0.5671219249370564,-0.21206380131793306,-0.3650345722167655,-0.28470959966369846,-0.19558751412097788,-0.18563901895417986,-0.2680467848852635,-0.5446412992856755,-0.25188865200730104,-0.24661172649823132,-0.6046496438783618,-0.920635585890847,-0.6243242699109253,-0.9153472491893985
1.0439558830255993,0.43327718173894586,0.8787540131054346,0.652251810300568,1.005416878256073,1.190137243198258,1.290842432258657,0.9906356516133863,1.6683084002329194,1.4991251548214763,0.9766500826070257,0.9844538748544424,1.5360642905551707,1.2174391683629613,1.2620904582751833,0.9192725291619814,1.044553430400006,1.102057400432286,1.3847008954072586,1.163388487216881,0.6088464000727918,1.2782767043747993,0.550606685440154,0.8930108585175767,0.48237651858351843,0.40436837691803484,0.6723285982091163,0.5552085267127603,0.2796165923729211,0.15223820023410226,-0.2032227165785663,0.22709743863041168,0.023642221470217627,-0.5316895655567242,-0.2766577542468326,-0.34660913792394554,-0.6400426480792456,-0.37662117057068717,-0.5612398762689419,-0.5460158519109725,-0.5191919913947901,-0.8313597792894489
0.6726170027495967,0.8489330527876922,0.6037324858711387,1.4069086654282326,1.424363055206114,1.26627163720224,1.049013859016353,1.2724747228837896,1.0134254814248749,1.612585464803462,1.6226962149476947,1.450748950311391,1.7693776501330905,1.3258729929465751,1.063272852488897,1.5998426907270542,1.3182804625521336,0.9279563632744847,0.8509947369691814,0.8785607566768103,1.205244735770132,0.835627749984851,1.0582615565898217,0.33389366503032486,0.7017432076474194,0.810537942630719,0.05478792154382549,0.08181634098486386,0.02740231472674376,-0.02041712892630363,-0.13199581428716964,-0.29074011666699046,-0.21209540506513366,-0.04697222084707503,-0.23125613017147809,-0.21460232461529796,-0.5316258909246723,-0.7569058096758714,-0.48276124269206877,-0.7625171560685211,-0.46700300522380794,-0.9870530333131088
