gfs-wave-data.json
{"header": {"parameterCategory":2,"parameterNumber":3,"dx":2.5,"dy":2.5,"nx":144,"ny":73,"la1":90.0,"la2":-90.0,"lo1":0.0,"lo2":357.5}, "data":
[rows 38 to 56 of 73, columns 0 to 41 of 144]
0.050921346846129756,0.021984553358670122,0.24851342015256545,0.35194062643133,0.5272210545414991,0.4678843384722752,0.6424864632824537,0.7151323699324422,0.7023043038013393,0.882753830940109,0.8952205411082659,0.8322710760078446,1.0618336207534214,1.0519429586350109,1.024175148774104,0.8240029589976798,1.0733728579205155,0.686776218989979,0.8503120628821814,0.7894602058886943,0.5742938566893746,0.3052858226910974,0.18242553117297036,-0.027303721563660673,-0.033331863060160505,-0.10691180559516733,-0.24679090394676112,-0.5167678009296399,-0.5923712788340074,-0.4206949943525795,-0.658624562801288,-0.5700715265951314,-0.8329713172474389,-0.7036580976640946,-0.7761279650870436,-0.7017551562304031,-0.6334186796290978,-0.5276392614943637,-0.45210362423472406,-0.4733760308912716,-0.5397534365265914,-0.4793815024759052
-0.12330186471656561,0.20827586063864165,0.10016217299288437,0.28647689029081175,0.30735905072149194,0.5277468494260852,0.5710910357102454,0.6877901066655792,0.7609378004029059,0.8712298980512079,0.9402297533289092,0.9210375863649299,0.8744952278117049,0.8310402937841582,0.9779260707836764,0.9289616310686072,0.8326082778062026,0.8558571918863247,0.8358033013327384,0.6133994951547783,0.45631072804824696,0.3488499073733743,0.39381826724488944,0.011916854500990849,0.13245626847575234,-0.2541903902043277,-0.177290954879791,-0.3352090751110379,-0.5303906689701007,-0.7186347733379369,-0.6662991559759293,-0.819317848845278,-0.6822091500290274,-0.8295397649149506,-0.6448629143038205,-0.537054307606537,-0.6904752661417074,-0.6810239449009727,-0.6502223638665308,-0.6055486412348755,-0.48785873099485727,-0.3402809790924038
-0.10861377863460622,0.1696007449400184,0.3523230404225079,0.2268677097437827,0.37616035264955694,0.5651850776440162,0.6660822859559934,0.7025109061191991,0.8590745678105487,0.7917988817338097,0.7962043413245958,0.9905282376694746,0.9047197031197161,0.9721080904442038,0.9730838787023985,1.0157700831292371,0.9166831429047559,0.9974652069230517,0.8028101135509778,0.7660254273531659,0.5776622418598419,0.38278894416683334,0.21817263135735404,0.2981048009659394,-0.034742873783384684,-0.01603240634777151,-0.42842802477370867,-0.47326910129758154,-0.3564882954686357,-0.631737401920261,-0.5544473381893105,-0.8336830175662038,-0.7188856381184832,-0.7059382175456285,-0.6482240881065191,-0.746652371550017,-0.5805801581109726,-0.604849803071903,-0.637989275724439,-0.546016865241105,-0.410176743998872,-0.4515543005700811
0.08495849999947988,0.18454445709437853,0.3027579097544272,0.4394174783891756,0.41966541260804824,0.6446280861957079,0.7180576877935727,0.6129985638780846,0.7661355707561187,0.9110707715972723,0.9201932608478909,0.8727160081816012,0.8213679567799926,0.8343281937294462,0.9559805784189995,1.0577448197369577,0.943297215020167,1.0453312095212752,0.9311744936769322,0.8479118660279906,0.40152639532414464,0.5582359052855392,0.14357080404187783,-0.017266445286358643,0.00819048871112266,-0.341316317855829,-0.1359760287411879,-0.3399802155556004,-0.6313432850625731,-0.7192587856900583,-0.532985323729964,-0.7180452059201092,-0.663173249519771,-0.6946101111436916,-0.8596796456645568,-0.6367400259331798,-0.736465869439054,-0.744471490613151,-0.600474519546028,-0.5362459566125934,-0.5073752105478104,-0.4822406148518268
-0.19638766379826905,-0.36335227641510126,-0.1878751076683838,-0.19534710835804242,-0.25714841244263115,-0.27275783921133423,-0.22450051130248794,-0.3168619123192465,-0.208265801657128,-0.21949274657945433,-0.26557952683550445,-0.30692828928340554,-0.23354562297860829,-0.21657520792820503,-0.30719121957362894,-0.20004803157574036,-0.29280405815233757,-0.3315464830331712,-0.1936852510441085,-0.32422320211630445,-0.2135412343091183,-0.37064926135467274,-0.3250055846625522,-0.20417193904367445,-0.21682040192840496,-0.21294290744452257,-0.3276436107024765,-0.22323708985925897,-0.34935898309862407,-0.3267241658393557,-0.3724236357037729,-0.308670050530994,-0.23337790514207254,-0.3670601346515735,-0.35471346405733784,-0.29444689550669967,-0.23038403587984527,-0.240836427285437,-0.21115138323248625,-0.25444097825708667,-0.26849888584459825,-0.24003415377186976
0.5306532559248702,0.6809224091988395,0.5143167304791223,0.6973294110960494,0.716406432332084,0.5396621243328557,0.7136886571398893,0.750513066331659,0.6279180964333071,0.7874969911166277,0.8866001209996668,0.766134169102614,0.8049953937802835,0.8023319348784671,0.7134774724188386,0.9644671489714237,1.0168571163995732,0.9353978383782442,0.7313509059751085,1.0581502286573983,0.9775698990492838,0.9996630760343015,0.8908193700732165,0.775359026978195,0.8264884775980005,0.9251438287187495,0.8172784900688099,1.1318873329479775,0.8460091739021032,1.0602319430474731,1.0577693337423035,0.9826023388422817,0.8984090993898893,0.866650105161377,0.8571432356131353,0.7606938243622419,0.98495471979419,0.7585445126662971,1.028816766245239,0.8032940391239713,0.9379020106151897,0.7756469797128929
0.4906694065688662,0.40836907342188183,0.6675191700021483,0.5289623737905417,0.5770518037344204,0.7809562640244361,0.5036872831601596,0.49121532245379573,0.6183944156524983,0.924144145799358,0.750013045818213,0.892424524818122,0.8998063540353746,0.664816879813235,0.7834290778455824,0.7441496847806182,0.8381035051503756,0.9611948850758261,0.9941409733845741,0.9654116982909844,0.7707731585542955,0.9340925065476295,1.0540846125038121,1.0417378082801771,1.0937347124239785,1.1046679086168298,0.8829094905457302,1.0759361713212952,0.8453658838792332,0.9818756113700161,0.978950686262709,1.146109322241848,1.041671203880767,1.0725479067433044,1.1629181840289555,0.9887611525386697,0.7687299564932487,1.0182388032465217,0.8178729337009553,0.8948864797103023,1.0400177149996668,0.8047157748631106
0.37522592456140164,0.6565637716668067,0.5353308576616675,0.669433108441916,0.6506867559303632,0.7009902706056321,0.5560367812924693,0.632618830025595,0.5552307346653091,0.7730749508760816,0.7329467506568551,0.8585366190848319,0.9893763261543355,0.7744889276653116,0.7101852004163366,0.9001479854478359,0.7628515588490308,0.7535663974577779,1.0129277056903325,0.8094274110916007,1.0823166541701055,0.9438912907411654,0.8231416277708477,1.075920328184845,0.9229186818871735,0.9832802366504111,1.009487729690066,1.1080138514454927,1.0105434734532082,0.8609148780952312,0.9920750251700561,1.0729539971617357,0.9325126815924499,0.9300819968350893,1.0257400658454485,1.0824994041235971,1.100312310494362,1.0886201898698207,0.9439350521336033,0.958811623802306,1.0386761326177663,0.8397540281424477
0.5582573568414002,0.4186218205238583,0.563838250508239,0.5771880813564575,0.695724808611302,0.5350311318544286,0.6799438907910289,0.586623453538635,0.6114533400429842,0.562658984275696,0.7192588219905165,0.5853086759565398,0.7991425596687104,1.019465102078874,0.887687605413061,0.9736757953665927,0.9836977787846954,0.7817866966948405,0.8667822964257493,0.742678916833727,0.8768860655485841,0.7939847883216256,0.7756821396641602,0.7861217735732482,0.9516441990803006,1.1884399560499606,0.8449576921102794,1.0742070930510583,1.1048503277992008,1.0549245609426796,0.9062426462978938,1.074351557770628,0.9663428552193087,1.0254881668787197,1.024931633267718,1.1640765644837492,1.1508679098111891,0.9548460227828197,0.9210696866596869,0.8966118984322038,1.0017737299316647,0.9084439836943091
0.5236251609415,0.48851196187145957,0.6902502238891103,0.675598537194477,0.7971355623511837,0.6362915873588968,0.6498527216374429,0.6797302043409449,0.6872997819293235,0.7045586596104514,0.6181514669357593,0.8129644027073751,0.8977047925376066,0.8936273695225141,0.9882828459303956,0.8418799868332169,0.7115136076409357,1.0034785650300408,0.8177380228846927,0.9436372364337492,0.9789251623475104,0.7636019966442242,0.9068734200679923,0.8684482008252032,0.9806020952190274,0.9462270044108416,1.007415443831364,1.004442406983985,0.8444370800374871,0.9142860011536629,1.0816492547639873,1.0271823490977396,1.1308648546262159,1.1360230361078514,0.8682890228489085,0.9581145665886972,1.0108441426092223,1.059543960369131,0.9799999140484735,1.0137967499016642,1.0060301632595663,0.9548180097309587
-0.40914314688909076,-0.4486820588307232,-0.36165944425861396,-0.3619474931014981,-0.2913243657781057,-0.428212253366176,-0.36214814845116705,-0.3753387194712948,-0.35624714527443685,-0.3160586672704734,-0.2881098080456237,-0.3677868500059793,-0.3755961170933166,-0.4318385606793898,-0.34760672837095846,-0.38812966319534997,-0.4396132601175939,-0.28371323290346534,-0.32559825718713736,-0.38413459915714016,-0.40662648538873913,-0.4242462793675294,-0.29955670069306883,-0.26418045404993024,-0.3781663580218631,-0.3774127730572031,-0.3276502307036489,-0.27450089975098196,-0.3354330838050523,-0.4096957394221241,-0.30814487043771766,-0.3739790615788159,-0.4277398067441633,-0.25896455433497,-0.45441390344601007,-0.25512768357351323,-0.2802593143379249,-0.28742649634990725,-0.2691898405684613,-0.3253956006484597,-0.38743353586262264,-0.3286302806110047
-0.2878481213118287,0.13150356300117824,-0.18068867183946585,-0.3384378725412534,-0.5608166424307666,-0.2219793902425632,-0.17581582858414527,-0.4566798031678615,-0.5589777010419139,-0.46666117438831495,-0.8706816368153559,-0.6699629642523633,-0.7866542604121028,-0.8471997559885639,-0.9742873244651952,-0.7702361275058957,-0.6556308598678269,-0.5984812797864797,-0.6373450328906932,-0.726667816482651,-0.7494016293674896,-0.8902470969414032,-0.6414509359755445,-0.6559354980526516,-0.477493051104699,-0.5047994460027134,-0.3689632492558942,-0.3635858654794935,-0.32525630898408214,-0.3769300262141622,-0.3132687752510183,-0.3937749029589244,-0.3939604905479981,-0.32241086904664057,-0.07633998740147228,0.14484506206949208,0.08501881038615547,0.20026567713102825,0.20913383489481469,0.10920989206234234,0.32815921979491064,0.30363138242648585
0.23163557840641757,-0.08032014562813568,0.0003954421836802202,-0.4605387223390117,-0.4251219497358944,-0.4018759671973113,-0.5355876517718942,-0.27316949695504855,-0.478299575488207,-0.6761375649969359,-0.4761677567233256,-0.7827883053476441,-0.9964103612834843,-0.9054877276035507,-0.8401798410859992,-0.7669405738692879,-1.0218186176068254,-0.6643797306665382,-0.5375696904062196,-0.6366386804373358,-0.8672300071360163,-0.5856184543118396,-0.7817247028624974,-0.5153800201135469,-0.5955025428700272,-0.7526668892867345,-0.3320465484968938,-0.5083167189402427,-0.397651941913254,-0.42972015136967984,-0.16762432154806808,-0.2161288046680674,-0.04372874163486075,-0.16415389139332273,-0.14395360389854614,0.09085484567603393,0.12234427017337728,-0.05726354428618266,0.059249893182812624,0.03204645922749965,0.35006704809094785,0.10672317368571387
-0.15557139980831064,-0.2509758372435719,-0.05427819154693363,-0.1419678989441202,-0.1116361892175298,-0.2860091940780231,-0.4641277165894777,-0.6166622516634898,-0.3372264570384952,-0.4921100138075092,-0.7466047895216658,-0.6168043314489415,-0.8236735583886553,-0.6574999089023332,-0.8231999804735021,-0.7880367172306382,-0.9332327225181372,-0.7254409593264044,-0.9467510037682619,-0.65210776911482,-0.8347423431116567,-0.7379153216003994,-0.8632339371993073,-0.7795680184429474,-0.4034500011118165,-0.36249824706091066,-0.42967579064578326,-0.6394537930359918,-0.2514410418759082,-0.2512701306554273,-0.15701835457701188,-0.30491920058205796,-0.13755347497031054,-0.15697378230770043,-0.16572713474529907,-0.00957678998728368,-0.15994113038015184,-0.0942717193893386,0.06935148630182195,0.2745171677688161,0.1556757551174439,0.23210301835553498
-0.31818562591984495,-0.4329571541978695,-0.4744652730069801,-0.4297930940911346,-0.3079406135848461,-0.38063731663730344,-0.408288239325941,-0.4290304740691618,-0.3812554809162032,-0.41628487013335297,-0.4299053661958848,-0.47132721913526054,-0.4524245760319849,-0.474061055750997,-0.45913209714394887,-0.4582595537524104,-0.4033677951653984,-0.37082914544178475,-0.28927401169992195,-0.43321526448617187,-0.33816477629367775,-0.3616122787379056,-0.41162337161843365,-0.3242122981762788,-0.2834265704576328,-0.3222043387415133,-0.44215884258760985,-0.35529224309692303,-0.3407696107959308,-0.411547775193564,-0.34457633721492387,-0.33928277866290185,-0.31351148953772573,-0.4621199318455397,-0.43474110387336046,-0.37468801703259935,-0.446526070313606,-0.4134793979754561,-0.43317350090690643,-0.3020954538666428,-0.35642264470460033,-0.3287998450359709
0.33867565515959075,-0.24752264415805994,0.002838608311212466,-0.49128429737404666,-0.3932519370277615,-0.44884622806704283,-0.49112273778889404,-0.41079351006436116,-0.5617651433230498,-1.2156529280115067,-0.6991516838666918,-1.2233095239577079,-1.412018734459545,-1.3481895101658354,-1.0489955449155621,-0.9602817369979773,-1.3683188348734099,-1.0794543455790133,-1.3383027380225074,-1.36024316369413,-0.9469811354776922,-1.209689228969161,-1.2449210339819978,-0.9939838542232882,-1.5206478773330019,-1.2693710563376286,-1.5287072448704753,-1.2355826515024595,-1.203468504441997,-0.8618350002358198,-0.9311383082933222,-0.6453752783407318,-0.3480322218052865,-0.5030898193452467,0.22225710551238367,-0.04027108494603701,-0.4499698195495031,0.5048270037117852,0.7018182323054771,-0.010866590712425836,0.7159178207878077,0.45297990801432797
0.27513018109992654,-0.115721350450286,-0.1525368015526711,-0.3773529821922655,-0.6424094878420621,-0.13781060995622038,-0.867077729239142,-0.7920754185218299,-0.8987707619426488,-0.8874117584459216,-0.7354901774451015,-0.7140613357111044,-1.104384425972142,-1.4977632613454266,-1.3900851222423156,-1.6512229567872971,-1.52216868006432,-1.2413802086971604,-1.3147238982548144,-1.2460562147313632,-1.513080205830179,-0.996325564572163,-1.353016593951922,-1.4519372982209853,-0.7881241604150189,-1.0175679441696759,-1.1148366584796887,-1.3346311894503158,-0.5900022102954234,-1.1008596904683685,-0.40458946407903157,-0.9587576723101913,-0.8363891959509241,-0.3123076530966169,-0.4631504460876538,-0.2539642875878519,0.39905495897612586,0.05141018930178243,-0.09989307424995808,0.5884405312022417,0.12483018176962042,0.489174045219591
0.06014555012483365,-0.3996231477738775,-0.5209064728957861,-0.14595827234848432,-0.543231747324788,-0.46721880547013045,-0.8255652141352018,-0.7335047285770168,-0.7318863569912726,-0.8508521029217931,-0.6487292632119296,-1.0241925903836866,-0.7694200361693789,-1.2039845139934662,-1.3472753942369824,-0.8353732279881818,-1.6040341762456698,-0.9290813114311256,-1.6883135574818497,-1.2698974092129014,-1.1952674518925155,-1.4520033426434622,-1.3702413525618997,-1.529396344335983,-1.612753106546637,-1.0860194734151194,-1.315243459732918,-0.5801372446930012,-0.8457442713974297,-0.4741096595520725,-0.26877779987917133,-0.4378665664174922,-0.5326832354806846,-0.09511559542089329,-0.0270350449856663,0.03803782537348797,-0.04708399205285771,0.15923349835935405,-0.23676066993489173,-0.04459777986608476,0.43291545384474783,0.6873605059802099
0.23587847214066288,-0.02302040524206296,-0.25216842353578206,-0.5647158503589158,-0.26184694470923425,-0.19344706731597727,-0.2035461387434757,-0.8290424803961614,-0.5345667178041711,-0.720007642253038,-0.8485884033533406,-0.7607570720954238,-0.7007780213445083,-1.272673858728621,-1.2511221194570945,-1.3447424241903672,-1.269266199043214,-0.9732256588013606,-1.2034518210582301,-0.9219451201624754,-1.4581994335926878,-1.5541848504465192,-1.4616105067176441,-1.6999368422639847,-1.6451676004650726,-1.1069302042953797,-1.2368881818724058,-1.2249210341610988,-1.0778085390262973,-0.4091152548927831,-1.0689233292383498,-0.32012623273644975,-0.824119546460025,0.07753748283889005,0.0729011727029937,0.30757201658232924,0.4150676339996026,-0.11887808326087,0.6055049839165465,0.6562830029408483,0.7672628869610575,0.3139331960607988
