gfs-wave-data.json
{"header": {"parameterCategory":2,"parameterNumber":3,"dx":2.5,"dy":2.5,"nx":144,"ny":73,"la1":90.0,"la2":-90.0,"lo1":0.0,"lo2":357.5}, "data":
[rows 38 to 56 of 73, columns 42 to 83 of 144]
-0.43815715253016385,-0.4141717777438442,-0.3962658685798656,-0.22936758073901983,-0.2439023534526848,3.3911380450544455e-05,0.07655908909091348,-0.005683938831696441,0.1714263621998508,0.16770150160867558,0.27900402120951084,0.22771682385235556,0.23378171502071082,0.38563862960366135,0.4811854865747993,0.35692617865566406,0.5443391188232706,0.4429597099645888,0.5378266395386994,0.6014302042563715,0.42388522962909364,0.5184861145799466,0.53903736011798,0.5777732562296362,0.48155201382060187,0.4384797616658249,0.43475865322895685,0.26686741562122096,0.25504029130593336,0.23940697938478742,-0.12760714970338458,-0.06075936461995818,-0.19041826868374384,-0.4674868899318613,-0.5782135625144134,-0.6558131669204035,-0.8173542682380622,-0.8188614949598583,-0.9320005851887124,-0.845643088983341,-1.1795057707305951,-0.9788817508645131
-0.4748997527328648,-0.4537213421838234,-0.32481621509030617,-0.19861953611710745,-0.08636213658703977,0.02078366764045293,-0.05534977091725926,-0.01623082714489736,0.1714289060999582,0.19795223999820682,0.33944398017362093,0.2870981444544179,0.2726965059290562,0.43981827721820294,0.3566143738239568,0.3354605354333337,0.5021204941545723,0.4454963220654802,0.4752118775365812,0.5429892657537653,0.5103105133515659,0.5910163319986597,0.5427456586141631,0.456899213204556,0.3404390495742767,0.3658890563058409,0.48881820198958464,0.2927721007986116,0.30888989343497797,0.20760697175263088,0.05520658233711932,-0.21027580299848292,-0.25340881556607886,-0.517455942937613,-0.5881778497029586,-0.6220590110432241,-0.8744324544241268,-0.7286086401826286,-0.9471534000808263,-0.9102190470906788,-1.0260920873151893,-0.9921961163483304
-0.44896335054712605,-0.40242261900309795,-0.24521635683295906,-0.22101781622085243,-0.08011823525126759,0.022192481180090665,0.014164922204570057,-0.005041302720167386,0.063851389583754,0.12639801990387595,0.3102144570430809,0.3017014283834723,0.31593589769264685,0.38497116736223935,0.3753977959887061,0.47898509498468583,0.527314449966453,0.3882757983324368,0.39657142219036395,0.5209930729552283,0.5070395419282623,0.4539331577145138,0.4628905486342956,0.3687895951196321,0.42706718908471086,0.3080941607205759,0.49030748886582187,0.1979017505857378,0.2344216261073283,0.19749190596963673,0.0967857942871737,-0.2121629415369007,-0.147901473737654,-0.5487287202743895,-0.4991174768989698,-0.5821920731581676,-0.8326186011959597,-0.8052145939076301,-0.9104468113954939,-1.1068304572366048,-1.0055882963803524,-1.1319355725393838
-0.41278107364232725,-0.4931457982634642,-0.3453367757949258,-0.3022305619317868,-0.09477750940481011,-0.04618690129538579,-0.01585940516973872,-0.0018387713145264308,0.11440324126698505,0.2093902941392647,0.15846220575570832,0.19996560555333115,0.31955876296174446,0.3024484238521013,0.38626993264453113,0.3723721045417619,0.4375350353547189,0.37309701062587014,0.4306584896105103,0.42865667168676735,0.4647211695131411,0.4063671270552271,0.46716333730067683,0.5192464088341794,0.407095880140758,0.5418190496451717,0.31777153484181275,0.32931459376783184,0.2799606306661142,0.2005722448023008,0.09359512875857441,-0.027766395330594714,-0.1303998015162093,-0.4167251482627608,-0.4425706960314523,-0.7487543548241463,-0.7459796320940083,-0.9414376300425258,-0.9720406588539665,-1.0105377957449593,-1.056524813567432,-1.1877737154305346
-0.4365087232679329,-0.41007206406570446,-0.4526807557919817,-0.358736317600881,-0.3359611371269577,-0.3386503223099651,-0.33984742406191865,-0.3047971338413618,-0.3890601062396127,-0.4371976869524787,-0.35704967107594665,-0.41417419664272875,-0.39019854223556816,-0.3560379749285384,-0.2903119959370791,-0.47485316234275826,-0.335203320013858,-0.38656922675049454,-0.44569655528668956,-0.45809704817232527,-0.42675273327731733,-0.479023671297392,-0.4584869844225532,-0.36360971764161404,-0.41598577659923935,-0.3693242317980067,-0.4145588665967476,-0.45427271968303234,-0.44265216719343614,-0.40424763127677976,-0.34303053917638143,-0.45383221863195683,-0.3389975260198042,-0.33374514865327337,-0.4002484213198671,-0.27988979837782263,-0.3594830694313796,-0.3127791620285047,-0.41758761763627567,-0.39954738655435634,-0.3195371360651571,-0.31173758385066025
1.0153236374058494,0.8240301601261247,0.8124636453386818,0.8651592731401658,0.8875353116723704,0.8167946945153283,0.9166522350431241,0.9150328215115487,0.9672315461765267,0.8346284586041844,0.7936149303180181,0.6442614668183985,0.7127299352867142,0.5449141057937015,0.7347668157992724,0.6578688344592609,0.5701950037657434,0.4927652648959893,0.7716817771760855,0.4593488916828429,0.5423543081918945,0.6021538969953972,0.5443330354987899,0.5442173725207105,0.39629045217906117,0.5463384422712898,0.632676089482892,0.5443423557127757,0.3604813047378231,0.3206723042188165,0.3122669987564902,0.6200292616571043,0.8195162488544414,0.778455824007003,0.7504633304149423,0.4718673474321032,0.6958499052082809,0.4741864410264775,0.7022593927871894,0.3510414306980692,0.5061140256037119,0.4643091075820519
0.7507161283106754,0.9146858707842518,0.9948316148218073,1.0112312339569829,0.8943711457841332,0.845390954446004,0.7898738743212966,0.9029370522799052,0.7274440082749954,0.7515022429503306,0.8270279139071391,0.7123959475232897,0.7529071882854038,0.6777496505890895,0.6806971128181409,0.7603824802516314,0.7662818405325548,0.6147633630965996,0.5221834455252535,0.5572790128454902,0.6130224814928333,0.6874214830525357,0.5030426181358646,0.48580440532032176,0.4771536055342212,0.4962702982687809,0.4041220836796437,0.4042312496564857,0.6120702937091296,0.3699735053917593,0.4247069713507959,0.685345547058383,0.5791139382919327,0.8174920619773888,0.5972240571347508,0.7441095965017813,0.5919889694203929,0.61905671743075,0.5872897652703487,0.40933014655191224,0.48847305581950745,0.6077347293119735
0.9069287532191783,0.8322138544423175,0.7820356752308736,0.916190075262248,0.7911610623758336,0.8329147767297705,0.8751368568421711,0.7041249673484622,0.6706832619493333,0.6362217879579375,0.7297544003717397,0.6149504034895162,0.705984771702547,0.6934075632755027,0.7263350813417011,0.6985876020284493,0.5191947532527309,0.7755318395147774,0.5461355904814854,0.6852647612314419,0.6423109394185743,0.6410821373620411,0.5143112608187527,0.6130578832628553,0.609438943242252,0.4661608114460164,0.38697476116085044,0.3309521221184122,0.3048314884392328,0.35353129665703537,0.4483971197703432,0.6147740655794635,0.4946002084288488,0.6933468950394299,0.5285872845235545,0.6875449884819107,0.7123330557574257,0.43114913500952307,0.3423990714013999,0.6322477471437047,0.5636287870212214,0.628870697858435
0.7532502973461215,0.9768589477475735,0.7543112625421506,0.915553796975051,0.9823700169607477,0.8565576463987282,0.717723564940134,0.7701318974878261,0.7785303603063448,0.7137168283092001,0.7583147391370751,0.6674729107030666,0.5833228647578466,0.5471442103240256,0.542470085993066,0.6513109544570089,0.6148236958376889,0.44222447785697155,0.5103252739324247,0.5394171707640747,0.539234279491302,0.5482924248405493,0.4670952223245345,0.47492973381182724,0.5451021149993822,0.5399600499716849,0.5324979743653465,0.5272812153230577,0.43643006181481897,0.32515285827445417,0.5295696905101707,0.7849670689724962,0.7496641051052524,0.6474410137172596,0.3997768208046103,0.45001383642409515,0.37434636733512683,0.6102379782094066,0.3484009202751957,0.5224481281179403,0.5808235630342677,0.5906357290948745
0.926533600892206,0.9710519371796839,0.7944241042953839,0.7972119474516042,0.8481714478805165,0.7408875278822813,0.7288847983744781,0.650375453396851,0.6989109051170365,0.8460424325777451,0.716077445349373,0.6300267605325557,0.6610926650841971,0.7263296804124455,0.758926421574384,0.6741988474948976,0.678917700777397,0.5576782643158413,0.47149209974793055,0.6913829331481465,0.4220710710875295,0.5428247666968,0.6466139447862578,0.5221434807941407,0.6328215778161287,0.4585675498021387,0.5412829866750033,0.37241057470824757,0.3909083590500576,0.331797109240037,0.48572175289900155,0.6420857124378124,0.6037366820925749,0.4154616939666825,0.3874988024840312,0.512301753048363,0.3358695741742168,0.7306241852816701,0.5276987564949586,0.6630689640270998,0.4929441557151023,0.6501702961905111
-0.2744061758009853,-0.25158790704519945,-0.3953783202693987,-0.24632897618839897,-0.3890432445487589,-0.377992554448049,-0.2590899212033764,-0.30238403409412984,-0.22667149980420997,-0.3606700265931587,-0.34059075872313954,-0.3701925545048134,-0.2688885938986364,-0.37931186964122127,-0.22168294388950419,-0.34052816860624247,-0.28655241687833405,-0.3250727064972319,-0.25210155633614956,-0.27600483312477087,-0.2833852701181686,-0.26022968459482715,-0.3941773634306522,-0.33640208415051115,-0.3965322842437526,-0.3820508714525431,-0.3464521218907416,-0.3212966533819711,-0.3383534267043501,-0.2513310803037489,-0.4047279560973121,-0.3978952401510468,-0.27620156679895763,-0.33702095956860484,-0.3393879133162997,-0.27963397103696486,-0.2450449839493298,-0.27624066494264277,-0.3772886321213107,-0.2435929817563222,-0.418240856460076,-0.2502663872806976
0.1235336179075348,0.29801827688671917,0.2558535254311015,0.3993631549591687,0.3239411992697686,0.2661236101958232,0.4650112642230386,0.3558849572643574,0.544233928253017,0.29931309545336143,0.29612151004503573,0.41932440062298354,0.43460248649241373,0.33975655753752193,0.6031481611608489,0.5019199576567902,0.511670999502867,0.29516668322344913,0.4014003799829423,0.5017989830712741,0.2992133519776723,0.5817527249793744,0.338633511088373,0.16619018671749106,0.24336361958666639,0.2302194076290642,0.10805679588645334,0.012984573897435793,0.2966328240058463,-0.146951182691587,-0.05461689859803925,-0.18004621743313737,0.06151778830233542,-0.20807963401433724,-0.28425204912265944,-0.4410057712920526,-0.3005373880768825,-0.17307757740915888,-0.2617337945664206,-0.32474128533619306,-0.31158819046847785,-0.4278168561146366
0.2938969277484959,0.4009757647425365,0.2585056206718987,0.44028812377016197,0.41240593611620324,0.3798108602523736,0.5269840822431535,0.5824736710370712,0.4751714855370518,0.47418545713786237,0.44408500633795184,0.5564611737547922,0.3469411947370576,0.4661098161200663,0.42306397600903023,0.47490967533632417,0.5739502108235884,0.37721731255953467,0.5700937767191757,0.6256205167617026,0.2226927296092629,0.4412436266124306,0.33233057519455783,0.17658405392241022,0.21761131862457767,0.2138723948045821,0.08854546861107594,0.03527225963183831,0.15086653796602864,-0.026603607051227544,-0.007895711592546857,0.099449203224966,-0.23679589980681134,-0.03399203003927768,-0.41245337983027186,-0.15539637579791515,-0.18565021909382243,-0.23618142418644034,-0.4318927790679784,-0.37866758773247583,-0.5360718285440785,-0.3867360140676715
0.14860580312603633,0.2837742731085015,0.2835846367619566,0.3111565890165749,0.48510615363155707,0.3889359535396147,0.49575755090826285,0.2701978091178767,0.4489206954574881,0.5103361304644272,0.39405355977175266,0.4133182474113737,0.5189832512063343,0.4682462504507588,0.4055672446654283,0.6355465992898582,0.3594160378092528,0.507461163571084,0.4749032703058679,0.4880751869405248,0.22699141058759142,0.378688435113887,0.22355719904880236,0.2370102447256783,0.13452472654216713,0.1975451452062955,0.38348080876395174,-0.03215544819600456,0.31326095833965123,0.12924766963440681,-0.18699492804929793,0.16601805310395723,-0.013807864227743105,-0.02670935520480351,-0.171636019038231,-0.3108688743504862,-0.26282286045888853,-0.2280901370709947,-0.3229953340184677,-0.29426531526272237,-0.40095537187535746,-0.2850478455667105
-0.21139058733623883,-0.3726297801920277,-0.1785459335190958,-0.17800222264977275,-0.3120402273299505,-0.324367770727603,-0.22198021166034057,-0.3433113397348397,-0.2020434551373825,-0.2039922904614342,-0.18291045970954597,-0.19314877816058648,-0.24211874033188943,-0.2963666490396758,-0.26741510223529424,-0.34007030758324486,-0.25907902818017864,-0.18570198805366472,-0.26479556691074413,-0.32090705714287293,-0.3638335818377583,-0.28246210069893735,-0.2930392755544334,-0.1841581341207071,-0.2806013931775079,-0.2863617406213691,-0.19358769803754666,-0.35327146613171756,-0.3628974318078913,-0.2395773117802731,-0.33971824373609066,-0.1762337133433816,-0.26612197419967754,-0.35096293198430234,-0.17872676463728884,-0.27057368159244805,-0.3320705305334983,-0.32322012755372703,-0.3086917146120214,-0.34782252736216246,-0.21142541352801786,-0.19567632086091336
0.8048632222159379,0.9495754174289098,1.0243991712541247,1.0106813621399922,0.8472231233241294,0.7968872853889932,1.5022065584088493,1.3406035268407819,0.9711776567461698,1.5592167177520708,1.1143477790664782,0.9980278631776499,0.9081744629484858,1.4497478658338374,1.0170424732972312,1.3098144105195995,0.9595983121387208,1.1843747802148241,1.1428352694761321,1.0102293238858446,1.2190166474078326,0.4886026530845518,0.39243524106853156,0.7439393934602243,0.623745693158722,0.1582590722085481,0.0430606186950197,0.009624078474814796,0.17453838353212192,0.3568913970822654,-0.11688287012329822,-0.35292884674731667,-0.372210838024778,-0.18004746744693859,-0.2804297897513657,-0.2500288699101385,-0.764145339782848,-0.44750090233474565,-0.8213572811971257,-0.72247709815746,-0.6288770884565695,-0.6659621245430648
0.9829269738973436,1.1531219236399772,0.6807063140629258,0.7259307347906881,1.08583834244271,0.9447355616470151,1.1592549496893096,0.8392921265145117,1.1850932988303484,1.5606852820006067,1.3461749208033251,1.1620227882148162,1.1385330317349016,1.2544487811505947,0.8538738854957095,1.2132374159352903,1.004855518261929,0.7202467368842504,1.0656605425793058,0.8275987270710242,0.5435988074301593,0.9170302681259018,0.8755898613612807,0.9027940691839594,0.5997883993179297,0.31966000378889625,0.6974237610011249,0.07555467932484491,-0.16866502323857388,0.04526802915775976,0.21992023806109134,0.23682667653144926,-0.2955952212636489,-0.09225853548867695,-0.4544493176418922,-0.22522893220394272,-0.2998869892937303,-0.7930776887755747,-0.8643642195870469,-0.5732708083275673,-0.7973216862762644,-0.765742007145115
1.1167492624511004,0.6797530562790175,0.6644707661673421,0.7635881385723183,1.0048160306494593,0.7916500776536076,1.1489379258335966,1.5099428105795107,0.8965507808669244,1.4618444750548172,1.2059468806192313,1.175150992149515,1.307864380101884,1.4308609595826285,1.5296566199332264,1.381991049103018,1.2403377857284548,1.4533894581083397,1.0874575660109849,1.1752945266403998,0.9624422188613848,0.9922944217299231,0.37275027063433774,0.5480437039311136,0.6020490321930965,0.6190472815542946,0.36765906564852086,0.08760043497029717,-0.10310523460547946,-0.13814918704073614,-0.2780264659299358,-0.294122107801969,0.15640853836405308,0.046472512991433686,-0.016396105994934594,-0.6908153150637022,-0.23888874650122957,-0.782162325836552,-0.3764559617412565,-0.6018985177369832,-0.7656079559973282,-0.9242229888290308
0.537701915086621,1.2293817028490657,0.9253914557726619,0.9826570608844446,1.201193769577825,0.8951321870098758,0.8607035771176363,1.482654218477773,1.4193355618734684,0.9173914363650794,1.4533003812552592,1.5679436094257075,1.1468092708721829,0.9186596302903626,0.9555303137927907,1.4079899847271182,0.8233398155714831,1.2363334252175728,1.2059464895447816,0.603673372842979,0.5601974291673456,0.7568149612129598,0.5729199919293351,0.9084903878179175,0.44862704881976057,0.4772482144304792,0.6817247949343697,0.5853693950970401,-0.07785091036773772,-0.17034566983249758,-0.30942407021823987,-0.21609419482017445,0.02821098864258834,-0.1557007043791478,-0.059810568702490956,-0.1942483360769128,-0.5787966284716721,-0.729918655018189,-0.6927914265683132,-0.38258818780303744,-0.5256535657249548,-0.4747223148689511
