gfs-wave-data.json
{"header": {"parameterCategory":2,"parameterNumber":2,"dx":2.5,"dy":2.5,"nx":144,"ny":73,"la1":90.0,"la2":-90.0,"lo1":0.0,"lo2":357.5}, "data":
[rows 54 to 71 of 73, columns 42 to 83 of 144]
2.6568888597079345,2.425203927145267,2.4300652612383487,2.5169442939474815,2.6473165999641424,2.5051758473777843,2.3533108976968906,2.146570929520635,2.152651464762102,2.2632258047647595,2.26933429078622,2.329184424151992,2.2320905897427075,1.936022448841187,2.2176229738277917,2.1175526142902887,2.2809738021689556,2.2763374573024326,2.082716054558456,2.2268252556913364,1.9691124705348477,2.2660337236356067,2.036277719017756,2.0727537221506176,2.0780014376879152,2.162628878180742,2.063952875697376,2.0043516557531906,2.1240526443555963,1.9739280655848719,1.9481092413507528,1.8731336626438773,2.0330843504176643,1.867887373403082,1.8881933011255594,1.728507843266961,1.7224443867929942,1.6372395886624986,1.523829901729035,1.5536363638092032,1.5089222546583048,1.6177576624425576
2.7828511163439806,2.4152216886264974,2.4062211383584535,2.5125091274375215,2.6452044913252806,2.2759962562503095,2.2208312184148817,2.3641206667939456,2.3110408153065816,2.48721547436115,2.196656247873443,2.119650840471493,2.020736031077257,2.0385903658403843,2.28858587418935,2.3781368892676746,1.9360895299431904,2.2032524474935804,2.1941474708801265,2.3371851205295826,2.233536244920498,2.2709348829444695,2.2252363913574955,2.2717682129617436,2.2418299389694463,2.106821171785316,2.129517880621206,2.0286688937267967,1.9811229666632624,1.9431297623063524,2.0338337211412805,1.946042783144309,1.9947760403196704,1.940934203359386,1.8905605173578703,1.7839561266667658,1.8916249038905855,1.7559400559756682,1.6528512292006863,1.6961339216525217,1.432807314946966,1.52965097411075
2.5716523343257034,2.611312881348053,2.6043623212139364,2.3733700158834767,2.6422023757516486,2.207586250933878,2.520252230591854,2.140740900831202,2.2935938457975253,2.4385151231214626,2.226531533304956,2.371221225413127,1.962561455488259,2.0639579831476316,2.2519444661226196,2.089499032981856,1.9610671633966996,2.178661680796429,2.369687617837303,2.064936387793246,2.1875954015350723,2.0265181355223194,2.2544102581416614,2.225700398390854,2.0134909369973077,2.1293258587856108,2.1015721679580377,2.093404520980617,2.04272278671461,2.024804712422404,2.0174190202287186,2.0806379140841718,2.0085066636187188,1.8541172096160652,1.9091439904900833,1.7928887299412715,1.7656972044924764,1.7189174041301918,1.7329217973222522,1.6381890352308155,1.5184468749793327,1.6386008675447414
2.7609042901480536,2.587521118675558,2.4225381585790657,2.5262289974050334,2.6405301880851346,2.646412557968356,2.410991306839028,2.445300215733594,2.4102046003792084,2.360494275921356,2.34774584749703,2.393555370517511,2.345846225595514,2.2345022625756656,2.208088210214838,2.0581199338989675,2.138782040698677,2.016401018409131,2.3268543647370885,2.1400436612886318,2.077820666550993,2.2430271802705892,2.151668707657301,2.209213432797699,2.1368049691741935,1.9745836349505719,2.1261836655185835,2.094863905577488,2.1204274206649067,1.9660265237753054,2.1024475115416155,1.9073604506331252,1.9246512380177672,1.8981097250641201,1.919537350260019,1.812841425904641,1.7289320092625415,1.642145266347999,1.6196513766541603,1.5893819098152941,1.5473740754013596,1.4816406942617593
2.4911751994299984,2.7956497566900986,2.601060652662816,2.281488554123164,2.618759207459461,2.6354992843327443,2.6519176326097025,2.353504868365733,2.422795747692977,2.381231852346848,2.0158993288283376,2.134982758543625,2.3856830450640154,2.22441729500197,2.270989591416017,2.040352941228529,2.0027099564258872,2.2103876210278024,2.160708624325155,2.0740566112579586,2.1604339720645527,2.337797467484437,2.195646377303255,2.11641861970506,2.319159115710357,2.288000022835562,2.1918933157664986,2.0501728667064327,2.0296664326902607,2.1189406035911604,1.9762122278323846,2.074341694989019,1.9330642748761169,1.8218686875540482,1.8752316502539328,1.973648121684195,1.7595767225784251,1.8957502908349384,1.8264101308162384,1.545263099957932,1.5455152605542868,1.6575275712364632
2.7268786838891805,2.5139155844966385,2.3985147723089697,2.608184677724719,2.3935649020200227,2.409304657286095,2.360798208385769,2.2920344141896347,2.45666868299286,2.2493646525227002,2.3927132918187204,2.221927174242343,2.3767369025267664,2.242675597330867,1.9674660266457817,2.17397264062932,2.2758601083107854,2.4105621975061164,2.3282883436110566,2.1136797293497467,2.0198286931230593,2.358047895750791,2.190294862433308,2.2605384811869844,2.1001901437800714,2.1992996928042388,2.068104428352205,2.197189309016315,2.13455140923227,2.11378859168742,2.0124129542043447,2.038806836568545,2.066049391842095,1.943600058451982,1.995781543678753,1.9880245226530182,1.6316464885164674,1.8200609780731953,1.6234633490880428,1.6165101956523271,1.5924577451040764,1.4567543939031686
0.019230391434234505,-0.049711726179831064,-0.06006321271268255,-0.04425462702820707,0.04625049105900159,0.03532327059672182,-0.02268314318260912,0.034691083121429774,-0.00827691534060025,-0.0031644872996548583,-0.00242734129071936,-0.03750019578269582,0.06891110939121349,0.0058635404044806395,-0.019067941502123792,0.025505956110258503,0.021454922724998833,0.017088333173096118,-0.04067815193856915,0.017762641275600025,-0.02847759222503929,-0.012334203536951926,0.007447768991299029,-0.03382330657858308,-0.0262917477024075,-0.038656442972575915,0.03700161570903278,0.007938723828864762,-0.040502115476201944,-0.041253629552571155,0.042496409337334465,-0.029521729046721602,0.043605391281614524,-0.004373307635755191,-0.030724570142195137,0.010743164655209015,-0.00471281545406861,0.01781338295608696,-0.004579689068610269,0.0338880389397303,0.0375712738778169,-0.02419969419849747
0.26787951459209003,0.3233955438266651,0.27953625079575667,0.3684548991950845,0.23009451374738657,0.2996934590329085,0.3047260487786169,0.40507653597051313,0.2411119157591482,0.372939126205477,0.2224232976867936,0.22972613665697933,0.20707726664482767,0.24426592543219014,0.11398521010298346,0.13780661100107192,0.11218847522716553,0.05926123352174247,-0.03880616454334601,-0.027499088904349534,-0.07602751043192796,-0.22240632612059566,-0.3223427182307359,-0.3140684604368971,-0.3618902216774744,-0.34255562811820117,-0.3989845094027548,-0.39442505342216605,-0.4532695004940105,-0.5912234135459115,-0.5927179741377443,-0.4902009268831734,-0.44681655868582915,-0.5451996193042067,-0.599727612184715,-0.45204260240146993,-0.4903655776066862,-0.4193343104261466,-0.395649588329848,-0.2770694855934819,-0.17480826763030707,0.006905616570646045
0.33510748260738277,0.3943936399866209,0.39436134384206206,0.39143441302377496,0.4288567398503966,0.3840104377535733,0.27048037154045645,0.33136685247722003,0.313066687635566,0.33384227952835765,0.21667386738123864,0.28380590384151533,0.24176958678525334,0.2636320062763844,0.21318332507282847,0.10873604066871227,0.030665098640815784,0.08295659201144188,-0.03954244647259747,-0.003877292600984378,-0.05384404084807562,-0.24208177904214923,-0.3218180739165455,-0.24645251660326062,-0.3327950200773357,-0.3787925015222498,-0.3365700170279443,-0.5481780367794398,-0.5044930027206662,-0.48022754107442217,-0.5322658866761754,-0.43187035665315665,-0.5588055530209497,-0.5871986149816558,-0.5233377635192891,-0.5152229781672106,-0.5216625109094433,-0.4516670977867441,-0.419808439273122,-0.23378242154717083,-0.13793166963262607,-0.08045172009153857
0.2854038041789614,0.28033255041985644,0.2937366414040231,0.45248745586020117,0.321272528896407,0.36173007128675494,0.3368741889880319,0.3138675760819215,0.28810974664521616,0.34148609198968277,0.2993218817409978,0.2495618713090619,0.2238941128038538,0.23128470364720552,0.19369559853650167,0.18296987977754847,0.11565415194116214,0.023050517975339902,0.04973075870946664,-0.1063815560067218,-0.0998373920679867,-0.23122893689805255,-0.2046742114075756,-0.29839349686355193,-0.3701007061818411,-0.4628971635447768,-0.37740920911572645,-0.5099725445923713,-0.4527292209452184,-0.4764439400154131,-0.5469851559437857,-0.566340322077691,-0.4534352918549436,-0.5927564507846134,-0.4882291279885753,-0.5354562570140144,-0.5035521391692435,-0.43294066289506833,-0.4409747330562928,-0.20425873374573786,-0.18049041453540493,-0.22782130342245435
0.357453306591761,0.2561581808476727,0.29606540346584875,0.2466085524183954,0.44689556092844657,0.39543217707148925,0.2853415696312845,0.36807773803707583,0.31852378289630856,0.25987253674170824,0.25712659821133893,0.32717590992207235,0.1807900682670299,0.17427457112066663,0.18001644173754947,0.09990635005809463,0.09798665083990542,0.025176448855085423,0.024528022346740792,-0.09662211218355357,-0.14769847324772145,-0.18929238021564174,-0.26446058826457924,-0.31074890495011087,-0.2276999860132136,-0.4056404602667195,-0.4156594469716467,-0.4520839740853046,-0.5359400291811875,-0.5293708587539421,-0.5186482270240306,-0.5399498991558697,-0.4397488225186485,-0.43520884431952894,-0.5855766585819672,-0.4832163970956813,-0.37078781049310555,-0.3519681386715186,-0.4648571486115425,-0.29988076052704193,-0.2571511925788032,0.017701199655665356
0.31451084932194945,0.38703498311861045,0.3904463346991151,0.3896918368543786,0.4350561092697846,0.37655071934599404,0.3967640390923883,0.3241124608518716,0.26256752125607813,0.3044025585767315,0.30411758000826633,0.23996489346706681,0.27967053858457314,0.22240308194866865,0.16087996601607454,0.13382033891932976,0.07462220064804165,0.0964492699655908,-0.019718320136294744,-0.10736260498305582,-0.034387800240888174,-0.25937858606900965,-0.16699955981874298,-0.37658588767356665,-0.3346928426108406,-0.3091001610879325,-0.5140966010954374,-0.4499129963555486,-0.3886349524920827,-0.5025727678248006,-0.480048202972804,-0.5325054708445591,-0.5366687891892014,-0.4942813532588131,-0.5771497298340359,-0.4163097530193959,-0.6509451990772467,-0.36918041596032214,-0.437533788310419,-0.3828894760270596,-0.2675912897605697,0.020817213668636224
0.3716079881696396,0.43224300993430026,0.3095434380333132,0.3846765645504464,0.294594265250392,0.3488807068191863,0.40177445169409,0.28726336176180733,0.45386300834119103,0.314648782708537,0.29355919033728656,0.2954040285078114,0.3292499450793948,0.2078048325569139,0.18860120706258182,0.18792082231433188,0.04945698920238949,-0.013324217723191279,0.05385714204694273,-0.0854952431909315,-0.1456017824550909,-0.23169822635204654,-0.20219272481278322,-0.32319974951896774,-0.26261800779703576,-0.3611114178159832,-0.40639668300200227,-0.4167902398260713,-0.584441281197562,-0.45990480956285784,-0.6176942727557783,-0.6184333750122732,-0.5658494479056299,-0.536492419732438,-0.665510178482799,-0.6850659409497063,-0.6348278824867296,-0.4266613133917179,-0.27936519275627586,-0.2142454719355331,-0.08205692625979323,-0.1787951042132018
0.39508288108950573,0.3621148409614169,0.4671938455476298,0.30235916806829605,0.2765003103236776,0.41525601687779784,0.31243454248589303,0.27440606580653276,0.2944196812571573,0.34888570602279567,0.2130252938334959,0.403970673493685,0.32232405088041605,0.18244625709192633,0.12977929581026573,0.17291943333624477,0.12947072882093952,0.07513311785123082,0.04356821452812404,-0.11721807292634792,-0.11454839882576617,-0.13164705095381576,-0.22402034842030877,-0.2791738782479604,-0.3714794392814659,-0.44949879852440544,-0.43040725702419746,-0.5121892449076674,-0.42224932906999374,-0.40769030602984285,-0.4927934282009179,-0.5444464253292631,-0.49253772829110476,-0.4749342079444789,-0.5071440600675395,-0.6404454740691843,-0.4193774253226635,-0.48505873328808713,-0.28341043385036063,-0.42446687352313683,-0.29833759950379346,-0.1502588982375595
0.31706463337755825,0.34911015657415345,0.38553321823912184,0.3523107777684483,0.33880450907953025,0.30838598558908403,0.2965608422874585,0.34614561124955734,0.258427133596156,0.37230252522554264,0.2995923526407443,0.21014975541273864,0.19144891846943468,0.177948401733164,0.20714617157584211,0.08296157149119178,0.06265588022151196,0.10877461971461318,-0.05524638175101238,-0.11859786026734413,-0.1615174406200349,-0.14587590459224523,-0.3379544492436739,-0.3815456910115371,-0.3889209024399509,-0.34062542946282737,-0.5179848373339987,-0.4970447935868105,-0.4176989129864905,-0.5547138954253129,-0.5556791017940161,-0.6477414233523776,-0.48746703717174034,-0.6451674177647417,-0.531551179379973,-0.43375083478027543,-0.5210144838945592,-0.551909411443592,-0.35710642179568614,-0.2611590322709389,-0.11651072295729352,-0.01591987670839229
0.3743862567110027,0.358192827310046,0.3462397538501533,0.46024436046508016,0.38287401256420583,0.45582368829244485,0.3720918677287067,0.2619881640805389,0.2728803102998268,0.30937922439344195,0.32228104712103267,0.23263256149497066,0.21727911520766666,0.2134942482244917,0.30260067394267676,0.1702364984541493,0.14712163590924712,0.10347508577426565,0.04116479454978559,-0.03612384639071366,-0.1664876403974218,-0.15560112536037876,-0.23135372416798655,-0.2786048346005855,-0.3009927152679562,-0.38721191645457076,-0.4606629221028389,-0.4381640485376619,-0.4786552716584872,-0.46611970092503613,-0.5215816760061771,-0.6106829809726689,-0.5830786330303924,-0.6283909977742629,-0.6812659944197398,-0.5393164954829817,-0.5242054199360086,-0.3783933794412772,-0.4428701014266098,-0.34776410624579457,-0.3254438969426706,-0.07650969793368469
0.3323553717248582,0.4070759506106131,0.3215102407594408,0.354427601807797,0.33480168401718957,0.3605127992392371,0.49418109925268305,0.27204979883592173,0.3207523849630876,0.30523918862659993,0.3381869709033252,0.24816079354796414,0.2664726438579996,0.19518520640320053,0.1679780197336295,0.15992029324032014,0.13614386260091313,-0.005128984742526195,-0.030455324267489925,-0.04608238589577209,-0.19264531500654264,-0.18962211370641155,-0.22647492657631418,-0.3602187022019742,-0.34632345920083674,-0.3802017198793891,-0.49813319861694283,-0.46111918404954766,-0.5959165572353257,-0.4349055575532853,-0.5283334258294944,-0.5060497580521964,-0.6308469750111855,-0.47806506403028454,-0.6551379712818429,-0.5747905425557019,-0.5999468870101681,-0.6411207000110458,-0.3944791826530467,-0.2697587992872857,-0.19611506721760558,0.016089325541219772
0.3371407495589982,0.39044806408664795,0.4309353708830763,0.4325148672262171,0.42472263041694924,0.413597570179414,0.41728620141539574,0.2680888657833559,0.3147224381727619,0.29926769832682093,0.27544557963530697,0.252217277862965,0.2679063134862212,0.24113541268701005,0.14954887579270046,0.15267844779951226,0.1165195715800365,0.09031465731749351,-0.05380888722855567,-0.06590730710153964,-0.22971947483061728,-0.12474026716199504,-0.3551724748381418,-0.29023506893102724,-0.34910076740447754,-0.43040998549729914,-0.433950910300932,-0.5210063197014593,-0.5092984600937421,-0.44662469971968116,-0.5645473104639424,-0.5921063621322256,-0.5213327152643232,-0.5841567750934704,-0.5301675836243965,-0.6053016401459663,-0.5271559547905227,-0.456469884207238,-0.5311046426774019,-0.21994522748385442,-0.27903124525728135,-0.2504232683345483
