gfs-wave-data.json
{"header": {"parameterCategory":2,"parameterNumber":2,"dx":2.5,"dy":2.5,"nx":144,"ny":73,"la1":90.0,"la2":-90.0,"lo1":0.0,"lo2":357.5}, "data":
[rows 19 to 37 of 73, columns 0 to 41 of 144]
2.037049523568317,1.9047417390408516,2.0370866792877944,1.9194461795644986,0.01707170146208824,0.007507704748577678,0.011492184278995052,0.010639468356145217,0.041848420867999316,-0.009496368050891137,0.020816897007890883,0.001812572022200758,0.010941289508939146,0.028957670152446487,-0.01527595881377449,0.028286742423060784,0.03174420902235984,0.03216382941211479,0.03073836991844145,-0.005890856580153289,-0.006591263649406354,-0.016933800948423665,0.012210980849837082,-0.0009735868223458726,-0.0179894332792726,-0.03174704486429018,0.009777786193950845,0.03816588950954373,-0.021120138772528163,0.05274458368617352,-0.012737883064434742,-0.038160909662093054,-0.009546407068518652,0.006222629537585778,0.013806180711390193,0.0066122972203595245,0.01710232205645512,0.032469671574874126,0.0046368327460482375,0.010989655418063028,-0.05091427321736279,-0.02260663329124703
-0.04606678860610105,0.006204791124329821,-0.02916385541529247,0.009737040959089262,-0.028929307786833072,-0.03081056825469703,-0.002069114264401228,0.016731752024902586,0.012911690786283075,-0.02062826933191485,-0.03293457151194353,-0.033236992515359456,0.004629183731171414,-0.03765109921299534,-0.02703533463443556,0.039241359092383125,0.03994401055858735,-0.00438155046180591,-0.003939900455924229,0.00038291530957659754,-0.004184513199822052,-0.009748220196603152,-0.012313527934710319,-0.030154353035971606,-0.0517769966934391,0.02142130348674315,0.019778403332288377,0.03477251162587031,-0.01591779227919748,-0.02711908556790013,-0.0020950515518789025,-0.02158564618340156,-0.019630467031672424,0.013140294372850369,0.0009449758156401093,-0.0017260154311977542,0.003589468791709505,-0.012136616276430865,0.008235715162717516,-0.03742028281108559,-0.004127453854504323,-0.05358689895034989
1.6313107043875013,1.7112780840373711,1.638805222317917,1.6008102972798084,1.6517500238057021,1.667341705173321,1.4996923810939002,1.551491935464645,1.5399909160962852,1.4839377724513667,1.5786215684147655,1.4542755014303905,1.4956210210617606,1.3002299475172547,1.3560355054507414,1.4848169361793155,1.3986203425794783,1.3378946952863429,1.2179140046586747,1.0975793963771034,1.1586719840375328,1.1705108839304876,1.3324947007495636,1.0828769850216038,1.1098183156850574,1.0775265944759855,1.0485318212738868,1.1024021072296195,1.173771594247472,1.0869948071532582,1.0317775334319537,1.0677747839843557,1.0674569601364867,1.1449535094619867,1.1392767933716657,1.0419628990982697,1.0254329405124094,0.8945379159697083,0.8777145994207609,0.9061642439738984,1.0014245444788208,0.9800410565805032
1.630117882860026,1.647265955413572,1.6463285720386602,1.7594723269744483,1.7089843948284618,1.6862681126038335,1.4314979903667928,1.624488781743894,1.5521838058444284,1.61820052241995,1.5512821421412957,1.4980307706073241,1.3724021989637407,1.3710032701896944,1.316026050453214,1.2307700339218086,1.2916218604018677,1.3974322316262482,1.1832035566250756,1.2010766920086924,1.176783948703149,1.1308063578774867,1.1671216176438608,1.0733916684733031,1.1437403814278333,1.1715855029640074,1.244304202898531,1.144966701333719,1.2231378880915669,1.1278479614204149,1.0719184489545712,1.1573156963084388,1.0779055755261993,1.1611193427444344,1.0919081459358404,1.0175938603282422,1.0296406255820123,0.9848277644754715,0.9995585740366046,0.9293200395792623,0.9711840171582354,0.8399974302907832
1.801816832309831,1.7368458213861988,1.6447270736854447,1.6351421618296065,1.6006956519140005,1.5806938736922527,1.6127351819438873,1.584298851871691,1.6129241476513314,1.3653253419955136,1.4379926090149417,1.3466091054770701,1.5499719350125016,1.3081147105910496,1.3876229467526817,1.2528672784475272,1.2457820104060882,1.26541859396562,1.2648783937172299,1.3316695558593836,1.179031570883962,1.0380136792097376,1.199067996736544,1.237752338751731,1.2040280696623313,1.2154710523137997,1.2862508711461313,1.1308312931844038,1.1076516566474937,1.082817419603869,1.1725223859831617,1.1890729178116388,1.1143268677575457,0.9895134859540192,1.0972559163513829,0.9878761418581212,1.0786585090389422,0.9802042346507108,1.0632509139616113,0.864643298728365,0.9945872561983741,0.9091124194544468
-0.017623728955910026,0.0036141276632586125,0.04083204389517891,-0.004171813936081737,0.029485383622909995,-0.05006599828181822,-0.026601462405319853,-0.016193890362061522,-0.00469171001052328,0.053022766244648224,-0.007211435266089455,-0.007466565954216963,-0.02959323436890018,0.05133489890490161,0.012917232483517789,-0.03978476946049179,-8.879348718425822e-05,-0.049777195273845505,0.029245086390571173,-0.0038927643502843735,-0.053075597962177486,-0.01895079154163793,0.0018680661811051583,-0.018006297782256438,-0.03944075045562289,-0.022731328610553228,-0.024607757086389615,0.04059459768920863,0.018904025261744468,-0.0008709298604475491,-0.029803037464837673,-0.025873005977740383,-0.02023612405205856,-0.03593072033067978,0.039679767144389096,0.02043394769355483,0.009903101806858907,-0.037520378917174045,-0.053366536321442004,-0.04735771451453003,-0.005151575943620994,0.011439041123935737
-0.9081278234645241,-0.9488138281233068,-1.0312555284520821,-0.9618065087862671,-0.9232411356332481,-1.0408197198579434,-1.1059032378413773,-1.1270968714892264,-1.055429598823254,-1.137673108883855,-1.1213981602947425,-1.1051258149705314,-1.169654499262006,-1.1165747827094228,-1.1871750882160859,-1.182325092863129,-1.2158422882601578,-1.1917077314709057,-1.1315839267567973,-1.3101335614717553,-1.2724771516374531,-1.3318267259458982,-1.2937175028200463,-1.2309965814094253,-1.3439968880336317,-1.2683126695488904,-1.292786156616331,-1.2667904897773057,-1.296237514542429,-1.198434224918566,-1.3030784692639956,-1.2359350691397377,-1.3513045768412562,-1.3694891679521666,-1.3119779804749347,-1.2276926093146123,-1.2399360994767865,-1.3170424928682811,-1.326168207298626,-1.1636096733419081,-1.2418882643576226,-1.285697037921398
-0.9899433599557832,-0.9710963741730264,-0.9821257458732475,-0.885108795858733,-1.0611136712441778,-1.139782275573434,-1.0717667859493198,-1.1850777428434747,-1.1828957788619325,-1.176090647331071,-1.245523673813265,-1.1224292473419384,-1.2161158466113553,-1.2099055107007146,-1.0806410921663463,-1.1504501161100753,-1.1316054299172398,-1.3489948226868773,-1.2557042328323682,-1.2536583890038933,-1.2471805116983699,-1.3144747283191802,-1.189393093455275,-1.2072252582256204,-1.3517544489214217,-1.3239744483865337,-1.2586491454667916,-1.250455546457343,-1.394473850413751,-1.3359993480340746,-1.378398414542781,-1.2392315985821092,-1.2279794155907244,-1.1915565076929218,-1.338302556982564,-1.2260716433632235,-1.2024981422711107,-1.2905340804052894,-1.1988423660085037,-1.1784926424874402,-1.2727369054061097,-1.1034425965397328
-0.8191646639748115,-0.9154783801560923,-0.9768618607958806,-1.0373465519703395,-1.0414326738474886,-0.997853730100966,-1.085435016690147,-1.0653170100496911,-1.1117584575802864,-1.0863838480025056,-1.1301730110644033,-1.1456311793647413,-1.1976851827620578,-1.2332656378145175,-1.3735494565694661,-1.3007461500748982,-1.2044410626687336,-1.2625190767299417,-1.275835267897016,-1.2395284481266764,-1.365383217450497,-1.2490304922453335,-1.3953982857847296,-1.3062598442771824,-1.3011582009936522,-1.3401349402123626,-1.2791255974361184,-1.4028304451258802,-1.2374385811281687,-1.3160713687797398,-1.234323958349232,-1.192196499708996,-1.1811765062709287,-1.2962136437273624,-1.3080333139991112,-1.2160380930138495,-1.2016678074611011,-1.151567068242156,-1.2687552928701213,-1.2476732180007488,-1.2209673012600164,-1.1308591537612112
-0.9343954605153156,-0.8694242306425147,-1.0183609030904044,-1.1338326366573475,-1.0860594899430394,-1.10927100303944,-1.0884350120641324,-1.2227679318944265,-1.123990838212665,-1.174843814588852,-1.1515638044825072,-1.1447292381274756,-1.2392035541910498,-1.116333547091276,-1.1721375405387724,-1.388892331632153,-1.1744442694303565,-1.317938529119647,-1.3531564624556969,-1.2753982463547946,-1.2081936215700246,-1.2469006351213092,-1.3668929920077175,-1.2174103811227932,-1.3695014735754416,-1.3546363722000176,-1.3237392949204314,-1.28204938098835,-1.2510476907706305,-1.3270276658983053,-1.3876362931585307,-1.3511733422385406,-1.2292549012128164,-1.2796048734776706,-1.3155942050019525,-1.2595856343960483,-1.303990800306589,-1.2510766930224229,-1.201512291777536,-1.2749182988992693,-1.1182139790203962,-1.2059350219783131
-1.0469265319948262,-0.9284725442439347,-1.0922374972102542,-0.9920958048264069,-1.1434595717283629,-1.0961486996259133,-1.243424463105634,-1.04126018553843,-1.1782687407758574,-1.1508902572754403,-1.1273980413939166,-1.2916573376084806,-1.165129392677452,-1.2262338180144692,-1.35349362977,-1.3221390776026472,-1.2131064092177566,-1.2688562225125728,-1.2780058920422828,-1.2080371162232428,-1.340953135901621,-1.286268263924411,-1.3822711006464095,-1.3234077967422944,-1.2715888870749095,-1.386373910688228,-1.3758842772098443,-1.3989426534465454,-1.3040660947116463,-1.2398617620552188,-1.325198384139785,-1.2873914590059086,-1.2331632093779326,-1.2913311464252184,-1.1660000256997847,-1.3716509100152867,-1.388272655757216,-1.3190476317168327,-1.2051696439117,-1.2032696497263509,-1.284380862469419,-1.118297367698843
0.037374518165835036,-0.018053156954285086,0.04249968698336006,-0.04901128804269054,0.04440820101162167,-0.06529595010572956,-0.057613091423235785,0.056001465221856186,0.03288031138084631,0.011999508804425347,0.018051603186493112,0.02319000655021366,-0.02217932599624385,-0.04053241290679119,-0.07791044953904709,0.016830835212688487,-0.005952715653210351,0.06416584965796979,0.011652621381249974,0.006586405625979575,0.01383815931025612,0.04684103311967457,0.03912952913102997,-0.0460168517730063,0.049551719504076754,0.058847580190558545,-0.045844032477474324,0.060036738981001966,0.02061235534365567,0.04766969274317666,-0.03429058641497429,-0.04994157877196458,-0.030292962396402622,-0.030535563097748887,-0.04442116253022921,-0.003141247185751897,0.03008880224012134,-0.0028459509142275716,0.0036174430924412362,-0.002525629309342512,-0.05144128211279598,0.03339219510928597
-0.9013477569992681,-0.8264189741014836,-1.0267257198794237,-0.8189281682548023,-0.8779506713164699,-0.7061313754819063,-0.8680957053943075,-0.7104870231910917,-0.6846182293526044,-0.5021655460528553,-0.7462706900602192,-0.45998404114995406,-0.595370484518869,-0.6446151261930605,-0.7668245898678973,-0.843356086270455,-0.6793686854569005,-0.877240982598796,-0.9975492270300461,-1.171058064412852,-1.2073136530356265,-1.1306000556676044,-1.2224906863290947,-1.1928430694923526,-1.304346919584348,-1.1514045909828743,-1.1829883244507766,-1.0494930357179837,-1.1363343635863197,-0.7287547451650831,-0.9696751974037533,-0.8170732542036979,-0.478122114398298,-0.6464709888026073,-0.5648659551881117,-0.572756077493858,-0.505208009951957,-0.4166126355238472,-0.5354462514395347,-0.32129818340842253,-0.33362487331853524,-0.44227895474111856
-0.8899453164045413,-0.8803617289767662,-0.9761885899311147,-0.8949407748845231,-1.0033818351827455,-0.8567689425684638,-0.7160321530745586,-0.7724095617844235,-0.879581319668966,-0.6716185601191038,-0.49198089847235366,-0.6929575112124141,-0.5690223099500819,-0.5907265282232133,-0.7161441674039544,-0.5419765219959365,-0.645012043052328,-0.8614370652097252,-0.9045800308034246,-1.1548602604235447,-1.1441336353550786,-1.2498045710200814,-1.2456716554566587,-1.2391861024343735,-1.2832471588644054,-1.2379264021736933,-1.2395254514730965,-0.9959470381667263,-0.9856517837766449,-0.9821328759141048,-0.6539695514926042,-0.7843343277352817,-0.7346807436163059,-0.7198582623953351,-0.4963563662662329,-0.5846580916452498,-0.5476757544702325,-0.34988963236897,-0.3909946884007704,-0.41594236530277395,-0.5106585294489603,-0.3590908096309187
-0.9752515365860747,-0.8180763385897205,-0.8460988236825739,-0.8909326837033638,-0.8132404309500267,-0.7737935930163578,-0.7866659509367239,-0.8476304395157609,-0.8294453409480741,-0.7948018811798085,-0.6152913157723394,-0.7313769589534389,-0.6919045846524359,-0.4842673321575097,-0.7789669776710418,-0.8304882402775587,-0.8257205959111202,-0.9330394908715071,-1.0700260182476047,-1.0624150876352534,-1.0151683097140298,-1.1225417464473613,-1.2499447512006812,-1.2947163648107545,-1.2895954663966374,-1.1279725317189138,-1.1509730092232688,-1.051052436653088,-1.0233758047641834,-0.8439089683816553,-0.7917377309721645,-0.8189395910088393,-0.637609771452008,-0.6774261650367573,-0.47129257067153085,-0.5310359620972781,-0.42918112649868206,-0.44050692879283704,-0.5601368519466602,-0.4617581313789105,-0.36582915890482987,-0.4501872149807559
-0.876358745907589,-0.9828294290023517,-0.8801212877458523,-1.0245303819780183,-0.9151336274528793,-0.7404047617214388,-0.7050782008795449,-0.6896411673487758,-0.5858720169219063,-0.7483416441667906,-0.6660320962130096,-0.6243316820242917,-0.5386447940219208,-0.7696917152717931,-0.780000936747509,-0.5376092460413445,-0.7981068805309917,-0.8168838299653483,-1.0085481610344456,-1.079276516622669,-1.1141270765491325,-1.136401483014012,-1.348840583864994,-1.233900599782282,-1.3252258595406345,-1.130094301902008,-1.1694910761166901,-1.0363847765202792,-1.0747520527801389,-0.9649775102048742,-0.8044023125971425,-0.7058467871315263,-0.5338146569410721,-0.6496619630240881,-0.45709804761811584,-0.4354620084977441,-0.45290312179480186,-0.4145785730738591,-0.37406090209165255,-0.4837334355172638,-0.446287296360308,-0.4905495991907613
-0.9721728694643411,-0.8626590238688082,-0.9685753132749765,-0.8765057059844031,-1.054537077593552,-0.9118036399888984,-0.6231884440147423,-0.847004156535605,-0.7200260353654144,-0.7548862290688927,-0.46458855991544545,-0.6518347996090303,-0.6553245532485995,-0.519250508435084,-0.6953810853627751,-0.8450931673613936,-0.7980371568318377,-0.7061046875513944,-0.9192200130968488,-0.9687415282472748,-1.02006948564877,-1.095779568349592,-1.1769671817462792,-1.2436899423852703,-1.2850678220263088,-1.1817683157028134,-1.0980980807382201,-1.1736391681992517,-0.9259396371589571,-0.8375839527007494,-0.8453811547232868,-0.6704167688833595,-0.6619369492445186,-0.575246782875882,-0.46636979400248924,-0.4203327734015453,-0.36226618541306904,-0.42943951553792925,-0.4962404678120443,-0.5048350155072885,-0.45801832357584665,-0.3873652316458407
-0.8636755235803015,-0.8409645885845607,-0.8597490206353903,-0.908222858327074,-0.9793893306644015,-0.9570124338539167,-0.6542665865908669,-0.8053656365704921,-0.751223991114996,-0.7635229122053077,-0.49882603252350355,-0.5668853592666268,-0.6852964720740801,-0.7364862238780793,-0.7714023674132492,-0.8805761073982571,-0.8431314685783627,-1.0860783416669713,-1.0088968337332025,-0.8621395871373801,-1.1060820863919298,-1.0611441429107238,-1.2550892621472454,-1.2708419257684644,-1.2816627920431807,-1.1593180752262404,-1.235343055306012,-1.048537888976364,-1.022348183712275,-0.8306572035566145,-0.8999533935132333,-0.5683570212403332,-0.48239255916149576,-0.4275437769247253,-0.5946764435914125,-0.4160355482730693,-0.5215424634291845,-0.5071577721025259,-0.5318391830993418,-0.43598868023481185,-0.5131762691673776,-0.523369835285363
-0.8644243802936035,-0.866258026415239,-0.8350905046000595,-0.9219024756703268,-0.8134535238557429,-0.723654583772814,-0.8156659159290315,-0.7960074897350944,-0.7161502264650399,-0.878628855316082,-0.5506258639465706,-0.4809164638323776,-0.7928553636248435,-0.7582838500361103,-0.5481619731466273,-0.77128431834615,-0.9994024463149515,-0.8977003912991218,-0.9281022305913921,-1.0844938247545373,-1.0979894559195968,-1.1549199164574386,-1.2306188400223212,-1.1788226738348877,-1.320186967033796,-1.2063322170368873,-1.0224716839402392,-1.1233816125018774,-1.0380834410728923,-0.917756066228037,-0.6775738598011909,-0.6369321573541543,-0.7436583839366478,-0.537084426076838,-0.6570328521340828,-0.3225634171054076,-0.32171691781015305,-0.4835560950528523,-0.44210908912940045,-0.33134550491898485,-0.5007475108343722,-0.3542130643058643
