gfs-wave-data.json
{"header": {"parameterCategory":2,"parameterNumber":2,"dx":2.5,"dy":2.5,"nx":144,"ny":73,"la1":90.0,"la2":-90.0,"lo1":0.0,"lo2":357.5}, "data":
[rows 0 to 18 of 73, columns 42 to 83 of 144]
0.10436829560339247,0.1409470871428612,0.10269300739511854,0.18691175696316656,0.06042325616767023,0.22785237954511656,0.050857666719608244,0.020412811578726497,0.029938917793457195,0.1301470797566303,0.060083415012348776,0.11733869353716372,0.0332969513805018,0.12270810263030292,0.031680579142928864,0.02017339846576461,0.05055719999518886,0.008694621284412233,-0.02573962781944289,-0.006119919881019696,-0.047252951905106096,-0.0741129714174397,-0.07461999887149932,-0.11757964386859066,-0.10480662846569966,-0.2514905803651468,-0.1523144778302073,-0.23413503877860495,-0.17928114816106655,-0.34623356299699243,-0.34097694240163673,-0.34148475467249834,-0.33306096751934533,-0.387630277833237,-0.3325367163888407,-0.3310786109785953,-0.2776069974903736,-0.37249131268217683,-0.2827570497825472,-0.1872974699354329,-0.07161672867872339,-0.056094101664803664
0.13799335716020783,0.1802298808749507,0.11517054938814372,0.18719627161927024,0.22210584757828833,0.18715721903323793,0.09460539934777228,0.07403294771053773,0.11525442417144278,0.10992966167413834,0.07535439332583697,0.11301520613600674,0.12863778499296644,0.06256293322060591,0.12194413221961718,0.06357493711389318,0.055678591481796366,0.005604437791912139,-0.03027776641761189,-0.017388532547774862,-0.03718053420559131,-0.03632435422354564,-0.06153783940395595,-0.18086493600746756,-0.20398269481675146,-0.15920574574267146,-0.24325060945240495,-0.24429756276553702,-0.18048105795125569,-0.2710743419641719,-0.2709841949487195,-0.2880881688477843,-0.39732573388508696,-0.4078513729615012,-0.4196359512162584,-0.3177507782673797,-0.24071703678404996,-0.27132596689154087,-0.3196168064216136,-0.13661507665967146,-0.08433531469772532,-0.08067474858810153
0.22723818239576646,0.20253987434675924,0.06591057175566112,0.12755104131888131,0.1261027072290043,0.1111260666339046,0.031273931026479476,0.12338007895893621,0.09424176596615358,0.10471170716309589,0.12734280208072776,0.02958672025238238,0.01230173923996815,0.08724358473094576,0.07607205798098976,0.04761498858271019,0.0571856482792932,0.050540647867867765,0.008737114926159122,-0.023008357483770985,-0.07355592808390006,-0.08829868789772063,-0.1038311312547795,-0.1536639523632704,-0.1410707038756357,-0.16437126298985835,-0.20663312236356368,-0.22790595228751537,-0.27482027344983606,-0.22595783987679283,-0.2733286320170083,-0.2591691748766292,-0.2944589816169202,-0.46082642565587434,-0.3204036297050066,-0.3724293924004757,-0.2958719480431504,-0.2205185093748768,-0.22982430488773595,-0.2863540634083125,-0.08839340774203579,-0.01583317459423268
0.17780214902386615,0.16581320151088003,0.20759835545601169,0.07878262233301059,0.06741610292252809,0.10974334873716295,0.19174082269758874,0.18447978196150644,0.1363079580202526,0.1309894778443218,0.030483804018910945,0.01924882786158113,0.01588333853890444,0.10710033041763982,0.025318897368715735,0.04642404664489005,0.04820932634417382,0.00149227297612675,0.008405702677083342,-0.03378361665707506,-0.018684018739820035,-0.1316088396917088,-0.036039588974795485,-0.15168270711900958,-0.23281089526642595,-0.12358239540769195,-0.26108367714435204,-0.3172173404124486,-0.16996689792902614,-0.3430270847598847,-0.4104377693919116,-0.324689910738968,-0.3426474629823692,-0.3947371516266247,-0.37940283173608563,-0.4473828332919494,-0.302805379761446,-0.30267902642022465,-0.3393122522827299,-0.2636110674495996,-0.2766223133059783,-0.06525097605973859
0.13750715569362915,0.1902277542083648,0.097446594623873,0.19230927293403235,0.1337072964884005,0.22391928249894122,0.1619894261114559,0.1662079356063024,0.037608583191086495,0.02889151225600097,0.15158384740195982,0.07720121769412686,0.026677546239285928,0.025810185114738465,0.07635955021085199,0.0867000515882474,0.0535071049777028,-0.0008943356274065573,0.01287650350127398,0.0038528901250112243,-0.06960932737512637,-0.08993986537244861,-0.1125418720931256,-0.09686905327261916,-0.09636590390220688,-0.13856320151577198,-0.21316390865726445,-0.32994840227936234,-0.17164370751496144,-0.3710036431172789,-0.24603608794835988,-0.40973491260155587,-0.29001046311486534,-0.3777237427277113,-0.3837019855550372,-0.2872471237835341,-0.41216858855063315,-0.3029626025336303,-0.22555008133744492,-0.13816011877208118,-0.06261446344150268,0.01666210800496287
0.16060819235562446,0.19638386692125748,0.12910710187649038,0.14749540406765038,0.10525406971793244,0.18246493445583178,0.09744161715286753,0.12636604945318322,0.13461054087539612,0.04082742394765522,0.07966105605487572,0.059653677003285506,0.11995086749876144,0.06413411697110197,0.010509640163747088,0.05669055847087113,0.0447774138469986,0.004304027946532458,0.017202748999810002,-0.05503049590619204,-0.10122328824032735,-0.1134380601144521,-0.10417990045283272,-0.1299013180311558,-0.17379865709801032,-0.11559057685748944,-0.2092244353860599,-0.26816129698526986,-0.3087176166781911,-0.31040612485318847,-0.31931890114115663,-0.3651946410309239,-0.4488791582115386,-0.38816503540179786,-0.3926289461676925,-0.3599801484151322,-0.30378544458780976,-0.31429316070178576,-0.18326759142919954,-0.2933357252681175,-0.2380431601672288,-0.059784865779091714
0.12080434257366467,0.24135756146411275,0.20280142694838843,0.2146906697854076,0.13330390832345926,0.14795253666920827,0.1496494221705857,0.10422573647377827,0.1347774012394577,0.17999756769661676,0.16480120529635248,0.04115489210369675,0.066646060576385,0.058055298552274655,0.016347526258815945,0.05066393526460595,0.026100335902612834,0.015852579127423074,0.024620998600975386,-0.008644163705548236,-0.02830250224118782,-0.09868800294267129,-0.10413766182268049,-0.14970743197105488,-0.17244640815505755,-0.23916037265911025,-0.21320685668943778,-0.21089734870603197,-0.24684567255715686,-0.2696086611013964,-0.2923694285669017,-0.357060533599551,-0.34264081462591034,-0.2954123496620251,-0.34021320555165235,-0.30412193946916294,-0.41670349753781766,-0.3891067978444709,-0.2239796745848995,-0.2553170212432775,-0.2524088476686751,-0.15663796310558376
0.15716459498873298,0.12240615005674685,0.2254869730618513,0.1865147372679963,0.1524032707822975,0.2226069169435814,0.08280217695518453,0.051378165326002666,0.0759064023498237,0.1783502586684136,0.039773116505830555,0.11051260872013541,0.06857254392654856,0.10765395154304866,0.06560744807394839,0.10144123528150732,0.06859001563609457,0.016965528419403637,-0.00584304798511935,-0.006550859200485447,-0.018738980086053895,-0.0444237425624499,-0.10315226740499071,-0.08449111309825909,-0.1672932820771977,-0.1201468331483899,-0.21798518864971766,-0.2830499276402031,-0.28613123325170753,-0.29531327118940387,-0.2265528215702622,-0.2814363622806488,-0.2964665963303998,-0.32251370461859885,-0.4121313564508034,-0.38562719877995516,-0.3208312653594047,-0.3423053128396606,-0.3162239479425363,-0.1255159539771957,-0.08688440963031133,-0.04309772284243658
0.1036876955798295,0.09476819081314734,0.20639226331970034,0.27141139186172514,0.0775397430490506,0.23455517109358495,0.11560917521412349,0.1737525734700071,0.06964205105359254,0.040251286642683154,0.10641239714156871,0.13666271055449508,0.0482783763786886,0.09921109024116924,0.12366942145289364,0.04825769687826788,0.03945804600052499,0.01542677033079472,-0.006369791223372277,-0.056738490284098934,-0.05904825546740872,-0.07732293237835113,-0.08269734187358549,-0.17377492757733348,-0.18021013433050406,-0.12138044122121065,-0.14738236930573054,-0.22332522716481545,-0.2584856164819133,-0.3773065454038819,-0.229878647532106,-0.36099783580656647,-0.320439826508215,-0.4503813586931349,-0.4153073216831194,-0.341739477869281,-0.4055776548166908,-0.2907211412749227,-0.25745400362362947,-0.19917426577248348,-0.24088875217507907,-0.12928397755363993
0.0966681696733567,0.10457822962138631,0.18260366314074541,0.15390043931867975,0.23675021287976233,0.15274426733111485,0.10135652394546216,0.15062170378055287,0.1866765611148881,0.1795512705365069,0.05559922018200126,0.1892768783422016,0.10562155591025799,0.03913432268891209,0.040111710392047376,0.021657679893565915,0.01790103509172741,0.04966022466783641,0.0017613786716004795,-0.011893511024017832,-0.08531949946368332,-0.13185140318366204,-0.161044326870514,-0.13719188496844315,-0.23731928454849374,-0.28233725580770636,-0.20787969558057856,-0.335688292438823,-0.30219149281287794,-0.3205908688617038,-0.30758708586232386,-0.32655551091389845,-0.32625049943470164,-0.4508861899646034,-0.4439765599108603,-0.4400035929733642,-0.2927379208089312,-0.3089952144382567,-0.2985591723149887,-0.2185125074879067,-0.10744331761219561,-0.07456657370117585
0.19544649194534733,0.15130375245737135,0.1700003814925826,0.19771377855276545,0.17508427903005527,0.18072074414279152,0.2319211211513119,0.14268373646826468,0.22440633993800463,0.10793590473924705,0.0851239198908818,0.05020276265647645,0.140045521079057,0.11857058519220791,0.04399498596097498,0.04320305390093166,0.030843865115474663,0.021722651498950852,0.02994040912241092,-0.049337079384749655,-0.07494693628458403,-0.062193301827994166,-0.08907831800834014,-0.12943621079680817,-0.18561942139808452,-0.28733803964491644,-0.2651948511824806,-0.1962899019075978,-0.3893713557274062,-0.37339750014411555,-0.4112915593739925,-0.3016286106127598,-0.4869108977062602,-0.4473328776765698,-0.37955260190895107,-0.28545553544195895,-0.29728424766428463,-0.3654082840749805,-0.35725538914388816,-0.18205784647759157,-0.16667984738266184,-0.07878492786827346
0.24027177993388524,0.15233915378389232,0.19210597321836073,0.2568963519435912,0.2521606262304736,0.130007664997703,0.20541938374284413,0.23019499058177373,0.2268298558775356,0.15309832169111812,0.19364478875609892,0.17430801810097163,0.1647949811208014,0.11928936575415736,0.053638834939213315,0.028118212304230263,0.08973059645242042,0.020275062527775403,0.010371351568895517,-0.05124776940787764,-0.05632596815642454,-0.1295261887874703,-0.12513048054165804,-0.18127958205054268,-0.25382086466588966,-0.19305617852037668,-0.18846262005847947,-0.2447294096695424,-0.2661561287678817,-0.30280564585460484,-0.3211448658399843,-0.332881601313898,-0.3411038438327841,-0.28901377384594606,-0.30993676319497565,-0.37996564920498777,-0.2962673767790972,-0.2869228078057951,-0.2812772940765304,-0.3037744001229392,-0.23240354270460098,-0.10441335323920099
0.01669741006556557,-0.0103991291378376,-0.0070986605751323,0.025153596233977192,-0.017955060690413124,-0.005149937457976933,-0.013977074250452786,0.030994634737808852,0.020127855554904355,0.0005390235811012355,0.0035826826817838163,0.00958719445426456,0.01768031930754962,0.001239793177754698,0.02293347895384558,0.0013578787514544359,0.010385124920760453,-0.018388678989524957,0.007950775173666531,-0.009839654148935886,-0.04296640804391819,-0.002701195008509104,0.024221536674802577,0.008353705246385085,-0.011131753019979882,0.04594156919838228,-0.002492331473267158,0.0003241380593373999,-0.0015122211422786322,0.019019332015195622,0.0108855304650104,-0.0036266416576273696,0.003374423493778246,-0.03126400463220695,0.002051615806861786,0.007434318468338546,0.020823709527675933,0.007869159358116842,0.0011152411593787113,-0.005294422770012565,-0.00041100363980382343,-0.028595041450243327
-0.014595768731936291,0.02133398629583158,0.019370625844974235,-0.004743635068323869,0.016896807523664552,-0.013234035603254,0.011888265538641802,-0.011106682099232356,0.03862157063710566,0.022178183596651854,0.005422945096001513,0.025864291031366827,0.019889837950237146,-0.015219183356927136,0.0066261453514661,-0.027231393497936643,-0.017138273419020644,7.15781112699521e-05,-0.0073590744350850515,0.00141904026804582,0.007042487741900652,-0.021153010337270108,0.031742064479974096,-0.01740706891065162,-0.008142890271631354,-0.013148536626949191,-0.017819381020411303,0.011875312887042033,0.011052194679181582,0.015510176325227889,0.015853065524043558,-0.015123212033866821,0.02425402922568033,0.023658159642753217,0.026085295906698943,0.01574217471508815,0.0018157439040959904,0.01206918231802648,0.010293012877329906,0.02204296133479576,0.02961797687843538,0.01608352670089873
-0.03425966900694016,-0.02110391347272376,-0.0006885876090597791,-0.028526645542120626,-0.012482311515889218,-0.011803604660525943,-0.018017264982660597,0.018869727464666676,0.013973828216467962,-0.010557141045348523,-0.0014784785746622356,0.033783237190395304,0.03633611026393524,0.030049849211353143,5.9676128690145755e-05,0.04587932411282794,-0.008332289406694855,-0.013237782213729237,-0.014451657072172724,0.002531182120652293,0.004899544290862727,0.00015521062770287178,0.017365254760639267,-0.009243252378376443,0.017473970735523037,-0.008642254190697326,-0.0226711514908416,-0.01420918033404425,-0.005135262802017978,-0.0031868836090778343,0.028711609627705064,-0.0279383538764792,0.01156990991993981,-0.01685349985451611,-0.03597468520306891,-0.026784347303693314,0.004935077159159573,0.028796062043568802,-0.01489079687597929,0.002718479024267103,0.002159122420297434,0.0099383761738402
0.023261988220098805,0.020957239930105585,-0.04784410599053456,0.008204650271535212,-0.0405675963660846,-0.00938914144380587,0.012465708338317144,-0.047207832980916284,0.02918619460008031,0.013307125223064842,-0.028810197792322013,-0.010284182719255464,0.004864760150922803,-0.022952946489842172,0.0170230679784507,-0.01179567571010901,-0.021403769693431923,-0.019809841787374396,0.016762520019283855,0.03851872542787576,0.03439137202684153,-0.010070012620987027,-0.01801518414246683,0.016104525372310337,0.0435092612535142,-0.022498944211748872,-0.015051838312619728,0.0022863944087234593,-0.023938689641285718,-0.00918772420664703,0.031121345333890774,-0.015235410264640144,-0.006032918897235648,0.04604370857790331,-0.019756206474107155,0.010482194799892867,-0.023529784395328136,0.01295979648445725,-0.008422885001491869,0.01989362963222133,-0.023459084399112116,0.014221049179962085
0.013162541053912251,-0.03136420385539701,-0.018650789314198352,0.031174104886852384,-0.023604972330599994,-0.010610668764754947,0.019495294797251733,-0.015124707695878477,-0.0013010210690612715,0.03364615541401779,0.04164241872426993,0.0062276014093411314,-0.027241354996041987,0.02136923536049179,0.042240003430350656,-0.01274721250901465,0.0039417470051146715,-0.014825226317081998,-0.011398058054670266,0.033133871399155856,-0.013570959573107262,-0.03614769540342117,-0.02416858179479026,0.011824805519953206,0.021523261210800212,0.010994563938481519,0.026399118135084842,-0.015601061543956265,0.04336010447402355,-0.042517001760739685,0.01201135199649062,0.027843922871377,-0.013012377558532805,0.027638449033613087,-0.031838328804649214,-0.0016359694543808209,-0.0046196308504084125,-0.015654075276535225,0.014544408805818393,0.03291279139181261,0.007990039231166373,-0.007565423901108507
0.006184205482748258,-0.004448433220969654,-0.042086106258019014,0.021031588555703938,0.02269783676423519,0.0022145752833529903,0.016191395434927484,-0.024275381740614443,-0.028546765602110672,0.005466787202410182,-0.014003728307439903,-0.005617409054050633,-0.031038977518424257,-0.035783493935865385,0.009623389959855299,-0.012436094311126116,0.04126989132705118,0.004844172824765715,-0.001924978952616021,-0.038019441716843794,0.024174572815880736,-0.02262935254836759,0.003602565430291601,-0.017082876376386637,0.025009233022745696,0.0027178857653049767,-0.007235010694516696,0.013059454751739856,0.012161613964478887,-0.006441386102498005,0.03556676946609679,0.03446126967276171,0.016569255270552627,0.0046162155430826595,-0.04131674594025672,-0.049595864244817094,-0.04184603362720756,0.02160046285248072,-0.0029305870123807927,0.02128338101664315,0.03902069040575369,0.009476827016372737
-0.0016418185037436915,-0.007964229063575318,-0.02305975009766816,0.024924820264698926,0.05036940328893508,0.024915662298208848,-0.02471958676733073,-0.04706469941908027,-0.023312507133991533,-0.011176506628500608,0.014294773534225947,-0.047021253189833565,0.044629616339195495,0.004198793923017087,-0.021047324759891402,-0.015612070623687108,0.03267896627384393,0.020705632809637477,0.006562937372770623,0.009855134812676622,-0.016476527107879297,0.01604518757084272,0.01151922221430216,-0.019226141321222513,0.05161643069610915,-0.02041754218021731,-0.03006516512218674,0.03299914414157336,-0.03175364082134973,-0.024521591289203455,-0.042028452328591565,0.009177678245131746,-0.0026946576888103504,-0.03068857241789332,0.008837626477946035,0.04378112539820886,0.0106308085756716,-0.005008567173567727,0.027215539484287593,0.02719473538745014,0.001228314581645689,-0.0011027052545521919
