gfs-wave-data.json
{"header": {"parameterCategory":2,"parameterNumber":3,"dx":2.5,"dy":2.5,"nx":144,"ny":73,"la1":90.0,"la2":-90.0,"lo1":0.0,"lo2":357.5}, "data":
[rows 0 to 18 of 73, columns 42 to 83 of 144]
0.17380550487840182,0.14578079489063062,0.10114995510437773,0.12102927297537151,0.06866110680761266,0.03485844605473047,0.05653044216117876,0.06473957743814053,0.05993991942459591,0.012209294207463285,0.045735519610925486,0.028396994629453397,0.13823855729177095,0.161318907653896,0.09728138096734107,0.02471763272531155,0.09028105241339757,0.08863534296553828,0.1491670036650683,0.21563620035024664,0.2102267417918002,0.1155177823173542,0.14165837067765807,0.20724680315639665,0.19664143292575023,0.21901875368995435,0.16021967094374293,0.13953831655657922,0.21897472523947223,0.17782712602542558,0.17853382387501712,0.1838564696290267,0.21261765717662717,0.31184936612432795,0.3393121001187585,0.3009740179787519,0.30546393899803154,0.30381107415702613,0.3885880862566002,0.4731038132183406,0.535282053077198,0.523271673572604
0.11401469543925288,0.10015623405528823,0.07964860966848875,0.18519835358920314,0.04719835031928979,0.10961829268624872,0.04344585752817245,0.11288969166214417,0.07026547017530939,0.07469442063088085,0.09416330071938048,0.08049537741535645,0.06313966542340581,0.15612577804858238,0.11042712840950686,0.06652876933776453,0.12629237176309135,0.20612035871172865,0.14175222884728267,0.13915954641736666,0.19818676145199082,0.17303144383792649,0.18615314039780478,0.2650169109474324,0.2034906933994898,0.12167368286481034,0.14952376256428637,0.15656140017385947,0.1556080188008025,0.15883506941820502,0.14495044708822247,0.1767890834086295,0.17351677987234274,0.23439475257986883,0.24446229852338977,0.268036653126201,0.32770147871407357,0.43336260468279275,0.5067648100736368,0.5738611601187052,0.42633248607020297,0.5520412271477694
0.2251950791040902,0.17341524435483877,0.057016129738589,0.1446445167454014,0.09842754256788185,0.1216080467615011,0.07784229693704887,0.05202515457209881,0.07550598573699677,0.020276058040822772,0.04055302895954285,0.1121057273328914,0.058356650085251344,0.10089556726419732,0.008614263461451166,0.15516221438796904,0.1293600220470038,0.1528935867961278,0.14837079208747198,0.200119437131494,0.1738312486252032,0.11221277324861556,0.14104058349744314,0.25009805057335815,0.16328887152723096,0.15580764161085628,0.13760312207743555,0.17062606620309845,0.16260795246689375,0.13799546924807726,0.1374789633741543,0.2207971259885012,0.29227150642194766,0.14531718911270367,0.25464973034721905,0.2972022574714415,0.3999203655361182,0.370103891554807,0.4287442608782709,0.47547063465427886,0.49169282156436206,0.5342541097593502
0.16417349986113353,0.2388893471745796,0.1201132595155741,0.14443136877777035,0.08687603261555306,0.11455427070497708,0.029671475266627063,0.05969928782066688,0.08489733953034093,0.09223991763693982,0.13979302100263186,0.010226665697999994,0.06542784472760531,0.12449321630611063,0.12571755004593027,0.12392581913341487,0.14512808147298284,0.1927746311840881,0.2188983787381898,0.1870486903071276,0.24261335620565078,0.19467330052042886,0.1043934078760842,0.2045152674916924,0.15794920754723332,0.12916796642451905,0.13823109500635014,0.20675114881775639,0.20576970153433685,0.1557287576508345,0.20467386931036086,0.12014485369432795,0.25237594742178676,0.18373848332644202,0.29408593013219075,0.27911326127425606,0.30459682633228097,0.4223718238418292,0.5379832862998953,0.42187748351019033,0.4758560157766172,0.6041519027250586
0.19323045941557682,0.16016582933298687,0.14201134805866295,0.10734266290722012,0.14410672595541024,0.05909463359941864,0.02846265875607793,0.04805215281013405,0.0778450960682137,0.10977470192097667,0.07452130759908748,0.022907809780194785,0.07231460173132,0.11113611419509732,0.08470961770785367,0.1503155585331719,0.06924528435304345,0.2068519666290889,0.1898900806741696,0.12822611193147493,0.24778666961957346,0.09232232949536608,0.23686725679102044,0.1569462632153397,0.11899569855451628,0.1462421843044276,0.17019859357918074,0.12889235526657197,0.2058663045257772,0.1448603057998917,0.14971604754731344,0.15127327148895434,0.25532155523636146,0.2610802075071167,0.22461559025800426,0.28098396527653013,0.48404778989258485,0.41402834684212386,0.40928276739606856,0.45657207034559144,0.5136987777745647,0.5479189809380385
0.21424265601087905,0.21199161308962441,0.09810827154108252,0.11046276719279864,0.10106169720799561,0.06183297481709153,0.0894567741064927,0.0234201728687209,0.03239987577905888,0.019638665748032927,0.035741861140249055,0.02239977756804104,0.14207128358859575,0.13080608060472707,0.047161120908219854,0.08919404250174966,0.18644485878117634,0.19586766178710815,0.19618717823873852,0.2378861186638131,0.2684452316540341,0.12418070729894864,0.09642560915604516,0.171620492653685,0.13501928189526535,0.2609400503127444,0.14220615681609308,0.13290449813653682,0.16705759547418697,0.20652182025756882,0.1770705604216012,0.199610779232833,0.20589713784737185,0.22346086704743315,0.3207090856311692,0.3066418295087916,0.2754817269755924,0.3720433288151181,0.4318203432050896,0.39355013733178845,0.571815035494642,0.617677612930705
0.12345315061172839,0.0864887805299118,0.07601549103018895,0.17480501983267266,0.12180248088164812,0.07993540076447218,0.06129209671844033,0.028325971024644295,0.023012859694587138,0.15123534569038882,0.14885807722170633,0.06055782872453764,0.04217233509610435,0.17253144765196593,0.03689428772929739,0.11560064377826257,0.1002258923665637,0.16777681015865,0.2063854059122243,0.15951950946814372,0.1833413997589944,0.10452621913337498,0.12195348594094682,0.12610862116419566,0.15145870869090491,0.1785114520426686,0.27353819570136917,0.18146269414850003,0.10550208819156746,0.17229683544934452,0.15830080334093363,0.1551302705923835,0.21519979685555135,0.20769960270477492,0.2722666252507096,0.33547028810007773,0.47636570714801363,0.34736580833533637,0.4936075250143826,0.42994351244928064,0.5451542036308145,0.6008952741968123
0.2188600465531198,0.07497144266633002,0.11271740282389466,0.14287680156552596,0.1383165231015235,0.07651864129722437,0.141578459422386,0.05285874483015023,0.034413675645880215,0.12426801574285216,0.038074452125915155,0.035247925511121735,0.08224351876912973,0.0300413399531286,0.1427148108965201,0.09722872739943077,0.12358556467295907,0.21809260764093324,0.2532917732104502,0.22546154374930474,0.17712420595624265,0.15252655204021773,0.14311102321821748,0.1552082487602402,0.23018164262321367,0.13411076999630975,0.21429459257800842,0.2762148109449756,0.13642315651223078,0.23782286794958915,0.2200699795253982,0.3051407560235583,0.17221318396876123,0.1694846007171083,0.2869797629157673,0.32048764960597,0.3210707802558802,0.3556302564181935,0.36510575090165376,0.6063363469074621,0.5519834239411933,0.6587275949447893
0.20869022753914254,0.21116872681765586,0.0983882310062372,0.17870122056914708,0.13324035980580662,0.04278145909759354,0.09203664674091794,0.04765177948328823,0.11616410053042983,0.04825437358988903,0.0302590098708653,0.11950431028640769,0.043880946668237025,0.06293964030246221,0.06113281326922681,0.22034560599574368,0.23946123999438784,0.1422714709277423,0.21539539912131303,0.2436391960655725,0.24436390695735805,0.24406026053319907,0.18572775003371195,0.19877608925626902,0.27899732333900745,0.12281492195234853,0.2476329296233233,0.23530800384522693,0.17413866723130011,0.19398817368970683,0.1399732634882048,0.16438598143360925,0.1904395850740791,0.27571085130380557,0.314358416591329,0.32546813306328964,0.3713353474321296,0.3617929024004633,0.5144710114063191,0.4829238379541727,0.5818747270355137,0.5421590614445975
0.27122176289082206,0.1979944727108047,0.10534406655642982,0.09217203707171935,0.10537889112773555,0.14762790041840038,0.06359500192677633,0.08256891215008129,0.09172731521623247,0.14219739245115426,0.09971774598060719,0.06720795628797742,0.0487150661362284,0.18663678730631006,0.12090112685491454,0.2170061335374896,0.19056986502661477,0.08032383284504345,0.19705776121263582,0.2803444974765506,0.2245885709616218,0.20788149481872914,0.21268826194999713,0.17048345053749409,0.20930236882436176,0.22486335722619563,0.2608925070664949,0.20687517800996658,0.23780369304700147,0.19116603850140892,0.1952032006593566,0.23691925975893308,0.1318050604038069,0.3203979137346445,0.2281751455157887,0.34144069117852577,0.42927979571521446,0.41054775660101755,0.41070743332810605,0.44659023860383346,0.573098945352538,0.6668498197688052
0.12140858651325065,0.12969712318114027,0.11506487192889454,0.13229646816093923,0.08328276048935358,0.10901863183690565,0.06415921423942199,0.05844023009767447,0.09329033976421854,0.05017687598175837,0.036315858396312385,0.16204310351837542,0.09462095957496539,0.12130771489150255,0.06986660105624204,0.11608105759628796,0.07960117596047407,0.14254205304535825,0.10835677113416518,0.20207732872612644,0.19491621467562162,0.24444486907380775,0.23561537911888722,0.17818795651886024,0.2516323664986965,0.17280183072039837,0.20319745853616536,0.14943356913851844,0.1796838312771136,0.26392407922984756,0.18645020549897953,0.18054225078577993,0.24452744112795577,0.3057498776633005,0.2901986400880263,0.4027224886099146,0.4026487486592487,0.4047127777768773,0.5968564861295624,0.4997643677700552,0.5485393754911134,0.5390843300016899
0.1216769113010579,0.16969233002540843,0.21201538843278855,0.152515033556428,0.10155803118559457,0.07842591865168284,0.06329934076006137,0.09448104220572169,0.16574674902744588,0.09510881409166178,0.15596776635205237,0.15577470680201086,0.05278091593482346,0.14933120086210414,0.08548612981455353,0.14418543645695392,0.2405697355725128,0.20845520082896854,0.2629523615100178,0.1501275240704273,0.2070352029791061,0.16334172893369092,0.17514851872577902,0.23747593361140001,0.16759911762451588,0.2124301364286291,0.14863205463011647,0.26641648274044216,0.19081918530745548,0.19802371726406304,0.18915149854339688,0.1380180526553337,0.25242288517108624,0.2753277505543272,0.2428529126845367,0.318295527396642,0.4280277826813395,0.4341953932311267,0.5875222056933782,0.5239700952836213,0.5499632252206076,0.5790750531773639
-0.1627050109629236,-0.14455736327999413,-0.27303365660634804,-0.1838493757718849,-0.19007954979313452,-0.2432977244591451,-0.15104603363708488,-0.19771314602999596,-0.16803966520696673,-0.2105507010598809,-0.11261403154623409,-0.1479817108588395,-0.16824726318241162,-0.26035968970350654,-0.13352834877758762,-0.18864494752166838,-0.08403869367416245,-0.228147409809544,-0.19501677258643596,-0.18716224614896207,-0.08092883147300815,-0.1333453252639227,-0.1922358991636081,-0.20714469742790426,-0.08673684703028851,-0.14478397683833236,-0.1002568150713064,-0.18108842380514345,-0.1347413440390733,-0.0912673234879332,-0.2688597516302424,-0.20088954094078323,-0.2597850218126664,-0.10867312702282847,-0.15390336979944075,-0.10663169669628154,-0.12118254229046539,-0.2050275810865061,-0.2322630310145908,-0.10292598274774253,-0.1256507635554721,-0.10728524642017014
-0.08967334247202416,-0.22141757247400545,-0.2554932251313056,-0.18754057363415932,-0.1233385489221571,-0.10593996466241545,-0.13798665234759677,-0.28295113724161186,-0.18361174515919032,-0.2264072278720481,-0.2420970577448966,-0.16127721335625275,-0.27489470009878014,-0.13644907521259098,-0.16485150600214177,-0.1351900371600327,-0.11100630716790252,-0.18353947995524464,-0.10313094171232177,-0.247234464385248,-0.2764023173069716,-0.191776498278775,-0.13136745819713472,-0.10280127471404313,-0.13310826865975703,-0.13902309864976428,-0.26856125271547393,-0.2479629434740852,-0.18666134777851487,-0.22753570954367247,-0.10153220527430375,-0.2651346693462455,-0.16133373819896263,-0.09827952152205935,-0.12187487691042427,-0.16624491623648763,-0.09219649078915383,-0.1063470943919737,-0.13474889903953685,-0.27606665817328113,-0.21749433844765956,-0.14684902628703053
-0.14262164497565463,-0.23305202107924658,-0.2589707150024761,-0.15137824558079377,-0.18462772449832213,-0.12177863301546743,-0.140435785265655,-0.19376101225560727,-0.21818832390943238,-0.1522287848335836,-0.2527185472581327,-0.19248887172120094,-0.15883755908791203,-0.12530864256785115,-0.19665048854603875,-0.10998277459398591,-0.09883551218732624,-0.2785801041547157,-0.12319227317955887,-0.11214517041629433,-0.1940314110025808,-0.2405873119552639,-0.19949992050835547,-0.27420760066711275,-0.25232973434925005,-0.15372284031246822,-0.28073155442267966,-0.26694678136439753,-0.1205368255525021,-0.11232111829192513,-0.2149102414200933,-0.19350512311623452,-0.2871612485801019,-0.15487611453125683,-0.26882899816967076,-0.15339845884438844,-0.1063259023436548,-0.2445152770583926,-0.1842960718586295,-0.17936147787951565,-0.1821551213459913,-0.13508994397596627
-0.23770250674023358,-0.2529143117580042,-0.256312295585462,-0.2494491478660314,-0.2685834843700267,-0.28727543247567106,-0.1867602735944273,-0.2087141595642117,-0.2298171687765828,-0.21001091689250664,-0.19766835216165207,-0.11035825399462769,-0.23063116552162033,-0.1136446595137402,-0.11379201292559982,-0.184509505340483,-0.2426296808100562,-0.15362292328726226,-0.20854618855581467,-0.2743558579493289,-0.2359362401476463,-0.28154653998887424,-0.19338060304199986,-0.26697190384344954,-0.22370506745655636,-0.18894853597235362,-0.17089268868459617,-0.13251995300732128,-0.24953383598972087,-0.2603252647387482,-0.21767741666307552,-0.270303819168963,-0.25385560016966235,-0.150729798336711,-0.21362130524307638,-0.15500398592493336,-0.2391915601690279,-0.2722105901798212,-0.23801226098323333,-0.15368951841041573,-0.21899703908082827,-0.1687225842785783
-0.29322519322508506,-0.28431946650620293,-0.215118272051946,-0.1781583551526887,-0.15099283613226808,-0.2135284255352819,-0.14112288960433858,-0.26059992589605147,-0.23892941692850553,-0.18713631628098482,-0.16431620493374496,-0.2656820683868688,-0.12586932243999727,-0.18529501518408495,-0.23218051233053355,-0.12919617013604973,-0.31993963451444674,-0.28666122781911757,-0.12464111399532281,-0.21908238698926508,-0.2991900455065862,-0.30954908333261805,-0.31018698435883857,-0.22648246533768251,-0.19257209929110472,-0.16947167540868718,-0.2952526799659847,-0.13252616394399427,-0.2542729186439277,-0.1304008074238222,-0.30474788470219333,-0.28399475360369647,-0.2640628210676086,-0.15263256813002465,-0.24489482003829094,-0.19955723802896919,-0.2264038033073504,-0.1853049518218254,-0.19109416366173224,-0.2979335031621238,-0.13664793272885853,-0.13692421249157943
-0.22043810336012803,-0.21250479534305752,-0.2157582755786537,-0.33087012253152953,-0.2427247552784509,-0.18063882375358287,-0.2279231744328634,-0.22968512382092127,-0.2343412361678036,-0.3289653727736871,-0.3098939158992528,-0.14495038839810098,-0.3010231122492551,-0.2836494027817625,-0.293716849310063,-0.24732705315802533,-0.2558187361533767,-0.1541375720958421,-0.32736995364353,-0.32596429513148,-0.1996252406276566,-0.28465345685983157,-0.24897853019404756,-0.21609258302670678,-0.20803096818493239,-0.25592488616996384,-0.14530199800547164,-0.29389262630203383,-0.3259851943728901,-0.1402284751987659,-0.2891904067302017,-0.13684284838418043,-0.15595768490921932,-0.17959750664883686,-0.21361813496352752,-0.16374216990605134,-0.1969689379776686,-0.30381913530486115,-0.21259752504559778,-0.2479585158611224,-0.16262585119779427,-0.26950662292560523
-0.20654080269377104,-0.14959631391746395,-0.24173639822509202,-0.2245464503397744,-0.2411729603436918,-0.21538375029602236,-0.18130052737529395,-0.2484871647299003,-0.3228447782734133,-0.21161571041050117,-0.1835038022505132,-0.2256738573188193,-0.3417972885778484,-0.16020604121282742,-0.18036033783442665,-0.2548992698617021,-0.30829590464553425,-0.20828218745020408,-0.3232182727496269,-0.3215095802997745,-0.18608716054439134,-0.3028871529831919,-0.3148215897280107,-0.22120293687249903,-0.22668758049508803,-0.3329113414352917,-0.3222512069213532,-0.26991316066786253,-0.21881317045179383,-0.33722778409373094,-0.2192483390898992,-0.30790209717662875,-0.3408895728506337,-0.17879187600867538,-0.2635939280177734,-0.20560637117397337,-0.25638878766950707,-0.2520440167902077,-0.33780894362537217,-0.15843607426600703,-0.18110289240067354,-0.22343656054336378
