gfs-wave-data.json
{"header": {"parameterCategory":2,"parameterNumber":2,"dx":2.5,"dy":2.5,"nx":144,"ny":73,"la1":90.0,"la2":-90.0,"lo1":0.0,"lo2":357.5}, "data":
[rows 18 to 35 of 73, columns 42 to 83 of 144]
-0.03377432446362489,-0.005210970423882446,0.05582780871352594,-0.009485956451918713,0.044172297749271644,0.05886180037943543,0.04812354659144316,-0.02551202569413853,-0.0012805211619973562,0.041238351082979026,0.02240311719310264,0.019103357271701177,0.03666420527077009,0.003921963767265536,0.03521896790938361,0.06418671312423099,0.0244853251699735,-0.062217358477450635,0.021420916367704625,0.047011953064836326,-0.04605287200857652,-0.04495683583648929,-0.009185010415076258,0.06777211281986303,0.020448087173422818,0.03506578013705895,0.060735115088158584,-0.010843300476851976,-0.03128392347248865,-0.00484276841859304,0.0678320919627366,-0.016226493734695695,0.0029932968696548966,-0.016393617376465337,0.045782776723012765,-0.01903928692334855,-0.02565604684623704,0.000120426974440112,0.030752324966890468,0.020007093573418695,-0.046316011687674206,0.0026349666867734943
0.0012780008661451064,0.001733881764376504,-0.03734960038813459,0.01945699086083537,-0.037068511861946506,0.01997760632580782,0.04420178637284254,0.01767794406174438,-0.044085512077884394,-0.002210637225756701,0.01848941599602668,0.05526353461222893,0.018152053783340037,-0.04952043188208044,-0.020352489738411257,0.03448316357496402,0.016255430467201258,0.012498360844259006,-0.015406325555790894,0.0689005012851973,-0.008156057185029607,-0.053197366506088466,0.022109310214986497,-0.05947142584407417,0.06802135400380935,0.07184785018588745,0.03907768181258325,-0.01735992370722394,-0.05944000373301333,-0.05820170517984159,-0.06347721164153985,-0.02841982688239277,0.01549272124879548,-0.005908082356067799,0.02865470072064438,0.04844227665934729,-0.05176631171842619,0.05123313367495701,0.07823826510267683,0.005055612436494751,0.02339828023566981,-0.007911018722488273
0.034598469300784127,0.009584977071607203,0.07618539918181325,0.037871707063806076,0.014286338513864787,-0.018561972820988946,0.013945064996464104,-0.009470549088143175,-0.03899129363285273,-0.04792863210006178,-0.00759356738815108,0.04143567424038865,0.07446369671868054,-0.027011618220093174,-0.011452376426623043,0.06355915413811457,0.009397430947825377,0.04355602780237137,0.061810684733764804,0.046167537869345285,0.07802852327349716,0.04266287527782103,0.0017268502562794467,0.010404601750497091,0.02281971302638654,0.03076295340154047,-0.03935575179712901,0.04760403315387775,-0.004293608742706164,-0.06566344684878335,0.0679357716533206,-0.019058327570536045,-0.015472660997043839,-0.06928428090672875,0.035308720619685874,0.04228242274940317,-0.006171694733944502,0.04083556318669409,-0.02224102532718297,-0.076792394438916,0.0775072832993135,-0.03762623230880362
1.0320754446200995,0.9114620556262836,0.9148709655659172,0.8798618988067253,0.8297090525402139,0.783298475546859,0.9820924567797198,0.8172026913911108,0.8264037701910076,0.8347802455245729,0.883331226730832,0.8597651679223947,0.7465200445021792,0.8816226670320203,0.9840069819024957,0.9728038380636871,1.0698107236513852,0.921355488273928,0.8765345250043683,1.0162645821018845,1.0462512119867529,0.9734201454555083,1.1213008894355438,1.1582689439264644,1.1135049952653806,1.3391438322184344,1.210359713922206,1.3418884386505738,1.43102988985452,1.3344454286144536,1.4055950810325122,1.3503908497878019,1.2779970225216648,1.3617520203589615,1.2284643118348357,1.3071943160452364,1.301324603327363,1.2197533467309718,1.0928568522061999,1.076030823457959,1.0741903082833162,0.9197539711397926
1.0485298113032957,1.0327627864700892,1.004130615235599,0.8684436077293847,0.9943958195992845,0.8789741977836424,0.8639290482330558,0.8174677181847528,0.8735873357384367,0.9117539315714225,1.0345826245438556,0.8863000181855204,0.8163114478641179,0.8454046199166735,0.9506227894705567,0.8156983365236171,0.8825540249198293,0.9287158826065258,1.0001791700206284,1.0653068642489774,1.1921503061594394,1.017093387047648,1.121236425214703,1.229197946637872,1.131854553416697,1.2644563071854453,1.2877107767958018,1.2130855213961356,1.4297078275699502,1.4087076000939693,1.4157840984501167,1.4223216998668007,1.321073476202386,1.2633737659077295,1.2424059803239518,1.3099643924175461,1.2081051732137684,1.030280106515587,1.0402000439073378,1.134433553442369,1.0251312924523723,0.9811892468290441
1.0183092850290636,1.012556070939821,0.9774779032893282,0.9049742881072342,0.9045289545512564,0.8904033256010191,1.0230685840560598,0.8168347787725807,0.7429191149019283,0.7706008997445173,0.8865954807087847,1.010221843541168,0.8080969465509443,0.8846980383772842,0.8771735178333436,1.043104526263442,1.0547008780956966,0.9977476477496922,0.9083604757218142,0.9677286220901825,1.0654809745657234,1.0618133197764157,1.0538254692451732,1.2138514840473351,1.1921849834489398,1.226313624967085,1.2873826902815848,1.364493822537603,1.2775513018926974,1.3146052757956392,1.4035602914476117,1.4428855688247713,1.3435399215905088,1.3616355391317356,1.3828771581685044,1.1691038084668304,1.2327549008429988,1.1329282135901313,1.1275234376831376,1.0699500773269461,1.0332347063687983,1.0458394654988055
-0.010732450363135498,0.029766152158341525,-0.004656432642285585,0.05604081598743278,-0.04257124704115574,0.008358191943565069,-0.007586632037329274,0.050239379490793046,0.032379398327526475,0.04594958657154186,0.02181714484483193,-0.03293734635503378,-0.07157649849245803,0.036714260243676224,0.018145710144205816,0.03360644886917075,0.02147687648064887,0.003913456675825763,-0.0699849994332134,0.006299118202468621,0.04318470233599867,-0.014724264714019,0.04948554339905096,-0.011758819569236157,0.051018700620309804,-0.020012436826480646,-0.03496066180242949,0.0559316210186855,-0.0032255759297651755,0.009500227355342292,0.019907608433256802,-0.044180985187577876,-0.03798008595111635,0.06055971877757697,-0.045478843832314465,-0.052287533739444114,-0.07147410848304174,-0.05565773035767271,0.013104620559219186,0.010569480215118686,-0.02077699592911906,0.03363638356593149
-1.2529625660045964,-1.2708792116907262,-1.111351649184164,-1.2296539865629996,-1.1370003901690848,-1.1877012878534425,-1.1548975844804767,-1.0465953507208061,-1.0764751684696459,-1.1087893727256175,-0.973685808315642,-1.0745081891495563,-1.0280683689453438,-0.9089151410073165,-1.0212439195483722,-0.9436414909710189,-1.0208875796789474,-1.0012181513648672,-0.8595827501655461,-0.920184731519069,-0.8564837572605161,-0.9180078984453358,-0.7445171800979521,-0.8904021908981549,-0.8418800022646595,-0.9138690183443365,-0.823368290263271,-0.8673194200077122,-0.8597637217653917,-0.8887128326103008,-0.7191588036053331,-1.2033806602511157,-1.2448903862642697,-1.2735169881583184,-1.2542880915393921,-1.105270176664625,-1.1712131938995494,-1.163057526269538,-1.142089261069188,-1.2476809281443282,-0.9296763860637436,-0.8393297174925984
-1.1263108219101867,-1.1381184166786065,-1.2739373738973199,-1.1106035068025837,-1.1165564701270752,-1.1208994958186351,-1.0603993140074304,-1.1272563735479906,-1.1412318913228563,-1.114294643982529,-1.056744564681194,-1.0288002744481595,-1.0080345061281115,-0.8979238183689372,-0.8954950273832235,-0.871629395724104,-0.9374691390121674,-0.877081900552709,-1.0037391493640773,-0.9269516570296247,-0.8987717754583484,-0.7988132939053572,-0.8710520126258788,-0.7817041855753795,-0.910045395012106,-0.7800062524655138,-0.8408980701335945,-0.7303199994658142,-0.8532045136590279,-0.8230567901369321,-0.771096274121073,-1.0553098429529773,-1.0508819320227065,-1.207920077129745,-1.0649093455112524,-1.1794283627730897,-0.9928175218858193,-0.9248274482761858,-1.129664458750877,-1.0915551682408964,-1.020338500106289,-1.1598973602992053
-1.2161467193040294,-1.149609747220816,-1.2732340482575983,-1.1595286508063576,-1.0377476293695331,-1.0536671967060913,-1.2080893285123575,-1.1379746565407984,-1.2038892262269016,-1.0238414002623868,-1.1131278045324635,-0.9171904244888057,-0.9092738323457824,-0.9618993268869378,-1.033550570106144,-0.94513792554414,-0.8010373991845234,-0.9363774228649498,-0.936189286535471,-0.9830162401248017,-1.0165701602351231,-0.7954920662300514,-0.8598003078488843,-0.8891406764046714,-0.7982002575430657,-0.8061915088777082,-0.7204830040066993,-0.8210167728316766,-0.8675162679858521,-0.7817661584495931,-0.7501548369735727,-1.1897153072887516,-1.2101103560570914,-1.2557996968427798,-1.0576265677727938,-0.9759381643462309,-1.1693820960584709,-1.111663637414769,-1.1795378643952517,-1.1120075786606103,-1.1748139091758696,-1.0026982418944987
-1.2792888510762601,-1.1557139651553445,-1.1888608814641555,-1.1056362053126476,-1.093989093822681,-1.1243808575037155,-1.0515943496953115,-1.1515760609595405,-0.9711197814462059,-1.0036037682472212,-0.9358254400801775,-1.0889638449526349,-1.0337215080355635,-0.8760639921705119,-0.9028693366380799,-0.9892736085659904,-0.8529966755601434,-1.0370561705253774,-0.8489999137917289,-0.8756342617640495,-0.9448239666104848,-0.9944721167928242,-0.8003046695863462,-0.8756758568395587,-0.8204863468346218,-0.8007521886117221,-0.830876468132467,-0.7165871445432871,-0.8296066632361134,-0.9051155531746562,-0.689280966433148,-1.3101271639492562,-1.314851443239735,-1.1589066312162815,-1.0419499259685552,-1.1398931886753954,-1.0929995781325479,-1.087179282397052,-1.2132460795037445,-1.0427468936575404,-1.233399021764857,-0.9866608388962786
-1.219724832630683,-1.1294231111945299,-1.2683116293576353,-1.1390069361682333,-1.0592733234789904,-1.1472790265784756,-1.1925789963733187,-1.0956194599973406,-1.1048540909303524,-1.0741478698558053,-1.0558228229845255,-1.1257455257246674,-0.8683830656800982,-0.9129233286745998,-0.9628513643759185,-0.9620659894340359,-0.9952549769879786,-0.9123488580953548,-0.899023185875062,-0.8744391955059384,-0.7440014911408326,-0.7855875928543928,-0.9643331723679919,-0.7229918788533553,-0.7575538716198855,-0.7471445947515482,-0.8073126133963677,-0.7931022136958512,-0.7226719040188412,-0.8679107906945193,-0.7237596778239197,-1.1559731052266524,-1.2536314381575124,-1.269568925321133,-1.0621637346102433,-1.0317390348388982,-1.0494900973980092,-1.2191879828177856,-1.1636795132404216,-1.206443495763048,-1.0346357414920715,-1.1455879593586245
-0.04488408864063623,-0.06470998435110492,-0.002370387281638601,0.019578834336378335,-0.03147376528363482,0.03824123575855848,-0.006604238536493811,-0.021489376683669813,-0.01791482469896296,0.040510990613885585,-0.03173717091341736,-0.06093510881117127,-0.03178872878602205,-0.024941717483964388,-0.03608642623829903,-0.05675337184423961,0.07304299789963072,-0.04658297659087797,-0.009633966235042115,-0.04328838643387407,0.025980011612132887,0.05094421900901591,-0.023377572387730035,0.06841867095736143,-0.05391934614187784,-0.011479494105003884,0.013779044511810242,-0.025342321367587167,0.037066422458175693,0.03764406760796458,0.03602344558938877,-0.004848209133110689,0.01266145161267297,-0.047072383785240514,-0.042076294389833006,0.009457052417655713,0.003703592036686089,0.07020944947252646,0.047494443997026715,-0.06047485359626528,0.04498934844992757,0.052242247849814176
-0.5849110796586512,-0.5293969561832355,-0.5339433370929095,-0.5262168129133482,-0.5878677917907046,-0.44190106587617833,-0.6105831808162332,-0.5122247136885429,-0.45292783216200383,-0.33076817062231906,-0.37283812649857945,-0.33783119665419714,-0.35509739255444467,-0.3762018496340764,-0.2530164171253549,-0.273486755997695,-0.17410338559402816,-0.2565097105066222,-0.2518278717313084,-0.3866376247149821,-0.26850425169729314,-0.3910641780035383,-0.4496959556493466,-0.3179308561854996,-0.5606841535183149,-0.5127305362072184,-0.5524455906176724,-0.7266478661793555,-0.7477740855665358,-0.8306552881478928,-0.7772990081355395,-0.9332646513481149,-0.8982076906253794,-0.8935006312552105,-1.013442471581736,-0.8825934463177719,-0.6438916235481499,-0.5964735627092985,-0.7287983925177214,-0.49519978998441927,-0.6466196923947543,-0.5814167615559585
-0.5314532767642361,-0.42227076305659755,-0.4908684680210755,-0.46990667117583923,-0.6197951726832791,-0.6254368987180082,-0.5672540107265128,-0.49534909858289145,-0.42435313252479323,-0.4491875416048967,-0.4902331086784721,-0.3504268415242179,-0.3831508694456303,-0.2774066948672152,-0.2572720583865864,-0.22688272355953457,-0.17042574584481898,-0.18726291782040777,-0.330819520573257,-0.23559380553226297,-0.2578817036110906,-0.36676316758647054,-0.5020683986860796,-0.3703562843946669,-0.49271468856454265,-0.7011118769314377,-0.6960263567823637,-0.6527492049223103,-0.8180168814277503,-0.7441225995975015,-0.8190140051185045,-0.9689231005228235,-0.9569128764370924,-0.8596816584628743,-0.8367316660116091,-0.792804628793661,-0.7380599289375458,-0.6735531894924142,-0.6122487984179527,-0.593452398225566,-0.5995678463993476,-0.4900355411259438
-0.5264896177498264,-0.4593073123318738,-0.45247509618857573,-0.5217436044775865,-0.5309805964772044,-0.4637957158148388,-0.6024147613167982,-0.4086712822523311,-0.39242870374702193,-0.47345552775321936,-0.34306096178956,-0.3927368284760704,-0.27652085804686366,-0.3017937906330014,-0.25173639687121857,-0.23812313523596337,-0.27619619843997234,-0.26703158142522926,-0.3358874024864148,-0.20925035099572567,-0.316102522023374,-0.26290388977912665,-0.28029625517470724,-0.3846503507678397,-0.3950319088150172,-0.6048313222378336,-0.5898715117301503,-0.5973057306366902,-0.706416317875482,-0.8140798279779906,-0.9237399679749302,-0.7973601527936865,-0.7576717140085314,-1.021114310103197,-0.8175550168269631,-0.7184456351331918,-0.912905306638008,-0.792409493408545,-0.5727586749340305,-0.6337061600797104,-0.7113480431204385,-0.5650715429203048
-0.4086834521262338,-0.49086792255562745,-0.5045307881546018,-0.528862056468335,-0.5586632333799656,-0.5087127091722211,-0.5737630630598325,-0.42808436511256875,-0.5493423001950442,-0.42565180140729764,-0.36581249531666593,-0.35169384379329277,-0.290919095449529,-0.3090752812228421,-0.25474873835270234,-0.3274875773779719,-0.1594193860516648,-0.25462136716850864,-0.27478983253503525,-0.2720967227486167,-0.2096003051915581,-0.37966616691375377,-0.3978552290063914,-0.45122514578672823,-0.38539443774584414,-0.4934585310304683,-0.6124481701615658,-0.6501715721863278,-0.7055574343111318,-0.8734200996420227,-0.8698526123028988,-0.8639104915280245,-0.8061648596114628,-0.8494178507100978,-0.7437089522217076,-0.7619222530103671,-0.7502906461671527,-0.6409062004013755,-0.6093146387720323,-0.7161786673367428,-0.5810116744540975,-0.41552625241902436
-0.556596215058071,-0.4172187020978454,-0.4780701609376955,-0.47485232897672197,-0.4467089739010529,-0.530325311679937,-0.5211045008782886,-0.3852782417222085,-0.45021189321027605,-0.4851354791028445,-0.33805530283856755,-0.34547765704195854,-0.3795984635008387,-0.2013195535991383,-0.3141610445609339,-0.2865020179147879,-0.2259213898281879,-0.2723150300860866,-0.25191995915296483,-0.2590592481414201,-0.18298593541414404,-0.26109209350864593,-0.32780404892922077,-0.3222207146470787,-0.5011179677373406,-0.5472893124324798,-0.5797584671172119,-0.650293800797686,-0.7267510770496225,-0.863758504220811,-0.9258578655250249,-0.7899187247413245,-0.8941535197995574,-0.8624226919996495,-0.9338113550556055,-0.8197712773200772,-0.661178610590983,-0.7479878367728456,-0.8089445613085036,-0.7301516898493208,-0.454967790263042,-0.5798702297033184
