gfs-wave-data.json
{"header": {"parameterCategory":2,"parameterNumber":3,"dx":2.5,"dy":2.5,"nx":144,"ny":73,"la1":90.0,"la2":-90.0,"lo1":0.0,"lo2":357.5}, "data":
[rows 19 to 37 of 73, columns 84 to 125 of 144]
-0.3334468547182652,-0.17574438413194637,-0.2985432714929803,-0.3032365269730957,-0.27609301257091345,-0.3069149883352151,-0.22278652802849486,-0.2382473029449599,-0.3134100984727599,-0.269005649270739,-0.1567322462187637,-0.32095132382339414,-0.2602348583157905,-0.25136609780669067,-0.29537918261912194,-0.29974034749832457,-0.27401358579738366,-0.28789715390019033,-0.17936366310060642,-0.31680609768396417,-0.21599238413914598,-0.18450079636938638,-0.25286419705682023,-0.3251586179787519,-0.31790094870805435,-0.2038490444338183,-0.1416399475283671,-0.2950284831409331,-0.30336118822198294,-0.27906795442737153,-0.3229765113421002,-0.23332556005602678,-0.1931388387878123,-0.1732489095523055,-0.1823148853805708,-0.1651962381560019,-0.2284793294251936,1.151526686663304,1.0996842477990934,1.3063067026555357,1.1864268778206826,1.504334462325278
-0.24762933656634695,-0.23876211615792803,-0.16518014705775708,-0.31981019240394165,-0.2896136034101052,-0.1951088266883484,-0.19230359004053155,-0.2741177387068482,-0.2919925206281077,-0.312382604738691,-0.18494130943165973,-0.25588018971100224,-0.13087571071625084,-0.29850067251806844,-0.2095615642510465,-0.20320750751482122,-0.26001805513834275,-0.31610085713404384,-0.16802847559843367,-0.2435175581150282,-0.21065792600490385,-0.26360708386252485,-0.2568175179417016,-0.2415910254113051,-0.31501702152951905,-0.25320826018417275,-0.1439517531352783,-0.12921841498098682,-0.3193830392142795,-0.27192384730710945,-0.2776379676645341,-0.22910218590452364,-0.18984424215808973,-0.20012486754646014,-0.18400242748697582,-0.21483132851689962,-0.28211698912254896,-0.2139988943341024,-0.1933902086185338,-0.24243102327054056,-0.2109962264541976,-0.31016918107506947
-0.27931638402779924,-0.32176007881552904,-0.38978553550321327,-0.504216765185025,-0.4345346238543649,-0.4124656384932186,-0.45259972448209684,-0.3019727096477771,-0.5098302248382344,-0.4398660402311128,-0.504120782293075,-0.38357235798640427,-0.4900214793053824,-0.23411307233929235,-0.37500418760325827,-0.3829502844677325,-0.39996695892661993,-0.34690839338738855,-0.19508107920363932,-0.3185214187698296,-0.07126756820065962,-0.16743142804305,-0.025750968337754875,-0.1934277371673346,-0.04696878923397129,0.19373864226023332,0.17136625623665833,0.0662356443880455,0.2811489258026849,0.10098151941713246,0.22234428571737874,0.39130100029378906,0.3476460079210641,0.5304186739540576,0.4714786636938506,0.6884128513344129,0.3856398303358159,0.7214790212044571,0.41167410940772253,0.8440480966880749,0.7577330099563045,0.5127921367942093
-0.34823403577785034,-0.42076333530306215,-0.46908808917696565,-0.5243824803293521,-0.5265904700974532,-0.39102843482390026,-0.3001590686458549,-0.31038935269151685,-0.41936739828045505,-0.4397141119834577,-0.25929112731904347,-0.34134596307580684,-0.407745547471369,-0.23461615660427418,-0.30292053095466254,-0.36276918651694956,-0.32531662003339157,-0.25287982365619177,-0.33527868090981716,-0.24419844713647607,-0.17510806281783012,-0.007074019209945639,0.03357716515917141,0.013417929792999174,0.04672473234455161,0.02991366229681649,0.010927633530421081,0.10750140338772514,0.13567332579541003,0.10409204321326818,0.29174183663981457,0.22866276075441996,0.5131349542680514,0.5218767531490404,0.3204258003390005,0.6136951735002608,0.405148747055307,0.4117607630981046,0.7605729959732723,0.6564123834179826,0.7218009174383313,0.5846829221393784
-0.2443034838864893,-0.30790981526071126,-0.29173846766260914,-0.42331035167172437,-0.44005620449646377,-0.5513452549280965,-0.39552888890097615,-0.42644467621614157,-0.4162488143885518,-0.3944910048361379,-0.4529745456168213,-0.33851508223466165,-0.3927445358712425,-0.3143159173354836,-0.4001464206345751,-0.22330519504791652,-0.15378497246149372,-0.2704394606200714,-0.15822196615406156,-0.2282581407416963,-0.27733172420118934,-0.2714362997089688,0.03367344999438292,-0.018635191121088808,0.03239738140875234,0.07618527040892094,0.13779803726666265,0.14196782155291712,0.14448492847025624,0.13471400549570137,0.15942113305403333,0.4059604678761522,0.28330461702571386,0.5367463306351575,0.4400592410514048,0.2850886515630282,0.5564583833543385,0.7495206610295956,0.4501284745030057,0.5772226124708717,0.6412068207327479,0.7476421845896147
-0.1537409987096409,-0.1390429826580174,-0.2466305951134017,-0.1052993538368163,-0.14859416749826307,-0.146194892951523,-0.14290714931491194,-0.15005142956008766,-0.17565539387293724,-0.09847694099861048,-0.24314290407219688,-0.0889560209508553,-0.1288456588035045,-0.2383052821731022,-0.16217487252080207,-0.14551633962820576,-0.2601687226440848,-0.1795154389975663,-0.08884027136124067,-0.27304427484576854,-0.1715901554645168,-0.26499330071734106,-0.24319251936295816,-0.2701433868602527,-0.26321941854988345,-0.13676584389754162,-0.13424623580133224,-0.15183466915469365,-0.13878090156504236,-0.1835393686664414,-0.19931987996276984,-0.25447153231509834,-0.16572340364111632,-0.23260917411742896,-0.24518013673993239,-0.24116950063958426,-0.2591933268759425,-0.08449510883443381,-0.26252401034400175,-0.2170161288066267,-0.2473809956247266,-0.1306288402189888
-0.727350708665399,-0.5605908464876643,-0.5613085601550772,-0.5421564071571383,-0.5804334677781746,-0.742270893627306,-0.5908613058946747,-0.6941089993164621,-0.8147188322676723,-0.5854188170652281,-0.6597530003450878,-0.6266021004153526,-0.6444400692341077,-0.5290215110621718,-0.5370400981215708,-0.5929864143850351,-0.6696367166242404,-0.6231370935495014,-0.6199680369011025,-0.6834709062023642,-0.7341345888834128,-0.5298677774063767,-0.5723178674007748,-0.5459609647186143,-0.5314449450065926,-0.55508235305564,-0.6215641513065338,-0.4228467216016758,-0.5075835664728029,-0.5588498035436382,-0.5166846302751031,-0.5218442021702137,-0.6465187577254585,-0.4406227098937303,-0.44328065525328897,-0.49525921519610716,-0.5238497002427105,-0.4846857650239812,-0.5298475070084903,-0.556652509220106,-0.48910928269470616,-0.4353648161396976
-0.7100046346905327,-0.618186658024242,-0.8180598605625339,-0.7517566503291502,-0.7279593829647015,-0.7479316919371626,-0.6966097241035325,-0.788668595079847,-0.6554810415619304,-0.5885486812314538,-0.5754498399315673,-0.8367987713158013,-0.6304643773653182,-0.5871592289055461,-0.6260774847608624,-0.6978385828725225,-0.5910622137338011,-0.6788563795158847,-0.6338419854433692,-0.6166800291522835,-0.5771639030364053,-0.5993537813092452,-0.5054489760544921,-0.612140419162964,-0.426636494306439,-0.46658194234640393,-0.4808886086018321,-0.48710100668607476,-0.46026014535823784,-0.6430283385264316,-0.4844310377992163,-0.5985834046568871,-0.4772052397875513,-0.5008477175995185,-0.4699387205079992,-0.4878558141808221,-0.5890287687200945,-0.41325074530774686,-0.5143654653557754,-0.482627388041084,-0.4042984791024346,-0.34648696615520036
-0.7769457759709195,-0.6010900168698468,-0.6778589495034648,-0.5105729741995425,-0.7140316214874819,-0.8720206928968873,-0.5400975903153282,-0.5468085812946017,-0.6913966932282305,-0.595377519157765,-0.5269541033530049,-0.6974920474050408,-0.6597853930762867,-0.7042147230224697,-0.6068849728283617,-0.72566857436898,-0.6440736400787909,-0.503296065176191,-0.6691257272078104,-0.6380470154661497,-0.6817588155249545,-0.6389480392189221,-0.6321417732553608,-0.5810878672304598,-0.5527156267010244,-0.5121401355481657,-0.5100566307460626,-0.6477178046264296,-0.6486701645895686,-0.520224372974482,-0.4543871545539455,-0.4979097350519876,-0.51357752414185,-0.5595226360164237,-0.46834397456426174,-0.49787207588089877,-0.4413382464217646,-0.3933774367115499,-0.5118797865857472,-0.3893114006150285,-0.5593159140597409,-0.468490406138814
-0.7124730157387064,-0.6072553937098375,-0.786509546445747,-0.7122543683350364,-0.7507741930859552,-0.5227933861616388,-0.6565210293480811,-0.5671453191976364,-0.5789391105942723,-0.7111757717541581,-0.6909815130392459,-0.579051823764141,-0.6975099241429129,-0.5154834661856192,-0.615787438518011,-0.737555951613179,-0.6327039907438585,-0.5895658280879713,-0.6250274750499041,-0.680290985994811,-0.6930695230726762,-0.5974877673753963,-0.4925692981017508,-0.5554507667383395,-0.42310624527232216,-0.6333176297792006,-0.49215741001979424,-0.5255657991688711,-0.5321715323694084,-0.4881288389976626,-0.5706881687098502,-0.4080430112604626,-0.5106010682984146,-0.6000413692367721,-0.5685793399537679,-0.49059703091717083,-0.35219324655221,-0.43223964392267494,-0.38247393425484505,-0.435585550123685,-0.4882087447479407,-0.45249291306203215
-0.682781230062856,-0.7990227131497925,-0.6293918192987584,-0.5737543194611128,-0.6758665143852599,-0.6101947696646817,-0.7554194559924019,-0.5786549759984122,-0.5445619767048309,-0.5651570328811637,-0.8218473202025923,-0.7134375737816648,-0.7469548852984502,-0.6343100784129594,-0.4795342183595851,-0.6460568467820094,-0.6587638343804003,-0.6640740688873596,-0.563605870017911,-0.47772262494445034,-0.6711644041649572,-0.6982841553346785,-0.5211448432294533,-0.533238517774646,-0.6221357153603126,-0.43542735950186606,-0.4155643299484557,-0.5584705939536343,-0.42077015210964186,-0.5054498404811335,-0.4023335993490056,-0.41809241869929087,-0.5223856273589006,-0.5308840416682374,-0.5062278700438123,-0.48834984132251097,-0.47430423059743754,-0.5266378490631669,-0.3774681776673753,-0.39722233421408615,-0.511061839347694,-0.4575516617785535
-0.07287364045123478,-0.0871715146581974,-0.19839916782505085,-0.12695994040320518,-0.1940072441352887,-0.0857122418779481,-0.18005295109554573,-0.20958803282904317,-0.10596145171133498,-0.1278410209457024,-0.06399446988226438,-0.20386843879174105,-0.12328522519907432,-0.05048063925389022,-0.03622051813050331,-0.20213363795375047,-0.08663087536708344,-0.1904817399139787,-0.19081209226940504,-0.20183009337152466,-0.18763585329084517,-0.1744013477820172,-0.2127899853164717,-0.14927985268530997,-0.06889944179079847,-0.19820082084534546,-0.150054313310071,-0.1528496570597537,-0.15949392329235354,-0.022846927757508413,-0.20156536453980534,-0.11944291756767428,-0.05693437580000307,-0.13283104102207946,-0.18599764793546325,-0.18922310357509267,-0.12661882424530704,-0.1958187678296604,-0.21920875724124023,-0.1495657417151458,-0.14624295906464224,-0.20830210523769857
-0.9509006585687233,-0.6703121885056331,-0.703786767764647,-0.8141652330141279,-0.8391002764021223,-0.6881249073672167,-0.706896227857627,-0.5178465734647979,-0.5796819937357949,-0.2718139003803007,-0.12058900476812348,-0.01588490930266164,-0.017514172085685373,0.20539950189905584,0.1543416105503466,0.25597512053905974,0.5689724380335424,0.5539058634380378,0.6178203237882227,0.45386013261484714,0.6595414669903792,0.5033027664170373,0.6611925827166323,0.5863592982444986,0.4409703680665109,0.4828918988829599,0.4994292721854738,0.5426967426688153,0.28123008948603845,0.428869492729544,0.2800480568729163,0.1772974266121961,0.18749387925863228,0.1610827884813239,0.11632649952648744,0.024801674040994863,-0.023739726527511162,-0.07119112613962646,-0.0670819226622652,-0.04805590824535693,-0.05154385068189159,-0.21738361154946845
-0.8087504894137258,-0.9293100184231826,-0.8373705117464119,-0.8742476258562927,-0.9509306076494333,-0.702952520248457,-0.8422371920629173,-0.5972164660257578,-0.39158041644050645,-0.24800411348395918,-0.19735578528642767,-0.022657239666929854,-0.12528857958806547,0.14952202595990816,0.17765055660378773,0.26339429583344265,0.46783433555881493,0.5652624915796511,0.4453544276273713,0.5706291213283576,0.705683914464763,0.5908624995114559,0.5842498668361122,0.6664241151913395,0.438193160800648,0.5456765041051974,0.4524505730472461,0.39947713763728615,0.39911865177804706,0.315586615858168,0.35144983675232655,0.2532141168542174,0.11990388933704177,0.15167124317122282,0.0894774032678705,0.013110545443231892,-0.04492435729804868,-0.011826652987380197,-0.09164115950896815,-0.038889401741222455,-0.09208827994461234,-0.16169248370196318
-0.8501750191849894,-0.8046835677078729,-0.7802932543655763,-0.7795383591347762,-0.8490712220749275,-0.8936667064618715,-0.5563836415206972,-0.4550276511757673,-0.4050462302361877,-0.34018736785659254,-0.278905092172837,-0.061740211578501784,-0.0415607577712542,0.19143672048316934,0.1912112625894034,0.2468227251344939,0.3335313289818239,0.3581575625536064,0.4164613290036705,0.5984315946750398,0.6383477786902902,0.6052319388004326,0.47889656495424343,0.525625425110986,0.5597361074414856,0.4217660069794605,0.5809210256424326,0.3375105801960432,0.45157551013827774,0.2389510310826882,0.24876420192534984,0.16546783283658695,0.1574519164035343,0.1528016746647182,0.052748599383972986,0.037947640371064566,-0.016212763902447844,-0.07269997581859784,-0.08436605082656114,-0.09012834886850107,-0.10078228182586248,-0.15915188131262667
-0.7247175460055894,-0.8858489121830656,-0.7949125345189378,-0.8436599100161978,-0.7349571587817668,-0.9075224191666819,-0.7362291985213336,-0.4624825294210436,-0.39502565848656934,-0.2384441219598804,-0.30747111405456495,0.002320953420592261,-0.1405039289417761,-0.007067433145586133,0.4131266642993526,0.3167977651365594,0.5374069505761463,0.5432901876978041,0.6419666284032898,0.5193434832233259,0.6367926349451712,0.490616874856483,0.594539356557951,0.4797716896750585,0.5231219704668625,0.4971648872198458,0.48893897629227984,0.33380891012115804,0.2918013032715442,0.2644619429499934,0.20109112033642013,0.30613271564995387,0.12950952527852894,0.08779605499138558,0.1405607718531747,0.006669460663219503,-0.018386244094897013,-0.01161252491719433,-0.038906636489152185,-0.08392272088987629,-0.06914234077059617,-0.1347231591802389
-0.8070954946572151,-0.7563096513032038,-0.8624104397868829,-0.8834381100339485,-0.7263559973720272,-0.7184268888998353,-0.7276359404358965,-0.5619071604715442,-0.3701656249961795,-0.3247708855950001,-0.1838913771052919,-0.048202915798095616,0.046517244710085955,0.025700242977509117,0.2730266385566438,0.29703742360165986,0.4896806878061918,0.5867308409448235,0.5645186314015135,0.644741423269796,0.5324580449482077,0.6278663767349527,0.6800181440171932,0.4748850651402076,0.585510876894213,0.43391597930620696,0.4027844863343332,0.40516730697544767,0.27294655264275125,0.33200844974475097,0.22118278492998852,0.23442652179953236,0.20382254753089424,0.17555285047500455,0.10700909387477413,0.037400113622719576,-0.0017481485162763489,-0.0004902889593869297,-0.07271174714178016,-0.06786565918713852,-0.0886324038426487,-0.07527793031205328
-0.9274707797788404,-0.7998230231445776,-0.9178871033458071,-0.773899738216221,-0.7981882400353848,-0.8410908365744898,-0.8121226634331331,-0.7120588271247832,-0.43357897047924276,-0.5555040871122937,-0.23289917446955752,-0.23669617400971749,0.03658547755319091,0.035070039099078944,0.1412616019714311,0.26671935526887414,0.31197101476898864,0.4697796696083862,0.5638789812313636,0.5040008728210268,0.5318796135081071,0.565375224641335,0.4864361186045078,0.4593391828485779,0.487041598451747,0.47819288655177533,0.40137607617651544,0.39773650256443444,0.3583883953886621,0.3276585989278658,0.241029479200521,0.1892761248059184,0.20045479230836083,0.09191827329959476,0.09723095226811133,0.008234083326611833,0.017568625553948482,-0.03633696202818337,-0.01667981724189691,-0.06602280371881802,-0.132112875346499,-0.14228443986827755
-0.8337433639542461,-0.8461680958758773,-0.8141260486567046,-0.939159203177015,-0.9452853397211082,-0.8899903037491853,-0.5194703613379308,-0.5605642433178947,-0.5946915511476891,-0.45646021209545545,-0.2859842322912054,-0.17350644350649616,-0.012326105240531744,0.05078661911208661,0.26911287084790964,0.4317296111226389,0.3585139673228263,0.5906715631629523,0.520676815059954,0.47384228145361507,0.690252225989538,0.6659101551663831,0.577967573917211,0.47979196848219263,0.5672296192962797,0.3612161351837524,0.3760345175280624,0.41822894933866783,0.40784824379753026,0.2596367493376622,0.20895050716030894,0.18466809909697665,0.20606088956698326,0.13929096353475823,0.07054705828337542,0.033260477428316046,-0.03495868287719835,-0.00872757417176898,-0.04208461260333601,-0.08982170519079107,-0.16417792967237954,-0.16991470213570603
