gfs-wave-data.json
{"header": {"parameterCategory":2,"parameterNumber":3,"dx":2.5,"dy":2.5,"nx":144,"ny":73,"la1":90.0,"la2":-90.0,"lo1":0.0,"lo2":357.5}, "data":
[rows 19 to 37 of 73, columns 0 to 41 of 144]
0.9274518025656587,0.5433673507936471,0.9910858606518597,0.7239576344307158,-0.12060522040804783,-0.09372198794292168,-0.13823764679231795,-0.03167082019785291,-0.1564984179978792,-0.2003064951103387,-0.08004192448041383,-0.18956522001730539,-0.1428238455774938,-0.08521892263357993,-0.08873438293851499,-0.1387290411303976,-0.17524076137431707,-0.0786094024114267,-0.0466180180972806,-0.07706956973818885,-0.009259677768752987,-0.12895082301893815,-0.16856966335008114,-0.09920858971358071,-0.01356184364233197,-0.06667656987595316,-0.024727080759674797,-0.012689365096098184,-0.02919834184093405,-0.1539361258846039,-0.12662875458529468,-0.1006444835634446,-0.07389331880847569,-0.06576922435702151,-0.04624794773164254,-0.16973992786838005,-0.11487653901843821,-0.010499548256226923,-0.17381531646516724,-0.04286965362088933,-0.12306564521812044,-0.19790926805501108
-0.10448845323261374,-0.11837805153331878,-0.09993086886653764,-0.05101587745287441,-0.12448236771545472,-0.19900271549272205,-0.0518358897605584,-0.023989813116823373,-0.041358071678113194,-0.19705061653883746,-0.031847040382162226,-0.1786074942727474,-0.15336395294048075,-0.1732191151064201,-0.01484405062650791,-0.0727745329100515,-0.07419407735836568,-0.05400161596143664,-0.16780893778235847,-0.16529956809684668,-0.07370223607597676,-0.11148200769138411,-0.13514325938869018,-0.15002979448975376,-0.17174759092870664,-0.13923759863938714,-0.11302937605639793,-0.0235715502545537,-0.06022008271615872,-0.19658627983213445,-0.051223355209565904,-0.12185141328905653,-0.07724905495462514,-0.16116721133340348,-0.1469161333522226,-0.06562526108839814,-0.12811252605375753,-0.12879398115951632,-0.1581576098916301,-0.14069576863067002,-0.07399169077238843,-0.189748408565585
-0.22542547263513268,0.19222892769951766,-0.22113588883970428,0.014199478238761262,-0.5362924659632348,-0.31202057735599986,-0.23375972405381162,-0.39868340208475084,-0.38339446604248884,-0.6029013490804268,-0.6998592645637522,-0.6262492987411781,-0.742977616805751,-0.5073588291107556,-0.7413484744013975,-0.6210099752976955,-0.7159567913716456,-0.6439314784440289,-0.45313220532530946,-0.47980845555660334,-0.43441849594771736,-0.6082997296504432,-0.6398885614247846,-0.6579455007556927,-0.42597988749587995,-0.4177115178684543,-0.3309951433053089,-0.3861372875108035,-0.3703733320835827,-0.2721382157006747,-0.3539292047961786,-0.26373178410477915,-0.30616470012324676,0.01262236373868101,-0.19486607983980428,0.05236337262492351,-0.11781239088701981,0.15873926437435457,0.0105866422828602,0.10423096530804164,0.02745008073585811,0.0549835865775812
-0.01178045454663485,-0.02368268774852833,-0.08087620318710323,-0.1637939277095879,-0.0921231748460226,-0.38914433283331573,-0.273893926591307,-0.32196140439939536,-0.5504115067618822,-0.6273521858638205,-0.4473999723133294,-0.5370308095343427,-0.7765031374167151,-0.583058845023653,-0.7001822266215633,-0.7309731876677853,-0.7715957619326796,-0.767954136302232,-0.554046424060228,-0.7394035419980856,-0.6339862719137235,-0.6025320170366786,-0.6591304378191696,-0.6952836976077694,-0.5096259796250019,-0.5434872824439833,-0.3130273841636539,-0.41778325823727136,-0.4325120409507713,-0.4208626849826171,-0.22606871911916257,-0.23454176179752811,-0.13217478466322358,-0.049726550243315334,-0.17819142027954368,-0.011737754027274656,0.045247371210669185,0.08099107584716783,0.02166553115549235,0.16264001914745446,0.13113028523159526,0.24538314245269727
0.07042677296152805,-0.29841455833930197,0.044579095218817394,-0.2603437548481107,-0.2707169451202422,-0.11718715590283864,-0.43825744395758104,-0.6134487311230749,-0.5645870753881348,-0.5705633851579253,-0.3879564557716545,-0.49180696441090854,-0.49476387397635735,-0.5098035165299482,-0.6228521351086675,-0.46685183691107346,-0.5088785947740975,-0.5880609344316944,-0.6236393476489849,-0.599423802248615,-0.6674763527978399,-0.5643495338735395,-0.6858087430592171,-0.6390329339948565,-0.36468934106473283,-0.40223017181594356,-0.35551722989522316,-0.4940178203407895,-0.31690093450338896,-0.2540770405202779,-0.1301625328918143,-0.31769912506972314,-0.25350931522137066,-0.1249106497381376,0.026852967335762448,-0.11461406973055477,-0.08123753849493083,-0.006825564626736381,0.14562228484673992,0.04929644933276825,0.19556420499091662,0.20979131624353925
-0.05020692548645303,-0.034819942863402564,-0.1283825260432117,-0.07145293536702578,-0.048415068950511134,-0.1590865533042911,-0.1439165836731471,-0.1146650586260245,-0.025074243091303888,-0.15374543435835064,-0.17648887316583448,-0.03890698249221884,-0.07662664256804072,-0.19709061851051157,-0.0692685314512723,-0.1083356213469074,-0.18710926342761697,-0.17524151427015922,-0.05853808387096303,-0.0808163889459279,-0.03591869321235298,-0.16813711337392187,-0.12794576856734702,-0.11463116261423348,-0.1831516225006527,-0.020693240280897175,-0.13105644975121897,-0.08922077202591183,-0.006320901675976916,-0.1558903583772682,-0.13372626729886522,-0.09694334369811954,-0.03834608775923262,-0.010064968744831114,-0.04673609568518666,-0.15242119873853197,-0.05272101565752244,-0.03712496702904698,-0.10289834707926922,-0.18121382412423356,-0.10523430319048176,-0.12368163035749125
-0.35496935168867083,-0.3604494132093033,-0.41870324015630206,-0.46152768324447757,-0.43910309352262394,-0.4856594157287063,-0.3785878849326039,-0.48108319956833123,-0.28817286030341865,-0.2707130982615806,-0.5019678690297035,-0.3409266390874225,-0.2513011616166069,-0.32245474857023576,-0.405704766402887,-0.4804365208772263,-0.2137554758235757,-0.14964351219383204,-0.42625583486015073,-0.2241534481391796,-0.200074197034641,-0.2664440157092506,-0.4310976740703324,-0.4279471095064438,-0.41492416263512033,-0.11442958262143187,-0.2618815035738108,-0.17347609940291606,-0.29762295265649685,-0.025511332234843156,-0.3478499602049152,-0.05642259749904675,-0.00978509179913024,-0.10929014066643016,-0.3815536233924809,-0.31615060634818504,-0.02073375085049274,-0.18916248395182103,-0.10897568418897317,-0.306440993958709,-0.26146666370651633,-0.33840019471677735
-0.49122047821589954,-0.40754782817482615,-0.518261944210648,-0.45944123087092664,-0.4655490465001497,-0.5434491551716845,-0.31960229044619176,-0.27027803217500557,-0.3408234152488069,-0.30449243929243275,-0.27636975338576514,-0.4251391910974449,-0.4532545788711508,-0.3667193154133337,-0.5342804493341146,-0.24418261057533744,-0.4534109775114913,-0.18457648379778083,-0.46482756067890596,-0.3201435453041514,-0.23635497398136268,-0.4106957474216664,-0.23186983409473447,-0.3988583297457344,-0.2502210389169549,-0.25072176710722444,-0.15672896792471588,-0.193536125503659,-0.13221044421976605,-0.07927827058081507,-0.09833134619581693,-0.2703853334878494,-0.13804857841895937,-0.23593484905809586,-0.04936343462203078,-0.21560392526401012,-0.05681866132211789,-0.07234702355680454,-0.057994299623503685,-0.0587988174633177,-0.1887945930668246,-0.32763375625924446
-0.5015454506779425,-0.5102941441097019,-0.5126215474051425,-0.3767316184481176,-0.33914003303092394,-0.5692570864381306,-0.31670289721071776,-0.5456206392810882,-0.31660920665461734,-0.33435783667145724,-0.22174128143594754,-0.3019079089715328,-0.2859428328645708,-0.27588637391166443,-0.39000472437883754,-0.4294817480243533,-0.41926870303914565,-0.46713010841376523,-0.5192051777466044,-0.3739302360076248,-0.2441228507364742,-0.4038220457774559,-0.10526172650833093,-0.12435957156436567,-0.27718379534983506,-0.14824759246294683,-0.1884687536722614,-0.40114394445531387,-0.27554432237230814,-0.23525493880811452,-0.36592871861883897,-0.06661521588088953,-0.016550150396957886,-0.17524363746919502,-0.2860801822808839,-0.31819184269484135,-0.060565542011326565,-0.23609867256968564,-0.20011269347663446,-0.11025052889826205,-0.2889119723907717,-0.18349353559371379
-0.5807281457559896,-0.44073273569504867,-0.46568856840256173,-0.5341600838429783,-0.4450624821030768,-0.28818810531856975,-0.5045830204946398,-0.3796809311356948,-0.5202095912532755,-0.23691821906283714,-0.3090421735977662,-0.4675799935042197,-0.38862591050135736,-0.4201404086752445,-0.3633481947287819,-0.2677233031323905,-0.4605417155065362,-0.4875326174301089,-0.2294500439781221,-0.2613474469086584,-0.27221505585318256,-0.08912944018452652,-0.07454001334091545,-0.08881207440172109,-0.13150073750121624,-0.22336077590345293,-0.08458200503218667,-0.422655823825903,-0.3034026969784549,-0.09633152250392442,-0.3702937085256426,-0.26841965064677875,-0.04535934274020985,-0.05176205158951719,-0.2525492737674461,-0.3462382526259175,-0.09018292054723111,-0.24819072176642631,-0.09141446147172817,-0.24759698455343285,-0.07896723904065893,-0.10669401356534035
-0.35731169228655296,-0.5096254103434413,-0.5395001686957488,-0.34801560001563436,-0.299990183253242,-0.29649823054710117,-0.5515646375425247,-0.5235855508934538,-0.4008988848716174,-0.371000441180305,-0.3068280174390618,-0.43409673128324155,-0.2544217469249967,-0.3401703838136302,-0.4493641155005141,-0.4783237565696071,-0.5314057960265064,-0.34303144956707765,-0.1923292995270373,-0.17517250863906414,-0.46148743763421396,-0.3154648694168384,-0.40784506806878185,-0.20004846908525686,-0.22757787485140052,-0.38038043980797526,-0.061839354671713656,-0.2343925103139274,-0.15870581985646223,-0.09812378520381658,-0.1644901275332415,-0.19225642586677608,-0.3297394432012713,-0.10277623887859826,-0.3271845251308114,-0.019428743405506776,-0.1166748127883523,-0.2702299307061702,-0.09970963830403898,-0.29919568825199866,-0.1356485636859192,-0.29765012196128643
-0.2309164197775346,-0.1925971882821993,-0.18278164430215502,-0.20586811452095488,-0.1828993464135792,-0.22299080355851927,-0.19825415753024753,-0.09135046421877674,-0.08947826502393723,-0.09110068927005217,-0.23813175843382434,-0.16694269439385503,-0.09234447918127989,-0.05657461504718982,-0.13509790532169105,-0.18007479855149214,-0.07235363730773764,-0.09860343819144349,-0.18022001459220535,-0.21942518258480068,-0.06496068922572824,-0.23072966426278776,-0.05647297916869226,-0.13478491777323015,-0.1008802404632527,-0.13797956144724474,-0.18176306817559593,-0.06479764950028678,-0.1684962875067732,-0.14031208715205273,-0.07284771378046286,-0.13013088337549097,-0.051530281381554584,-0.05753880211879974,-0.1336255695833135,-0.14858282982052184,-0.1812043689371677,-0.07021521949680871,-0.21373255723216067,-0.12504502456116698,-0.06921104515594995,-0.14972204592975533
0.11085322995598283,0.10158168100280465,0.15577066739109105,0.33139394410377143,0.3861209852857533,0.5378635114696217,0.5313465278941575,0.5466183866484405,0.7591385304216847,0.6811951888890471,0.8650635061605573,0.8023772726984822,0.8383802063931907,0.8831684742667403,0.9042096874846773,0.7355336137617347,0.7716432284543272,0.7039725145496477,0.5524296439251682,0.5254190602896879,0.3743473177871541,0.4865966679718863,0.20226776462079918,-0.023068841330553546,-0.06613778844007473,-0.013612010531037565,-0.18263864255335346,-0.3466819027791161,-0.4459462625784335,-0.47555565225651336,-0.6157541623235037,-0.6821491601027182,-0.7004342714519458,-0.5937452325401723,-0.5784144893983438,-0.5455840395373869,-0.6236266524663256,-0.5542941798753017,-0.4462841426570439,-0.48190800086784774,-0.5182727565347507,-0.38305081413838266
-0.05882224283738415,-0.0010494751238782104,0.3430574986266234,0.1987933746196182,0.25855843290132335,0.47640514825770386,0.4898145589006725,0.7692878597656845,0.6740907482552233,0.8686547536149155,0.8203954209162132,0.7936051197213118,0.7500998531060106,0.8714340862400239,0.7987585486867556,0.726119355824126,0.7631568631051563,0.80320955077668,0.6080828183757714,0.4820932957643406,0.3967436220582362,0.3881059612169768,0.39636668879769354,0.17301032357377008,0.13842006170512083,-0.10053917045429046,-0.2596525965842228,-0.4234773253635879,-0.5458164504799428,-0.47719091482295545,-0.49145673685950503,-0.5517459050420406,-0.513317086405445,-0.5391243104305392,-0.5567038217749748,-0.46166034319426885,-0.6283283689180547,-0.5662432156838324,-0.5776614734695656,-0.3787934999697857,-0.4542598501247021,-0.33818459339008894
0.09946521385240312,0.020902204117816816,0.16743290418759033,0.43499915385427074,0.46178568560477135,0.6204870119670733,0.6133810258923705,0.8279400844256912,0.7392962177376694,0.8711871785128207,0.7387039754668712,0.8010313738892122,0.8902570942750331,0.9331539371953452,0.9191777347629537,0.837939869964754,0.6792418854831825,0.9209550770836301,0.8097442883349125,0.5848496367040286,0.7241715395280227,0.3087519671861093,0.270357883092421,-0.03511294179397774,0.05059874709774304,-0.025217932025661596,-0.19487036540480665,-0.5181096120340413,-0.3543524130539571,-0.6129599042487716,-0.6445461893756086,-0.6381126655672305,-0.679312310433359,-0.7455154127993446,-0.5771945976710595,-0.6392663827727993,-0.572162323596751,-0.4832064240457279,-0.5439995592680421,-0.4331772707135407,-0.3439523349607234,-0.40457530446305434
-0.09208266318922655,0.05108804873326535,0.2357095867900117,0.2319282884468399,0.49783783292204464,0.40472920468767676,0.6594615330977907,0.6178062464409249,0.8660781309316048,0.7819784306337332,0.8172095541643613,0.8331387141996638,0.8595578331677246,0.8451549815464453,0.8176204845466009,0.8566842594427939,0.8248187105313878,0.9579903500769328,0.736260782825977,0.5632938925569703,0.4593071295785406,0.22861756711742168,0.21044998803750697,0.26876280010678,-0.14203163407883052,-0.05167310328512865,-0.3893972618079938,-0.23708283336383248,-0.6012772358667131,-0.5168413552813794,-0.5982614726920619,-0.5824798690832921,-0.6177589867441999,-0.6599024109219069,-0.6163831588200537,-0.5854194244850002,-0.6486596655460065,-0.5897024280196843,-0.5095689042476923,-0.4338657944314074,-0.46956357014662486,-0.3518564761303821
0.03127942160962408,0.053750067931659234,0.17705707115603195,0.2759734827745777,0.4557259501789606,0.41853463343894476,0.5936126681314874,0.6936079801961368,0.7943906871972077,0.7240617751802894,0.9589991337229379,0.8445885644509339,0.8947754859616251,0.9156873138936473,0.8847391994832084,0.9039126032065079,0.945420961482017,0.8264399600248061,0.638701497463364,0.5490497444999161,0.7360495790176161,0.3621515097016818,0.1427939490100376,0.13976818846921016,0.0811311490804339,-0.22802084963803224,-0.22068031943932823,-0.41834129104819184,-0.4986506861653012,-0.5858376415587357,-0.5998588148971479,-0.6718735110036735,-0.6842041667657169,-0.668004365163472,-0.62347239316465,-0.6395316055341276,-0.6134150992014652,-0.508138307370301,-0.5488233537477766,-0.4903615038880375,-0.3499934909177456,-0.26709895227900143
-0.03143957333627351,0.1303950853113954,0.18437358800292497,0.28863476852483544,0.46054245537140903,0.6662686039736463,0.6164006988417654,0.6772868990518044,0.6878954597115169,0.8950765519304477,0.707687153972524,0.875938957588343,0.9354044945250888,0.9301122917853442,1.0141551080760651,0.9834893480565576,0.8068724040447754,0.8659921998445198,0.9150625182147598,0.7576419936637171,0.4399751178721815,0.34062323782468207,0.3153218596209301,-0.024240046306469074,0.025025894437439775,-0.015062747508637312,-0.37199884063614386,-0.37264234519578715,-0.4032270246775493,-0.40664940823206197,-0.4521264641295263,-0.6649027812220921,-0.556364801700128,-0.8231648725704527,-0.5857794184317195,-0.5791283850966258,-0.6824676260593342,-0.5785101443618563,-0.5133080320929196,-0.5669824563759829,-0.5037745092649673,-0.4779929713054784
0.07096597058338527,0.20781283453869623,0.24150329812446966,0.2574584553815411,0.46105615476508477,0.5628852364477289,0.5403042453494494,0.7838074499312154,0.6124728469409167,0.8112621723611526,0.8750357619713985,0.8075779833290765,0.936528604436003,0.7910258222992094,1.020018122059823,1.0312183848571543,0.8360649370576209,0.8442991347491677,0.8067090602159248,0.5565993629261203,0.427552063689479,0.49346324782921086,0.22854898967651924,0.23125364787626126,-0.08691922131311575,-0.1975283904021859,-0.24853362725328254,-0.4811562170680968,-0.5446298576749041,-0.45240342524343197,-0.6612073763434575,-0.6964957180376624,-0.6335303641219721,-0.5579748750213767,-0.5525861417113208,-0.6322929029045289,-0.6470070216835397,-0.6123907866111973,-0.5609809166233115,-0.5291236950003296,-0.5560628592869697,-0.5227131322764343
