gfs-wave-data.json
{"header": {"parameterCategory":2,"parameterNumber":2,"dx":2.5,"dy":2.5,"nx":144,"ny":73,"la1":90.0,"la2":-90.0,"lo1":0.0,"lo2":357.5}, "data":
[rows 0 to 18 of 73, columns 84 to 125 of 144]
-0.08115616182440555,0.1856892709518345,0.1513951818227284,0.3764650729580339,0.3917409284808918,0.5000137010594842,0.42619138847553106,0.5387736400638328,0.4935730080445606,0.6324885543778879,0.6027716916706907,0.6518173658383065,0.5545426787632097,0.673770177845293,0.5388468808538742,0.6046565786086738,0.629857898468786,0.5204902350786195,0.4300931802017613,0.4111477689355486,0.2526637781818037,0.1326497766489189,0.15789364326963792,0.04232117386694879,-0.02899610951333685,-0.04392286055138554,-0.07192502376578742,-0.16394100972103337,-0.2222548741895443,-0.19134904864814614,-0.25423455552554736,-0.274800030393804,-0.30497438556358536,-0.19513688196710371,-0.32454278318872476,-0.23305210264826096,-0.2004712014773965,-0.1598401762213272,-0.235244492356642,-0.16400752405913854,-0.20508484986540643,-0.15462823819979243
-0.014281528446735468,0.04060047955543064,0.25205952386726244,0.2984017505616788,0.3917151071068937,0.354909969182655,0.5659961173772733,0.6985490004517871,0.5253540507913388,0.5597748748168321,0.5834256581552083,0.6822548068972669,0.6559848420912516,0.5867103628994129,0.5881889846863566,0.5010060858137347,0.5924461398653369,0.4297924635734154,0.3906746836500235,0.3617520370846521,0.21367680849078774,0.19664206563042333,0.14274086394411295,0.11990333397673618,-0.024921746933889866,-0.140282788073954,-0.11115229470996846,-0.11566998600390375,-0.10615780481220358,-0.14362168293225078,-0.22963718340988637,-0.21997091437013552,-0.22297186509643177,-0.1529018938259008,-0.3392476712039746,-0.23064856101295883,-0.3011219277382786,-0.2252957239053252,-0.21124471566531186,-0.1304708403007174,-0.12067948638722507,-0.1509243457158657
-0.06631633936781467,0.15972012725484394,0.21633482264027173,0.21165425691379716,0.3140276446034305,0.4494604916086357,0.5254649978210082,0.5719374803300453,0.5820777829910224,0.5130160845307583,0.6289987672493884,0.6089563034916481,0.5031490735513583,0.6080533361343231,0.5875052582417783,0.6108150466664566,0.4222312784567685,0.3558622216723749,0.4379777261791457,0.3680814747831512,0.20850473355647484,0.17171030537544826,0.15006796806685438,0.11488972181166514,-0.03782450759950251,-0.11758632839849271,-0.1949133377349232,-0.14387537999722483,-0.22770470905088913,-0.1482971837367943,-0.19394595381489538,-0.2562083750997976,-0.23661652306442912,-0.22700317311997173,-0.2739673085459155,-0.20386301043912522,-0.25055249224239423,-0.21501695352682748,-0.12784400224912065,-0.21072904665898348,-0.25289610217594166,-0.21256413898981247
-0.09816542893860776,0.05406863632801631,0.22077811817212,0.2972895440932926,0.3261637104212311,0.4090624835996237,0.40837080351001603,0.5052839270285685,0.595588297225854,0.5777663250633125,0.6964001034606137,0.6929585159888961,0.6652447609824571,0.5465372481126891,0.5042825349644231,0.437668966226986,0.449698442273778,0.3583400097646522,0.34654536326741775,0.3167005903955681,0.3440207072335928,0.2302513921259428,0.17209061891425287,0.10101654620788024,0.06110147524898111,0.018176541161388598,-0.09109605582059666,-0.08802160206057309,-0.20941986126990464,-0.1317800188516057,-0.17646808805832587,-0.20474593718544587,-0.3037897981077364,-0.22171669732598712,-0.21524578969939975,-0.1515567840628327,-0.14387369859306662,-0.2588919136163753,-0.1580207736106159,-0.19215026195033247,-0.18123208530789547,-0.17015310544383455
0.054186493484785006,0.09999330254302802,0.19248894861579763,0.2818349753313131,0.2934069013002177,0.45957106281528337,0.4783468795959255,0.44274625068779255,0.5528571993998498,0.46989749765668837,0.458761544605137,0.4805826727698186,0.5211096767488091,0.5617578303909042,0.5164893809049697,0.4506612227139437,0.4009224075754195,0.5223882031711962,0.32093257928387203,0.3484356610691613,0.25773314364558325,0.1737794640730354,0.1163406486915632,0.10132832992562896,0.03571137704102288,-0.0043756679796015385,-0.1513857419331312,-0.12502237163732244,-0.1841905693101901,-0.1620369216539062,-0.31061124364851084,-0.19154248731782694,-0.23177573808862822,-0.20499320888813344,-0.20881414899893402,-0.26292882779620663,-0.20459532860628826,-0.17133899030422492,-0.1611571798420917,-0.18596599491981025,-0.25283184126742364,-0.12817540528232985
-0.09038347984223212,0.1157685125075728,0.14905330659718616,0.24247782908111284,0.2557499966379525,0.3627979237149897,0.39664741059526404,0.5421089502929501,0.4539852430402934,0.5551719640514997,0.4996949160606108,0.6874264370256375,0.544729799255907,0.5018543958460155,0.537596605091046,0.48811746575299403,0.4601881137697597,0.36138778454523707,0.4519602337437376,0.2716688706039749,0.17262898393119389,0.15567893467002727,0.140033579646041,0.07982423983712508,-0.003886084893003932,-0.07038836118545659,-0.04442266441421863,-0.16267305296099716,-0.11371624084841038,-0.13974814437860816,-0.15579939531514095,-0.19282750317248074,-0.2965514744709392,-0.27979884556933693,-0.2487049445116168,-0.12258144470526305,-0.2414939824148796,-0.14603587102170237,-0.1622479503775842,-0.13342596830148667,-0.16395030927236767,-0.08256439861461783
-0.029932297695680548,0.09481962551232707,0.22602174444043924,0.2357977875298596,0.24010685247950403,0.4477022607877957,0.4763430361030512,0.46793186802390396,0.5430048320258788,0.561659259108498,0.5854555456627888,0.5121345016055919,0.5552518182137778,0.5468325304866215,0.5222076203460577,0.39863456120179064,0.4851748289707627,0.4905450089412013,0.48954111018986135,0.27274700453731326,0.18107969660599643,0.15640921817881717,0.11368937410666179,0.07796801010290837,0.022045825977609707,-0.12299129256929568,-0.108415358815121,-0.16264269252687275,-0.14897669712663977,-0.13076839749061622,-0.18048475623920268,-0.23800257763734686,-0.1629766296840834,-0.28478629643689124,-0.13077663044741372,-0.2858886353682441,-0.10970214599008662,-0.1067802475159779,-0.10642078677150892,-0.11661991419412132,-0.18174161737317185,-0.19210093740403256
-0.023227552927606147,0.13251619986526092,0.24841052021950533,0.1716467686651403,0.43041345598163916,0.354842133533337,0.49669556230664647,0.5026252749967864,0.4926111824413969,0.614318270056217,0.4570909803632064,0.5490453831863102,0.5070708814843913,0.4551969625835229,0.45392021239000313,0.413507300323106,0.4670481085438324,0.4086371679195339,0.4418729970743485,0.23292416286938433,0.36778163660037316,0.14996506271519397,0.20766291851223345,0.0040310029409761075,-0.01389467024674003,-0.028975850892236286,-0.05335566364968525,-0.14122472006801925,-0.20263602970983602,-0.14384966867856666,-0.23386899324502142,-0.2230367554756645,-0.19966056928830214,-0.18864658771594744,-0.19298197932909686,-0.245809015938881,-0.25102150943973206,-0.11632996195045887,-0.13636455047438759,-0.09318887671980805,-0.14320284661314894,-0.17835425866623258
0.00029495847048594166,0.007880020755557021,0.0910025827471762,0.30243979945413185,0.3563639892952847,0.3793899668807617,0.3971253911481825,0.5497951752866294,0.49359519507345473,0.5378285896559551,0.4597206134286295,0.5000637491297817,0.5459426958284399,0.6324529547798536,0.49568918454335503,0.41166274970219935,0.4733076678083719,0.39694148012038805,0.4005776367093782,0.3163314588294146,0.27778449633815244,0.23996842905048482,0.11941117128636494,-0.0036666589411175634,0.05208056141974249,-0.007136806788462671,-0.07401100749577104,-0.16291507908689581,-0.22231190101345752,-0.2019285483418503,-0.12188097594246032,-0.13841600802232723,-0.16968556822020586,-0.2042800246293647,-0.22081764091761813,-0.1208991942416037,-0.2594813785948631,-0.09036474354818301,-0.1324193268369236,-0.1867430454567111,-0.05554501231130693,-0.0450626231871095
0.0465562102277785,-0.0001436917375038965,0.1070122444502103,0.3707662255047772,0.25232228227521514,0.4025823409280166,0.38626388525256616,0.48497868796821514,0.47658029698385396,0.4364552756212487,0.6347740873057631,0.47362348574697927,0.6228800017999411,0.6104284176633662,0.4207962454098933,0.5403927898132463,0.3245834707374419,0.478260047485009,0.2555308185314104,0.32661555659179925,0.274690177760236,0.11186362174069234,0.11089918497324733,0.018360779221722807,0.013191621639621492,-0.09363658464954962,-0.05616478632004377,-0.16831408538940376,-0.15508858677108184,-0.15706954326282985,-0.20573456429374437,-0.15755307588575965,-0.1398396601241327,-0.2616902767150028,-0.24432806343998079,-0.0900715960270353,-0.2400876664842397,-0.16143936093187566,-0.04719955518058394,-0.19342530116982243,-0.07761992848325175,-0.0959907423230989
-0.012183698849891114,0.09917003022458824,0.143847726043086,0.2883904164728851,0.3216947087940024,0.38748001848222946,0.45259343352852194,0.5552679551447424,0.4597304215815584,0.43093592587085855,0.40470967530622,0.5352842617853724,0.5634923549050399,0.42206675239880453,0.5460841057016416,0.37081748413807936,0.5082788082063157,0.4598123840456715,0.29293303220783506,0.30704735926355725,0.31861679446446456,0.21495288138823948,0.06644357262749691,0.014898841441491678,-0.05416148946781523,0.009807204135386093,-0.15826599974879535,-0.1234061971329859,-0.11921344090290385,-0.1878085707167071,-0.18508357682652427,-0.16324701632155977,-0.12138942366393646,-0.18245856749571782,-0.22940565899539145,-0.17073727935412916,-0.18292567554467218,-0.11498784347035731,-0.19468632996027213,-0.08908732045611689,-0.10143170340685304,-0.12199414795970101
0.010535068152145284,0.04305567089728191,0.19317946859981525,0.2840037403507108,0.2534816757279055,0.3668599173121437,0.3481989904468428,0.41803601998619344,0.5774782833271052,0.49591117152614717,0.5731053548826269,0.594260249349112,0.5884274416146524,0.47554919041841487,0.5034262916364859,0.47728764146579467,0.4700083879278923,0.4766290182441858,0.35081796975938184,0.39731040697448367,0.23015619164620518,0.22948295961130494,0.06516150816678164,0.0806936598549472,0.04222059644954814,-0.0300575392598709,-0.09092922289747352,-0.10962820631988586,-0.07124975945324162,-0.09280863190751733,-0.23523341802801573,-0.12241983947612836,-0.20213824406900358,-0.173385180067389,-0.18516561888617714,-0.07604647963966324,-0.0772009258437041,-0.1339071970583535,-0.15054897653666757,-0.15616762593112726,-0.057097415769721924,-0.07474217495147388
0.003489036549409733,-0.02284863533952563,0.0066603546987177385,0.014701207192394697,-0.00644449350725323,-0.003536392680064296,-0.02810187367107985,0.007457184984791286,-0.019645769780274176,-0.0026065260370002467,-0.004555051203891139,-0.005628611312646851,-0.015235702211432353,-0.004957528197961277,-0.008376633331673355,0.0016368585465921454,0.019352660880759678,-0.026118406737261013,-0.01285975697870842,0.004850695745261166,-0.009087185230088593,-0.007688921510101952,-0.0033852941704136798,-0.015913419655724414,-0.025112289773158852,0.006368699247463527,-0.00734877346440744,-0.026003576244382386,0.011362242459400783,0.003142810791180954,0.02780730334970984,-0.01306311220967957,-0.007332501117841977,-0.00850462474471346,-0.004071694378768426,0.02075467827573321,0.013422219122496025,0.014303824040117234,-1.0016472328284312e-05,0.0008014641369136168,0.005497166372168431,0.0030159772440065736
-0.009754790677064409,-0.014044580542749222,0.0024005947693417524,-0.002163642974148025,0.003872972870902944,0.00017382859128523204,0.029240535798011152,0.012219213392291307,-0.010364671540739062,-0.00495355258217418,-0.005956807045808075,-0.004765418216563655,0.013787075205459402,-0.016207221458230132,0.0008212068924919966,-0.006006881197669045,0.008208121919394408,-0.0031258427928287633,-0.00848755287379974,-0.00397778458997777,0.00936411460648178,0.022299386560855856,-0.003682096818261679,0.012474243478054392,0.010152854467474947,-0.0056740045318016494,-0.007073143943557263,-0.006881459538657698,0.004131066660587993,-0.017139579003683382,0.0011177112807890784,-0.00043832046986711935,0.0020037612312881117,0.002817837425302988,0.005805946396638448,-0.0027256342498305328,0.0029793366236346517,1.4233586468235475,1.412294847912407,1.4382917617617499,1.5233968299044702,1.5612524762179716
0.005157937339255254,-0.0038416068414126063,0.019419461797556853,0.0018085460764861731,-0.02873264000655234,-0.0053431296036880035,0.010429564062989704,-0.004413335359752673,0.020956847049547204,-0.014574734586692003,-0.03266960659819569,-0.003351070914917465,-0.009502179605181635,-0.0008267329856179872,0.0013206745166967186,-0.0030649629227744797,-0.006296423357530748,-0.0005543046510181173,0.0053577192090638525,-0.005181336334521548,-0.003251606655710785,0.014555453796519154,-0.00018001765729297483,0.027787380949737674,0.01269151360199767,-0.009851520727501248,-0.002454499072647027,0.0213492416187146,-0.011641520047139595,-0.00741549924159673,-0.0018871288712479519,-0.002228371139366085,-0.00310213789433679,-0.010655100249971426,-0.0033154267980942554,-0.016134090366294505,-0.022815559426246867,1.3352942946652118,1.4088434214879728,1.3183530141065818,1.4072673607599138,1.5754780646297832
0.0029000134771724403,0.0006744178439490491,0.022994191761817436,0.0019126051443675643,0.03372417937792035,0.027749954247973715,0.006653423742573921,0.018172259399980524,0.012383483651302875,-0.01453455113585474,-0.0024108211861773375,0.000680114365829516,0.001322181314274334,-0.0012969322202135136,-0.005839809246452562,0.021328117205089987,-0.000398381110707,-0.002363171297648299,0.007322696096834135,-0.026753077850214194,-0.0009355139309324535,0.008110772307139079,0.008689658503629986,0.0024404314114398456,-0.024751427565021467,-0.006229331424024812,-0.0010418461757992967,-0.022426104872776412,-0.011859075656298505,0.00560984972502157,-0.011182754853121042,-0.0017041770961131288,-0.015468237518547515,-0.0013847191519901134,-0.02098220012992435,-0.01056026521723627,-0.007023439933620669,1.4612964882291706,1.3129773172906225,1.3579006431080896,1.4271548541308177,1.5593032813421484
0.0013497904611843256,0.0025691101225540276,0.006815369647830947,-0.010078191579985444,0.004277567450934089,0.018974883830870048,0.00447877847109573,0.009518104170215591,-0.014545901155469202,-0.002071203496994014,-0.00884768083699998,0.0014755268843244067,0.00763033385011939,-0.026529965376834278,0.005390963813879912,0.014192649075585758,0.00016911399077024336,-0.0024338965923082316,0.0001852068731957819,0.0012446509783962767,0.006971556880891151,0.005274156270008775,0.00020298827634192574,-0.003792851365683482,0.0025013775298409037,-0.0064922203089208584,0.009695157211665435,5.562680156288826e-05,0.0045299349664610555,-0.0025054325069085257,-1.7209365725610936e-05,-0.009904242379352226,0.02515452220418755,-0.006549000058192842,-0.020818291002273732,0.00642822317434217,0.00027787218361924603,1.3345684692118869,1.3514149344212214,1.3679052205729902,1.5592934639195957,1.6324647264692993
-0.0045077757738382455,-0.0013311149622038585,-0.008242113440861143,-0.00043333747308113704,-0.014408958612040633,-0.014058834062113144,-0.0030217895125797525,0.005189672804725941,-0.0027374740514600057,0.006635910122279684,0.0014567141184965284,-0.02618804094251725,-0.006870219936193131,0.013902725274391568,-0.0143717648730072,-0.00026614902754066905,0.0020036741499641726,0.0009647474182404863,0.0006927661702128153,-0.0025376769742827842,0.009486439604152224,-0.0168699158620571,-0.002408937913955596,-0.0008782668564108506,0.02301659039260858,0.010585956336498002,0.00013035368558007613,0.0004049618780795291,-0.00019092623050750355,-0.00287159924711166,0.01690508005783453,0.0021971926716169306,-0.011971932504749391,0.0007856184527081822,-0.007167401453128853,0.0025813641195681866,-0.014461037991970646,1.4448853774703454,1.4334142231557447,1.387092006154506,1.3890219038526745,1.5092030151616493
-0.0012910556940752395,-0.011692625752282,0.005580960584840427,0.008101054127212032,0.0031807625541393383,-0.01309545854397401,-0.012572386421942439,-0.0006544854709797423,0.013647609604691214,0.018613588325249956,0.00900042816373087,0.0020976543748143527,-0.0013875519424598607,0.019178435127959657,-9.463665963166519e-05,0.005896095218567027,-0.009781526993052953,0.00010723569254218043,0.01733589177062677,-0.02059665385432598,-6.274311930854901e-05,0.017077124351230672,0.024529025174316363,0.0016055438933646382,-0.004277751697772492,0.00823536452951866,-0.021776163399958096,0.018227462951953852,-0.01959959268641466,-0.00023186239035014768,-0.0008263094769935343,0.003329202903566658,0.002980937380205281,0.002334582505397652,-0.025880755265171106,-0.015649396135073084,-0.012068669288143017,1.2538323637047786,1.3780800547015322,1.3724035943123611,1.556800752425112,1.47922877016614
