gfs-wave-data.json
{"header": {"parameterCategory":2,"parameterNumber":2,"dx":2.5,"dy":2.5,"nx":144,"ny":73,"la1":90.0,"la2":-90.0,"lo1":0.0,"lo2":357.5}, "data":
[rows 38 to 56 of 73, columns 84 to 125 of 144]
-0.5445981803573232,-0.6015660275973143,-0.6126939018683715,-0.6794319353353204,-0.7150727006019423,-0.6828533699625338,-0.8190485790053879,-0.893078885785523,-1.0645137806276577,-1.0032100325242053,-1.1367803513454307,-1.1501686226948538,-1.117055129536208,-1.141342546345371,-0.9617852324666126,-0.9485830232925963,-0.9438742946184465,-0.8571851645984964,-0.642390614711882,-0.6846016379969473,-0.6580894176641269,-0.4272918791717367,-0.3953745436926679,-0.4633224234962326,-0.44179671830637457,-0.26687753989176255,-0.3348695599365433,-0.42910988884505247,-0.40458384990874335,-0.44582030514652526,-0.46710083714108863,-0.371155306885609,-0.42304078083248725,-0.32382199665098876,-0.3942765224232677,-0.46005263622656667,-0.4147388053867199,-0.27624196561447617,-0.4464193584754549,-0.32085231938159686,-0.34056776643870806,-0.32845617593373966
-0.392551844809322,-0.5051006186091089,-0.7267663510467711,-0.8372964618007672,-0.5849829523761823,-0.9263843164530687,-0.847984659551783,-1.0759052151944026,-1.04493215813712,-1.05424272203098,-1.0127305900890944,-1.0795805390414606,-1.0075482674715663,-1.0014715146484432,-0.9055524577546634,-0.9315846016909712,-0.9692930730269409,-0.6652854173276888,-0.660751237276168,-0.5611207631595274,-0.409503151932996,-0.5038275841197971,-0.3953971469613294,-0.28159821153611414,-0.4744754787522019,-0.46790221581404967,-0.3786090998061726,-0.2739644849957814,-0.3581056511993684,-0.3109540570824632,-0.36021015369295556,-0.47856182332805264,-0.49600016078797576,-0.42302141516056435,-0.482736224497293,-0.48062863652815335,-0.45262496854658807,-0.4809287985443419,-0.3785135052311318,-0.2619261797147891,-0.28756740599328595,-0.257360271966469
-0.6427027204244079,-0.6143411269526181,-0.6506930086280306,-0.502521933106018,-0.6658926706797162,-0.7871648579637376,-0.747313396743586,-0.9792743869738468,-1.0316935663925633,-1.0721075097316377,-0.9675824600860373,-1.0691713319038514,-1.1825346807955637,-1.1095840035941038,-1.0713178796008829,-0.9504309726283171,-0.8253603160296653,-0.87824266315729,-0.6786620644954472,-0.6008408901537515,-0.6077466989575857,-0.5075750990259763,-0.5069714016268554,-0.4116391597742152,-0.46088477176321263,-0.34775810539675,-0.3328887762625106,-0.40726197208483494,-0.40057985225456405,-0.389735971044313,-0.4537130621522369,-0.40509198714374983,-0.4482016362821516,-0.3874249054420227,-0.42131181140502477,-0.4921381937115,-0.3886943931219275,-0.3259972316362977,-0.380401103323873,-0.36347275050876127,-0.433336516599777,-0.21444271235217197
-0.7290530763873845,-0.5488498961388855,-0.6524926265436406,-0.5114619224981863,-0.6719678580055205,-0.6126387668915927,-0.7779471003240422,-0.8657712031413651,-1.0067923138781685,-1.1852553769505774,-1.0655108685919852,-1.0845552175579747,-1.1066963369530856,-1.0199422829232638,-0.929957394221709,-0.8939465654067459,-1.0047515403868852,-0.7073194311427934,-0.7048768192686019,-0.7791100641550885,-0.47978549994859,-0.37302835499102394,-0.3330469082636662,-0.5157883932746758,-0.39534650805270294,-0.3553583079593362,-0.33859145754348696,-0.4210454159784511,-0.3705872187914706,-0.3558506952820206,-0.3211703893272222,-0.5523272791657038,-0.4564925320644139,-0.4723289069797063,-0.47446435576958096,-0.4856725201478388,-0.4283370118959694,-0.42462644987333675,-0.3099361698174237,-0.26859643725444393,-0.27797366426129466,-0.30955007356148884
-0.011130570808245767,-0.015319218280074261,0.03805340218081682,-0.0015845305004719022,0.007737757107926051,0.021045862527504264,-0.024984790490074318,0.025116870819155278,0.03058818621471451,-0.022244346431741044,-0.008397432085124635,-0.0008008611272571441,-0.03654595970505356,0.030286926853240404,0.02686562519817198,-0.015966065324391678,0.006897416847664181,-0.007537835717914885,-0.0014527407737033736,-0.02569882945687642,0.0410085484924571,-0.008935918306743656,-0.056414602789330144,-0.04528928136829003,0.049448845546915664,-0.027376440043052834,0.004217113333483707,-0.021283089201744747,0.029077423096460914,0.014250522761804503,0.01258276542695003,-0.03723227695539288,0.04969642567416137,-0.02913072320480396,-0.03464633713495615,-0.029043818821541834,0.027749465391011665,0.01465747617541081,0.0016337832688509755,-0.023940043838766807,0.02498103023816268,0.01577995760130522
-1.0398651548470257,-1.193151021941135,-1.2051284824871533,-1.1019371970646061,-1.159745422038296,-1.1862263913779736,-1.0471942140446546,-1.2088296876517184,-1.1403639321631298,-1.0433167882046046,-1.0454704752205608,-1.028510628118287,-1.007321574315336,-1.1098232986039978,-1.0127165873142587,-0.9688536337401512,-0.9676782238622195,-0.9354704714612319,-1.0244798950396228,-0.8853960001728214,-0.8743888532151118,-0.9562725904278235,-0.9416910601579682,-0.8069120707968592,-0.885149944286591,-0.8392400401486472,-0.8423593814636456,-0.815138625391355,-0.8936017245743271,-0.8447159828486248,-0.825295219983925,-0.8497004099232465,-0.6972265981135372,-0.8123765590886591,-0.8503814771861,-0.80622566950583,-0.8076379481669173,-0.7637016564084824,-0.8108057287022743,-0.6985439795028775,-0.8040843558135188,-0.7587260670992058
-1.1949624672471015,-1.0994982832339744,-1.201836570304733,-1.083821429222373,-1.2012043719121772,-1.1825913398025452,-1.12913940999243,-1.08011281327451,-1.073064120044993,-1.0159061092392054,-1.0307403466172786,-0.9490182648641147,-1.0953459949999649,-0.9447360325526133,-1.0399999203148045,-1.0345650591184126,-0.9068912435334087,-1.0245032327358548,-0.8768866995157115,-0.8616747835527238,-0.8439977238863698,-0.9250538358231175,-0.8753620833374244,-0.956878346725305,-0.7806100738025353,-0.7548302288657621,-0.772028434254042,-0.7601238859073305,-0.7612732235418118,-0.9097103116886316,-0.8067549894246672,-0.802502476477737,-0.7978649470799136,-0.7666103729124849,-0.7112784452209935,-0.8700671296092448,-0.7705392717531265,-0.7484252870496638,-0.753597846374929,-0.8546665131651917,-0.8315001981659554,-0.7010777866912042
-1.141588529847372,-1.0992933354635384,-1.1054238230142266,-1.1389844085322003,-1.0918990524062493,-1.1740320884167974,-0.9952598087571528,-1.101003469055968,-1.054795265602018,-1.1711097552561296,-1.0763756054877243,-1.0448564051183808,-1.1211749339224295,-1.061824249454495,-0.9564959191323551,-0.9518033732251241,-0.9569286778924232,-0.8919960710041032,-0.9165582735048691,-0.9010848950731465,-1.0201945429023804,-0.9385399092969203,-0.8416807897422386,-0.8000977584981483,-0.9127464065925849,-0.9183664228842519,-0.8251556658993352,-0.9170166331018861,-0.8353213128788125,-0.8375130441807612,-0.7369057807618827,-0.9106482109334816,-0.6957808934188029,-0.7510350998207178,-0.7835182589344358,-0.8048293670143322,-0.7981644563456306,-0.7673196681520807,-0.769794828587689,-0.876114276954328,-0.8129019443924508,-0.8773832995156619
-1.140105784707723,-1.2520902419752487,-1.1814066895033404,-1.0188964978446715,-1.1781379060672377,-1.0828371081422483,-1.0405780951884303,-1.250161557230662,-1.0420723659317301,-1.0513953311155517,-1.0398591265895023,-1.0034499987384053,-1.0856520624960082,-1.0555659823730121,-1.1097564989410007,-1.103747554793083,-0.9613185897842407,-0.9830938605414999,-1.0375515097381938,-0.8902744856636999,-1.0570127880717088,-0.9704750843877754,-0.9205075802995487,-0.7917522355568872,-0.9525033910778321,-0.8615507994626271,-0.78952533445394,-0.9210819519868082,-0.8929657069152501,-0.8932495191470882,-0.9527743247601608,-0.7696876540509429,-0.8811196871567692,-0.7984745351541243,-0.7477416295536258,-0.8198443662653055,-0.7344746519340911,-0.7797875984075447,-0.8660017395262267,-0.9058719708426917,-0.9345778671790748,-0.8921434731316527
-1.1343515630287064,-1.2079900876488605,-1.218735826252475,-1.1444500500189971,-1.210850305344926,-1.1795444171755096,-1.063195645690316,-1.1987858800892315,-1.101654088481873,-1.0514068456093881,-1.0684751312940592,-1.1090495559376627,-1.0390158140060923,-1.0112182805960432,-0.9820746381414537,-1.1167566228221035,-1.0112460476561385,-0.9979680533619681,-0.9273116648379767,-0.9178133226739678,-0.9868855668334351,-0.9084984809939464,-0.9818376006141182,-0.9886857882559428,-1.0106851751701595,-0.8942025909316166,-0.9317593273829892,-0.8276437263928312,-0.8991388030744014,-0.7917608327715389,-0.8167959212671544,-0.7548538192091452,-0.8106383096936651,-0.935738263350252,-0.7547517967240052,-0.7524111467955825,-0.8675189577409683,-0.7467623129267389,-0.744763107494404,-0.7514884343968145,-0.8556695959842682,-0.8072065977836407
-0.03524478333625153,-0.044355959288985065,-0.051767833776803,-0.025088179790715513,0.035588686831272656,-0.01312527326964804,-0.051701027818825955,0.011082862003889927,0.006855106087003517,0.012452999096597465,0.05133750212456935,-0.048434488266357004,0.019370635671440165,-0.006488182480349293,0.010109398222534611,0.07036352546198073,-0.032902509136194205,-0.036962789215281094,-0.055799058091062725,0.021384614261861556,0.006244492488904084,0.036861926873266,-0.02862538974497747,-0.01622336841231328,0.03800374809327974,-0.03291260832041397,0.04212369315940626,0.02573523622552018,0.022572753266174216,-0.049343057899830345,-0.046683632199407306,0.038968851698271495,0.05348328004775639,0.04146671664873718,-0.029829194283593784,0.04247890657973225,0.012918012912690626,-0.05206730748471526,0.005239184070123896,-0.0503573261830628,0.0043177949965863245,-0.009072965555246362
0.9980723667904142,0.9151301629451588,0.9974439053435393,0.8406349852342309,0.7640426708591185,0.8814776005898912,0.8643860427933125,0.8209517416595048,0.8210939994604053,0.8526546539140881,0.7899896291183418,0.8727409523601791,0.9096549429066171,0.8508742705536793,0.9608865113916709,0.7897521285995446,1.0370562899072073,0.9291135859649019,0.9896365322717474,0.9221544741115203,1.0622584612992272,1.085437912127566,0.9408842389105861,0.9591453672183561,1.0348330969248463,1.124481848254827,1.1211908639877637,1.2039630734585796,1.1667656708390006,1.11015933371455,1.046256597584111,1.1714975658440234,1.125915762665137,1.0609257461361155,1.12575991119612,1.070933289112442,1.2928482674249038,1.3301401157898753,1.137235369906569,1.1712703941628335,1.2837888421682486,1.4091218656659248
0.9386380674004611,1.015658718403931,0.8094703768634124,0.9131568820461999,0.8933002033575443,0.8991917774057616,0.7875553685481369,0.817300072567617,0.7001192302375847,0.798032880608107,0.8264285766617657,0.9017692076013424,0.8375282613399648,0.7817305963627952,0.8647176871359644,0.9415790066686028,0.8829346554997975,0.943523915064067,0.8811064366367003,0.9692827018703774,0.9887187226833737,1.0438934037565848,0.9829383714538258,1.1348532610739195,1.052998417148155,1.1257355554883428,1.1612970688867468,1.130819032316177,1.0641804677520048,1.1909845208272418,1.206978471134627,1.1959597015116572,1.1715348042448472,1.1436909708264231,1.1866506014559095,1.1760157442600454,1.169389054749583,1.298798341531465,1.2289979074934174,1.3611872887575347,1.3099688550609476,1.2487733620298747
0.9327678234964937,0.9972211677013046,1.0220604194571772,0.8972428378268109,0.8476580507288212,0.8347812652711162,0.9312750961549954,1.004548452734558,0.8582977510412437,0.8466886506604142,0.8793496652378183,0.9020307735104488,0.8444602748250556,0.8984316673781946,0.9002663374491153,0.8818430497916758,1.0051444334597666,0.9728133377596615,0.9143505158647481,1.0421054256661837,1.0586076786138985,1.0655992173024165,0.9758098389362285,1.1675136451261405,1.1156390680948256,1.0934208704128294,1.1286743906933152,1.0624460434574972,1.1257692087210087,1.1101518992489021,1.2156924914715546,1.25014366355112,1.2255067260419286,1.2351439111229856,1.269571742271642,1.2654440897699561,1.0730806121615233,1.199548083368017,1.2914386322448381,1.3628175185735927,1.293896848186283,1.1918008045646133
0.03219261785556211,-0.038356292491058534,0.03442468834524314,-0.009746032787298905,-0.011198920427494803,-0.023655518936332318,0.04677750936180519,0.04746046046872777,-0.009259810688374932,-0.01326836455060947,-0.00393832116912781,-0.026588342474921298,-0.07066718736999554,0.04757979411911093,-0.051039428812829954,0.030322662925197554,0.030531552582447743,0.04925195510037992,0.010698665162669747,-0.05866276401795167,-0.05638711682762397,-0.05147038389342513,0.015966155128241892,-0.0642019851700849,-0.04178087118873806,0.05259784952579228,-0.04987062734084615,-0.007318411361939637,-0.06757057530991173,0.01581665781295683,-0.010707083994914207,-0.062418490615522425,-0.007224855720883633,-0.07270599871559418,-0.0268586560748166,0.013943020452751675,0.019667851554205883,-0.015126555423808688,0.05509198437962676,-0.006434422607379125,0.039304606884635385,-0.04218908442741542
1.4474133062429126,1.5825335804220038,1.5935628351925484,1.5628706830470187,1.4561784678446277,1.4733286308077798,1.4491153596836466,1.3614748557191572,1.248824811718642,1.264191919556077,1.1827762248254332,1.2725497905369823,1.3768161674467736,1.3327756685532215,1.2493174713533706,1.4305544595404514,1.3881839489061374,1.352398727698086,1.4323306817244086,1.3551339998587648,1.4215088940856861,1.3483078581145864,1.2590692877699545,1.3611927228192173,1.3735564033569856,1.3678196184710318,1.4270134105661236,1.4626010719972258,1.3036837202623535,1.4470965907713864,1.2663584633705642,1.3764672699894638,1.346210619424905,1.3068241110749632,1.4029153192220505,1.5188876365506396,1.3082257254373633,1.3347799369476714,1.4947263912246775,1.336699311535892,1.3811426133749176,1.389214521856473
1.6406556602912616,1.6588868055661865,1.5334571744242131,1.5178513153915503,1.3302550905805166,1.3666389963016186,1.389538645715543,1.2560143530318715,1.4511070832505157,1.482815372548257,1.1720854001668009,1.366875506122662,1.2272402531000848,1.3456328926974113,1.2704594996633374,1.439424929091821,1.2825675163994494,1.3500812474940647,1.3021796853247012,1.450264942322409,1.4254194117578405,1.4898862764164897,1.4235398959230445,1.4459751422124878,1.345673599141712,1.3814551989517678,1.2977692248961485,1.309103558142523,1.456649381220229,1.3056077923326281,1.346193276540657,1.4734082182671622,1.2943889238868707,1.361472495343538,1.4313920253021972,1.382452272597239,1.386628403500972,1.3888605943409438,1.251072164749994,1.2935435017369847,1.254038049504773,1.3259118957508844
1.4867490603820577,1.6935198439333508,1.6593957949999567,1.536390270624345,1.3359750897778644,1.4708019420857286,1.3611680348570034,1.5335569850084343,1.181431879924066,1.4848447820488646,1.2477542414939484,1.4326070600467489,1.3259905017145028,1.2564645440306814,1.259675899044162,1.3198478366613984,1.3169842915411551,1.3511432312658749,1.3816748492926092,1.5032322717577287,1.3068374851916247,1.4482877540566435,1.3512161409735803,1.3345999041354148,1.3585696635473334,1.4652511456857966,1.380961535063411,1.3798908546496707,1.3617637639720104,1.3512129083680944,1.475436908500499,1.405915448075303,1.4337044087169384,1.3375358861343867,1.2034545692239296,1.290277106044745,1.3557891236457387,1.3001986447030982,1.3792965547406861,1.2995729180418905,1.3504009409235447,1.4977590191052021
1.5875305853576216,1.4458655493289643,1.3755020899488468,1.3977780010797238,1.3361279151832497,1.6129631658458095,1.5174122195053128,1.2989038991586104,1.4724234667338987,1.4462100440204941,1.4347065624942834,1.4052173322359955,1.4308568017995593,1.2724381977562027,1.384432763770195,1.2893784962541566,1.397957150630932,1.2451517287129472,1.265159003114232,1.2807774832785417,1.419320285545619,1.4329879777028374,1.487796380979722,1.43037539307809,1.4369657095300437,1.4465975583225916,1.319456860612221,1.3384843568386204,1.3496007524734102,1.3430827640750953,1.4134522669753407,1.3777311091393625,1.4274822334771917,1.3133081782431264,1.418754893006929,1.2983359928955822,1.3433665269893538,1.31845362489612,1.225423035759686,1.2245115037462588,1.3558591828907312,1.2308755464586238
