gfs-wave-data.json
{"header": {"parameterCategory":2,"parameterNumber":2,"dx":2.5,"dy":2.5,"nx":144,"ny":73,"la1":90.0,"la2":-90.0,"lo1":0.0,"lo2":357.5}, "data":
[rows 0 to 18 of 73, columns 42 to 83 of 144]
0.17930447700042318,0.25430067015093677,0.3237990606843545,0.26137847642764916,0.2868066935672362,0.23521839972521497,0.367382278275936,0.3411770001328958,0.271531346125468,0.2486791541239373,0.21163128205008816,0.14492924921733893,0.19990941796721154,0.14116238229903455,0.13623371063845705,0.1369207108495811,0.05586166619340205,0.06771918375101357,-0.04139349683808592,-0.1115902441816666,-0.12440232108187044,-0.1393025350176677,-0.1686245228960662,-0.23861478028439895,-0.3258914847262026,-0.3441870096761772,-0.3184330328634535,-0.4162961665838073,-0.48061150016164444,-0.47642519222276336,-0.5283217986220496,-0.4804476412086179,-0.42586810113912366,-0.45139711142955846,-0.42760343285186414,-0.4160230511409431,-0.4960586169292441,-0.4233733853155209,-0.2446797646085289,-0.2550495337789612,-0.22490203803661918,-0.008718339037348907
0.23379782979524594,0.2300846058457024,0.2531310844817309,0.24024928058631737,0.2358676086735747,0.22729971956766834,0.2500472696001815,0.29819631745310116,0.17138971916620943,0.3220395806280603,0.282412904060348,0.182664949241928,0.12740648385044845,0.12449136698280774,0.13860913204579287,0.10723497912024134,0.08206836228405229,0.013137826722088516,-0.02635888650870386,-0.028210687828713773,-0.07821653012926456,-0.17093668132785478,-0.14505772268666733,-0.18880007741755775,-0.3014199977847925,-0.31197852669108966,-0.32488472636392046,-0.3895670471634083,-0.4124884098739491,-0.5352927331647815,-0.39405501792863235,-0.5004692347467086,-0.38661775626573686,-0.5335896337572174,-0.5263497082055865,-0.44531812282666006,-0.44676499795505653,-0.47274543906426597,-0.40110805068481575,-0.3491696655350164,-0.18922089083240984,-0.09984482795225672
0.27072193373895304,0.2559688821292731,0.2945976351468822,0.3106296153016248,0.25070448389417727,0.3251126480923043,0.1940747604327623,0.16103393724821022,0.3280524358131626,0.2072049994028248,0.2588170628899835,0.14770102423346665,0.2022553542916513,0.14240245482008282,0.15361559659067056,0.0722835484312465,0.0960050984599115,0.05896536822555542,0.016828943353641147,0.006993310486831074,-0.06137441173162302,-0.22559555335700013,-0.19206225490808043,-0.2138640293793776,-0.22431020901745996,-0.23547681553909283,-0.2866389267229722,-0.3842795111048654,-0.5199857947787716,-0.46795686245168017,-0.5203606679322004,-0.5054138844213696,-0.5307710026000088,-0.6065993347138584,-0.4132870303643968,-0.46036695577821946,-0.4306872778317521,-0.4420823585500568,-0.23140201191410548,-0.18605654454937767,-0.10984625639545885,0.0166109545699451
0.2301127049246768,0.22439539806244946,0.18403599202282264,0.18577103768107753,0.2956501738619312,0.33862830494318713,0.2694664288722867,0.2676545438784894,0.17061991514164257,0.165850782569092,0.17303076848477833,0.18433416407866174,0.14851533457545021,0.10489250243605143,0.14604448085079347,0.15620768201479954,0.09517850565214205,0.0323213510251673,-0.02144772801420165,-0.05527940021678177,-0.09186232379849688,-0.21307542616174951,-0.1329251991851608,-0.17145739423332976,-0.2020169546567803,-0.24814574514778057,-0.2688959921889965,-0.2520099885958907,-0.2990878872675438,-0.37978521499713447,-0.44793749085582124,-0.39230276403121095,-0.42998211207513065,-0.45732045891024253,-0.45242300482903663,-0.5348757691292891,-0.400132229175995,-0.38632883526367057,-0.28514118221048645,-0.29994216328265055,-0.1983323898371537,-0.13601772557733333
0.2566382704959911,0.1816640646976528,0.1789738907638762,0.21229175951334336,0.2811561110189148,0.22644762638798696,0.23027092663011028,0.14543629053800175,0.16274720173828558,0.18918368493731366,0.1157566220243687,0.15054802397349432,0.15747484630971118,0.13581230565680574,0.07605742504478745,0.1435254473042734,0.06233523318840272,0.022876639335460375,0.02903986464654054,0.011425297720474676,-0.062215024028297504,-0.07230169189023711,-0.23553029462415848,-0.2541772593616249,-0.3010337085105734,-0.3425213943151179,-0.3722624647228198,-0.36535193548150247,-0.3372389331608102,-0.3861664302611074,-0.3362685675888242,-0.4605758394986654,-0.4063711109538408,-0.5378213412135113,-0.40539499794400885,-0.33551267724150086,-0.34865809045843443,-0.44901260881576316,-0.2856585769703533,-0.2647265883209898,-0.19414310576743038,-0.10985296167068465
0.15573396464114334,0.23069841944583958,0.1713852782055062,0.22939100368777174,0.21631760686239673,0.20245903654375375,0.2738620599027942,0.18955778627280884,0.11125337096246438,0.15563674984177459,0.1354088664921259,0.0925353575738815,0.1880866633181617,0.11067394918242754,0.07615925519335401,0.05679833655168824,0.055882036581829705,0.04313322751792188,-0.03287509155787666,-0.08881387774134075,-0.04216922651576905,-0.146087271295017,-0.16091940582294803,-0.1635912538793882,-0.22034605707723193,-0.22960111763798582,-0.30271197295583857,-0.3424327376973113,-0.29199993456221424,-0.3219129815298144,-0.30819959699433297,-0.3861051244754737,-0.4557349021357481,-0.37020286152463266,-0.3270131927660327,-0.37850659516614327,-0.3740525352467862,-0.4160831671182908,-0.3030434280867213,-0.4009635114876638,-0.25706488126859134,-0.1672306764138382
0.21307421944263438,0.23394586960703279,0.18900589455768294,0.17550453289341617,0.28677899032843346,0.2421381352370549,0.21693399832483135,0.20969029508774634,0.23660431203398302,0.14451992689464918,0.22511998923631338,0.07588270533198901,0.16942723432696047,0.08012112152082952,0.14353386433770704,0.05861986776225469,0.06670621017059872,0.0220719315639237,-0.030535805928426883,-0.0010945811071933517,-0.07711785294282932,-0.09775866877347877,-0.20876301357990104,-0.19687410861499327,-0.20476049616121206,-0.25541149088139375,-0.291147268872352,-0.27485981276462174,-0.29747320367364266,-0.3693661581215173,-0.32895114389421914,-0.41154408241202517,-0.38208647446394306,-0.4730523635598166,-0.48461321783071415,-0.3999246761266392,-0.32215298697082456,-0.4082574380661171,-0.24533673558783384,-0.2179517493140384,-0.06048085127893475,-0.17854524191700755
0.16800787667244954,0.24267865422482132,0.17763318897892358,0.1889232320325867,0.19162523549695035,0.3064778977925022,0.14209054985419173,0.2377760990360456,0.25209995521360307,0.11572467195373264,0.18522567338600268,0.14277135334638238,0.0790492155982151,0.17649891567860274,0.11059492563947286,0.04589395534305245,0.10470172317522415,0.013734702050469368,-0.0387714166812573,-0.018265303619377386,-0.024306312518700125,-0.12015904636019233,-0.1235841080139799,-0.19996035734738715,-0.15290348257801564,-0.20496040287563036,-0.26925839108095556,-0.3323705828719147,-0.320040732274707,-0.3361141345501207,-0.3622722814425516,-0.35079064787000014,-0.4798965878287012,-0.47779605798258656,-0.3545224828703436,-0.3290048248874667,-0.4204551223918514,-0.3001568208099915,-0.2340596206468073,-0.2906934149473409,-0.14729600439240084,-0.03960072355691069
0.2098966656352866,0.25025117107952427,0.21410533070770285,0.21033764536650193,0.2679376298826357,0.16470680272371077,0.16645246548573542,0.13745189635943988,0.11208716384928366,0.2184798082783842,0.19156604667729918,0.07405425851903052,0.18453823313061388,0.09386306324492633,0.08199809374944833,0.06430395491695143,0.05025368639750008,0.03242989894899141,-0.02031903485335547,-0.007570032304778474,-0.08113618802024222,-0.11977114202849506,-0.12431545997842587,-0.1810932563542501,-0.16578872317007629,-0.17599412529582453,-0.26856046623769386,-0.2807796686685325,-0.23785553240936022,-0.35379247503748035,-0.3385826763250784,-0.41902812670183515,-0.517599708119924,-0.4242791721195615,-0.386660575579876,-0.3685392092125453,-0.3184345300769864,-0.26657106080824994,-0.26820636842629464,-0.25507049165084045,-0.1324293462883679,-0.2020337646263236
0.11037776108638794,0.2683735114533952,0.19399668024343603,0.14754114990812428,0.216238716063689,0.2114999578033881,0.12330788583785668,0.12445032632071415,0.09889391232386671,0.06962708965950128,0.1464484854704259,0.11583085911098537,0.15947807467070763,0.12009097439505115,0.1495355948525936,0.03318431366815773,0.07496038727755218,0.0657970678199242,-0.010378753013199769,0.0026280162074795712,-0.11554412870812633,-0.11876195319929903,-0.1838328590905341,-0.20736800939871983,-0.17061953056464182,-0.1706959985261575,-0.2490013162991195,-0.30011848188379125,-0.40911254367965216,-0.30590954411684257,-0.3018148290452944,-0.3570565753366685,-0.4527559603846931,-0.4646314712752115,-0.3392492980293048,-0.47849397263177373,-0.3652857636725904,-0.3662401215927325,-0.3411189202707338,-0.1581104403248034,-0.26051059112358665,0.01603926958427806
0.19658965964823982,0.16430557324872494,0.23062626442065112,0.17117834881914265,0.19024390925011073,0.22686843624548564,0.24718213556750496,0.19953012286388175,0.16554376813455365,0.1564579967561224,0.12304383532840751,0.06129200915487481,0.1133055326575462,0.036097427133763814,0.0712581094893055,0.13376808966400644,0.044129586519781695,0.03542403091615447,0.018008299394305517,-0.07176680796791851,-0.050516112856719614,-0.05332427281251026,-0.15341522740330304,-0.08329172778876925,-0.14292766229891268,-0.1527764933156131,-0.22127350997772838,-0.27958562487855887,-0.31406685374926013,-0.279275863463212,-0.35154419302679607,-0.3312349000734538,-0.4001263041137666,-0.42578526389563126,-0.3099719209978776,-0.49675278185165334,-0.42800451961463404,-0.3644707591085516,-0.20251846221276193,-0.2569980003751318,-0.19171897296188745,0.013277465142480918
0.1509532998018992,0.22293980686011788,0.2394002685535174,0.21949128858393271,0.18431283157325695,0.13325356680168807,0.09407086154729047,0.23613488853678938,0.15975527066741343,0.21197432117002465,0.06260836706597031,0.16579719046780425,0.08746932158486903,0.10571452808062429,0.028501855767284527,0.0742716897808106,0.052512946872290606,-0.004071123801573731,0.003825808592029314,-0.025408816082128728,-0.07544696360029678,-0.16986805061283278,-0.10826850285653004,-0.08120152533609673,-0.16244782657059384,-0.2809221406838705,-0.28518740689459204,-0.3568331057992196,-0.2685090466863015,-0.24125085046150335,-0.3514247212103612,-0.32860965405123743,-0.43179376074014014,-0.33425735942020085,-0.47962790708537567,-0.47510606827187696,-0.32827515320135864,-0.43256140149296846,-0.3031094174055709,-0.21200812529629176,-0.09485472272063014,-0.14332105279714732
0.021658051355340414,-0.005204584564963545,-0.029576734628716825,0.00859441845796074,0.0035244813893019564,0.0036787629811785324,0.0007689655459473775,0.010298014196859903,-0.021850922983121208,-0.02182993889757658,0.008470713368097888,0.021342429270550804,-0.009589561310199671,0.02364856283560252,-0.0017574993305510705,0.005301323611772842,0.01937693051534842,-0.006041897909485719,-0.0010199505283384667,0.027727388235869944,-0.01204638350045273,0.009578003528919092,0.006066942982221138,-0.012271778140899072,-0.027745010918455774,-0.014629174373975531,0.0014868828872106573,-0.006096864580329895,0.028422627509695063,-0.008324460075211199,0.0023129781664483636,0.01653060643088618,-0.03324144056911763,-0.018864113470781,0.01719445200545903,-0.013416797855536648,0.009907994003362248,-0.012209826461997184,0.029860766139227904,-0.0063141860896674395,-0.015799810018629193,0.021840461330788395
-0.023987471397831826,-0.015454868158061946,0.005086464341027613,0.03621898220323021,-0.003468713842907704,-0.008931634966130742,-0.020013800230735297,-0.01762093928184438,-0.0260971528747623,-0.00483126844297979,0.033210798755834194,-0.02041900102406593,0.014980263271772752,-0.0015123209174809655,0.001595066485621059,-0.0008924285192832072,0.011160205895634089,0.009909966613854248,0.0032112362204177428,0.017155601136524097,-0.006760203993947526,-0.008399771062829832,-0.0007217596696595187,-0.008342414313352281,-0.008206341918253873,-0.0023394253340796654,-0.008391102110415244,-0.002294337682158965,0.00016767228184228763,0.026899172739726765,0.009693881074112818,-0.0054867052215479065,-0.017631703978497785,0.004298089135423057,0.010137930505420658,-0.020144174731271065,0.011501722546212569,-0.018915199293155157,0.0005589064231367941,-0.0024524017342638323,-0.011920124306508649,-0.012326812270354875
0.011521726294377274,0.023113089636616024,0.014792111843578953,0.006597504928171605,0.0016601451090565223,-0.008507828353649992,-0.014019917045779106,0.021311621872955967,-0.0073396693295145095,-0.0005944443595189202,-0.018128534943302684,0.015674190419087575,-0.0013777316979508513,0.01319397988603151,-0.016547712232296615,0.006591061863575399,0.00838748707767173,-0.003546374748421965,-0.003090484617347124,-0.004322110901931629,0.00953376198196989,0.00048291157212337394,-0.0038665954149758805,-0.009533504816398877,-0.0028879357524053116,-0.004923157909602409,-0.01619105209792864,-0.002933563838088367,-0.0039539243030820405,-0.014697025647228244,0.0033362654529107603,0.026854289088498372,0.014212612167347434,-0.0180362730484328,-0.0208138447266319,0.02980584986772808,-0.022741589046587584,0.01899099309055457,0.009537104434853214,-0.00039558288349185206,-0.004380377053144169,-0.0015437470278104786
-0.0102909835316136,0.006965282013551536,0.00626768751814026,-0.006221863919023978,-0.012720850092400437,-0.016268414845861875,0.00021658525315030678,0.00381694109502393,-0.012318129964842918,0.025699083293780962,-0.01851823543099684,-0.0034671982372410284,0.018813822021858603,-0.019354031366805156,-0.010318813937251507,-0.01136825438231728,0.03138752789748194,-0.015328782193251575,-0.010575414790914794,0.018044255578343046,-0.004784934768967705,0.0003252708539104659,-0.014160988134542453,-5.1131286553133614e-05,0.004196712258108922,0.025355133298130977,-0.005848218415196682,-0.019064864649687045,0.006919382028112161,0.021078509511839393,-0.021413320766341486,0.0028216043163742763,0.004441625456464706,0.02260378606236308,0.002520710868531994,-0.013008616459955859,-0.005633674562257681,0.002746689378513039,0.023123173305898085,0.0003307695320569764,0.012692932480408417,0.01830005743876629
-0.0014362206116336443,-0.014943278082798106,-0.012678735186455502,0.00040458954215159045,0.004462626147328137,-0.022149622167454017,0.013377939692350124,-0.01239521164779358,0.005997199655740148,-0.013586835352673856,0.008454469998794612,-0.011681801293506603,-0.0024230099655217167,-0.005492252298019829,0.002090839083403571,0.013332554312694965,-0.009665215662338574,0.0007652271911761943,0.0020742019057322847,-0.009181207389583798,0.010540792467417936,-0.01449259720682586,-0.010894035989970106,-0.022070446525078426,0.013258035153541748,-0.029404896324013774,-0.0015305492596723047,-0.006999645948650238,-0.00940804898828977,-0.013774996686007594,-0.002592667686271605,0.011440890938278468,0.01606065445540312,0.0011386896721135192,0.011419797691436325,-0.00039936311537178067,-0.004207752428499055,-0.0003482982967706009,0.024882300510520254,0.012512691195769627,-0.001320768969248154,-0.007903505850938327
0.009524006542070175,-0.008076919169024407,-0.014439509799412067,0.0008194795114837899,0.006417589032694486,-0.02090444214579922,-0.010345857124909482,0.01200613599675177,-0.012217735043810476,0.021933880483049985,-0.006123045480741806,0.003097756217193933,-0.002032171639092533,0.010598569154272323,-0.010331392633128277,-0.009749091227160571,-0.002883904717694745,0.021623872835662118,-0.004730670095600935,-0.01676633035616308,0.00234831117214185,-0.0019918616640654803,-0.00484532423571334,0.019970216678167656,0.005697679944342072,0.019303034299558538,-0.0008780242351793107,0.0005778348085293705,0.015151261039715487,0.00036464408343724053,-0.0057485145252847945,-0.0018384991196446591,0.009732809445204701,-0.019946940263975216,0.01168857402263754,-0.0033863999842568926,-0.004782051383340029,-0.00013061572513834653,0.007698829201266654,0.01717939198086906,0.021068839175137098,0.025985106473161816
0.023981175816509714,0.01410599190492329,-0.0033272821629759374,-0.006170048623405839,-0.017216542618157252,-0.0023405106184109636,-0.001724210918253375,-0.011011326140395856,-0.017529972939254655,-0.004718279522997085,-0.004644615987159641,0.0032155001482482774,-0.005566213358743063,0.0018193728285114126,0.010558524643786866,0.002823873417836124,0.030242346431972083,0.008091815469080652,0.01524827073407449,0.009007958718661533,0.009852552568848748,-0.005488619366624411,0.0011950639539226747,0.011024511815311944,-0.003716179122807157,0.009065708120837485,0.001719442382789924,0.006047120891511008,-7.921038721279058e-05,0.003771423537033274,0.011115739946544332,-0.010748689224802353,0.016078537177601326,0.02372732325125404,0.0014444437499860948,-0.009296075846534552,-0.005391067843898908,-0.0005525291315271836,0.015489034582593557,-0.012358158054181966,-0.000552501662810296,0.002179164650532804
