gfs-wave-data.json
{"header": {"parameterCategory":2,"parameterNumber":3,"dx":2.5,"dy":2.5,"nx":144,"ny":73,"la1":90.0,"la2":-90.0,"lo1":0.0,"lo2":357.5}, "data":
[rows 0 to 18 of 73, columns 84 to 125 of 144]
0.5989167073059581,0.5389282158696473,0.6198421973033923,0.590574396634125,0.5970392212693014,0.5287604625029185,0.525013227703882,0.41050926857144976,0.3957673882986101,0.34291099228434585,0.23906782228638948,0.22791280997559998,0.3227815053653166,0.22402052226552072,0.35185249504874133,0.23322954834712642,0.26380665572881346,0.3962733166601439,0.34656708577399453,0.35761442952906236,0.42254269749725965,0.32801063231373595,0.34641628235096544,0.4111338626788778,0.2928949321642394,0.24311890635973843,0.3493872748976302,0.25399580819088335,0.3201722230026855,0.23567919043144106,0.202495559264174,0.1542922679938332,0.07136925599746119,0.10290705884737705,0.03502210534185387,0.040076937332497786,0.0955478401947789,0.04199937936351847,0.0740726088551054,0.11489505259096786,0.1385860293285033,0.1131753061494434
0.6564468843702199,0.6355319656327085,0.5348220591980034,0.4738430483511631,0.5295332053240333,0.4773365770312223,0.35488644842765826,0.3288450113082754,0.44160874966599895,0.4197685011308324,0.23719488211057072,0.2841815077601786,0.3609159375283176,0.3536477794485074,0.3338196323187223,0.23461581201122553,0.23484315155269492,0.3866736847199189,0.33873041395184156,0.343072396943608,0.30726222135675996,0.46451732800251094,0.4312884596617429,0.29304593081028535,0.269273172762487,0.28296876544095195,0.3706805324442829,0.1961677261866116,0.17638256313826178,0.11767890805477324,0.10484965865351425,0.11373334382965782,0.13653054612901672,0.06542055345430063,0.08282956412692997,0.0842507556974512,0.049915129720972715,0.07270005624498681,0.07872378116193558,0.01993962631519822,0.017973005404546126,0.10669563156790426
0.46544163394064325,0.5272687577217712,0.5629390265879719,0.6051976902398168,0.5110804452719787,0.4587786938514026,0.39934037259202837,0.3505009498952752,0.3714953291003773,0.35157964285304455,0.37563559884531633,0.22816491518151907,0.33101470218014845,0.18850060961928125,0.31945352710410957,0.35751888213724137,0.361536073303403,0.4200770449606571,0.3775333734843544,0.31614730311223443,0.3756128464572605,0.3969369275293032,0.28942749216328595,0.41628557280394585,0.43800087517543296,0.3029755102590455,0.3643006285721973,0.17384397004705543,0.15757965717572023,0.16049273724805077,0.18376776485425708,0.17541888026793284,0.130664558337938,0.10474940430790214,0.12965052201348126,0.048901675373550946,0.06008655703190265,0.07801593624522524,0.008881233719684653,0.07443851253419634,0.08967284658136096,0.13308447111566718
0.5064326129133889,0.628091430682798,0.48340301632141763,0.4615113209295727,0.4275965667434431,0.5482147264014692,0.35612158497435453,0.4272998419692991,0.45286088518650075,0.34333176842949764,0.35723821387118543,0.30799539162701883,0.3125684148327762,0.27113758445846975,0.20111818320039257,0.24537845402947983,0.39128566563304834,0.29534913138799446,0.38673168418857,0.43422378564248554,0.27471251213048,0.39532497649660364,0.4492609609178253,0.4218211019103814,0.2600914822657036,0.2621373351462953,0.24044965006798094,0.20975153194498652,0.17926575935899258,0.13901791146997264,0.17351569090918736,0.1639328633812397,0.10972503237589984,0.1289297962762233,0.09278269632488115,0.07993583907880704,0.0250568645015265,0.015231730977349499,0.08932030233681607,0.04973049962324796,0.14406532614098091,0.06267756839994078
0.6141710243918952,0.49928501323696056,0.5559327887843026,0.6131057939195359,0.5185935169666076,0.5918748379484186,0.4480579686338724,0.4006184375096112,0.34433553020316415,0.2848871758472814,0.3451046535433154,0.3914810109357156,0.24807728625295347,0.2662803390679829,0.2535544661037323,0.23087812710934427,0.2687938810929122,0.3035011487753609,0.38601272738597153,0.413824301559885,0.3629854628034339,0.37299343564894855,0.3455191367717725,0.2962892068079311,0.4215298141771198,0.31877073183869054,0.2816911740826338,0.338644244422285,0.27587478551071115,0.23477917641072754,0.17646084751732918,0.20228645454745453,0.07112629862147503,0.10518988261180227,0.037338417186785836,0.05437119739925773,0.06431908811747601,0.08242040650485968,0.09076438586421738,0.052737195870235946,0.1276692055913585,0.08738508235592964
0.5339060379291575,0.61044921112436,0.5108889735046518,0.6305348706823901,0.5769266616276564,0.5029135658030565,0.5430553153247702,0.49029098861750636,0.3381044328746422,0.38275996307669,0.250711495998211,0.4056014935884465,0.18351946665761504,0.39106404940670947,0.26503690886746084,0.21468115859236955,0.33728459624258744,0.34799121572298714,0.40224609946602385,0.3764113350781893,0.3378340207444164,0.4271709556919248,0.4835125285987375,0.342535961526415,0.4235810983290405,0.37647489562045516,0.35476325952489823,0.1888424706017685,0.28935769927916616,0.17669236369561697,0.214623101447463,0.22071976208701813,0.12153105561726896,0.14502027418133462,0.09074944824431569,0.07566890579474879,0.02623567766173799,0.06087781172057649,0.05475360987660136,0.08300136587355116,0.057493293886955996,0.11691027054730513
0.5051495804106412,0.5425807237023438,0.5626649729396562,0.5146287207655725,0.3981991803717526,0.47156435565942595,0.47516262649145435,0.46264774530172126,0.2949658177131073,0.42378229019772956,0.30070759921323253,0.37299565674498597,0.31112687801845573,0.25367902734375125,0.23398136410456066,0.4266833414237425,0.32329071995953435,0.2817512794201044,0.3580019572703154,0.4265456610741333,0.41822635628868543,0.3443053317604885,0.34934047740192076,0.3713026729291898,0.2774447603385778,0.3109672629632718,0.2244457147439317,0.2390575588390528,0.2292759417811763,0.28114030518382876,0.13893731195202302,0.10785986706857416,0.09939265599225776,0.13690920521108452,0.10864195490540329,0.09905397087302847,0.10144583232650724,0.11987536612737285,0.054415507091544565,0.06488936977622674,0.13704991414303555,0.12217989716464267
0.6726792776527754,0.5951959136607303,0.62381187634625,0.6474394692265929,0.5397767498578268,0.4863857158208411,0.47396097432596906,0.31718617498985857,0.3941824321563635,0.22693607560961865,0.389974782277176,0.2383666383147379,0.38248814123482505,0.2127126293757739,0.36220811047446033,0.3087592824859988,0.3435091285025345,0.3588178587648245,0.40477858026623875,0.41286689647377944,0.37119021245349065,0.4861035605212422,0.5111942763599027,0.3571970623825445,0.35867440785640964,0.4100184090441943,0.39736182573903417,0.1925776104217237,0.20282346366923437,0.26173252470056735,0.2368160090851901,0.20353220360667645,0.1281135213409778,0.10952389270604321,0.1594856690033758,0.09456407039898093,0.06920645170156763,0.022328756804575148,0.12203702718967976,0.05561086792094084,0.056373389448848545,0.06248056590346618
0.6625234225051769,0.6811574697639514,0.5676391306982772,0.6063572615142357,0.5285642560860079,0.4231909826873735,0.5372816912649673,0.5653155410784447,0.3422097670677293,0.3749637347832135,0.3116862833759865,0.3569236666351349,0.3783463090471693,0.2590178975497759,0.2661144213862627,0.3588859499097634,0.3464592894511389,0.2589292470095961,0.42857831946638003,0.3544607200570781,0.46041946781933446,0.4168226545825362,0.34801768906335373,0.4636646085804294,0.3837297415660424,0.3491131731303293,0.3227353140469999,0.19088888279105704,0.1854634375111039,0.22594187600422672,0.2517113196256307,0.2099320255560417,0.11617222622632167,0.1615515116231266,0.07885432681971853,0.11267911428155973,0.1353854431218181,0.028828316945993228,0.07093491193408753,0.06981842449528826,0.03662376438217554,0.14537237130808603
0.5861351626072464,0.7192417191814998,0.5661775346025447,0.5870809880619648,0.5934326364034725,0.4767108833416533,0.4001913955747862,0.34953692544727777,0.29171610494038736,0.39492243744379574,0.37129492390342267,0.32063425361410186,0.3498709115102917,0.34213699618400917,0.23450111047074654,0.36232059236675973,0.2803798555050997,0.4244491918417604,0.31802096468614155,0.39212784720042415,0.3972030082201698,0.43843488441638473,0.4531706140785052,0.38085418071216504,0.37845091712530815,0.34418863535955413,0.4392843188505898,0.23156307685501384,0.3057784874934335,0.15339529079177552,0.1405282611333126,0.21282716056786383,0.08419936861849886,0.07334972717559866,0.17408171280300874,0.11016489122745642,0.134758251529912,0.04639105114743795,0.11313210974681932,0.03143405493830436,0.07193931256202457,0.04284562512684319
0.5197042163741348,0.6642257363486177,0.5955818165931706,0.6718637508860831,0.6488968544687584,0.520636838363395,0.5521729009601085,0.45463817667428447,0.3514645848316639,0.3574171054966137,0.3042747715248097,0.31715882925812955,0.3221576935232357,0.25204780049300185,0.32200339091575836,0.39509323532501883,0.3199087221146446,0.32140368020198135,0.31445389723248574,0.47061297593682055,0.3997575039490563,0.3901871327224875,0.5271527393116392,0.34379850412039176,0.30954856348302623,0.3189766333452158,0.29136249923174107,0.33472903364069834,0.2516824926639448,0.3257970982110542,0.14286154526629366,0.12527266196793255,0.14497313542722573,0.14629203412068506,0.05720826799832404,0.1501386697810643,0.08373315216450575,0.08129382180422634,0.08808833023071932,0.062296773047645485,0.15155447187505697,0.12234345937425377
0.5499536631984626,0.536317943888367,0.546857060006479,0.5955782483601213,0.5373088229172296,0.6587554325893371,0.4578797907993811,0.4276771132997272,0.38050952270892063,0.3599514706559261,0.4126496742815317,0.39563805650213546,0.3598085395063094,0.2936510871977667,0.28955750084444193,0.27341332119090284,0.35217399322151194,0.3804808860251256,0.41618382851047303,0.455034464208273,0.5406549517174849,0.3495227351140339,0.46338388444529,0.4964753702923677,0.34106222368657185,0.3948993479007543,0.29698896137227926,0.31660437162500826,0.19949981491158786,0.29154339805483165,0.2277990360629044,0.13005893303781446,0.1760860353674888,0.12134556457820497,0.07878106239791965,0.07697574566366785,0.0566160911358581,0.05527362751123911,0.1635681251514459,0.1233705073909,0.1132437828623712,0.08936221984151678
-0.18601139751610804,-0.1229188569513938,-0.0929890189453697,-0.2499051561362816,-0.20219097487098173,-0.2624856574673698,-0.08870503102535778,-0.109891897377392,-0.09577512745348726,-0.14178389102923916,-0.2385063340564764,-0.2366910267755399,-0.1608072518775426,-0.07964056831234588,-0.1408369376565097,-0.14797827523951354,-0.1420311954274826,-0.19878846210341158,-0.1117895167299635,-0.23688818993311947,-0.2358186693859755,-0.20503769540820102,-0.23058679564570503,-0.22158436271193743,-0.18738432604176766,-0.08178156382465963,-0.2098169524968391,-0.2450017517923488,-0.11918347150878829,-0.10938538951035034,-0.20547960472697593,-0.08982015428716933,-0.1038669314950361,-0.1213713413019744,-0.12708533786687262,-0.26187626078045206,-0.26577722569043133,-0.25528643449359534,-0.25378053620059376,-0.11205206284319201,-0.20777232104484492,-0.25857735213883665
-0.15443084122738573,-0.2664916772448969,-0.2729925745322736,-0.12239754628493578,-0.2776085277314412,-0.08967471498977914,-0.1530656436432756,-0.22873684761906984,-0.16231238259844086,-0.14097199483728745,-0.16318940447007033,-0.10929316922850518,-0.10750423027060942,-0.20945081011839517,-0.1444575485111544,-0.20142875271495803,-0.1298206641430861,-0.11657377162761845,-0.12448833468802392,-0.17964137766368307,-0.21993362867111474,-0.1347371862853932,-0.18299751031160102,-0.19696577562019169,-0.09654643301534398,-0.2638584231331762,-0.12232068763964124,-0.2844141298068143,-0.20868952038474206,-0.237662942675438,-0.27659640968857746,-0.18165841770069524,-0.18088571881205578,-0.11223853433580686,-0.26807376206298217,-0.22965524125770723,-0.2199653622871939,-0.8380184778970486,-0.782630947066724,-1.049135602262836,-0.5864919430067761,-0.709746292872284
-0.22382507229049992,-0.1720861747011713,-0.20024347820628444,-0.19252058063224234,-0.23918058040085122,-0.22024038735515336,-0.2012468303545578,-0.25795910422276597,-0.09944951191367768,-0.09805062682838446,-0.11758277546199238,-0.19599814212584282,-0.20818526328853673,-0.1780609064916536,-0.13814851572115328,-0.23854123683707484,-0.2068538237199947,-0.24676038095075503,-0.26733732207457717,-0.23102718426612154,-0.20065707319168152,-0.12267944720441891,-0.17283460032880296,-0.17760827398352952,-0.19847954421667446,-0.2787755262164686,-0.2761091403727133,-0.1917843192549908,-0.2303779467673485,-0.23594743721963254,-0.2641376373901684,-0.11502664417571444,-0.17648743253575364,-0.20774484066191157,-0.22492488358395374,-0.17731847791776068,-0.2193539754079742,-0.845933091772936,-0.7195528226000217,-0.902892069667359,-0.8814292540315981,-0.9296658732212525
-0.15439101532750815,-0.1672025944595853,-0.23370295171990688,-0.12843384999454976,-0.12182620548524746,-0.12938338845313466,-0.22337000057034284,-0.14836116560348983,-0.17004209160645237,-0.1338298802581899,-0.16216813990185008,-0.21110784589894044,-0.23727410428203471,-0.15553725862876244,-0.12036552895324808,-0.173050147888967,-0.20380493674254474,-0.15491233309601563,-0.13938287885714185,-0.15526270604965867,-0.19873823384393427,-0.12248085652096696,-0.19714700874552835,-0.11245153994410019,-0.30688003391733687,-0.2673409849316804,-0.28025531817021254,-0.2612281590667799,-0.2850587853352013,-0.2770788705061216,-0.22146058991859782,-0.20185781578198353,-0.25649516123501326,-0.19987513735223558,-0.25546681366369034,-0.17422278103528296,-0.23503139446114799,-0.7993122722936652,-0.820220904317059,-0.7200052785658098,-0.7411325371168236,-0.5500156712848381
-0.2637949850807051,-0.29746034914402314,-0.247903222697002,-0.258007129337342,-0.27723932432551096,-0.2728876711725951,-0.23774670372016724,-0.25343726734639793,-0.1246648017188263,-0.18494762155233316,-0.2236008836977795,-0.29886944867402016,-0.17135491813858503,-0.149091509927078,-0.2181525566898631,-0.2452403962146547,-0.20267985868620195,-0.19084110748481448,-0.22674086513164526,-0.2741698208072804,-0.31307613415463587,-0.3034666151453987,-0.27811648125560356,-0.19397002255172283,-0.23183047433562864,-0.2710855082556579,-0.2746620537944835,-0.23875123241490517,-0.16126246279248863,-0.2037238784740016,-0.16784947870967068,-0.300101497714684,-0.17071806290978242,-0.23744698369049413,-0.3208090978923705,-0.14012755274947988,-0.24977207286083628,-0.8121485806103645,-0.8968878184463644,-0.6567899104716766,-0.6246461337313527,-0.8740060165334743
-0.317612579400066,-0.23467342140087077,-0.17374177979648778,-0.2059492065802052,-0.14876865324080074,-0.1967300421149216,-0.2868888157058834,-0.2383887527262852,-0.2575131535946943,-0.2919945081071427,-0.1940575902411938,-0.190372628698359,-0.25216996989690044,-0.25382572565642025,-0.1717499491326302,-0.2844804693565987,-0.21122807310722722,-0.29086725815150566,-0.1410740999989147,-0.3107861809529087,-0.2755310643570944,-0.28947100852075014,-0.3053879895769669,-0.18742025315849425,-0.23436881542968388,-0.24180896953865214,-0.3083816261161758,-0.18049531078206738,-0.28332584838511743,-0.13852373632651427,-0.23456931992099905,-0.2849309246396166,-0.2855860471186693,-0.2193926989533361,-0.14400140644603782,-0.2012428777466524,-0.22914924617530813,-0.5412516894110329,-0.6498825540943834,-0.9555626807914891,-0.6843386060863952,-0.9672132747676369
-0.25005772403760773,-0.27079593652020767,-0.24516549372181395,-0.21549551410257137,-0.20435766229563748,-0.3095203004522666,-0.28459964116111613,-0.31673421880220826,-0.231925994342744,-0.3138549149553588,-0.3319674486884773,-0.3338991619161466,-0.16565386267734067,-0.2490855846397748,-0.20574535710480282,-0.2940467213568882,-0.1573041905247358,-0.3233048172523652,-0.25782672880414925,-0.19528336789409806,-0.32577021951860735,-0.2362723357927515,-0.15341718891930012,-0.1935162858682967,-0.29596568725451716,-0.28416239886450245,-0.28252187105200555,-0.3438517982416487,-0.2759468405853662,-0.3451612603397337,-0.26975946191321387,-0.348650787546715,-0.25216016105509215,-0.345539735056914,-0.25108480146968154,-0.17623093753460367,-0.1713304577075903,-0.5336009820099907,-0.6494977294510333,-0.6627250983161216,-1.0492031986150487,-0.6887090534748308
