gfs-wave-data.json
{"header": {"parameterCategory":2,"parameterNumber":2,"dx":2.5,"dy":2.5,"nx":144,"ny":73,"la1":90.0,"la2":-90.0,"lo1":0.0,"lo2":357.5}, "data":
[rows 46 to 68 of 73, columns 0 to 50 of 144]
0.0,0.0,0.0,0.0,0.0,0.0,0.0,0.0,0.0,0.0,0.0,0.0,0.0,0.0,0.0,0.0,0.0,0.0,0.0,0.0,0.0,-0.837549709471136,-0.7046913029809427,-0.8049918591631128,-0.7502860945324822,-0.64510163343756,-0.6919855453923541,-0.560018662690463,-0.8563762934820995,-0.6945871023401098,-0.6020593203349118,-0.6107733552851886,-0.6468585653808411,-0.7729346641867607,-0.7835058316997373,-0.7748200373662711,-0.7708498864059339,-0.7383856948201308,-0.8277487576981561,-0.7510798070068108,-0.7165641724045371,-0.6365388961690961,-0.6999096651517396,-0.7028901671500065,-0.5040662621940286,-0.7013499293102188,0.0,0.0,0.0,0.0,0.0
0.0,0.0,0.0,0.0,0.0,0.0,0.0,0.0,0.0,0.0,0.0,0.0,0.0,0.0,0.0,0.0,0.0,0.0,0.0,0.0,0.0,-0.7422002726793949,-0.8829152069818511,-0.7017667880815697,-0.6803233428099277,-0.8065215754867364,-0.716506961861014,-0.6954651375219925,-0.865560023663266,-0.8527261074768211,-0.6769787762695072,-0.5603787265195649,-0.8654673745848962,-0.7628309264941133,-0.837845802205842,-0.8280643735255472,-0.6213855880837786,-0.6979963667035893,-0.5751329283163181,-0.6397294723621836,-0.5882586308867769,-0.632758129551632,-0.595394874366792,-0.5108557154767975,-0.7407542227638091,-0.5934482404082355,0.0,0.0,0.0,0.0,0.0
0.0,0.0,0.0,0.0,0.0,0.0,0.0,0.0,0.0,0.0,0.0,0.0,0.0,0.0,0.0,0.0,0.0,0.0,0.0,0.0,0.0,0.005233345990805145,-0.010444044725192812,-0.0025659754668108242,-0.0014799309148978614,-0.0001546600612003761,-0.004002924625936426,-0.0023818247686564755,-0.01678830273045878,-0.023514691498958476,0.01264401798404625,0.006042115484154518,-0.016448993913287066,0.013525104586486536,-0.0060109860568879235,-0.005157083658627028,-0.003796497980556944,0.009388808899062503,0.012675312982368956,0.021804572968603813,-0.0004276632965632903,0.002277245983232451,0.019214503595110573,0.009059271678867341,-0.004567411605083977,-0.0029709064313570357,0.0,0.0,0.0,0.0,0.0
0.0,0.0,0.0,0.0,0.0,0.0,0.0,0.0,0.0,0.0,0.0,0.0,0.0,0.0,0.0,0.0,0.0,0.0,0.0,0.0,0.0,1.1075058364365098,0.8764213194261905,1.017146226576681,1.0812168821928987,0.9741901906580261,0.8395409254355228,1.0649195425318942,0.9742620562987278,1.0638041695949059,0.9701627233763186,0.9238123041846446,0.8054938056999413,0.8005177988608928,0.9411292021426015,0.7801121710058766,0.9058255701775394,0.7379329687028711,0.7205251119033915,0.7733274696311782,0.767624801749091,0.6206086231109017,0.7595888972242925,0.6250682651301586,0.6695652796786637,0.6837788759602595,0.0,0.0,0.0,0.0,0.0
1.5735743253630665,1.5891078785170516,1.4655139825305215,1.58645152418739,1.465219888668565,1.3746845726897305,1.4361796548643755,1.3039855201499708,1.4582826652711065,1.292757701614884,1.184240506183145,1.3665477647614728,1.2963164476368323,1.17355428200066,1.078274463199198,1.1234143020234992,1.2403118433331515,1.0012928741877944,1.0385722244245839,0.955992944779923,1.0652990480286724,1.0794974569885676,0.9883927119021602,0.9968925898085746,0.8573350314654666,1.0402036648951736,1.0028061136727644,1.0782806376822625,0.9011165796947795,1.0029469677489624,0.8097494714746478,0.8404202739435122,0.9375922085967741,0.8452382272679461,0.9163501088775511,0.7739380764583527,0.91348664974024,0.8234357551177585,0.745736708154631,0.764159467510201,0.7940625891635434,0.6570541889256798,0.6999109183531227,0.7752191489119523,0.7322212268985974,0.6541495288874782,0.0,0.0,0.0,0.0,0.0
1.4424301960250219,1.5300306580176184,1.4620748142962052,1.536340082460176,1.553562767101039,1.3771886501394095,1.4067030854292166,1.4260760562641994,1.4594948498725342,1.352146845432768,1.2053943826083144,1.185220954912299,1.3387410509625055,1.3149701163102707,1.1768128195751086,1.1310140657649335,1.0382699971134903,1.05285292666484,1.1950415646193375,0.9563808848770461,1.0351625637409096,1.120665172856055,1.159115336839334,0.9138205315792973,0.9292169743171895,0.8599015007128604,0.8918584310466849,0.9682287068349169,0.8061462542995704,1.0236924033601653,0.8255508188680147,0.8141054516572238,0.9777570719638321,0.9674306780779608,0.9491552192480127,0.857781278954749,0.8105336997033998,0.8622917914021853,0.7397647333361445,0.682445831452209,0.6567504134211657,0.7234737369583061,0.7882430321489506,0.616927690878445,0.7664234858158628,0.748399214798368,0.0,0.0,0.0,0.0,0.0
-0.00643875339939446,-0.01501316101781988,0.009724179501237126,-0.016763939669806237,0.011769222505611373,0.0009925272069750623,0.020536028062019075,0.011494460935935018,-0.005515905920815391,-0.0010034815234330747,0.0006103067187829377,0.0018059500238998855,-0.014806431642951218,0.007825941218186618,0.006248010103522023,0.014107980643460773,0.00019258193668805082,-0.000651729589062523,0.006309202374943988,0.0004795852115306364,-0.017428290206506176,-0.0019960433645527906,-0.005638352689281668,0.008864727067025806,0.00037603091470609696,0.0032640740305160156,0.00813709514253742,0.010700550667901574,-0.007049310452026899,0.00016072016433137456,0.005411610410860033,0.0017363431214703642,0.016449428321084775,0.013050419305672802,-0.008586236008249587,0.012543444709450265,-0.0002182476088156625,0.0058570006661985505,-0.0061453394802298495,0.02075846302120151,0.008747607147250362,-0.011392559357730533,0.009657598697615498,-0.004155593534489219,-0.004439167511025863,0.0017572628758082813,0.0,0.0,0.0,0.0,0.0
1.8603411429907246,1.8492194772372161,1.8208378149539344,1.7860073072313305,1.9445186948023714,1.8722846816026126,2.07943288220967,1.9620106171668896,2.0905735450763716,1.9380855700285802,2.0362245407906663,2.0495283489866836,2.200615771804714,1.912186096363982,2.134412704912821,1.9452201802500473,2.025864717509253,1.8018008237769085,2.0342019449845083,2.036270543315147,2.2681337566334476,2.1363419376610966,2.0356473050239017,1.9661761293920117,2.2247145440361296,2.0920492426098867,2.3291485123637483,2.162787158511876,2.422848120984462,2.417493110427365,2.2977517815056587,2.53187960530871,2.505104120557068,2.5656225479272803,2.690141236217326,2.6571454641277295,2.521710043177563,2.6245286412831175,2.5765022499611403,2.6179620033087896,2.583510380751373,2.4644038857277146,2.369790244646267,2.4304466143494303,2.4561162891533432,2.2416218359900815,0.0,0.0,0.0,0.0,0.0
1.9048789976415341,1.9607783131579475,1.8381046830884726,1.8826634295071591,1.9952353784835444,1.999340534695999,2.1224769091433284,1.9868090223888062,1.975526929230738,2.033455068480987,2.1447578169379278,2.0035698114262144,1.8936769222352574,1.7862243136887195,1.984015501031609,2.0891528139205096,1.8975668758520297,1.7706521289697017,1.8609104357436899,1.9108817544246555,1.9157158683045743,2.130212192079679,2.0130651501643477,2.239758983574762,2.4526966789310656,2.169584941470426,2.337308685979108,2.3056757505138656,2.48498525889731,2.424515336292991,2.5784560693848295,2.3785880230182097,2.5920929559732393,2.6304892484853837,2.5225464950597085,2.494413749690692,2.572520914582346,2.4972639362679074,2.6500883355681957,2.533379133551335,2.3586270904418547,2.5632581589058248,2.4018661994607635,2.456698319524713,2.324047902192414,2.38199538437642,2.2633300291000134,2.1662841615248776,2.0680373516841883,2.3689765262050027,2.043084751784464
1.810515468725324,1.7886548971976475,1.9741715270900608,1.8946117566936669,1.9712117479194229,2.070387270414914,2.0554608147501243,1.942004938774329,2.11207664072509,1.9015308921883527,2.065839190806958,2.2003078301575894,2.0438948799933443,2.2235489950267526,2.0574801496703414,2.036189262923937,1.926664901748251,2.128424992581822,2.274318026666022,2.2320577397626056,2.314984442108004,2.034545741576442,2.0415270977262296,2.282892030729347,2.0332666598637674,2.1664837335897764,2.3646662604130486,2.3579192577434136,2.3584636777503665,2.554303661969712,2.552255406846364,2.5168549900593207,2.521208336048854,2.4793656476203307,2.6111728819409397,2.6729047738350076,2.623894384358102,2.6642522072471264,2.6541708301620663,2.5496267450679824,2.5477569078220164,2.4343395504130734,2.6327378768512317,2.532714009686585,2.5269605154916994,2.1333750593906418,2.4608295096575237,2.181978133741518,2.2305672974152957,2.1023471024877294,1.9915555038465147
1.9156476422822553,1.8559467301555297,1.8599582444172609,1.9389996295061596,1.8859971432989293,1.8404074515727165,1.879274639129347,1.939140466054508,1.8795730061398963,2.0495525714996217,1.875048547334294,1.9041645652613834,2.0807604371628217,1.8615242791599702,1.7819955700192922,2.0855144270309873,1.8042437545361982,1.9416562334942173,2.28163558382929,2.1075291749685983,2.218316024173913,1.9452455338174672,2.16937800836713,2.1751779152567563,2.205053321862634,2.270652446872446,2.4716315796187054,2.5096236451652874,2.3501640995542012,2.549092720266937,2.5027334391892953,2.599124612401931,2.4318671096030795,2.6669710815193297,2.6528093515945854,2.6426820545794434,2.6456070449007645,2.5882810916910692,2.574472021995419,2.6134788203436887,2.641886857329751,2.3912597835483496,2.45608419430088,2.359745435483178,2.5589699741883867,2.222008618894828,2.3374058757650196,2.1261870197591226,2.0869237342903215,1.9795500944027815,2.1699331828329034
1.8523995562291766,1.8428033937217494,1.9985209673393065,1.953308563881411,1.8824078740940984,1.9516308724482079,1.9582788251736698,2.0437282267688284,1.8949209127822662,1.7968656690727949,2.18602628436491,1.9163814530058463,1.8548657210282504,1.9047414063746364,2.118027668017232,1.8239235826529427,1.8035593291721719,1.8889691146424208,2.110545966439475,1.7946307765578504,2.088221462829264,2.3091238580974984,2.16354029789959,2.2914501840005013,2.227317771993842,2.2159276339114844,2.350537461003495,2.4261581733145863,2.3233030473876557,2.374983998127264,2.5458009184612176,2.554876751463658,2.6657623178209757,2.487422278695815,2.5154141171614355,2.503197742966671,2.580086837124131,2.701111185688077,2.5428447421838407,2.554963544599438,2.5633512577817497,2.3851056402032285,2.495974762974737,2.6335955575602963,2.2925117727469315,2.3514115798020745,2.5237911939636724,2.3456158864487784,2.2961597222766343,2.3733444070651433,2.1482577651364765
1.7893807938775392,1.8940581587562353,1.8631580803126642,1.8934050159375013,2.0130019280943374,2.069212226174101,2.1068841099627855,2.0340007752322045,2.0578190049015994,1.8867408055294892,2.100317891686923,2.1314214039338215,2.0861892987628923,1.9214340497423912,1.9249762211625145,1.9878554887345878,2.21568377742462,2.0166644036186177,1.9977810683331358,2.2293328973833355,1.8563403860087813,2.0845933595538075,1.9940044187437684,2.2470918088784066,2.1991928279643624,2.2931077427673925,2.459682346469811,2.2369026935258405,2.5189768714610077,2.583685580690603,2.4666854763486437,2.372680725563046,2.405254190912966,2.583955768816904,2.6452028764224913,2.659860971391944,2.611886877720842,2.6975344503764656,2.5942353708352117,2.6266201650408476,2.5161284893488842,2.4167539599416274,2.6058796416657923,2.5866401234605028,2.331715239002036,2.4115009698093943,2.5405445565515876,2.3288970558373907,2.3038825693278984,2.415433281972994,2.158586560273177
1.8450301598231829,1.9804020737839934,1.8233531492331796,1.990594913780563,1.9519430209028503,2.0513692673224577,1.826916472748009,1.9884282199718863,2.062094238212318,1.8452027761314653,2.125731541495449,1.9930205033309987,1.9484620883998995,2.005217048281303,1.9404506475978562,2.1903224111211537,2.029468928364745,2.25568802597052,2.217118841566708,1.9548573197384012,1.9984445880236086,2.0004922683861563,2.007117263028353,2.1506599553839476,2.2004562908599663,2.257660933931888,2.4147875949776108,2.40157100145714,2.4530824754511977,2.495741611183171,2.3866679546729244,2.468407817304799,2.4724959524788814,2.476955841296959,2.4710944231407943,2.619095839076237,2.5069186611306,2.5394525250710003,2.5852622535987013,2.596869892896899,2.4634739657626503,2.389584216827826,2.421546430474104,2.3202394716352233,2.4425718493709394,2.2666897440822256,2.2067983755042087,2.0866250143050826,2.060036342333256,2.2645182695988204,2.0351336480721436
-0.01397241552683568,0.014436948291120385,0.030511104370523692,-0.014616793513565277,0.0006971610433105802,0.004265584950808866,0.009659968942950101,0.011176144671930403,0.021735873305125036,0.010672777323330534,-0.013715967325078088,0.0005361882803480107,-0.0041025731642093865,0.008447794208472081,0.0006600923119208578,-0.012217094734015022,0.010256676387126925,-0.0075199723857102335,-0.0037500983263894314,-0.006393149690179337,0.00994527237558358,-0.003374104054562596,0.0037171562475303292,-0.0003269401739880198,0.0006033202880898236,-0.004358317478805485,-0.014245389467152163,-0.0007408391731799165,-0.0009670672364198639,-0.004736916866212261,-0.007180228410423636,0.014948198523818864,0.006100376100483884,0.004127388943581558,-0.030325881118558107,-0.012488187745700359,0.009265323423256849,-0.0072625241052356555,0.0017508245189223096,-0.014829735596886941,0.0025668015653101135,0.012122628592990065,-0.009755504902134735,-0.01633839268146197,0.0061879663521587506,0.024383755103368765,-0.004420103100790046,-0.0004996873716187417,0.008223081709345187,0.010028767463459603,-0.005221266946840731
0.0,0.0,0.0,0.0,0.0,0.0,0.0,0.0,0.0,0.0,0.0,0.0,0.0,0.0,0.0,0.0,0.0,0.0,0.0,0.0,0.0,0.0,0.0,0.0,0.0,0.0,0.0,0.0,0.0,0.0,0.0,0.0,0.0,0.0,0.0,0.0,0.0,0.0,0.0,0.0,0.0,0.0,0.0,0.0,0.0,0.0,0.0,0.0,0.0,0.0,0.0
0.0,0.0,0.0,0.0,0.0,0.0,0.0,0.0,0.0,0.0,0.0,0.0,0.0,0.0,0.0,0.0,0.0,0.0,0.0,0.0,0.0,0.0,0.0,0.0,0.0,0.0,0.0,0.0,0.0,0.0,0.0,0.0,0.0,0.0,0.0,0.0,0.0,0.0,0.0,0.0,0.0,0.0,0.0,0.0,0.0,0.0,0.0,0.0,0.0,0.0,0.0
0.0,0.0,0.0,0.0,0.0,0.0,0.0,0.0,0.0,0.0,0.0,0.0,0.0,0.0,0.0,0.0,0.0,0.0,0.0,0.0,0.0,0.0,0.0,0.0,0.0,0.0,0.0,0.0,0.0,0.0,0.0,0.0,0.0,0.0,0.0,0.0,0.0,0.0,0.0,0.0,0.0,0.0,0.0,0.0,0.0,0.0,0.0,0.0,0.0,0.0,0.0
0.0,0.0,0.0,0.0,0.0,0.0,0.0,0.0,0.0,0.0,0.0,0.0,0.0,0.0,0.0,0.0,0.0,0.0,0.0,0.0,0.0,0.0,0.0,0.0,0.0,0.0,0.0,0.0,0.0,0.0,0.0,0.0,0.0,0.0,0.0,0.0,0.0,0.0,0.0,0.0,0.0,0.0,0.0,0.0,0.0,0.0,0.0,0.0,0.0,0.0,0.0
0.0,0.0,0.0,0.0,0.0,0.0,0.0,0.0,0.0,0.0,0.0,0.0,0.0,0.0,0.0,0.0,0.0,0.0,0.0,0.0,0.0,0.0,0.0,0.0,0.0,0.0,0.0,0.0,0.0,0.0,0.0,0.0,0.0,0.0,0.0,0.0,0.0,0.0,0.0,0.0,0.0,0.0,0.0,0.0,0.0,0.0,0.0,0.0,0.0,0.0,0.0
0.0,0.0,0.0,0.0,0.0,0.0,0.0,0.0,0.0,0.0,0.0,0.0,0.0,0.0,0.0,0.0,0.0,0.0,0.0,0.0,0.0,0.0,0.0,0.0,0.0,0.0,0.0,0.0,0.0,0.0,0.0,0.0,0.0,0.0,0.0,0.0,0.0,0.0,0.0,0.0,0.0,0.0,0.0,0.0,0.0,0.0,0.0,0.0,0.0,0.0,0.0
0.0,0.0,0.0,0.0,0.0,0.0,0.0,0.0,0.0,0.0,0.0,0.0,0.0,0.0,0.0,0.0,0.0,0.0,0.0,0.0,0.0,0.0,0.0,0.0,0.0,0.0,0.0,0.0,0.0,0.0,0.0,0.0,0.0,0.0,0.0,0.0,0.0,0.0,0.0,0.0,0.0,0.0,0.0,0.0,0.0,0.0,0.0,0.0,0.0,0.0,0.0
0.0,0.0,0.0,0.0,0.0,0.0,0.0,0.0,0.0,0.0,0.0,0.0,0.0,0.0,0.0,0.0,0.0,0.0,0.0,0.0,0.0,0.0,0.0,0.0,0.0,0.0,0.0,0.0,0.0,0.0,0.0,0.0,0.0,0.0,0.0,0.0,0.0,0.0,0.0,0.0,0.0,0.0,0.0,0.0,0.0,0.0,0.0,0.0,0.0,0.0,0.0
