gfs-wave-data.json
{"header": {"parameterCategory":2,"parameterNumber":2,"dx":2.5,"dy":2.5,"nx":144,"ny":73,"la1":90.0,"la2":-90.0,"lo1":0.0,"lo2":357.5}, "data":
[rows 54 to 71 of 73, columns 84 to 125 of 144]
1.5336459147277628,1.412443934940683,1.371408860904539,1.4014564385359114,1.3366948536876457,1.3387015965465199,1.3360613972817723,1.2443784882387348,1.1694162557976926,1.1498724678881194,1.128575970977404,1.2375435680147642,1.31527350464259,1.2551739496566938,1.175875001363916,1.2534302732297584,1.1696242128286127,1.2824906164858538,1.1519421749707626,1.3101694209851114,1.290225955280478,1.2564276942814372,1.2305154677919137,1.2568308312831147,1.255045172848356,1.1607067020444959,1.17111536578038,1.2633151801109268,1.163974791147778,1.286338718793259,1.2600341302135376,1.1638200268510661,1.1947681783364996,1.3551870140995539,1.2663320013476247,1.282524701004677,1.3364114168054027,1.190728715229275,1.2009155882169156,1.290492383173085,1.2990416544328325,1.258522595829767
1.4671899852344046,1.3479286830028232,1.3489935757932003,1.2295917407034802,1.4360259080410225,1.2342307964421122,1.3704320805731303,1.2922711787996148,1.2836556897155462,1.2408774716360937,1.1796610348146848,1.2985096567859826,1.1959068795987802,1.2346343506767374,1.1359766217071998,1.2653715253674995,1.1637297918816283,1.2317008640548248,1.1860994157469422,1.1794621103081973,1.196991978977992,1.141364187819175,1.2000916406568547,1.1903985655650886,1.2826132238220627,1.1898043484861416,1.3562549050589439,1.272954663374643,1.2431173888965477,1.318857886138898,1.2253641447243433,1.265712120973424,1.166028771637833,1.1838145947719227,1.1541487767905338,1.3299718452660132,1.148451582631593,1.167076977766037,1.1949749630539093,1.184010733383408,1.2532984388508586,1.4100628169820981
1.5202714279155893,1.386950689480836,1.5497173914066018,1.2491553693145059,1.4183798388586961,1.2642106948203595,1.2069273915252459,1.2784729617069819,1.394211276915488,1.2329689839388438,1.1866760545225377,1.2940903125536551,1.225632492568699,1.0911384506477326,1.335056610032811,1.2850115179446382,1.243446740516497,1.3015374721204978,1.3322692166056656,1.1545656725433715,1.3346614830350891,1.190212796938929,1.3395716721933895,1.2860366121667814,1.2418146767557248,1.3374626761148405,1.3284024418336666,1.2801886364793453,1.2632536220190544,1.182273800050958,1.2904181402320194,1.2869736927565703,1.2639352701339361,1.3382297310087305,1.3875956860569538,1.2844040223599116,1.1593490520852054,1.2429638043885602,1.1538425733590119,1.137059621315949,1.273598537778362,1.32153114509988
1.5948493124033478,1.4361972255452575,1.5116048659137502,1.437535329101326,1.3789401419966916,1.5067289634412195,1.4226632746437597,1.4455215800696057,1.3058168305743345,1.0966093923175013,1.2365872590300535,1.358034721376376,1.1605111941264252,1.1728883979206004,1.1912837457329781,1.2354990181803929,1.1944509568168729,1.3557561058761631,1.2754753306156832,1.2582756763173057,1.3113382365655635,1.2484471658287344,1.3264531436071643,1.2696289104869045,1.314873282601736,1.3573289193450673,1.233542502252654,1.2446327207934587,1.2066671394486452,1.2227824918354824,1.1874785315677248,1.2466160621899567,1.1966150314977124,1.2732398842307486,1.3169877708789046,1.2836694043501666,1.1046210498491533,1.2630780795188168,1.2168051327368594,1.165928852060255,1.22739084996322,1.269378932126489
1.5288956305623211,1.3457455034048533,1.356309620239432,1.3388136677988949,1.4111653879121675,1.3289354234308441,1.3203352325500808,1.1947148627010715,1.3758463218906603,1.166041087886196,1.3329379718852286,1.198342941395599,1.238573734986178,1.3653646831687176,1.301620318431133,1.3959621755320528,1.1992192710050604,1.3623932031822337,1.1762723806545354,1.2651406454462208,1.263201680921413,1.3596961407028294,1.3365684170881351,1.328341036664446,1.3216272001736262,1.3249237791688813,1.346594022785108,1.3605088675304777,1.1835571201283503,1.270616328035137,1.2749067379197305,1.3282240250644723,1.207573968833808,1.19470418988816,1.2038339249505245,1.224785649778374,1.1529084787471604,1.1816452735450136,1.3399646217405476,1.2975972701215788,1.139871601072232,1.2174354807588867
1.6562375405746133,1.5038873309910743,1.580686237479994,1.4598069587465936,1.390017211819722,1.3205286492749073,1.3418673082212278,1.3925446983726235,1.3463099812796642,1.1813697907874925,1.228017680242446,1.1330632555209845,1.3181523863787634,1.2277072822083113,1.0904974021095934,1.2653181912800322,1.2296043312144995,1.2672404031520037,1.3119567029444257,1.3896223228389248,1.2937718725378375,1.2333085778184447,1.24378511092335,1.2287306378999392,1.256770610947729,1.3804504623049192,1.2373748209855788,1.3952545502209708,1.3420098654367318,1.4133212360622676,1.173297442049088,1.2321669221233207,1.2488584951451238,1.2568209328438167,1.2282992624788718,1.2889178600950293,1.225132143415766,1.3362115284302676,1.1395127967988616,1.3919005242545563,1.2944731711244248,1.300950693527829
-0.045688239668062465,0.029331158997870317,-0.053956788402602714,-0.018900857458611704,-0.037519352233217985,0.033605989534392935,0.03587357750536218,-0.008891947468796211,0.0006521470586034103,0.02047703930369825,0.0357459677124952,-0.041300540422895944,-0.04232813877945685,-0.054717558934852265,0.04608907252235283,0.006450135025096923,-9.857710155618434e-05,0.01975823026927682,0.009089162422546721,-0.06159293942375621,-0.017865771468858427,0.022105856271980782,-0.04884741380444924,-0.02768670733945102,0.040151442826828164,0.030921847041869267,-0.012504987559394979,-0.0035361496309682166,-0.055721473661974386,-0.04436936079861278,0.0491165698788011,-0.02143892339557435,0.004012722745364653,0.0157105151621472,-0.0331698636807339,-0.034612998088593874,0.04602618625548368,0.002144666026271803,-0.0633434147071586,-0.012100552650632028,-0.02146439599375428,-0.026695938350377327
0.0919831235982353,0.1578567374085464,0.26902953934955043,0.3098984216056535,0.5560905247560849,0.3409804011511743,0.5621620710201347,0.6156513060097878,0.612215156969196,0.8174926696750564,0.7350096603397832,0.699898438913137,0.7527307276786195,0.6041468354202373,0.6122585090160871,0.48666719598564345,0.7323444784316743,0.45117967767025446,0.4906426687608031,0.4616136898668451,0.3078902970233488,0.2073453961522891,0.14151074233179553,-0.0008613207407095227,0.07903690259667184,0.008953168894032047,-0.11886062977311247,-0.2937414970854861,-0.3108259663677436,-0.30999468544481396,-0.31958406137645406,-0.29054810479868515,-0.36852049578903456,-0.3515773681833509,-0.39779359621805604,-0.23479570092072272,-0.39639724647895586,-0.2709533498972222,-0.33053241405318473,-0.3615134035506612,-0.27007616433463083,-0.284851640654491
-0.13140434713716592,0.10062059661399408,0.13960859619936908,0.27414329466299664,0.40783089881087126,0.5692642984055236,0.48573032473230704,0.5389364072929069,0.6530929136427298,0.6725557263472933,0.6370467661924181,0.6389620194088146,0.7551990031318048,0.7586503571630745,0.7097686103144746,0.737292190182067,0.5947436331294526,0.5298668637875721,0.37025726887706634,0.4193173445662412,0.25169334747634753,0.26280066058680496,0.10365060627487711,0.08165795951011719,0.026336588756021958,-0.0727347284906774,-0.12425698541062527,-0.2695357970344746,-0.33424542387101674,-0.25738544321517337,-0.32692616021318105,-0.4120338134150127,-0.44073146167306687,-0.3432557376134077,-0.3665025670050599,-0.4186289212489277,-0.23292312166592657,-0.28705153944142237,-0.24785020010180714,-0.256575287941055,-0.25885226255231214,-0.20958222326665554
-0.1155060460759589,0.08084501182047123,0.08403731474203228,0.31717429651280676,0.3410059796827835,0.5241224083135209,0.6274287613042799,0.5440223696548736,0.6578693369218195,0.8034125497140087,0.6432433952470578,0.6409473814155879,0.7213686774670395,0.7690464957332559,0.5472140950960551,0.6877957223856255,0.6736314223806888,0.44257913469546134,0.3938033195955274,0.43945661384914186,0.3552047736833805,0.3717918929441316,0.18416058380343275,0.0519720590172435,0.08343479328619244,-0.135959624589584,-0.1098853011281839,-0.23049764578972692,-0.2889547292494687,-0.40865866547915386,-0.3718643630762429,-0.313786672404219,-0.32595284143321557,-0.3578101401246961,-0.40591249261366597,-0.33211883390462793,-0.23704102514976363,-0.2689880318345934,-0.22847012639025369,-0.30855969723130544,-0.279356073079212,-0.28574900779033985
-0.09204639914780138,0.05451761223429371,0.18535328902439846,0.2132198114387009,0.4740623864393196,0.49073775722628477,0.4779735375458919,0.4892196721840261,0.5508907923763251,0.6250940455384835,0.6783047407772891,0.6740873853379492,0.7398734814218361,0.7576055436371757,0.6217701127651228,0.638068736823467,0.6189023016906017,0.5204982178777251,0.43441762710390364,0.5170914221805356,0.4946614850405416,0.21553802459178234,0.10773232435800638,0.1041255609297804,0.06254206007970475,-0.07604791350715878,-0.19987326087781562,-0.14263676886091134,-0.29508131440040536,-0.3241037279020791,-0.342969212393543,-0.28903188623320536,-0.32237766391590017,-0.39726602744275685,-0.40425216886702936,-0.4531647677848661,-0.3220998665362261,-0.4241164194618738,-0.2839355523927685,-0.38940778139545723,-0.24653762974869078,-0.2230510701063493
0.01951235542749182,0.12232819667441144,0.11972505897726111,0.2630235172193942,0.32918095061723196,0.44815631695676644,0.5941781352043135,0.526769791653529,0.681371088850175,0.5922687563685407,0.733444568159247,0.6819628295346437,0.7636169650074917,0.6301245931341266,0.6915580866395156,0.6250525143751485,0.5664600511297171,0.46936618617756626,0.5154078180093901,0.41583722872366347,0.2971792566014517,0.4023708565520935,0.06440833813658434,0.1053372779764114,0.011128817628970555,-0.04238152353984234,-0.22883968044951544,-0.2657584375559793,-0.22593100347269185,-0.25534020492829224,-0.2966321125691455,-0.359909894270098,-0.41541984473457,-0.3366586036522208,-0.4086344108589494,-0.38742488896626137,-0.3400499615865332,-0.2885515044057025,-0.2635750254661869,-0.39223541530328576,-0.25387629028295017,-0.19957563619517518
-0.0016354246338439577,0.006240815209490439,0.31288352652556173,0.4157395123248597,0.37798014851530776,0.5215178908620907,0.5923991497748474,0.6717770046291688,0.6007061974963184,0.5939161989005154,0.7121220598459971,0.7957359962066894,0.8608958567714002,0.6515455892036588,0.7075391136374913,0.5844958440236427,0.47828075083575367,0.5364775760494993,0.5504672566449793,0.41972242803017845,0.336092182823145,0.35145089003028107,0.09457132961356822,0.043423971803508814,0.03453702728616242,-0.15361487631301693,-0.20510542579262037,-0.27816249967993517,-0.2900863271203237,-0.4142629591620947,-0.37546776415977307,-0.3092688034062048,-0.3163549187097589,-0.38207301368585056,-0.3391141507027718,-0.41902134885827974,-0.3217574566589644,-0.28296876106860236,-0.3369036866977073,-0.2279452949388163,-0.2847384671548503,-0.2955036179675328
0.14743004507529972,0.23501359143519218,0.25661696815746265,0.2699763289298971,0.43826904227926333,0.4466954519831374,0.5103753337494058,0.5983178841139473,0.7057000571333222,0.7407581363812478,0.7606183576241073,0.7082925416781466,0.7558938964859526,0.8434881865934873,0.6906799346631624,0.7020450507861717,0.6639261712350747,0.5757195126983126,0.4108389400208713,0.5260053408764471,0.3984049973539224,0.3576404239727255,0.22766550143899328,0.0468859995337257,-0.02353574034712064,-0.08160740421491948,-0.09229341587245303,-0.15117319165158702,-0.21962437417746836,-0.3375095180246689,-0.37562532988990643,-0.2646459431145953,-0.41557071741483453,-0.33972110358775903,-0.35631249658434344,-0.26213732449287735,-0.407196693852828,-0.3618547420746238,-0.3455085230172139,-0.4009763501794719,-0.3156594357604964,-0.2656295682178468
0.11496139769271922,0.12579622999417547,0.1332790001093727,0.3489491632823634,0.5175959289221481,0.4979568304516778,0.5095555910054878,0.6689968727223028,0.7016778779653113,0.6201881079665751,0.6361261897009082,0.7131842052671729,0.7533473048391808,0.7461777487226577,0.6976815387919019,0.5981563232661901,0.6091077094257603,0.5171063577660242,0.49058299537453953,0.3340324897805147,0.52011821409719,0.3005961812009644,0.13246341420666413,0.08981244169752223,-0.005405503390683275,-0.021500329325425567,-0.150070871295649,-0.19528542854197656,-0.29537254539196833,-0.23430234867829594,-0.3141829419363352,-0.36019262068176616,-0.34429028704373477,-0.31989870794386366,-0.34666192755950426,-0.32401890819945434,-0.3502512387092345,-0.44276900016281556,-0.4010355445225427,-0.35765722964588187,-0.3808550886738094,-0.24526835858844812
0.10500574260224889,0.10947918310785923,0.21800032882281678,0.34022717994960705,0.42775846504403975,0.5661178182056258,0.6764978254607309,0.5993021918240674,0.6864125010842695,0.7007399437534619,0.8227505429045335,0.5932990790720649,0.6665510748605327,0.7785977786770159,0.7463710135206368,0.685458754241455,0.5992404992235322,0.6316899408426402,0.5678568412472103,0.4883405271327837,0.40873513135913714,0.2908864901981425,0.19731890385012438,0.06537245016087295,0.02771424176717468,-0.08552718314592005,-0.18482667729509578,-0.21024961578028045,-0.33855090222475154,-0.26123306961231946,-0.3871860175942211,-0.36889922711433565,-0.378068018547534,-0.4011721359603988,-0.3415764513364846,-0.42105177944688804,-0.2948552846630286,-0.26262202907962773,-0.27359969009480944,-0.27816841802916153,-0.23982266242226183,-0.39142404982771406
0.10669655565610618,0.0574427419574114,0.40135441615220185,0.5135576886695216,0.5076472134126139,0.5862559059821207,0.5134217542687658,0.6661017598217477,0.6238262095980098,0.7222714983831969,0.7319630931160265,0.7202926629553319,0.8532489168751418,0.7215017437565996,0.6267682035406935,0.6892967327576643,0.7007286326183935,0.4994764456673736,0.4076240934783571,0.5104669094487558,0.34131776265167924,0.33945785180692506,0.11694116129479268,0.06226698456646737,-0.09711421387032532,-0.03446276091563272,-0.14611370063472387,-0.17316915132952307,-0.36810257447196193,-0.3737351554130064,-0.3662689550568854,-0.40632211130588847,-0.32528819406918225,-0.3341119416227825,-0.4740865321820073,-0.30860434998903735,-0.34617127942833303,-0.4293221642960951,-0.2712548382236965,-0.4163891329577544,-0.23132832219584823,-0.3751280057325938
0.008223086274493932,0.1123942740374668,0.15600021989426258,0.30716691884205016,0.37737696552720085,0.5474453302004739,0.514593087230328,0.6121529442992005,0.5869352413528879,0.8248981292243384,0.6832923988705294,0.7173230816903294,0.7365278794230841,0.6942282441363231,0.7101729732040236,0.6222506789220726,0.6452332798284096,0.5905073037797814,0.524492581469597,0.36038714989149995,0.2402579705710348,0.24013754751743652,0.24261982648615713,-0.013254707515432106,0.03685508510892952,-0.07995080235589114,-0.20065574334261121,-0.23429269464039607,-0.1842016819762549,-0.32881786474375624,-0.4254351123889619,-0.3900584502869343,-0.45538348467535167,-0.36577512440621196,-0.46975431085012775,-0.3298447728697941,-0.4045492003568457,-0.3434565013897515,-0.3506161149391316,-0.35109998683794763,-0.3564108851711006,-0.289109669557996
