gfs-wave-data.json
{"header": {"parameterCategory":2,"parameterNumber":2,"dx":2.5,"dy":2.5,"nx":144,"ny":73,"la1":90.0,"la2":-90.0,"lo1":0.0,"lo2":357.5}, "data":
[rows 38 to 56 of 73, columns 0 to 41 of 144]
-0.6976568967585262,-0.7879627108163797,-0.7807769779328061,-0.6923037670498996,-0.7984069758990691,-0.7451332919920671,-0.8103883963610884,-0.6311835420813182,-0.6662278447379643,-0.5958417104038599,-0.5042804679769731,-0.5220060655501797,-0.5432596145855217,-0.41182107053634337,-0.5393873222862295,-0.74152265324112,-0.7702292429857996,-0.7513742136664305,-0.9069492847307434,-1.0470477771721445,-1.0777052313200084,-1.0609404494967882,-1.125440627807451,-1.0718952630880436,-1.1202112115736516,-1.102851434030928,-1.0276543477309492,-0.8254001590264323,-0.8233748363325891,-0.8332804319162066,-0.7935973332065606,-0.6804320973614117,-0.6126292193382888,-0.3382552338175627,-0.5823759636113582,-0.38675663874773175,-0.3593120614494922,-0.40332271723008734,-0.39887986268259606,-0.3292885698014136,-0.4261682589933504,-0.44765450538407464
-0.8014421509727044,-0.8060154944922526,-0.8797907282587306,-0.7935966156240344,-0.6857600552478765,-0.8007648045893022,-0.7139685316007395,-0.776369295300303,-0.6243389678170979,-0.6878785936960434,-0.6361414284130213,-0.5873655800265712,-0.6291863313807159,-0.6228614378191207,-0.5486190879510957,-0.5480973047225018,-0.7154574482791113,-0.6879753603534935,-0.8461890328063522,-0.9412937015448349,-1.0469581671715749,-0.9926464782963454,-1.2020157508565517,-1.1705935661177034,-1.1298259805582864,-1.0565140615358033,-1.0596597536904835,-0.9813290298809002,-0.9389017858815888,-0.7885588497078662,-0.7053726834746539,-0.596708574046418,-0.5819952156310436,-0.6359353581214531,-0.56927706618591,-0.3446167320272381,-0.37093144013708723,-0.38125922692759134,-0.4997635936596327,-0.3610999047992702,-0.39371050393703616,-0.3595066707890832
-0.8034437691281285,-0.7592590115332313,-0.7718133365100789,-0.9443755895811231,-0.8521791481247919,-0.8989434878101369,-0.8675310970327731,-0.592397844664193,-0.6726970995109036,-0.6956497022541515,-0.7642218207385918,-0.6688370945329162,-0.45573281863734527,-0.7196342200893119,-0.7261693758570472,-0.8799308882970098,-0.7326700838428495,-0.8898668488966812,-0.9182213608272212,-0.9257673226692325,-1.0454654927333844,-1.0810318333553415,-1.2023479804207398,-1.0832814737047969,-1.1729613064528848,-1.0075274595167067,-1.0783439185717116,-0.9620972100468427,-0.9291384489254586,-0.8471483192504257,-0.7599741058698221,-0.7073669909561949,-0.5716640134946102,-0.5147082842578293,-0.49647117108273253,-0.2955260136701799,-0.4335028910440595,-0.3674248450437571,-0.43271445897174204,-0.41760899325739553,-0.44087678701716765,-0.3346613455067457
-0.846992497949479,-0.8039105003799919,-0.8042917913458815,-0.8788998349009359,-0.7986439339531383,-0.6460704355633698,-0.6583048546537437,-0.5347659675046175,-0.6077029383235576,-0.7499089270998487,-0.4292699030680181,-0.5985535484606918,-0.6392838329518518,-0.6152943394374446,-0.4637896253402857,-0.6016324041911234,-0.7184720158331546,-0.8928355264927366,-1.0789905918025524,-0.9448451106157393,-0.8951297841532482,-1.1058308647533968,-1.1586611468191281,-1.1852119136664225,-1.16155138547603,-1.233787986821154,-1.022071493941077,-1.0067905194793156,-1.0202268706061082,-0.681407275648389,-0.7156409563820402,-0.5682630676200544,-0.5653253415352819,-0.5224021497198198,-0.5342382675264633,-0.4328557339467127,-0.3877684629001396,-0.4432968676671437,-0.40823017025121716,-0.2936754863433031,-0.3179484905035562,-0.4987283924701799
-0.02486914128080394,0.045307409221584063,-0.046069632059039356,-0.03189429858262569,0.06981824754588131,0.05088834073575466,0.04590405960384506,0.015234200721913503,-0.04051298246596785,0.032296068558178015,-0.017387494978740512,-0.05239558090887847,0.005342201292805053,-0.040139339061712194,-0.015221508866699266,0.011500234144642294,-0.04737825005328587,-0.0058729932382028975,0.053749998652687724,0.014397987877509856,0.05181584580208924,-0.011728427461910431,-0.056793244182353556,0.04731413299739486,-0.004835859041454113,-0.024845839606355707,0.0074549287308269116,0.010058163616812641,0.04673647711464818,0.02310170694782343,-0.040925503438488504,0.012263905662544433,0.035326578669687636,-0.029782408317150524,-0.022097237598813747,-0.0625759450142784,0.016164145652427984,-0.0454698303405515,0.06304961516683533,0.027938511014420013,-0.0009556048647753873,-0.004512931882270757
-0.9323805465458703,-0.9196747999107421,-0.8899393114984511,-0.8259102844050417,-0.9389083127967608,-1.0510788502725388,-0.9426795765138413,-1.0479438140744615,-0.9064737336070822,-1.0653234874601913,-0.9276423110462294,-1.0978275358020084,-0.9896491243882362,-0.9668138606004786,-1.109659368808948,-0.9263069471288798,-0.846394266809827,-0.9850045220648314,-0.861776475289294,-0.8004889154631508,-1.0598961064078438,-0.7984558658042377,-0.7719331101646189,-0.8685372058830317,-0.9361078074885859,-0.9939748248247626,-1.0413112284142898,-0.7915417748841904,-0.8689807251280915,-0.7333303089357985,-0.7803066409008993,-1.0429297305203007,-0.8252549720010441,-0.8497211832861948,-0.9043323137570211,-0.882038867860558,-0.7069647369241466,-0.8131933465347424,-0.9450816225883654,-0.8048675123391874,-0.8943079473431105,-0.6782648633207156
-0.9930663716130049,-0.8587469479306477,-0.8369354731729289,-0.9071602271954264,-1.0680706191209606,-0.9935010405939653,-1.0036771612449547,-0.9559787889127247,-1.0173174988349158,-1.1472170403142434,-0.967125293286089,-0.9584551336930285,-1.0424843192796487,-1.0162033114013571,-0.9057901031080023,-0.8928999888194527,-0.8749434087280203,-0.9677511839542008,-0.8900918573803633,-0.8267589256332059,-0.9808271248292594,-1.0729600065577167,-0.946830881605895,-1.0089488759218492,-0.7449042621410471,-0.9941053301497392,-0.8845857376048897,-0.9624292918896364,-0.7505161908458757,-0.9952361678486805,-0.8878067329684565,-0.8810260817250136,-0.9368782088854624,-0.6639807499059874,-0.9176185476311961,-0.8315449709903981,-0.7351769690647706,-0.9612079794371797,-0.733993092182057,-0.7696949483131831,-0.8176499694177286,-0.6301536445447422
-0.9784667335600952,-0.9939139491408733,-0.8688829121312432,-0.9201719611143776,-1.0875693204213177,-0.9325675772579164,-1.012740230591121,-1.0505684391766823,-0.8808750787636173,-0.8727166081328519,-0.8354705887848629,-1.0033536435794161,-1.125357851246084,-1.0477254294544218,-0.8857793047537462,-0.8704384299274267,-0.8017006990705924,-1.0021057599407814,-0.8696668316427203,-1.0268654551168113,-0.7723603600948211,-1.036246060297387,-0.9908553081298256,-0.9034343648300672,-0.9350670271847072,-0.7718203943436198,-0.9092451417875227,-0.8249628614373742,-0.7310795708064274,-0.7384693958543057,-0.8376525532321096,-0.95858608304555,-0.9821098064346157,-0.9033029137999417,-0.81998612951359,-0.8897968441377617,-0.7262948564321888,-0.6472351535637371,-0.8092459173580648,-0.7812160457684743,-0.8271304669255017,-0.9294379351110404
-0.9651896477137196,-1.0615227640166889,-1.0998205815096773,-0.9575424975370429,-1.120915299688686,-1.0868883108057505,-1.0610374912546856,-0.9926969725557617,-1.0073989778680945,-1.0310006920816508,-1.0912903779122678,-0.820964830638605,-0.9766318032435117,-1.0199043396198095,-1.0604557716425005,-1.004881146703192,-0.8721264624937621,-1.12900958579256,-0.9398710325898687,-0.9069314006522957,-1.0264048387613292,-0.815774899089568,-0.9209139251385076,-0.8272143155588598,-0.9617441594560048,-0.8621847119678036,-0.9000758807740401,-0.8151749633142558,-0.8723919736312812,-0.8649493743015462,-1.0731829067494334,-1.0691087578631848,-0.8532851987017479,-0.8008062308399466,-0.774964755132554,-0.8511867931701265,-0.8416713522233896,-0.7906592654203193,-0.964480771248254,-0.9835414019488566,-0.8706069923073134,-0.7603303723358021
-0.9231961110815842,-0.8760243302386016,-0.913605776969019,-1.0758903380548304,-0.8837800764202186,-0.9375729855119848,-1.1126735115528152,-1.0376183032019486,-0.8827753809878162,-0.976805407987268,-1.0709101667599108,-0.9320748198116316,-0.9386020132163047,-0.903160178006565,-0.9754646427190865,-1.0648557298558916,-1.0109269590493315,-1.0084551709414613,-0.946602810141271,-1.0242004305435781,-0.7392900578041647,-0.7536042516901401,-0.8631673270131653,-0.9285960449234826,-1.0077743612436858,-1.0188548781320301,-0.8108218615683068,-0.8632253428931282,-0.8413201158085033,-0.9573605529709605,-0.6835662177545022,-0.9286048485733799,-0.9229753785658164,-0.9087197618924683,-0.7490616129660561,-0.9120962209320571,-0.7733704348843632,-0.7367430522757232,-0.8974265057958619,-0.8533192401182598,-0.8531681054891866,-0.6285594971691191
0.04293658707275374,0.0076298263242209835,-0.02381250305939668,0.03975726369921006,0.057193547863099485,-0.028357539586783723,-0.032544981230891265,-0.04146920481549852,0.055708398498893634,-0.051190307160286115,-0.03424232572152772,0.015477904672889032,-0.05280313406541745,0.028047490773413588,0.04167246881935015,0.04630733531949585,-0.031217225060641254,-0.03903963170412738,0.047772416039064194,0.05600463208525953,-0.002189245011659468,0.019773884661447496,-0.04356579167724896,-0.036589789730039124,0.029485246585149512,0.024146217034823014,-0.01914747785063104,-0.01533636635640661,-0.009732687952622563,-0.009006365001198528,0.005380378262666504,0.021813927746533155,0.0016980047618573406,0.0262735656138741,-0.028318340320620288,-0.02805901023288262,-0.019653985183569152,-0.0739641271889066,-0.03838474656168722,-0.022565235926999484,0.038076827961898325,0.011853896887025926
1.7302436258887874,1.8532195417207082,1.8347110546337402,1.6620621959774897,1.6629597517555068,1.753679587112909,1.7174325360186262,1.554295415684952,1.6248660135488344,1.5810528986887837,1.369080222566686,1.5566783755536024,1.4240657342906553,1.3738798496290017,1.4762828844625204,1.3149987298109376,1.2838132045641961,1.424575288496262,1.3561211930112158,1.2663331960491853,1.1026791178216795,1.2035761559116556,1.3820291636011042,1.2071533296964008,1.3099601495102111,1.3170733348478751,1.310428650701441,1.188756937228867,1.0844475491316692,1.0788001237267426,1.1757101104886793,1.094627176537655,1.0617789424998991,1.1442648365240247,1.0751638759797935,1.1066362037640465,1.1879579143966725,1.164889081441702,1.0003290355546106,0.981061608095204,1.067346698315822,1.0816039624275484
1.7440443854718148,1.7444328243518135,1.7440875744173265,1.6388140506308932,1.7715743439879075,1.6550842990342445,1.6121959360839409,1.7997631884308152,1.5544302227086302,1.626404823915518,1.3633824906122052,1.5630677930683214,1.5191148569693704,1.5377946102721065,1.4396605454462401,1.3709103274484262,1.3396598485544233,1.4190473375910864,1.5051240003528943,1.2170162715163768,1.3300389360489349,1.2063324229437637,1.3602718171599069,1.3546855682299659,1.200126999729528,1.1951177871402743,1.2096941408422985,1.2506678769002983,1.3220415126429916,1.3338060805303926,1.1216632188526718,1.1751446683039615,1.1346737359432921,1.0784262256155175,1.1399401114358756,1.1325378673100375,1.151574400351879,1.0814209802019084,1.0351287766416226,0.9703313653573872,1.1105098313691637,0.9950235606597678
1.6840244440777765,1.7033339785934196,1.714652548656598,1.6682544724935413,1.6830662208970293,1.6766616868160225,1.6083013834005973,1.6129675565133164,1.6603739553928403,1.688411577813482,1.5550372094266325,1.4380365808241313,1.4601040686060884,1.3102156037126362,1.4484364647447978,1.5423065728898753,1.4193139321543742,1.4748405758075012,1.229793260644735,1.248269636161965,1.4397897119260288,1.224170289516725,1.3581691445328863,1.3429000525136494,1.2000984805785064,1.3081976734571763,1.1700296634428007,1.1242783171731319,1.1776983967293064,1.149914526105849,1.1123505590336773,1.1941920481394226,1.210233599292926,1.244284447538172,1.1098159462628927,1.1098220046256626,1.061372739802219,1.1347925696199954,1.0408454041431774,0.9952861492451366,0.9688674336477113,0.9512992321213547
-0.009292000663075558,0.049158133064582776,0.029724647041763808,0.050065891501061194,-0.028325236353123118,0.05488001603713988,0.007989471470540528,-0.02811236715029098,-0.04510777862962591,0.061341766273157274,-0.03628660176058356,-0.02638656106552215,-0.02492080757541801,-0.058125032755829524,0.036939513224511576,0.009638943300426323,0.0576028158247941,0.02519949420752333,-0.022936571650277605,0.000722409271848786,-0.003163996491924393,0.04838367699412086,-0.07017681527842742,0.043748242729578855,0.06154432133266107,0.04964974954511822,0.01658205755907867,-0.005769910297500253,0.019792854645959725,0.005327449948623372,0.008872455044526769,-0.011953998496409107,0.020461887014613517,-0.006210192896412545,-0.00046364491357658947,0.01506954816698493,-0.02728771872219184,-0.03930030558848992,0.009888839444317564,-0.040211434978041624,-0.05224501286667363,0.05022178714471572
2.0668745338735848,2.240087819311959,2.2104528361351328,2.2227562631963136,2.1016990064582264,2.3773145716680095,2.296297182239753,2.350372263626788,2.270106839852081,2.155938874205648,2.3114815044085244,2.139931916185552,2.4954905133586336,2.4712136280380643,2.353792880602605,2.4755456243140954,2.141266664866576,2.083095582568374,2.072037793804409,2.353014509497389,2.381080696276865,2.4676025736347786,2.377749205779932,2.690213823294507,2.3628120800412815,2.482433546070289,2.6092579388892827,2.6752776500139372,2.761116968106978,2.711885428166699,2.902622998672235,2.7819705466772984,2.80694142104638,2.859160414855764,2.796334681537535,2.7636054512515713,2.9350080644258933,2.9479959023043474,2.992139214002894,2.949018223138507,2.878350571071892,2.847497861736837
2.103453559509429,2.17874474163768,2.115355304380763,2.185051018906125,2.198834666242883,2.235860740587661,2.0650871183602177,2.2265796539832543,2.2971480657551453,2.1622462663179953,2.3083704326554666,2.4605702732955783,2.3397617242842386,2.2234454141488342,2.3484342809202934,2.4422186089635836,2.2947394216762893,2.206277774584571,2.306159977269377,2.436666705169969,2.140582733512269,2.3227139294755865,2.383331590681998,2.368310003081379,2.7086198350257735,2.4675650182950917,2.405702649812923,2.6643722193378805,2.6099581674556265,2.744805481375212,2.859562156940709,2.889690106547932,2.961873402759833,2.8399494036542725,2.864197692042123,2.879385383339922,2.9030464436299943,2.8917959600916077,2.908542066724572,2.89438072172557,2.9119469583516597,2.673529429800694
2.1180593988138305,2.1716087542890428,2.1924951500618075,2.2147606590768136,2.318083166976323,2.1682744781603494,2.271287567081097,2.2921463059765124,2.2195673044806123,2.1400831614397196,2.243133547047803,2.1565705308165737,2.11902172225691,2.430976801124734,2.288880694070262,2.3973982913296803,2.4441060015164857,2.5698404986219905,2.483217899454389,2.317749451694718,2.299187879123274,2.471033302050556,2.251302218204471,2.5622111773091283,2.7179284836651383,2.404382658891487,2.7536296198591113,2.5300239914541742,2.8261674235688017,2.7655396602478506,2.8131960139444083,2.8393866683626543,2.9101778423829328,2.7750614517171655,2.8464561402961395,2.973928584679683,2.9374060077615414,2.944273364292028,2.7890905740781395,2.8432840046943486,2.791545957111477,2.850824682465663
2.1258266921544675,2.100089107619158,2.0705945166349524,2.1495227723797465,2.2084879709442657,2.3314403323616535,2.2440573245004094,2.322731346651538,2.2426579473485266,2.3900210495552874,2.3462966563854266,2.22178671375559,2.158712773338441,2.277423217284209,2.146477421465733,2.261660604932811,2.0964136203415586,2.255370869614839,2.366066393988838,2.5989951402468914,2.4553956217489863,2.499694577682319,2.399460666986034,2.362105536865407,2.4881287717257536,2.316389225115792,2.4262169480856337,2.4663060463842816,2.595451926829462,2.806322692530464,2.760401279520064,2.931719407236592,2.7862639712317407,2.7825380531942985,2.962627891103966,2.868348936546409,2.9129243498328012,2.8177165233664145,2.979989670427171,2.833007479577604,2.7677756855816753,2.819781651112867
