gfs-wave-data.json
{"header": {"parameterCategory":2,"parameterNumber":3,"dx":2.5,"dy":2.5,"nx":144,"ny":73,"la1":90.0,"la2":-90.0,"lo1":0.0,"lo2":357.5}, "data":
[rows 19 to 37 of 73, columns 84 to 125 of 144]
-0.35813566572306116,-0.17061615097114266,-0.20836105339339292,-0.3407588381810536,-0.16430603994194767,-0.1733781936390367,-0.3123319542616886,-0.2769243433937949,-0.2530564809319897,-0.1747691200767454,-0.2275880871260696,-0.1803452179638141,-0.29527126315099417,-0.16820538613714167,-0.3061145870017252,-0.31306848355300765,-0.27860429485481125,-0.17669415038486555,-0.29694041254258724,-0.2730892128042485,-0.2816020878965367,-0.2277984583331467,-0.3014445611580413,-0.279877746546725,-0.27754369147609187,-0.323132172078774,-0.161676613370423,-0.27132311531494596,-0.21534757026141754,-0.3200436418531287,-0.2793094702352556,-0.1886435174665714,-0.17767518704565016,-0.16479544177567265,-0.22249851060441275,-0.22080228130291502,-0.30605380173977886,-0.5464613295561699,-0.9992973935765926,-0.8359176497941211,-1.087907473117027,-1.0812045702466104
-0.35931762044168064,-0.22138974140707227,-0.3582026629906001,-0.3506008340940866,-0.3563775827103239,-0.24739818719057655,-0.18157854402339516,-0.20306223397384499,-0.2892397455751199,-0.18927513452776137,-0.22953986079908123,-0.32570205699644306,-0.3514274935439783,-0.3138389416032305,-0.1946201020946712,-0.2499299724175515,-0.2955129420893995,-0.3342410154802989,-0.3505173550668008,-0.19275130998247608,-0.23816216262393292,-0.3511420780058917,-0.25518402818859764,-0.28338509142857343,-0.21790518828452007,-0.2512361566281151,-0.33413110609514834,-0.22823075930581396,-0.29206779798685745,-0.2893891830623521,-0.30838375929055084,-0.31256426506978535,-0.31515089709044486,-0.19683975848581145,-0.3039931221035906,-0.22478556676525235,-0.2432483528327641,-0.21511101261235274,-0.35920842468194186,-0.36009231617481563,-0.36324341466573135,-0.305482084325122
-0.5458198949228031,-0.562966792848268,-0.5581139407518856,-0.4539855729473098,-0.3987123166980413,-0.4394208435238287,-0.2919324355596035,-0.3030282199553178,-0.39973576331604577,-0.46108237336105873,-0.2811270462219095,-0.27760782676968715,-0.40304943088430845,-0.44607130772869574,-0.37804579598239646,-0.24568444614261864,-0.32698633226966156,-0.21450776573509991,-0.24674309668359443,-0.3411391018802691,-0.24582985176014321,-0.08314875552447397,-0.22406954812705282,0.03491847326936094,-0.06994520066975556,-0.018216753368501197,0.26021615476627824,0.13313891481119144,0.05287503781284875,0.35196914909641,0.23979517802729297,0.3294864371745636,0.40433376606326343,0.36560118557458454,0.5639063595166136,0.3975433329828898,0.4269823828893709,0.38323064716702315,0.5753358966262048,0.6643929671132447,0.8190059778274071,0.8357724737155771
-0.5697413432331683,-0.37140100767524087,-0.35674118841303676,-0.6565231693202505,-0.5479337997017943,-0.384662136900196,-0.5016303561270093,-0.41480578765399695,-0.3378813493629352,-0.4387251670132885,-0.4394034621939206,-0.5439881541298012,-0.2614275532277813,-0.21677595047739157,-0.31222170379030056,-0.4524349507791623,-0.36379379067818435,-0.16124339864768117,-0.3378807664957181,-0.08008598157839618,-0.18929637749437997,-0.032408453312176594,0.03154711474232816,-0.18026199242736948,-0.16041012933134094,0.15442765914531265,0.06488569701442459,0.0059597895775746704,0.2938380306269847,0.23921215604591078,0.18060538874324794,0.28847371789144677,0.45782109152670813,0.6306401250545018,0.47493257522971233,0.5706788733168784,0.5936468386778234,0.3829118704527577,0.792674258124911,0.7608383037272647,0.8323613566531549,0.9286962536998223
-0.26940992444713713,-0.3317484128589833,-0.5244458498589485,-0.6119222239984148,-0.6378864411165427,-0.3556973103510247,-0.524198941380399,-0.6214001283690862,-0.5066923144232075,-0.39162230769977213,-0.35019094782787996,-0.5307963194163854,-0.32611207064943337,-0.28760844648431494,-0.43384117360215274,-0.2687166140922898,-0.4605546545209662,-0.2909261220073962,-0.3080281968640105,-0.2216508042993814,-0.25044259084636034,-0.23386163359242448,0.03382658250208302,-0.02030566714460992,-0.08068907451931576,-0.1036121218910966,0.1340929658715363,0.1057481573038134,0.2308096617755425,0.20035237485059146,0.40458197989815836,0.17003986161610268,0.2579882021931859,0.4337223491958634,0.3681539532170342,0.5458847284600287,0.753457565075385,0.6519810681286604,0.44215676387758135,0.5649083564793295,0.7689942725455465,0.6187744392934409
-0.30681939832387994,-0.2273855390548911,-0.33383106906518706,-0.3599525921630875,-0.2382346629956785,-0.324587182828052,-0.2893763776355714,-0.41348493044047724,-0.2885929968286516,-0.24237808473723343,-0.3431856823181151,-0.27950807805833616,-0.333603226057112,-0.41324101629835824,-0.22557849391064963,-0.32437630385838034,-0.29805662486387746,-0.29139120733116347,-0.27576377102701655,-0.41874047741564263,-0.35775499662039034,-0.2763742226781385,-0.39827369728303275,-0.393142240940735,-0.4043210408732892,-0.39287711845513196,-0.25350545404046254,-0.3721608212742442,-0.4204941451382216,-0.24176304935028597,-0.2880564436364347,-0.3625910078548831,-0.4149651322367898,-0.402894503537481,-0.4176994791863155,-0.3648460705775996,-0.40312134537266003,-0.3193431851467315,-0.2434591683920697,-0.25023419170808936,-0.23607975911377338,-0.26248805243400203
-0.9143461099067592,-0.9070110645155539,-0.707533420114133,-0.9283252625844824,-0.9256126478724502,-0.6978248632507031,-0.8869766781333189,-0.6759794630450854,-0.8697530013745219,-0.8897600672294536,-0.8044216917193312,-0.7636145782415267,-0.8337335527205478,-0.941401078526775,-0.6990875880571912,-0.6971948877138587,-0.8578911656727353,-0.7432331479697064,-0.7679077011780622,-0.622972810323047,-0.7798925251882027,-0.6538391348001584,-0.6240210920648848,-0.8359214280724355,-0.7192524300153856,-0.7933195170086342,-0.5599854366733863,-0.6848338507786577,-0.6594490085719158,-0.708061382421046,-0.6860381195506151,-0.7266865053823595,-0.6677376932244165,-0.6827486128131115,-0.5529057290311965,-0.6596096182046521,-0.5375611148181327,-0.5803246715528112,-0.7045357853613623,-0.6161897611309658,-0.6814007593396985,-0.6357868715696839
-0.7611255969092132,-0.8197000284139897,-0.6640943173455184,-0.7267053503179622,-0.7967432923819929,-0.9844528820133911,-0.83817125247454,-0.805456736261267,-0.6917954270936831,-0.9206585280301968,-0.8563503038600645,-0.7640338901101187,-0.854760177043223,-0.7852251003280549,-0.7789335290200154,-0.7101576388310655,-0.7619312880854541,-0.8143273500555954,-0.7968714185366268,-0.6969742594756341,-0.6657557723808024,-0.7913753201737109,-0.6836995669800503,-0.7510181508051598,-0.5964303743406265,-0.6861683064468379,-0.6705074771177971,-0.831328044335145,-0.664641342428848,-0.5510843399518133,-0.6491773511745716,-0.5974531523632927,-0.7494842519997538,-0.5938964739264303,-0.7339619376066386,-0.5132222416391969,-0.5712279271074362,-0.6224341331873219,-0.563063973258413,-0.5762098469405598,-0.6957494682612332,-0.5245594156625188
-0.836326728497954,-0.8156100645626025,-0.9317849044733711,-0.7851665773897879,-0.9770927202733487,-0.6821224943032315,-0.8651834796010642,-0.8043904920832304,-0.9052364290593387,-0.6826978891566617,-0.7406268004839274,-0.7651250095626487,-0.8317980880711117,-0.7788624798319541,-0.8960659691052364,-0.8701303749595068,-0.8791963266228059,-0.7595484008114735,-0.8755762143810518,-0.715409519732168,-0.8454477348354149,-0.6879454955144739,-0.6753248160107458,-0.6464868561546929,-0.6490962386150481,-0.7568739442422303,-0.6753755735129354,-0.6962166175513993,-0.6314355192609189,-0.6396748645848268,-0.6088121763642036,-0.6284929734640713,-0.6015520406101403,-0.577710949086825,-0.5998407749044103,-0.6288156332587829,-0.565151019901484,-0.5287080238179823,-0.745522423380336,-0.7273459735166464,-0.5830922144557663,-0.5021974077752605
-0.7474112852708714,-0.939996381426279,-0.7337791083264247,-0.9498493966521144,-0.8221324300537252,-0.9812780968672218,-0.715850497201389,-0.9201431577224963,-0.9835714821291714,-0.9436805062841919,-0.9670823332313983,-0.7575210959956475,-0.8632572192836135,-0.8813991727222217,-0.6809431033219241,-0.8956677498804098,-0.6779742082010838,-0.6917991041292635,-0.6615825532768261,-0.8099706100185887,-0.7547015058497514,-0.7391356334420663,-0.7212611703284265,-0.6574944488562643,-0.710000360190161,-0.7572991462407428,-0.8463062315057633,-0.6459445369593101,-0.7362706307751193,-0.7810250520752773,-0.6446278624410748,-0.5787004342222722,-0.7735086039877962,-0.5274136146210975,-0.6818642242869688,-0.6451584087180438,-0.5697832507470579,-0.6248614485499756,-0.6780108941471312,-0.5919451222862181,-0.619915570376669,-0.6246906944310435
-0.7255115899803652,-0.8506903260544801,-0.7605585476062606,-0.8757554848893223,-0.6565786705812227,-0.7412404112361649,-0.8329785509133069,-0.6406621740174193,-1.0197205849808337,-0.9145611954525167,-0.7064235488179955,-0.934094285878973,-0.7367835165271575,-1.0106477303170376,-0.8160729830233482,-0.8758374525476086,-0.9498974331132005,-0.7351074627736979,-0.7533590577977911,-0.7342397815452915,-0.8008223090647935,-0.782450956793487,-0.6153689668639201,-0.7691127985952133,-0.7766994331140604,-0.5926265895850571,-0.5811106040855368,-0.8309124254587907,-0.7552921821316482,-0.761353273011512,-0.7260416802524415,-0.7185786720186388,-0.6270666105658897,-0.7987426897574871,-0.554121709530778,-0.7937356467376919,-0.6457357462697039,-0.5766296028433253,-0.5973393134932791,-0.6140779400519292,-0.5962596251577711,-0.7440726135684036
-0.4161517874875211,-0.3236759127773613,-0.41172015684254126,-0.33665276320459564,-0.47885856730506987,-0.32864659134710467,-0.3091504149046341,-0.4591868865425264,-0.4093983123449677,-0.2859752327047651,-0.3649889103757286,-0.3089793549245969,-0.3599134896769884,-0.2843014336645475,-0.369391931929428,-0.4540343801419542,-0.36846025256476556,-0.41698613030083,-0.3956192739195009,-0.46011629118588687,-0.3758113866182184,-0.29931434693838915,-0.31979598788064567,-0.46721175978240304,-0.4112197724558198,-0.3071181954759557,-0.45769413436246476,-0.40107572676261966,-0.460693967835876,-0.4232876695766889,-0.3452706915809649,-0.33487802351011775,-0.4271135282989682,-0.35118723443648586,-0.31442209815155775,-0.30367661485543007,-0.4297330539626694,-0.4659557228212341,-0.2995082520048145,-0.46623531053842515,-0.35419992793187627,-0.43359082722091585
-0.9368587753526328,-1.1647277252152923,-1.0425833483414966,-1.061841834483536,-1.002376900814383,-1.0292103071991963,-0.9188446255195325,-0.8895536344187442,-0.5878239878694725,-0.32598876045707337,-0.508541921187917,-0.12398677555956285,-0.18839809785289494,0.1688559514766109,0.2028906192455495,0.4342057392449347,0.662828110892353,0.7211325270876942,0.6923532690555836,0.7114796999140256,0.7512194107032962,0.7164951720385413,0.7804378028929374,0.7851968512481042,0.6929695112668212,0.8355663856977131,0.7444299488707566,0.5135851643667746,0.6998527309171658,0.6315348237266509,0.46109188510439836,0.3304311419686423,0.210259184789887,0.3645855331679088,0.2047411085053716,0.13555956479471848,-0.004629358342678325,-0.05512673251613703,-0.14092851845263749,-0.26931851015788255,-0.21489585853674611,-0.3099011971535794
-1.134917106735068,-1.1343074850844603,-0.9201752584151387,-1.084608273884203,-1.0943388156784435,-0.8211956944631819,-0.7831417249740636,-0.7820913166491933,-0.7410472365503346,-0.5490665848555717,-0.46198517102739645,-0.0646445676787071,-0.03479128109763517,-0.023567855163762808,0.13257824757030504,0.4144908304021461,0.5899246024707373,0.5826921975013277,0.6790823239668231,0.851940951337814,0.6587821924859968,0.7612375755577248,0.730994786518967,0.6789321207520171,0.7122541248464793,0.6631554106808961,0.7414769827705665,0.5556442880388022,0.5716132798474015,0.4872294538815757,0.5095210732047739,0.29861639255050715,0.37584676157071534,0.23907388342603172,0.12028823490276502,0.10361854103711594,0.07502445464517007,-0.03409000172838369,-0.08274276161162128,-0.15637724953201096,-0.15548586088033425,-0.31539270337990144
-1.2219221064754164,-1.0931677568990645,-1.0066404535208722,-0.962900448381815,-1.0804203053525248,-0.9095842588073229,-0.9704255102766928,-0.9191359222804953,-0.81688235778146,-0.4213493011954236,-0.27687698951600304,-0.05113986925836705,-0.01720814701900192,0.19786332855150407,0.12890518962909325,0.284033258513701,0.7423798978611423,0.8099678992881263,0.6549561029589582,0.7475299501059224,0.86610668327777,0.7536012038279856,0.8810265176269245,0.8701935585260021,0.7096869104077429,0.7231410723684287,0.5783211776339784,0.6642497099787369,0.5714639488477689,0.6415406560882423,0.5049295933667816,0.4337886375493217,0.4058711216068169,0.1966957985127913,0.07868971806529997,0.14963319429199048,0.11040325283830392,-0.0391680722730243,-0.12324606252495345,-0.15083171403924975,-0.2775438655202009,-0.28907603329461035
-1.0154355741646002,-1.0130304219835324,-0.9817278466417059,-1.0255580308539458,-1.1071483035269825,-0.7949163113165707,-0.7188072693644629,-0.8509797957361804,-0.6817153910728182,-0.39894024732709726,-0.20201586801762095,-0.22037247088773146,0.017748194487818125,-0.03473046626765716,0.4546456249401501,0.4456130311983865,0.4457270801247771,0.5762080924174476,0.8164283152526085,0.6235814358337448,0.8417211224458008,0.7374222290553512,0.8915911863301996,0.778918058045286,0.7680792329463697,0.7291379758150089,0.6785756394269392,0.6280008537393252,0.6423721378245046,0.6164895783126615,0.4518662894329241,0.3542749172063909,0.34055377551512395,0.1539375703814229,0.15698164755533947,0.006747820288357826,-0.006723863476309801,-0.024374664077293443,-0.20343420348041025,-0.2649251198409953,-0.3165944938405366,-0.267289218874937
-1.04462781987721,-1.0548537986697946,-1.074342959483051,-1.0008428889780656,-0.9581853100988589,-0.9969357793933057,-0.8434183357797584,-0.7631109337206862,-0.6605208507176606,-0.6244069496417562,-0.17906059708799812,-0.29651243539608896,0.118799806897222,0.30797878679957075,0.3762868452097905,0.5411493335604567,0.7040356105700387,0.7579881936700701,0.7850715896276225,0.7606316988615647,0.9315816981381437,0.8129954314191907,0.8644546863637421,0.8703488479019643,0.7654159786542694,0.6483473595103139,0.6990401173832074,0.6880450845742152,0.652036995303718,0.6559455259414771,0.5027440791985773,0.3416127563594361,0.3442510012003808,0.18964868389736028,0.2225571329983029,0.11723146383750065,-0.08716744689805701,-0.10080109545095499,-0.1285186207806023,-0.1721386463231354,-0.2629829804837324,-0.3226075476675408
-1.2143228662092307,-1.0093953188535871,-0.9493760953644451,-0.928506467087671,-0.8359858118873862,-0.8542689811605638,-0.6936926911403536,-0.6779986417146732,-0.48804441138220045,-0.5538181361762857,-0.23084877861045197,-0.2789277374711496,0.22647911299500906,0.2506462244508791,0.457963605327907,0.4117005496294733,0.6755215597507673,0.7001561941821658,0.7804233939708165,0.8606903532332932,0.8730153780071983,0.8452637679914147,0.9310423511582868,0.6928514257870786,0.7915131588374983,0.6355664499141235,0.7362597445320522,0.7857297451018047,0.6578716161153876,0.4437307974317804,0.4980532118229377,0.43410082212821793,0.3551318013493069,0.17562003385785463,0.24455670302188015,0.12465653195615377,-0.07576122566457295,-0.15532816965122123,-0.13771796724417582,-0.20581856016191288,-0.341301985072397,-0.3064890966895115
-1.005639618086588,-1.0586265336857106,-1.0633146313782365,-1.0916868860150675,-1.1756769615243783,-0.9445317225883799,-0.6903811282402421,-0.5918582498717186,-0.7873581479128601,-0.36792631006522664,-0.42179160637713486,-0.24787023579938616,-0.08471615222068894,-0.028609750752504198,0.13943231950161616,0.493422917383355,0.5483451980663333,0.7680050287851078,0.7529284515664906,0.8356358491992524,0.8494659895568414,0.9611562227519544,0.7034332049806538,0.8924929293947118,0.7969985732683509,0.6221652946755799,0.6444752726201001,0.7077094892081964,0.6798099940415375,0.6558141627993772,0.43325029911199125,0.33181450653168254,0.4183728398269816,0.17620667097209056,0.08079701961286462,0.07589807142048989,-0.09813151868921056,-0.052439174995849484,-0.17672815065680655,-0.13812468099655026,-0.20404680021818555,-0.2014020713453311
