gfs-wave-data.json
{"header": {"parameterCategory":2,"parameterNumber":2,"dx":2.5,"dy":2.5,"nx":144,"ny":73,"la1":90.0,"la2":-90.0,"lo1":0.0,"lo2":357.5}, "data":
[rows 54 to 71 of 73, columns 42 to 83 of 144]
2.639830078700995,2.418697135897305,2.444904571881838,2.418674736637263,2.4240728825362656,2.3640373444551175,2.15198585929519,2.3072264884338463,2.133238883279124,2.4433629318935455,2.3268690553342224,2.0707165363464433,2.1277556247822393,2.1419530970837037,2.168109702078769,2.069127292913853,2.060522285411406,2.2099291140162087,2.1328505786111402,2.1116918886990397,2.2500763477133043,2.0779057724723984,2.2829965099041085,2.1584245194712577,1.9339623367004963,2.247587768087246,2.030617485579933,2.0239337988859973,2.045431280201707,1.944483942739122,1.940026583320752,1.9290109968897993,1.8695745342875574,1.8613578793942676,1.7072020418647738,1.8789347607562392,1.7782018703340239,1.6748026406892804,1.5050577309032889,1.7323239474330232,1.5588325707779986,1.5229399613542398
2.5291896841318016,2.7713707588362286,2.6629663944836324,2.3972822163618317,2.4769735835881272,2.458905003738773,2.22841520553152,2.3232883351052314,2.355064701675072,2.425005061174323,2.2817275394576657,2.382191248851076,2.0321632548232307,2.0573273967693964,2.0102358928639545,2.160607161578025,2.024729772579833,2.264983668231087,2.2161443630613826,1.9465186886032126,2.0282752004505826,2.173869726079168,2.287707736146499,2.0485992047923562,1.9737249700861763,2.2003358863419713,2.075712200044101,2.1730885046973305,2.1676258207015797,2.0491108604379353,1.94531871253159,1.9389320175652156,1.8882996719358722,1.9240083108104056,1.7056505537907698,1.6406882787535002,1.8462412061172866,1.7272997245076414,1.719673343133191,1.6180775656095967,1.5983607447519936,1.5596250408017858
2.6751901566813245,2.6745594566900253,2.513598696917814,2.4568029302086263,2.5386641469889835,2.458418402238117,2.2070195239333055,2.4761661151538896,2.184018670052959,2.457159523081915,2.2068176593866733,2.1223683471371935,2.2196111704166364,2.126013420180515,2.25395061744948,2.22801512548478,2.196145628201312,2.066302387728722,1.9007087092626844,2.228288926706424,2.2636098325336578,2.281133845415388,2.0936545209031374,2.297564859409451,2.081179302079718,2.14788541182456,2.079271704680547,2.0080465857460155,1.9975345566034872,2.1035492970087293,2.111248556377936,2.0780532179272746,2.003784871627579,1.8354259591474438,1.886093971328476,1.764943779903784,1.7865543019837733,1.738063419539373,1.703995624093604,1.5211233001816031,1.6196002805985947,1.4818852237890001
2.5741518026338075,2.7397994170699236,2.329394322237797,2.6145826784289183,2.222530879642679,2.655075379209708,2.1379174914241106,2.548553346897274,2.2198885659875263,2.4165338395205263,2.1007397534825696,1.9740167724144615,2.0482497930453674,2.152016919093226,2.165426125337912,2.189251391079058,2.1566040077752535,2.084916027301907,2.0783177695634003,2.055794736272981,1.9838762507220693,2.0829404187678864,2.29980063590918,2.2627214995403064,2.2233675737640795,2.2450380191486423,2.206013960588196,2.120939962194498,1.986554937990278,2.1010805847446066,1.9706950563372356,2.0318153177473017,1.948058574031765,1.7664201948161806,1.9326692718372416,1.7893110577292692,1.663109920315897,1.6878004776039484,1.740905783010468,1.7428988390179077,1.637795926650251,1.60737884769592
2.6486010588839597,2.4318848980616568,2.5053289562960295,2.6984990526342485,2.3612261367490124,2.6695114630480883,2.299596766092348,2.2444160114385485,2.455209286969206,2.5226472965039415,2.188857906711347,2.3412968135647025,2.3515604004224566,2.065111917724832,2.2648101987354767,2.171114670794086,2.4044643932279883,2.2886635533104593,2.0809709407583044,2.3617696228455607,2.3073897705454125,2.236467796433808,2.1807473459227538,2.051353341050352,2.156906003693861,2.100090828209893,2.082896844063961,2.144710955578715,2.038419844939016,2.163277805215359,1.998887180199966,2.1008947121140387,2.070795237069308,1.863800092367592,1.890471895740227,1.7700803053466172,1.751783080682254,1.7897234013461023,1.8204511001344013,1.7315413124006875,1.5682879645420507,1.5882138263083811
2.4905969703183923,2.6850238776235176,2.625129487977595,2.3413349475137055,2.2901519780615125,2.641621152602676,2.4605324717536234,2.1998913013486643,2.1643234064453925,2.384626997470146,2.1044586542729546,2.275089245339426,2.145024258286086,2.1445026697837077,2.1749746279576554,2.188450387234883,2.04503977852857,1.972845339321778,2.261829501210944,2.349815020476869,2.187009975989179,2.0808442308605035,2.007789877889152,2.077058996194095,2.0939033419115933,2.1196820520385353,1.9864400125144066,2.235756676326676,2.1289781865807784,2.1765029742131756,2.0550923026677803,2.0713393086712206,1.9853307261771822,1.907382840923524,1.990709896849487,1.8161469631033322,1.9062964844328916,1.722497805993623,1.8273922344893119,1.786155679127906,1.684448342093152,1.654078831310693
0.05059032508947483,-0.0023869488394859073,0.003068717514657974,-0.017650872827741606,-0.017894514184043083,0.05220649479250271,0.023953414776324705,-0.06514932355512415,-0.014061519369892481,-0.010716822570362243,0.01193256298291695,0.04141792466504769,0.04116197179320445,0.05388709969812546,0.033981196748178746,0.005613370314845443,0.04198954711190096,-0.042527263337415765,-0.03875879475605575,-0.01956088371537706,-0.05147275162155134,0.005413738480395494,-0.021596162473392133,0.05496095393362378,-0.05015217396337486,-0.03635097569143401,0.028560477237536016,0.013915708131598894,0.06022321377588441,0.031158579536512753,-0.02588555572231064,-0.03547449657934898,-0.03918260830889052,-0.01568170972942415,-0.006880063056055767,-0.02043189706681281,-0.011718227158937338,-0.04192438410075453,0.03817966638222777,-0.006462276979488976,0.01773024693781061,-0.012433654401304178
0.2841494554664809,0.3183375361025851,0.3112195703636567,0.34600361924769507,0.23590518604016858,0.3576990408611313,0.37335175573752516,0.27523491072048556,0.3778479611011138,0.2869524649780817,0.18884108988911036,0.2527560822837132,0.31272920643105484,0.2276173576545078,0.08611220772050693,0.13410499237790383,0.08528500359466641,0.008677166155673028,0.024297773424961217,-0.10332120155425487,-0.07093042865649739,-0.1850487821984771,-0.20408620669616087,-0.2712247653496537,-0.29236345307392875,-0.4827806063471755,-0.3789443961954792,-0.3717532403820986,-0.5026248515490369,-0.36948580084849336,-0.4169547399752727,-0.4913167075571637,-0.4070124775993207,-0.524349370487212,-0.4656436933391038,-0.4734338500156547,-0.42964779917623014,-0.47811827515457006,-0.2758440777047032,-0.4351728985755322,-0.27288739253407374,-0.2071698012688316
0.3530981156637862,0.3137129610876441,0.27342438920050016,0.3571153968142056,0.31584368210953767,0.28146735311831433,0.4320997355436514,0.2965613821593819,0.3587583046131316,0.30385740461654964,0.2125243336012805,0.2723994624707714,0.25651756210599136,0.28880474142276785,0.17773532705923303,0.12444653075631716,0.10788948944599418,0.04656887668327028,0.022806651991995892,-0.02494192227900737,-0.053316322277380424,-0.2240749595649649,-0.12083622774614508,-0.26904908714642717,-0.3727795766654753,-0.4277952989571585,-0.42919473166310257,-0.4038402126143088,-0.44475791826388267,-0.4256451584035765,-0.5487525202296094,-0.5430400002675406,-0.500073364224401,-0.5985774850906513,-0.44831009140812295,-0.5177499875835888,-0.49343587564523794,-0.3972392778993466,-0.37089090013615283,-0.2646666669933266,-0.2718690986920197,-0.2032958109532601
0.2806345275964746,0.3003594744420596,0.3195227034376731,0.41371225744233253,0.3835430954594634,0.2810505990706941,0.40814680718964563,0.37768970299615506,0.2528642170680869,0.30534730425896567,0.1905380209646033,0.27569848128572244,0.19380431356637215,0.2330690996737127,0.2826147509657641,0.10502437194651795,0.07669089596746495,0.007219748783965485,-0.053614393141718696,-0.05869144493710616,-0.20008250800367522,-0.19536984612978672,-0.3106826350214723,-0.2545134514826155,-0.32102984551505176,-0.4230887076186318,-0.46938512465232307,-0.4807612340744978,-0.5198456436794677,-0.5442707267077753,-0.484257964118156,-0.6464696555923227,-0.6458236088101053,-0.6109794642189795,-0.6522834367960517,-0.5342589788031057,-0.4196048830885953,-0.41023895401398686,-0.29266196144660556,-0.26581959613641004,-0.19775832017743544,-0.1967527769113654
0.32782851660319473,0.3330911215921195,0.32816923366324346,0.38096681754291023,0.3252740579702723,0.4198845484712083,0.3728833146983362,0.38410712610058095,0.2949449842931203,0.2618021602344237,0.26985356797702875,0.22487513329807743,0.24051079633991918,0.17078347738838395,0.1039118952935363,0.14536255863390635,0.0717815738047357,-0.001869443094941239,-0.05575633171979363,-0.00069884989254406,-0.07103130884140416,-0.22651452375142186,-0.23780518949277765,-0.3322951656059404,-0.29175763481419914,-0.46857401787830355,-0.35825162994118276,-0.3963905248900242,-0.39166727141727464,-0.5896363067375593,-0.4869414558514951,-0.660505363860054,-0.638173507103999,-0.46819217930174006,-0.5455379757159039,-0.44934162931566257,-0.5659742169504322,-0.541367477566877,-0.3096332454979496,-0.29963278677891014,-0.254388889312469,-0.004178725339344771
0.2709636612562318,0.31107707551796776,0.3137861166498155,0.42159765065451527,0.3451616390168593,0.3551806169206036,0.4584338255450723,0.23980703852556068,0.3926790824118917,0.363396592303807,0.2418071047312603,0.31196685683092734,0.2944231996074399,0.23466349261511826,0.12603457131126955,0.18919450609756736,0.10394860015118892,0.016826797779259706,0.0008228522557309077,-0.034941203132021,-0.049099838051047014,-0.1343664726560601,-0.17949850156947747,-0.26976334798396107,-0.3462104860709631,-0.39921124143216874,-0.3662941379163387,-0.4587383359574891,-0.5644689581059574,-0.4608023545246117,-0.41878323149321317,-0.5429763559725636,-0.5532999816881398,-0.5056220483653826,-0.5944021235654283,-0.4397205881025213,-0.476808793848473,-0.44665703090144,-0.38823130592599014,-0.3169007360942009,-0.15621082369174483,-0.16803645143554705
0.36688838867474,0.3311966441612456,0.4082422679445862,0.3582415716827714,0.33847504802797307,0.41378801917334224,0.2642484412231782,0.40460691943528476,0.2637435390860727,0.23829556840063662,0.31106074075628526,0.26126445681929855,0.30409992689573134,0.1580669327784883,0.20907084901688558,0.1589520436855785,0.05219012386327231,0.09556312730870012,0.0663201825896095,-0.07016574920920844,-0.17842270644018052,-0.11810741952618634,-0.28601747130980243,-0.34199201448844424,-0.4014918600037487,-0.4721796558428899,-0.3903181590034378,-0.37708643788912705,-0.4863787693214771,-0.5189523777431808,-0.6199440935237586,-0.5469711474634832,-0.569565610413421,-0.5991542929218998,-0.6080111510331146,-0.5718064060268716,-0.43193788327890864,-0.5112476727480313,-0.4293031313506188,-0.3621602004149386,-0.14481015398302605,-0.014465542782983743
0.3290433159207111,0.3911547952462534,0.3193228050870455,0.3956246598522931,0.340263662402945,0.3534105348022075,0.42936863600667247,0.2953523396566304,0.31833802878740014,0.34033932082904456,0.36866664807875743,0.2492567381766676,0.23116354265256298,0.174649100989504,0.1633813946840948,0.15830025654689076,0.04676504529858653,0.09825554389124676,-0.015097824250930699,-0.0006122461567201127,-0.07272435275163776,-0.18398339313239187,-0.2820907110721423,-0.3798113302249442,-0.3512792168680982,-0.428206874613106,-0.5231893489144568,-0.4360402378617297,-0.5992786049678159,-0.5245362141107263,-0.5172954221568492,-0.5820201994667973,-0.6177890076483633,-0.5189779727449034,-0.5759910242655217,-0.5413665044562062,-0.5273271863758052,-0.38277028738013275,-0.47159095303619203,-0.32651296800851454,-0.30236485385285466,-0.2192357354651162
0.3693956883311264,0.3075855317737214,0.3344765338576733,0.337299852413912,0.4412411947072638,0.3340426047607577,0.30725203360164505,0.2669589034020316,0.2323602248651113,0.305272329966398,0.30803234539436325,0.23777619769793973,0.2487176451649974,0.20409012419063174,0.15752231414733298,0.14194941740743197,0.05612935096027974,0.05930530920407174,0.02768587430071053,-0.11003347290896957,-0.05965027829609824,-0.2758184848740261,-0.18034708738066088,-0.2695716517613897,-0.34501200606487276,-0.33920429550677755,-0.472964043928311,-0.3441268360483419,-0.45948110821909993,-0.4606775915672813,-0.5519577623974609,-0.4914600807816259,-0.6939528114814368,-0.5460371721412585,-0.7222160253872737,-0.5702240792553943,-0.485181477566304,-0.5028273178418508,-0.36671767822684675,-0.2774991751156907,-0.14905340783628088,-0.06325621592521138
0.3924846468762924,0.48342007717119984,0.34259678822266676,0.44250313479305686,0.41712507214939826,0.38897218003656725,0.3314619773239637,0.41562410337162176,0.338243890851386,0.3950389451374969,0.2512595748826837,0.2843740897856164,0.24592481415106976,0.24999056192119895,0.15276270913644022,0.12112602835829761,0.12448548968785565,0.08799013391976278,0.005040524404737171,-0.151469416695563,-0.1132013092108518,-0.2539454027510945,-0.2876063653073072,-0.2722896373632834,-0.36569977436996465,-0.3141467525293608,-0.45324540406613073,-0.5287046380612869,-0.5234259625620774,-0.5693546223430849,-0.6276900847711986,-0.5114195693537608,-0.4511230716405986,-0.5589741045434553,-0.5951542845545101,-0.4781698971300279,-0.5110135152540249,-0.3933086699365298,-0.29360632795372676,-0.34565573886526896,-0.262571138021529,-0.16069384561811687
0.3594609922699949,0.43906322464973335,0.457568760454531,0.3575653690078384,0.42179646363931567,0.37256212722585624,0.4955407558782445,0.42262327547412176,0.4096658620829472,0.4365795810726632,0.3729426250549463,0.2389178031001244,0.3048788079954702,0.2439664590842634,0.1797265720195411,0.1831647270659462,0.17733089029474583,0.1010088193929441,0.015247891328325477,0.015035691727621082,-0.09134975143126245,-0.2103081140856343,-0.3052854462689657,-0.29756243569013174,-0.36264774974380437,-0.3007968034016293,-0.3561006810493558,-0.4226124230382171,-0.6258739039507901,-0.548412865276339,-0.4466158088550788,-0.5216590075054086,-0.5746643132784128,-0.6187935286020178,-0.5373869406155902,-0.5145146731901141,-0.45321949841083137,-0.6089445925100554,-0.29877143031113856,-0.3210696762140927,-0.14798833066254768,-0.2476801883334624
0.3797460288979798,0.406180467183048,0.2913935880648399,0.4518351047842356,0.4183957972879405,0.4610052023649506,0.3254461522913039,0.36222064562867323,0.33223721528289274,0.3344729286310515,0.27986992006018313,0.2058543942964659,0.2338464870547762,0.15333157796425145,0.11035584563012255,0.11675867775912142,0.18309878963779033,0.08677460427336493,-0.05060276793624461,-0.08460106160589716,-0.06791811430391946,-0.2220764487575798,-0.18103985384897123,-0.3087107490874759,-0.2981634623862353,-0.4249989182927296,-0.5092962010832494,-0.3782160569666339,-0.5191509056318729,-0.6190290262206433,-0.5514273235665297,-0.5686169142840569,-0.5818846200909992,-0.4936570637532069,-0.5039186089373423,-0.6203259897292887,-0.5542006891802662,-0.38820131810340724,-0.3430597050619186,-0.26423493922763097,-0.10959602864950102,-0.14837450064266972
