gfs-wave-data.json
{"header": {"parameterCategory":2,"parameterNumber":2,"dx":2.5,"dy":2.5,"nx":144,"ny":73,"la1":90.0,"la2":-90.0,"lo1":0.0,"lo2":357.5}, "data":
[rows 0 to 18 of 73, columns 0 to 41 of 144]
0.3017857126015839,0.35634130129024927,0.42485918186845567,0.35100440638999975,0.27936823200799377,0.3546718840690088,0.2529473764056765,0.32897439061490036,0.25599015187916746,0.1352088547897998,0.1089669707929574,0.03621288120526422,-0.06174454895387099,-0.1543840915067642,-0.20299862342595182,-0.19850805240295682,-0.3622869552435629,-0.3694872184645472,-0.3966668713912219,-0.4206386300780098,-0.4201296368468871,-0.5267631104888749,-0.49453255700534005,-0.6226833558062798,-0.4731146831968763,-0.5678769884277103,-0.4070962798959457,-0.43477691957743986,-0.3777828533690222,-0.4161785981280774,-0.2333422372506033,-0.3138827173256812,-0.21255987324345743,-0.13841205029005696,-0.08486905918997319,-0.1307250147379497,0.025233134607050595,0.09911961405879055,0.09147041549874395,0.1352026137326766,0.1359242057815293,0.197637302562068
0.402622479931894,0.25442957454023285,0.34108462568498704,0.32728805809246675,0.4147481877855149,0.28919460490695326,0.42189502058487405,0.24823832784094435,0.17207781485337106,0.27779329628818406,0.08490401804946408,0.05756175716934998,0.09037328740662638,0.012811230131327437,-0.11195942247896287,-0.15936502333864375,-0.2673857492621209,-0.3648152748860607,-0.28558649105882605,-0.5180860978330285,-0.5131590264540675,-0.4887682838605637,-0.47692145071677455,-0.5042661324694777,-0.4438036491253833,-0.40991637566386885,-0.46623446523158374,-0.39338915073401665,-0.3388442319464761,-0.3438298947723101,-0.3262583824908637,-0.257951135241452,-0.21996249032417714,-0.10935611478778352,-0.09663576854674814,-0.08355519962588442,-0.040754422496280626,0.06932259498609024,0.042112614024138205,0.12213636050835269,0.15325324192012585,0.07383511985613626
0.2840205926597761,0.3072590149854708,0.3084363413226378,0.34861405719017835,0.2828805349254802,0.37645605980483027,0.33157809327328297,0.30487657468809354,0.35779336398566536,0.26280669969061743,0.1552398346116819,0.14112661201552495,-0.014580880629370413,-0.12144221544683792,-0.061442308536836195,-0.3230375128991757,-0.23393505897160682,-0.3544999668053424,-0.3660922262633667,-0.4306776871867598,-0.43936325514749935,-0.45189501082363187,-0.5288191915574941,-0.41502719475692407,-0.48333728690312205,-0.5622848436724399,-0.5197520002469249,-0.4574796614710615,-0.35317281434457015,-0.3759826320934442,-0.22359479311714403,-0.3712396298985246,-0.2185191439943947,-0.16509683203687808,-0.10392454204334806,-0.031321400033025484,-0.00578153822019575,0.10035896776424542,0.09765971524632273,0.09315784345836486,0.1988511163542107,0.18587647481022485
0.3492593920906414,0.3911152098686806,0.2641164145057551,0.4102978003943145,0.3164986053335278,0.2920320990755243,0.344862594593099,0.34027038377157526,0.25280930368826343,0.23318384078890197,0.17266868650911452,0.0007954429966514202,0.029419109855541973,-0.1730121913186486,-0.22624632195600458,-0.2663298037037537,-0.24110122704962772,-0.36182374702699005,-0.4980003160564695,-0.4207628619648877,-0.5392850600250965,-0.5343469208392139,-0.4265651662156876,-0.6351151596502473,-0.5476544165954749,-0.4566786461508966,-0.4737866385319674,-0.40489884798970466,-0.4055668475545361,-0.3555206091380603,-0.4051179950193821,-0.2167285955437209,-0.1683432527002965,-0.1560412461469639,-0.06652214822552609,-0.07698929438549054,0.03757412420475581,0.10908499674133683,0.025606437715855083,0.11360300330992654,0.13904461304568128,0.1223014576484614
0.2701491851939836,0.24979654326052037,0.2656534420435193,0.45079378662883063,0.3016786458558448,0.34419410097404224,0.3491734097673182,0.29380612655826555,0.22902602494196164,0.2650097995144749,0.07294227589265814,0.14028354315300173,-0.07276078930458277,-0.04821250240844925,-0.21033347082451156,-0.1833166879386677,-0.378399009344111,-0.2626464690641744,-0.35917105948797867,-0.48972051679861733,-0.40187882106283046,-0.5351612083998849,-0.47252619055747114,-0.622108218233535,-0.485172080540621,-0.418784329191723,-0.4379620067875599,-0.5067165030384483,-0.33784080838285485,-0.33654484271405555,-0.3703807992893569,-0.26429631177420515,-0.2688726838621531,-0.14541052313534888,-0.20470548612724943,0.004009944857359697,-0.0034191349419854175,0.0015540865483140499,0.13304309435494582,0.106606213842085,0.15725307700111413,0.16517697858929267
0.3084338358461168,0.24090272659919276,0.40531094504823073,0.42358887926645045,0.37940082540247816,0.45779503031994107,0.22366480399882624,0.189061462904832,0.31692387830380864,0.20501398625001027,0.07040248027614657,0.08786793780588578,0.06990409639327928,-0.07017824691473,-0.20332003883758956,-0.26089900781466707,-0.30558673562691663,-0.4040395129656215,-0.3209221910111198,-0.4766939268652179,-0.4833085983834972,-0.45861292420347366,-0.5173827286461807,-0.4927412892826716,-0.5717978911165261,-0.5795275594236386,-0.44853094042048075,-0.4527832606539543,-0.3971299828919682,-0.34380911196774194,-0.3355515631750342,-0.28954365023608375,-0.17754572579930597,-0.10930902177367395,-0.08469382140576764,-0.03588537689216754,0.006045345212183259,0.10311032792425187,0.03241863336894017,0.058945263696443845,0.1417923036130518,0.1507501618366027
0.3042377035878029,0.37876776167676424,0.3026166906452519,0.32573107533411316,0.36012602048161024,0.3637340019882667,0.3210099178637955,0.2856017118953331,0.30076914855025133,0.15327235232026307,0.1492268554218076,0.04238156209175779,0.019417582132104295,-0.16528326985389816,-0.18112923684448873,-0.36016297805027003,-0.30393478274045005,-0.3726911157554077,-0.40075602385807,-0.45373441761462535,-0.4751453778421766,-0.5231266551836913,-0.42220947025993993,-0.5715876300919107,-0.3796863661135126,-0.4390883628648029,-0.5591740831485447,-0.4879910871115654,-0.42284098997026104,-0.33729139921476586,-0.2661040484968399,-0.2228087309673208,-0.22455508398678006,-0.21541981630853746,-0.15222158525010235,-0.08940071808120997,-0.04420105946289738,0.020886600520587422,0.15897543479303067,0.19900225653380826,0.15940205255139955,0.21887715863933846
0.38944545200860503,0.32217182595959726,0.39714687524202674,0.34935574273917397,0.44864402470670783,0.28902278522832475,0.2267948790353737,0.3432027565672857,0.2190734857161305,0.1679516486229317,0.1423919169780792,0.1596409268112209,0.09704183835676644,-0.12321462814514252,-0.07088308603610749,-0.2662540881506379,-0.32850040770468597,-0.3497713475538312,-0.359356315540032,-0.4886154151846011,-0.569305832999452,-0.39434491926258075,-0.5483083729544778,-0.6040391560290723,-0.6228794120541863,-0.41875616434275476,-0.47886063372535453,-0.47933374180091814,-0.42806584376319357,-0.32270302234578635,-0.4530326768216589,-0.1919303123165575,-0.16486001869049063,-0.24696849662797746,-0.12150425976104452,-0.056953700660262084,0.016660772905638357,0.0739146339153754,0.06970866821628555,0.16414792132941597,0.2104966428829508,0.10518727183107554
0.2960666467556315,0.3022115374394475,0.29076653499481214,0.35266028900497154,0.3180706303633186,0.32777329018366613,0.2739888251563404,0.27052196133629386,0.39373765472593486,0.2569744818707335,0.05871828691993475,-0.008555268380293822,0.05669605507148833,-0.0481616512021245,-0.1867996146994205,-0.19528730952434656,-0.27501978775286634,-0.3313828641309585,-0.3867205711146307,-0.5440590681141756,-0.48435857487477807,-0.43976788869486777,-0.5003060101771099,-0.49725662999857245,-0.5017539187986128,-0.5524754301923123,-0.5593085006573546,-0.5514994864243389,-0.5242253355252234,-0.35543198362395506,-0.33472224553800417,-0.3222012654481279,-0.2852070975430323,-0.19221828698615198,-0.14011343656804487,-0.049267612865497905,-0.04684563173443436,0.015166299570661327,0.06573415058153584,0.11858930213818375,0.15901916612766973,0.1680117481306057
0.3737137271011267,0.45627880351863687,0.37367515593060624,0.36244797685626245,0.38976272441270743,0.2866151259642166,0.4505009294268766,0.29850450990091726,0.3598293850479567,0.29654243200227653,0.2663966962855789,0.08010374201824624,0.09630963987246666,-0.10674294574017167,-0.28840300825953696,-0.2982674231239915,-0.18765734666360442,-0.474890937134437,-0.47802288577864527,-0.4343203426682419,-0.46990289808789176,-0.43744851670101154,-0.5139206467464006,-0.6178850925771938,-0.6018277591258391,-0.5730862121246514,-0.47777272006891813,-0.516532632635717,-0.47270893112802387,-0.4336875322334165,-0.3325669187588091,-0.3085686852716709,-0.17445124294342187,-0.1176761305562084,-0.1610046572720792,-0.030505148793706475,-0.031720232647351534,0.059908318904446554,0.07019918848976751,0.11506567863889997,0.18282409233759914,0.10682085801398186
0.2973836573190938,0.3150784343402169,0.3847792794905499,0.42653208924275354,0.37199468541740205,0.4089620547682763,0.29230860279530535,0.30741228898141254,0.3328994954484813,0.18165307988510743,0.19845725392017116,0.061487368156312894,0.08516650831169788,0.01745554712409332,-0.2634511810638657,-0.26536255584306917,-0.32736680761613485,-0.46607447790397377,-0.39421875728273725,-0.4533641864815764,-0.5690540334967663,-0.5497980380956308,-0.6028859670918707,-0.5067547977778971,-0.4619484446175203,-0.45478613917608746,-0.49032784197437057,-0.4419730404904286,-0.4489763599408107,-0.3552487158122043,-0.3921663657911698,-0.25937318943133153,-0.21771042443592709,-0.12369644068532697,-0.19221313411513494,-0.12169503511863172,-0.01635247583574259,0.0737554119034745,0.04968583255333248,0.09422121096316236,0.15103754752629275,0.16283217926176918
0.31286677491036136,0.31741973077504154,0.39989592436212745,0.359595166444109,0.37258932400864747,0.414317002073043,0.4636757974310012,0.34031888348492945,0.35227200491586047,0.20404910406641028,0.2480801993496155,-0.015573770921803417,0.031196671778870595,-0.010349711257413092,-0.2510122535935557,-0.18518970835790446,-0.3958263221898393,-0.2958235288017981,-0.3407825890071247,-0.4164182697156322,-0.5408815792248427,-0.5846300558119379,-0.4623195959206987,-0.5846306970103463,-0.5742640597364436,-0.5058723801437555,-0.4284920184723722,-0.5397396268415843,-0.4587474972792247,-0.44103462273814065,-0.41444053505135275,-0.23435335051543513,-0.2295675743450744,-0.19614792627939953,-0.07180748581478376,-0.11019317825593246,0.0565048286068308,-0.006748669442559881,0.09182489002754207,0.09864134509008024,0.11794702704318466,0.18253620202188103
-0.007876705103225556,-0.007016050399005028,0.04068250234931174,-0.00913651547997938,0.01028652536052355,-0.006318692623818061,0.004718883187792132,0.012043102402861397,0.02159155477899559,-0.008440815923453993,0.006342131713199705,-0.0072553768777589,0.012386395173718853,-0.02407026427572211,0.03402623367574628,0.025868097216757365,0.018975318027604757,0.022579965979904634,0.009710817638425578,-0.022615694346140334,-0.010302745584662258,-0.013534340786532748,0.016020982085842593,0.013837113886327496,-0.012693946652687634,-0.020758544641714626,-0.0206264026758611,0.027927345723309037,0.0018289724321838088,-0.011824754790960937,-0.007203341750223802,0.03282210786007986,-0.0005947046298174953,-0.03509989884073558,-0.009640136100645425,-0.03679575728635964,0.018900258709642806,0.03441256969490123,0.0079956381460602,-0.025201397244837262,-0.0023118504565459025,-0.01726278194783175
1.9537096661630877,1.918316930745524,1.9570222842858356,1.8098692089364576,0.003085679098150828,0.002332881769425968,0.04266740622039719,0.009562134252938894,0.020042681610248102,0.03569867591265224,0.02004558138746739,-0.04393252011041903,-0.01219178184429917,0.011525047462099381,0.008800123366363776,0.005154274620040017,0.01583189749522274,-0.01876759325861151,-0.0027180271029122755,0.005694899929752743,0.01058473996679825,0.0031682352859603016,0.024841464937977474,-0.009781842178774647,0.009909063601800477,-0.0011872019058079295,0.013411600312447758,0.004391163413082914,-0.015109985580810925,-0.012641195431619708,0.0323420867541181,0.013685299395139506,-0.007029311739354634,0.012126972719361952,-0.0013760586245413248,0.023383161946330614,-0.022938059667227024,0.0005829951947913033,-0.03871185662871417,-0.014327484495178794,0.01214971560326934,0.0253085600598818
1.9361640990827644,1.7841443459728494,1.894704736707037,2.0880780830813888,-0.029825033905432726,0.02733463293956841,0.015116825449375343,-0.0023186075119343784,-0.01876978749543346,0.004945433514939179,-0.02175292957642675,0.024540468163415482,-0.005100243508710779,-0.016488801028887244,0.013331454516779149,0.04394271632175489,-0.02535677013133875,0.002773608004525142,0.01742527967195249,0.025620357468323193,0.029170113638939784,-0.01550641317597058,-0.005885551242443108,-0.017819632378728984,0.013730016685348605,-0.020762154551612757,-0.017649786998235207,-0.011562023831232547,0.02073444998471421,-0.006755199291206643,0.015264957446468434,0.0014491742390292698,0.03472056695849628,-0.021795385703810854,-0.015391965732042425,0.01418886687167481,0.024013525292083285,0.0041214328978627325,-0.007363277360825889,0.016843719536785585,-0.01664107859645105,-0.012470514152420403
2.0158885879365736,1.9979967454651442,1.9543845830341124,2.040920018462051,-0.019420001567021103,-0.016743961873967022,-0.007608509017955495,0.0038301335651705556,0.01424184710412288,0.02985675742493152,-0.014524265829211647,0.04267643699913555,0.013506089178068847,0.05004222012921936,-0.04128818443364048,0.04985842588827145,0.007891258674909524,0.004623937292828299,0.018596285257492236,-0.014178281512332065,-0.02512154114370667,-0.002690751635173123,-0.0017669884404436437,-0.018444085353350216,-0.016446435821073115,-0.015540263345805279,0.028914067309268758,-0.012399956953540656,-0.029674576966988213,-0.00258304226340622,1.3302263211958784e-05,-0.028401248767515545,0.020747884774783516,-0.04949331383249928,0.007932399479551289,-0.007798766932530551,0.0006107337798892571,0.017428426773580415,0.023065638524381565,-0.009492835051001298,0.026047089348455513,-0.007655667714616024
1.6590941386456843,1.967881438030808,2.003073959844102,2.028698457153506,-0.006966536518743678,0.003361921833106814,0.005026427981095719,0.011495326107462532,-0.024124493672875995,0.007946637426748301,-0.024611374867691667,0.02393348613741904,-0.028203143296261262,0.019472597442690805,0.013226259922572755,0.017669585308416055,-0.010849550475197112,-0.02574537293812978,0.003772140501522381,0.0410667671197902,-0.008795550370717185,0.017071485756584327,-0.02567093203453085,-0.003103507620384758,0.040018617868790074,0.013643309995344402,0.010006379259228893,0.030512977676186888,-0.011823880261477704,-0.02645862884591551,0.008708217531653814,-0.003504186787040287,-0.001621103471599421,-0.020266284673927888,0.01430073982917831,0.010427034197693053,-0.010288786038788572,-0.029876957526268677,0.0011599694324054212,-0.020304976749331002,-0.0016989699636422693,-0.037670822804674785
1.6780103268430644,1.895826964967717,1.89371240103176,1.9251194456271645,0.010629005541158237,-0.005329625124475226,0.027902328334211066,-0.035460259759448436,0.016742333146438606,0.03184913809372273,-0.006012004338470363,0.03711995892305654,0.034368571198190125,-0.03380424773010347,-0.04758778559760984,-0.032104192457430125,0.01164973765146739,0.01787960955118343,-0.01474220160795165,0.027965077168834594,-0.013751950025249312,-0.04509528723463343,-0.037146261417135076,-0.018352438746320403,0.04278619412374761,-0.0023413660917051935,0.018981947831545335,-0.009282123289122491,-0.00018484971050081216,-0.019704700207304988,-0.04693724911050481,0.018401417234156985,0.028507276961149856,-0.038944589174630985,-0.02480837379440451,-0.04398485309833967,-0.00960696973684302,0.04150161835418167,0.04011751461880998,0.00013684388263049497,0.005939670252796816,-0.012044392298874036
2.0839940044949468,2.0713113885916674,1.857070673252761,1.9292291223428455,0.01206681272348977,-0.017593878655983917,-0.018112069000604268,-0.05128019858597844,0.04459006952038031,0.010044139617804213,0.024512669870662012,0.010117051635600477,-0.0035792356830515472,-0.03277664309792687,-0.01736804215220306,-0.0008722648935636858,-0.037328196623175325,0.029474140980363724,0.027047199734718832,-0.002154718173188508,0.010532178014479063,0.015708567230705357,0.04848538153590825,0.007946008419436806,0.01912676251013297,-0.012342396612871866,-0.023905218382512843,-0.005804805261711149,-0.02785709152083312,-0.014243253420501369,0.013772659470971971,0.01984345647466786,0.006315235289215924,-0.03310175438170957,0.052741801905713606,-0.03536006551777739,0.02828759630384544,0.027541969103563605,-0.030118041600007712,-0.014777735131282846,0.04445278569541126,-0.024820628066958214
