gfs-wave-data.json
{"header": {"parameterCategory":2,"parameterNumber":3,"dx":2.5,"dy":2.5,"nx":144,"ny":73,"la1":90.0,"la2":-90.0,"lo1":0.0,"lo2":357.5}, "data":
[rows 19 to 37 of 73, columns 42 to 83 of 144]
-0.3021622781432839,-0.20283116509934693,-0.1692954298610283,-0.2623470380994577,-0.17161726826604437,-0.2756719111902874,-0.2705080598097521,-0.2756135878022973,-0.31145480553088617,-0.3301428263067524,-0.22224860934251323,-0.3187569669724207,-0.15677767722571487,-0.190391197762267,-0.16126087966559252,-0.279602326731242,-0.3214717334712074,-0.18398351976818045,-0.2672051428084255,-0.14546545170118963,-0.31385301344276867,-0.24910327121574855,-0.22701242226954163,-0.207545152874867,-0.3097076052664139,-0.17128453017345704,-0.33191456246357803,-0.16246648289987364,-0.1798383402588812,-0.17435207953115806,-0.30880259811069544,-0.2525978266488014,-0.1944595876109168,-0.31045368944625373,-0.1466463951733158,-0.30553588066268805,-0.19863449332337474,-0.2646504450829078,-0.18211471901056223,-0.18796348080954553,-0.31968923246731373,-0.26583081752068627
-0.12938195710413303,-0.1232787627313115,-0.270903174546746,-0.22181865832041636,-0.21273185325256974,-0.27936031947561346,-0.30885993848939364,-0.2914072747778016,-0.31922781980327175,-0.24942517498543976,-0.17681135371887222,-0.24530564839322264,-0.22863128232255203,-0.2002965004767713,-0.12957732908481315,-0.3125431732070988,-0.22752582499780635,-0.3136266841768533,-0.2192947102612009,-0.21147920474310258,-0.29898508375386246,-0.173746465784177,-0.1588443510907401,-0.32122009311736327,-0.1625430046990557,-0.13606871229940926,-0.30306953852166707,-0.18253297191519446,-0.2520035903276842,-0.29047915279718733,-0.18440840869498926,-0.14101473049330437,-0.15114545284004657,-0.30342089613735024,-0.14938409367432182,-0.31643049554381086,-0.2581948155687936,-0.1750689547520618,-0.2169490401143132,-0.19532097847922472,-0.17184814919411182,-0.31372906637123443
0.08389452093159518,0.23730100038631383,0.33249631306373256,0.18222795287384624,0.38453013979202033,0.3364877161531307,0.44987666249350916,0.4551518225229527,0.3780026506031957,0.38310255210836414,0.3412388500578196,0.4729896492110676,0.3366649026325967,0.3961499642586578,0.47539746831112983,0.5054646998818758,0.42257598467544977,0.41096991282294937,0.3462371929643434,0.4978998426828922,0.32645585430663004,0.4398942613993948,0.4468324054285402,0.3728197030532609,0.2526253471658702,0.2173411833882046,0.20764735788303648,0.008712451600385526,0.23664679462532223,0.22344014374154728,-0.052515596304675054,-0.0982223520782641,0.03425070579535024,-0.030950830504323613,-0.02478645071477814,-0.14352641445847078,-0.38885779325146225,-0.43906859973389395,-0.4500905942792869,-0.35024093293409025,-0.35337907852418443,-0.28263013350350596
0.25208261118505115,0.18537013562497556,0.1534164272355358,0.2765814665483104,0.3513397235955241,0.3504159360457716,0.4238416732552916,0.32157786496188717,0.27495065463505153,0.395500680638826,0.4054726999916384,0.5115813926919166,0.46311399226489197,0.28681497276716383,0.49983914190156364,0.37931942624676335,0.3182662599939913,0.4252569962774087,0.3118472101902032,0.48572224550591436,0.44174454104725164,0.4356202942785237,0.356760771069907,0.16089302565305574,0.30300686521824727,0.17599667360628848,0.06295327766353538,0.03418234522069259,0.0653925133767905,0.198930860406823,0.10529719399787564,-0.11660234846814618,0.06766534771421874,-0.28791741042962,-0.19661631046504202,-0.12842206624384123,-0.18302063995087825,-0.2848995130096273,-0.3964024853720738,-0.4233015562574988,-0.40452058193552015,-0.2367295494692773
0.27521659498119744,0.2212979398167122,0.4138799091862442,0.18212260988474538,0.3754923638219887,0.30613033949761476,0.3048451163740762,0.3482644203547476,0.2794138315063378,0.3111165208771623,0.5200513009033656,0.36452357270441926,0.5226252335931395,0.3498214207036616,0.3517644449079162,0.3303248328678013,0.4519378428637132,0.37363827639255276,0.48368304831955167,0.44130694874997883,0.49858261815472527,0.3249616651667449,0.18552943256433452,0.23995789852041102,0.38117156196913,0.25568930699668097,0.2963264752079577,0.18081835755006617,-0.08134829832773008,-0.10873536239233102,0.12170211021890466,-0.2045885319366105,-0.3040319517407419,-0.015483968621618063,-0.13683319402196584,-0.17136958215263426,-0.2035632497793102,-0.27261459014155404,-0.40468319734838065,-0.4279522936525084,-0.47793268476558637,-0.37098033467915
-0.16636234056339644,-0.1716286510863927,-0.1864796715359756,-0.23140061938794756,-0.22554604532049255,-0.21837817332600737,-0.23906606595588775,-0.07912793302911023,-0.11791503585121525,-0.10176169229930589,-0.22570295424895245,-0.1996844927826725,-0.1666617132217356,-0.08470279807999997,-0.09550835877227958,-0.14664800033918984,-0.1605268806639312,-0.21824229438279885,-0.14727639493808542,-0.2647780205035542,-0.1881081229010171,-0.1829424956638024,-0.2249824426678109,-0.20141414445403255,-0.0818796420491717,-0.22704965440667332,-0.2479917419115856,-0.20476959603696623,-0.23994110802019675,-0.18082089849277921,-0.1520248021892527,-0.2262434636884742,-0.16402301519409732,-0.22377405282750426,-0.26152469441524234,-0.15220851275433483,-0.1977479091566846,-0.12018457711646098,-0.16777493442054583,-0.12923828304281712,-0.12483445615764947,-0.08888084866556478
-0.18002595333294102,-0.24834422452871976,-0.050050284243027134,-0.31169679689772867,-0.2882494896760814,-0.1956495593971472,-0.18977351304162743,-0.16357692276806443,-0.17059471274036148,-0.20706660221946582,-0.26153719992539065,-0.14349028261361765,-0.2472328584012734,-0.22904292298570944,-0.27308730566644007,-0.31819261341646393,-0.17087676923426906,-0.2617307337912673,-0.28996915454289995,-0.2515548392990439,-0.26304320923240054,-0.15896011199107996,-0.2695273153145373,-0.3015669935185153,-0.3236346598959845,-0.23163092285676787,-0.23946201593872896,-0.32189925456257745,-0.34664174264017306,-0.46626314932587076,-0.2810349352429981,-0.6558464610759411,-0.5219652833230108,-0.7434181072613123,-0.6474070329222547,-0.6990228863877673,-0.7808570628448889,-0.693460892094559,-0.6504418694187992,-0.7638390390549875,-0.7048170975140875,-0.8599224938716225
-0.2276893195913792,-0.024632731354785192,-0.32522267764488894,-0.34367455644034095,-0.2781562815568437,-0.26197896691727557,-0.3092314534049919,-0.3204735969950052,-0.2774723861669752,-0.32462659681319583,-0.08360559373942333,-0.1060976951626287,-0.30645383796268755,-0.1636232991966862,-0.16300120231519186,-0.12864896616385718,-0.17854929649877402,-0.2352717687890612,-0.24518825044048317,-0.16393500101176364,-0.265204583516297,-0.33280274497654583,-0.2816748445958913,-0.24005029679378329,-0.3577251434133289,-0.19734543766034462,-0.25546157122990754,-0.31865157793485266,-0.29751410435222836,-0.29846583830761336,-0.24207928299613007,-0.46224469738778157,-0.42713038708391976,-0.5294648746165902,-0.575196125142233,-0.5286254076075373,-0.6875361616099332,-0.607115127424089,-0.7827626179083976,-0.7143744014640107,-0.8562334901967216,-0.8014635276458005
-0.32821957045815164,-0.27548110938984033,-0.2748357410377897,-0.2667616996607526,-0.03876914188252913,-0.23805715412636025,-0.13356964937280888,-0.1478100495081732,-0.26425573336101027,-0.07612480894655616,-0.1675747933403566,-0.2829514297635096,-0.08547897276397237,-0.18363233985325061,-0.15438137252886908,-0.15933634239667688,-0.28151232145999594,-0.11721498905397228,-0.29213652019586495,-0.368375806306148,-0.3289119307026017,-0.35681307608837787,-0.15325802415753945,-0.24698140290247564,-0.364707639950578,-0.3100016568452381,-0.2470087893863553,-0.3707149739835467,-0.28313313236614884,-0.298033109255912,-0.29173382967952755,-0.4629527417041047,-0.6747825219182424,-0.5326644231896743,-0.6095838740496475,-0.49625639532925403,-0.5806887149701367,-0.7694850564669572,-0.5005193486862142,-0.5721754629860678,-0.7082585428364281,-0.5184705905820406
-0.22026386541775414,-0.12832399131840347,-0.1826261474701455,-0.06743894200341016,-0.09396309530142302,-0.05437779294922255,-0.2235025948281268,-0.2617052907240445,-0.36358275613153074,-0.2946517664281868,-0.08677959869159722,-0.2987650245528077,-0.29505552676680885,-0.2552011065861112,-0.29784595485559356,-0.096872347147546,-0.24462196054273447,-0.1333596305484666,-0.1517704059670608,-0.1552944091537034,-0.16709112267432974,-0.229049434299469,-0.25850718414117785,-0.2416968544878078,-0.1834521144296248,-0.26768435621553804,-0.19340090812029317,-0.20924012700983505,-0.1889279192756334,-0.31133449551544884,-0.26336114706162467,-0.42823284831917957,-0.6472574761316652,-0.5433900227205694,-0.5026130551119964,-0.7786767961520852,-0.6847320863739043,-0.5056094331390074,-0.6751682632247584,-0.7490487290374711,-0.7751228071820703,-0.6741155621397363
-0.2827822315658353,-0.08887033055872234,-0.28237399546062597,-0.03395855511372809,-0.2409515883810644,-0.24213360187665764,-0.1407229350035999,-0.16868304666153416,-0.15786567891382136,-0.1482894842282456,-0.08828482446121438,-0.21831986178832502,-0.20630140541058006,-0.3394420793770031,-0.25622575896897765,-0.23885490879614504,-0.2495144452073933,-0.21421600568567564,-0.13877690174687105,-0.2228604730602455,-0.2473752778783024,-0.17842467877488272,-0.28348499520313986,-0.25500389539809454,-0.14898588538042856,-0.30821031586786457,-0.3152364871158215,-0.31873898502917536,-0.2914518176487912,-0.2507110813906586,-0.3090456350040225,-0.5461842335156692,-0.4834451226019764,-0.6579095231601437,-0.7471455654414116,-0.6302930019356429,-0.6621430152525573,-0.787242681854543,-0.5775128811900024,-0.7873872106482006,-0.6534962554692357,-0.5529378303059839
-0.21615777935257194,-0.11073788407457294,-0.059891922616081235,-0.06649840375301778,-0.17259006804286073,-0.09037017755611922,-0.07216222082761825,-0.14901081542254715,-0.03058950118373532,-0.20045772047280158,-0.19442202440533984,-0.0470481203667689,-0.09951946677211458,-0.07650313623253727,-0.135135810410242,-0.15366391482863875,-0.10861600746489701,-0.11578139888007813,-0.042096189409774935,-0.1291401428817899,-0.031473683258140144,-0.0438492443184593,-0.13969015714267766,-0.12377316209418295,-0.19439002116170787,-0.07190296214412695,-0.11769037695544007,-0.12142047483309887,-0.1793101575611132,-0.20775691311510766,-0.14055626068108504,-0.06532766240272912,-0.032740179617270514,-0.09892025744250622,-0.15877518138547225,-0.1306542059605338,-0.08317527586300273,-0.04657542745260575,-0.08737053295850353,-0.08579355684888887,-0.19281817386462133,-0.07969484483841976
-0.232202258905972,-0.22783651968628246,-0.11677964788319317,-0.09688957660151111,-0.06915505645606033,-0.0399700456625771,0.014535308591676642,0.026094519608436454,0.1350333010416337,0.04972239277854913,0.05804032396613367,0.18319611504495195,0.10776541734263594,0.08548220927970396,0.18299097052915686,0.26373125683044907,0.1499860803318,0.2519146937834832,0.16012121860476453,0.2397291015297822,0.21004652054398273,0.16922744388006417,0.20760340967407134,0.31441281772981483,0.1901266469393039,0.3065417021902421,0.22238200546618922,0.17027076027806257,0.2037185812205352,0.17555914614967144,0.0275142989869631,-0.0074920634444229995,-0.219016129756138,-0.1941284027494406,-0.2828651637280315,-0.5009346586216391,-0.5379224915487884,-0.6642110433808512,-0.7146992481784343,-0.7278536280276023,-0.8678129957759967,-0.8169753224713632
-0.3748182998675989,-0.1717461236487534,-0.10529131314882602,-0.12297117422166659,-0.1015264350979975,-0.030101517129524785,0.0028287499911833804,0.07129368148384602,0.09989868374868122,0.046342459225995856,0.13122150753910117,0.10488713295922357,0.17345574009960804,0.14367741871091114,0.1907593331802724,0.20267294692579702,0.24597233868366244,0.26144746372470684,0.20471056600787205,0.28253245962959217,0.31812502142547394,0.3163757123359742,0.2332861591955621,0.28160953888461876,0.2474488044647132,0.2688766279584254,0.3331416984603351,0.11868391639411043,0.2003612849656145,0.12339403193704694,0.06121900907744144,-0.011113696225348198,-0.19089145262752477,-0.4129652766979526,-0.2997834528707458,-0.3927515799416398,-0.5809592112467158,-0.6691531833284637,-0.5847796962630603,-0.8283231306337052,-0.6677163840147786,-0.7429930764807804
-0.2138164180873302,-0.22237933314231065,-0.11923489721496064,-0.13620087457292412,-0.03999470742384607,-0.06847555838256374,0.0055354238615459095,0.02678977520361573,0.06072844250385195,0.07714883244004056,0.09935686721346812,0.13776188263764236,0.20929007181664142,0.09387655421818346,0.1715396433926335,0.15978664725822933,0.13973145135535764,0.1661145457542571,0.3050873001491176,0.18140152028475157,0.27833947421005956,0.200264520686454,0.2376834824636382,0.31029967755881466,0.3134454670458352,0.18936614397498647,0.22814693273413195,0.12346192246322789,0.08785744925846732,0.0006351817664476445,0.04764293916937903,-0.03755583160813749,-0.24374205258085466,-0.20923383759530934,-0.35943086718455025,-0.5603299714418815,-0.5063267551352445,-0.6063160734117661,-0.6849887104991417,-0.7266731397636678,-0.7478278754582947,-0.7974041633598882
-0.2591701873648689,-0.27560759539827073,-0.16740855586559852,-0.14958250601782583,-0.03746400373520504,-0.06036016650086372,0.02277014948976148,0.0032132547911681054,0.08625948954829052,0.035110748338917856,0.1123338598487179,0.1729453747601199,0.14560114721202996,0.16643758623957602,0.23614830904790582,0.17130625486717124,0.10208543457696681,0.21503419939702142,0.18109173142900994,0.21954079548267255,0.308884396734407,0.34689810124790643,0.31476390773668084,0.21963849379865857,0.26236654098172,0.2332842203428282,0.23364078837840668,0.2924716518077017,0.056116987824765346,0.12386499953826707,0.05205217788407664,-0.13011663807611903,-0.15653715773111027,-0.2668359697321813,-0.24225017362933735,-0.4244946464831574,-0.4247463757337801,-0.6058123011714552,-0.6626971888987605,-0.7327735363503706,-0.7718666811117735,-0.805314149367103
-0.3528427628228369,-0.1902454755548821,-0.13761429038661888,-0.10759890250357418,-0.0940165832520443,-0.0896395177319251,-0.0025445762976359673,0.027908608884158314,0.06894617695284877,0.04784597367997803,0.07588819184740461,0.17546893946302036,0.12245513572287905,0.181257107381795,0.23868393355348058,0.12832875776713368,0.13795670380364122,0.2490862736375139,0.23734427296818952,0.13415147626724738,0.2622887520926222,0.2558707964684627,0.22768627765095978,0.27001912705469294,0.29420005368281227,0.26158594469103885,0.1891795646806844,0.14557148723898028,0.17723774749553536,0.015399404136556697,-0.05507336813726417,0.016767556578976585,-0.06446062575524275,-0.36365123830128504,-0.298780873187136,-0.5307361349546136,-0.4876287302670573,-0.5139297012442173,-0.6204307415297368,-0.6904802502103775,-0.8453162379879737,-0.9546672921183681
-0.22827707315685242,-0.1457499836654136,-0.13700185748472593,-0.11099819660504492,-0.045978376385211926,-0.06349253671092171,0.03163600404198075,0.0210350303612063,0.07616446775236767,0.06596203074766102,0.143358708306284,0.14392092317827246,0.15117693335139606,0.1866936430484181,0.09842352876004508,0.2296835581504729,0.25587989561178914,0.3111368139676051,0.17767570496363394,0.32117995602832666,0.20353411765897664,0.2866895917846682,0.20903663473844514,0.20880157642904945,0.20787601003505082,0.2276540199585848,0.1495625983931752,0.1827582712374546,0.21613390739594096,0.0011202095076831464,-0.0838332090527458,-0.015916200415394488,-0.12451344870217952,-0.29815496517573203,-0.3319211163236206,-0.4612629580503333,-0.49854449874779033,-0.6110119623841571,-0.812588215092029,-0.726646912700563,-0.7812238006617047,-0.9612576478744906
-0.33734849202921624,-0.28797278707501833,-0.18337108670446667,-0.0712624385770676,-0.08276714882910578,-0.01688948017519339,0.002905930639844147,0.024206895607509403,0.06418594560883913,0.07287884944960217,0.12152485623950621,0.12742129973935168,0.1823612875145191,0.08430119823650165,0.17024482971375518,0.26247272160012497,0.1553047077103223,0.18534908934245006,0.1370699350628561,0.2369268248609637,0.2734001440888131,0.22406537796918252,0.2275684727721392,0.24999430045542323,0.3295981624599324,0.23069723173298512,0.1668273393480128,0.24994449644065997,0.07705026165191735,0.06442177973306976,0.012408921947166855,-0.0025474429821536805,-0.18620774586012165,-0.22600799460598592,-0.27736356278703705,-0.37633478595163056,-0.6317291764135028,-0.5623200298689125,-0.7931462937162556,-0.7626114299550151,-0.6349185940527587,-0.6808280078319208
