gfs-wave-data.json
{"header": {"parameterCategory":2,"parameterNumber":3,"dx":2.5,"dy":2.5,"nx":144,"ny":73,"la1":90.0,"la2":-90.0,"lo1":0.0,"lo2":357.5}, "data":
[rows 19 to 37 of 73, columns 84 to 125 of 144]
-0.15183659118237944,-0.11470198819161972,-0.12228530661570647,-0.11622460803227914,-0.026143624982619584,-0.1541467734087097,-0.18931824738643913,-0.16994276621267712,-0.010764881450961604,-0.023886054350801277,-0.057317119700970635,-0.11958176143424193,-0.03981231702228711,-0.13270322502330945,-0.17883703768173856,-0.13728011888457778,-0.07372114447954883,-0.015447081281750564,-0.16293948882519038,-0.13711697783330723,-0.18574562753910476,-0.024457690354590448,-0.023474799106684225,-0.17478522222698242,-0.026120133116643057,-0.16672853405374044,-0.024103439132824717,-0.06570460748808302,-0.11800014734411596,-0.05172073081294867,-0.19345457116108222,-0.13191928719203724,-0.10513113097124863,-0.012263593852313364,-0.1578344663194912,-0.1391926414760861,-0.041811122104189455,0.7068752368520611,0.679812858774465,0.47246320717477003,0.5066648189316997,0.3056966521136492
-0.026773043481552645,-0.02892709979648349,-0.12396326196741024,-0.12996866113085273,-0.09213429417750485,-0.08385388022773167,-0.11435971468144673,-0.16622154779612863,-0.14037035694720498,-0.019521648696603614,-0.1772226840989859,-0.06562878486767146,-0.04097294103837912,-0.07654045627549873,-0.18342685803875663,-0.15096964470027907,-0.04139220756724573,-0.0312069738228188,-0.0772998101896297,-0.08663936820904145,-0.06173543006141762,-0.024715160192168774,-0.13776726481747048,-0.1508151282072644,-0.1439986132570588,-0.07015101490463545,-0.18053761331000812,-0.13675080341986098,-0.0892680459032991,-0.04068348940202242,-0.18892229605044586,-0.16551607992081696,-0.049012619837428925,-0.08071720013239914,-0.18448248354107222,-0.04288576289386957,-0.09986415118375895,-0.1817133724820924,-0.07765887282554243,-0.011988230352366657,-0.06056991466717768,-0.18524134937431397
-0.4314787934563046,-0.3329757136856667,-0.5267509176227773,-0.37569051147661786,-0.35301038712519345,-0.26964948112142645,-0.37053333331250954,-0.31311823630691865,-0.2567803961852749,-0.39177620057616885,-0.24297843254764045,-0.46292834010417855,-0.4412108200945585,-0.41668111871682717,-0.22922953090164716,-0.3197252891285166,-0.2600346809290738,-0.31031224296705234,-0.29656997437389176,-0.14973230498778384,-0.0489224304591147,-0.19249202171838425,-0.20556955075156016,-0.1377466575958488,-0.02313954317149612,0.18244824211411795,0.04426233518014911,0.1965037587328789,0.2174332664979194,0.21411358949968462,0.3701595581017517,0.32811557277422737,0.36028671336238005,0.4386961559313548,0.4645079822060644,0.5560626047328872,0.3164887295531785,0.42360400031952977,0.49598768789864117,0.49250829234466437,0.44457972721817896,0.7062298434962299
-0.25691110141607654,-0.3514914446728306,-0.3542376341320475,-0.47039341808047885,-0.2867836348875835,-0.30582912515008576,-0.287890061226821,-0.3080769552881502,-0.36475506358985804,-0.3755352926698254,-0.4507778172680143,-0.3169168515932264,-0.3126191902402951,-0.26574256397549484,-0.2518010860137906,-0.1813784173887288,-0.28797995751954003,-0.26860675070878987,-0.21427556654611024,-0.09721000030618912,-0.02018134905292138,-0.20295500472081196,-0.0011998504781837505,0.016986264264193793,0.13078630618476605,0.021064740572172443,0.1998544376490042,0.27037747424722464,0.1402967348659494,0.31624877689703035,0.1348391525407253,0.209753609959392,0.23035011120758905,0.4551500333471726,0.45073361675564694,0.3586187600568003,0.3205757677723084,0.5083136049827809,0.5225285863515758,0.6380421308286179,0.41128158134750825,0.6874414693811106
-0.3491037211812811,-0.35816609112582465,-0.28560531995087096,-0.39060045320056863,-0.27893466909942066,-0.41018052944944255,-0.28635896150486045,-0.3035443910384664,-0.386197720673719,-0.39779281539389433,-0.2457379461698179,-0.4321446093778695,-0.32358842582445463,-0.21651738423667646,-0.30381245432773746,-0.22616494403675352,-0.2651613583514356,-0.26913103796442106,-0.1283206113233359,-0.22330788132957455,-0.2631072464867185,-0.13385688011898772,-0.15613406112689066,0.0654255739927669,-0.10449439656943674,0.1563293439765284,0.1235069706828357,0.2468323020825412,0.18176213927432153,0.19366471659208281,0.32992515162680613,0.2767708864893552,0.4709339902972724,0.38513537863205904,0.29361085493412015,0.41564513703154954,0.5530336506671328,0.5621982632522562,0.6555103787732308,0.4566083675082768,0.6259475008573682,0.7501630418170725
-0.04982147400950594,-0.14586161300071107,-0.17047937253256717,-0.1958044602273677,-0.15487307705828798,-0.11109553368743903,-0.13941451929257445,-0.12618695790888587,-0.18766133586459485,-0.07909789382180267,-0.19670072272898242,-0.17856322256816995,-0.17749573780989447,-0.16332308397601006,-0.17999556068351857,-0.03184367705367237,-0.03651067247749513,-0.17373760784692108,-0.18029508163217933,-0.044009624718573656,-0.13552401199440461,-0.1445983023414947,-0.11685659321311481,-0.0731367643829861,-0.05997943847977048,-0.11215331446042176,-0.04467069432677714,-0.08232441907942331,-0.16737813041191393,-0.12095002514925661,-0.015472666048446096,-0.06903780914825161,-0.011514050685840424,-0.19735384872326123,-0.06429250853603824,-0.07118014317541302,-0.029179565404628523,-0.036180802807666015,-0.047060045330900545,-0.10328744514992318,-0.12308524597601223,-0.13910555843504982
-0.733162023509454,-0.6993968219264746,-0.6178900173622667,-0.8078928582021871,-0.6852014178747688,-0.6298528918790395,-0.6597090620867305,-0.529488686921569,-0.7286586152137869,-0.5077532413452821,-0.5381700493372151,-0.5805073769366682,-0.5818411910744677,-0.6368079325369062,-0.5509075116246868,-0.6362054377925566,-0.7328675712731441,-0.5374870280043464,-0.6655998378656338,-0.535716085834797,-0.6172615982149392,-0.6203272968290761,-0.49251085366230635,-0.6413942875677701,-0.6497321813350155,-0.5518313912697171,-0.5396611820698543,-0.5205484832219959,-0.5966770347880294,-0.49315307061886154,-0.46347969241821846,-0.4462087436987295,-0.4606779693435769,-0.5008037049980074,-0.4735095239514005,-0.3802110184698247,-0.43178258305109213,-0.48692143686274114,-0.35910894960493295,-0.3575994931760741,-0.368798157843744,-0.42642975693504265
-0.5483166349087297,-0.6593851384522114,-0.5754701688048668,-0.6194510780262914,-0.7035105508242124,-0.7528207151340947,-0.7045922949696994,-0.5898759814478548,-0.6865416368814717,-0.6886525273034182,-0.7569253050289161,-0.7269314943759068,-0.7233083171683853,-0.7058943079399391,-0.727283188389938,-0.6402238594043836,-0.6748651676839624,-0.594976716842686,-0.5587069275014276,-0.6521479940107955,-0.5680404410213209,-0.6230834391031603,-0.5092386997822931,-0.5643262872016666,-0.5976595261253276,-0.47825602453729404,-0.4752756666347377,-0.5190322363500054,-0.6107961868027866,-0.4843334636829816,-0.5918045352961095,-0.5371876267782534,-0.3981207447909796,-0.4887709210205305,-0.5338698706652925,-0.37740051745961106,-0.5436338128772846,-0.44307218731851106,-0.41383125401696824,-0.47022917160805655,-0.5639510495861113,-0.3744717235010832
-0.8255279043307093,-0.5700058096746313,-0.547819241553652,-0.6676768622112211,-0.8327816300202849,-0.5515956796293287,-0.684211523752008,-0.6953176996433116,-0.6366046333076129,-0.5510924440093944,-0.5366284953770899,-0.5453586100044295,-0.5591284445754354,-0.6353886604409714,-0.6714945963224533,-0.6476473810648687,-0.6900816686828827,-0.5107312794746784,-0.570354643972922,-0.6324407221696381,-0.5821271914418413,-0.6181269247770897,-0.48223652639723813,-0.58693737995813,-0.5480813588940723,-0.5478033296933587,-0.49141806216193645,-0.5121704245587227,-0.4353031075624466,-0.42249507295401484,-0.4563888489639686,-0.5702253631821029,-0.3471197695475574,-0.4359686693677372,-0.46364930146928246,-0.5633932087054035,-0.5302117548925137,-0.5282012924879962,-0.46734071054516474,-0.38833778420517207,-0.4208853908915788,-0.5507434960285321
-0.7203270751649482,-0.577333640527573,-0.7483200915621776,-0.7483625201113768,-0.6572656973937532,-0.721046798647496,-0.6771384777862006,-0.735747966724109,-0.6640667094058555,-0.7151929950688007,-0.643788301279694,-0.6783121060730642,-0.725883797289671,-0.5324546039858815,-0.6547559603028572,-0.629318144388476,-0.5313334918691234,-0.5563075172461974,-0.5540057782186091,-0.5176023813745251,-0.5437618218358333,-0.554893936948657,-0.5943641054314869,-0.4951092017747332,-0.5051893301924706,-0.5701920170700491,-0.5079627879501675,-0.5508619183682312,-0.3692394100123507,-0.44500668211603095,-0.40545147426575184,-0.5614077456108435,-0.5097641276627691,-0.40782310119500365,-0.593728383048257,-0.3902233650093111,-0.45004829896963544,-0.5658511828645508,-0.5737125816329938,-0.38075818486844804,-0.5349123541642601,-0.5287590712244419
-0.5666089687943869,-0.6289280210789704,-0.679583577386377,-0.6373886771075031,-0.7165138493569678,-0.5667899749635238,-0.5993062965112663,-0.6580005383127423,-0.5750243142231577,-0.6312879107990972,-0.5827910223498428,-0.7866070078151477,-0.6700272717009477,-0.6285990571822692,-0.6671805117029636,-0.6231293019735792,-0.5879435630207738,-0.5312218067246313,-0.5615509451040984,-0.5197992191569875,-0.5956165085380377,-0.6742002575861287,-0.5894161442107138,-0.5151935273274318,-0.5815530206653253,-0.5084518804365529,-0.4344650211637928,-0.6067721405747811,-0.4458869300838389,-0.46217738179324136,-0.6409562119630734,-0.4011970444644765,-0.5537866781303382,-0.5322366073419696,-0.488094625346556,-0.39032655246770614,-0.5195166653217369,-0.42749680383076094,-0.46883049855018033,-0.503577593874649,-0.5172963701666095,-0.580156304535326
-0.07842011059423168,-0.1970840362514833,-0.1904675903459754,-0.0821213949125609,-0.13346406335779198,-0.13756521895584792,-0.0558827695576103,-0.12093119685743482,-0.10788749291487956,-0.18195855980296502,-0.23307623393849836,-0.19839186916206022,-0.06389701014406278,-0.11734915778065504,-0.15493642763076135,-0.12436975082187561,-0.0666828594140639,-0.13218964285926982,-0.06463607879969215,-0.1936069384811223,-0.12994466882444788,-0.052762978627281756,-0.2084006179663132,-0.04808414412893749,-0.13565346377742232,-0.06141494025705909,-0.08548508304607805,-0.2063070488868307,-0.04863623117902562,-0.07010890115919685,-0.04661753424511651,-0.08261025106557895,-0.16108992003440234,-0.23472413936797512,-0.1752710333681973,-0.15665610022869966,-0.24178126073955727,-0.06823390195593573,-0.05818638742736549,-0.17858509066195086,-0.2068908896368676,-0.1215976945745575
-0.8297542438526389,-0.9718448532294595,-0.9991170011095447,-0.9247311933573611,-0.7410140972642685,-0.7161216101883002,-0.6592471256714688,-0.6367695448754682,-0.36512414569000895,-0.4691209553403949,-0.40776390040341964,0.013575270231845371,-0.12858083521809086,0.25245472935209295,0.254905727589347,0.2987964343040745,0.5212816462000734,0.3830343461265747,0.5514512492715392,0.6020338647296442,0.6690399607881673,0.5260403249064414,0.6527847284103903,0.6000160110899707,0.5055504759944313,0.4742445064133324,0.49460608116662724,0.4905525840276706,0.47296162912993533,0.27631445871512655,0.3109262830243118,0.3228262332992416,0.2280943185160054,0.08890111699948097,0.10007951524014462,-0.002280302374981241,0.013306409631465647,-0.0329680314456572,-0.05891999766173274,-0.08549248243740552,-0.16664438989041946,-0.16058262946833557
-0.9254340767375796,-0.7410617165870055,-0.921634123594727,-0.8154742556011887,-0.782608278966934,-0.9224112022828506,-0.8119625321391639,-0.48193169885357556,-0.3841662341262247,-0.22073583780305184,-0.20088401836357014,-0.2225059624532295,0.15160680830210518,0.10937166338526695,0.10714658695033351,0.35964792279489066,0.5171528582903557,0.5944877151867725,0.7139961061059086,0.6462705512520773,0.5720544614808851,0.6164213149843106,0.6316695483603799,0.6047787066537337,0.5039386449905855,0.4865059255397313,0.420284165997229,0.36043313247908154,0.3238375681359397,0.4292913009832779,0.36546706745251917,0.23427058278294496,0.11072147128819747,0.15516641035130538,0.11411732205004994,0.024438853577900762,0.026273230148720503,-0.03158736128620771,-0.09768350021314529,-0.09873113111128262,-0.07519579262882922,-0.11939059895972659
-0.8614972070638185,-0.8825881069222069,-0.9220988057127444,-0.9962242911305607,-0.8898535753842575,-0.9033340719809879,-0.735857919655302,-0.7013194498212366,-0.5817135203456794,-0.24293675591276823,-0.13535470099987915,-0.0630216477735336,-0.064921905104941,0.04300048140662145,0.3775393597661693,0.48066173520886224,0.48146505958425073,0.6362094178619078,0.5929199987672952,0.49443922695400344,0.5364313795315748,0.6012225817575857,0.617403886116131,0.5551398292516013,0.5412036805913146,0.49271017831375064,0.5036826720682505,0.5240209361388513,0.38125850811370204,0.39029437113385373,0.21451982689206445,0.23614147665063948,0.28416858018941615,0.2451170484796697,0.087712560336805,0.03332241862715466,-0.02315749514187813,-0.0630207393250297,-0.1042670707701346,-0.08846687492673451,-0.1831461134479266,-0.18472544537645083
-0.9641670246055069,-0.8743622906928771,-0.8725211981410861,-0.9744485634388093,-0.9683294584544987,-0.8198704403173546,-0.7424870024662493,-0.6898992243755359,-0.44507141884995777,-0.26580586905167436,-0.46336788511234905,0.028360002813957137,0.061481127148091695,0.1486823757579572,0.19440126970610247,0.26374757804744664,0.4874172308223143,0.5144178455913935,0.5911699577665496,0.5831645402232655,0.6287869419675122,0.6697568382007576,0.5690500040678131,0.504081825749526,0.6562363225563251,0.5483393459580386,0.5025420509146797,0.5214079979769829,0.40583547475250026,0.4029511968462782,0.3073111026735005,0.19735149794227383,0.1618434433885496,0.20219188612701242,0.0861904225257651,0.08401767824354683,0.010764331368167792,-0.08931386734136615,-0.10471481947758152,-0.1507414773817503,-0.1884148844155391,-0.23112519858865743
-0.8564477714339928,-0.9799392588986957,-0.8243842322011371,-0.8561592539406182,-0.7763698785080548,-0.6762472935050002,-0.5871986253038185,-0.654286813709022,-0.7057484535319711,-0.3057672056622575,-0.17718161855408787,-0.08887422229773834,-0.0909276777158251,0.3104117643999955,0.38239901076150407,0.37774638611568545,0.3419893343886034,0.5633238487062869,0.6211726476938473,0.7222806285193814,0.7903855469909623,0.6469294987837982,0.6167522677768222,0.6137628974928654,0.7043755880085618,0.46152079149275677,0.5995550488161706,0.4728787249455213,0.4110830228400099,0.42767939220582335,0.4122999709839217,0.3033075699102407,0.19667065089202238,0.2081503109655259,0.1353274698612264,0.05577523381664319,0.03651430764666565,-0.0412092976982548,-0.03712261731743009,-0.1015932667578522,-0.18612632345416485,-0.16976062944204415
-0.9082386727863916,-0.9605291909570532,-0.8846684322238604,-0.8525683805021794,-0.8753241890976677,-0.7098221578329038,-0.8363266600662409,-0.7188020124224627,-0.6632484569469349,-0.4462446911301059,-0.2126716242197336,-0.22521364651332598,0.07780590329269987,0.2061370337939665,0.2968578585515732,0.4896322890271814,0.6274907522301741,0.6558535052172266,0.5770022328656915,0.6108986382877488,0.6504085002440709,0.8053422274105059,0.6757267452604313,0.589175266397752,0.6865985666779395,0.5893068981110773,0.5859126389380147,0.5911626961072775,0.37969861812828315,0.34124385882393177,0.25166617609701925,0.29210899416676445,0.1817602440594483,0.131390635679287,0.04198674985313875,0.08604171857513544,-0.03228494496427089,0.0015145536366044335,-0.0750437953167797,-0.09860227336210081,-0.2285430518984925,-0.10968624341484114
-0.8679257072759007,-0.9384348517732939,-1.018416060216689,-0.9329976878776398,-0.7739299039445768,-0.7891109036885243,-0.8175423708799288,-0.5597643305022038,-0.6082977108552228,-0.5650561444033286,-0.24476110914226218,-0.22388223441132113,0.01658807485182381,0.08640275070230449,0.3737375031336695,0.4386020730028988,0.39749293552460296,0.45803749368933044,0.7504209381246404,0.7000546736674333,0.7593067356915926,0.6419891996942741,0.652437876418869,0.760238400776745,0.7147204807700221,0.5154503251537521,0.5313555392835816,0.5501380792674763,0.4279788728197861,0.4092045105263834,0.3319476103819715,0.206589812215068,0.28472009386285624,0.2663891514105488,0.11559586980636483,0.07294525596116454,-0.016412269865531293,-0.022775740941632136,-0.12766317603094926,-0.17713798733773262,-0.17585319439067132,-0.19134355464899705
