gfs-wave-data.json
{"header": {"parameterCategory":2,"parameterNumber":2,"dx":2.5,"dy":2.5,"nx":144,"ny":73,"la1":90.0,"la2":-90.0,"lo1":0.0,"lo2":357.5}, "data":
[rows 36 to 53 of 73, columns 42 to 83 of 144]
-0.5124176727222355,-0.4985304731862335,-0.4204423521979519,-0.3916386534551156,-0.5631642621422533,-0.388326814326962,-0.5166187467442093,-0.4543268252631699,-0.33037380982406744,-0.3971026401551386,-0.4082819263866954,-0.2904396299390999,-0.2874940859484299,-0.3733591455811958,-0.358329208258315,-0.18212991541315257,-0.23164052932525334,-0.2604013273436637,-0.2758908846593877,-0.29340533347544173,-0.25629981482787634,-0.40287303913052713,-0.3477125126283806,-0.35859973757749586,-0.4820367378385451,-0.5264197847198073,-0.5318140500620946,-0.658295386528274,-0.7323139805993644,-0.7607337210155282,-0.8903500765299726,-0.8840018575650314,-0.9103105523322236,-0.916688122191405,-0.9223161244180411,-0.676338116759654,-0.8035523197146327,-0.7619678125536277,-0.8151475005329915,-0.5707350488987439,-0.46459309620846045,-0.5505422503822718
-0.4604865570125066,-0.5709470552682103,-0.44123360666727335,-0.4586820174210187,-0.5779621989608373,-0.5104764185244945,-0.394352119327777,-0.4298352010415287,-0.5138592883402924,-0.33908763546539,-0.39721197319944446,-0.3052267105130158,-0.33538796339985516,-0.2780643619582455,-0.23560754302219408,-0.25483015110352253,-0.17789655287312509,-0.26954506620225827,-0.32256559620342534,-0.3106687668382361,-0.30108871029043865,-0.28846062657142474,-0.25598582501324024,-0.2918140744224775,-0.499198008752347,-0.4934930574243166,-0.6164953691850231,-0.7364576959571402,-0.6493589439248235,-0.670043270619375,-0.7719898461767059,-0.8906986562688921,-0.8659250932981988,-0.834427134121689,-0.7434687791558031,-0.8794285975517987,-0.8621326933684476,-0.6986943258329427,-0.6115558768329029,-0.5301980893523673,-0.5325358640333839,-0.5229576402774462
-0.5464630554011713,-0.5607311364905951,-0.4398337579308066,-0.43362130090914125,-0.586071903516818,-0.41003003531167076,-0.5252387925156526,-0.3625145449155405,-0.45264160803723724,-0.40789647907659093,-0.4229996980409271,-0.3630376099179551,-0.2999231751249494,-0.2885299423790934,-0.34730289067990344,-0.17156118864597777,-0.16067285208416857,-0.2785358275481671,-0.1688974119465003,-0.2088563651847478,-0.23390835093054702,-0.3007746389813509,-0.3034271140102218,-0.42838545679705,-0.4723811824781806,-0.5191513945764035,-0.5023300005196022,-0.6217609971273126,-0.818028272383037,-0.7579319609611167,-0.6998477143011478,-0.8404310646651926,-0.9121460823640459,-0.8869307073737135,-0.7198755530331824,-0.7971431640023986,-0.6332837619756838,-0.703605261506142,-0.6951854710244312,-0.6003264284745619,-0.6019111972516018,-0.4603990239526616
-0.404349523731719,-0.42673968108700755,-0.4724642931223531,-0.47231256641875335,-0.43883009945364887,-0.4039364083273506,-0.42913641280933873,-0.38607942856823163,-0.40139855254687157,-0.38858191121749913,-0.3946607478967281,-0.28639979048818387,-0.35395714678938534,-0.31098850571126596,-0.1919311492756175,-0.19167379107495255,-0.20472721826297285,-0.21742677161881618,-0.18892779459482476,-0.19533071667964802,-0.29711647779871253,-0.2758040187020727,-0.24849872091208539,-0.30611492226362014,-0.44727857199466553,-0.5338933580772558,-0.5676230836903718,-0.58835858194637,-0.7179207961863073,-0.8140699465799025,-0.7088645338538255,-0.8358740508608448,-0.7572578839124063,-0.7934338054017867,-0.753643329636994,-0.7962725299360387,-0.6381995013630326,-0.8631015995838892,-0.5875446948775417,-0.4772437771259812,-0.4956003835254176,-0.6609158694418372
-0.38462002601544015,-0.392400019461794,-0.4494573848782484,-0.4094092365396775,-0.4196157591121614,-0.42104517438677763,-0.5173244897550225,-0.4785920628842596,-0.39957429289042223,-0.33049626380982683,-0.3147704440381842,-0.3130580090212839,-0.2181474909105118,-0.25438234534531756,-0.22861091582265602,-0.18941587391023354,-0.22274008414916627,-0.19147040399650236,-0.20201591026529125,-0.2838921766909146,-0.238207358783415,-0.3241836749168416,-0.3130580174329232,-0.362185613927678,-0.4233524098524416,-0.5947835385992719,-0.5129600566485734,-0.5276022685134252,-0.7288811076520417,-0.7711755919634723,-0.7611286674793781,-0.7110279623412069,-0.7160297106963435,-0.7741176012164065,-0.7088427392255818,-0.7144468162064052,-0.8361686624271272,-0.6547389253640482,-0.5728350233693797,-0.6523235209943469,-0.5066474713102257,-0.3762350423777228
-0.3792890238001566,-0.49291245350614904,-0.4556716605294878,-0.46161956467906284,-0.42896965315877333,-0.47712283022172636,-0.5025752821822913,-0.44076864194179316,-0.3200370281638516,-0.4097172166404647,-0.3460668345028587,-0.27838853745753916,-0.18615706580618088,-0.35625837609455957,-0.1532955111402021,-0.2651863581137672,-0.207021076194036,-0.1622975716092841,-0.25756916957908094,-0.31526039627552266,-0.24810050712718792,-0.3053283017205497,-0.3389422154192626,-0.3221481535960278,-0.3385976814120837,-0.5769702780186289,-0.6301487538115569,-0.6318584966740391,-0.7550805266610818,-0.6124727368644751,-0.655233302973079,-0.8089785499642811,-0.7974502093807698,-0.8858073428116818,-0.8110894617760271,-0.7330760600676417,-0.8620878119367663,-0.536649320240875,-0.561552802404406,-0.6225734048119523,-0.6922683312918767,-0.37440041558913684
0.017395164231018383,0.00794112458630752,0.016924539995017984,0.03367882466765545,0.007447531401387403,-0.012692258337642277,0.031309555500660946,-0.04142096893097812,0.02157785214926651,0.015364471758620648,-0.004384653474607046,-0.012403875537427592,-0.019511640078339883,-0.024914799699602006,-0.009449096373010073,0.01334574260262289,-0.03626376987047414,0.012299927026319159,-0.007448745376328043,0.0009329151236501011,-0.003069837460266908,-0.021458698325832918,0.014697439015506769,0.015347542044319575,0.04582659139685134,0.017617952547285428,-0.005211674536804826,0.01270397285026273,-0.0004665844626544684,0.013603741027427098,0.00914317266344353,0.023308558507227482,-0.013672114190662641,0.01471672956869659,0.04111715344799456,0.01346539912179315,-0.017311821329972974,-0.029794265938232357,-0.022568877077206145,0.019718924271193622,0.011964038037791508,-0.004331141707298899
-0.7438399422359002,-0.6919153432684401,-0.5765395389108907,-0.6181006839917985,-0.7467474850870235,-0.7573249361957123,-0.7149899066797419,-0.7268232520369167,-0.587180668052395,-0.5281453841306272,-0.6026972121712484,-0.7593941113938517,-0.6645538032962697,-0.6908304210795694,-0.6520040938522988,-0.6378747735647907,-0.6441869740502038,-0.6369074844097858,-0.6215516143697104,-0.6155711267384737,-0.5382114486447516,-0.6442129397833454,-0.7511459478172156,-0.5910536131936328,-0.511477521055383,-0.5029320708872065,-0.7164429187037037,-0.771482802131106,-0.5122270514158411,-0.7074553204251905,-0.7392555038538235,-1.0788482917680373,-0.9915506228556227,-1.004802109207685,-0.9743185866985845,-1.1040390378744127,-0.9891389559853055,-1.0668455639300276,-1.2088461861085313,-1.0859456250506563,-1.133404619193937,-1.0724309250333752
-0.7334844890314917,-0.7752870734799758,-0.7294117254631706,-0.773705625534315,-0.7050242587628538,-0.5434543988732697,-0.7963109305768258,-0.6556538910020084,-0.7788300532131617,-0.6225313279920557,-0.5876620255830315,-0.5448478889226782,-0.515889522228215,-0.6311286523880301,-0.7041263951685354,-0.6088607012093459,-0.5296755098563827,-0.737719171828641,-0.6529052533385264,-0.5077585056825031,-0.4826525844167997,-0.5659424196960231,-0.6940874133995207,-0.5775640718064144,-0.5244694360830334,-0.5992999780159474,-0.589180278573243,-0.5943294814599392,-0.5891789682266788,-0.5002287766432482,-0.7055849672943848,-1.0348076262361605,-1.0315663838275502,-0.98640408561047,-1.163023430399562,-1.0276053087807813,-1.0990380208351986,-1.132815870143416,-0.9600053785387141,-1.079220467466617,-1.211788859981952,-1.1128373093116712
-0.6645609022472401,-0.7479239203097127,-0.7578597363688085,-0.5948177418922701,-0.6615462243133379,-0.6153697959262553,-0.5351674703347337,-0.7295393820947443,-0.6080594953828067,-0.7726139746621803,-0.7375691591998954,-0.600223943490338,-0.5259206772817817,-0.6880298137337246,-0.5524804646771815,-0.6164797144452037,-0.5415471201393632,-0.650313462144911,-0.72207211956629,-0.5342319967289956,-0.6123984526581289,-0.6456733605947579,-0.6361991064608198,-0.5826391915978498,-0.5171882201901205,-0.6380483824082078,-0.6163098001878348,-0.6339360070472833,-0.511093123219125,-0.6236689472842093,-0.4893931442742368,-0.884550896162056,-1.026177697730796,-1.1865629348761686,-1.0222972258457335,-1.1850451897907555,-0.9597327638255078,-1.0009184039177608,-1.0558272982082941,-1.096606688165335,-0.9976331895310571,-1.1592447731448046
-0.670569292243722,-0.6276149288935672,-0.6646658712218072,-0.8109539285045875,-0.7677208315296867,-0.554086168850662,-0.6831364461308044,-0.6168417117460548,-0.5936111162843732,-0.6517226860783549,-0.5682072245722577,-0.5849228994549046,-0.715107942219337,-0.6107995135987049,-0.7225363573236037,-0.5777318938234776,-0.5105864431563126,-0.582107979706556,-0.6774082229872018,-0.7451863912646622,-0.6262407842663337,-0.5023927491152528,-0.5656517048203695,-0.5918902105814938,-0.7024637980463695,-0.5012134667072426,-0.7007023452558283,-0.6342103611287405,-0.5711147909895471,-0.5933866589128306,-0.6017794715578711,-1.1106575440256834,-1.0411499959313189,-1.0468516132060846,-1.1568051060387199,-1.0544553684488576,-0.969227463275352,-1.1041863093333757,-1.0979760938076732,-1.107420820449073,-1.1019299167189445,-0.9755486611533385
-0.7465387563037343,-0.7525188425865555,-0.8342094300626215,-0.6981962549275715,-0.549099960240813,-0.5204340170234809,-0.653074234678238,-0.789303179839363,-0.6421842917340781,-0.5808084945144211,-0.6174317678493118,-0.48968079723241514,-0.582213390158674,-0.6272052125945013,-0.5807333920307833,-0.6431037016771384,-0.6245816180947075,-0.6415788662427616,-0.7060971138372782,-0.46190150808578345,-0.5814740270749714,-0.6670001693549098,-0.5611766876813591,-0.6173174264569725,-0.6558733453071748,-0.6133191242091769,-0.48465088633293885,-0.5705202243899893,-0.6324092121897643,-0.5054455135444772,-0.5880646241314854,-0.9423820112412903,-1.0007760209468228,-0.9541605328245826,-1.1038078538843414,-1.1081141948170823,-0.9241544239985482,-0.9899903995577195,-1.091995580216135,-1.128680775994098,-1.0719724433308206,-1.1347215572629052
0.0008446661364285463,0.018728093044467133,0.021245306966211464,0.03584698616992855,-0.004445582817680093,0.012991651840233763,0.0030518453203644737,0.001231561947921584,-0.01339376587258638,-0.002077627847946918,-0.022797607581373024,-0.0015594432878266403,0.014610241705264116,-0.006156601723859333,-0.03820956846117146,0.007097409753548442,-0.012181362628191918,-0.02456234472388914,-0.005768595147000971,-0.005009046844252405,0.021686881968042755,0.025126851223831223,-0.021980719868823582,-0.02859676675573231,0.007762635855693687,-0.01172218450958839,-0.011264724937535019,0.012007107522960971,-0.0172900135669781,-0.04128364210705994,-0.004348801384745027,0.03763725715705094,0.00022840739939884632,-0.0034981232539594695,-0.007499452510005392,0.022489199189544316,-0.011724444751804595,-0.03674949574795525,0.0006835918885140726,0.0058786595393579555,0.010083236398954788,0.015137798418781637
0.8161176660627818,0.7076350083174634,0.7759083133096167,0.7610582871558573,0.7564863942802866,0.6095833054798587,0.573699293959551,0.8240584895312196,0.6514532367929606,0.6626085223406689,0.7110826652466179,0.7453882955955901,0.7433071868408845,0.6207849058799939,0.7876206120769009,0.668740479817622,0.7704670292444448,0.8500178470375719,0.6796814434954035,0.7824467834629258,0.8661466781104088,0.8925758698843433,0.9668258294385326,0.9557913709564484,0.9611667620748298,0.9489955710496261,1.107440462926303,1.1839863806247182,1.0244617242262122,1.1942976226317574,1.2451736964998015,1.106066401278173,1.1519314372184544,1.1387888281341902,1.1058812437092174,0.9113814376579509,1.0817176075138328,0.9909221840543253,0.7772467484736681,0.862388185197514,0.9621535716697969,0.7209432176319168
0.8206442399743339,0.8375527486222121,0.8335619299587022,0.7013059047047561,0.6568034514475144,0.7452469778874502,0.6163111080799791,0.6620035004671524,0.714018989971072,0.5988428583201952,0.6790680520694775,0.576683903509298,0.5563480205928797,0.740592219929253,0.6483051140814382,0.7319703749495364,0.6686665904894818,0.6691586228164582,0.789185676050798,0.9022140450662184,0.9654651959928865,0.8345711283810933,0.9670789859476384,0.8410273043683287,0.9438265458934926,1.0116314450016974,1.0891646577682257,1.1391650124561632,1.1008545234239644,1.1769909917112271,1.235477297587771,1.1649072348931924,1.150772489711928,1.1669671500757617,1.048077343703555,0.929770009602797,0.972048866292433,0.892476233012383,1.0013036402167343,0.8559621311329237,0.7922493374523684,0.7793622155807054
0.7063507678228969,0.7045790270715063,0.6842324103089575,0.614051247105419,0.6027307233865279,0.788043147736613,0.7092733104155345,0.7497021219224871,0.6810213002405141,0.5910166630730559,0.5582655370977025,0.7754898133324056,0.6467794982777361,0.6182492016377048,0.6263814442800323,0.7226359098014306,0.7658587251343288,0.6817250730175216,0.8130494665854073,0.7400394496979528,0.814210563732781,0.824244618945111,0.8890887657526293,0.9168374722835938,0.9821569284877333,0.9485436410326864,1.1313624345088353,0.9690793992180602,1.073312630186125,1.1580629871194967,1.1429429497838581,1.04875525475617,1.035280542765644,1.0613746894436349,1.0143055848434408,0.9090216095352911,0.8960329835447104,0.8510466968768561,0.886093399042687,0.8093565036012375,0.7514706187336768,0.7495290566289455
-0.007395438937353267,0.017778503057275442,-0.016172371191840992,-0.016933839688136748,-0.007612628969865829,-0.0028071002373184404,0.015388685431741404,-0.018704207634825155,-0.008185046056007634,-0.02091639161110446,-0.00239591644820548,0.03095704517417071,0.0003677593597775345,0.010030257333285074,0.0006622345417564035,0.024837289816251773,-0.01801126532149122,0.024412540801979323,-0.012502400993718748,0.0034296060299183677,-0.0006287739049979461,-0.01219114398875874,-0.016356985664710715,0.005090707979730448,0.008763019519136593,0.005338626142300174,0.024858760413465828,-0.013904374368326632,0.017532159629736286,-0.006182386092770399,-0.037682274063480486,0.00810909732497925,-0.006307975801874659,-0.019517178059375334,0.003678678585005316,0.010464749075269265,-0.0074434937196728125,-0.011011798327267714,-0.007037178136653542,-0.007213347081154141,-0.022969465224903937,-0.007596052202310818
2.523191697546188,2.4515244655819073,2.411744768910702,2.2039241236882314,2.3553317997511747,2.3107587042893667,2.307411318520367,2.325582378210014,2.168420191619545,2.2161432812687716,2.22656941336065,2.233478916463643,2.1008223643266244,2.0579350076766043,2.128319972164964,1.8177945984882304,2.11391875562173,2.1993488646756765,2.0255951527452214,2.151903608761608,2.0821317582815007,1.975056969613059,2.125050250845157,2.06772011429512,1.9989320539277387,1.8630804282406657,2.0207634738980014,1.916298004683289,1.9462749089011262,1.8215367309151147,1.8099615395410056,1.7597463345942692,1.8659713683923298,1.814828973464914,1.696641761348129,1.568525403987309,1.5730019710973882,1.4456746306571306,1.6144933526180079,1.398960827506398,1.4395504264377614,1.4432654879675404
