gfs-wave-data.json
{"header": {"parameterCategory":2,"parameterNumber":3,"dx":2.5,"dy":2.5,"nx":144,"ny":73,"la1":90.0,"la2":-90.0,"lo1":0.0,"lo2":357.5}, "data":
[rows 19 to 37 of 73, columns 84 to 125 of 144]
-0.3754042389736303,-0.3421387150769225,-0.3246083942043617,-0.47105581613087777,-0.326720151230944,-0.3570675756955116,-0.37311552848709384,-0.30693166670552613,-0.3829094146967835,-0.35601040039803944,-0.4621763184961232,-0.30473823339116196,-0.4074453904729995,-0.4226542317268427,-0.3315478743687425,-0.301905297667946,-0.28928916334363525,-0.34485717913492403,-0.458839679955268,-0.3391835827037772,-0.4098394254281606,-0.32445349937985074,-0.3142928348720198,-0.36425510492499746,-0.3303697194663616,-0.39246770826359606,-0.3180717613320403,-0.4281752331817019,-0.4737882531443492,-0.44968479179550613,-0.4336109247857438,-0.2860303009449206,-0.37481025615632013,-0.3828125228880661,-0.3972960235273984,-0.38110047111700124,-0.32471248014859305,-0.551448559596222,-0.5418310047085801,-0.28877101515130865,-0.39448521585619206,-0.4645252457351764
-0.42671348215323057,-0.31284870218691346,-0.28746118018182054,-0.4809066407518844,-0.2991588469626181,-0.4199667763694572,-0.4722085447879222,-0.3828667730391682,-0.41386684553484837,-0.47072176709008967,-0.31909561700489775,-0.3957385649111657,-0.3183950660379342,-0.4876479582139935,-0.47361996259395533,-0.30477584607843033,-0.3422471809209822,-0.38364867268896813,-0.45663432575826435,-0.4274732980309471,-0.4291387792930989,-0.4046026499109992,-0.4158639518115537,-0.36157518531948035,-0.3145907339985923,-0.29797266499612396,-0.3164221525599298,-0.3918656166985189,-0.30140740028921476,-0.44076548734962995,-0.2926395927027759,-0.2966984587346747,-0.47046050630884134,-0.3821225130707911,-0.45293101603903996,-0.4827186282169675,-0.3476321924454556,-0.3337658736827231,-0.38045937425246934,-0.3105523201301482,-0.36052863152581,-0.3942072167474223
-0.5839322245384705,-0.46438018580581336,-0.4127525476101244,-0.47388702255475507,-0.5838661483193833,-0.33781713751872594,-0.3578097704411403,-0.6179935630126658,-0.5914153505976796,-0.5850978211295377,-0.5756452592277527,-0.5341407580718225,-0.31449351576035817,-0.2885402011821786,-0.5059726481041666,-0.2338406641296353,-0.2616329483394917,-0.16264075786034607,-0.3983396510090923,-0.3529551650314021,-0.17557557097558676,-0.07937185172804603,-0.1194377319963533,-0.14358404274681844,-0.09247535005953324,0.14949890282328607,0.1727766477387859,0.20300512936586962,0.074281346499342,0.39837878339207883,0.503708281686277,0.4330186818272262,0.3461235539972734,0.28402654889189294,0.3313258965213381,0.7215092204799093,0.6873040457071428,0.6481544188196763,0.6257356881661935,0.8633884895503982,0.9251366570402589,0.7634377483283952
-0.3290452391848808,-0.541529492631821,-0.5089013757052444,-0.5128503199843631,-0.4238573501925487,-0.4868937472674313,-0.5795564198103562,-0.6059465375639224,-0.4874780245999484,-0.5409613323376423,-0.49426807888233787,-0.42394107974396894,-0.30042084566027527,-0.43625000862888474,-0.4399787546394394,-0.3550204694322194,-0.2986615205971505,-0.3391705967737383,-0.33754521299469536,-0.0470180525969207,-0.011883978389055697,-0.07707226963275393,-0.2747154046378108,-0.09489994059590454,-0.11864785836633304,-0.10756583754361511,0.16424576528017246,0.2881669661600225,0.19167258582047073,0.231592436212934,0.14940307092942426,0.16387253049408163,0.3007741952382577,0.3746981905843856,0.5740253795410702,0.6005814513705526,0.5063144711272332,0.5770799515252565,0.7165645991865088,0.6801101951424117,0.8715519474867348,0.9745426254127499
-0.6435904587967636,-0.3441042654542207,-0.4859729808015552,-0.39035951322180384,-0.44321583171631124,-0.6407868555339349,-0.45739549474719615,-0.37746517565147014,-0.6814670006215122,-0.5285466179920001,-0.3053089905425407,-0.36868372759552187,-0.5486184021313641,-0.4228063368897588,-0.35762620959469665,-0.3710952261300323,-0.2041221923139279,-0.15561412367529823,-0.198247908564071,-0.23617867114488256,-0.14337550558694762,-0.06850506932013177,-0.24018381010058493,-0.03584575063760356,0.12988108931946404,-0.0370408281153103,0.1824092705494422,0.03585973037098075,0.10635820203737369,0.4269168397819708,0.42445920983126423,0.26291336314517577,0.47511916109602653,0.3765724853601799,0.48321219323629866,0.7234388895507624,0.6571175800972061,0.552730733881162,0.582764204907575,0.6303444035482836,0.6823129847858834,0.8302879073677154
-0.35757883416786157,-0.4114694183393621,-0.3483791131058819,-0.3491537864992028,-0.31430621423158694,-0.3432261205834352,-0.3288130768034151,-0.33895718232951394,-0.3461067436735353,-0.3248340570410177,-0.4913169183516514,-0.3227703647732797,-0.335074772879256,-0.4491270178232395,-0.3425525047696165,-0.3249265706376498,-0.39492331414739956,-0.3285878447594034,-0.4598762316940713,-0.4699294745356003,-0.3091536754626625,-0.40512001710470436,-0.3698826480832195,-0.4674410449088293,-0.4203362727804144,-0.3317046428942147,-0.3620190584597839,-0.4124845560769636,-0.40411481927575416,-0.4196165338802454,-0.3690210720453922,-0.39721283351831393,-0.3383798419749046,-0.437737166499777,-0.4193670954268318,-0.4644973814985715,-0.3301969334272611,-0.35138171865874557,-0.32292189832067003,-0.4644374178469736,-0.4662420198895056,-0.35429589676636475
-1.0220615517627043,-0.9339729581279305,-0.8995507571731481,-0.7961714674899195,-0.8832466722994271,-0.9731057874724061,-0.7871295757949698,-0.7402419650405995,-0.7540252047369854,-0.9028985682359186,-0.8624648800020063,-0.8562876739141674,-0.8358169007541436,-0.8183757488571123,-0.988886682693213,-0.9303946860772238,-0.7839480477765018,-0.8865823922077325,-0.9153616986435134,-0.6655200317750305,-0.7696357627723077,-0.7002820383268609,-0.7172569315341233,-0.8382315244671491,-0.8038540101846173,-0.6632472294518923,-0.6485551751087483,-0.634499665087583,-0.5772953526053382,-0.6175937834712207,-0.580375439182136,-0.7232029127747837,-0.5990646023590331,-0.6227805679865264,-0.717156435713164,-0.5580868711693873,-0.6102619080783718,-0.7881269710346751,-0.6399184478929929,-0.582149893407238,-0.606120261638845,-0.6754035327773514
-0.9092844754978202,-0.7567011846740849,-0.9033406030738489,-0.8459683578479289,-0.7787596636221713,-0.8636038115930489,-0.8913649793240267,-0.6626159172325531,-0.9266108382163736,-0.92331246358193,-0.9626378972074918,-0.9873018617839394,-0.9086216144038443,-0.8622485410261937,-0.7782501648180977,-0.9004756385578815,-0.9130759385657063,-0.8442128413010463,-0.6375886214054813,-0.883422814950559,-0.8184984451631212,-0.6512857768251926,-0.8753241227021685,-0.8114151290993565,-0.831891815674913,-0.7278926675848323,-0.6040216921039416,-0.609561302951147,-0.7478416587717124,-0.7233512661274768,-0.591631219182803,-0.723610503051119,-0.7163959751761528,-0.5310905960990449,-0.7302331250305114,-0.7089485242655584,-0.6146238024831459,-0.5159873432707661,-0.5156580396674326,-0.6563917034529619,-0.7704839389459399,-0.7540028368151984
-0.979677939375288,-0.6795441374794664,-0.7937963085102523,-0.7934444379264562,-1.015734930858778,-0.9266570617162055,-0.9968741123913526,-0.9060684886700835,-0.9022309680436129,-0.9454643723855927,-0.6646924671313587,-0.9681492492332825,-0.8633430285561718,-0.9126071735643049,-0.885001241996094,-0.7236476688449142,-0.8618942726068478,-0.8704798580023628,-0.7494205569584077,-0.813928113877034,-0.7816885905292159,-0.641976109475485,-0.8762141591969367,-0.6654545220701701,-0.7758375893952997,-0.7594350447942727,-0.7211709128471622,-0.8501399034750349,-0.6853008837974472,-0.5755146096503327,-0.7055712771147244,-0.6278828145639794,-0.6541129550309882,-0.7285811561310599,-0.5772322601202702,-0.715502071696444,-0.6772859426794653,-0.5928467515268765,-0.6906138064780697,-0.752724989764295,-0.6872593528763793,-0.5966210098152517
-0.8797460726068372,-1.0509737832498087,-0.7329973755180026,-0.8937254655055271,-0.8818131520023125,-0.7553572522819455,-0.825844812797747,-0.9197335013453918,-0.8827974718599956,-0.7877889939997785,-0.9426085991324508,-0.744002887319855,-0.7686247793383264,-0.7738645655031341,-0.9692292548922423,-0.7188744031515821,-0.9654838372141369,-0.9130084998366583,-0.7040744889652497,-0.7080522706595979,-0.682326069650862,-0.7146399488993616,-0.7127617079591885,-0.766925712771392,-0.671057212155575,-0.779541606835351,-0.7545874632569627,-0.8883244402068189,-0.7413288838754793,-0.7775006206562866,-0.7936846331401202,-0.5479390191866567,-0.7770421269024024,-0.6045015983468334,-0.6343717775481719,-0.5094170865139909,-0.7106759151171772,-0.5726646973047522,-0.5819038538354694,-0.684636499662516,-0.5979362965034191,-0.5999188978353494
-0.6923086171945537,-0.7204710773129226,-0.743103195742508,-0.9678957121965465,-0.9072808660827272,-0.7089611608674146,-0.7986155535917228,-0.7713734064596387,-0.9722348800582987,-0.7914027613762336,-0.8102920850209849,-0.77924492715427,-0.8305101422615637,-0.9392103507015799,-0.9698143994923725,-0.8882577080178643,-0.8707289460714308,-0.7472811343627183,-0.834699345335472,-0.8590161941369298,-0.730014574815541,-0.6676712821275081,-0.7020436706025442,-0.752337008193045,-0.8715772652861056,-0.6392827434947909,-0.7333033410964834,-0.631142457687191,-0.640519705492064,-0.6480775914492798,-0.5843204993232604,-0.6032654821750669,-0.6123843729768257,-0.7834638023010645,-0.5574552597807703,-0.5565375166347717,-0.6967588174244601,-0.6940591167924369,-0.6601166743499808,-0.5917951602223227,-0.6006842492675666,-0.6730428418290971
-0.28591090229098526,-0.4377586106030125,-0.41946314634034476,-0.4163433742639958,-0.3949320047231212,-0.413147293352546,-0.338233738631535,-0.46186882831085324,-0.3666745329050465,-0.34795522941303136,-0.45869293484208945,-0.3399551728018927,-0.29797058672121224,-0.45945333812610967,-0.4027954379304353,-0.32067643980461724,-0.37915648694187937,-0.37150255106863855,-0.3589270318123742,-0.3563224760297553,-0.3944063883254285,-0.412688570346023,-0.44242003376487127,-0.31979272022855304,-0.3949944185247408,-0.4241811209059611,-0.31908291860519294,-0.3822477904453997,-0.2903216310639414,-0.46050484632440386,-0.28637446893679996,-0.2893618789197406,-0.37325109081684577,-0.32206278707197744,-0.3540993003251036,-0.3793341446380048,-0.4151155296207324,-0.44866168380636484,-0.43517159305725184,-0.40669225600317316,-0.43510667600952285,-0.4199967244084749
-0.9848222310913738,-1.1000122346986267,-1.010877921029306,-1.0407412052550238,-1.0876562182450058,-0.9911942488593931,-0.9784750734364441,-0.619616390197171,-0.48291636256249987,-0.45811466727280653,-0.3602560563272475,-0.08937750820767751,0.15953846645016667,0.3395185290990609,0.5006212725799012,0.3454836658476532,0.47177164484919293,0.5990800090084231,0.614644794304508,0.8288855412416709,0.7749358670024815,0.7873681662568432,0.7022066574994139,0.700449490249419,0.667574685259334,0.7877519227307973,0.5724424457279659,0.605829895581029,0.4787883320629575,0.5767757841157143,0.48494047354550057,0.37431649436678477,0.2800696545086175,0.26582917363684616,0.13979365059964727,0.1177766059212245,-0.07221919972541929,-0.07372944856944863,-0.07469010045221865,-0.1463121995298466,-0.23514718658859154,-0.2221965215065011
-1.1080995481629041,-0.994518200756924,-1.1109486616911017,-1.0747612873973755,-0.8370170557240539,-0.7996650050879637,-0.9015354977387557,-0.6826556612831751,-0.5845357190052791,-0.4053493294347275,-0.46631981799101563,0.03176503297023546,0.11813105806271798,0.19266363047682022,0.3861529097483687,0.49885519079914575,0.6672230219254447,0.5528807994282221,0.7925081260658579,0.8076338733258237,0.9022542417290406,0.7294482437994123,0.7489692872883175,0.765296661415164,0.7861296645012176,0.6378545665971427,0.6263448813046635,0.6505763980363051,0.48748963336157985,0.46624864997809046,0.4115490047997856,0.43228496040393655,0.23047727103466303,0.2322215988621815,0.18976945406640836,0.176210020915955,-0.0064792486507368385,-0.057423716604674484,-0.12945747725790913,-0.19859935096865497,-0.2576426931110438,-0.2528454793312172
-1.1259291503659872,-1.0486985469337269,-1.002605159162087,-1.1318616929776815,-0.9648724200056377,-0.9748118785803338,-0.9622040195895274,-0.910240283520788,-0.7993862237108635,-0.7152215653608066,-0.4247709031779287,-0.039878205717434445,-0.15639170401844157,0.3359223293250331,0.3947078513540226,0.5828137532752209,0.6192381137712313,0.60710620600386,0.7708887441925376,0.8403610381583032,0.7522310372736674,0.7589704717676655,0.7513762429680705,0.7250982158653896,0.7215587102778335,0.658225144189514,0.6512966155167388,0.620935368601855,0.6377361276544233,0.5290630939348819,0.539003106146487,0.30481622669477715,0.20092258972093263,0.19351694549897194,0.24069915614182816,0.08591693708632706,-0.013767573258250553,-0.09965731251982621,-0.11164402383392623,-0.1757661312563232,-0.29201399983749976,-0.2511274411844992
-1.0493175495822744,-0.8668860473459082,-1.052591598377033,-1.1116879573107519,-0.8221771638346194,-0.8047832224827246,-0.6921329207432074,-0.8707562607601951,-0.5408154363866852,-0.5504546741847229,-0.4845699110953724,-0.25538211929681676,-0.06194394443696582,0.3243941441958517,0.4578026672398861,0.3934224422282671,0.5747790874723081,0.5983008820640187,0.6508458700105373,0.6563487323402496,0.7257376671839831,0.7316795980398407,0.8307726445979187,0.6251041867451148,0.6804000257814894,0.5964499832515108,0.6077687345665991,0.5532472940276465,0.6606515248676089,0.43421126829415646,0.44385847024000097,0.4107595573900751,0.17608922460898158,0.20262087167142312,0.18512674650915006,0.06363133744831478,0.07287569263693545,0.0016460957355260725,-0.14469966177561538,-0.17651749679679246,-0.3011665500763913,-0.20844572621759755
-0.9175279204759841,-1.1568172540379393,-0.9806233550479007,-0.897491297062631,-0.8964504577592298,-0.783545864319289,-0.8181151449062624,-0.7448186127718444,-0.5539549967463759,-0.36166982610569964,-0.4741831754686496,-0.067475999062526,0.04389844700691343,0.17845593735112367,0.15059263899572262,0.2680379442174844,0.6537001784180859,0.7440579446647576,0.7164646514295366,0.8153915841699764,0.8542165602497694,0.9126017512736974,0.8215613571362167,0.7204692829115319,0.7219845039364311,0.6534054523959216,0.6298284384686117,0.5270864083635154,0.5574926140883993,0.5566919936366087,0.3941203996512376,0.2644817524780416,0.31409232185771097,0.18801567513611206,0.13586939218720714,0.0022192373741017945,0.04772588145505118,-0.09384420588658011,-0.17091394935789933,-0.10416357062866552,-0.28954619055661024,-0.3107161720171572
-1.0902639082379912,-1.083921036477014,-0.8442239178784645,-1.0229937139531589,-0.891316542466103,-0.8152591529959694,-0.6100222912741309,-0.7256731764573409,-0.46767756568020746,-0.47193829284925387,-0.3500355792491537,-0.19547243365786035,-0.143428443994718,0.31883561504246033,0.27152664760589074,0.3993378208513829,0.5557145997323886,0.7539914857698304,0.7538395698247996,0.800325424651077,0.789135119508822,0.902905052238573,0.6927913771327319,0.6563777896103696,0.604485019528873,0.681273328477333,0.7387845132278025,0.584395277621979,0.5934777563904085,0.425995002512232,0.3456757818819761,0.3126527348326773,0.2210666856318689,0.24397426143482254,0.19514978971474192,0.09021744742424863,0.037073359776687465,-0.06138450465550438,-0.0712736140745919,-0.2430628658303698,-0.18274689500179017,-0.19817065774412393
-1.1212227512598023,-0.9301744417807818,-1.0488966472851153,-1.0315937618005322,-1.0131361982423943,-0.9689858820331039,-0.8552141564757605,-0.8001158243352889,-0.5585993308074753,-0.41237507055636347,-0.22725861324023292,-0.3633752438114778,-0.02736982208968282,0.14069295038210813,0.429464315756332,0.3446690346324621,0.6008559507142673,0.724835591973009,0.7647083993626129,0.6723148493260622,0.6984903915234061,0.635643207891978,0.7109434745985566,0.6781953429613945,0.6715588028231563,0.5897756998054522,0.5559957138015011,0.6032329003990559,0.4745685744467708,0.44429160442712673,0.452394210825836,0.30908049681805877,0.2532135212961546,0.1666533946716219,0.19324953522523375,-0.005005116656929146,0.07179711814368343,-0.12443992238897042,-0.13965252404520873,-0.10182191975533625,-0.20529216645516737,-0.2764297396960555
