gfs-wave-data.json
{"header": {"parameterCategory":2,"parameterNumber":3,"dx":2.5,"dy":2.5,"nx":144,"ny":73,"la1":90.0,"la2":-90.0,"lo1":0.0,"lo2":357.5}, "data":
[rows 38 to 56 of 73, columns 0 to 41 of 144]
-0.026757214939500944,0.024718586020884257,0.4011010608396135,0.29304763794411615,0.3360847687665704,0.5781678573321121,0.6430420182479538,0.8005939991997981,0.8217962162257337,0.7806554674495041,0.9475314041419121,0.9681280410570822,1.074014490853649,1.0004456595715576,0.97901231724082,1.01573427886853,0.8643092606802405,0.9196085578101976,0.7011689990565313,0.6910487576287877,0.5012373031945593,0.6440588970438619,0.34725011523149074,0.27161618822682826,-0.15876369762028952,-0.20340161569269985,-0.32416891960734956,-0.5112080487254342,-0.4437161590640831,-0.5241416092195623,-0.6372406486202028,-0.6787993686356912,-0.8689086779292848,-0.7132808745193283,-0.7015141668957754,-0.7628902770207427,-0.5515025301365983,-0.5893433207232158,-0.48801927668911727,-0.547572037627054,-0.5596077707144316,-0.5519201806854969
-0.10093264089399517,0.250771221986241,0.09157231247028651,0.3645977413669999,0.4687863820630582,0.4244195283242612,0.7552305979310922,0.6989030931091856,0.9214355605346506,0.8412370285473426,0.8870874014514053,0.9154362611651149,0.8409561841522067,0.9703649849370821,0.9822049826973468,0.9349897779315826,0.7856292371742541,0.9207697289424491,0.771111217793648,0.8225226738649831,0.5712569827818599,0.3006905139585384,0.11400929898596919,0.27337539869260635,-0.024869398165941376,-0.11071677954139109,-0.22223714314429083,-0.4271031442141946,-0.41305115811549353,-0.5161016466352555,-0.5200259048523022,-0.5837422718282401,-0.7721395178113881,-0.7149612937026274,-0.6723289805247445,-0.7354328971018405,-0.5958913957648545,-0.6071402830938196,-0.5461241709709179,-0.5316363041317252,-0.5672779980559529,-0.39725236388953145
0.07277898943615897,0.04994754584055222,0.15062846574868222,0.3018235804254614,0.5249179957496743,0.7085025353006091,0.5055380612357459,0.569072880538906,0.7838979873242619,0.9239826401687317,1.0150140133154515,0.8733019329319989,0.9645977416747603,0.8998185095944333,1.035677923074287,1.0217472264516352,0.9322890046193946,0.8926946287506392,0.7107411827846053,0.686424568437519,0.6317889147261716,0.49890195569157747,0.3848043725912058,0.16604896126334423,-0.11681144820051907,0.04396105573057861,-0.3648395600828076,-0.5099589327958911,-0.5409608336546264,-0.5860564364581287,-0.800540767660276,-0.6518845675490076,-0.6065432618678812,-0.7453581474543075,-0.74791521271583,-0.7915479534730853,-0.5684363468862234,-0.6444282637413881,-0.7286197150461092,-0.49657751869357825,-0.4679573120753854,-0.40877383280144863
0.003455771851879317,0.26056576842194323,0.1797039504311639,0.2595544656587658,0.5230176094276525,0.5390236497452262,0.5338877166459133,0.8018054519206134,0.679002617435162,0.8738580034606274,0.7369639129091072,0.9380146859200174,0.9975090069371314,1.1076756329200517,1.0624621322487635,1.0734884635795952,0.9487708808219145,0.9188535247858383,0.7967975915849838,0.5852100609339005,0.5236512385279779,0.5728626045060484,0.331522401635584,0.3358560784046244,-0.13441551201166982,-0.01042138953228052,-0.1640628769520333,-0.33066565946776294,-0.6590495812347287,-0.5956289143666346,-0.7393208803416201,-0.5929839011838859,-0.6756725790083554,-0.6087627698689432,-0.614295573352465,-0.7586282987557716,-0.6836455340951746,-0.6017532861623585,-0.5868250409096608,-0.5322934279672804,-0.5000501009306757,-0.46392019431398374
-0.21918283091003485,-0.28959375063406906,-0.23727261311219924,-0.2707908114495088,-0.2788264965540948,-0.33402093802543964,-0.1618304696291855,-0.22695070478006235,-0.3335922282316249,-0.2123531821721652,-0.3096556845215434,-0.20477591034219955,-0.3326672061758293,-0.15720870892699904,-0.2996102217660964,-0.14984353094326638,-0.2118778363490187,-0.23855492467989428,-0.31451108879817596,-0.173321719522331,-0.1951597004204726,-0.1745812943533779,-0.16438146348630014,-0.27317489930942385,-0.3405302795758427,-0.16541572523262257,-0.3015272021705316,-0.21722281455336484,-0.3418232895018986,-0.1727265933000501,-0.21689130133540171,-0.18610587845011559,-0.22778640968487363,-0.1524268400134398,-0.20068977827027085,-0.19832498260797712,-0.21974430070497208,-0.22121095784616523,-0.2600141038402767,-0.2574216027425055,-0.15739362447509284,-0.3017913930699018
0.5871603847903324,0.5798555607582461,0.6146003871308434,0.4318885518302083,0.571671870235131,0.6197913679174727,0.7829287455223185,0.7378130342423189,0.600512378865649,0.5120349425747145,0.5270629942526214,0.7850931423025862,0.8455887635020768,0.7771060831091634,0.8654380458337029,0.8506220998367126,0.9506605953086779,0.7328148312342585,0.7701828924976488,0.831928438800364,0.8441460483448933,0.7827805488231449,0.8620472126477793,0.9866840984740012,0.8771667154353981,0.8536185561526218,1.0744961981628913,0.9960579414921147,0.8337003107961586,0.8784989871418267,0.7908869646343181,1.017350921174317,1.0546431793766393,1.016727301104588,0.8836595492663464,0.8149038876807858,0.8659504893360872,0.8083967782567001,0.9048192203175437,0.7570636317371051,0.9126397574464555,0.8629445214653936
0.4863231617646278,0.4555094126947397,0.5404410518559197,0.46211853925671603,0.6080777773579328,0.5484812195812341,0.5143177175412148,0.6818237197457006,0.7861698274611906,0.5668231653921794,0.6483347121100501,0.8744286160361712,0.7044433069364474,0.7992052633124829,0.907384336731545,0.96742243692133,0.6737053077301406,0.8546756989904282,1.010430443962174,0.7631546839394282,0.8459364306149955,0.854129864625486,0.943551076428829,0.8446749783465203,0.9676058572157838,1.0804869558548427,0.8719557791888893,0.9161507039713902,0.9504776891331054,0.9612125939807489,0.9087377256261325,0.8360073786198109,0.9335256545747,0.8754797602384355,0.9767266204730655,0.8860444658579438,0.9643333113327036,0.8108465363837121,0.8694672864544964,0.8458697623564324,0.9162035771479546,0.7536903499239617
0.3059051888193859,0.4276509590350435,0.43794178456351207,0.5270510799129897,0.5440574367732807,0.7155824916961548,0.6593639521409573,0.4871147838342074,0.6801584211363614,0.5600555293935419,0.7675091662179562,0.7027560594597344,0.7364544516626941,0.893849190968389,0.7808512650723535,0.8117749622434854,0.8493661926471129,0.6917089521988149,0.8148102193165905,0.8790295321262729,0.9842871098104502,0.8448561467835518,0.8661991782994118,1.024059744428433,0.798257669055125,0.8690085360525811,1.0202127611733693,1.0674541482895028,1.0163583379156835,0.8837531323643678,0.9860487953775919,1.0274736245689888,0.8982020745115435,0.9391694576241912,1.0015146609891519,0.9814963327443663,0.9879006145146696,0.9065322273463313,0.9471544627276529,0.7383076813467505,0.9584351726698731,0.9795883127698726
0.514874278309935,0.3917834684495337,0.7024666010786095,0.4938957135196692,0.5122192937883879,0.6067933747899145,0.540497617597062,0.6203634664997517,0.6492465059946705,0.7836474603560194,0.5636796960288949,0.7144421132173909,0.73185540623973,0.9109525093730989,0.7329925499698227,0.6336656650752431,0.6537946319175306,0.6981145863054681,0.7724450227739438,0.6636844681133245,0.8967652841283718,1.0399693392206144,0.7260036335572027,0.9305679238599432,0.7282788911266813,0.9639942293899066,0.8714928706687122,1.0092267496999014,1.0464363899151725,0.9357286411331874,0.9999059999062173,0.7865668151587578,0.9468623701626971,1.0103699827079988,0.8658371428471949,0.8959572511877896,0.787406089302587,0.9801854542022919,0.8963937222436963,1.0045482938394592,0.9276648711256776,0.7807226381738798
0.3889185578689229,0.4314795228961586,0.5633423847480266,0.603652153155459,0.5254029262125647,0.6377541235066921,0.4969856995451836,0.6195293954526563,0.6563453815050512,0.5373857499337833,0.5109040238119393,0.6740344727703838,0.6511368052358426,0.8505104270050127,0.8220685664970533,0.7085605306016856,0.7106841023337007,0.9377788457291701,0.8366686647768391,0.6774402565617355,0.8758270578687238,0.9640176489455782,0.7564833020366015,0.9479041753492482,0.8404089179586212,0.8333074185297246,0.9695968309238954,0.9043218413910025,0.8254389507418677,0.7637803423678868,0.9702753574564636,0.8477134226368038,0.9513233333498503,0.9550010089618336,0.8715719862093558,0.751700863056621,0.8077134725918613,0.8405501342424188,0.7707413866997187,0.8027614694558608,0.8887313360073283,0.7409943281839174
-0.210704936398509,-0.20560501329217853,-0.1355539991446054,-0.12068592715012903,-0.13888383313563457,-0.1992002448303244,-0.25005157724866767,-0.11459149635480895,-0.1475116495603277,-0.1899453526910694,-0.10378615099562347,-0.2055954313803336,-0.2227037796702717,-0.18516013082911997,-0.2661066558452632,-0.16746779461767028,-0.22369178836011822,-0.2697390542360993,-0.23922753816475484,-0.20342411490131773,-0.23246480377435727,-0.18984683261923024,-0.26761396151128486,-0.09114891630136462,-0.2260205012623142,-0.20836738937352162,-0.15641502164466167,-0.2714891958984061,-0.08244853201767816,-0.2520060318741837,-0.14525019783574045,-0.09239606419929351,-0.26848888879679206,-0.14386129466768946,-0.15961163864256256,-0.2671036949450374,-0.11261130457857163,-0.09876680817642741,-0.135179510305661,-0.13858504529013022,-0.15031523058219118,-0.16304825381784652
0.21550274815063392,-0.2711246285825179,-0.18434805802019777,-0.05953425357182135,-0.26541826073202124,-0.34660242866118884,-0.22116248664759938,-0.3071406260688199,-0.485646174827779,-0.2967275256777492,-0.5223017364183238,-0.46422373274402534,-0.546498050358128,-0.49623423070698214,-0.7302216885391368,-0.647128762303009,-0.6527930324671283,-0.753885430276139,-0.7420877663228116,-0.775108393957616,-0.478456877191883,-0.5291180354359896,-0.6760808993817671,-0.6160860648815469,-0.5815428520431029,-0.5920111464661012,-0.3529241781540591,-0.47933652499178453,-0.4370464786630041,-0.1666654948096655,-0.19759251863078542,-0.18203140498303405,-0.2996048963806756,-0.006000081118532843,0.06628734176932664,0.05382711935425316,0.03557128951360395,0.15583824527186543,0.1531990563250877,0.2473201967416591,0.22602116233382705,0.08633792172728372
0.0751754270169858,-0.04183066552074968,0.02908494457290171,-0.30108647269031874,-0.3667340715809369,-0.1638702957123768,-0.4725359996330965,-0.5710073760444674,-0.45943101107953194,-0.5815191838713261,-0.3554356463885788,-0.49128049396977413,-0.8646938492651675,-0.7471413346496989,-0.6876076569789381,-0.7723019135487514,-0.7766229486939338,-0.5066473980272354,-0.4932325853056331,-0.6904122462994796,-0.7955934350212756,-0.6695621788742382,-0.535946728352549,-0.5274678249547964,-0.573972940707956,-0.3447281705593665,-0.5531684664014048,-0.2976043535892292,-0.25315882742908247,-0.28257831430198915,-0.3403342659883623,-0.24124292784285975,-0.26370738056309867,-0.09515776080847894,-0.0836620803515479,-0.06721964734727022,0.031153788151497584,-0.09153014351373398,-0.0338946340899272,0.030860088023649486,0.013860571004372097,0.2521742983814125
-0.02029059461087611,-0.24279174453933952,-0.34337766460905256,-0.2615307410738389,-0.057175613890238126,-0.45049120254312347,-0.4520084962547266,-0.3596613258894037,-0.2677874828011255,-0.4622861376740615,-0.5510467844632787,-0.6862440853103422,-0.7443296226805278,-0.711951358781726,-0.48029257779625995,-0.6826646515297119,-0.7860632047817908,-0.8503368574374032,-0.7294374628352776,-0.7094178254687252,-0.5729661616677378,-0.4187575601245113,-0.4739426943728018,-0.37888532765445937,-0.5117764083928859,-0.508853140887116,-0.5703703334834176,-0.47964129137003014,-0.42185091292067334,-0.42513872723075974,-0.3362402943673285,-0.0786735778549125,-0.10621854187691267,-0.06888395003321392,-0.1075914601013529,-0.057198381993379975,0.122504961241758,0.14809202954607428,0.10327987638003097,0.007738341677485815,0.20038102794626217,0.12130817529353692
-0.1308175519620804,-0.13749636622587208,-0.15628945419576495,-0.21991677999840345,-0.10481748611432883,-0.15834813310700854,-0.16244053456501473,-0.05175355546419838,-0.07241024001306944,-0.17943922807670562,-0.1267985639279912,-0.20842002089505596,-0.12566281038230068,-0.04638419500577497,-0.10410190838238824,-0.08774736147179102,-0.046318696861425486,-0.12447345803610718,-0.08964989737952554,-0.18450179267666705,-0.19168395242756084,-0.2005773785192036,-0.1420561201173802,-0.20632118387750256,-0.08505514118849937,-0.06660186505276255,-0.15044047568053695,-0.08481889536763508,-0.18238424243145657,-0.038515925041960095,-0.147642091728366,-0.13056182790083154,-0.1571790157730158,-0.21120823702901992,-0.23199053637130695,-0.1105671448848873,-0.14721325217747366,-0.0908699043544922,-0.11398176175957875,-0.22569143672720793,-0.19353712860199224,-0.19266702077202785
0.12903498644373926,0.056840487440449255,0.10788624762680118,-0.47493947051561625,-0.5661718620356586,-0.156672023132931,-0.7272026954410288,-0.6650267647177011,-0.611851410520768,-0.43794870514577816,-0.6247677294889169,-0.970695604920658,-1.0585522717299753,-0.9910402399876089,-0.793145841629428,-1.1492662338444648,-1.331787513777894,-1.371407056970592,-1.4180505728482793,-1.0232240412850337,-1.5684363147851763,-1.2546979021217264,-0.8583300650686805,-1.144340945983459,-0.9649358069830962,-1.0809972963803334,-0.9334885191851047,-1.0997508051395508,-0.8228888390609481,-0.8325097111205468,-0.7803228810866589,-0.23741538183330374,-0.060556399822117586,-0.6324571962778042,-0.2520486079025815,-0.1907041785429344,-0.08491469295154697,0.039854992412819056,0.6600493118970732,0.6612496416141223,0.8873613083414311,0.7411786038329526
-0.1551509940910598,-0.029179591234634636,0.08776272408555344,-0.03555155742417091,-0.23268944890798382,-0.44814645014406423,-0.7226871927595365,-0.34667801779051394,-0.37275125046225843,-0.9867145418428156,-0.7265494213079532,-0.6911658208216135,-0.7888338248392884,-1.0507490900772574,-1.32044497293031,-1.4474055562711134,-0.8325459962955986,-0.9377729944192477,-1.0241108723638856,-1.2487201184909522,-1.1588630937964441,-0.8587028281006439,-1.0236670882138934,-0.7657344936939795,-1.3527379435140856,-1.2370244843091833,-0.5939224884485187,-1.159399526723235,-0.7508905813271985,-0.5799854457679442,-0.3894591276466259,-0.5229677324478622,-0.5913540441078338,-0.5067882168639245,-0.3799279644495225,-0.21237526711015603,0.23038471189093684,-0.13399482468459578,0.00604720346393465,-0.029093332449544873,0.5017254044964908,0.6752442317081001
0.2118949354472398,-0.24889953531667558,-0.17737532721332966,-0.4325126777323556,-0.11236043684353152,-0.3377203553103272,-0.2888531461514572,-0.6911670406494774,-0.7603876070554393,-0.9371283779577209,-0.5901646551842419,-0.8768703269501316,-0.9021781510583792,-0.7974556422634989,-0.7642022402961647,-0.9527381525333267,-0.8024380828447347,-0.8761135378282666,-1.4159250136546464,-1.3027514276173118,-0.9460687513475828,-1.4549296855456344,-0.8872695419161785,-0.9280332138288961,-0.7613412967024549,-0.7916925695564657,-0.9003095357532338,-0.6772599279385106,-0.8835684166015553,-0.5656381449292379,-0.6469402813821062,-0.23368750114951017,-0.6786899182771678,-0.32641612399883585,0.02870874400813853,0.06927575936412875,0.14778012389859405,-0.13874040835366663,0.5203875661573741,-0.047907121631950135,0.688412340794201,0.9679020796282144
0.1233607213990253,0.1514732862102973,-0.1183365987275947,-0.333115782101902,-0.6336348629794858,-0.4105389565518709,-0.4264647493740068,-0.3921975571877339,-0.7849111763643701,-0.6914159095786415,-0.9912510178996192,-1.0134388948040753,-0.8467267678313288,-1.245403568381912,-1.344959901799855,-1.1945101335680324,-1.3063554944702798,-1.1202071051444182,-1.2382749712559673,-0.9763866183215302,-0.8332380256859718,-1.5160669325633664,-0.8044445079177156,-1.0980846766228167,-1.4199711332402807,-0.6631509727355809,-1.0729818459171618,-1.1234725559808694,-1.058828791613011,-0.4349650988578132,-0.8491631953590877,-1.0069098780771115,-0.12172252215945072,-0.7444905472123119,0.17205913529897032,0.29223607322809914,0.33880201797353815,0.13593711152351004,0.3765380050509911,0.35536309011419603,0.5652694205397805,0.7840046506570149
