gfs-wave-data.json
{"header": {"parameterCategory":2,"parameterNumber":3,"dx":2.5,"dy":2.5,"nx":144,"ny":73,"la1":90.0,"la2":-90.0,"lo1":0.0,"lo2":357.5}, "data":
[rows 38 to 56 of 73, columns 42 to 83 of 144]
-0.30380422813005836,-0.18689141510348292,-0.1557697590994788,-0.07825186686906038,-0.0592947910540519,-0.007090975772374752,-0.04011405250205518,0.00970898195723135,0.07656123246966795,0.08175299844049604,0.11757590044780364,0.07509263964375579,0.08283901970301263,0.22276480027305084,0.19729075533096588,0.23811880625965406,0.23986346862603591,0.2467017322236555,0.31502710212395807,0.1558197193890766,0.1997491381822735,0.3236925173220543,0.25772802621377283,0.27995602450505613,0.23845508450077874,0.2443978855584692,0.27414656891039935,0.23711420550197082,0.17518151531875917,0.13780281902276487,0.013125151778433148,-0.15329708594884295,-0.16273386568810805,-0.2125205300944518,-0.5092834482067703,-0.3380747714847256,-0.5140761407230503,-0.5502775867272788,-0.6056468328852513,-0.7967154536050635,-0.7982134667295021,-0.8102432654404957
-0.23637853837605777,-0.2860258322457065,-0.13627214623654632,-0.1393879524560441,-0.08396080760840278,-0.013444461779644404,0.04369477245559909,0.06076567846999941,0.09552790734323482,0.09772065281856306,0.14552285541666857,0.1974757830326641,0.09013952846728288,0.1408872736468153,0.1271366092701113,0.13684268598593105,0.22056179498764278,0.18350145402402038,0.20730457940165736,0.2196891815771722,0.1902937374782124,0.26263028855194465,0.38307374054237303,0.30959121125696093,0.2567637349099824,0.268736813672957,0.20655803006393447,0.21403423123259097,0.10980701977244647,0.05520824417844786,-0.08999814009994507,-0.13090692044955013,-0.2518916110433456,-0.36738458165096005,-0.4174080342783829,-0.6228439068133959,-0.4963249119730898,-0.7432802830948375,-0.6732991761386458,-0.6878021826580653,-0.9092195100496104,-0.8838178850416236
-0.24818334449123622,-0.24496921885351053,-0.21208871546987454,-0.15804753174266384,-0.1357415868662396,-0.05515602059401351,-0.04298782781639622,0.04489296330741423,0.06842768163461084,0.1304357488096887,0.15929733630072462,0.07404439266876825,0.12146335924628052,0.10282647307448513,0.21834011649293258,0.17613882951953067,0.13758173578158622,0.1352102883165856,0.16633611205949111,0.28108028728770357,0.24747027974743258,0.3287690600278978,0.27132653241924637,0.22222744216777537,0.2580884622839471,0.27395011262853924,0.20780287705913159,0.30098837336835566,0.2631975750311519,0.11869287189750626,-0.055944299271662966,-0.14952009062994864,-0.1849805091479978,-0.33817357997555103,-0.3222281295934608,-0.39224898848765505,-0.5602708628283356,-0.7435892864650346,-0.582306359064334,-0.749291459730951,-0.8752933394210848,-0.772191985455898
-0.2658434589213926,-0.13576578473259793,-0.1541831026888739,-0.11091898136470907,-0.08898059721609027,-0.08870381267308299,0.023165038687715776,0.03323713050527358,0.09606766022065232,0.11096002248134308,0.10092797211578491,0.07201146127146754,0.07293607274890436,0.186097100694231,0.16592734161683062,0.25383088243170093,0.1754039792760947,0.1541577377187642,0.2869125775535164,0.18451911983220004,0.3141104086999898,0.2998226599029758,0.30130622315665573,0.27608881244926164,0.34342596044517576,0.1687416592786604,0.2597465382092793,0.14106537531718666,0.17174162759408043,0.11208242318049672,0.065713804764419,-0.16294706507250237,-0.07931731301074701,-0.2589334815562886,-0.297276936096827,-0.45830456076456555,-0.4890300154814766,-0.6707202095794267,-0.7130915884846128,-0.7914004917601998,-0.8576169008245107,-0.7409683282165457
-0.18430347877851327,-0.05386828035989675,-0.1497341807259532,-0.02332101476273119,-0.13453036135827037,-0.02374954410519562,-0.1413544809700293,-0.08390517144013142,-0.17244977536049289,-0.18765066301185904,-0.1076931266762023,-0.09932469513273315,-0.16623240017141155,-0.04361220386380781,-0.15643447779065517,-0.02131431560124032,-0.08287807195015333,-0.1872844294606574,-0.024651748751480754,-0.21304786848894475,-0.1454464668468087,-0.2037609141096764,-0.09660310854824712,-0.06785846048364944,-0.12825447247120847,-0.1262753995042433,-0.06449156252828422,-0.15033827430694338,-0.09646996943091982,-0.09309972006713914,-0.06655880103352965,-0.19667670077293892,-0.04392723101037296,-0.20837877661021645,-0.21843598310841203,-0.031207471083618866,-0.11034300079794014,-0.11823013992817435,-0.030092512677771424,-0.05223277272845807,-0.09212000920803884,-0.09077381001165773
0.6601133552326164,0.8481340217259145,0.5600143770973808,0.7327376697170932,0.7430078610838269,0.6350376773845492,0.5821820532204692,0.728581505338339,0.5940516773557376,0.6856465864287389,0.6223459402088564,0.5337487610063401,0.46746361914499607,0.6077237669121851,0.4664040849022947,0.42369577456527235,0.47211515731027776,0.4798347813443409,0.4082773567375928,0.3748225478596952,0.35680035806403926,0.3966080417552594,0.26073351920959514,0.4198625228581676,0.4917300274347005,0.35331985090942125,0.34324101316616545,0.3415881185123905,0.29922903234064213,0.3905831241822928,0.39830000967633866,0.4697053396124152,0.47145201494181865,0.324249440117821,0.6179163136002521,0.38807727312860923,0.43243286538827597,0.445148304632011,0.5187246856418235,0.5330889546105613,0.5151502322707228,0.49202521741799754
0.8924141436957153,0.8903827540942134,0.7074243030809745,0.6155266532745736,0.6530950629216757,0.7489201450919084,0.6276262480692945,0.6747369493923607,0.5227261064965514,0.5354350891366053,0.5805031385468384,0.6127225551059073,0.5587984405754872,0.5351166022447259,0.530612322333665,0.4425803865465128,0.3668004840555215,0.38964493421632396,0.47710901817641765,0.3483858239800091,0.525674348569409,0.4441524905109997,0.42788337897756834,0.32046049105544483,0.42130411339317425,0.3189777847596719,0.43509579885361854,0.2782903347187613,0.26055649706355705,0.4149555011982009,0.2584705599665635,0.4340809230343296,0.6196968982802238,0.5956349351765289,0.5504955142236091,0.32945732678768236,0.543067965420314,0.38716600913806,0.36165406419732193,0.5605887128697302,0.5046927441608158,0.3232571543454167
0.6459062798414764,0.6798042336219385,0.645150518100405,0.764295029850225,0.5997730367342622,0.5921916896163423,0.8203372089764618,0.6646066165043795,0.6377340338364973,0.6225714924191013,0.6447648807082869,0.5117251956711855,0.5394554796194841,0.5254200883417915,0.5908158129393725,0.4809098634779209,0.5079989251347008,0.4855923060599729,0.5032270973373875,0.3846069859313448,0.5259797346577545,0.5390207063930411,0.3869799547670396,0.41631173717214237,0.3149536696961571,0.3080538610590509,0.30881047521776855,0.4193184152717389,0.3461398783854809,0.33352099802663404,0.23802187537952837,0.6340962628001274,0.44341039931983606,0.47247306456085725,0.3207212463503819,0.33639359981821737,0.5800641248142836,0.6373377594614881,0.40918895223233503,0.5715492335100684,0.4138298362240265,0.4289632179337933
0.7545763496605431,0.8362168641276754,0.7042828702143454,0.7911200140887177,0.6479613966714723,0.660691088080171,0.588310475399601,0.5969475596691909,0.620978902823233,0.6774008641559075,0.48403114391129315,0.5589788800057283,0.4760620152228875,0.49723705927451634,0.5608594483151979,0.4762747146305376,0.41922199906621327,0.5831041678554328,0.5949679193800208,0.510578446487464,0.37163200265750573,0.4019575928308303,0.3198223710235766,0.28753467971237867,0.310469988174519,0.3721579294734946,0.41080917788461263,0.3794795787926103,0.29048707110633065,0.26447037602892265,0.30549888886876575,0.5541359972092492,0.46550332556812213,0.5475947014062162,0.4925308304853811,0.5997562703160826,0.47382596467850185,0.32862030592607094,0.6406365739305783,0.39084492221667627,0.6015319212045663,0.46148213778584374
0.7410107176502145,0.6897486602878536,0.6081680141947315,0.720555765605036,0.7529106158550944,0.5127794248944709,0.684801204168528,0.6706189521375244,0.5898880741302899,0.5431983130939458,0.667088403967601,0.5873502710413776,0.5814314993730219,0.5820758460324885,0.6490707603343072,0.5981953762784474,0.3869035658795897,0.4620304638212263,0.5548202374679825,0.4201571931509425,0.39161821822842263,0.5091851410594855,0.5294876546855248,0.3633912426313906,0.2870671278968635,0.4590008279376976,0.47528693692405444,0.4037741992389357,0.325936536088957,0.30453771376136785,0.3639118542260287,0.4806937636050747,0.544785106286845,0.4318860441148939,0.49469506765912036,0.39089881760220646,0.4552861640947408,0.570416986072552,0.6334460615537084,0.5973837081742301,0.2961784794733887,0.25101709071014544
-0.2545882350743346,-0.1878563763196905,-0.10861834430154862,-0.21752911854296605,-0.14487380420850304,-0.08693029956293295,-0.13677696053747646,-0.14208898512635423,-0.1280017745060779,-0.21823633455643973,-0.18053025884592697,-0.21437665139915565,-0.11154086981880383,-0.24958492396940032,-0.18648339562751087,-0.0830296321472105,-0.24495182284060713,-0.18327172790188723,-0.24847582718008432,-0.264453403230092,-0.16883030632271653,-0.16669582177861994,-0.09086833429645647,-0.2254602668447936,-0.24228691536900257,-0.2332521534981425,-0.19248167369710506,-0.14379284089734218,-0.09340355644922234,-0.13371604897570988,-0.09151111920339391,-0.2639848829778732,-0.1303508331041656,-0.15642348112531304,-0.20060563043027438,-0.1501177508777538,-0.19366246925587005,-0.2672192406579444,-0.0884163304491368,-0.08637765499462367,-0.1710337435506249,-0.12460861224693427
0.14730954830703025,0.13604840201828697,0.31471802159009393,0.37271269866417867,0.28851458041464695,0.3799453075579532,0.2962230491948978,0.4023189029476756,0.5023087454066508,0.3708218954452766,0.5224469446614883,0.5349091516740995,0.43138077914333717,0.43476689193680096,0.3628403781906229,0.46373431670926124,0.31865028985325683,0.4929660915429286,0.34849502879673333,0.42161879399232416,0.3283578352805961,0.288290611702402,0.36461373678281217,0.2925014938008359,0.15318236933878965,0.11293205295471817,0.02049375895779066,0.1367084868991716,0.17289503938140457,0.22776660473424043,-0.20028057644057762,-0.09840112771328718,-0.21683678843089763,-0.24572608294207338,-0.07942673865343873,-0.36990009596482665,-0.27149772500096536,-0.3721022646105182,-0.44144657371277085,-0.2895372783795074,-0.20515156416783029,-0.3270470475511618
0.09048198850317225,0.23070685339301672,0.4022680357284823,0.33315558725852923,0.2808834754018549,0.26150612796324935,0.24943918012756253,0.48235272264646023,0.4428941643463193,0.43234491538506226,0.4569912262117863,0.39363952939951874,0.3317751444983831,0.46719924729220763,0.3208696837888049,0.5820294936817177,0.32837813741518956,0.3257166665904927,0.3588832428325721,0.3552586499390667,0.23135232669698566,0.4390934192730809,0.393185666775214,0.25366662051873545,0.2331886208323456,0.2617723190007953,0.021175553150743872,0.042421524431946696,0.07174749287600199,0.12672179720794235,-0.08619403849168614,0.10692156647584329,-0.2936066063442227,-0.30902369488042847,-0.010118368910814444,-0.1155393025362833,-0.39007852390031783,-0.4621214980369216,-0.3867647743001109,-0.45296027115232224,-0.36672590997554116,-0.24103451897007702
0.20526201529795488,0.22665333253443584,0.3346787103164229,0.3042208241543138,0.25421996693938764,0.3290688103188156,0.22908906095833606,0.3845043712770308,0.29702980017236696,0.3742102540127507,0.32345428112138974,0.36611700787696544,0.42369076212195766,0.4729959138710897,0.2577986192076185,0.2900907962573564,0.4531374342518023,0.2896555803035859,0.301626353227701,0.43225979350515786,0.49061384914150163,0.47815125863807595,0.3042682921175858,0.40262771823755206,0.40823720984429507,0.19637871098370352,0.22049976945446217,0.09553033148077551,-0.02580972985075289,0.04363792291211814,0.19496390884376438,0.046636033433539975,-0.17586073659882082,-0.08655620129456179,-0.05896218605826199,-0.3479695589663547,-0.4038528486761685,-0.14761223394575382,-0.41656728194136255,-0.21581311781396997,-0.5026267261384443,-0.3694172039894276
-0.21921513652765107,-0.2988425156494578,-0.2449168460951369,-0.2594322586824005,-0.14194742400219895,-0.21542869115721552,-0.279090097539924,-0.17356106808268104,-0.13337922094556928,-0.18559387964475665,-0.20733001101805493,-0.2843941125079136,-0.19029933305080635,-0.1341461277302771,-0.24117174147093337,-0.17107864572146908,-0.26126713765924814,-0.17602782771606212,-0.143836258053485,-0.25648165420967817,-0.28138727212033426,-0.3081342931698687,-0.2844521598723405,-0.16509933990505182,-0.22282694590722935,-0.21630887092405465,-0.23985248987370694,-0.2518763366810663,-0.2045345250184791,-0.2527845086776511,-0.17367600618316426,-0.2987814864886541,-0.12496395032793847,-0.25817721452720677,-0.25481281915685566,-0.1877916929110151,-0.19190180714787267,-0.16818714702525797,-0.2697509055484965,-0.1725154167094881,-0.13204255285296135,-0.14844610034871009
1.0235965899434611,0.9361179472261427,1.0466712711270538,0.7096798981723776,1.2181212881582002,0.8097656159588631,1.0597712705809315,0.875602813094175,1.092461489468316,0.8521849258381837,1.1260696376394084,1.2901075530118526,1.510236561091369,1.0436983452112452,1.0947586881094793,1.4357988442236518,1.3137542395653454,1.424857373801222,0.9134237274681152,0.9611154134725433,0.9445026497191548,0.5576081137119365,0.9769032664576246,0.7068480334520563,0.565855485369524,0.1877499090631043,0.25722466316166875,0.043196479452013,-0.1286921632740012,0.08229560127075798,-0.2968474440742593,-0.004410376646834022,-0.5003120539631822,-0.506062314177139,-0.41654180591414713,-0.12900045164336804,-0.3013397471436091,-0.5570179079359379,-0.3270048685233932,-0.6498701404084197,-0.9396221521610635,-0.7919673078845695
0.8201293947471482,1.0099798802298483,1.1554483591432718,0.9853293380739171,1.0917515954598445,1.055839596029114,0.7984051050252863,1.0907623899195007,0.9341260933848808,0.8827469182131576,1.2649232689247059,1.3619828381691408,1.5018695765047756,1.0075806204587412,1.3151599531880371,1.312818746806524,1.3720130630922283,0.731309358395813,1.1114771049771168,1.009435808666186,1.2119061309203327,0.5487976816346184,1.0582830388137245,0.31844572371707086,0.8601118156265075,0.11272786697441463,0.02026787649239348,0.4359715967305879,-0.10934514030217474,0.37053007201150734,-0.05757596498617119,-0.030484793014464804,0.033242595484098955,-0.3458112299433464,-0.019996702065841258,-0.6527590239842709,-0.46179034129119984,-0.4209685386483666,-0.31935690486527635,-0.7092444363552763,-0.7430393194195603,-0.5368254865187632
0.747945910485916,0.9211652361372762,0.9901240850792751,1.2682489468688367,1.3083843835838889,1.1314484983360722,0.8870770944360222,1.1556476106311713,1.3671849929354285,0.9404313614216332,1.2715025603297778,0.8857962317379413,1.2901316392865487,0.9825096433920026,1.2319568370576393,1.188482922830722,1.2474482531525648,0.7633034273781396,0.812194563123261,1.1744433074159752,0.677322775500754,1.2348205503059215,0.4957696038299465,0.2879215252419056,0.480214869779645,0.17566022623984537,0.04412240617116351,0.20319423027193773,0.5023689294362558,0.288018321656056,-0.23682481162302293,0.004475246933360155,0.10598489402078866,-0.5590903823984907,-0.465147897560009,-0.29682781494087096,-0.6597485000112684,-0.7231976873404712,-0.38371269046098216,-0.3588033409791113,-0.8784894784537168,-0.7172109319350646
0.3690751897161955,0.7904094320257093,0.5033391978583389,0.7853722803131643,1.117805985824893,0.6657192311067945,1.163427831065484,0.8227051496556159,1.2320079278567304,1.3077114576610072,0.9505740084858376,1.2837778873841987,1.0888804834253958,1.4305886100882343,1.2942215610030199,1.48630284803581,1.5139787288780864,1.0364465292665772,0.9748271132732053,1.0393508756250003,0.6229924545350308,0.672949149429129,0.7771974102873418,0.566685593925297,0.6554353228717074,0.7702667626859987,0.6196624942227594,0.5937126210130145,-0.018777358348154968,-0.06844855100527851,0.24463871067603124,-0.16930648228916245,-0.17016698245071882,-0.21243003208977218,-0.331451464747815,-0.13259175356209765,-0.24906358331784664,-0.7482840417626602,-0.6006788722381614,-0.8799402823507247,-0.6923044100282693,-0.7555848837525915
