gfs-wave-data.json
{"header": {"parameterCategory":2,"parameterNumber":3,"dx":2.5,"dy":2.5,"nx":144,"ny":73,"la1":90.0,"la2":-90.0,"lo1":0.0,"lo2":357.5}, "data":
[rows 19 to 37 of 73, columns 84 to 125 of 144]
-0.1957709857674532,-0.1938971940852756,-0.23534056341569273,-0.31012926851282846,-0.1667313880340956,-0.26416285114196053,-0.28162628053094696,-0.34821906486529214,-0.24640954165052564,-0.3242876717171479,-0.3542715103069459,-0.2842024149874829,-0.1723730563035898,-0.20420362743873166,-0.1936329846554452,-0.3432014843699354,-0.2765826760455806,-0.1992608412180247,-0.16232500152404922,-0.18347503830882558,-0.2566138459390913,-0.24494789355537658,-0.2047132705683104,-0.2402561567013962,-0.29484353121144363,-0.333996015227551,-0.22887517798897716,-0.16692776353071634,-0.2557361792051098,-0.2191503444140016,-0.16918430216179114,-0.1618937448450159,-0.2018361770349223,-0.33931089521995245,-0.18688444480340885,-0.31134990297106047,-0.33025901001430447,-0.8606669994559009,-0.7654651969499542,-0.6355363410915666,-0.9709451588931387,-0.6912288005863013
-0.29696492677647324,-0.3625447682458462,-0.18091666284435454,-0.3161607776094485,-0.17973810545828273,-0.2422270058434604,-0.25772410097188714,-0.25443995293114247,-0.17753727232194022,-0.2938533080506627,-0.31109886132209874,-0.370288374325087,-0.3233287271618884,-0.2239862921591548,-0.21514623592425816,-0.29126143766962637,-0.20650586412358687,-0.2488476591978013,-0.2436139325438794,-0.26454155338101637,-0.24798474931850226,-0.2892499790734165,-0.25457928118374135,-0.2228990519895748,-0.3572663563736804,-0.31102673239705897,-0.3459798028959238,-0.24399895122371273,-0.1901818592944495,-0.369388268241365,-0.2287612391654898,-0.2631227433544887,-0.19127303811044075,-0.3144950595135349,-0.3082472179224105,-0.2729038080703369,-0.24002530327530666,-0.3340777410148947,-0.19498907390006157,-0.27294958482957177,-0.3067831824171802,-0.21696936575914869
-0.32877416626257855,-0.36367332170822064,-0.4670595509318,-0.41379261265290224,-0.5513966207951959,-0.5265801081430125,-0.5196707024230565,-0.39029524655173065,-0.43350254262464516,-0.3468170636346971,-0.5110807737438844,-0.3973182652539045,-0.43402851358338285,-0.45006198192099583,-0.30241153844261726,-0.21982210348684042,-0.42734530369430146,-0.19026776152678102,-0.4137566996913423,-0.21248791598284564,-0.04531506918495783,-0.034641832699403116,-0.22821545412602787,0.08781779200957358,-0.10110503176708395,-0.02045579771200059,-0.038183641779401895,0.2936422258372626,0.17946019963374757,0.05715801954913465,0.38516747350982955,0.39455903800510006,0.49801617791550823,0.4174705494790055,0.5919770935886888,0.6610135824632338,0.5772955098442166,0.7085401694066975,0.7297823217238567,0.45993156364777765,0.8646395985962725,0.7650847880365146
-0.4119331718862493,-0.4924517077983021,-0.5172929560619606,-0.5611318639220778,-0.5137334798799357,-0.4155437159437337,-0.4620526191008814,-0.5135512129422438,-0.2758832793766422,-0.3808679458356474,-0.4199551880572339,-0.46922414922527256,-0.33621804021379686,-0.34078587031694757,-0.44784891717198333,-0.19110743038983213,-0.39318255469360647,-0.16024407162096288,-0.3236276524382837,-0.3153201281446359,-0.007649735837198496,-0.21460672406950396,-0.22683002240172215,-0.030911707671125662,0.125837167339291,0.023328643889489263,-0.06355962396851508,0.31019148587739886,0.31816583595343656,0.07748617063788032,0.3023634474839303,0.36119601016075026,0.21540278419092296,0.38588900031933626,0.6351968209264744,0.5855644481513389,0.7340010431227233,0.4865559549682153,0.5929817367605777,0.6337780949073749,0.5891049369299672,0.7227604694272642
-0.5199638727434113,-0.6115326230855616,-0.5822071311464255,-0.457165818714351,-0.5296884737871954,-0.4014182895556618,-0.3576777498127571,-0.583592352105136,-0.34805946939971616,-0.40443087902998187,-0.2880132005717255,-0.4465540323515324,-0.5053244514085647,-0.40202388410388934,-0.4838227129904085,-0.42039178214949674,-0.3170618787310149,-0.34074540033282225,-0.2731742423121555,-0.15267265707939232,-0.02763889623686886,-0.04895854706825593,-0.11257708799855944,-0.1114936535201207,-0.08677482426028711,0.12829069453558212,-0.052626323754233886,0.31731110409669544,0.27525894888140257,0.42519312248123786,0.1154443739215844,0.3037128421486115,0.20501815332261955,0.5530702504844083,0.310326824849457,0.5039844226928616,0.4352648636967065,0.377747012556279,0.8443596860592613,0.8104544710700319,0.6076802424058803,0.6920055828042723
-0.375499558488878,-0.2674994185348347,-0.3696251853080069,-0.37623583997824034,-0.3243410290905886,-0.24936588322482145,-0.23720596728859175,-0.28949889890678754,-0.40311679706524634,-0.35844809465186395,-0.3628430765651942,-0.24924545808594525,-0.34804719080736396,-0.23617461914166477,-0.3012716002032626,-0.2523273372592746,-0.3912802458848048,-0.24782530888957177,-0.3175738311197725,-0.2815620962754695,-0.23292753558627266,-0.3484662386425066,-0.22603110173954657,-0.33726880917786045,-0.3283531179002326,-0.30146968173442557,-0.38761333927332714,-0.28479739349536415,-0.22734023146477292,-0.31208232976513267,-0.2898747724278537,-0.4102267633947965,-0.3462400064369063,-0.38392294191070564,-0.2677913713170701,-0.27069423723383085,-0.2956746064907114,-0.4187281976216455,-0.24131652842021348,-0.30928359257398397,-0.41231796464543125,-0.2656086172658197
-0.8098889732601589,-0.780336265968386,-0.8368499592906733,-1.0094024353260298,-0.6929532798986964,-0.898343508048127,-0.6299731832538469,-0.8402868508030202,-0.8645883262506644,-0.7972008626133728,-0.8567310349927452,-0.7393123405226073,-0.8801877960330786,-0.9173073493625793,-0.7253828086505965,-0.7220645448033888,-0.6766074908440507,-0.6631783161950737,-0.6778236505646015,-0.7360033367652881,-0.6143527081742239,-0.6787455393914417,-0.6641153134731927,-0.747987172922941,-0.652751460084823,-0.7055860566368528,-0.6934063937238071,-0.6316256637657812,-0.6351924691893264,-0.6934876037867207,-0.6538231667261394,-0.6413503310667388,-0.5872639250137035,-0.5436597508946218,-0.546271852963771,-0.6895115487245924,-0.5516481809992201,-0.5915265014018762,-0.6309297424641587,-0.5424435864371671,-0.7597109779657182,-0.6001476448451898
-0.7834729892754839,-0.7435048997682407,-0.7635139911072867,-0.8525953641845919,-0.7182403636394497,-0.8861167617784071,-0.8218268455637167,-0.893118095632818,-0.8685146378689564,-0.6692512351913918,-0.6757354200106508,-0.7730977611451757,-0.8647400980812,-0.765046445900311,-0.7825717268485789,-0.848057680384204,-0.794019402084398,-0.78353272824043,-0.7425354583142028,-0.7124232396599892,-0.6246688148679878,-0.7066978820292732,-0.7829055663602663,-0.6400854432792449,-0.8722603710002899,-0.7040264934235999,-0.5344000425217467,-0.7708888412102662,-0.6095685611017959,-0.6515468147456932,-0.6671649698924839,-0.6450402243323177,-0.5922482177008984,-0.6092894718742174,-0.5137264910360873,-0.5906209662710556,-0.4921444410704637,-0.6379602023078134,-0.4640370283252882,-0.6625052243406615,-0.5644057436942406,-0.5637893486619837
-0.9372638774660984,-0.8365061908884318,-0.8508543077998522,-0.8271646657187096,-0.9330518954395777,-0.834160593999126,-0.8883167029928394,-0.8294635905828482,-0.6354714389335047,-0.7382641769156877,-0.8235909405829323,-0.7554010953298264,-0.9103733593961981,-0.8190334321652747,-0.7971639049428699,-0.8911762810561162,-0.7785194354433952,-0.5978326183959305,-0.89372725153104,-0.7472503252358901,-0.7181913122358595,-0.7278651666054746,-0.8407607990655533,-0.854140175841298,-0.5658822530725095,-0.6743247834880091,-0.586972014422422,-0.7831608662574675,-0.6016550654284164,-0.660215639498925,-0.6845846199169917,-0.6818877155032355,-0.663632164263246,-0.6832393421522543,-0.5569714550373494,-0.517842545285607,-0.688103702372953,-0.7017785608118029,-0.5750555144330219,-0.5618967207332298,-0.5785535476275186,-0.5124372117351091
-1.0097750262888285,-0.8449931908490477,-0.738953474547154,-0.7835535247211456,-0.7600235758947372,-0.6511371218499463,-0.8696380263810454,-0.6376985442152004,-0.9662335499379079,-0.7332407141265057,-0.8117893100194307,-0.8345584697808989,-0.8289123569105634,-0.8732440372403245,-0.6741571733256814,-0.7199932200343607,-0.752471777787348,-0.826902302644569,-0.7990303378150015,-0.7405984733984489,-0.7687175706905414,-0.8269126830241892,-0.820734128964552,-0.6154832350782795,-0.5825621772523284,-0.6589047865265678,-0.6861052439390287,-0.575686164788397,-0.5678212935703448,-0.5690331433959376,-0.5551039918452366,-0.5688795055673059,-0.570907652455192,-0.5853420140889807,-0.710715780345546,-0.7434585439462992,-0.5480400893270411,-0.7573771548906184,-0.5796681737114598,-0.6801695372871079,-0.7236135526423919,-0.619792114799758
-0.8847983027732337,-0.6864955472318574,-1.0095676458084133,-0.8021275518887925,-0.8685698625801698,-1.0521676802251756,-0.7073406124098388,-0.8366004677720752,-0.9083142079517148,-0.6577170494538718,-0.7919474031925581,-0.8381790329264005,-0.9285029847884829,-0.7673897170505662,-0.8990675380813822,-0.8318331779113585,-0.6938538111979033,-0.8985586051588809,-0.7245885864588812,-0.8674386454712408,-0.6874536228899922,-0.7020892057624648,-0.6431366845847866,-0.7429178476559845,-0.6773134439482362,-0.7042171909522489,-0.6669972002194616,-0.6194399485727617,-0.6136439183490728,-0.7408100697287695,-0.6996494842319929,-0.6256970102618024,-0.5737427827728951,-0.5804334064814316,-0.5086190387448012,-0.6365078137460759,-0.6692970656865921,-0.5854320263646878,-0.6543164950703089,-0.5689484933492668,-0.6210157120549542,-0.7671289813681534
-0.38447114710839814,-0.2962775057010037,-0.4333529694866368,-0.32287479026156746,-0.45338021766653525,-0.4624015858445281,-0.36077407054052546,-0.4571526829102286,-0.29041359726819577,-0.30933005882980363,-0.37315270935238204,-0.38119305824177574,-0.4007559006619553,-0.3907338560891858,-0.44645738521404854,-0.35254275133524765,-0.3091376712386793,-0.44672247935645215,-0.38637779881936446,-0.4410763100536412,-0.4627488083381123,-0.31453228569771796,-0.4039894166233257,-0.462729088612318,-0.43865255404031633,-0.36395815966216993,-0.3052481387454411,-0.3282650105413193,-0.333004930961003,-0.46751482661648874,-0.43841016623152806,-0.4358112136338883,-0.38000018529639873,-0.39613892119054994,-0.3051418025490812,-0.3033003554329639,-0.4481652127080532,-0.45146507309672385,-0.3382263201711816,-0.3696389898923452,-0.33231386910420707,-0.3689728284608791
-1.1261805364149065,-1.106947928815529,-0.9463445471454347,-0.9674372918533775,-0.8595524781720045,-1.1025549869961497,-1.0290848595861652,-0.5801270826550164,-0.506171048561574,-0.6201786007469979,-0.15808621598093403,-0.18096410928524395,-0.15255352237314002,0.18535355552675134,0.4798932513630155,0.5263226971015942,0.5182195806239787,0.745245042719952,0.7448151436395504,0.6710236093874715,0.7300120922157946,0.8308203341656288,0.8398565049485921,0.6993123518236817,0.8243778840733079,0.7680518041296073,0.7145542007554414,0.7070989987897367,0.6064373369226311,0.535951059413,0.5009995623109189,0.460918374443448,0.4293609041611206,0.24802314827632382,0.15915215970841498,0.1161294649366702,-0.10016065917062368,-0.08336866141487737,-0.07927335589315782,-0.1880281350867581,-0.30560571449186485,-0.24791462544158796
-0.9988494817489176,-1.0862897626279926,-0.9068770103276875,-1.1686865733236997,-0.8666633469962702,-0.902322255748088,-0.8150587245936688,-0.6123639406853514,-0.46943495787463296,-0.5797689926063215,-0.5253752197253646,-0.2412485726858606,-0.11705409263112707,0.19571629284308345,0.4029538559020764,0.3955578219512555,0.655021278205645,0.639383531245833,0.6833308989594636,0.9485464855194105,0.7394276399415418,0.7669690183895842,0.7112941991741085,0.8011423762028209,0.8240320239011454,0.7032989183182998,0.6035127605941069,0.6188446954285524,0.6592194221544998,0.48024404736225795,0.449273757021976,0.42351293841279,0.27269850214965924,0.29633613652536883,0.18689098522515807,0.07756775449644512,0.07556908545070833,-0.05412148361858597,-0.15614533415941237,-0.11910095097954577,-0.20060094316544302,-0.2724917395624988
-0.9988558980294892,-0.9738370741134476,-0.989143251297958,-1.0421797416074454,-0.9572051157510271,-0.7861536726648192,-0.8166600255862669,-0.6019186835924561,-0.8348239475558564,-0.4500537965212984,-0.23948445796327594,-0.3177704321450151,0.008867563400406977,0.16709006111938393,0.49623120668596044,0.4612297347388963,0.6915991125682578,0.6730450193468512,0.6367617552825292,0.7547386402339974,0.9167452236238188,0.7537752271275243,0.7341864521285016,0.8726854405268271,0.6808536953981681,0.6693467076971494,0.6439174224110839,0.494479354831679,0.5858645124343023,0.4788671985457826,0.4040558837917021,0.3657189927687264,0.25701874512684925,0.3480604102575053,0.19235040016964255,-0.01921858389080562,0.03713139339824646,-0.11826436780887888,-0.0827565866955939,-0.25676540180331847,-0.1641754942826729,-0.3083456689625907
-0.9583112771297287,-1.0635643663137917,-1.1277980626482158,-0.9729801883045153,-0.9253153888622613,-0.8973242959322656,-0.967217389818737,-0.6242908158365529,-0.6942240699306418,-0.5153668102350414,-0.4606829979911733,-0.02655593123634423,0.03916490610968426,0.15406798717180822,0.15393616255554074,0.31839893243509904,0.48127383620306746,0.7907728372520356,0.657154176612825,0.8403132083666864,0.8759281946074009,0.8533911030235841,0.8652493230797327,0.8120000986691402,0.6510344099301691,0.6768077113227765,0.7731975018806941,0.7285246196596922,0.6405299222908865,0.524144044144864,0.5039803094496088,0.4422723640779286,0.22969438647681562,0.2273208922257887,0.2311643956412191,0.1548977182720051,-0.0782930597162003,-0.038938594246650436,-0.16845964516190864,-0.15445045990250775,-0.2991628915447003,-0.2983621173870517
-1.0898591589705653,-1.0380969558271833,-1.119766647536667,-1.0871582857550253,-1.0034974905291552,-0.7703503627884943,-0.8668689477892051,-0.958241300116301,-0.7794364382933848,-0.6154493505445698,-0.36976080975231673,-0.018088359245314184,-0.08784327393413541,0.19223624123439137,0.1864298637181958,0.44637978831808817,0.6533533973209511,0.5954084482807673,0.7218260793963142,0.8139018307293614,0.7161345263072004,0.7712705138327353,0.9252519952725996,0.7269394570217536,0.7184015337061889,0.6932065300362235,0.6451169396550006,0.6169685269524862,0.6559882813283497,0.6240978022075954,0.4387990663592206,0.3755497884183193,0.26165009581183396,0.14271573596526155,0.08078108397911538,0.15424578720059642,-0.06219482768098321,-0.028617771008831398,-0.13506840357986508,-0.1940203726638836,-0.28615514986327717,-0.3031317367107802
-0.9149611922221564,-1.1503810397307832,-0.9611872762074211,-0.9769896837100354,-1.0871454322850094,-1.0743463753782807,-0.790270892055582,-0.7659207088843595,-0.6496835981737933,-0.6633567565038655,-0.21065873209237418,-0.018869731816773115,0.02073218408923652,0.05739996476995705,0.45953618074540964,0.33576555692070864,0.6176167144853937,0.6907305382577177,0.7727555149410433,0.7439675383539706,0.6880157389842789,0.6944326619529388,0.6603214027756117,0.9226273222448621,0.7044333864565088,0.7323457577819653,0.7495626470128421,0.6708328732658168,0.7047321669909967,0.4385464627108792,0.5154992292423602,0.4117782526618484,0.33264605544601833,0.28868432465818383,0.08664799112457165,0.03570365710688645,0.02312081262544909,-0.048722975360755566,-0.17085012604519229,-0.16156818303695167,-0.2365722544745979,-0.3983188598058632
-0.947154335424596,-1.1004609555742608,-1.1304806352773977,-1.175010644248179,-1.0189785938547384,-1.1255447538752283,-0.8677463914105145,-0.7209178175734242,-0.5509894393940107,-0.5020125137376207,-0.21043354545604093,0.00681716317343281,0.004024682425390895,0.06308540801626622,0.5046458494195463,0.488499643108721,0.426578204231295,0.6933504308790069,0.6995839837176648,0.782352182406159,0.828745540495207,0.7842958378154601,0.8859422409526615,0.8868778292066336,0.8204729735295226,0.735543872389856,0.670397882114972,0.7140634758351108,0.6971308611678798,0.568472545075157,0.4019510923811849,0.4077323786642801,0.2750138633616453,0.3174989134776924,0.23215354492214704,0.03651469744589183,-0.0481804130181095,-0.11766519603220009,-0.14809949739119474,-0.18667967307518177,-0.2319456789939253,-0.24335378824821075
