gfs-wave-data.json
{"header": {"parameterCategory":2,"parameterNumber":3,"dx":2.5,"dy":2.5,"nx":144,"ny":73,"la1":90.0,"la2":-90.0,"lo1":0.0,"lo2":357.5}, "data":
[rows 19 to 37 of 73, columns 0 to 41 of 144]
-0.9604591804364109,-1.2942571978832178,-1.268241548838503,-0.8424374876981146,-0.3378271749068858,-0.3220790551507529,-0.25460211901202645,-0.33587419132742946,-0.3379906373516591,-0.167054392766545,-0.3527126339690328,-0.3317853666528715,-0.24884371942910277,-0.1703220060079247,-0.30222478440170647,-0.26035437152852897,-0.22919334634109628,-0.2339178257180727,-0.289794202401963,-0.22227017008836894,-0.34495720659797946,-0.18119347128158123,-0.21732825194964311,-0.22801197166336465,-0.2923456325610676,-0.21925413701022528,-0.3566424263497634,-0.17113398200883562,-0.3281466424564544,-0.18524621892184476,-0.3425102008084837,-0.3389711009713215,-0.24466213735070194,-0.22271535997148423,-0.3106409733925528,-0.2974140267705626,-0.2552521641833736,-0.3263485446624581,-0.17583300467505955,-0.2874264456209273,-0.3023738714363465,-0.29436717810891644
-0.21615074654025637,-0.23795317630657917,-0.21787880881883495,-0.3285339408816017,-0.24119688655505306,-0.33723391873023073,-0.3681977154427108,-0.27618969896132783,-0.233978416271327,-0.34370980716333605,-0.34047400948628365,-0.3193886783157728,-0.24606688441265853,-0.23693253935868602,-0.19953669373062435,-0.21305037806019195,-0.2897394284105547,-0.3283753955736202,-0.26715239393650064,-0.320911351124194,-0.3071055073444057,-0.22793867691878225,-0.3517838491243559,-0.37029261097135496,-0.24198962822520453,-0.22981782014441435,-0.2219657657453925,-0.2329142162339246,-0.2748720057534563,-0.3363013762892394,-0.1842101833842402,-0.21477375696589862,-0.2992621972661497,-0.30012948199169087,-0.31526769105299124,-0.21219893101024467,-0.20810790757619502,-0.3735557519111981,-0.2993748344720713,-0.18591657461256694,-0.32951346703871615,-0.34864414543928846
0.1300896789172392,-0.1882058633381505,-0.3649516901387282,0.012607163250947491,-0.2579120311053168,-0.5269508591917209,-0.6712708934562918,-0.4235467616383322,-0.728040182173502,-0.44559229284420226,-0.38318689695727665,-0.7437966194488081,-0.5331000229589317,-0.6437734948127746,-0.5379182356619826,-0.8520878122006957,-0.8302824400321899,-0.8101916717445716,-0.6739807332178155,-0.7633251694083146,-0.7714214196260364,-0.8499563763106625,-0.5480245441396707,-0.5626183537983096,-0.6547508710289861,-0.5031202723948244,-0.6977903316533799,-0.4240329292085737,-0.36894148513492936,-0.2265597261796715,-0.31538535744700147,-0.3551953150602322,-0.34338159703235166,-0.23283842547139974,0.026860860424122685,-0.024589902164982247,-0.05496922564529465,0.17149407237512337,-0.06851290394246293,-0.0038284786795802933,0.27811732262711214,0.2914418160963799
-0.2785646458967824,-0.13916465127393474,-0.0012719319851570306,0.057093242213604525,-0.39553966909566407,-0.33518324777092867,-0.48422340641146566,-0.6378779396505128,-0.5004140290905387,-0.3651219570406814,-0.4788467994964651,-0.6030000918689522,-0.871212498343695,-0.7576561387801215,-0.7721827817614662,-0.6167475143905531,-0.6009080835654994,-0.6522768812420766,-0.8585795610587738,-0.8599727561271321,-0.8742551330138725,-0.6166730977921556,-0.6959919237580676,-0.62711549056091,-0.5117187453890029,-0.6893721814545317,-0.6270776522314522,-0.3991177135961811,-0.3355805392023916,-0.49017231984576165,-0.20603811854928497,-0.10393734813813243,-0.15034308504869834,0.01862418421610674,0.05135015348357993,0.03301653012958611,0.1438543109454657,0.05345771340365512,0.08477123675089786,-0.002922981680718317,0.04086372170958823,0.08031847765259784
0.2514054132206646,-0.28081784460973835,-0.3484652476313207,-0.2130401319776659,-0.2535434178410082,-0.24323323213282558,-0.6688661321458375,-0.7838223598711349,-0.5618740357448595,-0.560099231925684,-0.5249553390231816,-0.6083859240861049,-0.7172834079577003,-0.8221204112960264,-0.5974229121916635,-0.62086741570597,-0.8755288478706553,-0.8381013278917755,-0.8960256504143762,-0.5429274822590857,-0.6451386149937148,-0.6299138556093806,-0.5410541018203108,-0.49339196840905286,-0.7818138860492124,-0.39578848049412824,-0.32687559383656317,-0.4738122806842346,-0.18567544096215827,-0.24492911248054822,-0.15421044898762934,-0.21765121048169683,-0.26794970053412487,-0.2632924107913534,-0.04556043545226272,-0.11623836998613145,0.06873037917397957,0.15133749531764568,0.032333893418897745,0.19303776166925019,0.22811551782660638,0.09877107977219848
-0.322923563164599,-0.28952546454262906,-0.271830554024436,-0.35818013301256885,-0.32091064779253037,-0.3682497424028496,-0.3276633245212022,-0.4096522514108217,-0.31549500570096245,-0.39607724399832367,-0.3603397021173373,-0.3381919036550752,-0.24512805823844327,-0.35788962590964724,-0.24130215623936496,-0.4040359591138995,-0.35538918687248516,-0.4113715657563008,-0.3118438791042178,-0.31997477251468376,-0.37458618006839006,-0.3396217814831684,-0.31117118003060196,-0.29467430015306995,-0.3492054155086993,-0.3609388160669328,-0.41812703318027317,-0.33242073328317057,-0.41550313932862465,-0.30185504461366935,-0.37624582317751487,-0.4017550191072643,-0.2925896727528557,-0.4081181202458364,-0.2984892585335824,-0.38903030361411517,-0.24615138708135315,-0.3003887511723487,-0.2660615927410521,-0.22933184163330314,-0.22238566990153338,-0.2560102088010882
-0.38558513915533366,-0.4565547036350587,-0.40725768758755204,-0.34209140808521354,-0.5192947759064771,-0.5039251272023417,-0.6527735586534075,-0.4074804819318333,-0.5245196370330067,-0.36427526853529874,-0.4278383564121565,-0.5937023808451404,-0.4988793344028065,-0.6316998972050593,-0.5458673964984054,-0.37523905900887605,-0.5343451259827908,-0.2868633594163123,-0.40228074515019957,-0.3288434822552381,-0.21698831673301985,-0.4319368344371721,-0.21763817659107412,-0.43137925208712147,-0.42586492996303316,-0.06168722061150816,-0.4154884319559834,-0.3847381978640371,-0.31410674311625897,-0.4375108979485236,-0.38776723212631503,-0.4402310902014194,-0.453606822018542,-0.15924751903511714,-0.4303018826364496,-0.3038862120989313,-0.41062304958681384,-0.0948216658104871,-0.2161189781614775,-0.3226806762508105,-0.4319418934888995,-0.4258384826995694
-0.5544129006965945,-0.5378917561827478,-0.5901749949487826,-0.4441032868410111,-0.4731081665253221,-0.37444406814174497,-0.5416737106246615,-0.4187190006157422,-0.5526405924063099,-0.6001352443802435,-0.6362759745537949,-0.32602624943116354,-0.5453323196696721,-0.3246959683810967,-0.3757489977285403,-0.38048433085159417,-0.3313570663110583,-0.299064048380475,-0.25411762454458997,-0.2689196802560054,-0.522051576194965,-0.33835027541278306,-0.3093824304754556,-0.10400454582399517,-0.14134260100503523,-0.2188284124811123,-0.4213580893411012,-0.1063979996133093,-0.07571217934936922,-0.19347449250054735,-0.25673090738926113,-0.18352425033399566,-0.1894082200009251,-0.2531210192809959,-0.4019083720392135,-0.30167168604540984,-0.37389221537799594,-0.023232790670629597,-0.39504563309093915,-0.2922965640078784,-0.3132817555608718,-0.3605405476369649
-0.6006064752959378,-0.3502131975809466,-0.6221045590732215,-0.440527583191068,-0.4241514198547873,-0.45861006866230836,-0.31012012520042065,-0.34648976836150447,-0.29620893438572626,-0.5240030884403404,-0.6571825529406329,-0.40607836273158887,-0.48553024185429705,-0.4969341349442119,-0.42846646894512125,-0.40074552199149005,-0.43989694632892273,-0.37422871552473536,-0.3088091868370662,-0.3046674929925166,-0.5527910099077906,-0.4827703510199408,-0.3853948940007756,-0.141684247497983,-0.20019059711925954,-0.090607954311781,-0.37925446021608683,-0.4152032424053506,-0.30614356510760293,-0.2570506289082909,-0.08595045714679274,-0.3045253478203318,-0.4530603491103011,-0.27737012463074906,-0.38199201941595706,-0.07493218080999231,-0.3897548055673073,-0.06638945522025064,-0.37266946271158474,-0.26282290680312975,-0.23049938644061027,-0.35412216932025703
-0.6081150473422418,-0.7257541599414808,-0.5410342385265106,-0.554110253988977,-0.3897262716389703,-0.6136583494757525,-0.31565155823240665,-0.5205243277641808,-0.3018348892283786,-0.47807079715663475,-0.6426768323345667,-0.45553389819941525,-0.6445685469119116,-0.25248112953951657,-0.3373499297418911,-0.6237530111396115,-0.4135204515726733,-0.5325952522905358,-0.2766043132756918,-0.16382890876202524,-0.4602282968729383,-0.45044874168637683,-0.39305250311258705,-0.3005208183815757,-0.4341472563394491,-0.2697770618000574,-0.06348780690861759,-0.06465978301744262,-0.26388197224528437,-0.16793040562599268,-0.39802226846472294,-0.27045290182709697,-0.09495814811392203,-0.4707983542453492,-0.4310334778610227,-0.21854522949382119,-0.2668319020105582,-0.25452482674844973,-0.10651432394847149,-0.3290943674192348,-0.3080877096128074,-0.34339629371199915
-0.3788181259527913,-0.47547694959074377,-0.41890728100508623,-0.7154657505238482,-0.3735779351978264,-0.4586312009599116,-0.596058111017713,-0.6271911667457923,-0.39935677677960824,-0.47816802870626407,-0.3793154641363264,-0.3993213039830505,-0.63127149663631,-0.348504755385363,-0.49903784863512535,-0.39775488171221896,-0.4736637130229592,-0.45787928256520277,-0.33056928077204467,-0.34378906439559925,-0.26235061409364907,-0.43304018810158196,-0.23614632105696054,-0.09658942208723346,-0.33675515650989046,-0.46982573100130437,-0.3780320186837459,-0.2849613347671737,-0.4123966572113884,-0.15879197850541604,-0.24849498165235157,-0.04883727335814195,-0.3963670359292581,-0.12325616020898618,-0.2985755410999162,-0.22621495130580835,-0.23507096207283437,-0.4417547039831262,-0.03376234488083877,-0.43935249755834127,-0.06937946944772402,-0.32703952131844705
-0.30771848113004396,-0.4547768613800933,-0.447820382447949,-0.2986121417697157,-0.4480066923478566,-0.3344011922590146,-0.3028098972113494,-0.2887344333262841,-0.29988806902418885,-0.444708300096288,-0.33563038309007776,-0.4739090461203869,-0.4745640095404043,-0.38534828691569173,-0.4053158323207688,-0.4689852499546162,-0.402261365190062,-0.33471244293464225,-0.43208321061125127,-0.41033540490441556,-0.41343431857850066,-0.4377628713204272,-0.37380938176609385,-0.39322403974403725,-0.4043533464963183,-0.33122034323367155,-0.4318511788181678,-0.3037271454732003,-0.3287471003246219,-0.32176846765005535,-0.41890047546612064,-0.4343736873368849,-0.3866168466318049,-0.3960613049038336,-0.38992879038210654,-0.4702209138099267,-0.458356823711158,-0.29766714138549283,-0.3346467051836341,-0.28997108727071097,-0.43710466579565865,-0.36384790283521085
0.04537090221604752,0.00741936102301097,0.2975307422250925,0.298141653457213,0.4737843086424849,0.7722004861716512,0.6603697175186793,0.8354577115517314,1.0726668512061277,0.8859729028039918,1.04786459259611,1.1373895126641496,1.1746722209373133,1.1754176921221617,0.9850476371013195,0.9536122098393525,1.0562358567300876,0.9945908734849429,0.8806248522349415,0.6856760297762333,0.5785003291040205,0.5107805175009449,0.5069720134675697,0.2155101110993268,0.00018297373701882283,0.005309668568002878,-0.4501546347380649,-0.4132671062052017,-0.38981541585912305,-0.6152807037101587,-0.695653410237965,-0.6787448732770818,-0.7904664308581391,-0.7766542673464127,-0.8480439723013934,-0.812323245307418,-0.7714336965583465,-0.651222133544414,-0.6460070459702365,-0.6120853059062406,-0.6998893910935955,-0.5353062524855409
0.12425321315241065,0.060637142316797496,0.34238234384202915,0.34788321883020795,0.47723639850672245,0.8008059277420368,0.7887158789144517,0.7304679365811907,0.8844740771874549,0.9961957350915084,0.9549663175794589,1.1192517256466261,0.9622423957893624,0.9969078222727056,1.1095688006323061,1.1329798972013077,1.0791557285371405,0.9542083862083485,0.7279468054353304,0.566742455846799,0.5242064241973733,0.3835861875477488,0.3966005637025886,0.08862863824268938,0.2229731566908665,-0.18586189444060278,-0.48099082830405304,-0.5921205592707014,-0.6525691129111854,-0.5090253892615557,-0.825496373191152,-0.934354956850892,-0.8281205067129569,-0.7808992660333857,-0.7903669088311431,-0.7030230384520836,-0.6598414962672572,-0.7601587306027369,-0.5874614253133328,-0.6370673663248044,-0.6042540704393075,-0.4995339704276751
0.02343127313926373,0.13609924846539875,0.39779585411850243,0.30373805377697644,0.41753543625202993,0.5963823569886073,0.6403932381923216,0.9986588937427969,0.9131194929202495,0.862702747306997,0.8722298631523075,1.0113806209833491,0.9706319161397103,1.1651735221927662,1.0168358850906711,1.1122337813650596,1.170712489998075,0.8062427409145535,0.8205103035817998,0.9069047578326376,0.6330709581579743,0.29142197448613744,0.21699928666732873,-0.010594454113544021,0.00634446550677247,-0.08415818706189587,-0.11640932950012206,-0.6040226015155596,-0.5010703862443042,-0.5292116404114473,-0.8103374855909048,-0.8322322937464502,-0.6979624651387771,-0.7931312417124003,-0.7147936751330485,-0.7363962503296522,-0.7700229568551065,-0.6087986473503796,-0.6982068624274941,-0.6298711559596021,-0.5566376786572477,-0.5481581527803051
0.0037696572760580953,0.02632224522294986,0.2890860119858935,0.32215041889419876,0.5738678812807075,0.5634431673544584,0.8263061110502908,0.9087592427881109,0.8965888651536071,1.0789813213627601,1.1348000771762194,0.8853788476756367,0.9790866526155647,0.9529488891989204,0.9912116078993156,1.1812657326806877,0.9018735901330996,0.8038666269661638,0.8119188372387062,0.6581715649569851,0.8265259528073037,0.5679498647611325,0.48417067129338137,0.3522420120763675,-0.1773526631142162,-0.055889953361518724,-0.28866520574083376,-0.32938086822667195,-0.5415200691281274,-0.7705909623868294,-0.7278626872051736,-0.6879281255327325,-0.7431317224724784,-0.8075897327816042,-0.7758704166562848,-0.886544346827001,-0.7208476040823892,-0.6729692345622186,-0.7815773606111914,-0.6301949763142061,-0.7082848678887073,-0.5469762053767113
0.09705225095068323,0.1454163053781766,0.2425791351441277,0.5067129978586227,0.6220723531404444,0.7728787596465408,0.7339625303838333,0.823351178694201,1.0188972693230771,0.9638665257096801,1.1062842272198699,1.0327448687608138,1.0977573527734776,1.0474709748720459,1.190597221199491,0.9730994247024349,1.1293576005133588,1.0891841323673623,0.9144876880208138,0.8484483967086958,0.46671403198532907,0.4953235479657494,0.49482471694379165,-0.040135263828258265,0.16952351053421771,-0.06210754982071249,-0.16998560017061598,-0.6840078846178897,-0.42845025189129676,-0.6986072859600131,-0.6693271649057798,-0.9476972204914755,-0.8466455589816287,-0.9373230928895849,-0.7504452725204712,-0.6982894470019387,-0.7382443506568992,-0.6761000167582712,-0.6681994661844276,-0.6372560402895957,-0.6032082493917208,-0.5593251507586431
0.06287990163706036,0.10457506013067816,0.38115205686254267,0.482105883990362,0.5865068673553686,0.740824225097846,0.7171312136693108,0.7757420549166048,0.7779579656588723,0.8117114036854396,1.0973824677420378,1.0630929998799346,1.1414244037079586,1.1232441075024122,0.9496018971762357,1.0032486100285873,0.9168596979048259,0.894265193847668,0.9572542030418022,0.7521392279883444,0.5845109910434133,0.6180115057945843,0.1403027399447426,0.08272503379673903,0.20912828068542325,-0.3718153240541199,-0.3909109970579421,-0.3119088501378552,-0.47699632958114674,-0.5329584580938718,-0.7152631441906246,-0.7217761097103512,-0.8479884606110242,-0.982961967922612,-0.8057294304368122,-0.7528682844493118,-0.7257584371764383,-0.7170181085904139,-0.6888350103763753,-0.6672932666407646,-0.7473443771779829,-0.5033334183906548
0.03969475255848906,0.1271330200500438,0.14472827027096985,0.2797707347155219,0.5677641066686346,0.546594312129455,0.8973287108929215,0.8862795461498653,0.8914602263367404,0.8494290088867706,1.0427154991186023,0.9755051516189374,0.9668441677174157,0.9543281553380646,1.1020359844755858,0.9850600744610677,1.0145274829306261,0.9904052925917406,0.8019883852115781,0.9185410236568591,0.7915005672646133,0.47092406696524874,0.2756237712095718,-0.039801330192740465,0.054170588263764786,-0.12910602045205805,-0.3461189872422671,-0.6256007085737019,-0.4870152607879243,-0.6622247012863042,-0.6319509393980934,-0.8421624808080274,-0.8971767192399978,-0.8828115934451178,-0.7636120376151668,-0.7801887936240031,-0.7814134040855195,-0.8322236576790372,-0.7526432517177531,-0.7266216168728656,-0.582831363531799,-0.5265269143642397
