gfs-wave-data.json
{"header": {"parameterCategory":2,"parameterNumber":3,"dx":2.5,"dy":2.5,"nx":144,"ny":73,"la1":90.0,"la2":-90.0,"lo1":0.0,"lo2":357.5}, "data":
[rows 38 to 56 of 73, columns 0 to 41 of 144]
-0.1296331160883582,0.17592814600141232,0.2798050579258827,0.31265901536611623,0.4391201245499468,0.3959112102585541,0.668029519953704,0.7081814625426712,0.6968203520177167,0.8671805448859169,0.9119836701082109,0.8552822901205348,0.9297491050057659,1.024044772200975,0.9716772449655718,0.9840108514024284,1.024952560540111,0.739508584336068,0.8960081767977881,0.7801787371669408,0.633864634877994,0.6333691969895313,0.39297361081922333,0.037648658297621825,-0.05728923661025489,-0.31298876375396467,-0.20887576477985806,-0.28938888284651904,-0.56216846743146,-0.4148058148120151,-0.6323240081012929,-0.7178469860439638,-0.6727850898334787,-0.756857179897891,-0.7450239647843656,-0.5618726764175117,-0.5759100138051431,-0.603456294204882,-0.5380343429186524,-0.5488513609351391,-0.5328619403149295,-0.32641453897001743
-0.013604911378278696,0.1649555696390242,0.3174316878415514,0.3537829680763478,0.5137749675078823,0.5441035807405976,0.4937698194224738,0.6805089418918344,0.7099774329967086,0.7382537526613644,0.7270424117143405,0.9279319985610219,1.0268673332218368,1.0436240231137823,0.974936160032115,1.0908750790379318,0.8775896635070551,0.816393370136261,0.6588939207352271,0.7626282724209011,0.5689251512983469,0.46488941259917527,0.3094884374167352,0.24953477209794428,-0.07311573453897294,-0.025659558246993654,-0.43103906095179806,-0.5374316321193251,-0.4061686500920508,-0.6080857599849581,-0.6678953712023953,-0.7316601411432281,-0.6394862268903783,-0.7237411631186244,-0.6731548814304519,-0.6101917078655084,-0.674035732418667,-0.5336990498162477,-0.6248787374676406,-0.46238030875324243,-0.456288060638344,-0.3370379929275631
-0.040706455245918205,0.0986041934799287,0.1718764203011444,0.31899609199040935,0.4046540769348483,0.5874919409335557,0.7378559681531411,0.7133627882613447,0.7942652692775282,0.7229529255287626,1.011342170721966,0.8682651348658258,0.8832204129704361,0.9749728286964454,0.9637628479174911,0.886259873698762,1.010939420783148,0.9012146690053189,0.6627814927277427,0.651294401379959,0.4589853378676068,0.4898460532489596,0.39211360725842614,0.03716761980082171,0.0212477057294444,-0.14123768966606007,-0.10690635261635374,-0.2812655807749583,-0.49888333596467355,-0.5774847344030878,-0.6480182647409648,-0.6452371584415935,-0.6462621269819679,-0.7186599574618162,-0.7029023096595771,-0.8036064139937419,-0.5465103886654743,-0.6456215547061878,-0.583666418580899,-0.5154988139856161,-0.4637917248692459,-0.43444362713691825
0.02626210439405815,0.20005003649855205,0.1782896498142493,0.3319861142530659,0.3723885828123474,0.6255525714624902,0.6041038203147754,0.7195693229252401,0.7149426268718417,0.7416555785069942,0.9183391445778912,0.8641284580649409,0.8248308238596532,0.9315463609863599,1.0708930533327587,0.9329679251944156,0.9994449068749097,0.9220264801098184,0.7181740383576816,0.8281527245192405,0.6743548224521271,0.3086344229491847,0.11193326708979877,0.2858878280675116,-0.04223600605504586,-0.30673801477902407,-0.11151914105514883,-0.35221390501633015,-0.4318517421505556,-0.7753370755396317,-0.6479982696896741,-0.6031670798181835,-0.7645562275194585,-0.8191871212371143,-0.7972242464911318,-0.620686791487817,-0.730530898473194,-0.5971131627804198,-0.6508774549216301,-0.4596819016562636,-0.5784914784314102,-0.5344440884901587
-0.33321140749892625,-0.3407149500229219,-0.32941132279429747,-0.3548252561817706,-0.32594669600085324,-0.19557580714745101,-0.23209558325694912,-0.35090879576518863,-0.2132478244668475,-0.3796026859988424,-0.35129569242280984,-0.3068438199648481,-0.3339755623346777,-0.21939105881678567,-0.2269868318382657,-0.19350706246675467,-0.19407237752808637,-0.303577979004952,-0.376181684250001,-0.30818457155568263,-0.19606894748824044,-0.19373805912587216,-0.27851590224902417,-0.31523082586054385,-0.24109597909445707,-0.19061930312495076,-0.2940160885709049,-0.20060920939533278,-0.3800971380164122,-0.2791382172461706,-0.3682808555192089,-0.3686776397415651,-0.22676960683514505,-0.28044236241190607,-0.2636873706016057,-0.25933180086084345,-0.2812321144234792,-0.26033217295397953,-0.28299945021497536,-0.36222705498243285,-0.37955984257272624,-0.23700831516202844
0.4892977646400291,0.6239393624069747,0.6831666862561464,0.6265684938368296,0.5560355702287625,0.5547448586286807,0.8231169926163486,0.7137451952769756,0.7912948335740985,0.6971803457287308,0.8462244137960131,0.8729415418609925,0.8293906354500082,0.6562409998134217,0.8839141999762544,0.921201841014599,0.9098627770604041,0.7653413406385632,0.9658792407336683,0.8747910754158197,0.911569544515861,0.962316865192733,0.8992512024354036,1.0307968208190779,0.8724539063015152,1.0313275447638803,1.1565112921224343,0.9236700462065779,1.0764472913850065,0.9137648372667339,0.906248514039684,1.0381263347738914,0.9158383351837417,1.0203116284930402,1.0156527195847171,1.030129579546951,0.8609139576841192,0.8071759541627054,0.8668804971088181,0.9976538977598837,0.9162503013498758,0.9873969707699127
0.7218373092757802,0.508978562488817,0.6482795491469809,0.5929930442114029,0.6952954979292859,0.5730553882262662,0.5786560644978921,0.866443310647103,0.8108412362102345,0.8084882186377078,0.7804740876208004,0.7201769533378897,0.598499435417806,0.8517696575126228,0.8153944118103574,0.9491840170180609,0.9369514157194339,0.8461169705634475,0.8610950262530105,0.8888207826832156,0.7988067048945727,1.051257696481579,0.9563978080792601,1.0668645659044118,0.7933208941391077,0.8263948641520263,0.9641746610439618,1.0589470929566909,0.9019062673470932,0.9877487065106879,0.9564920628200094,1.0726476669457148,0.882207340845145,1.1054793651471972,0.9819602915835591,0.894616701106602,0.7516377006526258,1.0207066823310535,0.8194860432078553,0.9610025319978406,1.077381825487579,0.945090051911482
0.4617248208260204,0.4552944601279688,0.5072449222649082,0.6825476693325881,0.5594507246552244,0.5087925382795297,0.5312797076872642,0.6828719976230402,0.7222626087007538,0.9023549558974958,0.8723929536764693,0.842626449563992,0.7950038017369064,0.9794186683875209,1.0362203121308833,0.8683518390181449,0.7381165389974593,0.8820018903038193,0.9777968582468349,0.7466352518026639,0.8175495552644756,0.8536441831967418,0.8629963736237167,1.0904037227735786,1.046265680766879,1.0099661864790146,0.9545657492771669,1.013571227585031,0.8928549738031162,0.8057142065792028,0.9566553364257248,1.1175398112592183,0.982872880937663,0.844463193084569,1.058095788173569,1.024993345062167,1.0208273534133823,1.0137070113623212,1.0014113886611749,0.9764861412173236,0.8715084212608464,0.9013220192476931
0.7108782729510632,0.7075505813259715,0.5506812791166512,0.5991677226757846,0.6939667091688534,0.6924195975770889,0.799997871228213,0.7578633101939248,0.5738833235544033,0.7264786710361771,0.9124081977643015,0.6730482942487334,1.005486682047622,0.8076128138110218,0.9254671035270483,0.979016093271415,0.7306901627575152,0.9586755513441748,0.881702721812045,0.776136037242379,0.9856848587653607,0.9890845491882637,1.0010282702506506,0.916238251886432,0.8163495072837061,1.154833420556037,1.0002768212938167,0.8669654124142608,0.93959771965062,0.8215432447944446,0.8010844092598344,1.1612948595991883,1.1430003444364765,0.9857040860067159,0.9612713094912102,0.9767013801008021,0.9419072724143783,0.9515351870144447,0.9960480082311554,0.8608546850820488,1.0197412026855763,0.8876322033712436
0.5053480292411127,0.6960945284197819,0.5580471250969086,0.699603094067102,0.6288160745127456,0.6776299560090077,0.6371383921671158,0.6729602195894533,0.5938021915407802,0.8246988571716185,0.5999083701843114,0.6810230996405354,0.7211165845616869,0.8787032849146726,0.7351636322289619,0.7069312377074024,0.8957073229601937,0.7011790360443909,0.9510522117668284,1.0094082109425644,0.9036859245355158,0.9328152042386341,1.0194171295764627,0.9166842838626145,0.9924230526745955,0.900978233289553,0.9880978891721884,0.9030914807550386,1.027917761287,0.9121814865767838,0.9776132297670527,1.0629985943137112,0.9854281867374315,0.8550893310216063,1.0580844285226827,1.0872146488825583,1.0523346592132705,0.9994868564145928,0.8947155336521637,0.8455898965290631,1.0484633875007072,0.9814200576975515
-0.3199589643920998,-0.30216039160627317,-0.3843695106767113,-0.28030998173280247,-0.27538517200883766,-0.35788263717980495,-0.2965322280210227,-0.358000743642889,-0.2740364202039824,-0.3870321744642116,-0.2918146158643549,-0.31148318195677627,-0.34657708422287226,-0.4131254427784536,-0.31656917450354705,-0.313892870735523,-0.44205379509870374,-0.4256383288060677,-0.41425529289523355,-0.32416432755155944,-0.3692413588625576,-0.33709059455073004,-0.4050607496982931,-0.4403512092713485,-0.3665495770352662,-0.42196174240938605,-0.25950129315518566,-0.3864388177854103,-0.4250195820070563,-0.32708585828430137,-0.34616688324196376,-0.36860294993010134,-0.4368496636876341,-0.41498826849576437,-0.41034107163138117,-0.2546863777159221,-0.25738323316736794,-0.3155792752150178,-0.39842516170723136,-0.3148207374798671,-0.4284494074580181,-0.3029737315499242
-0.14315973451014855,-0.05560336792534504,-0.07194275359162886,-0.3329117975283892,-0.03016206059717416,-0.5494113978126257,-0.581311640291401,-0.29934953071518755,-0.5400687484704215,-0.4276411803099962,-0.6826323155446332,-0.8543539910190027,-0.8878299214055203,-0.971240339769376,-0.8429391787610198,-0.5875638356005033,-0.9993539412963071,-0.9575860116063413,-0.6695469336038878,-0.9455945174909158,-0.6085380490467068,-0.6340728723136191,-0.8705003174351872,-0.5386403196779399,-0.5886565292186622,-0.4717593728779944,-0.5445068258085698,-0.29516242173385626,-0.25726778780369036,-0.46717418478851247,-0.3599895303280356,-0.15311783436756754,-0.3630952068856315,-0.3286973937623624,0.06495066933288166,0.0016490413143582492,-0.020144633743248836,-0.024357881665576363,0.22904391426125517,0.079731689772121,0.2570524673946814,0.2763925302250228
0.08145825813025898,0.04005756468152623,-0.12077674484374958,-0.18869509520866473,-0.1859041089396897,-0.4770254895572423,-0.307916764749465,-0.4464676693522034,-0.4462624045221559,-0.6375370769930924,-0.714338779209699,-0.8351367362058434,-0.6653195965061535,-0.7031442754751143,-0.9466804495254193,-0.9382767023444497,-0.8075823075509078,-0.8643440133520995,-0.6111038159261482,-0.5332639913625733,-0.7485432772283648,-0.852306402706989,-0.5861633287008933,-0.872077676532921,-0.7181926767109437,-0.6496836293516176,-0.29978228514924105,-0.42729958819699704,-0.24147102033260692,-0.378371379168813,-0.4452244646792892,-0.3105735035407962,-0.08549310661253244,-0.08384611115979822,-0.2425270258894776,0.08135037484113135,0.182854349351221,0.10520430873064462,-0.03905308657852271,0.1704903247113445,0.31909684073574457,0.2601420363579496
-0.19360430386384614,-0.2749951956970649,-0.011549310654200139,-0.2541427510260994,-0.21795618829297336,-0.5372535380169868,-0.560812456624029,-0.34223212079931764,-0.30967415151605976,-0.606892164501814,-0.49316552057388047,-0.5446011779831024,-0.5729258330808974,-0.9463037255808465,-0.5501100758427476,-0.9251230086720397,-0.9180589285610647,-0.6695301706190214,-0.973700979350747,-0.680886349368379,-0.6457194754676067,-0.7330976434418498,-0.8815971925970943,-0.45642270079869435,-0.6422444265092269,-0.756174117431178,-0.544553446705937,-0.4993477059981889,-0.4324689076089282,-0.20296240813720554,-0.27570603771019003,-0.42736590820780906,-0.07929810370167943,-0.057191402147086075,-0.1349827257988818,0.11126211095718082,0.1356861530008707,-0.13234692627770267,0.1966960679047344,0.17036140920072415,0.020029202368933536,0.2577246413229128
-0.4462731919313968,-0.36342512672748006,-0.3829750447859415,-0.37714146867925785,-0.3802997039811165,-0.42218078479206855,-0.3201295903477473,-0.48018183708568135,-0.436191862766057,-0.42834370885881656,-0.35116696951785625,-0.3042567981180274,-0.38579697506337157,-0.40709352660497333,-0.39877951322006555,-0.3845300049645714,-0.2882324946844489,-0.4773645493761478,-0.47167061799778925,-0.3815532509155401,-0.32350622676042706,-0.4183902053044763,-0.3823661520030029,-0.2958665433030793,-0.4315281403871514,-0.35875491156177464,-0.3717595056121586,-0.3061529073303575,-0.3035260526374002,-0.4830808291850997,-0.4808694963758495,-0.3073131736092046,-0.3544293838108587,-0.4600091539564672,-0.4753776130836265,-0.3813842300836748,-0.42134432650943987,-0.40345841178394665,-0.42130418798548114,-0.3722209736416836,-0.30743604275516045,-0.45953336349674223
0.2211263827989627,-0.4100925690015514,-0.3188084378356125,0.033090877682871576,-0.2747960493439125,-0.8588416314546459,-0.40448749384584554,-0.814551598021369,-0.6817732685867187,-0.5571627798203536,-0.702472770547542,-0.8337588833398855,-0.8028798137824648,-1.456684784692505,-0.9185757754154293,-1.5428440292272847,-1.6714724734836486,-1.5810960038494934,-1.1475524208806658,-1.3194565911947957,-1.2826701336565138,-1.1657761627201841,-1.5614620257478298,-1.5721643051659029,-1.5396720486933322,-0.8367874064589428,-1.2482214315865137,-1.1865681466931879,-0.9888419315849749,-1.2554853956972625,-0.9744456085020331,-0.5480000206456792,-0.8988807074727759,-0.4024613515501401,0.1949363666737936,-0.10808964460211709,-0.41532192428110754,0.31747474299868234,0.5092016665526553,0.39884692019277695,0.9747746007981364,0.4909903863458507
-0.29190961621631617,-0.36520608876800176,-0.5240123420630834,-0.07905812024415289,-0.024411571980224967,-0.32861184402141874,-0.9800212455349931,-0.5805710951043878,-0.5705413575363438,-1.2480309165076182,-1.2892173102994346,-0.6273315419746676,-1.4886587170683188,-0.9360474356641373,-1.0510910039955754,-1.4839693363127096,-1.0446742488034517,-1.4148563730282389,-1.4449658525423033,-1.176017610873113,-0.9441107350044087,-1.239802454633809,-1.7107889879270164,-0.8360056463986255,-0.9498247859742531,-1.3719470337454989,-1.227496331471127,-1.0155327349560368,-1.3616697440163683,-0.599283635844508,-1.1545894861249,-0.8726875490863812,-0.6967914670850788,-0.7517113412670194,-0.5461246894492159,0.3614285898320811,-0.1955401058141331,-0.12462328101806233,0.38225633082477867,0.7697551663737987,0.13789790873718955,0.9264789965460225
0.24235716399292984,-0.13743247127040834,-0.5048924350039528,-0.24770777710574,-0.48122510380518535,-0.6142145534528425,-0.9872818880923342,-0.8292259796440472,-0.702408884168542,-1.116489489437788,-1.1064110120013817,-1.057926644469315,-0.9720111413300917,-0.8178288102035076,-1.1803646453809522,-1.0038009248005648,-1.6272843927797314,-1.2277577021188406,-1.3147196700091817,-1.1137495989453603,-1.1282628593974737,-1.0862404683055822,-1.6972826825226375,-1.2347611955310864,-0.9253375336000208,-1.5064879561431352,-1.2176103036313621,-0.7666540906681336,-1.4069899903062917,-0.6775117035328642,-0.27118033815743114,-0.4764641478141466,-0.22893342036958253,0.02789107322259031,-0.1602757176024512,-0.4789860243799891,-0.35440517964346274,0.2890964556792397,0.733879602800559,0.5546111837765086,0.26889288194479444,0.22556045588720447
-0.17878980433653335,0.1425706589771227,0.1709844332361847,-0.5039719046088472,-0.6402534878186098,-0.6757094236223694,-0.7335472724129262,-0.3947355951048619,-0.44558087083475745,-1.1040808799732922,-1.0045383806329276,-0.7710101350775612,-1.0393487645944797,-0.9911843824718513,-0.8475024229893477,-1.4404510379145163,-1.3061956139156683,-1.2367134052437938,-1.026459637859105,-1.1795246595750237,-1.0705872152833147,-1.0937574331793851,-1.2208640688434003,-1.0871005307275328,-1.4272963742830815,-1.1850060012225971,-1.2819478589948274,-0.6394397124502474,-1.2028563527715805,-0.9857701671885606,-0.4797466249199039,-0.7560833939464937,-0.30088649265754447,-0.664913494316804,-0.27048581716027564,-0.40428013591501294,0.0999483207662735,0.12321122515369495,0.6802515853835421,0.22226124095392033,0.7897422580733403,0.9560845009743818
