gfs-wave-data.json
{"header": {"parameterCategory":2,"parameterNumber":2,"dx":2.5,"dy":2.5,"nx":144,"ny":73,"la1":90.0,"la2":-90.0,"lo1":0.0,"lo2":357.5}, "data":
[rows 54 to 71 of 73, columns 0 to 41 of 144]
1.982235125212484,1.892445937599284,2.022482555135798,2.0513311279402244,2.16559395028061,2.110067315120947,2.2167096257831447,1.9727265797998241,2.196485135429668,2.0509595278667248,2.136474050786011,2.1685144955119533,2.0938157532702055,2.1439954464143276,2.249437809492582,2.2878805948139793,2.0041466752427053,2.3491163493618,2.129921608465386,2.293689587861541,2.2930814132395705,2.1669217530589613,2.2076046853741342,2.189093311390866,2.4771138463405795,2.6048416917118065,2.493121478550524,2.615365529606455,2.672892801690461,2.6279296043199007,2.696094254370678,2.6876984797120995,2.5708459632471126,2.7880132369223007,2.674037262353079,2.7656042110557664,2.830887278626544,2.8188078898191105,2.669130201669642,2.685056084188499,2.660175447731997,2.6196359947859835
1.9276377040137915,2.061917540197535,2.038153834375951,2.0751253672302554,2.0148491978179788,2.1677098390997616,2.093521411955894,2.1024048115310427,2.1626357192185526,1.964492303724478,2.012465389712416,2.120283233744322,1.9225631999768333,1.952910973983393,2.351591313021962,1.9668023150430824,2.0842657233947706,1.9946023555809889,2.461108703511096,2.3968422552915607,2.3222240964555008,2.3602355723531985,2.072449392114649,2.084662187985507,2.4389552350310018,2.4872899766452794,2.4514695988915904,2.460044020817854,2.521431972468511,2.3710245544049364,2.401508319289514,2.683154088435956,2.5653126233462458,2.6885084869121827,2.8277088775247465,2.7970894568699642,2.814847620138761,2.7207450871699095,2.723927589059826,2.7312007921294694,2.7526243231621903,2.609820506508141
1.9861965932678156,2.1155869036824755,2.1429026277891348,2.087885459213931,2.2039805170739553,2.002876314620606,2.139707814491897,2.229726504210575,2.111321186829403,2.246147408280983,1.971645149820865,2.2432970279156623,2.0974336854461604,2.0346557798868115,2.1047822996105503,2.125617802375408,2.2245253640287257,2.4075756912806057,2.118462496358723,2.1683414181206193,2.3938293763524405,2.289891291041305,2.3425008886029817,2.1158087468853273,2.1780223897900846,2.5267543886065895,2.5188792493821297,2.4194818188026836,2.6510305612838345,2.445523494786049,2.7291875953430558,2.5870566906730854,2.7688105422831084,2.6131806632487797,2.7370052982747097,2.7313758590412034,2.8577332922883607,2.701013654587212,2.762619272433148,2.798937895247703,2.7252233302486375,2.5487535910728414
1.9556485792716867,1.9657566815119463,2.1146324692823444,2.092778872096774,2.0708395659279786,2.181974212050153,2.141267852093126,2.1979273928951315,2.0214432916451823,2.3260934159303295,2.188462701803328,2.2038277020887507,1.9676471406885219,2.0376793212719053,2.123494885679854,1.97858724956086,2.017139474506492,1.922555885013276,2.0999970537457324,2.114910822205338,2.2240142639024687,2.236269022014606,2.2962042191173775,2.5030704974856812,2.228500574223162,2.343151277555577,2.5473657162348724,2.625447549194699,2.6066231056761526,2.70996188166231,2.633673815636153,2.8004860162174117,2.7864031655974406,2.7446194654602474,2.849953171975184,2.784289377672801,2.7773453666455126,2.8138764313369258,2.789174143738797,2.665200823088921,2.698280330254424,2.6232183475470623
1.9961585944725515,2.1327431733244815,2.1468372691897066,2.0780494884653478,2.2155791426958653,2.1263720937455806,2.1788723425264473,2.2795313221031557,2.0300691049292947,2.111086655192684,2.2552337826244195,2.1167827243639774,2.009590851229275,2.0552332733158125,2.2172558796578348,2.002247491319074,2.1990363412020653,2.334398646420463,1.9597271489358374,2.108126875675803,2.4761417837630457,2.4022333755233674,2.4967348378146412,2.495237313051857,2.366041286303896,2.5216866969751677,2.575430362020407,2.515561930768338,2.716724364969243,2.696185119754644,2.694633244521236,2.7941721876622783,2.7440086879189822,2.7397689516519046,2.737503176738507,2.736834045906193,2.7567042271663413,2.853727881397626,2.7137757494233914,2.8386313251244633,2.7225203188062874,2.6773418373783664
2.1284559504283007,2.1153105949325757,2.1148122815000945,2.1710644387536657,2.0719010334436927,2.187682891956267,2.1924419248931764,2.200304935582565,2.31755541954099,2.044567192737623,2.2154814038847066,2.252685069496294,2.1151762936001077,2.0173184772710306,2.306016571373385,2.426229215142414,2.2343011123975707,2.409150670887914,2.1783710771811964,2.326740640193129,2.195651108108425,2.388474220490388,2.0458080420051035,2.276643890986473,2.2644740823956266,2.4472508063901217,2.3335290448911423,2.6179072433510875,2.7592380209123304,2.496083905647494,2.841948289142481,2.7183089938311245,2.7017595602740023,2.6615791501040373,2.896235240902662,2.664233563647485,2.8740305749781014,2.752717153466445,2.9061100174736665,2.840651832208129,2.8254977436334725,2.7198397424661227
-0.03705653418699617,0.03927305471471407,0.04745884980221828,-0.02248466045774302,-0.01515321269492721,0.03130583793320254,0.03340280417181202,-0.05554524908283781,-0.0407873858437203,0.03073835180081411,-0.018376442834811775,0.047090589006451904,-0.007889557936586026,0.03762403760390359,-0.025385360767468126,-0.01944610045961324,-0.051534475556893396,-0.004047315136428147,-0.04983281961157508,-0.010120428821780101,0.03614134444287649,0.05195053679318147,-0.0232553104627087,-0.05916105126246155,0.02658305487854998,-0.013623966544297351,0.05795060141136433,-0.022018430865200233,-0.004784555374436943,0.010303195713347932,-0.05354906265408016,-0.003392737902931116,-0.01768920943903024,-0.01918435892601641,0.017319259609929763,0.029207994483275945,0.03149343777633048,-0.014300316628932512,-0.0015081410654447212,0.016758980641397653,-0.01903112564073643,0.039580368520142684
0.5877366437325859,0.5417717476652916,0.6035438057112098,0.6385347533378267,0.49291725065965764,0.6058148763342587,0.43180603476687635,0.40867240077309097,0.3834380347182366,0.21678220104375145,0.23760122200214193,-0.006447335375637676,0.019611347397083513,-0.13170460750169102,-0.1682994382909266,-0.3752311296771697,-0.34246829522077527,-0.5115171738391828,-0.5172048583899409,-0.6386576132274531,-0.7372298946226405,-0.6899580361763554,-0.683355335578661,-0.5758160783144919,-0.633886852242571,-0.6413201972058664,-0.7326855662549587,-0.5794771540469158,-0.5858323455841918,-0.4927668247753076,-0.5205037515286711,-0.47144851756463085,-0.30528121589269147,-0.34456914032327485,-0.2511945760517997,-0.1230310820248884,0.0222358055149288,0.1205688739502497,0.12019736624851464,0.17862442054971578,0.2044711556769181,0.29837088264467637
0.46713848046809336,0.5962006007732774,0.59557893532209,0.5945919450291036,0.5257705504383755,0.6137153002366181,0.5048671791304179,0.4998092775687584,0.49635288745371625,0.3838557040505598,0.2833921865819223,0.03700136258316756,0.013995897594350125,-0.2173492181060108,-0.17392416647375314,-0.34372741128159384,-0.4272904095153049,-0.4233909108359149,-0.5821297348042577,-0.7021672834737291,-0.6745418659211558,-0.6558286668608393,-0.6889711733144313,-0.700184244722634,-0.8046012543430318,-0.5920578855250629,-0.7420530954622514,-0.6436382322026247,-0.46185436122102863,-0.5934320131959301,-0.45344368485615777,-0.40901970931700243,-0.3710017790610391,-0.328630697663277,-0.2019093321630344,-0.026394504937845377,-0.033320271506727346,0.12326892392588404,0.18307629822108726,0.2810247460359815,0.21593979018965298,0.38236668226070364
0.5935189764658142,0.5912980997509855,0.5570497692457765,0.48625959479106234,0.5346363280285974,0.624613161453347,0.34525562065597937,0.5253323622981788,0.34019620283497715,0.2423222979226166,0.31807097145077107,0.15916056806930137,-0.041097810999111965,0.006800046186027792,-0.27176251845849647,-0.46941837187122015,-0.4658436886373592,-0.6133148516185976,-0.5318862881963462,-0.5005971554481662,-0.7308138245064257,-0.7534729959008966,-0.8159986966482206,-0.7543597241554783,-0.66952797375586,-0.790091359374811,-0.6845135062242927,-0.5620124148704381,-0.4799003464399744,-0.475897894610056,-0.5411518361512357,-0.5061470031696135,-0.460517054019541,-0.2317680961434676,-0.07269798377147958,-0.07782722345052892,0.059727153966666904,0.09773668090384956,0.10908671012733234,0.21264307211519762,0.2133969266593647,0.20587003709642515
0.604353240979415,0.617743077085942,0.6967700880350302,0.6632078098312468,0.48306918460014087,0.5483708676930725,0.352980950667561,0.4093612740766232,0.3236289298909839,0.21653605651797506,0.18920402194428645,0.02363826649503201,-0.11062024617822433,-0.08377926240406863,-0.14727063604894222,-0.28575759516101257,-0.35836084855547745,-0.4091618495893966,-0.5934033765365859,-0.5412514155041965,-0.6002142362958409,-0.7238856999750397,-0.8064116070720772,-0.6985736014512067,-0.6943790110699377,-0.7266989031718746,-0.6221147819939176,-0.5118773567045098,-0.6370452179838347,-0.5541874652002383,-0.6152559403648236,-0.3924227195859457,-0.2771831246156221,-0.28521514746574034,-0.21550522384037515,0.015385009155167695,0.005289059501541376,-0.019816543433456586,0.16898405864324262,0.127337917662969,0.33261992822501424,0.2549005134259888
0.6031581470205168,0.6540624638749801,0.5050476350152483,0.4934498898291821,0.649052296655533,0.5350730645491076,0.4856754008903184,0.5376878289401653,0.47800430393110543,0.2203431393872539,0.2080690954811926,0.16793084484862456,-0.09428530382632883,-0.08421411051788187,-0.10300626693155812,-0.25255729889520606,-0.48719075864890105,-0.4255977737319722,-0.6377093103154523,-0.7218136269867934,-0.6403244346617483,-0.7875133990084755,-0.8729781769723051,-0.7405375839725671,-0.749534310117384,-0.8051204500399531,-0.66830449389313,-0.591976185824098,-0.7218831018221749,-0.6898332448058079,-0.5127457982540512,-0.47896902138888253,-0.3707432232991147,-0.15455479884119785,-0.18228639447486056,-0.17892659405562988,-0.0965088055040719,-0.008235505482829421,0.2251628142441661,0.20960466002285566,0.3019195941163264,0.21762670176446716
0.5113889174120945,0.5760484376912698,0.6024316394340536,0.5031834267383554,0.5475128922652676,0.5520978342220741,0.41129739682775984,0.40420947744221997,0.3268979396527743,0.3291005251123872,0.34371122033081114,0.16566348468329542,0.13034187281537365,-0.004545908168899866,-0.29578214772159805,-0.3104948093520239,-0.44636973066159524,-0.3964541586413171,-0.672621983436918,-0.6198743205086762,-0.7473962686703474,-0.6516234142625988,-0.6725156632062393,-0.7261342380912617,-0.7719736976320191,-0.7491719490861103,-0.5971555566179387,-0.7620446020333052,-0.5814814856678174,-0.5895111610897825,-0.42162668213588184,-0.46638507483768243,-0.3028225291736707,-0.1949470525392797,-0.21216780836234633,-0.03251017266322361,0.05345679145388841,0.10412884852648807,0.23448682096904785,0.2686475476884342,0.2160873604637307,0.3233159634798492
0.5290637638933439,0.6588478189995123,0.5028859758499679,0.6219534200445365,0.551290655405954,0.5421015870841966,0.5475936147014597,0.46661406004593065,0.3232473867360624,0.2326946145102793,0.31802401823332144,0.08227047364859914,0.10267709469082302,-0.05493542038746292,-0.13169414870088336,-0.23818626928247796,-0.3326800765515659,-0.38859512434270477,-0.6297154800732017,-0.6155869006596825,-0.8019569966940956,-0.7440362257200224,-0.7721706445900682,-0.7678446319526259,-0.698510819540936,-0.6404091864207151,-0.6184728103285202,-0.6621790568819276,-0.7596673953946783,-0.43029663776503285,-0.5218352138810428,-0.46441290449161815,-0.342976833502729,-0.2519175197084717,-0.2601696684450928,-0.09822056753496072,-0.018688260749427536,0.155564846719431,0.17243104742954127,0.2582077300889347,0.21891451488539698,0.2889121240832608
0.5389177006384221,0.4966383099317817,0.5096437976078911,0.6191658325339742,0.4369885915330608,0.56382615210051,0.5160750011570315,0.3204057857562217,0.49551942788167924,0.2314689437546861,0.3583385452284019,0.21821846712440365,-0.02981124895929054,-0.2441825527150892,-0.36054636147946506,-0.2654689917947161,-0.4578465289984317,-0.567832192953909,-0.5557706570758606,-0.7026981070887811,-0.5424057101668329,-0.6000012978474831,-0.6529873698529277,-0.6245173037224859,-0.7371664773023501,-0.8263479424890638,-0.6707134118104615,-0.6052304397766289,-0.7095658341765592,-0.5181690054737249,-0.519973094184946,-0.3535753746583057,-0.2794067973766993,-0.30515347945447596,-0.22100860330025401,-0.025772810238425446,-0.10350768196582216,0.1264971510744843,0.2660050595425465,0.30545389276659324,0.3094399317096411,0.2878091385072607
0.5764892924668423,0.5633027686848616,0.5947180886211804,0.5828470018820384,0.6249145683724886,0.5229846299718556,0.41836345724181306,0.3735866179864797,0.49268198506592326,0.39819577630226366,0.3408896378313871,0.0512178510629615,-0.09543143729792225,-0.2511312662759156,-0.23745508068273083,-0.303689334147376,-0.3483210507616078,-0.597173265044369,-0.7649729151760041,-0.6362742191249323,-0.6190519614747534,-0.6693416901700588,-0.7365217760748493,-0.7760121341436975,-0.6093424995911666,-0.6983725410069294,-0.8371455588385939,-0.7175423612036332,-0.6746638335654614,-0.6070969586151304,-0.6717271892037295,-0.5100733580126403,-0.444474635438227,-0.28686106855945687,-0.24437399193955017,-0.17167291242090332,-0.08732207070392842,-0.018542868217596785,0.13892399339614378,0.2937936374663139,0.3585936350413415,0.29361269176165017
0.5396592051412726,0.6169719012162869,0.4762407437809799,0.6855218533404377,0.5898860925604879,0.6069205373789697,0.5235679616678979,0.3987351586152531,0.4848569871223834,0.3172050895266582,0.22682369402048227,0.13568117544732702,-0.052494510342115296,-0.08741602942397662,-0.32968790663887887,-0.31160894731351835,-0.5626903798554146,-0.5849699345939549,-0.7020207274952927,-0.636799214891427,-0.7702396940270303,-0.7649577116810398,-0.7124696319735124,-0.7999378394771117,-0.6849843038566328,-0.725573919368133,-0.6783803845975459,-0.6458771656776023,-0.6664766802725302,-0.5031089576203117,-0.5234273988189049,-0.45003412288553485,-0.3348255452385835,-0.31611851977465427,-0.08392344385760774,-0.18580459534768123,0.10319747453820176,0.023831968592278287,0.24313317778019533,0.2525531583684119,0.20229234589443829,0.2929458471017924
0.6338983622557001,0.5307238600814254,0.5863374007604997,0.5334432234107604,0.48973737207083123,0.5404925684258024,0.5634885037405772,0.5069633200047364,0.3268326109265009,0.2448704083503612,0.10276757231131775,0.0996428125966091,-0.021151527712675408,-0.16832305619573124,-0.16249294614791715,-0.2981448365416786,-0.49945685203101686,-0.6431914881120842,-0.6914762908597925,-0.6077793560064123,-0.6827703484591681,-0.6721810315578596,-0.8166032108649638,-0.8405764800570276,-0.7372863344113616,-0.6600929221644058,-0.6476766780461093,-0.5420853683527614,-0.7041873420662815,-0.4380788579251562,-0.520974643134771,-0.5381733331579074,-0.2559782231663717,-0.31147037562382546,-0.25240335228342986,-0.21303247309790466,0.07850341393024013,0.19100043195573696,0.23374225574903448,0.18303398465817192,0.3489116704704984,0.2539923828270837
