gfs-wave-data.json
{"header": {"parameterCategory":2,"parameterNumber":3,"dx":2.5,"dy":2.5,"nx":144,"ny":73,"la1":90.0,"la2":-90.0,"lo1":0.0,"lo2":357.5}, "data":
[rows 0 to 18 of 73, columns 0 to 41 of 144]
0.214402460463107,0.3797699728114848,0.32744720201791233,0.34967526429204066,0.34981218834321826,0.43711786703063815,0.38873882836326923,0.43220444542415004,0.6806495551968401,0.5900604855856342,0.6285748414155597,0.6906446022665047,0.6235431987544924,0.6739762587371336,0.7242468759379523,0.674971400899954,0.6500568566363507,0.6156070933455214,0.5099548440500585,0.5578179888840239,0.3669795116522474,0.4523432050778047,0.29334179849357095,0.31418396231494095,0.3169527106970637,0.2911734594789202,0.5078052570729682,0.31829096645181476,0.44181320203885754,0.380988586583096,0.4178943368834557,0.4427964669210222,0.525111997135139,0.48240522318471407,0.478926204798684,0.5134769950022848,0.46439905538042364,0.41247842886797725,0.512000790848394,0.49661318262206544,0.2851846708554703,0.3768506137135329
0.179582325542565,0.30919674820402676,0.35732122736500777,0.4467234591247879,0.26960354257417574,0.29748484218721044,0.460431365221515,0.5718788403199675,0.5418271474113237,0.6910851646358139,0.6985438181675346,0.7704939183812844,0.6432808690704905,0.6708801470903708,0.6551420387113289,0.621036117417472,0.7115145830882106,0.5461667036300454,0.44394569171203524,0.5110198573669696,0.48972092328282596,0.4515665392826319,0.4506033025750344,0.4447498646012098,0.3820205560722214,0.25755979493759806,0.3468281908657053,0.35252244399282356,0.389435554470101,0.5005091487584348,0.410693750903649,0.43133258260611257,0.5544973286225503,0.6017420257868564,0.48955461829448094,0.5234126839959792,0.4593188218761883,0.49270199551425153,0.35363915297463727,0.49559999836588037,0.3152561991120455,0.42302717294888736
0.31314614747989733,0.19253568665221893,0.3098680644944178,0.299252709923205,0.40673551329039204,0.35670142439355595,0.39065136983591164,0.4902046257922446,0.5568546016035354,0.6034148200729318,0.6217352050248325,0.7865993319334345,0.7297702062615273,0.7424357576980921,0.6832651230714117,0.7397398938567766,0.5876903162470545,0.46706788872193195,0.5724139593704632,0.4203250810848797,0.42883765853587164,0.37041828771464946,0.33625312737531915,0.3402428772128989,0.4290891058229171,0.4807884712785398,0.4735999145848552,0.35751147807598016,0.4770098380742695,0.4346363777061834,0.5808838330601459,0.6202087094204531,0.5114841537300079,0.5830552481328088,0.5585711726184956,0.5418791376061473,0.5169364821835565,0.5256331526640523,0.47193615062837435,0.5313777468536208,0.35977034585178636,0.39541354217865965
0.299758666910554,0.3443956506979276,0.3310662944392359,0.3628070507332613,0.39466541128613986,0.3611790103773787,0.4411820020323755,0.5446759539919678,0.6122751218071344,0.6893643011399821,0.6743277110495707,0.7193267239536345,0.7108284643985658,0.7128520585727905,0.7808015595496702,0.686467316245173,0.6854227874243193,0.6520690692710328,0.5640856330241668,0.47902740716223036,0.5354983183852616,0.4879091758898012,0.3324528764845941,0.37395744543898163,0.41981074013842645,0.3439460419055161,0.36987491051167926,0.430235766662503,0.47032705105811257,0.5589226636088388,0.5328036608797084,0.4881173773064382,0.5463549405369303,0.4772162464432416,0.5734556159249591,0.5951247692326801,0.577463083312328,0.5273542192920818,0.4923103447094621,0.39844549458025397,0.35074661355501435,0.3487856474250086
0.2744721555134047,0.31135218458682024,0.3271423598126264,0.26306491696702416,0.46459333801968344,0.46624833472928773,0.551515879759881,0.5818414923591133,0.6567637708778227,0.6629494325331629,0.6795459215283239,0.7652455736930441,0.6917375291023267,0.7754755880222716,0.8234071512854868,0.7396550960891437,0.7205485359672639,0.6023810118722609,0.7013850932928948,0.6857117215841337,0.36345310572465506,0.4765700751172986,0.43698980694017503,0.4574249917853541,0.30020322275106726,0.3899494971101503,0.4129678234856809,0.4455881079493104,0.3419332813781445,0.5612681696366589,0.4213590464216958,0.5234960418980644,0.5749975119135097,0.6276618756594856,0.5840854173360868,0.569792895821486,0.5910993964780006,0.5108664363828871,0.5370095264481829,0.42105864789902314,0.31410530094578765,0.35934022032970847
0.3086106414003421,0.2543324077951755,0.2539331396132312,0.3645210315889889,0.37865892338485785,0.5100937920183741,0.42111484085182865,0.4774960572771007,0.7212013838721101,0.7540375721712924,0.6738155344872725,0.798219140081297,0.7262436688179287,0.7399585071346628,0.8432607227089004,0.750196929244226,0.7686809056777405,0.6337016726206542,0.5244879839393751,0.6850296074599679,0.6191725401714634,0.45253380944868854,0.4402148217376474,0.44416629560969634,0.2996126225763644,0.38685528403602465,0.36081101234462176,0.28482810834853783,0.40445160814240433,0.46609026788866803,0.6196424582826283,0.40638005441537095,0.4925174435818145,0.6275613893522543,0.555931611027132,0.5008528551192598,0.6398320770638064,0.5500537203266416,0.44420722246022776,0.5235196227140424,0.38167206527599373,0.287839082378891
0.32707757386396097,0.3702124235170375,0.24782088910108793,0.3475722128881748,0.35410240086887074,0.461705642923415,0.3924236410068395,0.5391659387772415,0.6493172645134273,0.6843825501143377,0.837223039327817,0.6874730684682018,0.8318316384830199,0.7065601725018954,0.796865080383656,0.6976013839226959,0.7361096535648585,0.6807165872220172,0.5538336547422404,0.6153082184216061,0.4989064455058814,0.4167161400329676,0.3906153585378831,0.4447267262528602,0.28395010441897256,0.4837496863461883,0.3328312239080334,0.5067981865653151,0.36867513266442,0.5255690626227454,0.506535186777767,0.5239458635234544,0.5861552782963467,0.6304429990678111,0.5416264173037905,0.5760218495746481,0.6618094350241797,0.5408348486939403,0.5652532790665297,0.4400241863356694,0.496944839416692,0.33239172723519367
0.19576421980626846,0.2528712309126456,0.2632243142393424,0.347370959525205,0.3770591300428248,0.4250801727199349,0.49303030600062964,0.563034693714911,0.6402119232403065,0.7292473379506949,0.8223815188554153,0.8325213539093888,0.7404293199789452,0.7712064088145301,0.8262096111923243,0.8731404501231084,0.7713497572667428,0.6753240852921012,0.635314938146931,0.458993796072178,0.4059334929913189,0.5167482073884861,0.35796274206698975,0.4800031678654537,0.2644523186628155,0.276903196654838,0.35527702014180984,0.4805112021510376,0.3157269502802791,0.5143448455660458,0.6553880282762659,0.4982218663068962,0.5271536738269126,0.6485619061019412,0.5980591968523518,0.6780864842386753,0.556521072896402,0.47410564376433517,0.4793451203297849,0.5025319794157017,0.46819297202909527,0.332669568132582
0.27449135104951905,0.3137233093946745,0.3330513238782491,0.4678177886169179,0.42142111216679695,0.4154951379272234,0.5069730254919748,0.5169194302943924,0.6882540091414282,0.6507133952528689,0.8736740930922627,0.8530155040747923,0.7295656084452821,0.7329462769920884,0.7444581132237241,0.7523186184091417,0.6649006725809326,0.6717219818445349,0.5672195517379355,0.6641114605434488,0.5005751955055484,0.3945698472170883,0.3629596383858114,0.4162118487169827,0.43134064138133593,0.4216117422683302,0.3455981215066693,0.5385225657472675,0.4798035665919192,0.5122122060567701,0.5275397989464826,0.6828056313980937,0.5624993874525425,0.5464816031598944,0.5785836392898784,0.5140926824520747,0.6512267012522035,0.5852761732391557,0.47567584818741476,0.5617144271878841,0.40017900343718,0.3149311189867182
0.3596875858765627,0.20487131896510027,0.3533562198181081,0.31267448494367617,0.34994647147279323,0.39283176760394056,0.6745331673185794,0.5700587176436113,0.6409724573843193,0.830393731998216,0.7893632265322763,0.7308769379842102,0.7654921871803801,0.8254692663605041,0.7474348219829205,0.8042851709833662,0.6513959742939549,0.7904226206048092,0.5105732624021468,0.6037706783524854,0.47092283779128896,0.5240153871163549,0.47852103163778265,0.41409588978572504,0.5074571365448268,0.48445270947693087,0.5256219805005461,0.4479893913696847,0.4700284924782099,0.46961185356067287,0.5150941185818029,0.5515372535170653,0.6597659085004948,0.5480781794194559,0.5707360383899494,0.7067757246710916,0.5391880911138311,0.5552701412614903,0.500353155751008,0.587806600705982,0.5104023514826902,0.48131472749471715
0.3715693436933811,0.2415078135548123,0.4376001875126839,0.4188425820566308,0.44095417424962463,0.5674592137931884,0.4926971679087251,0.6486663985460258,0.5823467611989812,0.7146116094726235,0.7370059730003816,0.8201768373219099,0.8004822910392768,0.8228153003551573,0.7939400483361115,0.7472261251535012,0.7374469936167278,0.7623636448962336,0.6400572481369504,0.5975936076954506,0.4601812506707631,0.6017800099225621,0.3881484377486417,0.35035318827728057,0.43409436167513754,0.3942871832925391,0.40874769542377176,0.609412809224614,0.5225262467415056,0.4882741432908218,0.5420142025803453,0.4766536475878291,0.49001131101295126,0.5881151893984765,0.5111798076876984,0.5411853318673839,0.6731352285749609,0.5356754796525474,0.500124619982755,0.4871626989204688,0.4586501056948401,0.30440906259983014
0.28038627199279126,0.2785002355216496,0.48937765851517984,0.40049778859259516,0.5322527534113612,0.45072500891011513,0.6052946215643018,0.5934412713402485,0.6417166132035907,0.763193654362316,0.8683313207730351,0.8200449371307568,0.743977387499315,0.7299885910820634,0.8481622166250579,0.9319605516088582,0.7012563824971838,0.6083163265982919,0.6218583011750397,0.7230530792077186,0.576651255735133,0.4423369359594506,0.5438034931283866,0.3317879413433606,0.42284894881290647,0.33768818421256214,0.49220177251027347,0.4816935700796229,0.6216748477252653,0.47755575200359174,0.4359156326339958,0.6746440575758673,0.6115463424352773,0.5657393329221685,0.5582269863240932,0.5709590607152271,0.6932681951046011,0.5719416588739827,0.4769577797606167,0.5541721181521845,0.5646181018116267,0.5083159034249016
-0.312310790779709,-0.36365622819262844,-0.4755094687556571,-0.376797115748002,-0.3494132356119991,-0.4300818904728323,-0.43181408509245717,-0.34113809013075064,-0.3846035560925525,-0.29783275168718987,-0.284318400097198,-0.3104431191380882,-0.36425898357158404,-0.3616795522398422,-0.4282200716943748,-0.34081624491723317,-0.4271022180640529,-0.3310176349513407,-0.416464787350827,-0.3311645668997597,-0.38253949072972115,-0.3788556789574442,-0.35989790482360956,-0.40548351554312634,-0.36718248491568,-0.3131007438037538,-0.3608519033135712,-0.29369127898151826,-0.42458698153026414,-0.4143628042901285,-0.3680586043818758,-0.31081085341650116,-0.32729326302844136,-0.4693143352770894,-0.29723586830638843,-0.39646370033235495,-0.4571095245152482,-0.32109630302099024,-0.4234175991031751,-0.4484042191473895,-0.3724003513172156,-0.3509788658313427
0.12734831162027294,0.1929769147200327,0.37319256800315387,0.45520839810163105,-0.2860656177049376,-0.4144812533558849,-0.4130680978049586,-0.42539291326725415,-0.44927548103592313,-0.44443136432045505,-0.32708675761476735,-0.38044862366047133,-0.3691175108057087,-0.41197718647076675,-0.4803902077944902,-0.38468905891230165,-0.3574864435736725,-0.4091172097968383,-0.298358631398914,-0.2893492281548307,-0.34294704141807525,-0.47534360225642924,-0.31462396379759794,-0.2865746323089648,-0.30507063413758573,-0.4308496818235363,-0.3740651113929188,-0.33532893652050777,-0.4079327198329867,-0.43281586054697896,-0.4519002188801633,-0.3171533709584904,-0.42749849843235543,-0.3902138447931366,-0.4117011169599028,-0.4405870446006713,-0.48355343511243054,-0.32162587041251894,-0.40966554220165635,-0.383371595795164,-0.46585537892140827,-0.3606436602116286
0.15933000389957971,0.6923110999167671,0.34798738246939837,0.8334437192405076,-0.44208096124914686,-0.42109683482102134,-0.2897740440195551,-0.3780778369914501,-0.4077876400456584,-0.44385319357596664,-0.38053927528870807,-0.4122182654884464,-0.44742722305521615,-0.3603005294126465,-0.37379785834265006,-0.4376799355446368,-0.36219032331499634,-0.42411145322495225,-0.3019751551833794,-0.4862958975955801,-0.35319841978811084,-0.39001574350819934,-0.34577482019573547,-0.30949505172683534,-0.47168876465031584,-0.48229663895038655,-0.359459673426084,-0.4784172847523916,-0.3017538859761024,-0.36493533253840943,-0.48711412515120284,-0.3267884387280618,-0.4225002135314484,-0.3270619392708454,-0.31644063408530265,-0.3095050899943315,-0.35993958840447554,-0.42930441154279253,-0.4091949648041946,-0.46259840707514027,-0.32515810632906494,-0.3522429226363342
0.4124189978868196,0.250018807473718,0.2326172664581166,0.5449336996299932,-0.3975098353549534,-0.45889325005731,-0.33359803394298326,-0.417343005468372,-0.3877485163323335,-0.47581417412141486,-0.487940069712128,-0.44413977533059307,-0.402913779599651,-0.34451003418320936,-0.3101436868985771,-0.361260332035295,-0.3977840316801478,-0.30980845599298024,-0.3196905142220312,-0.4633593944442869,-0.42129365936405644,-0.4836888321562892,-0.32225296679456783,-0.30036300022523654,-0.4508191923738753,-0.3373593672440151,-0.46172936149094285,-0.3861025584691733,-0.454649279568765,-0.4213181909309886,-0.30793525270309074,-0.45318829505737496,-0.4459335111447492,-0.33532951135984607,-0.4583087183583718,-0.3313956171230883,-0.3484861181345919,-0.4689199273759461,-0.4717997126708702,-0.45526056372258755,-0.30189753915654005,-0.4118824515952287
0.3338692423995708,0.6192467231856501,0.06878107052199567,0.5819807200268605,-0.39682271193594404,-0.41892200463277773,-0.48649529297488125,-0.3775163041988567,-0.43238877100958284,-0.4584002238408715,-0.3882443023014991,-0.4408050386871551,-0.48019351905702046,-0.45992298589336916,-0.47005799925348224,-0.3842351186261949,-0.2968811275060259,-0.3124435672840797,-0.3528377414600726,-0.46560868346032264,-0.4263895963364664,-0.4555325780805096,-0.4417903896067796,-0.3276762846787503,-0.4222334448835849,-0.45686712998108053,-0.32994240839096795,-0.35560499231239995,-0.39166320060968957,-0.3171876273360457,-0.40594479430943076,-0.37455564450559853,-0.47749767469997917,-0.3810760240257879,-0.3615796574303966,-0.31002042173878136,-0.4694551471303081,-0.3283165331490647,-0.43738404209585385,-0.33272044962288083,-0.4454671697188747,-0.3989603184758092
0.1543530280872096,0.5754145476443611,0.8113935893949991,0.02841517345221027,-0.36600471252024874,-0.3590341644440025,-0.40205099989803456,-0.47106249053050064,-0.45388556812784936,-0.45272536914995487,-0.33403920170017637,-0.3395414175592026,-0.39348512326592355,-0.44983137554432845,-0.45275107863581576,-0.3724068361063332,-0.35767468109403167,-0.45579979088939804,-0.44504713127636036,-0.3019687838268655,-0.30633824405976307,-0.4533806466898708,-0.4300934602716027,-0.4607065801696192,-0.3188528746340326,-0.4183219086205211,-0.4758246431398138,-0.42633623554734495,-0.3873561691165202,-0.3237308091894419,-0.356924246314075,-0.4465057992241667,-0.36096314087314496,-0.43608348590128315,-0.39516425784236847,-0.30570635766805215,-0.35002667857474346,-0.33229084531014114,-0.3795775233094722,-0.3848029385722464,-0.3668747391404124,-0.37125875321476787
0.403339812947498,0.2870088526952637,0.005363294099650906,0.7361306165214169,-0.3987171804080236,-0.36430429375639756,-0.48112133048725964,-0.4145922649399199,-0.44274574924071525,-0.44094520154007544,-0.31597363621948743,-0.4856876491069855,-0.352769626226473,-0.4705180571361981,-0.3726620199632601,-0.3519759281950317,-0.34436081159202503,-0.3235537945793205,-0.32525446474356434,-0.3855134815350655,-0.31025594454192745,-0.3285328018437569,-0.44352186599093335,-0.45889544156125006,-0.3243034569502384,-0.3756061957651756,-0.3679903431760216,-0.35908955650582425,-0.3663797015318698,-0.4417370961933756,-0.40069228770946574,-0.45603141362405225,-0.4294579555984335,-0.4730744888315878,-0.47862030136160444,-0.4916519731905918,-0.34757826251508217,-0.4154935086929255,-0.4661137038031822,-0.37693073880030187,-0.3190092095306697,-0.4581062000469152
