gfs-wave-data.json
{"header": {"parameterCategory":2,"parameterNumber":2,"dx":2.5,"dy":2.5,"nx":144,"ny":73,"la1":90.0,"la2":-90.0,"lo1":0.0,"lo2":357.5}, "data":
[rows 0 to 18 of 73, columns 84 to 125 of 144]
0.06408674295587648,0.15816070000102603,0.250470604877176,0.2959400441682123,0.26616040946882136,0.28864198314817086,0.41920541607203166,0.4304729635128839,0.5388209052643007,0.45124223399993063,0.5525300388606752,0.39108904377464787,0.4522332063655838,0.5254825174370479,0.5174858872305214,0.4890376860201495,0.3343034684709911,0.29324615044023283,0.2938273731287307,0.29243908366231197,0.15437524298647126,0.18014118180847866,0.037540160025676415,0.0942727760922575,-0.03843842406787587,-0.0897364600154108,-0.0678514070739699,-0.08419832108963599,-0.11372295702414435,-0.13234747494968266,-0.1622576611933242,-0.08286253912357625,-0.16384645656610383,-0.14287638691684823,-0.21688903559628822,-0.13742476178800933,-0.0909394429330987,-0.07882525316995424,-0.05923034963066529,-0.04300534778795258,-0.04135056712974002,-0.04709835297069819
0.03859667080258935,0.1007251800547719,0.16307620904372677,0.2882360437836893,0.28366718241851113,0.3914559796093572,0.3765023487010462,0.5261351652865768,0.5127519335032167,0.451351427170541,0.48580145367364436,0.6263694913760244,0.5517553691279601,0.37936505173126306,0.4599265574138831,0.4110035942549221,0.4408753979219705,0.29758428803122017,0.38156679823318973,0.3094792868506087,0.20148200332430669,0.1896315919538168,0.04922126924166251,0.050495811848808275,-0.06767735444251845,-0.015146039828712748,-0.05643536941459359,-0.07147904960432129,-0.1556212991671705,-0.08794787865586204,-0.17388678249465997,-0.10047455672098224,-0.10264640610376323,-0.07583770847507136,-0.09764136457100196,-0.05081417181486032,-0.14407579777175866,-0.08501547437074253,-0.049688592935973254,-0.036593084776445614,-0.018748426497930355,-0.11909219752223274
-0.017207815399223374,-0.009196740904209525,0.2538420767278522,0.11416460584846895,0.3158873764998182,0.4305347265659179,0.4197475941395683,0.4340594158634378,0.458470391154012,0.3916166074745294,0.45725580715852476,0.4723088725317421,0.4753972000542404,0.4981105372431939,0.5159569062422026,0.5400839614140845,0.358930419296275,0.4654722456196779,0.3902341146982211,0.35831007764192135,0.16839485734822374,0.22851952785758162,0.04811179130540027,0.029297625462480808,-0.06700798571076441,-0.03732125765599028,-0.0445703869645526,-0.13735713919742795,-0.1307085246189244,-0.1488744155225616,-0.16110689743944864,-0.2086398066524133,-0.08687879763511844,-0.11867155425228365,-0.14770230123901057,-0.14985101406408186,-0.0627752534479046,-0.15481629842654934,-0.126450709132921,-0.1401063032991846,-0.1274411830330592,-0.11014734082790303
-0.033292286021387334,-0.022391126469268472,0.06811640501042285,0.23371018947882458,0.3194144221908771,0.29867193477659726,0.35778244376523305,0.3723686727628005,0.4717324100324803,0.45035006619278817,0.6130906495099739,0.5223611767654985,0.4781639886885798,0.5374209495021488,0.4021816210449169,0.3735162974752659,0.4394878819546315,0.4421830118967922,0.3013321574294219,0.3021826750219749,0.15554087344235887,0.1621469299727467,0.1281898468059398,-0.006129491459971358,-0.041826239146932384,-0.06536204233241649,-0.08409464178786603,-0.06623847609039658,-0.13914075368719833,-0.18285046430689575,-0.1282019921657005,-0.15912608928153987,-0.11241863890032548,-0.17965889224564877,-0.17329973272325072,-0.06618800086025949,-0.18974378795699687,-0.12960122090966897,-0.04662326799974327,-0.025126079932288495,-0.03713375606713243,-0.00645192957620797
-0.036675105733835554,0.12795654332020975,0.280074720041496,0.24545017461537402,0.36449846863992424,0.3007868250713386,0.2897979570543387,0.4093747566796514,0.4769399273738417,0.5568469307393544,0.44485026623905405,0.5108726879335767,0.420931979843147,0.3614329604366455,0.5233783348060795,0.4235516714359449,0.45982808436014094,0.3539551828865602,0.33867831655323105,0.3641994273706145,0.2660998835563508,0.12479114417411469,0.05990579945395547,0.08730372766338014,0.03884326146544021,-0.057457838776327735,-0.024600778004972994,-0.1470358663168827,-0.12936677916686176,-0.19062671808627504,-0.1203148927632758,-0.18957077272293874,-0.18405555145515798,-0.11502630705662431,-0.08924750121205906,-0.1656815106440363,-0.03888354929450769,-0.12661038267659888,-0.03415932595653602,-0.09158565445196536,-0.04732313017161239,-0.04544272346931826
-0.04369238363105617,0.05093003992123671,0.14796685285604208,0.1667900097774603,0.3194720311743876,0.32360831620150393,0.3887427793921537,0.3794534864364244,0.42570288293205727,0.5420927041001208,0.5862334805390702,0.5769097824805274,0.4674249548193648,0.44704841357372616,0.5369546635844535,0.3543018152070437,0.45114045956276627,0.3577110935235463,0.27147395064699514,0.32701355704984875,0.24514477461935047,0.24079700941875176,0.07641353042035616,-0.00022088030410666234,-0.007074034260898424,-0.09244503780634744,-0.023626302876482628,-0.1277875909695622,-0.09618277115106891,-0.1105364796705747,-0.18553236561873837,-0.23025487505478812,-0.09861079844947644,-0.07896619983915018,-0.20996548500985937,-0.1607198283669068,-0.04762417177142634,-0.18893920170638526,-0.114535358929237,-0.16897880906478377,-0.1074714464102931,-0.06365863382790635
-0.06295427491085986,-0.0016177737966937753,0.26288160319852805,0.27577565775594554,0.3013909627534048,0.34319631466820577,0.4765176914678645,0.5674201724687273,0.377257491128381,0.5736062641079842,0.4413957424412184,0.3964170898014446,0.48004091517729425,0.4371738326279197,0.4125088665640988,0.5669404674582793,0.5050066976048639,0.4616769185446078,0.4124608286137243,0.26544881065931875,0.27071049363167826,0.1637510083944717,0.07128082863180274,0.09456994640299234,0.02756165424789192,-0.002436329139706385,-0.08555662962034823,-0.19954427461371696,-0.14400782311288365,-0.1506965432855174,-0.11808533796238051,-0.18991090924429616,-0.1669557707255927,-0.13634347827388713,-0.18671328143041335,-0.18053197093895063,-0.19952665659411392,-0.17948831311645017,-0.05681104092826151,-0.1745215140893876,-0.13043507420488545,-0.1040444848403836
0.08916215341276669,-0.0049660362507315805,0.06963357641204461,0.20534622642810726,0.2801960821194875,0.51119899006575,0.48787119990790145,0.337514024923855,0.5503569246450423,0.4862464692129894,0.5679366404396905,0.4375355912954685,0.4832693794997809,0.5433485497029534,0.5844860517294521,0.41368785720169876,0.4566668180586331,0.4687206236438117,0.3234027476306278,0.30163797356420674,0.2045892520794387,0.20863537866920537,0.04649385300205408,0.07322746124681452,-0.017305669447402125,-0.03623027688493981,-0.03342121431716861,-0.06838321079290949,-0.1862332339704199,-0.17691079879329172,-0.15212529926239068,-0.10023741580925796,-0.14602358716215652,-0.1918566543275092,-0.19657607801201718,-0.0993860203624587,-0.20999768401962504,-0.0697192522679497,-0.07112496548089495,-0.1179090326243253,-0.07704433032855357,-0.0571722873669158
0.06950323044781424,0.07626642213308578,0.11367846242919179,0.3820485253271475,0.3382707052618669,0.2693528795364144,0.40505772175669497,0.45864821387968224,0.5193330725493834,0.417246474150755,0.5773385804118958,0.5076655768779809,0.5508127633279517,0.5877281352843987,0.46876925883204174,0.5072987932214186,0.3626035677479469,0.3853455955918266,0.38076466033108086,0.2955391707034128,0.24566041616222187,0.13577637719657068,0.08125288632505044,0.09978501695462254,-0.060796257839870485,-0.046246870787432594,-0.028779135864536367,-0.1331852116982665,-0.17657421160738856,-0.11178053498699178,-0.11143303514623602,-0.2032506997914132,-0.19831520624819363,-0.2461640833802835,-0.2017974385799255,-0.23805833588841838,-0.11050623565428332,-0.19729166197379666,-0.1285080248765963,-0.21532845586036323,-0.18900217808306005,-0.10361872596612307
0.08622941758871722,0.08484814939927474,0.1386226210455163,0.1626223444109568,0.32619931419756326,0.3765540540853981,0.4177157045159294,0.3588285362761979,0.3888663906637466,0.409864275057437,0.6113345890663622,0.478518502766287,0.544471441235851,0.548797835408163,0.45199522679932885,0.42400736187466725,0.4225680899417026,0.4195837974353371,0.3202525038344874,0.27393192090419594,0.25614129487309767,0.16866898287383708,0.16209130910686542,0.01249531909753609,0.0209834304108464,-0.04092764085971153,-0.08266699745516458,-0.19616235325729156,-0.14254993810255165,-0.18232781210853516,-0.18016950976227758,-0.09874904080088891,-0.24154507724642507,-0.2557763508145747,-0.15545944931599057,-0.10443104471735154,-0.09802562935675675,-0.21880589037183562,-0.12398660387807924,-0.1456210995031041,-0.1802024656615116,-0.15018885570778154
-0.02224701728908701,0.1714886808695595,0.11839126857421307,0.20652289753283168,0.24902772950088764,0.30606621181503596,0.47522332428154074,0.4525807092700451,0.6047304324875128,0.5248969104561692,0.540479031685192,0.44634122656084557,0.6318479118751125,0.4853812082007072,0.5711897930105351,0.5117770949546597,0.46315425630411483,0.38264896075758104,0.4211684206523834,0.33044128970495196,0.2695534353856809,0.1755589558527096,0.08008546557292913,-0.0011818002130961629,0.07619574831713676,-0.09810062546364218,-0.10831117944637486,-0.10848221696643807,-0.2470240130222205,-0.16370986111825886,-0.12157942740662643,-0.15762295197065748,-0.13986458733889046,-0.13881656765993142,-0.17231929426141798,-0.12113406671817785,-0.22845681970702214,-0.18507040262495847,-0.09446996149787423,-0.105186450686063,-0.11117560596704767,-0.11788925904647203
0.059502362067180875,0.0051473813922863695,0.1452044806147652,0.15326070088844237,0.2687117845443581,0.31802621147943605,0.37265821152889367,0.4681767400589933,0.6038376580519498,0.49629078338592636,0.5530499713582306,0.5324136012518692,0.632232287766376,0.611583669327295,0.598274121721604,0.4812500479025393,0.4966659960597442,0.41180384490353666,0.39250906734451785,0.33713984727091306,0.21271554200853782,0.2740893755988354,0.2049360204177704,-0.009187269870010551,0.0690353273141072,-0.049165780098027384,-0.08280349088015729,-0.17018980315595358,-0.21550752458511652,-0.14863713771080816,-0.13409096557949968,-0.13145060239744277,-0.2546828307952933,-0.14280942137201336,-0.14801760971463196,-0.1937487752088964,-0.23599454773666947,-0.11750515412956307,-0.16347313212794964,-0.08532982757670458,-0.08267478094067664,-0.15753676691678759
-0.02388544892096628,-0.02570637314758341,-0.003419730022243766,-0.011950198119712005,-0.0032745759861970516,-0.01943530361537803,-0.028042136972014804,-0.005054274838227667,-0.01953917171181621,0.009405268743922618,-0.021893439065501175,0.025590749471456304,0.022119100073015773,0.006886523061707489,-0.004969084791919503,0.008475611297138516,0.020229208525742205,0.026856248666452864,0.00888654669225476,0.010329559283533636,-0.011571792101811217,-0.00011466213974888752,-0.006822519824847186,0.012733064885579824,-0.030974851123782815,-0.010488724500932304,0.0037614989361626975,-0.00460578534313224,0.02717329063551532,-0.017464119041301834,0.009357117395063846,-0.000984486995384978,-0.012400685396105391,-0.006318225311644915,0.019056891468932358,-0.03432962298560769,0.009412405776789916,-0.0016200233960039989,0.01214281228786804,0.020046523192338184,-0.019763766098166328,-0.010965325185535935
0.014554872337349735,-0.010058374290103785,0.0013539576052368028,0.0006560075767611256,0.011593072202733307,-0.031623790332911024,-0.011963227400691685,0.007373669858257802,0.04017776140796354,-0.028323324892137118,0.01371200809053352,-0.014258238314533617,-0.0076786951112764274,0.00941847103268337,0.021658108243384523,-0.006130673850528929,0.0048769211826301005,-0.025822073059716795,0.007698755128858159,-0.011167270189042849,0.03940718648346644,-0.015381696739146739,0.021782239788540055,-0.019360404862843468,-0.01565833937241448,-0.020266910139240965,0.03372756634457384,-0.023987808010484182,0.035243197316696645,-0.01800639417337542,0.01950855993716593,-0.00633541651584342,0.009803474713666388,-0.043565502980335,0.0175954279499459,-0.022202294369619294,-0.0027119495995911293,1.212663809601199,1.3021666244356027,1.191595728701841,1.385441643596653,1.3539251745138534
0.03039835058748041,0.01161097869788327,0.013804129686762204,0.002600583498226018,-0.01160261638615741,0.0013470861462953484,-0.02118853860894483,-0.006130767543120207,0.02251113221499577,0.029009724812473745,-0.024113225144725872,0.027615922738050067,-0.006519175571053085,0.020054823342155463,-0.02756403304445341,-0.04688383911164297,0.02801439020722564,-0.005384775241729417,-0.01865493133972734,-0.00014846452919381725,-0.008774059215904347,0.012142070636802994,0.01723952581397269,0.01459345907455556,-0.018519307628053847,-0.010088135474254899,0.01667281247063485,-0.024549406368980706,-0.0020427498226120075,0.014383724716713031,0.007086454066633574,0.010880034345479897,-0.01867688687017453,0.012602221374367305,-0.00934771566312443,0.0033483057168990494,0.002544350798611591,1.3027037837091584,1.5052846032690503,1.4627111620113429,1.2732812092074857,1.5004155714622407
0.010848089916556067,-0.005979087475624602,-0.03324985775073328,-0.027612271191631822,0.007628909115392587,-0.009943289712556855,-0.00956614573851939,0.009845254012415474,0.029499381985500322,-0.006523196009845195,0.019325382905590816,-0.009327869442767606,0.01023055101658583,-0.013271818293887277,-0.025834112689563933,0.018989259007714827,-0.002552915028623042,-0.00896157845827994,-0.002008131535673831,-0.010529946429427723,0.006343590960314832,0.0058324411518523595,-0.013309429058008694,-0.016573116471815304,0.038081348645042236,0.0017003330687394807,0.0023526717847636883,0.021185973464211152,0.003324971088965788,0.04306823272670004,0.005622487037387522,0.0037562356617973866,0.0013905865248126671,0.020379441634421444,-0.0048394146604534465,-0.017992696956762696,-0.017226674756619008,1.259295982734079,1.1974544921993142,1.243040469785418,1.2792035437480376,1.2898849005181567
0.011943737792889035,-0.008575487414041601,-0.017799243898551892,0.02424811170909928,0.010570741809247634,0.009376419722807845,0.041153321095777615,0.02371121178506924,0.034439922966501904,0.008617589984404705,-0.02485214034906154,-0.02594328174048689,0.03523495750067865,0.010088160756233342,0.00545606861645612,0.012295784364092609,0.03427414175992191,0.015498350565283628,-0.008458443593113301,-0.009721373033473141,-0.0038383022760566324,0.0058303905948646805,-0.025475094354169472,-0.03859111730422088,0.02799397408268522,0.03754181578457402,0.035961774024362715,0.043131059029862355,-0.013409458979808409,-0.036406735077513415,0.024222466410348684,-0.01588067528110544,0.02014358235524268,0.0007350318695953268,0.02059410642221658,-0.004588922467413641,0.014226579199658973,1.4614278043029358,1.3292983978576411,1.5094487199094162,1.390904866744822,1.4579505798790402
0.02326280558517759,-0.009582261508718246,-0.019177115180765317,-0.021445318608963877,-0.02301085100505364,0.01621702840331669,-0.030112577444006614,-0.0009766616644165788,-0.02151027562793741,-0.053151750113155566,0.0014533302215579192,0.017888235111181053,-0.03963511570446149,0.04905935081829603,0.014730782131330026,0.019869314069095624,-0.0013994858441430786,0.011668951673264831,-0.0424254257033061,0.013913133681674362,0.03608857793436488,0.030090877272110798,0.009133173804485504,-0.035301471035169806,0.04408163410495413,0.0022241602738986626,0.037094255269318754,0.030999897301226577,0.022401633749148938,-0.027477226421673412,-0.043304879933100525,0.015621923323521525,-0.035835428735302495,0.0013993098812723464,-0.003719202707031288,0.04202358022750747,-0.045559155000002405,1.3174004431189457,1.1647070071303167,1.251541605974332,1.2817954824638091,1.3613268667749383
0.013600764539513874,-0.004218128289653098,0.01851205948479967,0.03839372889102659,0.030546895277672143,0.00789065260043681,0.008569917347807763,-0.023342176437400875,-0.025571738326705153,0.03544187966753085,-0.019586980823086665,-0.03169502216760496,-0.04893694740225537,-0.04452374699580156,0.027264720024993038,0.015962659387332878,-6.122872858627328e-06,0.0033213304069773476,-0.024372026014429223,0.0456804359204729,0.03164386142570674,-0.007083033820449552,-0.017945298891668713,0.002996480222192368,-0.015588131353562412,-0.014422881777730172,0.03459978900356244,-0.01527118162124325,0.013092637919169777,-0.03370329901498585,0.024994907850653246,0.013378099341158118,-0.040538810127800994,0.0027456602637973893,-0.020514572434663078,-0.020246321011381234,-0.001503960530064642,1.3558773935011028,1.4179834693793134,1.440429000050592,1.5767382255387505,1.652901863013674
