gfs-wave-data.json
{"header": {"parameterCategory":2,"parameterNumber":2,"dx":2.5,"dy":2.5,"nx":144,"ny":73,"la1":90.0,"la2":-90.0,"lo1":0.0,"lo2":357.5}, "data":
[rows 0 to 18 of 73, columns 84 to 125 of 144]
0.016158897727282278,-0.0169123322608539,0.20228441859520938,0.145683502492967,0.41428526916712854,0.3794783230653871,0.48222244182813007,0.4104105633535758,0.4259640115866467,0.47425808913014383,0.3942924201099141,0.4147993945837943,0.5975834825322793,0.5754781940977559,0.4553939687503886,0.48670077863663824,0.3708172701326661,0.3617033560180105,0.23715469103117215,0.18388657461009236,0.3019559794948621,0.18355957274445764,0.10693751367580102,0.00285183608894711,-0.046819598155573273,-0.055363903759922624,-0.10281782047161062,-0.08400818294689771,-0.08766268189260008,-0.21525319449464003,-0.10754123419588033,-0.08825421952998497,-0.16637917303727282,-0.19906267891510002,-0.20854987533993913,-0.1843753559038742,-0.1956932345621668,-0.13166500324829125,-0.09160112426013425,-0.12465900712567012,-0.1407229778507467,-0.13101718185553723
-0.02884139537187527,0.003967736806644949,0.08606153511961125,0.21539308111429553,0.30131633693859905,0.2878932078670618,0.40735184762628757,0.44556744060341774,0.5651482711719051,0.39794657255510935,0.5453404244158265,0.5213156168582714,0.4393977550525714,0.49661854976113007,0.41354457285069696,0.4456259445193195,0.35540413123685355,0.4277622969587592,0.3099093463722103,0.23200088023853135,0.139340658439136,0.09714259962042787,0.105080591372546,-0.0008852211283763644,0.018227022887362436,-0.009143461883328851,-0.09632959619361896,-0.13006841820638976,-0.11140232629626425,-0.10944097531244634,-0.13251004367249222,-0.18528084850493812,-0.11262377846423104,-0.07720212831117851,-0.14836685600792604,-0.09403136246882203,-0.038646441608635715,-0.025964107110633183,-0.047873315785548876,-0.02714038285179105,-0.03247848577813456,-0.048616048899167354
-0.07771945110330647,0.09312570158107052,0.23738745283449578,0.137219338816051,0.3560071568010313,0.3864311962705882,0.36301156198471685,0.43685200415082026,0.35418403202433035,0.5043890433813936,0.6157336023381346,0.5119453844538107,0.4310577746579449,0.5074480178336783,0.34328258611508494,0.3926913095260237,0.4351351130135849,0.34534608827706476,0.23392290833197318,0.2294673828714199,0.22547205341633833,0.16923589972037953,0.06823968144512914,0.09015366381185878,0.02599633844566965,-0.08713818871357215,-0.09899152889993419,-0.11856029434392931,-0.17266653668429446,-0.11713350637727563,-0.17352285352580085,-0.15744209620341315,-0.0978707354543784,-0.13810421601995185,-0.15196027621558839,-0.1280869371308166,-0.1252298519653515,-0.03377813591999976,-0.05678062482170327,-0.15532640546445248,-0.13343883926299524,-0.1579440044952794
0.047925415882131644,0.02002942939196426,0.25494642922180144,0.1564119109209149,0.43505828476659936,0.45228636627678426,0.4791203702285449,0.3659388983819413,0.3953920678393375,0.4642661678268056,0.45292892920503397,0.5197201165876856,0.556370126435296,0.5784732041710641,0.38720778659198757,0.4095670115098279,0.40631146470120727,0.33512377671234234,0.4237290061090595,0.2227538122249408,0.14883954199704344,0.21282359540785947,0.061350724721610614,0.0859344030761837,-0.03885144744767875,-0.0039753324025292485,-0.06346239753693406,-0.14748254090390384,-0.07449190067768295,-0.1088246186387773,-0.12471714513307627,-0.2275086676074558,-0.19281470060582992,-0.21953563662176329,-0.09613266880577788,-0.09914280521514388,-0.03854630313427751,-0.12070947429045875,-0.05592661424220715,-0.12647864605506035,-0.08978741119799241,-0.15826735182869384
-0.04125510604545085,0.046393303444974235,0.15112701684770952,0.22094703297617405,0.3292581724820307,0.4575757926218099,0.4973655744663402,0.4385400957009577,0.4693137537753518,0.5088117811976114,0.4903505565978079,0.5340210004740155,0.4409580344679223,0.5963740093494998,0.5399786844174166,0.3430058468860079,0.49383307118070907,0.33174214598405216,0.33360830534413044,0.3268981186285361,0.2812760539091168,0.12864017937859917,0.09840357885244039,0.13374294608881693,0.0032884305546832873,-0.058921968093032406,-0.0559942305242497,-0.06082439550519672,-0.11731461480085725,-0.0722432475133976,-0.11415182253626807,-0.14753519655314457,-0.2488220178674805,-0.1851591595000189,-0.11962573554019158,-0.147331240269863,-0.07247459466313551,-0.16581938092067394,-0.14681169452999884,-0.05614956763590996,-0.11418035281408609,-0.09686771762149547
-0.0777550952039992,0.04603769887303815,0.14012807811377298,0.3241372295770245,0.29125855681874957,0.5054132303349806,0.3642532757396813,0.35581144339157456,0.5055614617623236,0.48947825533087774,0.5294704101396797,0.444734412357801,0.37746172761516034,0.45234243199409857,0.5095873595056627,0.34104668682645206,0.3045144712671756,0.46485071603661193,0.2999418985588329,0.29092991672410357,0.22004761665145517,0.1914326591451524,0.07660845571633482,0.07069778284597639,0.04770169210601207,-0.08651315630792804,-0.116923513680894,-0.1437569839853186,-0.14556092513426702,-0.23501307075114777,-0.24350807898523782,-0.10520697877414066,-0.16159145977074088,-0.1365720555622369,-0.07703195998341936,-0.10268834443191142,-0.17516620445883022,-0.08042309454319423,-0.032495121919492165,-0.04886214540450931,-0.03264836923611697,-0.15878993503984826
0.04229693907429472,0.07274895010521071,0.12646626587092946,0.17019779410932143,0.39119271196648475,0.3589223564110491,0.4950436650603741,0.48836930005122325,0.43159343148165735,0.5684001688400269,0.5366309297292645,0.420380212318462,0.45054826739874043,0.4772097167076712,0.5743501990661051,0.4466334554337395,0.39218072134031495,0.40861286401618074,0.29335907232740704,0.2607640915021936,0.27492298359486916,0.1467716026251475,0.1459455778518542,0.10331642478418245,-0.011095278959026412,-0.04060780239343306,-0.09432415116373671,-0.15781335840771132,-0.08808565212118347,-0.12640712417907565,-0.1649273424774523,-0.14421102061529897,-0.24159441490446534,-0.1315595235218777,-0.11597603257098238,-0.07562303415977076,-0.13948386583006891,-0.18842897151626728,-0.18549875779770705,-0.12219804214836925,-0.06521296028010296,-0.04694887077568247
-0.07175025265311737,0.05165949380358759,0.0972948962581478,0.16565446613420395,0.22564382467265603,0.3263891885611669,0.49626499809797087,0.5363479327834108,0.5125637693644548,0.5869542730250483,0.4593464127401988,0.5210016592423103,0.5587986618894557,0.5883043763503965,0.44927498555097134,0.4132184734425144,0.3721766576442236,0.3798291561556343,0.3755220457971389,0.317903775937073,0.17556723845125757,0.20135094897261024,0.07819938610372996,0.09653435367666503,-0.028904277687721386,-0.020772828276716608,-0.1343159785270311,-0.11217937296330896,-0.23189363416168002,-0.14445623797823937,-0.21122118800217451,-0.10679892097211732,-0.15638235674669057,-0.19633482472208016,-0.16324946459101572,-0.2083918327272521,-0.21330106077879052,-0.21259836339656688,-0.1408134574755791,-0.10394056306453657,-0.13956241864162083,-0.04820016424601663
-0.010459721243971945,0.08982416159304545,0.19677486258684387,0.1817562902030856,0.26613028027606506,0.38000418266727537,0.4339538521213978,0.5354030287427187,0.6060073328677507,0.39986194725012236,0.5541073083836602,0.5837131641471387,0.4207515745648314,0.47428580589700176,0.3932474149019103,0.5012861874292754,0.4076711360527593,0.38208268743608165,0.32048069736458223,0.38073335144394604,0.24981328787449114,0.1478163057958657,0.1705103680296813,-0.0018979648306956982,0.0015077993141274237,-0.010515741035205084,-0.10936642222633655,-0.14305409678635148,-0.08304975126514708,-0.18316520750143672,-0.11189088024826627,-0.12199877336538271,-0.14546844454943939,-0.0872577742425082,-0.10284014829754129,-0.21224614605425646,-0.20685836794854773,-0.2273639406438587,-0.14341574287746298,-0.07123901614658434,-0.06750942172557672,-0.11609980479401943
-0.061833430595199315,0.1840769977525619,0.23322951734005304,0.17415979404378149,0.4130588634002011,0.44406295812112706,0.5683650208874306,0.564301361122072,0.4068921579838512,0.5694990407688271,0.6334057486628589,0.5937298594581226,0.6218139038779975,0.4480405719672854,0.4485171583696062,0.5080806098242772,0.47190687486820526,0.44346124374791823,0.31571419979857385,0.20109529710553173,0.17486181148759153,0.10449875898917542,0.12377584212524916,0.07945656039539245,-0.04368267100336761,-0.06468264629719499,-0.1121309873763704,-0.14976964090975453,-0.10584274222898048,-0.164633645876139,-0.1802878615748589,-0.18712507306732462,-0.19446772279575705,-0.2683178213686414,-0.15837566010948786,-0.21446006880165683,-0.1015053861340486,-0.17898595025059102,-0.10254074593813577,-0.13114700665429885,-0.13106921077436812,-0.045077990014155474
0.11573344640066166,0.011342633958227261,0.1251354430505701,0.24548806546454643,0.31231763628156994,0.36674382783222836,0.4576549907388686,0.5075352968104537,0.438882857896924,0.4710846508027189,0.5155706454300667,0.5336304691084768,0.4553571315611701,0.47825523656061386,0.5624043260627083,0.4360643963152191,0.45157813130620894,0.40443385502162577,0.4932229558307908,0.284099729498904,0.2560669761896919,0.18101347627784867,0.06727412064590718,0.09202488994120918,0.04724943167924344,-0.015440946756082116,-0.12006643082731325,-0.14278011023446582,-0.2212665551938341,-0.19282525124646435,-0.2483333774563047,-0.19017896112681643,-0.16996655574219582,-0.2006627960400008,-0.22097913442216,-0.17842858971721157,-0.11652694489626335,-0.16619836182949477,-0.18980040971281587,-0.06237110409315514,-0.1313173245940325,-0.15945338568695916
0.07910074660367628,0.15664873940746768,0.273600342755333,0.27835872368371156,0.3690806658480404,0.3215301149293624,0.4411394609160041,0.5470526648191025,0.5435058842375835,0.6598257050571084,0.6034443848325881,0.6644625649147855,0.5763979799445619,0.4728912928984895,0.48140775645256667,0.42699692711304366,0.41718085736469784,0.4750434021846062,0.4517419505583077,0.31385839162774587,0.22660050104105298,0.22030186965013576,0.08447876054570949,-0.018846932337916563,0.020950367473509094,-0.09633919341929549,-0.09564141537414834,-0.1384466202183175,-0.20311974608191372,-0.2009080802013332,-0.205645317263441,-0.1455828636660389,-0.24834410793804731,-0.11748234569293897,-0.24937774059326723,-0.18718194644618727,-0.09679318508483062,-0.21457423545801935,-0.10659785873258514,-0.0883782988591697,-0.0625130355072547,-0.06140054951994497
0.016454774320489942,0.012728191230110302,-0.019054203075846383,0.015631174034600903,-0.01109749326154199,0.023817169503159902,-0.002798470272610446,-0.01589954726318121,-0.010468883497579393,0.011620295420693455,-0.007114154004205912,-0.01651770779806711,0.024162281433368023,-0.011993657785749663,-0.0019085123449102018,0.001046970120028985,0.02160102040656869,0.03287795796335858,0.008108120637633156,-0.011320454881941734,0.008289717323075452,-0.029054706517627392,0.029403335989697143,0.03452982574046099,0.011667275244989245,-0.006322456289810857,-0.007655101981751238,-0.002446031591120502,0.012887500127698948,0.014552296732542559,0.007955090712975064,-0.012651922949812097,-0.014699447364208463,0.007962120361594792,0.0212960697993431,0.021497201264672167,0.00801892004455373,0.016188452584149183,0.036683673102413876,0.009178247199585625,-0.007667255432429164,0.029524033085516797
-0.01231255344475749,0.023019534758968094,0.02975831398757417,0.02741377723397336,0.03322704607734767,0.039580968181896714,0.010932329119308847,-0.02042901607547839,-0.00877398015202954,-0.006789691027259242,0.02250912895855809,-0.00953035169781469,-0.0009264639510077272,0.016488578011364826,0.0009400204687508309,0.021171698887552503,0.015843052379011017,-0.01929355748611291,-0.0034055193902008864,0.013789209066416497,0.01835832785247814,0.01174425735516797,0.017869190879162434,0.028637582065660125,0.01920165999714415,0.007625353518949519,0.0211518356935775,-0.025244502587597594,0.02193570359818946,-0.018275114508324374,-0.02373786567363629,-0.012781812382827176,-0.03213913168400182,-0.016331213206672253,0.01382019860954492,-0.028939852804993674,-0.008026651478348183,1.2723813900770944,1.1383244255922578,1.1426733648795229,1.4910195063803353,1.4088519047390025
-0.0486772893999864,-0.011198527769566834,-0.020414824455973552,-0.008820894386152212,0.012978917087358537,-0.026173991205206935,0.003909277378310088,0.02123202197254884,-0.0042258649665377745,-0.005735663487998244,0.013045478965861869,0.030507717987672493,0.029158478585012696,-0.0032777969557253863,0.015209895552632819,-0.003841627076826959,0.027868357767884513,-0.02630620320439944,-0.006966783577736492,-0.018484767689895126,-0.025042227065941614,0.023293526746932424,-0.03582111528375092,-0.008432542059044984,-0.007421045769268534,0.007336167188343635,-0.024387448119331977,0.010749361335337972,0.006353408348026751,-0.0014655445572926268,-0.026150879473002858,-0.03114674882914066,0.0042165018945315965,-0.028735001955305848,-0.01353071646959945,-0.03156839822752315,0.01369319958161729,1.2867395957657888,1.1816474468691354,1.2269734827194523,1.272147049023934,1.5955427267166327
0.014422491489964299,0.038928192402631276,-0.008871342169553372,0.009703042160514744,0.02596344316969068,-0.007353138368081025,0.01429054764595293,0.0028660695375276346,0.029807513102948418,-0.0010284930877301837,0.030858127056518737,0.0009806203428721503,-0.023710007134507313,-0.04062430163793111,-0.0006916337601832481,0.017289529871470557,0.03740807010791104,0.009544978887652735,-0.020162109500569132,0.001586482489350267,-7.529968762647927e-05,0.012890238093152522,0.018251613503947536,-0.028879426790483883,0.012381867455448904,0.026304339656379582,-0.022962180633095127,0.02035890261508094,-0.043583121603472094,-0.015033352340192978,-0.01723633052067871,-0.028446251515839144,-0.027707013730843846,0.024753709063553703,0.020845118909948907,-0.041996185709460995,-0.01218402542247339,1.4301921332179501,1.317867247126226,1.2693558144840682,1.4700421669875154,1.3086014826551509
-0.001823902003685449,0.0307026081618195,0.026420448151934197,-0.043401386793208194,0.016407709654611937,-0.02556857103877939,0.007696812152738218,-0.008132276073632008,0.015574647967621874,-0.04255116933527426,0.03732042002108208,0.008874286348394413,-0.03695654231607748,0.03473964450291986,0.012861995254178865,-0.024472022009912282,0.02270308449494229,0.00027747851768905124,-0.021935892091211377,0.02427111718045434,0.02161701586430603,-0.02937702645832689,0.011989450704957737,-0.03156687594298738,-0.000173381781783977,0.04580631516891131,0.006744852445334493,-0.0016011675963179333,-0.03642844060389159,-0.0021216816095990117,-0.0055590242427122055,0.025435965846771505,-0.026791743061604707,-0.002969344633979889,-0.03520326864002714,0.008879001356308595,0.03739185780174548,1.2312960486735884,1.2257192002378137,1.3031947065202665,1.389946474348056,1.5223303502147312
-0.006680155953953631,0.013968127846140037,-0.026887238591095382,-0.0230807081590109,0.0006259778782264707,-0.01879465890711213,0.0020177941649888458,0.03607705469454895,0.017645996319469094,-0.03037110828594797,-0.008570249948080387,-0.04629662657937593,0.033432968389135266,-0.010481084965837127,-0.015765040140311933,0.011685426610949725,-0.020356035980270474,-0.025646083706913795,0.018184349779486814,0.012002297429503648,0.01092131459670859,-0.00382157977249657,0.03178108781137568,0.00728876778875022,0.02695670690136326,-0.005338693226367202,0.02830651195414697,0.01629528095255716,0.014650856922380384,0.040412454801925006,-0.029573457036643082,-0.0073473969124219695,0.0146598845590548,-0.03055302936189381,-0.004086695326053343,0.008884291432341238,-0.03381794204346798,1.3730469961300553,1.2873126425835444,1.3977979788681627,1.4435488742914988,1.4820273965434452
-0.0040419516503066395,-0.040634255824583,0.016696466995865644,0.059809274057298856,0.010474007062756287,-0.03862623643437721,0.022142054629469065,0.008618334267869678,-0.02093288364763658,0.02845567620023258,0.02597143306066022,0.03790508026221751,-0.019602945073487588,0.02535374943288112,0.009954396770972766,-0.03526938547314722,-0.035780193964944064,-0.0036436649386431107,0.005123712789058627,-0.028684458008776826,0.004537151016355766,-0.015716418655836433,-0.0077935266761389715,0.02429120506285642,-0.01089371271549407,-0.02807047628199769,0.01977115218347967,0.011279435633807977,0.01420196222105043,-0.008246868407932208,0.017668778073303193,0.03482878251052615,-0.033964886325289066,-0.043107970279929145,-0.008206880034778836,-0.0380335021137352,0.020696236618372114,1.2187879612244594,1.300614559103957,1.4655982518326987,1.4710035704514317,1.5738750294276482
