gfs-wave-data.json
{"header": {"parameterCategory":2,"parameterNumber":2,"dx":2.5,"dy":2.5,"nx":144,"ny":73,"la1":90.0,"la2":-90.0,"lo1":0.0,"lo2":357.5}, "data":
[rows 0 to 18 of 73, columns 42 to 83 of 144]
0.15606000571545703,0.2043240950503089,0.19688696131541308,0.06655046878699802,0.17702665324494338,0.05515820116597591,0.10003799078937615,0.09071364746147623,0.0837319071830756,0.037549219104832894,0.09098280944640194,0.06986183995837286,0.058694723283298965,0.057689660018354155,0.01509578289359282,0.023779200576405472,0.01394629618502729,0.006330344293841912,-0.021175851454721777,-0.0048786272630761945,-0.06068829567907636,-0.06607277178861022,-0.12595965633595466,-0.1134640837660978,-0.13383934021256694,-0.13333989012923977,-0.1279621573232737,-0.20660741182616532,-0.25313077577692605,-0.31320579778295393,-0.2649380621983778,-0.37941252619949883,-0.34360008018605953,-0.3729615036277522,-0.3696231869044847,-0.38377830731933865,-0.42803216947554823,-0.2838884667807753,-0.27390488362811205,-0.22300326550893093,-0.09546406372509654,-0.10193152748929211
0.17427954390666173,0.1497318830234482,0.08129247623303515,0.17494820544221074,0.15694479562870609,0.20504511245519577,0.09397619090912653,0.0887043397936769,0.08868484458410068,0.16092832039153535,0.16448645976815232,0.05258593223189293,0.07980256352506909,0.061277179408357516,0.04738486551001462,0.026883252953623735,0.011882925019531606,0.003187656369151334,-0.00024040259450802475,-0.024087862864163923,-0.03771009964833115,-0.030298903707748036,-0.09290070464858285,-0.1731395902562703,-0.13500884082864845,-0.20550844855422026,-0.17396658390586592,-0.2277458605189699,-0.28843133650080816,-0.2218653953080253,-0.36959705682606564,-0.2851386386599023,-0.4118795593441143,-0.2913353344471247,-0.28258030245128607,-0.37612168347486485,-0.35597279532929194,-0.2237592330031774,-0.21210914059679803,-0.1697580509693143,-0.16912859590067553,-0.1767606468660936
0.13347147321148098,0.1504259773575201,0.08835211073458263,0.21733667712635393,0.2052261488698402,0.21393952071189032,0.04927204430300958,0.03832213617258679,0.02517546699141928,0.1452313701533617,0.09786273398105066,0.13757966791918952,0.09655274274662867,0.01251124913781312,0.04205739629070937,0.008860887906864194,0.004167479416058168,0.019094656493962133,0.02293707318338749,-0.062541327754048,-0.07047998953466468,-0.038670783812418424,-0.14601784804233256,-0.17030585126437697,-0.16872707570344306,-0.24597843490583723,-0.16364130189803436,-0.30019057148031897,-0.23861083647888018,-0.21560975099254578,-0.37893588531967237,-0.27715050535743896,-0.35214805497489843,-0.4098877976100554,-0.3677539628627658,-0.35983297901154415,-0.3168086152985151,-0.25663971015019144,-0.18532985267931998,-0.11159152656837147,-0.21254324982776096,-0.09072301037124944
0.1333613001351408,0.2152888849354118,0.08159699827875544,0.1009499567828975,0.1347339013122054,0.21695615329661905,0.0579196773627776,0.09834946091282715,0.05703550656060857,0.08025094052519627,0.03612093910600389,0.09874713645405823,0.07848684095140951,0.008010171234969237,0.01641552228018333,0.02528027808754936,0.033917744162310096,0.04902805421725414,0.0036881257345132198,-0.04348019436167445,-0.03143393845489062,-0.054937029870211804,-0.118553410830951,-0.15108350978685775,-0.1015214337790573,-0.1313174603686614,-0.26137767564139974,-0.3313167121606534,-0.3283313071699214,-0.30923029292337073,-0.3906852835932142,-0.2544636966959691,-0.32359402277100563,-0.3148335337922878,-0.4168646600607337,-0.2810593485081463,-0.2650882501490048,-0.2032149748232364,-0.2821609158223291,-0.2765732126162453,-0.2032153652813278,0.0008135270336245648
0.1176258977152352,0.2026099676009318,0.16946707953648693,0.11073106530083951,0.15656872612973544,0.13419598698589189,0.13388600997041156,0.14813867298183328,0.08083430575612098,0.09866313937072523,0.07600757606682418,0.04389758469046299,0.10811884178906028,0.03448423615039395,0.07089534649263245,0.01282383634143146,0.039937222505447526,0.0033647281546073616,0.004693577058082272,-0.014797656277019714,-0.04868353939655278,-0.08333614636790347,-0.09367680788113834,-0.17783673612405523,-0.19015390200384313,-0.1381177787093346,-0.24614977976109453,-0.22874266084160336,-0.29706098846848833,-0.3761497278810501,-0.24179864488057465,-0.34760839848456454,-0.3691217336908719,-0.4326714073367619,-0.3669712555486824,-0.44781127442657065,-0.2723685450015881,-0.2540072986783995,-0.2885775278487326,-0.23213345079745595,-0.17260902322836694,-0.13176577153889862
0.21440018175842937,0.2200278242499221,0.16399158781983506,0.1659675911514959,0.23387549513333114,0.12883779163819833,0.0687919721482461,0.03743016204533293,0.10366366294135096,0.022451276944072104,0.028706598381792934,0.16180680714923032,0.1289705869946725,0.09896278557284059,0.03728037562133046,0.0565518434557457,0.04309401310516868,0.05701652025866038,-0.009082730530116486,-0.002441689070529788,-0.0621392802560893,-0.07852123555648058,-0.14439648265392666,-0.10527364146459181,-0.21092521442483422,-0.19680387940646238,-0.15940148472244697,-0.3344125669775425,-0.2969361154016191,-0.36203426769377817,-0.3416801366614912,-0.26672174286196076,-0.43878126637614157,-0.41045541290368687,-0.3014876194609158,-0.3510027659890554,-0.349908359714991,-0.2733778612091367,-0.18912253450468516,-0.259936342544124,-0.2018483038826649,-0.07672177888746586
0.17016798369306899,0.10636688502501067,0.12806145414060494,0.09021488501156483,0.07907323058034527,0.0927540286436869,0.1689081513182734,0.08200539008688382,0.21097713968013085,0.11581569899526481,0.18630214177349877,0.06516346178734113,0.13738888943111396,0.014529907061471512,0.11307960887786644,0.0412017491918917,0.024762699488399268,0.018755223264441203,-0.012835649701841164,-0.0034730945437811823,-0.042792019700032026,-0.08173684181768569,-0.08662987997062833,-0.17171439230631982,-0.1403059051749214,-0.12417958306325544,-0.2613719638206402,-0.22059260541545805,-0.28111706221113797,-0.24872669633346425,-0.35582471813226657,-0.42158462466138663,-0.28061228484995443,-0.35956044921911623,-0.33396504294014084,-0.27493890686757005,-0.43295385795464203,-0.30706746718078015,-0.1995347700086722,-0.177882722019247,-0.06729002176331791,-0.07411794487823323
0.13368544729992785,0.2582108017592789,0.07973395460716645,0.18952655444297492,0.10480148080484238,0.08805489637040424,0.22465252416965067,0.09747303440844128,0.10694097338446709,0.17064366184779034,0.1317058877860153,0.046676755041917165,0.09988271773461564,0.13682912506244513,0.035588134002596555,0.10599182642399876,0.06355566321113557,0.029966586877007005,0.011250007329230436,-0.024651983635341847,-0.05688012345429792,-0.12505437025666505,-0.09558577099110971,-0.14827492795239286,-0.13921694157550504,-0.14746410030995252,-0.2870639352889169,-0.2978470113764836,-0.306812749263271,-0.41468134191726913,-0.3044213803353694,-0.3394471791123219,-0.3718881939880667,-0.2827182672417308,-0.2960329205856395,-0.3165008830758933,-0.3893287194830291,-0.44127931605257964,-0.17632227166414746,-0.24857862261339342,-0.15869045466978882,-0.09215165565476727
0.24925045083773,0.21829188999101073,0.267638139640172,0.12699518456488995,0.11287888366822732,0.12666356983792337,0.23353916014662457,0.2190353363635022,0.06647209499536248,0.16298940341980916,0.17347868682196005,0.0552185656701853,0.033549434882613624,0.02897611924701945,0.13915179197842942,0.017992838139685833,0.04306950586784858,0.03754121825309308,0.008109083403343847,-0.014450024911234956,-0.10101032612196367,-0.10174360819555682,-0.09173675324416172,-0.1852219430388078,-0.20129916388611332,-0.17774297570266626,-0.29928729418430877,-0.33769340979520485,-0.2992605361667916,-0.2866052849759608,-0.3521267652350404,-0.29602166364890115,-0.31136675207198844,-0.39874990452187825,-0.32094990844806126,-0.31337222402695597,-0.41288382601060974,-0.3827953332348675,-0.2946309481593593,-0.2023933152873989,-0.059600193833069845,-0.026692291585771754
0.24835426589972406,0.1585538781029052,0.1368775617459996,0.16830979829908124,0.22416340822564063,0.08522557376451348,0.2298061073490996,0.07035054171289991,0.08602800634103017,0.13022008276936647,0.18645050722369028,0.041837766680028435,0.030530846437441323,0.03609533683324234,0.05761641932543984,0.052012365182971206,0.034642401432675725,0.03120017549862256,-0.008108843592439404,-0.06930711954093155,-0.04491912999746483,-0.11206797139380503,-0.12614392281595022,-0.23478358435307672,-0.245460059900636,-0.17348128731421003,-0.22969457235966959,-0.3663239027770386,-0.27280821999833194,-0.27116446721700743,-0.385017751021976,-0.32870122099327165,-0.45790930137174196,-0.40731962816358813,-0.30434303183556516,-0.38365670519676753,-0.29946242081002894,-0.30603893536513654,-0.28241046732968617,-0.2601146675355293,-0.226242481227491,-0.0101000154193771
0.15079096089761684,0.18702548665940216,0.13816159850670323,0.1893028479001185,0.2559807119699611,0.14550256335009557,0.23924681794052688,0.1494047760774111,0.19657910489118638,0.06177611256102265,0.19128621187624792,0.17410026300770812,0.15584613822488438,0.08941644705760368,0.06475267356227522,0.03327685647139481,0.08840185901220463,0.011723146134588941,0.015297156950842479,0.0010365296872119293,-0.058231048635866804,-0.0687728568904762,-0.12322145522836243,-0.1269772749533573,-0.1946234896884925,-0.20219451708900057,-0.33349330383549775,-0.23130613049611434,-0.3990275114355824,-0.37014977650477976,-0.4059705117617222,-0.32436676824606936,-0.4381498164130655,-0.40349522338915417,-0.4167740568638564,-0.3810892732412889,-0.2820398747482734,-0.35273693932023864,-0.19248112842429257,-0.30845795330209264,-0.15643622757185702,-0.07976012262930501
0.17667899204786855,0.22033829877221797,0.21808513391550644,0.23293151747463525,0.15385380921249694,0.1661736318271077,0.1273872852033897,0.16853348067646945,0.1413937843063206,0.1575723267088357,0.1221625425501372,0.1957909607021556,0.06395879124727036,0.08386196921309169,0.10956532460144881,0.048255652338145515,0.050977196832670685,0.017404458596537616,-0.026438193985049978,-0.053539961131703444,-0.06621756804509972,-0.07183422473598042,-0.137047264929926,-0.21820897822154925,-0.24408803102305246,-0.21374559971718582,-0.2707203276486831,-0.30138286460833724,-0.34926331926972737,-0.31369491693903245,-0.349708983983266,-0.3618331129336105,-0.3781205344632679,-0.48070323844358603,-0.33661021654920054,-0.3366732365679422,-0.3723792073890151,-0.3548923408840949,-0.201455105947619,-0.2032475738679399,-0.10646267237429431,-0.011063914540164171
-0.017381565540703928,-0.021545747345083553,0.0053346906318864065,0.04178217762711816,0.024078312156074703,-0.034621647527225186,-0.0271691726031318,-0.005709225602072672,-0.007467354765345292,-0.002348952726137938,-0.017235596664856526,-0.010579381081380398,-0.009859843228423542,-0.02144236407534905,0.015147004538285307,0.00825702944631075,0.04177852873524924,0.026302054184184315,-0.013943837016453324,-0.010855360942231756,0.023321823959706525,0.0018877046642019788,-0.0122125257552583,-0.018594632157374027,0.028620388813741925,-0.004427972063174828,0.015486995954895465,-0.012676804154246634,0.006083086290272237,-0.021612345232565583,0.015748543112738794,-0.04477118259865454,0.022190726478437978,-0.002367891307471766,0.017075545704549118,0.00151547523501841,0.015307913488188876,-0.019168179600291657,0.0020222418912576,-0.02437206015722406,0.021765942292784973,0.014462988472442838
0.004559065725833201,-0.0010635463694929528,0.012013253742527851,0.0015938928326424413,0.012582583650505788,-0.004297789392647881,-0.030768339444707995,0.031406866579788945,-0.009478406562137607,0.0034733462645087847,0.025785105019115972,-0.013341345316686962,-0.011774126203716285,0.004168160870551225,0.04791666313594927,-0.016897374107274946,0.028697263626212634,-0.010818877929008461,-0.02140373098627929,0.0009420076132722728,0.041828659114438435,-0.029727809843220338,0.024187664640856137,-0.013515399822546991,-0.007405040064079692,-0.00011634235879460632,-0.010665419867783429,0.03354155932421155,-0.023777716331041525,-0.0030192221840637606,0.002166310279420225,-0.007037833002014578,0.00672901617036435,-0.01804884043335507,-0.013258098632177407,0.005069708999588948,-0.009451085635790116,0.02233020789311426,0.014506935029650387,0.012213324539432626,0.020690676179985712,0.0023913852539156465
0.022569348387718954,-0.0015667931070159954,-0.032239601494728834,0.01367886660006754,0.010375443963155175,0.012815300062975668,0.019104213844478267,0.015573223127474445,0.007020184235310106,0.00718603567050683,-0.0022389114107021824,0.006755358304013455,-0.007271418808196575,0.0180214984054717,0.0011061042732679327,-0.023153587475654196,0.026048749135548877,-0.019103532384768012,-0.0014670739796220236,-0.04692256046615787,0.017297354932887223,0.009656149574095245,-0.00845568080750234,0.009764928973358155,-0.005685114889491754,-0.03374928720957368,0.015848270473752757,0.0023535016891686007,-0.021805991756981512,-0.04077604314893282,0.002108228236793185,-0.006375436218680124,-0.0032256456689341555,0.01947681559383413,-0.02625114377516145,-0.010028722534029972,-0.025499021198878515,-0.01967954801980854,0.012556910099918413,0.003394150287483351,0.0029825562038097524,0.018051122614057762
0.01688921934806265,-0.020189601785905172,0.04090387286909242,0.03918617252562245,-0.021865117469783073,0.017100339363180263,0.011565014132735607,-0.0407303831423604,0.003973780451150825,0.022466718465852582,0.004081252301886764,0.02957690593125493,0.026453447980225583,0.02628739798238247,0.03355452354215644,-0.005530993799903992,0.007126384238885094,-0.02189792398239029,0.02125980464770992,0.00022220408148963914,-0.010801511592012468,0.019150029428011812,-0.0520636736834032,0.027428235343367316,-9.265853210445972e-05,0.037259146616902813,-0.04596203915614556,-0.032907012628435546,-0.046639115458406384,-0.014348218368769462,0.00562505421484189,-0.0007490662295903375,-0.03040976037027594,-0.02080657017471564,0.047590964413569914,0.03401138353643652,0.012610889385956555,-0.00908377506798969,-0.019617568210061585,-0.047211713256015926,0.0007446077176445034,-0.03332152819059994
0.015370173071014948,-0.01988493417047909,0.0008120330986923724,0.0182984631546058,-0.023521669954933374,0.006001108772601139,0.004696387549089822,0.007781177962203151,-0.0005235265811138602,0.013259928096734395,-0.006908856074002568,0.027240051394414114,-0.017998267123478913,-0.022962529464311963,0.017689541409966536,0.026274769340118256,-0.04722535476049299,-0.015533545685333444,0.019759125373770572,0.042294387189176386,-0.003440586477269495,-0.020574563034050163,-0.01471472846558916,0.02813490388205925,-0.037157235840950396,0.016518472910093233,-0.029804530162277146,0.0038230872587682483,0.0015104422422870262,-0.015164253771963447,0.03396154977851693,0.04452264080523818,0.027349316816110247,-0.009235109334668142,0.01950703780725274,-0.023404629000883203,-0.011793600240036669,-0.040526260756433424,0.004283926882387679,0.020798567057549594,-0.039032303240184855,-0.04886626202295731
0.020476743204411764,0.006667302004703489,0.013894632492782914,0.029095307412767595,0.008515876696825485,0.042197999027722394,0.02370790573534906,0.036697122922218675,-0.01369750588101836,0.024400594983997756,-0.016447848737043944,0.00882897355116808,0.025257147925703088,0.02214452928374187,-0.044131015945724286,0.012248118607254808,0.006820079262126446,-0.03735675972064447,0.01917926765855102,0.026374066163835554,0.0002726418320577773,0.004014637009940721,-0.0047950621058098835,-0.03564861424269283,0.016830908112368738,0.00941549210740119,-0.009176596401194607,-0.023306787021756557,0.03340270534423603,-0.021680106622095317,0.024456790719470402,0.0007053239485323201,0.015731943069205074,-0.03146257242553668,-0.027440844763608304,-0.028019215159396798,-0.02487399823100825,0.0055017957764281955,-0.015575572832823374,0.01937946644998061,0.024961831761308558,-0.055517386951050275
-0.013688173393077261,-0.029238846496861558,-0.0071223104212295345,0.030137578618685143,0.02432275739120734,-0.004301196603712617,-0.019544697679880593,0.005568104729718135,-0.03115058258634556,-0.04452477262582933,0.01787324483082956,-0.045561277484046404,0.012211336411897188,-0.01089529694753983,0.02053491132687021,0.027350154589475897,-0.05020234550634399,-0.0012784949141820005,0.00529553711127717,0.01598618971030926,-0.02962345448696225,0.007501466760295352,-0.034692040612056975,0.014001460724936163,-0.04013122968347905,0.014737167587628481,0.015294475575307494,-0.03326377724846477,-0.007348345603741926,-0.02273481006063625,-0.03178157491254224,-0.022327613362315698,0.017495319936876433,-0.014271323030019463,0.04586122707600405,0.00945287611449766,0.043530039242956044,0.0019405538375244402,-0.01585026856669351,-0.007472946521848788,-0.030661240497009946,0.007034946590434469
