gfs-wave-data.json
{"header": {"parameterCategory":2,"parameterNumber":2,"dx":2.5,"dy":2.5,"nx":144,"ny":73,"la1":90.0,"la2":-90.0,"lo1":0.0,"lo2":357.5}, "data":
[rows 36 to 53 of 73, columns 0 to 41 of 144]
-0.8333751537290882,-0.7603900178643197,-0.9454867709172922,-0.9092256082382145,-0.8679653739512672,-0.8422341901645308,-0.8090177557317026,-0.7260595188402268,-0.74886464068121,-0.6761108921513184,-0.5500750682460762,-0.4908997799360346,-0.41958613657400484,-0.5707978253580506,-0.6947857312818677,-0.6169446153134127,-0.9275217182566486,-0.8736252838839472,-0.8906439205121089,-0.8573752334297071,-1.0881865801661343,-1.2328227207883127,-1.1608368149745831,-1.136650841437163,-1.0930769206033843,-1.0544295568372382,-1.1993219771931403,-1.100710180587771,-0.9165765206364486,-0.9194786542876607,-0.7422922194451572,-0.6849489442566646,-0.4545551939958679,-0.5534168813240262,-0.5081069521049135,-0.5969190001500839,-0.45958445292932604,-0.4500289152560101,-0.3550536214143433,-0.35927119036799665,-0.36451794099535784,-0.3327211370958141
-0.8884071503429203,-0.7940865292548271,-0.8690323425650281,-0.7833422809730279,-0.8069490351942673,-0.8875849422917261,-0.6411218193488825,-0.5646146836885767,-0.798224057576546,-0.679725629832744,-0.7127257913650749,-0.7480653784464704,-0.5483411202043346,-0.5862454089150919,-0.6421129744860048,-0.7135433177365145,-0.8350301630563961,-0.6936327959656478,-0.9488910692212872,-0.935179319487182,-1.0422908618093367,-1.0460659828513201,-1.1331200467973173,-1.1802867779776598,-1.1805780863352233,-1.0695085826223873,-1.121674425537517,-1.1300616084609953,-0.9714012544249425,-0.870925085916105,-0.7109632857918318,-0.549499089056225,-0.5506399070098096,-0.5884983128160326,-0.4943672529607319,-0.3646274019578194,-0.5103124900435885,-0.47142297694101926,-0.40126891575085133,-0.36778891416559056,-0.3290143452260636,-0.4830873438493528
-0.7269709725485209,-0.9136468637811436,-0.8026773489312191,-0.8532123821414688,-0.881439598032039,-0.7423482646483845,-0.6350936332884805,-0.7343715389153372,-0.7523828611042959,-0.6641539720126207,-0.5945469245833505,-0.45806223569143334,-0.4875491256992075,-0.6111681543350479,-0.7401828758613797,-0.5543013288970093,-0.5913201981853867,-0.6655923998593343,-0.8990107935143602,-0.9539874072817937,-1.1553682632936313,-1.0992312193855098,-1.1129239820535812,-1.250990064195474,-1.154573593127944,-1.0079826299261971,-0.9598340431805358,-1.0096755378506295,-1.02451247132275,-0.8687611700948755,-0.8210605958833465,-0.6679432729805106,-0.5310657543169534,-0.5102981767554199,-0.49258093290983285,-0.46000716915662054,-0.3630076442518875,-0.3642505628762158,-0.4321902844834209,-0.3133645995914061,-0.403240251232531,-0.3872011912046957
-0.7081520243980269,-0.8897899663580914,-0.8128803911899631,-0.7208443192782101,-0.8342112056999802,-0.7893700313213705,-0.7065975874495534,-0.5541055169895787,-0.6932460331974439,-0.4965556375448377,-0.5459242416433752,-0.4110687169579846,-0.546301941589331,-0.7954455322902066,-0.6833813341467847,-0.5594220345228057,-0.8365675368324663,-0.8835242459117945,-0.7638233807360855,-0.9642816851090407,-1.0338812820982235,-0.972121566786533,-1.1138321629308907,-1.0684399569906455,-1.160420849513293,-1.1592937279018576,-1.0437275917135445,-0.9845359008097407,-0.8116610668789492,-0.7873341853303955,-0.8223637752162801,-0.7328304797990385,-0.565353124206469,-0.5547215203777881,-0.3785492004628694,-0.44950028856231694,-0.27630782249422975,-0.3089134623092378,-0.3483411709989093,-0.3755272395619554,-0.4703475885630823,-0.3471107379709233
-0.7814967081622084,-0.7495716133214052,-0.8525527525344134,-0.760661327545496,-0.8881621548438894,-0.7445216085361086,-0.7591640575452712,-0.6030684700248333,-0.6532042853903284,-0.6854966494896926,-0.4771533852498777,-0.5290312272197637,-0.5111458968709923,-0.6523243472293623,-0.5190940516060776,-0.6772630999740515,-0.7655539491800608,-0.9550822441188764,-0.8662618973670719,-0.8143649219383555,-1.0193385712757623,-0.9887225168892393,-1.0868476942404972,-1.0864591541797348,-1.1534091660388819,-1.0770730793469743,-0.9897446681182338,-0.9073338866315673,-0.7562562162886208,-0.9398365493411007,-0.5583501807820315,-0.6238923708092655,-0.5863781046577978,-0.3623000441429828,-0.5339436646582415,-0.428726896074049,-0.44743924533201396,-0.26110737319749,-0.4207338065147636,-0.3808864748889739,-0.3818178650703627,-0.41039116159504824
-0.8313123803136018,-0.6746439929688549,-0.8420967125519611,-0.7410810107156585,-0.7365058133959586,-0.8135202891973021,-0.6103922078543539,-0.7457317808869296,-0.4979527482252418,-0.7071685360638483,-0.5116607802259563,-0.6592720586372062,-0.7229111262960379,-0.5633297863349835,-0.45551120342969476,-0.6561408644905165,-0.7380194689426642,-0.6104441264437745,-0.8327144420902333,-0.8745041094925076,-1.0103546425122127,-1.0774719169284976,-1.125449807755737,-1.0518425587117577,-1.145762545393776,-1.0369550622925003,-0.9503984205011277,-0.9960166544527753,-0.9630202956965339,-0.7543512672478202,-0.679810735926696,-0.788590991542935,-0.6233806947491614,-0.5044228033944067,-0.607423093366514,-0.35104376952441346,-0.33967096642842176,-0.27628605901196296,-0.3502556812883185,-0.4752547536682293,-0.3768425987457782,-0.43790026616953537
0.00670569494333976,0.028346523427000673,0.019145661583647496,-0.03740441411209613,-0.013731770157335395,-0.05498602510086009,-0.01479589349107059,-0.030466734227553322,-0.020582558222304533,0.02085919930249433,-0.006202459737362357,0.013486683535729682,-0.010721804833459778,-0.0381437459846624,0.025132835362928423,-0.01844318993215928,0.016834105053197285,0.009996905688146217,-0.036510067527284425,0.01081918203135665,-0.003754114125005189,-0.012989090228508806,-0.014579329079416689,-0.004419033828651231,0.009436304308801461,-0.0014672595676874477,-0.03157457410229492,-0.018924032996565206,-0.02672485526179299,-0.011234879296179763,-0.028626404401881755,0.024518285154192545,-0.017113583708895003,0.0001997348228159049,0.030090187691827787,0.008297933493950091,-0.013433421508920155,-0.024443587168182877,-0.012048881521813146,-0.0229313421423977,-0.03257477223675012,-0.03630405974970479
-0.9487156150690634,-0.8905774080092895,-0.9049208263178431,-0.9550980353933397,-0.8603298400692515,-0.7066122304579412,-0.841190101366758,-0.9011589665795346,-0.8129943519459162,-0.9023591702449199,-0.8205715343238347,-0.941648670031494,-0.8757742985741477,-0.94646573478414,-0.7792729239651608,-0.8856363577711849,-0.9533263125394577,-0.9101729127234582,-0.8356470256726168,-0.88176979149284,-0.9949100245914643,-0.7312597289014501,-0.9486338066900584,-0.9983287184123644,-0.7055786125622012,-0.7230519328876858,-0.9013927217839993,-0.6003042937467244,-0.8066415749776259,-0.8380750073813367,-0.9552354020751447,-0.8499245992432387,-0.8194383997194403,-0.8413164348339999,-0.6247089179626086,-0.8961556873233221,-0.8192670357859482,-0.7619963578126104,-0.7141792805227644,-0.6766839482610927,-0.5816612570428442,-0.7351207009739132
-0.9526724723864386,-0.9184298885598016,-0.8719296910840364,-0.9311013349098045,-0.923947780627696,-0.971909577229021,-0.9381549040046561,-0.9644987541444092,-0.945731554439974,-0.8369937214833083,-0.9462916501034576,-0.7823112381815814,-0.7623250270452643,-0.9141017076356488,-1.025509947914949,-0.9403364977610816,-0.912126135599161,-0.915262747036914,-0.7204111334368987,-1.0076176210132066,-0.9571956183830224,-0.8438565260380058,-0.9584179576814214,-0.8583399789997368,-0.9499442213047572,-0.8695950277178622,-0.8359524612760199,-0.8418413403971429,-0.7498144189058006,-0.6908148409431256,-0.6568261517185219,-0.6975275933198094,-0.6319838032481557,-0.664353792609793,-0.8809939763790887,-0.5492357905228846,-0.7944134678689564,-0.6453921214716787,-0.772149631830518,-0.7213895019382499,-0.7244350944907006,-0.646862222573918
-0.8733657637045887,-0.8179167078906255,-0.793989859869387,-0.8303063115056469,-0.8897091182552878,-0.919518146726167,-0.8429391245545279,-0.8538334076897369,-0.694212175337505,-0.771392726312508,-0.895099015871444,-0.8342857424606371,-0.8322807566087272,-1.0182332865527497,-0.8735563781701279,-0.7728030370714315,-0.8486891450183979,-0.8488504144373679,-0.9682141796385686,-0.8023509214875181,-0.9125825339362337,-0.8096645358898219,-0.7836959664317713,-0.6655340510526999,-0.7752295829802496,-0.8420587691598423,-0.9378453573842693,-0.7134968735950005,-0.6914830789245784,-0.6734421568535173,-0.6931309894001724,-0.8440309382104981,-0.7252790785408434,-0.8493976601935087,-0.8413996976809927,-0.7891643869733296,-0.6127469531003183,-0.8368720713036009,-0.8169734486815622,-0.6505894748796647,-0.7359299774153991,-0.7156778471779365
-0.9273661347908227,-0.8268144286041368,-0.9355507037128166,-0.8133995773247313,-0.7968996367479788,-0.8268366468543243,-0.7685596963014237,-0.9506467990749106,-0.8265448580924688,-0.7790745175092548,-0.8384089133624897,-0.834782327815801,-0.7743682900159649,-0.9487869703545454,-0.8315736216204972,-0.9413769897596711,-0.8105141135049972,-0.9900339370213169,-0.8614678025610637,-0.7122109771407094,-0.7527124897992254,-0.8216590535563966,-0.7952230309773979,-0.7265754598642683,-0.7823493669745248,-0.7838427955174438,-0.8950757021155861,-0.8184210241807632,-0.8976183605624863,-0.8094719173360804,-0.6479363370374419,-0.6659497728570571,-0.8418361484528059,-0.8197514229608149,-0.7453659388942531,-0.7119402178419281,-0.7642395279111548,-0.8179939727586526,-0.7864142469568031,-0.7454782989643525,-0.5579144988152438,-0.6446027003663145
-0.8654772165834242,-0.7105519275886786,-0.8476364504839562,-0.922494849189188,-0.9018709456508268,-0.7083460190090884,-0.7488504209837952,-0.8688940645941375,-0.7960642571801303,-0.8443638627719648,-0.7938395243197715,-0.9507737016579968,-0.7132573811080932,-0.9090618009668031,-0.7730119069448604,-0.9557329379165904,-0.7609944057712037,-1.0218652500735126,-0.922136417309694,-0.9983819331656475,-0.9191497766401324,-0.815573802430714,-0.7639287555170737,-0.742047556433208,-0.9326348304129605,-0.6265072360769711,-0.7398277358657499,-0.732041641806106,-0.8503030622020138,-0.6491685480525649,-0.6789887531454161,-0.7513213100557112,-0.6633573023804985,-0.5879176603126132,-0.6358576415815441,-0.5962956206486859,-0.5894925576727259,-0.5908628034828647,-0.715674619046344,-0.8280737989922908,-0.6776672859901671,-0.7916426984067355
-0.02504515768020931,-0.006677184494509752,0.03548640504528447,-0.025760127751080778,-0.015333770601591325,0.008274319040054991,-0.014932607848448824,0.0035406082211650322,0.012176298758524128,0.0006320104423482675,-0.0076973392855272,-0.04238759143662449,0.029989400953636405,0.010918016727230716,-0.019640709451684356,0.006678151210305199,0.00969170122098685,-0.016628029784915375,0.00924811949696708,0.019296159867716666,0.010571877104481769,0.010037264203971887,0.02778132955980864,0.028934973551627736,0.01168923226101112,-0.011067706953153912,-0.02416915016870676,0.020155898409141122,0.013303230359005543,0.0018463587158807603,0.0060948073143094325,-0.00011332908805145133,-0.04703366883293843,0.007581372980479416,0.00753298402641295,0.014545419201267104,-0.04314308309904032,-0.012874104950397097,-0.01271097160906316,0.00013674751939424587,0.007642885576054748,0.01480605619014
1.6310019955091468,1.6134206812367375,1.4366430163779536,1.423295789651895,1.5324965675258826,1.3626778837911195,1.5550557738067705,1.4511275711527398,1.540761370748977,1.453326843997533,1.5234054631789837,1.4491214171530047,1.1856238516273108,1.3177755999302778,1.2032831469994345,1.2047798986776863,1.22841207860611,1.1196715504521313,1.1823130923467333,1.0614183643198118,1.1586217288877845,1.044159131187828,1.0127370814783299,1.082594303839051,1.1202575306286948,1.1343777009200067,0.9208206224663965,1.006491592717704,1.1212531674440127,1.1220055483346292,1.0906789451435468,0.9196864476185079,0.9710060601547598,0.8663586571189075,0.8988097087158291,0.895119332098454,0.8299371397905722,0.8608505780708922,0.9246280772148098,0.8828324842893942,0.826601951027248,0.8021074554401207
1.4502243538909467,1.4365501133065393,1.461684916487653,1.5930913089763326,1.5782379334416838,1.4844657555595666,1.430432086208456,1.5117188109011528,1.534169033572646,1.456578499942626,1.4512964668713164,1.340958474475225,1.3357866988066858,1.3087315116480174,1.3350046844514867,1.3076091185267138,1.287181391370178,1.1224942227268013,1.1341939452411118,1.024706650111213,1.1794113846798961,1.1777927659251355,1.033566127986318,1.0981612908860052,1.16460116956128,1.0106008954478027,0.9697442769222197,0.9181815087088112,0.962211137511264,0.8480686141481201,1.0175020232176462,0.8212871158202982,0.9238872953075793,0.8628483296314631,0.9320634922413881,0.7955293766904836,0.8623483479912493,0.8089434293644665,0.7383627754456524,0.8212007979631799,0.8810113293642691,0.749739875173084
1.5540900484473785,1.6216574410624665,1.6161754449216097,1.4635643604880801,1.3977386082359378,1.5709163212162887,1.434959041426295,1.4240090426822396,1.46047811049128,1.3945108387863288,1.3345385614503715,1.315043892871379,1.2656480285526404,1.3250908532324512,1.155743071634375,1.2396139581035093,1.3051202342864616,1.1954596018931156,1.0432378554730088,1.0644607684742444,1.0576014040657353,1.120087373368747,1.0717812453583073,1.068103501031231,0.8880486614213933,1.1259658809401292,0.9989381582752654,1.0430340695575278,0.9870379925347004,0.8810973991793778,0.9230966238405118,0.868824191299497,0.8110247994452325,0.9738518251041098,0.9663882131016264,0.7969217785145718,0.8442765191031155,0.8679078949726146,0.8639325911780734,0.8078404078493743,0.8563506502265116,0.7296619083383056
-0.01822017417085678,0.03172233979582741,-0.009236198914224043,-0.007254314021601973,-0.015112966615338622,-0.01859181728937088,0.014345666520598647,0.002172147636554145,0.0037085789087447658,-0.017513570568800214,-0.009892198978271333,0.006043780068363912,-0.00024801366875627155,-0.02490042900683267,0.026264977836865204,0.011620174442902094,0.015527613554442746,-0.024872926697783463,-0.01301651678387017,-0.018148858771935204,0.018580829720479666,-0.020291471021618657,-0.013253727893355254,0.02574236895991058,-0.0036851931806064454,0.020327428395972305,-0.02742910810077131,-0.003697174418020526,0.00488255090670398,-0.009878224784043125,-0.006716473731519183,0.00523704539029748,0.0184193571287164,-0.00804222413322222,0.0008736845109048017,0.025776212359375807,-0.008993278398545714,-0.0013834260502329995,-0.007601845543518447,-0.014063745854517036,0.006184068082893912,0.010605589020528085
1.9651715689775666,1.952862856381449,2.030208824591321,1.9842788317324505,1.9144701508239688,2.006996754083436,1.91886860589355,2.086232029937311,2.017344431430817,1.9702139673958097,1.8913273371043418,1.8866694214552326,1.8642121360637647,2.075293210208648,1.9792098040197799,1.8792123552515558,2.0042892912921286,2.0699935183433755,1.8946642790572557,2.2007220369972056,2.1854499208582623,2.00459387727914,2.113794344347646,2.036076003214453,2.3048440092374025,2.208907167766582,2.3551272295075316,2.2784638983204855,2.2284399162490334,2.4758827779490016,2.297589317208428,2.5585011946362677,2.553974612348264,2.649489226363639,2.605014688614918,2.558517158165581,2.622667305436441,2.5500606563017527,2.588757538873035,2.6078672195044996,2.529638072023803,2.529511198798447
