gfs-wave-data.json
{"header": {"parameterCategory":2,"parameterNumber":2,"dx":2.5,"dy":2.5,"nx":144,"ny":73,"la1":90.0,"la2":-90.0,"lo1":0.0,"lo2":357.5}, "data":
[rows 38 to 56 of 73, columns 84 to 125 of 144]
-0.42343846016977726,-0.4869360243856873,-0.4946414862431608,-0.6858745856204699,-0.8470290558382079,-0.6164976106821194,-0.8043540173919254,-0.8824078173766813,-0.8967093453191625,-1.0538055855096347,-1.0955891963555262,-1.0895740286544313,-1.1993564768090115,-1.0702095602352966,-1.0886194066120356,-1.035804972725086,-0.9252535726337038,-0.7721770647358903,-0.6465992297302545,-0.6942233990387394,-0.5761237577447798,-0.6188618457675735,-0.5955554369048102,-0.46398019172495825,-0.3350421835840164,-0.3581813552219555,-0.46736793051515757,-0.37150096148364,-0.5053749869868137,-0.3565601811727088,-0.36747693059540393,-0.4490516305205455,-0.47243087434523734,-0.43401018206830805,-0.4972937261969575,-0.45969427031124876,-0.45946789323042075,-0.43427510093561417,-0.4904744350984767,-0.40981895064501855,-0.280601582618218,-0.28281750650223847
-0.6644552390085786,-0.7650167314601604,-0.6285355964330981,-0.5115710305249707,-0.9075812414561486,-0.6170213804756115,-0.9565978541476966,-1.087468714317969,-0.9115860671066172,-1.132072912589144,-1.073396225499191,-1.126200412061961,-1.1599829065725946,-1.0989961340907588,-1.0757985387326152,-0.9766110648585477,-0.9146794380927172,-0.7732725398518848,-0.5960979229762664,-0.5843634227107322,-0.5758374440725827,-0.3870469874255267,-0.43271052528145054,-0.47426578222180105,-0.3156058765008237,-0.40497104448660065,-0.32660993211914474,-0.39011630683098003,-0.4286889601072049,-0.478365347550038,-0.4234950577136726,-0.43383444241144503,-0.5448382800527706,-0.5021607824572389,-0.4191611968707198,-0.5436481523092903,-0.3633347370159665,-0.3790065081986227,-0.38023148789553735,-0.2856283625464711,-0.2870135518395302,-0.22467210356444722
-0.6638712032473096,-0.5443993299239723,-0.5869031692728696,-0.6896215449550294,-0.9274997386795506,-0.5983878450756651,-0.7287262059601515,-1.025614442109818,-0.98103331888121,-1.0895679706347776,-1.132075278863604,-1.072657140974017,-1.1618418467249074,-1.2150300163743477,-1.156784625848693,-1.0128484640715885,-0.8932342715019701,-0.7400539234397182,-0.7589259249493344,-0.680195027331864,-0.7309938268559666,-0.4617395663230149,-0.38241542809287005,-0.3175536581788499,-0.4432688622651521,-0.38656419665062397,-0.4920462261232188,-0.41264889447132996,-0.3292343112934831,-0.4022772879064029,-0.45183603074182566,-0.42970649889303253,-0.3977443926902946,-0.46282286497977804,-0.5172842030050374,-0.4594670751304116,-0.5199331904923182,-0.45700831093865263,-0.4619468210379663,-0.2942243612850603,-0.3362233426559223,-0.2629895955872662
-0.49014589168781325,-0.45956653599701214,-0.6206033685929978,-0.7225793155346623,-0.7132218613277596,-0.8807612292305667,-0.9082551644225741,-0.8740367641779149,-1.0937914814590854,-1.0778673882894327,-1.0655046904352097,-1.081341020000162,-1.1690630361312742,-1.0752914312039437,-1.1743654262643892,-1.079358814220266,-0.990243148692343,-0.8488243019599991,-0.6779806513654152,-0.6390688209199189,-0.7077743182030323,-0.6266989497676473,-0.37892583037413874,-0.4248655691324459,-0.4529816043311045,-0.4070260338680422,-0.4065260879279051,-0.3778895623460452,-0.33927272199150554,-0.4401022328892382,-0.39958180908896607,-0.5921243089344626,-0.4524324242477775,-0.5875102928345138,-0.45571754734415104,-0.5549635332641958,-0.5434083954750949,-0.5239753239509148,-0.38428447364400975,-0.30357021445180843,-0.31096560206622376,-0.38565883598913836
-0.017482394450027305,-0.025164919120348295,-0.030648544973233865,0.02298437199140033,-0.028700700616842077,0.02781440505752975,0.054773313685116884,0.030995698275897942,0.03305323172040333,-0.03281782682217574,0.03822435428364246,-0.03198219876158229,0.01775952349501181,0.047200834823483535,0.041051254957710094,-0.027031579788968464,-0.02050913819833498,0.01851817462452763,0.0019535169262323636,0.03273919257369895,-0.014717539453892124,0.0201092991354977,-0.03287862359591407,0.0019126105793625117,-0.024044307094910778,-0.028670478862607936,0.057980790854365596,0.01752246492725208,0.03748320975296479,0.043507055950271364,0.03320725900829092,-0.03832070808413035,-0.0067753075836099515,0.03878585300773569,-0.034859281422388304,0.051656066677732856,-0.0018948122835117703,0.02267881179695629,-0.016918524354381913,0.05654096594073945,-0.01716780170096696,0.03197271790949513
-1.2166001475937904,-1.2174794762557222,-1.1288061584830411,-1.107124351681768,-1.081512331917114,-1.1652501139660427,-1.0577742541777708,-1.0270775440203044,-1.1151465489691508,-1.1001703770400777,-1.1896136740666872,-1.1275382533678846,-0.9456732923285844,-0.9764955004729092,-0.9610424906302846,-1.0869539395405279,-0.9051989251642465,-0.9603323122810057,-1.0282691341702752,-0.9989551905212787,-1.0466937833275336,-0.9731890842560824,-0.9237679380737602,-0.9851875711611361,-0.811391289641536,-0.8824260365709912,-0.955296772534842,-0.9468044808315796,-0.7857224051329184,-0.8635302773393344,-0.7764966792496707,-0.8052218578595893,-0.8116676060952123,-0.730820353369297,-0.9127212921764103,-0.7214468798594272,-0.7655861442672033,-0.7405074887019651,-0.898350220808859,-0.8048294569234854,-0.8084607320718535,-0.8994562029345634
-1.2476350746572453,-1.1696779102126882,-1.1664593600701676,-1.16200167396168,-1.21448267599478,-1.1238694168237495,-1.1104127905160575,-1.1049462916749881,-1.0957433936131642,-1.16555391512174,-1.0941326503419069,-1.1374939001300042,-1.011449170097767,-0.9875760861680231,-0.9709930062948136,-1.0224120566142276,-0.9112616023682922,-0.9863461386001952,-1.0567563204428285,-0.9042858270630405,-0.9122512718552209,-0.9174777791238958,-0.9167914320998188,-0.8530796643699997,-0.9240131940911085,-0.8974038137348507,-0.8174819201690329,-0.88813251851037,-0.9480548829890504,-0.8490079717304064,-0.7428312844429152,-0.8170604762881379,-0.9005201084492233,-0.7272533860810905,-0.8511621344830683,-0.7845086969462526,-0.8260847596826373,-0.8610253796035512,-0.8895301660277087,-0.8216886030679615,-0.7455676602218315,-0.8936803249514313
-1.244191714827066,-1.0460234523319787,-1.1545644417676706,-1.1661572865819294,-1.2684181983962193,-1.2073676288663497,-1.1932874693672506,-1.1269957568228193,-1.1269206293192715,-1.1412478630367955,-1.1829994274921936,-1.1342376158054122,-1.0892670953190848,-1.15732808971834,-1.0446935319981818,-0.9586620006092981,-1.0897937569712965,-0.8944862046414815,-1.054186410510526,-0.9959293692136141,-0.8768359492528409,-0.956456408609763,-0.8464772551963728,-0.9637277674540418,-0.9946567343745237,-0.9364295773717036,-0.9620575206419788,-0.9943926020546415,-0.9342489288812953,-0.773624856398756,-0.7689890758389131,-0.89430164573599,-0.81923848352413,-0.805974586229307,-0.7648099812758268,-0.8294538587607405,-0.7933784768093318,-0.866309603122,-0.7575560843237649,-0.8640780584611882,-0.7251905999478426,-0.7604063996001854
-1.181449029253198,-1.317994898191907,-1.1335459649685051,-1.2635933004696547,-1.2127817192409525,-1.1338877183455771,-1.150019957907496,-1.1499924166138216,-1.0826810138294618,-1.168638031393302,-1.1450345873121883,-1.1120203561651072,-1.1874397686760696,-1.0667646912818827,-1.0151575196732263,-1.0852495430960216,-0.9372036144320071,-0.9714366860927317,-0.9486643908592309,-1.0570086184641212,-0.8503943382532478,-1.005010754376728,-0.9060542962100527,-0.8881709649430339,-0.9385006793151289,-0.9643200260225893,-0.892118430725312,-0.9857408383974869,-0.798631467625046,-0.806557848573343,-0.9250978746667978,-0.897559522958587,-0.8665907061323156,-0.8261992833331289,-0.8472036042275781,-0.8150828629412613,-0.9215018789321949,-0.899718845868939,-0.8256824425668307,-0.8701166357582886,-0.9327806344748039,-0.9306212202298596
-1.2015317036279158,-1.1898267934913977,-1.2176672362250016,-1.2014063404599178,-1.1979833611860842,-1.191837842393464,-1.1564983729654121,-1.2608484295249207,-1.1471039793041145,-1.015321904586873,-1.056069313227014,-1.1226247426959588,-1.1414195302516048,-1.071015106259069,-1.044889605425074,-1.1363880706488536,-1.015274498358098,-1.0691473393389166,-1.0222041830257433,-1.006717357412683,-0.8775525753139489,-0.8657422299334175,-0.9183049523564781,-0.8971016856840712,-0.8184773069512845,-0.924307177327286,-0.9750516567740255,-0.8163678226193853,-0.9511438656700782,-0.9009786006409638,-0.9272027912964453,-0.8668920555126105,-0.8292768003008086,-0.7737456739113105,-0.7823520060205109,-0.863857919758107,-0.7604999613644807,-0.7178087593065098,-0.8290057229045331,-0.8321976279756156,-0.7857659468599264,-0.8886194041428299
-0.03675584307333037,0.0020146077439564523,0.012775821617501924,0.005493918428581068,0.03483456000850741,-0.03991451756173395,0.01085483987211336,0.06401593040908482,0.04021208049215889,-0.009892159650405177,0.024976968612530702,0.041027424029745185,0.025116798527328,0.028234690759973504,0.005924466004725391,-0.044329223367508226,0.0375079295647419,-0.03239912827916794,-0.03259822616398329,0.00940761237657784,-0.07893437079642031,0.012175414395669408,-0.017119879379953896,0.05652839776176255,-0.04642076479977739,-0.05907220231747198,0.009122419627320919,0.02116598376296975,0.0184170849964806,0.0035989362742122623,-0.03604058441583485,0.0159762799604604,0.044182615839464034,-0.0580590190630399,-0.040432234145351915,-0.008110555831693855,-0.030305200252670327,-0.050959763017520615,-0.05367363760859394,0.04114478725790143,-0.04644591463893708,0.04853610735801402
0.9066582046924376,0.9112574138727322,0.9688953624563429,0.9006312285609044,0.7857683747158128,0.8057448717244079,0.8440821877158636,0.8672259353743645,0.8949479447030385,0.8968733161979883,0.9406485471787317,0.9826179816617017,0.8977313946496757,0.8627170307352435,0.8602243248122644,0.9537565790740204,0.9106505373425907,0.990902854233937,0.9789814361355522,0.984493738287909,0.9617363228498984,1.0427095958698522,1.136436819291615,1.0432435189681362,1.0290805341085218,1.0887517909566877,1.0454352612285993,1.1281701801124997,1.1948582269497614,1.1259297078874557,1.1969598925792861,1.3050900369043268,1.1326116021325112,1.1922263279971255,1.2951029670097327,1.327698575575156,1.21906487650738,1.241820835534109,1.2862776390172768,1.3018205696427625,1.388378862557285,1.440134684093745
1.0267311009466162,0.9818464455595044,1.0008873433710184,0.9418054707816219,1.0438486654037504,0.9343205207622193,0.7526300116225226,0.8571676606458858,0.8097308922186723,0.7261325994021921,0.8166605546115404,0.9673174030229008,0.907239505396179,0.9925995337866459,0.7896332744566017,0.9598167581495121,0.990293736013046,0.8416279529528699,0.9514796311787108,1.0090388089278417,0.919691837462718,1.034331673904441,1.0211505190114565,1.126818934626573,1.137479961663393,1.100763149959822,1.1184941519986995,1.219234435853841,1.0913938678893997,1.2437557228586689,1.1325187219508592,1.1077752542899382,1.276724376746737,1.2395193588768405,1.2412507938399926,1.3528106191576819,1.1281921956150056,1.1150013117459598,1.0831069705914047,1.2345067267886838,1.3732528590495683,1.3966857989815986
1.1378883146206564,0.8679733293659836,0.8488749960438943,0.8925764987391785,0.9926845147740302,0.9148240332516772,1.0231301255962348,0.9552946280820124,0.8802313458389724,0.7150763658657849,0.8612814691533599,0.9695135086226532,0.9927273854754722,0.7854301959074842,0.9962554501880969,0.9706104373579781,0.9810203227321714,0.9694805762128775,0.9430391974140142,0.9526830813349595,0.9350324203253843,1.0358236143344384,1.0254594153637497,1.0566218264997078,1.1893396061089196,1.211882433841613,1.1497664925835884,1.1819884568630001,1.2328627003957435,1.180146808448931,1.1986063131485463,1.1967785225828955,1.2072071159584756,1.3350825116402396,1.1659136083149326,1.2142148002252555,1.2075580559266417,1.4329651651071529,1.3034769788843381,1.2043117487735757,1.2678807591451837,1.3201907658478844
-0.04553807507766715,0.0451312967788091,-0.020202089093461828,-0.05777693379452392,0.029597247089379334,-0.03163026928276857,-0.03563418271652599,-0.06425236207814218,-0.018144183451487196,-0.03311696170484396,0.07009961943864203,-0.0236005554925997,0.06838909447226371,0.05616611401985223,-0.002739377653990515,0.01668686219142395,0.035964261170370486,0.00954467968509101,-0.026364299025589476,-0.021339272538828166,0.03247068774969227,-0.05081866611493224,0.05452689425719315,-0.049225410901280006,-0.002479849730125647,-0.0252193177152516,-0.04312002989676101,-0.034052682460982274,-0.014684230170353337,0.04584414539652048,-0.061480632504048144,-0.06593783783128902,-0.011853610714012083,-0.011094324228268374,0.013556298734013494,0.04275325347792802,-0.042572609474960874,0.05396135210768447,0.024037308850194877,-0.054553772210973746,-0.03698113327923643,0.04467153958489628
1.6395482004208968,1.5956895847337889,1.473746084750068,1.588869306893852,1.5160445215038936,1.3818851994243917,1.3679854108426925,1.3875453799404387,1.245219639100088,1.3133417263047042,1.4572806349345484,1.261824925140179,1.3501851086287249,1.250819421771646,1.3444779992568439,1.3238183180605532,1.3610101875683323,1.3127526183427192,1.4205153523968392,1.4142000107308834,1.2418790201120762,1.4929204888523964,1.3286174085522295,1.3681415902327017,1.335829704155232,1.469591277796069,1.3110267692179987,1.3228300528043562,1.3651404603994854,1.4239253678366433,1.4255852706905352,1.3118944194775042,1.3116689283293004,1.3403694694439667,1.4592841145408622,1.2576013590657307,1.4917301736982302,1.4156769784856487,1.3606174007658671,1.2256771808001177,1.2566772604947274,1.4386174571801618
1.590792481135289,1.453891205506865,1.5000910996613244,1.35292827689902,1.4861823481008838,1.3863369990503112,1.4934728908702863,1.4462399455520465,1.2816043231503247,1.2988794757104514,1.3932107144232093,1.4563244024656614,1.3507626455143589,1.318461380960822,1.2517099701515526,1.197681214797599,1.3091634516216937,1.3113893920891906,1.4427820235376059,1.337655501778185,1.3099707785155132,1.375565990584747,1.4212836964581872,1.349134399205763,1.295787758911597,1.2981907548832494,1.3426507144362967,1.3938839551843492,1.445684444181035,1.4498351980015887,1.3281854581825572,1.4404024576646215,1.3107171188363846,1.2676641890023668,1.355886317908991,1.4979751533346013,1.3986827421931796,1.300494192820606,1.462174802575441,1.3125717058106496,1.5076133558463416,1.3159397547930647
1.5020226540545618,1.4251769853654779,1.5911734026911053,1.5082277510103599,1.4209008369375835,1.5142636647608512,1.578854138544991,1.3232045023197425,1.3289866894446805,1.1879222464464123,1.3229922092592326,1.4190970405476473,1.2928080440727692,1.3399845153870447,1.3724697079898254,1.3723150195237674,1.458824627452917,1.3379803072957117,1.2375401469057918,1.2860222345660162,1.4638247272126224,1.3107114551572383,1.4436757834836724,1.3362472093384392,1.3482900032528915,1.3146751259323175,1.3794573796160985,1.4176089795572318,1.3589163983984163,1.4841532708353344,1.3059627505144082,1.457249068127005,1.2538883916870813,1.3680899841458738,1.3788040043772132,1.3285754921717903,1.4309353756836987,1.325500625748224,1.3945096962862846,1.4698947712842934,1.2996977461606651,1.471487189472256
1.4691829992542011,1.4685562529207852,1.4317157919888324,1.4348976840133072,1.5086030012838942,1.4362365633498633,1.3647116528995706,1.4366605988693073,1.4233818140561623,1.2327848677425186,1.3125814524959156,1.3966561217488889,1.3773821965215656,1.2935283066490164,1.3914176284714006,1.3179051039677345,1.464787478069747,1.4252937392675582,1.2901959989638183,1.3879752325434973,1.4457208180192016,1.3301721964444224,1.415878150143872,1.3420027587093109,1.2912916615623224,1.448707108937964,1.3862884347908573,1.3370731761553822,1.4719468559225546,1.293206466657695,1.3687177972075102,1.2910443595166352,1.2315899000730275,1.4784812316665301,1.371692295107242,1.375234041157457,1.2976311279553943,1.3797985300230131,1.4239228521971916,1.4897548515408692,1.4670084583761356,1.2691502348497286
