gfs-wave-data.json
{"header": {"parameterCategory":2,"parameterNumber":2,"dx":2.5,"dy":2.5,"nx":144,"ny":73,"la1":90.0,"la2":-90.0,"lo1":0.0,"lo2":357.5}, "data":
[rows 36 to 53 of 73, columns 84 to 125 of 144]
-0.8066668384230082,-0.7252830628219306,-0.8266922824766885,-0.5089246955750142,-0.8632033843304572,-0.7621972886575162,-0.9604523403473086,-0.9034693182348202,-1.0752343697098101,-1.1127924640332207,-1.0238234525147916,-1.2373604517853483,-1.1606390241664846,-1.0841083660764081,-1.136457787806568,-1.1327274782792482,-0.9096269440715598,-0.7389621403138077,-0.6795990876489328,-0.5645879320763363,-0.41026093501788036,-0.40381055337328786,-0.54841067050224,-0.3074702676138673,-0.2814425309852844,-0.3987175108971623,-0.37687308737224495,-0.4250058408754082,-0.35880474912213417,-0.39587074093994523,-0.39175867293650796,-0.5494649824146232,-0.4550788645120487,-0.5108603789302248,-0.4090311678329402,-0.5239188471754593,-0.4908886685967403,-0.40919594200312404,-0.4682209352559309,-0.3253599180911924,-0.3044303001090421,-0.2742000325667484
-0.5798775127635452,-0.652430250825246,-0.8361797216818672,-0.6537720022126242,-0.6087766651047365,-0.6250415250445948,-0.7767632689377719,-0.9299785966138231,-1.2126782938816234,-1.0032007862649013,-1.2498346179061126,-1.134116153852382,-1.114932433088483,-1.0494143809235668,-1.0418089100599028,-0.96100390289927,-1.0256504187804918,-0.8463081619483428,-0.7538992095781227,-0.7172579356113845,-0.4995736308798249,-0.41306861915838455,-0.4994605588810563,-0.3500693268662918,-0.34347986483868215,-0.30910043278942223,-0.3908609905630087,-0.4837985014298449,-0.4985089240433501,-0.35744375343573354,-0.4717744318889827,-0.4182286943053408,-0.5712797454717969,-0.4281229484872897,-0.4749049527042541,-0.541906107399386,-0.3879481946255762,-0.4769245194573051,-0.35990280844490385,-0.30107388322397644,-0.29059401596102735,-0.25477068801095865
-0.7161147570936448,-0.5126573374743357,-0.6630135902513183,-0.7077947518382749,-0.760272085647704,-0.8390104422025533,-0.8662603898323902,-1.0445131508375072,-0.9894406567547698,-1.0357034713427573,-1.197647610950743,-1.1820049732973588,-1.2384212692694527,-1.1179227841051245,-1.0183080512322085,-0.9690731171085714,-0.8218223384999632,-0.9400751578307658,-0.6935895055546393,-0.6210593949195633,-0.5858742743572334,-0.46231083274349594,-0.42637169647121576,-0.5242065830570242,-0.3024397307081408,-0.4292896352441984,-0.31990892336863463,-0.3552250559146112,-0.40774569321484594,-0.4718731769830279,-0.3387084919356155,-0.49170591903438116,-0.422957463680181,-0.4299421778117618,-0.47563954247395773,-0.5242027379366244,-0.41497283841056126,-0.44761200055072303,-0.3621489298222755,-0.34458820414687524,-0.43844843818291457,-0.2755340812623837
-0.5026823666948839,-0.562853874893107,-0.48016027291276836,-0.7990231547996167,-0.8456357060451218,-0.7530409443730982,-0.8475716189495229,-0.9567858831861467,-1.1555208108762896,-1.1889595894891816,-1.1112848777073199,-1.0639708078056338,-1.2098374780923267,-1.128742688730017,-1.1022795412189006,-1.0134539122156443,-0.9241949416096258,-0.7673991782941283,-0.6462079485163649,-0.6993523570618602,-0.6170706282288708,-0.3937528308745746,-0.5160484273091158,-0.41914765579832014,-0.5398925459007217,-0.37970943185261247,-0.47612046094592825,-0.4219811933623014,-0.3716419625458673,-0.3445317169069961,-0.5462453487172946,-0.4132631078484328,-0.5652943202952175,-0.5198596690857544,-0.42346115793779027,-0.49301010052403954,-0.3543664119399074,-0.41280824961591717,-0.310234817738715,-0.27608424329880094,-0.2616898263101622,-0.30826534275296386
-0.6772284922470537,-0.49468331514702,-0.4570712760272456,-0.7810972609042873,-0.7483914111544706,-0.9605903602813157,-1.02387299617134,-0.9758825482664377,-1.0364940857304523,-1.1515384183332902,-1.1166395105949898,-1.0239119652732496,-1.0230237467498278,-1.1069281831662667,-1.069816941368137,-0.9211189661461106,-0.8858246760251592,-0.9248353036471906,-0.7440036531464177,-0.5231107072911946,-0.6760597250493949,-0.41220994847630166,-0.4187566519300649,-0.48969928907604626,-0.42695671424866255,-0.4473308137767763,-0.36374508971450803,-0.4693599195836382,-0.3629992594207665,-0.3660182824205868,-0.3205922787888095,-0.4164087284601457,-0.408138148510637,-0.39558587573036486,-0.49245457151665223,-0.45963281886743196,-0.4705567479045905,-0.3256542634072389,-0.3398878803722267,-0.30234091512464517,-0.36070038044202024,-0.36027152602269946
-0.41182202537955037,-0.5251368560912543,-0.5911105752411101,-0.5923610254701279,-0.6620671386983322,-0.8005658718083644,-0.855056536259363,-1.0049609915433553,-1.0454772023535857,-1.0130441164177357,-1.090108812461037,-1.041733339488996,-1.0138380141490098,-1.0265096244360923,-1.0556257152265627,-1.00426560125869,-0.8137364229750621,-0.7960772267307168,-0.6765776035612169,-0.5117964292403971,-0.5088999057110009,-0.5846176251397123,-0.30856038041514566,-0.3744924331135087,-0.4872188380011578,-0.31842438872427725,-0.3714519918055036,-0.4142050223916915,-0.31022780032050584,-0.29956247184405943,-0.5440570983326725,-0.33023394681502005,-0.4871486229713279,-0.5003251744664556,-0.44335884614023297,-0.49737409251532677,-0.3299391189519879,-0.40068590663072867,-0.45024621561271916,-0.4153084187995917,-0.32747846812332704,-0.2427099493196806
-0.03327196213287949,-0.015739332250398065,-0.02433348890760223,-0.021426425650603553,0.013741183244784476,0.03825508040566886,-0.013535824413277811,-0.011512730215009426,-0.0024989437949219677,0.0232760730203515,0.0032955226519293646,0.016852578300436,0.05170260409495247,-0.03645155021925668,-0.04960300623087837,0.03464601345029956,0.046497236762178096,-0.04181050978544241,0.04426433176510464,0.01044585306543052,-0.02906978885610258,-0.028299645573337615,-0.013053165442233398,-0.017774959518895586,0.02162309332859288,-0.00010804964655054231,-0.026952253738544707,-0.010876745778563708,-0.045654593132199967,-0.011765789412354526,0.012272327460890064,0.014066188183400878,-0.03404738880274111,0.02675571167802248,-0.01928160975375246,0.023851991094303082,-0.027894099762341144,-0.018496524044466237,-0.0044404770653522115,-0.01642329450740623,-0.0049512851262784995,-0.020866087058635515
-1.013708957272728,-1.2145509406475545,-1.1454324067564285,-1.1864794540019392,-1.0689918005688934,-1.0386496330471762,-0.9845060650043655,-1.029719010166893,-1.0763025573991127,-0.9512267176515664,-1.0136519596280535,-0.8633013096167553,-1.058617141846526,-0.9531844909572306,-0.8913189284883576,-0.8552297403550637,-0.8978362183617241,-0.8150234034116391,-0.7730230978597843,-0.9217168131995038,-0.8085209821274371,-0.7587452539173393,-0.8818307259663584,-0.7182135178397103,-0.7823521663179493,-0.7962094955657318,-0.7493235326210137,-0.7590882667972876,-0.857949799912539,-0.7476281662102159,-0.740457827329472,-0.6764133237376372,-0.6154808068234656,-0.6730148183501371,-0.6722623716806768,-0.5942713942727341,-0.7773518653389289,-0.6539998006337747,-0.6372262722097575,-0.8075582297501157,-0.8126576180957764,-0.7235616029838671
-0.9960906764721346,-1.0800218692875594,-1.0654911314500939,-1.0299366690911924,-1.0019643660755266,-1.1459392208467853,-0.9718355214528935,-1.066497203469371,-1.058022193997622,-1.0080678989951555,-0.9881322310362304,-0.8981723647597294,-0.896504654113949,-0.9376611790030411,-0.914200000602523,-0.9222033587483629,-1.0014540611362328,-0.8068592579778886,-0.7811525779124894,-0.7620390710714038,-0.8589404890625957,-0.875843741271126,-0.8631217985202506,-0.7681174391353661,-0.7807992037094766,-0.651363487558632,-0.8089195871790797,-0.7536737111528967,-0.7892730766484046,-0.7599235327328197,-0.6486192788637849,-0.8186602905321217,-0.8043445682310136,-0.7874968454339623,-0.7596937089790093,-0.6915726947807392,-0.6752223499124882,-0.6518696885683969,-0.7569099546246915,-0.6455482981116483,-0.6966144655219335,-0.7748804827512392
-1.2050655960209429,-0.9478052656417892,-1.0824649419467722,-1.0880128037041283,-1.035991117760877,-1.0030868046937838,-1.1149176385866213,-0.9872254449259985,-1.0629111789138361,-0.903962064656058,-0.9862435591421778,-1.0211045767756821,-0.865188469501871,-0.9113871148546838,-0.9148082160171888,-0.8636099357413904,-0.9122607660447631,-0.8564942651761072,-0.7668926074577942,-0.8227375223690119,-0.8308996673845581,-0.895020521062857,-0.8830681841413256,-0.7572152470062073,-0.7413553315746536,-0.6710148165141949,-0.7450066360374651,-0.7590256040274054,-0.7307226322457017,-0.6864607782693306,-0.7855022915393652,-0.6876623330363217,-0.80545491880098,-0.6756801972973832,-0.7794490045304197,-0.6614072846642713,-0.59592561725147,-0.6362064123922834,-0.6507384744586285,-0.6901661411443561,-0.7841787496482213,-0.6859424788315771
-0.9870856832597397,-0.991037931847841,-1.0450203118403851,-1.0652563576674854,-1.118795864567774,-0.9534209340121969,-1.014610460139438,-0.9537180374655406,-0.9826782573997125,-1.0005880949078003,-0.9611201520191198,-0.8849501761782996,-0.8598070940624764,-0.8918723436187056,-0.8476577238063008,-0.9625254187351093,-0.8231962914152279,-0.8323446033102975,-0.8307357327490131,-0.9305118093018577,-0.9171403220298092,-0.8750277724683806,-0.7288419510177754,-0.7107509846741287,-0.8384376004507014,-0.6566635970811538,-0.7094215094764061,-0.7409093267189493,-0.7851665656142621,-0.6634429449398778,-0.6702351073041056,-0.7244371141815008,-0.6791992253592154,-0.7757420092010315,-0.7249618057134474,-0.777317164182792,-0.7750107707067894,-0.6502250563213301,-0.7568632588453648,-0.7790838313808893,-0.6744380283725838,-0.5833113558298575
-0.8843397556001856,-1.0818993066487437,-1.0100593409827872,-1.1307757706379873,-1.008134763442443,-1.0345320188626896,-1.054222149041024,-1.0517285658266784,-0.9326068041540797,-0.9025156564240419,-0.8657931386069037,-0.8980707649317458,-0.8866759154659035,-0.8809305074523792,-0.9234770109211143,-0.9017398835855694,-0.9319829249798719,-0.9342075912103126,-0.8813481779892065,-0.7680201745171682,-0.8478698698925287,-0.8513395162040169,-0.7292948290985151,-0.7127263396283628,-0.6772911953263675,-0.6535396598991025,-0.7738359953432238,-0.7205878803870248,-0.7600300981906116,-0.7823001194473193,-0.7670296266402207,-0.7449108819989254,-0.710156449779108,-0.7269350247209813,-0.7680749911075537,-0.6628129291828144,-0.5855738342468964,-0.5828184633014057,-0.7719488457271804,-0.5883074035142145,-0.7108847026206814,-0.6424489343828456
-0.01697562828674746,-0.030156859912477078,0.022921731367455397,-0.02378519979922154,-0.028428225625671228,-0.011012886337522964,0.014853399638890529,-0.0011312671233794072,-0.006111174479201781,0.005475576817755824,-0.006572842929237356,-0.012174156835964869,0.02216003496083241,0.023712259790404165,-0.017442162190873946,-0.03009761787766158,-0.0092359429880608,-0.01463341322973932,-0.03848078331415489,0.012158599065213258,-0.02995883672307439,0.021131667132763345,0.0007968489909269104,0.014665173249275442,0.01345569619868538,-0.022458054457188417,0.03735305035714036,-0.00031598237686445644,-0.02176538259765362,-0.02869129133541017,-0.012166758686430556,0.009948712203617366,0.008596796975934115,-0.013301945826915854,-0.004562189105694386,-0.03128484780618518,0.043448720254563124,0.017492501870021222,-0.006142218713869857,-0.0009066978174111249,-0.004547096607686309,0.011890219961993475
0.9235986326882353,0.7599965137193625,0.7430157529978452,0.7801468564990379,0.6686970114326403,0.6994507012178258,0.6391714035223265,0.7480416658752034,0.6138727482595955,0.6721734617712702,0.6816991893004284,0.6464878436461319,0.7258535137437564,0.7628160214170318,0.7031890936715061,0.6785914935223467,0.7003252202323684,0.7634145744976268,0.7599165474263426,0.7078690363651864,0.7185343230448243,0.8562121311270182,0.771381216560725,0.8289493390868237,0.9394317052982794,0.9973340996896983,0.9807079341685482,0.9804775708892606,0.938119939251823,0.9378473149955162,1.0805004851269722,0.9010573089411905,1.0324027508246432,1.0302930166150488,1.0579114750724046,1.1100105153690918,0.9087030140689706,0.9584282702581564,0.940935498932817,1.066527500625299,1.0429474327527188,1.2376170193351048
0.7026619854285712,0.6451572562806208,0.8111004207391256,0.8162527495791119,0.6158491824714928,0.8051564209866616,0.6432179625027703,0.6595520321485291,0.702214235538479,0.680366338960393,0.6878372524733368,0.6969249655754328,0.7044516444641806,0.6487691733001334,0.6134038856511744,0.6483148071639191,0.6394177767077159,0.7678039546234706,0.6808500886720161,0.8142501908532831,0.7899863025963317,0.7651358543014102,0.8967595463254928,0.7854477134890815,0.9573848273827348,0.8779863133561764,0.8025091342953281,0.8998536423690451,0.9189650830685192,0.9214759839575051,0.841586661984233,0.9968152661849156,0.8999054066491053,0.8703555554099158,1.0246684334558513,0.9275756321010971,1.0347853629068096,0.9577411522312272,1.11988145832946,1.183117109752929,0.9635867272064345,1.0958724848098773
0.8202597115677255,0.7841677189739147,0.6758627534876698,0.7900854713250731,0.7935216298646433,0.6788262200275735,0.7424513083794605,0.5883184280815056,0.6425975116723899,0.6781074032793011,0.6668387150346305,0.6663390706412062,0.6661762577079108,0.5990706493555832,0.6965817553226429,0.5974474851494396,0.7077942741711032,0.7452764351684396,0.6999853018576955,0.7222885687792407,0.8866254797146369,0.7800506166550705,0.8321107767097579,0.8137461525949974,0.8640109081222287,0.7684538101301177,0.9282172989609493,0.9567616017420736,0.9682457706354691,0.8959612847099954,0.8325164869768363,1.0116499235839738,0.9857612477124165,1.1305560529757748,0.9229135184831159,1.013459383862076,1.0800717518929037,1.1225221275759756,1.0171158168356795,1.0611728604571848,0.9852853233428149,1.0349479712173837
-0.0006160491815152285,-0.010057756223058434,-0.008232984321202142,0.01593077031745853,0.027885812504453503,0.0016199619439123552,0.015594541046017816,0.01549546363308481,-0.006550365095065633,-0.023524128497774646,-0.013875300449391961,-0.014614069571379154,0.030396112347829754,-0.009518212230333334,-0.008790847232269227,0.015045970553798662,0.003437299991414663,-0.0038368523990366813,-0.019922806225892823,-0.005689154827245808,-0.0048176035506550105,-0.012970994728361829,-0.03006413259142436,-0.019396410336928193,0.004750524066760351,0.00519877522714808,0.0024396379780621657,0.0028953502366906455,-0.01837413290462071,-0.009208544211803341,-0.015191504505382682,0.02968174632221303,-0.0192236074078653,-0.011405401095763908,-0.024646747325350216,0.015681920279729717,-0.004864482956353653,0.005223415743778363,-0.011141629470307043,0.013823769678558194,0.017111252623692532,-0.005080189448301727
1.3358460619045918,1.3353098921483701,1.4073742594997407,1.185681334967174,1.3543200108064903,1.1677936727395524,1.0914265175907967,1.1186082116235019,1.0410687045853602,1.178444524494756,1.0461213734812302,1.1932526568498514,1.0710890622037046,1.1422905590100099,1.0760240298072363,1.0270385966385494,1.0402970088370134,1.1375235984688274,1.0770900595074548,1.1766425088875092,1.074454183175033,1.1600851100466574,1.0659456791145245,1.152918767740052,1.141371546873065,1.136434801199697,1.1951435055409367,1.1685091221146402,1.1443617003325641,1.0446698190603343,1.2257444295296898,1.0859010472856436,1.0991687922382198,1.079038440150091,0.9927460568180165,1.0827871142212995,1.1484556229790477,1.184044056608915,1.0545040411343658,1.1499763418590387,1.0934780925631034,1.0839237228086904
