gfs-wave-data.json
{"header": {"parameterCategory":2,"parameterNumber":3,"dx":2.5,"dy":2.5,"nx":144,"ny":73,"la1":90.0,"la2":-90.0,"lo1":0.0,"lo2":357.5}, "data":
[rows 19 to 37 of 73, columns 0 to 41 of 144]
1.0386035498015256,0.41465411444671424,0.9498565471153806,0.5710940424261951,-0.03998963981894611,-0.17411721358092905,-0.14576121712391796,-0.18300375826552093,-0.07218839144721508,-0.10610012381322914,-0.17439426122917628,-0.0979297874094082,-0.1521401675477468,-0.14165524433893797,-0.019414711480589122,-0.16517961606743725,-0.17531879583388385,-0.1432760337076302,-0.06060493774855924,-0.14870261792221934,-0.17818041942424984,-0.024879324856273602,-0.09172010466409991,-0.15408607067356722,-0.0056163406550363455,-0.06227618621697738,-0.17411827019592577,-0.018989453792706872,-0.12593175237602222,-0.14268306411696705,-0.1001086054024889,-0.08913855792799301,-0.11589183859082644,-0.16500513918357618,-0.0803251552926048,-0.05238387023709344,-0.15193556569263933,-0.05307425054766496,-0.027988219087436154,-0.012773935154287772,-0.11774813773236957,-0.12019808970243963
-0.05324000424472224,-0.08032041693673833,-0.13224698280376196,-0.010772329068599169,-0.020017155911945583,-0.12462364811198257,-0.16363232083229023,-0.18352633220787934,-0.1477886395548816,-0.048049022614058697,-0.10661393122309365,-0.11472957266192782,-0.0229300052170997,-0.15029711425097023,-0.17120568097003971,-0.049558083910092574,-0.1332582412856651,-0.07283960914335887,-0.05164506024026137,-0.008841017423758224,-0.09364244924735572,-0.028737437395962545,-0.047698818775801864,-0.015094636272767525,-0.17538573279632916,-0.0739845212500716,-0.17810988532361471,-0.06999902296724703,-0.1841644131168397,-0.15488600519647053,-0.044921440923563025,-0.057732876471639154,-0.12500899390162343,-0.192174907181064,-0.17069797652783308,-0.05429985004359772,-0.0866257042973795,-0.18640582551232632,-0.05870474768562824,-0.0481597169105314,-0.13494621842528853,-0.15218152064121923
-0.04442040425574693,0.19266977442913413,0.09843023048664554,-0.06994048481410436,-0.025911487755472543,-0.47879316107419745,-0.1775025114374962,-0.22077779207975287,-0.4088770568771504,-0.45875909037969054,-0.6195271855673732,-0.6760066403747631,-0.5537418133583907,-0.6634603371090666,-0.8479380508226695,-0.8283682841818,-0.8271590817600141,-0.5604991512640408,-0.7332444791631072,-0.5388775748133908,-0.6983082731105972,-0.5501561027423258,-0.4395893550782854,-0.38390157953589804,-0.5579483354930143,-0.44817130578839165,-0.3744716486158908,-0.24907513894810707,-0.2129282708237124,-0.346549966925024,-0.25511102810552844,-0.12652224738114512,-0.07859101131637643,-0.11032615838130502,0.03807029849455806,0.017765241453453137,-0.05709621644455512,0.14626927276264762,-0.02700195595352373,0.015131609293370384,0.07591275779659508,0.07294796468935055
0.10472862091055982,0.1182707635307555,-0.21284411647928492,-0.26333539019150976,-0.330585171614484,-0.39682132751869825,-0.30799732881493724,-0.5589748397431864,-0.38666335174848465,-0.7044851713817254,-0.34823285439292884,-0.5669369767770217,-0.7242859113831666,-0.5465527858243381,-0.48224826628778417,-0.4699486100431334,-0.6450620208741183,-0.5342729627188614,-0.49714156034289336,-0.647180713165853,-0.6696588075822111,-0.3627854529253408,-0.3819274905187067,-0.467186627692674,-0.39134687188330347,-0.30117210887551427,-0.3435886136736634,-0.49437537369439394,-0.3408139383544221,-0.486993762028001,-0.26365363003694503,-0.1313200793773725,-0.18360174442672383,-0.14593006589725685,-0.00960749177263421,0.0730624703521347,-0.018916981237472163,-0.07170344914603882,-0.05669959404639133,0.18169448121059778,0.2754988653952023,0.10241393807988387
-0.23844234653896834,0.16372374686771984,-0.17472581126856754,-0.37759391482879356,-0.33410510493361806,-0.3063837560374161,-0.3241399059256833,-0.6256182556089747,-0.2370059858446765,-0.422453728493999,-0.7007928832427062,-0.6387487745680264,-0.5022998116692708,-0.4969517603720687,-0.46146882068603245,-0.47263284393968796,-0.7010615576305239,-0.6569554630786875,-0.7199977830053512,-0.7371761510925896,-0.5872819870121402,-0.7093109801395372,-0.5550540897890025,-0.36189505160897284,-0.5340665877246528,-0.4835215365182089,-0.3627034003262209,-0.49032684581363306,-0.43070425836955883,-0.27067898670173607,-0.26085738792907337,-0.3331212375598306,-0.11093587477067869,-0.2365484968422102,4.883134336462911e-05,-0.09483171686192171,0.10849993203605209,-0.05007099044027407,-0.028601167050054346,0.05984794935262739,0.004804182059477431,0.049970569134204945
-0.08236218986501628,-0.055185655042819894,-0.025222078869375098,-0.1341717503192166,-0.10562981470796388,-0.047224682868117006,-0.09760200477236204,-0.11860746221127996,-0.06244483986463922,-0.1425569575094936,-0.0776391925205493,-0.031885955703157616,-0.0850058888720389,-0.1368974977713314,-0.1890918368701446,-0.1404105537034248,-0.017681560073681487,-0.06496371254861749,-0.06003529040757262,-0.17480412530320658,-0.07776175917156938,-0.0994136257069658,-0.1594409777576594,-0.10359609861879716,-0.14451171978189462,-0.10427281568766571,-0.07581775315576522,-0.13282985536529102,-0.03388866072543452,-0.14823989114915737,-0.10361999421599569,-0.10362839598442995,-0.13959525068509976,-0.17036530797885682,-0.1385826357813305,-0.09949707089106828,-0.10759017605889122,-0.11267855535775584,-0.07966025459806392,-0.0630053363084746,-0.06863509086117496,-0.11893454839968616
-0.4592904041567776,-0.5876554058743955,-0.540230017983876,-0.461794370808172,-0.39082785161888006,-0.4695388119271254,-0.25339253764631386,-0.2918017052375435,-0.465616748499595,-0.4797354690090672,-0.2036044716863457,-0.45838097649890563,-0.2957301865928616,-0.27120369509395426,-0.21440654005956727,-0.26329843362594313,-0.1915806967279155,-0.4203793383458253,-0.4747300954350254,-0.37058982505970267,-0.13102028388763404,-0.2264099863682649,-0.36794165483865626,-0.3912348691267502,-0.3971264368301634,-0.2025538530951425,-0.20676152253158506,-0.28859948085085346,-0.3203045839583681,-0.12282684070493462,-0.08799604042719028,-0.03933836110462999,-0.2350671979458596,-0.25051865623607683,-0.06315208026622136,-0.2556936871267171,-0.3126402872456419,-0.17045188244102744,-0.24747217548573772,-0.22344966916352493,-0.1915845592201267,-0.03149737744065361
-0.4909085772787537,-0.34373485826545036,-0.46432954268618887,-0.48089139871144493,-0.38572143018235683,-0.4678743950090974,-0.2979335803465004,-0.470754581348678,-0.4557154001485623,-0.3045013127567213,-0.4700158625365751,-0.3304757479887666,-0.41493374213859574,-0.46346585676895113,-0.38072636024118495,-0.2597109379918897,-0.39177493841633976,-0.1446937062665364,-0.22282642529733282,-0.45782637950406424,-0.34190458299723,-0.18695401840960513,-0.2975340292941027,-0.24938661158648393,-0.3785770478189999,-0.3099539349051279,-0.20563208398302643,-0.24758610605405884,-0.17524056686707631,-0.09796633589414194,-0.13695875186967763,-0.1716361790034811,-0.11620819009213472,-0.041270980599006774,-0.21740422703512652,-0.20651613732879576,-0.08606390897848028,-0.20204901348314702,-0.07808509976136169,-0.007665638057510999,-0.32315346848995946,-0.1356273022561503
-0.3217532878650439,-0.4479977413490241,-0.4099137558740234,-0.5138975748847477,-0.30135975752217653,-0.47745016730621254,-0.428524162455806,-0.4672579567107383,-0.42503173626122126,-0.21139249462537088,-0.26498362539384046,-0.4420956653441888,-0.3748243502276755,-0.3131746798453151,-0.48517500688838744,-0.19447762120233972,-0.22693809039926216,-0.25591571516211903,-0.2693365096188901,-0.4075413130543173,-0.4116740350117966,-0.3397266251775351,-0.3496782000752405,-0.07039198891322777,-0.28863660323835727,-0.18570862554994602,-0.16928467826052382,-0.3346691319146906,-0.20325848486319756,-0.15791188035568368,-0.17302635613835868,-0.3484130025324894,-0.21343929843940732,-0.28477823104668537,-0.2362379506156041,-0.02232379808240791,-0.12164554721141037,-0.30330796566800755,-0.2310936647832086,-0.229968808232321,-0.1067089415794694,-0.13582894704558415
-0.4191834877864164,-0.4079873758712492,-0.5712734439180849,-0.41924350058204013,-0.3712272741467351,-0.36526212083623516,-0.45995121948112005,-0.3953650405891422,-0.3805984215111745,-0.2797878033652483,-0.3643414217908397,-0.42810144837187747,-0.30904508881304127,-0.27337200533754796,-0.4120254908292372,-0.15792308869058788,-0.4132760580749169,-0.2821786975871055,-0.20646887434050168,-0.18525392538903096,-0.10887529291980176,-0.4468585964274559,-0.39937051250767114,-0.4293486552457477,-0.10263498385988724,-0.15284292711252034,-0.2671558837611716,-0.31655016284231907,-0.2576251325938637,-0.36344038514943605,-0.2088041682825853,-0.2548231906844068,-0.15788626219217355,-0.31637002350933685,-0.026131705225520333,-0.056488743125912295,-0.33356082226806205,-0.10082356411363302,-0.29118774518940554,-0.23186321363689658,-0.2973273604324042,-0.2526657333277731
-0.47908614797819044,-0.3785702615004501,-0.44997616344313923,-0.40953809674208436,-0.48692994316934285,-0.4706218164951609,-0.4645982572714692,-0.5487151918795199,-0.5607207582398074,-0.46484390730848435,-0.5187938800073442,-0.37749145489543945,-0.22087793151670812,-0.3557829292035675,-0.3987461235310072,-0.5344969625810266,-0.2208750834574966,-0.27275209554459495,-0.40934211328969305,-0.3755604987486702,-0.29584997750542147,-0.43637299457276413,-0.19156411621510347,-0.20947675817391723,-0.10174844080688031,-0.38244500595020026,-0.3388400771687363,-0.20837272790886957,-0.22413292667049056,-0.3431203913028192,-0.07333802930473314,-0.3561520437851062,-0.21698726831920334,-0.20247355374560239,-0.2275537411564919,-0.039105631286046875,-0.2777156505462318,-0.25145089248415053,-0.06023911472646676,-0.34426175209964044,-0.247119327270598,-0.21490570519446822
-0.08923030870527353,-0.22608917408526807,-0.15809955686748237,-0.09426312426729297,-0.04525420069762158,-0.12693017099378193,-0.23259643513290806,-0.13339462121456874,-0.17071653087212757,-0.15899111606794578,-0.0871173038757295,-0.2225636514505422,-0.12316950948704733,-0.1564481454615733,-0.21760062819566178,-0.2254648580595054,-0.21392707060324573,-0.21343038051226942,-0.16573426666927848,-0.07029244911821368,-0.08391567471969266,-0.11136461119817727,-0.05226306627994012,-0.11677438336257925,-0.14724872479129847,-0.04724849276063439,-0.12597125181749233,-0.08742894107891777,-0.06312080800308581,-0.14613802789091745,-0.07617121404343309,-0.18712113947642559,-0.11919052898865655,-0.1502135937243124,-0.20257785193490893,-0.17389863972522815,-0.10541162666166101,-0.23975810828303878,-0.12427911209530353,-0.2105082940405106,-0.19049023611493118,-0.19403158003399357
0.05023104360422978,0.13715069122543855,0.11947417267492629,0.3411221965225258,0.31161675629763946,0.4090567440518971,0.5756844510562168,0.7985009468558351,0.7658783895240581,0.7759089916033055,0.7597888175709515,0.8237560070268307,0.839662960131564,0.9482898665774352,0.8942535104740725,0.736015154190907,0.7372065225745928,0.6207781642064306,0.8336479194122396,0.7931309136376168,0.5386508931800765,0.27655581247635996,0.21781783076612518,0.01163156829296253,-0.09978669018487679,-0.2657338209675013,-0.2639916177982175,-0.3351322879546961,-0.4127277732626024,-0.5461380072690114,-0.6710444617270169,-0.6524185729803978,-0.6035069967079894,-0.6368126574787865,-0.6451570414665582,-0.6522764665069416,-0.5945364910841991,-0.48460875684606775,-0.526417886289403,-0.4403674958416712,-0.33324406685456276,-0.3627858357106383
-0.012292928803055892,0.03941358094665609,0.1253906851231279,0.20420194778099354,0.28052513410315066,0.60027340606207,0.5827614069591005,0.6395975402539484,0.7646849384112001,0.7447714575392386,0.7425581023635137,0.8118821961278262,0.8674398327234093,0.9195700508840965,0.8534765390440894,0.7270283156924725,0.8864781149563206,0.847386345589005,0.8032741753235509,0.5973445647572767,0.5769422061236912,0.29908304701282845,0.10751980382360082,0.2977133745379518,-0.06211313271275961,-0.18157008910573447,-0.2376110388060526,-0.42597989170804146,-0.5312303692369624,-0.5395376991240195,-0.6305397860987332,-0.6997953031895783,-0.6126900989187836,-0.63707686000403,-0.7395241343479892,-0.5877988163108018,-0.5449231740169951,-0.5197761306713006,-0.4222113507143462,-0.4581445247693785,-0.48742009165312394,-0.43936799173800145
0.11677126513526614,0.17956714240417485,0.12317978857803277,0.21377850270128212,0.4490350009582356,0.48065583029169323,0.5616385259019515,0.6732771810976481,0.6895989009339663,0.8920465561479285,0.8856191839776327,0.937449629540809,0.9214869995376602,0.9474181455331872,0.8466765504329449,0.8655141901786509,0.9630839380671645,0.9268713035538764,0.6683277461478657,0.7474749123055542,0.44943325421428465,0.3704162788911539,0.4252780026933717,-0.036617782481521345,-0.02494783513649224,-0.042883560737916375,-0.20612632000700423,-0.2472661294522527,-0.39592386497796184,-0.5861205634169259,-0.6617445856032981,-0.6385033142596148,-0.6840142704566693,-0.606803311312138,-0.6229050927886797,-0.7034170441243824,-0.5770402966138366,-0.4621601897939614,-0.5594328791898004,-0.5264124247090499,-0.40997220980434795,-0.426173979161345
-0.05892101058638604,0.16397255889593815,0.10703565212150566,0.22582600973971753,0.3961852616826173,0.48062524305015425,0.5222141346931253,0.7183658883645279,0.8026135628666319,0.6908311135495536,0.8276635429784521,0.8644213334303362,0.8910709037654838,0.8023957800622943,0.9453457261754985,0.8707362166114925,0.8944766288149265,0.7488752619516101,0.6715134978280184,0.45497916900495505,0.5523111626513145,0.38476444198851056,0.1833731718644221,0.22682066096424877,-0.11050171241689734,-0.277555797006297,-0.26757556836894986,-0.3243795383422399,-0.407040595374858,-0.6003690291139131,-0.5819137522609441,-0.685494575481652,-0.6463517460358799,-0.5666688684080803,-0.7116187702416658,-0.6708282524941073,-0.5611282262022478,-0.46630199514271037,-0.5926864392505771,-0.4915138453179966,-0.5027184298640726,-0.4436994342284175
-0.0287685851950061,0.2227915387459482,0.16146991458701337,0.19600213168812078,0.44279096297086296,0.5063639981964841,0.5052646745528644,0.6746272338018255,0.7305895291187475,0.7820754191219147,0.89690391617802,1.0307812474593394,0.9129473666293607,0.935631842929923,0.9306771842065541,0.9603381594034762,0.748935728269121,0.6719209478591169,0.9286586633941895,0.5806661533274871,0.6222079176678044,0.5544281852912856,0.30087877477438496,0.3159214585971162,0.09376932096210476,0.03219750659461825,-0.2480410877557127,-0.37918243097015175,-0.4652397793286946,-0.53517975255121,-0.6759536954650163,-0.7240989851377906,-0.6209775855161451,-0.7327087501511235,-0.6393999580501547,-0.7144526318228344,-0.5068467396062498,-0.610860800002426,-0.6146381183979109,-0.4683994851700033,-0.42956723992987017,-0.46087134970103977
-0.020649683724416286,0.2220332748632428,0.18173651492680384,0.4422845333649368,0.41580714914746747,0.4330836647451271,0.7353950436085691,0.5479108403663384,0.7928272268097779,0.8099234826033715,0.8798093545124183,0.8728826209495159,0.9011837859609504,0.8886256321769835,0.9582378363348526,0.8399908547828144,0.812343014164821,0.9098044154164567,0.6476668973488187,0.6371268122957068,0.7066539483110857,0.40344497499757653,0.3764987023140207,0.3293408931451017,0.1392694917605301,-0.2384290557332969,-0.1578435175177392,-0.3067865873573644,-0.5408254491348844,-0.4745311228307356,-0.6829477842409464,-0.7062550369642941,-0.6794806700524445,-0.6438524705655378,-0.5219220189790896,-0.6487202247838517,-0.5584891076319094,-0.6180647349926675,-0.5720757375225646,-0.550533374389129,-0.408688807841583,-0.3899766672320194
0.002675887903585348,0.21299501716642355,0.09741599651894285,0.2029247112759209,0.36466469131658075,0.5420349127882845,0.5702181423975345,0.8042362664615466,0.923852018804356,0.7426702397752571,0.8719393913092149,0.8120098257520415,0.9468928934413662,0.9323448470657225,0.9305571248727512,1.0732935767951366,0.7261744020118892,0.7563116661241921,0.666620794220838,0.825020108379621,0.7065905682313427,0.29784286323181086,0.2828637206144889,0.050688320700194564,0.0017022954848420085,-0.14248120979852522,-0.31090234915846493,-0.4443100766587479,-0.5213850220805816,-0.656046097459549,-0.6406265236400716,-0.788794400861852,-0.6824374885785193,-0.6995943430451782,-0.6926024458789526,-0.63337350675438,-0.5129723626875511,-0.5450716305804639,-0.5695528411568326,-0.6120121281348079,-0.464823988159849,-0.3859038813195341
