gfs-wave-data.json
{"header": {"parameterCategory":2,"parameterNumber":2,"dx":2.5,"dy":2.5,"nx":144,"ny":73,"la1":90.0,"la2":-90.0,"lo1":0.0,"lo2":357.5}, "data":
[rows 0 to 17 of 73, columns 84 to 125 of 144]
0.11679788477422938,0.07900307016598396,0.15602727411860573,0.2790698328655142,0.43038918589822206,0.6047838047112613,0.5687832304642254,0.6104482947462726,0.7743359648456309,0.8559905560515072,0.7766967455129671,0.7937196784959606,0.7429670615570072,0.6896471818775979,0.7418752586318705,0.6375569046957649,0.613005416073787,0.6473084188428547,0.5273978381773665,0.41871673886109206,0.5029787795236625,0.39857488566399096,0.10407969188126677,0.01630825968616251,-0.041142559182946264,-0.10112622258006738,-0.1098555649857029,-0.2778799661657201,-0.24153815687170047,-0.36373480243814577,-0.2663058827876598,-0.4647027021802467,-0.3834057539907963,-0.4051199618311624,-0.47222063890091714,-0.3963162878091695,-0.4273214934608196,-0.37728892505161243,-0.24377449734046572,-0.30639636077062127,-0.2686354202299387,-0.25958196946908046
-0.14708862903245698,0.24650053647509437,0.3768142437445066,0.2667139928360415,0.6226634829284412,0.3877842947058061,0.4960232459029722,0.6533488261555334,0.7047979286411692,0.6761157411438887,0.8355455585609779,0.7126567821878684,0.7176764766270802,0.8477045015946166,0.7014063971484176,0.6464378326247368,0.5913317009262977,0.45523000966939214,0.47883976571967724,0.4711870530867575,0.4806792586423772,0.2811733286305917,0.2519528653414991,0.059685459938342275,0.022519600233668977,-0.09051695037362223,-0.17187629490975828,-0.2803095714581422,-0.3303101742936707,-0.3282415440302059,-0.39511801484157894,-0.3962930680705055,-0.3103915430904513,-0.31387735077970796,-0.3801005965226654,-0.326404771276114,-0.35670776920331787,-0.29233423048189383,-0.37606208160741156,-0.2730851895865665,-0.2917203088894448,-0.25324893007871885
-0.09886563149976656,0.2039397812961612,0.10203266710646261,0.45575490660174883,0.37652712666262517,0.6071714583366788,0.7219705599840776,0.7384669598885227,0.6975722165236202,0.8358268021260307,0.7757489504863323,0.6213516217250461,0.7338222377330201,0.5879061358649021,0.8104903810894812,0.7598859852123763,0.6127332955398277,0.5385997486860686,0.5656067210350941,0.5035661373227229,0.4115106398025004,0.33524406875591156,0.18786693958561956,0.07158923951488448,-0.11808269328232186,-0.12585135025949615,-0.09831314337720902,-0.2165054335784352,-0.1820197287199817,-0.30195621952753204,-0.3142046066864575,-0.358720148229514,-0.394958349968552,-0.3975019659537703,-0.39982919743657896,-0.33662722999758904,-0.2792613072905012,-0.3438473621293669,-0.4098815909365749,-0.2798550920018385,-0.31139621875893314,-0.40952019176586496
-0.13244038212296014,0.2633766984638487,0.13842057034237523,0.49033318281669136,0.44786779476027655,0.3830141120281767,0.44851231017207777,0.5743214810615341,0.5611570573483673,0.7197331675659933,0.7439361723927886,0.7766052624343026,0.7212885397217828,0.617464560027191,0.7776402230822597,0.6085174351408273,0.5456111362641018,0.5825435207706308,0.4139523157565053,0.3794693158637044,0.3804454697707244,0.28146446818775106,0.2815876119416815,0.1950352588292765,0.02653433345760475,-0.12168309959716654,-0.18758785552283,-0.28302850681267055,-0.20728278751971863,-0.3778360616359604,-0.3424837491195403,-0.32330472094388923,-0.4222568079053499,-0.46808672791238604,-0.2866452996220268,-0.3555199328741449,-0.37392607258588706,-0.3992885347167135,-0.32280917701065587,-0.29655450713681436,-0.30916759728763826,-0.23594454426579028
0.15204011536078096,0.022153306399530514,0.12068543424299208,0.34905540516429234,0.3566731465761379,0.4235672957233226,0.5534716373127703,0.6573476541972242,0.7002296221688684,0.8515835937335978,0.7591158790902335,0.8688917550999355,0.7239658241771346,0.721758350682238,0.5909018067977768,0.6129311786464255,0.6546044135094239,0.5840128337701739,0.49307950031231534,0.5065816154726099,0.4042939483549516,0.2755475828235881,0.26811239862645936,0.04097363247206196,-0.05181012396825363,-0.00974372278065427,-0.24855451309046941,-0.28984895470775957,-0.3084274102844271,-0.23109076777318716,-0.3408020368499319,-0.3838502244527676,-0.37702588773824713,-0.2909687013564765,-0.4020227709544522,-0.28618679362969524,-0.3790933819680727,-0.30268231644178,-0.3137977168574351,-0.3022576480908746,-0.3132579119001878,-0.23968170238071795
-0.03735088544203852,0.16059568466469676,0.2514459957808852,0.3671953800004128,0.5520022404054916,0.5308182755242622,0.5385669976683234,0.613501548039549,0.8039694688216693,0.7983919810342424,0.7865223336811075,0.6974043661118627,0.6891899077961335,0.7679794338293915,0.6338020546005266,0.6682040042598361,0.6379327304726169,0.5173057930261377,0.6215495374504126,0.39797783522733754,0.38733137971561876,0.4044358740923424,0.0741337360881362,0.0763275725092654,-0.07774078525897696,-0.1458380234107022,-0.209689280618521,-0.17384155181417324,-0.29051467751054366,-0.38623955647804015,-0.41619833298385744,-0.4856574418270983,-0.3237168441878859,-0.3336168692776646,-0.3291230859124987,-0.2890471496422622,-0.3390557408125314,-0.33656228432161933,-0.30041556357484156,-0.39707205483116426,-0.30822258692697474,-0.3303120174534514
0.044621658613777176,0.10393793814004429,0.28136423559339496,0.3918586105529735,0.5132585376147959,0.612005424002526,0.47788648946753254,0.5734645737997385,0.6180426681718977,0.807446745222182,0.7558657907126589,0.7880490186395701,0.6497172143526797,0.7024444474395799,0.578356359394655,0.6511814793025319,0.6799468470802122,0.43891735728927755,0.49709577068091326,0.43384494040386956,0.44275219166652346,0.21811529595948775,0.24683964375637008,0.13074388497371853,0.08658206529325455,-0.2072337873741595,-0.13218738817328549,-0.2684364585942005,-0.2103762413280645,-0.3303822768328544,-0.38398584272595004,-0.30695700851239466,-0.26994871514349855,-0.3043137849672871,-0.28948261982125495,-0.3817478776042211,-0.33876903728909097,-0.28540460391952693,-0.3981338916544445,-0.37448613278711423,-0.3019076042005898,-0.24872040993031222
-0.06330543337861504,0.1610929717992834,0.21306473933350742,0.267828889751008,0.5689165709463997,0.5143971407031179,0.5312432273894376,0.6365179495765443,0.7323120034605297,0.7897102984768246,0.6525752450447576,0.8670846128674068,0.6413043223992059,0.7373906618507119,0.6453306553651424,0.7032835547404119,0.6258319744698309,0.44867526084226084,0.6129082289270877,0.36847795069302447,0.28185146612199485,0.39509871768735927,0.193967592139851,0.13963933117763133,-0.08560806845111411,-0.1490868167026682,-0.05801278119762578,-0.23778444809915134,-0.24569921159413027,-0.24997401089475854,-0.4508005656896815,-0.4477709492617175,-0.42988686131039344,-0.3542294049484495,-0.30834807655170987,-0.3095715190434399,-0.28756510840080457,-0.3257213063420655,-0.41698519297123693,-0.3040397725921527,-0.30486302579895697,-0.2557992314619558
0.04274798658949959,0.06642653768159573,0.26483798327231123,0.3213380280192439,0.4729619734844188,0.5934911617388628,0.5752080012011268,0.7242173138802056,0.6201412688805377,0.7182525100208054,0.8057598557539447,0.6277062611140483,0.6603717233720449,0.6738379140569066,0.6125321334364349,0.7132343869730837,0.6024063197130931,0.5659643195060319,0.44789901069024485,0.3753953629510452,0.3660677725285825,0.3351690752854764,0.1669635057465758,0.022668633825566272,-0.10442216972404805,-0.12001306902268463,-0.13323885284716552,-0.10342051116138902,-0.20130976669708386,-0.28077727212053577,-0.36524845438117565,-0.3564947540431639,-0.39047736216449735,-0.33336803458636133,-0.45957708059105146,-0.3447137383998948,-0.44210748515703263,-0.4004008000449385,-0.28506263364577444,-0.35540787857749057,-0.25073782828679425,-0.2015904790794471
-0.12655050327788564,0.249228186955402,0.1641935932869497,0.21304251496452262,0.34444665707814054,0.5316425981544308,0.4561513374003499,0.6732824028336533,0.710583489512919,0.7813491697398713,0.725625853643622,0.6804690208598336,0.5665058841782686,0.7441701101957269,0.7455652520742588,0.6835820363477955,0.5727219447557309,0.5208943642005353,0.49298971723212953,0.36912979789685263,0.3132085589444137,0.2668252471768652,0.17252499590171805,0.005179045745490355,-0.10634655239468875,0.013817858846168022,-0.0813724511930273,-0.12755952854627667,-0.289462353407496,-0.26308680044571137,-0.3864642146854212,-0.2565817073219916,-0.3635287134429132,-0.35516202444513195,-0.3588843129615731,-0.38206925890577587,-0.314903567157863,-0.3434000042501013,-0.2503489168128649,-0.33245055409005336,-0.25137266005427655,-0.32374273573399825
0.0742867946480381,0.21511435191269507,0.20803526935310607,0.498498097654054,0.44545683355600396,0.6506850428198518,0.575876171127249,0.5533876159003178,0.7310549459280008,0.683161464974439,0.8176354546957797,0.7430489545571006,0.6827139766472514,0.7998135631239734,0.6393048983207423,0.5592112861090708,0.5083850831427343,0.49221818156390407,0.3918873463020839,0.36352470539141957,0.39626874988779837,0.269514907078694,0.14507051868725354,0.08259567029130935,-0.07322663667517844,-0.05206039008392193,-0.1649989170916604,-0.14821855149980617,-0.2519067303940691,-0.2333353456371105,-0.29217353656919237,-0.28609246759941165,-0.34482337956523124,-0.39590700126137973,-0.34041088470198094,-0.28384243838016143,-0.2983575311272885,-0.3872911837298513,-0.31582116171087665,-0.2652833762564424,-0.28919083556237024,-0.21948530200877997
0.10623431867494108,-0.020029906717316415,0.24824186833532513,0.2908916368631433,0.4022254753973524,0.49713345918140067,0.5375035825833419,0.640943934732285,0.7678310771543779,0.6253905874219462,0.558311265557788,0.6781185659663359,0.6293752926849738,0.6478872806719463,0.7304687199266955,0.5828851031905229,0.613387475066165,0.428398791293219,0.5464425998235009,0.422852867700257,0.3399737029242515,0.1487594360168198,0.06463918002008193,0.2041845062657946,-0.09193228475881016,-0.1241567312711388,-0.12497608473773986,-0.1659572112864916,-0.2835031500087525,-0.3222308219705305,-0.29441984168725954,-0.3264209115892965,-0.25427317254964743,-0.2572436484966114,-0.38939952221659874,-0.3047305974886973,-0.33888585402686594,-0.2063978567569578,-0.3453893331742692,-0.2626713068513945,-0.30395675384483434,-0.30506426754484195
-0.011971104179181867,0.05067736890962125,0.01682006406057148,-0.02543591330345057,-0.02066631525402449,-0.03341687755681469,-0.05338421384032549,0.00010066428354766656,-0.04423871050369542,0.03957640019661215,-0.03791582537921421,0.04017087593057518,0.04285145384896204,-0.0006753503086538053,0.0501654529517202,-0.035404392588482575,0.06027361418672583,0.05150083807307328,0.008883603044263168,0.02293299450105243,-0.03272168871995285,0.020510921443452013,0.011449230881601722,0.045057370920814195,0.006611280380532606,-0.005943669724705935,-0.022639810720643062,-0.044833590480745575,-0.009001578733247171,-0.01697746617693006,0.023012189547822894,0.014272854779417025,-0.05770833475728389,-0.039023674624561244,-0.030843482651263365,0.020700537367696076,0.040715898628110925,-0.01632537790244929,0.0004786279038049337,0.00919517435920984,0.0005932615573143406,-0.03921139579049616
-0.01849480271695301,0.0034997897283864875,0.05215213434807218,0.016138746983420573,-0.04989789549186818,-0.028033872089797577,-0.020820381958488097,-0.03888608623953882,0.06427146425057584,0.040408844428139704,-0.00046857822782659725,0.003645717527252541,0.02699454320311946,0.046716899634400295,-0.030710152704805194,0.021142085721230424,0.020899791722781,-0.035191258621716966,-0.0002767675242972529,-0.010503640579570105,0.03517297547395522,0.006378239509694991,0.010678966630007454,-0.04749484683466285,-0.04550088703687366,0.02465201334498416,-0.021631932292784227,-0.0011249485473756704,-0.02300320174292555,0.018140352705321213,0.03787865221246174,-0.05276154737405465,0.004125737668852762,0.010982010327873512,-0.06673950120905321,0.03193553824054457,-0.0426919330598683,1.1174431326110188,1.0609955453643423,0.9881378281046804,1.2306177611606568,0.983779061487078
-0.030394372416623554,-0.03549578240282196,-0.019783046916507306,0.03057615655982073,-0.017179250018983183,-0.022029591230363865,-0.0036428064714779723,0.015186972198617484,0.0230103961052593,-0.026869335728390464,-0.022139311821656914,-0.026348864713437798,0.013285522727905766,-0.02536885667083114,0.004074951312062739,-0.025447256046004278,0.001254313049519459,0.03256956363569788,-0.06250599732561976,0.019189018639975682,-0.043449811569262,0.044391402623935435,0.006791256606553561,-0.05707417864520321,-0.01345650138752791,-0.0034586790713688606,-0.05468480643113599,0.005944283696263995,0.025623607929253618,0.05783606566920744,0.025718267438318086,0.01631343155791115,0.03446438024946459,-0.047065918990042324,-0.03791961006334784,-0.03201025113627162,0.02303176384243539,0.9802602289252151,0.9615565525603567,0.8925452255721003,1.0999633311282195,1.1828835855954254
0.037243814611043466,-0.04760382373830786,-0.044191682253551884,0.048446625533360814,-0.0016403206197407156,-0.0456635385074575,0.03374847730219122,0.04249511175297705,-0.001774093299122946,0.01455826350892259,0.034577033408067344,-0.010009778819231872,-0.003349865459423614,0.027869431137509285,-0.02099051324821527,0.02198662859703969,0.010324407306974058,0.007788518387104091,-0.04574148586177785,0.01218187948687414,0.033669658535638296,0.01717691863176394,0.012171671479981777,0.03485255373404326,0.017440741258994003,0.03034325853746329,0.025219263319614632,-0.034450568219648724,0.0009265063393993151,-0.0035191821013481174,-0.01639407682788158,0.023369580048849106,-0.031191328971290466,-0.023377746530223002,0.01298540343830082,-0.04326417507917969,0.011011659675965613,0.8629400739484373,0.8056463074059093,0.866334311269628,1.1418050971689693,1.1158673874751532
-0.060089640650767114,0.020430056828754487,0.04231077211112388,0.04257036914315002,0.01212833679868303,0.05543798271865007,-0.04195876788929764,0.01841729453666019,0.02641070656756862,-0.016214615732020952,0.024693780155344215,-0.0016250540406321733,-0.036976520224690015,0.007630396957068804,-0.015667743009086608,-0.0057720934474488035,0.03170435762288296,-0.05127905482791586,-0.01401622580808906,0.01184397980543531,0.007965002557852943,0.012859247774516927,-0.008497790009105593,0.03323296811323902,0.04532960676054931,0.00827309026241335,-4.666597307331032e-05,0.0407785247399335,0.023809340473124593,-0.012519029715822137,-0.016460990964847478,0.011154709616271007,0.03466921176472391,0.009495305046470346,0.004887125096754367,0.013231169786997192,0.03263731016941711,0.8862622718249898,1.0252528015958249,0.9062376558932747,0.9247612794096198,1.0113789779307254
-0.0010217234813674233,-0.028487504145394263,0.02216288053071479,-0.02173900692547957,-0.023086818890243683,0.01531011617123552,-0.011031349527210276,-0.033534807933213215,-0.013957010850432446,0.02826327455394289,0.012421938463831777,0.03306530777552631,0.003019563582144916,-0.03855673196839147,-0.02774105347037887,-0.027146189915328207,0.0308773572118876,-0.007772763016164654,0.024034158497561048,0.018083465061350206,-0.002606375012558951,-0.023691109494708203,0.0435112205884977,-0.04961552955995225,0.029815531720682926,0.025198954685855195,0.00960080493001913,0.0347462884270988,0.01582412565877856,0.013567776674401788,-0.02967426093740686,0.04317607779349427,-0.0069819185059950585,-0.008560925999084961,0.024933013400868027,-0.006438264950490573,-0.016052197930828342,0.8182536738651609,0.9142876253581793,0.8916812689037956,1.188186650951513,0.9494728958069979
