gfs-wave-data.json
{"header": {"parameterCategory":2,"parameterNumber":3,"dx":2.5,"dy":2.5,"nx":144,"ny":73,"la1":90.0,"la2":-90.0,"lo1":0.0,"lo2":357.5}, "data":
[rows 19 to 37 of 73, columns 42 to 83 of 144]
-0.13517228577822518,-0.08552231868978301,-0.09704931149792585,-0.14402481746330148,-0.15369352742185055,-0.06339458769804975,-0.06505677971452932,-0.01708351537797226,-0.15663753070676986,-0.10492233493716577,-0.17074833464880562,-0.19148656924333343,-0.014496200005857916,-0.14963852167154446,-0.15787530723166868,-0.049383965093320194,-0.048363840860608465,-0.090103436045594,-0.12194887630759624,-0.17512671770499538,-0.16142511268979123,-0.18829785469682073,-0.11463080451844444,-0.03565531494311073,-0.06164459839819549,-0.06275606512745319,-0.036423176572886386,-0.004889793395671622,-0.1749635264418611,-0.056889435818329885,-0.05170232265477763,-0.0516713641952617,-0.10132655485125669,-0.15497940645601369,-0.07252326837716015,-0.010873715450313027,-0.10099624625396965,-0.1818585335661525,-0.1354093146328106,-0.17969805732853938,-0.06946394005206291,-0.13680812273539866
-0.15736270990643975,-0.10921957502350424,-0.1821082563041677,-0.008783163653125044,-0.0038229985909761215,-0.09483830642331534,-0.130781734769957,-0.19308565628353724,-0.10367278709276423,-0.02284915726944852,-0.14387541345009694,-0.11421175049152649,-0.11479825289957452,-0.007097292537963939,-0.028185737107976082,-0.02950821785934212,-0.1264806977360643,-0.195853263098011,-0.14186453483287167,-0.119024048377924,-0.1750402442770936,-0.10212484550228995,-0.1593289830291201,-0.13607989159150718,-0.1982187154770986,-0.13478034772268188,-0.013927577746775215,-0.006992258816009052,-0.0841048881350705,-0.1627260644762986,-0.07199056926264168,-0.10924487191218948,-0.1882054500931401,-0.05082708859217702,-0.07310612232571494,-0.1774247586891847,-0.0912332042615164,-0.07407623674882971,-0.09517020304095601,-0.16128730477541456,-0.1126459572313756,-0.0799896132177051
0.07083527072737412,0.3292398054449897,0.1793039086459344,0.35939507679173,0.3257410957410887,0.33264373446540424,0.29184778827299107,0.32966289491039347,0.19885233720047935,0.4179334126169297,0.3093119433342561,0.31276172263573687,0.31829417433260954,0.40918444705068896,0.37960063158692703,0.41231864484322556,0.40253829287696224,0.3168272156735527,0.5061166503848051,0.44910194720436736,0.22397048293319233,0.3251949351867858,0.34620804263356103,0.30740504825908643,0.10980525768901778,0.04778919131785537,0.18905562968178233,0.16596045759341133,-0.04121243987155477,-0.13573965674353772,-0.04021259913913653,0.049912954687873816,-0.10501025465377237,-0.23064095345435315,-0.25887560402703547,-0.16154882582790298,-0.2865656184327711,-0.4084917441451222,-0.33300782046627025,-0.2320939337177026,-0.4956737311704461,-0.40125712739648994
0.1314868705213562,0.21892728831361472,0.15077807783110403,0.20961994628974157,0.16659905050954926,0.22936920998000862,0.37078956631561677,0.24629416214971692,0.38148628562340003,0.440434736856812,0.49455880558637993,0.4059306087407809,0.3279045707500168,0.3869501823311253,0.2689409629511802,0.2512407524174777,0.4772738795095308,0.4514021385004413,0.4398488962384868,0.33341977254610405,0.3181698354050287,0.4217426912480063,0.14995808155415238,0.13092359298464792,0.25598751601432357,0.31033073854988175,0.03630274240030418,0.2587719202117679,0.11117777632651225,0.22444680244797047,0.17786862372624337,0.0863030842999061,-0.057068915613479106,-0.21201029001388894,-0.1197629376511576,-0.266205439137372,-0.2856987003811981,-0.43670688824215775,-0.18132777099410174,-0.20270292736971582,-0.402862545847644,-0.4527686520466629
0.09477857016045114,0.2064568839052014,0.32359473187525656,0.2849456822589556,0.28381155859179474,0.35561640209118744,0.3510941010276925,0.31666570110857245,0.21719996494130955,0.4491685742926929,0.34060176247295504,0.4227793087938244,0.2655351691543443,0.4235143739273164,0.2435054821818814,0.33462584621885744,0.4630480269749156,0.4483309506848116,0.260392253213432,0.4322860172184003,0.40273532570415305,0.20851792088286714,0.1584397452765875,0.30302639141282467,0.1540115111813158,0.32800726750490344,0.09510028020231935,0.06345620273778559,0.1468683554573369,0.13815925798871134,-0.13243320977126594,-0.18027988209767687,0.018836776819796973,0.008992760385311048,-0.2640585085864372,-0.11604557996330084,-0.23659705312858387,-0.12006367116596658,-0.14362910020875375,-0.2872356783425884,-0.2094456739634023,-0.48857311492952926
-0.127426330832938,-0.09398094676761362,-0.11997259859164788,-0.15379922883674912,-0.028252030391542882,-0.038312541930205814,-0.14645012189496057,-0.10860685486250024,-0.19602067662885064,-0.21108279921362688,-0.10619469437421408,-0.09219883481455461,-0.08994772374301102,-0.06310996754499641,-0.13408484253390918,-0.07972060003987384,-0.03986220126200083,-0.07193106108104977,-0.16099844505697808,-0.08729071649204616,-0.13653184772291443,-0.20707499925034892,-0.0504588118573919,-0.07085187184095214,-0.08994060563102095,-0.157961859528363,-0.09423643762656382,-0.15345394824743164,-0.19968811859599736,-0.12048244227575988,-0.21384002208696298,-0.06348090631495351,-0.20004567050278543,-0.18559376810411488,-0.08323206048405217,-0.062281336826336596,-0.022441645295238948,-0.09319257658967502,-0.09568984970176977,-0.19206311374726356,-0.10273638438960335,-0.06478501943070746
-0.3063733996906166,-0.2071801415422894,-0.064091230536143,-0.2523148860606121,-0.336024698128967,-0.07321076715292724,-0.1454533463819189,-0.07955496574009119,-0.20983335485412943,-0.20998081713316963,-0.15910949329175092,-0.18635250902362155,-0.15925456758782586,-0.25891041694197425,-0.1268609690793616,-0.237232698607656,-0.10615569981955107,-0.3713340300259137,-0.2010536925799362,-0.32741826015422426,-0.315876750381202,-0.24547543090626345,-0.31141944892926,-0.2918507938952017,-0.2404192574806775,-0.16254948728688492,-0.3927088734626521,-0.3303717874297343,-0.19586351643327765,-0.3800664157872802,-0.30865694885951706,-0.6609430282814825,-0.6489964150428625,-0.4823396159942089,-0.4858867589642541,-0.6893390558788968,-0.6421896236687925,-0.5220943447258514,-0.5484420078375672,-0.6875664570660093,-0.6598151041803668,-0.7172441117606143
-0.2819389926826965,-0.11027723753254687,-0.13221639353929238,-0.23805197733963118,-0.14190013587977776,-0.1927363672698083,-0.12124243700136483,-0.143583054780013,-0.2643334054510147,-0.2906099749525811,-0.16191777001870658,-0.2808854093929822,-0.33088074651000526,-0.1886892747316961,-0.09574154682054387,-0.11635046070679422,-0.18305363701818034,-0.30728630290047737,-0.32295469131777566,-0.3562437475853165,-0.30064739483670877,-0.37452808775967056,-0.23381423066673462,-0.3378427644556858,-0.3400170655176026,-0.19875120290118825,-0.28899294211208015,-0.2905689950915707,-0.384151155300277,-0.2463690912332525,-0.3182802637621483,-0.7474518601961556,-0.494726490414364,-0.7736077002324172,-0.5830057469127062,-0.7201090577945598,-0.6190492907450296,-0.7302292640500755,-0.6872098689810333,-0.59863904455173,-0.8185274613830302,-0.5488444786275897
-0.0871120044100888,-0.05175657317137555,-0.29951219701728493,-0.18235885979650027,-0.23143562058975467,-0.16733211465702852,-0.18480801999411323,-0.3210674646779267,-0.186780184922561,-0.17582148204836984,-0.24509093042841787,-0.28328047792324806,-0.27083410218576737,-0.14890147663122363,-0.23108155603518332,-0.24766056611608767,-0.13660712086821564,-0.2531269801432388,-0.29882307600814584,-0.24525495191705207,-0.14255893884410217,-0.24229224385176493,-0.2142918061997832,-0.1782396342547717,-0.2016973914104215,-0.2586848221364133,-0.2516194686489945,-0.38088995918589585,-0.3829073411498484,-0.37377067394036134,-0.346699162630543,-0.4694097790764366,-0.5954285270250886,-0.6014764449025847,-0.49406075075793,-0.5193456408310357,-0.7866578471065476,-0.6893313227547222,-0.7554579648725874,-0.5920182117162893,-0.7620207004776138,-0.8541249778842475
-0.07348665112489355,-0.30565060527870375,-0.0878930650027452,-0.17766397687569851,-0.30997483574491375,-0.3134302458369613,-0.2707254996558152,-0.19776351864700895,-0.24122741122569835,-0.17472255259915556,-0.1991970150548186,-0.23519280114400487,-0.223258530537494,-0.12114004033501945,-0.264051603779351,-0.25959098711876194,-0.2778755228849317,-0.2762429085734627,-0.18141768366494426,-0.21974169853515924,-0.30243618902488456,-0.23608627593713227,-0.21310121017843608,-0.20676349288619436,-0.3337342812627147,-0.224371603277028,-0.30917491439848127,-0.2525071881661562,-0.3578870565863118,-0.24748340663151608,-0.2131872200670036,-0.4829932938457326,-0.7448299077602334,-0.6621633122874622,-0.5621947295323028,-0.6279469553607132,-0.5002216853732121,-0.7087706274886232,-0.529677450024606,-0.6172123310929155,-0.5292695081951163,-0.61345816111875
-0.06960053140388647,-0.2855469719436109,-0.23042738811690172,-0.19767422232891121,-0.19133385146736043,-0.0918824230826591,-0.19264532289772549,-0.299293418630711,-0.20271626037275772,-0.14561563278649395,-0.137040263291524,-0.24408843683261094,-0.2453921276910818,-0.3444194216023076,-0.1500163692421152,-0.2301683370399018,-0.2623127323597732,-0.24337532604371703,-0.3331230602990627,-0.29406276683710675,-0.3292390908976023,-0.18419379069928296,-0.19550929825451435,-0.19137650806924275,-0.2888603004089815,-0.4179141071225608,-0.28406265759780525,-0.2727475490798589,-0.2856681275378663,-0.3971498654928287,-0.4097422034893773,-0.6178432961243557,-0.671687658010954,-0.7310536800331313,-0.686023743905944,-0.620754336490593,-0.49784431522283695,-0.7878580644287131,-0.5376571720159293,-0.8131350694765355,-0.6750473029851148,-0.5314863179852207
-0.2481054884313258,-0.1563944058264708,-0.1963482091073575,-0.19271308866403286,-0.185486981329588,-0.08898178885028991,-0.2550050869840545,-0.0851074398055323,-0.09856765878838865,-0.15470353045620985,-0.0872919975420792,-0.14541297324792715,-0.22667117502348572,-0.11933552251720064,-0.17373747825005867,-0.11320335450012034,-0.09705587304078234,-0.2004327394981578,-0.20973996327200842,-0.15780419302168602,-0.08086204382654279,-0.09941917886538701,-0.176568093674374,-0.15785052451040887,-0.2228934193357688,-0.2217594760083395,-0.23074152884000823,-0.16010851626160033,-0.11305166350787116,-0.16310253276647593,-0.2422706328589212,-0.1323903292062039,-0.08778973663893529,-0.20980381200428705,-0.11155855640707192,-0.09837467016424255,-0.25093987537587203,-0.2249316623248961,-0.14781797839443692,-0.0987798365845497,-0.11030734103069165,-0.26828683449093615
-0.27367494091649563,-0.2691694937264639,-0.20883121993751094,-0.16541292153436774,-0.1190913475104742,-0.07641476808275444,-0.005337933931535196,0.0409257364698489,0.10332495641243966,0.04758886510600867,0.10456588469757366,0.25593790098069935,0.140488416386163,0.21970863727219553,0.19776015799763516,0.26032783169386414,0.32593270615904685,0.3199056235415436,0.22154321570498045,0.2346709311767059,0.22644141570670748,0.39280139513847323,0.33891956731112893,0.36731924402950383,0.3412446783794158,0.3282771220497138,0.3395344023928578,0.2839629589634018,0.20901817508717552,0.045364718357951604,0.08787359217457508,-0.10806530924722431,-0.23316611464276502,-0.3992351270026332,-0.43239501120919643,-0.40992461141021014,-0.670148685645786,-0.7849584752071807,-0.8082450240212933,-0.8202733375003542,-0.8222566606088142,-0.7852656679711897
-0.2834347233816765,-0.2617270041602558,-0.2685996959657453,-0.118291504800275,-0.1319207473885491,-0.08113192794796613,0.05350517577453731,0.030108610817596845,0.09258252226951816,0.10363881751428736,0.15871324549276047,0.1373519420502619,0.1865219026709651,0.15235830960671012,0.3236314401568926,0.27918351195201896,0.2540778103268964,0.3282795945749286,0.2529688604996151,0.3159794703480766,0.36961801459716864,0.2802015184241586,0.2586175401290421,0.41456776328713435,0.34526107404443207,0.43127798977095533,0.29975545815280485,0.18156480379004908,0.30903309070777574,0.026741557680345925,-0.01795746162804785,-0.09542359675591501,-0.22858906883389876,-0.37893563284638765,-0.4656275545133709,-0.48588229575187253,-0.6827140940083136,-0.6350164347757236,-0.7308865197219454,-0.6609733331742126,-0.9230115674800523,-0.9886470008938939
-0.4212731983027151,-0.22773824665806938,-0.26607837212979857,-0.12406815810789158,-0.05867338346974999,-0.05505198243251127,0.030608626696327915,0.08624472289702223,0.02519667214752872,0.09294940787342955,0.1423133103839282,0.1365487610889275,0.17485507763103944,0.1840573056965,0.2845834414712766,0.23200422528947076,0.21404616497556325,0.25388871117971457,0.3268041748893242,0.2518544884720916,0.36772656187585934,0.3201051040491788,0.2799456938879219,0.308944912576528,0.23224035717234912,0.26906333465142535,0.2771141262909406,0.1435020354495233,0.16165087509857412,0.06386950000268847,-0.048047988502556406,-0.12521768492328145,-0.1919129838196135,-0.36657671106381357,-0.4022952598676102,-0.4127073491708621,-0.5071785019504581,-0.6265301848002216,-0.6149391999295303,-0.783741500883203,-0.9343518213623552,-0.9590431037200047
-0.35409036525569215,-0.26100317776208615,-0.24057399878918345,-0.09464981643545506,-0.17222841470641656,-0.005652216424313993,0.026086289774852528,0.10885517892494379,0.10124866512316631,0.18735991338286295,0.18287357491043404,0.19155710663730413,0.2180725551970619,0.18060425897094992,0.17108517526255893,0.31714675047678176,0.30820510326398853,0.3449005861682457,0.2269518167323173,0.36641833707611643,0.35308708089540763,0.4003314598612483,0.2969555198458566,0.4210821886833759,0.3679060234036656,0.3372682333720991,0.2828231326112385,0.18319306602019075,0.15053217144597386,0.200282460249928,0.09356528969975943,-0.010462624453123234,-0.34967588967158575,-0.20486644945476676,-0.37148188536630106,-0.42009785389494353,-0.6884365443642764,-0.6875670706381324,-0.7730413162544187,-0.7047777691164504,-0.9581771042480877,-1.0099388267391174
-0.3613041408582278,-0.2674912289071353,-0.30903087375364063,-0.1563916587379157,-0.07685949644208696,-0.08519523965349896,0.050641904968283434,0.07850617133180471,0.03833885290258201,0.11556848309851095,0.17260448592755512,0.15198917542127238,0.2295230520983745,0.2472025575090335,0.29269012287499474,0.3038226305445128,0.37591940152054576,0.2815371388266005,0.4072041800064489,0.2775023024475903,0.4026022561806323,0.32770771716346125,0.26695611486405485,0.35532548055946034,0.3410695468132595,0.4362102606287911,0.34840833651033803,0.2708744618287926,0.1449667801063424,0.18841148360829604,-0.0030545110675442733,-0.041837685717965735,-0.13692839187652012,-0.29356431090548274,-0.40912920872512615,-0.6474400955533111,-0.6587529702868774,-0.7798930420649166,-0.7928208370265212,-0.6885216805789611,-0.8996899053391251,-0.9511649113586153
-0.3909829585749315,-0.36316528337479026,-0.22087150104466194,-0.22991003729864914,-0.07035611402701093,-0.12628141447858357,0.04916115386228954,0.1204180318493053,0.05221953328650923,0.09342942206240065,0.1851924112138071,0.1598290757223202,0.2529822811662257,0.2692174734272648,0.2536646440198279,0.31087377569171354,0.2977401491997108,0.4176009597842332,0.3677832648552924,0.40848935236778294,0.37635003286119806,0.2695724415021101,0.3738571149272117,0.3505080803913147,0.28095082553980494,0.2665149982749746,0.32563791981372764,0.2804212744584136,0.07002928169484318,0.09444725100944233,-0.06679999283714136,0.011260415032880734,-0.2140838516754465,-0.32760612098515807,-0.45724093638934565,-0.5013100540249066,-0.6480156974910263,-0.6109938442538454,-0.8677030571007475,-0.8604660248279401,-0.8244810068461736,-0.8473117394611932
-0.4192374568248316,-0.3251417363145596,-0.26209139057978076,-0.26391730565900073,-0.1613517464802517,-0.006528977556725921,-0.049606373457549244,0.07950749849983692,0.0650316203108086,0.1294262000003026,0.17998243385256202,0.3105906420712358,0.26112983485434194,0.23983927489157844,0.3187794770911754,0.3190083109479156,0.2811047979675657,0.2901683856309841,0.4472961303566891,0.3836306612729527,0.35496520500553796,0.31426114656237875,0.39358996397633883,0.4129748778976787,0.4079649953485664,0.33344070846959867,0.23602210194584197,0.17478128427734899,0.3251644147399245,0.1492376362213353,0.0602265721428642,-0.22154187882434898,-0.19535298805833598,-0.4809670099279549,-0.4532775998257824,-0.6270974974730378,-0.5553397524991364,-0.7238997150121246,-0.8369104898735268,-0.8743766754421448,-0.8806864136850884,-1.0325368365371004
