gfs-wave-data.json
{"header": {"parameterCategory":2,"parameterNumber":3,"dx":2.5,"dy":2.5,"nx":144,"ny":73,"la1":90.0,"la2":-90.0,"lo1":0.0,"lo2":357.5}, "data":
[rows 19 to 37 of 73, columns 84 to 125 of 144]
-0.05152237853950206,-0.0901873822695862,-0.13780706728061567,-0.10480606948804974,-0.17209716099573255,-0.134864584238209,-0.03963822198882508,-0.11854143033316532,-0.17163732964956646,-0.10120855878923793,-0.19075335706700997,-0.1187341684006048,-0.044347739245920954,-0.0810450550093716,-0.03820489468376997,-0.026840383394137936,-0.08124693964599766,-0.1292404594126473,-0.04762776871645993,-0.1789689774356755,-0.14164094528774346,-0.14788783393461902,-0.17531282032502588,-0.13777987037958608,-0.14555407379300556,-0.12925717144780735,-0.1554589634294834,-0.13236377574482558,-0.1281009428963188,-0.09196310919112227,-0.05006333865882495,-0.19416481616108403,-0.12603458403068205,-0.1532334184428589,-0.04569380852096592,-0.034327656790043064,-0.07253997724881157,0.5388977828630507,0.2915313788591619,0.26843170865278676,0.6966455433294608,0.6293471559992705
-0.11290162657387154,-0.004296946037725638,-0.02217625799094035,-0.15203939267186997,-0.17177499303541147,-0.04210636229522403,-0.06509405773442704,-0.009691846076500135,-0.054022191483483736,-0.032979792794358385,-0.008013519284841635,-0.07258022225674864,-0.026902168954192927,-0.08324622979343418,-0.028196886908730522,-0.08906166879053633,-0.035915180983802725,-0.06319009546331776,-0.002684919942655943,-0.18610484467664049,-0.12078693416669976,-0.028107265615055003,-0.031824985898667946,-0.12469836113062929,-0.062211341449306026,-0.15060450471931464,-0.16699312157383667,-0.19670872829538455,-0.13003788907666372,-0.07379829463984962,-0.008653703853179444,-0.16360061176091348,-0.030083336602145606,-0.1487622402893605,-0.10767812119405352,-0.01956474172433609,-0.016062535443477733,-0.09169972263153213,-0.01562671500620546,-0.15455093802772785,-0.06152150035959456,-0.17571691068645076
-0.3708619838463238,-0.42182162614462665,-0.4323907590220459,-0.2806614074571108,-0.24643964729993936,-0.44541829415854195,-0.3473467165005753,-0.3187876048007078,-0.28017811620885585,-0.30586664280060505,-0.3512927054847726,-0.22309140391437648,-0.22049601329040913,-0.30979355121641233,-0.2170785294733914,-0.21999680900048565,-0.2423761740457603,-0.22926487449169453,-0.3271553439250676,-0.17597146157758187,-0.08180058281168479,-0.1771173576255136,-0.03474336998626186,0.061808018193076505,-0.0695377669661925,0.1025108265537867,0.07738650859459308,0.22860410548916835,0.14320568639666895,0.15587008189951124,0.3867091855172259,0.22070781713275223,0.28171207118534564,0.4424672201244749,0.3162569873008927,0.487344918486996,0.5677832021894021,0.5491463660343355,0.6217674068921811,0.6073580577510109,0.5324552837195029,0.5491553680446688
-0.37788755946791214,-0.4628894786313622,-0.42707416493106415,-0.2706701156600867,-0.5055691760714086,-0.2856798488363533,-0.422863991371457,-0.2748798468484956,-0.29690951925776843,-0.37919729939165986,-0.3350535367199477,-0.42283181396473235,-0.28061313939172705,-0.2585509038904179,-0.2126946731875774,-0.17451135618511432,-0.2865443952681527,-0.34795910416987447,-0.18123201492099242,-0.04542155620282456,-0.03188712455301368,-0.10912683124632576,-0.11163917700559119,-0.016985865482243324,0.056663420898796,-0.050965417801994956,-0.05887736556992426,-0.021736336450771717,0.1074406816537932,0.1418518715433226,0.16458967688888684,0.31307379945290637,0.2851126462494744,0.3494929571096298,0.3462839218509798,0.312699091099447,0.5897672556891124,0.516537584120276,0.458132753862938,0.5144450081803974,0.7834080051530511,0.4330400538216565
-0.3330168710796191,-0.27659750307412545,-0.441865039725311,-0.40075554165249183,-0.3815201380583649,-0.4093410316708148,-0.3262738885879003,-0.28257211485540673,-0.35151114493414276,-0.3891548526300353,-0.4022998698686887,-0.3503051374923264,-0.430223957919152,-0.39252535323459653,-0.32786744367698195,-0.23768701886011623,-0.3695221000182854,-0.27905110805448646,-0.2081200213747395,-0.22604450018541036,-0.02095989224691208,-0.22515379689122778,-0.1259693773187883,0.016694863260224558,0.13625616431239723,-0.08149017331592287,0.09438735968393278,0.06175671770052726,0.3022621124809776,0.1919586235125452,0.29210895449974844,0.19727697510919842,0.1774851039295904,0.48167439344746615,0.22288763771044115,0.5430060690592833,0.4302210481598663,0.47969736852032624,0.3531891456218738,0.7212559308149961,0.8181755772706976,0.4760448316984002
-0.05921902619446956,-0.11754544509502558,-0.06358073447012201,-0.034268420990918536,-0.04969995839859176,-0.04376801141634716,-0.021348906111497947,-0.038819909514976485,-0.10977912281858351,-0.03640528653888417,-0.00713052705296568,-0.011366576421172827,-0.16385532226047797,-0.08580086382361096,-0.010001769805871842,-0.024470140823519275,-0.20156835657062797,-0.06206740021463569,-0.16993153779062659,-0.05068235080287997,-0.0724583151908995,-0.15278427709507925,-0.16731703475604046,-0.08255680661164583,-0.11941193576501163,-0.009356552947022437,-0.04704090069794142,-0.14976817997218345,-0.04046258905559755,-0.13449489943533474,-0.16353243597094475,-0.1669050599631838,-0.08124817334091493,-0.10189243686155564,-0.032532513613887454,-0.10514390077120953,-0.01626426039386693,-0.052739581420131354,-0.16383860443838705,-0.059748450167843234,-0.11507852054387437,-0.1283964240162035
-0.6995859115406329,-0.5992248978400849,-0.6729144491037984,-0.6212211373079586,-0.6443663894694419,-0.6297799033355348,-0.6663403796505676,-0.540246991356727,-0.7041247779214699,-0.5380994601297443,-0.5723520554777282,-0.6114804237991757,-0.5153250191284181,-0.5365487258831472,-0.6134850720997482,-0.7389117231211276,-0.6795875085203885,-0.6337785979303968,-0.49685702579543906,-0.5724339662379717,-0.5737473055727594,-0.5374447847617814,-0.5111476515629497,-0.4607423161736463,-0.5293509446354177,-0.44780070623048474,-0.469230173245894,-0.5275984471309325,-0.4497930237173929,-0.4441560001301503,-0.5140588902631611,-0.4689692213935162,-0.47049454648959477,-0.5108731382542849,-0.43103290796637517,-0.4996136932121703,-0.4598340856228742,-0.4459672249874699,-0.44572317686784263,-0.41975906632589216,-0.4610670184114614,-0.42593395956957986
-0.7447562783402444,-0.5115370419197918,-0.7188374762056358,-0.6089182703406358,-0.567839940324655,-0.5347258571667138,-0.604488124741996,-0.7369243619341181,-0.7955867224302212,-0.6298759866850193,-0.6248086926855265,-0.6464921450158875,-0.5784934783511713,-0.6196868556673197,-0.6688973973077604,-0.7183314861013499,-0.6300539554229494,-0.6607846959853506,-0.6659165654620988,-0.4750352524871386,-0.4525989974226052,-0.5361361708951871,-0.6019916839706921,-0.6050008735537499,-0.5134055878079068,-0.545803733788001,-0.5329756921480714,-0.4599274754213241,-0.5736161886561418,-0.5055406917260521,-0.4082757749837857,-0.41299936285418754,-0.4161279069889762,-0.4110778874670965,-0.5504126052399064,-0.4774288752173216,-0.4821324903081249,-0.3804379060050633,-0.4804167562324509,-0.571278648290903,-0.38974857754348474,-0.46146778986385284
-0.661055741695789,-0.6962095856987037,-0.6070033166467648,-0.5990403188289881,-0.8342998911921898,-0.6088410889420186,-0.7255050602154793,-0.7726504155332442,-0.7006789222124036,-0.6461160503802461,-0.7377748200111234,-0.7881670386701254,-0.5629246921797796,-0.6068732703506853,-0.6216225188118369,-0.622177991022815,-0.7080793052800126,-0.7104122442502955,-0.607844792950694,-0.6326609287413718,-0.44509596738764573,-0.6872464010833822,-0.5771713978532694,-0.47901938046415815,-0.41978344940291434,-0.5088432355469239,-0.49854672272553807,-0.4919383434791609,-0.5729287958602916,-0.5044086296280943,-0.4613278366115319,-0.44130667319074135,-0.5224720081130952,-0.43640394345366307,-0.49554838450757205,-0.46359102205549874,-0.43153945266401345,-0.42098599044506335,-0.49339028541247476,-0.39831111092200155,-0.43579932119409476,-0.4285594594760446
-0.7867136277516159,-0.6714756367528922,-0.7037226702760275,-0.8425369470414428,-0.5715751599159897,-0.5159911116974222,-0.6471846914753201,-0.8317804828313464,-0.7987740464495999,-0.6117938971914076,-0.6359565607044114,-0.5952976414528546,-0.6615581116739201,-0.6370597537992007,-0.6482052378734146,-0.5985211761111956,-0.6164205623186859,-0.6515889442601663,-0.6285744693211096,-0.5174682107113602,-0.5710584642427071,-0.6210285037225441,-0.5382315366675227,-0.5336925949330803,-0.5170337039356798,-0.4649189313785443,-0.4926934796557151,-0.48854509728029655,-0.49817407969265703,-0.62959075300473,-0.46782150478500845,-0.5737743548864683,-0.47902905739815166,-0.3677088665217227,-0.5348012317789107,-0.3634533837106256,-0.5150423354599358,-0.48739129155417504,-0.5134724644686437,-0.4192969696516466,-0.4292628390635584,-0.4097696663982008
-0.6803623040820872,-0.6466500461776492,-0.7003584025254792,-0.7300777488504177,-0.8209353641708178,-0.8086464551473154,-0.8038643949497605,-0.5522866274271232,-0.7782171174798829,-0.5514775471437905,-0.7400869235278265,-0.6459822671096913,-0.6889812835826713,-0.7371473382428411,-0.655373099055533,-0.7023408050287606,-0.684837566342027,-0.6375286296028448,-0.6383689138470633,-0.5722993317521337,-0.5269445106339261,-0.6121498453359953,-0.5605433250074375,-0.5086167945623877,-0.4949889148149672,-0.5904400790033533,-0.48667921851369883,-0.5728109365470281,-0.4898364493508966,-0.4828443692304022,-0.5406175896493219,-0.4828883133115572,-0.42463177105446576,-0.38251349509680105,-0.5326908413950944,-0.39017468812047484,-0.47695505852541725,-0.4867493215098138,-0.6032771961917676,-0.5613443633477786,-0.39883448514992403,-0.5363434213480359
-0.06548929390171133,-0.18671018612661144,-0.08663391168381825,-0.10873601112906014,-0.17893390072903603,-0.22609126118840062,-0.12979229044701515,-0.055222569075897884,-0.06015002856214936,-0.21859239188730428,-0.1037913340216452,-0.22795723229951784,-0.12128830959461508,-0.05796081021413016,-0.1959018333942624,-0.05544935166685081,-0.2056301957775569,-0.054769766745218676,-0.23312484264185018,-0.2259778888030915,-0.045687810544160684,-0.15834184711268018,-0.1260550157082643,-0.17927096222767985,-0.17023419619048147,-0.19576195857179873,-0.23973231453225846,-0.12074141913154654,-0.08970710604345514,-0.05121801399633225,-0.08354049489444526,-0.08032039009423275,-0.05117951182038281,-0.1780515958589055,-0.10452890363371961,-0.12583215212007165,-0.22464599342571248,-0.15584420333801563,-0.17066436230812806,-0.2245886259832862,-0.08764612984395329,-0.09246231566804519
-0.8226351178591131,-0.9053705067309792,-0.7609924409943868,-0.8081873004483696,-0.7878634518324458,-0.6836910956206638,-0.7875939401750885,-0.7763897954595,-0.6077254998648312,-0.38149711199075226,-0.30351553171256085,-0.1000877099522246,-0.13426681428157639,0.18618076616187124,0.36752205494851303,0.4509309773399884,0.46352466165853673,0.5508058238406797,0.6577509496845664,0.5475233518583845,0.5399386715524775,0.5938207113543243,0.65893802646362,0.5484438490674945,0.5853050479958454,0.46654426356307394,0.4090365211151913,0.533114341962288,0.3368685036690434,0.37704228763079195,0.36276613718664774,0.2687696818211535,0.22625208816907297,0.08440099167955746,0.09153138239299032,0.08624116249941909,-0.02456061010740276,-0.019570184870991155,-0.10260613083598581,-0.14113139730594274,-0.17058496575982576,-0.09667733277751003
-0.8258472330620646,-0.8995054079663684,-0.8257873022697718,-0.7521193032936571,-0.8675422478693016,-0.8049852967783766,-0.7468988449033277,-0.5705858250529584,-0.42903818198781185,-0.4900002961889036,-0.3572559352113895,-0.21397961159441195,0.05657870363261222,-0.036991291833143376,0.2587862133753926,0.21351565349549628,0.5564211060280976,0.5258396997453115,0.522730436657807,0.6927436908235364,0.7581312027933834,0.6764343286063954,0.6042468607902722,0.7029357594707392,0.5862079526890559,0.5827696930448925,0.5282860609708582,0.4536843738773439,0.4845892468339796,0.44668948859741636,0.24277212646200685,0.37133046868371505,0.12256759453662114,0.17539937274145498,0.09909545069693373,-0.004709429730216209,-0.05283452232272765,-0.0048182969904056565,-0.07830438467884573,-0.09313490452626087,-0.12104018561430208,-0.18670456261556345
-0.8261777318291109,-0.7622838848462452,-0.8797993902431859,-0.8260507670963946,-0.8553455737156623,-0.8495140828055356,-0.6298518979356623,-0.6464517973009248,-0.6895066525947701,-0.5474833754492252,-0.17292231140651096,-0.27506450455821707,0.13379723137789742,0.0588784962885291,0.1314632309946342,0.5152661775533875,0.5404450430961859,0.48806883323161754,0.6145989454731421,0.6303393736835086,0.582359528050917,0.6599079080422319,0.7466658634707796,0.5781867499693583,0.63804982472505,0.6167300444216265,0.49573514819580944,0.45479720287822467,0.3884577311924415,0.4428848894523233,0.3118852200968284,0.20114683463743507,0.18982344879974095,0.25088732697007404,0.08891650661058807,0.04197526343632354,-0.002617886445610491,-0.06885821584460936,-0.09838593836688203,-0.06726235406009093,-0.13380400711251692,-0.18838353182505885
-0.8127352079829029,-0.9216973457751471,-0.9183949132859593,-0.8816315166808428,-0.9298501721371,-0.8987017706959057,-0.7953275632632135,-0.7525725159490252,-0.7120988671161912,-0.561351224392829,-0.44554044897845696,-0.11373508085133416,-0.011736801819013815,0.07382579814350172,0.386044769348874,0.4461069778675562,0.5398056532504595,0.5473369696999988,0.6076338905714709,0.7348249768119944,0.6905850595342897,0.5852901112340029,0.6920048667871717,0.5788844036614667,0.5329265436548678,0.5230463263113665,0.6243249872811144,0.4190250345510989,0.47016530758466535,0.3493115736506881,0.3600835275895981,0.309989060918913,0.21755245050302136,0.15794834413170267,0.12933939758976623,0.06569774729068813,-0.06090480151744217,-0.014487471769716516,-0.061147223160687936,-0.16695019610446435,-0.12539820315398517,-0.13389086907321393
-1.0104913899728225,-0.8657985438191526,-0.9005816342757103,-1.0711988365566212,-0.743709693366761,-0.8116244000869497,-0.8456249726090157,-0.7943072433310779,-0.4196710431414172,-0.3724698259089554,-0.3993601656050489,-0.2641991246772504,-0.1872648875096852,-0.031028317200629357,0.36558719485610064,0.43385689607806516,0.44777941524643106,0.6679359706140122,0.49126319140521846,0.5906692413223477,0.6091775115875271,0.687486295333155,0.6297836327638742,0.5796145923956192,0.5471490307998951,0.5609223677388404,0.4820355304699742,0.39545757647298124,0.38219882611093653,0.32887532736889946,0.39382922330233555,0.23315352342573092,0.16564615581803982,0.11990792447511671,0.05532782484444681,0.048039601481351744,-0.04101181899241645,-0.09332178562432439,-0.07296334590954971,-0.12444671600763187,-0.1093577491757647,-0.16451138018571262
-0.9712696147037891,-0.9016164503657998,-0.7794781574951865,-0.8687447541035366,-0.8132190917914741,-0.9570935622760418,-0.7778736513157609,-0.6125884733488915,-0.44081936880053535,-0.41204859676566286,-0.16820609915353416,-0.10770351831931031,0.023523604676204946,0.261898916354744,0.1427644181197951,0.4304450233506785,0.601394655336451,0.4264404266337121,0.5801715531638099,0.7338904276337506,0.6724790869904426,0.6738561919172968,0.6229279705600356,0.6252126637964153,0.5377854734451021,0.5593175336909798,0.5895973612261614,0.4027788722288007,0.463594543111029,0.3410413223396157,0.3636819042751788,0.377424488020387,0.21509888463184307,0.11684127034473729,0.1476461680508078,0.01551725712288998,0.03810438289497593,-0.06451426939519735,-0.10750866367582033,-0.10992982663956759,-0.15523478691432804,-0.12699093918368948
-0.77915222033142,-0.916708267462525,-0.8423924205262004,-0.9716133626951866,-0.8680103318994588,-0.8472021421982606,-0.681619399388091,-0.5320119513294523,-0.5102392639185319,-0.32007596697246077,-0.3875709261034906,-0.27814360140884536,0.13567118992557106,0.10426385771146063,0.4091311230616452,0.34689066887655273,0.6053778133250232,0.5373499771506002,0.7114572987926981,0.6727272915088778,0.527202483546599,0.7760929987725357,0.7256961823307807,0.7044302889585208,0.5927925780872786,0.6074325336988209,0.5280747366843108,0.4716002251795225,0.5117264017645388,0.3367622672839395,0.30817926595824746,0.34088375175315067,0.2094079905791662,0.11474273633451881,0.05519755962902242,0.09344259765183678,0.016642517874288935,-0.0029353290300675404,-0.04510981051842358,-0.13245338900977421,-0.1693055642385025,-0.1216743810503296
