gfs-wave-data.json
{"header": {"parameterCategory":2,"parameterNumber":3,"dx":2.5,"dy":2.5,"nx":144,"ny":73,"la1":90.0,"la2":-90.0,"lo1":0.0,"lo2":357.5}, "data":
[rows 19 to 37 of 73, columns 84 to 125 of 144]
-0.09519660915612937,-0.17936966904508914,-0.1559708334364856,-0.04601791544649308,-0.034641890876731286,-0.031202578865475138,-0.19155045056270634,-0.1433635886186376,-0.006768100533754667,-0.06946800076056832,-0.1338658035425646,-0.08615625119735784,-0.05192778976706497,-0.1382904514101719,-0.063478544236233,-0.04711253499633921,-0.024222655586660518,-0.0023881689193975546,-0.018645176818163613,-0.13199579509507234,-0.06377802965838433,-0.1923273583875943,-0.09543719881401824,-0.07372309500141024,-0.11106030604937793,-0.18787627120152114,-0.11977243738275903,-0.06640026098788057,-0.006438633448835801,-0.02594015189861799,-0.09508312692274266,-0.1779453230366077,-0.1875057703675723,-0.013382931992246133,-0.11932064973156979,-0.08723434333326938,-0.056204743071389215,0.49422481980151717,0.26443023461720433,0.5824454304783475,0.2893589855348215,0.7123387294346958
-0.08132383226871691,-0.18991568223202798,-0.1848354687978662,-0.09023303035798869,-0.11510035267709069,-0.12885057680520803,-0.026560613657080345,-0.1197582472597197,-0.07274646285648255,-0.12361472618907074,-0.08865435767331256,-0.10828355655636177,-0.16114007698722008,-0.03753793391231253,-0.07976575142644608,-0.07399338559997863,-0.17063193018831602,-0.047249436710502704,-0.030169108625009097,-0.019921675903377904,-0.0688222100196613,-0.03296801266762057,-0.1767485591625196,-0.05404392577930284,-0.09358008427860813,-0.010870287074984535,-0.0898284565105675,-0.14150183832381816,-0.020127279611112985,-0.05578477299444714,-0.03663530275203646,-0.11265358299341041,-0.02384852748254892,-0.04145568755315607,-0.17326732167418069,-0.036736436256261155,-0.0501597997738398,-0.033824543813339006,-0.10345354831996277,-0.1479917114570763,-0.19738985340245502,-0.050606531809821206
-0.3144806669277284,-0.48566544251063826,-0.4778598434865248,-0.45999603740412276,-0.3385592499387923,-0.4386229647383287,-0.3048717885950456,-0.3810613782264553,-0.25386841681338435,-0.27471097930802857,-0.29650881454541345,-0.41250098118748324,-0.2999493778837623,-0.1991669924488098,-0.3145687888221092,-0.1604489014006845,-0.38335092177682684,-0.25030819421232336,-0.08067814597989031,-0.0726037241915091,-0.048739654668885725,-0.16042653328645368,0.04669553349396552,-0.11302531199840767,-0.035999615034062495,0.06690570989046468,0.11800603651085828,0.24038214787506368,0.2704576857906038,0.269191724113009,0.3010980551020162,0.44858256597967827,0.34870759313109173,0.5464075623045416,0.296731419741231,0.5371088727730441,0.4205168421990312,0.6011237773039467,0.43262630438350586,0.5915754983156926,0.45473206950421746,0.7687964470378883
-0.22759304343919462,-0.23763611180965652,-0.4511448370339619,-0.40075529847366204,-0.32865453012936213,-0.3506139006483152,-0.4131294984128942,-0.4392953360751893,-0.3260501641772822,-0.36329743754281973,-0.40665855510219,-0.34336496169748026,-0.2815753080889134,-0.30689422516766324,-0.302275170570036,-0.13572782297027047,-0.1338446106303273,-0.13690133458891177,-0.0784617806226886,-0.09704726926983129,-0.13396430277945404,-0.2024847079717111,-0.08623809655042101,-0.06690929064545167,0.015468414621468089,0.1884712603072841,0.052229300413397496,0.0041888494496704586,0.13295764488800793,0.08216630919444287,0.3464737364259449,0.29453028148280885,0.29979532672783543,0.5362230411898038,0.5120799411299641,0.46612549543720433,0.33454530794193893,0.5159308122205434,0.597767101938142,0.6284105900862678,0.7245339831601539,0.49907765481770794
-0.49419532937770605,-0.24250500790936094,-0.2846398145038793,-0.4257842817457661,-0.49546525916604206,-0.42612665451853793,-0.3918046580832165,-0.36350145822403446,-0.23293164335524694,-0.2916872603798553,-0.32507758422473076,-0.25858976269020184,-0.23406645701044296,-0.37560835158335054,-0.2501382133784498,-0.38115315224688834,-0.24993711616280345,-0.11579893114543767,-0.06699361922819813,-0.17326958277520918,-0.016488369983545165,0.028282228977227517,-0.19770887203344478,0.06997387160741345,0.12723801959039333,0.024012184133505296,0.15735646237791065,0.22394643544466714,0.22109627705078927,0.2724869925273653,0.18759078533209578,0.34161462177559176,0.39268685994286145,0.24470918992665938,0.30793476481042487,0.4336210488084544,0.5433769317302168,0.5840425707803591,0.6049690825970946,0.5842024027312565,0.5584646304519166,0.7214361767826305
-0.01570937397720179,-0.13760060578919936,-0.12369249580831959,-0.1425230923625527,-0.029268964550291102,-0.10704783942915481,-0.15428420798407116,-0.07993936348246848,-0.19895519615656165,-0.02630837113630733,-0.05421677018933686,-0.0181496154337766,-0.11917939724237478,-0.02446603768319926,-0.1308295774612228,-0.05248249612367758,-0.10834698457070667,-0.020611738104670985,-0.08386677590565268,-0.1368207380322572,-0.1442947296826435,-0.1945544914687493,-0.15919719361169124,-0.19259850903356834,-0.07932257929731526,-0.07270968460526597,-0.18965363002612842,-0.13212598760971503,-0.07371326329154913,-0.14318788444630964,-0.1716436762881805,-0.026307949936505353,-0.12266289735994641,-0.04911502770888173,-0.14385712106455958,-0.15892995152199882,-0.07519894734154116,-0.13120354367282414,-0.08131520157571626,-0.13892342995059034,-0.17919983877939955,-0.05533486886022466
-0.6346937030338308,-0.6794658944469879,-0.6221685183281008,-0.6303190810379187,-0.710297814012143,-0.5155071787682524,-0.7643127698159451,-0.6554562051348269,-0.698216921512758,-0.6055997643761808,-0.7112792487548235,-0.548661685252785,-0.7278827096632683,-0.6662753007144498,-0.6448634650022879,-0.4787354371936874,-0.615047370074329,-0.5944580915111939,-0.5734565590499979,-0.6508235088760357,-0.46239671415847305,-0.4506735511308559,-0.5816015842490373,-0.5681380647617582,-0.5006541954846606,-0.456503648015411,-0.5986101972770824,-0.4488310882387082,-0.4040824530491013,-0.5371311691026418,-0.4781349085395329,-0.3518733839206464,-0.5294631439132321,-0.4656544931798063,-0.489409731328368,-0.44494671973264555,-0.46224506501778484,-0.3781664554257087,-0.4788697918284627,-0.4495916166149315,-0.3898420406423081,-0.5020241961427232
-0.7389362422592118,-0.6826279759346313,-0.5017699641724888,-0.5313752006607454,-0.8199829396454809,-0.7601260944941967,-0.7059670523943716,-0.5887775330200845,-0.7140010953422002,-0.5355355434618108,-0.6387029359038879,-0.7022493556735259,-0.6904154515254937,-0.594461954866334,-0.7040196948648253,-0.6619323772114681,-0.6071924104492654,-0.6722804692751774,-0.6484321633579688,-0.5027505919131868,-0.532504494896478,-0.5942972759786138,-0.559349764273552,-0.5346194673021973,-0.49240755073768916,-0.44001603975725434,-0.5058096236883568,-0.4471654396720555,-0.4421330105418185,-0.4724692230779875,-0.5414524631609786,-0.569181160617912,-0.49272576424166553,-0.5621292091827248,-0.5173544090950074,-0.4280385993341659,-0.33578944300638697,-0.4969902935337054,-0.5199186666754027,-0.4390955593506181,-0.4789354873930147,-0.3443977514103721
-0.6663430757178399,-0.7474403728283353,-0.7018832224577661,-0.6767983721039621,-0.5741934775177018,-0.6498614774282703,-0.7172261295782799,-0.7254118596722157,-0.7431422762698464,-0.5137087786850216,-0.6174409554708682,-0.6235767120236049,-0.5988194151446985,-0.6024750079944717,-0.5779648020271584,-0.6753565441089833,-0.6111029271912307,-0.6741977326577702,-0.7290097747613139,-0.49467692668930674,-0.5264406462266181,-0.47317319673770547,-0.5049271087942454,-0.49275952015997293,-0.6062570937619346,-0.4984207567663715,-0.5793213537858062,-0.4473151870772078,-0.41595107374684226,-0.6047803092706725,-0.5263271727859358,-0.583643005622446,-0.5560166340325066,-0.4766965948487712,-0.5798467358571808,-0.5013857709918919,-0.5058178249096893,-0.3315915208454363,-0.36555717008051575,-0.4721641982776018,-0.44021227276001335,-0.35223604521608654
-0.5367333661263656,-0.8390155696347645,-0.593383405788509,-0.7507711397890005,-0.7794461225454408,-0.7396608545302126,-0.7692735158279346,-0.7230187931390888,-0.6079608166188244,-0.7576049873391342,-0.6133973631809432,-0.5689098191718915,-0.6643718843972093,-0.5644541913515059,-0.553533735176991,-0.7186213636057931,-0.6260924572042615,-0.48434353960149806,-0.5865461110146291,-0.5320281095240447,-0.5365563118514984,-0.5056772057278225,-0.4769698432542549,-0.6172945775722625,-0.3963484255147045,-0.6378741154149643,-0.5620816414342977,-0.48687165926092807,-0.455219234837197,-0.6047411535143932,-0.4933743125042684,-0.44606079510422536,-0.4377254510282774,-0.5123133544588413,-0.5661391390920116,-0.4116478011938607,-0.4447123795901473,-0.5075500356421475,-0.4698900472150752,-0.47957888953549455,-0.37248890539828017,-0.4721193017889209
-0.7136487041062319,-0.6315327019101086,-0.6544087941334673,-0.7224853392416644,-0.8224456388262585,-0.678631413556873,-0.8211957546366953,-0.7354469634609574,-0.6336085177871427,-0.710860665911127,-0.7299194808186386,-0.5452619490302559,-0.5430559150476089,-0.5604798131645262,-0.6021037256015722,-0.6302021212074426,-0.5747234838564002,-0.5583269908381755,-0.6596175494877972,-0.5466880130316528,-0.5406143633286947,-0.6273320897438373,-0.5735238704593904,-0.5517950914872374,-0.530134466345907,-0.6267776902082768,-0.4833150369089414,-0.6315322173658554,-0.48601232174803544,-0.4735061261499363,-0.5029684396168077,-0.4906821377307997,-0.42131462974594347,-0.3834924293890503,-0.5194558340635262,-0.5585150528878776,-0.47983607191092786,-0.3925211319521446,-0.4192700258354703,-0.41574570502051084,-0.46779422944284166,-0.4450317113130063
-0.11074713397256238,-0.14468415681182348,-0.1876214776720493,-0.19768177534061432,-0.09700257826274997,-0.10343569169752036,-0.1533221442492162,-0.09518462113667127,-0.13750458885439074,-0.12243351653158069,-0.2301856971843624,-0.15034885162991413,-0.20422963681112663,-0.05829758482628551,-0.12697024436906973,-0.1153060100329278,-0.18895885640888163,-0.17337425805437895,-0.1668117923141472,-0.17079498141616115,-0.16758518977987874,-0.10612796049271558,-0.12707849701663695,-0.046541519631462955,-0.05266559878744632,-0.06867856408266929,-0.15392344504535355,-0.218011361766826,-0.09896573521295639,-0.09933755279777282,-0.060611598480092406,-0.20613079108201346,-0.22058683987561994,-0.12993181780693558,-0.10278791022365402,-0.15764144110081643,-0.14258440390134147,-0.08810062738826205,-0.17421759488246807,-0.1456651630459772,-0.20109009162691258,-0.21679461417691764
-0.8369901383159442,-0.8670735080835574,-0.9462764572886416,-0.8125255701491667,-0.773208644568822,-0.765008808281591,-0.5961508086411889,-0.7431018896376841,-0.3561072148376877,-0.4888805514940758,-0.2608949692133816,-0.2805619277299798,-0.14777754990015926,0.17893716384949837,0.2882724770348184,0.4294778165084209,0.5788523401436815,0.4135786602303316,0.5884160720207261,0.5294466279537243,0.5983628760923694,0.5512736296252052,0.5367272865774156,0.5066750627984732,0.4552594260998095,0.5429217884828023,0.39724507641701773,0.5291811826108999,0.32029363227757757,0.3640760512768836,0.29903093553641263,0.20609491579684774,0.23473887717112246,0.15005616111725167,0.06226392796833517,0.004812986402133124,-0.02509982125150901,-0.033302690687902765,-0.03572735557047735,-0.08521601604919636,-0.1749094536087368,-0.19647157340407498
-0.8399722987112165,-0.9509496785318257,-0.851611575536081,-0.9627260629792556,-0.7257526331225226,-0.7444792547474337,-0.6941439152860974,-0.550123925490458,-0.5163490312506138,-0.27604614843218256,-0.3404958238741145,-0.29734368257307275,-0.02571221454097145,0.23374520472228613,0.2891124141830765,0.23002028042728523,0.3194797538275744,0.4412093456038405,0.6945867022565057,0.7636942408176228,0.6086557709780819,0.6313145885312617,0.5177701991353614,0.6724921251956536,0.579926067216933,0.49766147643170355,0.5388566970938685,0.4916224046598711,0.5186414029897582,0.362227913784705,0.3236172454768666,0.1714007125278367,0.2634234114129281,0.1281539521503188,0.04812707232820559,0.01513020012227061,0.043463444679219004,-0.058919485365313766,-0.0383782767210269,-0.09205038638526142,-0.07306688898724699,-0.21580688194776204
-0.9406945236332317,-0.8004111452680878,-0.9840548669248753,-0.84555192922012,-0.9545026960979981,-0.8029402946619388,-0.7801263028846782,-0.780956393612828,-0.42942117339430996,-0.4220510625738887,-0.38911073096203075,-0.05926809220491469,0.11820121201014727,0.1551002182033831,0.1784630300854862,0.47954606340974015,0.5548529622560515,0.4014947908861774,0.6683433938376833,0.6672637703721356,0.7019976324537539,0.6919287327260955,0.6613005020080339,0.6267586009628192,0.5436488855065674,0.537568295488915,0.5648444202017867,0.46937056283879003,0.3506651658533314,0.3971732862401168,0.35773971847477315,0.20642928271032165,0.17485506150991803,0.18605806223868096,0.09918731106357112,0.07884834609522087,-0.0012230833275037386,-0.08542026887458357,-0.10381114927688863,-0.11883765206217657,-0.11169334464958718,-0.19119073510915707
-0.9283940742063619,-0.8418422393404782,-0.897717663477862,-0.8162469333747041,-0.8481794739837941,-0.6943999618168772,-0.7234831996143293,-0.7457420128273082,-0.5112476642662765,-0.4794237119135132,-0.31827526601963846,-0.18940764228494078,-0.08412084917783319,0.10529460336054847,0.3197817004699332,0.32490907427602805,0.3205389937167324,0.4581390324223167,0.7055033966032893,0.5573929892852718,0.7028608451882572,0.6425459831825396,0.6747158457219197,0.5877860817343313,0.6114865309683599,0.6392477204425406,0.5421954460899789,0.5529395787212088,0.43695785766877393,0.4141108027314405,0.2884962721932527,0.34664190760999275,0.21960141041645587,0.25145203526786497,0.19807023568996632,0.01953749077126333,-0.05825840797543612,-0.07168099238306615,-0.15211123738977883,-0.1738444560339582,-0.12540225894820475,-0.20337481362700363
-1.0265168246366068,-0.8944855466151838,-0.949379777922887,-0.7924090769908405,-0.89159825653638,-0.8389896429366754,-0.6469481230130455,-0.5772547230331114,-0.5565607661261052,-0.30633526512861714,-0.4398184888040117,-0.06526282991447535,0.01592470271373,0.24470598757075898,0.32039058362493417,0.3029559554602656,0.5638522228411585,0.4550351830966826,0.6271817667419134,0.564122312565621,0.6158765646574801,0.6390944740016136,0.6340361226809702,0.5212552923698733,0.6078272546711325,0.5860363414887533,0.6506329908180757,0.4697785497614615,0.4291982864907661,0.4498418416011439,0.37040464588748884,0.24437158464512185,0.20061512478757834,0.20105235182943668,0.04275616656821958,0.06844271472659343,0.03998178115309769,-0.03442672190998996,-0.09115783251783431,-0.09700913824367367,-0.18371749267728565,-0.14961963853354862
-0.7617069516552116,-0.9269767763041692,-0.9552811931936352,-0.7605374429558505,-0.7818498590908957,-0.7099660243001173,-0.6879029479224346,-0.6037652434988852,-0.5021277708476763,-0.5239470464132007,-0.36113263206341467,-0.108753125402169,-0.07594259066672071,0.016151213094571064,0.2324984530744352,0.4726229159779689,0.3453183906777021,0.5166046853764615,0.7250190678164303,0.6367093288397698,0.6507513804245878,0.7954129972647868,0.6216516123458382,0.6920730721837746,0.6154452376306057,0.5757847463866294,0.5214111931321079,0.4742679147952027,0.36128961274995985,0.41533832282581473,0.344806755225142,0.22121117401786422,0.17835545226230326,0.21253361430639142,0.07668123125706723,0.0673175536455479,-0.025459623250243667,-0.04349313784139663,-0.06251355628160073,-0.08914069853918076,-0.10070899169314695,-0.17120449544072128
-0.911293303484825,-0.8822424151321662,-0.9248759066213835,-0.8463185809434969,-1.0375324542600461,-0.778919202827736,-0.9032156955536178,-0.7654259606884033,-0.5769126706411722,-0.4656248006291383,-0.1669060561503017,-0.07341885898724933,0.012118613421088031,0.2511918716940662,0.2905030085489107,0.28910450690155853,0.6077619678464766,0.6950412416113773,0.5318978845166331,0.6054520274776388,0.7045174556023837,0.6846816798914951,0.8136215980995067,0.6904021520550158,0.5425218634879406,0.4953016518059097,0.6148487998882496,0.5211330002828636,0.5392974456838665,0.38505508677733097,0.34020194625066447,0.2869026817882936,0.19880050030346494,0.2209608953907704,0.12811184884418136,0.1112688371233775,0.031469114929844715,-0.02934704907696352,-0.1812027293022664,-0.11735276621315185,-0.10543362195628013,-0.17886643077736178
