gfs-wave-data.json
{"header": {"parameterCategory":2,"parameterNumber":3,"dx":2.5,"dy":2.5,"nx":144,"ny":73,"la1":90.0,"la2":-90.0,"lo1":0.0,"lo2":357.5}, "data":
[rows 19 to 37 of 73, columns 84 to 125 of 144]
-0.29398908245052946,-0.2690763086288001,-0.13973987488670345,-0.16455896984957966,-0.3198078576751711,-0.2852611661668439,-0.18713332258666096,-0.31136849886658924,-0.27026145099461246,-0.18123849090165706,-0.3011143790451412,-0.16468109030274936,-0.13626211724250825,-0.21394095325721182,-0.2201565816031864,-0.2554900647658143,-0.20442168409217806,-0.15031510115266844,-0.31985690647692333,-0.14958660920083583,-0.3223671936928556,-0.28318169551985956,-0.26632487327184584,-0.2553785642238693,-0.2925602953098737,-0.2108545905653755,-0.19331733783746247,-0.3178132356154503,-0.2557767443728111,-0.3245041044482732,-0.29700593493505034,-0.33543572446229797,-0.1848834654851138,-0.2770669382987145,-0.14375658464443675,-0.2106658161191545,-0.18043784911196248,1.2450306606315078,1.2804509738517489,0.9719450786148861,1.3520247297319736,1.0835049774053744
-0.1978109055064812,-0.2692428115285991,-0.2747881464740582,-0.24946382957957183,-0.3069539297889958,-0.14210089503496914,-0.30336610145460113,-0.2158810229391745,-0.29584378368285874,-0.2809002884235631,-0.28622408764880924,-0.12465995687839132,-0.3002419492996119,-0.16480940429468846,-0.16772608487316382,-0.20826797675149883,-0.25296945559929207,-0.1447154213545141,-0.244439776262877,-0.25130968759856104,-0.28224534033242543,-0.1356813694449251,-0.29073032200046917,-0.27796178802924904,-0.28334334076007733,-0.3003021035968609,-0.16285044585035613,-0.2221717330570608,-0.24679159444030302,-0.23030222021308633,-0.1877327296210869,-0.2537050498271384,-0.16366098125274273,-0.2717818540458047,-0.3185543855773153,-0.29428063873711774,-0.2454693865797296,-0.17525934286307654,-0.2603485098666609,-0.2167093091117854,-0.23273471030869666,-0.2053465506371827
-0.4653782936846324,-0.5241917397366171,-0.30913544626613776,-0.5502848240454936,-0.39427855887087765,-0.3184781749959542,-0.4720041929029392,-0.4693507816473237,-0.5337243197939139,-0.4802960380032961,-0.3861119588621407,-0.3050660610311261,-0.3663074250883975,-0.47050018771303104,-0.3703618642417549,-0.4008511727410262,-0.1565079789459152,-0.35307197258925055,-0.07355278995332604,-0.14135386885376083,-0.22355633759824217,-0.25173879231420976,-0.10490861926197251,0.10593635780753857,0.045812409126363945,-0.0007300376477768568,-0.04775280602398726,0.038210667758933246,0.12229489728968856,0.09122124879754354,0.26546882803666283,0.2909140339719683,0.3278604537155273,0.3691774055495848,0.6594847593858739,0.5156751228780064,0.3479883833896612,0.6042564729490724,0.5331445988814358,0.6844206660434244,0.481627332252909,0.8240641770020181
-0.560014437370779,-0.27359483003407853,-0.3397051350813303,-0.45417722182454157,-0.40137199162225334,-0.33574949881540583,-0.3201145116787207,-0.49128017345058533,-0.47689965350541513,-0.49154377724829756,-0.28949412533521895,-0.28534811783272296,-0.4833706255763651,-0.28920744843141705,-0.21698270844222148,-0.37044737874760536,-0.2198695402463862,-0.11725581785322164,-0.3081286430371991,-0.10225336663439132,-0.16264755266361855,-0.20100332990472336,-0.02877901481907347,-0.15040859237284546,-0.13215464005053026,0.038974555786586124,0.11282676362221883,0.09718829404518135,0.2755863436051925,0.29933101091510217,0.23128965805803559,0.1853354344373836,0.3707282077778597,0.494530787104233,0.5903263318289724,0.5600506622261522,0.42866551596413227,0.5943824846281579,0.737506912528974,0.6263823687632273,0.6355371003152283,0.702219023304014
-0.3066727056614797,-0.2642418289848482,-0.32300895710634625,-0.5458737950198378,-0.2759180344020519,-0.30906434697782015,-0.4013413059996136,-0.32381287497417327,-0.40932539258585426,-0.3423588579292417,-0.31116755118781697,-0.41330951250026415,-0.34117271476561084,-0.27413598068258765,-0.26634520901712067,-0.32142063467943044,-0.3171602909236635,-0.1473664467461742,-0.2461581175334901,-0.17307418036831493,-0.12232201925392511,-0.11748987308222252,-0.08195634274713322,-0.07417145442969934,0.002603182856447358,0.1911892067498938,-0.04932957716614225,0.28442190437153425,0.35476755950256206,0.34537569236851773,0.43817562018395906,0.2437880209498115,0.31912898626355657,0.21947989616586838,0.610642651857685,0.5151350084589835,0.543450744605795,0.6053047405843439,0.5142825195215326,0.5571202069407266,0.811971349291837,0.5184520194185638
-0.15184688527299767,-0.1983524594224278,-0.23034039350990562,-0.2268768670108174,-0.12160599915478597,-0.12057248454187648,-0.20448209209795287,-0.20367032671131108,-0.17217896358613713,-0.20782021444592055,-0.2191255541230193,-0.24816935298395437,-0.22831259395266873,-0.1547023308166153,-0.21051473987588806,-0.113619627111137,-0.21109286443998238,-0.2424625824047291,-0.23443399871237008,-0.265354572600059,-0.24132188077533448,-0.25252320784073806,-0.23738399343386749,-0.24433865981167432,-0.2005083407153934,-0.1124509859033206,-0.2445573474528523,-0.16112578223714719,-0.20206296696816073,-0.1453605061380638,-0.21488270399803783,-0.18640459366303141,-0.19758333349816998,-0.155082688213969,-0.10669838912210795,-0.17051448209934053,-0.10382775394127777,-0.14748576253534346,-0.22159275223012012,-0.21294492884506339,-0.0756620595455779,-0.24102197330264435
-0.7031885079498087,-0.7759575082926755,-0.517033168612462,-0.6471393784553345,-0.7768518322401877,-0.66005577907839,-0.6789770158952791,-0.6411237189542515,-0.714068861320226,-0.5517749719609575,-0.6497059082436262,-0.82320038799671,-0.6640500065579439,-0.7021796803326465,-0.6474653299086944,-0.640199445444933,-0.691278446273563,-0.6213076658700778,-0.602219284507989,-0.7491985705616607,-0.5427152497915066,-0.4815519533731004,-0.6145099986613206,-0.6225702315480338,-0.5338289263901767,-0.5947029844981053,-0.5396823888472024,-0.4574839035073157,-0.5523009071797137,-0.5826869053418285,-0.45450719963689223,-0.45281177310151216,-0.45871469696629835,-0.5491513404544899,-0.48219025469878096,-0.4723805894334998,-0.5697379123892276,-0.4083912745534816,-0.3848593820978147,-0.4439487922851868,-0.5566675921760202,-0.5439694375755708
-0.6432983368618665,-0.6665906308765808,-0.7078371518357686,-0.8130128819793455,-0.785264133065887,-0.8717212276904404,-0.6746963466148412,-0.7051481907447076,-0.751159813978822,-0.6730644917576271,-0.5453649756962812,-0.5660685820071901,-0.5827314512582373,-0.5397199884196929,-0.48265998019830936,-0.6731365341283879,-0.7551824077019044,-0.5827132282114529,-0.5990876179097313,-0.5657884248372003,-0.6124682991421325,-0.5733389383303081,-0.5084398661458761,-0.5942722924696046,-0.5023701053829773,-0.54580209571515,-0.547987926188282,-0.49182654845085205,-0.42383559478003485,-0.5842467451118314,-0.502663020618204,-0.6234098256790193,-0.5070044343558451,-0.4906135617039695,-0.4579538456905565,-0.3642207739480785,-0.5244820774557064,-0.5987527920603368,-0.4287506579990929,-0.45310666615267897,-0.4583453932643966,-0.43085456515008846
-0.5449650233312521,-0.7189786229601762,-0.5637368614910316,-0.6244414924031725,-0.7694210610827087,-0.6690604992822853,-0.6366728850521921,-0.7672204224245254,-0.6043633057017905,-0.5780072174910229,-0.558046375681915,-0.6192076454779707,-0.704097578841851,-0.7191770658144445,-0.6081630898184688,-0.5216074046462023,-0.5294616025588488,-0.7464298501056537,-0.6529547058519142,-0.5022688181497161,-0.5998449532709789,-0.5074918903463244,-0.6088300365743526,-0.5779215640373353,-0.5815966496306346,-0.48709488148938895,-0.5508451840062695,-0.5476814422851624,-0.5255193567773184,-0.5226436952142574,-0.4759165186411183,-0.5322140129011455,-0.38484466772245984,-0.6176920579493006,-0.46452751113609736,-0.5005118517179485,-0.453114505452023,-0.3477660314055712,-0.44220684159492346,-0.4012944519739755,-0.3588467349657127,-0.3960198629396262
-0.85554752811293,-0.7880533491071453,-0.8213823144206782,-0.6895475911094857,-0.7027327969683459,-0.7617446863651355,-0.7176965882324167,-0.816999020218769,-0.8220183971950871,-0.6050912584391032,-0.565887204938862,-0.6002370964612476,-0.6928646714524006,-0.5971305113802773,-0.5971767685916651,-0.6924864221364839,-0.5930298891420506,-0.6647719563304446,-0.5944580277529142,-0.6786172559608392,-0.571203707593274,-0.574918447617561,-0.48354175321482534,-0.5479129502348501,-0.6258771803360169,-0.584337788268879,-0.5825116683939495,-0.5333233847233525,-0.5131323295503368,-0.498987980293904,-0.5251724930668243,-0.5789137210401816,-0.4492344413023445,-0.43538168699894736,-0.4625424246809123,-0.4603811487985321,-0.5034345348534426,-0.5112211941054149,-0.45226564893789806,-0.5371067723373288,-0.437474608279765,-0.42600259370362387
-0.7018491802212398,-0.6979421577516923,-0.6414124792169801,-0.6274640712672869,-0.6118374570682427,-0.6967495297096131,-0.6342075542702771,-0.5730025998841841,-0.5690675309236591,-0.7247208101985132,-0.7415976024684,-0.6209818869463322,-0.6391314249521067,-0.591143329152544,-0.7158557642353154,-0.6752896143387395,-0.7156517985356695,-0.5921007464031102,-0.5236043760195224,-0.5528682389084527,-0.4937068521134556,-0.4864940145649439,-0.6202347817664442,-0.5300021805505514,-0.46496599487834395,-0.5035117998193535,-0.5051120594302392,-0.6023232104067551,-0.5676175346875287,-0.5634605424079558,-0.3736515960780738,-0.41729943564230243,-0.5248828414025655,-0.4631565167458887,-0.5584123827402029,-0.3921208916372561,-0.3820559296174543,-0.40192565263594876,-0.5028301279660403,-0.5082267954000871,-0.3214017317113647,-0.4913714176614692
-0.041227196442120556,-0.14848107010775893,-0.21739507623259244,-0.15429641130187136,-0.19883325592825507,-0.0972999739367477,-0.08107477749945399,-0.16077913243541644,-0.06343116677383247,-0.09030466392303256,-0.07279836923938551,-0.1889349185686578,-0.12417458402376162,-0.18417988815400158,-0.07054324576160685,-0.17184516175637188,-0.07386117983862701,-0.1035063738867321,-0.09997353432425911,-0.08759181913357451,-0.1672402502904494,-0.17717132350258544,-0.2038748814726378,-0.0926017192399191,-0.04647284327977632,-0.041145430334896954,-0.0336049198503882,-0.161410203277508,-0.039938838174876146,-0.08923994209987961,-0.14085615244024474,-0.03789496725149466,-0.20477345367743163,-0.20990424878408023,-0.13446422046805018,-0.1422651460642227,-0.21619710043035129,-0.12151045045101674,-0.19143303759474112,-0.20462053523819124,-0.20460379706167134,-0.1690298259899237
-0.7419102405366056,-0.838063835782425,-0.7554203491145719,-0.7954263676918106,-0.8307535817159385,-0.7850211824563007,-0.5471459013390345,-0.5566985668153014,-0.474192078987849,-0.3426219511437258,-0.41911100248108074,-0.07280291371995916,-0.16919177882269032,-0.01484352681105294,0.11570395540257503,0.3885253926573038,0.40116948008398023,0.460189158762153,0.6656475240838033,0.6592395584884942,0.647533018579799,0.5687333468228273,0.5710310547874116,0.5421046414199768,0.5126485829060591,0.42626612500993016,0.5467546448856063,0.4611975868303554,0.27063402739111286,0.31438465204372296,0.21795749442769793,0.29027545538986976,0.19837209173103448,0.15400916182227606,0.13715767919235056,0.06242137024859284,-0.00569622257759172,-0.07447889666289209,-0.1331947575983729,-0.15336301617897885,-0.09435019350211941,-0.19819520771605476
-0.8731299534620546,-0.6954021126570866,-0.9692977931375184,-0.8620820508487695,-0.754813005037099,-0.8391524490741604,-0.6253364718750958,-0.6025254452721719,-0.41420355431095435,-0.465495896315041,-0.26538876375045517,-0.11577409248814907,0.0020937827256193005,0.030909627714848044,0.3786827659019594,0.2850242895975623,0.4370639465573731,0.4197374532576219,0.44659140593413227,0.65732028745717,0.6142324211499552,0.5258984826267135,0.5742799268825364,0.5255413917198138,0.4786533457414102,0.5361611471864949,0.5401953039183338,0.40717267159120585,0.31216021717855635,0.33060522729323744,0.27369722977823774,0.14027451535881333,0.22701094870717659,0.11155674352328324,0.06557716491390132,0.04915021529838171,0.022445770804859145,0.004871929346715299,-0.0843545832037081,-0.15071001806380074,-0.05359392195613515,-0.14910502784237614
-0.9222015836179341,-0.8164357716849006,-0.8005904020924122,-0.7865941636304831,-0.7457160389607372,-0.8835941995674478,-0.6024680213205509,-0.7382664617082161,-0.690500287005717,-0.30543624142152603,-0.18170513787384743,-0.16892736407956968,-0.020745194777235187,0.07009936094661622,0.2956416492072932,0.38019877037332195,0.4700451942043475,0.6210429897357131,0.4379409197917235,0.6584327416426019,0.5090570254767195,0.6073813161016772,0.6609409815884189,0.47235508129284026,0.6026559881465272,0.5336068045839494,0.4998561862924069,0.36093197123085025,0.4381948039404984,0.2760657922219007,0.2900410810791148,0.18729859099574497,0.1787750586971567,0.14201552515082155,0.04008639931398041,0.04073613978726821,0.013989742448391448,-0.04917891911034853,-0.033798331516276564,-0.09613010290982321,-0.11980460828588801,-0.08554610574356433
-0.8534398836151482,-0.8614003443489371,-0.8329636601551991,-0.7645504446672818,-0.7757556664674036,-0.8308670978884543,-0.6849255305007493,-0.7125119662235324,-0.4092469360592835,-0.48509391120187423,-0.32520285598539744,-0.04885663737104847,0.00045246590373071715,-0.02785173893542767,0.22848732161697763,0.4430715598197151,0.3616525990026605,0.4479078542532892,0.43580867115782657,0.5134781050223276,0.5883233451608741,0.4992731065504614,0.6620393230082022,0.5706371655609582,0.5570330110346057,0.4171879353842919,0.5656273113887795,0.33207714224811075,0.35438593519785017,0.2670636715001522,0.2438730083262792,0.12708884962245978,0.11023686502372211,0.09842136219305062,0.08257993405630944,-0.0003367155457414702,0.045462060379176404,-0.0157864433876848,-0.11190436933738356,-0.04994898388764388,-0.07325718459581232,-0.1625721425300795
-0.7958807490582998,-0.7976104088390777,-0.675871789412464,-0.7316965772546623,-0.7145544624054595,-0.7550413890771184,-0.8259094911746799,-0.6523780713269235,-0.6483874655812476,-0.47790953505868566,-0.3651805939279082,-0.20264704897887964,-0.060986964077994796,0.26720150406380627,0.25645754439822965,0.24593199398381835,0.33941162904455274,0.42436583269121475,0.4111570344836292,0.6538130381141601,0.5078657553009356,0.6412162555891954,0.5171162042294394,0.6247671307810547,0.44253496226850264,0.5285913000076273,0.49051911898570183,0.47598589149910814,0.45680885238371266,0.3544625705377647,0.2661527831278264,0.23915258084419086,0.14367041654590096,0.07048031202858147,0.1100139957455467,0.06276647012940288,-0.008553848777814963,-0.056521216834002234,-0.04037015694793582,-0.1188850910823004,-0.17654418879506684,-0.1555863425477507
-0.7227144714955178,-0.8802363441734496,-0.7364304209959613,-0.9365124513351974,-0.855022869442428,-0.819960820319164,-0.662049695056604,-0.6424277772420818,-0.47107875974413227,-0.3244091081274154,-0.09438020165982951,-0.08645679915517031,0.05614661152491412,0.19289995653334482,0.22428427289272884,0.27765052331824597,0.475507621879877,0.4459695069799283,0.536503947874614,0.6656929132280747,0.5549619707523484,0.6301900459906796,0.4430603931458923,0.5237627914764825,0.542081417110209,0.562156598089725,0.4879974304280107,0.44423392234463277,0.28312100465875195,0.27197410862766586,0.28517571525509244,0.2130934646579727,0.2252040256533793,0.08377858442973059,0.07653379106400263,0.0909913254691151,0.05589964588624361,0.006455448157147803,-0.09846132257336296,-0.09663185204380477,-0.0458802438994329,-0.0745838499534407
-0.8218174482035169,-0.8053993187876038,-0.7017528951001872,-0.8059639813167794,-0.9508198370113026,-0.7656209650331058,-0.7187535052994166,-0.5033292333936297,-0.5205779248539735,-0.49605463312670817,-0.38407613432308324,-0.0692110006028609,-0.07148075665517693,0.09925616318875244,0.2352703404730697,0.32040007659720354,0.4833630190465724,0.5137713478838496,0.57750424721849,0.6166075071834187,0.7157376773847837,0.5551395831882693,0.5410518313727019,0.49718811176210875,0.5742433158087644,0.3910458204412261,0.39606551037238297,0.3415960114291154,0.46736383576572443,0.42046632438352904,0.19058608630700538,0.20745436398344055,0.1900221969681026,0.057333096062751304,0.09193130793494567,0.013067249384172865,0.017618817061137222,-0.06466141754886273,-0.07958317620449026,-0.11774514119439115,-0.08189885009137308,-0.19197964891584637
