gfs-wave-data.json
{"header": {"parameterCategory":2,"parameterNumber":2,"dx":2.5,"dy":2.5,"nx":144,"ny":73,"la1":90.0,"la2":-90.0,"lo1":0.0,"lo2":357.5}, "data":
[rows 18 to 35 of 73, columns 84 to 125 of 144]
-0.007507667780741684,-0.003934331309814766,0.06468614774633621,-0.004142908032728841,-0.03524826336284127,-0.01715650532719938,-0.015505293277651922,-0.019559975943620266,0.039528245541002295,0.01155909540498991,-0.01256821862846775,0.02265408078467102,0.05880736344377779,0.05016150706156517,-0.016490685369515597,-0.0020388897596635798,0.0747844236754318,-0.044027417976929904,0.04350747510103663,-0.029401836306124796,-0.033539817723360746,0.051250631953641226,0.030808504988493853,0.0368694599825108,-0.049821747086816984,0.040280932499499884,-0.0683376806229329,-0.047278135524828166,0.03896257039493003,-0.00933269783279908,-0.017273589678443967,-0.06377169899815928,-0.07249608734440242,0.046842211143823226,-0.014251621394028524,-0.04167026095152738,-0.04059698906254541,1.6536248294310572,1.6919432882980017,1.6722173619502345,1.7306998659995398,1.8645851383686618
0.036453420042266274,-0.053341238016411545,0.03104640301911277,-0.04971479707738409,0.08038859452954876,0.012481102484932966,0.029490957448154356,-0.02064315152935212,0.04484053973719492,-0.022377296213367124,-0.05025577165157468,-0.05684742614658185,0.01857555114206387,-0.04914943500578024,0.05446601390218218,0.011398795195466785,-0.017377249172989495,0.052091371885639504,0.0075091329685511195,0.004390696066015976,-0.062244394797947494,0.06594763951816338,0.05694425919667638,-0.0050342507039263735,0.039032593198155024,-0.053450184862677816,0.03902920301721888,-0.00791231886718846,-0.07834370808367203,-0.07728235440894024,0.08179019927194255,-0.03186759570489198,-0.05195286202600276,0.025125951032833906,0.006153262756613194,-0.0066742918239818694,-0.0424945522302491,1.601987250006263,1.7611022769638482,1.6029713893605362,1.8548532897186356,1.7649524737428322
-0.0049047982138948195,-0.021812408216074358,-0.027577047747089495,-0.01651796461801733,-0.044544759995760214,0.02388883573992022,-0.02407401138230712,0.033628653041778436,0.05144842871117852,0.03994645464722844,0.012046790407061105,-0.028489269761981583,-0.03330834133394027,0.025430483130046484,-0.022435541983370128,-0.041677444771982736,-0.027423422437074758,-0.015388547430296473,-0.015458387197811976,0.007796359334281927,-0.0032247953315308934,-0.007762425058614728,-6.897313915870372e-06,0.06303475279993966,0.06226687657782636,-0.03795088340498725,-0.014397490384915819,-0.011133398625311762,0.0009224454202455291,-0.07397838985791683,0.06594430429109982,-0.05223671556594493,-0.016218725737963968,0.061271633481997954,-0.014029089710489199,0.03515743132829128,-0.015940442077748,0.020640498004580902,0.02293312364837988,-0.055830183218455856,0.03544713419830655,0.03244072239251306
1.121369671188561,0.9951026805138418,0.9733344438313983,0.9987063783829317,0.9859884654732569,0.8927316408912799,0.8166968825523341,0.8975025589010754,0.852068008821947,0.8700002386202635,0.7631970776004467,0.9020067863264929,0.8736573114237041,0.9088547217646019,0.8820055212801395,1.075614155071747,0.9642549092311369,0.9308952252739722,1.0426452257369767,0.940074717164809,1.0724418108219713,0.9792865236030752,1.050075458280165,1.0523875014480457,1.0234328483567423,1.1372831540997117,1.2184370482990974,1.2352160043561626,1.0818172079035806,1.2027890696478438,1.2111775039199457,1.0483401064533404,1.2412299577786,1.238365644660844,1.209039144854585,1.3413548141138676,1.2677937827834793,1.192856486614684,1.281796335687777,1.1985695308410178,1.4440258745455883,1.426584205165566
1.14930646529054,0.8043713092656475,0.9901663436162405,0.7729183762873216,0.9194873844501826,0.7838123730382823,0.8198346751537419,0.7977819036445258,0.9711857640744942,0.871286945800581,0.895285839576935,0.8989834338298118,0.8854132811687585,0.917393997406064,0.7986240969566164,0.9763063677414398,1.0049189665971048,0.970626250540197,0.9147549458991182,0.8739397970407283,0.9601683962382048,0.979302336982499,1.1391606071551093,1.1376800277439605,1.1515694297383388,1.2203480663351993,1.2022238295690355,1.096542418547052,1.2811346317310524,1.250533909479076,1.2494315648089,1.0722232079691376,1.2425271431755691,1.2430235550719146,1.2969801007538868,1.1553435141131845,1.3544826379305408,1.2967905958650894,1.227736226184405,1.2162609075622228,1.2039202195516019,1.2118854143869082
1.0054529628074587,0.9916367624190565,0.913429196312762,1.0334809900353337,0.9822629540562671,0.9161780162508106,0.9825215589285352,0.8538996366266616,0.9160575459991991,0.8170852188879268,0.9416984183781862,0.9068731052978102,0.7810537520269748,0.9227246101419675,0.8394181661704853,0.8885735614956028,0.9568727487804009,0.9872152435761306,0.9427521636896506,1.007757080796393,0.9601856402060911,0.9877526410652451,0.997556398800067,1.124982030651505,1.04914977245511,1.202011351422607,1.1547855992138731,1.1400502316614458,1.1553882404623717,1.2231916075694629,1.1452867655840335,1.2605416549629571,1.1798937715608373,1.278988814642244,1.070078999864412,1.2207118938726642,1.1232428540080381,1.1673892124851453,1.2994173857585587,1.2704006556851188,1.163183324459605,1.2937431590769015
-0.03906435743374206,-0.040816049754886126,0.04905836243381926,-0.010205610518181779,-0.025252247999041494,0.030656416106048936,0.041513438317332736,-0.06327972871033863,0.052514174329305316,0.03470653252550014,-0.006184242308742666,0.015950023125345145,0.04581213860979523,0.023758174701288583,-0.059722763503708774,-0.013495565469753633,-0.021243732547145865,-0.03965845119919792,-0.05793621520855055,0.0076966956751028616,-0.012655792762475585,-0.016100048536860357,-0.01177000312900865,0.04890225520877295,-0.009580469048112569,0.008611607587131665,0.02247807977557709,-0.043123183548342596,-0.006792179872628145,0.06134869131708642,0.04097517437438911,-0.04725568512191887,-0.012631495255742507,-0.025032274216340994,-0.04110117729362275,0.04361848570505018,-0.009713426119803857,-0.04687020986867182,-0.06942928587717545,0.05756146881750357,-0.04992133117050978,0.010814668568845725
-1.040696024763734,-0.9807375591358918,-1.0576091922014574,-1.0876679298455283,-1.0007074306383474,-0.7382950988644943,-0.8974041464771028,-0.8853643364139435,-0.9243927776450367,-0.6915980241830368,-0.8585393323302589,-0.839011433512925,-0.8981377930043173,-0.8299628914127503,-0.6440783456935376,-0.6641643554664356,-0.809682449342672,-0.6142268254726545,-0.5425413123093136,-0.7863565571568458,-0.7149216685787012,-0.6237630367342766,-0.6313491634780785,-0.6450501341646658,-0.5507859991797875,-0.7089322945956086,-0.5658137731583905,-0.6804381498948207,-0.56665986221726,-0.6854520498065312,-0.6181207682169221,-0.6173073992900112,-0.7103101751117644,-0.6937287849084316,-0.7024273618087269,-0.6335529420320183,-0.528632479029077,-0.5404487273367653,-0.5302832120393336,-0.7634806598429906,-0.5748881982832591,-0.7046285448530812
-1.089783153884155,-1.0056319346535956,-0.855127135630774,-0.8279708825992906,-0.9489573021282413,-0.880651828348008,-0.953271105749865,-0.7560576224530462,-0.7568749737795871,-0.7467437022036585,-0.6700697266696752,-0.7528705254975144,-0.827202883991585,-0.6676469386938859,-0.6111571685512155,-0.6977460362457817,-0.8242612687703795,-0.6838612798302199,-0.7518112343728286,-0.607146051747171,-0.518470705780109,-0.5581566879319979,-0.7528078248731029,-0.7497309631177188,-0.579633121210875,-0.6508328120843507,-0.5846558201220171,-0.527783856259741,-0.7042488593012747,-0.6306642876661466,-0.4605115513761226,-0.6042739799629571,-0.5624818343535899,-0.720462712434515,-0.6616377270416265,-0.5041364884756262,-0.5497992281361213,-0.4899095858126239,-0.48027185228820934,-0.6655917476840295,-0.5493398443045476,-0.5950184486595286
-0.9921387509391004,-0.908871468669066,-1.0575277768659295,-1.0630684158673431,-0.8507617309216494,-0.819980293144544,-0.8548005525860447,-0.9799181403110094,-0.8533215518586811,-0.6628574757999786,-0.8657561146253305,-0.9404538825923587,-0.8827812151429144,-0.6612603476734409,-0.8390950347588746,-0.6168559343838982,-0.8393669220608083,-0.7807472116409345,-0.6988228053124793,-0.677330963307852,-0.4903308560322335,-0.7902586425301419,-0.6811486314090375,-0.5710814647781064,-0.6370322867600984,-0.5869099436425043,-0.6107788810708353,-0.5773269333631744,-0.48925781087044934,-0.7137667360667019,-0.48546301791573393,-0.4567394687048376,-0.4861262916811529,-0.6040701978944938,-0.6375012975279871,-0.7395304221289608,-0.5424245441318915,-0.504589801838317,-0.48799856088429605,-0.7075547504071376,-0.5422185401305966,-0.5496691886025443
-0.9086394081884887,-1.0959991331666603,-1.0671844872967553,-1.046576035898962,-0.9826993973153452,-0.824352383288116,-0.7501060406787962,-0.8416212288986454,-0.9068520091642681,-0.6917605637729939,-0.8043731651432742,-0.8569388814750631,-0.8599634817844295,-0.6394931337203318,-0.6388317473343503,-0.763722770960195,-0.6100522124577374,-0.8365708908497053,-0.7672740983752113,-0.6129797433552853,-0.6851863188888566,-0.7325307370651095,-0.6324598726822618,-0.6132035654249229,-0.4841707223461888,-0.7301860446163284,-0.6155093015496715,-0.5365183993340326,-0.5356276445633835,-0.6247589844044951,-0.4788877852831655,-0.6523139436799635,-0.5205197649588983,-0.5694288046900775,-0.43704743055454776,-0.5323296490796969,-0.5200632218941864,-0.6291219311052753,-0.5235473066831849,-0.7184843591160937,-0.6537508043913499,-0.6723870525115566
-1.1072952215673222,-1.042902706099182,-0.9304053049969849,-1.1076346825741352,-0.7622763848905091,-0.9673395161363585,-0.747240067430353,-1.0659716036101416,-1.0381184204790443,-0.7280621563323779,-0.6772952458605453,-0.761695730464827,-0.7137426583041604,-0.6705082189026252,-0.7712560791567028,-0.8364640258497814,-0.6645917733955233,-0.8197447996797544,-0.6127957037453359,-0.6497402900515452,-0.80160087484761,-0.6722507136144752,-0.5632963603779388,-0.6869343451486976,-0.6537974413688225,-0.5128944164276169,-0.5218606073434859,-0.5789625908271285,-0.5483425368603568,-0.7105146119626912,-0.6416414435585969,-0.492989344670643,-0.5103277668936179,-0.49609497419907767,-0.5729340688427997,-0.6736841940327063,-0.7054153506066138,-0.5517670268657027,-0.6831852792208313,-0.5529331581102054,-0.6517044906186868,-0.5540026624435515
-0.034673417142238615,0.03716736821531063,0.028105375420114775,-0.0051346064400078426,0.021582653862608873,-0.07278229433887369,0.0208937081474311,-0.03723082866688338,0.017362312009488026,-0.05170531941313698,0.005334499929861322,0.006512081038308891,-0.05819079450046782,0.05533214099797713,0.03046335287142602,-0.03313944343952927,0.03305231387883252,0.021516746774682724,0.04579936806985754,0.06630332439683123,-0.04023333979887092,0.034424295129557546,0.0005455761259651425,-0.010411935402723465,0.042274906163869426,-0.05718794867061889,-0.03077788473641445,-0.028397656200191607,-0.04096424389622581,0.008214026213293233,-0.04032944682365199,0.012716507549492823,0.022815133288385574,0.0020811891620444323,-0.04345582839314492,-0.03299467332287335,-0.046259063666964424,0.05524995768659587,0.037646385386860784,0.041074022492847015,-0.04501217731566459,-0.02569657348139398
-0.4675254867346712,-0.5155218763663044,-0.8286569276828857,-0.6946473722384187,-0.8359635071132275,-0.8884734381489121,-0.9450469860432114,-1.09438052781856,-1.2007045840886494,-1.0736214632637482,-1.23605515641536,-1.1918755356849084,-1.2754545098418515,-1.2828014807500958,-1.2156260620309922,-1.0384463594500555,-1.030854909976124,-0.782381060037147,-0.7783109712572638,-0.8633061506626298,-0.6355580043298296,-0.6141652172558277,-0.6036893776058192,-0.46404534145874154,-0.5407393541400287,-0.4765958339883487,-0.3776513341052269,-0.5532065558111509,-0.37776909588577373,-0.5095192141231656,-0.5010828786437681,-0.4738595467178877,-0.4491855152734777,-0.4426503448088542,-0.5214047905487109,-0.4872908819966237,-0.5401208447938706,-0.4861118368828,-0.48878756566291337,-0.48488789510071567,-0.3851499142048224,-0.41591118307875236
-0.7175265137645352,-0.6495029088547141,-0.6512888829710963,-0.5951241021922548,-0.5868377061369339,-0.8257187073745083,-0.7864482858257512,-0.9604063413510193,-1.1436048804511363,-1.1898036472943971,-1.1687394462707195,-1.1820926044750304,-1.1903260873604982,-1.1901338609526722,-1.243670433059667,-1.1573642748720063,-1.0457862039695287,-0.9309132050344706,-0.934896846941495,-0.5861093633863538,-0.6105332205842993,-0.39130545622907636,-0.5964089070454337,-0.48229136202539274,-0.5191235641038686,-0.5137617166401593,-0.4599241207663823,-0.3852698447483487,-0.5156364438250666,-0.44924462718396746,-0.4319258533518961,-0.4579887707061438,-0.543315588555626,-0.6361056056526855,-0.5860983906450379,-0.47620629449346624,-0.47062041194178894,-0.5263449680187358,-0.5059145817024977,-0.46864427652381047,-0.44579429403460863,-0.39623213784013434
-0.6577014572605051,-0.705594788871904,-0.603223576595997,-0.48798338750752873,-0.6848083124998788,-0.7947987375185166,-0.8186589949956335,-0.9896001565614296,-1.0959485840188616,-1.065171794786091,-1.1300218612563575,-1.1251727477508242,-1.289172038799453,-1.078006924368083,-1.0072255241108334,-1.0239342362293447,-0.9555498779156358,-0.7632433984092617,-0.9203052688011144,-0.5978025984743818,-0.6174199210460659,-0.45731424989726843,-0.3946936634491777,-0.4392653326213287,-0.3155034332148505,-0.44880459964501374,-0.445420158357295,-0.3639171717663648,-0.4337006166716971,-0.3922513554438981,-0.483226918129941,-0.4412544394453456,-0.6106880401895922,-0.47185785377451556,-0.6059506968389227,-0.46883246806341666,-0.5964376512411621,-0.5388784461471361,-0.5105641807940537,-0.42417933992370965,-0.3211713113777259,-0.4387167432129873
-0.4796854674339565,-0.6828755530867441,-0.5939099851528931,-0.7528597010140106,-0.7996267678312814,-0.9363675833806597,-0.7372828026962512,-0.8710433030905362,-1.1667690643502098,-1.1439692308348641,-1.2938695697501021,-1.2155944777818593,-1.1755014121671856,-1.1982413883502334,-1.058832001515089,-0.9972397536066403,-0.9525708058660343,-0.8107124234300818,-0.7976394368682338,-0.722693460030308,-0.5398983165499571,-0.7030818920098704,-0.5287081556297507,-0.46839784318327543,-0.4777497773232876,-0.33597772453360636,-0.3228649228975781,-0.496500383954557,-0.5467895040195186,-0.32638508471926586,-0.4572553680753276,-0.5465615938621637,-0.5231375986871067,-0.590078451063723,-0.5843327129945824,-0.45679001333177294,-0.49685825232798964,-0.4732892194604029,-0.3514798653534985,-0.32545435563651454,-0.3609673791171632,-0.34072207915251584
-0.6337322691751784,-0.7189101012264727,-0.6070088116916087,-0.5957850500728347,-0.6858065159858915,-0.947275164088559,-0.9664665760257573,-1.035997599142137,-1.009189140562719,-1.240603893961672,-1.1728235674359841,-1.22248894617826,-1.2157859332865197,-1.1571823571124735,-1.0417657990303812,-1.078958712568838,-0.89762328565151,-0.9015863391970206,-0.6296983728508688,-0.642292916890885,-0.5789130291826401,-0.6494770538768915,-0.5034230822363676,-0.5536503675746158,-0.5528610957699817,-0.411804589503322,-0.3911142722085334,-0.39838265150906027,-0.3905261001553846,-0.37749047032860394,-0.43903098146602776,-0.47596104774313763,-0.43972364662865226,-0.5117104054168127,-0.4044642012825105,-0.5019235304474784,-0.4792191318087069,-0.4906648615011016,-0.4705286343608667,-0.404136471593602,-0.39995365600163396,-0.3153920958836784
