gfs-wave-data.json
{"header": {"parameterCategory":2,"parameterNumber":2,"dx":2.5,"dy":2.5,"nx":144,"ny":73,"la1":90.0,"la2":-90.0,"lo1":0.0,"lo2":357.5}, "data":
[rows 18 to 35 of 73, columns 0 to 41 of 144]
2.215273408246787,2.3856936985652166,2.3891594859869163,2.2967492034250725,0.03681382377961778,0.013233773928903797,0.0374655588892356,-0.03604378330978806,0.03352541498130744,0.02833374112029563,-0.021127604335794366,0.031510037688778705,-0.04866319365766332,0.0028665476284992185,-0.04902889282086986,-0.040542764254482076,0.03526662912331639,0.05021084358808404,0.01300111692600793,-0.04622007810244627,0.021059028015848313,-0.05549401124270979,0.024447514308257236,0.03145665224167643,0.027016640157678046,-0.036165725822169995,-0.038566315374221366,0.0185991688589055,-0.004928177500303818,-0.036910047484212345,0.004632455112577935,0.020149640707436665,0.06406578085459111,-0.010718282909870487,0.030226826896188594,-0.08181399813747749,0.0008045754375774492,0.029029483070012824,0.05782857556620558,-0.01527989233568295,0.01263213603511536,-0.05718824302920183
2.3222085310132687,2.3350455806821526,2.3661707722565897,2.4001356417824975,-0.04301201152727922,-0.031163510379757824,-0.046380983931259785,-0.021529376116429574,0.02207830501444632,0.05032145875964809,-0.005490198932308553,-0.0651112733395527,0.028075397960247345,-0.06001205267031906,0.022291047568562185,0.05256450529579698,0.04748922726349532,-0.02480581729446818,-0.019523666374658088,-0.012245735170608884,0.0013250500051700366,0.010275906598790513,-0.031423695012766914,-0.0777009921356322,-0.06485534031624948,-0.018947538635175547,0.006744783450134078,-0.03185384506613633,-0.001707140930150796,0.002119583060556581,-0.0511902615998466,0.04545868948534286,-0.048944071774636055,-0.004811208805208599,0.018308873556578138,0.048009114082676815,-0.04185772659732338,0.0013022439242721963,-0.04564886093270156,-0.009561537656464529,0.04726676731252201,-0.05152834200328798
-0.05898122807041948,-0.041528183913778716,-0.05039838821090188,-0.018236880905508263,-0.04437921963411816,0.005939479283879321,-0.05093005080844364,0.03095434319220473,0.02816082408224042,0.038598252931702395,0.0015943172945954804,0.047290083154573885,0.0005551337930320928,0.012659607932495818,0.0584465895470312,0.06001337425624541,0.0027987027261497394,-0.0015975176152395031,-0.0002299285288462275,-0.03964553606314554,-0.02293293950456601,-0.01475296139713145,-0.04562335284185677,-0.014366372134472168,0.060309679418175444,-0.037886109595372634,-0.026929161906597523,-0.024178637369270804,0.022399153171235496,0.025036374958766743,-0.04852665670795637,-0.00668205535406765,0.05892767811794785,0.005199733467610957,-0.07428008239404792,0.025558831785419484,-0.023547877768626314,-0.008440591988300947,-0.026072329093524044,0.00953623941546523,-0.050290621194190296,0.03264290561374241
1.873624625895108,1.8169430756032394,1.7829056253814908,1.8329809284686966,1.7336299421288173,1.7463171962759052,1.7124406858178276,1.7152791654660229,1.6365141915372574,1.543570007337982,1.5595404934053312,1.7234061507435434,1.6872926367773406,1.496404802927465,1.5992397891664178,1.383518109690453,1.3317835856771385,1.3357517179504061,1.1927098992932261,1.3112667883541214,1.3015005951788232,1.1367531695382123,1.1669909072829867,1.3982886922663373,1.3621377035938422,1.1990222690594103,1.1500158564220941,1.1737781002243468,1.2284817626295226,1.157876206722781,1.131930060883625,1.1987317267658608,1.2629318682198594,1.172275677288793,1.1730443801363564,1.0688528166208469,1.0878026917908334,1.1769695912060762,1.0405095511383435,1.1052712645111349,1.0018165659860734,1.113286300880052
1.755173773745441,1.8027925208207172,1.8724167586523621,1.721083249050963,1.634782319670537,1.725397209153902,1.6515965752864321,1.8158567504178946,1.5967097213291266,1.6926163053925543,1.5111934985804654,1.6289582475913595,1.460437686029558,1.4987502492779954,1.5714282282231047,1.411235491341221,1.4122358133148518,1.2792449663444991,1.313952027095011,1.3513144266168495,1.3057612140977963,1.2597114430095937,1.306128170832772,1.3022011317339834,1.170143956470416,1.2579942132671367,1.2391407323449997,1.300022018825719,1.080087874604832,1.2186553402364944,1.303445744214978,1.1231918377891528,1.1746101259803563,1.2148756613845029,1.1314902591979363,1.0536793649861365,1.19600499245763,1.1786463760563528,0.9901541964307776,1.066534759886534,1.0852588972293609,0.9265047348917879
1.8050592431867316,1.8702434980517904,1.8156486179920033,1.7572764822720188,1.8320665535166478,1.6459709754542218,1.7423836355123972,1.730855003748315,1.7454561683874572,1.5018921357062485,1.4655546272975943,1.6745710888834207,1.6405233011420945,1.6101825464070998,1.2555625226992535,1.4494386754236803,1.316842850387544,1.2785974796154935,1.3781086119433952,1.1819725592882453,1.300352523267592,1.3291366744423896,1.1349197249275114,1.3744922781017666,1.3045413754572923,1.236032167122516,1.2457285344097495,1.2772298635564305,1.2531504537128595,1.0877228194874722,1.309445288319481,1.2526356033828163,1.0895325553252984,1.1430770857244008,1.174116299480988,1.2233282521644477,1.1289015249562762,1.1888161556979608,0.9643752642823524,1.1429938528731869,0.9693057468483814,1.0975265236134757
0.04057245713707349,-0.06006450443410905,0.0640382661991363,0.048621724735251504,0.055659050744527566,0.00491057909975969,-0.026093609493212072,0.07129037323898987,-0.016922259138518875,-0.0026620074719636284,0.038535822700993726,-0.07206938270388147,0.058178541155536424,-0.07833768536332864,0.006319392614738052,-0.06578499288266725,-0.023735469314337822,0.04136092421979292,-0.0407074169788248,0.04362478893318578,-0.013205755424963174,-0.012651495117928457,0.052488286687195025,0.026489685963166625,-0.006246186766342135,-0.014337915201902186,0.05340428307532223,-0.07046791027697148,0.02828609185549791,-0.03191928501545918,0.027143536043518636,0.04452228201396,0.05923281125505387,-0.07587277590806295,-0.019671869491965,0.05328419362130621,0.03433260504955216,0.056474125961086336,0.05533708431752826,-0.049240767181962075,-0.07583772104506584,0.046688370674627194
-1.072249353586297,-1.0037076801039189,-1.032502561305301,-0.9610808786572249,-1.1815820679176743,-1.03380806964727,-1.1074249475848799,-1.0708742327038894,-1.0587978311671031,-1.2096304961029132,-1.2458223082259574,-1.3089113452796086,-1.0808253007891122,-1.316774401503808,-1.2435444028906428,-1.3040542642367599,-1.2109150005729372,-1.2810108300494543,-1.169927276288597,-1.2896723742238105,-1.3153887507820126,-1.4694820475205599,-1.3824001393252905,-1.3760612155747292,-1.3516823988205704,-1.254433203820006,-1.4356405106562105,-1.2661256779582517,-1.3863651764147702,-1.2993732036826682,-1.3472404250607468,-1.304934558916511,-1.3015352958938207,-1.339430078959012,-1.2860778220060791,-1.31169249113241,-1.276483436486298,-1.2554536969972327,-1.1389367142842686,-1.211020304180956,-1.340184539331644,-1.2029207605344376
-0.9031198015407386,-1.0127851380932602,-1.0957864867227332,-0.9620797825842228,-1.0742065612776113,-1.1621682352681202,-1.046172167854122,-1.0787335030929244,-1.1990943622691983,-1.225007543029466,-1.2352320529561445,-1.243528385222085,-1.2385376653649867,-1.3429494240536672,-1.34800371527097,-1.321889717132185,-1.4122882871110953,-1.1677851966493198,-1.379269931832472,-1.388790635560818,-1.333461600414133,-1.4017472727403508,-1.4419926171423547,-1.3049950696181396,-1.3751532656130288,-1.353130218189465,-1.3026980163013908,-1.3608238963417971,-1.3450079115104352,-1.2552312382534814,-1.453090950524739,-1.3650487599591734,-1.2445096696437035,-1.273694716360914,-1.290452010204472,-1.3476458273713177,-1.3424369464582604,-1.381561412358489,-1.1709697521006215,-1.37897688188973,-1.2310288283986854,-1.2999964073202448
-0.8918287960557252,-0.9165454523646586,-1.0745612123897188,-1.0165905844559537,-0.983947145967334,-1.2339644058429515,-1.090316793926426,-1.2021736199252124,-1.1000740902923183,-1.1962379116622357,-1.2580288028973095,-1.3713040106594585,-1.220319954227617,-1.398793616915706,-1.3136796181525707,-1.2888336063221753,-1.2930487961352073,-1.4397043338193332,-1.2598985254667459,-1.3802697440406593,-1.2251976862829184,-1.3946945952440963,-1.3302334472751054,-1.267578312118838,-1.4358950754754625,-1.4304323351456263,-1.3174227758423205,-1.3177831288461508,-1.2623345169788285,-1.3438073572027665,-1.2823459872952288,-1.4515440285555046,-1.282087840512358,-1.3224096081921877,-1.255636686120391,-1.197616376435512,-1.254972104652331,-1.2175964698154644,-1.24928269711489,-1.3178000069995977,-1.3242647103134508,-1.1969851337205566
-0.8570854371707214,-1.0924785530320904,-0.9458548471932906,-0.9624397562563326,-1.225626823642743,-1.0807983694170187,-1.125018128128419,-1.1719573646075196,-1.216628362639311,-1.1762169073362065,-1.1687853422825627,-1.2392408568698094,-1.1962657306882485,-1.2822930933526717,-1.2872740595657999,-1.2458504645952349,-1.2676553219889088,-1.2221440342174894,-1.2843752618417859,-1.3379027931147867,-1.2644908403735178,-1.3941631850223617,-1.393006113456257,-1.2964669394241577,-1.3042925625943953,-1.4044726109837726,-1.3577664951165551,-1.3783882866883157,-1.3286013488532784,-1.2461688620770233,-1.4164511248570526,-1.373475920731327,-1.2580029740451708,-1.3883883088200268,-1.3422843815633676,-1.2595889846133663,-1.1500338965940802,-1.348330094376475,-1.2661949620983144,-1.2674536493442363,-1.2538504312893197,-1.2125386160832161
-1.044602052747822,-1.0103836263208776,-0.8785810885459184,-1.0823655151500258,-1.1943127041534163,-1.0289972788324269,-1.0999551339908207,-1.0557096389888279,-1.12406106945133,-1.2481581891467142,-1.189452486550202,-1.103098975989863,-1.1822638202147828,-1.310998682054932,-1.3359278084175776,-1.243738316982766,-1.294210185572281,-1.1701614905432307,-1.3317358750492203,-1.3302901627292634,-1.2731860874146688,-1.3668038455555278,-1.3291248423380502,-1.4332228655024217,-1.278877339995821,-1.3784010710970076,-1.2969445712512035,-1.4284386114054606,-1.3001731117628073,-1.209887071571309,-1.4253296680023682,-1.402978767243029,-1.3546563518735915,-1.4023995503096809,-1.2987448502273995,-1.3477838373164417,-1.2930607194249877,-1.2174315051874942,-1.1985080725949793,-1.3006485903885283,-1.1774302374428292,-1.1297338698265804
-0.031920813124003224,-0.03793477237422294,-0.006809924226679068,0.04299105436522769,-0.042536209533703566,-0.06571799726838753,-0.005780101272381284,-0.014027576545185674,-0.019429651455031716,-0.005171502794827877,0.054469583521323216,0.025209018972876196,0.028007903219593375,-0.017027464278333314,0.029519467427839962,0.012690556095693445,-0.07632622226816421,0.020657644591960598,-0.029777246766907496,-0.03034847330727339,-0.0196203980063179,-0.062033647522281146,0.013401338169679719,0.06438125342515486,0.03793529182013626,-0.04224715830520871,0.05726290024704433,0.02841811679558305,0.03334376888250632,-0.0452606780937659,0.056496562547167936,-0.04242574896826271,0.04633676656319186,0.046296669779745545,-0.04738447678717812,-0.029382226292385825,-0.04147760623296319,0.04283450026140596,-0.003003727236235946,0.029083856455492465,0.0013325028206619045,0.046595533012179786
-0.853207119572136,-0.8851594210527863,-0.8935607365507673,-0.7702932238587611,-0.7782470912400841,-0.7712630180747326,-0.9455369786118614,-0.7909859813675393,-0.6607735779072919,-0.6020644588202609,-0.761365574243137,-0.6417799994093086,-0.4843145364381615,-0.71190625756918,-0.7521903463017585,-0.9362010493333561,-0.7391285561606002,-0.9719913685603647,-1.0716494561650933,-0.9951402681202112,-1.1409421227152823,-1.179576591466259,-1.2988263884116766,-1.3138846754701188,-1.2936495496321607,-1.1266844416174548,-1.2090733333761547,-1.1535797281196818,-0.933814339642383,-0.8131535919051199,-0.7094786519212394,-0.8134504507865455,-0.4900602850713126,-0.6725426455868482,-0.5600883511603528,-0.4637834345113653,-0.40569615962277006,-0.46864898836615504,-0.46955111412660117,-0.5163419901222392,-0.4339892447635894,-0.4037710758554331
-0.9522443651455172,-0.8430489629057456,-0.8790531047784601,-0.984282042511783,-0.8666586679240549,-0.9554864796237175,-0.6297652026145238,-0.6379171648387117,-0.7442341888587357,-0.4898531170958964,-0.6087198727298354,-0.7270026289957363,-0.5723281503135315,-0.5397307156040285,-0.5084180758165152,-0.719957851237237,-0.7895166352654702,-0.7305615474935842,-0.7768360831672249,-1.0051611931839668,-1.1094337015893134,-1.1649289656179769,-1.295483680974829,-1.131509744667325,-1.2519463090873193,-1.209519693391656,-1.1298912452667849,-0.9564730018613046,-1.0398964556783665,-0.9281689536847688,-0.7615829460893399,-0.8149653357860697,-0.7942455985822099,-0.451739155128086,-0.4036097165406007,-0.5333051345204569,-0.36396986269128173,-0.40717382055606177,-0.480773640636301,-0.4413581847848984,-0.4164435865935036,-0.455143521634509
-0.7773873115267035,-0.8498099836465786,-0.9378577656635081,-0.9223230334112268,-0.9234165666762573,-0.8424643599044646,-0.8299236808101997,-0.6004664806443024,-0.7409671063124679,-0.5865473897287568,-0.6719123154597092,-0.5500607938814848,-0.6613553389578254,-0.7247624353455694,-0.7942423336823174,-0.7910171276781505,-0.8011229986570663,-0.6599967326407568,-0.7674799049429112,-1.0028032997108642,-1.04741111865974,-1.1204966127586737,-1.1079133731621298,-1.1356925466954648,-1.1118587587710445,-1.2301623752876136,-1.0280330086403557,-0.944340148652505,-1.0368282484096223,-0.855607858318452,-0.7268298698876158,-0.6282735785792695,-0.48984219988593425,-0.5766333099926516,-0.44461289610916277,-0.6043813266852913,-0.4568598804025195,-0.4771237345102504,-0.3431463791971781,-0.551670547000153,-0.4020605891418758,-0.42559862927416814
-0.8494428636193389,-0.9637863302771903,-0.8870503191913061,-0.7571872401249471,-0.9077116318021502,-0.8392057717722257,-0.8999941483020876,-0.6348840380724168,-0.48646011383332965,-0.701896480211555,-0.7355566290649266,-0.5265330925852968,-0.7409315934043372,-0.5207530807451197,-0.6759441324232774,-0.5887628182459949,-0.8622936503881902,-0.8557730794832151,-0.8084130127057172,-1.0222854708724394,-1.2017738691342543,-1.0517715165532244,-1.215109486274781,-1.2426095893628744,-1.1967085456145796,-1.2288508581119544,-1.0698432648025735,-1.034257277000481,-0.9295446900854814,-0.8903706999089563,-0.9225338313327092,-0.7502492046712688,-0.6201058469982855,-0.4502215760633923,-0.5868501330543308,-0.5853535609979638,-0.40013809323486893,-0.3262235695307239,-0.42511172116481405,-0.36060932945213003,-0.43617463902507336,-0.5191868496241335
-0.7746741513108735,-0.931041547586743,-0.8693098673096624,-0.9261937983327259,-0.8989057329667758,-0.7219960843263593,-0.7927749464975138,-0.7283339177924167,-0.6856003396257866,-0.6023495431817759,-0.6091090356445451,-0.651628282893696,-0.49002292961681465,-0.6052847671893183,-0.5464211391920593,-0.5208286719588585,-0.9514919370514366,-0.8767725203672081,-0.8874839502461561,-1.109751540957635,-1.089812305703646,-1.106881983340083,-1.1815387335532537,-1.107207825139633,-1.1411765166454535,-1.2132640405870967,-1.0605233446204392,-1.010804373671446,-0.9297923973902597,-0.8860574286062328,-0.6903239186945114,-0.6583082153195676,-0.4467577359683178,-0.5685028336297038,-0.5275771266060281,-0.2993962901933395,-0.33117310208587114,-0.4946310960987076,-0.3715223454232012,-0.5711125947883202,-0.3649228155459712,-0.3954105075160246
