gfs-wave-data.json
{"header": {"parameterCategory":2,"parameterNumber":2,"dx":2.5,"dy":2.5,"nx":144,"ny":73,"la1":90.0,"la2":-90.0,"lo1":0.0,"lo2":357.5}, "data":
[rows 54 to 71 of 73, columns 42 to 83 of 144]
2.49511243606976,2.4888777057758245,2.6083271644058494,2.339941313812423,2.2536948374723385,2.3612832328827804,2.0712683825089067,2.304560365461975,2.0535034270327985,2.281335562649906,2.1036911465515575,1.8844852262918625,2.2356322719754442,1.8906720583339762,1.8466430315741496,2.00602233135053,2.0577562593421135,1.886163977011848,1.7972070749068065,2.1233033947412756,1.9200204135438779,1.812343708364693,1.930123468192006,1.8862060345425151,2.0408521111398734,1.9607701385846996,1.989871215236465,1.9212676228792442,1.8966659070810963,1.82102383825664,1.7742101905974763,1.916952386756124,1.7777388293316598,1.802867939206482,1.6297542236056457,1.7748855010216442,1.7164158829260536,1.5937831446529462,1.6534946235919754,1.5395326242392091,1.4348625998678843,1.360480686679085
2.441618674544108,2.2969172781014446,2.521124661723152,2.2722107398039517,2.5032829741312734,2.343873241836503,2.0304576736197877,2.187309830655728,2.179707817018187,2.03092323896122,2.084218199259151,2.306990800947013,2.0551245631803545,1.8656386199280068,2.0763712905020797,2.196437322921212,2.181068159698497,1.8441621470268088,2.053399786373801,1.903745218556469,2.000462006812019,2.0510783902885654,2.1090110845573102,2.0993396477495647,2.039995995508891,1.8602471842626258,2.0758366783516182,1.9153499080216454,1.8623631030896421,1.8772355781035417,1.827232434845273,1.7886617578957227,1.757521394956833,1.7680730090154244,1.6106268597950189,1.6150569938388195,1.5565512432528321,1.536130431437283,1.6261181206281405,1.5251983510838099,1.3669654828326088,1.445121386018638
2.460678063511206,2.522511889349454,2.4825000976749867,2.2982906965100414,2.1871753512357026,2.1084525236259855,2.2197540626890584,2.1148759716820256,2.13993528607767,2.1824180042597496,2.0401009315986145,2.2777004558372442,1.9157680242187487,2.195160854192057,2.2128062579549406,2.1536006927430984,1.7405549738255588,1.9916259366037192,2.004123593270716,1.9540338479324286,1.7707605539409275,1.9871981004249535,2.036630264395909,2.0340838469291316,2.0105957275143513,1.924785691705773,1.9741100986837063,2.007097592219828,1.9131603483321178,1.807441648534397,1.8290386208034441,1.8482579379285602,1.7015054840798491,1.8532388482446245,1.7281640845993942,1.6207318791267626,1.5891674489931642,1.5418747129111847,1.4886183583631298,1.4688822739675522,1.407176198140516,1.4725760453852572
2.629253239903039,2.433232498827751,2.2926974986699995,2.516988965750561,2.2082933996670704,2.2107293529659477,2.0594864221646607,2.384567647156848,1.9081545187149105,1.9660072627809597,1.9683220201992533,2.169032280527283,2.285244326961146,1.8249810902363799,1.9275327225314893,2.083370350779833,2.0996602808194402,1.7720240192496508,2.0476223905173128,1.8899415799869608,2.028838412775964,2.127475926888416,1.9278715530287571,2.046386370662647,2.0595608179599707,1.9107089182298271,1.8924154909175952,1.8867903261565515,1.9936312968482677,1.8543162419183556,1.7886180693613816,1.815578185462311,1.763874743220669,1.6608287458375415,1.655212720637026,1.7178104075408243,1.6359622037065096,1.571992002307315,1.4378078940582746,1.4285478899847939,1.4154477374900987,1.41217422704863
2.613376555908482,2.417908083872304,2.4691795932671794,2.442977670358484,2.2116924944917233,2.4410796800275825,2.3332932063624097,1.9886795431331978,2.2062618344658667,2.12291327716994,2.2461639142193923,2.0963222747419668,1.9279752725101624,2.034483924999675,1.8197902242439932,2.009276424037405,2.067021191609218,2.191548034149737,2.0261063221868763,1.8293469833740157,1.857206174305361,1.9601184162959466,1.9040770319220934,1.9150263473250266,1.9447089414557561,1.9705906915824614,1.921760657370246,1.783249705217421,1.9048763019619255,1.952173013982221,1.9371097163830022,1.778356394116674,1.7937513199878579,1.644272013486844,1.546629179646226,1.6871811064043059,1.5252319109561328,1.5719897985535458,1.416537019405011,1.492132937863471,1.3116573026228833,1.3215798445119349
2.376882462474249,2.3933001503826534,2.5420172528410383,2.231254931596318,2.3525650545492933,2.3722230929101222,2.1093531663539986,2.305682819133331,2.2618666558429745,2.236306178708942,2.140976775677838,2.28533637763627,1.8739592376597038,2.021907447499702,2.078931782041046,2.0856268329470598,1.8494555434957436,1.8862667506288684,1.883847241153513,1.9539461048217632,2.075779587153263,1.9064282431531676,1.9203009786210408,1.9702905947232543,2.0956155115484374,1.787458531285424,1.9901048740596468,1.7885643022298336,1.9618317991928549,1.9069798904305555,1.7510731594506552,1.840791133519293,1.7299424652010542,1.7407898776351038,1.7790810441669496,1.6102704958515133,1.6449839978421452,1.5503170988453745,1.5705854988136623,1.380764342539391,1.2720834558383567,1.3727795519306802
-0.013878482745663858,-0.012658288856549457,-0.011116166840943258,-0.016426823942021485,-0.0017200942963673624,0.011486276448447526,0.02549309110585111,-0.0026645374175299796,-0.013898209694806223,-0.018202409054999584,0.00030596749758856235,0.0006790616928012166,-0.026704412806091194,0.012988181458443998,-0.020220640628860802,0.005502272762189693,-0.0057507503460909794,-0.005202888049692398,0.005677295580786452,-0.005599988596347281,0.0006056590326883876,-0.006550983531751279,0.012392890708502234,0.0010873508666485604,-0.0002494753187718748,-0.021240806017793986,-0.004402389740697605,0.014324685178400685,-0.004061648133666358,0.01941632341127841,-0.017118189024958763,-0.0035101514461381854,0.026600092743608708,0.0019223079884814966,0.007531354420976549,0.0019451449597211897,-0.003936831065784285,-0.005428439922745222,0.005187587427843673,-0.0034631833132035294,-0.0023529222407831993,0.00233375969885758
0.19510407520318523,0.13350104523334355,0.18716955617476916,0.09510162558303159,0.09564836740736489,0.19310983584531005,0.06284446899778447,0.12420652898596915,0.05601825954567041,0.04220674512481612,0.010403469972194521,0.139566359011144,0.05584875346456375,0.06581338229969932,0.05126303812793324,0.03620948391033626,0.0680893960608789,0.04004386804703531,0.00818784719296596,-0.028939131345606318,-0.05200357784250094,-0.06690155946299473,-0.12342851082443308,-0.0990813502930306,-0.14621608600856584,-0.22645668381097195,-0.20897785310655298,-0.22728022021515495,-0.324975724199478,-0.3338935841647221,-0.21685535117059374,-0.3519544562056814,-0.3398341192553186,-0.25845764690763096,-0.3858721448659438,-0.29455833260911163,-0.3161350886296313,-0.37257303919302914,-0.257355491444467,-0.21915985509055566,-0.16148893206890008,-0.1130568405182495
0.09128480262256877,0.06858781939393463,0.10436517188764324,0.07009240453875669,0.07889083842765947,0.18685347600510427,0.21174887251062086,0.11204319194901424,0.14142158563022045,0.04707701169566954,0.11037425806526202,0.09804234957600418,0.08467521549746829,0.11586579919718984,0.02919041460440129,0.03881701728454528,0.015562040723593308,0.02172871891569572,0.02710343271538022,-0.026320945134514148,-0.05398206664011379,-0.06246296270531624,-0.07703625472919164,-0.19501485700146046,-0.18122832086978866,-0.18782480298925708,-0.24479796158620262,-0.20305273301841634,-0.20963812989810532,-0.36646075235067904,-0.36738987730968636,-0.3121218194578166,-0.3484948906028706,-0.23396300886079133,-0.34425445021468215,-0.3696757111263003,-0.32479346938433185,-0.2302236752011428,-0.24291257946681696,-0.1523917438323934,-0.045074379681467776,-0.1774224698190098
0.12298081367304729,0.18803342208674162,0.1266371275352677,0.11351864749118293,0.1460276420315122,0.06543015944187018,0.06463081239657685,0.035273951727206106,0.12475028684103506,0.027284802168418474,0.05643128456120198,0.0213049931635264,0.04655970485365628,0.03217233986034364,0.07895840835537564,0.02342701838877806,0.012694485921412382,0.005247152764988122,-0.025412314441402073,-0.03490107536504281,-0.0621305367852803,-0.08778329862801963,-0.13114444265742542,-0.10831012482969363,-0.18121662817695727,-0.22323453409046617,-0.28738396257006965,-0.2238339741562573,-0.3451292174079692,-0.3831466886840356,-0.3085151542866787,-0.25029410812284253,-0.3686724821670321,-0.3313062355640131,-0.44889835441613385,-0.3541671362056052,-0.36665446800256174,-0.2885592870614914,-0.2988932462648539,-0.19873045309377999,-0.1677814036750092,-0.0778082109276863
0.20978088702608996,0.22555729858149462,0.19967607851758679,0.1419755014300532,0.1438231002000187,0.08615499551652632,0.15178502849816145,0.05115943278469736,0.02894658775591507,0.052448987982299106,0.012059764045415615,0.029763943048051557,0.015308169354306945,0.030277827386782332,0.06861618775634191,0.024885867869950493,0.04933103997519777,0.02401334282935522,0.00758177414641587,-0.024268267712185338,-0.06615416889095485,-0.07639788472243261,-0.09271920842624122,-0.15098007255697446,-0.21894575772409136,-0.2726844188786698,-0.2407002843849807,-0.17019350159433727,-0.27694016432301677,-0.33569673129187416,-0.3853742962705758,-0.2605937124199103,-0.3346253033965578,-0.3105596296302059,-0.3794261872572598,-0.3771403741713391,-0.29722158660299697,-0.30126100611425405,-0.1788955113422324,-0.23977260186042523,-0.12610844610857966,-0.07692813671235607
0.17377659477670399,0.11397480608014379,0.12183952840856797,0.11430547218466452,0.2179730105002058,0.11536124870928646,0.15060750324234892,0.057247959743268094,0.050766966511590544,0.17581671165434276,0.028097723602320678,0.02557566199086401,0.05275458355890409,0.0667628699430095,0.013547838058775193,0.0337912727872891,0.01951853125960422,0.02060678237931171,0.007271121008013657,-0.04263498782766109,-0.05812600895993624,-0.0764058816871071,-0.15588577719501204,-0.2207829238878611,-0.18038527702136462,-0.15639491993651133,-0.3172218960394741,-0.25654302984905686,-0.17902516071836938,-0.315274897112488,-0.39761414941835627,-0.27511984908528647,-0.24551905203436633,-0.3953667071695796,-0.33235580941304105,-0.3159484522177641,-0.42435859826416106,-0.3217860117597938,-0.2725145380488556,-0.2525452592989424,-0.06457182951777217,-0.021552089478177692
0.24800909223845582,0.16140973817576412,0.16508772014721368,0.16711327463665343,0.15468835477921367,0.13133706109665325,0.1738855874143406,0.045827392432579,0.056319764331576774,0.06533458351488498,0.10947984751365533,0.02383452247799628,0.03611960451890613,0.019972163805022914,0.06337146500098567,0.023610317232279774,0.09728341902615979,0.06120224680153868,0.0005480077435972427,-0.016906667903194582,-0.03235796212883376,-0.07899416018546904,-0.055003089251350105,-0.144565134963335,-0.12301502910654508,-0.1286886366338368,-0.25335994031429643,-0.20483349423059619,-0.32495112208206683,-0.2716436962398014,-0.3681265641350438,-0.25354118647444146,-0.27937388050825424,-0.45657054633045696,-0.378258910674503,-0.3481253822213024,-0.2620421424010838,-0.3734254772332938,-0.2632067572544044,-0.19935922848101914,-0.26826482811544605,-0.18911757192336204
0.16153106102195014,0.17257323309966371,0.12169525580862206,0.12711146104596227,0.1475336074811514,0.09888616450596396,0.13187750223658337,0.06217221269781443,0.11350330119763835,0.1994705773329987,0.13978415165567423,0.1301462033508999,0.036677757370047144,0.03485132250274654,0.07778294481337543,0.1104423894126225,0.04218118077406106,0.03243755234616611,-0.013580465364772722,-0.04698660883496999,-0.06139558051139771,-0.06203894495161189,-0.057696721744803184,-0.09237667808142158,-0.15889144898667318,-0.12719116101906608,-0.18719862484929997,-0.22513075543411554,-0.2683576302198128,-0.30720040779715396,-0.2362550844310663,-0.3549765776518834,-0.29655785660905887,-0.27672530212695406,-0.314824038637806,-0.33287866541964845,-0.32166569364929665,-0.35090938717996706,-0.19816891300581557,-0.13833830383244855,-0.17560652642876806,-0.0950395581240361
0.20910503257846086,0.26562073526839647,0.15224400540141284,0.20634921580025772,0.24005079588736206,0.19160047062203123,0.06753580677519218,0.14049656928696685,0.053956608892445274,0.18766054530875612,0.03634529661717525,0.1434726206539325,0.17027693354004655,0.1141408371982022,0.10224668224004835,0.07025283506380345,0.07740865278590091,0.015955443871774215,-0.0045515773585977255,-0.044622532231212444,-0.05796360653815843,-0.0677882568851803,-0.138684352525002,-0.09762169247916996,-0.11271099422212347,-0.16109523926527042,-0.21193118670935024,-0.2287924904260899,-0.3244606360803522,-0.2747202481716991,-0.33755443754019715,-0.31100346677123586,-0.2703362741175419,-0.29210972662161394,-0.3442847626389018,-0.47338112180804454,-0.27611585429617647,-0.30912723659503966,-0.3559142981753386,-0.27391091015971014,-0.24115842267586815,-0.04200877980522645
0.21136344665497311,0.27264367458706856,0.15056363207535642,0.14406182306368637,0.14127425446338743,0.15446033212141716,0.2084747569194662,0.19595229940106287,0.18304325874321287,0.14799926199417293,0.10880701440014617,0.07477041592145313,0.15755471127972348,0.0572434143632482,0.048748898465961255,0.03778719336707017,0.027278358405172124,0.037922918001119514,0.02314882871765373,-0.01150677468767145,-0.02553511268372405,-0.0816517946953891,-0.194263798945706,-0.10005474126792706,-0.12386913761152651,-0.309940161370309,-0.2075580619733649,-0.23642725480466542,-0.3359367544248957,-0.2552256712967353,-0.3004269127505075,-0.41858303867368474,-0.2868513182720093,-0.355009902930486,-0.3562960058845931,-0.40066137609422087,-0.3324891557526414,-0.3077148107016325,-0.3940968246260043,-0.2545152150427921,-0.11045198526238963,-0.08816406804587791
0.12681670557967387,0.14163620776033822,0.24439724635935692,0.24094793571142042,0.16969498869843588,0.17695564412836678,0.13323842058543267,0.10167181234323476,0.21990681488854744,0.06242865254485396,0.05796354041855243,0.16958648846027902,0.08104827067993928,0.0374155590359842,0.09521659598260149,0.02640568578547087,0.022961633479813347,0.02176399434418115,0.032561041310571505,-0.031396242469031346,-0.060774621182049335,-0.07204514840643317,-0.1878083649139639,-0.10276633212898266,-0.14784119576863738,-0.2246600500731508,-0.23770709183957428,-0.20572046100911504,-0.2536579833655434,-0.2850385953094999,-0.3057048894865501,-0.30600331317230756,-0.40704458422234624,-0.37798577678243517,-0.4480422850318953,-0.34719235873818,-0.2513661569645936,-0.2838316831372681,-0.20059171047198868,-0.2775271909399559,-0.08213038961371752,-0.08586838203010871
0.15631155592610815,0.18113420421684348,0.22817836773632605,0.2339629200932792,0.19004948486040604,0.14572264690020953,0.2766236077510177,0.10341589368008738,0.15741481491293163,0.24446832703212695,0.08701757762362504,0.10966069699360366,0.16819890383556702,0.07361604523742973,0.048171020285955025,0.0627404489959346,0.030543025269436874,-0.0016284237791847876,-0.04191516307247244,-0.07498825758120874,-0.10622129003870547,-0.08845500434271822,-0.08562604406371241,-0.1643138751982083,-0.16757006154877332,-0.14598498770312623,-0.29965381398768004,-0.23215764973358943,-0.2549964026580289,-0.3630916430798415,-0.39961605073112855,-0.3832791091823083,-0.3326350042492411,-0.41652501195150315,-0.403212455461899,-0.3862852974505956,-0.3335625996089104,-0.27515549772814796,-0.2355416503127712,-0.24892895407333565,-0.21006231449886575,-0.016827314781056486
