gfs-wave-data.json
{"header": {"parameterCategory":2,"parameterNumber":3,"dx":2.5,"dy":2.5,"nx":144,"ny":73,"la1":90.0,"la2":-90.0,"lo1":0.0,"lo2":357.5}, "data":
[rows 19 to 37 of 73, columns 0 to 41 of 144]
0.619682118234848,0.7401443069019976,1.0053771311434507,0.9398402322720223,-0.06024510517992098,-0.14224053054673433,-0.11998548535133687,-0.17069412795353617,-0.05907989285271011,-0.05140974068382086,-0.12749640544460394,-0.019815582391352192,-0.10314504010929089,-0.03795974388989388,-0.03980669596688863,-0.07433102401249773,-0.0535513931068656,-0.060438275289553874,-0.1888930816008381,-0.0864348450175298,-0.13347538627488137,-0.17593934493841554,-0.029802039479470875,-0.004346984575905379,-0.038164874939456646,-0.024734574334112084,-0.04937297860756796,-0.1930897942399164,-0.11430765616410436,-0.08464500396577436,-0.10166387188911374,-0.18724797240135616,-0.06698455386273883,-0.070117860485865,-0.013712083929923378,-0.09086610084486657,-0.025406910404184427,-0.01455119233489347,-0.1483660425040452,-0.0987468664843112,-0.007272051405665663,-0.03826929782445677
-0.09769794690112774,-0.041571964999585743,-0.047750630640461096,-0.19090882378470395,-0.014769882026000618,-0.18791814534513032,-0.08417656228604113,-0.03645542880299477,-0.1254214650402247,-0.18476277309363823,-0.17940788596752794,-0.009861813043818451,-0.20006609205989537,-0.0922802666507041,-0.06458768429868099,-0.05097941249467481,-0.13381670299734386,-0.1541267193350426,-0.02111129392596396,-0.14455595890631037,-0.1408568779319582,-0.12003658114170361,-0.10406342564319909,-0.09517847584543776,-0.14725581811328453,-0.10769515319882073,-0.07257765372585002,-0.055676674550954174,-0.12092681371194862,-0.17633496011702138,-0.14370637462999056,-0.036047324562281255,-0.02048744252743621,-0.0072388321576648705,-0.12207898076672079,-0.057624810148585816,-0.11421187096713356,-0.02086299579767075,-0.16923820760837033,-0.16190412147936192,-0.11167785539948542,-0.044616151188537664
-0.09771626137530343,-0.25734500907979846,-0.33653487819007505,-0.016492266677057152,-0.1997967795554675,-0.41087757758130194,-0.47154928355378156,-0.21037894052429604,-0.35464746535543457,-0.7082732534664223,-0.617669353994213,-0.5834993670508614,-0.6135860107104051,-0.6474459032429468,-0.6307942103007536,-0.44476546482485374,-0.7141996577020344,-0.6400035576374723,-0.43273020527529954,-0.65621797319413,-0.65867860930258,-0.42156062377299097,-0.34865537999236257,-0.4829025585129023,-0.5736995955092572,-0.27985850157358916,-0.2678619696795859,-0.5244025479621144,-0.17267977747556545,-0.21168798445057704,-0.2441587908245555,-0.33322642391708623,-0.018549959179285928,-0.015202905956861542,-0.0765897542145823,-0.15779352774715133,-0.10776085990280619,-0.006915604656198665,0.08961181853604154,0.0503969024048828,0.23096719557654113,0.09186479055313362
0.23141676371854308,-0.14912195037054982,-0.31219613307159483,-0.07958943099921645,-0.39574785577980015,-0.420472058257702,-0.46468233499832384,-0.2276084326539259,-0.4336773958653802,-0.6067140441984434,-0.4711049493581274,-0.4788049769407271,-0.36920456847026467,-0.43248803482373316,-0.4903487679873999,-0.6465796377879357,-0.6508211081749997,-0.6692679381451109,-0.8312827965455414,-0.45969834002676674,-0.5214396207766185,-0.6295142664075579,-0.44686256814370845,-0.42777046793463613,-0.529866055997234,-0.4541805681198404,-0.4689863930521345,-0.33277445468743466,-0.38237525350030904,-0.43781193225989706,-0.31308199702639167,-0.23435721970389659,-0.11046214832255373,-0.037445986042027216,0.06795898196303121,-0.03280889103980034,-0.011541403507276721,0.09221702187000261,0.048442431315574075,0.16785076923676112,0.1809649001474911,0.1007197809820447
0.16719250084370788,0.08354194364980008,-0.37307031841544164,-0.4511843839778415,-0.03876584135863795,-0.23400902965739634,-0.3521962601515207,-0.3505439849007357,-0.37648468268071245,-0.30681970795100877,-0.6953811069055075,-0.38974508056709517,-0.5171858092009706,-0.735798780855383,-0.7134626045399957,-0.869449759825341,-0.5773012349285979,-0.6134676716117479,-0.4729903865828003,-0.5363266804911162,-0.46963768929688593,-0.4260145628264789,-0.40498473333559987,-0.3544912762532151,-0.5197756374992413,-0.4388527149475702,-0.25236337871796904,-0.19739470687222582,-0.19636899193024207,-0.16571868260393793,-0.35335514594206546,-0.131304264908565,-0.06500984840257235,-0.23045638937691643,-0.09177665544688872,-0.15422166042469418,0.09967569422290723,-0.04124908645546047,0.14652643023286815,0.1838739541637822,0.023396620496427385,0.09158953582570507
-0.18525763620730687,-0.005556975415081719,-0.13540089921332507,-0.15806751180054385,-0.09296038683478133,-0.07502015586685365,-0.1656126960971672,-0.0319855538622546,-0.1981766386693531,-0.03921542734317497,-0.12551549088574704,-0.16487863551174084,-0.1199231548409154,-0.009842113776220466,-0.14014943181231515,-0.15295465686332418,-0.03733467969538263,-0.007582472329636704,-0.05465799160562507,-0.13505555148812493,-0.13026564463112414,-0.007469917847010888,-0.19743482306944826,-0.13401890756870183,-0.1243973924666388,-0.14935249116445412,-0.05791238066643961,-0.018632202669129152,-0.10596737803627464,-0.15973634951354362,-0.08741384717720355,-0.17397210052153206,-0.19886621702257923,-0.19130544431498103,-0.08855479139146753,-0.145559707312788,-0.15708436328562006,-0.07570685047900956,-0.013767460265347744,-0.08542922691036998,-0.18157572681788883,-0.12528229083199097
-0.338198599032589,-0.31976556120910016,-0.5013387514067384,-0.5734665154212777,-0.3182170835976519,-0.45997420348457274,-0.26415519941591337,-0.421024203961092,-0.3147706947645748,-0.3923974831840567,-0.4453648270405886,-0.4828584620784416,-0.1982746808625738,-0.41488190200313324,-0.21902815111199594,-0.38440931692494607,-0.2268585316032171,-0.4968284113588991,-0.15276648081886945,-0.2645719934484553,-0.3792589430953918,-0.4003560905793274,-0.32566292566540705,-0.16169688091848586,-0.14722959305305688,-0.06490624356890463,-0.3508765642008436,-0.22733623092010385,-0.06010833190519026,-0.057600793074102555,-0.3200905786499432,-0.25041789222988614,-0.34809107786440735,-0.16274194273991408,-0.316099488793893,-0.3651542776714747,-0.15381114581882804,-0.08643231191051905,-0.37014149777757804,-0.04505579137551415,-0.30360563843064214,-0.35223727616402783
-0.5181868150338617,-0.42749862259715465,-0.5086729413589015,-0.46889667829534365,-0.43744061243751403,-0.4727372695528541,-0.33197348728982184,-0.3091250138262296,-0.5173298094105697,-0.40436262566413944,-0.25536537458346786,-0.20780767696135283,-0.44951675588414386,-0.4825620061046656,-0.5018961416379506,-0.4161303192374761,-0.47203642623099207,-0.4257979417598262,-0.20114674620907713,-0.3941683480682702,-0.1629021935147353,-0.262307997697855,-0.15748146263087376,-0.30949975664584867,-0.39775079847126515,-0.32714800328922555,-0.32337758210303247,-0.3684629115154024,-0.3117165034506621,-0.024172559350582656,-0.11849995435320249,-0.22381239919826318,-0.12296851302085218,-0.2141298926729907,-0.052367725445517925,-0.28874105735969513,-0.22398077640785083,-0.19843193015865118,-0.06839040078501411,-0.09539518444176547,-0.3236168410259137,-0.26254162260993347
-0.4190097341829458,-0.3271308726389245,-0.5051017157735322,-0.4224475225624363,-0.4991954823743618,-0.40016416017559675,-0.5457955775937728,-0.3743794205532272,-0.4848714844295912,-0.2813048783932727,-0.50494334440463,-0.4039921323864653,-0.3976025684003378,-0.19814316498464316,-0.36271241930451603,-0.14354865590311466,-0.2636690610593797,-0.4206832313759859,-0.42380895186995116,-0.16789372687444679,-0.23042334315022073,-0.08808489460027649,-0.25921305335920386,-0.18892571902921282,-0.36083234985678025,-0.12654775625177056,-0.17208457036567737,-0.34533249286163165,-0.03766139963798913,-0.08625021461708786,-0.0645296550863424,-0.24976923567285214,-0.21488293050171678,-0.25089056266735044,-0.32695471535445386,-0.16326950754167346,-0.31739145349564524,-0.0748908736197115,-0.3164594039690584,-0.02240414823992902,-0.06750100647112531,-0.09130203004680491
-0.4507386575309908,-0.369130868540137,-0.4000206806193314,-0.43235251678277214,-0.5095408038808653,-0.4637313732028471,-0.36516821911083563,-0.474657342753346,-0.2802658940335209,-0.43494035197972025,-0.4359211495733576,-0.44854687198679233,-0.4719600063324385,-0.23398461976878415,-0.20775689993304133,-0.17538215680444222,-0.3921388277208106,-0.35293934807289273,-0.3554226029395788,-0.34462867893957205,-0.13081594731856575,-0.28323122267256307,-0.09336954620245093,-0.2085144693268103,-0.26904356761548476,-0.26113480867394157,-0.3232423640010972,-0.11146077248652538,-0.0640463441838114,-0.10755567507946785,-0.32876483908732196,-0.2096713127454757,-0.3763865279289744,-0.09165233279555104,-0.36296928738958195,-0.035194277664076325,-0.04202281834315719,-0.1809571341789147,-0.3723582140888464,-0.23519510876063,-0.10806682014055942,-0.2927203863130455
-0.5913683779627817,-0.3418331944310659,-0.4013601587065355,-0.5122477374050769,-0.3325726861272715,-0.418797174842887,-0.3933176520109973,-0.27359679393277164,-0.44748739748042443,-0.5498704075814586,-0.33814087480719596,-0.4433252811799898,-0.4333568360523104,-0.3178558461113105,-0.38658608025983543,-0.2455800625856467,-0.46342875350982543,-0.24777910752835328,-0.45099147863062056,-0.3086079938114431,-0.31476070549526863,-0.15861569778377638,-0.31642325742099003,-0.10704752001256243,-0.20292508550712357,-0.29298661948652516,-0.20372324333837744,-0.31778940619453017,-0.13653413640823303,-0.12003111465897721,-0.3892757973150689,-0.3176378313301414,-0.35265160190353034,-0.32138546453470146,-0.2664499860633997,-0.12362707571113937,-0.2792194131651449,-0.17734793249628533,-0.32921274590321736,-0.26939338681309055,-0.07083718352463231,-0.1764069907062988
-0.12015199870920182,-0.15017626713931595,-0.18417504005309723,-0.18309813008179224,-0.059571424178452986,-0.1997846615164346,-0.18455258417397646,-0.1187896780354562,-0.208273563104589,-0.21397636886900856,-0.162659840364268,-0.10918428419063389,-0.09651312903781313,-0.18889571979901928,-0.13796697053012488,-0.20403412722945583,-0.12651405437387933,-0.07659051123939867,-0.2297259760142037,-0.06297257956400928,-0.14477639143225643,-0.08695364777847092,-0.2217829329776123,-0.1696577689358222,-0.10294591377006201,-0.08544312960574804,-0.16350015962799438,-0.0946331208184954,-0.0891394820107736,-0.12619562788623925,-0.11455756019723275,-0.16069720371536436,-0.07399865401917863,-0.09204057135261134,-0.13383473016838981,-0.046621614199681666,-0.09496530681159485,-0.16603371744415235,-0.11550140490660399,-0.13316546258873938,-0.2254147948592669,-0.1371617722747954
-0.04819439839721542,0.059920118633124686,0.18838354116214978,0.3247989143309602,0.4252725913381587,0.610909263677933,0.6993877236634035,0.506913069336084,0.8297751461587404,0.7576479475593708,0.7151527440261021,0.9116473111795944,0.8911088010281415,0.7340413224116961,0.916937590842768,0.9703538369872314,0.8751305263865068,0.7615345291914655,0.6410504683466365,0.5940300172798688,0.5442997740156759,0.32776443428184654,0.32334814864520406,0.04290324532054261,0.06339016938877937,-0.27053535204805756,-0.10193412734056206,-0.3681273774917055,-0.5312075440602401,-0.5853939292483311,-0.4922165653406564,-0.5521299488825508,-0.5347863930728033,-0.5471975616213358,-0.532243527555943,-0.6308834114834261,-0.4907102454484962,-0.5402751080797342,-0.3832810162904596,-0.4918226369312706,-0.43411618476260044,-0.39095514841745377
0.06496962365781117,0.14949636071740738,0.34117567101023666,0.29589089700715354,0.4248318051942389,0.39939739015573733,0.5796489148349905,0.5634974962506217,0.774657724161292,0.9302874490799667,0.8332078259287804,0.7931543361530575,0.9524974047558283,0.7833149561597579,0.8088223895158255,0.8997492809382177,0.8271025019982147,0.8290606910780274,0.7508847279577459,0.7895027642597149,0.3737866030005829,0.457737325634227,0.11154995314109441,0.14771839558281066,0.10168633225781541,-0.2523057791885759,-0.3389469460563791,-0.28682083206317166,-0.5438598744807298,-0.5700009019057359,-0.7235774393722197,-0.5493606772563324,-0.5739357459936275,-0.6235249611324559,-0.6709322329871897,-0.58013388256173,-0.5431976671257285,-0.6128831273784724,-0.4515350730071091,-0.5379201067561122,-0.46284987668500993,-0.38858477091042515
-0.10636181296776655,0.11061967476404995,0.24379732147689606,0.18597871085731102,0.3301039513362755,0.526786138816849,0.5109702971500458,0.7432615253362402,0.626929249904413,0.7875004654819563,0.8123950082319228,0.9546403432833555,0.9662669240035813,0.8600178959388005,0.8566031744330761,0.8798119419832556,0.7924568238628567,0.8423665051818208,0.7209489098955489,0.6127157211959389,0.6734799324267567,0.3790163782913705,0.42993011968088785,0.21467547221020122,-0.0703676501701637,-0.0870643385813039,-0.41256695339742677,-0.5152003382384037,-0.5107656654783636,-0.5510077550988445,-0.5132511231252914,-0.57421800313757,-0.7589716647656635,-0.6516463409425979,-0.7156014708898681,-0.7279495160005197,-0.5949779975146275,-0.4639370266729347,-0.6270105480056868,-0.4436105196561114,-0.43247990775188394,-0.4111314070565636
0.05458948191309106,0.06495935791013317,0.184462421925188,0.45495066803846707,0.4111098657273152,0.4271941019660116,0.7221130123519239,0.6925029190360854,0.8228419528524312,0.7634019282438004,0.7671276573209852,0.9273755007500711,0.8434903933211394,0.7782976609360628,0.7677481916481314,0.948669785069564,0.9167529345078862,0.8957361713167024,0.7834225987426531,0.6400643030816487,0.620738053270481,0.48406859856668055,0.22893292963583894,0.25395730186403864,0.006326498335385315,-0.12768563223437265,-0.408191301473817,-0.32804613113307246,-0.3104310717257313,-0.44267331777934465,-0.5432601878689367,-0.6701681438742202,-0.687736455499189,-0.6869010541727638,-0.6642247701436337,-0.6385130953261285,-0.5483299484496699,-0.5300222096390189,-0.5934258430775378,-0.48623881866335744,-0.3926187969460529,-0.33693360389531096
0.009817939185893588,0.12188678395134742,0.2562536181552404,0.38826679493298594,0.29518901224106964,0.42214779238469086,0.4784757647543845,0.6960424309670031,0.7122218115747491,0.9368735284134387,0.8941406910945122,0.8020464767322323,0.8897506407145437,0.9652513347494434,0.8271318960936137,0.8572229390292736,0.8971643614450986,0.8437039004729885,0.6864099906985826,0.6637845358978008,0.432823294175855,0.30753095704548367,0.3310423679997128,0.07704378307643409,0.12616623117563355,-0.29518423461097504,-0.3700532357573037,-0.34853175834375777,-0.516800934629044,-0.46492091616633086,-0.5538796889872399,-0.523733900416801,-0.6325169656958345,-0.6523407954760441,-0.6874131705713915,-0.5714616706518184,-0.6063653835632924,-0.4934199651815387,-0.5596875172801252,-0.5133974516293341,-0.40059903668238034,-0.4746692144992804
-0.09685593525685847,0.032508288627227294,0.2752927835585556,0.3126804697260147,0.425275749345023,0.3922724323898467,0.6046650390704079,0.6427732651234692,0.8143732235128706,0.8915600144025534,0.7777362224815582,0.8372020221813857,0.9152164429442669,0.9653267956853006,0.8496636684892277,0.9903103814939687,0.8331358776888752,0.7709891721089933,0.7979767962412638,0.6119078556939916,0.5717971587510668,0.3444679381609751,0.3301467715422598,0.11732031097694616,-0.1304004839214938,-0.28989568931293286,-0.25270370446682106,-0.31618088117765586,-0.5730611650658616,-0.6371802457131159,-0.5403355553915018,-0.8034435733828655,-0.6468392258126422,-0.6775583812510495,-0.6879950402561104,-0.6441402357135941,-0.646446998695252,-0.5145998441323977,-0.5651153187775433,-0.4889830857436351,-0.3829494767132372,-0.4487696865133422
0.008684430904987725,0.19415082075397105,0.2087886928700645,0.23092273858989723,0.4542215820367922,0.5884953348365293,0.7346481674758091,0.6965173004290263,0.7491617183008806,0.7984902361065727,0.9220871757327687,0.8675319806707958,0.8409705604066499,0.8754551421238104,1.0451247260837018,0.9928139546150612,0.8212433116532797,0.7843865965997536,0.7669379380027633,0.5378552306310418,0.5444613481457848,0.3285357635768708,0.4836403097605248,0.18786716165702141,-0.1209661328686443,-0.16084722665455145,-0.24240279848819862,-0.3055237924302615,-0.5656437032712782,-0.6004306160637581,-0.7293855685398715,-0.6827575598204975,-0.6702151698366056,-0.714841985237915,-0.6361244592011328,-0.6867131527840099,-0.5835451892893031,-0.6019676252919955,-0.48634910636776707,-0.39011099289588475,-0.4409867532387881,-0.3512243443052066
