gfs-wave-data.json
{"header": {"parameterCategory":2,"parameterNumber":3,"dx":2.5,"dy":2.5,"nx":144,"ny":73,"la1":90.0,"la2":-90.0,"lo1":0.0,"lo2":357.5}, "data":
[rows 0 to 18 of 73, columns 0 to 41 of 144]
0.2443386887870187,0.25875294334589144,0.3659019212441389,0.5463126925584014,0.4890606986992916,0.5037035921431106,0.6599981710587249,0.6240938588570077,0.6802781970571913,0.7141660161933897,0.8343371333396017,0.7918251295383673,0.9007374817140125,0.9121604074581985,0.8669910629757938,0.8796088644337422,0.8968940919749004,0.661074948556241,0.6233392341359285,0.5673678756740065,0.642275830534478,0.3512063594368412,0.48786982708143706,0.5361863028089244,0.546868788744862,0.4709435770256925,0.49696333262565745,0.45404357081471,0.408082164894165,0.6045972018157051,0.46161644963688797,0.7352157028795198,0.5459003424965555,0.7029876602081244,0.5893371261830382,0.7350846755576723,0.6336521008181875,0.5891374680792458,0.61683057941413,0.43947484005098086,0.4660645944106189,0.4303284527182156
0.3623478104915727,0.28302831982029075,0.2772125819093687,0.44048075410506043,0.5275909370641082,0.48685667909869795,0.5344316231356062,0.6745053598893603,0.7216592298230429,0.6826395918201487,0.7518305649424876,0.891024087911545,0.8109446798761989,0.8810696687306357,0.7483832446373245,0.8354641175108809,0.7902626336781553,0.6536320702295356,0.5915728417897549,0.5586140970268256,0.5657687659032322,0.37783630500055665,0.5167908954138356,0.44290423959106157,0.32498419234261966,0.33704418342544384,0.3990765561063244,0.4815909048322974,0.5141656844740233,0.4887613750753821,0.5740604784739963,0.6310220535399705,0.6550271410572959,0.673298952984483,0.7551294806049276,0.6365880177697415,0.7214621965872603,0.5403774153137938,0.5635461619471673,0.6526471121172545,0.5775389008172237,0.482980713349231
0.24301522921398855,0.25744951400233557,0.4379799672538977,0.4586838524282006,0.5353759432610102,0.4808358339417526,0.5863302506841055,0.5431461106005689,0.6870290741696755,0.7812010735682513,0.9049962539342917,0.8528857352438841,0.8192056419511552,0.9152184583354,0.7797477779654539,0.8393513746085316,0.8194940639261965,0.7257489459703172,0.6444470439166783,0.639876304186198,0.5086512222022211,0.5624384707690008,0.3766212106855873,0.4909420565149003,0.46750808711192515,0.34259972310456505,0.3967638570224097,0.3639455583192319,0.4450017796934406,0.6855827834819838,0.5272048792361289,0.5717092996435346,0.7548812954751537,0.7825825733958193,0.7239677580773909,0.6714449601802764,0.6419673016997827,0.5823218758765387,0.5534398745159135,0.6197523741857796,0.39029676481701403,0.5327514929157702
0.19867416200974772,0.3543760055888045,0.294914260327767,0.417071193526258,0.402706375731827,0.5463714741500267,0.6144200729164887,0.6152170481655157,0.7379661496243217,0.8246139928760772,0.6741191288094399,0.85778833656389,0.7800670384714565,0.8834653975406901,0.8780335444419449,0.9345032196869498,0.7296600301579381,0.6759144007031906,0.7560977564814017,0.4913571917540138,0.5430318919253684,0.4349186676878206,0.4568337030160238,0.3582631993490376,0.31396303297993855,0.43699035680555004,0.3625564656015325,0.5334303448647736,0.5304746724763583,0.613534913375468,0.6407073848934425,0.6412079676248613,0.5506780319430368,0.5659864629031451,0.7094891210914244,0.7229406999493094,0.7325001168256209,0.5813565207696844,0.6378540731389338,0.5570273708406615,0.5142089965115011,0.38410989908520515
0.38674387251035175,0.3580206713604709,0.4308768124840837,0.4989506403306387,0.41666067775941845,0.40406876172340933,0.563865919891011,0.5565059873305825,0.7532053895468376,0.8516547989938212,0.8368335340969998,0.9309877503696875,0.7529479305946298,0.8772470240487554,0.8686245837936983,0.7347050239071359,0.8296421377518927,0.7305165192622235,0.7223696652890295,0.5510156103730706,0.6017084167064605,0.41217598602212546,0.40778198271225785,0.5308267986770415,0.37789802564634845,0.44358892441085623,0.2962831023066265,0.4987824714537515,0.49919561101720683,0.5911942685308121,0.43173419074079944,0.5587649674223829,0.6415972783465896,0.665804529809847,0.6593179868046314,0.66424846140264,0.5998476974605674,0.6151439612290902,0.5300807910521197,0.5988242197069298,0.40660359547929303,0.49045767189063233
0.314468209147431,0.28489805544570723,0.3036925825132136,0.37392297896383864,0.5251536931511386,0.43643486128672676,0.638474964000886,0.5915822315822123,0.6420577627837204,0.788146889338215,0.7392312493342206,0.8621403833797906,0.9116113095780033,0.8223630681948132,0.7690556476957877,0.7215996530661907,0.7375083888934095,0.7498940440427709,0.681755382237412,0.5397022519792423,0.46439282448048885,0.5415164570804176,0.3373850367113812,0.4666083937859002,0.3015813455386373,0.28568993283268107,0.33202345264374583,0.4586217467910875,0.539389393938366,0.5975844872375191,0.5385358873479041,0.6140282182174925,0.6958502001956749,0.7063983331705441,0.7034184210046572,0.7102651384653881,0.7352760809586344,0.7029732442024808,0.6255211588613361,0.49610497658121316,0.5509905284912553,0.453376844248015
0.2321918902739399,0.3330883101223309,0.2857797987094266,0.4617894749992589,0.49825116170630745,0.5708966879770254,0.5199042899970605,0.6666671155268308,0.7952786593504556,0.6259554417094518,0.7417281086846577,0.9176207219541666,0.85176954020348,0.8014697923262177,0.8297639366690935,0.8776243289208931,0.7289208870976591,0.7355495497359622,0.5364223914054308,0.4972006929743235,0.45009481405757273,0.57987278680098,0.36387041303828105,0.48212376658497275,0.40821693369452605,0.559764559729792,0.37873612134615436,0.4860823142459577,0.4091305144039484,0.4079396021791796,0.5768144915619009,0.6414328893661312,0.6382003993427092,0.5413659100799285,0.7192476464018541,0.6790010500011683,0.7085581408463315,0.5564432809084628,0.4705487273549271,0.4631846409051973,0.4189269778953891,0.3936128388260099
0.3076252525851564,0.42186243661330813,0.24001543998367375,0.4049594589152535,0.46856435220254583,0.49788864830924734,0.7015546983570473,0.6831292673152333,0.7145086124189245,0.7682696945449626,0.8283706070288657,0.9039309628927201,0.8446493578448545,0.8119267464610556,0.8628778531309746,0.7678895479970476,0.7109957104106247,0.7448855457170991,0.6704010506445186,0.5589992875911273,0.4457315133464166,0.4908795784841528,0.5006273016029087,0.42073562417115523,0.31619665601822444,0.4221248908780507,0.36572968095087377,0.3466086635099102,0.48525174243158015,0.4385255714627047,0.5435828522656194,0.5490620780977609,0.6536115528853911,0.7206215713078054,0.7370325446409737,0.5943385558958556,0.6513858579517887,0.5613327333260582,0.5027935296890275,0.5103269890513482,0.5404240896704092,0.40426307447693505
0.3195253873409996,0.3555714142588832,0.4316096874530654,0.29755750146477355,0.34946270614385977,0.46514365821797693,0.6359447549747086,0.665386484138358,0.7079019590184196,0.7601842802342962,0.7567965979254901,0.7228605138645687,0.8122838156961684,0.7992044813569845,0.8415975066420659,0.6795598250301349,0.7990202588202814,0.6832645008471597,0.6026815148936173,0.5009616867990495,0.6649212951216832,0.4789823198663099,0.505242062729951,0.5356336204185883,0.5325019104985921,0.4779149178558098,0.5741052131720995,0.571415967276455,0.40281016658777724,0.4492734018518115,0.5119218568863758,0.4729083014069814,0.5398419201591684,0.6661195735607056,0.6673110009204692,0.6264617721663732,0.6301846719733143,0.5012894094033103,0.6201147531473234,0.46052221049246744,0.4546737698134319,0.44006535759672794
0.2667645423627784,0.4018729985942472,0.26525904671726996,0.38915201180978304,0.3814773900613905,0.3914120732424356,0.5428573501102499,0.5757132491699498,0.6422106792902786,0.7236297861479626,0.8080776294995884,0.8084539415079651,0.7815431867636522,0.8026302794037777,0.8711707320576544,0.8256607118530105,0.8170981625073208,0.7882716769581876,0.5870811033794139,0.4126522492549999,0.6595510353632003,0.38311900519367587,0.48656666040094304,0.4736729559619108,0.48976723446879167,0.38101102618852245,0.4741636211961476,0.5322548979557302,0.4707234325287181,0.5247929762839537,0.513083862921559,0.6263803659080813,0.5847142420101175,0.5765107435827107,0.6803934189194524,0.5547969272997928,0.6612378075478238,0.6706191683215994,0.5303969229123913,0.5275230393915767,0.39927852595158697,0.33786047272957914
0.2875104144387544,0.35739261590345417,0.33523514359290324,0.4391274183374123,0.5421306034359935,0.39331314134576734,0.4738415472280987,0.5649249812700885,0.7142964931276161,0.6180364392268018,0.7802591365655891,0.7136797749437964,0.837063608739647,0.7771784351753482,0.8549654203961728,0.6994901191172234,0.7573618430345831,0.6894695158624048,0.5892671107935163,0.5337960129936018,0.48077953469311097,0.36163097330760136,0.3429181677928903,0.3258140498929105,0.32627325674618946,0.3055297731059877,0.40461378054032615,0.41861621827877815,0.544594902634378,0.6568652717316495,0.4335467330780016,0.5989176698468706,0.5222311541436675,0.6227488906886545,0.5228373477147487,0.681816505405109,0.5396386234012022,0.6545621610454636,0.5228744096469876,0.44927124709385086,0.4076326017275632,0.37625232820499793
0.3476165629911157,0.40014263374065534,0.2734250199691306,0.34298871226861954,0.35968941817581956,0.342015791207221,0.5562659783090464,0.4524221266846565,0.7719938574771869,0.7878426641404472,0.6991326268801649,0.8618853753880793,0.8071217990246768,0.7254627175494744,0.9081250315015773,0.6526436449791458,0.586608147944727,0.7976474320983571,0.5581224368509453,0.5340887022217853,0.5668124540370615,0.40010669329653914,0.3073106375569866,0.4934944311539823,0.45099479032479867,0.4584440400248707,0.4954820367548383,0.37295587333503416,0.41204965248011594,0.5702341047226062,0.406175737569582,0.5833277257277868,0.5782500021225485,0.5500951057075724,0.6386596489554627,0.628689198811576,0.49851004507361474,0.5492778776221781,0.5674739455277824,0.5214046281843686,0.4035949879944523,0.31334737844740146
-0.2706432407695074,-0.3859889310548639,-0.28172994773193977,-0.37539198588926365,-0.3570093311882943,-0.3898317088751947,-0.355637002064555,-0.4206816929449283,-0.3616281855940132,-0.4093375990269973,-0.27542603938142096,-0.23754238525460028,-0.4090338322554586,-0.3456715767679355,-0.33121652508441723,-0.258270213366326,-0.2884524473563988,-0.3267499354789099,-0.2619151745922233,-0.2673663494963398,-0.3870745305901225,-0.3775100084693892,-0.2853975435577142,-0.41229146349278795,-0.2693692157521739,-0.22563353953862225,-0.3087598830199728,-0.3965291573665801,-0.3643740827352058,-0.23996597454995167,-0.3518098592608792,-0.42132369922320284,-0.351961781592792,-0.31079633343859514,-0.34035563946409814,-0.34744913741605876,-0.2855065893327584,-0.34354692280070176,-0.2385182541804226,-0.3614714219615421,-0.2769794172094881,-0.28857392130604836
1.8850626475755325,1.5696983048444457,1.825968543055227,1.756168482710917,-0.3150939661793412,-0.333199988033756,-0.36857627560341644,-0.33803890006971554,-0.3867962417629954,-0.25861468294071693,-0.28388221095162974,-0.22816410412476032,-0.28195182111646855,-0.35276769220533044,-0.30848244816870085,-0.39931740903760204,-0.38630343608469714,-0.2842139485010348,-0.22882856035029947,-0.340072272131907,-0.32075330065501606,-0.2278270026432361,-0.3021711456310115,-0.3179716848100791,-0.35214527708032023,-0.34202990505745684,-0.28541941489130024,-0.2627009282879919,-0.35781711530647065,-0.2331649982974927,-0.31864548397534675,-0.37452494526112085,-0.4032615866759681,-0.3628647449738855,-0.401892860601863,-0.31659344372626846,-0.3344258359435002,-0.25550749385285954,-0.401813889626579,-0.3085424024986579,-0.2920710101133753,-0.23934159944899783
2.0146330561531713,1.5988163401022404,1.6583542336435728,1.8407158181983023,-0.3980620179677958,-0.23883167461783944,-0.26155698123051024,-0.36191805187893644,-0.29354489704381803,-0.2987194927915486,-0.3452620159745627,-0.21306079406660258,-0.33741459447766947,-0.35718015609881226,-0.3949284677626625,-0.25030779205541526,-0.3874969662505175,-0.3076798782040021,-0.327873255042957,-0.29835200631193104,-0.27629295299724216,-0.3870187421633918,-0.3339903873659683,-0.2542724428172157,-0.24814891061882027,-0.365400102886583,-0.20961327096309185,-0.22250005410422782,-0.29043211649548584,-0.22211886615453463,-0.33945634007035635,-0.2888762375705188,-0.354181229722149,-0.37867537890226793,-0.34243742510812775,-0.2555571224199816,-0.29096021086240814,-0.23539209615114476,-0.3818093807561246,-0.2030994430287285,-0.39412775108364545,-0.33743309395929305
1.8780596659661652,1.5052020777113801,1.7464054873242114,1.8151492559165368,-0.3015741471074704,-0.36389480993009277,-0.2866981459951368,-0.25819109866428414,-0.27500275281866315,-0.2400184863298211,-0.1936866427656736,-0.3081236801608621,-0.23821401969357536,-0.23440499548479493,-0.3791192318753014,-0.24998383380500458,-0.26701433064844593,-0.2966566166363422,-0.21070382071576205,-0.22049602844693583,-0.32696979363494405,-0.2591661285098154,-0.2221619275433775,-0.33937217596609653,-0.2772637496591418,-0.3062109587632027,-0.330882379785072,-0.35405813658707075,-0.31162663177720645,-0.3572028118536928,-0.21041299729213445,-0.3763547839285538,-0.2690060568346135,-0.32087861961877895,-0.2505169323562495,-0.27693848146233224,-0.19703114569657917,-0.29696312178788953,-0.3603159425469232,-0.36789719502955376,-0.29674753718403324,-0.33262007220908085
1.8352928011707264,1.83565016385929,1.929129507190709,1.848618294119852,-0.3355588684851663,-0.2629133692045325,-0.3465490518521002,-0.35131875169306587,-0.27269231438824254,-0.355494194621941,-0.33560985760060874,-0.3634209495488365,-0.2492513582903936,-0.29436597409659143,-0.3282778810824882,-0.2195419710006082,-0.3335155816423641,-0.23265932895024435,-0.31668421397811064,-0.25115186407676215,-0.3093411670045826,-0.3137777274962562,-0.23941539557985117,-0.2607836238760352,-0.3330370713298123,-0.36774687800173983,-0.3594349954323509,-0.3396599378754737,-0.3405198805404412,-0.22601336437811687,-0.30308941351213214,-0.21734123508817893,-0.1947401853245128,-0.22116033885981226,-0.3420785348169447,-0.3686776276223741,-0.2624825770141279,-0.36022047863884776,-0.361707345593917,-0.2004487287123493,-0.18699903456347403,-0.21062404086839848
1.5967739609465579,1.9674945422745769,1.7788235514703514,1.7796956832804023,-0.21919613793293438,-0.29687473431480316,-0.2109732007080799,-0.21736686730076468,-0.31770649892138775,-0.35353397696076405,-0.3541665781794958,-0.20647606248659225,-0.16324866055548976,-0.2623029530974545,-0.19146895902217925,-0.34664303036460115,-0.20192588649029775,-0.24703814554444403,-0.24487681568428205,-0.17609530629326994,-0.18851216101108803,-0.2513803890112296,-0.29942481812137656,-0.34296139854739904,-0.17137257563736175,-0.21899629636266468,-0.33657028198931127,-0.2766825651015481,-0.3471052144945494,-0.3354995038378543,-0.3384438915696723,-0.23549895659187467,-0.2964493861794415,-0.22685162894505215,-0.1902840158056092,-0.30727791172062224,-0.295013599325513,-0.1681703126437786,-0.3040070513437403,-0.26728698981762794,-0.21192286169956176,-0.2737380945876283
1.8890574815051449,1.5187629829460463,1.8605321517099849,1.5250867752221546,-0.335784951952255,-0.3372480919254347,-0.2142689742879849,-0.2986953916159399,-0.18509522237051293,-0.2694809843921347,-0.21233929680037603,-0.23205417945343618,-0.1940289037835313,-0.21350914136571536,-0.3192414985295822,-0.16284422613401722,-0.1538260254521159,-0.1647279747238058,-0.3393674711165451,-0.31454606618705183,-0.3211178332874916,-0.23462384294949354,-0.18932227736793236,-0.3178723344144851,-0.26808754283336766,-0.3491828412042696,-0.21374173224822268,-0.28501057261946766,-0.3404378175498652,-0.25205494174126164,-0.3108338479469809,-0.15547775083402765,-0.26406850534621795,-0.28304601386501455,-0.288058096641702,-0.30390062964694337,-0.2685828749510235,-0.2151925818324457,-0.3187442797220108,-0.17491748768763782,-0.31826086455216895,-0.26270928167566704
