gfs-wave-data.json
{"header": {"parameterCategory":2,"parameterNumber":2,"dx":2.5,"dy":2.5,"nx":144,"ny":73,"la1":90.0,"la2":-90.0,"lo1":0.0,"lo2":357.5}, "data":
[rows 46 to 68 of 73, columns 51 to 101 of 144]
0.0,0.0,0.0,0.0,0.0,0.0,0.0,0.0,0.0,0.0,0.0,-0.43081879775682536,-0.4631962653102124,-0.45004462516443694,-0.47883928559436395,-0.5997506162953012,-0.6196142846463374,-0.5422050377152668,-0.45097900843212047,-0.4556011597922457,-0.4778501123293655,-0.5549066521622903,-0.9249862081099928,-1.1312512964971888,-1.1002135148609442,-1.0870144362486698,-1.026418270192278,-0.9591629094272651,-1.0716563510351464,-0.9344369955128194,-1.0561679819876764,-0.9959092757993213,-0.9574717576879348,-0.8606330738321204,-0.990841035242771,-1.0425089313883433,-0.9214999295017261,-0.9628288601938343,-0.8987839026596636,-0.9901823574963078,-0.8392829160761842,-0.8555593347481574,-0.9076332207143442,-0.8985264309431003,-0.8526657243957997,-0.8059732326311252,-0.8305250239383438,-0.8850170916087107,-0.8870848610574472,-0.8050167064777077,-0.712416932659811
0.0,0.0,0.0,0.0,0.0,0.0,0.0,0.0,0.0,0.0,0.0,-0.5613965663431151,-0.6000918622801512,-0.625760866502237,-0.5982556710305114,-0.4750266347270729,-0.5723826308831415,-0.5242101448523016,-0.508229613336358,-0.5253216597410044,-0.6225812247278691,-0.5346647710169126,-0.9894663301613107,-1.0019212609151662,-0.9284904468076911,-1.120553704451589,-1.0071492651569887,-0.889403300128136,-0.9097315364501846,-1.0161068007598557,-0.861024122227122,-1.0625584178583212,-0.9376511347207789,-0.9475309772159178,-0.9613761886265282,-0.9240776817993817,-0.9806371098074015,-0.9223944945045174,-0.9398913202805258,-0.9597933590686688,-0.9002267222810002,-1.0040871981353574,-0.9744376216951519,-0.8560088042625474,-0.7783641638560338,-0.847489456606302,-0.79388171208577,-0.7631713926207788,-0.9016037170867849,-0.723946570379929,-0.7373868065545296
0.0,0.0,0.0,0.0,0.0,0.0,0.0,0.0,0.0,0.0,0.0,-0.026448803358165046,0.03357782496776763,0.008729042044598389,-0.01225319614011455,0.028448453632946274,-0.001783165829181687,0.00676008797642245,0.008385762847191752,0.005282788627300418,0.0057057615357871,-0.015382280955143391,-0.0029978444833327644,0.009070963024309648,-0.023271908434103726,0.026477578135003055,0.011017264621987948,0.0023538854422975736,0.012901481217098068,-0.0045651564859251195,0.031260124209936076,0.009733433774511427,0.0012187935397304092,-0.025563660511289717,-0.006505083390705745,-0.0011246208812340432,-0.004093652459305154,0.009535945101457985,0.020377832216317903,-0.014932401634491844,-0.00935610917506609,0.01532490548789355,0.0198022515535642,0.016599389551944586,0.00894694709062737,-0.012786165538102343,0.012809182372756753,0.010550685420850324,-0.007740710705037028,-0.00328230746093825,-0.014851198624978964
0.0,0.0,0.0,0.0,0.0,0.0,0.0,0.0,0.0,0.0,0.0,0.8243670361029136,0.7673045798132022,0.799307306207352,0.8630006108663177,0.9348631504391285,0.8933101501853619,0.9572387400322896,0.9342025320663223,1.0806994651116206,1.1458266354173754,1.1502429309001527,1.1678798377785902,1.0322784600087684,1.1110705113611055,1.049695020946078,0.943760317268204,0.8278227880967539,0.9264149998179153,0.7840864659578948,0.8011295540573329,0.828343016978968,0.7789602210451898,0.6410743890684709,0.7420902787049556,0.7256734512324391,0.5572991493449816,0.623662941525646,0.5906965279946108,0.7135139128751554,0.5731760287853674,0.7329716008616238,0.7085342631510056,0.6640947747621454,0.7063761803324636,0.5892775259547116,0.6109797598118866,0.6936962582611154,0.651788444946315,0.7722559079965357,0.617320253157834
0.0,0.0,0.0,0.0,0.0,0.0,0.0,0.0,0.0,0.0,0.0,0.7732368672466486,0.8809000927040825,0.9227874163450555,0.9694679857866145,0.9352619300177315,1.046685287448807,0.9504638810856875,0.0,0.0,0.0,1.1573242157396704,1.1522515742628598,0.9710036378839854,1.0658703801678313,0.9744095663207322,1.0401333598296894,0.9156514800493172,0.8285412997499647,0.9001694229198387,0.8661979189217376,0.7772772777478406,0.8505518243374631,0.7827161417526399,0.7886952687505633,0.7380808668254364,0.7817964825641732,0.770931921236925,0.6078727175793417,0.6365336158065882,0.6641309081667556,0.6000418546746403,0.6678546888301499,0.6281232785767872,0.6625756116100135,0.6038722331551876,0.5261007120757363,0.6043754706896332,0.6827148644792935,0.7378494094845881,0.7780973792046243
0.0,0.0,0.0,0.0,0.0,0.0,0.0,0.0,0.0,0.0,0.0,0.7533887751162708,0.7815395377581745,0.9150344383867149,0.9170045941216088,0.9705587417197881,1.0345500416438145,0.9796648660867858,0.0,0.0,0.0,1.1385264301505558,1.115022547566794,1.0737666045932426,0.9893181507923907,1.0275023522161906,1.0235024762588767,0.9500073501394346,0.9762369683556974,0.9052368708830979,0.8602363417498048,0.8193637555766494,0.8079845686879841,0.6369847970922359,0.8099349828474545,0.7647131535004874,0.6524302321915997,0.7290860268034134,0.5998688902712778,0.7465651647689937,0.5939905241494666,0.5602708176314087,0.7090814423079744,0.6309643405691586,0.7326425115803782,0.5289365545452317,0.548955516085075,0.7790345471530603,0.6579055027927998,0.7363731688271585,0.7205216775791318
0.0,0.0,0.0,0.0,0.0,0.0,0.0,0.0,0.0,0.0,0.0,-0.005273300250592086,-0.02231864775230529,-0.010128979693878604,-0.01136657387307522,0.004894537441588676,-0.014744636420580395,0.005462955315657145,0.0,0.0,0.0,-0.002581925328947813,-0.006183404646379874,0.00041049606465055574,-0.010301297326445538,-0.003787557841861772,-0.007567926241498477,-0.014053078993297208,-0.006040571696921638,-0.003988615016791039,-0.016962585775301187,-0.0059267702378696845,-0.00311985119504128,0.001122105409408287,-0.00046589018305313596,-0.019485771691477194,-0.003910462789168045,0.0001778670299544536,0.011905305153943805,0.0032581846607661613,-0.014053531740962659,-0.0014132856817964043,-0.007274871587516566,-0.003329452736079094,-0.004353350836093466,-0.024938453522599928,0.007581630388032897,-0.006290527568360574,0.011541660414091114,0.01199596046626091,-0.0024806972272006208
0.0,0.0,0.0,0.0,0.0,0.0,0.0,0.0,0.0,0.0,0.0,2.1572040457741952,2.0504579829995477,2.041927161659557,2.009798229370536,1.836692168915893,0.0,0.0,0.0,1.9662353150560465,1.8897141817313894,1.839536991999999,1.9117414894922018,1.8588552085097263,1.7324030257929135,1.7966625464604142,1.5385079663306729,1.608251767856677,1.5663285649650478,1.467388991457795,1.453174659602897,1.327221704757646,1.3460627274773604,1.2787090248870678,1.2175112395888785,1.2847812724491487,1.1547269853872255,0.9853184972292764,1.1850654518295376,1.1729261618192368,0.9970008524840408,1.2196135776667891,1.0519600613426232,1.1472522212722738,1.1507006655652976,1.0692035245180467,0.9858802231609008,1.0259228813920402,1.1745370646940603,1.0867186733137475,1.2073381632542193
2.1859909865019787,2.141591107750258,2.0974595415218236,2.185287165377022,1.9146745111186945,2.189384403517153,1.9070970103997258,2.057308747161766,1.8436270740368275,1.8194828250708235,2.1190562628161205,1.8770687254711602,2.013863520803671,1.8866524740623687,1.8483107949954178,2.015061160562029,0.0,0.0,0.0,1.8651425907337698,1.8973889890536408,1.9036213165212594,1.9000405222279244,1.7758804276190725,1.7460911844901421,1.7701335791928483,1.7426572389868376,1.5824823567011366,1.5704011811120355,1.5241746749822855,1.4618434387071852,1.4521680220941313,1.4241482892401058,1.3722693068097704,1.2374325190421878,1.2125906121356835,1.1711165374456556,1.2993068410938915,1.0948227073597947,1.2235657614520257,1.007919100380668,1.100928755955065,1.2222647000340037,1.109841035084027,1.0007013650947267,1.1457358542508003,1.0308342229818739,0.954871195614429,1.0867297158192997,1.112940106360938,1.1988405920155674
2.180311096206532,2.0092243284564866,2.000278044414331,2.0618209100114147,2.1182603003127176,2.1684864274029936,1.8638428094416142,2.2054641624794815,1.824084849944409,1.9803231777124042,1.974996073646407,1.9736346676206509,1.9223192518177605,1.9257718059717563,2.045488477772257,1.984007481360412,1.9989902219077775,1.9043739197902936,1.8610477255448883,1.936248719313643,1.8967107155328877,1.8335923409179682,1.8388447849114682,1.6892895334266422,1.781211252757159,1.644596546629402,1.5909782676669229,1.5574656288920536,1.5602037262167459,1.4638368437364155,1.5266510202446804,1.4912019443374507,1.2411641005519298,1.4462659807077953,1.4223512520656352,1.1534360981060485,1.2917797853089266,1.1675827791082882,1.2169451312383097,1.2476026912696447,1.0493815986704653,1.0480965863171163,1.0668664192184496,1.1115374687385753,1.1348199945377682,1.1372078452967214,0.9766706241105488,1.0024921412962189,1.0743932244442642,1.0773270099968988,1.1212357295044395
2.12722633820743,2.0443900045353582,2.2299106248232254,2.0584584286483087,2.0572655840020535,1.7529712912638113,1.835716531092309,2.104155571158414,2.0707280551842056,1.8455759373489407,2.193468307099299,1.924129706908782,1.9530427594478732,2.017435053798391,1.8213853193344012,2.023173003653346,2.0148815337347226,1.8580133820462494,1.8091948471799577,1.986796856214568,1.9417025699157677,1.9102951536023765,1.8405835373272101,1.6903413730086585,1.8112016067660648,1.6963371545330503,1.645584082952671,1.514697077784785,1.6636685970358787,1.3391959987481348,1.5602188919000815,1.4288424469508232,1.431862243465998,1.303522936320309,1.259964177979731,1.2366259972124751,1.2287497865355406,1.2665658097828558,1.1362287501376656,1.3140500657058234,1.0651629031506258,1.0631860223695155,1.0743040624042857,1.0901865517177018,1.0269840489852442,1.0121261252551568,1.1899709309755497,1.1121438013967468,1.1001242435098137,1.077139827417755,0.9686007228762444
2.2218083132878865,2.27983893359363,2.1755739404354393,1.9763757626675016,1.909821016956947,2.030777184091628,1.9366238695588733,1.8454166982755753,2.0591682296061196,1.9399302400325584,1.843572825119045,2.008741610088756,2.0496346237311376,1.8993146665240264,1.9138821287193641,2.062840385777464,1.875505447497204,1.9473726759054948,2.040768758262818,1.8681712394329908,1.7985810653275134,1.9140502249791644,1.9200041587899481,1.7811014787904718,1.6866054591178028,1.6843487920169888,1.7021428392130127,1.4977379841714447,1.5829036966620273,1.503255319970832,1.4299515548091908,1.3086137837871032,1.3432346300452345,1.2197210723370409,1.4092881090777138,1.2926924682252663,1.2637691831956004,1.1736408220026868,1.0193666751780779,1.2514693273268205,1.0505009626954889,1.1086308543254524,1.1916726904884856,1.1814795500669937,1.1695948359136594,1.1067727873317579,1.077984758738599,1.1545036810585179,1.1255179452027422,1.1033598697962843,1.1558567998897669
2.095703774370401,1.9653633910999022,2.1812966878433273,2.045802536795633,2.1519765774301844,2.0705977807065703,1.9632546104105681,2.0780175426477934,2.0306233302522823,2.0712849180140154,1.8771473645757113,1.8929453220189163,1.9852263101225622,1.8571230406254697,1.9355965242230364,1.9089723589280878,1.971990288142512,1.9586791391216227,1.9156142740701751,1.9589611263097113,1.8470828057517743,1.8314901727109356,1.8750539951814953,1.647457698662893,1.7039215737313513,1.6553513486930482,1.5484534043684495,1.6551799593580352,1.4936444605490735,1.406470798277835,1.337338012138032,1.5270636150217394,1.399197756753189,1.2515672239525615,1.2705356799604213,1.0885211130787469,1.362986922031153,1.0802638402432043,1.112072666320625,1.2598649300720681,1.2024699491965487,1.2251154657093735,1.1522700605777274,1.032627055982218,0.977063682697232,1.0771687225741684,1.126455636463799,1.0656983461080463,1.0919500664310087,1.15872348560908,1.0288777309805193
2.0325130830125433,2.3215853299535794,2.3288466766433102,2.0160263131761775,1.8827837531954947,1.7988799075060036,1.9138241828534879,1.8225505074923671,1.9799407059418583,2.0217842420550425,1.858856678155026,2.0043635637362014,1.7876289740491778,2.0476522251684357,2.0033498208453806,2.066358815515612,1.9007838635927394,1.9057805861011021,1.8443950744737703,1.992310435398686,1.8002559499001523,1.8315883432282043,1.8837091892827613,1.7876187187215151,1.7411012035114255,1.721081639841268,1.5972857541283465,1.4948292451965863,1.516169449041315,1.4574162808404822,1.4338702926579934,1.276624342897522,1.4306441473803582,1.1934250837370002,1.2698378110479567,1.3220680735223052,1.1274356226258568,1.1417819167055616,1.132240029705496,1.1788002684358359,1.1067248842383222,1.125319884908053,1.101860290128368,1.0248206452143962,1.1490431191835249,1.072969821392229,1.1414777779800973,1.0957012872087746,1.152720176584144,1.2103703128926098,1.1224577066805583
0.0001893331638773948,0.004025731721359365,-0.012359655177557629,0.006831053730630335,0.005750408950188012,0.022627979377271224,-0.020581754576702267,0.01091066376235024,0.0003295192280407371,0.003795622548013296,-0.013302090278567998,-0.021430883363336962,0.00334976368326202,0.011588960529407135,0.01400513939224506,-0.0011130374196943345,0.006899480485392453,-0.022340595912758263,-0.015502989794375104,0.005418701182637097,-0.0128740449938114,-0.013552959595235765,0.015671217127027896,-0.012776334695716403,-0.002202499736594514,-0.007423372799013333,0.014787585648217721,0.00399864619242215,0.010044656244623177,0.013350761137548958,-0.012234938673572653,-0.0005418548592392097,-0.002759299411355186,-0.014168117941645937,0.00847674777998999,-0.0012647066217925296,-0.006161258745324518,-0.03151436838560075,-0.007050802084842049,-0.028891979631630687,0.02505503530845693,-0.004327198813361988,0.029959582316857948,0.003326574559225781,0.0035137365707073494,-0.012237079056969576,0.013393103507653282,-0.01679600134853588,0.005373078218816232,-0.011573336517496847,0.021476192396074206
0.0,0.0,0.0,0.0,0.0,0.0,0.0,0.0,0.0,0.0,0.0,0.0,0.0,0.0,0.0,0.0,0.0,0.0,0.0,0.0,0.0,0.0,0.0,0.0,0.0,0.0,0.0,0.0,0.0,0.0,0.0,0.0,0.0,0.0,0.0,0.0,0.0,0.0,0.0,0.0,0.0,0.0,0.0,0.0,0.0,0.0,0.0,0.0,0.0,0.0,0.0
0.0,0.0,0.0,0.0,0.0,0.0,0.0,0.0,0.0,0.0,0.0,0.0,0.0,0.0,0.0,0.0,0.0,0.0,0.0,0.0,0.0,0.0,0.0,0.0,0.0,0.0,0.0,0.0,0.0,0.0,0.0,0.0,0.0,0.0,0.0,0.0,0.0,0.0,0.0,0.0,0.0,0.0,0.0,0.0,0.0,0.0,0.0,0.0,0.0,0.0,0.0
0.0,0.0,0.0,0.0,0.0,0.0,0.0,0.0,0.0,0.0,0.0,0.0,0.0,0.0,0.0,0.0,0.0,0.0,0.0,0.0,0.0,0.0,0.0,0.0,0.0,0.0,0.0,0.0,0.0,0.0,0.0,0.0,0.0,0.0,0.0,0.0,0.0,0.0,0.0,0.0,0.0,0.0,0.0,0.0,0.0,0.0,0.0,0.0,0.0,0.0,0.0
0.0,0.0,0.0,0.0,0.0,0.0,0.0,0.0,0.0,0.0,0.0,0.0,0.0,0.0,0.0,0.0,0.0,0.0,0.0,0.0,0.0,0.0,0.0,0.0,0.0,0.0,0.0,0.0,0.0,0.0,0.0,0.0,0.0,0.0,0.0,0.0,0.0,0.0,0.0,0.0,0.0,0.0,0.0,0.0,0.0,0.0,0.0,0.0,0.0,0.0,0.0
0.0,0.0,0.0,0.0,0.0,0.0,0.0,0.0,0.0,0.0,0.0,0.0,0.0,0.0,0.0,0.0,0.0,0.0,0.0,0.0,0.0,0.0,0.0,0.0,0.0,0.0,0.0,0.0,0.0,0.0,0.0,0.0,0.0,0.0,0.0,0.0,0.0,0.0,0.0,0.0,0.0,0.0,0.0,0.0,0.0,0.0,0.0,0.0,0.0,0.0,0.0
0.0,0.0,0.0,0.0,0.0,0.0,0.0,0.0,0.0,0.0,0.0,0.0,0.0,0.0,0.0,0.0,0.0,0.0,0.0,0.0,0.0,0.0,0.0,0.0,0.0,0.0,0.0,0.0,0.0,0.0,0.0,0.0,0.0,0.0,0.0,0.0,0.0,0.0,0.0,0.0,0.0,0.0,0.0,0.0,0.0,0.0,0.0,0.0,0.0,0.0,0.0
0.0,0.0,0.0,0.0,0.0,0.0,0.0,0.0,0.0,0.0,0.0,0.0,0.0,0.0,0.0,0.0,0.0,0.0,0.0,0.0,0.0,0.0,0.0,0.0,0.0,0.0,0.0,0.0,0.0,0.0,0.0,0.0,0.0,0.0,0.0,0.0,0.0,0.0,0.0,0.0,0.0,0.0,0.0,0.0,0.0,0.0,0.0,0.0,0.0,0.0,0.0
0.0,0.0,0.0,0.0,0.0,0.0,0.0,0.0,0.0,0.0,0.0,0.0,0.0,0.0,0.0,0.0,0.0,0.0,0.0,0.0,0.0,0.0,0.0,0.0,0.0,0.0,0.0,0.0,0.0,0.0,0.0,0.0,0.0,0.0,0.0,0.0,0.0,0.0,0.0,0.0,0.0,0.0,0.0,0.0,0.0,0.0,0.0,0.0,0.0,0.0,0.0
