gfs-wave-data.json
{"header": {"parameterCategory":2,"parameterNumber":2,"dx":2.5,"dy":2.5,"nx":144,"ny":73,"la1":90.0,"la2":-90.0,"lo1":0.0,"lo2":357.5}, "data":
[rows 36 to 53 of 73, columns 0 to 41 of 144]
-0.9228881593128844,-0.8468360992921152,-0.7985150423626515,-0.8818730713674442,-0.8604329700188548,-0.8601399891985667,-0.8110977195250678,-0.8520458393626031,-0.8261184269984284,-0.5067760137430446,-0.5187702927045021,-0.5495240449654902,-0.40706433955352006,-0.6274598975750486,-0.42742994086307595,-0.8798488936093251,-0.5443171191145502,-0.7228793416854821,-1.0912021512656607,-0.8262922511857178,-1.1284142907506145,-1.1404889992826734,-1.0848584460344786,-1.2271786686395236,-1.1294929379901462,-1.2304044967261698,-1.0340758708672753,-1.1084339400886358,-0.8254552579622654,-0.7727324154933585,-0.6448056055403895,-0.7046468404932413,-0.594123046180833,-0.4749508601098849,-0.560260779676366,-0.44032770705541885,-0.345878975826482,-0.46391475919606817,-0.4558585691666486,-0.45166241449999345,-0.37640506354288267,-0.536959299940421
-0.73555998484016,-0.8209841387216794,-0.9218653081236432,-0.9129545413386924,-0.8117613432962236,-0.7837988897459365,-0.7291215284719174,-0.6617340455253685,-0.7383067264431936,-0.5934407966886024,-0.47733810717706676,-0.543937091147164,-0.5149250358730281,-0.7316875337161494,-0.524121256953596,-0.48866780516143266,-0.6881598415261918,-0.7304764932940484,-0.967480937968006,-0.9738742986174206,-0.938454708617104,-1.189322493795039,-1.0192210392736454,-1.0928999231917766,-1.1144120355723997,-1.1410677538829133,-1.0587496403370587,-0.9168456050200112,-0.8687292915432409,-0.835824715518877,-0.6436994320151745,-0.6838356083046194,-0.614685264322082,-0.4645892442104158,-0.37240454303177684,-0.5947594108323935,-0.3408547942611217,-0.32600667936392086,-0.39646820376572844,-0.48819742372437147,-0.32533961114102977,-0.38519408213192885
-0.7623647282861181,-0.7588753900550615,-0.8023907363777651,-0.8038528898348131,-0.8249473465202164,-0.8940070843651139,-0.8185684665105291,-0.6075991940251313,-0.6648617214965817,-0.5695229525549325,-0.48903640972103396,-0.7185845918470845,-0.5113297329929465,-0.6151178953286316,-0.6997207892393503,-0.7267532095413799,-0.8420788340482203,-0.8258306343558441,-0.7996945730874357,-0.9166623614531361,-1.0161735966258008,-1.0917561592872087,-1.0637992585266638,-1.1254137556643924,-1.1079979166087015,-1.0378541822488045,-1.072109316125347,-1.1430618482815766,-1.052991560365332,-0.688125021235795,-0.6082185210375243,-0.6159894010400132,-0.690684078649421,-0.480164252353728,-0.5030458864300859,-0.39100742879898465,-0.3076217800646193,-0.3641459201054605,-0.48719194359205925,-0.323354368248624,-0.48731410876842535,-0.5226986719598856
-0.7209241735554413,-0.7615631076713795,-0.750858117403555,-0.6909779591884532,-0.8567425271382964,-0.8222520983273133,-0.7174402191641842,-0.7096481214548976,-0.7248438386119129,-0.5954251844127764,-0.4693563396441173,-0.6865385697854377,-0.4509603343729973,-0.5632186324127112,-0.5696180764128207,-0.7425512739990173,-0.7973365367572379,-0.8943415130154564,-1.005978349629895,-1.0183384294749864,-0.9397304763148296,-1.1257808848960742,-1.0569856257081136,-1.1032214446257822,-1.172415059240962,-1.0595308653142312,-0.9952095139681459,-1.114491271550003,-0.8449455166685055,-0.8048175568981987,-0.8335292051840684,-0.598866241237055,-0.46311349439562755,-0.6779087601703625,-0.40271091035593104,-0.3219223802642391,-0.4306598545879195,-0.4675694969736885,-0.40639278951472546,-0.42146562687801853,-0.3732480157605977,-0.3763968754968191
-0.7208159731752734,-0.7413004172005837,-0.8265126461401737,-0.8107630615881773,-0.6912633002624082,-0.8785057184032363,-0.7965545059275737,-0.5806645161753209,-0.5343649222166497,-0.6505099303654402,-0.5639792336784597,-0.4708261894758329,-0.5201255705548744,-0.605806679688116,-0.5266654669096219,-0.7363959339987598,-0.8076680437222371,-0.8941578246765183,-0.9124005636024223,-0.9771377842291901,-0.99884701153631,-1.0313227861662415,-1.0726305510944736,-1.0998583735334542,-1.0505110867030658,-1.0255771493753179,-1.0609858898756586,-0.9497709933435743,-0.8059327545511118,-0.7821578619621676,-0.6422681837843515,-0.7468342284216223,-0.4778660470167338,-0.4634064175984135,-0.3852109887319755,-0.42386927423881254,-0.3082103878989477,-0.4498345366858638,-0.41911233675865733,-0.4088232564353185,-0.34216816217660667,-0.44632158570687774
-0.839620245852706,-0.7825560798679649,-0.881845497876031,-0.877923383294403,-0.7433985911041715,-0.612088044667824,-0.6734840462993603,-0.639904348423336,-0.46231986772636796,-0.656584346881069,-0.6473469273814009,-0.6455194109369987,-0.6423704011512555,-0.6242614034140903,-0.6034778813343843,-0.5835769816657835,-0.6715048467781252,-0.9660626391123038,-1.0048285985576368,-0.9433497526483399,-1.1084326731769099,-1.028143154262008,-1.0667779790173708,-1.0203377189838256,-1.0595011327555346,-1.14235521893306,-0.9412421113822844,-1.032635237833762,-0.8681740496049885,-0.7860225594069185,-0.6973319322926642,-0.5108233775922084,-0.46688360242808363,-0.42874892286436983,-0.5454833240820313,-0.345684841248359,-0.5055839054564923,-0.39815071505060523,-0.4389644707296298,-0.35893861710899133,-0.2945140320774409,-0.4232766261619077
0.03419155025348245,0.008944707597724984,0.022347455065099678,0.007874719826079284,-0.040408815027176345,0.028180695299382715,-0.04109743806903391,0.024841556054531675,0.01184304545226458,0.012904107440260125,-0.013567688829192287,0.02475087821568857,-0.04469374385114502,0.012047314115365273,0.011958515170344188,-0.04465329767408035,-0.03926509207827284,-0.010214196213261311,0.013971959759326864,0.004083246636817665,-0.010645446023529318,0.0029024653712452562,0.04874048026466315,0.039136753350143806,-0.03040254746330331,0.020707238102468634,0.016399216619950658,-0.0032446253413647543,-0.02704551176226695,-0.0054387812453554575,0.03171367870881354,0.02175180310158779,0.032029253302010535,-0.02276472221355205,-0.0008470810409971514,-0.04030298304703204,0.027990333371591108,0.022651545205996486,0.053480969284992054,-0.0027903283398513323,0.01061355144148403,0.017798218560835837
-0.8505696534658503,-0.8592438795730923,-0.8804453079833097,-0.983951081426326,-0.7829886005695973,-0.8887317559204623,-0.8745047838443704,-0.7884751028266687,-0.8346995819399217,-1.0419738699530485,-0.9534922318634844,-0.7835707601145903,-1.018976284233263,-0.8819710926845882,-0.9677351555148513,-0.9398111374133028,-1.0197707523755042,-0.8968629183302544,-1.005484674346249,-0.8940185297300415,-0.7603480288908597,-1.0070002586849753,-0.9132217982622034,-0.7880253344636517,-0.9478098217044285,-0.7416670472261033,-0.7461858980261054,-0.6818389038032389,-0.6040682020133797,-0.9266798137782786,-0.7149205675872833,-0.8164669031053686,-0.6243888906822559,-0.862714246735083,-0.6597187215439853,-0.6301154603902552,-0.6339190340870471,-0.809905850281479,-0.7218303568353024,-0.599291455724542,-0.5821333703824456,-0.628177497593507
-0.8776979238191855,-0.6871334431620315,-0.7879861805525153,-0.7542008830418535,-0.9335692224121604,-0.9721645325211231,-0.8825667492695703,-0.727755315792244,-0.9338977161559554,-0.8857373678608831,-0.8284019731075346,-0.7434697631989514,-0.9392582726724998,-0.9301945615129523,-0.8272832127553849,-0.8252755855194421,-0.9628030408890882,-0.8497558847964218,-0.8222197773319175,-0.8671028701605694,-0.7037749540673561,-0.8831297641764527,-0.8270125121855529,-0.8513739716316181,-0.6978874842448213,-0.697721332782179,-0.9367624267312783,-0.861809295697524,-0.6182964393904543,-0.6708894297742416,-0.8759162029736691,-0.6177814205663658,-0.6730747177806328,-0.6067430891397143,-0.8242572987332132,-0.8123323250604637,-0.8376191628921745,-0.5894553973720029,-0.7452921670988786,-0.7207147467841408,-0.7190669703301007,-0.8503310077106391
-0.7437833664072605,-0.7962912076616717,-0.9047934299027107,-0.7946454895912558,-0.7976248591769203,-0.8529167561350428,-0.9009221547413625,-0.9602543624588532,-0.8855156117454699,-0.8844994130593903,-0.7705621908893457,-0.8975897247301984,-0.8648353715853098,-0.811227235794274,-0.8122011311814015,-0.809036916953364,-0.819936477002977,-0.821683485675506,-0.7274981607589307,-0.7781853847893373,-0.7917399534110312,-0.7567920332672629,-0.7953066976270602,-0.7225698937883902,-0.8413210435559434,-0.7224470028931437,-0.7875936145135357,-0.7789652632772782,-0.7747873110442124,-0.7027280605007175,-0.8026293597776686,-0.8339536180473057,-0.8008452819808762,-0.6228163923850987,-0.864084962658818,-0.6675850174046802,-0.8301534826411606,-0.7869598305724321,-0.8351080716446224,-0.8277106620549644,-0.7247094351865433,-0.6811696564621295
-0.8735743291882168,-0.8372600233573759,-0.764291717429271,-0.9304259679479305,-0.8268265386296636,-0.853574106688888,-0.9502315027499942,-0.9538739817324918,-0.9032402226525924,-0.9777613002015919,-0.9860605343512413,-0.7365387997611175,-0.7596545019151686,-0.7528252612096719,-0.9367597324264518,-0.9898800242549866,-0.7479930617931441,-0.9530512042994573,-0.9225366902902951,-0.903578180780918,-0.8737001424067576,-0.9930312094663233,-0.8084144523560134,-0.9128704405230657,-0.8837884574376266,-0.9072544929574058,-0.7839467741535059,-0.7531405361313344,-0.7320651394623245,-0.938553537887952,-0.6915203189394075,-0.8722975698128753,-0.7913326059617611,-0.6444789358013767,-0.7272745507047493,-0.8157216265494184,-0.7570147341045467,-0.6718846154356076,-0.868668396250687,-0.7758483810642977,-0.6868952634446384,-0.6901521048521542
-0.8304123412744846,-0.6712989164697486,-0.8026110189803173,-0.7894814316056155,-0.7843363732803447,-0.868828932527837,-0.9591048524286142,-0.9060413435673376,-0.8485033936856515,-0.7236698146821272,-0.7867184158248565,-0.8789045400025914,-0.946411176209365,-0.9468283226182854,-0.9090536127400674,-0.7855517394834031,-0.8425686071646891,-0.7812899745272553,-0.9676463670195873,-0.683778602507931,-0.7075961213722257,-0.870841518887795,-0.9634743614774623,-0.948587594128229,-0.9376360475854205,-0.6672905880945333,-0.8203825531949036,-0.7811723958911015,-0.6767497209805363,-0.8419907683671436,-0.8550810044237791,-0.6784218419301652,-0.693274759825325,-0.8509668696036777,-0.5624496662509185,-0.7576351102424318,-0.8048767487518631,-0.7417009579636131,-0.7671644508803593,-0.7870855255685683,-0.6203062719753338,-0.6041346907065179
-0.014757628309227075,0.008974132950901634,-0.004251760621761603,-0.008298937267767394,0.025877408985075935,0.013240486078998505,0.021122978008541588,0.02019514885647587,-0.0068518750694977065,-0.019064576714230976,0.02282593360285675,0.017682818922677663,0.04473390704665222,0.016061194834511433,-0.0006826600469136651,0.011086041261752892,-0.015399408392172844,-0.006654541428505726,-0.024954876102328077,-0.006961224863564352,-0.01481098041375335,0.01197174288050835,-0.01658478447514323,-0.04210082695312104,0.004930094472650743,-0.006387040802776741,0.004199586683058991,-0.019954099119124418,-0.02700468308778925,-0.0035556684036622643,0.010065256907151005,-0.03482059935228849,-0.034819918571941895,-0.002187494249040776,0.002714295009628722,0.0032675862896365607,0.019682927072575004,0.030709045310145053,-0.01244078966192644,-0.0018902951203434843,-0.03410740114805118,-0.0018513570468604679
1.5252784450833898,1.5320502572788095,1.627710701227527,1.4134154639503589,1.4781679879766072,1.4319071668401897,1.4343156978099099,1.4783089025420983,1.5150129353256454,1.355671914700776,1.304930639236996,1.1915478934586934,1.436888503566214,1.3638079382686747,1.1389384733307149,1.1122319204605857,1.2495742397616925,1.2056873274939688,1.136697826379758,1.0835108900879147,1.1597704501521275,1.0325143440362827,0.9170593578801841,0.9946145441822941,0.9312028660955795,0.9260774081220137,1.0991396451863051,1.0369926238730462,1.0327787220545257,0.9195620008604091,0.8725157647539442,1.0474527487131748,0.8556223678066812,1.0227385626651875,0.935197153003346,0.8977907490723269,0.9084523566782885,0.9283451257665402,0.8391318177544151,0.800295034405476,0.7568956357878783,0.7874396111057358
1.4563223585039617,1.4569760081165513,1.6021667091747962,1.5647222396487381,1.41054610130281,1.3495816080774072,1.4700509792034782,1.417642911647836,1.4920669689241386,1.37066259335059,1.488969908473556,1.3033603500434046,1.2093081255909308,1.4112056564301192,1.0784045654342342,1.3724668942843579,1.2711439102576993,0.9906585117065589,1.1435613330491585,1.0260218586136711,0.9089606561104385,1.0926464882939864,1.0152626119350447,0.9483452146305367,1.0015008803778402,1.0175343139606197,0.9858957339643108,0.9742694467952462,1.0511381065539651,0.9383327950570864,0.8761902781964495,0.9717830159310675,1.0376764828133205,0.8819537166937046,1.0070672067012718,0.910031402182573,0.8568796909414557,0.906578327955686,0.7961622742303189,0.7710484542684163,0.8056904121234456,0.7929982321263123
1.5668813499503285,1.616921802243916,1.4617847720510482,1.436791615865235,1.6106702629775855,1.4365184446114885,1.3407962328255412,1.5713903928239068,1.395053561936119,1.350990234563431,1.2158695449935155,1.407326614807126,1.220413253793796,1.299439956377816,1.150301750250934,1.2828512274639745,1.2745568046666838,1.022395666983297,1.0885467238603908,1.0304620177215604,1.159849880359329,1.0255826155753538,1.0605193892070306,1.020583305151366,1.0741018770562396,0.9549610117807006,0.9016154593091495,0.9477358532789951,1.1115415866832923,0.8974275154992408,0.8931263443280639,0.8821401988308792,0.917452017363571,0.9806197067847424,0.8456013326166908,0.8897177900123031,0.8033771322607899,0.9047232784053546,0.8051983499603226,0.7567707951668311,0.6861205951024075,0.7757789930090618
0.0009687987399577115,0.0005667528681238576,-0.00959834713152546,-0.008260318926708223,-0.013769051288556596,-0.00490001469484215,0.011281262127247152,0.002507727909708491,0.012182319565966352,0.016903681732404825,0.011045972976331324,0.0047385853018144,-0.0022358681077388675,-0.0002834848053001615,0.0038959896202248705,-0.0014667978561239082,-0.02436849860225264,-0.009874143417660425,-0.0004333358802271695,0.0010318644799233016,-0.016479339809333724,0.0016688109905764934,-0.016091152711453394,0.025838464261823953,-0.0059473856563322155,0.017861419428030274,-0.007481395194955024,0.012639114804798218,0.00656533328634958,0.027842257928104876,0.026431463730191163,-0.013147853364792792,-0.004322028157290825,0.012994438024186442,-0.008739648107908242,0.016203537626523296,-0.03331349170674914,-0.010622491315536492,0.00754716530117745,-0.015277277389222552,-0.03192857402990684,0.03423752540370579
1.933655527164161,1.9581648980976964,1.8338885822990205,1.928196663863642,2.0286009212791694,2.0106597320427926,1.8643418958860776,1.9881790965625137,1.975231093692945,1.885169954224212,1.8561532130344542,2.0460479736986206,2.135979894594805,2.0514638817734836,2.1317875093305045,1.921696595984326,2.2686693210000652,2.0968120881041723,1.9148865645812703,2.0717523293354203,2.040642464831468,2.3459638054737244,2.234209186393883,2.138813069531121,2.1537376323537183,2.252360203228006,2.313963259806518,2.4220128167822446,2.625919005625492,2.2811144548501328,2.597342420061934,2.679661309889913,2.573048034870381,2.5800079884974303,2.5235935591478613,2.5210081916378577,2.6713695302315377,2.561866321185449,2.6480402976655073,2.573488240982412,2.5314060692412204,2.5713163196184183
