gfs-wave-data.json
{"header": {"parameterCategory":2,"parameterNumber":3,"dx":2.5,"dy":2.5,"nx":144,"ny":73,"la1":90.0,"la2":-90.0,"lo1":0.0,"lo2":357.5}, "data":
[rows 38 to 56 of 73, columns 0 to 41 of 144]
0.013098437305498069,0.10759286647420747,0.17038920309658964,0.4970869223307785,0.455684811479442,0.442717646270392,0.7080511803155277,0.7057770958017608,0.7922748332695482,0.9380230186926976,0.8475404724993154,0.9146193978162632,1.0129131381573249,0.8221083102558591,1.0116472335062818,1.0780947849747142,0.8618154991913,0.9907150438127705,0.8448989746040255,0.726582250247133,0.5283304803118607,0.5264349127474894,0.27392192404725096,0.11492839197576243,0.14042322080642475,-0.047000927279500816,-0.39022117388340444,-0.3734306194329059,-0.4428279190587185,-0.5944273955902428,-0.6587244625695253,-0.7830695466579076,-0.6776572461569981,-0.7637703774177831,-0.7655166240712372,-0.6533207081064083,-0.723285346315198,-0.7273648445757431,-0.6908213070606251,-0.541576816430744,-0.5317475356619319,-0.3994682281920624
-0.03414567739754956,0.10008951726666242,0.31116811987031456,0.3944387711429277,0.5104567395472697,0.5942051888415115,0.7628871307395104,0.6343006778823032,0.6785120709597927,0.9355594372985826,0.9431878043500842,1.0242535384825127,0.9596468008336366,1.1151690005653654,1.1130854566869524,0.9433044984062716,0.9562623585563343,0.7977682014099934,0.711727055720447,0.6726070952157173,0.6897636227641345,0.5329971498870203,0.3604337779851126,-0.029367629715471664,-0.090107146779678,-0.07314036211313052,-0.09931250781934252,-0.5358835808207896,-0.5885314637846225,-0.7215141816271369,-0.7431960813566427,-0.7346067291135313,-0.6619869112718914,-0.8057864951501116,-0.637523622621105,-0.6486688512242806,-0.6180408598047138,-0.7247925320234415,-0.6576086472365471,-0.538589004553862,-0.5659562872682834,-0.5086882837499077
0.05446300928460564,0.053929879309622966,0.28151645547733384,0.3541088872163428,0.5741343357493678,0.6573430590355797,0.8609578880475557,0.638744131471377,0.8410434822606451,0.8179963437065629,0.9515204648266489,1.0183362389481405,0.961651192994099,1.0996514649615574,0.960632298666695,0.9472441919858408,1.0439345375000564,0.7110526062913953,0.7268444458490922,0.5268592976805047,0.556054348362155,0.6397181278519042,0.4416043845316094,0.0346715749618526,-0.1205980924736556,-0.15824423498180254,-0.46554732110721786,-0.5757543723731384,-0.7181761422735241,-0.5294048465890633,-0.5903577685008994,-0.6143161644715545,-0.6860321846093302,-0.6955624832169343,-0.7526498610664559,-0.7177373768519656,-0.6408814520702811,-0.6268407576055222,-0.6950011556851128,-0.5258559765908614,-0.5095652779112044,-0.39729003382294087
0.06521951464980129,0.10402364005894492,0.2232921699288544,0.3830837056270544,0.4202785018844748,0.4478527668190946,0.6732684153973716,0.7301328758549228,0.7757357986807719,0.9780014193566022,1.044116958357633,0.9262103207217813,0.8946296013348454,1.04823200826361,0.978059328925839,0.9910673948362768,0.9795228031832206,0.9268852247651573,0.6623430528502953,0.7931525600558689,0.8048420170283344,0.39822947974760586,0.34011527455622076,0.15277199068946973,0.15759145122677234,-0.32645307465190265,-0.21042362431220565,-0.3466220720542128,-0.4454050643036428,-0.501684181690329,-0.5172445572209747,-0.6331611935079782,-0.8943355332121021,-0.8474610453167495,-0.8487706982021371,-0.7195793659508102,-0.6930614116781301,-0.7350209698469925,-0.6527516936880481,-0.5136780726692092,-0.5019061831426751,-0.3886954504347124
-0.3981417314096186,-0.36496688290188034,-0.36941220159704347,-0.342388947928032,-0.35152734226781757,-0.35599322652773446,-0.39763365823501295,-0.3134700594451648,-0.3935415698631948,-0.24665912944138732,-0.24879227255236386,-0.3058287050597651,-0.24462141888633326,-0.4205773060830672,-0.23479710142427548,-0.24714127265652625,-0.2940174178644197,-0.3422265048249231,-0.4193332594077338,-0.37018595852506,-0.41096721553209736,-0.39503894834990766,-0.41845190607872085,-0.2859865749068184,-0.3650292476094939,-0.33532584805788657,-0.38194974907129525,-0.28384468188654355,-0.3512218336507089,-0.23093394766602657,-0.2543152010289313,-0.38830474508410046,-0.2830980813773077,-0.36870698272281344,-0.264941400243874,-0.2685058911981327,-0.3599065802851055,-0.32099752724765734,-0.3045631834617157,-0.32629099311186044,-0.32123084027048693,-0.34235961322704334
0.6445407251807834,0.5651278756438985,0.4927341021482928,0.6575051751985037,0.5845508800809471,0.7577027748336399,0.5497265500980829,0.5457529198610611,0.7074211947288718,0.8065846533119956,0.6650281247237424,0.8107869396823567,0.8690373994138458,0.9209053946461471,0.8537959182706268,0.7359794589826343,1.0118471756191527,0.7706821853872062,0.9583416589694274,0.9356256852648542,0.9641577318908618,0.9714158178161525,0.7992302233931028,0.8424010035409717,0.8168439814932436,0.8247426293984097,0.8651037134812288,1.0529694513694488,1.009361548155243,0.9841257767154187,1.016282723278921,1.1478820962476453,1.0872843217293153,1.0707226830756862,0.8963167004028976,0.8664696182005808,0.8636691757899946,0.8727269910941611,0.9230720619752217,1.0248037828584506,0.9153622575578502,0.7939416789491768
0.439389282791779,0.7670312841577788,0.6813176085006627,0.42589036590397833,0.6257439642635639,0.7361833355751276,0.7242132849999416,0.7658206266684484,0.8362121684046843,0.8420494517189971,0.9388536224835666,0.8200971574616275,0.7100549883697956,0.7301315678146028,1.0058561121721052,0.9232399606668796,1.0517516967286509,0.7104785969040669,0.9980236965051481,0.8553291738303952,0.8917964136027474,1.0186669897405511,0.9589744939126258,0.8117853270201222,0.9924965494181028,1.004170311269477,0.9861294662885366,0.9833007848527116,1.0103752927733503,0.8350312287492075,0.8278994640735241,0.9438312798072895,1.03390976254739,1.0591876168799215,0.9364166950984457,1.0355749134308105,0.856676506179466,1.0230157611964112,1.063394022093268,0.8803411354915736,0.9172796688768159,1.0748598601057335
0.5004507444031505,0.4526333183624962,0.4834579811219597,0.7029125973693964,0.5597928995593736,0.7702092989625153,0.863550738875017,0.7762524795737298,0.8164153331309436,0.723630020813147,0.7405789356435287,0.8266455895211637,0.8531637340580625,0.9151896272782647,0.9269296795793037,1.0681511739130132,0.9641204694487487,0.9790512291737603,0.8930061640382795,1.1231293575945516,0.993558665956147,1.0640439520079203,0.9469709596887744,1.0548202144387975,0.9395212468130604,0.8854676904185823,1.0072159363822446,0.9366114185630531,0.9295954576969855,1.1679272362510253,1.012650025087743,0.890583287470038,1.0074875043098923,1.1411119418355518,0.8735410850221489,0.9368190304938876,1.1107779527241775,0.8791658076447845,0.992970764744523,0.9957255435863532,0.9660437184201547,0.9019008692648218
0.5764114392172043,0.5915359655162927,0.5173861729389563,0.4563697508199368,0.5962448495955052,0.8452114907323824,0.7619553899151339,0.6455658105872503,0.9087654978853307,0.6911871740883526,0.7543666642103869,0.6919595031291531,0.6943556571375283,0.7819743417841148,0.8826496765303269,0.8379542564671383,0.9149070920218143,0.7749892989275582,0.7656965257598001,1.0159696176211734,1.0338518815354085,0.9299925453326066,0.9497691721223019,1.0457939861117522,0.9670747504670525,1.0870003996364637,1.0521076079875027,1.1038409878407456,1.0867397625483348,0.9761025695786028,1.1004082217067461,1.0904221876972997,1.0480033846602848,0.8658562367881701,0.868574050653925,0.7920444798819686,1.0648104141867722,1.010535568908398,1.0557434945308364,1.0574386394761401,0.8934427490025993,1.1082230979840957
0.6835708080532182,0.5774076841456272,0.64550560032218,0.5831872240101661,0.4592194930964499,0.7740750452871253,0.7102900806572007,0.8170133983015138,0.6190232658377771,0.7401405174049318,0.7376689629570761,0.7676908231589925,0.9462858375614777,0.6435064028060314,1.0007915323589338,0.9396262201885036,1.0158205011772004,0.9478863614669778,0.9448269581518528,0.9104836637762586,1.0230990262108457,1.083027656161525,1.0088065345007302,1.024822687824633,0.9111114655375829,0.9478796197586641,1.2290979537648554,1.1190374973873365,1.1215807842902705,0.8202850562973983,0.8040993899949687,0.8952452767356167,0.9842014446396693,0.9994343154604961,1.025547426641795,1.0300117042832153,0.8458523946689176,1.049589016846387,0.8000811642144091,0.8419757099558244,0.8603142976475532,0.9735352086284851
-0.4351516697263512,-0.37339158792770755,-0.3798711090373665,-0.4211846545584101,-0.304216622858579,-0.405723368399135,-0.39705261835736216,-0.43200551150594474,-0.41484927335855637,-0.31660049899679693,-0.3870166065594227,-0.28260018094607187,-0.2865365661660116,-0.42349618709619086,-0.41925923273967153,-0.4601462442856342,-0.4698995564525638,-0.46010547766947085,-0.4365174137800768,-0.4061179139168849,-0.421360342603264,-0.2869766658092273,-0.4418544385893109,-0.30520139067384455,-0.3076682935422583,-0.28555249819118383,-0.30153220621685883,-0.41667875869755794,-0.34598023381830334,-0.33661087464592,-0.338254615679303,-0.38474458668622014,-0.44634463492908183,-0.3684952321895733,-0.3040090955205876,-0.37172957508426674,-0.43393569535192017,-0.4230970584095489,-0.41031918707467535,-0.43218780648294264,-0.3063920850289947,-0.4191804439546836
-0.012611217101322129,-0.14876525622800443,-0.21638984177972564,-0.24321016431529924,-0.2189177694827622,-0.610803469647802,-0.35681122757613515,-0.6400464841831537,-0.3143848564873614,-0.47582045161430325,-0.4190826254137372,-0.8763928872715704,-0.5712020535731352,-0.8352761883531526,-0.6901956098783396,-0.7080217627180647,-0.6902875768768171,-0.7109787976032942,-0.7548299932921592,-0.674730139228639,-0.6029572817000336,-0.9150824500241411,-0.666159305099829,-0.8193661542895264,-0.5215373356162675,-0.4223181117680372,-0.31414594215397534,-0.6327174881652194,-0.3989552227062628,-0.1955167968511466,-0.31137993420422916,-0.2740531241985045,-0.3514351902267607,-0.28778219290468965,-0.28745151657808493,0.01256953471716638,-0.019000022258696528,0.20417000154787163,-0.07946212339091219,0.1672787893225033,0.15693089278726483,0.37577647030554284
-0.20332822682135965,-0.3404216008337098,0.011225863997115348,-0.1856329260010521,-0.33685861067954365,-0.11865771715440303,-0.5295112385632214,-0.5537612837752044,-0.6144942916682407,-0.5739700646945419,-0.4900961284657687,-0.8193004711943436,-0.47965692016989736,-0.6357039214878799,-0.6395698942616889,-0.9692071154615534,-0.9778860144713792,-0.6475787850106063,-0.629004644157713,-0.8356795256022443,-0.6124257378654666,-0.7372084427428968,-0.7847748500773222,-0.43148563827212255,-0.42096300115229823,-0.7229708345372146,-0.5101767177378264,-0.4354833517278007,-0.3402956723108856,-0.5010363264685275,-0.24409592440901018,-0.46560871013919336,-0.36326679345114166,-0.18634745885387377,-0.23103278336627603,-0.051024120546748104,-0.04460064858015899,0.038979294733682175,0.13864622880977862,0.1514990470795812,0.33024851939080146,0.09130798899248928
-0.09449368128073014,0.06816596188517725,-0.0961291416521308,-0.3391970965977184,-0.09900370764191194,-0.3888260123558756,-0.3367849187263413,-0.4648755898991924,-0.38651368385974927,-0.6483636798694571,-0.5650054475309112,-0.737392022086369,-0.9111389765287098,-0.6431981496596647,-0.8982091595193814,-0.9290835330636967,-0.8887609815915753,-0.6232829279374142,-0.7761466828033764,-0.7866264373512045,-0.8125257361426758,-0.7395322562652714,-0.9457462324401931,-0.3967586498393979,-0.4635496834053333,-0.4245885896667643,-0.7441888179610908,-0.6784805986845981,-0.5071660194676287,-0.3397568507292078,-0.24772672491246508,-0.21313937445029435,-0.3718684607448222,-0.19065608175487556,-0.18259483148204425,-0.1553427136986816,0.04355103083324137,0.15819008495952178,-0.018054673188280218,0.06345835794617855,0.36666706213339184,0.3712898777678297
-0.3682664089868277,-0.33428735306731616,-0.34538126926729307,-0.4936569459651981,-0.4920427922204021,-0.3752020815524655,-0.4887611518238934,-0.3897121209477631,-0.3702195326833541,-0.2982691092428609,-0.4177065700026942,-0.4633064530474003,-0.4139110892598655,-0.30854487326776536,-0.4007435755247633,-0.3274581825506812,-0.4388065100080366,-0.46067079103898456,-0.40463178760541096,-0.3483958068469737,-0.39669243054630565,-0.3329829795240906,-0.37758644624238386,-0.40039701167691416,-0.343989447635998,-0.46113821243467595,-0.414885968129131,-0.36049536991696446,-0.4884666336692264,-0.32974218952510254,-0.3700322578921735,-0.4186321713440995,-0.3969431283814833,-0.4473410759727102,-0.4293691002953548,-0.43659752490836656,-0.29858344340791815,-0.49370433690690985,-0.4718648814913034,-0.43319010806072983,-0.40677702253750064,-0.3500135245353067
-0.36422263080885237,0.2562167201717069,-0.09635171120266595,-0.4225917284056647,-0.610670057588599,-0.6224707940843994,-0.8388553641254974,-0.611129988116767,-0.7836456312977172,-0.9986256120654596,-0.6360754470476807,-0.9994907629321589,-1.4373498262192603,-0.9340646853529957,-1.5550598587911075,-0.9389300163611113,-0.9561720789174144,-1.4519600359651044,-0.9576479336349923,-1.6549966389474045,-1.2308189538775016,-1.53562803904751,-1.69539975344366,-1.038545018042922,-1.0862000268694871,-1.0110854548593227,-1.4205300282472881,-0.5839388695553627,-0.9632984076984705,-0.9447022509316562,-0.27150050716718843,-0.8636073822408855,-0.429937709759943,-0.7484800677052861,-0.5224679071765749,0.07608630411483586,-0.3712802083766748,-0.35856051941253303,0.6479972595062268,0.4293447487135334,0.3051843805374897,0.18564236935972328
0.23474034624725074,0.10090501983771803,-0.33313242710851626,-0.19099875542505995,-0.4492094918820652,-0.1189351825425827,-0.9294531626249346,-1.0063131377106767,-0.7935544370771047,-1.051690096086258,-1.26769898373883,-0.6545081922750411,-0.7170558266499615,-1.2423854202899332,-0.9918350160113181,-1.36252025401423,-1.0693330943488648,-1.241608033296164,-1.1445110687871907,-1.4368243888219416,-1.361928996387494,-1.521672058046851,-1.4090450529035323,-1.691319292420879,-1.6463172383077092,-1.2321493638090837,-1.588710856334984,-0.5518648374108973,-0.8048349966633822,-1.0121442707801787,-0.6468453134761084,-0.7546376331001361,-0.6515195310464433,-0.39973513376747366,-0.06219453825563238,-0.12352474360909883,-0.06534194644767573,-0.03137016277484686,0.6659896224489612,0.06122502444070595,0.4141898728947506,0.6924741266532323
0.10355782951562484,0.08442525454116298,-0.10803820953516771,-0.1858864815250519,-0.43072555387065936,-0.21941445864536013,-0.30919286472118546,-0.9848645973436696,-0.9611271251508225,-0.5600531129142146,-0.6756560986987945,-1.3238229739927228,-0.7448886135886394,-1.2180344769876024,-1.5183624432767904,-1.3134726862834263,-1.113422270140341,-1.370391514098025,-0.9643739136179957,-1.2325215742732227,-1.5762658678139627,-1.227872286603139,-1.296491961822913,-1.4058786581727454,-1.3021841278801685,-1.2445075492242605,-1.3433722815243065,-1.3215786208815814,-0.8743316248261858,-0.5187649983816439,-0.5550673693527959,-0.2501760800950978,-0.07021394543340523,0.009200894929037987,-0.4752269323169612,0.3780675392922162,0.007268271246463005,-0.15386933944775238,-0.15188361726986424,0.1934391490074673,0.5755320701497497,0.8627572455204727
0.035424610028203664,-0.13909443659318493,-0.3381557952415626,-0.5423191587718732,-0.6562011171723985,-0.2504468925792853,-0.5450262337674905,-0.5655219731279799,-0.9268157448007744,-0.48403216296928797,-1.2687175852317356,-1.1549735684711429,-0.8444601744390577,-0.8217509817173808,-1.0729470289075111,-1.3287514364102868,-1.4544871110539077,-1.5512710179654272,-1.0468842580326327,-1.3262741699937823,-1.6934461992097196,-1.1571534965048527,-1.7460152816517445,-0.9620447179393428,-1.3186722615368172,-1.222275149336716,-0.8899514727880271,-0.8546786465180474,-0.8353925912009981,-0.46280638126576756,-1.0307727785730398,-0.5459025913850126,-0.36738905682709816,-0.3843248312235746,-0.3039728587571253,-0.6150783991045201,-0.12850451184714862,0.4696452277948308,0.2283194613232768,0.2715790271092177,0.6068716874371239,0.8111937738028425
