gfs-wave-data.json
{"header": {"parameterCategory":2,"parameterNumber":2,"dx":2.5,"dy":2.5,"nx":144,"ny":73,"la1":90.0,"la2":-90.0,"lo1":0.0,"lo2":357.5}, "data":
[rows 18 to 35 of 73, columns 84 to 125 of 144]
-0.046320937196767456,0.022535846523083616,-0.06487574927512962,0.028527930902346565,0.018886634127560347,-0.048168178064669026,-0.01108525603592258,-0.039912273177649005,-0.01972333683170716,0.026137287433233302,0.0021507386455220825,-0.031871712786614714,0.026569153199470067,-0.054382024451423504,0.041252435422124895,-0.019611677374852116,0.001392941435870026,0.050899968094547846,-0.014676840368942984,-0.055496195857752936,-0.06175700721742584,0.0352177102508075,-0.039728724516099476,0.05532332799860479,0.045211816895992574,0.04115944797086725,0.0367135444598627,0.04934966240763636,-0.02365672479162521,-0.06186343375890359,-0.06072071942629365,-0.008782805743497452,-0.0007836814599823634,-0.018243360503758285,0.018683802542644894,0.03582521220534487,0.04444111974186988,1.656598858762882,1.694647226113049,1.7043422211771757,1.739835652235163,1.685397273171076
0.004604474056327808,0.07702758632024305,0.06384659825724195,0.04482321659021468,0.006094522868140833,0.01252740597651013,-0.009575622486714026,0.025658112386371175,-0.0372893176381712,-0.038208075854349786,-0.03540413669418521,-0.014204007736106371,-0.0337133647956517,0.021735211103070248,-0.04195515953797051,0.025742005299611435,-0.027616662130545103,-0.041402577483613374,-0.015725632480240406,-0.03428715600934862,0.04073402414864701,0.06863974529797102,0.002755493257556702,-0.008293204949992253,0.03509559528307836,0.046851233030802845,-0.013440727633055627,0.03610932107538008,0.021177575662561655,0.05558408225016883,-0.040262500979853,0.02449431732613327,0.0001740642494548693,-0.01834896190272497,0.03304467116016423,-0.055903508373971976,-0.041901191237593935,1.6150913522915367,1.6803505946547241,1.7157361147434638,1.8173684470474056,1.8495870523175637
-0.027334530892580373,-0.0362421872408148,-0.05879754584411462,-0.017993179721146113,0.021955831786599028,-0.03207984911428028,-0.03131640628160625,0.05327647493481086,-0.04858913313109268,0.025640599361334962,-0.012732226162269083,0.04952973926250703,0.048138075040987244,0.04289317014686477,-0.021949594753434006,-0.015422342462709515,-0.05535190255324759,0.01453596671734593,0.025798824092734648,0.018863085450619894,-0.01210145944805124,0.015088274366216374,0.01595825815914302,-0.0056744123059637355,0.001963101769573285,-0.037960382664356286,-0.008028193823461763,0.02493784362944869,-0.044841659550356364,0.006993252305866958,-0.0021404411464842755,-0.047473633547261446,0.00631381764031221,0.03454190662892866,-0.024282461759910442,-0.01831856191765573,0.028471239542057988,0.009826487799305365,0.012438201287228265,0.000385342268632669,0.01973783335978195,0.01280374654250632
0.8762522252819404,1.0665315657818737,1.0194735037285816,0.9343047666901035,0.9470509438447064,0.9619206045294901,0.9063441033027883,0.8932181338638862,0.8335880727948178,0.9796403124707684,0.7909024979811136,0.7783896525063072,0.8345438033880277,0.8676646143976193,0.8168432234418599,0.8739900537742173,0.9675108736831475,0.9140735286352775,0.8766328282101413,1.0100652462510211,1.1138247190386958,1.1572648105869423,1.0924316591062455,1.0108098408811752,1.1756166855372088,1.1111390990598364,1.0615168062618145,1.1995351812024426,1.0775519512271108,1.3084726618256883,1.3241119368576995,1.2987517791423782,1.2333676895678143,1.320547803609531,1.1644193283855695,1.2460106986222825,1.2100088912545268,1.2615744131393167,1.246760088741098,1.2931663532736062,1.1788993040048394,1.3990760360325623
0.9043742976755049,0.9324466746819354,0.8349379835098365,1.0474984010052932,0.8855478459053728,0.9168274497263329,0.9082385370734177,0.9299803702506031,0.9263753208560658,0.9103837402843649,0.8871818713100222,0.9379764591859157,0.82564361195782,0.9682753258095506,0.8690162139835546,0.8464847759002576,0.9376922708778679,0.9657776158396638,1.1088018729399078,0.9791411113517852,0.9423568905326124,1.0759383661489281,1.0445002389832787,1.022363116395217,1.060163979231127,1.1590444528283104,1.2299358849014,1.2402268870114181,1.1947205028962546,1.1077142269292128,1.215587605477856,1.1179483561185704,1.3378060298363514,1.1717476135364289,1.1351711064671257,1.1723685245255218,1.2175480899274664,1.1535767376286918,1.1793798455029074,1.2961083755516345,1.3507248301378025,1.212015407906868
0.9548227334972399,0.9638165715420134,0.8442942460378077,0.9516314403665578,0.8829222466880979,0.8887153759603889,0.8340385305480233,0.7190686863925433,0.9515511595533563,0.9925119459442998,0.8086027280853627,0.8189339823727206,0.8998361643091617,0.9631401294142149,0.9732623436186659,0.953800967256458,1.0572641933352003,1.00572480551181,1.0215018071703097,0.9723557938687118,1.0934849358771876,0.9676934696688225,1.1097728787661372,1.00761625094531,1.113719985092975,1.1515801509144046,1.2463251491984895,1.1350813383629328,1.1293100140396493,1.1290810065101775,1.18894617378567,1.2039062457816554,1.1937480830690164,1.2507491189580517,1.3588458215111627,1.2159735357902597,1.250602449312673,1.2320477870402675,1.202418458310309,1.2455327503688196,1.3572859564311663,1.4017135277727095
-0.049337532923128175,0.041690047896224436,0.008951894532769669,-0.05522689135609488,-0.02979883450301993,0.06589479476861626,0.06062994969738945,-0.018934239261625886,0.06934792872754164,-0.07297409965410591,-0.0029682160647670547,-0.03542563817054789,0.06181432504283385,0.04829904469580982,0.02055339087317163,0.03204704415807575,0.040248356546626535,-0.022266328499102005,-0.05630483778611086,-0.026248166096227557,-0.05474465440380477,0.04766851082968005,0.07719470790944148,0.0002570401134248227,-0.026914509257344205,0.05529625715502578,-0.017893805427254234,0.0198980749274918,0.052412820976857684,-0.03202336229373005,0.05514419282640418,-0.017054872872531674,-0.03709179770204104,0.023498106926209125,0.022035006090014065,0.022529132039848968,0.056473940947900016,-0.029223391544349057,-0.003092752877335891,-0.07440647459209648,0.009111104322226145,-0.031888298841584915
-1.1097899935570732,-0.9806023915825475,-0.8339467854515038,-0.924913674139544,-0.9321005865152053,-0.9863110694924421,-0.9285241789310175,-0.8809592499003218,-0.7782568859944541,-0.9309416797014722,-0.8056819161861986,-0.7256376746437504,-0.7807464742634433,-0.6243195662989236,-0.8481476859243546,-0.5766322658884355,-0.6196753961176471,-0.6158121399307988,-0.6365584261956023,-0.8256256955565029,-0.615865255169682,-0.6037631364105799,-0.7239787118606155,-0.5201320000543528,-0.6652621884008191,-0.5992741937622544,-0.6803627889848843,-0.5583367051682616,-0.4584972431170824,-0.597681297025875,-0.5811574920845497,-0.5297925629410459,-0.7348971313448684,-0.6160847639315281,-0.5443790599395044,-0.6749423277646681,-0.6695376656797575,-0.6680407902606011,-0.5764406416310976,-0.5583193418716301,-0.554684098766711,-0.6250931520808893
-1.186788686659398,-1.0564080203957127,-0.8224075854416781,-1.0766167632597088,-0.8806706070438601,-0.9586324695133999,-0.8656944684890704,-0.9528269411290291,-0.6767492339831623,-0.7167796603549409,-0.8902780947299911,-0.5879780373717527,-0.79016310427275,-0.6747458712395757,-0.6286545130863638,-0.6518563342750471,-0.877963564116376,-0.7182038596606929,-0.7181620644928216,-0.8143652166762395,-0.6227727979865411,-0.7722463661829227,-0.7150911068946433,-0.5997089633179499,-0.5242540325750747,-0.6333965705516431,-0.6226837551569827,-0.6354703492775481,-0.6995775507825237,-0.7334017603072835,-0.6346820101506943,-0.5891875406126749,-0.664426233644135,-0.5752761460446602,-0.5529226865581098,-0.6032158413391863,-0.6399357689455064,-0.5772048791689234,-0.5227744652994979,-0.5413632694767504,-0.697338006350039,-0.7534972540655653
-1.2241504019754725,-0.9365987977874652,-0.9564483365668404,-0.8199976863670363,-0.8819859269227669,-0.8205682554647461,-0.8982039497661153,-0.9251902709689774,-1.055484782657494,-0.7811656249245617,-0.822138580869457,-0.6248394573611362,-0.8040326009638818,-0.7910095733632478,-0.6201949978386274,-0.8045081568942388,-0.7378982062481892,-0.9015789561283808,-0.5392923622794374,-0.7105452127593622,-0.6502631466503357,-0.6622397031823409,-0.618520036607202,-0.6710379119271154,-0.6241599335032689,-0.7833982022615088,-0.49338699051642887,-0.7113513224454364,-0.6517827390075476,-0.5022781465046339,-0.6493747310302201,-0.5568456319517469,-0.6026124756170015,-0.48217933895234816,-0.6093706106003306,-0.6136393861795428,-0.5364577471060523,-0.5485535284024815,-0.5679253800883735,-0.5647128887763495,-0.7614775492666368,-0.6784742578440899
-1.103893515032367,-1.0267906522339054,-1.079269216271295,-0.7629564894210341,-0.9412927521524179,-0.9240617175940433,-0.9305205913687986,-0.757115543160595,-0.8478567625029029,-0.8542487967424681,-0.941414475321104,-0.8160810773875352,-0.9236789953365985,-0.7891504503756096,-0.6662649381091943,-0.6623412814883815,-0.7143251182976407,-0.6399575266726071,-0.721533545828686,-0.6115972709310142,-0.5622054391931042,-0.746668121032383,-0.5640614100933535,-0.6215221864522242,-0.7095894379576976,-0.6768908723279545,-0.666656006687874,-0.6411000874797356,-0.5499368571465776,-0.7157282395397632,-0.7441476949754866,-0.6855378986933898,-0.5797019843460685,-0.5210086237413408,-0.7023969189092097,-0.5282273203885511,-0.5541182878125249,-0.557023492410706,-0.5400284073825933,-0.7072610691917276,-0.6306449638899645,-0.7274311351915053
-1.0001478041133587,-0.793700444806126,-0.877323285214009,-0.8266185526983605,-1.0478015367203741,-0.8742244141090723,-0.8382700776718032,-0.8780867050842952,-0.8346888190170189,-0.9308303398646546,-0.8526948231928124,-0.7995358670333423,-0.638538427590731,-0.6624006642005847,-0.7854057994363959,-0.7131502642346521,-0.7365473661707516,-0.6706587021023623,-0.6072194685926463,-0.6564450968115096,-0.7629427049425298,-0.7292541637889415,-0.5190352516968988,-0.5475015156090092,-0.6339476814501631,-0.6883695402334603,-0.6352041442731563,-0.5646328072861935,-0.512030809086305,-0.5432757456654869,-0.6809862698967667,-0.6841045358064207,-0.5873364743043811,-0.4673300005876755,-0.672421796480514,-0.5615062199949715,-0.5598617885456576,-0.6681237694545261,-0.625826218772446,-0.619094500781486,-0.5359646059646541,-0.8137227946356468
-0.006735449699613975,0.04730944244364051,-0.046490949417825396,-0.036779794303392135,0.0047362544066330385,-0.012251427988599491,-0.0019115979137984984,-0.024656735023780605,-0.02780697502778394,-0.03290416945519658,-0.05891268052782317,-0.04246295475380756,-0.043057729465871504,-0.03689189574336037,-0.0037293809731165748,0.016464916003889527,0.024496673613615898,-0.017392286771539055,0.021059421850087995,-0.06536052191386962,-0.05203384348232459,-0.02084316240672905,0.0499852250550481,0.03501382914949637,0.016611800768326933,0.04955902799043438,-0.032135363564844935,0.002856621785141052,-0.005431218816398399,-0.032077716365796434,0.01831582074909648,-0.022830663437413953,0.047217805441337184,0.0047707443267414225,-0.03496298852378719,0.018350336585351477,-0.04788156708061183,-0.05716687538007372,0.03155668714794461,0.0018167846604931874,-0.0452626719995885,-0.0054514518930716595
-0.42412298931338366,-0.6125944990985068,-0.7272738082303585,-0.7417662314172255,-0.9031027711304034,-0.8376686622034641,-0.8192824937766652,-1.1655856914751352,-1.2080449155535435,-1.0710465151786555,-1.1660828403867545,-1.1969674997805786,-1.2523126695180897,-1.2431758595068512,-1.1058940102390713,-1.1493729571690472,-1.0421872902541827,-0.9638374171843783,-0.772701322193632,-0.7383319875127717,-0.5311743051746047,-0.3980238410039251,-0.5206195864136769,-0.40921481580476754,-0.42082763403765583,-0.42591345314260926,-0.48345036190620727,-0.3006168186207139,-0.395786502204013,-0.49337458893749464,-0.5526586666069239,-0.5844347080883981,-0.4598514339331365,-0.49486836867372425,-0.637088609841786,-0.6284903209912062,-0.5744505526756007,-0.4476048867843741,-0.447046289973514,-0.38923464917537826,-0.4373026381409707,-0.36050115261474
-0.7115080229209416,-0.7972134148621413,-0.6562855816614034,-0.5626641533810267,-0.7152588366321161,-0.8977517398804984,-0.7894787259798217,-1.1629345158709996,-1.0393654152111493,-1.260743871243351,-1.1776874958475938,-1.2112993275632575,-1.2334100592955903,-1.1587541365355525,-1.0773199840122092,-1.1145922200944889,-0.8929380105726687,-0.8328178801231155,-0.9597599733251861,-0.7105971036281424,-0.6652846105306409,-0.5440439544309925,-0.39840451823538037,-0.4956548043712896,-0.4187064831253489,-0.33071548133510265,-0.4265620831961793,-0.49271143066494855,-0.5286477734257097,-0.5415617640827073,-0.3662733926728088,-0.5660358124226761,-0.6010593624466033,-0.455379741617408,-0.48368393139201343,-0.6234446988969194,-0.4361809948338759,-0.4117430239000476,-0.41628774329002616,-0.49525883565626666,-0.3286726894444483,-0.310715340482234
-0.49998038201686834,-0.6017643611041534,-0.7276811344875576,-0.8289568115105532,-0.9102808588111654,-0.7150820795127305,-0.919197892241025,-1.1660190664894818,-1.0477574529388622,-1.0260671064028584,-1.2281407909829232,-1.2835005010383855,-1.2727646054435486,-1.1600941009020278,-1.1005413098952226,-0.9083551925392653,-0.9605926503970574,-0.9104045338052927,-0.8246529986171321,-0.8276266856233457,-0.4659607980970191,-0.4762624917540328,-0.5259544986433218,-0.4979631103494482,-0.507763950822783,-0.4064819226812559,-0.4074516735073329,-0.4240869728851327,-0.32764206076031316,-0.4368631795150118,-0.4684914924520419,-0.41822547921938646,-0.4125130079252545,-0.4776109531028667,-0.49543797815722457,-0.5181211750280869,-0.549778604514274,-0.5509522107419942,-0.4962711730630867,-0.5214664085711616,-0.48723913059179985,-0.3294835214650259
-0.49444479928377527,-0.5846555710893667,-0.6942794318618642,-0.7539327808458779,-0.6349589622320068,-0.8269162407574852,-0.7971982941738345,-0.9458568386658978,-1.093086337086461,-1.0853543125484546,-1.0513952255417922,-1.2677711303339734,-1.2312445732635404,-1.1825463034413852,-1.0493647267522017,-0.966251083224604,-1.0103632871835815,-0.8999127391814651,-0.6846455507284613,-0.719559975053332,-0.5524567674152173,-0.6450340329392993,-0.4457329626745532,-0.45535517237166157,-0.5464420378948064,-0.47980774712199703,-0.40475778633239207,-0.3723883492413954,-0.4612104298543749,-0.505380127869857,-0.4419415167953771,-0.5435957406980965,-0.5393430531478514,-0.48575710163784014,-0.4697110831531415,-0.5927709644331858,-0.45573380970017713,-0.5786683288184781,-0.41336056771174,-0.4700506824101531,-0.334725888866447,-0.30085385344310717
-0.5059011415634416,-0.5378780908496286,-0.44164583719230727,-0.819519666641312,-0.7991141402456035,-0.8338581175905587,-1.0575109107587672,-0.9482642549972947,-1.0548218653211383,-1.0986937662861733,-1.0613684797692433,-1.240003646744589,-1.2270934531288162,-1.2488637801192901,-1.0099971333076658,-0.9539052306431496,-0.8964776042635825,-0.9637967387642656,-0.8723594937587914,-0.6904696796969623,-0.5534683525492532,-0.49584987999100316,-0.4286932681741294,-0.4623975468381386,-0.3399623660160323,-0.42062726906412673,-0.3701371446564792,-0.3103127728009268,-0.4453352071404527,-0.39049341152639017,-0.5752136444751876,-0.5000010426054273,-0.5979574685216941,-0.45487739244904496,-0.4742118466468568,-0.5128481841636687,-0.5175332208672845,-0.4470762153588908,-0.46058128618835076,-0.38910528661017535,-0.2817911194289609,-0.4230775269039538
