gfs-wave-data.json
{"header": {"parameterCategory":2,"parameterNumber":2,"dx":2.5,"dy":2.5,"nx":144,"ny":73,"la1":90.0,"la2":-90.0,"lo1":0.0,"lo2":357.5}, "data":
[rows 0 to 17 of 73, columns 42 to 83 of 144]
0.37707983981982657,0.3259582914872902,0.38123689975380676,0.3692113521549824,0.4399270537920822,0.3521540351528545,0.2794244258701362,0.354558521317678,0.28249272826059707,0.28491770439433023,0.34910827418317286,0.2768422401676755,0.2350223558654868,0.201752282116373,0.27892053402343464,0.19315470197692713,0.12027362670129606,0.09397023518420064,-0.03839726468519059,-0.039090204953230456,-0.1209479225708191,-0.19468896652813575,-0.16907165713301803,-0.21672401893548032,-0.311162643082345,-0.28526716133860697,-0.5761170992170926,-0.4994998864603693,-0.47607649558481946,-0.6228758840485525,-0.5431309622180932,-0.5678712935930286,-0.5472739913519302,-0.5572650648452494,-0.6395531189226311,-0.5100553839140249,-0.4951420452726638,-0.5371936285481016,-0.46937681801376896,-0.23142271374726797,-0.3151058229273427,-0.13569156063666987
0.4013500693757148,0.3687584126896798,0.40009107872283783,0.32967729505022025,0.4867589735209982,0.3088351819968899,0.3475748200892728,0.37269029476877075,0.35961415251789497,0.23764635125410527,0.3809807612895684,0.30950079779161993,0.3589116981656954,0.22673508233475154,0.23599773503261798,0.13325485919682895,0.15815838968600623,0.10970649856357499,0.01629117072091367,0.004774118647446764,-0.06545642803217865,-0.1633211238151648,-0.1589018188923974,-0.3586199413713034,-0.4339797207773201,-0.4928694505860914,-0.38237520512380385,-0.5357092301756825,-0.44452615560785036,-0.5994583951586946,-0.6155190355066028,-0.5620045243013838,-0.569959430036121,-0.6083859773788052,-0.6520029536995257,-0.5001403901444816,-0.5415769635234289,-0.4088709132952715,-0.36835682695443,-0.3659448738187671,-0.21078286167289628,0.0013308306341354012
0.4336471886728386,0.3922146916064413,0.2804363607907558,0.4044942567290108,0.4712853705285971,0.4166636585374613,0.3995135989770419,0.37795599665460805,0.37168748635592574,0.2405255163367791,0.2776812572566465,0.33064127544395827,0.3000641499335965,0.24506301362971863,0.20650259945183783,0.18205086029815165,0.1022654983849991,0.03410312967316372,0.028632054630308386,-0.07881484867392462,-0.17974640148917276,-0.20286099143595096,-0.3118562621105095,-0.22224808169411997,-0.26187996358894716,-0.47526982992978006,-0.36456538635607255,-0.537830483441966,-0.5121938231963686,-0.5388227844001572,-0.6367335853886303,-0.6551357788879525,-0.6226011855033253,-0.6472538273852902,-0.5116834321244372,-0.47604650426189626,-0.5659404931651814,-0.5051948441715711,-0.431916282636992,-0.38508671008534445,-0.3569222447222932,0.03021523206166308
0.3162030946800884,0.3519536749390116,0.3767779657528567,0.41216713372587066,0.3828052727915243,0.400803324925449,0.39436084359246737,0.3641025432453436,0.4256276274800442,0.3921750313311963,0.2527733373495095,0.2994712689099765,0.34768779573504804,0.3358812790710346,0.23676102487460493,0.14569289247739736,0.1483426921382707,0.1044262329561417,0.008960036423811874,-0.07579014492725374,-0.20426963213302549,-0.24427371403106213,-0.19764560961396527,-0.3486450535125004,-0.3541514535168564,-0.4037264127608385,-0.3624068274800281,-0.4470737837834474,-0.5043381554134183,-0.4819110410949709,-0.5488789606943143,-0.5602356855713224,-0.506702314712996,-0.7081656979313314,-0.4912616037687673,-0.4752345367640832,-0.5818205223029344,-0.5539749633099755,-0.3982095845444503,-0.4481120613861843,-0.12937257027348265,-0.028813765999640542
0.41706704956823254,0.3753973683993526,0.4219239501527816,0.3099750009911779,0.33777375114048874,0.4069521364232158,0.33342751484061106,0.3927178797060562,0.39266234058995647,0.41367573029862603,0.4026032416479164,0.26677696922420147,0.2651994670595794,0.19245545133797098,0.20258534442933424,0.1597605719768936,0.1327121173515137,0.05820590177581088,0.0485350171300351,-0.06758194607661394,-0.22322995727279094,-0.09442155812246661,-0.3220847861088583,-0.25981855278769206,-0.30094405890643183,-0.4164080518568418,-0.396352550940423,-0.5957754775246791,-0.5093718605643143,-0.5312586480819156,-0.5474786513516425,-0.6300513132766742,-0.46162549986364,-0.49993120766268273,-0.5613466561956253,-0.5806962907331553,-0.5066573798931554,-0.5463211168457668,-0.473030432588426,-0.341425155273689,-0.14363755345312385,-0.20906580879605946
0.45720546755624136,0.32547916139385674,0.3844610591570191,0.40066307960215397,0.42937004178124283,0.46829743779455507,0.24841233001598095,0.27676533665439834,0.39585173751724956,0.31050967301748,0.3011943459241951,0.21191029826150554,0.21657941802218994,0.16534110237353244,0.274069472271519,0.09532532055749558,0.04907225031568296,0.08980687809401315,-0.03658826617261579,-0.07032218243272602,-0.055361665311215835,-0.19904915351419294,-0.238041149164718,-0.2423491468531774,-0.36883568312323645,-0.44927343829598876,-0.4158356492928414,-0.5127239952581015,-0.5227415777920617,-0.5263753460162349,-0.5677487216435789,-0.5072653493368834,-0.5769889215836566,-0.4964698981968035,-0.5847418042610977,-0.5262808969739009,-0.5079682747744879,-0.6054967455705857,-0.4705392266251817,-0.29239645985035567,-0.2697052113335198,-0.03304886229069261
0.2952142251783554,0.4904880755147213,0.4587492724852521,0.2943581446436801,0.37664706506624496,0.32376098997044594,0.3093649789183219,0.3357296822823024,0.3276126037640796,0.2984731403122006,0.3280380532395839,0.2273809803764012,0.24161834496754936,0.18806895495732712,0.20029397326745316,0.13138836347471033,0.07435407806567618,0.0584349883574536,-0.03704462452725119,-0.06342947991121267,-0.1280967543341817,-0.23677554323925035,-0.16787610379955856,-0.3578949712809694,-0.42664065270730583,-0.2754766924462676,-0.44415154685223,-0.4948928868350862,-0.404992955613411,-0.41167468277305147,-0.491485891589567,-0.523509592455843,-0.5988224379390348,-0.5471459252496101,-0.6247870065264091,-0.4073864527961697,-0.5591354838447284,-0.5292692010977511,-0.31433243483511253,-0.24214989036074466,-0.31864347890143696,-0.002134386195336787
0.38980507295408345,0.3414835586321979,0.33217992736770247,0.2948759131916727,0.3323406056327405,0.3570854599463559,0.45064419148437457,0.4167342446489126,0.32397383219670306,0.3934611557755294,0.34669496676216827,0.29116395175108345,0.17890794364627233,0.19069023758108083,0.2974887693651019,0.10885611845281588,0.13087259202051943,0.07715955206311459,0.004254025384118718,-0.02344751777072728,-0.11178718483787962,-0.14327153077193405,-0.147286153471578,-0.29258629713707485,-0.33240170382501966,-0.36022439691679786,-0.4031158742585603,-0.3818403767956121,-0.48192365212906696,-0.5088630434270797,-0.6049828808509772,-0.5605057574995715,-0.5164334221596483,-0.5622984681855245,-0.6784377997244131,-0.6865109929925868,-0.40888809811091487,-0.508742579312503,-0.4174696305503588,-0.45213623499140865,-0.28606739097703743,-0.03756054583420111
0.3165010727661209,0.2345838808927034,0.3845483553579972,0.41986811686216274,0.3347917044534388,0.3952706293170956,0.37353914587315024,0.32465190246970993,0.3495093826675159,0.29183543936712053,0.2505837995135892,0.317063437314785,0.24872409860484726,0.2533096996173769,0.2151612441789053,0.19764518271138506,0.09102005200681303,0.09546280299269143,0.026358468974598228,-0.023452122659896428,-0.1132224876960591,-0.17047854601365242,-0.1766592091637576,-0.35669852243458483,-0.29068363961146065,-0.5037707816090574,-0.35858486800807515,-0.4684570069865246,-0.49016399263008187,-0.40430340561783823,-0.5558660361952307,-0.6124841896437886,-0.5710227543457438,-0.5274448937186478,-0.5476925318334527,-0.43997830796248977,-0.5400792213356803,-0.3832658525698044,-0.5262372723565523,-0.25185530349988833,-0.12241519223812111,0.018002001973808458
0.3336238677712291,0.3785123348479451,0.34574557071233586,0.2727232790975483,0.3863527779734097,0.29194550732176777,0.25986389653625797,0.2759321958933033,0.3427618944245766,0.35851544674188074,0.2859449729243983,0.23031644542750984,0.23664681501527113,0.13521255996724768,0.1386956431671431,0.19415360919531152,0.07195421231796742,0.012144970854851861,-0.0039838590435082024,-0.007149985439903074,-0.12745872096698496,-0.16012900710899242,-0.20701115103049136,-0.25544586185782403,-0.29496111273167014,-0.3790805061157054,-0.4393582821740968,-0.480601064861474,-0.5200605581248187,-0.5229034314177886,-0.5278969373867082,-0.4432927009507273,-0.5109193596279752,-0.6342316415494555,-0.45813616302542126,-0.5753598953959955,-0.5690366501603449,-0.4096215207564837,-0.25422852229121884,-0.2785776268635048,-0.2368136800735211,-0.05007632252408884
0.3141681127059547,0.2984378387838138,0.3754290073473338,0.2709140909345704,0.33456613746199865,0.35451313294850584,0.3301860383470661,0.2901503368153606,0.4089794489473278,0.26088682696483356,0.23308438753217472,0.2857004911696343,0.17335059008924375,0.1542273232913406,0.13150781245460808,0.11015783280744484,0.10499877397181541,0.0034897274216997252,0.054894709716880805,-0.05787622045415782,-0.08662485231788827,-0.20450010731421092,-0.14840786559655797,-0.3102940966576951,-0.3907723069598288,-0.3674358750075362,-0.3881673590293927,-0.39092053876990884,-0.5774846609812448,-0.48879690556818883,-0.5202092474985938,-0.4801839345087528,-0.6258011887449125,-0.5060812951582693,-0.5905411936220114,-0.5259666519189113,-0.5442433124195226,-0.4350641648701875,-0.374220977305869,-0.33685911801333457,-0.31525786506505465,-0.0949211472699026
0.3472301084988619,0.4038525524294155,0.30400519087794514,0.3929907142838237,0.30517395325180563,0.3686005523040404,0.42154026479423823,0.3069628740599851,0.20405089700842724,0.31598608867050615,0.23744296194552236,0.22149720567368927,0.24044459333663618,0.28809869491459383,0.18916050094878822,0.11217395365853004,0.06976977621364934,0.0551631266302913,0.052474361786495644,-0.06400374670530512,-0.10168889597188875,-0.13706669775672106,-0.1996712244145921,-0.23507742645004043,-0.35487892634673274,-0.45103509525753244,-0.38204766990781214,-0.3689674220394892,-0.41051702419546793,-0.5705548510854749,-0.43445771682722895,-0.4872308691952245,-0.5119309574849613,-0.583741205909122,-0.5029569225434251,-0.4765665284819733,-0.3892174264808401,-0.3630045742343445,-0.423238826224115,-0.3824398736256618,-0.14259698906094093,-0.1772310985112893
0.03350493275205982,-0.03523387990458556,-0.007346382734111412,0.04155116851885646,-3.9676822255456e-05,0.029369642091950053,-0.04502803963972947,0.03328972628733244,-0.020003115964691228,-0.038428496899210206,0.022313818174500403,0.04024998173656043,0.07289228524174751,-0.00823740423504383,-0.01052200194803052,-0.03237121995767918,-0.0021549855180719394,-0.03986174568606111,0.017574011752640385,0.036361340849204525,-0.047698023965368534,-0.0003518069016315627,0.009601332453442855,0.0034271683118778573,0.049260816698748135,0.03757485990283391,-0.04383991512335692,-0.02311344585335429,-0.02855484236696979,0.015489908137402211,0.027980130111421784,-0.03167152592041085,0.03659454269618828,-0.05602248722497051,-0.038966291713720326,-0.05535002384799808,0.026056521122126204,0.0042437541985681435,-0.0008571179861953191,-0.012847502530194269,0.008282780534575063,0.05657248559223798
-0.03216162427025534,-0.027267500512637096,0.01585327759001641,-0.05732073857977043,-0.012450371545102331,0.025285608232789945,0.016186630435600438,0.032091712963587316,-0.010189619327302314,-0.006108145183390263,0.028992626054965595,-0.0012891352486206315,0.031372478281173094,-0.03471915110577482,-0.005909692541410026,-0.03334460720733627,0.05433353219090996,0.051200972236084316,-0.039796438404840956,-0.04619342757077103,0.038013308148530184,0.05504565532064516,-0.03824560681563164,0.06738472155834885,-0.026391224750729726,-0.0021538892171889925,0.03961695697339874,0.057090179823503256,-0.046121278379492904,0.041688942691439836,-0.021277592311747223,0.0046965753704643915,0.007741963940427598,-0.016120464393560165,0.011577207486577326,-0.04754311907706747,-0.009167244696638963,0.016863284763771722,-0.016968604403231585,0.0022441616717055425,0.0348050673187796,0.007636913984328713
0.04546572600999288,0.049035992665298095,0.03234635191510888,-0.03092315014937756,0.025541449207314628,-0.017955029139049363,-0.01842313903085843,-0.014483002976501937,-0.05519261498281015,0.04408863136054841,-0.019691486596935898,-0.005238472394948503,0.008456618530773669,-0.011950907826543896,0.04934260864573843,-0.035478912602153245,-0.04985698580662999,-0.037359651111318906,0.03842756471965165,0.03247402313951833,0.034138575557231314,0.055913659658401525,-0.018227933861874438,-0.01944546329109567,-0.00551660354280303,0.0314244644524974,-0.024480017265319388,0.027695353532254486,-0.0037234211383207084,0.04245946442759555,-0.0373601421102812,0.034692886094360935,0.04435042485157235,0.01298445213520257,-0.02003169355438292,0.022272808707293396,0.000344633069518012,-0.03420439589349849,0.046874521505091866,0.033639292689937136,0.03655182544363929,-0.025568743711866043
0.0055518583187752065,0.017574359619694058,0.03841980343837874,-0.0185963350172362,0.01843577691863138,0.04008142109939462,0.04034461678723981,-0.025870050977249308,0.008458461792613422,7.30290607417503e-05,0.023106303962388587,0.011016805198462378,0.02186004676156919,-0.02386293940091459,0.004148731091509251,-0.011878715259631549,-5.4792011929432987e-05,0.0023260322438882403,-0.034101617847551044,0.033465314504477706,-0.018972515876905374,-0.005279596903300565,0.04809934759516394,-0.02990571808464665,0.03885064543928044,-0.05604953475007129,-0.04817699794129491,0.038290312516903596,-0.039469702207522286,0.01957582854869246,-0.036336405381983586,-0.05416998972320099,0.0017249342857480051,-0.022371507895757006,-0.052907339404708036,-0.01843250672369072,0.016928987325136747,-0.03392977124562807,0.0020296902204008102,-0.04815850780750084,0.04302402741631307,-0.036350287237042166
-0.0014973017441971086,4.1769289190367016e-07,-0.015614115609060448,0.04865504687542042,0.04659297568476094,-0.0328052403353346,-0.041521118034070534,0.026079513173551592,0.03280204566702938,0.027107320551011817,0.013303453718513294,0.02431347254608809,-0.021302072821671503,-0.009287444336428861,-0.03430256084203676,0.03913569678127368,0.030188403029712936,-0.002283480418488386,-0.018951146687161288,-0.04383999412617263,0.0371988422755771,0.008446685613632139,0.0069158837647149895,-0.040951995045318615,-0.012425647730316744,0.004626984563973188,0.013619653037476922,0.02496714248194727,0.043931523111914304,0.00432347825187269,0.019732711123114987,0.011642651977913056,0.026437425422867655,-0.004645717597738369,-0.020765543013616185,-0.01369667352504636,0.026008920882935386,0.0387407228989202,-0.006572693981641754,-0.013849627569921962,-0.019305463267949186,-0.0238424010855138
-0.021695163916704764,-0.019639251468275935,0.0085690995297699,-0.04593334046015954,-0.017725289734916744,-0.009180445897646649,0.03265358171603395,-0.03917765036963026,0.006355480780553958,-0.0202677793453437,0.015280985270574043,-0.0290106337067611,0.0341529119446381,-0.008017007782643148,-0.02163433411990508,-0.012681793341959513,-0.030458423340977744,-0.02225804813977838,0.008112892685551676,0.008643028114980595,0.04358939483938759,0.03495834357392134,-0.05443134479411546,0.03109702256616127,-0.029599656558528885,-0.023312738313931432,0.02094585756252031,-0.03803110013383755,0.030362728619116538,0.017990001189463974,-0.008310865789408149,0.035211962215461745,0.026174699160112558,-0.014249032422932961,0.027578489009247833,0.056159015537008534,-0.011079509310413948,-0.010798931134435563,0.03624055547278437,-0.02343656841979824,0.025938750842351956,0.024754076269495804
