gfs-wave-data.json
{"header": {"parameterCategory":2,"parameterNumber":2,"dx":2.5,"dy":2.5,"nx":144,"ny":73,"la1":90.0,"la2":-90.0,"lo1":0.0,"lo2":357.5}, "data":
[rows 18 to 35 of 73, columns 84 to 125 of 144]
0.026913562868836963,0.0643763012759119,0.02685470038778318,0.03727828170226358,0.02303160221723098,-0.0605910884595595,-0.08101684404876522,0.04236717742959513,-0.020190364852458145,0.03373987118963382,0.006613916830253074,0.065839428976779,0.003050275868358624,-0.013565422457835406,0.05447036691753827,0.027330205017412054,0.029859208808694814,-0.009137176493658153,-0.01218352165560555,-0.022060715421342116,0.05739039728098343,-0.04513618841681413,0.00660299169476218,-0.005524071603836269,0.011577655484741047,-0.04258520744102215,-0.03790059647012663,-0.027185842839584938,0.046577200399472087,0.013912917971395988,-0.00025762954720251875,0.008490756194374161,0.0444566971186183,-0.011464621596088595,-0.008847885865274808,-0.03043031267184671,-0.029040858517141666,1.6529746014480913,1.5253222000372655,1.7900223412079221,1.8439340133985345,1.7422898201459882
-0.02586811897784382,0.041187524724506305,0.03356314607856751,0.004171350020141325,0.001032128613214813,0.024501579641911114,0.019388080851816644,0.032100144827401596,-0.03928699767453983,0.04556267943477035,0.02703809521124027,0.02410913741343637,0.0014779596787686438,0.0013393943083421104,0.06357217679720494,0.04908408135243569,0.04779904016046736,0.0007077082782322416,-0.07483244296604752,-0.0351528556315454,-0.0004192915279285694,-0.01295765340315658,0.017171255068909187,0.045954289118848274,0.0463949871320753,0.05844542619539067,0.06856907860323284,0.06709596160424162,-0.02921110889518951,-0.0665698549676192,-0.025936342201975694,-0.056475635275856334,-0.01815019899055764,0.022658690451952665,0.03908335468378402,0.05732973623093236,-0.06210644554293473,1.569310917539554,1.7314617851858785,1.6761867582104797,1.7523884151958593,1.7554563026059649
-0.03323726361497152,0.020570476021014396,0.030505205808017983,0.053355088905728064,0.015634647868090174,-0.010056820600816453,-0.04101792772495457,0.035929509589298705,-0.003219406167765264,-0.016421992770754398,-0.046662687842647606,0.0665869980192086,0.00803763978717076,0.03995403597367279,0.04476302360482217,-0.04955354958707621,-0.03529267098898331,-0.016664637181879317,-0.05803534506987517,-0.016743903027875113,0.04713490544929007,0.027119509570636007,0.02904163525693574,0.06552709424959094,-0.04530007165581583,-0.026181701726386772,0.000972648573387341,0.010123239884096576,0.047434373837109516,0.059536393105912966,-0.012416095492300933,0.023901408427813742,-0.053046855502844506,-0.03626358792040271,0.021721448025463674,0.01753153908842061,-0.050942988749582425,-0.028722409335299688,0.008214195940067406,-0.03884876933757437,-0.011283857883809043,0.016742897816907472
0.9050939963887898,1.0505845834642293,0.9127297381392993,0.9646732242864305,0.9142034089646762,0.8301733982043172,0.9201368445513716,0.837919175601743,0.8924590343834957,0.8881672600317444,0.9862140860681685,0.8978616817481437,0.9811527345756578,0.8961434005809505,0.9165222084623268,0.9399427611530818,0.8915866133994927,0.9132795812926374,0.9666574658706043,1.1204969174367274,1.143661245371837,1.1222639859802988,1.0885270187896523,1.0659224166897763,1.1779969903030643,1.1893069252259085,1.2088640492751912,1.0823974018653073,1.1452100708135067,1.2808046405850426,1.243457158956492,1.2065080359774316,1.2007614902592216,1.163965864699512,1.1569022828869633,1.382925808242991,1.238958213055987,1.3460294017346612,1.2386149841465817,1.1755758292982688,1.279646126158834,1.409949249512488
1.0433812344322395,0.8325290999486612,0.8360491328372729,0.9373093428681197,0.9574222601363672,0.7840964665265605,0.9003277056221183,0.8524654678820416,0.8930773600556253,0.8195604686168797,0.9877970435186126,0.8675911718102126,0.9148118143801445,0.870329634183702,0.9019886296219917,0.921933181410141,0.9283942545168722,1.0133800157011577,0.9948948123471745,0.9968630836394418,1.0402679150169367,1.1600203795379118,1.1583156387059108,1.0485930828564665,1.1194685365179813,1.1861052725362662,1.1544295072549409,1.1892023973604227,1.2450391464755812,1.158147096185449,1.0751635944270292,1.292259287402812,1.3311760782483373,1.154403759436818,1.3464590101829985,1.2708491304957599,1.3257837979311837,1.1881151301472568,1.3091086242398653,1.1690777638766812,1.1416585984081755,1.3580672683949404
1.033497660881049,0.9316381183600013,0.9483589804363844,0.9319900036162708,0.8211763311941508,0.8689570097130267,0.8009693149402809,0.9279227947961216,0.8842864887690283,0.9604956463614203,0.8329225373997609,0.9007804736769246,0.8407047448071494,0.8703800142770268,0.962723786235085,1.0468181213122156,1.0589022671950186,0.9453684491367373,1.032612018092094,1.0723739273806137,0.9741551982155762,1.0639102160592266,0.9902812782524584,1.0661658110145251,1.059733273143162,1.1356471547454243,1.1307644985405807,1.1076026614888281,1.0888066835552788,1.2671746004816449,1.249209516372082,1.120682151760581,1.2266570888079245,1.243508206986249,1.2260594893616565,1.3198078558641457,1.3323176373552907,1.2480653333112504,1.1325356037578174,1.2410725785152672,1.220094748686079,1.3826567028340793
0.030032639741197704,0.0567121098769878,0.008528602220985804,-0.05016777224076691,-0.0053552737518781065,0.0023943982106926338,-0.04315873753859692,0.02906577844536588,0.026987918990676565,0.04364017929026346,0.04350372360953504,0.020847113300130508,-0.027137276431315888,0.025827237456591608,0.006109620161321082,0.002435752808075913,0.0485233741518415,0.015147686612947096,0.05250950588960906,-0.047238526923426144,-0.04177167657300854,0.032581279920229175,-0.0019544893406395,-0.01586471360256592,0.04024406292798891,-0.009583984691469837,0.017655643459868708,0.0192234692954602,0.04438780835787029,-0.04658709726735591,0.051957592330411084,-0.031291290072543394,-0.0755504322844448,0.03267681252300592,0.0429557824552419,0.056640376802793345,0.00240411716513052,0.05292946673139624,-0.03940056649721281,-0.05078645418439668,0.021124200849363176,0.03979966986131659
-0.9283216963702436,-0.8160460513983867,-0.8944769664039034,-0.8972352871144397,-0.9152964857642353,-1.0588890038799523,-0.9231951215371655,-0.9363454294694064,-0.9202603639102381,-0.6524098253840637,-0.8277660877233235,-0.7719117214187239,-0.7436460809263995,-0.6762050782053669,-0.5626059946241674,-0.7331007297924856,-0.6846342831659454,-0.6927386595766207,-0.5680798865299698,-0.6101550702297958,-0.6325632846931324,-0.690217921389528,-0.5700923949034928,-0.6544838560390164,-0.604920601339837,-0.6842895377474509,-0.7344040264220315,-0.78752880164493,-0.6873146366418742,-0.4752355946507792,-0.449626182844888,-0.7477014218210194,-0.5597301504929466,-0.445476406045235,-0.5878371714177547,-0.631731969704283,-0.5814618372622471,-0.6211081839668654,-0.7035639867379249,-0.6358337112112524,-0.5078203862977996,-0.7109746192415939
-1.134593888776747,-0.9613757899000778,-0.8206034291269229,-0.9532967046412816,-0.9169783603983299,-0.8133965425478804,-1.0039992330862366,-0.899601778374446,-0.8555750019487139,-0.767798848994228,-0.6461026503127374,-0.7784438263347794,-0.6250581489179732,-0.9283913434046542,-0.6159487132123642,-0.8746801001324469,-0.5481403390571469,-0.5770168126067516,-0.538526944951677,-0.7415072344186631,-0.6703961002575916,-0.6020521914713768,-0.6899208264638288,-0.7870457474652646,-0.7133189732090385,-0.6783895026006044,-0.6377030481755164,-0.719410825410479,-0.7689928345816156,-0.7574368330184815,-0.4930086655714817,-0.7246880775081994,-0.5206310727105268,-0.557420545411872,-0.5796834224148771,-0.6031086190594205,-0.5571285315989849,-0.6441568843527172,-0.6760140810467063,-0.6746773970523423,-0.6646216735116952,-0.621814135892207
-1.1509571103176306,-1.0291757156085077,-0.9134867191926881,-0.7805647605585134,-0.9533397129246717,-0.8948510992701169,-0.745253646483708,-0.9282417547988382,-0.8400729632627696,-0.8254809174626948,-0.7991831732049453,-0.768111156546328,-0.7050542934351101,-0.8824444705594744,-0.8741179860040691,-0.5442831654563761,-0.6426809617346172,-0.756574473883002,-0.6043023637624158,-0.766658747481576,-0.7472487086645495,-0.5455895005847374,-0.7862245692186557,-0.5536827958700952,-0.533784382460284,-0.5704465166962618,-0.7290807208279364,-0.5994640820753604,-0.6358036697228732,-0.5654836719121673,-0.6029512382950549,-0.49687896644709395,-0.5625892790189699,-0.5219836986295429,-0.5135124999486459,-0.5790794189183324,-0.49649019773342373,-0.6369123596587598,-0.6041638533527736,-0.5851837997593559,-0.6295352325425032,-0.6636599698930358
-1.1577498393002028,-1.1442220943293404,-1.0480468105180316,-0.9677784836269865,-0.8885804966861068,-0.851004699541873,-1.0503180296129195,-0.9450089934490082,-0.6491128488512221,-1.006471294643523,-0.9574431797776151,-0.6164714183726231,-0.8528353655264356,-0.626506882264854,-0.846658604083922,-0.5771041743268563,-0.5959421588041063,-0.6522374245598838,-0.5754742347905653,-0.667497395207792,-0.498966167000736,-0.5876023037223822,-0.7910949273557036,-0.5105232665706402,-0.6708531864898711,-0.5293585834201803,-0.6106073996313236,-0.6658840793090746,-0.5059093595632677,-0.7527439267828707,-0.5943355585521106,-0.7374054236270432,-0.6189326784851992,-0.4917627348682754,-0.5340545302406048,-0.5463616244786709,-0.6631877850701285,-0.6190214200103612,-0.612485578811476,-0.7476410729136018,-0.748960071145714,-0.6199377675735189
-1.1266790693106408,-0.9228289531928738,-0.9238294190177808,-0.8642430806200229,-0.7481735684539322,-0.7566309724191582,-0.6700843947537796,-0.8929086118227122,-0.7684396792647596,-0.816776759913653,-0.7512442027890787,-0.6228310474758286,-0.7466650047935179,-0.731668511737298,-0.895492468249834,-0.6714951081649546,-0.6650808146142991,-0.752704813458121,-0.6078465582659488,-0.6355084561310296,-0.582000970702848,-0.7020535830222369,-0.6333799852357641,-0.5851656806383427,-0.5794420139358083,-0.5454347270713567,-0.5341967179267522,-0.5629057568029668,-0.6213441232087622,-0.5729044272927352,-0.5601261778593727,-0.5271796273756095,-0.7459068927344263,-0.7366914685077619,-0.4941279970330494,-0.5958298714771619,-0.546456885201516,-0.6287383208897104,-0.5693992051955784,-0.7715453865429097,-0.6868238735903848,-0.5411092906014557
-0.031405252569823246,-0.0276519288790696,0.021891223260649365,-0.05336650686566545,0.05310931471338698,-0.040005441552459726,-0.037769026057614556,0.00408118612506398,-0.04025019028765345,0.014754756286345766,0.046419042107169614,-0.040115713397079686,0.04970372031378912,0.0059828064094922875,0.056762445931813614,0.024676514634118327,-0.03750461099300147,-0.037251748699468,0.029719552797108632,0.020172662449640156,-0.0006593423726113055,0.0012141474744282123,0.024471805249155678,-0.041204852725565434,0.0018310714548404627,0.05696093928565646,0.0227411999163879,0.0228441398887263,-0.033029478787233967,-0.03431070798890554,0.048718657686964095,-0.042881497850691126,-0.02429801022315819,-0.05153062988844005,0.04526632080518908,0.01833988405068085,-0.037048423199382785,-0.04274024382337623,0.062355501021800076,0.041302311917036746,-0.0015189281751396382,0.010272219566715294
-0.516277453191683,-0.694711904110565,-0.5281090465129438,-0.7653756368550004,-0.7042324748420765,-1.033851957056065,-0.9750001394725782,-1.122313033719443,-1.141603728640746,-1.177590573725723,-1.2483325066314386,-1.2461849454411604,-1.208687569255216,-1.1265580646268227,-1.113427795235307,-1.0144878377100441,-1.1012842213161302,-0.8992082004323706,-0.8847062100573341,-0.5895133603464163,-0.5724260053609556,-0.5156287486010155,-0.4911707506669446,-0.5770897130564876,-0.4813123138052431,-0.3736089777653324,-0.38097268342358165,-0.48368392846359004,-0.4936122797185188,-0.4201721640538562,-0.5743155124273802,-0.4384251495338081,-0.5650353489394679,-0.5594334462675086,-0.5985727495585891,-0.5698474413920341,-0.4900261822845262,-0.5543234374550878,-0.4985308510731617,-0.3921459841623894,-0.37228759071945605,-0.387448839242539
-0.6172996833047948,-0.7808892288190251,-0.7545264032920703,-0.6456131632399571,-0.717089061124698,-0.9326373681945407,-0.9574653390310096,-1.017512385004843,-1.019860182485186,-1.2383014829791306,-1.0759034379557244,-1.1145860165484112,-1.2914934961785225,-1.094302847561685,-1.0499927638123066,-1.1219554907255525,-0.9457501964015881,-0.9022086610657634,-0.8311544889885935,-0.7078609710137759,-0.6191128966955352,-0.6888870428056542,-0.5567860734564356,-0.35924572581057923,-0.4637181098838907,-0.4274133823914678,-0.280426639537452,-0.5668185500701113,-0.3495007188367387,-0.4446778038693907,-0.5022655663658342,-0.6064197844612197,-0.526579097773373,-0.6336182170412206,-0.45861984544135515,-0.4937393906112444,-0.6063248635372096,-0.43053812560219396,-0.49188142933360307,-0.49576355582415305,-0.3907255277187045,-0.3059808145467089
-0.5854707235074177,-0.7141383456754065,-0.4992901160476398,-0.8056270634778456,-0.7199186910881683,-0.8295981877397313,-0.9412200636879626,-0.9068757179462743,-0.9484787905110806,-1.0390914135895428,-1.1347491112262633,-1.226357608442097,-1.2404066074806064,-1.173507237785587,-1.1162910560439734,-1.0724341964451178,-0.9100576456776276,-0.8643937643162642,-0.8396761510472884,-0.6615783784829369,-0.6300706424724067,-0.6203185730221017,-0.44056815599775356,-0.3596935874150109,-0.4146278984053643,-0.40810104549204473,-0.579348651847293,-0.3869197719015799,-0.3918926227012364,-0.3480934254313997,-0.4374018416924941,-0.5050153196718032,-0.5297556499152246,-0.6252115602945765,-0.58311915303095,-0.6183485009138627,-0.439872236677175,-0.4743196761404645,-0.4127472531255674,-0.3879148042986299,-0.39726861810909153,-0.40177162695977114
-0.5413690658249677,-0.7992851916887491,-0.4436746158873915,-0.8336180221241382,-0.6551974039647186,-0.7523434503365684,-1.0934837915458355,-1.0257416110078386,-1.0464957901389524,-1.0991230922235578,-1.1986390018743767,-1.2445155757635122,-1.1751204150637617,-1.060145028037658,-1.1016880340190867,-0.8975539296245731,-0.8805800513241199,-0.8182727304060644,-0.7479448229400908,-0.735029688478811,-0.5668666510670815,-0.5642039997020639,-0.4905502580463842,-0.4057188505806529,-0.4402546600497271,-0.5709814427926436,-0.44172087332511895,-0.2852173898589101,-0.4390067802756909,-0.5641957456664513,-0.3924144037751851,-0.46914559766965697,-0.44865677039015384,-0.49709873949610034,-0.5803742212872361,-0.4879888785921606,-0.48140072666130196,-0.4390254354494266,-0.5171749547835063,-0.43714203324075335,-0.42597520340831546,-0.45048005765374344
-0.6984659883001001,-0.46076404393275533,-0.7129334870085209,-0.6361026779750208,-0.7813797701621742,-1.0241577258437637,-0.8849924629790965,-1.1402697418510237,-1.0369074353568735,-1.1894572921537125,-1.1359298921741061,-1.2307735665454953,-1.1106701177912406,-1.1859368895241231,-1.1041566617240204,-1.0304887139996488,-0.8895985059919255,-0.8004533664377194,-0.6285257574339026,-0.64035325466471,-0.7365511986661466,-0.49343909664681274,-0.6394387046215639,-0.5366156078213201,-0.32511145480065895,-0.3524549579340248,-0.4174675620372862,-0.37104177988652265,-0.4806924858843283,-0.39232901925125585,-0.4578409711715876,-0.47346837316240903,-0.5868011882185595,-0.5171459625679833,-0.4085837734366151,-0.5457953806108929,-0.5783429528507947,-0.42767724152559633,-0.35414177975802236,-0.41429877561701,-0.44271299596549724,-0.3270357555250363
