gfs-wave-data.json
{"header": {"parameterCategory":2,"parameterNumber":3,"dx":2.5,"dy":2.5,"nx":144,"ny":73,"la1":90.0,"la2":-90.0,"lo1":0.0,"lo2":357.5}, "data":
[rows 0 to 18 of 73, columns 0 to 41 of 144]
0.36349488094565585,0.2299381362209697,0.4055538505511301,0.3531786426085511,0.35594959957726596,0.45781266225386635,0.4547704982228734,0.5249751746719802,0.5500054451865302,0.7150564718504577,0.6068397160055332,0.7336980138182384,0.7104714892425003,0.7782602777637663,0.6647449483563211,0.6913602135786293,0.6654350936245524,0.5938396267881125,0.5419825851829039,0.5124762464778844,0.47240796412153585,0.37154132158153363,0.37468113552087756,0.4191079528062965,0.45456344243801844,0.47492510394172366,0.32961691778115104,0.45961997461932425,0.3330642692767475,0.4784859605937871,0.5367357713057676,0.43029826487689826,0.5448347421666297,0.4912139086952041,0.5957540232509343,0.6312218137617829,0.6182924694401797,0.5217997314771452,0.5458729637472217,0.46598895908499943,0.36924194037359503,0.35691719483228823
0.3098982468144993,0.23990463503382975,0.2599816571701933,0.41166279702078706,0.38965232099025865,0.4551806844200071,0.45137512355696413,0.49220339796737883,0.6042929376429369,0.6867800171290401,0.7775388741200319,0.7907337446332522,0.7481080054405478,0.6558928934668063,0.6902728121556879,0.6227030335704464,0.6990963808169072,0.5013833388756996,0.6498631845729393,0.5294501813579402,0.3433964706976052,0.43894984147923394,0.37967605316625014,0.38462661730459896,0.31285409973067496,0.2837944638110555,0.43397296501983496,0.3568184943136844,0.467885395566065,0.5574935909905732,0.4454675412174619,0.4859679572480102,0.4656508401227006,0.4977278891897831,0.44766721738861953,0.4538001767967569,0.4783892739269529,0.4177162253985997,0.423896367138654,0.33312523597284255,0.31249625861723923,0.3272721553496268
0.3206683082552227,0.24273792303664093,0.29802608601068736,0.31847349377305506,0.3481860221172368,0.4124848565831378,0.5013772124167234,0.5315354263040966,0.6627160644737966,0.672229445282868,0.6514618358607184,0.652296803419885,0.6889926215838365,0.7642281003272663,0.6535939845482712,0.6386449297084205,0.5321497871259954,0.6441665327922652,0.4491005307570148,0.5452654734154471,0.4640305873300733,0.3504281971851742,0.5016391264481336,0.33849095146943964,0.24596732545643946,0.3864629767735142,0.37341654113577893,0.2884197198925767,0.4888734225347815,0.5230586241424778,0.48399080580853654,0.5196441759341399,0.5881137218500174,0.6366972747990886,0.6105452305939688,0.5856871435556698,0.46313302296951847,0.4970875211584711,0.3755452740315705,0.3870794717126275,0.30822025883927584,0.31248783359219445
0.26251532659125115,0.34453860675140674,0.2587960933354647,0.3198473283140347,0.3238199561742165,0.4751185862922392,0.5284097814973993,0.6407759768563451,0.6131082037258329,0.6761280452361875,0.595027756619991,0.7531823381309392,0.7258595674564163,0.6492555337298352,0.7201931643043352,0.7947629108086505,0.5662584245974809,0.7074544305022916,0.47668274453877435,0.5515515695671964,0.43451561854323195,0.3681376259320381,0.4213819681362853,0.2882780667939951,0.3488909219256555,0.2987381345663232,0.3298656674802827,0.47445188965453217,0.354886510312105,0.5469942128096483,0.45479636365505893,0.6106086866308212,0.5366278356196078,0.5093535368564939,0.5302630104419795,0.4520832338699659,0.5068935901632676,0.5227306437501171,0.36416826918012196,0.32402979158209133,0.2963754553738433,0.26647705615025347
0.19008189563063482,0.22922165151038756,0.35211319410946706,0.3296533061561679,0.32987895884832236,0.42592701514650744,0.47588809595009646,0.5903611394561552,0.5945409462364548,0.5235852925521371,0.7193312543273482,0.6639812040033177,0.6861208281428219,0.7418026379658058,0.8052832381091979,0.7063219109759217,0.6329801623672223,0.6336450601189434,0.6886313916644271,0.5579222718125117,0.33176981209995987,0.3803307372292473,0.29055370573940337,0.28868580968650553,0.3335443618192393,0.43158700722223997,0.44928358745347263,0.3028097719800238,0.36487350436930305,0.3203766235397745,0.5352001693297376,0.43333876351105516,0.5158091014636764,0.4065717392512004,0.47900831047691594,0.6034128617543016,0.48653726388562335,0.37686711625689867,0.4088834808935643,0.29090466134250154,0.3380460222598689,0.3003061762537967
0.3097631508542511,0.24183648556295154,0.19399988886688693,0.30703018775933055,0.31026285245076546,0.4856349637993582,0.4318670610528486,0.4540947881468549,0.4525686330114135,0.6854689353304345,0.5663360353181404,0.7480381415255203,0.623534217901465,0.645198408596856,0.6349843472844402,0.7477319891613432,0.5437253262890842,0.599783736547246,0.6535722026971118,0.5087320620800143,0.5558152708269014,0.3051294884745565,0.37184646682071293,0.3116575697787247,0.2875348829636967,0.3696604980087249,0.3169804242099977,0.46246033120071245,0.31708834442370537,0.4302632650472434,0.371091014914367,0.42456830585520816,0.39486818523217415,0.5067064873840634,0.5079850911356029,0.5574155389865076,0.4902153083358153,0.48066523869738076,0.33109122558698145,0.3582512088821118,0.4105810767043199,0.2523024477822281
0.2511390059867228,0.36655846389631086,0.23744552260181193,0.2968003626967716,0.2725118257404413,0.3647802781169571,0.45113881421274116,0.5064808482130206,0.526884129166572,0.6646296540839106,0.6407516624674673,0.7015919278174785,0.7722530569239271,0.6429959026355971,0.7169820015927112,0.7405582270427816,0.6126320739687203,0.642542153946632,0.5132187481730198,0.4601760984729607,0.46518308361500416,0.42937829835799995,0.44259357324319476,0.417691082925232,0.3838004146344141,0.45171750828325363,0.30262804166731055,0.31407971146016106,0.31210103636767916,0.4050970978435326,0.3137096132581286,0.40582578861363283,0.4289575404440418,0.4965616790644715,0.4362261656993046,0.46277212271140283,0.43248835336374736,0.3563119268957002,0.3991581354550039,0.3600458242644902,0.3393831973408018,0.2663138347990767
0.2987084993235069,0.17765386717154327,0.1984269627383028,0.3237963145783651,0.303757822928365,0.35055649787244864,0.40303248731530117,0.5013936494032623,0.5662163855700602,0.619974671409118,0.6295445601479919,0.7228430174230064,0.7412452286127295,0.632490512953929,0.6645262628095044,0.6038679007717036,0.6399800183006652,0.4890048392290539,0.45119334209558,0.5007867851577525,0.42615925868886106,0.291911478520959,0.3209118997863106,0.2861700632720472,0.36651997406673953,0.25489141228896467,0.367524447973538,0.2893600361259676,0.35080391254833265,0.5268403525205048,0.39325960526770415,0.3345946479328222,0.4294295499648384,0.46034320610120777,0.5621227113215973,0.5086686756765673,0.37194160457087627,0.4690491497214426,0.3443840834467283,0.3964190524608648,0.3655978593490893,0.31171917563650925
0.20154308999203352,0.14613191301031977,0.2945732476211635,0.26859576549929376,0.3023537071288014,0.3667683588962648,0.37811842614377816,0.4351045505846304,0.47128550834610616,0.49536499982331694,0.6602400981219607,0.5899143222541814,0.6939880488364607,0.6195628695441461,0.7094242113716136,0.642761017428058,0.6225083533064334,0.5458492441146787,0.45400590874939967,0.47132095536406826,0.3571570709797693,0.44972273277916575,0.4336367318720936,0.45944458118298476,0.244492199753926,0.4687494207018789,0.44395391628318515,0.3469396474395528,0.5087225701125955,0.37519510459866934,0.5404516158764828,0.48447871686998667,0.4653262088613148,0.46837234586306975,0.46950604300765364,0.39343044757627615,0.5327680075149882,0.32344956214555715,0.46276439729767793,0.3890673283156915,0.26002084117742363,0.3320134302237728
0.23490802734277383,0.2275780553511843,0.3049618503315633,0.2783821547971036,0.3728665664018747,0.38376047836284966,0.3709985266678188,0.37214800415449095,0.53119831506068,0.5471984100581937,0.6936267969281187,0.665810705573621,0.5555093130058134,0.6653824115748657,0.565418551608949,0.5687167361922362,0.519620444255374,0.4695824820333001,0.5103005201360382,0.5069951748229325,0.4101898355781647,0.4212372668695935,0.28859172605903083,0.2906371468382692,0.22375452667090093,0.19697800528565138,0.3023633472335713,0.27101419821655215,0.4385244686276062,0.31065419907105424,0.39907353156818115,0.3184228566970176,0.4122486371297643,0.5503559889464709,0.4166972134533035,0.39962283975810325,0.32370898423822525,0.3115073038661252,0.3807875604494382,0.2536303805347528,0.3147576752103121,0.17189793165883982
0.2690542150979749,0.27750475825132725,0.27018110483397395,0.21033345823548694,0.3252186383535198,0.300338187455521,0.3566264117900352,0.48634466561705275,0.43770210307471585,0.508137006244655,0.6011611119812362,0.6393314161998076,0.6743103176396821,0.6498565797094388,0.5920448959798861,0.5808371066529043,0.6544860205706402,0.4875850343208977,0.4251403807791886,0.5369521919176382,0.4772089432161245,0.3025519238290558,0.4306667638604492,0.2479263080422664,0.3603627347785097,0.37100811153958313,0.31086810965084394,0.4564274132153755,0.3440263657198238,0.46023438910723385,0.34401772807554176,0.36974133840264695,0.5530777608811206,0.4966289835130839,0.4068323266352719,0.40145613867022206,0.37063984151708534,0.4699415404260971,0.3019959327376193,0.37461913956845433,0.2993796265735225,0.2743148926853602
0.21351848668316598,0.22516337004456066,0.3240998625930393,0.2589880741799051,0.31671630850358334,0.4532741845326989,0.3458128384362145,0.3595668959833442,0.4395185963349885,0.45161384222593753,0.5402540361684418,0.595108233395241,0.698855183497691,0.5598301021488981,0.6276144431528612,0.5499119318451485,0.48203458891204487,0.48946667378055847,0.5604979614861312,0.47908399121298645,0.3522071732382427,0.35095284392459514,0.31064971674303543,0.4118020883266266,0.2521617887832903,0.40590730668945707,0.28839614630064914,0.24605466915447535,0.3867877449192857,0.3057823591868625,0.4011511063175998,0.4612703580026516,0.518466199156361,0.48736249028690515,0.3746302901229419,0.4784026365959818,0.3966806039515024,0.4078372370296464,0.38305360535498806,0.27199823821462565,0.3709137891110991,0.2000513129155065
-0.11992546344740913,-0.07034953838700458,-0.05623050797194316,-0.1339988467211015,-0.21286849583829476,-0.06793443504314226,-0.13727351674298746,-0.05673073955144206,-0.20002004228606043,-0.13611323245908477,-0.23851356896682727,-0.20802150763008478,-0.2228489980213886,-0.061309624774607684,-0.1519976460347608,-0.047731097809046594,-0.16367632753136307,-0.23727253247571817,-0.20964182136510737,-0.2203105226534333,-0.18658233249446518,-0.08185228472464277,-0.12593022922391373,-0.04411335417069194,-0.21317946774506621,-0.051553058420380625,-0.22018664976935845,-0.2381107930690253,-0.07784487956849247,-0.05599712095465757,-0.20425805341987985,-0.1400154011034804,-0.21958946705946863,-0.06516033048957787,-0.1376523211791005,-0.12412015443266497,-0.11049213906677591,-0.09468764189888616,-0.2331857085750815,-0.20194840895731542,-0.06197447991869394,-0.23652176029754945
0.5245546121828113,0.9497110287692869,0.40438277568856873,0.4234601332275157,-0.11562491695903342,-0.08069169359315016,-0.08654802078868996,-0.0491912691812748,-0.13716604591094508,-0.1545498996051435,-0.07655100464957726,-0.04991940527947873,-0.1022137323563737,-0.08474386572821992,-0.12280527562436165,-0.1228260878624219,-0.12244381891766289,-0.17467865557921833,-0.22071909769710873,-0.13244895007505683,-0.15251968165482815,-0.19064525140896615,-0.11562275302476689,-0.17263331177346605,-0.11842571570212292,-0.19464262947070532,-0.19487405444341196,-0.19531030046947256,-0.1586624813825659,-0.21364570707658007,-0.08515874652311818,-0.19364790775156027,-0.12856710164107946,-0.2225471478771619,-0.09751580536137977,-0.18373710158956977,-0.09859983811701552,-0.18457556491205504,-0.08950325279331654,-0.07415215928020778,-0.23350267927286666,-0.1467112723536455
0.5149225517088214,0.4267371322775778,0.3928311751218024,0.8648552204784947,-0.143795305914371,-0.10227633214856473,-0.15495138151009383,-0.047560376107822475,-0.22306994917168851,-0.03967279365609473,-0.06567196980923022,-0.1698050594998005,-0.20111038209196558,-0.1131775169767824,-0.11368197352728616,-0.10295171111922233,-0.16280544144235867,-0.18414213977625488,-0.11739550954292953,-0.04434925505584015,-0.10515896493156847,-0.08851558192737138,-0.2247441152327389,-0.0469878860347113,-0.22121842608654282,-0.0544403695688479,-0.138366991298137,-0.07219205444856716,-0.2048463075456216,-0.030897847666625573,-0.11003904185578475,-0.11275170602838441,-0.22369948202033021,-0.0759259523723295,-0.19097108199095758,-0.03623512581889542,-0.16115430572305153,-0.0402938897781988,-0.09176850124869397,-0.037765253968616935,-0.07012912543004556,-0.06871695847421952
0.5261002265304994,0.6717462403596423,0.5229822440122126,0.8118850245899376,-0.12186164021095189,-0.1704365583800413,-0.1674124284646688,-0.19332100295721355,-0.13564075015859875,-0.1327454591232332,-0.05537016951478937,-0.08072331671845694,-0.18801516444193586,-0.07296189680039876,-0.0448993767662545,-0.04084562770544714,-0.028079053604533923,-0.13349781508647196,-0.11122057832257014,-0.13800155692917565,-0.058324221209769475,-0.18091781127520037,-0.14719829714927488,-0.1909442475962194,-0.10845961292568336,-0.11054454081325094,-0.06117411512056203,-0.13957076057527149,-0.0788654910418218,-0.18558065803501092,-0.2122296268044548,-0.10885109232417164,-0.16737733436070867,-0.11690184662182097,-0.11045943221442324,-0.057510556925675735,-0.07974149395707926,-0.17079598322456085,-0.18774949700319488,-0.14580108104978998,-0.03215556235075471,-0.2174814238702108
0.5436403511598825,0.3914541468963913,0.8438864584784853,1.049160050707847,-0.05301610510909692,-0.1716160502201508,-0.20713782763942734,-0.15203856522933154,-0.022143683369703526,-0.11983613556593524,-0.16093035353270788,-0.13543032978828265,-0.08014551690314564,-0.07602412626987727,-0.04820453470367394,-0.08376871080783636,-0.02322258282789256,-0.07844117466625601,-0.05700856092082169,-0.10198103003902338,-0.03966464873378503,-0.019750225909558085,-0.016591386308286625,-0.16596902562847374,-0.16109209899921423,-0.09162922102109748,-0.15223904899178103,-0.18831979118655853,-0.1645629766990953,-0.17157499536358625,-0.14791378085582596,-0.01625099339153874,-0.1835994880853161,-0.17811976311599148,-0.11264910852192854,-0.20061913332682713,-0.0734241007847756,-0.105187783254682,-0.11470414831076656,-0.052001932303679506,-0.060135018935619615,-0.019377695709485138
0.4702200625439642,0.48279804195354414,1.0386988888822766,1.0366888474955176,-0.07238856136054664,-0.017767261106221285,-0.068350682150349,-0.08241300244655071,-0.07096194707359217,-0.0536477344850884,-0.18907469199579094,-0.14041628230491587,-0.20662111270067982,-0.1860716467031503,-0.12861471628962795,-0.05094083037287125,-0.14269663749674197,-0.08184619609358695,-0.07677589410883547,-0.1319087243339426,-0.015169392834221035,-0.16429216022958887,-0.1795545588198495,-0.18536119161834388,-0.013963822146330533,-0.12293700934040867,-0.012567944900855499,-0.1977721725759322,-0.01209410685685544,-0.1978330864264185,-0.1773301472103287,-0.10422671070135715,-0.19679982580930594,-0.07125293086396908,-0.13668934029155588,-0.1695750549464654,-0.05813828268031296,-0.06893140808392365,-0.1747441463962257,-0.1927108701493236,-0.044889257468654395,-0.1659483662891716
0.4283803063690112,0.5912865879967838,0.6209119481967089,0.48819340873131495,-0.18782391294254336,-0.03410367298551615,-0.03675807990078255,-0.1004768572630099,-0.01972055538247528,-0.16261572264281965,-0.1432887192201688,-0.172082214050603,-0.09837610230495397,-0.061922365188998685,-0.03067693462235294,-0.1118505617584358,-0.1882261659351096,-0.09069035097522576,-0.1751590085106013,-0.1362095047335145,-0.15128224963058898,-0.17906059037165048,-0.14594198866520094,-0.07026135281110021,-0.0643740545004745,-0.1545598208896443,-0.1458824500759604,-0.09914318033165692,-0.1948033589745173,-0.1289815205379995,-0.1601951857311515,-0.16288147339355213,-0.1250114627115319,-0.1920890681492902,-0.158132178070812,-0.007842617630303353,-0.18108816590415724,-0.04172181642458976,-0.024879692478641927,-0.10000234273946616,-0.19337729875192614,-0.12504338503589896
