gfs-wave-data.json
{"header": {"parameterCategory":2,"parameterNumber":2,"dx":2.5,"dy":2.5,"nx":144,"ny":73,"la1":90.0,"la2":-90.0,"lo1":0.0,"lo2":357.5}, "data":
[rows 0 to 18 of 73, columns 42 to 83 of 144]
0.22721048450514628,0.2960598414203175,0.1314904209479048,0.24552467677569584,0.22779901419666704,0.2122072944449679,0.1373527591099914,0.12195874451354483,0.15765753360944545,0.17006134141930573,0.11073481981237455,0.2267104479648995,0.20140127540577146,0.17701178728113887,0.06783429658401373,0.07092184319051642,0.1017137444661196,0.08243958093912246,-0.008805667826246965,-0.022241462884677043,-0.038009214669791694,-0.09530744517420482,-0.17293806404481446,-0.1686012645295388,-0.2755035144469797,-0.2940345428851666,-0.2223736114349117,-0.22002660271102592,-0.2348411212811042,-0.2674772087247112,-0.4656657027866488,-0.35063874824720065,-0.4010727608344235,-0.4093677088570763,-0.2971973093251627,-0.37886254308592177,-0.369241959581178,-0.37812698135745354,-0.3508603029513191,-0.3084570908361445,-0.11703048272187005,-0.07962807113718443
0.25795636274421924,0.16592693525322005,0.16333513699225255,0.2784740570277082,0.17401476835991372,0.1603209978768655,0.19689384349329941,0.10932290573980048,0.17525094132285796,0.12682695458243773,0.16732235928057212,0.12267228207475576,0.07219119120121797,0.06314724190549655,0.10780959574621493,0.08252387791367563,0.02042754316932115,0.0006347569516262944,0.0443058198082217,-0.037186888261993054,-0.0533717070372785,-0.06818019598716893,-0.1270883292789071,-0.11306444701385387,-0.19502195837208283,-0.24301806945369975,-0.24800259790603846,-0.2623413822685401,-0.32340660876812066,-0.41811494181717523,-0.3365207897736649,-0.35972645136158127,-0.44071616804421004,-0.3575115215975412,-0.3806033133845527,-0.4433706153277609,-0.392414758033852,-0.3607661651628339,-0.3879444399194734,-0.292351013831062,-0.09364424197248541,-0.13282722934766897
0.17874231573630903,0.24196695800921067,0.3019616647424749,0.2444361865661458,0.1533369218474089,0.2278044557945225,0.28141162305318895,0.2017242049055231,0.25657765137774197,0.2525582348818832,0.18821679039270092,0.21125964252910753,0.06601046643371959,0.06926363922076946,0.11487761594809051,0.03399911009587245,0.1094886283251816,0.03951424886393457,-0.0033202012011508742,-0.023433883026891686,-0.03373080594522344,-0.14614396504994567,-0.15089426481936538,-0.14617182810511178,-0.2861501776854422,-0.2522103092152132,-0.2832621071446382,-0.31058094640190453,-0.3923320114509815,-0.45586704796662547,-0.3357315404216767,-0.3625935193728192,-0.4486100225820047,-0.3850772143016457,-0.504754245425721,-0.44510402957979966,-0.3895247225300083,-0.30478894306645243,-0.2334323991841571,-0.19952382044776973,-0.07288254439660126,-0.1587975040975616
0.23098202821755845,0.28221178602358044,0.19087035451180154,0.22060565953610536,0.30808779219820437,0.23380013601524707,0.154583783574288,0.19433866929847401,0.18581837506083673,0.09827134804098536,0.14338414301378682,0.10486112900927007,0.15019924654817265,0.13444297005631192,0.09872501590193634,0.032093958147897755,0.12794882962294232,0.008001770034762618,-0.0041285978376531555,-0.04910790683334094,-0.10349994062126072,-0.11677936237199894,-0.17866549904594206,-0.15746131300761948,-0.17439308391504105,-0.29504188467784337,-0.3206447916635758,-0.4219480780929002,-0.3797403428177591,-0.3383769421723924,-0.3161870855508565,-0.4847209183620805,-0.46069877812584037,-0.4163819166708784,-0.3988525979853609,-0.34743804228128145,-0.4762198549373756,-0.3114696993250576,-0.2893067050155183,-0.3157886718529529,-0.10354375513719781,-0.033042879001939966
0.14404362811273164,0.23158027635763878,0.2655378285396163,0.15468548084299583,0.2387327181691626,0.16233619659161083,0.16785241123004835,0.24719878257579417,0.14773359004884495,0.27958439508347366,0.09893361442685293,0.11978180155591017,0.0778616893005318,0.12525346597852482,0.09836419680008238,0.05266823784444995,0.06865149832062219,0.043904082122989414,0.04024416894512071,-0.053640156039377815,-0.07609770974084931,-0.1512863994265118,-0.1210943744810647,-0.16977992980778958,-0.2651520770886105,-0.21251041416530483,-0.3293857853433377,-0.25221794958391774,-0.2634533856732796,-0.34553294120832245,-0.4173850908747465,-0.4886465467866253,-0.432455301058516,-0.3944689963871925,-0.49461375478313213,-0.46440547045469815,-0.47853911275063216,-0.3983113470355337,-0.254044085867689,-0.3103787811348439,-0.11111355576747531,0.01767542199266437
0.2333411998989775,0.19898011196728274,0.27848574180070645,0.2500960475842931,0.2434712469462977,0.23775134142626908,0.32901358610231574,0.1932941721470733,0.19391320498536074,0.17367267170675557,0.14570363293583102,0.20229968197843354,0.09854257850205932,0.07956752228909199,0.09496504134277306,0.06330765560959095,0.06406989904570627,0.01990070672718366,-0.023437996922711403,-0.057665606646497905,-0.057024832844614355,-0.18318941124145138,-0.18179058807766646,-0.20074324158409085,-0.2618164426405184,-0.30606251003591073,-0.31297113281410177,-0.34668742595348434,-0.3441828157398803,-0.2977995661182393,-0.4655025553345568,-0.44918466832320414,-0.44062722855238307,-0.36857427682284266,-0.3820329596796231,-0.5629643923458866,-0.44030742605825396,-0.44873910769302777,-0.42804941409128466,-0.2959220917723133,-0.14357943606266316,-0.037057987426034056
0.32603812038300656,0.28554727105045286,0.3373292472788142,0.20341584903256732,0.3164192718960969,0.22733118652814577,0.27174795016165587,0.33073668570384523,0.15695953073640784,0.17818163961350003,0.13300588016185957,0.14820961573835928,0.09393769421781475,0.1695774664540271,0.14431687941209032,0.05213797677770236,0.05284147831713849,0.041254647327741874,-0.005608953971040123,-0.010873388428565816,-0.15533687705529653,-0.19522818307569834,-0.1452973284812725,-0.13779602786956674,-0.23578267374177966,-0.23888616232808565,-0.3589591529451322,-0.38264939580350454,-0.3793319957557086,-0.44871238543613357,-0.3702518305077743,-0.4658096648982244,-0.3720804441856486,-0.4860727130205589,-0.45517633813919217,-0.4426404820078819,-0.34801136346522793,-0.4235150284696358,-0.41240882218776104,-0.19254044917190216,-0.2513718679840975,-0.16534190201040624
0.2329981115909378,0.22777977575602446,0.24537357064298027,0.20042311733207935,0.29643878194332046,0.22154822313840794,0.32262952817542295,0.1789423787983945,0.24714127233584346,0.270204023892819,0.23050677588938948,0.18945554723456376,0.16756500348406766,0.15276039550399853,0.09590458036287387,0.09490494565295339,0.044889007998499764,0.03850312885073251,-0.014518059567400963,-0.10118136293533336,-0.04580301290043718,-0.19877951984476813,-0.15125386159135754,-0.19391720464615061,-0.24445972883242406,-0.3314593171460444,-0.25943600411209744,-0.33990925667074184,-0.43179790101620447,-0.510828052238954,-0.3935444648970991,-0.4982729961869277,-0.5521954129845803,-0.5421800099384169,-0.42030495381749877,-0.45337611797001226,-0.5390645370823929,-0.47606611559866235,-0.2107761714318829,-0.2191936185076439,-0.2186328149350403,-0.05359425394442642
0.28797646517398817,0.2420367153938194,0.21754327565830975,0.3870379808272064,0.326552189834602,0.3645317219737088,0.35807662227761994,0.2452586177275825,0.1911100124962454,0.17609418536402432,0.2849818567811929,0.203350448443325,0.1743662603899633,0.15910267678145515,0.10905114940073124,0.084335177325713,0.10309944737260589,0.0466221722718033,0.016804007751114826,-0.007486205493919659,-0.05803204068888589,-0.141165893590511,-0.25416747478587415,-0.1703543172585093,-0.23560078358543507,-0.29841611434766513,-0.3116081585086789,-0.43185090545889626,-0.43830153572103137,-0.4146204850211223,-0.4305939211656599,-0.5804775765001351,-0.40664934652438384,-0.41963096670520555,-0.4320804896277678,-0.49446741130309946,-0.4545298903015356,-0.39306737930687646,-0.32975267380176393,-0.3030975844284779,-0.09895242556803731,-0.03640212874964854
0.26205935881976666,0.3386495822961663,0.28920369871304813,0.33194369207499275,0.22713193061355158,0.30908267918292454,0.2460798067316848,0.27564273906026304,0.27156389940741904,0.21220739663467686,0.2046760714823779,0.286721245445831,0.14381473200108494,0.1355256280680722,0.1452065946662198,0.13467295199501378,0.08896077246235108,0.004727577778429953,0.03594866420766629,-0.006804252786172385,-0.10849884181715713,-0.12138331609814577,-0.2304174068032086,-0.1930630720127209,-0.2806428929841108,-0.2777831623630798,-0.27483286723297146,-0.38961953534013516,-0.49586126134437813,-0.4563394483016361,-0.38657904215769284,-0.5030514999705472,-0.484739684381877,-0.5185677194057448,-0.43853219323132614,-0.3904807917234872,-0.4910285406278116,-0.5425625298278772,-0.39092331250977996,-0.30420953877512075,-0.25459701247753475,-0.046060991549013344
0.32600661694918154,0.3746963637476572,0.3027282568338659,0.3693522071856018,0.2253842857279362,0.3022665788892724,0.26716319054010723,0.2871097860164839,0.2518326469872856,0.25154449790746153,0.27025745541625573,0.20122560847258156,0.16787307321367304,0.2532275016600831,0.12434302763226684,0.07761886370794709,0.09634883593662737,0.026492256630170317,0.009482900157875741,-0.06424522443848879,-0.06723463167513195,-0.15248487745334066,-0.16689950213746194,-0.17609131526488572,-0.19895357701235897,-0.4100896296758462,-0.3415273823033881,-0.48860356751783585,-0.3568906134202006,-0.35782518766787463,-0.45208230401882427,-0.5373028583230234,-0.47380693962157994,-0.551695619632713,-0.6216350872984958,-0.5649347055498588,-0.5708498201543345,-0.5238006619547385,-0.2926223616745105,-0.22458422146110468,-0.11358110055986133,0.01614979365951711
0.3522124574456489,0.39480445865338193,0.3045804070265934,0.28725373651088476,0.3393791413849394,0.3356983462526136,0.2699750103259835,0.33412007694429946,0.2962745664408016,0.2022443904737574,0.2908879808515641,0.31045871836682454,0.186127135229129,0.1515439571623433,0.2147852120851751,0.1095703693688821,0.07063706288036029,-0.008656387981310874,-0.01711266220306871,-0.004202517973860981,-0.1367280047147327,-0.10950080322077459,-0.23910871662075928,-0.28567865602491804,-0.36398980611443205,-0.38638874383804545,-0.39486780109693914,-0.3345428828482078,-0.4648381567583545,-0.4860550504456949,-0.36430192266569056,-0.42248965860057014,-0.5753622077739182,-0.5834071594264841,-0.5731340053195821,-0.4251628314406077,-0.5296284309991468,-0.47694938830278827,-0.2995573125631261,-0.32213871024615104,-0.13041486620312967,-0.12574258943822272
0.050760697827668705,-0.04435880686638349,-0.006521073801089102,-0.03488901013320541,0.03798430128471983,0.003749043241004166,0.03326739558154523,0.028065730295801616,-0.05026773237614989,-0.0270567778665287,-0.03131021268500054,0.02461185570572084,0.017094831284451967,0.011343810188677729,-0.034371534305093855,0.028554483253923676,-0.044643379431821076,-0.012844767566001126,0.03144798514792184,0.01254945912963895,-0.04456067521019856,0.0007978063874933833,-0.02735092746665201,0.04971789118788892,-0.007276176831768229,0.05656154258083527,0.022683766282782642,0.03360856743601849,-0.032539593333059336,-0.030687592053731914,0.036248356153899375,-0.045846849038500864,-0.015626283979514467,0.04116190533078231,0.018350161825268625,0.010660244076895614,-0.0492674605802813,-0.0625461630414269,0.006285258478489169,-0.03540917045961731,-0.00811385602149395,-0.06337506254499285
0.042909190713793025,0.03202491741446589,-0.03614854512066532,0.013845005196939571,0.010740710458716126,-0.029119710019361058,0.002056070784863072,-0.014390579367928077,0.040518761188233665,0.040948449365461,-0.02549845327454466,-0.012085022271031113,0.03133286363488161,0.041606198957562436,-0.03930921040708869,-0.04638016489912655,-0.030886022250785194,0.009047304826289921,-0.0051594891092925504,0.02908537401226615,-0.035931179803654185,-0.009489439519880832,0.06510038550473711,0.015398648363223029,-0.0003615304411632617,0.03130972533545776,0.0033834975077155914,0.010821664712646601,-0.03178830871243022,0.014172825673253524,-0.018323910377317097,0.038026759063001334,-0.020731853232525587,-0.020409986830581487,-0.01598183734734514,-0.05614650587557037,0.048810942497489046,0.05569576286375966,-0.04768484713532301,0.056338622807136904,0.021597277762967056,0.019953558983144836
0.010742363292305886,-0.006052144787397422,-0.004258499041647967,-0.028620888982367615,-0.02186058270650903,-0.04526691654503314,-0.06558007956983357,-0.02358590696302299,-0.04770476795699136,-0.0638234336392523,0.0027183979560840513,0.003524762533967657,-0.04570798339595585,-0.013366217939213346,-0.034066417332595904,-0.024212648713299267,-0.019173371015879938,-0.031489647479245285,-0.02676183089490093,-0.038634826404676345,-0.05101066842736073,0.04486885123613047,-0.001423450653237125,0.03354267276855012,0.055229507051245054,0.050423984726755265,0.006685845168953003,-0.01226638808025142,-0.05142402963961789,0.007829212716449263,0.03323076340150556,-0.04131980907002021,0.009705713142177231,0.057866679518663526,-0.008726358739326881,-0.060366495674605204,0.02201303927809138,-0.06958865219651132,-0.04726374886492613,0.013551224709800006,0.06240615438659933,0.04150307987179295
-0.05545507865144451,-0.010736033806250444,0.007370597895762449,0.021947431943452948,0.011709822503091173,-0.026817386408634215,-0.04814158870255487,0.05428844908470231,0.039935253180609094,0.041585690122464214,0.015603963161550966,-0.06514849356806092,-0.0195651942692009,-0.06213990305832303,0.031424213416814846,0.04809137190167213,-0.061821879051992636,0.03669683179143011,-0.01646132624347733,-0.025318445557016782,0.029937415556149084,0.06000421131817417,-0.04516511220429448,0.02492717189984647,0.0005832006976670135,-0.031897280484974776,-0.03994419033519637,0.011633666018898583,-0.047456889108757686,0.015426225744030738,-0.05616576103349526,0.004863056956501598,0.051397088476508125,-0.049177133418765236,-0.047348773118983785,0.049306393008379926,0.045858135853280836,-0.016188089844543084,-0.013935405920348627,0.006721002814639084,-0.06831680489670591,0.01848609653569393
-0.0059644957998273825,-0.036732886325333586,-0.07339246993782124,0.030051401024157532,0.05349935608196234,0.02799815221596312,-0.024096840908691058,0.038844450683958566,0.05624401191339488,0.04145034231670909,-0.046888254135670125,-0.012930838098601568,-0.05462187088789428,-0.03975229589373112,0.06883129474028961,0.05557522719544008,0.02187055358044965,-0.021061999194339754,-0.020119754727487164,0.01272366574932276,0.05323085384566622,-0.057181319799363736,0.04463948455143834,-0.04866610211351467,-0.006186085637674306,0.06254848049194955,-0.017764514378590706,-0.0375216358090527,-0.0063946683966418175,0.03288712546890652,-0.045950816531988195,0.033856790813667895,-0.02570076071631802,0.0328923866265262,0.020055974004026072,0.06858296842293876,0.005785925163047326,0.022387440181228953,-0.004535353508206663,0.030012058028720007,-0.06943695978642803,0.051144835882753474
0.030678172876344577,-0.024715891498374328,-0.05221108546407509,0.030700638862269612,-0.0014326240268466288,-0.035574464510931283,0.0589786330573091,0.024826782116151403,-0.031041569113467365,-0.04163924709559275,0.0022128097516847683,-0.006116895826542539,-0.0039716146419981726,-0.042346513132921315,-0.05574089992346805,0.04623465990963847,0.03371820337564105,-0.02679828005063812,0.02122836090344814,0.005159256613745696,-0.039146108364656595,0.0027015807234458808,-0.005517823579707915,0.015762126643004644,-0.06453696099126169,-0.0006688479815019593,-0.04199291380108995,0.05366098092826482,0.027441796789190988,0.03420214465757047,0.009585701681856818,0.06471825683366067,-0.04452658766763537,0.03420425416843313,-0.04703508782533692,-0.03206935869164841,-0.008868735408003751,0.0255920417902089,0.015967429996516843,-0.0238634677587945,-0.026505640971855975,-0.015032772749630318
0.02702749896053456,0.01536958854799336,0.018959480745266426,-0.060066433966263176,0.03631589581539776,0.01680227946007438,-0.05235679939062131,-0.05974000009705569,0.050202758501559565,-0.04843340646108497,0.05420286844432996,0.0055619901817841886,-0.048992238864287836,-0.016315774384883668,0.059157911669145614,-0.04702815329302612,-0.01135655373069526,0.04653702853739095,-0.028059326373437325,0.03831951978522894,-0.0751072753189867,0.059129897997384724,-0.004336672260018244,0.06126254939666367,-0.07098602586801829,-0.02206367343030022,-0.0571222555312645,0.026785700283603924,-0.05693555328217338,-0.048290347601402224,0.03629004202527525,0.05693598644480115,0.044207684233492,-0.03968658575482421,0.02257880721729546,-0.012894469678246293,0.073224947290959,-0.061511554455352044,0.007249248109341862,-0.03201429034623746,-0.00857018685959022,-0.02209804608078548
