gfs-wave-data.json
{"header": {"parameterCategory":2,"parameterNumber":2,"dx":2.5,"dy":2.5,"nx":144,"ny":73,"la1":90.0,"la2":-90.0,"lo1":0.0,"lo2":357.5}, "data":
[rows 0 to 18 of 73, columns 0 to 41 of 144]
0.27632399230143556,0.34994036802345874,0.3719301408778558,0.316729678291377,0.2819296594359188,0.3163320946322973,0.28438898316164996,0.25965666972613616,0.18974227317544326,0.2682954043310799,0.0982783055367676,0.04044209216748094,-0.07628795637252057,-0.01369171365878518,-0.2266911180996606,-0.1743987438486527,-0.22034851868722177,-0.3298150413557442,-0.288116660218582,-0.34581450688229715,-0.41701066903114375,-0.5934695530093429,-0.4696051687100002,-0.5831255664001216,-0.5571418997260367,-0.5617390093430831,-0.42026480598940913,-0.37351074772426107,-0.33399202156582514,-0.2622507953192348,-0.2974647034656788,-0.2780238139916857,-0.1997200663154866,-0.19569234979173977,-0.13343737687725496,-0.049139281892433474,0.034596532554116134,0.11278638519479171,0.021013871659029952,0.08022140400350118,0.1135737651888128,0.15840630547921347
0.23082022646681377,0.2252175608664143,0.25606022623609426,0.305493004018441,0.3192559192668278,0.338470118292968,0.3780718954529174,0.35881241315303025,0.2707606434903138,0.24737303960590762,0.07587429451337716,0.03523070299646174,0.044916223724742035,-0.10766882959736787,-0.09857941862417116,-0.263689909750975,-0.31947697604477265,-0.34296602877654503,-0.5071637791629819,-0.5429812680132989,-0.43684275225564,-0.6001477293853947,-0.4849218888863981,-0.5508491340906196,-0.40969795985974355,-0.49264594669457323,-0.48595508102506296,-0.35680243867935746,-0.39666211717547917,-0.40617902709573167,-0.4125980300694906,-0.23206651511288812,-0.22060679421525825,-0.16792307060417275,-0.10406182481835724,-0.11114938314485018,0.0013947268227217314,0.057606224863747814,0.1546975746851298,0.06732442746707556,0.17059778123937322,0.13188517138723002
0.40428693695284657,0.30766964762712706,0.30569027307421753,0.30191298598989896,0.3099418457578743,0.3217533421437038,0.34700225778961236,0.32628300878088284,0.3151314892145194,0.18887049333647923,0.13097277942966884,0.06537214568909465,0.039601894919483384,-0.14060331795985004,-0.13200603295862112,-0.2126607599869284,-0.30370756931394227,-0.27429870104678816,-0.4367787238826084,-0.39438360323572536,-0.49511105265077276,-0.5888156718765967,-0.44522218909705347,-0.4014006285581932,-0.5244958395090431,-0.5169847332948246,-0.46517741471340096,-0.4102797728267411,-0.42774751643965786,-0.28857551729832714,-0.25436609494372797,-0.308164641513567,-0.1760936929475214,-0.25012335604386526,-0.1139971097588249,-0.04624028952439912,-0.015371456142990543,0.0948200111609256,0.09877925166714321,0.10269314131765665,0.1491761824512037,0.16525376155482002
0.2593174359717987,0.3064512499344894,0.404582287614622,0.3036860905664844,0.43157575565952805,0.267592761593851,0.35679450260224527,0.31790956656649183,0.16768636342992718,0.23083576810968842,0.1548027766649207,0.10334930336730234,0.019442745628277178,-0.062190848713542836,-0.15081570404175637,-0.2542035845342631,-0.2271037150056149,-0.27186955151464315,-0.47040454147498506,-0.5204336946921174,-0.5107622682070583,-0.4284426383260103,-0.4529055318414719,-0.44806219854001766,-0.45192790669836835,-0.507944711265302,-0.503491184684901,-0.33166296458993855,-0.4682462545419847,-0.432359043689923,-0.3121413376964899,-0.2976004199575862,-0.24397885798845326,-0.18016276731094985,-0.0822194086307956,-0.09410653364782652,-0.047346377007405745,-0.009012818272095716,0.08746763345091389,0.05697502462840271,0.1466923424517432,0.10775103566162973
0.31803698451099,0.2613922955653961,0.3970872919420729,0.35513495440214726,0.337430228535108,0.3476402883803057,0.3544230696009133,0.32409455033347256,0.23712867813671432,0.14384472148534092,0.13342084426749926,0.1627595012406092,0.06493754348074308,0.0028087912923364287,-0.2278712359057955,-0.2633753714510306,-0.3835908821950445,-0.4583956833403137,-0.4520598456387502,-0.3938612091845512,-0.5906429312713285,-0.5612116636989538,-0.4837209113529876,-0.5401108782523368,-0.4205242294633776,-0.560786834901127,-0.3523409520299754,-0.34630051697843917,-0.4674484036280496,-0.3150611356151809,-0.3666698566072702,-0.18067841517572333,-0.29756967792686184,-0.19467692577814594,-0.12289218806805376,-0.05450273796536906,0.04890630771470329,0.03282087537521463,0.038465270732728644,0.1097753795878013,0.15514672443899924,0.16359857779961287
0.24587392034376532,0.3379729755263439,0.33479496359859123,0.3758332709450905,0.2940512144505194,0.3881340676796509,0.32031745835408837,0.25655218343954006,0.211871001144558,0.1249365237409397,0.085715101051822,0.07961238867032398,0.042870673045543935,-0.06026909051037813,-0.09968636785348865,-0.2084848084892365,-0.2781636876290578,-0.32282877084831146,-0.32939113615772025,-0.45726024305910823,-0.44928356274338876,-0.6055867490013302,-0.5540878209336496,-0.5447304077931866,-0.5065253131404623,-0.3805101578801048,-0.4431750751945867,-0.3915203037049471,-0.37991121441277276,-0.45915664794257416,-0.22549734423254614,-0.36018626667677855,-0.27715018875893105,-0.1541620973714146,-0.09861218083194886,-0.05426617427110532,-0.021811357404324154,0.06817493179653665,0.100435773173891,0.20218324610030727,0.06879166750945492,0.11774151901310415
0.332451908053525,0.30399242730181586,0.31776448229504445,0.30233234657669067,0.3700900693469077,0.33227889893358786,0.3145591493994858,0.3810212051521972,0.2766352769423886,0.13243766853450645,0.17716251771154465,0.18936269040350995,0.06130638754327581,-0.07846905107209352,-0.17655626842837385,-0.2123554536802042,-0.40244710922290133,-0.38859744170192917,-0.32264333876440454,-0.46117158412614284,-0.3879225262873672,-0.47893083209822523,-0.5498709008916387,-0.5235904573353447,-0.5681857379558237,-0.48492827540283645,-0.4085273212691031,-0.4252284548107169,-0.48851418818705156,-0.3886499545147987,-0.3131947931239146,-0.3027878511779512,-0.2676771242645878,-0.12670846131902866,-0.06568406431581406,-0.04144317907547604,-0.003949620109346346,0.032121597037725526,0.06366985573188563,0.10118647455937357,0.13298462802854075,0.20194461342549724
0.3190255031320635,0.38741888485711495,0.25944130607638505,0.32206936332718566,0.3339613322643051,0.3987724190074348,0.4333788298723965,0.37306485593697003,0.21638793366895165,0.1280025640439308,0.18092928429882194,0.18503833888869242,0.06798216533220655,-0.17691791569103454,-0.18158986347610936,-0.15867591587997104,-0.34291577225139225,-0.35632159283788967,-0.318274982452316,-0.4793988236308,-0.4676287690703236,-0.5591836097700049,-0.5237484940047805,-0.5888921603708016,-0.604738751362798,-0.40801723357132585,-0.4881085032175983,-0.46735062686410445,-0.44777640674529146,-0.4326514983050092,-0.34067166574097246,-0.28080080697012644,-0.2795136434323115,-0.16677790820339003,-0.1925937921495071,-0.07847586736701012,-0.02436205958319036,-0.003652025490162956,0.1476611021417511,0.1796944623589402,0.12486894610867494,0.24998437420997216
0.24793297595070304,0.3373011592814598,0.4131374236915692,0.3270335966524041,0.45080841187901866,0.37548805418882625,0.34890365161414416,0.2637852840050459,0.2719241599563235,0.170037715734435,0.1467649367534836,0.0578772870274743,-0.07807422869527102,-0.15369972848959154,-0.12048882624852288,-0.20253661465669903,-0.2918007673656544,-0.44047337872079223,-0.48624296383441795,-0.4646715617733963,-0.5235746594766273,-0.51837666825146,-0.5390313165037874,-0.466282764661492,-0.49124355143227527,-0.3918399198468057,-0.5033667186991522,-0.5208791410921009,-0.5260622739854954,-0.4727072307066004,-0.39023188990598295,-0.3169938286017335,-0.25879020257731983,-0.1682825273093953,-0.06122400665193091,-0.08970394438857822,-0.012270067888215865,0.005658033935588159,0.06840790382697502,0.16751754779686553,0.1472194418027971,0.26131700998971535
0.4418385898681227,0.2798037596041038,0.3745663413653804,0.3231077979923053,0.32632990990144134,0.3300654593330296,0.2977643446713429,0.2846686009844495,0.1782090790975141,0.27109502678636455,0.18644319649751365,0.2016348965695353,-0.05512175371546756,-0.1833820603157536,-0.20626220152498356,-0.14262653772880773,-0.29716207954419516,-0.4434330396423029,-0.3715743371740927,-0.4675267278491317,-0.4146264330511166,-0.5811779695625572,-0.5481795817486489,-0.45356516393427887,-0.4737984112452033,-0.46865041758703296,-0.5993251568754934,-0.4769261161194721,-0.44524886833691885,-0.3696531614764139,-0.41127697609026714,-0.32957710081140146,-0.1859228743467989,-0.1505606895784685,-0.16949154009278036,-0.04487755963377801,-0.03438938377160017,0.1170777624835324,0.08831402621973686,0.08001854266235782,0.09365345383771088,0.1945397274241594
0.2707849556261705,0.3905841159777865,0.47383135768593126,0.43365308446002654,0.4095825099681323,0.2849260806783901,0.2693234484280535,0.35991998901044153,0.269362989880294,0.21457421160745543,0.11615723646498737,0.0950958130011711,-0.029841738151758397,0.0012689753145187206,-0.21279765775908635,-0.16976682066333512,-0.29632985454515637,-0.4100800654391579,-0.4592947283183783,-0.606243403440042,-0.5049943689333228,-0.5903513329547451,-0.6741457024360713,-0.5978999628035787,-0.4695161543250821,-0.45897106570332996,-0.5256681278434964,-0.551810408226302,-0.43208128628335374,-0.39086877029652545,-0.3666804635313044,-0.29131378606350006,-0.19876560946234106,-0.1984995507854028,-0.18223250084668197,0.01391913230242471,0.04020444403898764,0.05170164556428222,0.062989780551389,0.15249978470605197,0.182799430759758,0.2080677401046685
0.4284994251193062,0.307784088582318,0.3426827876956856,0.4636527903628914,0.395163369134252,0.3817785025009325,0.3273898963808603,0.29585634026192076,0.28684264904019524,0.22059354307147044,0.21445517955740992,0.13459735069956777,0.059701878147471424,-0.1968865292063902,-0.1787514065904694,-0.15577448517799727,-0.4695780753113958,-0.347791271370012,-0.4737981532524032,-0.596613952888015,-0.4978503348889578,-0.5376081052274931,-0.5340154185094504,-0.5265383286576608,-0.4423276117625514,-0.5096644363479765,-0.5199005266648956,-0.5792964093260073,-0.5065948871736606,-0.44499661983126515,-0.34360506927450524,-0.3647129932866219,-0.2552436582647874,-0.19929126019553287,-0.18948672922193013,-0.023616381733466488,-0.07173319728665109,0.02847856000761594,0.05696651490348821,0.10175987979289035,0.10457161238102575,0.16183847969524104
-0.024079160329717506,0.036703425407040226,-0.04212583928045686,-7.853658579170194e-05,-0.00039312305212142534,-0.002080008778285463,0.017646782721808113,0.026560438483454612,-0.01268051557913861,-0.006512383173316295,-0.005621360679568615,0.020471547656981424,-0.023908204150751122,-0.03375662656914945,-0.01746511485976234,-0.009746044686801536,-0.012406942037077174,-0.014329946406570072,0.02298799196023721,-0.026480829956724544,0.02276526589608125,-0.026711259007448463,0.00010287938476798515,0.029587993081155905,-0.018947778482211162,0.014508659989390615,-0.010785184000622833,-0.01461722465007797,-0.015624999269672795,-0.027162401490359776,-0.013210945868098114,0.04030393098080023,0.012552662707124407,0.012473310800009999,-0.002479015769893003,-0.008303745503294668,0.008355675235475826,-0.03618722508077957,-0.0019329829641816713,0.0019007629345372322,-0.00547102009400661,-0.0034734885620062183
1.9099041385245998,1.7589625750478732,1.8971552159554317,1.8562160022114158,0.01413367819815682,-0.009443141092720821,0.010018860654029411,-0.01742516614957986,0.0290137397032226,0.01062623098858543,0.019111980925556972,-0.010318849761250703,0.005559198169593097,0.021605110573892247,-0.012372819263679155,0.017220550602043506,0.0160305959439628,-0.010446779107171336,0.02062302392933942,0.014680511046785178,-0.024877928039028566,0.005974295389690471,-0.02271662509589505,0.004869359817184468,-0.003388398745632695,-0.0020627838981093754,-0.018037960967047642,0.0025261559170483812,0.014609473169569715,0.03126487791528934,0.011850471915241656,-0.020246534584473855,-0.0399063359743489,0.004304018855944805,0.00437291617481479,0.004144763469332477,0.011423302085955097,0.03043004260244534,-0.006102541896188023,-0.006470095499200783,0.030016414045849298,0.005176839402603471
1.9771616038883584,1.9755984245940599,2.018787743800354,1.9047668812956133,-0.041491426754872815,-0.027543005264103353,-0.023658575183595005,0.02602611906585598,-0.03735137150827609,-0.025741037331997944,-0.016314638804540055,0.025968769898711514,-0.03563122968829064,0.0015098378229157603,-0.033024634663785385,-0.01866811053667371,-0.02313701249114943,-0.023333306552398566,-0.004955764724648988,0.009470743017233142,-0.040884079484874374,0.007567357225434924,0.017258582574859908,0.02055863077657973,-0.021891830160436002,0.012945991620699092,-0.00371555967044559,-0.011378501160848466,0.04212311804762481,-0.007047641646044969,-0.01645033247826141,-0.029511677445967475,-0.018797208094647147,0.013047563257694674,-0.00837450781204539,0.0196507372066355,-0.007179831838654862,0.00755751633784207,0.009277464537405857,-0.004989259064970827,-0.014591110364891928,0.02184415920770369
2.112970894692083,1.7761463363420045,1.98898495242295,1.7460290168205332,0.01438975446526445,-0.021762198742148908,-0.002886204369495157,0.0030559789222245797,0.04447625672698625,0.04235899988424785,0.02085576262748417,0.005860291075207432,-0.02754874630732759,-0.016198372796065213,0.01609575411594344,0.00026759785915897894,0.027926351516452425,0.015083438871901864,-0.033976003514694555,-0.004323627742498113,-0.00742152595521007,0.01136402238888162,0.0017338343492177308,0.0340606311013574,0.005718886369329373,0.003130430158606964,0.024102102372679964,0.03081303465560718,-0.0001320305038957264,-0.03118806480849211,-0.00683624613503317,-0.007805746123474287,0.012508375477972957,-0.013263962755659227,-0.026491644983538263,0.014845091873638552,0.018663106482286924,0.011492348447782037,-0.03562266601529056,-0.00017487259053540247,-0.009885355121168792,-0.01723994951669884
1.7636837617305665,1.8967470955842824,1.9911713624122538,1.808277178945285,-0.04504835957888302,-0.029554314933781117,0.018595229888460987,-0.009528522364862523,-0.01451044858206266,-0.021412698718405544,0.010526025570393732,-0.011218122266889466,-0.037731298561534586,-0.010707419491615211,-0.02054181247556848,0.023457752802104603,0.021170171072470097,-0.033281599314488694,-0.030045503415060376,-0.00690012164128548,0.049050860829133826,0.010291435173122466,-0.006910447283616009,-0.021912354123375073,-0.016977650129127764,0.03191357471072346,0.018990374610106414,-0.02467520731290551,-0.0009204496661745587,0.023975201281701098,-0.020911503013268645,0.01586286577556565,-0.005815083214396091,-0.007824101541093401,-0.019363115928550827,0.02926167192642647,0.0005784657566509625,-0.05012682604071994,-0.015216303550526866,0.011439730846594684,-0.008159361476105102,-0.012359216374938965
2.040219722202107,2.122887392158743,1.892672939185321,1.9820519030967654,-0.027278210695187863,-0.007185710456113705,0.028067961336938282,-0.010089340568061492,0.041640897805150116,-0.021504568869840198,-0.003413807668148056,-0.043574685016124284,0.004230812328622192,-0.022398652226998918,-0.006268409211772703,0.0050179240301358,-0.016627606709365535,0.008315592137274208,-0.0060297550838452054,-0.02063524204315011,0.011923212361552396,0.02015388091380768,0.014933246301164231,0.048112003745669644,-0.010888959896445418,0.0016539974020471173,0.020685977676788765,0.013401571600776725,0.04788743785067317,-0.0020129287799967276,0.0022804409045069436,-0.012242022117140542,0.041673558428177805,-0.02193741053268309,-0.009707894287818538,0.0032911612950242627,-0.02274185835561544,-0.00886850481491956,0.009256472650305245,-3.892187395762303e-06,0.003922979200765539,0.008526780157126606
1.68828127812893,2.119133580782679,1.952024630266022,1.9576648958175191,0.04592617960455405,-0.008892741259295902,0.000954522878854339,0.0346641023546218,-0.019235040584537184,-0.005246646544901168,-0.04123645406044793,0.000986608905364201,-0.03599455739801728,0.056608428398369534,-0.022365095059437873,-0.024820832311514246,0.035844208922596835,-0.03303610010221993,0.006538681519107705,-0.008545676421111306,0.0017796641406877631,-0.022014462259326826,0.011822318551667444,-0.011695423784314323,-0.02881054968407565,-0.008699858272494946,-0.01870344136659056,-0.017385895759602112,0.01342406891956407,0.015436071149593396,-0.001084010785790055,0.032440774463840305,0.004326703805127906,0.0057838918442830265,0.049640787189017814,0.03244805044819835,-0.006791961431758127,0.013419534732265611,0.041677713098316235,-0.016707276368748768,-0.028243513575005093,0.013186045733317019
