gfs-wave-data.json
{"header": {"parameterCategory":2,"parameterNumber":2,"dx":2.5,"dy":2.5,"nx":144,"ny":73,"la1":90.0,"la2":-90.0,"lo1":0.0,"lo2":357.5}, "data":
[rows 0 to 18 of 73, columns 84 to 125 of 144]
-0.06341961280483584,0.10404573001148354,0.1838558006886483,0.18098674045972038,0.23884858439269455,0.28885786888962733,0.4102462467042004,0.36212746453538464,0.4751161797356087,0.47627819892016776,0.4558914358505254,0.47821199400947706,0.41053413587721727,0.4512878467423291,0.5543142389256452,0.4678970907098609,0.3204407170678234,0.35178844687302535,0.296627536393472,0.22782158145959963,0.3173767204275697,0.12447229621112221,0.060258866672170584,0.02793304641035373,0.0337191592312579,-0.038584984394811894,-0.12525936572204402,-0.1901926140311239,-0.15796314149251528,-0.17634303324409012,-0.2269735331985604,-0.21932514103197012,-0.2290234706259189,-0.08922941632343692,-0.0813821707316022,-0.14578516479678535,-0.09811177358694445,-0.08144381203216858,-0.07865534691232712,-0.08085473026983152,-0.11186285455904489,-0.09270969241609778
0.08072247383046759,0.10920499557090177,0.0660519240473309,0.29021914238066177,0.24358123474859528,0.2585963707558257,0.3817850361513834,0.5046131816269931,0.4480628163577335,0.5709435987411577,0.4490172790216518,0.5213308882754957,0.5462731192159548,0.45794602549079777,0.42435025458555825,0.48127408178077685,0.36661679679349685,0.3625845351469935,0.3502383183755156,0.3810707188470022,0.26053911173464217,0.16593642563714808,0.11109860945839209,0.06899046712556467,-0.02837304821487354,-0.030498555082164407,-0.06877441724096493,-0.18282188774026692,-0.07119354452130133,-0.12907196857130318,-0.21618777014517146,-0.11598466570554895,-0.07935272452778533,-0.09476058293866964,-0.0823076588642726,-0.05865016532621807,-0.2165492915813949,-0.051270889402339585,-0.17517574275107475,-0.1175362248950238,-0.045815015296884566,-0.13653779428176882
0.06263912302030626,0.12136747357151738,0.1917184002994776,0.21400260415294445,0.2648855690458515,0.3008412723019477,0.4029977984684762,0.43381996847722293,0.5078292460276447,0.47914437062401993,0.524525134180798,0.5408707394127364,0.47192226600418313,0.4859319633255621,0.5567517879055228,0.4286222003933535,0.3636055870487393,0.39481019010243107,0.32306513765657324,0.28667340239350025,0.20694408668139017,0.0987556223508419,0.12476535933913176,0.06438263431703119,0.028807797957026652,-0.03181896305316172,-0.11414616683955253,-0.08395656442379475,-0.12092175333040857,-0.1970273833668803,-0.18941050453346353,-0.1521157653300153,-0.16715588312276572,-0.2268971762412994,-0.08418532831466315,-0.14941264077972916,-0.08756813563544277,-0.07943743748112818,-0.14834967756637832,-0.02024933837249569,-0.047820523184630134,-0.08561667070303479
-0.04651680949634619,0.1286330942286241,0.06480292313007753,0.27438242698113496,0.34903983547582784,0.3881880025103369,0.3256056873090827,0.42007619022093473,0.4349523207291896,0.5105128590757841,0.5158707152638677,0.45510789657303935,0.5811598390334655,0.4717218078184729,0.489281880697439,0.39112969670514974,0.4329530013980309,0.41029817849289546,0.33987906736147155,0.2380799290806851,0.2031376471957167,0.12396457909963801,0.15384377386548537,0.07038839782579881,0.005333595724450297,-0.01781258807251602,-0.02944300669742017,-0.0931858059340821,-0.12537808811171972,-0.1483103056409403,-0.13506052622069012,-0.0922599190857027,-0.1982671209742572,-0.09034581747663514,-0.15919601531710545,-0.0770537895855075,-0.07118593654883806,-0.07745416374722927,-0.1326719205302677,-0.05903751087640595,-0.1293402143119005,-0.0794592408599018
-0.03915870877334149,0.03426567224331021,0.06822372900864297,0.23858229267697892,0.1932965158022621,0.3483033367515422,0.3734700428012709,0.4507342853275906,0.5613521061821383,0.4565979557941843,0.5456472303228693,0.5131176899717291,0.4923867108136134,0.45117045898778996,0.4667358158895086,0.391107257627259,0.37757440549715493,0.4498959022957796,0.4447445199079076,0.17823795197293535,0.17165362141694757,0.10618511367808385,0.16588435844056276,-0.005721338231289742,-0.011096724545113922,-0.020007578124912936,-0.10331919124124572,-0.059187225156304035,-0.11262343185660602,-0.18263612760949027,-0.18581942347688243,-0.20295324697564873,-0.19356053331480894,-0.13697938901474657,-0.08215506533447331,-0.20001280462593102,-0.11851869665374301,-0.15468602223938582,-0.05356446402667136,-0.1019396593583668,-0.13993416919226212,-0.08817704944344576
-0.0904999204979102,0.1288360376885393,0.1261427286229348,0.162499920222864,0.37523383495005275,0.44930969583232305,0.3706452236365364,0.5554772475072342,0.3893875280404524,0.531374613855973,0.473556789547843,0.461327490811892,0.4777869891568475,0.5133204800946111,0.5069017873277754,0.4052598423206702,0.42716846173509376,0.45851755504554836,0.42726458394826394,0.2687901724944987,0.27052567776435543,0.2555605107465128,0.19115199535274652,0.03674817304003836,0.057306302211110535,-0.0854126545958227,-0.08338433601943353,-0.08284644740374625,-0.1499965673913581,-0.14199327304905565,-0.19954952971825957,-0.17482665832170444,-0.16702605220969372,-0.22286969680780497,-0.18077067947916411,-0.22066271294882012,-0.061113786515359786,-0.049879061307723675,-0.11067148527298215,-0.05123877014152887,-0.11054515204832133,-0.1673956096948804
-0.008798361771379092,-0.007431826135866278,0.1102790370037782,0.13872162466875104,0.26541686564207057,0.2665325547524444,0.40025295904172203,0.4250684531101952,0.5181268966032945,0.4341100976364824,0.5165711107882978,0.46007230191155857,0.5607623428570531,0.5401273511610745,0.5484954725422966,0.485660165441277,0.4298239654733508,0.38331041933337134,0.22128679021526398,0.23228419200336647,0.18080396083896141,0.2225605857339658,0.06830128041969757,0.11083783220319121,-0.05724832545245865,-0.054283998638743565,-0.0882948155511963,-0.15256281935091393,-0.15200284968695071,-0.2171535857192266,-0.21900318524277662,-0.15212912604824116,-0.23235929695268895,-0.17511341852854315,-0.20198705537350314,-0.22003774777117696,-0.12187262481805695,-0.19254893720019595,-0.08562739483853891,-0.1647182902898096,-0.09970271401710462,-0.12873965215982566
-0.08907344377756483,0.013490942966001689,0.16846561983770392,0.15322992281664755,0.3744324360399425,0.3396034772391678,0.40841223705990076,0.4716012630088691,0.4655597048854541,0.5137590633390744,0.4815527971035194,0.5235856278276468,0.501255220660142,0.37766241912537396,0.4291194299031312,0.4885837786884272,0.3596090770813577,0.44352014957222213,0.47231998756411303,0.2690783033425558,0.28239678089348147,0.1473930474807152,0.1001833510863575,0.12213499621113337,-0.054161127319444204,-0.08136065191072286,-0.06559964267085007,-0.16447663716063723,-0.18890620886425305,-0.21107686791581334,-0.12022986114012738,-0.21839413521899587,-0.15820638097225367,-0.11646309052964267,-0.12312748789046202,-0.1285752470620509,-0.16216120246549723,-0.04042944318158832,-0.08601363784190143,-0.138099261889301,-0.0581122471807002,-0.10608809249889177
-0.07620270838295745,0.16913642500868792,0.14882682443926398,0.18101924520232482,0.3459817619554623,0.3216407391500932,0.36453775078440204,0.5438519973589445,0.48583247444423133,0.6101961338152259,0.4872864550078387,0.5269749152560232,0.4917033201313248,0.4791583665731109,0.5895799753803047,0.5197520988739297,0.42169639340456433,0.4598328583975802,0.387618449808282,0.35594249502745656,0.21182484372829796,0.09772666521903965,0.15496447465397592,0.05818334328606626,0.013199324846276141,-0.031190357690608607,-0.04011134420479238,-0.09951953783523733,-0.221253878361895,-0.14451402709599162,-0.14177593866008112,-0.2231199774456348,-0.22339425678072444,-0.11742823546070978,-0.11313922842291758,-0.11006750018578537,-0.12371300234587662,-0.06015162618152042,-0.12394790337158941,-0.16971408955960454,-0.14451046458370775,-0.036445622193828096
-0.05767419577324086,0.06446048067897013,0.12317709789081828,0.2037479667456498,0.23760060092784818,0.3893908962884214,0.50971861988323,0.4438541545548907,0.4138777517801151,0.5655499634057699,0.5040824358910739,0.5757191202989146,0.4288934080728143,0.571822133652598,0.625071385887891,0.40579783139368597,0.5506208852594555,0.3184109641476206,0.33862290266320366,0.38873881402093374,0.1336092710556616,0.11243161470977994,0.05507148183447138,0.0791462038451831,0.025827377206963664,-0.07118349187419791,-0.07923015259838355,-0.070116429835423,-0.14147578502499977,-0.15194297945212173,-0.15379861141864504,-0.17228762434005548,-0.2049689228273529,-0.150954614023991,-0.17453524323759137,-0.20228052888266096,-0.09418275775494829,-0.12135226287891172,-0.08213999006675031,-0.07455710643317189,-0.1500598636186246,-0.0861641852479789
0.09330291583864737,0.017684905749086117,0.16124203774645054,0.29165930322966227,0.25637542353633347,0.4136902493560782,0.332569946131228,0.5349653572207891,0.416461684996303,0.48959361756954356,0.5325101748873216,0.5110463872932819,0.5242510159124735,0.5238147384381092,0.5075242875707717,0.4470125726844501,0.5047703179410606,0.3072697817122995,0.30038259192079336,0.3284186920795825,0.2981667854237441,0.19396343304282537,0.16342978649500536,0.06785417753045248,0.02879392910778597,-0.05207779078800251,-0.04468704508552313,-0.17089117809668514,-0.25347911722274546,-0.13705432470853193,-0.1593728858330421,-0.27032389612156366,-0.1671116372747853,-0.1240025746392025,-0.2036059111618306,-0.18024949837728588,-0.22630100307820755,-0.12222629006410202,-0.18521106487987257,-0.20738498500615046,-0.06589070874134657,-0.16751098515411625
-0.04964588784888997,-0.017079373322013824,0.17510825177073588,0.2382038769304473,0.2738819051086888,0.4856846626263943,0.5243268189625158,0.6310326066853409,0.43851868769967933,0.43464972007859504,0.5421852538482291,0.6098078238488472,0.6371370822425833,0.524235110359898,0.4703973043399742,0.4528835440037692,0.461949503285,0.5099275628628706,0.30258727386116635,0.302043020299491,0.2121143526920223,0.2422636985998368,0.1761852258617636,0.09035382761489785,-0.048651685876988635,-0.10891393775788913,-0.0554577584567268,-0.09431545523718084,-0.16557703600958207,-0.12684135855544318,-0.117424913231787,-0.26382257120884023,-0.2539299637084853,-0.22032888317386826,-0.15661130026031908,-0.1164894176946976,-0.1692026292898012,-0.17234181924686756,-0.197016760026552,-0.15816510619031865,-0.1106181501421471,-0.12197849936352675
-0.008299954589469544,0.040950512349268796,0.0056650930707802145,-0.0023132410104288225,-0.014811688889139352,-0.0026104028963759456,-0.002360730614152587,0.014409841511286643,-0.014917564993437805,0.03845378339428976,0.00983221215437579,-0.019549101509269234,-0.027222930568769958,0.007720055163978409,0.010679541609771474,-0.017331121578949095,0.0005207455819435864,-0.014765373966050006,0.00974138604961767,-0.010387851008420134,0.0035801671516714666,-0.007959762139729095,-0.016410956396269667,0.02002717196289198,-0.03749266687619726,0.0032288691686638378,0.010187753092097799,-0.02724456421612048,-0.005723392971437424,-0.011024176338200652,-0.02571454425331497,0.008587000826617003,-0.006322341245187498,-0.022492381406304704,-0.01222699965236907,-0.006906888693107746,-0.00192902660193535,-0.013887501821548832,-0.018167194834091745,-0.02242540461495048,-0.009585515206026601,0.010743412303593776
0.005728026802161528,-0.009514093581135526,0.008865407813930826,0.025107239449969114,-0.00034287436671098104,0.010744036371607176,0.011555852316912009,0.01119969745612619,-0.00517632518203926,-0.004900801787705928,0.018147331952195304,0.02308485056026393,0.0007443193334788952,-0.012693475928451882,-0.03940189404459806,-0.022846852498568816,0.04939417450715355,0.014157938004404725,-0.03444356250751128,-0.007040803105785052,-0.018883497085885076,-0.006113438715523981,-0.002350472407409348,-0.008113611170515218,-0.025182030129595703,-0.015429876363436072,-0.01090013223455411,-0.007859481227277275,0.015446691465147874,0.04781019309127666,0.0007711168983097126,-0.008007233541743472,0.026774122429454636,-0.021809474765064816,-0.03019703677047325,-0.0010756750414411028,0.003873318248384537,1.3091981009300866,1.3798748316256595,1.4394463792881402,1.437950060663567,1.5056236618421237
0.0014175383832334717,0.021803504027422014,-0.0194560726342025,0.02021508145609397,-0.0060081449705625635,-0.041788655814325254,-0.031692875457905646,-0.012308672633186338,-0.03120041962819224,0.010092321216716129,-0.020583524278211175,0.02124601503561997,0.0058009730058010845,-0.022766633432400093,-0.050711334006748994,-0.004546667034861918,0.008788151220882173,-0.013629877092321007,0.04102397004339066,-0.016338572095508656,-0.005438084533037813,-0.03956899817737955,0.017967976168531016,0.024918423333759127,0.009781040404160071,0.03887367114802977,-0.033269765923119914,-0.004896784670987245,0.01091327456445421,-0.01772872246027061,0.014202800786863402,-0.023971443146780326,-0.030261405169746552,0.03533946629107277,-0.03736823239710617,-0.016243928255449357,-0.014987401373967625,1.2884494515825304,1.3305421696826663,1.4463692327676774,1.4990603582786182,1.4036135458227477
0.014445406914715587,0.026497265877180643,-0.0033834944595983237,-0.006668260021864283,-0.012364289113751183,-0.04354629116205655,-0.031077980774252154,-0.015862337445312506,-0.01854125829727126,-0.0158320336918267,0.021194786502302793,-0.003028012368296403,-0.02870687255814625,0.007993400997144769,-0.012729063469334846,0.030446654237806115,-0.010568626833634086,0.003572568895138663,0.01222748980089635,-0.008841260851971972,0.01592975838379083,-0.028780784338702126,0.04733601142439718,-0.012364466755081342,-0.018081536812426715,0.0001925181451177775,0.0015148042855259631,0.02690371258484427,0.0007796908700789391,0.0017051903934718064,0.006549823086734263,-0.026200605677169978,-0.03605281609148915,-0.002812721171791882,-0.043751874499714245,0.026547519545785263,-0.037125884094268126,1.286279809485577,1.4422784079008122,1.33806132560938,1.395657576338548,1.3599824634793107
-0.009530824433947135,0.04023368753338554,-0.009906207612131625,0.00017747605961089853,-0.004435881008939563,0.031614368281544576,0.0270252792330165,-0.007082971534592508,0.003917719921798467,0.039559164396950244,0.029411349341760273,0.01589789688672813,-0.0162661776604618,-0.0007177985068053189,-0.02934182200328735,0.01557416679324479,-0.03830402832554798,-0.010830046986497453,-0.03616327341280099,-0.01801298794382295,-0.01777664063762298,0.0066740554904662535,-0.009442906920023137,0.02443930112535294,-0.014796401090940693,-0.024972901234559353,-0.021247016904782465,-0.00892539393136066,-0.02696343235955495,-0.040793234728442845,-0.032387512025312516,-0.010802208680373116,0.028568744031269307,0.008182979761238716,0.01861226551213865,0.041057359359080496,-0.0028301866005098577,1.4106937728715268,1.2492761568062176,1.361544093768656,1.4082283837788923,1.4539122666085906
0.005304335386426627,0.027086042785052094,0.007386415177997883,-0.02439752084691609,-0.021066349440615924,0.017909305718050862,0.02118507043346529,0.02349038697234423,-0.03255214359155093,0.037223523527441446,0.03800497619298259,-0.009281849800389905,-0.010869036336823457,-0.017088967472473553,-0.03890744993224803,-0.03166277565318665,0.015215858078513654,0.027227655744154856,0.021896371301771706,0.0008677613977628644,-0.04602713765338052,0.03510927044594726,-0.028229359298554295,-0.03639828461660739,-0.0013799334182899815,0.022305211696672808,0.03379475392123426,-0.006350732382754096,-0.03610805829567838,-0.00934029254526113,0.004371184875920992,0.011597836019519164,-0.02631049637085262,-0.029961953005686652,-0.006437899009245319,0.017088337115747497,-0.03544102715099559,1.4946075037751663,1.4191260662137215,1.2360626057707012,1.5520481721360575,1.4027442260721013
0.02649282483076912,-0.014349305250237088,-0.028820197849815096,-0.014378665788232489,-0.04183310185221349,0.00443798277110721,-0.03551933229891418,-0.009392730434720348,-0.008343686289121518,0.03416681068097966,-0.02516116906887737,-0.023192583001023153,-0.025896260572074798,0.025847324010251957,0.03976093826458162,-0.0007102805344037901,0.03292397494967564,0.00987046250564028,0.0545999785346381,-0.021468360720646316,-0.009878450306288292,-0.05949208895482323,-0.010207076931086731,-0.027165541601879745,-0.005516697171994792,0.019146466903310944,-0.0086022468727971,0.031024182299299246,-0.01885659877716871,-0.023239267316414174,0.004225429952089809,-0.02082936240774372,-0.02236519764873055,0.007284106441382885,-0.007166017168818555,-0.032052575492091936,0.023427507618221627,1.310266869895107,1.1845482774071343,1.3846671650140254,1.3649753823725888,1.5360568340939929
