gfs-wave-data.json
{"header": {"parameterCategory":2,"parameterNumber":2,"dx":2.5,"dy":2.5,"nx":144,"ny":73,"la1":90.0,"la2":-90.0,"lo1":0.0,"lo2":357.5}, "data":
[rows 18 to 35 of 73, columns 84 to 125 of 144]
0.0010283136368088807,0.018930474189392227,0.013302493274626643,-0.006083150685264421,0.029504721125008872,-0.03811718354711315,-0.030260067250611217,0.0043092763435306145,-0.008262008936192352,0.022642486931316087,0.014213718391209617,0.032459340228134265,-0.014421844959362202,0.0051496411247392545,-0.012990079296209484,-0.018490282868900216,0.010913865452299788,0.02572467167945937,0.002856456692478215,0.03562765545121478,-0.03761665380234739,0.011789927078941486,0.008594469925340267,0.020759985824052474,-0.03943343137216952,0.047126073726261125,-0.009278222942736707,0.011588136614276991,-0.025216173709182946,0.006408250930580729,-0.028135138956956914,-0.022625154340479157,0.0006236862127395048,0.008721635591170214,-0.01227705516421326,0.008094322035034332,0.003751378634279573,0.97451730402736,1.2130463805587366,1.2830332867818264,0.8665587043531531,1.2644567200384873
0.002197989154770706,-0.011712799505592644,0.010482970978797763,-0.01146433707171982,-0.05170344785178688,0.011219549145899779,-0.022665916831369048,-0.025273629659964665,-0.040010737605531116,-0.015076846235613065,-0.023952457097790873,-0.007627369336584476,0.025012872398116313,-0.020837076588325804,0.018492449229225973,0.028525645316681378,0.025427646796858654,-0.031889451404151656,-0.015123485520959965,0.030078965872094198,0.010571159453141176,-0.015793504238842005,-0.008321647606250815,0.020523023144372373,-0.03330615855098576,0.022558524635227586,0.04632031967350178,0.032853126731638024,0.005795146759624921,0.02207727244791327,-0.020307871839231252,-0.008074270613595579,-0.019878999314990767,-0.028285130470764364,-0.012907001176141162,0.020974201559033363,0.011733516716221096,1.1770296445556452,0.8360055639447203,1.0849583395438263,0.8781121535622116,1.141279421904512
0.017796085136522415,-0.014430422088345905,0.006920997486787307,-0.0020802418369747907,0.00985765464306496,-0.03903455829338611,0.01335531640751729,0.00853094085381424,0.017700600914048386,-0.015625873633397437,-0.02475379664346188,0.017342198285942054,0.0018620911104421406,0.02427363768543294,0.025182915828655554,0.014562803593188236,-0.00039517913688281054,0.032973507801126886,0.02680271169500133,0.022402495528906458,0.007459721565872736,0.02988205622067405,-0.0011128785905829529,-0.01647334918328245,-0.016565638434246802,-0.023438330935955064,0.026854653066918824,0.021742867935280828,0.0021283263745831976,-0.004344591270761583,0.007183789638289217,0.02152389121014979,-0.013878870361322442,-0.00481147581516925,-0.004394385161176165,0.005595367792347061,0.025821601376805312,0.032632126522574204,-0.024895002489727643,0.03558394002404242,0.02226119647305433,-0.03339510158156803
0.7637718599330636,0.8791408954931162,0.7816678883140125,0.7782514140344003,0.8076838787837188,0.7274919833921141,0.842820994893065,0.720921331194816,0.691300961002147,0.6166120714848986,0.7249538215139202,0.7751209143925605,0.8449348797238181,0.7785814761825344,0.7625717360165964,0.824940569418099,0.8419533386495273,0.8512529664723077,0.7579437349327732,0.8575477410623555,0.779006873334518,0.951911154949606,0.8795168069971065,0.8822476764643796,0.8797090522006097,0.9401719340549072,1.0115664312907324,0.8934018741237514,1.01135309494396,0.9476024199710443,1.0072793382916723,1.0042982055525091,1.0021736938791324,1.0411332995516245,0.9689981313607651,0.9840914399155453,1.0065998466040447,0.9658673495323234,1.0987297084009395,1.1253229811401597,0.9780540980631409,1.2621236888013667
0.7250061315103629,0.8674981341051766,0.6733628712484502,0.722554353718203,0.815866215839531,0.6500834223285819,0.7571316249113942,0.6486218890561574,0.696374018968252,0.687720443372588,0.7053360385885427,0.7025301279100581,0.6933426117523296,0.8096931738864478,0.6766353320152536,0.7947037955944158,0.743246860739234,0.7474114971716296,0.7340603473540153,0.9016687851370602,0.8609015142565881,0.8665917910512148,0.8928612927052406,0.9457395338929174,0.9295624035051105,0.9855624819873573,0.9183308487704809,0.9909997427777352,1.0743573392362151,1.0094464515865382,1.0091346292584256,1.0284771798220027,1.029181187826546,1.0305455238961463,1.09100644876936,0.9951373171367318,1.0687280607832015,1.1967652115474892,1.2114800360078346,1.1614502264206883,1.148970377676264,1.2010322748776785
0.9378510187323946,0.8541951174680832,0.7917546518051556,0.6955697612571639,0.7351470399844984,0.5668729166480051,0.5579624834446218,0.7336797517356789,0.684368672436432,0.6642449180161341,0.7412238751264102,0.7473664163922727,0.6775178119760136,0.6534040235208127,0.6959719158909629,0.6655526134996892,0.8540692886504309,0.7069433112074975,0.8360064950377123,0.8740339283726013,0.9072483227694758,0.9297684982384797,0.812284477875325,0.9105250349648332,0.9432317161479746,1.0022541741585695,0.8867869695092043,0.8898262862719284,0.9352948688067518,1.0287388567289923,0.9987396933977433,1.0086687280338051,1.0793830978429497,1.1527701441915277,1.0762141168841535,1.0003570894167415,1.0045370955321606,1.2013192380778632,1.194123906143498,1.0945021233623407,1.1191436881891716,1.202056927037856
0.01691825349253208,-0.042403650444173865,0.008744976730383514,-0.01444583069484723,-0.04074215965341586,-0.01752663027906677,0.013639241779308127,0.030421693403395213,0.002607366469546972,-0.0119021056778116,0.027642765260802,0.0005908583215532046,-0.007662843638163993,0.004050669370361018,0.01969632609792329,-0.013968555789632407,0.003061224826203558,-0.011708540232283548,0.007271910875222665,0.02294636566471428,-0.007826673560177883,-0.00555572691376172,-0.005755166834861853,-0.016347294542635248,-0.031052665451314927,0.02415792104690164,-0.014949206072644635,0.015796834528585615,-0.010490251666360379,-0.03508575540963792,0.00046235620399782165,0.02950919684752349,-0.016267329694513513,-0.022504696575672705,0.03798664117533017,-0.016767680409682784,0.005711330238767568,0.006704173132824923,0.004552300059844244,0.014975811044219623,-0.0033334238899399423,-0.0008274898602843133
-0.7573973332007791,-0.7363936394026824,-0.7869976680635578,-0.7857545048486485,-0.8451004373881413,-0.688935872719558,-0.7573994814202685,-0.6274737352031767,-0.5724099491543401,-0.7628029505158087,-0.5431627907633645,-0.5582119901640816,-0.5897075878385392,-0.6853929045510821,-0.6003349073679871,-0.610236076816589,-0.6202371410723779,-0.555493115655776,-0.3984552728196164,-0.5413867657083654,-0.61802269625025,-0.38294197552191717,-0.5416441196698171,-0.3614558779050667,-0.4167445059957712,-0.38941701645047594,-0.43088486170505785,-0.39861244604919377,-0.5414105298615269,-0.45593944516697493,-0.4249912036230187,-0.4468119560920854,-0.4188059720025626,-0.41871869433157427,-0.4191066672509812,-0.5808797425093174,-0.4210068421224118,-0.33041353289974534,-0.5494937459067013,-0.3379600274398295,-0.5081186526313366,-0.3975158931937888
-0.7965309365944004,-0.8763105723845352,-0.7187460973441185,-0.7671679294927923,-0.720129950212016,-0.8666910610973508,-0.661138702932587,-0.7562164395422607,-0.7080560272549596,-0.5925395959384743,-0.7014635319265891,-0.7599130359478001,-0.5608992941522226,-0.5817257171924897,-0.5143524811031744,-0.5961365737526692,-0.5072051018788492,-0.5327477809334532,-0.672587031866752,-0.5221054737320349,-0.5915445841742506,-0.550352749115168,-0.5625793833953886,-0.499324010900111,-0.5296165306386338,-0.4702444843903786,-0.4769159229564732,-0.555795958097315,-0.49354303284295054,-0.5645979231010904,-0.48448826135456974,-0.5350729348335592,-0.4991294400025293,-0.4603909124412525,-0.5120062511541761,-0.4635739515902467,-0.5383478557009941,-0.4533783520083868,-0.49414255090826803,-0.5086796151161701,-0.3928733947858303,-0.5674613189342512
-0.7571547862735672,-0.8372424239446666,-0.7699413100171609,-0.6206721643983859,-0.8362073571675401,-0.7723435152074963,-0.6111417339284893,-0.812359748864217,-0.7179408101968998,-0.6799855511945114,-0.6728895299370964,-0.6402859810035417,-0.674821154941138,-0.5992824543940886,-0.6348369734495318,-0.581926289897267,-0.6334007550535962,-0.4604536279719741,-0.4981908967099029,-0.4677188027605535,-0.43034691582812723,-0.4334535613826135,-0.457452928497493,-0.4400998101056643,-0.539563545068761,-0.44044488936780135,-0.506494097832002,-0.47734574056562296,-0.4919262582723278,-0.44958723704565573,-0.3409537803974793,-0.4197263051218319,-0.3306642303177759,-0.37422053099495955,-0.5561086305765758,-0.33548078226542005,-0.4910912049843031,-0.357231869553157,-0.45260585649709667,-0.40047981278737327,-0.4682644529586499,-0.5346419262636266
-0.7984869857722863,-0.798161550167733,-0.8807083847046815,-0.8372664512947321,-0.8125931376253189,-0.6139728202030735,-0.6773755509535888,-0.5894782590290762,-0.6357057825359298,-0.5976706487016281,-0.6050782569661723,-0.6094745228691063,-0.6408057893620293,-0.5102365709762999,-0.5352003500983826,-0.5376205474118875,-0.49051519903243873,-0.5605357002671464,-0.625187208035185,-0.546168701669966,-0.5072933328889601,-0.39796294859012366,-0.44457916489118054,-0.37882978071749374,-0.37697038095218993,-0.40049297508054194,-0.44432307964423334,-0.5255766062157289,-0.5181539862189949,-0.44566604702142204,-0.39220732401104674,-0.39882188080579534,-0.38265364667943746,-0.39945551207890156,-0.3303305961147605,-0.38777878921493875,-0.388653281190589,-0.4516708900682826,-0.4744370956638607,-0.5851081045650991,-0.5682400454949055,-0.45915121663100517
-0.7192216243047977,-0.893179262263477,-0.6519023621410094,-0.8007631578840497,-0.6891383121878433,-0.7344048601032817,-0.6481526741742804,-0.5720279593485117,-0.5473491376829187,-0.6685876545510197,-0.5162426466778537,-0.6387147306327725,-0.4965895168000103,-0.64625178214739,-0.4314520756827382,-0.5325144657192044,-0.6269542350654924,-0.45487058970031463,-0.4227717126173263,-0.3916846743060469,-0.47486033446117476,-0.593590666852502,-0.43555733114486417,-0.3980502352427629,-0.5438998965609325,-0.4329617193931238,-0.5029766361765663,-0.37044254994630044,-0.3961684125206081,-0.456416428570873,-0.37425786835412633,-0.45525032877041255,-0.44222628016598453,-0.3594419550193606,-0.34594652027074474,-0.4242462215064051,-0.500848445865123,-0.38884924621463274,-0.3854174672062727,-0.40356393361844894,-0.44127202577689045,-0.5586551729252079
0.02798086114658724,0.019723016518357846,-0.017061354413728212,-0.0007919218258357973,0.01078828071198213,0.010570048846036769,-0.0074599880910972685,0.013713846343152137,-0.008466954645982846,0.0074531178242361615,-0.0037916677192937455,-0.012255325984403214,-0.008451823746482106,-0.00122556493849505,0.01100622587481537,-0.01576505868010342,-0.02943296852249571,0.0008270190482581731,-0.014837210984813953,0.007710791223810037,0.0055069716665660275,-0.00501678475361558,-0.011029600367058811,-0.011909695084960259,0.011891016383542284,0.026124724680595714,0.007467034457655303,0.015760304056795772,-0.034781165190855896,-0.00478640964679572,0.002566487354323823,0.019556596811094847,-0.02511484878911629,0.006680182661064356,-0.00631313630765342,0.0071510682067746295,-0.010180914240381101,0.006327457057222038,-0.00937574176661369,0.00863125147692648,0.0021278512995647867,-0.017166260673661535
-0.3361815821639852,-0.38866039817010534,-0.39263809459120425,-0.5021036017278765,-0.5659009368511176,-0.7473665745952555,-0.5814642789610217,-0.8163085727418492,-0.8525258464430567,-0.8527533506278668,-0.9090987212390252,-0.9736900159212096,-0.9454455263609806,-0.9066338926845721,-0.8450011698213958,-0.8661632471124415,-0.8009938037320906,-0.7670664227838364,-0.5606650954508213,-0.6079869917242712,-0.4628846121612805,-0.404406335896788,-0.4613106094357313,-0.23921739063221817,-0.32278945879985976,-0.22332224137728188,-0.2788099219183958,-0.24091314127977942,-0.2399459099377585,-0.39782245377830683,-0.3416985433460856,-0.38965126657200866,-0.3864954396362896,-0.2089796543332697,-0.37504407978028576,-0.3411802637699406,-0.320709929591932,-0.26666813381095045,-0.3250134131168839,-0.15141984403894498,-0.17085934314994472,-0.19761970232247722
-0.3622697138590204,-0.4297967746545792,-0.5812940044949304,-0.4567584632053004,-0.5850415297083164,-0.6534008186097684,-0.5969676738808233,-0.8461867467550958,-0.8585720680754555,-1.0029173255916555,-0.9129668171704879,-0.9606424137876406,-0.8547369325306317,-0.9588547395716507,-0.9676068943846178,-0.7504108467943408,-0.6948455870231791,-0.6348944440538571,-0.5852628743873102,-0.3833553472387374,-0.42100297290652394,-0.3229217227049786,-0.2816506351448337,-0.27926218792317853,-0.22471077239088347,-0.27978362009322566,-0.3192604049559531,-0.3122868725256739,-0.36355631345380934,-0.2991221849898251,-0.2821350422083841,-0.33738321701645707,-0.33781548002550515,-0.22076930483761745,-0.23831173691968383,-0.36878024704597495,-0.173621334952276,-0.2233390690171312,-0.302341180093649,-0.2509217209862998,-0.14048775695520563,-0.16508615359823364
-0.47933282693100937,-0.6501930224264577,-0.6497407623562342,-0.6480780673757288,-0.6333911633501761,-0.7418885835500114,-0.7879723625939451,-0.7884739673589573,-0.8660085163648389,-0.8231952328136749,-1.0108297012751075,-0.9002041541128968,-0.9750651569373494,-0.8885337063479839,-0.7916303931777827,-0.7525952572716147,-0.7467002273510434,-0.6221621353474839,-0.5430716632114345,-0.6091789011053014,-0.3950865879360733,-0.5524130494841574,-0.31576163040587213,-0.25285433968290066,-0.35593380423798354,-0.4114337179222998,-0.2573439713493837,-0.20967867160720968,-0.2581190271137948,-0.3408033198985149,-0.24832366461671368,-0.31165347646448105,-0.38218220849283935,-0.27677905568367794,-0.3646093050826537,-0.19874407164661675,-0.169163031857181,-0.187853271983828,-0.18901728547776098,-0.2332610141162591,-0.21883082126246017,-0.22631689405369682
-0.40657763418095366,-0.5647914425841284,-0.42174775304190276,-0.4479252513830915,-0.6279102632354083,-0.6215428590259652,-0.6384859178275898,-0.7661504483570616,-0.9014587440053329,-0.8167395587894031,-0.9620131075393185,-1.036328054045241,-0.8782638855567709,-0.9027691753508751,-0.8997727450404351,-0.7302946450282749,-0.7549371509657106,-0.6862993459588863,-0.5951592694884873,-0.45938738152401926,-0.48206733948450253,-0.3672363128698433,-0.47862579741526423,-0.2586181439102182,-0.28443809115930924,-0.2607689146254105,-0.31419034792186773,-0.3528870324737655,-0.3385350343225122,-0.33793212888457236,-0.3639630099376,-0.3715299827158435,-0.24135946261598767,-0.37090474204002605,-0.3146119417953253,-0.322273897233432,-0.16232099276981485,-0.27114658596951763,-0.2839536347886845,-0.19085703918161182,-0.20103178295062857,-0.10281501748818317
-0.45002793924774115,-0.47766749996816393,-0.5254232292131427,-0.5996464653247338,-0.5573525867032046,-0.7200926192185033,-0.8465204823399485,-0.7076373405718924,-0.8546123115649185,-0.9033479510507525,-0.9004448835562913,-0.8821595273681392,-0.8888050514945297,-0.9813526047071768,-0.8794074413936377,-0.8593669269813452,-0.6105068458571601,-0.8203194302903531,-0.6091447030046662,-0.6298332969640824,-0.4649347347613281,-0.3062455434652501,-0.48024388137721236,-0.31139687682946743,-0.34901676285857824,-0.33799843148065856,-0.2771699334890473,-0.2204575626351423,-0.377523979380183,-0.22791020022792702,-0.24697519078610422,-0.265245657004661,-0.26426390599133315,-0.2549126991041529,-0.3019530942268736,-0.34977620666906184,-0.33654853826634606,-0.25443068476636316,-0.1488944942209495,-0.19829126597818092,-0.2520483941951771,-0.13901459681717626
