gfs-wave-data.json
{"header": {"parameterCategory":2,"parameterNumber":2,"dx":2.5,"dy":2.5,"nx":144,"ny":73,"la1":90.0,"la2":-90.0,"lo1":0.0,"lo2":357.5}, "data":
[rows 54 to 71 of 73, columns 0 to 41 of 144]
2.012742960142678,1.9288827606208492,2.0376552866035307,2.0130204067942374,2.016884823779265,2.1419021559629217,2.042302157915882,1.9980383894741345,2.038852271079128,1.9617094871043033,2.157615461715612,2.0667695565974387,2.1568304523531157,1.977803961227704,2.028957682138352,2.0283126732985473,2.1366575273747364,2.39439668053594,2.1190368404821354,2.127745291091471,2.1296850670415117,2.364499421313152,2.291540288687322,2.5823845317968726,2.3971799901152053,2.310342043088983,2.384607848283703,2.5920190479512746,2.5937326173165647,2.7006478139740158,2.4575606786942283,2.6382742400207198,2.6636437676386637,2.7654916413500783,2.7986049066154637,2.6617030889145226,2.6281697944912676,2.8244091414719796,2.6993066359461286,2.673922869483871,2.8272697607565083,2.6693971714643014
1.9052666167082106,1.9570829447537308,2.0155918879274255,2.12530305692676,2.062126397744202,2.14572855080843,2.0620337124775237,2.279428508285211,2.042567540737743,2.1492527483457864,1.9667421443045594,2.2161823679270385,2.3529674106403573,2.0993121211659713,2.329935056116116,2.2704825527530237,2.2865751699346926,2.0885958858819986,2.2726284688874476,2.31327247237965,2.412192701411997,2.4661326646079993,2.4281844152504948,2.4888284182026434,2.494333916858992,2.6074157777362004,2.6618884069321105,2.4589994216702875,2.4149235059667595,2.471085364257601,2.6170738703725105,2.68360258954348,2.7457615891676315,2.723283558391123,2.6615775741172345,2.7250183545263686,2.6667524389845996,2.8262988781516314,2.6428598142233457,2.838594731487756,2.6893971819376943,2.6628866312382318
1.987607269260922,2.0464667564569625,2.0418470000051894,2.0970474091008766,2.107797605140224,2.0368626390992057,1.9412855849078283,2.2409770242037816,2.274743123401416,2.0800160613028313,2.175896019754605,2.0092345959368685,2.251008198593875,2.302662039361135,2.2412757413484434,2.176744128644272,2.4322560058296934,2.3806449729836174,2.1423189629339796,2.4385810685163176,2.085079027155517,2.203403879395081,2.3912780997801373,2.599100697712751,2.5009916174733724,2.515670536935559,2.592386871591293,2.605082968837096,2.487188656381261,2.6805184169189964,2.614921450367479,2.497186648395597,2.762205396847617,2.8384339958641354,2.6654557440410733,2.715324531880215,2.733084691251682,2.8071343051957163,2.7179581523399277,2.6518432515055688,2.8410412474595703,2.669925518645622
2.0737693914781112,1.9535026259043369,2.100426975716794,2.013512691224534,2.0345860093116293,2.2675804548253176,2.0965956465980784,2.176235813629599,2.309756503301378,2.0743119629691176,1.9791786832413811,2.1249203415914844,2.007689661418589,2.3600883927533203,1.963257404861896,2.3520446106666673,2.2160409038281466,2.121581038373634,2.091323467727655,2.0502064198748546,2.415283247891687,2.4272036053818162,2.5017041072382433,2.171960507380935,2.372628928461253,2.371396515775186,2.3690925663121716,2.3525124058107445,2.3991224241594855,2.5083639404292084,2.794662301119464,2.546451507358796,2.668731027176633,2.7876234837257523,2.699290184166707,2.7988061882421165,2.7974117456393315,2.8165357276773495,2.8030278685569505,2.779947140420867,2.7639272593165347,2.6627955820241875
2.0869480639022187,2.055904727683768,2.1889711485083927,2.162124704756636,1.9822750632890698,2.1209852224329055,2.204733853131249,2.3097112266847226,2.184204495439453,2.241888972723487,2.050968655325468,2.280887051365759,2.0495976631682145,2.0083221507804114,2.349863044390454,2.0921616912849834,2.342077008546954,2.3657592556291465,2.0621792959121508,2.3892740044134477,2.1438427208612003,2.104371043389987,2.3930690956951786,2.535896540600518,2.4397697323827026,2.339097271482988,2.4728992832970307,2.684028043348977,2.6687978110246644,2.649959556728237,2.5777011180066665,2.7243759284842732,2.6933516568732667,2.7303949185439453,2.7857521724746768,2.8100525925919846,2.847241032599276,2.7345727363409473,2.71916850560218,2.6114117436673743,2.752754410944272,2.703737212855209
1.979249802546188,2.1793814217462306,2.189507162265547,2.092702947701712,2.1612352599855416,2.141169793615968,2.147915471926414,2.292953732186283,2.1512741055381985,1.9855025902794607,2.2767164279906895,2.1045692731959957,2.3846795510169083,2.117952452962429,2.3572276997737265,2.263455384398094,2.3287723672069394,2.3823353526911086,2.1256244935745414,2.407520355424302,2.2126533714682113,2.42479214683453,2.255908518556101,2.393184079190276,2.2973598247770926,2.345373222741539,2.637948106077479,2.701834552759333,2.5159444033962886,2.806244450312562,2.6687265941684073,2.6565471792131192,2.7152733112480343,2.6234948426449134,2.899581169620496,2.794504118816086,2.776249329371434,2.90163993910237,2.8203349314437873,2.7362741586028436,2.7353281218145273,2.835621484764214
0.006504320947170172,0.04394626727298201,0.00045975063988520237,-0.023522640697360226,-0.0011072804230417965,-0.009691982502238489,-0.016881840596423364,0.013218916548653085,0.022024780170136576,0.05877312697376671,0.04211163469040141,0.032262347958328996,-0.029810982225999656,0.026013532080780496,-0.034038490318763805,-0.04976203200641979,0.0028563077691722066,0.0401861146940916,-0.03892999222368585,-0.01884666702386359,-0.06294591763906501,0.004462328521795008,-0.027881854352696533,-0.05379980061589964,-0.03669369387850053,-0.03276336357304946,0.008218657806434928,0.03785250601611098,0.004460250043473202,0.03329369063243321,0.01907472935108932,0.042058221134527125,-0.022303775785112362,-0.027383665044222273,-0.06400460999858272,0.01231963016583918,0.053277305488311895,0.027860156903721102,-0.03893075384098558,0.005661938572513327,-0.05174040961328635,0.009145348550094036
0.44851253621557413,0.6461049515895233,0.46942684956877573,0.42415892985957204,0.5485321918678452,0.49972489880772986,0.4876358291955223,0.3979757125444846,0.3160593452203077,0.4091862311931971,0.17579537113016405,0.012811256279977559,0.05224430092552061,-0.10720602551199555,-0.07399476246170408,-0.48321615645272753,-0.4339028494825048,-0.45810892668113545,-0.5369683584874232,-0.7523056822700094,-0.6676848520174493,-0.6303221754494391,-0.6752842985683785,-0.7591958886662299,-0.6908996464956306,-0.6343030549673639,-0.7190454744159666,-0.6617780611400518,-0.5619020864772493,-0.48303242468205765,-0.4325312483134147,-0.5491123105286728,-0.38150030796229584,-0.3236968342556104,-0.14298463440662867,-0.07541821088903546,-0.04980198617444559,0.10842135935089214,0.08047501571697876,0.13182476387637418,0.16391812425556615,0.23962475138503542
0.533057707176361,0.47048975991172065,0.5312041585823616,0.5292182214310007,0.6184125226373856,0.4791624400581365,0.5187425199377798,0.4076114491108793,0.23413030028407072,0.25025011633437844,0.07347326623595225,0.1928908063043324,-0.10127442068320763,-0.12153238227209408,-0.17059894502048112,-0.49759688318919526,-0.2742228432758608,-0.4469979500332355,-0.7000148743973854,-0.6469584813313918,-0.6327757305651683,-0.7199933818545505,-0.7113790348359361,-0.7233785568163624,-0.6305958029131195,-0.6381726181490739,-0.6989434780691488,-0.6173813180210678,-0.5908650697299644,-0.5110016388780152,-0.41954041422211746,-0.5456387662660014,-0.33950469524580457,-0.25907189681156406,-0.13977775071240586,-0.15468322624166855,0.06881934225418404,0.08751780369596962,0.19020059737398698,0.19352330635493636,0.2907376872644767,0.31840082379062395
0.5195659927355069,0.5723055798020481,0.6130848063272765,0.45950006063130494,0.507640884997812,0.5559830065613189,0.39754900074326427,0.39367866251472133,0.3818830547987487,0.1802864873872352,0.18834588827204318,-0.016625257469370432,-0.020092180468675724,0.008043591704957267,-0.17853199040666606,-0.19308748202116727,-0.4053910124087164,-0.4461202557399998,-0.696331271444433,-0.6398837618894935,-0.6349798171191959,-0.8436465376706879,-0.7457989340904175,-0.7628484297064418,-0.6782052744878403,-0.6416280816318743,-0.7041318681385446,-0.6643878101158567,-0.6561986149340585,-0.5654227125779424,-0.4982078293458594,-0.3923102962758496,-0.39144302882308013,-0.33739284647463647,-0.1436948744457752,-0.168366793984149,-0.0230274821686483,0.049281163074421194,0.07658098748316243,0.12665208458713437,0.26817711869532274,0.2977233573917568
0.5691621447954078,0.5385068018342848,0.5357853701426671,0.5729404052120486,0.5369893060751422,0.5351484842096019,0.45779778034705415,0.33613732155995313,0.3750415507099861,0.3004521740187151,0.28698172518279447,0.22163585142036452,-0.15054649704398193,-0.20911800134119526,-0.31971783019863365,-0.4283188471941857,-0.4153149662405304,-0.5199398188671852,-0.5978345977324347,-0.6357645598386639,-0.6913254680328969,-0.7766305330420258,-0.600912191229407,-0.7284147592690834,-0.6488411308674172,-0.69530523349449,-0.7658864765977805,-0.6568417049269476,-0.6122984237043508,-0.5398977312464678,-0.3984001252276816,-0.35704435701211734,-0.2731369132879555,-0.2737240246232618,-0.1838010240897584,-0.13262609884204368,-0.02344036947273725,0.05384143245273541,0.15652872150320998,0.3245886394077729,0.2548839744428663,0.3100740924814023
0.5160664433919253,0.6248014497007406,0.59015403738865,0.5375864184660357,0.49343118798678925,0.575597161999183,0.6334729546446018,0.48248159369307414,0.3364557878465055,0.27650436596863454,0.34847550669338656,0.14286259245114974,-0.14792295351674786,-0.10698850903683377,-0.28891351916956715,-0.17331402579346655,-0.4972693902183204,-0.4789000343019783,-0.5419641032741294,-0.6138370023382084,-0.7253818801886819,-0.6866047617098755,-0.742276984265651,-0.7698701507217763,-0.8404651252900287,-0.7013547562535686,-0.6468282720861048,-0.5212758688726307,-0.6024253521114119,-0.6711713563951033,-0.6011072184071886,-0.3931467777543623,-0.24843224534144287,-0.30672398066107476,-0.07759119837526526,-0.11658117348740282,-0.06628561353314276,0.02519864287461997,0.0797926510515254,0.27303275056155124,0.2244865377500339,0.35032120270474587
0.54566758344109,0.4474375978252219,0.5850457003023471,0.5098481321698273,0.48936586967451107,0.5274016608221967,0.49388075479690235,0.4512553798330055,0.4016784624257272,0.348309441695049,0.3278750342381815,-0.007839668039131177,0.10816233177465842,-0.22969119666652743,-0.09866183247730083,-0.3461777353107654,-0.30110864451195557,-0.4673217227293344,-0.7324918493786248,-0.5441187234781,-0.5715690644866739,-0.7401076745442359,-0.6061608829849973,-0.6370540061114137,-0.696204630654862,-0.6715916555174992,-0.6850458880074958,-0.7638999179769028,-0.5415152600673587,-0.592398989583737,-0.500279201155787,-0.4946960140939522,-0.37951618290750466,-0.2793774216865598,-0.2307879924241818,-0.21589917408162332,-0.10582659441672815,0.017551424238971727,0.1429226487668028,0.18180465212034547,0.18891874173900677,0.23458618605571266
0.6442713476435916,0.6956748463350196,0.5381283410350896,0.5913288836205377,0.48130022245524917,0.6289793581597295,0.538030990743607,0.5613151079643905,0.41141807323631335,0.3332505738179993,0.2461507475578419,0.07405963653975449,-0.01685974154914711,-0.06864633087953259,-0.16374461103246482,-0.4303487586680084,-0.46606231666171055,-0.49371742473033575,-0.6271848062983089,-0.7155728498913413,-0.6250488062109102,-0.6933995191516836,-0.75984930673675,-0.7990609432106778,-0.7350000594829882,-0.6989397710722222,-0.6699962926472296,-0.7141053191699184,-0.7577460936219317,-0.49159262085494787,-0.5326591596422516,-0.4762247751530508,-0.27239410489601784,-0.2702439816212831,-0.22499977534443055,-0.017661822020984756,0.01720198446891394,0.04359878710081514,0.17513339210108167,0.2517727489023611,0.22890917661108898,0.3110052871917853
0.5956530156455696,0.660414017797078,0.543879649105579,0.6359977388777777,0.577674079840222,0.5055456017015709,0.5663467662510365,0.5069918119872282,0.3276760712715023,0.45067960774338844,0.1430917074817622,0.0018635134226303906,0.12596171395998781,0.031248336572251942,-0.15566938554196563,-0.4968935283957222,-0.4260964742817023,-0.46486522412120934,-0.614856837519379,-0.5819137706242644,-0.7071070096618561,-0.8132985578394754,-0.696549621818392,-0.8189416582129838,-0.707046180015506,-0.7225763136274586,-0.7487805470432751,-0.7063579700616047,-0.48567922117893314,-0.6056694615846654,-0.381314424011658,-0.30794223692522005,-0.4822326580058159,-0.23654769848892823,-0.22315672932929134,-0.04015528802200723,-0.057682570099286366,0.048475155791229026,0.26605447608217386,0.2153123530526723,0.31306088221429734,0.3879748523042628
0.6126406095304625,0.6368724113312133,0.5236224282603767,0.5566329674906899,0.5189477289005318,0.6824534671295497,0.39362756063213783,0.3479165006666336,0.3424054373354235,0.353578493787389,0.2660232561980667,0.02243302879367128,-0.012074879825921673,-0.10780914304200565,-0.2978578759918721,-0.3296708839700859,-0.44121611288319146,-0.5399006645741856,-0.4999334546531568,-0.5885375520814797,-0.6023528929344234,-0.6752324715598931,-0.7214719879648273,-0.8398765487762005,-0.7581344512510524,-0.643807438267339,-0.6085747559902541,-0.7348921814118952,-0.49349612046920166,-0.5468375888174547,-0.4315374499268889,-0.3109068672862649,-0.44834261017907406,-0.32431168927198545,-0.19692329860646868,-0.16669145762073437,-0.06565770735536891,0.18747229936231768,0.09430627033304192,0.2579432926348758,0.23674009753518607,0.45000147173915706
0.6344920819666887,0.5757927539521974,0.5719054319678898,0.6057590723024568,0.6473521527424639,0.5157735206572055,0.4326261183514433,0.5104849661000059,0.3514587795233856,0.2200037660048972,0.3798667790246293,0.13649096485213025,-0.02704706639707956,-0.16858449388770624,-0.3659202367245783,-0.3169093608248898,-0.6270049551868833,-0.6712028942779368,-0.6992583569887927,-0.6626807826350208,-0.6416886715904259,-0.6848842538936005,-0.7261180557600247,-0.6602049725497924,-0.7818359676490383,-0.6640257659245233,-0.7018158908105189,-0.7417288070796737,-0.7620823186430536,-0.47477640470607846,-0.5337997348634119,-0.37273628809129034,-0.40459915699820137,-0.337197749153416,-0.24393663054914524,-0.03334683193391712,0.0717503454529271,0.1271894282185805,0.16346546433414003,0.23697188808644137,0.2923263995609016,0.37239018588541795
0.5463318351420807,0.663763581776246,0.6118666945703202,0.6639068638681487,0.6772253453143211,0.5230353058631686,0.49592124426371803,0.40755432968671285,0.4368271552734831,0.33666932793587356,0.33408654261655873,0.04916467831045917,0.14533024067923755,-0.15105459141440114,-0.13678034035151845,-0.2642701011948821,-0.40348905829018505,-0.45825101858907547,-0.5963570053945293,-0.6737441056381009,-0.6628538403069536,-0.6299804418063123,-0.6242942166640295,-0.7225525721718957,-0.7096161641736904,-0.7748432232669786,-0.7301597897523202,-0.6219362099347455,-0.717501946108465,-0.6440726649885721,-0.4917455401535658,-0.42510021533643527,-0.37158607837625934,-0.2854519492463304,-0.3181978267263371,-0.15089015938200906,-0.054262303466930895,0.1239263228745315,0.08313541579144271,0.14171708171002265,0.2613519596535054,0.36099785858084826
