gfs-wave-data.json
{"header": {"parameterCategory":2,"parameterNumber":3,"dx":2.5,"dy":2.5,"nx":144,"ny":73,"la1":90.0,"la2":-90.0,"lo1":0.0,"lo2":357.5}, "data":
[rows 0 to 18 of 73, columns 0 to 41 of 144]
0.18350676178248126,0.24258069076401395,0.2989878899163602,0.3409671380163872,0.3142259167612897,0.39029056358181835,0.4924752735910994,0.4987309199081588,0.6409569562328041,0.5027055639467685,0.6857228293502854,0.6810914470438142,0.6712970195062069,0.6158647829447723,0.6815661009188037,0.6825447412831999,0.5268254850685107,0.5299883391647866,0.4821843009546707,0.47639547915232805,0.5495096014567578,0.3794093563546154,0.44438707094631935,0.46482820988559037,0.44975539712157503,0.4457232070042613,0.3336746710154981,0.4338275470095571,0.3398368157399977,0.56322339416013,0.5985067579635633,0.48834541592318426,0.5310060966032297,0.5623351469451178,0.5672480533789391,0.586216961466478,0.49192114933017367,0.417975240976,0.4536564677035916,0.4263717874881558,0.33520595274012144,0.2840053511873953
0.28174912513463074,0.27869120196052455,0.2097205976819261,0.23605617406886356,0.34899725482896327,0.29310249962728185,0.39681895029420206,0.4854180946096709,0.44945735655845853,0.5505554451065628,0.7613720428267252,0.762690883778763,0.7026898268438523,0.7218089452767382,0.7806122769404884,0.7474671985027705,0.5760994229575012,0.5947318413165361,0.5783625133973449,0.5373406519703819,0.5594308069996611,0.3366190016408662,0.31979849189082316,0.41403115672629565,0.38078378298959564,0.4184360768687995,0.28984495838320856,0.40412852382102243,0.5044514181456121,0.3781852325626914,0.44755722530689884,0.4796603140132482,0.5200272346673255,0.5873419238387038,0.4641160931528123,0.5710040932236512,0.3991047766194104,0.4787624704437682,0.45475332054181533,0.2943384104053806,0.43459601153587474,0.34900990819734146
0.1752937200079531,0.1783899999176254,0.24880875282488527,0.43040465113671994,0.33145512008042666,0.44914264294668693,0.4936599438683117,0.5259994150836943,0.5199407586989027,0.6088057123773887,0.6535600213635064,0.6026982671168831,0.5984972888628092,0.7775136079239936,0.6287142317986409,0.6663424562699197,0.7004960863699647,0.46833281301295215,0.5466981039797115,0.477912574951992,0.40181256599252535,0.5465999394666585,0.3871745130508052,0.2684503642601681,0.4883519373560766,0.3124613118195919,0.41922378539209565,0.43300221802426253,0.3485281523613473,0.499483420775113,0.3712362364937771,0.4742474284214389,0.4720774448998187,0.4006790077876749,0.5843887990576282,0.4781114929937218,0.4631970103845042,0.5167122588471431,0.4755780168138561,0.39696418237635706,0.4124122961254221,0.28299062208346076
0.2173803717293611,0.297614798786693,0.2872734048022233,0.23482616919746296,0.44265996204035757,0.5024581923305343,0.448748278130387,0.4541553339443923,0.5194808655413697,0.5276910466547942,0.5280123813644989,0.6293595446097402,0.5930309393035607,0.6226405450309913,0.6477674420311361,0.6145165774113102,0.4991234927863459,0.5574292852054765,0.397855253569216,0.4004172522718398,0.494680947322972,0.5090055699141808,0.2936236291392267,0.31670383787973455,0.27732064764302095,0.415337437127048,0.41544969906589624,0.3602545848119106,0.3665579707502075,0.49526208788010473,0.4858030830988104,0.4031831874155355,0.5221543162850446,0.4139108350000394,0.5699197603611131,0.4646710788546096,0.3611321001516248,0.4213093082985547,0.4602907906265121,0.3826503878121144,0.2226885433935862,0.28610426996640176
0.19989761829934227,0.21029545239514794,0.2390031658206045,0.2878079018930675,0.37770629252697113,0.38740451563543726,0.508953323336325,0.37155219537508993,0.5201591830802703,0.6663583258638719,0.5464057336275369,0.7227123591569893,0.755183782174444,0.6877308005531345,0.6473314657212905,0.6740010091086217,0.5178949218261711,0.6190835766401267,0.4138225519689807,0.5677428015509779,0.335078611947296,0.31471730186962427,0.4230542468304673,0.4790481886632506,0.3543377786603895,0.43573157050497785,0.26833536241222317,0.32430291777523795,0.38147115076094895,0.30746564809342547,0.3526771627082147,0.37352596926019904,0.5712999689360309,0.4184633288786348,0.47179526643428354,0.462905593007619,0.3961717946376259,0.4643744164669972,0.40168196158899305,0.3777829754990661,0.38114794149463677,0.24661356868884868
0.22347817874217327,0.19708965136131992,0.23844807838148102,0.22156974560612896,0.3942025494093784,0.3475147262863372,0.4680242491126697,0.42286696790380396,0.5468900036108147,0.5212731168987249,0.5392092310104482,0.694527270753534,0.7089282704851463,0.6014846367287717,0.7070460391275508,0.6621932564744616,0.5345980072312858,0.5513703911235225,0.4417778174831437,0.5282046634559696,0.4831027858808832,0.268697483237913,0.3620407847408636,0.21017137972456745,0.42072199211248973,0.35931779166946387,0.2540567639889041,0.35435102990761513,0.43025918266076113,0.3733144027656163,0.5004753906698294,0.4467333186853402,0.4606476329819467,0.45981209832618825,0.43323638614821103,0.4077609292428334,0.4566218042240779,0.5111671741379672,0.45787477660287496,0.31445319488868717,0.2891479661913347,0.20670267045827578
0.12248243943993371,0.18726255644465914,0.27700489293850616,0.22355449956459983,0.2744417964000655,0.38601803515439126,0.3786171784368508,0.475752439453635,0.5588943783552751,0.46704814832680813,0.7084402240821184,0.6841291382906496,0.6906266956372205,0.6418527302438433,0.6687824531494996,0.7029172253331955,0.5450831656610322,0.5081087451683832,0.5520351656315295,0.590526859849141,0.45413867788200185,0.4414954241480708,0.390688648050236,0.24370700656423602,0.3075106111144393,0.33142399856157007,0.4040287376878006,0.2612330421571697,0.374918071233241,0.33751070303689723,0.34467199610162896,0.48807935421007226,0.4303519888948571,0.5190631903929062,0.4492988277181639,0.4591637875794561,0.3335160230156451,0.4308036622009402,0.30304672450649656,0.3911612334409878,0.3058403517529424,0.2839310825464818
0.15620482412971903,0.29905308497578376,0.22240836776745845,0.3085214594433598,0.19043423083940117,0.4557141569089233,0.29813803918075593,0.4778185481851067,0.4797352546104179,0.6121590384665068,0.4874790805786425,0.6329327103471142,0.5757675244916939,0.6952028562395824,0.5552108410148681,0.6464204143009254,0.5227851194834106,0.5359646294534585,0.46804551019413393,0.5321895655353609,0.37328314726417805,0.34663864796622884,0.32623491825181095,0.35857037854420887,0.29572160246112605,0.3047787287344964,0.39980277467069236,0.279436243978759,0.4445346271482244,0.296370535014714,0.3823184724662779,0.36240364584607937,0.319256632871812,0.44055910287194167,0.4636730863109469,0.34907602193920345,0.46133392611706486,0.46768094615691813,0.40028565908293084,0.29334964028354227,0.21306063482069612,0.25586788318819326
0.17312687180982672,0.21986122939927838,0.2472303665102638,0.23203944524301423,0.292696472286537,0.2554633932863121,0.30338900197612856,0.5108894381590021,0.5038023505042617,0.5123477042318405,0.4742753968165714,0.6959264329409566,0.5135482543734556,0.544916080581655,0.5486200567409254,0.6357929293038087,0.5660544657707844,0.6488225483723356,0.576117012221107,0.4061123590796791,0.3678595609204514,0.3819148184495891,0.31289606189832575,0.2810141034116412,0.38251985458696014,0.3772634567172533,0.3223820441755851,0.32950124912643014,0.4268982436657204,0.34430846527520265,0.4861916031709962,0.37885175156864154,0.40685327325790727,0.4968909797340364,0.5057302346023383,0.4756102724627891,0.4911427642912318,0.45538056419753614,0.27954637623982004,0.4133853168518747,0.3227772867838561,0.17166346348690925
0.14831258046083634,0.22066514497217948,0.25035594272845735,0.20867902413820827,0.2862853726248386,0.2879529674704681,0.3346421699532137,0.4084841529237732,0.6020227126889246,0.4445239610080074,0.6026462838712916,0.6753095255865706,0.5161285965491881,0.5555115719425802,0.5789910342580116,0.6330911427805515,0.6660370839443315,0.49183230982849113,0.4144244915582669,0.4116375850075504,0.43789755818722087,0.4203583085342495,0.3722493923255195,0.42450934886703845,0.4257965382116204,0.3501084605298164,0.21149106461007502,0.3134132513299871,0.32924266165738947,0.3556422609894169,0.4813186509250855,0.3845277309933926,0.34102610540797196,0.35829021592083726,0.3885096591738454,0.49307088325863135,0.42108938192280465,0.29061389508480195,0.3045233450109548,0.3599917517797352,0.22089286764728205,0.21162649980335796
0.10087312263548713,0.23773659968896368,0.21612534100238037,0.1621332662623117,0.21165569485665298,0.22781052856429543,0.3430066478855428,0.32168415557985297,0.49350969808052697,0.5140099202159336,0.48512079853000173,0.5632431380448506,0.5888783202676863,0.5399891824063832,0.5598846097419431,0.4927753622212455,0.5069612472167206,0.5463623631813757,0.5339571896410457,0.46058412177621116,0.4439729621370485,0.4721589971990051,0.26372760352905233,0.35556097147146815,0.34363815743299153,0.2815048266721377,0.23310942759223394,0.418021986680589,0.35648301372600955,0.42244951388853125,0.4581401321713233,0.3805329398227117,0.4117739602482287,0.3884822248390262,0.4633465686348182,0.49056455179489256,0.32607283144711646,0.3212048310737348,0.3409685046541557,0.22529610241975495,0.30194057619825504,0.21520935765674143
0.2590948613226663,0.22583289334052023,0.19777875557061053,0.32868474823558247,0.3386834363843922,0.26996806483520003,0.3215469309178091,0.33023541167237935,0.44496180591861995,0.5102644987040208,0.4958028651293437,0.552597112983264,0.6141703264555161,0.4991797229548394,0.6949307680810441,0.6033490415967643,0.4478219363995889,0.5030323889356462,0.4171627553512602,0.33348431950848023,0.44649972076371,0.4897601441553663,0.4152397445988823,0.3885313416917896,0.22712064479120259,0.29868545593051354,0.2831252611530207,0.3134899261157344,0.35053693566023264,0.23376906040693735,0.3550426600632036,0.34007955561509834,0.43036803862082557,0.4877981782650759,0.47279798313745397,0.4536817023154023,0.4010533149732144,0.31237273322756076,0.2959936315943313,0.38210425358942035,0.28442226420282823,0.13515092123310693
-0.12129591492147875,-0.1497430820426093,-0.02356307865216413,-0.08903237307915172,-0.1656157387490445,-0.08924893115831085,-0.15837094273452382,-0.19629845340255414,-0.12162111362200942,-0.07278526734121567,-0.10790476778214927,-0.1047495016702293,-0.16522468139135227,-0.09168429616458186,-0.19329249627851244,-0.10398892817378722,-0.16683604562838994,-0.11688337106586194,-0.11668331523292065,-0.05310232988209243,-0.1694106594646769,-0.13880598847988088,-0.038102473325885115,-0.095576431737722,-0.1973616355489372,-0.12098452323939231,-0.13391093422107556,-0.12956607050629793,-0.13023598757793814,-0.09168611154123628,-0.06735587464667828,-0.1103902707659897,-0.2084386421314812,-0.21538843928937015,-0.07546691492123275,-0.11725695871671474,-0.09697745042120136,-0.12298029968685822,-0.08134971577084016,-0.04504258783670473,-0.1392582424293587,-0.18545146268677432
0.5417795463105434,0.22053119914522232,0.034621445762110716,0.550166075343208,-0.15708152964313815,-0.025753550459715148,-0.1648306103489896,-0.1222386505410239,-0.10798482371993301,-0.17355002012159404,-0.05115577122742814,-0.0185940696053684,-0.10664038385444288,-0.030266402872409545,-0.04489828667555801,-0.19435904108448496,-0.06360182621014179,-0.15098031941405102,-0.13811144275390255,-0.15553301553520435,-0.14881517690025467,-0.1583329647591089,-0.1403191497312428,-0.04662508209699061,-0.12663097320624994,-0.13911383738490665,-0.0714066735483272,-0.020314691585124285,-0.04110460696186112,-0.08385187466466208,-0.13818022659618062,-0.19114958613923985,-0.047558313728536916,-0.1053948893392254,-0.1100617945413515,-0.1543963341079087,-0.21293155183077025,-0.18334185536569828,-0.09713103199580653,-0.028581211333726163,-0.1727360901704459,-0.12779635612379062
0.4748002691612574,0.5821831670268297,0.2544162202694884,0.5095879444531493,-0.05957860397904989,-0.1247283476789219,-0.08350839774110619,-0.1361599152101071,-0.13331573318785142,-0.10264470043600538,-0.08702095577852789,-0.052495816889681274,-0.20355260595593586,-0.01629644937966512,-0.12741042568127964,-0.1099188333231658,-0.18894460031324134,-0.18682002277771242,-0.010282454590127301,-0.030046663774795045,-0.1172730436987817,-0.12742171298047697,-0.052234059699678266,-0.19211927493881434,-0.09458740884581966,-0.11265766849350597,-0.021360867684604632,-0.15748767792495635,-0.19892750246058222,-0.15492324245813807,-0.17533092901669753,-0.012319775241256464,-0.20279135882068122,-0.1525372029603613,-0.18924676673267987,-0.09466782363891636,-0.06587968942978824,-0.09076744557225354,-0.08157490902948882,-0.2030023384553379,-0.16278265653631518,-0.2015612290022146
0.528676441765397,0.10873570295853868,0.6134633098298493,0.08187074169258514,-0.14816112975963594,-0.15667427121400482,-0.05972659435498205,-0.03760016884967925,-0.1256656074377411,-0.03741001109908802,-0.08076056104202588,-0.10560595002249029,-0.04727088994970145,-0.13513871707506198,-0.13612229086334227,-0.14431154447440023,-0.04642128054146952,-0.05654775515926207,-0.013922487647079039,-0.07085084119940914,-0.10199987008514763,-0.03648506368189847,-0.17033372411851444,-0.1792035122350349,-0.06750189236911723,-0.07097776059024613,-0.11094832612349514,-0.13102961184021586,-0.045142040015115535,-0.19205516554806032,-0.18542796704604822,-0.17918413703438515,-0.09394742588350768,-0.03875560094208904,-0.19790985519876406,-0.12101709190005512,-0.04450210686704113,-0.0847504357961374,-0.15938410575588755,-0.007187891211997714,-0.053448171792643044,-0.060624985636176465
0.1468823470255764,0.2849221081858576,0.014681808573254152,0.7004576104160545,-0.14224506342077467,-0.153642708485154,-0.15882730446560755,-0.11833062934710363,-0.18448810271380015,-0.0851224958748046,-0.01638530301631712,-0.08246736656751201,-0.041863112341237255,-0.19008452419327979,-0.06953334027701381,-0.09352235059143359,-0.11047333960987252,-0.023298944913470197,-0.1560911844589827,-0.16914214350764978,-0.16795285140918853,-0.14167984768299008,-0.19510800483351068,-0.1525310447381204,-0.0647458812689515,-0.018956352984168194,-0.04660419864493792,-0.11768953426620903,-0.09691680523987288,-0.09379776603812233,-0.08890374025989801,-0.1992391628728203,-0.1429799107543723,-0.10896698254408593,-0.0592918301501063,-0.12571898241583349,-0.051632579163520036,-0.043593996305347986,-0.1497227373581913,-0.04951176340002776,-0.10866755554969494,-0.10193728216519295
0.16303578381805015,0.25829757643665574,0.6320550867833782,0.5416129252632101,-0.19315194708511407,-0.1114158192035003,-0.13193180792252618,-0.07088734146172808,-0.16242660600082306,-0.06995740281438859,-0.10706495965155341,-0.13648862639590867,-0.14140586447522344,-0.06534120072284373,-0.1321439990431803,-0.07117569328183228,-0.15166312050616076,-0.17256875216083495,-0.06936785953524284,-0.057684322440347165,-0.04509661229780471,-0.08719814535545219,-0.15812844433075698,-0.03611429180337725,-0.06392160570363763,-0.13911577434162525,-0.0015178623534485905,-0.10787745493100667,-0.013993546681927326,-0.04901305185511388,-0.12205243949460857,-0.0984388583051453,-0.048085113939890255,-0.01716970016170991,-0.1559424635169596,-0.08865403442184461,-0.1494917680970397,-0.10793710566671336,-0.07018218755095781,-0.17089201695423842,-0.06546048845663785,-0.026321635989034083
0.6158927885618348,0.6033385506767572,0.5070145170548955,0.17966178474673775,-0.1977531866672627,-0.14248328666296844,-0.07723928240327803,-0.1589427408321246,-0.017712682571941637,-0.13664743257238013,-0.13277532590895658,-0.03825448195153857,-0.13750126730217552,-0.10482096800042255,-0.17934524311529512,-0.1541855438521459,-0.02860853846998982,-0.014256127413740391,-0.19402240154612882,-0.11760119410451987,-0.14258099078822908,-0.17890336551353697,-0.15659890329568402,-0.056651327786146136,-0.07506170768598809,-0.03585747082299994,-0.012160662642972551,-0.1071175339550857,-0.018864405428512275,-0.05130723906622007,-0.15839051874439392,-0.1619038244858835,-0.15254925046078474,-0.029788304422316288,-0.04874310630036344,-0.18888444929841836,-0.06004848517108065,-0.06254821410899263,-0.009208569576080121,-0.18162640631835278,-0.1192764778599618,-0.16609866220256891
