gfs-wave-data.json
{"header": {"parameterCategory":2,"parameterNumber":3,"dx":2.5,"dy":2.5,"nx":144,"ny":73,"la1":90.0,"la2":-90.0,"lo1":0.0,"lo2":357.5}, "data":
[rows 19 to 37 of 73, columns 0 to 41 of 144]
1.5286922751268883,1.5391368331134818,1.426519223706604,1.4554213827983107,-0.17750895262954375,-0.2734871293747678,-0.1656457404627023,-0.1536743457698923,-0.27284712237594333,-0.18159372420685665,-0.16478636302220293,-0.1705799723942071,-0.23446217600993738,-0.20609620269482304,-0.23702170433824632,-0.30182001528772984,-0.32345437017606166,-0.2622954416850053,-0.264771828099704,-0.2775517719422641,-0.25059032114477303,-0.2997836295185089,-0.26359553904818384,-0.23617158015585146,-0.2547465423492718,-0.3263988356787655,-0.17200158763820692,-0.19328692089048435,-0.2865584205691466,-0.27265678328299636,-0.197036329425502,-0.1817739224079121,-0.2588290109018302,-0.2659080048075146,-0.33338241340331404,-0.1655109594564596,-0.29113664009204776,-0.2944654150484073,-0.31866325221262815,-0.3052515868070475,-0.2947129379977837,-0.2584117590145574
-0.3066983871512596,-0.31315439074446044,-0.31169194520743726,-0.24768079497683826,-0.2885887800044797,-0.1744800139964585,-0.28634885016224426,-0.2032871820945665,-0.14019754941242416,-0.22551136634208305,-0.13440771345300834,-0.15838840079298871,-0.2914668100188861,-0.24416058133655,-0.25615661883778473,-0.3125899909422589,-0.2887903139647673,-0.24098280080638038,-0.1233360140989373,-0.1358973756658925,-0.13090522309585176,-0.13535805279494087,-0.13122936184534417,-0.30939778449538263,-0.29600903630323383,-0.23926346710748847,-0.13838364709071901,-0.2624358294821276,-0.186409398927882,-0.21849322326196027,-0.19793770435179128,-0.31359709875032604,-0.29969648574749946,-0.2859658368460012,-0.26104272222221075,-0.24717805737485318,-0.16797732054630282,-0.21820920685037834,-0.2913969645761629,-0.23252756135249372,-0.21888296437167337,-0.22120787309390272
-0.2174773588637897,-0.21835002226806605,-0.32954724988858336,-0.15589124355877026,-0.17118755762332316,-0.18947570270441275,-0.4781644078869193,-0.4428635767007901,-0.7385018112322707,-0.588525594321459,-0.6811763870289286,-0.7738370628332726,-0.7612769879499053,-0.46154324626853144,-0.8998731656337684,-0.8281333672552273,-0.7926835592002245,-0.5733087761515379,-0.8425212847355118,-0.8692835758242891,-0.7141947766919744,-0.4602503210226465,-0.5901864587460421,-0.5752252087602625,-0.7055567789445377,-0.5691292468697552,-0.4615880979479175,-0.41041475172993835,-0.21805875154880358,-0.2515328946812077,-0.0937539112659913,-0.2108018028803299,-0.10367198166969926,-0.15831513726862462,-0.19619816368377174,-0.06644362070172438,0.016853787131199973,0.0068682250568311955,-0.025000571234432473,0.23904174748802123,0.18280476652893188,0.13097901448308544
0.07206016708318423,-0.1538019366428351,-0.21077663504242372,-0.03294589529875931,-0.1273933265065481,-0.24490278275945943,-0.6473789435153243,-0.7181730822711169,-0.3708233825642358,-0.7520692902033199,-0.5882110561989624,-0.8617171778413594,-0.5017939741956047,-0.5454825838277134,-0.7406910506440514,-0.7411389881373815,-0.8887756333804174,-0.8385855366614741,-0.4541751955913129,-0.5001290522277265,-0.758828179273351,-0.7671782460987892,-0.6579518267155329,-0.48647496345638613,-0.5376254678961071,-0.6907751732648318,-0.4219395697467603,-0.38913410832751993,-0.41038330522949984,-0.4663930988466508,-0.12531805581381164,-0.053764207088304435,-0.17017852847484105,-0.19505109511228674,-0.018048077869039936,-0.11221884304399887,-0.07354473889927474,-0.06887097890074587,0.1645030129619286,0.15242967341360988,0.19566920760136255,0.21493247650605166
-0.10275807816315741,-0.32536557976875863,0.016487174753622238,-0.4024474017362352,-0.08977767782758479,-0.08327436366485023,-0.5078153606341225,-0.43301625400068894,-0.4841663562619188,-0.3796585757078611,-0.7263498786926417,-0.8012006701379636,-0.5907609379260914,-0.5286813983877265,-0.7050509533842083,-0.6131980274752087,-0.5216898536113315,-0.5361667171313267,-0.7749722533523762,-0.7395630355528157,-0.7433240422879865,-0.7189730210444325,-0.7783743996786048,-0.6067915878539611,-0.5039383443307658,-0.591681697530183,-0.5517815540843086,-0.4817101712274045,-0.32990171873250773,-0.5029892686493146,-0.39521359815049245,-0.31380820780979307,-0.07636559007608391,-0.08558542165101801,-0.06737218175710342,-0.2043493346192553,-0.10651424361963241,0.04368196414099687,0.020159253282074754,0.043529076543431904,0.14715652540541063,0.04474821918405335
-0.19969344087578747,-0.1873669681434602,-0.22272709431684856,-0.18499414300952213,-0.1472806628141002,-0.24227823556841066,-0.2126876858579974,-0.13580487041134284,-0.09476327168188779,-0.11164179184784451,-0.17828407407784813,-0.08346886451524888,-0.1002711859199956,-0.19146653896841134,-0.12413156135612284,-0.201796043827277,-0.07859854952327539,-0.07982762545558698,-0.20267368011828085,-0.11250915685971319,-0.1479745734349756,-0.11080831902448011,-0.16614670716608063,-0.1791132970724233,-0.21878399793464587,-0.268815348141595,-0.14450681238488106,-0.22387184203692886,-0.16500857552930467,-0.08813825708754751,-0.1337059008409318,-0.2583017816516295,-0.1379578538544032,-0.24278014624603936,-0.22482151694845764,-0.16589865086290417,-0.21926289866933568,-0.08409008940260496,-0.13387419284014437,-0.12204290844705341,-0.24629186820347235,-0.2386249355995518
-0.5281755636023038,-0.5192826550994022,-0.36756231004558015,-0.3607086845575045,-0.38901459007156786,-0.5328749127360567,-0.5562523245249117,-0.32114958286214607,-0.23370999541634624,-0.24995337151521219,-0.333726431214927,-0.38375067663287415,-0.4719228850455236,-0.29594868624705406,-0.3873152585802859,-0.3349241316737028,-0.26345032199211543,-0.3305751034694473,-0.412524950017502,-0.40767726579613767,-0.3923001003422944,-0.1530466366564309,-0.3403554012235677,-0.16866123576790992,-0.3027486109843198,-0.1499052863023917,-0.047737822140746886,-0.11209343316942046,-0.06734852824147004,-0.19214697355123392,-0.07934032538802252,-0.13464310009859226,-0.11286875515974223,-0.3453235630207891,-0.20371367497399423,-0.049384513080998615,-0.37094210943654277,-0.033558907777289884,-0.2669990929017384,-0.04461263919881901,-0.3313438951707328,-0.3054993163580504
-0.30176046420361646,-0.363761998050194,-0.5373603295384195,-0.6041022914043561,-0.43730652521628743,-0.35793408544630356,-0.36485401018825664,-0.3271188306041946,-0.4716149955407812,-0.40566414159407505,-0.3796647825259415,-0.3029840113450213,-0.35924409643777966,-0.4163881053302352,-0.38335786949971806,-0.4094781952226342,-0.41427438844655023,-0.19598804183802795,-0.23762654241378023,-0.4329552238015328,-0.14851935474193395,-0.2024013318194212,-0.32367355857529234,-0.40249724361063693,-0.24097750108457855,-0.3217335443438286,-0.37069917834172295,-0.049861670077566735,-0.17045784503846953,-0.31979964848625936,-0.14524914460623628,-0.33225680437984073,-0.08325665925339254,-0.022402219080865884,-0.10646707179466958,-0.024352980838363646,-0.32872035272460415,-0.18039368565768252,-0.31914508117051976,-0.23566016687968167,-0.05703230114712029,-0.27530122588957434
-0.35538939142040293,-0.4310186092152009,-0.3279058035624566,-0.4591838458021749,-0.409047028132861,-0.3846679315824283,-0.4369775398954728,-0.4964333712824368,-0.39174319933532636,-0.4674125354606664,-0.3505704618149875,-0.42169119570504493,-0.3394834451211887,-0.4713396864954057,-0.25299181233511736,-0.251611212532793,-0.44838338316275866,-0.4582270748399682,-0.27061246254837745,-0.19180497235080116,-0.33491194193827206,-0.3709623775189706,-0.3413683423271244,-0.332324529385471,-0.16234120517538134,-0.26395234259568995,-0.17016572568240856,-0.2674234653052638,-0.3854226594482236,-0.4177053469782022,-0.07327884949075457,-0.23314130547743142,-0.01420588609866807,-0.1557845540137224,-0.2034401028056996,-0.242105740928346,-0.057922014776584506,-0.2935732128151607,-0.31417355534651165,-0.16347415592054074,-0.2728183967811581,-0.28271507088228925
-0.5446583439191247,-0.5590406757894416,-0.3696438086764078,-0.5141248057433037,-0.2943571307091438,-0.5130858403702802,-0.5318270823885662,-0.43859843448651636,-0.5030875572979596,-0.28349232644720523,-0.29770187538050125,-0.19849077754186162,-0.31201056809596445,-0.23816894545222406,-0.2968380604685582,-0.41493588793295816,-0.15060753540692487,-0.23275104626844845,-0.2932467936273827,-0.25896894034471335,-0.1724759988112853,-0.1205777625004717,-0.39150388463864216,-0.25544812564275626,-0.22347156981545413,-0.21506587749920242,-0.39628528303223265,-0.2926895091324155,-0.1683854204926524,-0.15033311290787457,-0.07516705333075209,-0.060274157773663684,-0.06584007066024003,-0.0967528367533262,-0.19681494451227988,-0.1319885147339145,-0.2748946590676758,-0.3100600950616708,-0.0998059710441358,-0.10979106621378705,-0.1523484023875253,-0.14119052399828996
-0.3226315066612526,-0.523891468040223,-0.315551443250119,-0.5419176194867623,-0.5115806305802781,-0.5432409464246862,-0.5502930649745529,-0.4791884887430594,-0.4201436159223639,-0.3711769234108764,-0.20913009351103523,-0.24254102829329954,-0.4386242941379836,-0.26119127241602164,-0.23082872740445218,-0.4035337219231303,-0.35643185344270467,-0.4834016318495251,-0.27507775110237753,-0.43768809744749265,-0.4400323992892614,-0.27570913546186016,-0.3831855761352414,-0.3513921257474415,-0.3435410779004144,-0.053121625560902073,-0.3769802516376185,-0.33905040297975164,-0.0527641816623949,-0.14586814919916205,-0.2789283097520972,-0.017092933219505967,-0.018280868409887168,-0.3075725780253864,-0.08430643116982059,-0.12688277423800157,-0.2796843268985101,-0.3211543481917481,-0.1901266548078958,-0.365991597374741,-0.041617495047774726,-0.009959648891892431
-0.21262258935966644,-0.06749419350867865,-0.10002890454306841,-0.11381631819143632,-0.05842309983313621,-0.023683441669673726,-0.11429728269205622,-0.08803102943161574,-0.12184887057304977,-0.07100146116162846,-0.1708383780695452,-0.2131508075909509,-0.07363552282990735,-0.054189854835018925,-0.1874738192373519,-0.19749112076986478,-0.18612115609672666,-0.10849885754045763,-0.06897349466789776,-0.05294381034073523,-0.19901072226172162,-0.18298827057854203,-0.12258725348521628,-0.055858789146474186,-0.05621439051466753,-0.05625439576330724,-0.08768048452579084,-0.16768542898496433,-0.14221930927982027,-0.15611855098763816,-0.07383572467449405,-0.17790954285708113,-0.07098325412320572,-0.06993179220882859,-0.08535888734667864,-0.09515704498978142,-0.19791584438990173,-0.08328516361606103,-0.1558475102392181,-0.058298971902790035,-0.10106832997601739,-0.11823332489494984
0.03740048997984455,0.04512626672579325,0.07037958976495605,0.2246056569313284,0.4705467131054325,0.5123487318999772,0.5548266299921888,0.6343071933579011,0.6509760306585355,0.7789104069214517,0.7050473081934727,0.7604834553735741,0.8021462275954133,0.9600479965907582,0.8686100684442349,0.8730757254838214,0.7487759635869632,0.775713201562319,0.7098522432289489,0.5782681854932502,0.4982024996627769,0.4021212096019587,0.4453451296934911,0.2565554505521107,-0.031439285819125036,-0.2194794680237081,-0.3784756520544545,-0.4407224248158831,-0.5225189640150159,-0.5805684615296712,-0.458161083737296,-0.5319585950147416,-0.7390904471562816,-0.7175213103590169,-0.6120214235177447,-0.5908799726163682,-0.553870880687916,-0.5239568756719158,-0.3932369531727945,-0.4148134280571591,-0.28192607217797094,-0.30671529600608544
0.09815496502506384,0.033189370519971034,0.2711747238968115,0.24350585743381953,0.3396711946520512,0.33990129979307976,0.42998507659723273,0.6234320873080249,0.5847877460737366,0.6104954025823126,0.7375137139528751,0.7807988059811167,0.8863566230463501,0.7873931367039987,0.7633137587161959,0.6955994535556805,0.7712144953888546,0.7028651870118696,0.6162192852294723,0.5423507308631094,0.4608218926314334,0.36455021165436363,0.16323395020105702,0.1158758326282413,0.09696421055107048,-0.086499741702352,-0.2664524635017244,-0.45582291134246405,-0.4235998932625653,-0.577677372027192,-0.5472168918557578,-0.429959832918642,-0.5408686205322845,-0.44676169317853914,-0.5468223982254813,-0.5512166036144872,-0.4811237764617736,-0.5171259538220183,-0.40191982279667127,-0.3901130647876428,-0.4041269143318721,-0.2760610624270074
-0.025242043620372415,-0.015758910391298474,0.1641144526791778,0.26942577762737413,0.4491405229560214,0.5158670293306334,0.5253978882057222,0.680392124415133,0.6568274418655079,0.7091187396639699,0.8295383455483097,0.6404983332780714,0.7669914626255473,0.8906246198007435,0.7767798962229515,0.7499261318840106,0.7674459260229076,0.8347156579228475,0.6694082919907796,0.4640588838326191,0.4430279992337478,0.23923164811934713,0.2692783797732144,0.07598456691770472,0.05425317774716541,-0.21938399041015752,-0.2690410926823494,-0.34191928474786343,-0.35390245392281794,-0.474748349231742,-0.52192736455775,-0.5337981720311034,-0.4968654600272142,-0.4743746220133069,-0.6711591523090145,-0.550769275060321,-0.5189817929691204,-0.46808791058809474,-0.4074854343978347,-0.40767882959192736,-0.34718256176428025,-0.25305969072940554
0.06272340167191828,-0.0037792347743638875,0.2737618447248748,0.26447040874645467,0.5106681618856058,0.5822862200106719,0.5701864675723921,0.562654689551316,0.7607392814434517,0.7394372952342088,0.8879669978969577,0.8482573889136445,0.8375492733339982,0.7473144920660354,0.7437580034105274,0.8512186927701887,0.7397119079733934,0.6006009075121479,0.4866419826574948,0.6246347285857242,0.3983484491644387,0.5411938510258678,0.22861780699472847,0.039863252812743465,0.04107986815673892,-0.10161555045150628,-0.35756872782345317,-0.39855803502703924,-0.3459514859831931,-0.5610288793976036,-0.47540645462959374,-0.5101076153386731,-0.5900574534126343,-0.5048623388787767,-0.6622880625850537,-0.5268188518339966,-0.47378803202810704,-0.4828657553356226,-0.4367935337793784,-0.35080783755621747,-0.32139648060452086,-0.2697095680184607
-0.05127093304764043,-0.011879646967063113,0.29716773872394114,0.3199160961597295,0.27218625786383344,0.4345932473061311,0.6034399850772753,0.7085212500744276,0.6485529370129564,0.7832120697314834,0.8674081232425416,0.7498580796128599,0.8314804956296413,0.8147333496507011,0.9101902325249828,0.7396728863124917,0.8438503963139957,0.552710463378583,0.598259715817902,0.4437472001148489,0.6532384313357708,0.413244244380634,0.27706250007504757,0.2819991288480134,0.0641073182669677,-0.23016024899705068,-0.3110452456068745,-0.4229058061395171,-0.4711547518552625,-0.5456052849466082,-0.4949628985955723,-0.6995456593284209,-0.6598028995202292,-0.6653242025339232,-0.5396566420528675,-0.5141305462542843,-0.5855510511174825,-0.5620760146214961,-0.43377177705128617,-0.36631890375915294,-0.3419588786473691,-0.2558625827421143
-0.09778468100274694,0.16979554451764364,0.20768679701952053,0.27768499210835,0.3432707609887119,0.33009441886273105,0.6454519821831505,0.6638114069887608,0.6079435883977368,0.6517096736804999,0.7192607179735155,0.8527809645273795,0.8718897536725388,0.7665316524057006,0.9517414852094596,0.7632768609740738,0.8057289980690935,0.7292790378872952,0.6360810086090947,0.5187415205217486,0.48544999899390323,0.491928846653015,0.1978950149255441,0.04518139622573799,0.03751952421012124,-0.2676814616489179,-0.35216879371698,-0.2914558735051323,-0.5984420879900259,-0.5079751735926553,-0.5168248802748358,-0.4160954133800995,-0.5608408359242337,-0.6501807383304178,-0.5871676911272377,-0.5947208724001457,-0.5576942391812483,-0.41223380255676234,-0.4126090545009927,-0.4103502543326605,-0.46911905236336027,-0.3135074985272916
-0.012682849680205527,0.11311868429578907,0.3245419266428437,0.3196076558100985,0.46800307740871444,0.5145903340486818,0.5730052504153157,0.5652453149712883,0.6605086257322788,0.8392272896645677,0.695552829929049,0.8437381141868843,0.8823389169755299,0.8639420476361757,0.7741613618518118,0.8942083334454402,0.8328977346323878,0.7922561525686364,0.6238979894230681,0.6102554782107529,0.5636923692853119,0.29610565398320765,0.1972074165727542,0.24799189921518716,-0.0891600138262854,-0.12259555217323836,-0.22289479112128618,-0.22921190934406097,-0.5434299348197023,-0.5307262594445461,-0.417844174203698,-0.5194958726356895,-0.47172561413195596,-0.5840764142127024,-0.5381981676913763,-0.6463952152979517,-0.5302776498042954,-0.5012730760878835,-0.4384608625427683,-0.3438021921332486,-0.2645874568025027,-0.3925908723373117
