gfs-wave-data.json
{"header": {"parameterCategory":2,"parameterNumber":3,"dx":2.5,"dy":2.5,"nx":144,"ny":73,"la1":90.0,"la2":-90.0,"lo1":0.0,"lo2":357.5}, "data":
[rows 19 to 37 of 73, columns 0 to 41 of 144]
1.740171424556331,1.6629179068942588,1.4697171365856774,1.8133412997964755,-0.17580239904227918,-0.32057492656705305,-0.13524458189210684,-0.2179062060918976,-0.28719357003941093,-0.19465268398778832,-0.15774421927328744,-0.23100107228711853,-0.3321447420325154,-0.15524561617098026,-0.1920122137188911,-0.31447499450303645,-0.23317624791504282,-0.17894382118512106,-0.23156860258266151,-0.2340012848415859,-0.2714177052738744,-0.2669246847613837,-0.17733143553553732,-0.2552422188648269,-0.27667824738766017,-0.28866375868628896,-0.23218203260172118,-0.20391486323725586,-0.3132818446172954,-0.27765983334951955,-0.314610649154094,-0.33297447911418127,-0.2098842730232301,-0.22353755819470153,-0.1514912382303734,-0.2631383772455209,-0.2638298321623381,-0.2159444968960317,-0.23847074376511138,-0.21804672542921713,-0.1925945949043437,-0.1786143436258127
-0.29006716215836004,-0.14020598332546047,-0.2891516397532101,-0.17385040946063612,-0.137701891625466,-0.14453430700842795,-0.12664636426764866,-0.22731562943034653,-0.17748251871532278,-0.31504646421974825,-0.20165150600225246,-0.14960403676596778,-0.16304400139417993,-0.3115545584723755,-0.24125140477131748,-0.2593102963865605,-0.3069516514826767,-0.13454585559712687,-0.19275921965447215,-0.13691094859632905,-0.27356374106716314,-0.2897352235294478,-0.23429735883733335,-0.2816740931602608,-0.14988698973875775,-0.26638559413085916,-0.29679428752030446,-0.24699654904092946,-0.30542292566002516,-0.13933466572120748,-0.24555039260556866,-0.3187252574542807,-0.2546824350107379,-0.18783990117169838,-0.1803105411800524,-0.28370321767410533,-0.1548483221198821,-0.15199619897530425,-0.29638244924959894,-0.1353931704844516,-0.144946801934984,-0.2655036405032308
-0.21525795918168697,0.06782874692453243,-0.1935093112983163,-0.45358732901277304,-0.4691219882567981,-0.544663742285831,-0.5002407384946687,-0.34954401840993987,-0.6976047459492652,-0.7488520124983019,-0.46544420685627336,-0.5615067983950579,-0.5312152227490133,-0.7473379337614413,-0.5192678882849657,-0.5700104562242795,-0.4828700595992153,-0.5228483663369624,-0.7772911170289049,-0.7837573792843928,-0.5641453061635715,-0.6548727315054113,-0.8176119169838576,-0.4366881423488963,-0.4565873732318434,-0.6145257475222281,-0.35747032363097125,-0.5139989984216278,-0.2312291245702536,-0.3148734809164949,-0.3088428130485463,-0.3430635148874328,-0.14386149191271902,0.028291118397127984,-0.19251375235216886,-0.14029756307802302,0.16410866648674496,-0.05887218139118408,0.08731312631279024,0.1585931000689844,0.19718900213269522,0.08866568527489069
0.264442227408637,0.04016817743782193,0.041922276107876646,-0.023281983922645366,-0.047339209559382874,-0.4163904684352091,-0.5589503422476785,-0.6614375304632659,-0.39579172726108275,-0.5409102232352633,-0.5583382573419803,-0.4027998322342318,-0.6065729300673619,-0.587965780642487,-0.8394056969758156,-0.6528122952573927,-0.6105488348311566,-0.49910919321770036,-0.6021844563836264,-0.7761446887696769,-0.7418137479156428,-0.604560407686229,-0.6463879272483148,-0.5256601902213324,-0.667044713248285,-0.5209454574814573,-0.2937809963952288,-0.3794025399087631,-0.33973411530483605,-0.3596340281817955,-0.39763817482313624,-0.31435166766268147,-0.22819862986560155,-0.26919606422297426,-0.0463756739053537,-0.16365822900130006,0.03763479381940537,-0.02600075007828555,0.014833869303701598,0.0095478062778882,0.14852876021679248,0.25007325410698417
-0.034531917447124964,0.09829445790605114,-0.2226176949579161,0.001623752084653886,-0.011767875041940047,-0.49474562498122504,-0.41799665950627096,-0.36517403026722406,-0.3598365694239403,-0.31756575202822523,-0.584754315413329,-0.4272964089407357,-0.786619028129727,-0.9013372036556143,-0.6294607685919632,-0.8013334723936496,-0.7618636622645923,-0.7595032099566756,-0.715829193138965,-0.512710984355912,-0.6636663248460707,-0.6222605523982745,-0.6171324038919792,-0.5735502202179118,-0.6078636050550357,-0.45542822405308514,-0.39067740644430304,-0.346910991661028,-0.5016674653657274,-0.3002708720102391,-0.1685836001806844,-0.40272562175142096,-0.2998230186684442,0.003871479494080755,-0.21919920538020768,0.12067795293300279,-0.05666701418900972,0.14310309747513594,0.16366634104030514,0.11173219590554374,0.1870255919513301,0.21938610289171323
-0.2641256731253227,-0.21545785098790723,-0.16722981763353825,-0.19957184087380414,-0.15289202457452172,-0.07865170082260352,-0.16300227024209119,-0.25103269539008444,-0.11279931240477217,-0.25869798636933794,-0.2002835532520306,-0.19662443058391352,-0.17925200863683172,-0.07731195512148063,-0.2180654790083604,-0.12988369356036922,-0.1630624464907954,-0.08882505848118942,-0.09132226090655576,-0.07514421001564466,-0.24542448801806424,-0.1210886373074248,-0.1996168320288111,-0.2152488573781411,-0.12327910848151813,-0.2277060807560288,-0.24816933165174546,-0.2345359214893921,-0.19589005596187686,-0.197237450828363,-0.08838691280950801,-0.12055888146923195,-0.25339129693633955,-0.1308162814693544,-0.08019925533494777,-0.20570370962194984,-0.23823566622693507,-0.23653817988299422,-0.2669671264700231,-0.11939187708543136,-0.15442044032917995,-0.19184640333258782
-0.49079703368888644,-0.35043461944203275,-0.37160896181865116,-0.39717861436711405,-0.5035764348205128,-0.46603577959398396,-0.38164540732328717,-0.3760651568887654,-0.4273412303998797,-0.5203321624626018,-0.4541597929678336,-0.4845658620449613,-0.46350997687145135,-0.5002133287484845,-0.3548035569067214,-0.2609407418495963,-0.4023518727725795,-0.49889746357984455,-0.43166328272825816,-0.3128526752207913,-0.3390884916877441,-0.2917218246159429,-0.0888888098778949,-0.24380086872946977,-0.2029314794069033,-0.24791448106424732,-0.432717383552192,-0.17498158503270642,-0.05592781378514778,-0.34504224170136727,-0.17338961772895964,-0.01723514836896276,-0.3041238412919223,-0.3052868574985622,-0.041929606751571875,-0.19029490090769074,-0.3086461365441792,-0.20365624377844657,-0.21048941985307681,-0.22618935068810744,-0.22760658420045166,-0.18091129839050032
-0.5489133402754538,-0.5451071342501371,-0.45561975441363134,-0.3951481161796074,-0.5051419663593557,-0.305207435654832,-0.5096859606723131,-0.32092988915457243,-0.3504767245926146,-0.4519264333589474,-0.4367223729606218,-0.4347390145674404,-0.47101521406230656,-0.35903930635406134,-0.19957692814415215,-0.40214083346880664,-0.13667835250195792,-0.17649858566732085,-0.4522654696215445,-0.30290177573673466,-0.46080637697138177,-0.15175498011640592,-0.17584272290072148,-0.3905698953112821,-0.34424864495013624,-0.11557491908369674,-0.3919382723506756,-0.12943562343389078,-0.29768645991470977,-0.3275844232454868,-0.3324114945306734,-0.031214926911509084,-0.12973739148738744,-0.336353518776249,-0.09806811922280399,-0.07454002098888202,-0.09663167184942344,-0.039792169254036246,-0.050192173652495294,-0.20056718810244814,-0.1915416835944474,-0.2251783712749
-0.4660931355769357,-0.36927217635294163,-0.29858665822372316,-0.30940496744619517,-0.3004019781200691,-0.34792339305959913,-0.3331951618570194,-0.5314523866041558,-0.3493041137831565,-0.42693076702932387,-0.39631570253381454,-0.34694359186515245,-0.29777905546538425,-0.1932473278301771,-0.39154550086001433,-0.48100526786258185,-0.3050027271158453,-0.44924734573390207,-0.26388531277883465,-0.42677610664942145,-0.10998607302862097,-0.10497791555001863,-0.3893401326851821,-0.4540888577397272,-0.23571834672808403,-0.1814499989899691,-0.10419441356412523,-0.17068594406647902,-0.1909847910693919,-0.2593258650702785,-0.37307357983856904,-0.2901130118448578,-0.2273765614299517,-0.33926830058100466,-0.16353036356811507,-0.001354387318635907,-0.3605220687990885,-0.08026638103600504,-0.24306649826407384,-0.1908622110425834,-0.11670862990378869,-0.13560794268748555
-0.3829714456121315,-0.5179448631632066,-0.4268971158857971,-0.29277423690721144,-0.28219987919561035,-0.4148666512847437,-0.3278148736592046,-0.27132821176818994,-0.487128597309022,-0.42829423727916555,-0.4191630421105098,-0.4242699115003688,-0.1762723070363425,-0.33064923447252026,-0.38360767089874903,-0.2078407822425563,-0.15115710394201468,-0.16677422691729868,-0.24255361511366455,-0.32912457651985333,-0.29528732490496185,-0.16345151336297756,-0.08772142206023674,-0.230391197542986,-0.23883968284489862,-0.09838867952397276,-0.16693743121174476,-0.3661045519578985,-0.05453139240603748,-0.30152562382560927,-0.34241210244729325,-0.31670273065897286,-0.36841105318342393,-0.32842972134319864,-0.04470351450850173,-0.30507937762402404,-0.28674359743941474,-0.04233467724044064,-0.26774415601772,-0.10326662945249106,-0.06002808989779148,-0.14661267054856605
-0.4707010909292257,-0.4410536181327512,-0.44568330183351273,-0.5265722481803071,-0.3452369541190368,-0.4145804075057386,-0.42263925394075214,-0.49196693724938395,-0.28680356693060755,-0.3495288495135,-0.45676655327569127,-0.19788490163762498,-0.3653160968578476,-0.3507514179414586,-0.2919759273389246,-0.417509113355676,-0.41179811949354533,-0.38390036288689894,-0.22269234798439969,-0.23767863837912395,-0.14584861198269825,-0.13336617441976473,-0.48439272422310825,-0.22228834545903417,-0.13796330740191845,-0.3239332601051689,-0.24375584589127247,-0.29037908160821896,-0.38196611597681174,-0.3788006902187234,-0.1922315447787418,-0.01151565314460723,-0.1315428056376417,-0.22590296639863722,-0.037769556610760605,-0.1071139019654612,-0.057547026899263505,-0.13830997806357279,-0.17271496673302247,-0.1851009261953961,-0.2509230256902353,-0.08784238385765682
-0.09785237528511948,-0.14557632003309504,-0.02911624871265997,-0.1666760469805402,-0.1313182527355183,-0.056753477436285726,-0.1294116242247002,-0.05245187402090551,-0.03546658766490835,-0.14522830674304052,-0.049920440601516625,-0.03964319766869622,-0.19977770610512346,-0.0949301686695708,-0.07184282226009513,-0.07066163111580967,-0.18781697236361258,-0.13106762841649422,-0.17943313569172403,-0.12959419546031756,-0.11182036937720115,-0.13916941597541188,-0.13587841592746996,-0.09340004972284079,-0.14413778004001596,-0.12337771981123472,-0.10934384980052285,-0.1671877255544485,-0.19058607548541986,-0.10581887805702603,-0.2154780208236382,-0.038770682857911506,-0.19478372806768454,-0.02382542113689336,-0.07477675994307943,-0.020602206237660188,-0.069442842516474,-0.09953500947613408,-0.11584608704825441,-0.02444302180985321,-0.16057146742729225,-0.18387941915526912
0.06282899916035731,0.16091994371573487,0.2455800292261774,0.2673298316344845,0.25362075768246894,0.4554208114747957,0.5184974173003366,0.6306204769867502,0.7201358450292172,0.6889269168895334,0.7288060469826823,0.7712803930177072,0.9111884936916173,0.8077414511499205,0.8191030553547259,0.838458160271163,0.8457612781660606,0.5797859564938926,0.5984070359252992,0.6503994552699923,0.5414876712310176,0.28115890647539316,0.28513774457723934,0.2323761567894896,0.01778189931138318,-0.007457455299634342,-0.22279843498492266,-0.42030399830279686,-0.5127140489994976,-0.6096426844925688,-0.5105799229069276,-0.5089145514779472,-0.6603953555362013,-0.5392129461975618,-0.6520643069906168,-0.5675300408134955,-0.4974867619894312,-0.5775013626225242,-0.4226300484623213,-0.36752894354843646,-0.31645232331467454,-0.3820588965377052
-0.052442558094823975,-0.016342685468004443,0.3051607732261494,0.3290674332957945,0.37069146638051376,0.3899633251205794,0.6496329471509502,0.6049222919393905,0.7615180120616807,0.681866139724797,0.7891360618980412,0.7892955888598815,0.9038177668279476,0.803624039510327,0.8583885931072125,0.7549378680758386,0.7326486876456132,0.764094106465113,0.8051095139243999,0.5386063812374337,0.5247546834458577,0.31810781598673105,0.1261816149830093,0.1805494482036499,-0.10613880572498036,-0.03917921470053547,-0.2340771243753444,-0.3718032550794995,-0.35310187777677204,-0.5292803269449063,-0.42730061154466326,-0.6106724129755696,-0.62672848218369,-0.4881265312525031,-0.6079904139794808,-0.5099806135255065,-0.5614518495677723,-0.570502660504909,-0.3779721606723628,-0.5040417465760948,-0.39895383117638594,-0.24961292748722508
-0.02233610449199319,0.024608389099851264,0.11508217388637369,0.16805918540462592,0.39512870747543793,0.42976781475566345,0.6661305191748591,0.719519838302738,0.6888544605387545,0.6794672723008942,0.8486083352870009,0.746669003851579,0.6910318444732592,0.7370513704304205,0.735418855585074,0.8830811215790865,0.8865261408466775,0.7356115215739542,0.6835527603356314,0.6330209567943661,0.489840013554143,0.254495370955444,0.33527472304886957,0.16327311586373813,-0.011370008467107208,-0.09579374418412454,-0.38640038999153264,-0.27061163008926137,-0.47610720446648114,-0.5409595309038663,-0.6161330408043746,-0.532960140775924,-0.548486662218856,-0.5372888773982915,-0.5825793315077246,-0.43678923795566643,-0.4517059143303588,-0.4775283742570253,-0.5310775675945371,-0.4226182724185897,-0.39159292391266465,-0.2815178604368547
-0.016683355862274513,0.17400350817844867,0.2570343468309976,0.3020599370189498,0.5027529651077859,0.5343103131972711,0.6186532888360906,0.5370931725012318,0.5779684156595831,0.7037351498853234,0.8000152688334807,0.6660786587239891,0.8677108383476486,0.6791299533186348,0.8939780479274791,0.8625413413511336,0.6637055974779763,0.8908547467028604,0.6128646646568623,0.6251185256076575,0.5020594370251835,0.33397928121713816,0.35116895063721665,0.2451598694724415,-0.09006904942725648,0.03348033376096357,-0.3055588770666781,-0.43915791675484533,-0.41388229726101894,-0.5052116271991572,-0.49916986838979077,-0.46762159058930663,-0.5743530675505679,-0.5521187009221513,-0.4804753085942227,-0.4512631256482467,-0.5681588051961961,-0.5006999653392832,-0.4896109674903909,-0.3359124457962496,-0.3549350638836919,-0.2654503922889426
0.03427783891055107,0.1253636815464067,0.3078468842468818,0.3394532691532193,0.47393865959409304,0.43178889391709285,0.561184227646922,0.5997469052363619,0.606614864583825,0.728851255495133,0.7174911420166079,0.7503890521175991,0.8606367155804615,0.7610603841025907,0.7959620244453559,0.7656766987877311,0.863979002877012,0.7362503355311474,0.5177843607487467,0.686610074591893,0.5939855125334587,0.25160608485044744,0.0892015812112491,-0.02070895310402467,-0.0782974178461917,-0.23910292982215292,-0.15189652277094245,-0.4340285704814977,-0.4986860818741907,-0.4494856050412151,-0.5131410283531486,-0.6745431149066767,-0.4451002848505623,-0.613451841430946,-0.49930261465053827,-0.49244257771670724,-0.5835589201741995,-0.581661665085771,-0.484773573283169,-0.44776697466111676,-0.4289043891263038,-0.2450830787147061
0.106422082874258,0.1368188511335291,0.1651803228825994,0.2799730566036356,0.466536444954864,0.3432168859702067,0.4311957564159521,0.6509684075878438,0.7974102684967486,0.6486534094742377,0.6426552282550879,0.9238636009784634,0.7252507818426505,0.883025725786473,0.9726111637478045,0.7750017465603981,0.8733384833718925,0.8289562353815498,0.7268410620790113,0.5794373269805554,0.5891813859410447,0.42898515772168067,0.10078597141749732,0.04445186424209579,0.07158336773596641,-0.21945539765570118,-0.16396305958922047,-0.4421821950307095,-0.5896651188465699,-0.4000274965370787,-0.5255398916365076,-0.6087850816393894,-0.5659861662274185,-0.48395931087934746,-0.6245280844299278,-0.5095894493091255,-0.5787908208219295,-0.4773034958384323,-0.3394724061861204,-0.31932768572695847,-0.2680784385080273,-0.3821839454667379
0.004859496572070992,0.008631553515670224,0.10334654096904979,0.25282210847386943,0.22742961933614897,0.4225119081293599,0.6565960996895903,0.5951188100129983,0.737611672040663,0.8755661939496568,0.7475453241945179,0.9430121590297057,0.8297745818526974,0.7830795313496764,0.7868786820727778,0.8605046933951584,0.7246669873906885,0.7922158060740485,0.6956618283094806,0.5334156394145504,0.5915143895635075,0.4185387868482804,0.17827400070913704,0.19976275633773435,-0.1479325485624236,0.002764415201283175,-0.29515372371317394,-0.2859576085835385,-0.5412802222890568,-0.5368830345608306,-0.6739714684254269,-0.5997361568238043,-0.6099250641296269,-0.5926135476496485,-0.5197787676458328,-0.5123985303342146,-0.42732265945627657,-0.6026526025843038,-0.43421003971325645,-0.4065256417403066,-0.39995964519648275,-0.2750464248536606
