gfs-wave-data.json
{"header": {"parameterCategory":2,"parameterNumber":3,"dx":2.5,"dy":2.5,"nx":144,"ny":73,"la1":90.0,"la2":-90.0,"lo1":0.0,"lo2":357.5}, "data":
[rows 38 to 56 of 73, columns 84 to 125 of 144]
-0.8466391789083554,-0.7353731816561472,-0.8772982839180884,-0.9044640476840229,-0.8454946954422673,-0.8375498456813006,-0.6205820057469442,-0.6333762709651788,-0.5343529676583144,-0.3398517518577459,-0.23074497470256977,-0.0248077164383789,-0.14735996017480482,0.2293025103716994,0.17931882487873374,0.3563818825517659,0.5040330683658718,0.5015221611142986,0.44653371151426774,0.5293627321369965,0.6032244433206286,0.6062880492034668,0.6401408998276826,0.5300437944345523,0.4878074814424626,0.5089739166956965,0.4989667544447619,0.4345130921391258,0.33505288124149507,0.3243893671501112,0.23570062570560482,0.27230615137301134,0.1354032975195395,0.12005496440342105,0.03360328206199417,0.05689990801882301,-0.03834778981191075,-0.03247450214260863,-0.04448587616036925,-0.12065128757074128,-0.11372329008057402,-0.09732651561109672
-0.8559769813317424,-0.8594281502621312,-0.9246758628413455,-0.8337044535091825,-0.8818223639435431,-0.7066941497683366,-0.759141189033635,-0.48946459905445483,-0.4893830058801939,-0.2072244302213489,-0.26289524779824996,-0.0770503081134,-0.01940344009884902,0.14621987363884623,0.2881590480906215,0.41287311743109323,0.31753067711595456,0.524353380443238,0.6037126006957976,0.5501653620837337,0.63314571449277,0.5811379622126464,0.5234358800198416,0.5157598286190688,0.5523792401192242,0.4034707377583302,0.4457324733840821,0.4279186800325954,0.2987819824595736,0.29999101368690767,0.20599128272869646,0.25101469725639486,0.13717967394879604,0.1901861047240376,0.03687446801139015,0.002182373877778523,0.013901391361680084,-0.08730535369607782,-0.07948421122290852,-0.08903145982798914,-0.05333944888718358,-0.11209781015645828
-0.858197740056723,-0.8040572211102207,-0.7657554458464683,-0.8806973785957437,-0.9110418420343777,-0.7313864079690756,-0.6712271938851043,-0.6045351841111971,-0.5661752690700953,-0.4592703190292495,-0.4249667106981603,-0.18343563866499313,0.15723733248421345,0.03611234737355788,0.22290602368114637,0.3897318906089703,0.3080399106357037,0.5050678250725579,0.6041432343351335,0.4998174508578521,0.6419316720457182,0.6600737603911432,0.5378454751559686,0.5141863183743165,0.47206790929017817,0.4471869888786756,0.43236817831404356,0.46594366975461066,0.3222027238178213,0.32103184612862434,0.25155395466017855,0.21501944973530662,0.22638235597959608,0.19343584675087397,0.07223140420849769,0.05334543381723361,0.05517931886914158,-0.05463675533118198,-0.09852979543069608,-0.05480340913710248,-0.07010315843521084,-0.16244499242710397
-0.8640136776972032,-0.8071627826417712,-0.7272693790004487,-0.7790216824243066,-0.7396426325508597,-0.8123787215124977,-0.7363857043590588,-0.5509335521325419,-0.4374791323791193,-0.5165002723799621,-0.4155030267378608,-0.08779177075042509,-0.06678177376418921,-0.013200051673564793,0.3273430519185633,0.3641873455624139,0.42005155978762765,0.5793114790858025,0.5075251459472405,0.5237724714308711,0.6127031277971172,0.6643478450523973,0.6508729285889459,0.5192838701564524,0.6084930898166818,0.5166249792213451,0.38966755938648595,0.3083996792452391,0.3930175267199075,0.3149522538749434,0.21655324972482845,0.14457993627724786,0.2286173913407961,0.12939977619247062,0.08259776735102452,0.04154778714168321,-0.03551862679541221,-0.022510833859813437,-0.07833183127804369,-0.0616608639955531,-0.08989184427032093,-0.13346147360662042
-0.18216330252260865,-0.1776745034430649,-0.07795958807216401,-0.2048023701103894,-0.10338838737704355,-0.059636677359226745,-0.07849426360336438,-0.054999512235420725,-0.08209151408279809,-0.19420097565004935,-0.048614119428396885,-0.20390831288975572,-0.2064480701170326,-0.04829053606580701,-0.1510389026260397,-0.13325951314686502,-0.049402391112647936,-0.1962253744051967,-0.15561983182500258,-0.09003850961174759,-0.1698969924158083,-0.18190470806391965,-0.022068239905606996,-0.08374337318002086,-0.17080789935610508,-0.1768885879554152,-0.024142707645118673,-0.043859354696277504,-0.1934933471996671,-0.032468333002605446,-0.10649930524379315,-0.022802776567338784,-0.11636943797493125,-0.06070140175901855,-0.14488542144496763,-0.19895761222056052,-0.21622707278073539,-0.02316910903923152,-0.16739854449961383,-0.07997812390201817,-0.1613424932765337,-0.03777562702020563
0.42342732729817084,0.21002133331020478,0.33094253509429167,0.2200496928708517,0.14008044015504217,0.31118310142359396,0.17468521067444234,0.24986629775168157,0.09626315734515847,0.22417893005712278,0.23945054534633856,0.24625087907001197,0.08430413746408538,0.04467595821876731,0.33479372071849167,0.10773127737924619,0.03176830367556237,0.09129682177914693,0.053788209197714563,0.2093711346506553,0.11975875260605487,0.020976899995044557,0.21829446085399534,0.17134715411063536,0.09752264863462572,0.1110458690679652,0.18032682000618416,0.13754563136350081,0.105077067711738,0.017359709510509778,0.14091674835466508,0.16445897737521672,0.2379619992316304,0.09115527783088641,0.1485214071680751,0.0817795602764759,0.10869419360313591,0.15428869647992233,0.20504313066551394,0.06183496923979359,0.1719880742618247,0.2096448849820329
0.3105070164299148,0.20766694767004548,0.3541916592036097,0.4097960253393972,0.4735190502082289,0.3899038492670619,0.37135483512464385,0.3599977784657688,0.14679307431899813,0.24732969911199293,0.17072074949622595,0.32571134705572446,0.19689610351328224,0.21696022144678132,0.2885878292338698,0.2712244615063475,0.02885982079612898,0.07880969883750463,0.25197986398124755,0.16238378491117697,0.03644318601493824,0.06721972758245318,0.13079487806557424,0.2657119133442019,0.2110300398745657,0.10344824504468007,0.05661733958236896,0.21350079070774222,0.07012741644629387,0.19286313991611875,0.07689098342887223,0.16836368880851624,0.060901766249078754,0.024205562437136983,0.10130583652671221,0.0534695190395454,0.07534813306011737,0.24909323448255333,0.17015154418255013,0.18136845644771282,0.21784511753045638,0.15405272369626136
0.49766058794197915,0.398742030361532,0.35539196277861196,0.2072369234720971,0.18107496663628975,0.18515788595202518,0.2673332825109125,0.12436262646019061,0.17015828601520988,0.1429107460076794,0.09169905332710507,0.25488009138592804,0.18322890758469718,0.32275464157729733,0.23860442344700913,0.09622737289937303,0.11596361618343322,0.24844088766398262,0.124640714717799,0.254874748337833,0.1908204017585833,0.1130998227805781,0.08658831294085455,0.1954283116735007,0.1290690309686056,0.19403173532866785,0.05604650577308035,0.23197808693583818,0.14707375333830897,0.18762405757315817,0.14374777413869233,0.0356830005467166,0.188280740999476,0.12380451561999184,0.18153633900096616,0.12476165200986702,0.24091748351828493,0.08380957782354272,0.1263749789125287,0.11802706858666658,0.20415622732887986,0.13804970007423073
0.3897218345624999,0.47760849446170744,0.3460337052788711,0.4377544202479813,0.4197548845306523,0.11697304708913471,0.2870423975636296,0.12661972331321286,0.3594670055747687,0.11799507413704018,0.11280984156202455,0.2560723656227656,0.36236751854223753,0.12992738413985253,0.14429636490605968,0.13722057781492675,0.18939347897921566,0.15496768033595756,0.278946055179455,0.2259143961586544,0.19276716645178493,0.1789374776865117,0.07741675303047209,0.2283738017562505,0.19058679138920173,0.01823382569778347,0.09087549346262444,0.16134537637076013,0.030576357420589114,0.16609430665925332,0.2100365437650325,0.025089755847769315,0.25536529928514307,0.09116283082186886,0.09475256887001071,0.15736840670865151,0.1259913366130608,0.15348084854024613,0.17339121088459378,0.04594538493028521,0.14936645952286068,0.29286813171972137
0.4358081571963109,0.45465762374346125,0.36152061119278234,0.45304634841323116,0.23812864176237758,0.2527097770525077,0.20762934702525881,0.12426726641782387,0.39202813494501404,0.0843290580043753,0.1935546624640927,0.3130667095154242,0.046443245569943684,0.20792356512808693,0.16842859345776018,0.252859797681644,0.1311723800608061,0.12264567400744648,0.07382299548112273,0.2754319901484911,0.20121089900471067,0.08660124376421167,0.15366255745087906,0.12500848361122563,0.13265724327241346,0.15312362068033963,0.09623113361892204,0.23338857744715755,0.11640171900260338,0.08817155491872937,0.15500094875595788,0.09819667817370022,0.17144470214818644,0.13709969077422343,0.16001430238282838,0.06671401218450496,0.1600869277353589,0.13974827660490804,0.20859164827340423,0.26272649864628517,0.06896351978322748,0.1913156519152468
-0.17900992827284928,-0.27098134105501703,-0.20352609712935818,-0.12687693502990088,-0.15018201081639448,-0.223327569566581,-0.16335731393548375,-0.2454063379593478,-0.08401197670057506,-0.13401625478981086,-0.24386062402522077,-0.19171203621763372,-0.15346806191477966,-0.14786795327189478,-0.2552068823248071,-0.23228445133176207,-0.20567206206973418,-0.20892992057902998,-0.24913214501330666,-0.19123927353766357,-0.21800364350725596,-0.13616747405495555,-0.18694650114541253,-0.24507227536240722,-0.09719432749452019,-0.16675620472149855,-0.15208227438310457,-0.1894165247462632,-0.2531371889803334,-0.10387926317579363,-0.12951621493465257,-0.14777499838520747,-0.2713426427828905,-0.13737959577251357,-0.20895736898773426,-0.12584372548042208,-0.08994721186347442,-0.2656187042749372,-0.1507035302447274,-0.1688014807624773,-0.25293820102839026,-0.16621638890045676
-0.2857053978532403,-0.34507230930874316,-0.4664579646999475,-0.521682725111659,-0.3272600414895473,-0.3951654759171026,-0.40226399724596584,-0.399903243913358,-0.48168183115017915,-0.415221341467563,-0.374031751046478,-0.32833143587799524,-0.19123856980675258,-0.3428423590588358,-0.39093567138352053,-0.23291552767238424,-0.15306502146743556,-0.2502817115340385,-0.3363950207378127,-0.14523992490488816,-0.10365027807890807,-0.09217756535168686,-0.10122841734457615,0.08597579788558815,-0.00047695495537001696,0.021704515439864434,0.1778972855282604,0.19644992580226772,0.08324205738036461,0.3344527836638471,0.3288461966726324,0.17449866075386877,0.20999395585808947,0.5543573933148003,0.4433235381694024,0.2835322795854272,0.40587385035792667,0.60691099053195,0.601399827725737,0.5242073612267878,0.662242109279765,0.7882783694614337
-0.2648686631839652,-0.438734472916403,-0.4890992778459272,-0.45825530229848715,-0.3663567568650169,-0.34077816300185093,-0.3985505701792071,-0.49210628025906517,-0.39495188655101127,-0.41694400126564696,-0.4361981482439559,-0.289020441754374,-0.37366063613840445,-0.4813403034718707,-0.4607515556198634,-0.3139687490501903,-0.2754903635449804,-0.18906962975661729,-0.07868075268360135,-0.1489606066205873,-0.13047261311799088,-0.14179938887164392,-0.1485467050685129,-0.10856552667449015,0.14016253997658007,0.06405714953206336,-0.027547212778297706,-0.02945111547050119,0.08904115360594618,0.1979665209933519,0.27449370885568686,0.20637068219516105,0.21437074450555219,0.3795477652279334,0.45811515522638374,0.5738909166356638,0.4262687149363542,0.6885175929926731,0.7048314233012776,0.41488761319465944,0.4996550859699203,0.8615999868694683
-0.2765734012993557,-0.2944742649590624,-0.5075950857140215,-0.3719497200853951,-0.3937714302251815,-0.42750964308803524,-0.39407427474698953,-0.3388767983991103,-0.40803766397216934,-0.34127209972929823,-0.41538467472931245,-0.3147095948133621,-0.3163870784215493,-0.4039222960845344,-0.30659008305680585,-0.18566958247419788,-0.2226172293441049,-0.18828801077661478,-0.22742178845109762,-0.1706264281624901,-0.29428901995550816,-0.09627353899891057,-0.11414455046175662,0.0016423312238311076,-0.010805018834990146,0.03953809623723961,0.053311616415692396,0.2929811329732715,0.1832206708530935,0.12718953528531357,0.1661425541591285,0.34525036603167664,0.4815597156022798,0.4078106199827694,0.3080716836896701,0.4792935683816631,0.529517107573464,0.5235198243182826,0.63548716383,0.5725725140674301,0.4866300011189701,0.7760999832889945
-0.24732818444479804,-0.3177609110791807,-0.21077405562598003,-0.25891185858139426,-0.24622679815342213,-0.2394066358494231,-0.16898183739272013,-0.22372679871191883,-0.1450243272856647,-0.28231851739254404,-0.23103297206892753,-0.25994784504628465,-0.3047314079392387,-0.17708847647936177,-0.2460033654652381,-0.1267647737211506,-0.20260621726656328,-0.1825016415975815,-0.2809003857953994,-0.27149368869097706,-0.2670226334544341,-0.25468755287138434,-0.13297638083635197,-0.19577163713437515,-0.3200734013700818,-0.3013323738362369,-0.18112365552879967,-0.1834254052970705,-0.2292146378955241,-0.24435854044165092,-0.21645512353901572,-0.31696480564196217,-0.14683762399860698,-0.22330341921739422,-0.3173557232384883,-0.1868642794319913,-0.1397278618715333,-0.22235987603938903,-0.26183396041550905,-0.24143930929891821,-0.21970696894745598,-0.13161237977186793
-0.7362726087508129,-0.8739915132432423,-0.7092247303185755,-0.9402377246543324,-0.7022018412752137,-0.6224966823748951,-0.8734796114945681,-0.6623301842181692,-0.5864168657762258,-0.6671345076147678,-0.4387173019741914,-0.5023171226716477,-0.46540060362894653,-0.4190990506599745,-0.6081018774821251,-0.4936968077451482,-0.4095429061614186,-0.21552006147208538,-0.14962457536549972,-0.09191600724399383,-0.12928214967483978,-0.04106306397972224,-0.0756508394116857,-0.016252551699235274,0.040213657655975135,-0.04024277662626107,0.26897868997113267,0.20718950850064313,0.28890447769294036,0.32303248001413315,0.33619184895772897,0.5054878361316087,0.4310929580798044,0.479298828890128,0.6447757928986841,0.5944400230872671,0.6506198451430362,0.6396559578499398,0.6715211901378317,0.6753722402869324,0.6931985688866114,0.865303638431932
-0.49805529130088316,-0.6997436779459886,-0.918222082684366,-0.9056249451100425,-0.7858496431026096,-0.9295962693802108,-0.5605413367659934,-0.7415553491715255,-0.6612879383915288,-0.8366501473779888,-0.488216467442255,-0.4608707203316386,-0.4618167348484782,-0.5628052333917404,-0.35583603005181613,-0.27137974329247594,-0.5143672277097461,-0.20241506910199142,-0.33004423988057346,-0.11703129263995898,-0.12329052517622362,-0.05872930510702999,-0.1451414742942926,0.08053506239043609,0.1833882844124389,0.15283161147783933,0.2122849374509609,0.29098064292978365,0.06308308605170479,0.43537824625256966,0.27656470491811747,0.2243802027390763,0.5002382267131595,0.31224160133943357,0.3788103036193451,0.7263175076543444,0.553526793680368,0.7312469620721429,0.7292609597365405,0.7311757130337923,0.5071057595506581,0.6337857376470577
-0.7650109562472361,-0.7300430507693686,-0.7763323725724895,-0.5011886049202952,-0.9513587680287954,-0.6119592327359311,-0.9227175303361147,-0.7856254634445343,-0.8486600008123816,-0.8577090144870447,-0.5538179897097646,-0.5527330155242731,-0.5698060412031135,-0.41595154026700343,-0.3208508479631036,-0.4057756238201195,-0.2984387944264878,-0.5202254504060567,-0.2657954925124444,-0.10990051103390039,-0.40177719376073184,-0.2989295329604165,-0.13608597288382215,0.05457658036518804,-0.17592011057185208,-0.07468641737655236,0.07652875521255967,0.21895889237433724,0.4594986552208487,0.4984662552807012,0.3921064625795444,0.2445759302655,0.31985472253537317,0.6477413679038343,0.6689842267163625,0.7007757166024073,0.5642590515776399,0.542984094292729,0.844601659230153,0.7787104648833723,0.697426937295992,0.8133494409833775
-0.6780564703847645,-0.5146370268484434,-0.8839550087209662,-0.8815040573066716,-0.8513418150826687,-0.6777596599118897,-0.7834623283695109,-0.9620896770837536,-0.871117997704735,-0.7099320409984688,-0.7800775431638354,-0.6335281281281248,-0.4112982773194472,-0.7239191291029022,-0.4239387831344053,-0.48522923816075153,-0.45424893762766777,-0.3481622734963099,-0.1722706856215931,-0.25524287733804946,-0.3170777170121338,-0.3132161366226659,-0.006387851846342897,-0.14400241204327957,0.07893268369406511,-0.1301901134741107,0.09839904647511001,-0.016361722695426153,0.4499949723970972,0.48225149735850936,0.19545225613970077,0.48579233726555143,0.49398987587054055,0.42617355382839217,0.35257241494272035,0.38295851862360547,0.6226339370729941,0.7786414137259775,0.6559559556498538,0.7800320188371757,0.6518391336809874,0.5493444395045034
