gfs-wave-data.json
{"header": {"parameterCategory":2,"parameterNumber":2,"dx":2.5,"dy":2.5,"nx":144,"ny":73,"la1":90.0,"la2":-90.0,"lo1":0.0,"lo2":357.5}, "data":
[rows 0 to 18 of 73, columns 0 to 41 of 144]
0.3151843526559871,0.3753260481610804,0.3075218301546692,0.40232926015680925,0.31709326671777066,0.486013767568545,0.36332841916368713,0.3559840556217306,0.3364941524867349,0.16394674294817702,0.25159434005650255,0.00019903138252677868,0.04264726898222092,0.016412199910755938,-0.24856271857157194,-0.27208918784789216,-0.40490571862066593,-0.42887675974561956,-0.5109756258855088,-0.5664087509500358,-0.4878163335549793,-0.614731509555995,-0.5635628722920105,-0.5392390014235697,-0.5888392867249076,-0.5194549059000029,-0.5177957150408738,-0.46339332179111486,-0.4644258315628682,-0.3414383865149876,-0.33072044529564254,-0.41144616159589187,-0.21210498190752752,-0.19202953181025528,-0.14256251816063148,-0.09751080963729424,-0.047370349948820764,0.0953959625129114,0.1446632932190701,0.10635286274471717,0.11824442062194247,0.27663367500905284
0.38044641918045663,0.3188064902193451,0.4042436275982728,0.44798098082608256,0.371717613026625,0.4243444511069339,0.4067156515281434,0.35844093943689703,0.283899002366451,0.16441466231880117,0.16078629239630887,0.18642329428390053,0.030354211534062675,0.007287242374207475,-0.24253991106757558,-0.3473824960651404,-0.45786337695199436,-0.5107064865379546,-0.43420145353882583,-0.4107465517324203,-0.5178079686751198,-0.49113294095965376,-0.5367954991941949,-0.5051042630613147,-0.6528622504281412,-0.5351991032890205,-0.6031108336730587,-0.6096852275940264,-0.4288103132793654,-0.4491862441283395,-0.3456166251989492,-0.2350713068887107,-0.2094157393316916,-0.15363681267284343,-0.07535402966550467,-0.1126952437200937,0.07276964920323455,0.010026994888290786,0.13902201325179325,0.18182869677643487,0.13494608760879656,0.1755504979736158
0.44013095889856074,0.40495056393975215,0.4460060077581523,0.3661680599626385,0.4539493227305258,0.35360947581618973,0.35637208889198785,0.3090912422390967,0.2800960014512961,0.19394006634800035,0.21165248355492225,0.188546400511537,-0.06860035230571712,-0.19392429823785903,-0.08096210079465883,-0.19162790425452564,-0.3924120819521447,-0.32638537079267493,-0.4757552085983813,-0.5323531427385009,-0.6127272073899538,-0.42708656749485996,-0.6348279287712318,-0.47186560421704327,-0.476932635306555,-0.6246212285270752,-0.4495390048106438,-0.5710128570518171,-0.5331136501454637,-0.3863372566048972,-0.49464587456863207,-0.2879226368498871,-0.2611352716813196,-0.13665215588797078,-0.135841399540813,-0.019063840147309816,-0.02071095544380676,0.012487913048529113,0.09842622728095787,0.11166220849464188,0.14028882367158077,0.13979586180837128
0.34375144951896003,0.3577569859528283,0.36540215650499175,0.5100564263520986,0.40922057100489867,0.3699868781179236,0.3014485449969781,0.35900455692083066,0.37419941990686517,0.21253630624232162,0.20582212772983713,-0.021379778255837364,0.09080157487829849,-0.15065800117807235,-0.14537103995130832,-0.2272023169815912,-0.2454644300312731,-0.4326780563350127,-0.477762239170516,-0.6270711548138168,-0.6103192973771238,-0.5492783259930674,-0.5366734286332391,-0.6081352607349348,-0.5862264774276467,-0.6509414745271301,-0.6229589653317273,-0.550772707690726,-0.5482369141865697,-0.448792135098451,-0.42274212895183216,-0.3194959136491271,-0.26821184734352255,-0.27576813526226435,-0.1632093970206608,-0.07541798707734158,-0.019364510708986555,0.1157760734602574,0.09629510199797078,0.19575847156876106,0.13594788259916743,0.24674636975172262
0.4049838676162169,0.37779029503101524,0.43102296523984923,0.5072454778590338,0.46116402597777706,0.4782160550017519,0.4558615979008785,0.4319858384568916,0.32669855517823426,0.2295185562080384,0.26869490204175805,0.1903984670455046,-0.12977817196574867,-0.21590924454704208,-0.2769713440026417,-0.42758139931591205,-0.3493548672929065,-0.4086585172650201,-0.5128066496279271,-0.4931747013544707,-0.5701459249467922,-0.6517671006844681,-0.6121626984280879,-0.7286603777246492,-0.5783396060106595,-0.5795104296447369,-0.5897328036359053,-0.42747586706018326,-0.6112872828306255,-0.5459929145658418,-0.45005701237936374,-0.2770026271449408,-0.3099940267136329,-0.22515476401536091,-0.11055924823349159,-0.0693390055460509,0.05988238794566252,0.046835482973657944,0.04417754322024247,0.20607780633711248,0.20197284354939088,0.17742049732657778
0.3021245939783593,0.49519098964840613,0.42745005033714883,0.5769662173103033,0.4104208046027804,0.5163287713624068,0.2967290452352731,0.35651763616698995,0.2715502792451042,0.30368559177572263,0.2851977144067042,0.00662011894232174,0.06529636623260758,-0.11482090535105939,-0.3402714784622514,-0.20971344093632713,-0.2442772230677122,-0.43422573235738005,-0.468418557878615,-0.4852589337107837,-0.5341087330985218,-0.6589419840995344,-0.6647029889566936,-0.6736817539544016,-0.5772075080697309,-0.5175096167170723,-0.633237250555608,-0.5860616822058243,-0.4723591509354556,-0.5857630687267299,-0.4095037961070762,-0.3639872180159018,-0.2890238508158896,-0.11630593367404975,-0.22680543014101182,-0.0782246089926079,0.013422296113853548,-0.012630409612203025,0.14286152000953684,0.12718849412003935,0.13785575647896434,0.20793649398490116
0.4365234258066856,0.47455897389516305,0.46185540433542577,0.5491031590663704,0.5669300880065776,0.3621602199647097,0.38305295831471164,0.357188415725398,0.25298975553134645,0.31210086593110625,0.255797352040984,0.051031048905656656,0.054362490482256616,-0.11483936376623169,-0.3240857490630031,-0.2730735921190035,-0.37723692185211405,-0.49240268850788443,-0.5458616072876659,-0.5629627637296545,-0.6311572716929483,-0.5958774763558622,-0.6670525833291165,-0.6618773679407209,-0.6063437586757352,-0.5606390007212191,-0.5451533768133103,-0.5412726581829326,-0.6026304928624346,-0.6140946809801309,-0.4239939715255524,-0.43212551135718,-0.4078427645241837,-0.3030231097482742,-0.1359074205353206,-0.13275483855314013,-0.06592166461857946,0.0978677540308312,0.11085353928423389,0.09497007706078213,0.16794703020353832,0.3071353882495733
0.351303896250568,0.400629784110906,0.4625302296309816,0.44883634126888067,0.462236729429161,0.382686484912174,0.44148081180923837,0.3304727299784323,0.2848570072751757,0.3473088831879349,0.25452745559472456,0.23217619422444646,-0.07656514272421551,-0.08933739990886232,-0.2072724541017867,-0.4362911904386174,-0.3143731515474636,-0.3873267078976565,-0.472885047201772,-0.5363492421814304,-0.6350731201292371,-0.6455980639873061,-0.6045613480522447,-0.5981808483872672,-0.5641069836659924,-0.69196836859311,-0.668541601730729,-0.6330592873503802,-0.5547314170207552,-0.5437979906059698,-0.5223176233835605,-0.32949521742420007,-0.2250863818754247,-0.2806067970911109,-0.05405721256401164,-0.05643424541432456,-0.07831955486703518,0.09155197912359268,0.13938762122810522,0.23611744145314392,0.30299456538553615,0.27479342135374485
0.44618443843935707,0.4943873728023276,0.6106200961691421,0.500837735762372,0.5116395502602703,0.39589908748199426,0.3265733940899881,0.5209296212289258,0.20864577292621334,0.1805176915772408,0.08013427286268525,0.06966919279990065,0.10192694454618216,-0.018224209803741606,-0.2593774558932248,-0.33578222212424474,-0.4013956993990482,-0.36159405560831837,-0.539248746907232,-0.6188643842934934,-0.5614177868888,-0.6519366470036911,-0.6408181082973684,-0.5883041837460359,-0.6218310289211775,-0.5462876343286316,-0.6422161657481332,-0.5496463643907336,-0.6305357155804732,-0.44665688592961844,-0.5426450614780974,-0.377115104174422,-0.33057216907415726,-0.255244207636706,-0.07670690025558434,-0.15090201517142193,0.031880159198525874,0.14726600451829536,0.14005116791658384,0.23018241039717294,0.22762502013489694,0.23080825190304968
0.38961315626119797,0.4475763429882135,0.4230945341047506,0.5961216390183783,0.4738862502047459,0.4151685630066853,0.3946207247568845,0.42113609487149994,0.3584338424072546,0.2890500804711614,0.3169034833110219,0.04618109428389709,-0.04156756215949,-0.0004519514289861413,-0.09752462301472878,-0.4138908738521242,-0.38369877455897317,-0.3732822507435998,-0.5726645837476171,-0.6815844520184232,-0.5712733278582313,-0.7820889207722336,-0.655022358398948,-0.6220242466169772,-0.6588415466695701,-0.5482187145433642,-0.6273566180917794,-0.6578671182522615,-0.6115770110466833,-0.4330985768098821,-0.4145762701791321,-0.3179158245705366,-0.3676902682978148,-0.13193257528890526,-0.09895394442087409,0.010130689779107097,0.042009456449105295,0.021040336098105607,0.05352497211998268,0.16576241146759607,0.1724556416581161,0.22250007693997678
0.47435341630910083,0.49726454065988984,0.5065171527759293,0.6061822887303407,0.5629528077983508,0.5517564589103672,0.5294238072950372,0.4200768201530609,0.3488829841065836,0.19990414769722892,0.25176352083907394,0.0484515554651558,0.11407947855913483,-0.05994658421858945,-0.12278367175755987,-0.18692466701009322,-0.42134183612466586,-0.3912645517822435,-0.609551980109522,-0.5473675252702641,-0.5712157610337357,-0.6988692978707205,-0.6623191001609887,-0.693120302965728,-0.724638537232339,-0.6950211432268814,-0.6269078786536916,-0.6643094210976737,-0.5058381303021398,-0.496802937661125,-0.37423998242438283,-0.41459791319576317,-0.3166037905806511,-0.18783435991990072,-0.06742403212716373,-0.02740580184525748,0.09241176968332727,0.07865841321716134,0.1643255746941469,0.16716875579809354,0.2510650780363103,0.3135816264498326
0.4819119563415022,0.5959558177933882,0.5640264501345468,0.4800457440215,0.4820896574766857,0.4734008205992439,0.4137501615290662,0.3496918969161172,0.46835579221653706,0.30618939696829917,0.24857040577426168,0.11088517336448363,-0.10439570046257278,0.007340678277593192,-0.14633691685388103,-0.23793331758568737,-0.4453189988084689,-0.4392181842671517,-0.5364618284721482,-0.636424717068236,-0.6333417997640548,-0.6448652382188378,-0.6968429977522691,-0.5450531012026096,-0.6500710054282351,-0.6755408875373995,-0.6729614985862693,-0.6208607940957891,-0.6262199813364158,-0.5219921481448686,-0.40704494799898394,-0.4809264077501425,-0.3226241911540525,-0.15845501703591156,-0.24049403105132913,-0.08211385586722145,-0.001271336302755665,0.0645229549995837,0.0781518610230978,0.1280037214760364,0.3132319814118706,0.34366792383793754
-0.06244900748701461,0.042758687068943785,-0.025080937736101903,0.03017101991619853,-0.047855546710907686,0.005776162067515476,-0.06793566537385279,0.06003049398246029,0.02410281330170717,0.012144849827906952,0.035731425164147644,0.028539180875828296,-0.017273778622381844,-0.024026137538376596,0.025426100880249127,0.006092072610139489,-0.03909970681307927,0.04794435104591782,0.0564293633121781,-0.018392930030747007,0.018757812967220403,-0.010560564811985692,-0.03620767635289522,0.02527771402717789,0.0015570195883980054,0.03891911675394019,0.014961139647438077,0.041517270223464506,-0.032597704443613276,-0.03997708229615008,0.031030618331399862,0.018252062256170907,-0.05216539741642679,0.023617229483299515,-0.02547006397649204,-0.044782304726772804,0.0374167668265862,0.028873228814900977,0.017749175750497802,-0.04146269421408159,0.04078370514266622,0.05713623289048493
2.2544283036312236,2.2911551423678085,2.245630226490671,2.333767578093807,0.008773265548884936,-0.016658049162026834,-0.05832947290725794,-0.04789517225195977,-0.02682492308061975,-0.02379842435404975,0.0023179425915803775,0.050742768918212916,0.038281795613704234,-0.04111382334559793,-0.028768260564123634,0.05738479168395049,0.058062908145560636,-0.010327115961383908,0.0032903834758705812,-0.016165602878104892,0.055894836669017574,-0.061827483028941296,-0.04642987184643579,0.023270407157894208,-0.055643599642541404,-0.034753370845344134,0.05446773081889936,0.023905057174511992,0.05800969429212213,0.03983971129235473,0.05167279831791371,0.03883055943580441,0.017352669961436855,0.01477750967651104,-0.04740833742149501,-0.002476974588212709,-0.04607899235857676,0.002869220726740449,0.027343794969583196,0.018690497312219487,0.012900730752719226,-0.01967179537202275
2.276184097500324,2.2979110648513887,2.3000102805856675,2.1258292984280267,-0.03403760051895645,0.01827125263975961,-0.014104156405917908,-0.006021514107136176,-0.0355640849764811,-0.03776859066180343,6.382937227357753e-05,-0.03565455638765338,0.03983511859002814,-0.025928380059507667,-0.044313632621278375,0.002235020801783826,0.07308038113540218,-0.01661421648337447,-0.04937825319282965,0.048734770167986045,0.06339893434506559,-0.052746477375503795,-0.05890330363296115,-0.01960871520118153,0.05367137220282884,0.008410463273270946,-0.01394814058834474,0.05623500357983062,-0.01223032433395977,0.0469801632889896,-0.04367013857819179,0.03778588415644864,-0.00590797272970215,-0.03167182358599412,-0.012951322531081833,0.051193365964481,0.025136739891772526,0.03318494739024719,-0.0741293024820102,0.04155800280644343,-0.034581993015234284,0.002094280100074329
2.2676447497056724,2.3832968101005494,2.2291243576313744,2.2948346683334053,-0.05347509064961748,-0.012354427421728481,0.03281884244155747,-0.053858910357118386,0.06449562708280857,-0.030207625858472666,0.0018360068590428068,0.02418710239979664,0.06713488434149067,0.002614925081196584,0.019847845713617536,0.06084966175003962,-0.0485368045697006,0.03723650768846062,-0.029841309978784477,0.009072186122833836,0.020410238100402593,0.04282529940185721,0.034747523503476846,-0.014449496778860305,-0.032563751376095455,0.006962599248537643,-0.004820182802213856,0.008271142736915302,0.013616759645903174,0.031506932530601,0.06023835035359356,-0.01920392658286992,-0.015817176378869514,0.0368370544127825,0.004220955190246023,0.011640703376018838,0.03881202098619247,0.050100988529498354,0.01816608585829007,0.02083237058168369,0.02247452889483786,0.02060135649208808
2.463216082577232,2.266604498749263,2.287368784259584,2.330563964836458,-0.035746475983241904,0.02776864793001099,-0.05893918517827246,0.045792636626327474,0.015294572378761414,-0.014376888189789256,0.012531200421661559,-0.037824738819853355,-0.01276581156041661,0.0004488881549342716,0.0437283671645036,-0.027789540210530497,0.003772404005966101,-0.014987710305572265,0.051115419995872324,0.05195501126907651,-0.027538750216760152,-0.05141987582647144,-0.008185531943186882,-0.06179716363131733,0.0398391942865211,0.025877986646002587,0.03403696449394638,0.004356039933278065,-0.023760021543837474,-0.04489810938542072,-0.024020498699499817,-0.05185151003999435,-0.0016056303248350758,-0.027275294313934845,-0.06068476000721184,-0.016926513882847827,0.018570017229609503,-0.057769956697791135,0.06884229613762756,0.05418069587785915,0.07538797482800016,0.04649706811879086
2.4438834451760463,2.312618247616018,2.2906626205391873,2.307900861071625,-0.025155954821294135,-0.01096440320007759,0.006593225579073488,-0.06772049102472387,0.03905992374139961,0.06530232010925731,-0.0034908439671103124,0.05179524482200183,0.004667850110887835,0.038063925228673065,0.06505148116334723,-0.043224602828037445,-0.01873943708703818,0.01981265937844616,-0.007713720846569688,0.01526597524651772,-0.022716933754274107,-0.006196788696462965,-0.02234974696019135,0.028421252279570604,0.028347719027649584,0.03004518886197874,0.008603621726977342,4.662638260534931e-05,-0.001152583193799977,0.001544880135009489,-0.02875017138613546,-0.015791977423515596,-0.03166761047209399,-0.04350218235071902,-0.04745476315352867,-0.014590683518118198,0.013197470415908158,-0.000734868057216686,-0.02329318739710115,0.04538959370103161,-0.047123677868882344,0.04455506788850241
2.277395333434059,2.3493866011050426,2.370813753537121,2.1890077664055574,0.042033064566963034,0.012213684892981436,-0.012664501767948673,-0.0370125694060327,-0.007448567423227404,0.021086114619320775,-0.04177274729467336,-0.03986182199945595,-0.043441882069765736,-0.02373266445463108,-0.008532993562979685,-0.051586427476180356,0.004547530562163936,-0.017076995056794306,0.012002289050949555,-0.0328729842543381,-0.029695835029346977,0.07687889220540661,0.045164289834546394,0.041144888295610235,0.02344644092966893,-0.04229520729432904,0.047646441574390276,0.016287224725706175,-0.03100397034609041,-0.008441726735358243,0.02956897127886217,0.011443689218426787,0.04687357965262121,0.00252122790995434,0.047615994505503606,-0.015743524320846768,0.020954396157652152,0.0221851982603086,-0.0029372091388429437,-0.0710379712401603,0.053412654059792446,0.06588818316429348
