gfs-wave-data.json
{"header": {"parameterCategory":2,"parameterNumber":2,"dx":2.5,"dy":2.5,"nx":144,"ny":73,"la1":90.0,"la2":-90.0,"lo1":0.0,"lo2":357.5}, "data":
[rows 38 to 56 of 73, columns 84 to 125 of 144]
-0.3584442477051532,-0.4818867477863885,-0.4248246713984754,-0.7083683363243041,-0.7711092424417785,-0.7358165634112979,-0.7915387817231864,-0.9808241050205472,-0.9013381113226154,-1.0940762906983137,-0.9894367824235952,-1.1292648936827179,-1.0249591105988458,-1.0621044037061322,-0.9658345690395532,-0.8797948117787322,-0.8257423305922711,-0.8947317126378531,-0.8152107700380379,-0.6780151798853371,-0.4630975965539415,-0.5723403050700752,-0.33432517018420166,-0.43191399717236234,-0.28775197995186724,-0.39658096956978456,-0.300550369126544,-0.29410335544727567,-0.269447740635923,-0.38680154391227506,-0.3511892834211796,-0.41699796239049924,-0.32580586167657666,-0.4671684284806025,-0.45837404434729784,-0.420039011314375,-0.3543911805186894,-0.26842084931718047,-0.3850630822497988,-0.2978334106767067,-0.2951378137633174,-0.3318232593827888
-0.5359515830298806,-0.5510359209063113,-0.6576273575018202,-0.6125468213505142,-0.5958329934073904,-0.7041546058813298,-0.8764723309850514,-0.9547811487547415,-1.1163492825568777,-1.0847126997799819,-1.0917682242177635,-1.110399226354446,-1.068265690514372,-1.1593718662262664,-0.9817941813041714,-0.8978825553243,-0.8831045801141398,-0.9066260692755177,-0.8107324859873036,-0.5501561721332597,-0.5394486528816634,-0.3476309768625931,-0.28587927680798325,-0.32970095225544804,-0.4238259931840842,-0.3616224980229844,-0.27665289096552265,-0.27939444546256187,-0.3774484978117113,-0.3793460642212016,-0.457618979790555,-0.44122839192937063,-0.48931707864198076,-0.37434333100160283,-0.41029209637412983,-0.3713834619679708,-0.4070033807987468,-0.2769986348172853,-0.41418759698120056,-0.25272887897057106,-0.2970244880348305,-0.35503171522325067
-0.44853065197835323,-0.5404181442677723,-0.4345346852858102,-0.4545434407045512,-0.8061917554647118,-0.6468562321267484,-0.78527032005152,-0.823630235817287,-1.031960175435541,-0.9646743476137584,-1.1734144076036856,-1.1835807539889815,-1.0371587434021994,-1.0154892574575056,-0.9385367678142177,-0.9644356256516672,-0.8517526700194159,-0.6573786282309416,-0.6509586349532233,-0.5974862117277835,-0.4514420372253389,-0.5085133915559032,-0.4663380329817629,-0.28976158479510267,-0.2967051321184032,-0.3257911062141755,-0.3838613016536696,-0.3010935226733727,-0.3083822089581425,-0.41158491040953127,-0.5293763276092391,-0.4303104067517153,-0.38845560004521407,-0.46113505380360637,-0.5051394884620103,-0.40234315247013175,-0.4869738818724077,-0.4595903498012584,-0.45695961189677564,-0.3871134910607051,-0.32920326594257926,-0.23979721783624913
-0.6709303317732229,-0.4762586293780393,-0.6278127078151409,-0.6525112013341366,-0.7050683350970384,-0.8002694216413141,-0.8172172070667588,-0.8120744169590162,-1.1717482621258435,-1.0451025744277413,-1.141558211615692,-1.1651263113946835,-1.1425707238285014,-1.0458383941351581,-1.0352820020126088,-1.0463868424134297,-0.9238587572977197,-0.9044149848682467,-0.6601662350791361,-0.6360573160611864,-0.6638658397447229,-0.4474107034496242,-0.34437116479139634,-0.582696849966074,-0.3204979136517435,-0.4292536264018151,-0.33385905335696575,-0.334149072939445,-0.31695876494755276,-0.4008841669151523,-0.44112324601039116,-0.3936492112746494,-0.38319896603241543,-0.5338086942913204,-0.4065285156713583,-0.5139847879528782,-0.46699807215944916,-0.3256526798288785,-0.33540936801743826,-0.30449960664124176,-0.2741043605897886,-0.2791067098047443
0.020845455627048884,0.0037214976335061965,-0.059877662959073555,0.02564158542768607,-0.02135495350633751,0.010572188540892199,0.016591232756339273,-0.015659885275480206,-0.017959845201997424,-0.008314995391867698,-0.0035132780080328507,0.011524312570824893,0.013550993768266597,-0.014104358948770972,0.041538620018518865,0.03451545783483472,0.030687784249885188,0.043523674052099885,0.012358437214903848,0.0058763954633160335,-0.025104052649995438,-0.04933330586540748,-0.032507275147129096,0.03897807855616584,0.007590628468303925,-0.05272667426641108,-0.014673247796732538,-0.028467789216240928,0.03492735684397714,-0.022731190500758693,-0.032167895381437404,-0.0002591843043069389,0.021606723982224366,0.05447118268537695,0.030563715585317747,-0.045266436656203765,-0.039742972373149915,-0.004017389135446341,-0.007113736687891516,-0.027260314471969013,0.024227892528504647,0.04654848442595838
-1.1531458305989881,-1.1852137788559587,-1.0962264380358995,-1.1367845244896584,-1.0629284178996532,-1.1663346085195807,-1.0220440680526723,-1.1210191446654088,-1.181841363722388,-1.0149682738469448,-1.052965888593327,-1.071020660456085,-0.9964892285166289,-0.9682840328004836,-0.9879535903173539,-1.0013290444218315,-0.8677813187894668,-0.8823834010890883,-0.9558336544215076,-0.9916990692432023,-0.9718023248269716,-0.9275665511711587,-0.880664459812793,-0.8989144551398736,-0.8103738080432047,-0.8460092634131472,-0.8253465628158925,-0.744625672920317,-0.8760862137512543,-0.7654636765278923,-0.804534014717194,-0.8084139515683352,-0.7352075071583356,-0.7076898489597697,-0.7193890874319672,-0.7105643030159944,-0.8138259135964332,-0.6759635986567409,-0.856720284114615,-0.7667401350227038,-0.6938071445053201,-0.7651056896421363
-1.0954258868993512,-1.0904734807083867,-1.0838737997519736,-1.1600932962790673,-1.0755549813912542,-1.113380458261922,-1.0812354372392319,-1.1150914982020061,-1.1095618664063347,-1.0894904784745543,-1.0442417923957503,-1.094917770698634,-1.0431725819322986,-1.0041109975887053,-0.9860145768267733,-1.0033865383026004,-1.049675023164696,-0.8624550262042687,-0.8571773912446078,-1.015996623017958,-0.8678169814920778,-0.9244419958848544,-0.9055235763557826,-0.8311176170921913,-0.9087748143781377,-0.8294322519244985,-0.8556230540051551,-0.8110363307170921,-0.8494187103623835,-0.7425086311158846,-0.7363398136839817,-0.8006554150318256,-0.7090554943251702,-0.8220328498221924,-0.8650398195889044,-0.8133814846889271,-0.8575623092557527,-0.7459003460537073,-0.7547594700169006,-0.7989518639119131,-0.7964137276579296,-0.858464134301298
-1.2064557005941727,-1.0188330602973414,-1.172177790429133,-1.20019961217307,-1.132447361964326,-1.0890528876204009,-1.0769463665647432,-1.1151125694825184,-1.1864042048634078,-1.1385358677296813,-1.0137966367891316,-1.113123995144451,-1.0442454461040032,-0.9485328683351225,-1.115679400274938,-0.9294016601093765,-0.9391686053978795,-0.9669358070112064,-0.9124987398758752,-0.9806119707394286,-0.9183731726281925,-0.9237181872964068,-0.9448655166100496,-0.9266661191108249,-0.7558334375767617,-0.8754430679489102,-0.7899754313144839,-0.9127006142907803,-0.8161949517841378,-0.8526501465874409,-0.7616215488612301,-0.791490798654348,-0.7558685594346976,-0.884986272361796,-0.8776898605282879,-0.7715445465607123,-0.8659040578465407,-0.8257903725557876,-0.781927152798081,-0.7724949596691723,-0.7937044686732911,-0.8022677392226868
-1.095465719793694,-1.1349065360806714,-1.1477530016529334,-1.0514821617138153,-1.1827082678511778,-1.1430416290575935,-1.1677674627470822,-1.045283960126322,-1.2284817778136625,-1.1208746316808424,-1.0439180158205232,-1.0595665511170655,-1.027077501941846,-1.0263860772522897,-1.008869307581634,-0.9671325740962959,-0.9107232162299504,-1.0293585311613156,-1.0515642635555702,-1.039467929907667,-0.9440516846068174,-0.8617224928341556,-0.8845005140445416,-0.919440396994111,-0.90103806919235,-0.9130435920730863,-0.8391864720182701,-0.8791819167674433,-0.8967887848424945,-0.7836865178332602,-0.8616211209922451,-0.7338093903626673,-0.7899537126124271,-0.8335983260716566,-0.70571815786448,-0.8752683032997443,-0.814343806926398,-0.7132779757750596,-0.8776437750183099,-0.7614996871851306,-0.8200430906161347,-0.8278887436496392
-1.0771403764045213,-1.1356598287446746,-1.2614653497073653,-1.0982235887617429,-1.1868046473126166,-1.2304859024637609,-1.1032183770266182,-1.1864188267813358,-1.2429647581398775,-1.0553426645782293,-1.1423604249537593,-1.1705801738994448,-1.0341724964442292,-1.0868437842175485,-1.0662864005998107,-1.0628049904376258,-1.041181294486709,-0.9247949072078852,-0.9188304265483759,-0.9936983379905444,-0.9162555036570134,-0.9078082863769797,-0.9449172925351071,-0.9315155688767567,-0.8357912431873092,-0.8654710249549187,-0.8102259071798545,-0.7718980056637335,-0.8626621372555856,-0.8279731353047344,-0.8629162288999156,-0.9080828045357511,-0.8685770388588535,-0.8099081228663569,-0.7553308317501113,-0.7792893560692611,-0.7684100975208822,-0.775540766570877,-0.8262302186684476,-0.8675311968329632,-0.836150578349034,-0.8047728337761979
-0.03835709429561921,-0.04815616755267073,0.017339823734540606,-0.04897303220846147,0.021828472102028894,0.03745617455219665,0.003866285390812292,0.002639325009632453,-0.029194969032501232,-0.059986534974398466,0.010594181887567831,0.018824321462699665,-0.006318995011662721,-0.014639826256710694,0.026937407834647153,0.04756913734680634,0.04054153603729788,0.05025519082690102,0.05878136735099183,0.04799595679892985,-0.030891106890073513,-0.025722932270501226,0.03552487020375265,-0.029861836164511563,-0.059954744340179875,0.009451078940128681,0.026753947030478047,-0.0529441025504793,0.012917398900773794,0.04367472659319596,-0.03495929011043526,0.003528761130043596,-0.008802260024836256,-0.054000104642440414,-0.03121797727748831,-0.058899764980967176,-0.04912894027462888,-0.059112587262038045,0.032361781798835414,-0.05146729929661146,-0.009507557098238266,-0.05470779615125771
1.1035651912191673,0.9846881319415632,0.9379923203689707,0.9424055624664941,0.953292119460889,0.9417382311888776,0.9755661082928755,0.7901142478611295,0.834114715586814,0.8534240980348675,0.7943269543070433,0.7658743173129097,0.837397496611736,0.8635159260472488,0.8366544916541132,1.0117230253694982,0.9421925533420156,0.9425360396312432,0.9772983082818711,0.9857223821340086,0.8784831571619156,0.9493831938511766,1.1073666310254344,1.072470134834164,1.139535049740625,1.0603863800512916,1.1863443354891556,1.0403047650503836,1.176567879940921,1.187068491791403,1.1747313131646433,1.1836525869903425,1.1306168378905668,1.169685964453092,1.1935141886434677,1.2877908529831432,1.0789579051188922,1.2143781868453332,1.237336941908544,1.2665098574861018,1.308439245232665,1.344486302812426
0.8855124883583883,1.0471741757777797,0.8887112968787703,0.8205221466473533,0.7841089529410115,0.8288568214404503,0.7502314549925322,0.8141550171127387,0.8128829536303707,0.8309402639130865,0.8991797592624606,0.7716401611305347,0.896894909869229,1.0226210329223597,0.8545646350967426,0.9254085532868987,0.99219138931179,0.8667969293191514,0.9087014916225339,0.9268649009881653,0.9381249934134896,0.9085770507152234,1.0332349651026314,1.12005123591322,1.0217973603756225,1.1018686726669495,1.0378210182580352,1.1880800306316412,1.0926021943981101,1.1883173848385093,1.1015554732317043,1.2489199062697578,1.2105682219104528,1.1931117338101687,1.104517101205061,1.0349320310333001,1.120244163586397,1.2480888703110615,1.1141024822177477,1.2541658362599202,1.259346456990128,1.2065719027207715
0.9383104371953017,0.9735046216200512,1.0002132613171888,0.817536856859058,0.9285326141216524,0.9574351925605258,0.889276852170293,0.9273978748586587,0.8329941196078436,0.8357189472630261,0.9228195208059095,0.8921613637776623,0.9718862650296819,0.9059643527470829,0.8581548152793631,0.9329255874193333,0.9864460280855291,0.9339108042377949,1.0606598417167963,0.9769797662004505,1.0947422191396818,1.050772795607087,1.1105855306639705,1.013715736915597,1.0106762518050139,1.040227360038285,1.0481214252507387,1.121891291025918,1.086904237913745,1.1397919485396848,1.2798019471092272,1.2512477889013198,1.2325854632308995,1.2883950183188118,1.2903732037530258,1.1510152094756265,1.1922140676368778,1.320658177761953,1.1518461366366686,1.3668695794475645,1.160933609716783,1.34161201335203
0.02086587027270333,-0.033108613993519595,0.0005152252625695277,0.04819703088519877,-0.029384394944266555,0.02308718803723255,0.007023118545237899,-0.03731265996190684,0.07235061187028852,-0.034501851812822996,0.047462568428229976,-0.001639295802674946,-0.00871967033150469,-0.03531850565161979,-0.046612784239211384,-0.045083691183793045,-0.045440249980377885,-0.012451546539033376,-0.025027545461863768,0.049714196702318234,-0.055435871059330205,-0.053970492265253064,-0.04867716617632331,-0.03848418186476478,0.06852383115689613,0.06411679883441262,-0.03701170384677548,0.05001668294428126,0.045526962922515256,0.0326082714883262,-0.000698708875614105,0.0012030645855889734,0.021497088544735057,-0.04422374160375784,0.047740167886138656,-0.00523644080993175,-0.009479532850247028,-0.041968933784185466,-0.015646814733140654,-0.027325157675398698,-0.043861989712812355,-0.038239172116888674
1.648257236569996,1.5313991062510068,1.491379139274198,1.5214817662513611,1.5088383782883097,1.3407951845811046,1.2390414487210473,1.3306765538244287,1.3001423371218606,1.3508796625414548,1.3470001465519026,1.1406580003832192,1.3742822322371377,1.4685918650545122,1.4473364310205155,1.3124032608787817,1.3649867528575637,1.4199526667365285,1.4964304984128356,1.357650790290286,1.3212786994187176,1.4508841495396885,1.4642349655089695,1.3367899707693875,1.4235857767614175,1.3759632911133028,1.482235282728375,1.349476624962474,1.4716868167962405,1.4733834380194035,1.2419716014792859,1.3897166133006869,1.2772011715299623,1.27919096706519,1.3808157154594722,1.3375559143161326,1.3324244851892093,1.4566995339367768,1.2801001545256885,1.4214113214845754,1.2990748171725501,1.5190236620353124
1.6949412854203474,1.5483398888296596,1.4628717904496187,1.4128081480832568,1.5357067828243818,1.3442158515022442,1.335367296167285,1.2237037907033768,1.4973267153231677,1.2642706706172975,1.1628390023644393,1.4664595641821117,1.4185963146379843,1.3084452880564574,1.3473228005770426,1.3603681384616448,1.2524659606080002,1.4987523282249653,1.4722963591256248,1.3259393087501654,1.4172324871831252,1.4000929767817436,1.3853204684146738,1.3844469374960513,1.4616868730860895,1.3470716358697188,1.3129099343710928,1.4978988367854236,1.3912116370819732,1.344525352707955,1.4435385891012635,1.3959370200371546,1.2646304853613088,1.4353740553557501,1.3165207282755376,1.3579871558533458,1.221877907033996,1.3250009415929038,1.2950791062959428,1.4768175301011004,1.3395562461833808,1.3293473007289323
1.40048628763524,1.6458081733029475,1.5496920473358562,1.441332620759006,1.3342395939716312,1.3722372013545567,1.4316541678799988,1.4222059437210472,1.4000614305151866,1.363538348403584,1.4584000720255885,1.2225294734879621,1.4141986116457272,1.2893093458044051,1.2594705409840472,1.3993328280106108,1.226437714200054,1.3025919687246352,1.4168891361521814,1.4502126293630944,1.4016209894154725,1.3396737038969977,1.338114315803512,1.4487459031715548,1.4311018843452117,1.4855066331823696,1.3838236032798763,1.379845695319275,1.392726620741553,1.2647505042794378,1.234875812841011,1.4377652635297986,1.3717809347214698,1.3570867541618472,1.368354878536741,1.4006831544877698,1.372630328062296,1.437979223973865,1.3508219420852023,1.3545452980096175,1.3369768645820967,1.3012613675822595
1.7169828861328076,1.5041634781037738,1.6138724854168447,1.4310391084938385,1.4540787583081323,1.321412584228704,1.5311387722194836,1.3359562497392814,1.1587159532144993,1.1836609485964895,1.3458256373639885,1.4650310093364967,1.41123621742038,1.4141133151956888,1.2721492370532843,1.3557372709539124,1.4686355632748929,1.2476918743605814,1.340825317579763,1.429332114735128,1.3532375664654968,1.4436542420168603,1.4023001075672035,1.45823999077817,1.3166497698140742,1.3450192443392233,1.428132083382642,1.4644583265269984,1.3188900109744333,1.3633345045198864,1.3698881840196901,1.3319024241747819,1.3270475319066435,1.4794795933921658,1.2275450838405861,1.3606336347743668,1.3777226377587306,1.3624276387738181,1.502441648162959,1.168556844685245,1.4108613508656773,1.4719307358558913
