gfs-wave-data.json
{"header": {"parameterCategory":2,"parameterNumber":2,"dx":2.5,"dy":2.5,"nx":144,"ny":73,"la1":90.0,"la2":-90.0,"lo1":0.0,"lo2":357.5}, "data":
[rows 19 to 37 of 73, columns 42 to 83 of 144]
-0.011711387860749763,0.04179664001328754,-0.035995306475368374,0.030757799474312602,0.025204607920282656,-0.018967891964393926,0.049001814764804794,-0.007551471908861559,-0.04755707474610833,-0.026877148295362415,0.03346941446223334,0.009859284219918926,-0.038800877745569735,0.05248423154551765,-0.017358665798080826,0.014002620023884148,0.013886038632022384,-0.03330573994819886,-0.017511152859816737,0.04288554767849597,-0.020630234736663516,0.03868894250233542,-0.000819129306095295,0.039896656737251596,0.035998419494366184,0.013536608329491339,0.03469618853534124,0.03672428299970266,0.00752129368843065,-0.017611969055326783,0.023569840717511704,0.03178517871188586,0.0343705974173882,-0.005839577984376899,0.011073993238773214,0.0077273542339544605,0.027001054262677605,-0.02745905626823262,-0.024270454994313108,-0.03367415282596673,0.01021903793995076,0.02009641553252589
0.011426107724782015,-0.00652787261912376,0.030554505272940877,-0.024276091251478036,0.025519125512709115,-0.02434009213019261,-0.010774443090737223,0.03519697245058925,0.029545627891941834,0.038521875475064284,-0.020018828451078975,0.049007115265014486,-0.00040988386555107,-0.007309441529395551,0.03196922821610489,0.017822219428717763,-0.02813529456523133,0.042315897682537705,-0.025087878466199656,-0.01377405236950606,-0.024052523121466808,-0.0061109616406204385,-0.029606362444673174,0.014357862503446634,0.03829532603257103,-0.0520281029149116,0.01283415662043941,0.010600231951453824,0.030414838326233765,0.022450054338063984,0.02386393851712208,-0.050607954571510454,-0.031554710300734805,0.037791125477959105,0.0165261612468705,-0.026090303713711755,-0.023707568004835797,-0.007672970028305405,-0.03927825009609773,-0.01687971304525938,-0.04053822499022646,0.020062439569283393
0.8392044868214129,0.8800332667084594,0.831765244016058,0.824962844301602,0.9161026354689713,0.7365796781836063,0.7821342522748863,0.9044268297175408,0.7631687053104095,0.8012729337452402,0.6977604680800317,0.8310895826707262,0.7817490037226108,0.8196131725458211,0.687046080523039,0.9043725137058272,0.8155099962100443,0.8184968922058885,0.8907317000786693,0.9054593040783467,0.92511359645181,0.9664258120480356,0.9821532224679856,1.0945080378010195,1.1682517326127735,1.0415271054934356,1.2009658355462636,1.255229886935512,1.2738234491926141,1.2234331831717697,1.205708109936551,1.2859241690601655,1.259046993777427,1.2515836294762712,1.2146399688470595,1.1079404463747038,1.1038379530290958,1.1660178589052632,1.1116558016975036,1.0162360849137433,1.054262528004698,1.0126729174699407
0.8611660030078371,0.8687816041606959,0.8081379305777521,0.8827399539241904,0.7106295152393535,0.7346328876994122,0.9125892348318377,0.8743362233425759,0.760570956902045,0.8920269832483904,0.7782380695890497,0.7589425039755712,0.7911488497135506,0.765962289086603,0.7530124907925139,0.7907763559143005,0.8557805368334017,0.8854045438684789,0.8425524039124895,0.8970387029529067,0.8323074183885477,0.9301095669062599,0.9625772163092904,1.021974477506285,1.0466266656234,1.2205102411701425,1.2096832037721867,1.1809155076194382,1.223570982176848,1.2486552641013333,1.2379601494344303,1.2840099019475775,1.210516083433336,1.123493161848205,1.24994225760019,1.2111854366316237,1.140798094251322,1.0190712044148174,0.9447275270495556,1.0729189098220664,0.9628170078145271,0.8576874831695702
0.941958425541822,0.8391487465085045,0.8421684035302056,0.7878404441091832,0.8615513650518503,0.8883555960757091,0.7764010267936318,0.9295572698701526,0.8041737499879934,0.7266452166301037,0.8002482898225863,0.8152482588546928,0.8394097028576836,0.8693642920412883,0.9065786947683773,0.8500797488923358,0.8596438853825751,0.9359111000067265,0.8835597762604256,0.8764563007961313,0.9668212163235299,1.0077267329165784,1.117528912729881,0.9831955148574075,1.1316627284111072,1.128621399719638,1.22380731392795,1.146026959534292,1.3008337187614052,1.3718055468255976,1.2634367035958964,1.3811810385879595,1.2609121282428046,1.2111448664858715,1.1239098730467003,1.1940369867963225,1.1262224368917508,0.9969313910416692,1.0874649808260024,0.8892980715693352,0.9190870566956736,0.950812077572917
-0.047629996067108694,0.034016142092999274,-0.019526382054110038,-0.010294065247457768,0.005869773041842413,-0.035106056805934545,0.02383566076070348,-0.03583012929027235,0.03855114256507034,0.03180558340914216,0.025717295720310843,-0.031929964373990566,-0.053703801231924087,0.029485217688385194,-0.01574231215513959,-0.06663722777419097,0.032640789379975596,0.022423753002057394,0.061501992801752656,0.04671778365135917,0.01257369247409925,-0.055661433868625716,-0.03395928765735975,-0.015802680233929327,-0.049450516405936874,0.02419914388075956,0.0023829960444882695,0.0376131045632796,-0.039412079143429646,0.0027638715435164577,0.013384210717021767,0.011073664245590425,0.03798345445772818,-0.005777844545667818,-0.044822674163299235,0.02944775626034992,0.011893935465671511,0.06471161157388368,0.048627765132852635,-0.025288291250182757,-0.018067308979015515,-0.009662761094031537
-1.2005012450098085,-1.2469957597255859,-1.0393097180485265,-1.0723718792144707,-1.076550051889345,-1.0806245027481467,-1.0477328436801983,-1.1610288060245495,-0.9597473518409001,-1.0563805854209003,-1.0634127540304075,-0.8866188844547945,-0.9532007687533043,-0.9887723916625926,-0.9370580467303142,-0.8106967823787874,-0.8858288248991922,-0.8776901743882316,-0.8355190455586392,-0.8923076128497823,-0.8861308364607555,-0.8337826931514837,-0.696514751264934,-0.8894856768236611,-0.7804800305442495,-0.8754543451965149,-0.7178635332693025,-0.7601265223840236,-0.7660655556618083,-0.7157939864047504,-0.6630956429180987,-1.1408230310866276,-1.0522650672787364,-1.116798150230575,-1.0734472145072573,-0.9549949762689047,-1.0069695523200188,-0.9222480308580912,-1.113132295033001,-0.9211536141410238,-1.1470677622364436,-0.8822649792398902
-1.2000913952238434,-1.0882730730302146,-1.1313580014422924,-1.0525680349912194,-1.1827878706074095,-1.0291897118397915,-1.0031168446007268,-1.000315004732319,-0.9596446528589188,-0.9756409279835916,-0.9538325065227181,-0.9368215320366168,-1.0318631331603216,-0.8764249107926821,-0.8719442770419095,-1.026171227409434,-0.9320772644948055,-0.7993660385806632,-0.9674617930164701,-0.8021694072408959,-0.7226960927700756,-0.8723073305128598,-0.8440055383719137,-0.7576699065797883,-0.8117913123285919,-0.7698056704263855,-0.8416127763869784,-0.7856249624651926,-0.7586759065275033,-0.731129525559306,-0.620195733647095,-1.16868579200848,-1.2680623956832915,-1.1299037051191667,-1.1249468787022905,-1.0020993518958243,-1.1277157079101028,-1.0769738783682845,-1.066049947012814,-0.9717226346371858,-1.0509320039837384,-0.8421134256727382
-1.0717129205670632,-1.178125204253397,-1.0378680999267633,-1.2282377672127418,-1.1556142254003137,-1.130361197461626,-1.1016880687748996,-1.169996065889481,-1.1184128877001993,-0.9687642345007706,-1.0199665912904998,-0.9607926654692458,-1.0699163876213234,-0.8733652496672576,-0.9945292391940531,-0.8340981350114732,-0.8930049973063823,-0.8484457219814788,-0.8821486329873465,-0.7909030574596159,-0.7953633157449926,-0.7346364332669496,-0.7350253917238451,-0.884570928753696,-0.8578116487859399,-0.7854161036041382,-0.8879310857060326,-0.9114138480168176,-0.6848773975653651,-0.6405809119993532,-0.7423515355554864,-1.1565735254785057,-1.136632155191963,-1.1902751222750905,-0.9633930541616278,-1.1788542490609892,-1.1436723742746158,-1.1006585173183316,-1.0815635578089802,-1.0725962176934682,-1.1596279933752005,-0.9114372640608105
-1.1228729111088536,-1.0988385361852713,-1.1913436146285803,-1.0833462296357634,-1.087673327367081,-1.1773666637904743,-1.0741385657937212,-0.9888868264927692,-1.055854572533683,-1.0370964339614352,-0.9097492151550278,-1.024016208637933,-0.9986363245541303,-0.9722501180043083,-0.9337420365511933,-1.0133658909296652,-0.8494744757286193,-0.8360952583638093,-0.8493963182616896,-0.8459659735246857,-0.9367062779163786,-0.9131264348897171,-0.7825905382708112,-0.6947662725077173,-0.815932788981676,-0.7793219062740934,-0.6784659212007479,-0.7225223291114101,-0.8446313861662887,-0.6898602488011403,-0.6652447478881869,-1.282951127185788,-1.2483235574651268,-1.0702640153641392,-1.1470996451542803,-0.9916497077523335,-1.088706597791507,-1.0761889662839597,-1.052471507526973,-0.9200408148525894,-1.077331288638514,-1.1432526752505923
-1.281638066194148,-1.1059438234294536,-1.1969003237446565,-1.1131548121756933,-1.1592347947606245,-1.0924865709304346,-1.043713641864183,-0.9910716804424409,-1.1264062232167713,-1.1239306689860642,-0.9870694372476254,-0.9413966120871147,-1.0243052910521901,-0.9336230201083346,-1.0292444362808664,-0.9844215096300575,-0.8838065506912265,-0.8687734009432341,-0.8075152184888316,-0.8520042787082721,-0.8279307002921406,-0.9458849558294518,-0.9009332827194727,-0.8705386379709741,-0.8257219639711368,-0.741096652605551,-0.6328364708513966,-0.6707879543656642,-0.8080818356951041,-0.8065152792237654,-0.7278000613776209,-1.2126364894580568,-1.028065813297579,-1.1755508468594862,-1.1638268659837663,-1.1462297361996716,-1.1742671679223224,-1.104990648304887,-0.9652738948259768,-1.0570154747388991,-1.128513159012364,-0.8861778567130311
-0.04201868535219464,-0.011113749457636046,0.006878871907253591,-0.0532255713365325,-0.013059565575694003,-0.02409689332534472,-0.06023476197728576,0.041155592102132633,-0.032877874206352985,-0.05363327600340876,-0.04739070052113374,0.0368032488871495,-0.017763616377511858,0.018255926877417117,-0.014499581183288736,0.046343244416850116,0.02086172851909546,-0.05863343957026616,0.06935913273430082,0.037786242325726804,-0.015046816653367732,-0.03106767739024515,-0.0010784785709062306,0.056981654229375574,0.04039678587704586,0.039174781733474134,0.03913917141859809,-0.027981925287898637,0.027356951341657866,-0.05002824796248787,-0.02714762554837432,0.04220614561482774,0.007206552977312474,0.06522452718357633,-0.0045500477149934115,-0.05629084951487,-0.03528495108697515,0.0232107948865977,-0.037796059205551485,0.012993449229249625,-0.05295462950304221,-0.015364365956006177
-0.41670679798774973,-0.4799034424014522,-0.6500933845500789,-0.5300146080924543,-0.5584732954358484,-0.6136421244077017,-0.6097847286629992,-0.4844534649479956,-0.5185996910550449,-0.40485644071293464,-0.4838468412253421,-0.4110871362449261,-0.3784359107838296,-0.31949946531745826,-0.22885640613417493,-0.2012792728255037,-0.22371864763213767,-0.2907933117812704,-0.26208954853333905,-0.28527013054065875,-0.3135250448443851,-0.3677688059105788,-0.4216602976819632,-0.4164275981460918,-0.48091110291399725,-0.5575335297268558,-0.6226926179357156,-0.6539197758844469,-0.8418573653273727,-0.891456443428951,-0.8442766917964071,-0.9026364743304134,-1.0357316125861473,-0.9309541506884665,-0.8748331963742793,-0.7080228434639486,-0.6553388027378615,-0.6678903131224979,-0.5817231626211796,-0.6679014848299167,-0.4832953171412589,-0.7837664568720866
-0.5051635138291771,-0.5999419253113395,-0.5439048787439897,-0.5199103553698277,-0.4564489756905796,-0.6048533500351263,-0.6233585632288255,-0.4939498498418976,-0.5135966386458193,-0.517950701277315,-0.4162629434298315,-0.4897813883964481,-0.46124508635883804,-0.3281271861230079,-0.34473332361500864,-0.33356474740705133,-0.2305427993847431,-0.17702434713253606,-0.18001523730835736,-0.3479467148522645,-0.4041905286039559,-0.314818589615171,-0.38199596656240664,-0.3987368768397348,-0.4253211509208467,-0.6164193038593391,-0.6651313285775794,-0.6451615886268713,-0.8807066000557264,-0.8881583046055436,-0.7882633563217004,-0.8187658674551684,-0.9444228696514104,-0.9241057679173139,-0.8439614626018048,-0.9049925627888256,-0.7827561441839102,-0.7105460090674397,-0.5763963272794168,-0.697931458965532,-0.6140589968143486,-0.6667351488532306
-0.45646380836647577,-0.5588221383187697,-0.5825508816587638,-0.6500081131627401,-0.4921268884828906,-0.6467973225290462,-0.6234711800757093,-0.6010548587289455,-0.4886825148000183,-0.4643323534063382,-0.4846707898773314,-0.3681509966899989,-0.2691198884213164,-0.29734194981636014,-0.2959748637002303,-0.3070157144476284,-0.22693343327927148,-0.2311991208729155,-0.2955670456832421,-0.27631733974850076,-0.2814852099860404,-0.29432405067247946,-0.30080421663114115,-0.5093958697251871,-0.5546404002326243,-0.6263359063514699,-0.6852646481220536,-0.8260808362214298,-0.8546730242863445,-0.8228604190198554,-0.87670010339293,-0.9452418067074858,-0.9202267553960103,-0.8078300570226559,-0.7798005609612229,-0.9323747069965181,-0.8434939713665442,-0.8107648108641228,-0.60545944469418,-0.6903314919171002,-0.694189723314201,-0.6436467149163819
-0.42834343304223554,-0.5673666464893883,-0.5893724756887698,-0.6041215959112213,-0.6519630967729813,-0.6134132876076162,-0.4722408971548833,-0.6160326169142972,-0.4908967954749228,-0.4463226588222717,-0.46968864046815945,-0.3913878819267844,-0.33053454202091576,-0.2968774721778267,-0.23771764413917443,-0.24594194812343387,-0.24920372427713866,-0.2621103620206208,-0.2496463823003871,-0.2165935486936202,-0.33322229165692635,-0.3923919521506063,-0.383097665812093,-0.41308863487993175,-0.4990911214846241,-0.6263325809905356,-0.7268572222165026,-0.8142810182555784,-0.7182335508742309,-0.9457579293158928,-0.9250239201886424,-0.9528074051271744,-0.9181026823211383,-0.8560256808030482,-0.8443805560655032,-0.6977495985008904,-0.6551322091006162,-0.7777281322118469,-0.6730278143780193,-0.7916613345979285,-0.8434671897286314,-0.4508672760039872
-0.4939282011682504,-0.609097728606792,-0.6335177561281811,-0.5718292784568285,-0.5368954423413961,-0.5888253706415025,-0.48795386027543264,-0.4516351236290811,-0.4867512598946827,-0.45713282177677167,-0.465686994262233,-0.49346712531321557,-0.3706559514103243,-0.33616777510404977,-0.33561334826751227,-0.36447122929902886,-0.27514134955685926,-0.21800212192203253,-0.23685903045464837,-0.1947148972792719,-0.34454484393118057,-0.356654062727546,-0.49882189530543514,-0.5163332149508164,-0.45616849123153447,-0.609113618772665,-0.6471913484455672,-0.7179755137025308,-0.84606652953416,-0.9366774026765331,-0.8663102303177284,-0.9999204615680123,-0.829211409972317,-0.9429609816921541,-0.8443246263249341,-0.8392003808270841,-0.7135728660053354,-0.7573674620986616,-0.832544844582587,-0.5267931064483946,-0.8231742623684561,-0.470919698047121
-0.5278475507413842,-0.5089798447190482,-0.5166876316854584,-0.49220707694784643,-0.5758545581482915,-0.5755007533238659,-0.4553091351539629,-0.574857476727237,-0.46414805757517713,-0.49767451985191574,-0.4077613541394032,-0.4860240683022662,-0.40569838145596454,-0.39252206214646285,-0.2524381749381852,-0.23269179830244038,-0.22673681306729906,-0.29476982798622287,-0.19748995492204238,-0.3218792214177521,-0.2621352968028223,-0.38025012160584254,-0.45643831055339334,-0.5191901718508493,-0.5104941725566489,-0.5629906292435758,-0.6616246130196438,-0.7569854668838361,-0.8517146393888871,-0.8322132425783093,-0.973633577184904,-0.859456012896725,-1.002414263035098,-0.9894049869687069,-1.0351045931568672,-0.7567276168153306,-0.9662276859755051,-0.8089070153107006,-0.6520729753037289,-0.6369565120547216,-0.6540971270794416,-0.6663003039461745
-0.41773332293312365,-0.6360524343544034,-0.49511780406072375,-0.5478698755720273,-0.6123582028766112,-0.6080359933930571,-0.48976176051595693,-0.4843092647041006,-0.5519102497294848,-0.46903478967068135,-0.4515174303317752,-0.44506502470408293,-0.4441672713419971,-0.4677453804043153,-0.3904996465066405,-0.35236791480056545,-0.3318121576254293,-0.27111577667383085,-0.25639706944251667,-0.30259508221905473,-0.2138054684919785,-0.27010679471482246,-0.45676519712034264,-0.43656565683814175,-0.6491789592471019,-0.5493918891942191,-0.6295717614216985,-0.6337977613085638,-0.8777896271525985,-0.7659888863475248,-0.9729417525876837,-0.9685587454629286,-0.8705852143840588,-1.0619460331946264,-1.0302942862578615,-0.951511471579877,-0.6994267792827279,-0.8721648834647068,-0.7701006378268912,-0.5902166065703649,-0.7501553357175146,-0.47100353486440055
