gfs-wave-data.json
{"header": {"parameterCategory":2,"parameterNumber":3,"dx":2.5,"dy":2.5,"nx":144,"ny":73,"la1":90.0,"la2":-90.0,"lo1":0.0,"lo2":357.5}, "data":
[rows 19 to 37 of 73, columns 42 to 83 of 144]
-0.345871782451456,-0.32999278636989615,-0.175922480550763,-0.2695183485582903,-0.24487458789357214,-0.30074423845946824,-0.2747525423379866,-0.29740686772893127,-0.2620850774943369,-0.2082978760798983,-0.22077395184709322,-0.28975537735265094,-0.2774054541778992,-0.3312157256194349,-0.3090330141587448,-0.32643152966815564,-0.25331539960684113,-0.22721849885193507,-0.2150943466163092,-0.24559910658199924,-0.3033098417082817,-0.16763828469357045,-0.28737885349646963,-0.18104387926874432,-0.3230999831654835,-0.2705817282847626,-0.24200988606831977,-0.21574964548317555,-0.2914959809623071,-0.35616330474467706,-0.21583387728184084,-0.2291696431846167,-0.16589870304464133,-0.2806593912877977,-0.1853652517639578,-0.19070122885059002,-0.3349589020288022,-0.32808275441572765,-0.3069891217771228,-0.2712237161629799,-0.2765260412782111,-0.3061917901884589
-0.19861510082178438,-0.3750818438772941,-0.2689532102486102,-0.2555568977097646,-0.26762127284106296,-0.2860320640684523,-0.20366073329451664,-0.3071487848490955,-0.30951618284304944,-0.34305539400489304,-0.21290773366788318,-0.3421386422000998,-0.3439141609999464,-0.32643526749660773,-0.23191069835149433,-0.35409209357563537,-0.2639363704798434,-0.18700898086307538,-0.3035732914991844,-0.27021253577145304,-0.28674212708374636,-0.24057185313266577,-0.3532390209359868,-0.192121837919738,-0.3704639210270804,-0.30721603559374855,-0.26247982939049996,-0.22295839018510555,-0.19810232080781215,-0.2371492587996501,-0.3207335098880528,-0.3331181961439934,-0.2830061310920085,-0.26558136549977174,-0.24263970543216415,-0.2475693831600348,-0.34634941640769745,-0.23364004611440697,-0.29208749343347457,-0.1941732754040321,-0.19472879454488481,-0.2570010051177691
0.2203673755751671,0.11281012722224172,0.1869288800599504,0.2637551880969524,0.40895276809285,0.4518856507713254,0.2598380391197907,0.47991636497961543,0.5436718141652805,0.4326287788300055,0.49893575439462634,0.5382614026873022,0.5693427801202404,0.47454209967554567,0.48655726617929285,0.29468707144990236,0.34735317610811195,0.5832410076995944,0.5069035011283305,0.5370286641567525,0.5323174843330225,0.3969103270588527,0.2232080937357798,0.2816426348740874,0.43966425988427854,0.39363622308970175,0.3300296287547415,0.11071569013672578,-0.06394896352666114,0.08071653047584419,0.18061084824708018,0.13120121047829594,-0.0739447479014581,-0.10552524602562445,-0.4226708295332281,-0.1638169532679106,-0.25882327731963245,-0.5028774883675335,-0.48441614692689605,-0.4124152091035071,-0.36317634760469636,-0.5450696751513554
0.09561114869620714,0.17559116961033303,0.33237448732114216,0.48274748640212223,0.39956196352231493,0.368915279708237,0.43517097731124077,0.35045040575124764,0.36779758122338635,0.47660764900322583,0.5036260507237145,0.5911987926603041,0.47326954911868235,0.5159163593537549,0.32539605517106046,0.4294176843987858,0.41458650294693,0.56867096372996,0.297094894867436,0.4604419652296854,0.5136349413356659,0.4118286456773397,0.47985345249885214,0.2917231408948975,0.37837822424442197,0.30620952866875967,0.3091372337490219,0.0614009179010817,0.24388089084073633,-0.11266935231567668,-0.00013107385739115338,-0.04734944172948394,-0.0750474615514608,0.027509421544525035,-0.16409690782624123,-0.1846636570018962,-0.2164309563426024,-0.3460834512341572,-0.34940292042284316,-0.5853922433928308,-0.45516694329202906,-0.5086707014023798
0.3125898873458633,0.3450397789576855,0.44281016060025147,0.22248092979600642,0.3661850931504472,0.2591972849043959,0.367570391729557,0.3378607139716152,0.38822460730371516,0.4380493396258543,0.577140524518101,0.49644383318947366,0.3615357789735641,0.5179460236893892,0.664547588417214,0.5178703445333027,0.4057215020510506,0.3197357291341602,0.474242872316525,0.3154661827612316,0.4330258974167663,0.540549671388674,0.4646940744418846,0.33992773815446325,0.164844442663711,0.08672125396082232,0.0782852283872858,0.09707248741147703,0.2787998803980578,0.1671436404038685,0.1731998613683582,-0.09772434277817366,-0.29919381028694086,-0.07671778210385902,-0.17169499477862113,-0.31229438219944505,-0.21838599799781314,-0.19825336031404417,-0.5027376498795832,-0.25597237994760375,-0.4975953320696994,-0.2999504817611533
-0.42097956261617864,-0.41915239801628357,-0.2793617122893567,-0.23080858856139902,-0.3135522615121786,-0.30921256433320904,-0.32513903614882855,-0.3292569282915826,-0.2685619774172027,-0.35930633019301755,-0.3333160925347153,-0.4150434165358937,-0.2499728099231745,-0.38390463578390943,-0.3986926317108881,-0.2648156877892227,-0.318132314012004,-0.4132182578939755,-0.331425787226591,-0.2942299610851133,-0.26180391907086303,-0.27097120687194715,-0.31620812897158174,-0.25428802084835433,-0.22610936888567226,-0.2721031228148002,-0.2708497562081276,-0.29437712566501867,-0.4078101351562039,-0.2629911850534942,-0.34230212551685363,-0.30869959727146923,-0.34584113551320345,-0.385374407623384,-0.4070584615058073,-0.3926434092852884,-0.34242122913201356,-0.310939706060423,-0.24587129232159777,-0.25969221704397266,-0.3314438479703394,-0.3415162843785006
-0.20980551627348035,-0.022524201558192392,-0.10265063327158476,-0.2048636521980313,-0.3545615539218288,-0.376704848027796,-0.3066142133296289,-0.09405486962362362,-0.37619768293819517,-0.4191840237080623,-0.10145802600247328,-0.45521213477793454,-0.3072658311484653,-0.44129666865309175,-0.4232522389698972,-0.32240268921696885,-0.34356593088600224,-0.1910337422777617,-0.2429367372705644,-0.4241943665174102,-0.2007335876137791,-0.2608481714075736,-0.3409665591543433,-0.268227470677119,-0.459838362451617,-0.4463537308626718,-0.40453078605323584,-0.2996411085013041,-0.4168167709087427,-0.4057548908539231,-0.49556097076241296,-0.5785841194266359,-0.7624722779841839,-0.7948954589330745,-0.7829269251636647,-0.6729710206089067,-0.9582046036829066,-0.6310203879057293,-0.7499482693629907,-0.6170204917613261,-0.7239631748628309,-0.9796156031062488
-0.11498723952496452,-0.2911455663681596,-0.14370429116594535,-0.31562388893101856,-0.3713150309543841,-0.4101024914426071,-0.28575861162272714,-0.3234697891099891,-0.17678826321618607,-0.2776928959993095,-0.15597385880311812,-0.36534678548833777,-0.20180173696514925,-0.14215275566855304,-0.28863797590763735,-0.1881770092188101,-0.4307769065724971,-0.23063953449918284,-0.28830230370692705,-0.37418134895029725,-0.3226593584619472,-0.35404522486240303,-0.2951888930439694,-0.24129573675273874,-0.3189796816056974,-0.39446670887109603,-0.239008550903162,-0.4453635021088986,-0.45797560105678325,-0.42033155996624205,-0.4343973932359475,-0.7437037263764454,-0.7702837282095432,-0.6657702071961468,-0.8853615646382116,-0.9534413665573638,-0.6881208900240258,-0.9005969312582355,-0.8862910833868453,-0.8909845203906512,-0.7127548307257491,-0.7920323393038854
-0.16068807145178254,-0.34240250055225213,-0.3170149847947082,-0.06558671633532913,-0.1673820182952548,-0.23780635882464263,-0.4187555330306914,-0.22467334920634732,-0.08394854276297278,-0.4468733410384731,-0.4030056652849833,-0.24468530948157377,-0.4557126826281733,-0.37767489742179594,-0.17044390983865854,-0.20594880549248587,-0.4156258368000722,-0.22372890650157864,-0.44352429868012844,-0.34510446633082836,-0.2718370871123562,-0.38705446799265697,-0.22836288914836286,-0.2934302258120752,-0.3923596241930728,-0.544525331612031,-0.48403256396926647,-0.362347769754446,-0.48591459526248876,-0.3911599691662882,-0.3945732389191532,-0.7286812649330092,-0.5250348755222525,-0.6064348932141396,-0.8782619964511599,-0.7375218788158212,-0.8075815993922928,-0.723106213061633,-0.7828376975571664,-0.8311106544571136,-0.8948179084739463,-0.6987041501464331
-0.33956999454443243,-0.2612327487094605,-0.1390125461101797,-0.10189495474690684,-0.30989927230952646,-0.07030213003095707,-0.20992639187249357,-0.11377030659878093,-0.39306138430555504,-0.0882197313300758,-0.27210999173513056,-0.21577955757265294,-0.14322160758118746,-0.30008599302421657,-0.3043887723673456,-0.3533775816818288,-0.1667204010753933,-0.21035261690770812,-0.356569496646577,-0.31343604114637447,-0.34969182860916487,-0.4071937253463534,-0.22649532520130827,-0.23005881532178207,-0.25912992728710826,-0.3649908434414185,-0.37617386920572987,-0.4760936273101122,-0.24684618916343787,-0.30362492112692624,-0.3221968518175954,-0.46815533776090057,-0.8129451702771706,-0.8824988462369567,-0.6351711676065571,-0.5412886713728676,-0.748909155986064,-0.9892153321464051,-0.7287482005048047,-0.8864174103309626,-0.6804124626558453,-0.7288521771140006
-0.24380290674301816,-0.03142570762920885,-0.051217631334923006,-0.3734424124576169,-0.19056772428549074,-0.12594056434385045,-0.10643886510364454,-0.2218884311543571,-0.15605397651341088,-0.3736046011136933,-0.11363447167629646,-0.42256421564522206,-0.22304080499683004,-0.3430533778714593,-0.186196730292013,-0.4315363348792331,-0.23853742466679081,-0.3144616483663317,-0.23716002133585282,-0.40721704084548194,-0.21394273154802476,-0.21002006830873352,-0.3886173296576068,-0.30483047246129813,-0.2927068590872144,-0.34890824187185177,-0.5366291363443526,-0.32006854357648096,-0.49733364957205406,-0.48310854324418345,-0.576128744404674,-0.621436509220149,-0.916970410242283,-0.7068938136722305,-0.6830462881051345,-0.9316966302185147,-0.7971051813068607,-0.8372156491690712,-0.8227335287640395,-0.9835257390730868,-0.6087961924479603,-0.9153826040621174
-0.3870194068429211,-0.3585144266483492,-0.3740920072235913,-0.4461423174078776,-0.2852506857179129,-0.4622653042262239,-0.3135807140506239,-0.3226872646410895,-0.3668630943285513,-0.46905381296413345,-0.4046673218024721,-0.36585743781505403,-0.2912474516394216,-0.4778495668359866,-0.4086854086221004,-0.3880318786839253,-0.42143798443416686,-0.4602140095336917,-0.28777242923849666,-0.3755298088754031,-0.2819958710301222,-0.30990311859973746,-0.3265494875853005,-0.43700012697167745,-0.3570601974674058,-0.309955937409161,-0.45877958413660075,-0.3556322006050934,-0.4014675519053027,-0.4706667060995667,-0.3637192812187724,-0.45079708028517557,-0.43453033204905595,-0.4716031359869665,-0.44746325902236056,-0.4468948159093867,-0.29646328691288293,-0.39332391307334585,-0.33094058246899044,-0.3700634043405381,-0.28989717440683815,-0.36236137560151477
-0.3875791669725941,-0.2709881751283739,-0.35502667129077314,-0.13045626248962083,-0.1967343212823208,-0.057900510187125984,-0.05212278362330691,0.057767893926206564,0.13373213944915668,0.25385527894338167,0.31907821605802383,0.19276779912486885,0.30091729827454694,0.34073296896535676,0.26895077158132513,0.48604431418002836,0.40321632667162216,0.43931326965785295,0.512314840394492,0.3875078010220233,0.47198641154240195,0.5963285564738107,0.4664923784579123,0.35183317525542646,0.4588317508158365,0.4303309623951779,0.28188010346992115,0.3739817924524798,0.22912435761393016,0.08603765335387571,-0.012750716218708606,0.02298889854756277,-0.40495021826412037,-0.44588800936512546,-0.5033516589682455,-0.6887853669672251,-0.9141276305166274,-1.0086279894795207,-0.8544320496682463,-1.0002981179256774,-0.9980234780393589,-1.1907784557030718
-0.32096642730507247,-0.507754963258849,-0.23456883273507875,-0.2402315663389435,-0.17708460005282373,-0.03216346244064767,-0.05089399858910348,0.05625218559725145,0.18649038666332585,0.20733961464223857,0.21818377590225868,0.24600415861432612,0.341691785531551,0.25942034596104413,0.3458294456510926,0.37305373497471583,0.4022770506047079,0.3835458828001789,0.5405349929425727,0.4547374399688339,0.5606406013564763,0.48265677706610005,0.5004671204212296,0.4546748940382459,0.445396097629603,0.44377998840420096,0.437544206690594,0.3567620733339255,0.17757976735848924,0.009365486625879223,-0.06240027534180772,-0.13248808953770136,-0.2987244942977395,-0.5110577147024961,-0.5075241172711138,-0.5900937387703578,-0.7025063333683909,-0.8475868907780761,-0.9921851688849113,-0.8052343531750179,-0.9735724388158685,-1.0122539752040303
-0.39731854068949185,-0.48093928395192076,-0.3466067607279062,-0.33244673160064964,-0.23180269659744965,-0.03527872634267015,-0.04790322056022376,0.0271269457304123,0.0833671157473892,0.2259108587961201,0.20300045653300414,0.31338698791257297,0.28474247702835304,0.34830091735405916,0.5056159344946124,0.4391780816020785,0.3668238469204023,0.46278250832818096,0.5008141469876348,0.5059585628066274,0.4048246377587311,0.4773424221694868,0.5220445101969936,0.43564950170414457,0.5344566475715294,0.4609847588912138,0.30899180937914755,0.1901804593654076,0.18327740230021924,0.23893915991100806,0.039633725258291744,-0.15187562444864,-0.2489075400556596,-0.5286555105467865,-0.4447729792041449,-0.7098139916804717,-0.8422012191524466,-0.6974194823771747,-0.7781474548130585,-0.9941128458946938,-0.9367349901904756,-0.9262966312717007
-0.36984775003820936,-0.3797980532290727,-0.24659143674375958,-0.33442642963616037,-0.1769483735642497,-0.08615919673963938,-0.09908872632233784,0.08230161406441694,0.07314302225374567,0.21909408218007428,0.1991945095055266,0.30891342466266514,0.37747298721276457,0.4087357736810238,0.38791621649052005,0.39950381650954125,0.5310159300477284,0.4864385100040135,0.42695134978240834,0.4535135169720058,0.4603801621535513,0.4743147847109015,0.47986979328435814,0.6106138043712434,0.40093231684749103,0.4773803549006652,0.42676838635219205,0.28624065863934234,0.24591909195908168,0.16758897810601314,-0.12388347147012799,-0.05090342922994376,-0.21143771162228286,-0.49372758262502736,-0.5327969771981157,-0.6609678751419744,-0.8126170925650564,-0.719296124690352,-1.0710353159180759,-0.9035035769874035,-1.0124012100406474,-1.0780533018420129
-0.4100751044457939,-0.4514986758065748,-0.2853396113855214,-0.22757112331986204,-0.1299727447253445,-0.09284327690200557,-0.027680518930764276,0.05923016326765323,0.06057384440425241,0.14156134793700126,0.22535248273654604,0.29608053729209594,0.35344990078035543,0.38947731827233195,0.3558544743654533,0.3504953165663238,0.3489231214001907,0.4989972430920101,0.46814709140610405,0.5791797735883737,0.4641698065014704,0.496990081252675,0.49491125489401916,0.4785595554757809,0.4133331318457974,0.398693101623792,0.41997225064450605,0.2788621331199179,0.24546048115611396,0.1126220449029982,0.13934670714527148,-0.26316826750321315,-0.18060090753314686,-0.3705614973348514,-0.5203976437643543,-0.734033482695589,-0.6586811059340981,-0.8824994931447044,-0.781945653831756,-0.8713306882362482,-1.0130916127451481,-1.1469056181473507
-0.46850435961657816,-0.45404069395661417,-0.29432041471253273,-0.2957704332518131,-0.08549306721579482,-0.06043362421207491,-0.04244295922380515,0.03539059343618026,0.17462201135610195,0.21740410880896352,0.2802186654420426,0.34936964059269765,0.3512170851616711,0.42265441567664236,0.317419774833967,0.3602899974468616,0.5571960423159135,0.39744771126731915,0.4385479399414141,0.4772038317377558,0.4663833803390343,0.44975079731935774,0.5111385708207182,0.5350973531091278,0.39734753746614676,0.4969144561995153,0.29782112543149486,0.25524991155400945,0.10503131708721729,0.2224286730237938,-0.0456663209425879,-0.0657462025725618,-0.28579224724203595,-0.5176862548493348,-0.46917633223914695,-0.6654610161481237,-0.8734617078760406,-0.8047313629227602,-0.8059027418932905,-0.8945919097372736,-0.8723904867984503,-1.1227913705811023
-0.6048952747689288,-0.4359937562603268,-0.2629400463202574,-0.1565746100821762,-0.10876966590294959,-0.15240983488796553,-0.04613711415180191,-0.0029450114330605228,0.16653736305409442,0.17897092338162765,0.30759067807435353,0.3208554840393755,0.306822067234979,0.34687614719018806,0.514811980542108,0.40962209809049704,0.49890183489708323,0.5352302838425841,0.498888382753197,0.39678660235282165,0.4467319325313464,0.41973615313214296,0.6067317382147769,0.628931145639262,0.46377760688704,0.34921231815342124,0.46715654279657165,0.23748378901707837,0.15652125783437804,-0.027054516228736763,-0.08453987271031978,-0.13914423086507635,-0.3286437258158655,-0.5747339840528137,-0.4151853418007174,-0.6854946338739472,-0.7448821175347896,-0.8205732327970054,-0.9339852251288934,-0.9343018650032338,-0.998394698599498,-1.1849728328161278
