gfs-wave-data.json
{"header": {"parameterCategory":2,"parameterNumber":3,"dx":2.5,"dy":2.5,"nx":144,"ny":73,"la1":90.0,"la2":-90.0,"lo1":0.0,"lo2":357.5}, "data":
[rows 46 to 68 of 73, columns 52 to 103 of 144]
0.0,0.0,0.0,0.0,0.0,0.0,0.0,0.0,0.0,0.0,0.3674971452308349,0.5292647055216732,0.3755765442756778,0.3823481290581739,0.394815512584611,0.41232447225358954,0.30518300805614434,0.35092473210097086,0.42904217807035455,0.3734341965570527,0.3233713621427892,0.5195447974661948,0.6490044385961339,0.6809913303491097,0.3339536145638616,0.6405183021992553,0.47236113139025093,0.3694279688112221,0.39248484787097193,0.5890349781000782,0.3233689069020663,0.20833645865925882,0.30427618600400574,0.2492277840914849,0.4287585936670854,0.19699831328244566,0.33482324861624574,0.37287022391403496,0.1798816217372026,0.13223818200465398,0.20194589978832897,0.316689617871276,0.2697066800835232,0.1437001359032261,0.13938534482364007,0.19243209815722895,0.07087332820368396,0.10485323314199832,0.05941731144778372,0.03413284687741527,0.13479603678318855,0.23576007341864927
0.0,0.0,0.0,0.0,0.0,0.0,0.0,0.0,0.0,0.0,0.4173161988724504,0.39769170521785463,0.343669300040208,0.3789521297172068,0.36390757975960375,0.3548532818494215,0.3345873534065469,0.2441866007531344,0.35286662333708696,0.29489290961651954,0.31000392925546416,0.6210426545850044,0.5547286006852582,0.6154360484989043,0.5809314804597506,0.4334956217212935,0.3082387505103752,0.6181348202166055,0.42323586207215974,0.5350123962115256,0.2696247953871729,0.42415629516341086,0.20149710631982864,0.30053500386061405,0.27050055149927155,0.2545329489994456,0.31084020295540266,0.1715122078245597,0.15214998500049312,0.13761258599630435,0.26144660892613847,0.26157060260863474,0.08721859712405913,0.2330358017116149,0.08333114200039617,0.09983368524718471,0.255060873344146,0.13772804838497696,0.17874535584986184,0.0416297885041752,0.06846933088138021,0.20319210161854315
0.0,0.0,0.0,0.0,0.0,0.0,0.0,0.0,0.0,0.0,-0.033925264513914206,-0.08354444222231491,-0.05384729749940967,-0.07494176250180276,-0.02341253374506672,-0.20332889702098086,-0.16826377194629644,-0.026784162823768515,-0.09203101815749604,-0.08094147947401717,-0.15211860155143664,-0.04278239483977859,-0.06756371678288071,-0.20096163226018077,-0.127555178017188,-0.040065714189468526,-0.1487610528263894,-0.07173146681736357,-0.05230970470889538,-0.21383618998125323,-0.02754291208929087,-0.21681627664038103,-0.05481455288870723,-0.04070945140321524,-0.21446642354351245,-0.05924262475962072,-0.09885954572912353,-0.041829203837180966,-0.12191487302398096,-0.06249761995900145,-0.16628901368844465,-0.16221724538282653,-0.1691547422256593,-0.12687950178914667,-0.14504015007976495,-0.05840252736243928,-0.1731580274623181,-0.1935723156588608,-0.12031723252331505,-0.1068302996537024,-0.07215944195579273,-0.13818767562586903
0.0,0.0,0.0,0.0,0.0,0.0,0.0,0.0,0.0,0.0,0.26070346880682843,0.35176994280939416,0.23049403388862988,0.1885271565309287,0.19090272224637084,0.32289609940588704,0.28079778673754513,0.019616573831524337,0.21818075860369565,0.0550250951442177,-0.12380154003773008,-0.20586599581264672,0.0011972920949383456,-0.04832035263547643,-0.35964559132023344,-0.054864611401594564,-0.29361278755764275,-0.32014086960771243,-0.3592185241643131,-0.3048769624371403,-0.24058239674850795,-0.2556587413770562,-0.329169906107852,-0.36865563928892847,-0.28821711219201546,-0.2645136731005561,-0.3482957438180373,-0.401647734701064,-0.47202106123134335,-0.34017825308464655,-0.25860308014792804,-0.3214247791732655,-0.35479765423767295,-0.39980660609490776,-0.31552106554314596,-0.3467277911450826,-0.16617697889520053,-0.13084346804950447,-0.1623817947724965,-0.2938156993476993,-0.15576947783358225,-0.11408870137011255
0.0,0.0,0.0,0.0,0.0,0.0,0.0,0.0,0.0,0.0,0.3652554228820163,0.3886229676204378,0.19415093932565497,0.3537984031577091,0.1754541598131328,0.0,0.0,0.0,0.0,0.0,-0.10084898668735857,-0.19135166930901318,-0.00471236241879908,-0.1152327787069657,-0.0815505431348183,-0.10385952874028091,-0.20263520963374376,-0.36984351379499086,-0.2632691682360105,-0.4264010477192742,-0.46099612825187647,-0.3001378090703471,-0.3338985927208402,-0.31771568792151833,-0.45059727759720125,-0.23476322052903487,-0.42697985422824797,-0.32528657001903505,-0.3564324902653597,-0.4789159653879905,-0.36392007212583255,-0.30246646427481727,-0.30976265983709717,-0.3296314836761393,-0.3710060532061678,-0.2933388252486295,-0.29894836304920225,-0.2725329378034685,-0.24156958375191717,-0.11350298320042564,-0.07431416779743151,-0.09514390707469976
0.0,0.0,0.0,0.0,0.0,0.0,0.0,0.0,0.0,0.0,0.33320344177884975,0.1955693056817474,0.37202344967036005,0.14646810158545961,0.1435486830178251,0.0,0.0,0.0,0.0,0.0,-0.05698482856090093,0.06179336009803796,0.05979399444368874,-0.1032343050065236,-0.1859696914211576,-0.30306054789602493,-0.26471198633875664,-0.3443893094284573,-0.38763608993983056,-0.19861096389078636,-0.4686417973631686,-0.2554298037570071,-0.34687521217288214,-0.2986888384634947,-0.4295418749773399,-0.36869622477706054,-0.251678780511892,-0.481264832816444,-0.3101098032395951,-0.36888039509345893,-0.25978846438058717,-0.25894946224002285,-0.42384432497768015,-0.23793965652109209,-0.2175529604775852,-0.32913679820685504,-0.35411907162201506,-0.2652405622034573,-0.32991229739489897,-0.15612292483311915,-0.1648415298617769,-0.19708208061752167
0.0,0.0,0.0,0.0,0.0,0.0,0.0,0.0,0.0,0.0,-0.15354306105908105,-0.09120163501394968,-0.1765018772884251,-0.026480411431299897,-0.03564398323321714,0.0,0.0,0.0,0.0,0.0,-0.1254193884584756,-0.056817625738638584,-0.17860562603008062,-0.16299487485740854,-0.038961357573182705,-0.06551628276462361,-0.08170547464347402,-0.17340824989115863,-0.18755413530971285,-0.04999258691621726,-0.08376251649529677,-0.17828347052026924,-0.06729175520329944,-0.08839934205828237,-0.14091275187294128,-0.19904951833199994,-0.13506436211648065,-0.09405423957199846,-0.13343254528392912,-0.06551198212214862,-0.011476645026401425,-0.049141259145525966,-0.08243044966565073,-0.1976033713908386,-0.10861780555178188,-0.11383232945357386,-0.09198354136030473,-0.11006318641046506,-0.0967045653475723,-0.06331779018341062,-0.00851749058748276,-0.08918412028581847
0.0,0.0,0.0,0.0,0.0,0.0,0.0,0.0,0.0,0.0,0.9002237218972583,1.026573256046363,0.43689321751684046,0.335471321185385,0.5433848754361059,0.0,0.0,0.0,0.0,0.0,0.25950759478297475,-0.23562685861593025,0.055857870499831125,-0.25391428568443936,-0.13812360588678207,-0.4575116349439231,-0.2422835795187438,-0.6594757111051134,-0.4077210088926206,-0.5160213578073188,-0.7874226791694573,-0.6261401216772097,-0.8558335295655283,-0.41904513275651906,-0.8103391781892129,-0.49434420904538706,-0.8130409061207623,-0.6417703943152084,-0.5174001512740533,-0.7746247941782145,-0.5758614005454291,-0.619879050085212,-0.7162787811801442,-0.3744375746537689,-0.5130707660020897,-0.43996736851445223,-0.4572370133256244,-0.5345933631867047,-0.5090108085022438,-0.23416357740455704,-0.1842051664150081,-0.3164165599276544
1.2377110735360621,1.48522611555626,1.5748791944990799,1.4952705426187667,1.2941433975163943,1.0478286888931532,0.8273238725549237,1.1288874624359357,0.8169508379481503,0.915439368427198,0.5670491138362629,0.4439134252987389,1.0137906877096812,0.5011721029424738,0.4754870618938427,0.0,0.0,0.0,0.0,0.0,0.007917085463123528,0.1420234268804754,0.05261213929100471,-0.02895737507100589,-0.13685644816727208,-0.13901073162618643,-0.5638343459644101,-0.37282768701309976,-0.6649318205744922,-0.7227297540819008,-0.6517066507701802,-0.36482719146326614,-0.5469727575814195,-0.4612254511862237,-0.6396469376930111,-0.4983453009378851,-0.7401796306559588,-0.739962735026793,-0.8118275482172871,-0.7681089056241619,-0.6952798833460582,-0.5599072198024009,-0.6048538897085088,-0.5471658457534774,-0.5672513551597587,-0.28206707336501385,-0.5494529030380827,-0.3450242006488791,-0.2624053247503941,-0.46657953891117737,-0.14632108026432442,-0.3180844529543986
1.433468502442689,1.231351447596366,1.343549281310188,1.5139616159991887,0.86811615192177,1.1147415014074724,1.4006431545213338,1.0538203080816748,0.6252001089889831,0.6014559450504708,0.755995661789764,0.5288981011592468,0.8669071250218467,0.9318705359563797,0.7731154511582417,0.24419463275810782,0.43350793585933306,0.3539744093580641,-0.08089395146112156,-0.1255609735269519,0.14701906754032507,-0.055112163814281,0.10554677707739125,-0.21671304243324008,-0.2562481601699589,-0.25493304554784496,-0.4124062412432859,-0.4887350646273273,-0.7444059613584921,-0.7011070577024914,-0.43828127349713875,-0.46603673292254344,-0.7834052947109409,-0.44654142805817604,-0.8784932797591017,-0.7600640044126677,-0.7802285782412821,-0.8018641311793621,-0.8705006160454639,-0.7089318638582545,-0.7481084342480986,-0.7022534019090789,-0.3728725398362963,-0.5986050874874693,-0.49141013430348224,-0.4757211636042826,-0.4761150564600566,-0.4542809152695633,-0.3925684380378009,-0.46992683129100266,-0.510613385931618,-0.2736250781988675
1.455108461093344,1.4444635938820976,0.837400065613578,1.0062202625603276,1.1245307157816358,1.1439784260585812,1.0932536929749905,0.6898372370805539,1.2183335891861635,0.5778188733260032,0.5364607837381349,0.5930945861987359,0.9144888601218171,0.48390021744895356,0.30725265792690276,0.17280229927647567,0.18865548782016853,0.35545636348537746,0.08113559938341988,0.4076840599247827,0.0777066873507061,0.09660464965920168,0.021644434783841877,-0.23099078394361416,-0.5380247731325957,-0.5374952509966218,-0.630683855117977,-0.5494502869984289,-0.3460384424283571,-0.37602654961543597,-0.6963860459947026,-0.680598987329517,-0.814085712786676,-0.6307119240702507,-0.4761711787917711,-0.5680906828495009,-0.5771418255403215,-0.6543043107742824,-0.7338748065115835,-0.45845677708179783,-0.7009422517455595,-0.6857417029853071,-0.477720322897441,-0.4867178616268951,-0.616143117057542,-0.4189924363664776,-0.3384458797333488,-0.4279309937192059,-0.41541085161304137,-0.30809125641595947,-0.3842722744374129,-0.10141882683362011
1.4662897845186667,1.1367121168206564,1.220879350328231,1.4882378017943434,1.1215191979577455,0.9792209726127441,0.9775588573098157,1.1954074399812489,1.054945566228332,0.9564672454989308,1.1285053766050337,0.41583862887342976,0.4969300127545734,0.689817074114867,0.7150932774408779,0.492145413317212,0.14636348865494475,0.44450841452617185,-0.0066862331021864865,0.06635474594296208,-0.11757610847264396,-0.3718750375733198,-0.42889149984445296,-0.05688143415150262,-0.43126944136212675,-0.20901740408385375,-0.3239457349432695,-0.6137395832460972,-0.4864256049627011,-0.486271009819174,-0.8432288508044877,-0.8261920760286443,-0.7848541387694725,-0.7375380731802856,-0.6657464155358063,-0.5466970187852855,-0.6776952652365947,-0.8983756984530034,-0.6383062756488013,-0.8424366845889084,-0.7448682698111604,-0.7326179562570571,-0.49291321038089564,-0.6428968318505901,-0.7353169702418678,-0.5964756523054485,-0.3455834358679291,-0.2707933753691558,-0.35119452053301387,-0.3125910831316871,-0.301356598524728,-0.41161155679086103
1.1149943796466837,1.103104928694865,0.9712950703400879,0.8326500803475672,1.2890989039640863,1.2780495433073245,1.2932018965427579,1.1609178013751262,0.9248706430783037,0.6179742340946441,0.9180097218144576,0.9135403372419802,0.4474100086610689,0.41444647837323084,0.1892932392717396,0.515789990555461,0.025860900679764192,0.39376416503980893,-0.10979280102863656,-0.10506315232317222,0.05971950093052676,-0.3435704256161265,-0.3714349904947275,0.037869631254231206,-0.3335280770520798,-0.4486664615062674,-0.326729630371276,-0.4658737888509196,-0.3606375707301718,-0.3730787528406461,-0.5699539423099947,-0.4095091057006935,-0.6410378248166333,-0.46775760506794967,-0.7124818094438027,-0.7176261413657604,-0.7605513999297643,-0.5057138774821357,-0.7735017168049148,-0.8016827661125673,-0.5167586095184654,-0.7464893892724537,-0.4000481919125708,-0.6687664069575254,-0.4196413883448165,-0.5989969325419809,-0.523615771216573,-0.5516806578413567,-0.380939711839167,-0.19875327483706814,-0.29279667155948447,-0.22168115471978775
1.3596161645870113,1.1632396310224493,1.2166061685409042,0.9432236070816695,1.4717858696767963,1.4591688837557595,1.3520450140540288,0.9155964227004263,1.2845572132704157,1.1133093991644754,0.9893673923768785,0.5830714315881016,0.9698113447783462,0.3984339978798843,0.8020007687609568,0.5217955004701206,0.06110510973633945,0.6098642341556908,-0.04905956719599613,0.08380467244577615,-0.007547874865160434,-0.4206249167761197,-0.02693706778746889,-0.2263982697225868,-0.5097275859491828,-0.14176988769831342,-0.5916822280522375,-0.40767020632486123,-0.682991970785184,-0.39176411241316744,-0.8122999484292123,-0.7923752054486694,-0.6706111500704159,-0.4454359682332488,-0.8056276070585374,-0.7708413812263503,-0.5938155659944182,-0.5043396278886113,-0.575414394470169,-0.5098150660606416,-0.5999436701275397,-0.65090200399599,-0.6728147715641618,-0.46874445534960296,-0.578470781952107,-0.6052473212300261,-0.34767749792588715,-0.43392046260210415,-0.41588848187041116,-0.4783105350934698,-0.22509202397634182,-0.06773862276601236
-0.09859308780782264,-0.15761003592474698,-0.153341367338354,-0.03422528333425182,-0.1820684983795592,-0.16683567626857884,-0.06654378199115249,-0.11545007083351791,-0.0669927976088853,-0.15655789653370208,-0.07566802533051177,-0.15090440591116613,-0.17805081796661767,-0.09422824277971041,-0.21398604959251544,-0.18399697356072364,-0.07839154296353801,-0.03726254991230893,-0.16095750779558213,-0.20440305353005733,-0.1209680714621198,-0.020719805793880493,-0.17733419071979276,-0.15609422355100963,-0.06472463449364448,-0.1675276316090636,-0.16542211526375614,-0.17278939720345854,-0.156596955560557,-0.16733159070623374,-0.0622833589523813,-0.1573873368470009,-0.10121017164196654,-0.20751371473876717,-0.04636944652449454,-0.198003951996251,-0.1606610282379964,-0.03942504793365826,-0.08163883370350343,-0.13525659179240276,-0.1716067536242695,-0.13022107375632083,-0.12156440909693222,-0.08321064682372266,-0.09566337040804498,-0.18245778188549575,-0.13005978681304353,-0.11646448047561321,-0.05544916575541806,-0.09766855090501522,-0.11044445924030831,-0.0899714810749906
0.0,0.0,0.0,0.0,0.0,0.0,0.0,0.0,0.0,0.0,0.0,0.0,0.0,0.0,0.0,0.0,0.0,0.0,0.0,0.0,0.0,0.0,0.0,0.0,0.0,0.0,0.0,0.0,0.0,0.0,0.0,0.0,0.0,0.0,0.0,0.0,0.0,0.0,0.0,0.0,0.0,0.0,0.0,0.0,0.0,0.0,0.0,0.0,0.0,0.0,0.0,0.0
0.0,0.0,0.0,0.0,0.0,0.0,0.0,0.0,0.0,0.0,0.0,0.0,0.0,0.0,0.0,0.0,0.0,0.0,0.0,0.0,0.0,0.0,0.0,0.0,0.0,0.0,0.0,0.0,0.0,0.0,0.0,0.0,0.0,0.0,0.0,0.0,0.0,0.0,0.0,0.0,0.0,0.0,0.0,0.0,0.0,0.0,0.0,0.0,0.0,0.0,0.0,0.0
0.0,0.0,0.0,0.0,0.0,0.0,0.0,0.0,0.0,0.0,0.0,0.0,0.0,0.0,0.0,0.0,0.0,0.0,0.0,0.0,0.0,0.0,0.0,0.0,0.0,0.0,0.0,0.0,0.0,0.0,0.0,0.0,0.0,0.0,0.0,0.0,0.0,0.0,0.0,0.0,0.0,0.0,0.0,0.0,0.0,0.0,0.0,0.0,0.0,0.0,0.0,0.0
0.0,0.0,0.0,0.0,0.0,0.0,0.0,0.0,0.0,0.0,0.0,0.0,0.0,0.0,0.0,0.0,0.0,0.0,0.0,0.0,0.0,0.0,0.0,0.0,0.0,0.0,0.0,0.0,0.0,0.0,0.0,0.0,0.0,0.0,0.0,0.0,0.0,0.0,0.0,0.0,0.0,0.0,0.0,0.0,0.0,0.0,0.0,0.0,0.0,0.0,0.0,0.0
0.0,0.0,0.0,0.0,0.0,0.0,0.0,0.0,0.0,0.0,0.0,0.0,0.0,0.0,0.0,0.0,0.0,0.0,0.0,0.0,0.0,0.0,0.0,0.0,0.0,0.0,0.0,0.0,0.0,0.0,0.0,0.0,0.0,0.0,0.0,0.0,0.0,0.0,0.0,0.0,0.0,0.0,0.0,0.0,0.0,0.0,0.0,0.0,0.0,0.0,0.0,0.0
0.0,0.0,0.0,0.0,0.0,0.0,0.0,0.0,0.0,0.0,0.0,0.0,0.0,0.0,0.0,0.0,0.0,0.0,0.0,0.0,0.0,0.0,0.0,0.0,0.0,0.0,0.0,0.0,0.0,0.0,0.0,0.0,0.0,0.0,0.0,0.0,0.0,0.0,0.0,0.0,0.0,0.0,0.0,0.0,0.0,0.0,0.0,0.0,0.0,0.0,0.0,0.0
0.0,0.0,0.0,0.0,0.0,0.0,0.0,0.0,0.0,0.0,0.0,0.0,0.0,0.0,0.0,0.0,0.0,0.0,0.0,0.0,0.0,0.0,0.0,0.0,0.0,0.0,0.0,0.0,0.0,0.0,0.0,0.0,0.0,0.0,0.0,0.0,0.0,0.0,0.0,0.0,0.0,0.0,0.0,0.0,0.0,0.0,0.0,0.0,0.0,0.0,0.0,0.0
0.0,0.0,0.0,0.0,0.0,0.0,0.0,0.0,0.0,0.0,0.0,0.0,0.0,0.0,0.0,0.0,0.0,0.0,0.0,0.0,0.0,0.0,0.0,0.0,0.0,0.0,0.0,0.0,0.0,0.0,0.0,0.0,0.0,0.0,0.0,0.0,0.0,0.0,0.0,0.0,0.0,0.0,0.0,0.0,0.0,0.0,0.0,0.0,0.0,0.0,0.0,0.0
