gfs-wave-data.json
{"header": {"parameterCategory":2,"parameterNumber":3,"dx":2.5,"dy":2.5,"nx":144,"ny":73,"la1":90.0,"la2":-90.0,"lo1":0.0,"lo2":357.5}, "data":
[rows 19 to 37 of 73, columns 0 to 41 of 144]
-0.8485542287896936,-1.413979418097915,-1.4621305196849712,-1.1757989836081328,-0.2232790955044569,-0.20937698217665646,-0.29725623420696157,-0.17103807766474308,-0.348371530607537,-0.18686213875400967,-0.28633387642675007,-0.27094358264269763,-0.1764093023670438,-0.33446567666441906,-0.2838983185569393,-0.30956085832165897,-0.24324068481668445,-0.26560547426160186,-0.3340669797152152,-0.25387337034164625,-0.3492416355491128,-0.2011398425126357,-0.3449535132662735,-0.35010050440465734,-0.22739840506289657,-0.31574225298384795,-0.1854178385849981,-0.1635805367367866,-0.24668985342880076,-0.22659385381997282,-0.1701609603393483,-0.288426586861225,-0.3305810463516925,-0.3597819759932398,-0.19917440933435537,-0.19693912837110256,-0.3520814254775259,-0.25835310371236686,-0.3262074124504835,-0.28377872657073655,-0.3516895597407328,-0.2595285732576096
-0.20043151938374618,-0.27339926343051946,-0.3177945382632793,-0.3541320464430194,-0.17825971584066433,-0.3347584541593636,-0.17754136591960828,-0.19666337738238837,-0.25749093363227693,-0.24218016166521517,-0.24867275886725929,-0.3454805233477532,-0.3609114181077791,-0.35695989912598597,-0.36193411679710297,-0.26856388762830513,-0.316994269043075,-0.2590657122459666,-0.2527040433417718,-0.2937818590237779,-0.2781718719044662,-0.32764974938093683,-0.20965241433000067,-0.3606764091595106,-0.22636966201728653,-0.19084065141752135,-0.29710448468007555,-0.19350868690151335,-0.1790148693467542,-0.2578463903671414,-0.2687721748267131,-0.21906177277021371,-0.3394477220555718,-0.23872811737923047,-0.3633727403128009,-0.35611782221420785,-0.20276834868603896,-0.24368578148244444,-0.3417085985361285,-0.35369786062332104,-0.2420692900283051,-0.36971353097014253
0.19265141146165643,-0.20325717561134674,-0.14305729199146253,-0.3246570293682225,-0.4672802266681566,-0.17440101027510516,-0.5478946272773165,-0.3845061283206401,-0.38961596256607567,-0.8008505686511767,-0.4749551149097504,-0.9002279171787994,-0.5594799561144167,-0.5910486114907344,-0.870769005493051,-0.7437141147243886,-0.6996684770182741,-0.7770352307572038,-0.4910535697311466,-0.7329827570089672,-0.5017609818750742,-0.7409978390709332,-0.5078179086285046,-0.6133527188135472,-0.5969973943503913,-0.5301155819853247,-0.40614411589639027,-0.47519581513810066,-0.3600012943094014,-0.44433331128994075,-0.4761139705677099,-0.0626421315120068,-0.31372779113046717,-0.10031506642916423,-0.20229894009707716,0.052840200410355254,0.028230988093135158,0.10269880284631328,0.1270244595507616,0.056636147119322765,0.2167618235282254,0.09590407283367726
-0.1989248131445995,-0.22730979881611377,-0.19588018821461292,0.03201824346881224,-0.23492609839701822,-0.36631862495794487,-0.6474255025883461,-0.7460864534337325,-0.6059410054715187,-0.6547578840904414,-0.6799030645266608,-0.5984208196633642,-0.4961439501933517,-0.9374025128281867,-0.7765863113424815,-0.7854188033867491,-0.9138473883481335,-0.5418723956868393,-0.5166523950030403,-0.855124993560012,-0.7021517928894139,-0.7416138428233444,-0.5786397323123257,-0.682596077772446,-0.5505603651004831,-0.6897196727733633,-0.6291265292215282,-0.4492357909754275,-0.41421600650193674,-0.18085353886468702,-0.09158266931373586,-0.3250453741757535,-0.09016244159475989,-0.3242144742796592,0.038129199107631274,-0.1834379058155931,-0.17178255144123647,0.07780437002230219,0.007095115816203677,0.2370976701931161,0.050108639900796545,0.356818519782429
-0.12220826544274893,-0.08405545379450775,-0.0337146426542121,-0.17183504043544484,-0.3884329604033143,-0.1727207517458717,-0.6376469891167125,-0.540090688056534,-0.7713901599365122,-0.34265748310403615,-0.4931582449286857,-0.8758709314814003,-0.46370842982703764,-0.6026642182919055,-0.7524936975271228,-0.9352771092969169,-0.6675068234684295,-0.8861769371069407,-0.7191472447907177,-0.6230445149061241,-0.8321859133510233,-0.605973628970826,-0.579207129162704,-0.8048660837732973,-0.510995359594256,-0.44302798424342066,-0.38600030263468144,-0.607405047498425,-0.6124583623967157,-0.22291312362619953,-0.4036599064877491,-0.17857168237419702,-0.03813095712937024,-0.280784797137768,-0.17918500504371374,-0.22141180108083924,-0.013734181730131172,0.018222888064508214,0.24810172584009765,0.010180269177564788,0.09961337345167941,0.34635907264164767
-0.36141050132527697,-0.42183508582714563,-0.3431343194801485,-0.38496614924416067,-0.24796026677534674,-0.337272273517727,-0.288627852214766,-0.3349120579773941,-0.2636944404274876,-0.3997310129578052,-0.31885484004014675,-0.3397207198939833,-0.42151000258620314,-0.3444224124647425,-0.3968904023514194,-0.22608755471876682,-0.39877830326695557,-0.37394135168069226,-0.37327325392364763,-0.2970454669879084,-0.2253806855918222,-0.3598269010552084,-0.34800953158996045,-0.25912392190088246,-0.32393235812711896,-0.36823396341033315,-0.2973412057998816,-0.2669664649390831,-0.3722724035376661,-0.3061516626478774,-0.40875927105748494,-0.23706982986725622,-0.3373509896964712,-0.3601564421362271,-0.2533438431343726,-0.38783890532521814,-0.3295918892418847,-0.2732921140609732,-0.3111712223637863,-0.31942792278280846,-0.3181182123359939,-0.36283860353227465
-0.6139375851652269,-0.6823464655930622,-0.6031984381952987,-0.40233423051828526,-0.36589322993033824,-0.5620536028454848,-0.7241491181551434,-0.4483794422830266,-0.6397840556930577,-0.5592409919749128,-0.3002646357206998,-0.5323669248177623,-0.41242637666684123,-0.3018110289859994,-0.2654418860377746,-0.32669248047595933,-0.5328377208405793,-0.319666438084125,-0.3440603603866628,-0.4647358535872764,-0.3603210235872073,-0.4229579772013591,-0.13660968116159034,-0.2514488996795709,-0.1846393242682722,-0.34402137812809824,-0.35702274536331824,-0.4423148384534487,-0.38065569135355104,-0.21791108002757267,-0.23309492733428036,-0.40719312653742284,-0.056874283252582515,-0.3699959908333069,-0.03553103457012583,-0.14801854341115306,-0.013524217838400035,-0.20000006875667015,-0.11898669098015092,-0.3883856801543853,-0.326081174365345,-0.09592130359738489
-0.46914633331186373,-0.4349154216855251,-0.41344153679306656,-0.51386907307024,-0.6093926543060304,-0.30512309130677184,-0.44385138794586637,-0.5998277761228835,-0.5069275225920788,-0.6563662434378135,-0.5723130414608303,-0.23841372483826107,-0.41261621999121056,-0.25479107212094343,-0.5802886320747557,-0.5324818482385603,-0.31151349945568024,-0.4058979563667204,-0.37406125307709376,-0.30800892762156684,-0.384386101729839,-0.3180589688894181,-0.23942982726356668,-0.41844962328046365,-0.10756513955237801,-0.16138607495750332,-0.33399093069883873,-0.18752825937844098,-0.10763530592670228,-0.1913271774826043,-0.3758550013624554,-0.21643672423615917,-0.2068414383419201,-0.04336066137255124,-0.0320475862306762,-0.10391772441677473,-0.3061786327473773,-0.39423802061997576,-0.03168536254352701,-0.015020040737540917,-0.36347214987774107,-0.09087211045387567
-0.6331755078440776,-0.5571594691782779,-0.44993396052773954,-0.6455493935312353,-0.5968441862674251,-0.34627403927803935,-0.4192388502360414,-0.6015066729592764,-0.42612961861399445,-0.39025122254619954,-0.47931566046533625,-0.2976947590156509,-0.5776699405720228,-0.19633350622258142,-0.48495170213598726,-0.414591251287374,-0.38169298963968507,-0.3493402144441272,-0.21101760755685642,-0.27338203106585773,-0.11760159871904356,-0.3969109541954865,-0.29579788865215073,-0.2610329982635404,-0.22971875292081678,-0.2993401688690928,-0.441914388343124,-0.29047967795051405,-0.381469826710627,-0.044049655414091546,-0.05656592982533973,-0.274237288539159,-0.343049716660031,-0.07268129782381169,-0.4546670790073114,-0.2347752891439681,-0.2145334836861179,-0.18702245467042547,-0.36105699670439373,-0.3592074410670267,-0.15613081805216525,-0.2811602001649589
-0.6840734718702511,-0.607570131190879,-0.4545237466447353,-0.5993443954257285,-0.5345559735170976,-0.5699845811636048,-0.6195052547186085,-0.6054528377742973,-0.3349766026447734,-0.557869150093952,-0.4386329961348743,-0.3314387857297496,-0.5994638293142548,-0.6738466931863367,-0.34952676888528783,-0.3458458890708442,-0.5919265942809715,-0.45087835649946023,-0.21965485704846055,-0.4179463488641973,-0.39924322214735775,-0.10859235821060009,-0.23358300004765378,-0.23365448519972917,-0.17755455810307466,-0.44529467247788856,-0.04591219993688749,-0.3741812860436637,-0.46607222593675385,-0.4565282252833963,-0.17297822175089028,-0.2760159946931783,-0.3954381929386629,-0.4140901745265632,-0.2529854023973514,-0.39249687870451616,-0.1450951982788452,-0.1495786383728229,-0.28541401407108996,-0.10365362624648242,-0.4514332167623851,-0.37661502416844517
-0.42610375092565655,-0.6296395589998682,-0.655202299139458,-0.5340274896184206,-0.5399984890244157,-0.49489213871161375,-0.6342897404462328,-0.4419085434374538,-0.3207314106451088,-0.28890344322356004,-0.6094300700164782,-0.6263323383166813,-0.6041440449375136,-0.6554370094540132,-0.6021671138593109,-0.4909846439766648,-0.3504965314637658,-0.29377999837951124,-0.603236681000982,-0.12880202792539422,-0.26021370252820597,-0.1896409203955987,-0.39977933883458744,-0.41120445867126265,-0.14459422746601813,-0.33941024230424527,-0.07969668420968688,-0.16670058089569975,-0.3688041019659644,-0.10047853277450648,-0.1570709931923631,-0.38616229412848946,-0.01717355206354795,-0.027386044799478662,-0.25629752048096155,-0.31932956282261477,-0.3448691198798891,-0.3904207023510307,-0.40023789621903094,-0.027366089162526874,-0.371737914025436,-0.13241342870776276
-0.402615890423494,-0.4521644570958085,-0.40642228855356266,-0.3647773642697698,-0.34844210361034356,-0.37232673421655244,-0.28519136384938304,-0.3332495773939663,-0.4237801431631514,-0.44745595363024426,-0.38101087471338585,-0.4074212789614524,-0.39636801230536556,-0.3321984955383228,-0.29010440032034857,-0.3674887420080753,-0.4614828415022203,-0.3530810195749083,-0.37140064361617203,-0.38970947326998295,-0.32655778270052976,-0.3881699495987455,-0.46343310784466185,-0.41635801369498593,-0.35419407782449547,-0.3629290650421305,-0.4145117103292374,-0.43710204026630217,-0.3215703184706857,-0.33237521692460126,-0.2853587488758538,-0.32679735592349335,-0.3974922157520789,-0.4177467603593597,-0.4768567011082467,-0.29796518469429945,-0.31123779124108014,-0.2964525685837959,-0.40325102174614064,-0.39098113165046366,-0.4719033404547338,-0.35451459496170984
0.100919932708755,0.11331968999407013,0.1579244257373596,0.3120644281067089,0.41062787625823954,0.6794443794487898,0.6073264829139648,0.835254417004692,1.0147683648946433,1.0139550250717335,1.1020224669168581,1.1254641185098186,1.1310656540051485,0.9937393358144666,1.1293399822275116,1.066640022898454,0.9120321934542056,0.9733624278371863,0.7706701021831422,0.8904183243363901,0.6440012945337069,0.2964589514288528,0.4818564982900668,0.1403270054472487,0.051651322604863506,-0.05560730092636843,-0.49888323493714426,-0.6377892589899052,-0.5867029017133674,-0.6645714792054969,-0.8825898017762528,-0.7440867781055152,-0.7803938382298656,-0.800511300334126,-0.751427423426538,-0.8361719632208842,-0.7227556687664431,-0.713198562411453,-0.7867337304981047,-0.6180214157952966,-0.6619338651131466,-0.5748306134609538
-0.046912717890363276,-0.012213176693151096,0.19420861413089513,0.4603062130664608,0.663098643209045,0.6877408388182202,0.6582568439409848,0.8913156444044176,0.7712242171241663,1.0056092918251214,1.0541387012763899,0.9823738580832511,1.014318156730267,1.12943625826533,1.1568394798106965,0.9653891514422664,1.068748630788434,0.7887700816673088,0.821434915866177,0.7951233088550923,0.7700647014711364,0.5908614996180749,0.2276210291017279,0.046938797440609754,0.06525002859885756,0.009670912975233337,-0.3144517510582634,-0.5177213935316077,-0.3781369792673157,-0.7208727609629494,-0.8023832641620721,-0.7369859317883243,-0.8176481414706948,-0.9165465360516157,-0.8642200869829942,-0.7693277161566586,-0.7090586510798497,-0.697779328786364,-0.6507579368352825,-0.655589706117836,-0.515450118316009,-0.5806179945371716
-0.09717863806596358,0.07320181912969724,0.13260772392524164,0.45139705875887737,0.5667407334843482,0.7876830070765092,0.7909920497626548,0.9949135738819146,0.9012557690760881,0.8583139923874504,1.0757878170492354,1.0684547553147967,1.0582471986271849,1.025299597043366,1.0591110711925222,1.1645045910170837,0.9509319970392612,0.7677248449086057,0.8142138572720066,0.6923511671106207,0.7851555249415312,0.35462437076587444,0.5202323025942793,-0.0350715552409664,-0.19108011174406547,-0.06665539920799447,-0.2766122782393795,-0.3803329561061334,-0.6857215074463381,-0.5661941912703927,-0.781311754095992,-0.7413774672798733,-0.7231066499581291,-0.766276470764955,-0.7486171583485485,-0.7769953359619184,-0.8395203379565779,-0.8274055496934483,-0.5825000043197739,-0.6755882461246699,-0.5654425884079985,-0.49912689808811106
0.12211188809353461,0.25129056131052663,0.12118742870759355,0.39412773603333373,0.38564197497112984,0.6553964970763806,0.7623296218470073,0.8178479299985583,0.968515962794153,0.9289130188331427,1.1045611804618374,0.9950087043285113,1.1053809764641025,1.1562463824816385,1.0502509028411156,1.0123954131654773,1.0296304623060373,1.0033974376712491,0.7512171985165563,0.5664546913384766,0.5951702685707867,0.4508009828894144,0.12009692068502241,0.2792092799622947,-0.18842634858722662,-0.3437083797992269,-0.1403866341433131,-0.5221703902558376,-0.6499636947539496,-0.6453564648968079,-0.7824814347706349,-0.7328727506623748,-0.7325421230435052,-0.7812758211011746,-0.8317335985177972,-0.7802840116986353,-0.8470825158566276,-0.731584189245535,-0.6978064299932745,-0.6485788285002642,-0.5699209412032901,-0.5715331028136584
0.02269114406182015,0.1878154992314667,0.4196835255694252,0.517500422725352,0.38600056636349783,0.735621346340045,0.8116636165495031,0.776426651983708,0.7849957822797505,0.9236027525126596,0.8590654853973514,1.116400900644955,1.106465724733534,1.242923409891378,1.1542349625060304,1.157528497160536,0.9249505321022351,0.8650256905343269,1.0427224835736337,0.6481286484148938,0.6419672000336341,0.6226352967858201,0.4732773678835655,0.1933041280798298,0.09117905565867457,-0.03921768374644446,-0.2803524536279068,-0.2799350597251577,-0.4344614464691666,-0.5383176546206182,-0.8158033178134871,-0.6218907816316712,-0.8146383661450521,-0.7762835753588081,-0.8599489937741164,-0.7976056166150044,-0.8533937345233271,-0.7834763346596094,-0.6948875369806862,-0.7781403987173904,-0.6101708306860697,-0.5597047916887362
0.07277705289430489,0.13329851142349022,0.11016782447483327,0.39167215630656366,0.5983046572674042,0.6562321460120732,0.7583321960632594,0.9680084911543638,0.919081422815315,0.9684652515550112,0.9162422792939481,1.1749725416362589,1.15367559437934,1.0743432674976683,1.0844594975135793,1.1371269076990236,0.9672353889818768,0.9771715937609659,0.7510602524768528,0.8985040882466523,0.7499950219383236,0.4105328521464288,0.3887546786194997,0.1864733452511964,-0.1326657294229767,-0.16792951058882852,-0.15992155737863173,-0.5346282584586199,-0.4954114903249944,-0.8399685474600002,-0.6832900677159843,-0.8601546428610447,-0.7078000466231192,-0.9190148659572096,-0.8694989839017307,-0.796675550441733,-0.7827602147990804,-0.64826209223997,-0.804478483179417,-0.5426836731728365,-0.5152678013646166,-0.6286316560524551
-0.06918927447845877,0.08281151407513758,0.2858362142622997,0.400780019173237,0.5618034598595736,0.7334699006555565,0.843033346841867,0.7602664474713696,1.046591060151895,0.8961703210059871,1.0264355350395975,1.080555179650654,1.2235146312199112,1.0901284746050288,1.166572135192206,1.0156390430362274,1.0838984070550106,0.8297202246017055,0.8636886375673936,0.7157098765309671,0.8730373713285222,0.3334729495628004,0.33319611152512835,-0.03180057258646614,-0.11867591774256209,-0.3236517073906152,-0.27039780514125494,-0.4039173757411692,-0.5314603165424846,-0.8249515460303811,-0.7393666317167222,-0.7822226635044565,-0.9182996678057641,-0.74405276601627,-0.9117708234113038,-0.9187165918034451,-0.8777171309393278,-0.6542253211683668,-0.5987123622057502,-0.5850328056004399,-0.5604288438114634,-0.5097789740582902
