gfs-wave-data.json
{"header": {"parameterCategory":2,"parameterNumber":3,"dx":2.5,"dy":2.5,"nx":144,"ny":73,"la1":90.0,"la2":-90.0,"lo1":0.0,"lo2":357.5}, "data":
[rows 19 to 37 of 73, columns 84 to 125 of 144]
-0.2615408426050729,-0.3292076773936698,-0.22039216537283304,-0.3434168081192614,-0.16551309982703186,-0.35855995624692405,-0.22807487215130404,-0.17911235044083526,-0.2982702363220206,-0.307563901403462,-0.22025095290995822,-0.17946013657149226,-0.16588005624327032,-0.29186364476647175,-0.26892658736921454,-0.20767918411404823,-0.1765583267305103,-0.23230712283913968,-0.2799401565112652,-0.17268201127306806,-0.32340757620658156,-0.2891398625181944,-0.30560224692722304,-0.355984740583141,-0.32879340696207465,-0.2375562163288334,-0.22177720712426705,-0.3385898019841308,-0.3317703992494782,-0.18213953671293837,-0.196040028495981,-0.2580684928493683,-0.3534918638897932,-0.24562056930967444,-0.1851388235772233,-0.3576716372750947,-0.22406785591230766,-0.7188180834391813,-0.8413134397708681,-0.6788940657736505,-0.6118853458080108,-0.8446523596843732
-0.233135476691129,-0.2757607743358488,-0.1756419530769035,-0.18052672911502685,-0.2767519022067135,-0.3511465572679183,-0.1981478783871668,-0.24575731287548264,-0.2784134874556985,-0.27699051138185055,-0.336958555964039,-0.23088662241540336,-0.2519744336282417,-0.3013168455261205,-0.2281629485355994,-0.23987138567305294,-0.2065056196526308,-0.2757928883312167,-0.29121733659241905,-0.31560057208177605,-0.25309655932071673,-0.36144232749771876,-0.2682938042409923,-0.37098047036364906,-0.25625937069861465,-0.3299047560634444,-0.3635180221779386,-0.3465340492587102,-0.23825868290503896,-0.2173584148542812,-0.19414917948906932,-0.18961708540893632,-0.27486504388498695,-0.19859949957524023,-0.32649024672282934,-0.26553100457638057,-0.3618637531855488,-0.36486917165214733,-0.29034505330202515,-0.36055514363020014,-0.32608916554029915,-0.3502558886231427
-0.48818468307441903,-0.5316981362710307,-0.343823221076721,-0.42934303230811194,-0.41838331508900695,-0.5644595496635941,-0.3727197129409508,-0.39747882679812363,-0.574441466861055,-0.39205431402374014,-0.3873869288940418,-0.36220655091075443,-0.3712312286373294,-0.36349666674145115,-0.2365680457710959,-0.2842918205617655,-0.3139008217160111,-0.11265996601704385,-0.3945721517279973,-0.190214821074747,-0.14191477477870312,-0.012306513005919992,0.0026349107398402107,0.049479460216041084,0.1445881213571139,0.15565767473725978,0.15734547611078956,0.27143250431606547,0.1590456911123486,0.09462702811094703,0.4334529045675352,0.5193149545308763,0.5137526342256166,0.37130170508775606,0.40819404366621725,0.3453061939768379,0.8023133235339083,0.6696544923849603,0.7928246754082103,0.7758912337384639,0.5529781691307658,0.8312355742191824
-0.45366420786656575,-0.49712248882234167,-0.5056141272161556,-0.3829321807503164,-0.4853390487448515,-0.31534014858003345,-0.6245541250732417,-0.3759762180824176,-0.5053284362268139,-0.34034223000152286,-0.4089098876349441,-0.3434194665377249,-0.3767145995741893,-0.5063956819405317,-0.3034317275716257,-0.4112439078321136,-0.3741455131874188,-0.3669412369408692,-0.07502259884241347,-0.33109791755326856,-0.17375873950510656,-0.18621357247303538,0.06337771070068311,-0.08234782422671136,0.07827558789683035,0.15704278120625031,0.22224045572151646,0.3251034218858327,0.16977100958807298,0.18910555297736326,0.38322451513599554,0.28426119827831675,0.6090299207271236,0.3790031105104503,0.5265302766620955,0.5260768885856111,0.4747629102371243,0.5666247890745706,0.4478587798614331,0.7499781629412858,0.47235453557547513,0.925119439577874
-0.4408033277921179,-0.34873170075456267,-0.38344379415830565,-0.4399663167403936,-0.3736371837232403,-0.3236219300082196,-0.5361880122215761,-0.43651802891677993,-0.588863989688582,-0.602190300863019,-0.33017881810787164,-0.5295753664252792,-0.35634773673497894,-0.5489666524390234,-0.43434047767844414,-0.42877191173648027,-0.3444491747616352,-0.2666954962010234,-0.23170914334725223,-0.09727044924440355,-0.08466231901721209,-0.17094941074000908,-0.17610518182557713,0.03195741166386426,0.05765142555774074,0.09403530603474718,0.060596961447205534,0.2769334343769474,0.3048402352864286,0.2746241884267836,0.2961887979168938,0.22103396457412022,0.40119811481828777,0.6643230397221203,0.6959518530839531,0.30333657289953564,0.5358384699520709,0.7801232942076315,0.6826463344397273,0.4884363368269776,0.5917413882314412,0.8352799219624646
-0.29867893762012,-0.3307356091966887,-0.2852653889016069,-0.3336327979806287,-0.30849495945731775,-0.2809544495513776,-0.3979617756831021,-0.42001381881957134,-0.376324001045779,-0.3453061217859423,-0.28040868970327143,-0.40706439040084347,-0.3624733343718772,-0.2873953696466499,-0.22978695635111424,-0.38496858917520854,-0.2363971993165716,-0.2396040579547269,-0.337512693095366,-0.417321138990807,-0.27554036763192896,-0.41358258951243365,-0.32907558220778843,-0.2674490293636867,-0.28099888512419,-0.29131592506349135,-0.3747891351435058,-0.331845707311331,-0.24600424705601326,-0.3654361137056909,-0.3470250559060467,-0.4194746478532722,-0.4246741214579601,-0.2738709110659127,-0.24849813662508893,-0.3949288977359299,-0.33856728370763384,-0.3018078316123186,-0.33050179065042806,-0.2950218049509712,-0.36816947045829734,-0.3707956667017657
-0.9219142746967558,-0.8566840529544612,-0.9686053506316001,-0.8761111934668069,-0.8506144964873001,-0.8157138264217239,-0.8368349684873919,-0.7929330334984465,-0.9186939524270812,-0.762750579279591,-0.7593134639683741,-0.7743935393962648,-0.8413904417000967,-0.6524848841780608,-0.7544046890331009,-0.8788302321295626,-0.8487774017881881,-0.7924510227107736,-0.8014897784153445,-0.785652085891534,-0.8357730071981926,-0.7042432155766938,-0.7021729840832961,-0.7268943337206303,-0.7721241328349032,-0.7367815681753203,-0.5309572040652043,-0.6678312278009912,-0.6450652314996782,-0.8063715250515315,-0.6429232184884957,-0.6151335218935989,-0.7274008916558338,-0.6017143520785809,-0.49978191946211037,-0.7114290933611133,-0.709910385115642,-0.533752122384493,-0.547548321934704,-0.5133158567302403,-0.5665315172339752,-0.6956471854591062
-0.8228341665201614,-0.9501615956940761,-0.9037281435690243,-0.7662083394289084,-0.8733837743237681,-0.856492069234363,-0.6687894145003296,-0.6535207625347511,-0.7591473076434953,-0.8861546596970089,-0.7871231147140513,-0.7984804698841841,-0.8716497752922413,-0.8673458967766586,-0.878560032311914,-0.7665616727163989,-0.7947172179917686,-0.7399627329861468,-0.7522687103591021,-0.6814309802058455,-0.8756632660770922,-0.8144265780995565,-0.6519307494058888,-0.8021013040777225,-0.7302871088805398,-0.6942792661506823,-0.566143510486138,-0.5837680210543067,-0.7620740790854387,-0.7119162748892517,-0.6427338525206392,-0.6714063644595379,-0.5822966809702748,-0.6973012611586046,-0.5716904848654946,-0.6031938700929645,-0.6418980780719864,-0.7172268261591211,-0.6300815095167817,-0.6909835331083924,-0.5594942918435645,-0.6112558306449309
-0.9275012283205332,-0.9269193285933772,-0.8005148331400616,-0.6768484938451638,-0.8464209005116479,-0.7674220564721516,-1.0123650055143751,-0.7669934003296971,-0.9178676287591918,-0.6760977034064123,-0.7479521196559172,-0.9457022861415005,-0.8281896855753508,-0.9021476162399975,-0.7573032612304847,-0.8553830737389844,-0.6285724509192945,-0.6974989247372974,-0.6971457740704653,-0.7582896899713517,-0.7180262250904681,-0.8567969488814021,-0.734011347777001,-0.6813393007590556,-0.7305497004949947,-0.7803114787921024,-0.6302869904402469,-0.8098746276676599,-0.7510102239150989,-0.6372277053810904,-0.5900520274412181,-0.7900145101241827,-0.735799036286392,-0.6331169197222306,-0.6644647620391567,-0.5547314333160371,-0.6229707873904644,-0.7597929617076494,-0.6983447214684758,-0.5443301333685558,-0.6768425026314997,-0.5463977462677356
-0.7054048038694979,-0.8171489613055738,-0.9187313886053696,-0.7459903810091527,-0.6957030962354559,-0.9149996180944993,-0.8282151961257028,-0.8893803046535032,-0.6883073312029183,-1.0109568364841541,-0.8794825376971003,-0.9598472743345513,-0.7728879624800129,-0.7667758973828356,-0.8100471396929254,-0.6331433404034253,-0.7931169824841844,-0.7524856630681579,-0.761006286980669,-0.775852469538247,-0.8250724117448477,-0.6896953296371389,-0.5699476888587723,-0.8501494291066474,-0.7142020230928188,-0.7852040765212605,-0.7654189324807916,-0.7118132977321979,-0.6052483546733726,-0.6568332558158467,-0.741947241706287,-0.7955975373186664,-0.7532752184988428,-0.6206333116032566,-0.559347920034665,-0.7198292719417276,-0.7120253274074141,-0.7597856856335667,-0.7148136390462084,-0.66507191873715,-0.5327227578990922,-0.5546852822449259
-1.0222770573626219,-0.928879601605742,-0.6220136668634808,-0.8125385506335949,-0.8995755420934323,-0.9248555600381637,-0.7211263759952385,-0.9207859307818632,-0.6870308357688925,-0.715362478462924,-0.8255114202501616,-0.9486318777434356,-0.8456163096966667,-0.9961516222838482,-0.7145432377082525,-0.8178530007354917,-0.7975076140924622,-0.8568428812169012,-0.7358229214496258,-0.7499442669660648,-0.674620606338092,-0.6226703621771361,-0.6683992353515996,-0.7394694480063446,-0.6993099956457831,-0.8215967412211324,-0.856073031633887,-0.6959537968660827,-0.5962927058143969,-0.845886290766431,-0.7103161804078088,-0.5653445221355502,-0.622085306517501,-0.5854822857219166,-0.733157519711319,-0.633689602652014,-0.6775861489411034,-0.709971274500817,-0.6784066496606903,-0.7313854503999346,-0.6908254761880613,-0.6836620569809857
-0.4376278553972303,-0.4079377990370628,-0.35617544694779735,-0.38932912549318466,-0.36834674634091497,-0.3975607641702643,-0.2802913175109979,-0.31652510471174833,-0.4528770484875877,-0.3947519914410446,-0.31845868364603297,-0.3114869791357695,-0.3824652177549048,-0.4642165709984908,-0.28079372701594646,-0.35551579090844154,-0.3834258319897054,-0.42759293026455597,-0.28219888375891594,-0.4303336477407579,-0.3403846316628981,-0.32536991787715014,-0.3935815893799991,-0.395864964871471,-0.35575676704579784,-0.44665989197634504,-0.3768866272731838,-0.4412995850779366,-0.3305919592808492,-0.282298048000918,-0.33669077599273245,-0.3274470908504673,-0.41409362561120505,-0.3047954299952879,-0.2948079566578327,-0.36734103063057966,-0.37175590773736167,-0.44213107735152085,-0.4762315088799539,-0.2943461140839244,-0.4740697567469801,-0.28758429225852067
-1.1729251659742774,-1.17235384930666,-1.0070499646208937,-0.9739788506923015,-0.9301060572266595,-1.056094668575555,-0.8466331749995878,-0.8191671620353211,-0.45241273145658123,-0.5771845651270234,-0.24413794385801124,-0.03312654348621463,-0.045287338124768046,0.26356072681618303,0.30268583733465276,0.4604366690099632,0.48597817364043877,0.6416107225857144,0.6821194774383305,0.796779455222701,0.7026612951077134,0.85887524637451,0.7817852573751388,0.8735926774478671,0.8480593570317135,0.7764632481645009,0.5858567996037155,0.6716371429220654,0.5990315649896413,0.5354442862311267,0.4196292519121831,0.376587154810729,0.3733282809637974,0.3440549047673334,0.12953840779870712,0.15249435800350664,0.02030271690065034,-0.04015379246412781,-0.09688628455176106,-0.2546802799993267,-0.16269781487196386,-0.22530400439888493
-1.136956399183316,-1.0277893340306898,-1.0781496164731004,-0.9399054699931482,-0.9071530663780111,-0.8000814444505814,-0.7390715057341465,-0.9195365927908721,-0.4825491668563924,-0.5747939281510572,-0.4501172472306714,-0.3581003626529292,-0.13582242808593784,0.26307078328673456,0.5398398432289484,0.5699532913864895,0.7314072137599925,0.5817189575307804,0.9205764840114795,0.7392503843670576,0.7151885935399457,0.8032537327251659,0.8814632734954797,0.8073509779055563,0.7193304052238778,0.7568080435316483,0.766633806134499,0.7038011845320669,0.6233373514329869,0.44703740680894566,0.4943066862264118,0.42180515718265055,0.3040655435873814,0.27465808706888156,0.24913120428522295,0.06284080568329674,-0.0723322678922191,-0.13465274768618263,-0.06338074404241499,-0.10054186856168378,-0.2626181523352905,-0.3293148683377097
-1.0430556672543858,-1.0229437812760855,-1.1656585938797908,-1.0204280293974801,-0.9304472471196154,-0.869546488985398,-0.7539762037147721,-0.764037881983702,-0.6024702459451227,-0.3986085593249736,-0.4465998633033672,-0.2957706922921126,-0.06813731932217112,0.08864274350810782,0.4237491072174709,0.44033077790604735,0.6925742184818725,0.6040185944729124,0.782258531209839,0.8772217581387857,0.9922064693001891,0.8119105116493495,0.783950255810025,0.7422327525620901,0.7555869293044077,0.7028741858361703,0.6797722031522127,0.6361408725271483,0.6374026691992736,0.46784153050205557,0.4247948604769056,0.32317708385991417,0.2507352465020294,0.19131703480884085,0.09657898982861955,0.15970221585987435,-0.003704775970507239,-0.03863242654135186,-0.08464800720645187,-0.23747462583097956,-0.21122276684059085,-0.19566015350927643
-1.0912525259882668,-0.9446124793015827,-1.0912332267157068,-0.9739052777799031,-1.0581118109547665,-0.8298869642544289,-0.9414394685642611,-0.8700953004947701,-0.8153124314497329,-0.45989431044760914,-0.2408507476514616,-0.27898043423064794,0.1683231934189603,0.14371963938281132,0.4014337639439769,0.4005240477030451,0.5810994661311359,0.5277521810071569,0.7360359330379453,0.7284307900599369,0.8263576817714036,0.8981895594986866,0.9521366679870022,0.8359877636479284,0.777017535278959,0.8764133880105123,0.6621969515802857,0.5191022432609295,0.4909042210465359,0.5607123534933214,0.5045544661809973,0.292549437004847,0.35646832139012974,0.20971385131980563,0.17282631608983798,0.08367657597662048,-0.05834799261722247,0.011998595168836192,-0.06377618160165444,-0.21985914975994897,-0.2896330293162038,-0.3606290972606999
-1.1247269805992421,-1.1433273844316847,-1.077824886872353,-1.033118146397433,-1.0419905745632747,-1.0378577586885842,-0.8507402780569083,-0.8226669660423448,-0.5930774895490302,-0.5060211594639061,-0.3357583403698151,-0.24127406444821523,0.21331524038990557,0.23048043934305884,0.13954438956825843,0.4902374270042199,0.456315309764931,0.6415351386137642,0.6108996853900326,0.7518918601712717,0.7428007185064868,0.8903438209295625,0.8359371425375995,0.8206751243705653,0.6910777888352033,0.6765442008211697,0.7254877452192182,0.6627793267635411,0.5106891334757078,0.4430767145828208,0.43165405761022624,0.29039964497585774,0.3549387989273312,0.3071043677105553,0.16247155941849512,0.10281573654044539,0.049051144467881745,-0.011553137728003085,-0.17320252509955614,-0.16545918198563153,-0.2956496204227006,-0.20626616350516452
-1.089348607733759,-1.0677895900532492,-1.0571851427895453,-1.1251419211608489,-0.9324008740948495,-0.9489197649696223,-0.872488721381003,-0.684290285134617,-0.6196888176754528,-0.5320194604966725,-0.5439258640826449,-0.31700422641336223,-0.1652196204887428,0.0885621522152599,0.3441848945375582,0.3830403544965598,0.48315421537327125,0.7743176713099164,0.6616038020946667,0.8384091531970733,0.8208935837689244,0.9337993300183652,0.7508692253615833,0.8133859294376707,0.8021880490625405,0.7893306616865536,0.7085853940743948,0.5925230771437445,0.6535186920447885,0.6635098572214083,0.49907391684621405,0.3836533097562617,0.43355951257128944,0.25891735380260084,0.22542075400839873,0.10611768969466039,0.009121258044749307,-0.0874726301549028,-0.06198401847097523,-0.13488841225080744,-0.22442820127262936,-0.2588449027771771
-1.0539169387579523,-1.1039769230482108,-1.0551855058430573,-1.0148632100281787,-0.9998390114622124,-0.834593352116791,-0.8961100277944177,-0.6389204547263422,-0.7390061330883736,-0.6330602594146696,-0.44344934123549795,0.024474053099869372,0.04219128572954435,0.17663957586825263,0.4269288839402037,0.6603201709697096,0.6842449746406774,0.6120466388757645,0.733561605051668,0.6627169238283483,0.9374168025641594,0.8360144284993052,0.6948069515132218,0.8102504822180489,0.7375716670172076,0.7525190527202931,0.8007338373392086,0.7027414263421183,0.5228610985014305,0.525851417997038,0.4553123308137213,0.38005148746689044,0.3150038432521118,0.288441465688318,0.20395474543759304,0.06379749169745752,0.002672800438238719,-0.1686765041739416,-0.0824333555344588,-0.21895029842387095,-0.22857481471326146,-0.36826967886540296
