gfs-wave-data.json
{"header": {"parameterCategory":2,"parameterNumber":3,"dx":2.5,"dy":2.5,"nx":144,"ny":73,"la1":90.0,"la2":-90.0,"lo1":0.0,"lo2":357.5}, "data":
[rows 19 to 37 of 73, columns 84 to 125 of 144]
-0.314862546985637,-0.19332176744173143,-0.2194375730197857,-0.21311268430742453,-0.3231644875077574,-0.22746342875787887,-0.23077347193592443,-0.14071597271047626,-0.32096580488882864,-0.16925342891319378,-0.2638216563498899,-0.23654009460159367,-0.17955730380850465,-0.266105335085768,-0.20514238091145318,-0.29007715769556264,-0.29619172808592387,-0.1993192151716483,-0.28150506583781726,-0.1572741962064802,-0.31495628998434877,-0.32816753608598265,-0.21841809827701492,-0.327613374976924,-0.25017081306977107,-0.13673514971427125,-0.22659969615650116,-0.3259932179170459,-0.30580390203482033,-0.2790636284632331,-0.2845837379954554,-0.2160636264172314,-0.21964731331041168,-0.30932743134872087,-0.29928599057803024,-0.32858305519731146,-0.3357940370158793,1.135592543472681,1.1978105883755321,1.148259840488879,1.0913459667940424,1.3643325697372686
-0.2585411601119909,-0.19169810458076164,-0.18470773314607325,-0.28545724268344197,-0.16869847354176193,-0.3222655653102608,-0.2881206764496346,-0.24766070629290532,-0.2607363238260803,-0.13125667404764826,-0.2095109472427718,-0.1619254742244511,-0.22037236613035888,-0.22065675295030016,-0.256501866547626,-0.18871667422321428,-0.30192780623881005,-0.24979606551695596,-0.2957647716764423,-0.3079216953445137,-0.29562485301005065,-0.31930901486411944,-0.19020232479979232,-0.22457162613143752,-0.29309504430167366,-0.21456525919598593,-0.1728233571136802,-0.3153604410705603,-0.2469359280213808,-0.27606939302677047,-0.16897775197951526,-0.20652142691952605,-0.31624737424445315,-0.27632503555515264,-0.22782641113835211,-0.3116046084173821,-0.2801899015117659,-0.27699483757680726,-0.12842238305253323,-0.1703317936393347,-0.25458743603543815,-0.1933043807606748
-0.37700897600097144,-0.5327914745941418,-0.3101429430997109,-0.27795880808994544,-0.44004705435387625,-0.46574250909256415,-0.360672886346406,-0.4795963227584594,-0.4081279937134232,-0.49354609332319577,-0.40826429439741957,-0.4940914733074155,-0.22081007085227086,-0.2724464585698912,-0.34129762164615424,-0.2825644418388591,-0.22704195067878954,-0.10377550195239506,-0.20249298000209215,-0.20188569412778765,-0.04698562550308043,-0.035867191844473845,-0.1987504157053523,-0.17661537682646153,0.0775239692429719,-0.09133188854757208,0.11460166967629344,0.07649661277090494,0.21119526092641455,0.11925915441495989,0.1965849701595041,0.42140645343606087,0.2041416604005101,0.23281762654105698,0.4967226364066686,0.45437925278192415,0.6420162413640726,0.40650944670838624,0.6066773586422886,0.5219328263558682,0.7352183050681281,0.5514753371298133
-0.4264896076474665,-0.28331093468082785,-0.36169865101520976,-0.5318047957804913,-0.28320078447618613,-0.3702972213434294,-0.4903472907780172,-0.5344957970598754,-0.491375744005619,-0.501348027195079,-0.3398172529511053,-0.34523034686179827,-0.4159853806822741,-0.28819277061330645,-0.4349739044459516,-0.19767516947605482,-0.25700853948370617,-0.34625210815240615,-0.2793394522410759,-0.258083385553056,-0.22531216183330885,-0.10445690426610703,-0.00881222796502402,0.09981116193055647,0.074058196303197,0.11168369493540092,0.16369345467647267,0.2544421426320223,0.2590664356916932,0.09649815775079748,0.30024682605208586,0.35218368185295057,0.3237847901518146,0.5260056112659953,0.5029429855388664,0.4973856845732298,0.491236535283103,0.4599962127287993,0.5931753483241022,0.6998220687791878,0.4536788127729464,0.7826525079059714
-0.46848962365829616,-0.4604072917111141,-0.36003819552518446,-0.2540720820540939,-0.29759469468793304,-0.415687000289416,-0.3459938094188139,-0.474671742491846,-0.4837934281519407,-0.40267141588788263,-0.3374764248763991,-0.4746128278731707,-0.2588141625137889,-0.3908635342295484,-0.25517452211672925,-0.27476391064979966,-0.1958770638932157,-0.2193011913346444,-0.2720086671543081,-0.14885387463414027,-0.01947421893284892,-0.1762899553597248,-0.03493654210683838,-0.17595157533320965,-0.16550630227922342,0.06333776316101461,0.08602807316367213,0.17300599558775376,0.03954240147581518,0.06111892169700339,0.3749433545141021,0.42201418068566154,0.28660091274115107,0.46790108337099506,0.33781551438423,0.34977208789308334,0.4187538210606669,0.682689799656399,0.5895500867099441,0.600962089871373,0.41395940380292673,0.7154541980704376
-0.24331600927416258,-0.08609756863318083,-0.2305173261043021,-0.17796505898147622,-0.17586572179158858,-0.19430930996207527,-0.1285593796015827,-0.22925658178030037,-0.2393819148330716,-0.243891280117758,-0.17523476442626093,-0.2603695355275147,-0.17135192968038435,-0.23872259660508482,-0.14919450718146776,-0.24021435684946163,-0.2158513243721793,-0.1396611363460941,-0.25117317180149284,-0.24723544308297443,-0.17521738609179607,-0.24086204413795317,-0.2632211956708261,-0.19279331673350045,-0.22570064826781663,-0.2492336367413891,-0.2353375373190791,-0.18987476156835204,-0.1398020704701663,-0.25623995676064915,-0.20680564739300036,-0.14243636930906917,-0.08726219308671598,-0.07744003601049877,-0.2132541451080046,-0.07901111648296974,-0.24748685504573106,-0.22570024626920762,-0.2514281864394816,-0.20380851573640374,-0.15185214061766608,-0.19456255231140898
-0.6786221511697802,-0.6100644102062329,-0.7753363535891679,-0.6832240864345951,-0.6040074103379015,-0.6335395528179889,-0.650531630478314,-0.7302806129368824,-0.806482730261329,-0.6188301045288654,-0.7528962091041018,-0.6909301468855441,-0.6800596974940757,-0.7895408556886515,-0.7819959713404997,-0.6247074255887283,-0.7522155734681137,-0.6198019548651383,-0.6413259685978456,-0.5150408406335579,-0.49068165328697466,-0.6549363857571624,-0.5851115713651555,-0.5935887094692519,-0.4726414224987686,-0.6202078648982607,-0.5797116846795242,-0.48715063968981825,-0.6627618821392085,-0.41623592202442783,-0.5227357244443941,-0.5753859921889112,-0.36828840434551785,-0.4147320283585262,-0.49728431213420815,-0.5529429634688833,-0.6056067929965865,-0.45274274823478505,-0.5553829818879458,-0.4876651036885898,-0.381128746658381,-0.4181522943382196
-0.8306341573161274,-0.598621188269621,-0.7538850993160359,-0.555996285907818,-0.7563374249357319,-0.6712307243525201,-0.5646854669737305,-0.612604107533156,-0.5877339803797926,-0.661344930438307,-0.6761396641563162,-0.824340310990422,-0.8111896755815085,-0.5782089856041663,-0.6673091578209743,-0.7443092304340551,-0.572136894314563,-0.6556663188042968,-0.451979085431921,-0.5767293767363055,-0.620600068832968,-0.6041438012987538,-0.5403520828837971,-0.6408784996665362,-0.5040704651430086,-0.5789129481863884,-0.4583910293478485,-0.5163670756209758,-0.4922469055528184,-0.6077524712916832,-0.4726633085485228,-0.5830072181604447,-0.4793869949281312,-0.426793090281802,-0.4143560216044095,-0.4687123334978711,-0.39250235536983263,-0.4391864854220298,-0.4484212272565675,-0.504549649305902,-0.5088213605885622,-0.3832537405776102
-0.6716971712320725,-0.780048765660002,-0.629480953371934,-0.5392547010277762,-0.7422058995597329,-0.6947825124390232,-0.6870282481376141,-0.6843671800775271,-0.664616438284113,-0.5283021965546676,-0.7956928656972343,-0.6116498637473103,-0.6387907043105878,-0.5148352111946666,-0.7817475924242648,-0.5637533698804554,-0.7058631560413255,-0.6903083215049884,-0.578681068752776,-0.6036180860529907,-0.6398816092310112,-0.6991573933983807,-0.6574935606508291,-0.5216249809040276,-0.6307080107006229,-0.6668226849622418,-0.5344618585824673,-0.5381946472880925,-0.5171411909742631,-0.574864102954621,-0.41823854061180527,-0.6199745180150861,-0.40837297869865796,-0.43745223530328137,-0.5371617449281978,-0.41928928110393676,-0.4985618446066322,-0.47737856957195723,-0.4512122174851673,-0.5102411666215396,-0.5510060681590379,-0.44521829371689864
-0.6927174091736426,-0.6984173078268029,-0.7850669184189364,-0.6454311253535309,-0.8354838322197943,-0.6846036912127577,-0.6896733508328708,-0.6913909313967042,-0.6137966571844532,-0.5556707952294575,-0.6677564001803256,-0.7223448140558075,-0.6047381067324281,-0.5255522256994795,-0.7629578146159803,-0.5863831136419119,-0.7176912340705331,-0.705422258671393,-0.6955616599904553,-0.5707257255691492,-0.5810854034485569,-0.530144207612317,-0.6401470855357665,-0.5800392242470421,-0.6500250314281978,-0.6064811692266036,-0.5245400087782913,-0.48854671285247625,-0.5702801543318211,-0.512500202365915,-0.4500481193678847,-0.577288365710693,-0.4892946972134988,-0.3979993562603903,-0.44082099393882795,-0.46322722462895494,-0.41880117073130474,-0.5453904296284005,-0.3722439730382582,-0.5120798017103172,-0.4757208743014105,-0.5982803217788877
-0.8041745078100159,-0.7983081398305446,-0.6276923012718095,-0.7419874142989159,-0.6313998479095532,-0.7092144932532498,-0.5800820609896867,-0.5460009941107072,-0.6223168272786093,-0.5486521839808072,-0.6695933649310714,-0.5349309222283204,-0.6551544400412401,-0.6093515420129998,-0.502397061402843,-0.6230722807384856,-0.5344971861944865,-0.5664847449995194,-0.46276282370547367,-0.48615748914476514,-0.5691574783193752,-0.5768164243493233,-0.6097007877435645,-0.5916693551661757,-0.42600189066597677,-0.5778348102446991,-0.5820422187994755,-0.5866937931887216,-0.45292116354544654,-0.46287210736569095,-0.5272728548053244,-0.5375402705876299,-0.43543568920738024,-0.5122262146952756,-0.5194421416924447,-0.5644437826855973,-0.38891935023296914,-0.46756034512778516,-0.5071198344205899,-0.5589563087957623,-0.47240430579446385,-0.4619061183892076
-0.10556272673976523,-0.11130188463913838,-0.02077023933057608,-0.21645137972480105,-0.1478266942247044,-0.149900266606138,-0.1294136166743036,-0.04999745433375162,-0.16468258757395443,-0.05697270870803114,-0.03034612680165011,-0.20310905591197137,-0.03826806128368214,-0.05816417421374868,-0.10574645609990505,-0.12828871209186846,-0.09620947991687832,-0.06913390059767618,-0.08671997037158319,-0.13568694415098073,-0.12750827508646267,-0.12271732635690166,-0.20064533386759192,-0.03362100602224424,-0.1392488942791125,-0.1352834753618778,-0.050690346561022954,-0.2119546826738519,-0.21630178347164714,-0.028235269659809693,-0.12025506539958045,-0.18894561916735705,-0.052524172109461933,-0.09509677469404988,-0.1869823813494124,-0.17507532894505887,-0.11640294796096706,-0.1943376571700226,-0.12015489790732399,-0.11699988114068258,-0.0986896550989293,-0.05055819029049135
-0.8127429036416622,-0.8812248916277431,-0.8965400893677421,-0.7491132931736784,-0.7397375540805317,-0.7454447516718349,-0.6041643514993242,-0.690188114534908,-0.3720276879866319,-0.28156805915529953,-0.3809172252279979,-0.06556404598763681,-0.06466815623017313,0.268045682200149,0.19419884172668045,0.4584709839542101,0.4515040459713341,0.5578836728347234,0.621339919195014,0.6594998039636882,0.6071851095494325,0.6017164525584825,0.5520563254638361,0.5916470665772094,0.4988427468115923,0.4307452247681617,0.4576665455512539,0.3824099297193245,0.4580895312743314,0.38034037065395754,0.312423191429736,0.2677672314681506,0.21390141324728984,0.17379637112061377,0.07473944262115759,0.07894653873145834,-0.0005212285134633028,-0.07895848005099661,-0.09896717129888649,-0.09011162368678846,-0.11060668671701011,-0.10630031776236781
-0.8685788522616388,-0.8512798439557814,-0.8094901190143302,-0.673763049055375,-0.7924395108075248,-0.7960970903594466,-0.6668655806011319,-0.48039280076929053,-0.5536147487658772,-0.2215557551234966,-0.38569825057430795,-0.19181606303694554,0.018389716589072742,0.10661720711056927,0.13401391013453426,0.4114482406954112,0.5570266988325102,0.5035081736264335,0.5144254123812848,0.6468635818678612,0.6632952263569114,0.7169386962043116,0.6067057423260148,0.5160184770376565,0.48460777551022843,0.45971609753468556,0.4661910834890591,0.3529807825845814,0.4180945877839368,0.313602294950388,0.2963770915419412,0.2779340126660202,0.2136739041871789,0.07737610924031008,0.0688912219719181,0.04221910896434468,0.0296557782278032,-0.014775786535602721,-0.026441871893387727,-0.0736669548580803,-0.12999397986284716,-0.08860150466190639
-0.7469941884215285,-0.9027956513932718,-0.8260155611919765,-0.8822784046803394,-0.7416652355032014,-0.755826394726283,-0.6889660704061369,-0.709406036490561,-0.5304555286318174,-0.3610659336677362,-0.3358216412422137,-0.024196145009195816,-0.11292623717994092,0.19697932231919466,0.28246562572223727,0.27810900656371146,0.41315213107341897,0.544112520470438,0.6416539845654525,0.5518955775020465,0.6527209691012765,0.5361855129397125,0.5255474152589548,0.4829603706979836,0.5061061209248493,0.5838067278682545,0.5851879570385391,0.40815070630490996,0.45624828556944774,0.33571459464031184,0.17635280758402244,0.20716460270104559,0.15558895997112585,0.12092533109272473,0.047103535157059666,-0.007378313609586638,-0.03068612996646267,-0.008964102755665209,-0.09607444791548472,-0.07988045502472588,-0.07424021857168403,-0.15277116190998302
-0.95170869216472,-0.737349985362233,-0.6892706716376127,-0.9678871876175096,-0.7533277212575772,-0.7407830763982954,-0.6177896186784442,-0.4394754126150405,-0.3628919637937809,-0.41647723077238086,-0.2571168077392918,-0.012394755105635822,0.15921546000840647,0.18005273032978328,0.3482149042901069,0.3526028673430333,0.3968509534764753,0.4164922408840891,0.49817923182378077,0.5160801294823325,0.690956370369117,0.5512995577798676,0.6014839504606315,0.573232051002212,0.5469022655525257,0.4671925835338013,0.5072438599474327,0.3490439243486947,0.38059675141762134,0.3272541011020089,0.25569292010885813,0.1956356534055236,0.23059199792842133,0.094738566533101,0.0495472568064631,0.04994511175639569,-0.01742721251244645,0.002493462645806712,-0.08378916217018423,-0.06744853250291473,-0.11949750058448187,-0.10691833094653973
-0.7573549198511499,-0.9732408392531695,-0.738319137042291,-0.7920585118650991,-0.7930322623477971,-0.5921855106593634,-0.5222049265954227,-0.4797752760721244,-0.41822316861564196,-0.21063271300780465,-0.19607800925496308,0.007616469305962994,0.08906604398101094,0.10129158835644936,0.40129036223714837,0.38642948395691745,0.4251824087584805,0.4931539307490832,0.6070638346337882,0.5897176888251879,0.5002005688717585,0.6194783143234742,0.5652219095626531,0.540366917131569,0.5760043141675057,0.5047001153216636,0.5097908883639258,0.387600007147347,0.3128119436641295,0.3034172049240424,0.29705474367576956,0.22457678621105706,0.10643944219355055,0.15831250481995987,0.04477157573244884,0.01137265335378521,-0.018207224451149057,-0.05240452346981447,-0.057806756201374654,-0.062054032939701,-0.11014126237712424,-0.17307518845452527
-0.8651718766652474,-0.7163994096052501,-0.8887571553825129,-0.8003753406672407,-0.7422882612380194,-0.7924510886521994,-0.7947991156588731,-0.524928353239843,-0.5034805675183062,-0.43020933739543005,-0.10629953356824456,-0.07095019751834218,-0.014018237676391014,-0.023813168886896288,0.16183028173131658,0.43971836218014443,0.4289868739108557,0.5174736691073055,0.5772490936964917,0.5339395124449035,0.5968433455758265,0.6483992293329963,0.5588429629449145,0.5333733700464981,0.5386977601552974,0.5639426127794437,0.4093482850475842,0.493043655458345,0.34543964537781796,0.26823790876806086,0.26026566077573915,0.23372543877302446,0.14755843421083487,0.1344147995423257,0.035877108490262405,0.010572108242306902,0.010349556053661668,-0.031871227227602016,-0.06695005578799149,-0.06425905517294282,-0.12279507993484143,-0.06901640175934896
-0.8507988306694746,-0.7692276012786546,-0.6715187705926584,-0.9421694108572275,-0.8031183186988143,-0.6652103694803565,-0.7965979831425111,-0.49793360558085237,-0.641465399815997,-0.2943520927878323,-0.32815140915331875,-0.24353497440871524,-0.025249929252709812,0.10142133530207259,0.22751726195794236,0.3422635846030492,0.4597152859100168,0.5502562026382837,0.4666712654692534,0.5101086632461881,0.4688786295759485,0.621262299069834,0.6227945826554808,0.4887388667131089,0.528582492835459,0.6140256280408536,0.4914797047343304,0.3799325247407867,0.3208504462333719,0.22509086265111866,0.26327316506190285,0.2839075568188643,0.14991061824817373,0.13159625507115166,0.08263367905452888,0.060317622904365244,0.032047607562092406,-0.011515789544814983,-0.07523341460278601,-0.04949626687980704,-0.08368429068948462,-0.08206098187964106
