gfs-wave-data.json
{"header": {"parameterCategory":2,"parameterNumber":3,"dx":2.5,"dy":2.5,"nx":144,"ny":73,"la1":90.0,"la2":-90.0,"lo1":0.0,"lo2":357.5}, "data":
[rows 0 to 18 of 73, columns 84 to 125 of 144]
0.7712423767558757,0.8677670158642783,0.8168730265198886,0.8269612931085892,0.7656973170434136,0.8018678149110245,0.6782758184437776,0.7191046183290065,0.45878928422697446,0.3787956617372759,0.4058116537709037,0.34593718006440244,0.4467095009724468,0.454006522960822,0.4708798885634224,0.5824402144241436,0.4180113935578763,0.5280938578910719,0.45952273490878853,0.7217298529116174,0.5319376254125566,0.677717462834567,0.6464781232914225,0.7281026026943016,0.5560378941578923,0.6925765380302855,0.5503422924725317,0.571709706084446,0.5111570980655473,0.45907117196332703,0.36422953070431413,0.3913836011014029,0.19758708732488936,0.25265213090020894,0.2700295851834671,0.27847828137253233,0.23335379686752888,0.2268208745926369,0.2494354530178452,0.20198385434607632,0.1608511894550809,0.28068315192513615
0.8776672971484519,0.9511437976540766,0.7905516309768436,0.8050752041823126,0.6821807714389434,0.8740163935652971,0.6792894168715214,0.6496543491888642,0.5410443741874511,0.4377713411631914,0.48626428034029484,0.4143558016602524,0.3028252804172279,0.48717354162434423,0.35296631320629146,0.4335264367629672,0.5576409301839066,0.4613601115864842,0.6042814734138505,0.6261962387171286,0.6073526789532872,0.7183691367137027,0.5982249070652952,0.7081891976364565,0.5656736380195613,0.6394597126192483,0.6132395863721756,0.5567546228335826,0.44368781721284795,0.5373391312306023,0.40486225421405725,0.4385243733985635,0.33401744698978647,0.33929266457262164,0.2355020963405682,0.2758420342422816,0.15500791211693568,0.23517757057648056,0.19572309737745863,0.22820008930645752,0.21662810638335608,0.19926115155325283
0.8486107552059012,0.7470368471067736,0.8271486645389468,0.8393354214566894,0.6771456011691195,0.7084956252411584,0.6002313198049325,0.60995582054813,0.475340067766125,0.4290648293384019,0.4416849864815869,0.42765824010026426,0.269506474175244,0.4702200365923344,0.5579568738161109,0.3424210404897888,0.5135037882992937,0.4156322899079583,0.5850401372114477,0.5512716733321712,0.7115380221202093,0.6865420874040618,0.658474042134529,0.5686635800529808,0.6515178921536923,0.6781775510453928,0.5581041009306502,0.598189173882378,0.4249822420383185,0.4013047220402331,0.4082647582062744,0.26528822881059,0.3008783662290552,0.3093946771971145,0.18193330972315777,0.14939309191968317,0.1624524616353378,0.19662047608002453,0.2682252331585086,0.21168971031686704,0.22962983280539992,0.3087193150855991
0.8855233791765991,0.8620710265974747,0.8848678651065592,0.8675324333849642,0.8250609699347649,0.7859194577820762,0.6303893834922416,0.5488954915816795,0.48455589016947237,0.5081726881241602,0.5145364913855179,0.29772067368856375,0.4845518792626425,0.3378930714683964,0.4977135115031622,0.488936443050574,0.5420806856485788,0.647023257464665,0.6169548123312497,0.6779204485330738,0.5889004721116664,0.7719606605999193,0.7429805476030161,0.6627624353731784,0.61016905371407,0.5836855047306058,0.6141277814461645,0.5514462795880352,0.4593802003600413,0.457494433987424,0.3812662812121032,0.34198561396984306,0.2889935371469272,0.234238814221907,0.1705099167404863,0.16417219173198258,0.16499141051968674,0.1346212441427364,0.23820939401594474,0.22873990239013017,0.22564778129484556,0.24543769582347594
0.8794393416876238,0.9025130059094966,0.8298273295947267,0.80566786839168,0.8104757103051182,0.6650931167801293,0.650246906360841,0.5973043907489052,0.6410535396752011,0.4574861864159692,0.4106726253131126,0.2929830821954355,0.3554782497977448,0.3699440063222166,0.5319133621060349,0.47972515268556504,0.46875924141245723,0.6185877211496082,0.5697573749168359,0.5467931826762523,0.6371174823033847,0.5124640232552142,0.7097824606712554,0.7183489378798705,0.7165003014897251,0.5377248062307551,0.604420263230061,0.5028030770631075,0.536550639556941,0.45814288883125864,0.35442383258225724,0.42256641581750337,0.28387156669275165,0.22533685119886168,0.21032402804634615,0.26636719487233107,0.19225770826901964,0.1609848416445554,0.24449328989206148,0.1578789896339838,0.21715888005413927,0.2226405567575006
0.9217488111560912,0.9527912215821267,0.7722696233205686,0.8947846012611254,0.6867156022986091,0.6102496137624551,0.6462348590202592,0.5431674010853473,0.5035123574900309,0.5044775655439351,0.43112196396842367,0.36807621467338997,0.49785890810252986,0.45206799416367127,0.4983384040143801,0.5484469779952633,0.5005230322586128,0.5023848300309851,0.7133476199037269,0.5352075619590669,0.7062343087822023,0.6845243658193658,0.668850341880019,0.6298209945194085,0.6556881867676311,0.5336853506702784,0.565990178121606,0.5914857426667646,0.49673330583255415,0.4703369599992368,0.3956146655603377,0.33836033462707715,0.3383294236367646,0.22173176069071301,0.24085393135507818,0.22147524476802205,0.2635407771824366,0.26897407600499795,0.18658418199215346,0.2369349360115106,0.19658717862630445,0.21418328353115396
0.7687611907539522,0.9232954653357468,0.9163895659382603,0.7635513701543564,0.8488653630622887,0.681755821818635,0.7348872280025665,0.5163139174179281,0.4355863162832713,0.3486759087440303,0.3634322167822505,0.3962147025307607,0.4827311171874629,0.3344380075845245,0.3343711420057174,0.42525783671448003,0.49145359031724084,0.5438897659318229,0.5584815987908098,0.6813083816102605,0.5790183903314127,0.7040139729895686,0.5767055703017182,0.6187585272811189,0.6096654465139713,0.6572391419980786,0.6680102744068168,0.6163911106611182,0.509243585515742,0.4629420119599409,0.3586118912744207,0.28380620405811646,0.2848283131798279,0.226845114940881,0.27012638460229577,0.14078759770860405,0.19145447952046957,0.23554318691833778,0.13642694537631328,0.29838050589252463,0.2917029281745815,0.16943907250298867
0.9247729817036078,0.8062652794923542,0.8610481697036273,0.7900525807735074,0.7692375091289355,0.589325635218592,0.7140567461674576,0.5419152396595964,0.5903757231678871,0.5330715347221693,0.30090396204099384,0.3428654676346403,0.31812163985314035,0.3997502826269159,0.3899355629171637,0.4881335561777763,0.5612356963772794,0.47618391383332137,0.6457986318590027,0.5725760802495081,0.5447444738745312,0.6480171668655514,0.6425038462688273,0.7149271293189261,0.5549689403935821,0.6122682544339705,0.6158589537185167,0.44254227188170003,0.4108712974448158,0.42835312179793317,0.3973657604954568,0.34769904425575643,0.26417616252450715,0.23260271898362164,0.18314333071520256,0.14748759986464616,0.23203336231100585,0.27778693853594816,0.2263470450979855,0.194279529221332,0.20605073475303637,0.34820847658269255
0.916685754401665,0.7945567086985181,0.7442887700217313,0.7690350191710251,0.6989293519498746,0.8100871612781297,0.5768622824832009,0.6061071525518102,0.4746266259764226,0.6244692747386035,0.4752278946624273,0.399204930109843,0.39789917653613865,0.38157828058645255,0.5292195759013112,0.5727155774301841,0.4269563403984009,0.5344982026865432,0.5105106410617518,0.5802433723854645,0.6630355385456602,0.656173213048179,0.7221098273559579,0.7160843184688463,0.5641172212813438,0.5567302230382362,0.5192025605872133,0.47423190376404206,0.49351842793509854,0.36050152204431546,0.28083887514923883,0.36491940126519556,0.3257990136077279,0.24714418103290522,0.1985859015809307,0.2489183494064766,0.18370328612252276,0.23096766548661746,0.20278046920446566,0.3125997023882926,0.18411625859065667,0.20871651762191853
0.8014386930407814,0.7542616431329356,0.7868390173484131,0.847601242553384,0.7181513791210543,0.7500964066469753,0.5763678052574464,0.6342855490740589,0.6455082566357095,0.5571834300025492,0.44322333685493326,0.4526391473085248,0.28505361062789253,0.5282128773198146,0.3644580099612393,0.4141896298726785,0.4500092748136425,0.6018490332606669,0.6335044488865038,0.4524817126681383,0.5028335994707479,0.6655179702329981,0.5674809533028465,0.5934010846467767,0.6787599592772827,0.6464486030738691,0.516634823711102,0.4974062052040225,0.35256532626608245,0.47527951403650387,0.4514053407898574,0.25448205765599413,0.2602296946197411,0.2829003093919477,0.12466305120507273,0.18898681595110486,0.16749195047516008,0.20072848875283447,0.2028625933003539,0.12290485271301271,0.2540696078619674,0.30231154991144954
0.815204607558891,0.8121518442162659,0.8727812815949949,0.8198621441791172,0.7073517373872903,0.6466985409147563,0.7099013179625008,0.6234891166610802,0.5657496162663769,0.40168517272625687,0.5623096962515061,0.30907710160023116,0.36552965989014086,0.2755584673239611,0.313033149742582,0.46122017217218814,0.4416803462877915,0.4547230056858441,0.580832918342095,0.703702665263147,0.481195018410797,0.572635516116733,0.6050339841931869,0.6643585694548853,0.6673847281357411,0.6563869419364388,0.5281918676712674,0.4988437481319123,0.4571622734063516,0.3869083561512492,0.3307705748268785,0.35977154321337473,0.33371180817333396,0.19339216115617167,0.22012777468267547,0.18756482228628352,0.17663703637104922,0.20873803362234672,0.1768120979043499,0.22140115477170016,0.21131670779378325,0.2333373965954412
0.7357597024205641,0.7599218911423151,0.7737247093046906,0.7686716559145075,0.7602176757867122,0.5915476658598429,0.6903619174134562,0.5565965500357064,0.5152892766581715,0.5216663024118453,0.3808683907176732,0.3206692405573221,0.3355944680651865,0.501614695019509,0.47222043398891955,0.5196700410102205,0.5510369777665249,0.47185404248262347,0.5918453286663922,0.508028965105163,0.5266884025912909,0.5726349436440267,0.5473658873433646,0.6256666606974627,0.549607690462257,0.49033393854679397,0.6022431210100888,0.4941563467555936,0.41226986299348956,0.30204697378128714,0.2609925439813032,0.21284152391381803,0.3695736545992595,0.21991443412681413,0.18407744049580296,0.1448646006771761,0.22324437789989524,0.14698216635220004,0.28581886662762984,0.2686533015973972,0.2402145419673328,0.16426645933326592
-0.3721683202233888,-0.24223250031339305,-0.2572369571060459,-0.32866842552617775,-0.3810615170287607,-0.3876969454162961,-0.22767296565630685,-0.281679999096624,-0.37644567721707006,-0.3946504159906653,-0.3899731417636045,-0.33112540627409714,-0.28721507583146444,-0.275628455044106,-0.28349916179016327,-0.350812578878021,-0.3800580679585492,-0.23480884256868734,-0.31669113304063157,-0.3231098819689916,-0.35685093827759357,-0.35718307419052014,-0.4169644882545967,-0.3433545045128123,-0.3009127030647168,-0.40104094868519186,-0.4217702460543019,-0.23247650853379281,-0.2291079628129065,-0.2661732099536988,-0.22517984571129698,-0.22998291983525276,-0.22699491178511386,-0.3865189244786848,-0.22855853451793048,-0.4081091513098819,-0.42291175058414376,-0.24068585706750098,-0.26279752269918577,-0.36557733801050574,-0.28822330538254287,-0.37605140298322937
-0.31095787153738996,-0.3794367228851118,-0.3650915579361721,-0.3982736773816541,-0.3088597167089432,-0.3987133231525194,-0.23275901491571332,-0.2876906873136349,-0.39570975927091795,-0.2503613252368853,-0.3203778616699491,-0.21376549916426313,-0.36060981959367583,-0.27260551390316146,-0.34860627152397095,-0.31829306000753355,-0.23654288872839407,-0.32251468735541744,-0.3437512450902924,-0.409912252169634,-0.3110837687937105,-0.24860771906050794,-0.324922469484721,-0.25964154823725744,-0.328860835452047,-0.3815080372806317,-0.27126930495479473,-0.35847246945728584,-0.3823136334092597,-0.39233785424688433,-0.39745402770994187,-0.2335616089207981,-0.31128453305829795,-0.3443796107423418,-0.33869958909102454,-0.3456485751281094,-0.3209806845349182,1.0409917940973044,1.2481556321150573,1.331406835226623,1.220766569574365,1.4867208470293793
-0.2541896822501042,-0.3552415784564554,-0.3974690140999734,-0.27665049153420485,-0.31017551469195204,-0.33983373414947193,-0.34390879222284076,-0.35257243166469104,-0.2458597622551639,-0.23900327249447542,-0.2482105483607298,-0.3417480230542185,-0.3433859834399886,-0.3867994902139237,-0.248039372811411,-0.2548932799554468,-0.31139768475312596,-0.25650685982700955,-0.34413850515682487,-0.371162172814318,-0.2216234719120607,-0.3977659011054196,-0.3344544118877014,-0.30097452036251143,-0.3756651340405005,-0.38957474457634844,-0.328146064677092,-0.30763733445220637,-0.22137391107581186,-0.3906621850239002,-0.36668084588181155,-0.24891411739433092,-0.37337202247646634,-0.3339582778641321,-0.3209612310610146,-0.3763173572387635,-0.3688580071351123,1.1036690988733824,1.157750498497054,1.3403078108806612,1.3761863539049741,1.3700936424405776
-0.2798241824576863,-0.3127536579957879,-0.322328122693367,-0.31047340335899093,-0.24697821228786063,-0.27268032962908173,-0.19163255130501092,-0.3125217617183246,-0.2698833723718716,-0.2728512107268662,-0.29525283360254767,-0.36877298658155266,-0.2105000920656466,-0.3298544549115914,-0.28863410380265675,-0.2032225532708389,-0.3645967972727292,-0.37973879363592433,-0.36632957568120517,-0.36635621530186796,-0.2158509549175157,-0.3115694478291648,-0.38400154328917935,-0.2602175107839287,-0.22442449616780952,-0.28261317430981303,-0.34278956533873567,-0.335745305444913,-0.3013402530884407,-0.29101170523221254,-0.23906889975091677,-0.30916600949744083,-0.2848205255284166,-0.22599955897133928,-0.3460059776377556,-0.23970869428622696,-0.2596607003571779,1.313154019503027,1.2713766720892645,1.449920084226093,1.2180972531910483,1.5303949295991182
-0.1862948830477481,-0.30061957491859526,-0.34115608345625686,-0.29906563121173024,-0.27589237686634943,-0.34905272777067753,-0.24460436406867644,-0.21629056757202114,-0.3049572708957642,-0.2048938183892325,-0.31801733746469296,-0.36058525394121665,-0.33660283587796563,-0.3702788076377843,-0.3636086374742117,-0.1847535325875217,-0.29313345222735837,-0.2850120080735094,-0.2742401510370542,-0.26620681826274945,-0.2700857977895532,-0.25780647664846107,-0.23666692294995298,-0.3492352056615435,-0.20771942125715895,-0.1875771615530911,-0.32013791407093395,-0.3281907909244124,-0.2649129383213973,-0.36380134864723807,-0.2845769168071083,-0.27802750696442574,-0.32726848892738714,-0.32458068077253804,-0.2178375679768672,-0.3428824813009669,-0.36803298421929165,1.027448983376163,1.303163876749392,1.1797302609905813,1.336685932974351,1.4938366925031912
-0.19890863292136807,-0.302860867854424,-0.3263887778467148,-0.28159754183577973,-0.32851861550203043,-0.20504396214361534,-0.2868293393610236,-0.2747859323804657,-0.3416790527247253,-0.2880442477962119,-0.16830727285475194,-0.25890993164928433,-0.32721987089836074,-0.26361940002127077,-0.31553294595188924,-0.2785969804918201,-0.3530218883994324,-0.2859853171271654,-0.2696951897974593,-0.17871068126092965,-0.30471210114149044,-0.26128690500505697,-0.26820956390431583,-0.23372817895361803,-0.32166899850563174,-0.1788705820920643,-0.19969514085215212,-0.27569035407145437,-0.23196902769593858,-0.291231991825409,-0.26981258660018553,-0.33954595912685126,-0.33831457269965204,-0.22912789557395777,-0.33509568917949173,-0.18353240663264583,-0.20139705071290886,1.1383099363627927,1.3283123137091166,1.1867164945574986,1.2704636673230196,1.2184534852924587
-0.25374380080181186,-0.1560613769503018,-0.2420774560192141,-0.2524944789016465,-0.2575222100928709,-0.28725817905774365,-0.29286927482751496,-0.15833882918493764,-0.2271114988427998,-0.342261318777275,-0.15401409296215537,-0.3032516277786597,-0.18217845230686516,-0.2017120099755155,-0.3124533077118007,-0.32990422873027436,-0.15385851302383394,-0.17555001249648783,-0.3427381186655935,-0.28334295103128115,-0.32976817177511236,-0.2980781875347126,-0.296409631561787,-0.33259985478326276,-0.3388297203592125,-0.3443816687769451,-0.16904857787776217,-0.17860967658881793,-0.3321041352680491,-0.29713040971713056,-0.2746736722559808,-0.15395460853761495,-0.1745288813856656,-0.3050972003167238,-0.32549690171650114,-0.2296494077094068,-0.2547920172220502,1.195330488367461,1.3024789874277733,1.0551911737223416,1.461802001766184,1.3217014606915247
