gfs-wave-data.json
{"header": {"parameterCategory":2,"parameterNumber":2,"dx":2.5,"dy":2.5,"nx":144,"ny":73,"la1":90.0,"la2":-90.0,"lo1":0.0,"lo2":357.5}, "data":
[rows 54 to 71 of 73, columns 84 to 125 of 144]
1.4312067649947307,1.3720539901922386,1.279548318551216,1.3773392401900424,1.283701125079973,1.1965943678405415,1.2302805602970377,1.2126738854468746,1.2448334703061839,1.142514628240603,1.283610581469542,1.2389929993537918,1.0719002234847474,1.2367241118751746,1.2714713549657304,1.155478511031663,1.1982196893762236,1.1787620980700377,1.1811287278540583,1.1895531974505251,1.294433321610404,1.2741066335887146,1.1883615893499788,1.1527311863296672,1.1659474621328316,1.3100782932096071,1.2270111115414264,1.3059331667100562,1.31068926802984,1.2815942982847535,1.1614504437745312,1.192409734522895,1.2154548552293611,1.1573653641899206,1.173991799370038,1.311210527599527,1.155923545869999,1.2429697372857982,1.0996410624705264,1.3401825582804263,1.356416297373044,1.4145414352422558
1.5616220228856892,1.461414769345345,1.5311342040551452,1.313294558583347,1.2568574324935924,1.1578039254170207,1.3519572868925016,1.2479108412695086,1.396145492313949,1.2199572982321925,1.1416241799750062,1.2896266183912803,1.2975054944263562,1.2858149868398538,1.124195692508913,1.1524936279031874,1.1882407845582172,1.2559337316922632,1.2806903230594244,1.1703063219272212,1.2068851745536375,1.3340838300162958,1.2970520076768737,1.3125717716320715,1.253550411326161,1.2730342296977828,1.1796811372234646,1.2642671732105635,1.2314444260656332,1.2411006448714845,1.222391347482265,1.1384625925140144,1.1260550914920202,1.2017784853533064,1.359866827792969,1.2284783394694005,1.182236149551297,1.2560632565182897,1.2839461775311618,1.3967989912275947,1.226294540781812,1.1754708780340457
1.5765009055699424,1.3539714837432262,1.541486805323098,1.2172932128539333,1.1964236799301446,1.268797234742088,1.3863754327978977,1.1564360581246491,1.1302848928112255,1.240244523076127,1.2474979763614031,1.1356246975094977,1.1249649531817305,1.2492072223642452,1.1852941070028715,1.2201480121418082,1.3600950886532983,1.2093337407393714,1.29824561133525,1.2445069979237582,1.2229292855363787,1.1709672620312155,1.2514385070257035,1.2374711683376216,1.3436088205681946,1.1765183300036217,1.185328568642838,1.2354208169832903,1.2063914315811548,1.3148788135395093,1.1859387964670236,1.244271801315087,1.1196230778226437,1.244320732279093,1.161631476340638,1.1466105073643267,1.2498440594880684,1.0415444501731508,1.2202279316146531,1.2198662161577902,1.2183590033245728,1.2793632409290379
1.5122372227523662,1.436252923208677,1.4114424735931508,1.3764448141001744,1.2963143747185073,1.381452390049215,1.4804331305437575,1.1733943320646394,1.3529403191536697,1.1673512471893646,1.2704478650656437,1.1489912122321453,1.1833388015918647,1.3751407628308483,1.1143405667353798,1.2387205883310963,1.1537303945127342,1.226287663007521,1.1939918630838484,1.2054665585488376,1.215650540997349,1.3002133034867664,1.372165185133027,1.3110503366264508,1.1990355080707842,1.2202355573967374,1.3132697090162082,1.3296037347126155,1.2872219061592458,1.377771501256549,1.3003210396680789,1.254814905792989,1.2551269628287414,1.3275348020176478,1.2824986678406909,1.1739932969637839,1.088791727643575,1.2956563843877464,1.193845990002344,1.1699233537945373,1.3497706531322795,1.154237176442145
1.5043295869264366,1.4772783136764698,1.3982540237750418,1.4669850867897254,1.365921902160767,1.2892000511258102,1.1066968709221,1.362739666951046,1.134320373698776,1.2921504434169115,1.2655042047161043,1.2254417908299002,1.3066033306170168,1.36074317987763,1.265110848675736,1.2469009634499029,1.293252709218778,1.2594614833854227,1.3386530818302547,1.3321458291516308,1.1529746282465794,1.1881759049590679,1.3958102161785533,1.3191675884967653,1.351326056992443,1.318283548201418,1.345432370817196,1.3963435090613565,1.2737347752420731,1.2143626333132962,1.170815838605919,1.1814001464379646,1.2146293016451177,1.3801986996178164,1.2009912059087737,1.2865717855288956,1.3440793703962908,1.3445634622706688,1.3875957970451707,1.2687976652632562,1.3989038925665571,1.361602268962556
1.5189722085344766,1.400354017046429,1.3877450230034962,1.2882691626889382,1.4633415521962183,1.3549373798407816,1.3856708464892287,1.2261694431563177,1.3166821099702233,1.3350585080752309,1.2314459892134164,1.2609795897214253,1.1609081201046338,1.2566306072226714,1.3113759932014721,1.1905273679295032,1.1976265345332178,1.3581987551346173,1.3991492051443892,1.236762915170134,1.272508249956754,1.231386385728012,1.4124945724316282,1.3966785300539961,1.265214996977657,1.3666021651120916,1.38464063080798,1.1702960929431863,1.3434547111839807,1.2746676994535022,1.197019621830465,1.35286539254433,1.3268993589483715,1.2087387429629861,1.2860387977207777,1.2398674746922054,1.1364160779569124,1.2880648464763855,1.365341446115414,1.2918024822163179,1.366578683383062,1.2086138002282771
-0.03643420368554388,-0.04671427462017721,-0.01185679568634626,-0.0003847525904368601,0.05219201792848179,-0.0249458619248944,0.007695359784825756,0.05816021180189323,-0.03857480028500104,0.001334935665721253,0.03741451257061935,-0.022136554657640476,-0.005116204337507638,-0.0015930758885175796,-0.001378528142078635,-0.06061400318879493,-0.024431242284759274,0.005662726717671239,-0.034585264002237714,0.040730220661735386,-0.025007366712035274,-0.04051619303620399,0.04513825443824406,0.019358481814861238,-0.016355245573032896,0.008200763599557176,0.005047637603131475,-0.042375642591419856,-0.04647855105343095,-0.004031010296032606,-0.06359781602803741,0.03467794577008205,-0.019875234472569305,0.018609907365978094,-0.009232029984174547,-0.002067965542277234,-0.03328737220545914,0.016365204993471764,0.0013653948602023215,0.053535206184750515,-0.02204165262301138,-0.04381218367459131
-0.0952802039052521,0.2272636750533899,0.0951248975506462,0.24603990908557577,0.38034159439735304,0.44429266333218315,0.656042991242663,0.5391754186792831,0.6910528724372615,0.6296743887240761,0.7736164484002107,0.6230007361331492,0.6727025889396133,0.8036493585816956,0.5881969987217402,0.5553774169236368,0.6651812262933015,0.5162548030915105,0.3551940819805638,0.3074784453694279,0.36805987871971024,0.27541963533074987,0.11300771694170969,0.0651211473855422,-0.06864076158825216,-0.09556897100163696,-0.09744049691680451,-0.26250299603544647,-0.18227818753973732,-0.27939672595206494,-0.42252916897950893,-0.3592533616655639,-0.4242211275039134,-0.3098626612799625,-0.3549912408050666,-0.37872909143499917,-0.41407117411566924,-0.3020479299904255,-0.3346620703465961,-0.20920627000593106,-0.18634555527469274,-0.20301640668597423
0.06779318921418608,0.215107801735266,0.08753412392818191,0.391616390020923,0.36969245124496863,0.4957701547918905,0.5602924231118096,0.5179559660388867,0.5578359596996844,0.7643364179714384,0.6266720828017485,0.613795787354844,0.6838988181577048,0.6245917336561344,0.7962688088705353,0.6649455929611353,0.5249597752326849,0.5806039496394303,0.5066513348261282,0.3869841350993813,0.3542427937359241,0.27841013502693174,0.1332699693064014,-0.01869741848499682,-0.01735723136272026,-0.10487344284993723,-0.10957258876061356,-0.18292232539643252,-0.23229685814551998,-0.26377818299904304,-0.2679599369032675,-0.2554433094392163,-0.4323231853689482,-0.3267584128209729,-0.29467629575953513,-0.33481113023659376,-0.23615864012496127,-0.3122698063711111,-0.29838386459767074,-0.32009053249541947,-0.22291619373635838,-0.2891627048940122
0.09610112315277707,0.18788928735631846,0.2886759219338059,0.19500701753599195,0.2619790000469955,0.463951918139762,0.43338392922150837,0.6286394612342511,0.6086571136035135,0.673326082742787,0.723325237424884,0.7733803448658481,0.766150026033404,0.6900332603517355,0.6771348216285662,0.5605457153542623,0.5918783443068032,0.4999203919715603,0.4611736546876894,0.4524213159871607,0.281170263732541,0.2948896071582778,0.12962591074994456,0.09667787519397152,0.04562585400345663,0.01900871222930874,-0.21394172298395395,-0.16301877554987912,-0.23053046588096376,-0.2678339663150855,-0.2925081566640195,-0.3557071840058345,-0.3562684161178444,-0.4205286386409114,-0.34219627453869755,-0.3517715454383398,-0.3658263947117797,-0.42751912970967115,-0.27651428576572706,-0.22574014417202137,-0.3631309792599568,-0.2730442640514558
-0.03320920417548485,0.1587026118914645,0.2151408824669393,0.22477943804049672,0.45671205449614366,0.5652675039216628,0.6828312276349069,0.5678743079599835,0.5663804248576283,0.7859282393027441,0.7489590945951458,0.7104462942096912,0.6794901229601893,0.8191567603940269,0.790799157005114,0.6519344014879765,0.5325827089674762,0.5853002790939341,0.36466205165491167,0.47634550216442817,0.29996789533122314,0.34171243521148353,0.19055355289388015,0.08001070129792931,0.035489283331958305,-0.1171279331727849,-0.2127813548523629,-0.19034872706784867,-0.2784678553417076,-0.3207250514715064,-0.2884174449478046,-0.3645326804124445,-0.4713544829481849,-0.4011593246093998,-0.42313840048276463,-0.36574407130618897,-0.26699568743414326,-0.35456908336284854,-0.3639266100068712,-0.2875284161085858,-0.30685984240651837,-0.28644068563678127
0.02094306311882286,-0.03360683477845214,0.2809984185478804,0.4150562084112027,0.4542279899088619,0.5566898831150208,0.485694257163,0.5777068614383739,0.7215439337035199,0.6925588912262512,0.7710886920890474,0.6444507550985643,0.6284701824007446,0.6750719610847062,0.7387750326275425,0.6754013115169036,0.7720048052631628,0.5268125571029637,0.49089153720016737,0.3775287674212326,0.2791581238625884,0.3274103272745925,0.1907842804318756,0.12625458470889495,0.10467166174686385,-0.03086762275952783,-0.16109636927743295,-0.250536932674524,-0.25452013128197676,-0.2687945460747303,-0.27520486967378,-0.37825660111925835,-0.3944540752825354,-0.30739464002649103,-0.48130385273380366,-0.2861393913412898,-0.3887764879062484,-0.3308599131051071,-0.43732834051152,-0.22370737453249417,-0.22932803103916174,-0.2631418730556059
0.12935278347500914,0.2075974163401166,0.10777574216035522,0.2462412791805577,0.46971235131122785,0.5009028645844738,0.7034896094755395,0.6948926696846363,0.6103532451038041,0.5916642369390214,0.7948802086903638,0.7192122304791376,0.670047794657214,0.8198353728289801,0.7111719025645139,0.6125659248117976,0.5786434936322279,0.5828258675146863,0.541462583931373,0.540797310506002,0.3318899185523627,0.38773416803259136,0.29925247912528397,-0.01810348927347047,0.04762777146556677,-0.15438527648279132,-0.061596408780759955,-0.20680665876467488,-0.23458096783784346,-0.4113299885940953,-0.4653245552852293,-0.36975257870866163,-0.39144551174030473,-0.2794408794063371,-0.3672900486970226,-0.33958080314324873,-0.3754848858037487,-0.3109395210915086,-0.4277516228699859,-0.32943806678573145,-0.2428924103013333,-0.24446079570864546
0.10513232853814047,0.07199714147957653,0.24096721355586703,0.3720897401093383,0.43868800647549505,0.6124199557683772,0.5715725703887857,0.7821727415950176,0.612578707858249,0.5936994588495008,0.6983340632735189,0.7672400810692508,0.7909257817393198,0.6782412025879447,0.6441601406644232,0.6574380940832639,0.6720726336984363,0.4981513656179481,0.43866705873572964,0.4105121139049583,0.4699617755146912,0.20177365238992198,0.12026798014040856,0.0048562193939563625,-0.0918903409439582,-0.07084776450685862,-0.18775351923413958,-0.16707721585308313,-0.2152163837152335,-0.28082272242974116,-0.36146352986295205,-0.4001922755386495,-0.3571163172974311,-0.34800414224214293,-0.4058817625820058,-0.434044967631068,-0.3765272793336973,-0.2693516005397492,-0.4299892414922427,-0.31529406167178786,-0.23850600108427894,-0.26389493301970246
-0.019917934188994093,0.23337085963455217,0.3038740283481242,0.2862720848559088,0.42153478778254483,0.4450326303673012,0.5424931399138112,0.7598642767188155,0.7297029865287734,0.8351936006139244,0.802226690932311,0.7583545906354509,0.7161888346927924,0.7295553450853597,0.7919378225434467,0.7385724086797966,0.6685188687562434,0.6924040457676021,0.5297440359798062,0.4769220899735741,0.4965214278019526,0.21965955321726288,0.2236346037570432,0.16574869976472598,-0.030458908622617027,-0.14003983692185604,-0.18476081504182043,-0.2391373346325308,-0.3353361369871777,-0.23836503616259194,-0.41661834253891034,-0.4656117376816865,-0.29531000994034634,-0.4445439210035366,-0.4101291374351621,-0.3884452815024663,-0.4192925264906622,-0.3973534203984649,-0.33040799191692743,-0.2659448422462719,-0.3356482022986189,-0.3095177110423945
0.15041607950542826,-0.029851985802059645,0.3701463916079102,0.20876247738686307,0.6017391642774539,0.48636050889270954,0.5248394977704847,0.5144396022818531,0.6971618607912746,0.7507838968534507,0.8586489007986065,0.8379129996575225,0.6861066770559122,0.7000558689589323,0.6452798808959009,0.7986305989238823,0.68443490158048,0.5875202057387849,0.5411565550196077,0.454170944275402,0.412149823392496,0.23758358980330446,0.23372731044950654,0.15606051953879152,0.05890230304581344,-0.0708579187019379,-0.18571248986333785,-0.29883212587301805,-0.2540027227736823,-0.27524211139331034,-0.3820931982397064,-0.33797626180713597,-0.43638033676916704,-0.29493944396783406,-0.3757502352650498,-0.3837635189695147,-0.3591917767944533,-0.4151187307526328,-0.27814717567862235,-0.29901896531896266,-0.30654036920496436,-0.26702772737490443
0.12028639703521385,0.006985005346037568,0.1926274076328641,0.3919701988621237,0.3091806326502886,0.4979682755617755,0.7685522525661417,0.5988485659614053,0.699968699481227,0.624253153092651,0.8130760796837113,0.7141392835542185,0.759314387504754,0.7597353845917308,0.6755314347399225,0.559422457498122,0.4887867103230714,0.46579510521230416,0.4473501678324572,0.49374479909042623,0.37179394056139875,0.2699468364469768,0.2233233176719257,0.02980045149693476,0.030373353186008947,-0.18447505537786693,-0.1885306270546534,-0.17397656858359417,-0.2894908287080348,-0.2201512811420468,-0.4117995762058824,-0.2921111432710715,-0.34851762238008277,-0.29028136304946167,-0.44953830267050804,-0.3366998792124653,-0.25780229396690857,-0.38176732853925316,-0.30847136644362533,-0.27873435656386536,-0.3238094565789028,-0.2371029620876052
-0.03791012194672667,0.2446900621059251,0.3636284160511725,0.3297134727368154,0.3644252591101225,0.5144300541075078,0.48410206826325863,0.6337630279082317,0.7755749111790043,0.636513379118433,0.7254389920804893,0.7500906346138679,0.7174695762745912,0.6250335786753122,0.6623676935071547,0.7323906098086422,0.6163892827668439,0.46613073305762825,0.4886969716004609,0.513232907332498,0.37948473397536253,0.30272771458841796,0.08401757606160544,0.11874170454194127,0.02657088062978725,-0.09672329357232806,-0.24495047790974003,-0.25098567230295793,-0.29699394556257114,-0.4532490877314839,-0.39773394809863316,-0.4579358372263322,-0.5013784263802024,-0.38134046411025196,-0.3307660561071179,-0.4535079077486833,-0.40461333835119134,-0.2984011323480779,-0.25587818982658284,-0.2715895779617163,-0.29321932143368723,-0.31306130732772597
