gfs-wave-data.json
{"header": {"parameterCategory":2,"parameterNumber":2,"dx":2.5,"dy":2.5,"nx":144,"ny":73,"la1":90.0,"la2":-90.0,"lo1":0.0,"lo2":357.5}, "data":
[rows 0 to 17 of 73, columns 42 to 83 of 144]
0.2954095040948931,0.3340758532267487,0.336107392474663,0.42172409344226003,0.31121080750496405,0.49884147420722197,0.3496368178611428,0.2862882972291779,0.38800456438476655,0.30047359941765506,0.3516421839915236,0.22465292411746868,0.3057639722127577,0.2283941781697051,0.15531950566494468,0.19400584172391686,0.16700397559270294,0.09358390308721899,-0.0008080084497253519,0.01928252793483071,-0.16538034093428544,-0.2242932191137868,-0.2285979625572441,-0.27905663361427174,-0.4557124163476487,-0.3940424534640303,-0.4368782563780425,-0.4708981566485524,-0.5001135291617567,-0.5956619684318081,-0.624566595121518,-0.567640716943167,-0.6471026801211605,-0.4894776118887205,-0.5862354179523888,-0.595009525652591,-0.5164238689571475,-0.3841228385476253,-0.30504149678980963,-0.3709845837867166,-0.3109090180165723,-0.12358371571765873
0.3183339795752164,0.4045636770462995,0.31108488806078466,0.47430528812493333,0.5044339844255753,0.43067435489795314,0.4037477883940897,0.2948915115675908,0.3317044736411742,0.3954141699324411,0.41423300138316066,0.35286577263724506,0.2317643219434647,0.25473510851186787,0.1756268592324669,0.08540240321819109,0.08475947780245573,0.020499033030503717,-0.05532390214100255,-0.03347292780589341,-0.06744335072707479,-0.15470395310451007,-0.22922448898002873,-0.26116943098310486,-0.3153390285662619,-0.5242099008517151,-0.49182349374085554,-0.47213187899129294,-0.49897795151870444,-0.4313626478046226,-0.5751299769839927,-0.5649780013581742,-0.6049310356349087,-0.5723263170131601,-0.5866323366755962,-0.6227233013960161,-0.6369804287223654,-0.3898408913789735,-0.3079036667424099,-0.22321872728687092,-0.24593911703385102,-0.11398783766874104
0.2820544450085941,0.44442175121478894,0.32476943677512854,0.35024311442861905,0.4674533930396679,0.38880088589910267,0.35268948923023663,0.27485067075003244,0.3461645917969354,0.3959308208175061,0.33621157460687306,0.3773138813904972,0.16893971125201196,0.16287701100571786,0.23277590798092287,0.17769871170654974,0.06025551044495379,0.09331698725637302,0.04797783261649812,-0.05556231844196127,-0.07601923290412088,-0.1916413946355047,-0.2349756688755828,-0.3927320375033995,-0.428753393989818,-0.37388743065011026,-0.4602204334595893,-0.5526928608382617,-0.4915812135577078,-0.5540053359622524,-0.4556676558795007,-0.6301453669203576,-0.7035591092913198,-0.5093433746329559,-0.5097595265994165,-0.48794808728251066,-0.6103317545355029,-0.3661089427918157,-0.29879515825282,-0.3740796921439358,-0.3640236433107248,-0.15474197700032474
0.37390537565733933,0.40569746977378535,0.36844703704301823,0.3991613539397928,0.31334873850139466,0.4015799334027639,0.27345118291010306,0.4608334834048038,0.3107693562136138,0.26788821909832683,0.2769940537633484,0.28998327620706077,0.3290390396981049,0.17612553521500193,0.17114439220775196,0.15480462364479292,0.18198335615946068,0.08813759452735462,-0.07025880254652553,-0.09264587957167884,-0.13135639205561164,-0.12534683255085027,-0.22703777462165708,-0.21139948446043758,-0.3401873625183091,-0.44362120870212596,-0.4602454668974563,-0.5072340541709003,-0.5058963711708857,-0.5216746740328901,-0.5041077016532916,-0.5546853593527526,-0.5501875766867093,-0.5765240893389111,-0.46847284143851403,-0.566384815427452,-0.40212048921874366,-0.371518782861439,-0.3129982889177548,-0.31721734324891854,-0.3279421363931099,0.00870093798193884
0.3113730632132912,0.25448139478304693,0.36725743088857704,0.31218192691087937,0.3902498169212897,0.43962537110956434,0.44710560680424677,0.3448321804837252,0.4067222935241023,0.39281979654955246,0.34063132092152604,0.3539373950469121,0.29302021070504003,0.23706556822818461,0.19371087844471152,0.10006790042515147,0.061205849104574696,0.10703634282336293,-0.011616364610951533,-0.03249361275463706,-0.15417601528804317,-0.14531747752894278,-0.2906704044063787,-0.34168508662463737,-0.30472022956738876,-0.31718462060760405,-0.3144352168896705,-0.4059678854867803,-0.561669441895469,-0.501757669298954,-0.5712886462374607,-0.5588392488843222,-0.5130526795620475,-0.6108508489784022,-0.6046220625080253,-0.5153688977863455,-0.4223125316053353,-0.40765016703318924,-0.3724641704778949,-0.23544689051832687,-0.28322496930819846,-0.04818391350592833
0.2563785767257296,0.4463932612358719,0.36298406964837654,0.37737407475435625,0.2701345600038577,0.3085814272422841,0.3439113760716371,0.4120384753960698,0.34480028493673487,0.31481183750358327,0.2970117707358979,0.23691598116552723,0.3329839736215034,0.1719007177227765,0.1871774633437751,0.19001948006527122,0.11271753363103038,0.004987886880860806,-0.022593695372505638,-0.08367333680622553,-0.07967828097665212,-0.1240968392422231,-0.24703157479237026,-0.27031446989020835,-0.3420484876311145,-0.3128483315991854,-0.39837746578432853,-0.48179946762097065,-0.47587361221350744,-0.4284118589705349,-0.5425725578506789,-0.5737821000976392,-0.4547020388233482,-0.5728261381487794,-0.6380195456973315,-0.6068994230949474,-0.5227148093667172,-0.5401909207384427,-0.27985961163848944,-0.1978877283771657,-0.10238768956822968,-0.22361230522327577
0.3824048423420287,0.33057603974256417,0.37420456182671735,0.402860972077815,0.45237927929780053,0.27712527460315756,0.40489802434113253,0.3999336896036141,0.3067617156304526,0.3921761113209024,0.3347516054413452,0.33438523139416115,0.2173903900156991,0.21193723016691368,0.2381653641214099,0.128530833769327,0.09392598210670473,0.10442566080636059,-0.07653229050207416,-0.056088153039892896,-0.13597471546167275,-0.1642632823891455,-0.20696978947810174,-0.3933373884856738,-0.28950548278075433,-0.3240451920043011,-0.3475240581823724,-0.5416509509202733,-0.3657551817427663,-0.614295470338361,-0.6558241584774571,-0.5065105464258451,-0.5151520837512137,-0.5753185159080803,-0.5689474685848724,-0.48298988491806916,-0.4659880494166577,-0.5757195542044273,-0.3894691922271115,-0.39287562033978685,-0.1418218275607194,-0.11180275385592506
0.2939172641133551,0.407688509408895,0.43447722823410906,0.39899186225445765,0.28705978945141253,0.3100127883803293,0.3909776028251173,0.3165629298395507,0.277961445197161,0.3028550344568811,0.3593272834322858,0.2942096530335895,0.2644881346294789,0.17936562967867267,0.15211003102379497,0.1554146362630072,0.13067937689420758,0.013564569035005334,-0.015543221502900866,-0.009575636700439996,-0.04605172648276446,-0.21949474559508061,-0.2475695182275635,-0.2510911017439149,-0.4070473278807443,-0.3193154714735594,-0.4323094447076912,-0.3856119670055998,-0.4998083895943784,-0.4809268495287698,-0.5373056188072387,-0.5240894879775063,-0.549921116953304,-0.5328813512611774,-0.6134401950564147,-0.4942685074328978,-0.5761909584943189,-0.4467735230686969,-0.4852435431064125,-0.1793895695023556,-0.23784360195130952,-0.11940176631761681
0.39162358726630375,0.41230420521123606,0.3674505083808948,0.4057070092710719,0.302066309125162,0.40876623673233076,0.4326335793683146,0.3706303054273202,0.2471358154628148,0.4249125839772737,0.2307362703374589,0.2770660249374927,0.19151707206660226,0.13840902213145054,0.1479339311236029,0.12949320144050852,0.04087468226002562,0.02072176032218172,-0.05354300399283839,-0.053577793668122736,-0.11616072670434587,-0.22584895756779827,-0.2026796306947796,-0.39683652559941157,-0.356267284163203,-0.3830225896955153,-0.518359049621797,-0.3868491783324931,-0.4524676647495591,-0.5157285546194271,-0.47589479290132236,-0.4991136018714884,-0.5732813786609945,-0.5164549444067243,-0.5085851677740165,-0.45969333082945724,-0.47767166082674706,-0.4421070972190076,-0.30070282576814683,-0.26747735135904377,-0.09748346307799974,-0.09703022367335758
0.3899848063977951,0.33084134499649726,0.3274319720652598,0.35294807204904904,0.4041055416751904,0.2830287178297361,0.27920851781470707,0.37604038401296086,0.30223473965983094,0.3219485916604179,0.22818394601148248,0.2219525411863482,0.26548994759653727,0.3028083525892632,0.18210620879273975,0.09300952222727911,0.07355808674534196,0.07422866392732556,0.02061078084626807,-0.03676839718892879,-0.04444733655068187,-0.2082628606307672,-0.14923570322370644,-0.26728272898779487,-0.3159341926028154,-0.3552485029743899,-0.34258572745721966,-0.4210924982257324,-0.4229062758236102,-0.47145360951378906,-0.6222668023768644,-0.523164489566564,-0.6158124672555076,-0.48615523685188533,-0.47360575777624025,-0.49918922512531755,-0.433971123728413,-0.4950837977658234,-0.3434196876600859,-0.4210274275549895,-0.24791542195983515,-0.15755694126691672
0.3039771905783034,0.37240865150131336,0.32297938022429806,0.448824455932636,0.3074845439358602,0.4149931620569097,0.23835008611464945,0.35113045390214376,0.2987993520616497,0.2321519274056484,0.17278810885285184,0.3070124090774375,0.1863526314504376,0.2139317305246508,0.1301393992447875,0.13241141190574393,0.10357666640255965,0.03798255019999746,0.04918319931715666,-0.1056369167256819,-0.051022302356665654,-0.2115290504705894,-0.21568227266558418,-0.3868519058418609,-0.3134566577708695,-0.3348353840371599,-0.38690184020748675,-0.4718766006851712,-0.41818521948032233,-0.5188769698645049,-0.4892759874565514,-0.46853646173398866,-0.47983872979362857,-0.6565771256566302,-0.5367342123910841,-0.6074760427980197,-0.44748714201490825,-0.40294213702182335,-0.37732160429564054,-0.2277964253165478,-0.17847872521674918,-0.16570460634841067
0.3417806685636732,0.3359616354752475,0.406877248050856,0.2479126639661456,0.26459091763883325,0.37071261121074783,0.2900067059828038,0.3172082448757471,0.3969355343909897,0.34754522435647706,0.23173914680768787,0.19566518259810886,0.20076866446161667,0.2802006800675952,0.16522299005157368,0.09728561109778534,0.16672903089955454,0.10310254981343682,0.023916752896316906,-0.08260695328503122,-0.16522067454888525,-0.09652515139862036,-0.1756900975161413,-0.1799780459705454,-0.31083837357214755,-0.29041020132153256,-0.35154247757719637,-0.4125247790404196,-0.49267646086763983,-0.3854746575472131,-0.46732121673641586,-0.5485930163463836,-0.6247331312294516,-0.5423020931519514,-0.6116684723801347,-0.442385826645145,-0.4658821318644258,-0.4439549745250375,-0.35315695065966635,-0.3626475289259329,-0.3149487382285116,-0.05588573762261737
-0.026880223080028073,0.009535990107264351,0.03513225571368308,0.002458926674418,-0.026322274595653825,0.021235345318652815,0.024013147267116175,-0.04938981879537933,-0.039450900059777805,-0.0204370081809101,-0.0010231819620663033,0.01615800607779661,-0.005817697210629459,0.006970238481388538,0.05352502096030918,-0.026404449255937257,-0.04860619437621075,-0.026782397021345914,0.018664306653805283,0.049578109643741736,0.001989516949901391,-0.010530233585043468,0.0330273271511425,-0.04529912440851282,0.043896560509571705,-0.021088273869724006,0.0500370693847909,0.023645179283537977,0.031228887509390253,0.0148895196642917,-0.012759982109336978,0.007118178686029459,0.01487150994934499,-0.051780482576493994,0.04359074543863275,0.04687872549059602,0.030478317265285545,-0.06330506440835684,-0.020797423440276706,-0.022384884572283194,-0.03761600452607589,0.00311848765279964
0.05383736494118302,-0.0527493032131451,0.03204592696916801,0.03189858988945249,0.015093013595861718,-0.006081893902670251,0.0037243104389753615,-0.014622953148736611,-0.010945131193042235,0.01351603478342323,0.038740397356083846,-0.010738866814238973,0.038817844417653714,0.05373962930976426,0.003424508527179949,-0.006916667390415,0.006180876401460202,-0.024825172964591184,-0.027889079485095353,0.03695043389128244,-0.037387353866828184,-0.019799090748327294,0.0013095966446725251,0.030097309218033212,0.0338543856000953,-0.0073698086345302515,0.0370903094467857,-0.025637885038344303,0.02767988839217621,0.027317159965645682,-0.05121837008447943,0.0021472948128876323,-0.0006083204763715389,0.00019786438523265306,-0.00579051763266296,-0.0309821738981735,0.017106828713178555,-0.018577565940894374,0.06349030854596396,-0.0352575895018416,0.03691897024553583,0.013481454654050967
0.000884030273982076,0.017309641049944997,0.04071789273702409,-0.06770825669147902,-0.035991718848113925,-0.01729114833147955,-0.01371766308351254,-0.0029694314074915056,0.024189260114068287,-0.044667617799888135,0.03381953472470354,-0.028121132643782173,0.03569987967781942,0.05616351418304442,0.002373123271169722,0.019389606061055997,-0.037694215736211234,-0.02195807025154397,-0.03700969492073579,0.047176103320840254,0.024813759386239986,0.01624013463034283,0.06164327756512076,0.008295762826837647,0.027875194371612726,-0.02371227866881678,-0.03867966105192614,-0.047155420355587084,-0.054522948324366376,0.037354381474153604,0.014052124320292219,0.0033478656359859737,-0.045942285581676935,0.012977279304672854,-0.003168294021349036,-0.00697629458343158,-0.03568786367289641,-0.0022404654515772787,0.004589906506002522,-0.02175234595720501,-0.03625341878779294,0.034008666627940824
-0.02472138953776855,0.0028894916686880295,0.0386834445194213,0.029623884298276844,-0.0521625966337986,-0.01624680338359119,0.03380883353300076,-0.05205423942379611,0.04273566162225417,0.06096172369877283,0.015262728343255707,0.012402755009943598,-0.02795047244681072,-0.02336782656327621,-0.008120276415534066,0.03306117718963812,0.02939141127162784,0.031571826079243775,0.049781528233539755,0.008459565109974313,0.002635812700877699,-0.014694433156741562,0.051751060737832116,0.02642278417351744,-0.0112536977430217,0.043560514584337226,0.03178214264419426,-0.04312638052128818,0.0669399552272514,0.04080753401401858,-0.02739013438998004,0.019177493843222225,0.01132565368802779,-0.014018636933185983,-0.025260136759538934,-0.055453069613913046,0.04033821216897513,0.027651799480782953,0.00336175257954487,-0.018740733638658347,-0.020955297238872836,-0.02972733130849953
0.019155217257757276,-0.017082826500939684,0.01777879687185094,0.03017034541938708,0.023867344484283484,0.037090220627623384,-0.0004628711779675604,-0.035012235265566204,-0.006192912848412413,0.022570916484126798,0.050409629495795236,-0.0015405879494156194,-0.015969349766209676,0.03697224529885259,0.00876938739228997,0.01099934748644374,0.01803413264016218,-0.02364320883612197,-0.014082429608581361,-0.02095609295310836,0.0496674231226182,0.01928325897073295,-0.014143241502796491,-0.002023510165119054,0.025727860951253314,-0.011283824076323149,0.023388467451581,-0.05737561494262863,0.036115859245017444,-0.008140271218135339,0.008258261037312366,-0.005900135880138263,-0.02442127761203757,-0.039843707542013385,-0.04335123606747206,-0.04772561618765644,0.024764787724488452,0.0041943098219579525,-0.022217744484754477,-0.046922779204376465,0.03188327973049622,0.0013297792087445586
0.030860363545851865,0.005366813688299694,0.030002266224259774,-0.05138798338965013,0.04760701440002343,0.015507437545181703,0.001979877955533362,-0.0029826095129898843,0.019554998022315865,0.003986504859320098,-0.04040850093084776,-0.000643265316749169,-0.007569671424876789,-0.02966027813526527,0.006782841366435064,0.019217487961737573,-0.04642825305689031,0.03207206348724197,0.02580221976817436,-0.040042013115780276,0.02409499801308333,-0.020788308433686745,0.020020501249013417,0.009886811101927153,0.009660608753278727,0.020887580709089828,-0.016489424224291224,-0.014711760693102705,-0.006460297153961739,0.008675930739361523,-0.01911614339889475,-0.03899141359238053,0.025387718117314384,-0.02903256851228023,0.023264116892192405,-0.03731335203571619,0.023874702661318047,0.04042969479445259,0.021943381326859267,0.0026483722606039416,-0.02769215432520022,0.047652151048716396
