gfs-wave-data.json
{"header": {"parameterCategory":2,"parameterNumber":3,"dx":2.5,"dy":2.5,"nx":144,"ny":73,"la1":90.0,"la2":-90.0,"lo1":0.0,"lo2":357.5}, "data":
[rows 0 to 18 of 73, columns 0 to 41 of 144]
0.17556909307832871,0.22660624685736397,0.2943320876843969,0.28255038242022373,0.22829027252053988,0.3183982384412099,0.37877344323688655,0.4785814062958292,0.4697478770808765,0.4719699854000837,0.522305609928739,0.4833083175452048,0.46929010190441117,0.4582399050974631,0.4908717812325409,0.5630876804602722,0.5781427967226079,0.3851061441552252,0.442516528720094,0.43145930423746215,0.3873154971653933,0.21514426094411374,0.43408056909387843,0.27473102226014345,0.3476587688690317,0.18782433517757513,0.2940771538161821,0.4035321854127484,0.2643218571222766,0.3144055628518519,0.3939075288433121,0.4086709105492144,0.3940472289309797,0.31604824412622073,0.32376920376936885,0.27125886878041566,0.34917168315846553,0.3044344054384917,0.2228480645908949,0.3325018909387313,0.2457398200421005,0.17337989391024405
0.17575444601809828,0.257234494556556,0.20428563885738157,0.26603670908435484,0.31412637907710317,0.3096268196375357,0.24496276910379042,0.3485589536557897,0.3583218079211377,0.5079912577059313,0.5471993651728211,0.4891490832200782,0.6614636529841917,0.6199244590968215,0.6703484649959074,0.5526010372575018,0.6139830867102991,0.5241417471580089,0.44551651535836523,0.3775559735947003,0.3226823363782088,0.3903482264054801,0.3091339407625711,0.267989614019309,0.2405851797187905,0.3707709364669852,0.40163513948681806,0.3735284768601497,0.3167506119865663,0.30845454016151436,0.3193548073900804,0.4134580849625428,0.367624023801322,0.40812033146787324,0.3130448794751844,0.3899294013240501,0.27809731058195153,0.357783708873085,0.24019994151979054,0.20358637953877057,0.21774106994621142,0.13397690368399476
0.16033999641751512,0.17386593196885988,0.1671897374890706,0.23417435036792048,0.2240675075073455,0.3291734488595648,0.24312900462156378,0.31732143516310024,0.4281315228364328,0.5010168671808193,0.4849703657638271,0.5837390709265078,0.5828565735189091,0.5876252180314389,0.476761840498861,0.5120945577459148,0.44653583369128436,0.44913758582487084,0.4729042914719901,0.4117190924106129,0.36380380929370637,0.4354800890352826,0.3484099063158231,0.3310556083018775,0.4092234949447772,0.2743174335833127,0.306412110446564,0.22278536808851543,0.2766724126076088,0.2920006706852612,0.36400670981320127,0.30507992267513817,0.3714283814499243,0.44227831744497187,0.44033982218556467,0.36722835602348963,0.4115792088695745,0.3578404401086368,0.3857308508715308,0.33301800870825055,0.2080234658538915,0.26897221223034024
0.11649450599496271,0.20653333535936536,0.2772892280333727,0.24775786270167796,0.25153234581450984,0.2814260241668712,0.3191721455684384,0.3892423153596215,0.4098550403879083,0.41298756956271315,0.48681567744306065,0.5964108643579654,0.4822086613995752,0.5626365133902885,0.48283233630393474,0.4813742964557322,0.4360159477552188,0.4516277147613225,0.4912130676933171,0.4760815201199204,0.29814706057909807,0.2745386736387484,0.2817803045289625,0.23949865272846688,0.27517609154869305,0.3793171731266583,0.37738348184160897,0.2573193926471343,0.2969824028279263,0.3954734544463843,0.30372062010284123,0.39394011823637315,0.45979691566777176,0.4067994021070188,0.389938873233234,0.33911035639012577,0.43320241339289867,0.3186782829280698,0.333548144727634,0.25169425858789146,0.1854424717929745,0.1373941221849923
0.27005881329803827,0.1941151483937254,0.12605940710132774,0.1523190771643346,0.3578771815094005,0.36595365886528536,0.3234451521300199,0.41081560032496334,0.40173775102853415,0.555123421718107,0.610866162485559,0.6153787843500265,0.6430770639567158,0.5665901847707987,0.5660106743325558,0.43596816378319586,0.5255382611632632,0.4006744946001114,0.3614337379121338,0.4916379355362768,0.42835303981381356,0.3236659622437368,0.37087299335402135,0.2918029874749533,0.31603430933626825,0.3791508374395982,0.3071757037542053,0.36372103924490734,0.29757076528153165,0.3882237680955284,0.31242711733497625,0.31697779498745754,0.34726074156656406,0.4083694061242883,0.4181023360743641,0.40492683904159504,0.4171294450780549,0.3168542963162337,0.2201379933448451,0.29128566863535027,0.17109025933043404,0.15773058951301697
0.1968018051461298,0.23032990086143973,0.288240827177284,0.22046326157538754,0.25378623732702893,0.3181153116726497,0.3514254899362532,0.342185112378879,0.3999038166436193,0.44503166546131595,0.43909218115521015,0.5217105778800598,0.6010622922052002,0.6558840306721306,0.4966882092983629,0.5387041263077204,0.5442981581565998,0.5095591969176335,0.5093292905261251,0.5063929478865593,0.3497699266052846,0.3455938436411423,0.28359843496156883,0.32522094136100915,0.3106451678361403,0.31709912106499927,0.3260545330539753,0.3033459331264179,0.44579006036019003,0.32177649169446015,0.35904001869628716,0.35039127485643023,0.4441807500654199,0.38474604587487354,0.37132931562210963,0.3063988421150993,0.3107120604727683,0.28941473619307967,0.27879836568967364,0.1943728148134523,0.18073480101643002,0.23479782230763385
0.11884233158205625,0.19763645204211477,0.1403999032120041,0.24435406979201207,0.28338848242176656,0.28879242538449834,0.36613113663753305,0.37259239333823724,0.4166881807015595,0.4838026921769102,0.5255140845624935,0.6008368311342306,0.5005586547118817,0.64584359401315,0.6863431976817259,0.5655524748329197,0.5754083709457748,0.6268034196452152,0.5891242473124504,0.4769147089810641,0.28267744295364683,0.36404832008302696,0.24456893535212754,0.23323200993612944,0.23315957903403034,0.33082876444734155,0.264809811047252,0.3953410417847371,0.40585231466738114,0.3939353629813424,0.30643798286226215,0.37549074447798975,0.2957826515525327,0.416827175558744,0.45918703336107086,0.2883128284738303,0.31921943459646024,0.29175781156543845,0.3934794305347953,0.21520715902591325,0.24346211135546064,0.17133196847647317
0.18723569180697922,0.23823976049638637,0.17581357246791268,0.16865696127720536,0.3058587453245953,0.32949065569575914,0.4771429275210834,0.5060396171569135,0.5278486109088819,0.5784450602976487,0.4621253518618443,0.5342343141921303,0.6081253278167054,0.6507890963389065,0.6826597358411716,0.5095062191181265,0.609256577796675,0.6334261310728374,0.5053574080839984,0.46640261876837846,0.31255452126331285,0.3940065176981768,0.4192955942706128,0.35114243598829586,0.2876965793234072,0.4124778906646952,0.39443977805961106,0.35832029804339177,0.2892330620521933,0.45634831229930845,0.36335725136360086,0.38933714025706195,0.3366657015288824,0.3954367787388068,0.35349736003539034,0.46373686752024973,0.44504661577327276,0.27061980497860366,0.2869629294210985,0.2669392158072249,0.22179038933698464,0.21608143604561666
0.17150223423876915,0.1459995041790825,0.22073910110040096,0.32223370332621015,0.23497243124041084,0.3399117399438237,0.4788847144747949,0.35699398070985944,0.49582587006149875,0.5471563117579121,0.5158356600337486,0.5322976732584962,0.6694309562058964,0.6668754007307943,0.6714053066032615,0.5293721060871971,0.536555410330151,0.40108310400884506,0.45119609332753136,0.49514711425291824,0.4843547771725462,0.3234890917499644,0.25414008049150905,0.2732892893001442,0.3114931600948819,0.24381122234925742,0.37720285421172056,0.3733521265541376,0.3270864800505284,0.32823884316168395,0.3841500419898409,0.39357844395785624,0.35448461389535757,0.3210676240287324,0.39017192059077815,0.4479845047076391,0.2970789057638557,0.3515031764706006,0.24688830954070534,0.30480036968473506,0.22057610967220884,0.2789487441300535
0.12120319763111258,0.22647189986402677,0.17930694170998082,0.3200742595354049,0.3286961657469016,0.3971900771703112,0.3796383051802318,0.3613927932189803,0.4395030552006089,0.5416826609811293,0.5400917876009254,0.65872615784133,0.6749863507212717,0.5443314903380982,0.6259159420953171,0.5192785291311643,0.5980774124757186,0.5034442112144323,0.39647325965650937,0.3246721734856043,0.3685726751775257,0.4203881613883592,0.29968086248090253,0.31851218356113675,0.3871335466520636,0.31497647433777226,0.3701098102212091,0.42828924109759675,0.387029217962498,0.3840490863137779,0.3814044517906291,0.4468902405972134,0.3654955356597889,0.3453213937280456,0.36389272536790557,0.44305944244910916,0.3853138645776196,0.37417028425053955,0.42971893948094814,0.22889650218534296,0.23230139391996998,0.16171457834375647
0.21816298551287164,0.20992448696767413,0.26732246062857223,0.27462268754780034,0.4011749011812984,0.3996469353110385,0.3549933530864226,0.46479911571115906,0.41411610879656446,0.5333417986447829,0.6310369682105855,0.5943921394096046,0.6637118678406734,0.5381970671637868,0.5913671478365679,0.680249765511391,0.628498639554362,0.5584538284542475,0.4905236526269741,0.47473868350539444,0.4152924628274274,0.2914702209971553,0.3753886621148221,0.2219349336335843,0.26437338881202943,0.3481393146907754,0.30212317855320997,0.3245621940283519,0.3685841946005241,0.325815040265208,0.37720312041246434,0.3521654993500075,0.45439396236431734,0.3523261653031149,0.36025187131484016,0.48311377434003977,0.4627202976140505,0.3339727710305706,0.3302761940999547,0.24567827487869204,0.21049365209733553,0.2524000614664613
0.16316895745411458,0.12846316332590124,0.16487644943578952,0.2215481666973383,0.24749499981090994,0.4693004257034361,0.3372862069798604,0.4113702168845666,0.5198338728874483,0.6173295477590804,0.5812446478489401,0.6250242965598071,0.5512026256617099,0.5490025448845968,0.6587325487016734,0.6481041303022083,0.6839189587209922,0.6343405125503381,0.41821561343639535,0.42961551448359075,0.49322049457448813,0.31051903010992665,0.31285851912758583,0.33040570624468546,0.3591066346525213,0.38115332182169437,0.22688452221200361,0.39337150901535756,0.3307689961946488,0.38741973215545783,0.4320723512912566,0.4101598244911311,0.41136857870246274,0.5036610551876456,0.48749396598544475,0.48496206543189974,0.4343474129757407,0.4029487417610304,0.4031852133912822,0.28136410244399396,0.2199006216231321,0.19616090919505327
-0.2634123638077676,-0.20934479723332206,-0.2554622789060133,-0.2709297224368753,-0.0836391275066387,-0.26859941554564726,-0.21266390759171566,-0.27177683931924446,-0.2462441341560648,-0.26905659602306115,-0.1432525284294006,-0.26378230859483753,-0.1460066000395565,-0.24618723811247742,-0.2437811916580721,-0.11658940050823431,-0.15056843875549503,-0.13860091584670262,-0.16313426919442844,-0.17638422263529152,-0.26100319301898717,-0.10227876788289261,-0.1590912359233312,-0.17563002052106222,-0.1153378001042645,-0.16319039977510316,-0.23524185794335672,-0.12279355387832389,-0.1832840529370647,-0.1558660467599203,-0.14263365494996771,-0.2247071611642243,-0.1773883492250148,-0.21786851377292787,-0.19146564246483733,-0.08078358573469242,-0.14756818425560375,-0.17569108465728298,-0.19078556938806635,-0.2489083051097006,-0.1890061870270914,-0.07940900814893448
-0.9253580980129082,-1.2028496131344368,-1.047787449525536,-0.7890967510150942,-0.21770454857337096,-0.1396042666100184,-0.263238312287786,-0.22819866562470756,-0.1771061583351466,-0.1999101593630614,-0.22088255570168883,-0.21454968076979888,-0.09548857415772868,-0.28350699654762135,-0.2152655292291698,-0.19837208600368328,-0.1517384530227864,-0.19165147849890504,-0.16348812987968184,-0.252563562489935,-0.21358363917016684,-0.15344299999499939,-0.15271879326286128,-0.14576451870445772,-0.1942377041346329,-0.26070353258680345,-0.2110992462610879,-0.2122479952014145,-0.1617193749318418,-0.1519204886066226,-0.1706218941332452,-0.1839215663287446,-0.258058613989744,-0.21096946693219687,-0.16731039081042112,-0.14996817673784751,-0.09938924549543691,-0.26675393282215903,-0.10898161349748206,-0.2655097860900942,-0.18541066143450616,-0.27688464076731045
-0.7386275326149677,-0.9245959813446046,-1.3216484941682192,-1.2830825083832775,-0.11126645748379703,-0.22885553095656977,-0.2549068330154633,-0.2528934341179537,-0.2823023972233853,-0.20697224203523049,-0.18675019610675175,-0.10210381186652248,-0.23250065834790368,-0.18003879598426248,-0.2845097069622835,-0.29126330030275766,-0.1193230142305016,-0.2365299096379275,-0.2967140719201597,-0.26125070736196276,-0.12582553143763225,-0.2703997410356594,-0.19294099726311795,-0.28860565582999664,-0.18527975754218634,-0.16884113036028323,-0.23587134234020599,-0.29391647667901677,-0.2040326137575511,-0.19745393633617525,-0.16013065442353094,-0.15323827442449622,-0.14022542298454352,-0.1489318936614659,-0.12148970561141766,-0.1246538468333712,-0.17556285963549814,-0.22316809330046017,-0.22885286442778213,-0.25067646175550723,-0.12559726087506362,-0.2030676068786873
-1.0100864754591357,-0.8258526529028342,-1.2759333245867166,-0.9691376686602543,-0.13158521117436614,-0.14557090399306896,-0.22679375789296602,-0.19348923744390198,-0.28860504107279283,-0.225914052789063,-0.14867961869918117,-0.1785357664412842,-0.17087227508119984,-0.2852817816518677,-0.2675958252425164,-0.28145800021283646,-0.28672629777391345,-0.16736960909393267,-0.14024673378464464,-0.2895426230704482,-0.20442336303442793,-0.16023904651119472,-0.23985968825069393,-0.20994239375496157,-0.18500364556489146,-0.12316135548709221,-0.19765036096728536,-0.2537547265172775,-0.13670196270985024,-0.2549439238228151,-0.2343256655735777,-0.1687997766563298,-0.23598168126348826,-0.2923691146979309,-0.14620890423937627,-0.24611885882396195,-0.30595190263344857,-0.2807287763505834,-0.27050830600314074,-0.15876001513829407,-0.11357788722514431,-0.24419597715282032
-1.283402967134671,-0.9229840506932327,-1.2806732043127766,-1.246086250428515,-0.23137872583933358,-0.12821968251617147,-0.2786201502911835,-0.1907212795114898,-0.2918170346954518,-0.26561485538634755,-0.1857792249479976,-0.20816700158184986,-0.24078950273478084,-0.20020394597706268,-0.26342802990293707,-0.28386797767634225,-0.12943754299876514,-0.23790508155568413,-0.22322105246042093,-0.14696500399959672,-0.18311976182270187,-0.27937211317007515,-0.12542114317022718,-0.21293662814770375,-0.24502930257716674,-0.2272297625096765,-0.16758599540588429,-0.24460259756458475,-0.25599154316184614,-0.21957130314845477,-0.19179896037823693,-0.1513075149258686,-0.1984033713901188,-0.24130774061866408,-0.18601212060685138,-0.1255821984082389,-0.21663242873875854,-0.17177802106343218,-0.19256427421042954,-0.12359437895149882,-0.1979472772209343,-0.16721466324635534
-1.3449781554649738,-1.2448480556274093,-1.3170929175348616,-1.1518597058161861,-0.14523641466521683,-0.1823455965107679,-0.31394041053095506,-0.3343260318512402,-0.29372375164738684,-0.32368412567461985,-0.28147556120198425,-0.3168702114140915,-0.20498106537338265,-0.33078873295641287,-0.14389475533003274,-0.31660897006116573,-0.24292920624569508,-0.2374897976724637,-0.19591284260133068,-0.15655608422944173,-0.2681691881763949,-0.2609791336046318,-0.33141602041965035,-0.2274943835130032,-0.30101657349793154,-0.31161617173706296,-0.2214323858640544,-0.17779666815137216,-0.24589752858837077,-0.20168767057526327,-0.295349101831122,-0.28725385473461673,-0.27211010329861934,-0.13810553086369828,-0.22348654627586714,-0.17232423986750847,-0.28572030251325126,-0.17376725519112635,-0.24821242173929497,-0.26888865306905,-0.2876634952169679,-0.1767824477560756
-0.9617936435333105,-0.8142934614083204,-0.980547236970602,-1.150958202978545,-0.3198388541223908,-0.29908444485688557,-0.20324549414941773,-0.2083369907746738,-0.21323582347857573,-0.32520469656893053,-0.18088682020883823,-0.23858012348866656,-0.2792233707646899,-0.31142842457033537,-0.2712805715881282,-0.16248734514399552,-0.1635262140381841,-0.2952897318427257,-0.22852992697448546,-0.31320045328538465,-0.3255908085659932,-0.2606022554589708,-0.2326102139345594,-0.1871566216330757,-0.2051472865190923,-0.30977079689264253,-0.3266411811375946,-0.16882626661031921,-0.2222954035988602,-0.2473925317653412,-0.18233131730745916,-0.17184403681332044,-0.25214521773672477,-0.310187217405812,-0.18985179337081712,-0.3385982286370443,-0.2882722757707467,-0.32556288081585133,-0.156476896850267,-0.34618126791601705,-0.2712427039846712,-0.21107596541655976
