gfs-wave-data.json
{"header": {"parameterCategory":2,"parameterNumber":2,"dx":2.5,"dy":2.5,"nx":144,"ny":73,"la1":90.0,"la2":-90.0,"lo1":0.0,"lo2":357.5}, "data":
[rows 18 to 35 of 73, columns 84 to 125 of 144]
0.01496868054439874,-0.0018425865149403436,-0.011702987247401294,-0.04506185333339214,0.007912536452479281,7.595323618886516e-05,-0.003498896175273858,0.0255923863209706,-0.018386023831302906,0.018051493680177392,-0.011320226711959511,0.05704386586839016,-0.045302357768944965,0.04759403154941126,-0.057542133771021374,-0.001938200369831172,0.0576237102380201,0.054251889132394586,-0.03635450399342985,0.04560005896220825,0.04409089347926049,0.008143088261262,-0.0703148813986074,-0.03292605877014107,0.02126660328981467,0.00524427496090129,0.05646803766635424,-0.07233537985156789,-0.016504203816399707,0.026198651645634886,-0.04462942274607463,0.013932811613666345,-7.556668078655305e-05,0.013073228169284275,0.025707867755347797,0.026542393673286487,0.029250468551349308,1.6192240471301396,1.5979044447719588,1.6641990336657975,1.80069468685174,1.7856412405639674
0.02803366694807706,-0.06246274223827773,-0.012700881104008214,0.014117842909791166,-0.06575508131924858,-0.009124740107112431,0.04223159184856921,0.059139801771071566,-0.016388889176333,0.04188065447407978,0.0461289331825407,-0.01545094906239551,-0.07038951664952009,-0.0166480162517885,-0.033616712361594775,-0.015370909078982059,0.01490173837907705,0.040403328847832265,0.010700126419374172,0.0605711400750088,0.006933874577302911,0.04424674134702864,0.02117907392140895,0.061485595000211786,-0.0030437307458636934,0.022076869536831776,0.04330053448528709,0.0008031973267976927,-0.04974458671567861,0.03153569861128397,0.025732144127215056,-0.035329822655011646,0.061502446683630564,-0.05139640626653713,0.03589523280169987,-0.017168370423782747,-0.023244962625968577,1.6206832531291755,1.7011815677832764,1.8491738249183802,1.8525453583984026,1.7526890732727343
-0.06190826956869316,0.06463287616682546,0.03968492384860571,0.007108004161992718,-0.04428609136102238,-0.06914686402539313,0.03737111249004739,-0.021705436549185685,0.021342081173958763,0.01072999011217174,0.03667155291455082,0.06289000556618526,-0.025937574015582037,0.03251867255099461,0.022412953043032386,0.004167705672736984,0.06348989070958687,-0.006788423465302582,-0.01311497749212062,-0.017353356553653436,-0.044305846277025177,-0.0030073022002727093,0.057364545264302146,0.0436317101264511,-0.04942104185399682,0.05689171405816074,0.014583914759383407,0.024031336262381294,-0.05310959770575653,0.007589934643954106,0.007136104453702593,-0.05184236474861942,0.046241655403510405,-0.04552149790317815,0.019417565498978877,-0.014378682916255246,0.07300716444949817,0.04920875929547788,-0.06893113494727819,-0.015604522693742136,-0.01850653746941987,0.03260436522371357
0.8771190349093164,0.960439813259649,0.8135378885741321,0.8865491923650443,0.9778472166881604,0.8869822286357102,0.9804785693210466,1.001452307758547,0.8455910801886877,0.8435742474966544,0.9666018591405434,0.9258359691471731,0.7679281228797263,1.02496521710672,0.8224106231690106,0.8480432903772501,0.9198621263579275,0.8935328629507132,0.9966628984256789,0.9930199874949477,0.9868322137792569,1.0669877533405763,1.0942482079807776,1.1754003316410482,1.048503452861524,1.1842411483287718,1.0939790263019846,1.2647797651007686,1.1021190024370053,1.138536647441547,1.0946997960268041,1.175579777607572,1.2867733589865564,1.1247816720344208,1.2550943772042147,1.2438677943854701,1.255934281423708,1.1893323806822718,1.2818791513468046,1.331974626618758,1.4487445823107585,1.1933559888519452
1.0327968343123903,0.9568583627919022,0.8266155189485447,0.9201122363001774,0.9728567798997795,0.8575396577697133,0.8908007367145497,0.9203227527069618,0.8231186904487677,0.7551364707176501,0.9868686692538223,0.8813165577665226,0.7499393938344072,0.8252873539077376,0.9720895453702819,0.8836995569123355,0.8742760956739893,0.8463244213256572,0.9758372587329607,0.9579503454600454,1.0053660774125284,1.0589681534071407,0.9794990661349179,1.1450929742156537,1.085773538063348,1.2038985519439025,1.0627197527915533,1.0720809075840647,1.1439128625318837,1.2160694511899133,1.1208238825409185,1.2666221944739968,1.3016080200037214,1.2618641172722476,1.1586341521797714,1.3549857318591758,1.3022692782242224,1.1465823261971828,1.4010484053999692,1.3215237801157036,1.0885176940319992,1.4431069540464736
1.1129706154547427,0.8902209050907897,1.0478600363801476,0.939606671271995,0.9275611200342249,0.83661274920518,0.8773963881773559,0.9257491847334332,0.7903523767395716,0.907269891670058,0.799241219146931,0.9146060452038455,0.8840880207042123,0.9688236020139654,0.9280745445176214,0.99679151372311,0.9621751853737573,0.9451330116320058,1.079979807592163,0.9476250098806577,1.051526088369199,1.0524369478826308,1.0807467902448091,1.0671553351024652,1.196274514480893,1.1536629855174536,1.138971990149542,1.1610682588741836,1.2021927557918164,1.111539065012602,1.2119349776952784,1.267525293035709,1.204714894490524,1.2149630321589544,1.208909638032095,1.2479695597289084,1.3202181397599269,1.2455195556556176,1.303063997455182,1.3803684446857776,1.4977719658823985,1.4369739071461316
0.00498634937640058,-0.012275090863003735,0.05055169760174927,-0.04055194593609554,0.010846243016345796,-0.06182276079606879,-0.0197183655925078,-0.054558064813438674,-0.03251674984048501,-0.06641107581476746,0.027474159035593228,-0.016231367535230065,0.06596551380215464,-0.05323663835561682,-0.03741089780223474,0.07086180785363523,-0.009284304396589897,-0.01251806736314683,0.053577582059967085,-0.06302681998462249,-0.035324956009052964,0.04297603682750458,-0.013952590140771243,-0.008874945932463716,-0.0673648382839221,0.030959644083937962,0.07619449455157236,0.06330698898793805,0.0369730563457551,0.03042076548168523,-0.028129663086459224,0.054272144713096986,0.028295639757547196,0.012929639384911262,-0.025326297129562608,-0.04875025740007789,-0.00899429252142635,-0.009714283632960756,-0.011520286978167801,0.06371556059437991,-0.02372829389001388,0.058325297273874525
-0.9097730072055722,-0.9007210233968478,-0.98353451338709,-1.0541067046387356,-1.0055571661738942,-1.083625078027463,-0.8346265562269128,-0.7407203500090014,-0.8023625031080089,-0.8625435697164116,-0.6575519313838951,-0.7077607042816174,-0.7343698065227531,-0.7788919957487934,-0.7070178969882221,-0.6157496500945324,-0.7191417464804081,-0.615171742510678,-0.873196971409567,-0.7131204010758653,-0.5545620456291223,-0.8300712539901237,-0.5239038853166524,-0.5499533255443207,-0.5031836544154413,-0.5073985666527724,-0.7357853149771606,-0.6873443099782944,-0.5141947716501403,-0.6024149928203636,-0.5031247602807468,-0.6096676481929348,-0.6909682520305587,-0.6171786058478621,-0.4852018159893479,-0.5685562896160521,-0.7533952272456915,-0.5729345556225225,-0.4795692161253349,-0.5684353818280435,-0.603812827588882,-0.8031846331806711
-1.02813676037826,-1.0568848180467345,-0.9063885343998068,-0.9433358668313947,-0.7887123020824949,-0.8430149834221325,-1.015059724258195,-0.8152157128885281,-0.773412403824213,-0.7898488940509508,-0.7499206254831081,-0.8769945878418318,-0.7640787152308056,-0.8496412013159468,-0.8605248601812486,-0.7043384911389362,-0.6264834532312232,-0.7683778082481653,-0.6884996389439259,-0.7034710512080677,-0.6968076360513096,-0.5477043570231469,-0.525692306008521,-0.5004778688569173,-0.5332928757818619,-0.5326823885268579,-0.6915300816809519,-0.583211151468892,-0.6424795806064575,-0.5837691955038762,-0.5558467550155494,-0.5575893446739653,-0.4657011034121788,-0.6447368316343131,-0.5502198820513134,-0.7261574197347591,-0.626442188688882,-0.4572310448222027,-0.7661205302431637,-0.5694989977934024,-0.7810525334909161,-0.5435846320035967
-1.024177398049434,-0.9925371128759176,-1.1046264035026783,-0.8044745783248771,-0.7765929875045732,-0.9470283201113386,-0.9582969623218871,-0.793614596077235,-0.702452701004242,-0.7876668831662659,-0.815554821207818,-0.8687244883457338,-0.6702970610905667,-0.8452931843872264,-0.7251981284392642,-0.6064216253918636,-0.7596990968423561,-0.7482202245637758,-0.7991624740748267,-0.8285276064726607,-0.7174616578959252,-0.6519304041963062,-0.6012085656103121,-0.5572724037517194,-0.6263317592954911,-0.6368808618433871,-0.5987860137454419,-0.5512055389502748,-0.6031923894125415,-0.6230077093181378,-0.5502147054896073,-0.7146717920886021,-0.5079637961312292,-0.6284605143799031,-0.6430672266541574,-0.5871152510999669,-0.6177257977402707,-0.660325047394839,-0.5329933558001785,-0.583618891923437,-0.5915618578329991,-0.5486696565935413
-1.0371638580418574,-1.036242534640707,-0.9151614190255027,-0.9128500226877213,-1.0386706730319728,-0.8398975532519013,-0.9838867537699452,-0.7196125191168756,-0.9353990751467517,-0.7507074220378345,-0.9068618126142747,-0.9307871856436195,-0.6781784424522959,-0.8106967863156936,-0.7894428539175301,-0.7181221971286872,-0.815204337006961,-0.8011925116035854,-0.7536575075518903,-0.709290639394054,-0.7089809735286094,-0.5608141199584987,-0.6236967562712877,-0.6619074919968371,-0.6071567610049255,-0.5868280100331204,-0.7336011244253797,-0.6477574556353021,-0.5169997538745255,-0.6152187278309231,-0.5426778179377757,-0.5656802145252743,-0.5232257086956693,-0.6182769030038314,-0.6982749396273215,-0.46153736864245837,-0.630521290280965,-0.615497781724691,-0.5777951308759306,-0.6879017993873917,-0.680895740496859,-0.608989465130729
-1.0721658698534984,-0.9290910092078724,-1.0520366950854745,-1.1075216344955807,-0.8982694668515568,-0.9195540115724213,-0.8622730341691924,-0.972805731767733,-0.9365161547147617,-0.7664648499248035,-0.8356126950454523,-0.931684196015041,-0.8723328786642687,-0.6705286311332597,-0.6806142905975863,-0.6666236799409154,-0.6968324284999077,-0.6210386906117016,-0.6323760425445868,-0.5649126867366135,-0.7052880124435454,-0.7299322160648964,-0.6756205748974637,-0.6144056156609147,-0.5815009597134242,-0.4888667807538241,-0.5611640072658842,-0.5897652600059525,-0.6431677184930389,-0.6501428610963692,-0.560292185988175,-0.50088853420741,-0.7476532676299559,-0.7037888086613808,-0.4700198080882573,-0.5570255166400625,-0.5761184756112661,-0.5276206501151406,-0.6246319147806849,-0.560612572794396,-0.5717830323128813,-0.60307881527101
0.05092413697220862,0.01895305431737443,-0.006208174812357769,0.041295307496496916,-0.01696324550786156,0.003565093856347642,0.011436127568870469,0.054145202186404194,-0.03698667219671805,0.032142641050199816,0.007489863017910263,0.050761218036199963,-0.06142012634185963,-0.07380146101510539,0.05931848394328377,0.032219722823339965,0.022342802994689142,-0.02375419412564207,-0.04753239252802599,0.04427270733118718,0.014762188619726736,0.016644438297127605,0.039846487100797565,0.055132588065535296,0.02363216296271587,0.014749515287642836,0.07021604499012735,-0.004632011112882716,0.04014178667813338,0.003490388836326303,-0.04565406701347219,-0.06777110359764012,-0.0394588546696262,0.03407046414904221,-0.01804546858069465,-0.0058131158600206595,-0.01764067530014114,0.04434712035339491,-0.033130644819187684,-0.0765635457077406,0.0241900946939597,0.017981108974581838
-0.5953295633002041,-0.6160872041381303,-0.6827447214685677,-0.6072822717155283,-0.7946160775854003,-0.8075797914852988,-0.7916481501760617,-1.1116654563903918,-1.0667109485468769,-1.164762145930509,-1.172252861150497,-1.3342101530722095,-1.301196850682597,-1.1227024134945196,-1.1024957774481396,-1.0707508305079596,-1.0050284291691227,-0.8662284372477813,-0.6709006709464019,-0.6994510719837812,-0.6036121127744122,-0.6245468933242129,-0.4472809647698884,-0.5287087851702386,-0.42576648868918066,-0.5376129393340061,-0.48065448306326947,-0.5471182545241662,-0.5341115994956125,-0.35667163804152197,-0.5348132815971117,-0.47499393611954666,-0.4964359378923266,-0.5058455030662214,-0.48340751934561593,-0.6394563081109599,-0.47260708178911315,-0.6076552317696232,-0.3935265540603778,-0.38986351473121644,-0.35090045305915685,-0.4021125085432053
-0.5696346264195885,-0.6293432041201098,-0.7585129871935319,-0.5937964058349782,-0.7460155056541381,-0.9185321649363932,-0.8796453289167563,-0.9073180958515835,-1.2203053570980893,-1.1441130846900496,-1.253487166050422,-1.3201152981310695,-1.294131331661717,-1.0945201454522033,-1.172134835025222,-0.9349282526907847,-0.9821483293976375,-0.8972266153456991,-0.7571258365982897,-0.7025234380829383,-0.7430858237269445,-0.5843708434029559,-0.48534783559993483,-0.5994266002843998,-0.4513960572209355,-0.36326263103957585,-0.33851690970192905,-0.3875373229182427,-0.4597452158629585,-0.42457654034555997,-0.43877326107676135,-0.39026111114200146,-0.6421953130450075,-0.5193621914099407,-0.506386235852932,-0.585101724940999,-0.5487078727358412,-0.5158007563759551,-0.46944260222348116,-0.42485984390992665,-0.31693861562037884,-0.34999747106314866
-0.5204137092472467,-0.7254120727367791,-0.6535444326676141,-0.8534398644228763,-0.6552543419871175,-0.9664989296495767,-1.1061992883385743,-1.1498541855350661,-0.9756805927645327,-1.1949943354322328,-1.1259716099044195,-1.2708165564947638,-1.1208165898372733,-1.2361536541306444,-1.2174201200279595,-0.9504902036643106,-1.05214606731928,-0.7889295902452358,-0.7469302978206552,-0.8422292267420477,-0.5657557311335434,-0.5670069833317413,-0.3812825885676449,-0.3031090964702136,-0.31381243269123327,-0.3291812988360981,-0.2877487463459173,-0.4531058192845854,-0.3285214983213538,-0.4355931167758204,-0.5541741535923611,-0.49286116501005695,-0.41628494351606027,-0.5002041248420882,-0.5652643898183619,-0.4627133340347656,-0.48783415968166155,-0.5503420608184098,-0.4155525960149399,-0.5015674254525048,-0.3608835836691661,-0.3188581704924377
-0.6627919052793007,-0.7448836013842299,-0.464936945006546,-0.724489693889359,-0.6968423619162968,-0.8461886693412585,-0.8671539675249021,-1.0132981660564397,-0.9190961400708659,-1.0445704735362458,-1.1608467143668761,-1.2574510369526963,-1.1402154245497016,-1.0862315423403344,-1.0639383663861341,-1.0385967318463838,-0.9142029804431628,-0.8672257093175182,-0.7076922610430877,-0.6927154833325554,-0.6488969167138251,-0.456921080628638,-0.5923745627763097,-0.5252384892244789,-0.49048654004343434,-0.47786857699294,-0.4379531174933009,-0.5196914722546794,-0.4504863017317325,-0.4891798065182007,-0.4818195905069134,-0.4404008702075796,-0.542998704182199,-0.5262520819118761,-0.5505041070865445,-0.4912906206076426,-0.5964651259328565,-0.45616026338053517,-0.37784283687266157,-0.3372377996893149,-0.3330702736376876,-0.43546039261920355
-0.68880295934621,-0.7267082632005355,-0.6972089463739692,-0.8149007879911396,-0.8607598822130136,-0.8786095865034331,-0.7890654995604646,-0.8327443927722276,-1.1574446432271999,-1.016797585761041,-1.1139322090009092,-1.2625157685142212,-1.2164038047915084,-1.2141409815475541,-1.176022125848353,-1.0646027423146154,-0.9577347716676431,-0.947319256217325,-0.8918591523363262,-0.5589799485950856,-0.577595777293237,-0.45564970809546723,-0.5108091392102365,-0.309721785948229,-0.3670894179742435,-0.26807995016397956,-0.471438287689208,-0.49447497268394935,-0.41661519135418795,-0.4053293609702407,-0.4129815503645594,-0.4896868609391394,-0.4328854467021365,-0.583794354164041,-0.44055879277571103,-0.5176412547290655,-0.48355538397051,-0.38362223109764554,-0.5177974087728141,-0.41633038947018847,-0.39907352621931685,-0.366287244315784
