gfs-wave-data.json
{"header": {"parameterCategory":2,"parameterNumber":3,"dx":2.5,"dy":2.5,"nx":144,"ny":73,"la1":90.0,"la2":-90.0,"lo1":0.0,"lo2":357.5}, "data":
[rows 38 to 56 of 73, columns 84 to 125 of 144]
-0.983376799433435,-1.070986528705923,-1.07279479393084,-1.0224377392939434,-1.0650629235846398,-0.869021716331809,-1.0019409729881268,-0.8882020549942814,-0.7944526962612897,-0.6931132611706878,-0.17486530242056367,-0.1578527160511952,-0.049142691686526116,0.09398728371738906,0.42730152919005704,0.41483779896417067,0.6049153489176331,0.7344263826136115,0.8366494791298866,0.7083233818585586,0.9056365427178347,0.789038355340799,0.8310175062239925,0.8779202667251382,0.8130594907615359,0.728356683519763,0.8009824310525903,0.6748799306107196,0.6252087527569616,0.5366105983818381,0.3769695266591408,0.4896122181748539,0.34775620833143306,0.2735990876635068,0.11923882703707843,0.17408144780076334,0.018195917634581435,-0.061208968061226256,-0.13293721766577374,-0.12260476157212946,-0.18296812511372515,-0.28564080368251205
-1.0247510282490133,-1.1762872891621041,-1.0104672836211792,-0.9982282903198969,-0.9140994765336653,-0.9862432493853343,-0.8921410098300177,-0.8560927585639353,-0.5375337435548502,-0.4537612003633667,-0.527492752956604,-0.1803924968711997,0.13144258234527673,-0.03319812325923799,0.2753634699656365,0.25864511707202087,0.457919166722907,0.5735595975402406,0.7228501165839768,0.7467645698556491,0.6873078461670191,0.8119424276304535,0.7015694465327689,0.7759832717469983,0.6973797465404465,0.6825746899712476,0.7162082698527535,0.6140080642176089,0.5731994905578907,0.4971582585263877,0.45736264029292845,0.4556686072132667,0.3556739867278519,0.1662881616273149,0.1968158474899156,0.12071500124801932,0.036778533286447215,0.01531660814796237,-0.06084057871835717,-0.20673033928771098,-0.3097166451978749,-0.3699308059852018
-1.0678205723572487,-1.0639079799990905,-1.1310108634385647,-0.985908514975364,-0.8403202292431469,-0.9213632351797183,-0.9545748184197606,-0.5853036354752987,-0.7314518257427592,-0.5109110723162184,-0.4833549762187599,-0.21298259796903393,-0.19520622885931338,0.009427247425101894,0.18659417685770652,0.4551103271242893,0.6498869219050061,0.7660286769491067,0.8377503082603832,0.6558413602358634,0.8574067161710006,0.6542562352533707,0.736926813695032,0.7636429172331802,0.7471233080661652,0.6926439710786493,0.7234841331682683,0.6157723735568107,0.542433604185462,0.5995945180946706,0.3772161673390992,0.48329824437171065,0.4467501225703949,0.2451228462660717,0.18343889994728962,0.0156741774712388,-0.07323803641536102,-0.12540930821719407,-0.0889749223399992,-0.20663795797500556,-0.16119338982148076,-0.21843058000137647
-1.0398782184434894,-0.9926358381246192,-1.1047999853768176,-1.009070753131918,-0.9793146183847983,-0.9341108933408423,-0.8096418849631539,-0.8304433923638076,-0.475263467895444,-0.614768908605052,-0.13336296098491052,-0.32421107775830865,-0.1025313993296454,0.01661573812776377,0.4808730074579417,0.5758962250443973,0.744276286510172,0.5260920348128334,0.6954216073801305,0.704512703335595,0.7328843308345698,0.7938299448469293,0.8086021791791981,0.8917110643568321,0.7258931407642675,0.7725644689047821,0.7521613687974488,0.6761087446017285,0.6114032328017558,0.5892833314858632,0.4724847302647756,0.36407674328841694,0.21213612423462927,0.24723517202646222,0.07524359313088651,0.13127738226187652,0.07933796165083781,-0.017138114888975205,-0.10777363264135942,-0.21786487912654792,-0.3537386096000552,-0.2737699093479408
-0.41703045059949634,-0.37155874714824,-0.3694823340567619,-0.4478232051853798,-0.4758529733694021,-0.39790060137207534,-0.28806806273797686,-0.31533027632252975,-0.3801984861232883,-0.453134097909669,-0.4607597703510388,-0.4444247737052067,-0.2904166709456397,-0.40090878003707586,-0.4425629924404353,-0.4660191572095438,-0.3369951346967285,-0.30185125701853255,-0.32460457481858435,-0.4492021339027287,-0.4239251304293022,-0.43408507752267983,-0.4376435167337303,-0.3981075564898424,-0.2909279222434501,-0.2961522151467885,-0.32912561687656444,-0.3497865525738031,-0.42783221367352076,-0.3183677392424885,-0.3343622952587707,-0.3370302741622,-0.37138327398356447,-0.37949169238388764,-0.345355825589088,-0.422104385768172,-0.2942899246493029,-0.4429142907847757,-0.3068836442915154,-0.44770374814039954,-0.2958507790513402,-0.33006834541959423
0.32746063497500577,0.563745820268024,0.40036242697939,0.21711915715966137,0.4443287511343757,0.4925188560184311,0.3120951748794221,0.1558210971791014,0.16709508017813382,0.2955597012954008,0.2811345160573359,0.2135394887416016,0.11623316275903314,0.06850525772505901,0.22843661108701463,0.3899557836133172,0.04007279079238536,0.3288130322719257,0.04592716598687642,0.04594611017145177,0.23602578313667952,0.3400394141367881,0.3075901662327118,0.21241393895415245,0.1660960424602649,0.07046281138061766,0.29898952589852096,0.24233197946337745,0.07142784076388778,0.2470971896570703,0.19925966780917034,0.1807487965326389,0.3013142782236691,0.18638578634458328,0.34169572495070083,0.047145122011584335,0.3080923503285971,0.14478929462582246,0.24519596568877403,0.058816279683828535,0.3184741473689447,0.09204723232395658
0.5848518820972738,0.44893537109071585,0.5215076573998947,0.5319085036000235,0.20234874048909424,0.45141356415548484,0.2092391904812647,0.12427324810121347,0.14348332059981564,0.31579654956521097,0.1728196880681078,0.34282639753278865,0.3536459224349497,0.37496584566931895,0.3044123011947378,0.09004262829939191,0.2209606416915233,0.17838479279878205,0.21025954048520168,0.1237855043702997,0.261851387253113,0.19267936273505673,0.1512281139170869,0.06628844969995668,0.05672590349605855,0.1932691032081054,0.02627411816846808,0.1322924439270169,0.336251588849975,0.09451928031751035,0.11570960575656207,0.02712265930746316,0.1269640543543647,0.027821340503378797,0.30939217339067837,0.2822823524412606,0.17441733484219332,0.2621134788652108,0.30668942837894336,0.14012236065349393,0.1287392962743781,0.10789495726680004
0.36923349011490486,0.45421995464868814,0.35741262589446204,0.43017055227474243,0.5589162228002437,0.24143515842404673,0.2758284335023001,0.34652100891380744,0.2597155087868788,0.40397186734556795,0.34813982150816986,0.30107574706379625,0.3776870624224106,0.3492588228180235,0.29776949690016186,0.11901754208027325,0.21646231009945296,0.16320097826144128,0.1653110348927763,0.07951362239478658,0.06610452459870245,0.2620255858988394,0.11644811748568644,0.22732951025509263,0.013816656790001712,0.09782854556440408,0.02824454022966404,0.2755671986553697,0.1602905450644025,0.22929081157302342,0.1644835864683359,0.16578350023486144,0.14760909926993454,0.12128485497405377,0.1064181942784626,0.2617033977806526,0.2056438426002737,0.12977156869218942,0.13980440734848532,0.35584320088661864,0.0791428166355737,0.25368129553826996
0.4509496684262273,0.39247425925336415,0.36037036190462607,0.20592450355152056,0.16213967483580413,0.4420608135361442,0.14264067118017276,0.40611327642913225,0.1353134246825718,0.22356854076203442,0.3072518647828185,0.3259385195805606,0.37612062359699844,0.054934820509116855,0.21667407450736242,0.35420008033890127,0.07073208853547397,0.05804327074606608,0.21999437083895554,0.34148852483576153,0.1292988202037382,0.04612098243857343,0.0029548577990495925,0.10193082299122462,0.2837451874934324,0.08364417512073541,0.22463897053383045,0.2690817547141838,0.036562490599714274,0.12776528900327447,0.03174105282792948,0.08068464748194097,0.03871453250516196,0.15501039563803629,0.3378602908209587,0.0753097027155694,0.17884762433828086,0.11570173613189443,0.2798299641564041,0.15683084775012332,0.17967405301825945,0.28442293256330337
0.36168363216010924,0.30030082711641065,0.5057265426529938,0.24682720082138784,0.3716776639703903,0.12781825370027072,0.12734608971725112,0.32064664236239426,0.29621228933979027,0.3836872044793351,0.3667497728231964,0.1266051637293168,0.08694028228511899,0.24256952640587173,0.05958836119745846,0.27828765853221593,0.08211048349950519,0.38562794172121717,0.11259882777894524,0.10464038536655935,0.03453915548717869,0.3092599243792315,0.0705770620760924,0.028803615883643652,0.24193305436051918,0.006934475136587152,0.04472736340955202,0.007793467638773585,0.07497295771580947,0.03365486800357095,0.10828180330250801,0.2576594213222586,0.18314955358462615,0.17121256551044908,0.16932651123461506,0.15181132427146674,0.11418092211809175,0.28424381793420206,0.07434171196982993,0.253638657159346,0.30197743131344207,0.32274766371546865
-0.24620782703540736,-0.27560511347582717,-0.4219128160786757,-0.3308353925564031,-0.3607095224607336,-0.41072447194885725,-0.2315372982414722,-0.38615051265429157,-0.35161268606731816,-0.39694368665078683,-0.3607611674751813,-0.3386795438449364,-0.29230059587248813,-0.34383220897614997,-0.39319768211056594,-0.3946341351655589,-0.37331629281491824,-0.2783955709451978,-0.23097614485594983,-0.4084364788159342,-0.2539498090365779,-0.3784653777248668,-0.3484500860706575,-0.3043563187282436,-0.23707422453251709,-0.2469510251445673,-0.27239376679037636,-0.27814125468163936,-0.39245963838674125,-0.4025161925728526,-0.307414793202157,-0.35240780283725914,-0.24195193464531925,-0.28832825071147977,-0.3374729415570623,-0.3006547596936503,-0.2685968882419521,-0.23051434029943366,-0.42189844026531753,-0.26106976824540634,-0.2841482944947319,-0.41797463064851215
-0.44331417197064266,-0.41991373023911194,-0.40881783051346327,-0.3499393932981887,-0.5589218341506136,-0.5662590345906202,-0.5883955054620494,-0.3590591524257362,-0.4269042853326676,-0.5877617349978503,-0.4476661216270969,-0.33076023640410485,-0.38727902135391495,-0.5538231934438316,-0.41608035667409154,-0.23936134426343975,-0.318876933282045,-0.4028876263094872,-0.3225109642486283,-0.2839584554195329,-0.16930843423357742,-0.180894022290575,-0.16837397523376188,-0.09826845561819814,-0.14590597555376067,0.13893771355779813,0.1515873778983108,0.2034383125967174,0.3485177757298749,0.20575615842819994,0.10968421325519595,0.22004648028791493,0.44243357173084796,0.3417274828622201,0.6407867911440897,0.5858884792437754,0.4558957563917439,0.7272313441730454,0.5386926528499851,0.8208904402644334,0.7074242296369231,0.8909972902480637
-0.45979344423577,-0.5177275529482673,-0.3171072395163688,-0.49419794258780375,-0.41258180904821024,-0.36143265799368984,-0.5087186378853781,-0.5927806322318272,-0.5396820728573203,-0.31507852949259524,-0.4362677050083517,-0.40713369452375037,-0.4101297037530219,-0.26272650276853254,-0.3957092936839188,-0.3307965873396592,-0.3314938924000437,-0.4255486151885054,-0.3169559659998965,-0.19676158688126882,-0.15158646776304194,-0.2738310709793949,-0.05797402619042765,-0.21290268753573396,0.06480523693426898,-0.03772975035568708,0.11697534261667249,-0.003034353130391861,0.012735109540456403,0.31846818463162574,0.4434708295076639,0.4588635682034675,0.4970474199164138,0.5101619930538341,0.652371885068913,0.6265245704883644,0.5231795414469455,0.7251256426328949,0.7111738757275438,0.5570502280874919,0.7945099157593679,0.6181883503414558
-0.3413023696058313,-0.5802313136720234,-0.46687189426205017,-0.5507534755991813,-0.558355458722081,-0.42517490397848745,-0.5565510646629215,-0.4032121004674377,-0.433483791695904,-0.40318602891495986,-0.41355230562827566,-0.30575643234184036,-0.2731279159385291,-0.3024701979442269,-0.3958859329680876,-0.21440459647952823,-0.20326407657356813,-0.3908018503992733,-0.14896402484621488,-0.26609484795616156,-0.0755040320424546,-0.18249317656892747,-0.1731733546141664,0.016319122393578654,-0.038978971200916764,-0.094682100294438,-0.025138542325883747,-4.707021022209707e-05,0.024640404003659647,0.37860242795074783,0.39439072003270287,0.1771008449893729,0.33084450422590744,0.30465955752766094,0.5756557676222639,0.47893603109941096,0.5737544247491002,0.8259231809406683,0.7741505171075439,0.5470763451408482,0.5510315023885566,0.7932166604402542
-0.2501985505220333,-0.37340926196682583,-0.30467168354943547,-0.27239000538635183,-0.2553000684491739,-0.3363029689465268,-0.18807617429651335,-0.35769000018858205,-0.19433081667570454,-0.273883852250569,-0.28773695258051524,-0.344953089111304,-0.28779552472710634,-0.256164560526479,-0.3480650287609005,-0.1781516952048507,-0.2189260258944621,-0.36789788946675195,-0.22632791054508544,-0.20187594169753642,-0.18950152881918636,-0.2318207781582386,-0.3107332112997727,-0.36239681377327887,-0.22596205881413417,-0.35188800528378555,-0.3385391501296217,-0.19413440196746143,-0.23300593624123092,-0.20003504268448122,-0.22650254092246938,-0.2769427280174474,-0.28343178586374757,-0.20682581093823355,-0.33771974781869196,-0.24872359064023877,-0.28742065093038677,-0.2958297511000996,-0.23645743794266505,-0.33925479223893656,-0.18778378339612525,-0.34579520893023646
-0.7890736066969447,-0.6032073860517173,-0.5511399311128031,-0.6807243940918878,-0.696517998746388,-0.7187994848928247,-0.6971795284379677,-0.5948780882431042,-0.9294688311477604,-0.8512957475914109,-0.5793345255708202,-0.7452405456287813,-0.7216396734765081,-0.6690810159234157,-0.5434515019136619,-0.5510870717107574,-0.43586159153845755,-0.5019421490558216,-0.13661434621567184,-0.44461420843989846,-0.17179908763086138,-0.00407075551469724,-0.09867557980276918,-0.07893798552365346,-0.03738383678545304,0.13555792736896444,0.07225164031092511,0.23180928099490974,0.050235073244045796,0.35842859457244625,0.13646837447032228,0.1858404367139516,0.5828489742483368,0.5163328307431316,0.44842633212871935,0.7241902498465186,0.36155337149899475,0.7881234915168731,0.5595005039424022,0.6179970203026448,0.5391860774068934,0.62658451599696
-0.8986259165856145,-0.7073963814737907,-0.6581335567441756,-0.9659941977458057,-0.8058440970179878,-0.6810734846570934,-0.4878696861764816,-0.8033821941842076,-0.7202029879944661,-0.7415873275359341,-0.6496386107636227,-0.6790414928313809,-0.6752270828867385,-0.3534070996424706,-0.5039706673364446,-0.3853270118030725,-0.36546544383322693,-0.3184816095610449,-0.32643824693611184,-0.13959132002932456,-0.2715113521085614,-0.1218702505558616,-0.1089441495998338,0.003831926174883649,0.18132551927729354,0.1954362240916045,0.25399750427855056,0.07270141629394083,0.12057766667935046,0.277855352256386,0.3515002480347539,0.1807348993890875,0.3513987728184939,0.37236917796261243,0.3478851130123585,0.6162463668153482,0.7346747772855997,0.5341817180640949,0.4807775639609864,0.6668004385143984,0.591261287390411,0.49124467467229527
-0.6116656447050436,-0.5513314184280802,-0.8023322305575732,-0.9106019688525968,-0.49876588668364424,-0.9020005035833107,-0.7339040849420432,-0.8094718047799088,-0.7548503372377464,-0.7939287790742218,-0.7503340431524698,-0.7389088582545793,-0.7473486665464367,-0.7051581564879718,-0.33252520366488103,-0.6728835376983853,-0.3823019292833922,-0.5664563405938677,-0.21954936053695415,-0.4120722791251505,-0.35856285288411294,0.021254417129668496,-0.008790170612519023,-0.09694074740690693,-0.19970295044088426,0.07899569856014493,0.24747531571098141,0.35295334167067266,0.10238658220074041,0.1498087978943672,0.30137552135670054,0.19382798773089138,0.6124417031470529,0.42514654000160146,0.4777614018893705,0.4511735485843341,0.6960439974030862,0.6972947321116959,0.47863974338111415,0.6343396401887841,0.5864922517933253,0.8415903757165869
-0.64241048507892,-0.7604679822005453,-0.6505875215650985,-0.6704427599468736,-0.7275017095021191,-0.8581920130154251,-0.6976622738586771,-0.6432425582247394,-0.5007546475282998,-0.5819492801553522,-0.6304730345009669,-0.6300150820330641,-0.5138529215609533,-0.6884038800070722,-0.48222561465294056,-0.6507455407040753,-0.404712673949524,-0.5239630867248062,-0.4316437454801048,-0.34968034533610054,-0.2922546217047988,-0.2884070552237325,-0.10760121376841099,-0.24406029115584718,0.20885334148942153,0.010129678992046741,0.24926128737552408,0.005676162816194464,0.15629010112579028,0.43372028585354916,0.14066176169650668,0.40130107048343294,0.3432002459807891,0.5959337087357401,0.6045539891999343,0.3467415342612681,0.428267435934673,0.39691644457863234,0.7054685281709141,0.5733820071359382,0.5634118734825375,0.5813165804748669
