gfs-wave-data.json
{"header": {"parameterCategory":2,"parameterNumber":2,"dx":2.5,"dy":2.5,"nx":144,"ny":73,"la1":90.0,"la2":-90.0,"lo1":0.0,"lo2":357.5}, "data":
[rows 36 to 53 of 73, columns 84 to 125 of 144]
-0.42931230939170595,-0.6545924387098779,-0.3834329251349304,-0.518428987333221,-0.4939982006690822,-0.5765712709995261,-0.6314241201916134,-0.6773144629551282,-0.9786148438422675,-0.9014172466850758,-1.0163205929207149,-0.8781347614435748,-0.9080853372507509,-0.8579407555720445,-0.8548011842710926,-0.8483309251119233,-0.7871810720824546,-0.7782372778648908,-0.5903258333610397,-0.49997371301183985,-0.4276851029768244,-0.42073250542038865,-0.4016381785815932,-0.3782283565969195,-0.3373321614286098,-0.22895515798088786,-0.24061271125234698,-0.30186863463613356,-0.33894724536840043,-0.37330321612708595,-0.2533317418216063,-0.23613326814303598,-0.23908251209944917,-0.22811638892541014,-0.2732479575133506,-0.2764339000190485,-0.300967718607313,-0.15715589847127517,-0.1349134783140942,-0.24409455512693753,-0.22965509050857832,-0.224419294434858
-0.5120872182645079,-0.5537838738028462,-0.5212065595994189,-0.5432722428184216,-0.5275394379443777,-0.6281382227676167,-0.7537387990056326,-0.8596807712776023,-0.7647290686487621,-0.9320314897894995,-0.88158806535707,-0.8878122155673371,-1.0326426637880737,-0.927955452202298,-0.8118092697393672,-0.7685243343572477,-0.8060319817827722,-0.5709338701600891,-0.6529229501194103,-0.49716252551219464,-0.38196079075941725,-0.42903487349511626,-0.4821652376607633,-0.3176218873731536,-0.3036997532570417,-0.2992778574109755,-0.22653716205420044,-0.3546221652445872,-0.3739698886543656,-0.22357791880593797,-0.28630673794295003,-0.36051312581259265,-0.37962723029892737,-0.3036594235740346,-0.23192729845791527,-0.24564866942247524,-0.28024045669222264,-0.31264688781651884,-0.28027820524561303,-0.15199844838899726,-0.2261616731015141,-0.178825300663948
-0.5656670539825243,-0.3194040567508576,-0.4076227837300161,-0.5212835553236237,-0.6083456787092385,-0.6869952164247918,-0.6698643274633888,-0.893311858541746,-1.022734710575434,-0.9973240827028987,-0.8868634419315481,-0.8892998808734696,-0.942161495427822,-0.9474106777685648,-0.8120702686217451,-0.8061310452489933,-0.7077888224537285,-0.638269608913351,-0.6457103294739966,-0.5071402694466828,-0.4224138794242759,-0.3250430079049912,-0.33482943047496094,-0.33092387081650737,-0.3330637330165222,-0.2859303907220229,-0.1795338630026827,-0.3427371602503916,-0.23341088177214284,-0.26669258939546375,-0.3342319341259469,-0.26711776539281296,-0.3316601765123262,-0.29777461614196743,-0.2863380306363003,-0.307990228220495,-0.24669483358260547,-0.20560805181535197,-0.1700401839905456,-0.2807145803739877,-0.14908992558505116,-0.15632390689619688
-0.528748875585801,-0.4695798736373585,-0.47453106230757486,-0.6421475554473213,-0.6498132319985415,-0.7982705459254289,-0.5793905205781995,-0.773837961198894,-0.9750160711334399,-0.9119749226700583,-0.92255305544473,-0.9969356345114436,-0.9968618527225283,-0.9995052978605241,-0.9710612323648276,-0.7692453208608022,-0.7243373958071367,-0.6387754619049972,-0.586793555228155,-0.3774239070701216,-0.49271908275591214,-0.3037265722330479,-0.38079285712021854,-0.3202646167574683,-0.21776801032704637,-0.18403625101763005,-0.2747063505703471,-0.38708848344149516,-0.25953726127816434,-0.24566610975989472,-0.25823364925487335,-0.2259848834448644,-0.41150599501441715,-0.21991857928933506,-0.3397118983532142,-0.22442679364553003,-0.2505864224262493,-0.15721578030803762,-0.21310049037533818,-0.19248762749231418,-0.14144709971989292,-0.21181780190794214
-0.5640273606897322,-0.5403752078170801,-0.46113377190827476,-0.6115751241644014,-0.6656734074123379,-0.6201575395461411,-0.647652899262115,-0.8306045324933945,-0.8953285561093622,-0.900306238847241,-0.9145489382669901,-0.9821727197374289,-0.8508459736198364,-0.9452967749198344,-0.8231469328898258,-0.8486435737619566,-0.8459587245555413,-0.5839118052933555,-0.5833031480734486,-0.5070070037992287,-0.3611846315703478,-0.3343582062762896,-0.3423533466478315,-0.3234646500964969,-0.21994680967721134,-0.26861111505984614,-0.17471149870482505,-0.2517500202554966,-0.3135991157555867,-0.3103395172393191,-0.25436806565444237,-0.31276804131522035,-0.27547923073159836,-0.3367898721539193,-0.23323639821613715,-0.3591239399646891,-0.18640716460626347,-0.29031618683230453,-0.21140428749496779,-0.22224826986704746,-0.20078392653841579,-0.22781119345397993
-0.465594571575853,-0.4979768143580426,-0.5601708495888446,-0.5978180181235282,-0.7363968228410626,-0.6082944643722265,-0.8625976753811173,-0.7264372350083667,-0.8450966154577938,-0.9575718963981347,-0.9650064531360673,-0.9878943295752325,-1.0320533786888644,-0.8676903172651864,-0.8964083482464866,-0.8795848736662881,-0.636554510873143,-0.7385180299994492,-0.5079907508546271,-0.455962810174109,-0.3966193952903566,-0.343511375133123,-0.3008354912495497,-0.37304204667660834,-0.2452028289549199,-0.2262149496460506,-0.21446125530461718,-0.2941995248383588,-0.2755584640417513,-0.28117812790599883,-0.28030219317753235,-0.31122705880549173,-0.350793305446897,-0.27473516142876403,-0.34417414124279055,-0.3145343140100987,-0.3480132328076234,-0.3354432077588689,-0.3016599761971889,-0.24175457359757607,-0.18201446253353323,-0.22635297073043162
-0.023761393259654935,0.02452600207470132,0.00665208344792275,-0.00418524626639183,0.03369721565222632,0.006809649330519155,0.003290432741369554,-0.029580777032391863,0.024609643144240835,0.012349920784292652,0.01106951395842839,0.005750781331105204,-0.0035093043986925056,-0.002891028315468789,0.011491346072122747,0.007593697694467206,0.010065647822683195,-0.0020118321007996736,-0.010097075054467858,-0.018008191314879896,0.0037155185999746903,-0.0018802271459521383,-0.0036659273180513065,-0.011018461395002298,-0.01202869949776702,0.011728989374126801,-0.0031737461228376783,0.027584413613856038,-0.008331625877750643,0.02306395239378524,-0.014799058311662509,0.022918145488402618,0.009137362909298532,-0.00011976255167785024,0.008078405121058254,0.012816652514626825,0.018872577716071304,0.011509694401066745,-0.006396619182774308,0.0014536446485076942,-0.004316174073436789,-0.019862578100638607
-1.099443573427772,-1.0215462083195967,-0.9855914967834385,-0.950670264241817,-0.8634804836010923,-0.8715391109570166,-0.825424546837108,-0.9394648932101326,-0.9789381377123982,-0.8683567481415814,-0.9248445498749591,-0.869938287875725,-0.7769717612229093,-0.8844801743879088,-0.8644103258082585,-0.7665962566373071,-0.8044539601951931,-0.7352183028697389,-0.8204047630292084,-0.6616067186082008,-0.8024118038405024,-0.7974957349545063,-0.7247912361984938,-0.7018437465243677,-0.6336184045930039,-0.68456736084573,-0.6630408209289776,-0.5681120199369436,-0.6922340535635061,-0.627041776617772,-0.6544720364594264,-0.6058538503878591,-0.7217298001682176,-0.6673937619172866,-0.6311562055707676,-0.5296718209953447,-0.6939154586114233,-0.6059026257348152,-0.6089487606612487,-0.6727727391682632,-0.5977806644954137,-0.6888217492031772
-0.8924144160664175,-0.9366345338098845,-0.8964967005623514,-0.9686537785878175,-0.9398653222921326,-0.8951869052910051,-1.0101075004762512,-0.9450905076146408,-0.7968657637871075,-0.8293882418101738,-0.9112570561260798,-0.8643019356523101,-0.8544871152794875,-0.8233338754116596,-0.7512544152609799,-0.7365150589409218,-0.7377992342666688,-0.8165392582153842,-0.8729022728524912,-0.8587687685496639,-0.6955477247957751,-0.6902898923947743,-0.697559826326595,-0.6786315219088568,-0.6102042531064519,-0.633204178123644,-0.6599470345550112,-0.6653894467604818,-0.6989245730899142,-0.6799307014276456,-0.7065171996297227,-0.6315593009914643,-0.651234921254697,-0.5664386148796555,-0.6881256852023201,-0.5492572511484626,-0.6730086885439506,-0.6400366386935527,-0.7278115696439416,-0.6970927718206376,-0.6098189117862405,-0.6717943154724503
-0.9262189965250597,-0.8756747391414977,-0.9172601200938962,-0.9933037419002716,-0.9582907197020717,-0.9150762296342347,-0.854667666760376,-0.8502580216709202,-1.0089155062085442,-0.8939991189044078,-0.9829902861923366,-0.8318603478679719,-0.8163071761436498,-0.8503429314907751,-0.7961549016992511,-0.755851598715518,-0.8827011517635879,-0.7403646247070582,-0.7238367358212782,-0.7241840486034855,-0.8540731836906476,-0.7449685045486066,-0.6520539502396739,-0.6628109556599088,-0.6692674034485353,-0.6598211823444767,-0.5839475784622445,-0.6840142577852568,-0.6239865293690078,-0.7019507091329211,-0.6306904772963707,-0.5601898276164067,-0.5976353898974975,-0.6494753981794031,-0.6486845066356518,-0.63811024740435,-0.7126088799563831,-0.5902643310695214,-0.5614495613271016,-0.5750486707525623,-0.5892619265727581,-0.6822395987006548
-1.0349569284615712,-0.9388342318399807,-0.9000433391244442,-1.0334912291818408,-1.0179773958308194,-0.8791177524620237,-0.9324300909580377,-0.8879944556212414,-0.8631042062191994,-0.9008958599827396,-0.9070266427720697,-0.8822100399316427,-0.8369816418557282,-0.8302049101623631,-0.965474651154666,-0.8304409785067355,-0.8839305726760343,-0.8296290015133115,-0.711224380666467,-0.803171659017752,-0.7419422318949132,-0.8197506706096379,-0.6522153952153434,-0.7502826141832102,-0.6603446830817062,-0.7324385223523056,-0.6869340528745146,-0.7941866213638474,-0.722361789711733,-0.596179113230156,-0.6948111130365712,-0.6411503650444256,-0.5898629493917057,-0.5996086216549719,-0.6696877442149539,-0.6886579563663422,-0.6763055229123687,-0.6565977590621317,-0.6339217841214966,-0.7398352956499898,-0.7364594493556559,-0.592235696557245
-0.932961644955844,-0.9670252738068369,-0.9363806522508908,-0.9427265175104748,-0.9621340535109512,-0.9714972319349574,-0.932152269744521,-0.8501759014627034,-0.9741095890173357,-0.8559835822582957,-0.8147035584463839,-0.8601898221511197,-0.8510428899100829,-0.8107786107412368,-0.9262477968243941,-0.8552572893273187,-0.8366659693219441,-0.7575107097529951,-0.7950599009304755,-0.6992031816537855,-0.8253032439387756,-0.8358527838683458,-0.7563750477807524,-0.7398887040874994,-0.7903265132854921,-0.6643211405526299,-0.6430146167313714,-0.6216149401738689,-0.680906222880012,-0.6585053990987885,-0.6754564834057545,-0.7221317731216381,-0.7488156116558453,-0.6252289585084045,-0.7159492015894171,-0.6485606190107708,-0.6891199758138056,-0.5995661067993836,-0.6408281853563453,-0.6841733906168301,-0.6980781998492411,-0.6486934376962002
0.026164617671215265,-0.005604931004421156,0.03486999005949637,0.004902127710944164,-0.03188079310187088,0.016889777682523463,0.001678466463359656,-0.003029702525196289,0.014288547330538045,0.021851302532991116,0.01964823072523793,-0.036752430133500165,-0.024465058980380927,-0.021263362721312403,0.0018370801905703642,-0.00869086251083144,-0.01392116776258661,0.014278579001242598,0.010217594038270245,-0.017419239781564167,-0.029478760873636545,-0.012227225838617189,0.013989529684728693,0.046154992280779635,0.0006717812731860837,0.006791212140706768,-0.015122341584988862,-5.071528460800914e-05,-0.015197254220140129,-0.016664157740487087,0.02317240103119781,-0.017560145007481796,0.008075848444563561,-0.020858710631630122,0.011996945370454377,0.0055440983422421755,0.007100709960551352,0.005911033039148779,-0.0038694105789193302,-0.016910629563391892,-0.002432236120739035,0.02087169072937028
0.7210031291727298,0.7277274034012275,0.7268997647070355,0.7540989978143633,0.6822030935376127,0.7491759572667454,0.6126599620551921,0.6420751969115553,0.6405998104557407,0.6853449259993952,0.6358004698543859,0.6008422010725526,0.7642345798146515,0.752676994979419,0.7587756123677221,0.6810935478025548,0.7882564269192921,0.7770218415798503,0.7296756979885755,0.7620298130175122,0.8853179589780111,0.7388350105210326,0.8616279717730184,0.9587293926265146,0.9402474915526614,0.8804414532204955,0.9931627942866136,0.9134877199061815,0.9461817810455717,1.000353778640218,0.9543346738644838,0.9165363474597465,0.933760178131967,0.9754090583174614,1.065464980570263,1.0821783735400992,1.1290790940249793,0.9410365497877048,1.0832481181456919,1.0608765586271163,1.0785512913815567,1.148380547534608
0.7280012843834778,0.7072942410303582,0.7522353504084924,0.680559670751329,0.6830540414862339,0.7510786994473717,0.7192015584182334,0.7524591527294735,0.7802493327257845,0.780860199725379,0.687436045708783,0.717705465104071,0.7544568226532139,0.5996671443277962,0.7597953309276272,0.7781456516575322,0.7507443498682062,0.8402947505549987,0.7964365876865447,0.7198424866376201,0.908493104244847,0.8839038057367705,0.8102039449177947,0.8927059068405703,0.9953148026280301,0.849304003565217,1.0133162359889925,1.0005708318585445,1.0069548786606946,0.9945987628087978,1.0103503361036887,0.9698172210402033,1.007966749672759,0.998382669314646,1.0018402453889343,1.0904783764422554,1.208215811821201,1.0003285354922793,1.1390329382550146,1.0780653986025772,1.1389696780995633,1.1914361641083215
0.9073937002648305,0.7622957919470607,0.8072032979772645,0.6796702576259983,0.71220684637302,0.7489692827602927,0.7652659833424833,0.8433714203535926,0.6362740382009034,0.6321815127286242,0.7489093909502421,0.7506305119142554,0.7234892515884174,0.8757140401877744,0.7929158738247924,0.8233550555604033,0.6828552003809162,0.8014376336615668,0.7906619754561856,0.7796169569180021,0.8321470660740584,0.9573114424167469,0.8380529618505999,0.8308829641662901,0.8734406102364863,1.0081872360185486,0.9367258185298007,0.9548801475914324,1.0877514278831477,1.0797959947318603,1.075853564779306,0.9581566616592234,1.1000203688442223,1.1240537561656492,1.038504235527034,0.9638814517514486,1.0761443322691593,1.1834748090575775,1.0077292777528148,1.2250056046178541,1.295542594815399,1.052947685975564
-0.028210434488705437,-2.2659775161135344e-05,0.01419805105375473,0.0012560424578583241,-0.00933003712393864,-0.024554984739456925,0.020890530560595387,0.02048008006744136,0.0007303062359229685,-0.01735447537454793,-0.027278517258175563,0.01517942646810022,-0.01017767626069416,-0.03531144665963906,-0.023529142469840565,0.030696191070293633,0.028200613624350584,0.019334764289754565,0.0159401213854071,-0.04540876393269905,0.030978855153145825,-0.025508327126808863,0.019522338654592762,-0.004764814954707657,-0.009351688946147534,0.012359395625542153,-0.0038437077660461063,-0.0021251989889001384,0.012024687431871761,0.04582670793702665,0.027329103632447217,0.013742058106353539,0.014924287593798437,0.008025342846270798,0.0005168351087122358,0.008504910974064505,-0.022700449329868155,0.027481982886341735,0.01373490570816478,-0.017949770931704096,0.012085864612757933,0.017508808731439455
1.3748960620006694,1.5702328724890453,1.2586080448554224,1.4906908420230396,1.3795542644508656,1.415732531355009,1.2628081333808847,1.2433037757690448,1.0718522090314782,1.2607857144708752,1.3237122002701482,1.196330534893614,1.3483200503087907,1.1697624334077965,1.1538684459627848,1.3135052123402988,1.1736917244032476,1.1809092483124926,1.2608094557485763,1.1807021168599565,1.173856823824058,1.130454829486523,1.1789496856073873,1.1607288607806194,1.307849974592205,1.138812581890608,1.1184211053969653,1.1542482027329084,1.2699513081468168,1.2456916136419074,1.3307042503277249,1.1666970959572258,1.2023228796327017,1.2430541648821853,1.0868634862304813,1.256846274916041,1.3373379525089772,1.1371409005573587,1.153258105720178,1.1508487787723491,1.1466675961487844,1.274390521999332
