gfs-wave-data.json
{"header": {"parameterCategory":2,"parameterNumber":3,"dx":2.5,"dy":2.5,"nx":144,"ny":73,"la1":90.0,"la2":-90.0,"lo1":0.0,"lo2":357.5}, "data":
[rows 19 to 37 of 73, columns 84 to 125 of 144]
-0.2920991561128137,-0.3097486241169447,-0.15763133503553733,-0.2968112177574488,-0.1505802797982647,-0.24320816299050935,-0.28226526072870534,-0.179326659211301,-0.17325708058102415,-0.31549854670615596,-0.24967351939288313,-0.14770377876167998,-0.1370305872776104,-0.2180305124125704,-0.20707797147288864,-0.28368513931746203,-0.2537458468958914,-0.3318445224817642,-0.28942990513541034,-0.25927242597896205,-0.24362422799690273,-0.20349064613530707,-0.3260820946521041,-0.2447636301702924,-0.2640401922703659,-0.15445792476462697,-0.19902112276716935,-0.23192783712084702,-0.23765756697535692,-0.28556208697729996,-0.1519574668082125,-0.23963129154614699,-0.21075781706571256,-0.1525187288951597,-0.32068998832869217,-0.1781955293953706,-0.29287866972558363,1.23325360657839,1.2528797913266791,1.2489276961594118,1.3744914501211494,1.1677742683256902
-0.1744614703769291,-0.1324711465302681,-0.17155409508755545,-0.13531526494153429,-0.3094038528994872,-0.29677142799134687,-0.32006031835542204,-0.1551291463557804,-0.23870132572554353,-0.2901872661989118,-0.1737553231426675,-0.15874228861449244,-0.2855123119061669,-0.3218378212117488,-0.2824082346418136,-0.21377980103381092,-0.24399416790659992,-0.2289607628101772,-0.23665127420996745,-0.2912536023683978,-0.2280543986090621,-0.16360991660897495,-0.1676413067294157,-0.20268582670084503,-0.15232768381306366,-0.21631060182050765,-0.14235191898896396,-0.14902234878867987,-0.28542677399427213,-0.3149425656442333,-0.2667667834143397,-0.30238530995192714,-0.3036949735919835,-0.13921002668304244,-0.1280903795050104,-0.2968010831913414,-0.14521358649417207,-0.3117272057801236,-0.1257472665453936,-0.1519712120097309,-0.2903505609966973,-0.14140730258798467
-0.5291385980916872,-0.4323421678511704,-0.3073191661721445,-0.38516973443311503,-0.509561274437622,-0.5227426601884424,-0.3235986813221492,-0.26968816734911516,-0.45343059273443215,-0.5149125557298158,-0.4997153300180095,-0.2770322050115284,-0.3175626238366192,-0.2591540616060903,-0.4073955682415554,-0.3373001262068808,-0.3345350941542889,-0.2916618436454359,-0.32545503509138546,-0.18770822223358113,-0.16767514230114464,-0.10566041311865088,-0.03756260616144204,-0.02278457937427406,-0.07463095264662248,0.021747533878775174,0.2345936662901983,0.09980426276392056,0.1363648938449492,0.34265707070530793,0.29183464258730646,0.14414246795248667,0.496498598380675,0.3287034532040104,0.4455540774058574,0.45197567108474057,0.41703236996887305,0.6798834097534308,0.4796943390194792,0.49412283799863266,0.5725612538610837,0.5961196017319856
-0.34380875252257803,-0.3719176322163393,-0.4327564757778216,-0.4350815738760195,-0.44248334760181895,-0.45200616266148796,-0.31308345075391614,-0.27980148403385324,-0.358130131599638,-0.41851220496258595,-0.29249135785166064,-0.3014286347774804,-0.22808885679762486,-0.24573419049475925,-0.4015086273813263,-0.3723814528717807,-0.37288061043769266,-0.14789533545086161,-0.11741269922824532,-0.06718585286743245,-0.11263694814063326,-0.0011164699072491308,-0.12220872413654085,-0.003517487395574184,0.06789413969620695,0.0003649987270455995,0.1101971458110775,0.04363576392763996,0.22134600473407512,0.2430416118126988,0.27868338543356225,0.4580216058683672,0.409496189697157,0.5414394140474361,0.3247878343521245,0.46109921323676856,0.4389184705479483,0.620540442363197,0.5100410750178509,0.7373768064615925,0.5523034792375844,0.6733582011749354
-0.430438317823987,-0.24697630912326693,-0.4376248394245931,-0.42938700095743215,-0.47598490476870736,-0.3146804347991309,-0.41682994689131014,-0.28909387041506907,-0.405305267982598,-0.4048819171434052,-0.24952057455470922,-0.3654616755944467,-0.3297837504651545,-0.21104693457228088,-0.3245664798197576,-0.24039329933100415,-0.33036680806841184,-0.1566240031676203,-0.08671038714955516,-0.1083783068675039,-0.08277429684487508,-0.037751107847654924,-0.18891277535799134,0.035765956437669555,-3.2880114591282715e-05,-0.06905179532948276,0.11918746508125415,0.017953310240054324,0.041205864615512636,0.3654608823959651,0.39085607636645386,0.42330191017326274,0.43656326077901014,0.503859502118892,0.3337946208144477,0.4093988780573622,0.42587104969091083,0.6415309596730766,0.6549964740687768,0.685746896396074,0.6500517821516497,0.8010824889001464
-0.1577931018620157,-0.18546160978314935,-0.1120841699388635,-0.21621103371330536,-0.12767207030237607,-0.14411846738144948,-0.1690825348370733,-0.21110792270441608,-0.07585537211467254,-0.09698032709489199,-0.20585732565573686,-0.20815734836905467,-0.2091911784964589,-0.18452237629271132,-0.2440122671505953,-0.11176939878537002,-0.12022904785541627,-0.21161799760359062,-0.2563072703947968,-0.25200534719053674,-0.26337013076884425,-0.08900404411952233,-0.09867042711375601,-0.22681155414681503,-0.20404563407347745,-0.25085234127764694,-0.10381554027677618,-0.1805898253663912,-0.2670527017966044,-0.09904284938315394,-0.17497074523391126,-0.16348851198071115,-0.1535070259627112,-0.17551112193042467,-0.25107879635088354,-0.2685722547127442,-0.10150969927658413,-0.12032899531332861,-0.24774272006629106,-0.15592776341477663,-0.21177447531684787,-0.21036858903565742
-0.5821054230743785,-0.7510347864646643,-0.6212037079268089,-0.7319365620039928,-0.6977036958976287,-0.6703685235546994,-0.5277680860220318,-0.6667181037755494,-0.7136210316148246,-0.5826527775094651,-0.8542710608013747,-0.5211354569769469,-0.7075264370712169,-0.5679513060211042,-0.6545062838734832,-0.6302475325014412,-0.6737794830928528,-0.6201326205500111,-0.7383477746815663,-0.46431429203465535,-0.6693314769382394,-0.5846518359928944,-0.547352758902281,-0.5442347589598712,-0.4991277388053895,-0.5879000712734489,-0.4950950283522267,-0.5416774802275363,-0.5787693001474895,-0.5497510245478229,-0.4897804083630542,-0.6544319339835082,-0.5020617739803063,-0.4942202854768427,-0.5056108609693375,-0.5686122162537667,-0.5144610612155733,-0.4869008988828543,-0.39681270362261883,-0.4341965362974619,-0.4489558162837909,-0.5100595123016608
-0.6652829802988329,-0.6911377939335092,-0.8368394156010464,-0.7514531444989456,-0.669433135479845,-0.6498399186858683,-0.6202225412062465,-0.8676649765037826,-0.6538589310778783,-0.7314098733552509,-0.6979706268035163,-0.7325761734899432,-0.7261474140260262,-0.5822622044405967,-0.6994353502674344,-0.6282243675682696,-0.5985347083292112,-0.5562628088136046,-0.5272103838240942,-0.6679913770346203,-0.5876045236347865,-0.628357639186236,-0.6419138043257397,-0.6357954888529598,-0.6430365921388731,-0.6826945754985345,-0.5561859359326854,-0.5482624030832539,-0.5682376500392436,-0.4568416323446323,-0.49221591481684374,-0.5281766870097467,-0.47843476723738576,-0.46912979771036406,-0.5519393608786394,-0.4635561601807166,-0.35573598626733133,-0.42040656650429864,-0.5306546205654611,-0.464684587044125,-0.5036156852456878,-0.47806479488111814
-0.5060175232141637,-0.580616970045019,-0.8436219471788949,-0.63882592065388,-0.5793132977636809,-0.7481539010722855,-0.7299055719163955,-0.6205581882051671,-0.8561357737920392,-0.7419032795863241,-0.6991610553199439,-0.7823484153616422,-0.7406931949793223,-0.7763020787791807,-0.6156520539801176,-0.6393283810572785,-0.5798456341585572,-0.5098539864106041,-0.6019346836820809,-0.5894927263975225,-0.5133253637744393,-0.6595978678772817,-0.46125071486589736,-0.5444358688241088,-0.47806567088211177,-0.48912763469768994,-0.5173252374028117,-0.47276726872539565,-0.6149020226350638,-0.5407414445724325,-0.5499828011116367,-0.6054262636016285,-0.5772987325361798,-0.48717322080791886,-0.42044960204582266,-0.40728884877396637,-0.5830646624264773,-0.4206279796918363,-0.37254690972358884,-0.4450397941743623,-0.45308156405809025,-0.4103754402219667
-0.6027560776820569,-0.8052538629612539,-0.776105908651679,-0.7070828182591558,-0.7315957479734441,-0.5384953943200037,-0.8386899973090274,-0.5601370533012433,-0.7676835743998208,-0.7694512279859197,-0.5096125547981242,-0.6890257098680039,-0.7717427632732954,-0.6971324705700224,-0.5817932153779151,-0.6144084323776045,-0.7536158400586308,-0.5382885791682114,-0.5223357681582662,-0.586384600918856,-0.5500599078546681,-0.6224648154315645,-0.6161001138986351,-0.6354908391454936,-0.6615499985234315,-0.5071912440761158,-0.477749396181052,-0.4862988137153703,-0.47978480964345893,-0.5167475635414597,-0.47244450105412344,-0.46443682644445455,-0.43904410940605165,-0.5799038158433371,-0.43784052152134334,-0.4462266348608943,-0.3604639915616536,-0.5419505851394738,-0.5130049651529214,-0.5761306704396627,-0.44742932178259415,-0.510235492163903
-0.7491631059474825,-0.7399194242191861,-0.8568634000175288,-0.7924164468812122,-0.6420175467241054,-0.6724046807186146,-0.7357072936689119,-0.582568907680127,-0.6400339331997535,-0.5497087387659368,-0.635825541195283,-0.7365898452080336,-0.7180659769691946,-0.504633527893576,-0.5633941148098054,-0.551536826040672,-0.4576867913993456,-0.598559167812838,-0.5181438079154844,-0.4903466905469421,-0.5078402308727132,-0.6577802509663376,-0.5043702659066467,-0.5216760839916795,-0.5076030727988678,-0.44868474809001185,-0.4987423331556376,-0.5961324459258082,-0.5169686877888413,-0.4882024434921978,-0.3863974524860419,-0.3808572971492366,-0.5428959284560527,-0.5803479123245461,-0.5440772414458145,-0.5155999771814104,-0.43753842488144046,-0.5183553448203605,-0.5983807381966945,-0.4444057102384486,-0.48173527771385055,-0.5542259031869813
-0.033394041164889955,-0.021801068635561725,-0.2154729981625608,-0.054807779028233576,-0.08678057806965164,-0.14965850032240166,-0.10776210082247721,-0.17807587807519243,-0.11549036076828698,-0.09686169032841606,-0.17455815027178065,-0.21004562695303738,-0.11510623012162345,-0.08223584971306308,-0.02964133333021088,-0.21164012865324233,-0.1135647529843645,-0.09728610236622866,-0.19364766147374804,-0.15100945844271024,-0.15467887318204948,-0.15910645460538256,-0.023466164134275373,-0.18875809074495226,-0.06432851433724152,-0.20644055071540218,-0.07197220603607792,-0.057303859236549196,-0.1689545403540799,-0.21402258535160176,-0.1953468661653916,-0.20292958280219173,-0.13087740114273044,-0.16817415037148664,-0.10135804037803063,-0.021813549939912316,-0.1623993015937988,-0.10472599768548356,-0.11246531308428363,-0.16958693806026356,-0.14006066972117454,-0.1807253567210565
-0.7258589870843604,-0.8494407708035557,-0.694617796661049,-0.7937538105150731,-0.8457100844247019,-0.7458519296589974,-0.5998079402172593,-0.45943568328930423,-0.48893170919769674,-0.29684372283029176,-0.31940749732382,-0.18681150763214865,0.004968269037054104,0.04805921758282499,0.20989175542354702,0.46563011401718885,0.4485673295027633,0.593015491003039,0.6054475047718715,0.530537789190489,0.5446172801475596,0.5044121982598546,0.6221729019284084,0.5101821622230197,0.538651451256597,0.5085347472360884,0.36849431828626045,0.424071379287286,0.28728757638421537,0.3212535152260156,0.3073978092013859,0.21037763125475686,0.2040042577600614,0.1199217328334778,0.09181279886230055,0.07419561595089456,0.029170063297124054,-0.010331135013623245,-0.05894215441655022,-0.06374557963175667,-0.0626860256856507,-0.10669476418034643
-0.8594962032612631,-0.9518116731715072,-0.8566483018884348,-0.8191631591032401,-0.8101199400119251,-0.6947437983846309,-0.7438191511131377,-0.5344372918347533,-0.6714112695005635,-0.35320817093628687,-0.3208489389482757,-0.24410167339137778,0.15196645053182548,0.14610770847865537,0.3691033635351215,0.23082042162223645,0.41449633508101236,0.47003802330733496,0.4481531658513736,0.4635893629143601,0.5108502910268835,0.5819186084397235,0.5889634243992582,0.6686417795108253,0.47664353096177864,0.4629647778259243,0.4640337302608371,0.446218256485988,0.33094366843777984,0.30733586781302574,0.18598905195940899,0.212268543245225,0.1689135574585254,0.20450744463682732,0.06352499551313918,0.025718887120856942,0.02857639469871042,-0.007690282579798795,-0.056987053383281326,-0.08035451414153151,-0.13801413200722587,-0.0970668341157633
-0.8312301559418268,-0.9193997917055194,-0.7684429086414342,-0.7944560428163029,-0.8381748478927693,-0.8311819920934808,-0.7990222125459299,-0.5196513577237534,-0.5602008202107128,-0.23765425719152286,-0.12163720240687698,-0.2739511416544369,-0.02163860087968801,-0.021977910113142998,0.1636841845759142,0.24677493833303035,0.5417554814671622,0.5663655627871178,0.40881978061617447,0.5804249526215556,0.5594581841352674,0.5394471549046145,0.573374478685384,0.5027591696168603,0.4475766458186235,0.4963669700097385,0.4968793822532909,0.3690820100853536,0.4471934365038187,0.2551805508981244,0.27739377459314246,0.1914652965877653,0.24189362282638008,0.12844288615795305,0.07715492843274045,0.020558220359805715,0.04311402119203043,-0.025981301740797384,-0.07874355296717238,-0.08897611686241373,-0.116646214873054,-0.10720129484487245
-0.8134702809868504,-0.8444812281557138,-0.9004955245813059,-0.7400097193225093,-0.7565811512145209,-0.8100192379713842,-0.5830954418996194,-0.5354325038862042,-0.5793280022299431,-0.47915298432524256,-0.38273621805382485,-0.26799091443948925,-0.13244727484551314,0.057951974936976604,0.2852332576510164,0.3574805355643573,0.4491868098839641,0.5331082118845277,0.5605593066142612,0.4629754361649118,0.557790660025802,0.48132805533842826,0.5868381355211134,0.46392222278951245,0.45101475868567226,0.45994789122259766,0.5411985706320566,0.48117536433806424,0.4078902869882769,0.2985060922612003,0.33892180634529073,0.2143454131718463,0.11289571380759536,0.14291672172703979,0.07124740831007904,0.04620289234721462,0.013713437388616023,-0.02426359999206054,-0.0387233823550764,-0.165128820132291,-0.1319355289744949,-0.08556117629408677
-0.7204568089244033,-0.787892568621298,-0.8812343106997161,-0.7411503873789802,-0.7665312925071527,-0.7851524532281873,-0.7717768361803583,-0.6279570948527681,-0.46863294879415845,-0.29555393378680095,-0.23511207340539392,-0.016588459550687468,0.05864091101191569,0.012834500233391614,0.32208279295620174,0.29486182553689333,0.4861879371069041,0.5458893623962717,0.5250422520793289,0.6805279352245042,0.5401055782774762,0.5767068024133757,0.5750025371414519,0.49790822142705204,0.4851142043067738,0.4271145752231318,0.560511555793371,0.3499868842649615,0.38546083516750257,0.39209433650471803,0.26629000613691906,0.21218628984152732,0.2479752484399595,0.11636020403287814,0.029403578450697108,0.049276884045588804,0.03985291963143851,-0.04981262826541657,-0.110938751991684,-0.05797065151803999,-0.08654640083509559,-0.06583868747383652
-0.8141797542369373,-0.7630927401304483,-0.8676413002485487,-0.7525249918019833,-0.7630936259981816,-0.694289160865808,-0.5677009445551093,-0.7352079219718355,-0.37380629025316164,-0.39562757038656066,-0.11847653860610259,-0.22750294709590566,0.018792957651091614,0.2205675233891666,0.3212361099705474,0.2648408721820774,0.4531880455624861,0.5886351408171759,0.5267558119135004,0.48733510481894743,0.5948599646381196,0.5253788056621427,0.6523298469941122,0.540438900253655,0.4700624471896514,0.42069802730503825,0.41829667188309844,0.4144417630824223,0.40884162787348705,0.3240160562555805,0.36909139811102354,0.21374629866566064,0.16832258841407058,0.09860203401554474,0.06612977485657041,0.0947570066305385,-0.0007666179482899314,-0.02030507454676607,-0.05919316695343081,-0.08196208264752503,-0.11613034674895334,-0.13517735851787574
-0.7516618739290074,-0.7968274858795453,-0.8297063454646182,-0.7229601238049376,-0.7058686233506107,-0.7004698392027402,-0.7480568936381627,-0.5444635027991427,-0.5317339146652994,-0.4959847496292538,-0.14832745736550243,-0.028099795097321453,0.057980001159997546,0.22073316332313964,0.18841352907063974,0.4868733608174565,0.5791292685061371,0.34772037714725784,0.4630746245004923,0.6269968056534009,0.4827908658417097,0.6003471795536546,0.4784375336692937,0.6111418700745105,0.4041353937616305,0.5505796103373312,0.4785613575483959,0.4250352066407983,0.4420570674626001,0.40341368885881823,0.3298485351390116,0.17040920445764046,0.193948977992059,0.20530843530501813,0.03939279424127225,0.051462529673339856,0.02244317895094634,-0.007759192128789987,-0.06298648777518248,-0.06706695933546414,-0.14774656280962928,-0.05875882806974033
