gfs-wave-data.json
{"header": {"parameterCategory":2,"parameterNumber":2,"dx":2.5,"dy":2.5,"nx":144,"ny":73,"la1":90.0,"la2":-90.0,"lo1":0.0,"lo2":357.5}, "data":
[rows 38 to 56 of 73, columns 42 to 83 of 144]
-0.5558520201603125,-0.5154722975763166,-0.5036677338284751,-0.48542853224740634,-0.5118284574418588,-0.5961220631584165,-0.4673342707897802,-0.5497099355703317,-0.5423144835164924,-0.5460927519725753,-0.3436765904599774,-0.4209506358190914,-0.32729000061965724,-0.37237602183577617,-0.3958900557730595,-0.3216331190090665,-0.312808700155442,-0.24070823892197557,-0.3365899497588497,-0.32182700806638664,-0.36867570986035203,-0.32938987601539416,-0.4532827157686439,-0.44865710900560374,-0.5857776178233084,-0.7391614118366805,-0.6459373486346413,-0.6997258772641499,-0.787037179624382,-0.7499012743754718,-0.8548746150629583,-0.9359959327976943,-0.9427467760159086,-0.8569475726067511,-0.943828824695665,-0.8276075379497605,-0.7231555222878598,-0.5795045272624665,-0.8380408640690823,-0.5825179573966988,-0.7555234695033378,-0.47222483197937876
-0.5204302887796904,-0.6012350672658738,-0.5145340050033429,-0.5561938933741566,-0.5785761182402406,-0.597648198012438,-0.4508849537269423,-0.5650962258026162,-0.4571827684274117,-0.5265841964829101,-0.3176720791506652,-0.37440800353926945,-0.2585660131128096,-0.4468574380146508,-0.31199033788618746,-0.21948368085717732,-0.39730589870471356,-0.20225609815279344,-0.36207089454618907,-0.18980228457222542,-0.2706883474661547,-0.25987823665382076,-0.40211509904457027,-0.5543550587941516,-0.5229839097991322,-0.6094275019489055,-0.6769296812590494,-0.6223759237560573,-0.7353719198077706,-0.7868476539585548,-0.8568199415509332,-0.9014085048519304,-0.8571725319834791,-0.9988678475811178,-0.8572560762516017,-0.8615815702625401,-0.7751489323569117,-0.7618845321399583,-0.6234515795919894,-0.7357460735061065,-0.451608542273266,-0.7824137261169596
-0.6329219136947968,-0.4162349628966551,-0.5689188360710912,-0.5879484811136187,-0.6298175586250887,-0.47715672508345774,-0.530849738530542,-0.5836727542174996,-0.5566102057394383,-0.5146965163841061,-0.4057980811174723,-0.305073117567376,-0.34518819665980977,-0.3088499765176405,-0.36240060251130984,-0.3633904651864079,-0.32548998647908306,-0.28489643983458085,-0.3025315374341425,-0.23299983388299952,-0.25705986267356984,-0.3235730847007015,-0.2653990582851483,-0.45722620595656716,-0.42990864608585283,-0.6097712062976609,-0.6783281366768975,-0.6341042979267685,-0.8347800012921186,-0.829144896592841,-0.9683556794393903,-1.019697049030888,-0.8998954313936656,-0.9036719548203638,-0.9142291290415048,-0.8384318435724776,-0.7573274131154418,-0.7153322929695072,-0.5955998020272859,-0.8682783898172954,-0.7103633659066704,-0.6557953508056856
-0.4692496562399404,-0.6105095864877281,-0.46449128762198816,-0.6129667353291819,-0.6042003956711474,-0.4959249383072067,-0.587720444123619,-0.46089721173771486,-0.5396070905244775,-0.450008816799531,-0.3788767265738883,-0.42323130671350495,-0.308193876134653,-0.4468126024927022,-0.29290508278423677,-0.20648692956633405,-0.20943693160694948,-0.32294463725458533,-0.22493729443867402,-0.2167549443963373,-0.2673032062554101,-0.3352472413644943,-0.3825406179720593,-0.3800356900853426,-0.587320491414671,-0.6947809105403222,-0.5413467421686684,-0.6546133164194324,-0.7488646842344423,-0.74090605503117,-0.8953482297248766,-0.8210236664395976,-0.8734800778779385,-0.877124820240985,-0.938584616300344,-0.9486595456553626,-0.6703909103943312,-0.7887130198963419,-0.7221687887288954,-0.6050289169331841,-0.489961182710275,-0.6483831272093293
0.041859929160926235,0.05119825135553696,-0.0235590870801981,0.06400111866955041,0.05022358262519833,-0.006929785138748445,-0.018458465423819386,-0.051818559986853314,-0.033690761400620835,0.030926447801060415,-0.01971828670036822,-0.004465600195567212,0.027319048014828855,0.025182432929544262,-0.04417611576422207,-0.024226937050647337,0.005170349621681929,0.04085519445088995,0.03266508062968582,0.011040838528431074,0.017191625362768102,0.05774423181662219,0.0044767000449019495,-0.03659830774540234,-0.0013167006460422133,-0.020080747693343556,-0.01515254691961663,0.06799465999770649,-0.017526891916256858,0.006009986427502658,-0.050208763895104876,0.03708162566559,-0.0015081054831853691,0.010485331243667925,-0.04364102577419562,0.05946024734365554,0.03446421281638965,-0.03322300005179179,-0.018756386556755905,0.01886892029456242,-0.04305792231818042,0.030704517576110174
-0.840316100759025,-0.8631410522483662,-0.6162698798969722,-0.8654377319898676,-0.784266057001853,-0.7930187133373466,-0.8136458363852923,-0.7993937988842551,-0.9028590100315952,-0.7090297012281449,-0.7642186831056713,-0.7787216967732271,-0.7268163419084314,-0.726492498885197,-0.6511864701843423,-0.8997817537615812,-0.6230890278942428,-0.876024613209324,-0.6871752540930148,-0.8551645105604415,-0.7388730728194413,-0.6984123176419008,-0.7963031450777603,-0.7244648912168304,-0.6909863399497433,-0.753268254311204,-0.7254849901326494,-0.6921033857762332,-0.7466144459437661,-0.7158606636014596,-0.7530438838265612,-1.2059598818010389,-1.205703610453171,-1.2988625845606179,-1.193395643773602,-1.2894538388865633,-1.2501038309841852,-1.3075104229534324,-1.200406223956653,-1.1538723049132273,-1.1201928122713467,-1.126346382367892
-0.6691255374758089,-0.9228810196296902,-0.6921278287997542,-0.6968509130435963,-0.7035896577757443,-0.6477009257980897,-0.5986913624307423,-0.8906283749414412,-0.8389372757666259,-0.7160975007585163,-0.6686326554509838,-0.8081269866138546,-0.7729830267004985,-0.6008587462742865,-0.6653669950531524,-0.6743134506809914,-0.775978032877865,-0.7270435696974771,-0.6779050855764189,-0.5732941375417339,-0.6888208630284787,-0.6940351384467697,-0.7352198077695286,-0.786257919807447,-0.6990175988032791,-0.619898398722786,-0.6873898889817319,-0.8287874741098241,-0.8107084880045031,-0.7116266244575491,-0.860511328787842,-1.252035258688349,-1.2083949860154288,-1.1431509808141724,-1.2819758237388326,-1.2261605872253616,-1.1935096864130132,-1.1923730573426292,-1.1958487626342649,-1.1778404586483897,-1.3284488282898257,-1.2198016220989434
-0.8607534986786871,-0.9173638391493526,-0.7864219786860007,-0.6607462118867983,-0.8943184081382084,-0.662032844245373,-0.6460912720404094,-0.617969206657254,-0.7923394012162308,-0.6698612382493376,-0.6141693653383723,-0.8029039679485555,-0.6574192468300337,-0.6237275440647266,-0.7042528529968031,-0.6028736662599102,-0.8120127897770355,-0.7468979106077256,-0.6386357494120988,-0.6955593851754825,-0.6771633518042506,-0.7025352475677888,-0.796476210138328,-0.7166469380704563,-0.806820277694601,-0.6696012748918013,-0.669597896290386,-0.7455257867397476,-0.6795056350032026,-0.7438850721019268,-0.810884558030293,-1.1806066082627504,-1.2661333137274702,-1.258139302566081,-1.2337681195886518,-1.2439447074774144,-1.1638379515274488,-1.1648153720350214,-1.2650757861466255,-1.2239622991623036,-1.049548343484506,-1.0890413423544083
-0.8304995176996393,-0.866862322418672,-0.792814803983191,-0.6827927189951709,-0.8100868711639374,-0.6997690712018374,-0.6194420598349856,-0.7947128294903475,-0.682876124582621,-0.8195401139776184,-0.6455090990923049,-0.8167730825334195,-0.6059393575029458,-0.6566873574332244,-0.5695470639074408,-0.6063697411146349,-0.6079264803205761,-0.6010072000415208,-0.6674482571467767,-0.6193779874354832,-0.6816472328067156,-0.7677002711266664,-0.7586207123824111,-0.6603172917952157,-0.7269718243495007,-0.7956324461364408,-0.7577019419960725,-0.7374164930161936,-0.7289569834899419,-0.6690237582763947,-0.7180013333068741,-1.2012806465381614,-1.3220449665827907,-1.0821782730319622,-1.150048260954943,-1.233999435548472,-1.1664464738409637,-1.2537329783439233,-1.1047893997858966,-1.2349182267363885,-1.1566845469874798,-1.2276208073603274
-0.7167126408801798,-0.882386205622007,-0.8908788588747807,-0.6681660340433206,-0.8167377480230155,-0.7908952168416862,-0.6494173410871668,-0.7090427113424398,-0.5944756936071613,-0.891344783286123,-0.7633373483377474,-0.7327553380953367,-0.6070775844679306,-0.7368062351637762,-0.7751731374456332,-0.5980937295012685,-0.7164619856688187,-0.678681676705958,-0.6386164409147572,-0.6472345784799282,-0.6541272370350658,-0.7503098589928141,-0.6704365413752075,-0.7532413910382649,-0.6922720247657215,-0.7243958605561731,-0.5963081006976305,-0.7404830115287571,-0.7364076723296284,-0.7431072344969275,-0.6904237138116798,-1.2588749211149772,-1.1934226721436334,-1.2374287333990581,-1.1201178580623374,-1.0533578283809693,-1.112156698968347,-1.147825640590594,-1.1847164457234578,-1.2594451065557024,-1.2084242530299842,-1.1756246448698624
-0.013796432649180977,-0.02150327467648207,-0.02721034920685019,-0.017055209704260693,0.02475568845529279,-0.06750658671135366,0.04798616085566758,0.05350928406684135,0.05749156137414226,0.009213855125283181,-0.02950756679455379,-0.0502234095804728,-0.018326486297516754,0.0449276901672541,-0.038156912971317555,0.014744594247152626,0.040130860006841206,-0.03309463883927136,0.060645784434574114,0.002623726987954067,-0.025760847126015788,0.018275738841275143,0.03990329567184787,0.03104025560497747,0.011661063147691733,0.03099376164699302,-0.008005824240616683,-0.025873595235249573,0.0031510801406919387,-0.05738889302709298,0.06343343223364864,0.00010292333314268198,0.012512411136387867,0.05549160811859567,0.03718963566093495,0.04765894544548512,-0.009310849384866114,-0.002633151506252623,-0.057652548368833184,0.03382633745800561,0.00181970614825181,0.058389794468854644
0.8318091815656116,0.9635071259261412,0.9010324586148714,0.8501044235548151,0.8307833092654099,0.8171444871877385,0.9582520359123623,0.7684282567235978,0.845556971026566,0.8544405443358511,0.7880783472255284,0.7964003629486845,0.8347556042164406,0.8404553847844793,0.7811643413224264,0.7285257688229326,0.9054074528466458,0.779707801041788,0.9034032912730148,1.0153894790344777,0.8527160318183877,1.0111874565524788,1.1307745739867499,1.0919559298296504,1.0985669581078623,1.202647895779541,1.194093461174463,1.2831271672808076,1.1880293818504029,1.190006868931975,1.3755176623211025,1.3499234131877864,1.2699228953505315,1.2746395950125942,1.098468938354099,1.176543898002876,1.0725907682883034,1.151340840478131,1.0689534463540848,0.9292046912507906,0.9682356228744452,0.9702159872219518
0.8080560675426852,0.8514295007223511,0.759828855586049,0.8054121590532358,0.7591133837243191,0.7982942290469217,0.7978807349959942,0.7452299864510791,0.7590021035874043,0.7824801784101107,0.766511726161449,0.8558232296789398,0.7531087945285754,0.9253416714642126,0.8938010948991127,0.781136360489175,0.8093377103174656,0.8798699109776104,0.904367285878736,1.0349127241564329,0.9718391914298262,0.9158488385354802,1.1579007995285304,1.0489770161671392,1.1467573525184143,1.2122012173384775,1.268928106859839,1.2985934804451225,1.3116453445503005,1.2486749845977343,1.289764316457468,1.3437157362682788,1.292074826383788,1.2509856847344112,1.2252089501194523,1.1983391279028217,1.0946117163156523,1.0183152656689014,1.1574757652171765,0.9706207782093698,0.9916516927919444,0.8710083017277366
0.774450235651561,0.8909596136684995,0.939931461723791,0.8795442807731607,0.7546851120530673,0.7277964494360226,0.8299635016833745,0.8596053188641707,0.8847400257199435,0.6554772861834884,0.8067940963477628,0.7549986477072664,0.8367167139596053,0.8851805031386696,0.8245003423360895,0.727141183026178,0.7947237245090801,0.9798682553457478,0.9465345723206604,0.9368396273332137,1.021515782172837,0.8817694945372339,0.9798126425933302,0.9136617713200791,1.0764046851752944,1.0575916068877529,1.1370270018254847,1.2050042574815072,1.2328020635186017,1.1757968164305355,1.2903177747667203,1.2224009161203293,1.2042940356011738,1.1189790144328324,1.177381428624474,1.1678808201385615,1.0976547364381142,1.080554337804618,1.0054586517302875,1.0770477839080512,0.8753961218947742,0.9665311733314917
0.035250729500475995,0.027771719124165394,0.004272027039719834,-0.04641269512104207,0.004669753246375571,-0.01662758249360446,0.01630302834597454,0.03594142960599221,-0.019995259699831,0.004959891545488729,-0.026870699492108137,-0.04430531708193955,1.2274802393887888e-05,0.012929523637201745,0.031857621170520316,-0.041337542842537864,-0.02000162147755538,-0.013999010823381298,-0.02218528621363154,-0.0039558953832355935,-0.010858973253137727,0.03699291132882289,0.02507461074270674,0.03010163201403164,-0.011300690667633324,-0.02390136965464089,-0.03408260248464243,-0.0633004503560103,-0.021855025504323812,0.0012221403071264111,-0.008198322756965016,-0.029435282473938635,-0.02881351456990047,-0.020987983534897846,-0.02537033894721919,-0.014840786835607663,-0.029709862810485176,0.019766680782547334,0.008059098230470164,-0.05609431610563783,0.018336181900219253,-0.04735902959481181
2.644034802067943,2.460872230751694,2.48528969618163,2.6095641768359377,2.4957327831796445,2.4557271977099844,2.2532564726077284,2.449653288439611,2.1371747948762407,2.392098040134281,2.0653924090886204,2.2972309512479168,2.2435854422051875,2.289723761408266,2.101502950679604,2.2792758385238177,2.2203599895948973,2.1118388124547347,2.037279135381566,2.096901311762743,2.022759539321611,2.1827834663951804,1.970408868839457,2.1793060129284165,2.029193243170683,2.2135559476667206,2.1177777517320564,2.132820807677946,1.988879033433772,2.1115830613857525,2.0092607979762382,1.8830974974130825,1.8991991145132396,1.7677314610277897,1.7353004105940246,1.7176071359746392,1.7600680100412016,1.6625316740724645,1.5656964401109958,1.6276725447634892,1.4465543962895886,1.499783737766827
2.774706105508038,2.6049075887751814,2.368133539204454,2.4123501686466473,2.316755500290395,2.3040754684248435,2.5254658384521136,2.4910968002712965,2.3093490876586804,2.3694364244681667,2.2307325977083465,2.3358138735231555,2.1789743068951246,1.9977676514009248,1.9995189691494082,1.9977631592273437,2.1818784473020942,1.913088192073007,2.0146867135948594,2.2316557513410773,2.064199676337382,2.0143784576854435,2.106206962358724,2.1128828994683775,2.0137554785155527,2.207980818691398,2.1292719154872373,1.9744552192691536,2.0686608307565253,2.1077206590415267,1.9693729465808547,1.9926209290531562,1.823901565773224,1.90988603403236,1.86242300253538,1.83621323047023,1.7497676758076948,1.6835021444924336,1.564369648026805,1.4428436975239392,1.545287035803857,1.352048551240236
2.6360700674476525,2.435756370116265,2.473949615751363,2.3665035092355278,2.41249461905717,2.4321804809071983,2.259385620791468,2.3315922994288374,2.5558484049872106,2.2512021935609146,2.502235597401582,2.3477624850771246,2.2217390992514465,2.382330591365615,2.116746197144823,2.0750520753336774,2.233276737446259,1.9602930985767326,2.062325549524609,2.1676051795278277,1.9966650473774954,2.003590598661845,2.1631989809690393,2.200052383411053,2.0913893110211843,2.0737736046182267,2.155715554172227,2.0654966432707647,2.0476018349386904,2.08214131280974,1.9624560863196205,2.0040258060428338,1.887100067892643,1.7899477723610608,1.8715360874788438,1.7844582674093015,1.6073173313943592,1.6283136269882987,1.568495969446205,1.6514121693317614,1.5147530033114815,1.4473986788402813
2.5750895387481134,2.490735013965671,2.4293993613777967,2.4209484102180245,2.6254412478670472,2.326636669742152,2.173154902473749,2.132764408149429,2.3375750409472684,2.289315783492744,2.3183315084111817,2.230969326339019,2.2584175479116664,2.4000640036529894,2.1176344964687166,2.198528616803433,1.9278698206412779,2.130012455059863,1.9958251901393227,1.995514656941101,2.175916297518701,2.248686506251196,2.0611695961986856,1.9928453888359794,1.9452108625912417,2.1013312618758335,2.0218968630751557,2.086382861457701,2.131867014421677,1.910981681010321,1.9326098403579615,1.938322122067245,1.926346551376989,1.8797055752485585,1.730363689012309,1.7501696934113284,1.6607703254899102,1.7906001844454043,1.7147352764068338,1.3936703575876663,1.5802785064557234,1.4856710408167457
