gfs-wave-data.json
{"header": {"parameterCategory":2,"parameterNumber":3,"dx":2.5,"dy":2.5,"nx":144,"ny":73,"la1":90.0,"la2":-90.0,"lo1":0.0,"lo2":357.5}, "data":
[rows 38 to 56 of 73, columns 42 to 83 of 144]
-0.4760924132477659,-0.2649007293176498,-0.2601480600927617,-0.1483875570945294,-0.0869196636232639,-0.03435448638221074,0.009597099705908479,0.0264786016030157,0.06086118038253689,0.1965992150486724,0.22088966074126237,0.2471881176557648,0.2943194981143391,0.23630475997921652,0.2622235650585927,0.4060971880589489,0.31376945066949774,0.47366098973243487,0.40443939668452,0.40627675252956436,0.39723570792901847,0.45582894168848126,0.4177645720387012,0.4326992415133391,0.3811435540718507,0.35666788071984146,0.3609654199776626,0.26865079357531163,0.1700670828572607,-0.010359600313080697,0.12717974136265162,-0.03187328423383351,-0.13833073395793047,-0.24874718127202297,-0.3518512145773111,-0.5311363540575764,-0.6459378289907152,-0.7010770351336254,-0.8977208776942346,-1.0479272462127351,-0.9035217819842233,-0.8610240624433231
-0.42565043356046306,-0.26802041725173814,-0.16226109448802342,-0.1227619975273633,-0.06548417018197822,-0.062137529686701796,0.046037842327404904,0.0158319662239696,0.20997152458631327,0.11508466005654111,0.20675746222956864,0.2119695002624127,0.2939568599118679,0.18743252881173425,0.20249408170206995,0.33705912348260836,0.4070247209841525,0.37512009047687345,0.31083066987684665,0.391735660657051,0.30329556245287737,0.37262258718535035,0.3961942951474082,0.39069352651913586,0.39566280286090505,0.33772560504173754,0.24217892917491884,0.28176003344724976,0.07481684892218218,0.20341626799627954,-0.10103977740838152,-0.01967155002119686,-0.37174089724010767,-0.2286792447826378,-0.4166726033920624,-0.613046894581695,-0.5746566294068634,-0.5899063700328299,-0.8830773434284707,-0.8368671787945023,-0.788077101441908,-0.9548568827409056
-0.3212298106393048,-0.38976191394314014,-0.2767336975142126,-0.1752426685397531,-0.06609133439861954,0.016537893069279722,-0.01463857773712412,0.0076234360409826755,0.0537496757510221,0.1792183816681516,0.13941540927860344,0.253354134321463,0.2009699472882141,0.21629903226062638,0.2823706036728023,0.36755440949909857,0.303617173937305,0.33949239892526484,0.4143957442417172,0.3235473586590681,0.4044517724681983,0.33525151471027753,0.33251192355502845,0.36460245547847414,0.31675535525243453,0.3813885498357126,0.2522167235834479,0.22142498066681834,0.10886546476873779,0.002671717618201145,-0.12743153482914912,-0.1649347291156153,-0.24222848318547283,-0.40574772983678953,-0.37359297327701496,-0.5053452647508958,-0.6395747765089124,-0.7985939005599597,-0.7860919968711019,-0.8412449155348668,-0.8287470720861548,-0.8846283014826111
-0.43947679540668116,-0.326864507914616,-0.1705699096839525,-0.1856833548298832,-0.156601756097045,-0.015452572373972576,-0.07111766109627943,0.007642811292337268,0.04544337314016161,0.07708815490984766,0.1574175058117115,0.255979347233543,0.30409851838522833,0.22450451685171383,0.35581937844751005,0.35057507728546644,0.29554309526345574,0.300684899289624,0.3728269520970841,0.32092313241419773,0.3357427196086378,0.4215960686318488,0.32446669025918407,0.2925020662388411,0.3273579924924592,0.3019894058669472,0.27944118864362244,0.15031687091063106,0.26856038073174954,0.24186497563523884,0.06861003586896765,-0.09996179317294901,-0.17039975926999795,-0.2671645126919672,-0.452319439952839,-0.5142100325091838,-0.5667966671273943,-0.7530726155988026,-0.8113174875126493,-0.8544688155399179,-0.8643063303823607,-1.0108507157613225
-0.30399208527231714,-0.2871612889663059,-0.24425585467405883,-0.30563107169700593,-0.30327548917484076,-0.163977588541564,-0.22166721715654975,-0.2595272241771558,-0.20016037678964285,-0.1696925330309647,-0.2491987080555899,-0.21402771295440734,-0.21994380612365988,-0.1817217267806859,-0.15496206852283623,-0.2688747549835535,-0.20489069728339718,-0.23312890001056424,-0.257037686154119,-0.20850769295662563,-0.27405236633932645,-0.19852795580558705,-0.2486129542324617,-0.23414171132566958,-0.25459987723815114,-0.1852040546247471,-0.16608432834147083,-0.32704817703851746,-0.15042144884308759,-0.26281479289703324,-0.3179426985394139,-0.32098974241675726,-0.1820147978287369,-0.2281656535485584,-0.2952419323607714,-0.22220433964733663,-0.24938500942307817,-0.22117659117577604,-0.2224038475370448,-0.1921572412482014,-0.24446899903147554,-0.24173638353555135
0.7285888324967367,0.7723728152363102,0.650160886522292,0.8293368404701331,0.7290156118326957,0.6928942005939656,0.7648175370345086,0.7420982755147743,0.7192945868894047,0.7586668748870019,0.5887955445338222,0.7609839600663268,0.6947539023633517,0.5664965077627887,0.604490866818745,0.5934735425184717,0.5608110526392407,0.5042967005680623,0.45071838833191924,0.5700850597405431,0.46193189831001397,0.44790118154666914,0.3380267256609295,0.5532807676440059,0.36096372964100476,0.311424824247924,0.36983935445053434,0.37328107711665665,0.5230554803168264,0.24681644297352134,0.41445218152852753,0.46930063621809004,0.6763015133230261,0.43136289060625826,0.5514144834408,0.4667812417928031,0.4870325996349813,0.5876691306400489,0.2755722876800841,0.5642873648866443,0.3041433991124409,0.3183592704468919
0.8101602027704907,0.6811117082777117,0.7754892814890331,0.825053365558328,0.6263534785525262,0.7939351072078238,0.7229070986056649,0.5800321899723996,0.7122807431803821,0.6325447155292324,0.54758414063542,0.6170324793042602,0.5696324840412799,0.6317862060949085,0.6622132901531459,0.5124840626736803,0.5726273876313788,0.6100343234203135,0.5138616252619019,0.580616424099013,0.48493170632186844,0.46852966330635415,0.45236435429411487,0.4370199645206881,0.42666620807362304,0.4472949197956162,0.2984250547418482,0.4166595356917393,0.3065220781597036,0.2700536245163255,0.43359555486487256,0.5153189878648581,0.534838495369973,0.6776235750315768,0.6270774908794721,0.5450887018869641,0.6339026223322813,0.5505846047839891,0.334808663744842,0.4879177332541258,0.49536421045100343,0.2801048964806609
0.8904144648605424,0.8932221224896564,0.7379768579772162,0.8392294283993984,0.675504484628632,0.8839928846864353,0.6141418202420462,0.6620282134508452,0.6793340244006719,0.6117411410895471,0.5549677447768111,0.7352001915497797,0.6376300700199029,0.5206994582101198,0.4902658727681605,0.45769151988910217,0.5667810711110247,0.5043283392825042,0.41285407689817966,0.5817064683948261,0.568277078529785,0.46543461360477545,0.4058398511155217,0.4578863502414437,0.41146095540903416,0.30964010478605475,0.319747568185608,0.29598062633646743,0.3142006160948262,0.416964290325495,0.39838091994500985,0.6176354241678798,0.5146919624539379,0.4725607364312629,0.5495809227070249,0.38187934078028557,0.595192106547236,0.4159743227345114,0.3126603910992014,0.2681491726460874,0.38052593746878166,0.27082740221183854
0.842573394505268,0.6498522708338005,0.8301741046131139,0.7029222113473379,0.7844786277706539,0.8439533085935397,0.7157690168893752,0.6918516893821184,0.5413810664206141,0.7293104361769012,0.74351356191651,0.7099268081247789,0.6339275504845748,0.4830240751517722,0.710057053832259,0.5795554474540676,0.6075398586759817,0.45466256579483594,0.4211533377128447,0.37414059166828517,0.4432297766339211,0.5918359569460944,0.49186367133677644,0.47153846019803186,0.35485822586057353,0.3973449114478838,0.28625487293950624,0.39730466829707406,0.4393088830179808,0.25182969187402576,0.34266714331221027,0.7033131276385872,0.7267763102950827,0.4587081174221762,0.5994909649998185,0.36454175754939444,0.5986264170184373,0.302953116086925,0.4454562121469225,0.29676438446983705,0.5727756376403621,0.5667214789695517
0.894837246099116,0.6821595673191773,0.6023211011858638,0.6055240929341856,0.7963869202272339,0.6401988063936804,0.7028439691260109,0.577916583331824,0.6272624376285296,0.6427033540783568,0.6800893991495719,0.7552799635231768,0.493890673621597,0.5871612855368339,0.46465560935561895,0.5051289179636552,0.5483037172749952,0.5439796133930127,0.5656645405432709,0.5330731039571447,0.36597994318670657,0.3829433663933437,0.5338661429637563,0.4305534879352626,0.38310622056586113,0.4954895931309705,0.4076103193020947,0.35308800377604505,0.39220740724263964,0.4748883220165326,0.3728756025691065,0.605422157852375,0.3963215256368788,0.5516570893667843,0.48023951971515677,0.4838821876139324,0.4299597543170754,0.2982632888300354,0.6244865462427642,0.5468545615081668,0.5197464397737368,0.2647883000742372
-0.14676095173494041,-0.1709651290947427,-0.18955398281937452,-0.18066293249671136,-0.09033968077297459,-0.15268573586930845,-0.15661389428264202,-0.2039615544333084,-0.07972493191129021,-0.21301045564617477,-0.16269469237523868,-0.2603599314311745,-0.10045446500731305,-0.24671468096714533,-0.21524533598049186,-0.12607269078062694,-0.2480702126299807,-0.14173425824082933,-0.19459582638400175,-0.19209541757920096,-0.11676941101828328,-0.25776396999038825,-0.2152454176134777,-0.09165761603598846,-0.23608241374992628,-0.13947777807532288,-0.2190966784799677,-0.2541788364007548,-0.15947505367509157,-0.17892420625408018,-0.17528285531728469,-0.10298977411654651,-0.09262243124931054,-0.17591441822770168,-0.13736754001345416,-0.26116399124410267,-0.11242428545854423,-0.12085324180319655,-0.2173406380331976,-0.18394934947351455,-0.14649043461662412,-0.1234762103285812
0.1483679516789098,0.297817259011074,0.30300287132355774,0.36544046602281105,0.2627600931877881,0.22882983552064398,0.3610593119556701,0.3826496615770804,0.34736349330885413,0.46830272949084606,0.4943056508062358,0.3267061084222308,0.32960937527718825,0.3241255788620016,0.3888883653940952,0.3987031931779162,0.325319447486391,0.5216618313063668,0.3316784737354004,0.2505988439479181,0.2868784178711245,0.3181585462882357,0.3869153435314357,0.13072334730838087,0.0974232886224899,0.38842861117870686,0.08938098309236907,0.20515142330204117,0.14679157767012393,0.18821730705809883,0.07149998163334093,0.10375892630916803,-0.16647567400056715,-0.21149412140104928,-0.1830455699296183,-0.3527733164015222,-0.3994049330173228,-0.33883319388385197,-0.17665082362954485,-0.2768975909942656,-0.21436402687872044,-0.4274906952391247
0.10000232890413883,0.23685067550276126,0.1582391580401706,0.37364757222772,0.2418040288348662,0.3356817545799113,0.2559649606379921,0.25569848649324656,0.4805228051636079,0.24642545052384035,0.34158159064164817,0.4755950442597506,0.4285709094198684,0.29010648535474787,0.2863666530296144,0.494582787522646,0.4471594891525751,0.4653715056228788,0.33415537973795595,0.357581677206573,0.2106964300063823,0.465064757167774,0.3334228540576346,0.301394149634519,0.2765091014440059,0.1670066251217848,0.3614246444508163,0.14161226956488965,0.2612263335714908,0.12396235655483319,-0.04394790211948515,0.09821723920483016,-0.07478621997273867,-0.08511740125257802,-0.15762596933404918,-0.2576202395898614,-0.16756204704070915,-0.4209603919043115,-0.21023579004676896,-0.2916519686608632,-0.3207701163492447,-0.256088973322427
0.31614642917924957,0.2186524522406294,0.25282639090615555,0.2728240024642094,0.226316316592348,0.2524617004214407,0.3681886968150476,0.2221536322132274,0.37046944184109515,0.25801200430744886,0.4753117999832083,0.3777723976080452,0.4988082081482553,0.374149179224075,0.4682652273988882,0.3220390551520145,0.33912691444071014,0.2699369628240987,0.34405200002778363,0.4701931642531616,0.3931300760325588,0.38827693141219244,0.16681700915691589,0.3626544853266695,0.31480633174277456,0.1596902019943248,0.08823099353321877,0.2772471286775213,-0.024916395351358818,-0.048666837009009624,0.08815281632019979,0.14202427231844353,0.033531231584347,-0.1627018997214706,-0.08157178346887793,-0.2254668059855973,-0.38356522366041496,-0.17627385088161895,-0.31794421555446495,-0.4468332927830934,-0.33603948084897234,-0.4467455389411461
-0.09174737528387018,-0.08290905015369837,-0.22365701465686275,-0.11714474943051163,-0.07080789324382568,-0.15015669874927573,-0.0892744240231336,-0.13393330159505284,-0.12308555378209333,-0.12563325436447972,-0.23011710144324002,-0.08674411481856288,-0.17355318873417164,-0.10911791857228607,-0.05940253397302004,-0.05706470030149787,-0.07042756387091631,-0.05411805372371824,-0.04826418434185326,-0.058287264324965886,-0.08776195474779308,-0.20924752748721984,-0.0377589961447108,-0.1627400922857026,-0.10264413938789578,-0.17753263441482192,-0.06201808281170052,-0.2319404301763446,-0.23391004868118834,-0.22065852400688032,-0.1711929460035488,-0.040334060966667695,-0.12386359623970944,-0.11884557679625497,-0.20487172544452426,-0.12350086361481945,-0.18598454239324638,-0.20138300025841943,-0.2038946376614197,-0.06092530972742753,-0.13641315238283494,-0.052144088123526666
0.5327079432962292,0.7686433920241666,0.8037327732069692,1.0603888840932973,1.015261288580199,0.6737329447625169,0.9329508237473852,0.8789979442624344,0.827998268088839,1.302305191679613,1.011936292731907,1.444025194347446,1.1559756263480372,1.3795672973390853,1.1162591503932535,1.3426370196947528,1.3193029163569403,0.7699362298594188,1.0028590229662762,0.9956292208918183,1.1682954027156103,0.9395907586379366,0.46965732262720017,0.7356384935275821,0.587606266074432,0.22906055061598327,0.14708681508809446,0.4039958992298114,0.17510844945670268,0.02689968693371333,-0.036336632245835034,0.011835780656355327,-0.05246251842086998,-0.09715164945716115,-0.024201314832690245,-0.3545913893072512,-0.7386330456496148,-0.3799798286424944,-0.38952814375183875,-0.3283509777753399,-0.6218646013829576,-0.5701541172724762
1.0792980872087394,1.078119716216965,1.2816545738672545,0.48575978416512977,0.8801880472544009,0.8324896646758582,1.1997033572874474,1.1493533291953355,1.1987436964576492,0.9708115832364976,1.0410367891785224,1.1728857647704571,1.4615650416485164,1.2271524078445513,1.2866354126766506,1.034125885350938,0.8641041152212,0.8689196959667002,1.2966616982396055,0.7218864014891734,0.7184189247756724,0.9045468236062952,0.6170491954930161,0.4515068548370465,0.6221505263035162,0.6382598219220011,0.08491726793597401,0.2083032704102761,0.4734416920493512,0.22852615156134254,-0.10683164686333697,0.19764683025410762,0.03336012098614622,-0.484432779159521,-0.12186226224928547,-0.28009923006610427,-0.6588088348967328,-0.521115374502043,-0.6831590539734109,-0.5268368767716326,-0.6747491906934019,-0.7958311492898764
0.49918537537676105,0.7716333951168846,0.8691794918669863,0.932570254781578,0.7967533434803311,1.134438988438792,1.2508779550703424,1.3733521388500312,1.4461831024775564,1.247682686843574,1.278367081471774,1.3335723127374575,1.4747411687736962,1.394720021528554,1.3936980755043267,1.4047414128414244,1.3073633389393768,0.9575505770870895,0.8315386957363587,0.799208694338365,0.539292007046888,0.7073346892951324,0.759467905238296,0.31707026302902486,0.7637524954484727,0.667756585799072,0.38766308649909487,0.09300458345932235,0.08484456239877099,0.19822426508620353,-0.2536136861363176,-0.24687316811993826,-0.246297982763672,0.057897140937214375,-0.08979232363666939,-0.3329794455599117,-0.5123194072631613,-0.69675599731582,-0.7688611313427097,-0.6300613599089327,-0.4198505700022036,-0.5314831707324507
0.5239190339351939,0.35157070518651545,1.1616265831809869,0.5692567978351164,0.6009683250302571,1.0191984959160927,1.002958148245986,1.2085249610630913,1.2796721503332376,1.2627590628618204,0.9798837110717298,1.00182540037998,1.2274031187345857,0.9073077499905455,1.1675898226151362,0.8527474626619669,0.90673665279691,1.3026625649408228,0.9628387304629571,0.7171401594740583,0.7481267745420493,0.6521004929608468,0.9055559833734866,0.4605441407409122,0.8280927605295765,0.3721921783086075,0.6411003350677859,0.5012138431218076,0.11749745594138754,-0.07139593654104233,0.1298601612169937,-0.027813514698878265,-0.1712818786178551,-0.05525491675334842,-0.15531287715521017,-0.34266255018585456,-0.6410245510085866,-0.7581060468325808,-0.3514748847833099,-0.38623005703365987,-0.5954652879753587,-0.4126481261601151
