gfs-wave-data.json
{"header": {"parameterCategory":2,"parameterNumber":2,"dx":2.5,"dy":2.5,"nx":144,"ny":73,"la1":90.0,"la2":-90.0,"lo1":0.0,"lo2":357.5}, "data":
[rows 19 to 37 of 73, columns 0 to 41 of 144]
1.7922608363606933,1.987103924615749,1.8127080201258812,1.9765460448630956,-0.004265223439952597,0.01574446119234638,0.003618852173370821,0.017366414772034523,-0.0032528111357078052,-0.0024918976862527862,-0.005560196292916713,-0.0044030776883677274,0.0028402775356031894,0.012333404772781565,0.002855285795780667,0.006568772949813437,-0.001319038832672298,0.0005966330463678545,0.0043908521409860325,0.02174381355033799,0.02490196228898747,0.0012400291838574548,0.0023903509768611053,-0.01472837347341815,0.00031309270354474043,0.005748962955879397,-0.020850053523591632,0.0015214981385356795,0.010355835370543397,0.0012447264546304932,-0.0038297186292392425,0.00046718978977763767,-0.010006083019281178,0.002365397883103577,-0.005382282111276541,-0.004520081890569548,0.00019548616968462681,-0.006957133452003193,-0.0037201218579069467,-0.0012148324585247313,0.005993537931480271,4.620638033950384e-05
-0.0056937777108182295,0.005206497870400656,0.015502635802197027,-0.0014500923569726318,-0.0020748127001661686,-0.01034573801217527,-0.02061699310800727,-0.0227545536361224,0.006334599678972156,-0.003642978054599153,-0.007266586809315895,-0.010529502935241757,-0.003334711771737224,-0.007040026420072538,0.001680582981173434,-0.004460600250287656,0.011096912343873588,-0.008637084827268807,-0.007632821641566747,-1.0477463458174586e-05,0.0037664486973531842,-0.004238488814283765,0.005708781086154215,0.00035310337336761657,0.012323754003485198,-0.011851583054205342,0.017256395982329434,0.0033207901505325726,0.02243355098849732,0.012075034196603,-0.002125127698396287,-0.0034988605147714537,-0.020679825457624635,0.024398045118684132,0.010336039027636374,-0.008034362937805338,-0.009687872813602484,0.006726977086383395,0.0036866498451927445,-0.00408780626616452,-0.006185242004788229,-0.0009766978440168808
1.4481660318446763,1.5168561891655647,1.4708567812712114,1.533241426908157,1.516928269325073,1.477438226617657,1.5096204193650256,1.3747884107344834,1.2930353108340464,1.3248523404717403,1.3270224430426751,1.236044252307818,1.18608466459041,1.1620429465535878,1.1402087354773496,1.0838485501479924,1.1078578867747015,1.0963971401946113,0.9217645056798357,0.993069505726389,0.8920555688336143,1.1174234558127087,0.993453254043649,1.055829563052497,0.9376578990786175,0.8912222456838849,0.8937532582701029,0.9680494365274918,1.0325859769212542,0.8421209539996671,0.9009805291212173,1.001477707990561,0.9966930278700761,0.8787214723315978,0.7797870861452029,0.9202205390266075,0.8464271887342489,0.7999898769115732,0.6827889319746329,0.6879031166170603,0.799681838146477,0.784881199371376
1.5849308998169016,1.5666959332658204,1.5702151396345236,1.4364656639738538,1.4906764510431738,1.4449206745869898,1.5000282469352129,1.3381015543142643,1.3710449314417084,1.239546938793284,1.3023165280432571,1.226158226315991,1.1816856067820858,1.2180707390913141,1.308325147714313,1.264355961087849,1.110145497889385,1.124072634425789,1.1571891368404572,0.9671442826579593,0.9044500291800134,1.0307145410823817,1.0426083919069091,0.9549557630892846,1.1154768404249378,1.0119662929249718,0.9572743581619777,0.9343559174304158,0.9784006436132615,0.9486483485316901,0.8296758442831977,0.8278606630502139,0.8935260300460005,0.813190305530195,0.8017473957259676,0.766737429977464,0.7343125628012719,0.784362523122463,0.8661094994597173,0.8235450422401869,0.7539794600250145,0.6547691674770185
1.3956260581338396,1.5587057541942142,1.4492404088420703,1.4478207611533205,1.4987280581576705,1.4431142080226107,1.386398243099564,1.286476015813922,1.3865713488783948,1.3901508117384245,1.1604490014444704,1.144530152009869,1.3213007174894986,1.3642851503872706,1.2682643370150573,1.2027309312612167,1.1527617985713983,1.0191363931651793,0.9239788630578876,1.0715519777452212,1.1636982008523453,1.018877189190601,0.9043117308854738,0.9718564317377548,1.0651289342930423,1.0392496858165132,0.9638852935644935,0.9733497474151392,0.9489965322012656,0.8525136160081505,0.951773621501534,0.9002552175597881,0.8983938685990156,0.9163003112743545,0.8111363429843289,0.8970103154697081,0.8699407310523548,0.7021351467515516,0.7290520973948834,0.8449713644323321,0.6864792604677739,0.7201426184510391
-0.00927083333851448,0.003386759300454916,-0.000454398653357567,0.017022970375972744,0.01762220406064419,-0.0015104840914258728,0.007252051659710421,0.01910474055847722,0.0037195973036104808,0.01606714989447535,-0.0043609967837795575,0.0004813232483650121,0.0008493926465460374,-8.45888733294767e-05,0.010444401332864523,-0.006429512629081065,0.0010983880660916277,0.008719264920500267,0.008452500669325127,0.019770724467879256,0.007171441938829109,0.0028682867693980343,-0.022096513193350428,0.012025964367929298,0.011709523378785353,0.006028578882089993,0.010645459852159131,0.022659379977723323,-0.0004934167332774539,-0.011318908598658283,0.011864324006590647,-0.0003209522271434026,-0.014051056179894801,-0.01036638274912771,-0.017215476752749644,-0.007212267129235247,0.017278509639221534,0.013060121972919742,0.00018369251839778802,0.011012203625936655,-0.004851156072340475,-0.0028887602098924257
-0.7634502368771192,-0.7635970113076911,-0.7570371483382052,-0.8462475441244214,-0.8360942795821179,-0.8277448712635156,-0.9234115965265846,-0.8309137053116921,-0.862612504342504,-0.8066844926165246,-0.9791360458428876,-0.9335620717335116,-1.032393786817634,-1.105158889734653,-0.9687705192789541,-0.9813542562876756,-1.1525871530924827,-1.0313608707971789,-1.0102422635426116,-1.0875249987417164,-1.1231380981278392,-1.0496946054741463,-1.0125181592434793,-1.0277633591677904,-0.9654678117707436,-1.130653414067894,-1.0113803943844035,-0.9955620926532873,-0.9955968123389167,-1.1853763210512942,-1.169137928128528,-1.1624367495247798,-1.073575916578497,-0.9995513169445713,-1.1261553648496347,-0.977054624382902,-0.888228920978668,-0.9380955249650367,-0.9620663841505442,-1.034738692795139,-0.8721622323036353,-0.9927436045203536
-0.6384350444731486,-0.7942016209110667,-0.7286225421841409,-0.8235244948091495,-0.7500648107217008,-0.765174247095602,-0.8785879868225978,-0.809201893735235,-0.8119486808415676,-0.910862711039436,-0.913718057157948,-0.9758457874115063,-1.0367983223191124,-0.9368460186416174,-1.0099444146393932,-1.1095970836955573,-0.9213722297633417,-1.14805258033496,-1.1364233608619585,-1.104812053281129,-1.073078456182607,-1.065202511233296,-0.9749234483658933,-1.0454172280043978,-1.0216814777186505,-1.0021856532350248,-1.0308348294317706,-1.0414221197571087,-1.003479485552183,-1.0286960121812259,-1.0396534837207065,-1.1358463802492902,-1.0265625891168013,-1.0052854116317664,-1.0760186439249966,-0.9353815106800034,-1.083602097662584,-1.027447450191483,-1.0170124871176547,-1.0026043859338074,-0.881760104222058,-1.0027291957038769
-0.7941369465030704,-0.8286018271774632,-0.7322125535209263,-0.7461221387537271,-0.8389508291633376,-0.7195778290730914,-0.8359618303993535,-0.9135170364910083,-0.9490957414573927,-0.8880011698463082,-1.0796124112384204,-0.8697526195192368,-1.0592120838787484,-0.9133450842183242,-0.9543397196358481,-1.1219564314003945,-1.1219598620354752,-1.0823401707395262,-1.1400397556440074,-1.0977898300924667,-1.0880782157343931,-1.006606326897621,-1.094291961504944,-1.1707870798308682,-1.053174420346526,-1.1767680378547627,-1.13427544077306,-1.0772552055451754,-1.0050497059997814,-1.0595242226192603,-1.1337063271558692,-1.1189608400433098,-1.0069987137608374,-1.039735144185668,-0.9976578932129686,-0.9828687517620098,-0.9825812879701631,-0.9167200929763069,-1.0874014434643562,-0.9973056921018548,-0.9952897188855534,-1.0639127692079529
-0.81044734378505,-0.734777040311383,-0.7956831836327548,-0.767870973020542,-0.859102329954668,-0.7804977514876363,-0.8033312139820061,-0.9531032303315566,-0.9101986266075999,-0.9305916459642382,-0.9879512364173006,-0.950767956734547,-0.9209556152972741,-1.103018328243959,-1.006431669456229,-1.0642111545402175,-0.9173459869782263,-1.0368274352848916,-1.014889511547927,-1.0520002917502582,-1.192904255785462,-1.0615708697006432,-1.0080682781214507,-1.0238629147070322,-1.183816495725653,-1.1549086798692425,-1.1033368452525814,-1.0508498043588927,-1.0601300832637803,-0.9562817033946577,-1.1039589322634693,-1.1592607630430356,-1.0411467724819468,-1.138550763221596,-1.142213567900995,-1.1250719030905802,-1.0156634466144867,-0.9568651347949036,-0.9065623114935507,-1.0275878294439205,-0.9214482449055705,-1.0010397449947976
-0.6566927769125306,-0.7879544002708292,-0.8922309661712621,-0.7529795255189586,-0.7255031649091567,-0.8082887147762938,-0.8191815791499645,-0.8298787348620593,-0.8774440530378823,-0.9219052670214661,-0.9315787138171934,-0.9882005041724851,-1.0706447626399425,-1.0532361287833054,-1.0525162181877012,-1.0357939566936822,-1.1358696246125526,-1.1528714908191715,-1.0348218033660035,-0.9624704243617543,-1.0470220637200849,-1.1249160056347165,-1.1752469319901868,-1.2131992245164285,-1.0381027840358314,-1.0830231837999509,-1.1243127537863602,-1.183379238209415,-1.083853173416299,-1.1373036143596884,-1.1414655558198503,-1.0157544702238765,-1.0535986548303042,-1.1425775021750728,-1.0647966660325514,-1.023154175217479,-1.107322818577019,-1.1019784382358782,-0.9522066588606296,-1.0507197743950045,-1.0583819147014422,-1.0314779473812588
0.011114017325029198,0.03788195967291959,-0.008918635544807742,-0.004055870588378874,0.007279335890460727,0.008471851469255925,0.01044645242558291,0.010051273616314717,0.003306737126906946,0.006125837361952788,0.014593630247122623,0.03382086030252702,-0.018353419764755994,0.011081000773346984,-0.027350954548185074,-0.009087529073186613,-0.0021465315715032646,0.022029408042571762,0.011530512480183776,-0.007139133432739599,0.007379482516316987,0.001051357199986405,0.0017191685979771618,-0.01940024546730614,0.0012433544765260449,-0.0010528934314334548,0.009087659484989187,0.006401685070109972,-0.009813294713885454,-0.021034473942213625,-0.0003837295819304849,-0.023522073400782207,-0.009812937634365596,0.025321701121722322,-0.014700900787688959,-0.022207485357674212,-0.010163583537119792,-0.03280217403606227,0.013114721430595036,-0.017084825910943065,0.03287648989516617,0.005846635240484798
-0.6130191405125096,-0.6057565332627936,-0.6416523185433376,-0.6552395934379108,-0.7923186834272008,-0.7076590115505229,-0.5697066131589704,-0.5395436754041073,-0.6450550182772925,-0.6512897686337307,-0.6559579427173309,-0.49606882672001096,-0.5456678732045354,-0.4875164017429932,-0.5881437330296808,-0.6750192856198297,-0.6745844119281832,-0.7903961858120097,-0.6550680043222348,-0.7521440288486222,-0.9506264008038368,-0.9916654800551633,-0.9176826704802775,-1.0358138818834175,-0.9495775775180118,-0.9796239985936318,-0.9904389817145723,-0.9680591059725924,-0.7077887403894464,-0.731478561609588,-0.6268647859134463,-0.5619600417511672,-0.5622790943377423,-0.4851371734355683,-0.28511522499793696,-0.31566505319412946,-0.4341682723089976,-0.3854712261784297,-0.2272620686709239,-0.2754617967366268,-0.304560780672881,-0.35432389698376937
-0.6747338758355964,-0.6033542857510341,-0.7329694122929664,-0.723291271206253,-0.7109664127300094,-0.6354299132515947,-0.5718066463964034,-0.6147941258514652,-0.6116607042672455,-0.62596898986746,-0.5999848826134492,-0.5328899747338958,-0.44249366298465076,-0.5611560836188989,-0.6031381099011539,-0.7028371795246211,-0.7346874918044677,-0.5430393948586002,-0.8130526528991634,-0.7735276696628708,-0.9354765954571711,-0.9212346349196802,-0.9823257342951809,-0.9345178848537561,-0.9329939420191826,-0.9075054781033031,-0.8621747257877517,-0.7588066205335445,-0.7586969798566047,-0.715673519302955,-0.6213847510990872,-0.5146884247432975,-0.5853654679938151,-0.43815521767334414,-0.38165584124074475,-0.4090228703568171,-0.43659767440883473,-0.26221026659014085,-0.3030313548227437,-0.30499038024319103,-0.3613944438883183,-0.29756879234513467
-0.696438023045052,-0.7067330455179713,-0.7723716944036436,-0.7307680665885413,-0.7164799305308601,-0.6053386341976725,-0.565024992719019,-0.5142535565596209,-0.7367597759389711,-0.4653022778458207,-0.546490486775329,-0.5549079131398276,-0.4344233991062627,-0.5959221432381875,-0.503629920813556,-0.6212590612429502,-0.6560575444817831,-0.6817945146447029,-0.7896574720217234,-0.8707633233042735,-0.9017009542467219,-1.0179894583657585,-0.9540834344520984,-1.1241502966740735,-1.045158708245498,-1.0806872563059042,-1.0092848330711846,-0.978525743778838,-0.9189912643361396,-0.729052209792639,-0.6816560003963011,-0.49547323667979654,-0.4445852859777364,-0.48271575722714255,-0.5241251632776674,-0.30766916073990874,-0.3950674803178721,-0.3109497003475544,-0.38503275178769386,-0.36371776319511656,-0.234211700542403,-0.3459587581660134
-0.7209712849718537,-0.6291789035397402,-0.8308542337155855,-0.7275795021700268,-0.6684969559607092,-0.7799433222121043,-0.5942889629267876,-0.5877459540528389,-0.5770700356898406,-0.6199065274906105,-0.38208945598050614,-0.6154442024790355,-0.5051009266669675,-0.5174822274961887,-0.6681924027158767,-0.6007375073613009,-0.6302592149199534,-0.7380811586366948,-0.7293068031477802,-0.888128329368686,-0.9384196768323085,-0.9186751763700746,-0.9919697554589051,-0.9470474746198462,-0.9841081905166261,-0.9702775638773646,-0.8992784001807194,-0.9764095945412503,-0.9167223702518893,-0.8066131326465081,-0.6077853490659788,-0.44155134931171686,-0.48739525350065915,-0.41540438211183156,-0.37521628345341224,-0.4494705951076848,-0.3132788060818849,-0.29754645912907035,-0.28707171593713815,-0.3898566842064617,-0.41071891536733685,-0.31443125508666425
-0.6778341126780165,-0.7093659201017016,-0.83485946234637,-0.6848160570449596,-0.6548244141526274,-0.6986811548676015,-0.670720197041203,-0.5012817359868816,-0.48200846883851545,-0.45149656613050415,-0.3664871930981316,-0.38879927728360925,-0.5695794771964386,-0.4586426458044452,-0.49440159769105047,-0.6207651117071121,-0.7279906954754173,-0.8685486200590924,-0.7485816081817986,-1.0243129333074703,-0.9600306007687031,-0.9395617395699096,-0.993462975320028,-0.9882424948034623,-1.0372284243986574,-0.9770972516451958,-1.058463350852088,-0.9624461537652488,-0.7813386554732981,-0.664075215462163,-0.6342603463939627,-0.5900840089767434,-0.6256424146399701,-0.41179846302128736,-0.5422589876058382,-0.3825306675300648,-0.35719254140862544,-0.3897861116536422,-0.3841875852136202,-0.3819103215342245,-0.24340634810080014,-0.3837848217820908
-0.7899961877400112,-0.7141373265532637,-0.7915000532724469,-0.7194560725242629,-0.7574980646176079,-0.7116247558200388,-0.6678577881423481,-0.6929645119784413,-0.5852853628409179,-0.386689150313785,-0.48249005630986647,-0.6255798806594506,-0.5913848391404266,-0.433986607542865,-0.47540135807214295,-0.7869052606699455,-0.834450194767563,-0.7265151206438201,-0.8355743077270618,-0.9733717072097203,-0.8528788203872556,-0.9712851569421659,-0.9657358508196441,-1.0520752172580108,-0.9952411308872579,-1.0769535716255383,-1.0306349384019662,-0.9274975669731902,-0.8172681137865092,-0.815776646750613,-0.6293931734775009,-0.5790191271865189,-0.3830173433111092,-0.49078428529811124,-0.44988496968539166,-0.39124944148012347,-0.3979979465929423,-0.30320636036721105,-0.23260478125382644,-0.3916758012042757,-0.3392607715856985,-0.4427127135941719
-0.6527073802059957,-0.7584939512938464,-0.880385771960244,-0.7588747112963927,-0.770769489021374,-0.6238792144638045,-0.604510906542013,-0.6041507741807283,-0.5437173150844379,-0.5413492592520849,-0.6370308029168622,-0.6202806822726088,-0.5321021410436854,-0.5361318110212813,-0.7522215526383054,-0.5414188462215135,-0.8056396229325367,-0.8920829166094916,-0.8111180730859743,-0.848453368578077,-0.9782660550715764,-0.9738771800272855,-0.9825084481677736,-1.058325452471639,-1.041295271304128,-1.025831237947658,-1.0247241862639822,-0.9147697010128975,-0.7371416051913103,-0.7278481156537666,-0.7238116736754769,-0.5902557336338304,-0.3710514731422972,-0.3530628823022573,-0.4319370394555212,-0.2764246431878046,-0.3960312848794818,-0.4137095839218254,-0.24912981473003173,-0.2955430007834886,-0.4849559804937359,-0.461896753435478
