gfs-wave-data.json
{"header": {"parameterCategory":2,"parameterNumber":3,"dx":2.5,"dy":2.5,"nx":144,"ny":73,"la1":90.0,"la2":-90.0,"lo1":0.0,"lo2":357.5}, "data":
[rows 38 to 56 of 73, columns 42 to 83 of 144]
-0.21331105561530098,-0.2215790833514364,-0.19409369203351054,-0.11602481610693866,-0.04718482594996733,-0.05163719874891517,0.01350213508694147,0.08129782667500791,0.06563887480741383,0.051866702815254115,0.10006303977256485,0.19607517548209072,0.2295675134513059,0.13712917744227177,0.11073246395326816,0.26180468096657084,0.19158447060871225,0.244313671555753,0.3003804323354916,0.3094723063384905,0.1984445601256163,0.2428688438657423,0.32166862556461256,0.24356151478404228,0.31617850709961814,0.3118226909729351,0.17979793320258808,0.13582392845810992,0.15896176888546967,0.18361331435258887,0.027494107382923336,-0.05509724852414766,-0.17221172697005216,-0.4023120915189325,-0.3425191991807942,-0.5078615606914227,-0.6675955096669789,-0.5632960567716814,-0.6333881543553058,-0.7873323377502929,-0.7173831352596457,-0.7207810333519902
-0.2569119193553086,-0.2702700909171376,-0.13315768562313188,-0.15885657988197252,-0.12402091175994764,0.008385352968331894,-0.003981840129513626,0.028915419845508793,0.07583720935051727,0.11443419269586394,0.1481411621214085,0.0963771703719554,0.13378707472977805,0.14013770478129897,0.19675054905856976,0.1898977319191343,0.2729995069117008,0.2204848651207759,0.20215751255593922,0.31231367052601733,0.22495743335425722,0.18474247168105595,0.20832319841376964,0.2507182136641637,0.21506373603742665,0.2618564464575311,0.1524487491947788,0.1653274365513268,0.14432965122815106,0.013462539125375188,0.09788169959708988,-0.12220931092098875,-0.26198732823469634,-0.2519481135163344,-0.43752728791398116,-0.5153720555477902,-0.5476358399513312,-0.6511349921612525,-0.5833534923470345,-0.7408933181093437,-0.8176114108635323,-0.7995034997418334
-0.3170734971394368,-0.22066770823973902,-0.15164822077910448,-0.138403119762179,-0.13472520798122303,-0.07380447908252384,-0.05630616081284704,0.007148792938026727,0.025173241816122384,0.1197786760961281,0.09948171466733552,0.07378413298702995,0.10381627255893253,0.1964636323629177,0.17534007427160553,0.11749638932576241,0.2669908930636074,0.1494879646166861,0.26537990519634713,0.2753601430347119,0.30552933114785175,0.2637083611245381,0.2506089762445188,0.3209997176903261,0.21219722307668254,0.23740114492235864,0.2232635378472993,0.27985537631340623,0.17325748032092828,0.16896487890887688,-0.08502252373081468,-0.10000785709647372,-0.09416437035922977,-0.14235498124800455,-0.3014864080762469,-0.3700391449254358,-0.5929717769272738,-0.5853605826885819,-0.6953575343619579,-0.7896379349035842,-0.7986900856903855,-0.6991726730951675
-0.18257651345629497,-0.28111589386118546,-0.1515460110180517,-0.07890811662699075,-0.1617314170877966,-0.0022356201694487625,-0.0007381086133240285,0.002718632269261946,0.09455390990818953,0.07091906237015692,0.17873488525657694,0.07943416857617644,0.12131385021222349,0.08674188695353723,0.15304880177067282,0.15572032285845894,0.23437060680928165,0.19163302641650035,0.1770758969117954,0.16555785088569205,0.36314842008186793,0.2902898466876961,0.3113134393639498,0.33750706891865284,0.37259858607266,0.3330884499126951,0.3337822733761053,0.12244240381527405,0.2120582972575415,0.08771829504921205,-0.028380451839995127,-0.14594332232617957,-0.09136959201215329,-0.37177631677532874,-0.33890638829134223,-0.5479352211316577,-0.5244425400109249,-0.6680490288608673,-0.7232514494377468,-0.711703613548682,-0.7145337268497088,-0.8231108082445238
-0.19706612425843606,-0.16954654612271125,-0.10604856154933177,-0.04025641787799092,-0.10433478725032606,-0.022929935043507002,-0.04029219174678282,-0.19899088612537177,-0.08803504018868352,-0.1010591581664271,-0.021622807419735858,-0.0744280182251517,-0.177407506285385,-0.08752346751264461,-0.19690325075107562,-0.17888052753238926,-0.0908794671870531,-0.2184543005431803,-0.07611548980331373,-0.15408115437078582,-0.05438948134229612,-0.19345871989758323,-0.032813353656969524,-0.10044803586173133,-0.027631897791661243,-0.1839308259948006,-0.07037479380838889,-0.06808864708476585,-0.1030782906245381,-0.054184280636432075,-0.09719778028923608,-0.17491731714290726,-0.057110008148250034,-0.2137684878063607,-0.119912901223731,-0.12426925164030315,-0.04849120716054973,-0.062084696507660755,-0.052146743483771935,-0.15567121957832417,-0.10407321737154197,-0.20482256230850435
0.6881167543049926,0.7838586340592183,0.6935329778823776,0.6761254468491722,0.5865113065184354,0.6917573944468314,0.5663497191535786,0.6029715352792452,0.5374916809306353,0.6683008496342643,0.5220081027501473,0.4442121525272823,0.5622914609279234,0.554719260146293,0.42994858418426524,0.4303488542172759,0.47790515951898044,0.46355964181710735,0.4436072393312592,0.4578633427593585,0.3900835595010942,0.4065614437895488,0.39976375653340424,0.3498218820192821,0.3916638020461626,0.33540104227937856,0.35429183156602734,0.32834127604550745,0.36590653675297996,0.3560740259358835,0.27340164348382157,0.5663212794280621,0.44378169115656113,0.5947660223652663,0.6306072508464179,0.4871405222696892,0.6372295574867682,0.5518922784256989,0.4837808963478708,0.25936066942916974,0.24320263083523327,0.36612708024310175
0.7777607171543742,0.8143632969281127,0.764758357976683,0.6552246979751357,0.5839156342141096,0.6157363883146055,0.6647728415181798,0.651387180464381,0.5576572287911457,0.7194133940299193,0.5880272599921602,0.630003370324521,0.6885220409008606,0.4554308584559811,0.4012262084720319,0.3521126121427686,0.40852149433132856,0.3946715827266817,0.4094393736078285,0.340522478562341,0.3660991238576435,0.4301011265195158,0.3535612996451523,0.3841574444281201,0.3199554223792167,0.38720871872470153,0.30977932483425535,0.26351842709947604,0.3006587263088532,0.36020859148530926,0.266557615872718,0.7201244808955651,0.5932482244594846,0.543818085921886,0.6583646872999838,0.5163777727728736,0.3602974221084186,0.5725909115746497,0.24995794388653106,0.4389622336275837,0.44560049064042967,0.39906763391760086
0.7479153832435466,0.7943634362722478,0.675231868153516,0.6780315793235547,0.7359741034795315,0.5976255339014389,0.7498674945170775,0.5296687580575303,0.716608482080536,0.48510845144359344,0.5764861320834566,0.5358124473332095,0.44833899047001724,0.5189768666805429,0.4566658411447196,0.6422985822391631,0.4498427297955487,0.5990488690142124,0.4099913087155108,0.5428420344013707,0.38892109620983445,0.4572595729730399,0.4094398832075226,0.33774331496594645,0.4015972070157659,0.43271992407315907,0.3571795050523367,0.45983646750925095,0.22429324872258766,0.3556124657545445,0.2278551756322361,0.555554066164769,0.5071117937775208,0.5060308009017811,0.6612902117172048,0.31439823743206874,0.5201526621299865,0.5288233333782391,0.4243264670316963,0.5723659555599508,0.38738097863489057,0.539745065347679
0.6876313341268997,0.5947412922902289,0.7666546376454885,0.6999133956907351,0.5978551921052087,0.7362454456069956,0.7447772442329058,0.5390385271072216,0.7362967625201177,0.6151678282469875,0.7269843263721968,0.4924494234983671,0.5596336502657768,0.578249936461967,0.4331759255579925,0.5277683744746415,0.5957464592594176,0.45195023794734307,0.4793736190332868,0.4740378451794264,0.3631655542104399,0.359426753752549,0.37688656730390135,0.4249578683341082,0.3609702890075551,0.4408121952254138,0.32533831105462035,0.4202133641226497,0.3638127861477834,0.3478802243223899,0.37615875124705295,0.51306690614281,0.7200543486816124,0.5168751566224077,0.6663959837521585,0.5842348558409164,0.5562552552738513,0.35147287814543615,0.46622914263251813,0.39984410292676015,0.36188075349896887,0.4008326790618223
0.5880182124688041,0.7201267413474531,0.8237550763567657,0.538609362856629,0.6314724954059945,0.7819184813574979,0.7029877522332613,0.7548394501371287,0.5434718469051335,0.644372957202688,0.6341354909674839,0.5647642689377862,0.6058743107282002,0.5987717190064312,0.501769543518045,0.39268932934079126,0.478919251704315,0.42166104586125946,0.625306386674953,0.4214559360875226,0.40866837943881534,0.49381349931952145,0.3209047508845957,0.3463889596184402,0.39305396947181975,0.5123233979126804,0.3327277444460219,0.2894096632944664,0.4653259819473997,0.3555755890582803,0.242508929739743,0.6363848387228236,0.7489891936991381,0.4231085175935851,0.4630259700295872,0.42635266706723285,0.488874674662915,0.5061659420539818,0.39808370868121107,0.55292238797148,0.4493961975955863,0.5077769128486957
-0.1582516955828274,-0.1913176886327333,-0.11379504234748414,-0.07515951526419205,-0.19998011346918193,-0.17766309679005837,-0.11967879111579494,-0.11690603030096673,-0.1048666657085108,-0.2102326304891949,-0.18137942040034272,-0.214645356164661,-0.10403955060175382,-0.09127887781691908,-0.19224395551297244,-0.21132124150288095,-0.20192352800244925,-0.07681410095402343,-0.15067106092775753,-0.21081672573559038,-0.11237854832753098,-0.1807848037131874,-0.15004693563247679,-0.2540394901509517,-0.24479322764350012,-0.25676480463828527,-0.2261191114225658,-0.13116310788476773,-0.24346843275017466,-0.1334671875682576,-0.16852161211900174,-0.153374942132801,-0.18579926044629544,-0.21668637112573155,-0.1305897640683638,-0.11892212101033281,-0.19616884922060301,-0.23087731379072832,-0.23734833254165413,-0.09477531652399136,-0.18235266267138966,-0.23512779223700309
0.20900046434793604,0.2745347959383185,0.265656191991134,0.19665819621289965,0.4156622318696303,0.24305526036384528,0.39309710902283573,0.30785374409295463,0.24409943026125666,0.4943848723050801,0.4069555727418624,0.48794960908370166,0.40455149242751365,0.5872081792695529,0.3245248686586309,0.378985892139458,0.2964875483380623,0.46757070962319336,0.431048044070829,0.3500048488871892,0.38418806863794525,0.5049259408897043,0.32164580602981513,0.1416195133324587,0.43083719602991355,0.07907701885967981,0.09134300927995355,-0.010735638709160184,0.11848450343264964,0.13438102626870804,0.07948156219415532,0.039309185236770246,-0.20738538180377772,-0.1367187271329487,-0.2256627791797863,-0.20228917673035604,-0.1330823450830877,-0.38760257880323834,-0.43396831338614816,-0.38702793747342007,-0.23187560447994562,-0.35849572437346017
0.2054351221997627,0.17867199436535414,0.27284463487826405,0.2666588760052194,0.4155504820677597,0.36282957106790237,0.22697717379718116,0.2903938932765069,0.2861035361968052,0.27737618138592135,0.38292299400115987,0.31236055996274475,0.37332656502756945,0.30587484144339483,0.4999751684161837,0.5094332096291587,0.4310942157195461,0.2714505429328736,0.3247336810707864,0.2879243233512332,0.5111123907773412,0.40992825584169723,0.35978380610436944,0.24895551395756216,0.2116561276774094,0.11150256895672339,0.017253027093278767,0.20632619959397383,-0.053565408677307504,-0.10280955544406134,-0.09992043453671254,0.05746720252715792,-0.279634280770912,-0.06344999534592322,-0.3448813576156134,-0.2245464573560912,-0.1597136211253982,-0.3909385301939388,-0.3093090442912594,-0.2815470043318536,-0.35241231073366974,-0.46184003240770394
0.2797973373862418,0.1244090058510849,0.20377300485653999,0.19406569014376715,0.17964106232415883,0.279914419973943,0.3534401190436344,0.4430500645430824,0.37945154499484657,0.38671225898916967,0.36776230659530307,0.40185980381146696,0.5219196785228578,0.47595031369809737,0.46397033486839095,0.3976721290697337,0.29224749350081436,0.31916660678106795,0.31342129800906704,0.40617978168398605,0.28502791168636116,0.2976109121691614,0.34717603771547106,0.45893744730147085,0.39598168094963315,0.10406102266556667,0.31577434129203874,-0.023923753071368768,0.001372490398304108,0.10324362916690871,-0.0584003834700547,-0.17472300949643385,-0.1679665444898681,0.033801188821897005,-0.01749499395328565,-0.2059367412267012,-0.13653535728566116,-0.16991360880548428,-0.48602225528786736,-0.3020240572913692,-0.5318041832872707,-0.4768145555576465
-0.15252365109081556,-0.1809146997112734,-0.1568040701300318,-0.2976139465770219,-0.1257066415202926,-0.18692848830021253,-0.22780167981550295,-0.17587938017498522,-0.12553460588971793,-0.17298797454277248,-0.25582393851788554,-0.1936129857556842,-0.2567962748985059,-0.3097565950439736,-0.30464157853284546,-0.2956938703045802,-0.29473230192440825,-0.20887257459053069,-0.2016356855701669,-0.20510920173775954,-0.25351650765571776,-0.16950570474848653,-0.24370213408964156,-0.1464146918930691,-0.16931292890478858,-0.2367920565518359,-0.20425668363892452,-0.1656998885010326,-0.31557133934741016,-0.2860362960381077,-0.16181755646509985,-0.3083159917527067,-0.20392960466358287,-0.32121381023976814,-0.19814311124336295,-0.14653198690834884,-0.19278779328523943,-0.22213848344406292,-0.16603085902692807,-0.15793238179506267,-0.2926869200787696,-0.15376029861071555
0.28962948179033515,1.1756358921732606,1.1946553232794197,0.6236114151814578,0.9132158242272257,0.9688260732449894,1.2796215265950466,1.6168971776274352,1.1976652444040412,1.1754154724600618,1.2718506834039682,0.9202431830714738,1.5521681971423662,1.0560841607707026,1.0435226627289258,1.3124063831396215,1.3414971738754,0.8014608929225326,1.2246772680999551,1.2110618252584837,1.0765958076764635,1.0404653306671954,0.7790989606656183,0.32766720062722443,0.8784682426042391,0.26558993636673794,0.09199256265199086,0.4069083123549058,-0.14618101705143774,0.2073584302057947,-0.3433012985781484,-0.008858263552506719,-0.2438935863911316,-0.03799967297340706,-0.20680426232168353,-0.5088195249984891,-0.634869727473856,-0.48692547246734663,-0.7645038294517573,-0.5463659154932363,-0.5649618042387446,-0.43846066459783767
1.0107431683979298,0.6956320506276958,0.9665899170419224,1.172220477319349,1.0113258805964327,1.3649590700281162,1.1616264044926454,1.4916108396664136,1.1082640148555385,0.9552016890888695,1.2177106071419137,1.2868606791799204,0.9967904423200962,1.2471085493982428,0.9045679035264046,1.1399293904876109,1.5475734654443423,1.127792629185349,0.9866519626522429,1.179530719986323,1.1781094719531695,0.6674758379196397,1.0123618448511662,0.720246645353008,0.6586038946979458,0.6293038508282148,0.12628417834360867,0.14509802880091022,-0.004417156291023036,0.20730594460216825,0.030063085193411252,0.11388112166987636,0.07899577073628494,-0.5220447382324802,-0.11907655901070369,-0.5210491398507215,-0.32421613174268127,-0.43185852730880897,-0.5723018016618662,-0.7424834352532036,-0.7324994078499312,-0.675936635239412
0.3023548919556324,0.7459988935870306,1.0973707859238562,1.2290358242544783,1.217927961729105,1.417470326045795,1.2323754789537136,1.4278927393145744,0.9398314806512912,1.256142280545217,1.4251791233291897,1.2686909144687628,1.515033194500725,0.87784185474518,1.1972162833726587,1.0750542802713667,1.4527967694059587,0.8377952784686651,1.1938493955821163,1.2439826221386465,0.7520072534355744,0.6940179373745919,0.79069620222571,0.6149955835905627,0.8248155332676079,0.43904981054913805,0.5432759950611487,0.22523474015258252,0.17666773663140403,0.13027851229327667,0.09474971971833339,-0.07825993825007409,0.0076098774818464205,0.009161831260313735,-0.48238280659571275,-0.6987534432543789,-0.336904715748986,-0.4390755957522372,-0.3917791120202843,-0.46019426653042106,-0.4686081046228604,-0.5789982084048896
1.0399049076725433,0.516869959708367,0.530114083719475,1.2781759930685896,0.9700352821559539,1.221311627982797,1.5742640612969436,1.4159086036304842,1.217931230904622,1.500924099077117,1.041120600539413,1.4923222945815326,1.513479555229229,1.1530813962562159,1.1034099811426985,1.2646585243290396,1.4328931274073926,1.175173238606133,1.231965909136549,0.8961330182354412,0.584140055812261,0.8878662570254497,1.0550566804362576,0.4559996116809388,0.7041330154360725,0.24142900005566323,0.4182382557176966,0.5915554890588941,-0.11539548436266428,-0.019283620050163597,-0.0036475805134514247,-0.08327628364680296,0.04534805862605682,-0.4843603696432265,-0.09202239146881168,-0.10202981376933672,-0.25266191865455384,-0.23035596397756228,-0.4199804997528198,-0.6281720833113567,-0.8713543542105197,-0.7189033537147176
