gfs-wave-data.json
{"header": {"parameterCategory":2,"parameterNumber":3,"dx":2.5,"dy":2.5,"nx":144,"ny":73,"la1":90.0,"la2":-90.0,"lo1":0.0,"lo2":357.5}, "data":
[rows 0 to 18 of 73, columns 84 to 125 of 144]
0.6721474630771783,0.7085865433257638,0.6410367698920038,0.6955075715863512,0.5406838101622419,0.43331640248536163,0.4890615922984918,0.5275534774024806,0.45880133292989395,0.3567104276618386,0.32217727341931474,0.3685315156196778,0.4091536919768208,0.26234481384162,0.2669955188850235,0.2578902191355045,0.36128209273078726,0.3817332438757889,0.36849339435036343,0.38869049980011783,0.4459972775839502,0.4106602845838516,0.48664779542577263,0.4928880951822979,0.43359111159901315,0.44065309026681676,0.3328101298842459,0.41218749220765194,0.37985353554600315,0.19624677958403966,0.23433203912031236,0.23137464556727225,0.12127901186978172,0.10960335388762923,0.20108334994178423,0.06979070984699882,0.07274514671561612,0.08189021575607319,0.038536111272707695,0.10779218748635654,0.0747456677738806,0.08246723002085775
0.6719001346459228,0.6937925749348645,0.675185555423108,0.7146319429063106,0.5514728185401524,0.6790766826572565,0.4764143183301358,0.3926948753378649,0.38517421079896247,0.44951355732303233,0.4567021915696047,0.2860182518498472,0.396282921849417,0.26877060875089615,0.3503972440331483,0.4200651558482954,0.4126585556085685,0.4217646338847749,0.4120040967897763,0.41414844092854086,0.4382980689242644,0.4287095223113585,0.5165050540983067,0.4567575923283327,0.4116033653417352,0.48090831513537213,0.37269049408372534,0.29973716490434676,0.24773988366684083,0.24041514159039992,0.17334281668333995,0.1344186331000006,0.183167582680382,0.131747873216278,0.09642554694283219,0.08013271123089909,0.13564222544127175,0.09094377752459869,0.11027615518638671,0.13048575996806416,0.10454952924835952,0.0700609594880019
0.6545097502530905,0.6239484176494549,0.7344468055116326,0.7210166170003738,0.4919680214539479,0.5363421016122246,0.5945218611899201,0.530656004432418,0.3672226713486295,0.4061122365489371,0.38190062727410035,0.3577965860834289,0.3658284285243621,0.4401540628618248,0.305561471662467,0.3190190087385447,0.28271202430191666,0.3623596066666592,0.48801758862553296,0.4618009306540216,0.5078791877907844,0.5137294848786196,0.4159022313130051,0.39215181026147666,0.4354714378642206,0.48802130936789484,0.4148460728602347,0.31762291170940066,0.2683573241277341,0.29975295755692466,0.17139535771030942,0.1862853368754026,0.22660552461035505,0.11879404230222136,0.11513671417558365,0.12864838336792433,0.15510415034132233,0.0788244316545421,0.1204616877224386,0.09218896506490996,0.16511559350811383,0.0639505197947485
0.7717873972858599,0.7178820566884496,0.5953634270048598,0.610490916548627,0.6079271366745104,0.6031132890096108,0.6359639497086378,0.5595342809004479,0.4066557440394494,0.39876616366202816,0.3221932336346479,0.22634639157257774,0.204947394261922,0.3323500287994207,0.23190753628681168,0.2730678416306595,0.3593100632972287,0.3613210877543535,0.44240541802891714,0.5861585106601808,0.5199905290578706,0.4569786630250849,0.522377946407408,0.4284821360926857,0.3968696141631388,0.43788570960369116,0.3323309873237203,0.2951273521926879,0.3676951242021592,0.22721392465003448,0.21679610706028682,0.2378254610949659,0.11976496175931103,0.1342835508583997,0.06931879682102311,0.16229526190806473,0.06874165107762613,0.14942515785595795,0.11991847751225328,0.19217602521540933,0.18791177635401698,0.09879234949981458
0.6570733246332406,0.6739681153626594,0.7307984674629274,0.7422433273309662,0.4927460936549864,0.684415110015058,0.40792556067343483,0.6097623842382655,0.44144164314637824,0.400070576424738,0.4758528408572663,0.39576768726657624,0.31176598761054625,0.22518886072898905,0.34196680036032034,0.42430668293159585,0.4439107081356602,0.48229219296132225,0.41132031482446124,0.46367383100465465,0.48411006719398114,0.5364359296765048,0.5713416445789875,0.48435789636914295,0.46029730718074546,0.4891638029531949,0.4161026237805258,0.4316948325978716,0.34896482337159607,0.34995590197725684,0.17348365376906305,0.2512884619586821,0.2601950229627844,0.17086181286783272,0.08496440696753242,0.09260815176403583,0.10986891187567487,0.12652438703016197,0.13447277951193376,0.17199679529348366,0.14544667851439114,0.1164770001600271
0.6468244645329055,0.6742165822379559,0.7122168755244543,0.580567833475576,0.6015445296660551,0.5616110151714293,0.5057804800305817,0.5091378602463036,0.4275457622626382,0.29188545839230856,0.35639256235260247,0.29787157973006284,0.44200644609577805,0.30229881835999056,0.348573825689304,0.31965564255594103,0.41232748284998183,0.43460328315760277,0.4701517224573564,0.5871120626161479,0.5308243163892186,0.453003658687598,0.4293661660065168,0.549749005859908,0.5353209987007098,0.461897968337478,0.46307975932387335,0.3526636203965174,0.2916262676083399,0.23849347400741602,0.26945735645200525,0.2850550595384641,0.16078377049582682,0.10668251034388258,0.1675665833594681,0.09949619297845157,0.13316190394262284,0.1457788368830039,0.09315631470117741,0.0974124522503973,0.09595099515431817,0.1016941814657122
0.721293268049217,0.6557118330997769,0.7034308260291109,0.6640135953580322,0.5941085340730019,0.5157592073945835,0.48529594412784016,0.40744400310835277,0.3748535013402395,0.32675025704551736,0.4097784327356402,0.4195993508902289,0.2946132598919784,0.38048905997270144,0.3068470138637882,0.25199939262339477,0.42424610230690385,0.3476872862265944,0.4440527455818585,0.4467965213247169,0.5516310237260723,0.4723977839286071,0.4483089867051851,0.5161834198616269,0.4741268442974126,0.5721622726973821,0.3815796291739594,0.45823989948368965,0.29128047795193085,0.29822538183730524,0.20216345655297216,0.31568528690104036,0.3023819800730817,0.2817960206348497,0.11900703936429163,0.13455236013108995,0.07509408205909456,0.15203026009463505,0.09896538592678805,0.1487380316595456,0.1641543881528757,0.12856755919863472
0.8120647954185626,0.7631401092871108,0.7023087498709512,0.7345362074477197,0.5835911993639825,0.6248612189568309,0.5858970243018284,0.6176371059245395,0.48144883012708417,0.34152645734513104,0.36388161050306017,0.4859917505850455,0.37574731047245935,0.5045341488087121,0.3869976240311167,0.3437703011748826,0.38474378124016406,0.5387239523848407,0.39678103694599837,0.5811480031503943,0.5725722014462515,0.519851544603356,0.5210472328231994,0.5222471866676991,0.4546509789846161,0.4784637168020996,0.48785001626382773,0.3028107705464882,0.4626748423225743,0.40407809690994756,0.35372520062228907,0.1943910817262593,0.2774550931852276,0.19637514605274853,0.1633600504671388,0.22012058677886315,0.17992020814340123,0.13644322638270712,0.17740478345258165,0.09833336874030006,0.11224907001502347,0.11353898931609548
0.7716944063758182,0.7331064978507013,0.6528165894845889,0.6308147728339013,0.6952789703224276,0.6155854769078586,0.4722633979590905,0.5259483286959963,0.6050861647285365,0.4150191417874066,0.3106132664510999,0.42682853233524476,0.33303058764820465,0.3641746078358174,0.3250756477363358,0.3794777183169635,0.38189400719442984,0.4185377151353924,0.6045215240239408,0.44578165567060585,0.6193210604385601,0.619889798686023,0.5445056108613839,0.547043795075857,0.5938979139584254,0.4294517350921691,0.5112297998638217,0.35335134926000017,0.43609856014742443,0.37442268781783633,0.2766877608958647,0.2564464485854426,0.1504558436943371,0.20186651337279077,0.1704907341364647,0.15683748291073715,0.17612703368759866,0.21225737190463878,0.11952206722152589,0.0996473626023966,0.19444108812771604,0.25147580976081385
0.7226261868126984,0.843587663322296,0.7634134357785849,0.7227437925393562,0.7176025545214083,0.6874093433757331,0.5178726165618617,0.5214618538369917,0.5335882682771776,0.394360963545883,0.34784414946832215,0.3815917877535936,0.380217368565071,0.27210467829947466,0.42071607134550076,0.4735668014705671,0.3955637950031505,0.5472580314517249,0.4298647344137096,0.49492701101404485,0.5024930531775595,0.49175993930411105,0.4782097316977897,0.6131958719115558,0.5688797525087916,0.44656294367356564,0.5174418357835074,0.41206264617045185,0.38037813446305513,0.30796328395392014,0.38346810363456835,0.23350147051175132,0.18157381868892405,0.17641807399564477,0.13594884274423363,0.19901132271194902,0.11948638634021556,0.14326674714002324,0.08060914161969025,0.1862547136996897,0.23295720317297558,0.1505907358189332
0.7855144680764561,0.7895904223658995,0.6618604625759689,0.673278384851646,0.5896418249639536,0.6626616088232431,0.620150872566318,0.4862356988633699,0.48684771322212433,0.3821331556457818,0.3155827605346565,0.3510428409319921,0.38615331666650493,0.2531902589063092,0.3341092338443093,0.5139688075184531,0.4082341297592495,0.4253251434744246,0.4710476815108301,0.48245883427283315,0.4922335182562999,0.5817384075283075,0.5697523446770186,0.5040854553460944,0.5860760500787617,0.5345080974143527,0.484908479560991,0.44985960524437324,0.3077061901368624,0.3723286731934698,0.23069206719121,0.30001961345953226,0.3083011689452891,0.3095394805632556,0.2513691424266317,0.15589817537214926,0.23418930895972734,0.12547939595129307,0.1483771332757749,0.16390826271661316,0.21550194738449874,0.19074169912439662
0.7238063558388258,0.7830760951255793,0.7021588602534347,0.7450302978742708,0.7625372800234375,0.6685682992994373,0.6063668597723076,0.5655028602937661,0.47582010566464633,0.500500809097577,0.538405784892782,0.4104808053047622,0.40746598430842695,0.3488702985438943,0.3884732427654023,0.37529125557136006,0.4009069696478939,0.45226344886879627,0.6294490398824235,0.45321307810147987,0.5373999567021134,0.6391089698141141,0.5191110066062499,0.6309945411759311,0.6003446995176714,0.5435974223855246,0.5358997418290334,0.38030860449411824,0.44625342835778625,0.26176276888440203,0.3221753934015544,0.29159409034578393,0.24906520594519185,0.1740495105473081,0.186836525771315,0.15388016295770576,0.172527021300214,0.1479644287035299,0.11773017139156795,0.14495824347177155,0.18202159076612293,0.1759564496751224
-0.3389049059998574,-0.2630569206503603,-0.2602085793139267,-0.32429720228136427,-0.4118462444163499,-0.3595637754490189,-0.36200422494749734,-0.3554472351728767,-0.36253934726185005,-0.38122343312918816,-0.2574264031150513,-0.35607830478016483,-0.3514282877384202,-0.23837257826372904,-0.2617861565333405,-0.263283850561415,-0.40864484430231834,-0.2691631220908291,-0.24435539420600189,-0.38340535133601833,-0.2355022874974256,-0.30858090726114745,-0.40275756968946985,-0.35831306635260673,-0.2596971727828034,-0.3069822146428747,-0.3092194776257585,-0.4172816656557602,-0.3113996532777466,-0.39381002417075767,-0.2897154822697277,-0.3930682334637514,-0.30445699010877403,-0.2451058731567672,-0.3611146296291647,-0.2556038904566213,-0.3279579078014561,-0.3637375555628353,-0.39969218245030547,-0.2899712298228495,-0.35549472459233544,-0.30607584543339594
-0.24090054885797338,-0.2400872984989165,-0.3537913791093157,-0.28073636972441696,-0.25361686044127535,-0.24343567781652728,-0.39834360640945204,-0.3917490338357383,-0.42058241860985784,-0.43413107726026934,-0.4229424266352758,-0.3615156674506208,-0.27433818101602253,-0.3697758750542813,-0.4242637569624,-0.23720159633889398,-0.3817824010404865,-0.23660225403353038,-0.41857020584618104,-0.4065016206338026,-0.29757795476784965,-0.4136448170179708,-0.41042923529226,-0.374202520221828,-0.32399043248471476,-0.33601536789695957,-0.31947980826420086,-0.40589818072560657,-0.41565892926524456,-0.26783564023603224,-0.2626273513996478,-0.3311208530058288,-0.40801093605395267,-0.3306629394153674,-0.3281721489024662,-0.40828466701493393,-0.2565683486615583,-0.25929435167370724,-0.38020107561293487,-0.38952491475138484,-0.41076902484996736,-0.4818595006165834
-0.35919054147146223,-0.3245431195004431,-0.3627822854065024,-0.33907413258279173,-0.32365605926450475,-0.3227831951070736,-0.3253194658662608,-0.2924237761584971,-0.4336798754585707,-0.3338673398028516,-0.2820086616749016,-0.2497184012235194,-0.26819460024022945,-0.2520105511522898,-0.3518862014442477,-0.3985409194014087,-0.2921317094836047,-0.3045851745828824,-0.25201901635595736,-0.28795588518719906,-0.25607315068943665,-0.3062698676254684,-0.35096096670628185,-0.40808759777040643,-0.3943690573995049,-0.3982644704698304,-0.3240301931822871,-0.28774508948892114,-0.37497901816959656,-0.35046959521864907,-0.2792563239287977,-0.3098336165567842,-0.278161699932465,-0.28354427682252287,-0.4462519455953477,-0.33376860118298474,-0.42463276795734983,-0.36734106796965177,-0.3425891254416987,-0.03832985560575175,-0.014300171959095265,-0.3659095714415683
-0.34794085420908855,-0.3296547275408525,-0.3945008469357145,-0.3348764404714675,-0.30532307133086056,-0.3854578156802866,-0.3854177637326716,-0.2702530784425707,-0.3335175618958316,-0.43735452911903505,-0.34100295674071923,-0.33713482964852237,-0.3258339230658644,-0.2793163713239515,-0.30693753679545294,-0.38149585703695427,-0.27382578834559257,-0.28100064214149423,-0.36334345059553896,-0.4185752448398669,-0.3489607088965784,-0.34996857713528046,-0.4114486508378221,-0.28184844343214943,-0.27136884533961003,-0.28307153942697255,-0.33777183322085913,-0.42700084336281685,-0.31401780115192524,-0.41195480836262305,-0.282344930853506,-0.37560441099857683,-0.44719432876981724,-0.2563911620499551,-0.283333043764872,-0.2723128458965854,-0.3320140480404604,-0.043181254734030325,-0.5495444332602243,-0.3474688780619466,-0.39573183499160447,-0.1544355666916599
-0.27161017892796224,-0.42077427965659925,-0.27868822494237744,-0.44616890771103107,-0.3367158258138688,-0.410276103801154,-0.3734699214024662,-0.34364980840555875,-0.3276876816451783,-0.2990140288393249,-0.391848066609541,-0.3669135671426684,-0.2819965009737741,-0.32925670354414494,-0.3424394185668477,-0.34593612818399405,-0.359830468122769,-0.39982367433271493,-0.38510009524421457,-0.3176380503807068,-0.37811518278677225,-0.3023750114419454,-0.3026260844967372,-0.27104304762802606,-0.4449839154521474,-0.3975181576378013,-0.3905891618380482,-0.33890687543203046,-0.3476549542424139,-0.3910910808600235,-0.39685482331465716,-0.37488401239013297,-0.3220399592260934,-0.2816688920881887,-0.28576666194646344,-0.3719532696218186,-0.3766394364235211,-0.008534596098562388,-0.11408761622216855,-0.016511237285458346,-0.2491317879505551,-0.4005039782945384
-0.3592478158498929,-0.4008980895589537,-0.45990490502796616,-0.29997654722920647,-0.35829495749312334,-0.40008213653615765,-0.44088831095521164,-0.29958278213997225,-0.41861531048394,-0.38107556047348473,-0.4118181588519544,-0.43404855460784936,-0.38285814670383855,-0.38228697690279884,-0.38509719801081954,-0.39223846712709837,-0.38065701491477416,-0.3632528706105828,-0.33103995491463345,-0.42773073773345466,-0.44833171001744665,-0.42888252103154023,-0.2706422106680459,-0.428720877575295,-0.3586103924456808,-0.4115811632370007,-0.3343418294484261,-0.287393190832382,-0.4367693332230359,-0.33449716992404543,-0.3246711443865289,-0.3917049936012496,-0.4592859589195032,-0.33265797372618355,-0.37942973367278476,-0.4606838330916273,-0.3852205416754382,-0.39814119049102975,-0.5103785720407487,-0.0234023280841928,-0.5189841553256807,-0.07771946048603576
-0.37518312600771403,-0.3115678227438166,-0.3179572264814113,-0.3134217753961881,-0.4000603834663722,-0.3517566485156159,-0.3293578033680969,-0.4634227136755912,-0.35445355928232425,-0.40713627372871314,-0.3450601035935792,-0.4703613931188104,-0.45969425099163447,-0.4497751576852868,-0.44122604480491867,-0.4706637730652892,-0.45216581654343085,-0.3755190211299386,-0.45900148790939216,-0.404331478583154,-0.4510071612928842,-0.34212658043922367,-0.46711822268574615,-0.34278446778625227,-0.29255159950426834,-0.4623526288670237,-0.4336075485346561,-0.47281851645683826,-0.3230840196009102,-0.4460232783947664,-0.3119774514519384,-0.47800712468570394,-0.3924977254212768,-0.37046629020783306,-0.28942017576402296,-0.3190454212835657,-0.398008918984437,-0.44870994639906897,-0.318980907124165,-0.5141103027432483,-0.3267799490920028,-0.00020608321848833278
