gfs-wave-data.json
{"header": {"parameterCategory":2,"parameterNumber":3,"dx":2.5,"dy":2.5,"nx":144,"ny":73,"la1":90.0,"la2":-90.0,"lo1":0.0,"lo2":357.5}, "data":
[rows 38 to 56 of 73, columns 0 to 41 of 144]
0.021528532217946802,-0.013674853792907966,0.0938199015098452,0.34033675258987084,0.5940801030049787,0.5909030701673044,0.5847349805075002,0.9422737425965504,0.9920591069459886,1.069968209077237,0.9568958311858551,1.0064396559869098,1.1678731612998483,1.0284808143810673,1.053389879620399,1.233079909862367,0.9307925830211262,0.850527499868072,0.8112801800836364,0.6381325397044029,0.53629392054279,0.44086889148211916,0.42857962989967097,0.09923598382299148,0.20931701422343407,-0.2301403458584496,-0.35901893900276033,-0.43694609484887953,-0.7925173011674077,-0.7789851930469515,-0.7357579217792558,-0.7685098385220727,-0.9101854581269073,-0.8864573272131318,-0.6884275545027064,-0.9364248444850022,-0.7420714753976088,-0.8008968569584423,-0.6667895257648451,-0.6585228298364181,-0.5817116512444496,-0.49391997989035447
0.1300800073657209,0.1952588367031053,0.26992906698239955,0.41948980050325146,0.519488783891653,0.5635203096849611,0.8535819232980333,0.9526969685296008,0.8774819918100087,1.0631735074064061,0.8663287187889251,1.0400115558949654,1.0329304137814839,1.136750204081433,1.1810288875530264,1.1029766016087317,0.8103487114920307,0.9871061971891799,0.9557793203361395,0.887121279954613,0.6429979746305371,0.6007422968893082,0.3723615955542448,0.3404095787720045,-0.031185713523220037,-0.05241157844506253,-0.3524816595146389,-0.5086993347471713,-0.4218371529161075,-0.5036501542747693,-0.7594928761598331,-0.8573073125663044,-0.952624816927818,-0.6983782025431989,-0.8935099714533595,-0.7601682489386303,-0.79059818621344,-0.8422575919115186,-0.6814839981103727,-0.635320361791755,-0.6152662253171864,-0.420306061612868
0.11868546438489806,-0.003634952574332123,0.12636750582508097,0.3710596049736054,0.5429522727856617,0.6271787841559759,0.7776909447662944,0.8021213127772221,0.7833206389461812,0.7993872756082542,1.0931309461999246,0.9163373934051564,0.9423759495628611,1.1240520190641772,1.0434064616893597,1.1935249958325027,1.0670772428243964,0.858450413504613,0.7185563749165631,0.626944432531668,0.7993384201881822,0.6038714504154671,0.46860338085219067,0.17534798687066502,0.19063789132036812,-0.06562678435243592,-0.5328598092251704,-0.6019278849786419,-0.6724366616521504,-0.8348546520763301,-0.6386213399933319,-0.7820876898970898,-0.9374193921417816,-0.7654192095147269,-0.7914425137816514,-0.6796873755544056,-0.7801588668782548,-0.7663638606796678,-0.6145506928942871,-0.5479509998742673,-0.5921452578176691,-0.564955250619926
-0.11659729260363229,0.13374381946189465,0.3946768740519084,0.37166505812563655,0.3797598833127421,0.4461818240012342,0.6366452503069383,0.697837439287815,0.8368973054557973,1.089947989188252,0.9754583649452456,1.1469851951213061,1.1765387406665146,1.2055807062615171,1.1178612789555706,1.1503347507061752,1.0836358129329937,0.9313017440086214,0.9486585791314286,0.621822566529929,0.5375903597892773,0.4165551592568509,0.4112420203466396,0.3054525530125473,-0.18843215020571705,-0.2781815662476475,-0.25363025117067134,-0.2842616475786274,-0.5784428288218365,-0.7043549661170453,-0.8090113561553305,-0.6217516138465635,-0.7624151540950005,-0.7951367756730464,-0.8768198969034774,-0.8542472412906239,-0.7800435814064522,-0.6350882162130481,-0.7604223307026929,-0.5795378569777117,-0.5062395781024115,-0.6007555884589211
-0.43048044863719603,-0.33892939916686216,-0.3123476960494765,-0.37420536794504267,-0.41270954537400323,-0.38309712031894994,-0.32667106638399324,-0.29619815167410846,-0.2796781460828313,-0.450760011463865,-0.39251906262974234,-0.295410199321566,-0.46747083679394746,-0.2985824145484366,-0.34179172314661266,-0.28822520364257787,-0.45843903687000803,-0.4365329407273384,-0.4098154696545177,-0.4251294493595814,-0.34057878534494024,-0.37099069330981993,-0.3296640188510323,-0.3074389476745874,-0.29500014673179603,-0.4194501788313621,-0.4202291844394487,-0.380622059439336,-0.42414187469601766,-0.4095927835564088,-0.3059860174502063,-0.3173793466723001,-0.4587689117197486,-0.42997402086377,-0.4462157810543723,-0.36588243087471223,-0.338031521041011,-0.3450581589615535,-0.43238497602527365,-0.284776084009623,-0.3361250754555914,-0.3350405708904065
0.7783350073294143,0.6710255677265348,0.5521422535279602,0.5933895509804764,0.7860002527552299,0.7887768139956131,0.8341532235844682,0.5728897563227584,0.8687562660953881,0.858716112440713,0.7945593351221184,0.805925334866438,0.9096397398837316,0.8467142681099832,0.8453837186275728,0.9809641352392131,0.9045948788867878,1.0993839672076247,0.9783307178978393,0.9070854045335679,0.9973445605396243,1.01928767077975,1.0819959069179306,0.8133765939397671,0.8935104522367457,1.0397767396552544,0.9015347357379169,1.060118605603095,0.9658831354416297,0.8794806647892787,1.0854853726896563,0.9433308923412462,0.9310711750870079,1.1300050980517025,0.8849213932741757,1.031479426308728,0.9589442029108981,1.082987067228787,0.8598064631902785,0.9855639648971798,1.0400088741244824,0.8902287613937954
0.4488361558771296,0.7336733549341317,0.730633602188216,0.48566623701376793,0.6263598791379635,0.5447323324531874,0.7873161027986739,0.6580143796732252,0.6368982006026928,0.6751839397870275,0.8327949995820031,0.7693142186689975,0.7785188779901884,0.9922431362379684,1.0127520365065066,1.031719368987779,1.065696861199925,1.0676779918201975,0.8919235877021178,0.8902234138427317,0.9917409335014443,1.0272149871824,1.072166181125439,1.1377773639472055,1.0747582339734816,1.1151460674262277,0.965591376467562,0.9751661772697002,0.8380304235548824,1.0800604658206228,0.9139871494422342,0.992089072495452,1.162539179659261,0.9333526591401783,1.062206777048937,0.9726390230821087,1.0786312759685208,1.116148692277434,1.0129411579491003,0.8328716428199938,1.0286711040597152,0.8107476341521729
0.546483780859927,0.4710824721126813,0.5148090958742266,0.5869303873648231,0.5836952343012604,0.7985273476300822,0.5427110858380103,0.5546808093656631,0.6202234383384122,0.6650372124652454,0.6665202665515455,0.7775749717505024,0.9509607805445172,1.022175736562059,0.8658830608826333,0.8506632205008225,0.9800999942655487,1.0632637359315937,0.9939121264207247,0.8665328760524222,1.0305864283806225,0.9097508321593458,0.9435771480786105,1.0724596752805138,1.1395885230865885,0.9203743326905799,0.996973769859479,1.106923702229516,1.0447594363092414,1.094344342528718,1.1252299130961534,0.9763952976072793,1.118234887449796,0.9385094892711789,1.05699516742047,1.164510856023298,0.9616350178694388,0.9731569891926608,0.905912769983904,1.0090721190935292,0.9706735148212868,1.0225566658863605
0.5565796364085327,0.4804296893333863,0.45250673275947795,0.6086285938383773,0.7463102851658272,0.7301481620639156,0.6340802933783064,0.7838204781498912,0.8695359954942279,0.8146458637430426,0.7763171798521536,0.8950848664162607,0.8681174232252099,0.6693726425188821,1.071726799813062,0.8583816709381946,0.9416730382518042,0.9895836831920877,0.8610094667638831,1.0308290422304933,0.9469908484062742,0.981231098661703,1.0246390514557016,0.9655204471126442,0.8805734895469313,0.7919099320606181,0.9089251803529378,1.0793188533109996,1.0221573588046653,0.9849980476861372,1.0665756126670565,0.9664099166461556,0.9485512418196268,1.0744889849215324,1.0713794220484139,0.9641252897453472,0.9082440220424026,0.8495215474114683,1.1526460084980652,0.8213669867236751,1.0657153474332424,0.8652496873916936
0.65585307756822,0.4025004310465064,0.6120172096745656,0.47017588533468935,0.5867108070693426,0.590295551710823,0.56740441500128,0.5594854060448532,0.5711720768596198,0.761938795515903,0.8872132527375595,0.7848541797101233,0.8132371113947902,0.6611278079767843,0.75895141002483,0.7775599750941631,0.7204746528858924,0.8806286194133861,1.085415486771076,0.9027459224945975,0.9781296332387998,0.9661887837669016,0.8404609500877335,0.8890392391523491,1.0533996646644759,1.1478570157481152,1.082593620717872,0.9970461578640518,0.9802421614178431,0.9007091977044084,0.9090702154050279,0.9080514377294772,0.9087978305742437,0.7931976584046911,0.9851939686326371,0.769988978312193,0.8570335581731383,0.9874777033995543,0.9671213909868135,0.9859526215640168,0.7993724033168982,0.9044262134842573
-0.2675651151009023,-0.33411196298451595,-0.34806617983125543,-0.40197242366192704,-0.2892886883995543,-0.33782590194919554,-0.22694811368910714,-0.34164875344805457,-0.31392701886523255,-0.36559439040892616,-0.3847849769465878,-0.33424381816707455,-0.298770621494382,-0.32814943775632854,-0.24303750871629343,-0.283543696564852,-0.2930161994203557,-0.3524434522152839,-0.2870889712952111,-0.33577521159298945,-0.41531121686617545,-0.25135282479398635,-0.3967869984618864,-0.3280374162486026,-0.3814810590165261,-0.2605265167490919,-0.27752602237230084,-0.33570052151832314,-0.2343655081303842,-0.23067658580172576,-0.2876771400134985,-0.36720648008430706,-0.38089233801634825,-0.4021662403268644,-0.22430295811454234,-0.3052030031148213,-0.2962509442001216,-0.3477539916613102,-0.3249192952427618,-0.30466124303673836,-0.26505905120781476,-0.32864410218139567
-0.00910201328887103,0.14097382270395611,-0.05563314103034119,-0.2751783989682814,-0.5285934113525699,-0.5553972045701646,-0.302001443528754,-0.5621867417792121,-0.5495253254470792,-0.6717671408570012,-0.878225722930398,-0.4688792403414417,-0.507075738866183,-0.6507417562611826,-0.5541624962359317,-0.9426075656193954,-0.6892987494629979,-0.7108711441211751,-0.8743313401603012,-0.719609412861369,-0.7600300003035527,-0.860511525063092,-0.777029537501466,-0.41336358342897345,-0.6173285347285887,-0.6352819474111436,-0.5049923969321858,-0.40191195957644843,-0.5107907688611455,-0.3231560438810241,-0.277937146380042,-0.20750201742563776,-0.30482873724774945,-0.0912141801584982,-0.22855537878884138,-0.02431345063038204,-0.056064430212025736,-0.03056610636390565,0.013220978658576332,0.2787362420696732,0.18733235428948977,0.3724048642084655
-0.2116549559789189,0.19731881581027616,-0.23211315104903651,-0.016125200466740094,-0.2278191597274604,-0.1455096791813128,-0.5543592356253958,-0.40646109154552396,-0.5041237123264626,-0.374102714490834,-0.8898426476198981,-0.5759242793751906,-0.7612344137843932,-0.899504869210866,-0.611357004775101,-0.7347122600006697,-0.9333853639368439,-0.9940764985308382,-0.8574457403503855,-0.8784835200969845,-0.8867082448008448,-0.6496690689662269,-0.555084311461391,-0.4546660607752823,-0.7164231530031431,-0.5597575238333733,-0.33958429766391496,-0.5616984992367697,-0.5579068355396593,-0.3865468606776164,-0.3329326093951509,-0.2755540294677703,-0.2865025387385891,-0.16680383928486747,-0.03765358070869521,0.06554794123457466,-0.033887133753587005,0.01110840635907105,0.20645342584935703,0.025319350708904665,0.19639219614487477,0.1738501547888028
-0.045848722593183115,-0.29301732455363,0.08085184083896456,-0.07482342254661505,-0.09655522520329997,-0.36995494421570796,-0.2823949158564201,-0.5002251815392094,-0.6822000081126142,-0.847975197474852,-0.5523004121862286,-0.626594746036913,-0.8537892844932563,-0.5901945638194533,-0.9124083766760098,-0.654252919492963,-0.5697947861471176,-0.5346641620892306,-0.902310308001564,-0.8233112994239221,-0.651713243647107,-0.6158074488815678,-0.6144659218122448,-0.8247921609176367,-0.5536828173523689,-0.5594674570206669,-0.35268201583931824,-0.26930253560238143,-0.20695818219960127,-0.27789022395917995,-0.2109868040933335,-0.38147418872577205,-0.30097950181773653,-0.20940550492854948,-0.07715457621364628,-0.017359609129295427,-0.07243078787545824,-0.0848151299310165,0.25072664367068154,0.15353668360580952,0.04250243844015624,0.32732863966256764
-0.37201185792271735,-0.33945656427498916,-0.24796109162612295,-0.2053529687158053,-0.3195449314107215,-0.3716094871763019,-0.1784033039458876,-0.23484756947453775,-0.29520183653162524,-0.2574497945355663,-0.32282641213175717,-0.32933378116478496,-0.22240028410701668,-0.24604834431544398,-0.31425351645931554,-0.21734148432982017,-0.21272654367651322,-0.2884291019039067,-0.31951218644057655,-0.36411059141261204,-0.32926515501714987,-0.3588966187225884,-0.3441194252865849,-0.1781796376256062,-0.3264660685333912,-0.269357084964034,-0.22966547569927395,-0.35629505642556675,-0.18119143375922783,-0.30259488627526765,-0.2754968299226115,-0.18662307468047315,-0.3690827731107137,-0.2108085836415967,-0.18636472669832746,-0.2663556462914393,-0.2833020941519281,-0.2469703640278335,-0.26722079238348956,-0.2876969669447464,-0.2239170718421404,-0.20833623328268175
0.12407420288656246,0.0795176296251916,-0.5129594931529646,-0.5040987136005639,-0.731233436329045,-0.7244999397039852,-0.2749649287408852,-0.381756605722501,-0.7009917357049648,-0.4495017138800322,-1.2169157311571492,-0.7692031139408217,-0.753370474803837,-0.7685633921642437,-0.8675455578766412,-1.5109089015626682,-1.3536211887094678,-0.9321747714452957,-1.5944631715806477,-1.4048753950780553,-1.5486452079204986,-1.1556981805727382,-1.3670471341101083,-1.081432260625866,-1.0699304242184318,-1.063158050263773,-0.6649114877365097,-1.0856719081410109,-0.8612405619282067,-0.665025566284952,-0.44561516058189804,-0.6499415830200581,-0.4172698275047253,-0.07350456013703602,-0.6190950424364329,-0.48035626464438796,-0.37225798015720213,0.4146779719558065,0.24235298841039732,0.6892644748594551,0.19368762656577712,0.7563685354964504
0.08655211174976503,0.11430530815382171,-0.30105803918776797,-0.19244999386003248,-0.4454350962789543,-0.41625902388320657,-0.6754777348633189,-0.5021021677020863,-0.7695410423022917,-0.8839112823372436,-0.6419449890102338,-1.3195591530522046,-1.2892119564465003,-0.9629510177535836,-1.0005460832521398,-1.150783265351101,-0.8924219208214234,-0.9953369348113962,-1.2296650134734937,-1.3281074017480623,-1.2289081594788678,-1.572220597380736,-1.422901568355128,-1.540211504026733,-1.0555650088099822,-0.8093054213138947,-1.0560736244588649,-0.973764182206598,-1.2540412108594734,-1.1945336884170599,-0.7825473568845208,-0.49992357337373866,-0.8751427067783276,-0.6043924288191889,-0.27542258700528677,0.24604816171400593,0.18127774379268463,0.48879060803180746,0.6649696038283551,0.481537513233502,0.6413557532700466,0.8977560190139808
-0.02205782119563452,-0.3267455329460398,-0.4139734800361653,-0.13195675717444827,-0.13847616005907035,-0.6872737124920496,-0.8177472698913612,-0.7997471541003136,-0.9581192652004179,-0.8637040489172235,-1.2242924061819085,-1.3130392809214266,-1.0612451636732199,-1.458574712069112,-1.069572078482751,-1.2552406213709257,-1.3781931066818092,-1.2137459891317168,-1.4139317903966384,-1.5653917476721118,-1.1564135680758272,-1.5547002980526365,-1.4040247073069168,-1.5569698207668508,-0.9741977276843136,-1.3607255203998938,-1.4057186987789938,-1.2045368084159134,-0.6401450288330349,-0.9528216728152749,-0.3570044587978142,-0.9088337447837896,-0.8889842068418423,-0.33146725512452263,0.18183326659804794,0.2176577432235876,-0.16991193265229462,0.01828355615152037,0.131212775827898,0.7215949635308194,0.3891141997660866,0.5692003166345607
0.03196818590829036,-0.2249598699007559,0.1372270137312956,-0.31402787764722856,-0.5848656550375378,-0.3740913139735756,-0.3950247344262016,-0.7747067754459114,-0.540120721812132,-0.7005946717808934,-0.8853437321395704,-0.681644952261668,-0.9002411540751647,-0.684543920409896,-1.1350516392449854,-1.1946371500969073,-1.2152052142993057,-1.2343672197250155,-0.9878564939447582,-0.9676616040538634,-1.3197482102968614,-1.1343090063268753,-1.5168591345717914,-1.564492430904766,-0.7362271215134188,-1.3178306625040703,-0.9675496206736708,-0.7466945914069602,-0.6601597342479502,-1.2054100900500915,-0.6796197209624234,-1.0273895252394059,-0.4017768407588217,-0.004137505708354627,-0.1435731090772041,0.047372842602725014,0.019650196305112888,0.5092875245173824,0.08925415675240081,0.11117266194967007,0.0806587799794636,0.3564149797601513
