gfs-wave-data.json
{"header": {"parameterCategory":2,"parameterNumber":3,"dx":2.5,"dy":2.5,"nx":144,"ny":73,"la1":90.0,"la2":-90.0,"lo1":0.0,"lo2":357.5}, "data":
[rows 19 to 37 of 73, columns 84 to 125 of 144]
-0.3363047286389295,-0.31055375265728397,-0.25652929740727665,-0.21322993925556108,-0.22245050573824787,-0.24212459895254781,-0.25887285431583223,-0.27770080661299396,-0.3058824524437947,-0.19522937195621984,-0.22212150732616168,-0.21956655315014123,-0.266711863766891,-0.23291881196286848,-0.2815624114670505,-0.20976455755398754,-0.2319192117711357,-0.2493071118050461,-0.24016949100161294,-0.22522731889145853,-0.22232637832930785,-0.2360282299743905,-0.20601033287325138,-0.29639561793855734,-0.29108538369707326,-0.22266911863739933,-0.2662295092392976,-0.3166856700160937,-0.2776746708446586,-0.20331973817360008,-0.2906321512141461,-0.20330691104021278,-0.2528698201186462,-0.32812420296090794,-0.2611674216048445,-0.24877154658667516,-0.22803174117634348,1.221694186866195,1.3276249935097655,1.2709786363385636,1.1757516232307312,1.143209088842933
-0.2586623180434384,-0.24102357999343474,-0.3008760247574879,-0.29236745687516724,-0.21277764993953974,-0.29597553493963485,-0.16920678506751038,-0.19559009664603774,-0.197586036011261,-0.21789200961040567,-0.18943882203183932,-0.1526136840086995,-0.27607784446291844,-0.14509198543593124,-0.2884805272390835,-0.2429203513235856,-0.26976840884292475,-0.13671932995945996,-0.23145401477177968,-0.22213321236118158,-0.2078751699860843,-0.198419128198055,-0.13916449876644924,-0.2195812838756224,-0.18607689959685045,-0.2852706643720586,-0.13407422203096592,-0.3088955910922547,-0.31720993509707174,-0.17321799792818834,-0.1950892179765983,-0.13501889011393364,-0.1908973141063859,-0.26300705304707006,-0.13332600804124342,-0.13767006814881702,-0.23784850200634863,-0.13490957129640016,-0.2639974324496757,-0.25647482716511305,-0.22182542477897663,-0.17920211274341363
-0.31754776992500516,-0.29106008556112944,-0.34236154862154916,-0.3930824903317094,-0.4225339400574317,-0.343174204363957,-0.4934969581728424,-0.4033102993043256,-0.297836108301241,-0.4494517280070401,-0.3118593352087321,-0.4160058106639403,-0.464109414808115,-0.2144190625461763,-0.3388079740058466,-0.20352498823327575,-0.14755573336733704,-0.33324003443719385,-0.0855056288821052,-0.24724293096614086,-0.19913093561969888,-0.0009768763985186133,-0.0740680201151415,-0.06695688884685981,-0.08161622830524834,0.05786302373241604,0.04769992867358527,0.13329563713276774,0.23929063938696915,0.13350056579761918,0.12122125668323923,0.44776521356953675,0.4032517806152059,0.3645701644984776,0.2560557252917479,0.3782738073458988,0.6693166018740869,0.5321491381927786,0.6957640023583783,0.48701139768830004,0.8472744150914523,0.7221286602263532
-0.4979250065731193,-0.40223959176784496,-0.3276205514854538,-0.33233469579149766,-0.49403907462218766,-0.45448895357293606,-0.29048685399110147,-0.4372803318381486,-0.3171502291851871,-0.4252337076348643,-0.43322066037828644,-0.42546326335480694,-0.4653718820431838,-0.4291996819102765,-0.3099010939598366,-0.369797614086501,-0.4281543800289179,-0.3339138952731516,-0.2880206077994413,-0.15123614369167845,-0.120782205802184,-0.18311133323604248,-0.02385790050794076,0.09033520669372704,-0.004133572252600934,-0.09264033805947779,0.1606319372045497,-0.0060626869241819275,0.09265069035246729,0.38442841844221887,0.1930241855652118,0.3576928937398203,0.3162888796022058,0.48851107577880826,0.5936354847439383,0.35792524937487175,0.6407283499511691,0.7495892238581465,0.6240160391400899,0.4002524977549614,0.6997018507979497,0.7893259336384507
-0.42596506160348885,-0.5347166846209422,-0.5176587404097508,-0.44686022367094425,-0.4047761745169237,-0.4965136944687639,-0.47252551315946273,-0.37636093600154585,-0.46300324223866757,-0.4490017542458161,-0.26697631470192035,-0.33810859698571516,-0.2349342770099028,-0.4049341707893956,-0.17299266906791438,-0.3105795345506905,-0.20599057424232203,-0.20128546820366167,-0.2849302994976395,-0.16537446328678465,-0.28676189430954996,-0.1741468892068984,-0.1682442220848391,-0.075549271851252,-0.07225235466080772,0.004498818190406939,0.0027011805377215752,0.1793794298211649,0.21140417855842888,0.2814909420308701,0.32087071769401626,0.1896898994581695,0.41824800624672687,0.39207880566305486,0.3998347921530842,0.2968234355192054,0.6139157608329927,0.6772221009326846,0.4488821840109104,0.6703207162084132,0.8380116793412103,0.8706091534023134
-0.19901041366169658,-0.08826413222615681,-0.23482126513899912,-0.1653264339802884,-0.2231883584349069,-0.19015020596936263,-0.12993792704145257,-0.23538564001549397,-0.1658516791213009,-0.2458888411181372,-0.1144386588759949,-0.08551945852963667,-0.13119680686024354,-0.2532691406132787,-0.09635122221797043,-0.21316227295211912,-0.15350549229189298,-0.26302977476240896,-0.18728525754358394,-0.23187804129011197,-0.1571445946752255,-0.08304552411429217,-0.17238067075912133,-0.2386183304338141,-0.17529083277708593,-0.1889127564826551,-0.1928315014492,-0.08729576617937423,-0.10697179486572923,-0.24386783439590523,-0.11051798184054559,-0.219361637614321,-0.1439095412754316,-0.2536343914287193,-0.22771035804138004,-0.18363035376872708,-0.18842138821879595,-0.21589838442301373,-0.23525000147699315,-0.13450969782001373,-0.09067123905602378,-0.08856373357412982
-0.7295064319566528,-0.7214210945545398,-0.5577427224742624,-0.7019770933847392,-0.6927113332418614,-0.6063537073241864,-0.6776419340689496,-0.6129490482743297,-0.8003341056473079,-0.6177883508654869,-0.7947232509701401,-0.6737350845729193,-0.5671878857632191,-0.6455408897690602,-0.6130699025639994,-0.6508808599457919,-0.7293114306834801,-0.6954825861969497,-0.6107761667552957,-0.5736587649529425,-0.5713573161248106,-0.5842942071879546,-0.5660104232920408,-0.435952816327469,-0.5556620855835175,-0.5934257434965231,-0.506689691078567,-0.5853815673964176,-0.5915254932657543,-0.5968256493667251,-0.5809118779332728,-0.5208786077087555,-0.5521462767604758,-0.4650316892189594,-0.5769338499971841,-0.476168784326604,-0.5648496310025984,-0.4395320411783351,-0.5087622250103196,-0.4515552548326935,-0.5498516221873959,-0.48865117402543784
-0.550152305486411,-0.6277755751441672,-0.6748550749678759,-0.7825071091928197,-0.7071018981315706,-0.8280814813456431,-0.7818588129814659,-0.5375550697244939,-0.6675354197838933,-0.6698864884587822,-0.6855145601503996,-0.5951658979326735,-0.6827779220934006,-0.6836869093796654,-0.7208453567207284,-0.5788833999105905,-0.6822936515879348,-0.5887004801888165,-0.717807700381318,-0.46997111712225476,-0.5330669792213866,-0.4838572740890878,-0.586607411154444,-0.6781935078893858,-0.5341788892380531,-0.5950741673430693,-0.47944511068031664,-0.4848529722921004,-0.5047745997483908,-0.5513911745769263,-0.5667308833540091,-0.46979527785010106,-0.5669819070386704,-0.4861171920242569,-0.4852183612252138,-0.545696919517115,-0.3995895713639217,-0.5475605938643798,-0.43505326161260677,-0.43398341584609923,-0.5470340080569612,-0.45059192598667525
-0.7977461230750298,-0.6964998676238549,-0.6346918276475674,-0.7280697325216294,-0.7036151191793137,-0.5240589343944209,-0.7845663336163913,-0.6068036694052762,-0.7057176161867922,-0.7315431855692661,-0.6925262883714436,-0.6269527229941886,-0.6595556799474857,-0.616679090335123,-0.7010827027338427,-0.6450703107396368,-0.6617645586779968,-0.7057952631976255,-0.5993365270182558,-0.6053776728037773,-0.6948364565791032,-0.6596904803108944,-0.6117545736795242,-0.5343394707135272,-0.5096002435122494,-0.4700748608428501,-0.4857073446468595,-0.60156492665475,-0.5804030415110633,-0.5935363271492273,-0.490477944629483,-0.4084379918282703,-0.4337110584463646,-0.3665073348377567,-0.3920181143717978,-0.425263720310799,-0.5510151277250955,-0.4361308629526392,-0.46076276484379,-0.3628248781208803,-0.4577055561379098,-0.4415636678611038
-0.5748165922936328,-0.7547964336375241,-0.6528529260898471,-0.5872393764143007,-0.6586325269926141,-0.6256091932801671,-0.6099683279731533,-0.6588830560272293,-0.6388621064091812,-0.6135285336906938,-0.6206604167223235,-0.5354274942134484,-0.6005881196783802,-0.5635012025867899,-0.623564923660853,-0.5447097590336513,-0.6461536006498185,-0.6395094850122862,-0.5892783499989203,-0.6879819720285375,-0.593323828233056,-0.624618020193683,-0.6053894740316151,-0.4863698218072593,-0.5791174970266196,-0.5026232981476713,-0.402373823285058,-0.5164728383322571,-0.38770760271168064,-0.4568876646911397,-0.5193752741665973,-0.6302356927438838,-0.3861271290320058,-0.4792642948221062,-0.4835920273659309,-0.3542730495791555,-0.40258369172147235,-0.4561144891549556,-0.4950348686528663,-0.3970037669009357,-0.5743872172250343,-0.5342997307891365
-0.8065997437877154,-0.6909609264226391,-0.5959382850045518,-0.8504529350685961,-0.775784486512359,-0.6906457861146437,-0.6786823237155163,-0.6311397470774627,-0.724081071218409,-0.6999666105837933,-0.6704980639099756,-0.6641822140079853,-0.7747480214370835,-0.6858940787858927,-0.6681930705980187,-0.5726996988259788,-0.6650294005684099,-0.5645754055436217,-0.7259124788678994,-0.5779746722467644,-0.5183309970807846,-0.6341678828534684,-0.45928846874408397,-0.43444461579571897,-0.4616398259869629,-0.49044711886186204,-0.4650458515216189,-0.5310363030070543,-0.46545026550365076,-0.47905277768560933,-0.5612037545952016,-0.5784434832368269,-0.3638687443490607,-0.41373549522166764,-0.4000896924987256,-0.3903286550869642,-0.39844399996257396,-0.5251842245541186,-0.5712335719082766,-0.4735308973715314,-0.47319601823513996,-0.4317638599238441
-0.20092684679591777,-0.14370579209356024,-0.18059567923065395,-0.0676037562453068,-0.18650543981174603,-0.18840304076813172,-0.14602684751571027,-0.02918556040739451,-0.2001712147467313,-0.17338490396386777,-0.2049598947211134,-0.15340307585690796,-0.2065780026076203,-0.10062834130199905,-0.12566483965323483,-0.1426984515779469,-0.04327445275229384,-0.20290343093308238,-0.19836354692753722,-0.17250767385733615,-0.1302739140374748,-0.0958929359460905,-0.056730929376388045,-0.17039582620037444,-0.11781963041071135,-0.17396473276146424,-0.1887082051382968,-0.1532188011862818,-0.1285916098380398,-0.15881564673165224,-0.21343370145214205,-0.08980790365401253,-0.15455750192380677,-0.11444896991923328,-0.05370722713861415,-0.20942778644561855,-0.17808568273393058,-0.09278228547274829,-0.10428027439527585,-0.14769804988891555,-0.18439475279203293,-0.15668593620352467
-0.6870080823647708,-0.798425455073706,-0.8063154618841983,-0.7149023846503667,-0.680944148511584,-0.6539231820907176,-0.5863252590427621,-0.6559687014278034,-0.3740421968733356,-0.5128611925153133,-0.26524084596676467,0.02742086805455879,0.086175905975796,0.08819464239875766,0.10800601383026821,0.332139043787498,0.5091088111533166,0.493372165076084,0.4688685298080113,0.5947037095187536,0.5130527802623389,0.6831521653533806,0.5270825060770703,0.5059220345363941,0.4502992776620252,0.47117742221373515,0.419061414800747,0.5525129097864536,0.3097937198691138,0.2941902387777786,0.3543737732141138,0.2962195521979469,0.24063524155461255,0.17133179479270486,0.026566512078132223,0.029326253333100065,0.005959203038819982,0.003463771127788936,-0.08392748667451663,-0.10837431723783897,-0.1246065784232505,-0.06992360825311607
-0.8608156112832095,-0.7557617663592956,-0.8255633022050263,-0.8376758435926839,-0.740127337506439,-0.7567500658593862,-0.8109240449233497,-0.6951618856034122,-0.38369896926574615,-0.5381376619055924,-0.3848003476362801,-0.10186704723077693,0.10207807854932582,0.04903213879255123,0.08654633786339642,0.19872565764591837,0.5440065898364809,0.37177875031881247,0.5745073210925304,0.7134642903300107,0.5196377309561849,0.5485154265468886,0.6029270989947744,0.5730923380191508,0.4982202466393139,0.41051805871717495,0.4493794558530238,0.506223654874739,0.36377359235318796,0.29634975039358447,0.24455111523383158,0.17385047033324594,0.20267028134711418,0.09707318596334365,0.06181279034617877,-0.009871494389837695,0.021133956846977636,0.005059410766426447,-0.0757166266147031,-0.05589581743755426,-0.10796591362302903,-0.07457527522847397
-0.8282840585065342,-0.8365293804653927,-0.7690457732167089,-0.8083604243738899,-0.915219312677451,-0.7303056472531954,-0.6476293501872369,-0.7130532334410735,-0.44824357691924976,-0.37030334615936916,-0.31792203659361795,0.03249253088915301,0.005145252906472029,0.14777897468676224,0.31309061066081406,0.21326516241604795,0.38533063191973493,0.4552279594343121,0.6590060435669532,0.5285563560929306,0.555850203986704,0.6889342485452383,0.487194905455005,0.5336575026139666,0.5660471059218849,0.4327687691125676,0.4458511349264888,0.4403801551643956,0.4708374181479177,0.295691323684563,0.20623058377341297,0.1493774675179729,0.15071295673919433,0.13131294748750885,0.08365954662835731,-0.0065689036202416,-0.026035383447169276,-0.004879004370729094,-0.04904655766172901,-0.07851239327821392,-0.07643675006072266,-0.12690603780393353
-0.7434778781598943,-0.7866996265839852,-0.7644109865132938,-0.7902824234243105,-0.9306844608616605,-0.8232995296453915,-0.7989067466401873,-0.605231731672704,-0.5819489229187567,-0.23968332806619075,-0.11153636751674029,0.0316853143455788,-0.1384542314454849,0.24445716277189383,0.20681794215440027,0.2797933026672349,0.37318348974717686,0.5570589130760133,0.6220836001168388,0.6224571069085701,0.6220138933367761,0.6158025343716971,0.6171870722904395,0.6089490224397617,0.4867815167599501,0.3723542267049375,0.42965836646964467,0.34202464017070305,0.41866195395299705,0.37394505154620783,0.25678234636399816,0.2675943464032607,0.1357567231181271,0.08761646948661773,0.030792486959064325,0.06266789456110748,-0.005226258148731535,-0.09866829092875758,-0.043018207854709986,-0.08034420231519852,-0.06472332014276282,-0.0780219301926904
-0.7805636712606672,-0.9022202345904041,-0.6680544808448308,-0.8835998154371062,-0.8518019572444487,-0.7190296762179769,-0.6345513013764082,-0.7757906699455536,-0.4039083624200472,-0.5557297243504922,-0.1653558399910791,-0.24766995212628268,0.08602195713058265,0.13339648933240944,0.21671048752415853,0.40503345301042165,0.41876789900095407,0.5507766867731344,0.47662219080799784,0.610849990275914,0.6086014310818791,0.6080742071431832,0.5525383953007467,0.48162561253756087,0.5934729343303058,0.4209809675735249,0.4201051587742533,0.4536710862900806,0.4039315523561747,0.24437064465214053,0.24927313797278913,0.29999544295799246,0.16942385903953383,0.13645762680432025,0.0939158442880432,0.040504637845549536,-0.03650332986027412,-0.02991305498317248,-0.06566207868186462,-0.15197609437525086,-0.10860197773407036,-0.14686173157625032
-0.9039753014683377,-0.7221338928345226,-0.7649392562958902,-0.776859642731432,-0.6109739051928551,-0.6603634531843244,-0.7253657884042539,-0.5693108135218135,-0.5746449093139113,-0.22065481233157044,-0.19665460445086574,0.0058769527054991,-0.09185791803425258,0.011314854961988387,0.3986537401894437,0.32432360279368955,0.26379598919342767,0.546070891841771,0.4601638990932793,0.6131763750092354,0.5841614712663391,0.5079507966788508,0.6734038054738106,0.4876529921547272,0.4752340696588527,0.4820206864524837,0.484417777726694,0.4253846014000034,0.3613666122609742,0.3061369355608217,0.25808252790511976,0.2790726243396156,0.1118523521960976,0.11811383216158226,0.09194038889297086,0.06420126950628433,-0.028382346488333494,-0.0036593799592800434,-0.0481204923785223,-0.09673752715688805,-0.11522907175027919,-0.13511958896233192
-0.845537488790974,-0.810144275280256,-0.9426774613730283,-0.8492019687945408,-0.7836517517738875,-0.7914525083937454,-0.5731742781605206,-0.6258794738665686,-0.5227463751368616,-0.42168296922099724,-0.21851648045840735,-0.17438947324871468,-0.05893179692646064,0.13218061825233757,0.12950412284552892,0.29072105187676944,0.3110370552663131,0.5193162811810099,0.6928279924072633,0.5458203313050534,0.6548752878042047,0.5208461881547246,0.6351815639929842,0.5305052824291486,0.6003516355607807,0.3882564413182756,0.3847269942342059,0.3635939858994669,0.37759352914085265,0.35669102882946235,0.2690056310490241,0.32130770959249266,0.21338433556707032,0.1294957186628937,0.09288823932191084,0.055973571164853686,-0.023053190362270985,-0.027503107580683032,-0.07969120032289474,-0.04093391592267432,-0.1552167865469668,-0.19516638090142027
