gfs-wave-data.json
{"header": {"parameterCategory":2,"parameterNumber":2,"dx":2.5,"dy":2.5,"nx":144,"ny":73,"la1":90.0,"la2":-90.0,"lo1":0.0,"lo2":357.5}, "data":
[rows 0 to 18 of 73, columns 0 to 41 of 144]
0.49297622118292556,0.5819638917085318,0.47844627044331844,0.5195287222577942,0.42848352384725985,0.4799540118852326,0.4268863343013088,0.3480495533061595,0.3219683762705451,0.40378575291816576,0.15887714117545354,0.1895131651687953,-0.0060478379754298995,-0.08077470261613481,-0.29549583649495886,-0.27724100571551136,-0.29710218012707273,-0.5830898529884313,-0.584653456549072,-0.6622804777044471,-0.49785061850831014,-0.5394142031927323,-0.7236124333655606,-0.673024338339816,-0.7115875231895534,-0.6198191039738353,-0.5995270545385502,-0.6115308713206283,-0.4992307588191011,-0.5057664752903708,-0.5060488858622911,-0.4050522585468078,-0.2614246456183413,-0.26113262100178625,-0.16337085394205544,-0.08838743913895443,-0.06907187477064278,0.14348443854640103,0.1644886379811238,0.13110654801370658,0.283379815042301,0.25016533329489693
0.43465422825445454,0.5577553287088242,0.5497468823196913,0.3725017049055352,0.4579515478480032,0.4328620376989207,0.40813385459551305,0.38533864500278125,0.33853209551237473,0.3300920793353672,0.2823545421525009,0.07991898463141063,0.016087791791569318,-0.02887539922726651,-0.19575409220564857,-0.23792329532000997,-0.32593285654177245,-0.38257444916179734,-0.38767142637052193,-0.6652518651496975,-0.5831768363760009,-0.4960697889383973,-0.5997438427868201,-0.7641073274249034,-0.636793832144445,-0.67518122294555,-0.626125368407186,-0.6666564850272685,-0.5513572690323372,-0.45344748677396374,-0.34639158403683074,-0.29677934660488864,-0.2514860857194311,-0.2606634444175426,-0.17402472589065962,-0.006540891887785298,-0.08016402862350326,0.155245036761945,0.13222423204432127,0.12155537621935529,0.22075560521718446,0.17182768366099896
0.5113811415233346,0.43486780637061967,0.39176947484250374,0.4186803249988957,0.485758085536364,0.5525044720012199,0.45848634756803863,0.2879378180567603,0.22225309924300768,0.27123928408216047,0.2961596624235709,0.005727643216584177,-0.10311204451636877,-0.15026915103426405,-0.10200199131114739,-0.3719592677702464,-0.36540185716159607,-0.5042133902668293,-0.6140042511169385,-0.5642516727945265,-0.7465709406507648,-0.6555751174234494,-0.5538187881967991,-0.6211104360245723,-0.5888183710760521,-0.6076211303883021,-0.581315814445399,-0.5783528755920206,-0.4976625133438361,-0.5036895049977729,-0.5447874538391742,-0.24191739051749123,-0.3151853244979794,-0.2116713688823324,-0.06085770485320384,-0.15148108419090253,0.03472028495298862,0.09710241716381117,0.1342505448143471,0.13860296850682785,0.1411557753965362,0.28205889223396846
0.3442158595784154,0.5000379237112041,0.5329854863238408,0.426542431644723,0.3339238218528803,0.4898176196278452,0.4166014269922526,0.3675856108125312,0.29843032948086146,0.34003951720056513,0.17084990453073737,0.007494566959081933,-0.039801194580164796,-0.13569533875998677,-0.1579224263968552,-0.25958130441864274,-0.3308518636614142,-0.3835431354729191,-0.4593566778862942,-0.6001618704390093,-0.5781266736977152,-0.6132380896558446,-0.6236768033603768,-0.5769563894191029,-0.649372918309808,-0.6849790247484704,-0.6052482162975801,-0.571805536701635,-0.4697467877926433,-0.5437113030363858,-0.4940456384967731,-0.36635882192830765,-0.3527671732452942,-0.296319532975598,-0.09496690288622715,-0.09641671974211813,0.03516902572002191,-0.0029707392200838505,0.150856714061143,0.13096044476426602,0.1640635317068458,0.24212421860228275
0.4428757248681446,0.37371236904077304,0.38799103918052397,0.4625366332937776,0.5388216453839901,0.46974649447255395,0.3678350349461181,0.32622210546870667,0.3056988693774494,0.25050067204328713,0.25392535528978294,0.09970119404899168,0.0825999009098256,-0.05278410294653113,-0.12398037902918271,-0.3160048407534316,-0.3929018449100547,-0.4195122144009211,-0.4942382504599499,-0.5316092042729151,-0.5904076275918186,-0.5744244813486504,-0.6837988058641292,-0.5209194888039037,-0.5996297057479455,-0.6721384772967157,-0.5079180916834334,-0.5334576770253283,-0.5121079808162847,-0.4932844336633896,-0.4802094276743361,-0.25950508586104576,-0.3985310209411396,-0.16075185568042952,-0.1866677764097007,-0.11686787909595851,-0.007089657504860591,0.03453125274299979,0.20858912418719472,0.13715940446060934,0.2503265106610001,0.14864175809201624
0.3277992674743903,0.4093148704074306,0.482423676224339,0.4804231905471373,0.45350413220309815,0.4146178006415977,0.45709561887806976,0.34480060418572056,0.2778683045152754,0.2929558803068487,0.27055123079962495,0.18097114454314342,-0.012565336409545236,-0.09382752975928403,-0.060490079233646084,-0.3574672778187051,-0.28191637055095015,-0.4624184197258479,-0.36879742447064623,-0.4738948409716737,-0.6445725852460207,-0.6052998172309103,-0.5878145838811164,-0.5898399959796016,-0.541017068496234,-0.6289595743924414,-0.5876972214382432,-0.5450171657625292,-0.5496824900097284,-0.4767268997902047,-0.34769646877496363,-0.25864962992719254,-0.23535932657618652,-0.18240913626669644,-0.1824435931827646,-0.10783617240689584,0.07803294079149771,0.0488799528878738,0.13557273473608805,0.12935470559065032,0.15955195531386296,0.22857071800153136
0.47616078036537524,0.3568782686928215,0.4369387202160467,0.44581715114106396,0.3876934920630493,0.3940292815281854,0.47160315766552485,0.3094776470008021,0.29876072967657513,0.35160895069418724,0.15307832467747717,0.13713654255208435,0.011688936687671266,-0.033135032675943074,-0.22717234863854935,-0.1823343936816784,-0.40144181205567514,-0.5147336692781499,-0.47097798977586375,-0.5016581645789338,-0.528881800449484,-0.6452039729716487,-0.5287748734270833,-0.5464557748901949,-0.5578719175434865,-0.5044014087915292,-0.532849138478241,-0.5695795756338285,-0.40238126674438146,-0.48722701287991443,-0.3535140785463111,-0.3516000506811312,-0.288005135207407,-0.21222787778472424,-0.0631123545019823,-0.12697285391194987,0.02668867568781146,-0.011817846610024727,0.10778971914086702,0.2349563730366306,0.2606451831603044,0.1678103492218797
0.32013873946164656,0.3715401413030218,0.4907670582755845,0.41824138667392174,0.4297872123799471,0.32591988449184794,0.3725247380088309,0.3177488615996718,0.30863583620453244,0.30036428382709424,0.11976051021217718,0.12888741036247828,0.05598350799321579,-0.07532583715263429,-0.06838376746433733,-0.18277616123052867,-0.34171792997199696,-0.34692098381876607,-0.5691364168738705,-0.5572675966977299,-0.46827357425526617,-0.5079962027939978,-0.7106180468085372,-0.5102525076690966,-0.5422516708210485,-0.4416787773128085,-0.5842752319437818,-0.4776321264335624,-0.49137654595205793,-0.3646977362703086,-0.35591480866800695,-0.2849037058532418,-0.19886040187504306,-0.18272720609375984,-0.08198696763825399,-0.16387821878225198,0.03214481124975777,0.10348594821606402,0.12241049948248138,0.09397160350443774,0.1394788611347508,0.2802962790828523
0.40240439961603314,0.35540841631725206,0.3214048733426931,0.46348793023194296,0.4656341969266097,0.3744408783342903,0.33235000888344973,0.3025907285397479,0.2730200667445205,0.22835106060355287,0.2318052082700044,0.1644287634755892,0.002214634234632854,-0.08195490627712641,-0.2731500396728717,-0.32943149764443524,-0.275371288408854,-0.3286591500630845,-0.5052986692972439,-0.511171081825845,-0.4924817904786543,-0.5386356726069466,-0.5896959239436542,-0.5892509350617388,-0.5740054314682358,-0.5376996260327133,-0.5788014273809583,-0.5481924831039903,-0.5281218575340544,-0.5582916130130183,-0.3048708056568073,-0.3921978569061094,-0.29386261424035887,-0.20724438747311913,-0.19990670858165188,-0.1043489056586701,0.015026689120591243,0.08530714412952148,0.11788004511080731,0.24304248402800563,0.12546708215803606,0.20950660949272867
0.46873250325110866,0.4210007788946065,0.3446298640586761,0.45463521636161647,0.41138910613570917,0.32964934723752776,0.3492712164233796,0.2710405228722121,0.37004932098524806,0.22447946038558228,0.11379035438835175,0.16442182644186287,0.06117679317332844,-0.1911377215793246,-0.22223204799059554,-0.3495180444876699,-0.33663910480699594,-0.46714674864811007,-0.5003540915436305,-0.4141767371664367,-0.5639864947007047,-0.4696271238090266,-0.45943846299455043,-0.5355851936270604,-0.4580193556576828,-0.588942732287705,-0.4349327197686672,-0.4618618973757466,-0.33817231266578823,-0.37110047619217956,-0.3487004545990545,-0.2894356694627412,-0.22941988304229702,-0.2443386132478637,-0.07086937307950456,-0.027326419419990228,-0.06033882485371509,-0.009961920586127599,0.05918604709215862,0.14445581189604206,0.10004458775825119,0.1535937072848131
0.31527896137223477,0.38607663580568946,0.33199920284578044,0.4833976986247969,0.39031003535740727,0.36671443467705844,0.3965426655494719,0.307336217351344,0.19986957864722998,0.1742887958792745,0.12859130630390345,0.032052989832838545,-0.11034321645364671,-0.04982514975216666,-0.14231703806241644,-0.3587545030522879,-0.2806580100403692,-0.41158959320782007,-0.399524974032758,-0.3967359502938362,-0.5111926763347937,-0.49872952547077265,-0.5809793199882021,-0.5341903262262564,-0.46804308588408355,-0.5760226198615778,-0.5374692391301581,-0.46969620576790805,-0.5151689734701579,-0.38955165781876944,-0.310034328796026,-0.2846357323975869,-0.2838000048398154,-0.18737490578595245,-0.05569221395593833,-0.09509994376494561,-0.06480792755692183,-0.005460057522040427,0.11960494858530007,0.10100060497745998,0.10731815772308197,0.22293743059183183
0.39263971343166487,0.48044485565600764,0.36382675718093077,0.37723059618857235,0.4048890967847211,0.3748245554717422,0.34418380814835886,0.3981708526010283,0.2576882693825756,0.3055209044271284,0.06213835989122943,-0.016727332319638914,0.013719183976243067,-0.06235204314002721,-0.187514231269905,-0.18773758654672434,-0.19782597190892776,-0.3150360574651465,-0.49739814380709346,-0.4019739068336622,-0.5514972471730212,-0.509607341948989,-0.5097985127877621,-0.5011237999673436,-0.49151353379486584,-0.4472939852528486,-0.5686127761859204,-0.4544275531900997,-0.36308383753558565,-0.3320861251966972,-0.4329357359273556,-0.28511610941376886,-0.3023759717560558,-0.17275830756377758,-0.09546585663373001,-0.12087389816511408,-0.01586632518367827,0.08181689488469655,0.12419135044737183,0.15773478517787975,0.1939096533140603,0.17043967229165602
-0.00836991230369419,7.997129774526517e-05,-0.030035849382528783,0.006425487309129206,0.00327180206041576,0.014851118208896926,0.00178996735152977,-0.0036792683047054235,-0.010201289891114752,-0.011985171670901072,0.01799102898737455,0.011887000347702023,-0.0032656496703132045,-0.012095271380617752,-0.019061985670254668,-0.003306539582677129,0.023578043067945968,-0.02752082566636961,-0.001964654475563971,-0.01503190385855605,0.0026241104440730733,-0.029635109146660402,0.030209210240575893,-0.01421151869900489,0.01879214782596435,0.02589521635247236,-0.0027679967201817202,0.0014667556798618076,-0.015165820437301955,0.007663861439888051,0.025490200651531084,0.007992161865953607,0.007261819382123884,-0.00767098799438065,-0.02968328303999365,-0.004553085588850842,0.012252057116702962,0.02829167253671192,0.009128482147863088,0.006642985666109912,-0.027311535689783402,0.009661157221166033
1.889128228155263,1.997642340509619,1.927187558567056,1.9385190921227187,0.025859027380900793,0.01390913164779319,-0.014291737666220371,0.008198021404491062,-0.010996396767145904,0.015286290797257162,0.010685207800905925,0.03185921960834257,-0.014445339289037589,0.0054116145373310455,-0.0011261030112424688,0.0014033627115533317,0.00719573658220492,0.0007238214061996874,-0.0048221931550233976,-0.01741822142279008,0.03064484668137192,0.016364222566992898,0.020416368124266997,0.011654091969135482,0.005435374607466355,0.019345688233960573,0.011661108409110539,-0.025573099893990606,0.0009366924008405268,-0.005863110276099599,-0.002224262244445096,-0.0044705353903850805,-0.0036280180519482367,-0.009667385286003529,0.0015305738136872351,0.005050244659436112,0.01004367887393614,-0.0016317321122367055,-0.0025830395446882226,-0.001778587570132297,-0.023150778420930388,-0.00401490536466099
2.1386979316232875,1.8629656393026477,1.8568348213050454,1.9874928920409736,5.007721091115407e-05,-0.014036669245646644,0.007931370742877824,-0.020217601443983813,-0.010729027770376669,-0.009609436334830964,0.006832605766378046,0.01117890414911495,-0.0047925968944866,-0.002503681982119185,-0.006180022465036975,0.0013208346097328169,-0.034920058014727154,0.0037400348191534453,-0.003128988124125498,0.0024261406676918933,0.018588823935178692,0.0013403288518071441,0.03207334263698623,0.008362280699014563,0.008629585840616509,0.013277844804506053,0.005051757362132089,-0.009259979509482793,0.0063007702926799565,-0.015497286866604107,0.02442639965921653,-0.018960611636407755,-0.009927034767755421,-0.010519378977169586,0.031021802801895537,-0.01619369063887267,-0.006916170408879916,-0.0038863317364899383,0.0001351131302927167,0.03134271973446781,-0.014070584196374948,-0.03695852623550751
2.0437880778008624,1.867748966787229,2.00150679788814,1.9226263560213244,-0.0059616963789505765,0.003625866544777638,0.0257623366604929,-0.0022658051986253723,0.0023982301249727287,-0.0036210996744448845,-0.0121029564347198,-0.002842737226936904,0.020133821882942386,-0.02374266212987866,-0.005661397566836425,0.007534494835825673,0.013532948614475985,-0.003967224118685132,-0.003351561174671706,-0.011270337195197603,0.0013871257364806574,-0.01100318202780906,-1.1537322535573158e-05,0.007328108332316912,-0.011673396949389406,0.006456714524235731,-0.017176956198882588,-0.012486569259789726,0.0059812830675326145,-0.00841863477363163,0.0007086097000184065,0.005480504265382681,-0.005577015964551959,0.002023228959953046,-0.002307748733279853,-0.020544644375114697,-0.02550450961784798,-0.009679007728162338,-0.002643041954390471,0.008041507907573723,-0.01482142229053625,0.006441649215871925
1.9456151233370222,2.1290977014408456,1.9254333718462475,2.103299258718614,-0.0065657343329125865,-0.007868681681258857,-0.00250926724901844,0.004349562264705797,-0.0043696457872904665,-0.01540757069807211,-0.0025082350004484626,-0.0012241322163532714,0.008981653545486143,0.006777271031493676,0.012219961746589148,0.002250551177455627,-0.002912946663040656,0.008506597431019542,0.0019889534014536103,-0.0024465282742098856,-0.0056467755573633436,-0.0023905337793964547,-0.010810051276752204,0.0037506616902312517,0.01575613524808211,0.008364410953686705,-0.0012767525048404066,-0.022800085879456387,-0.002806498588479329,-0.008940090383415249,0.010380006469681752,-0.023408391483209647,0.003076568834712409,-0.009474312394510655,-0.0016404522900298503,0.016246126006483542,-0.006555686991461041,0.0055115310493030496,-0.0027365871100268335,-0.0032418536764387217,-0.0017553724681624824,0.005432493285231204
2.0101830349741387,1.852968460520923,2.123882380794416,1.9630084310219185,0.009286501518337419,0.013384906867592914,-0.014254178909264382,-0.01566797867393088,-0.0030450406525382007,0.002011572756000257,0.011628186365396984,-0.0015684468830836561,-0.0019349423477651071,-0.010130197712260125,0.001706967236774207,0.004851821817363177,0.02316312537608175,0.004787159701618083,-0.02549271579185674,-0.01831345025623315,0.004645035935330152,0.01987494688405392,0.0021237538416036023,-0.0003980273411530265,0.011229740961946916,-0.012779739486197254,0.004598619030990417,-0.01653634484953349,0.02767422426565204,0.007774747507406971,-0.022308238199572877,-0.013458119424670316,-0.01805523410558264,0.014245475073370555,-0.0122194839286921,-0.0029662086967348466,-0.005541649764719205,-0.018723814019526695,-0.02837953071726073,-0.024994370063395954,-0.021099777845989095,0.009684347193056695
1.8070633589707281,2.059703801692447,1.9475042089512016,2.022511212403038,-5.119141643105183e-06,0.004585915941827964,0.00481931381782856,-0.0025025703033032935,-0.0001767312695781278,4.968669015515147e-05,-0.0011956958916612673,0.02464951639725605,0.00394386632791205,0.0005347658617372945,0.0008997732682535543,-0.004232151306140373,0.004339919169740784,-0.030243130198272326,0.000310115521756393,-0.0050398222757552305,0.004199113666027527,0.024942985292107138,0.00995263691867847,-0.0035544679863542413,-0.004937080295450217,-0.00592173437049683,0.003074214657172391,-0.01994701787992725,0.00013701928824295587,-0.00708784970005433,-0.0016843991401552607,0.027204253595885904,-0.008743482164484425,0.013091384854149858,0.00730464547484998,0.012648144978906975,0.005719357130093619,-0.010654742070241403,-0.012656827644809167,0.008326159821898228,-0.006539500510205711,-0.015308172831843169
