gfs-wave-data.json
{"header": {"parameterCategory":2,"parameterNumber":2,"dx":2.5,"dy":2.5,"nx":144,"ny":73,"la1":90.0,"la2":-90.0,"lo1":0.0,"lo2":357.5}, "data":
[rows 18 to 35 of 73, columns 0 to 41 of 144]
1.27326194307085,1.198585933475687,1.4468817069735016,1.6559387405154191,0.003712173418336998,0.012726828429986195,0.030694524219530915,0.032406713047568904,-0.01582174682744346,-0.029537811953491477,0.01124035491966061,-0.04069286016118753,0.013069501119257436,0.02491976417590258,-0.0025090450840524092,-0.05030948650028133,-0.03534285037752255,0.020686063859362135,0.03646985905152243,0.02525703251503692,0.0065410928095998,-0.026801903109088147,-0.03882461005193969,0.02957742368092342,0.047972440191099176,-0.026798529801246893,0.01988217786638854,-0.0030447887556830076,0.017492590464235926,0.002225495556262353,0.026169747190124815,-0.009590786691362601,-0.0428221111797419,-0.002658199442723471,-0.0005710479191725993,-0.002324827359296539,0.017692936041181967,-0.020821828543261672,0.031770935108091015,-0.01375609225264683,0.020124109022790597,-0.006288874562322197
1.208955160169036,1.5994812878108327,1.2198150271058934,1.3290201766997438,0.018390341998966463,0.02473623409948504,-0.02601406974517082,-0.02498677390849323,0.01222281873478081,-0.030320978323537928,-0.02158786806575023,-0.007463961184815071,0.017881406884326156,0.012443654104515806,-0.012207544696100248,0.02355986508663756,0.023692226047852434,-0.01800547373316042,-0.02640363061226021,0.03369774255374401,0.01121091032686151,-0.019798012539492527,-0.0137482476901499,0.028839878306682415,0.013981041775892199,-0.02740046947788062,-0.020580735325515968,0.010333995930704588,0.04421847964847522,-0.05363089119846736,0.023583786809020568,-0.007645367616832275,-0.009840898876866674,-0.026226304558595967,-0.012492033910802999,-0.011821050621667259,-0.013014533904662562,0.01839625840755186,0.037875770506792014,0.0006239005830949225,-0.03324699556882345,0.002564168879831916
0.010213644823268664,-0.013324008334120853,0.03530329179052464,0.04277818812394908,-0.016509434853075555,0.022940727859701266,-0.010451907888879683,0.03585191111250035,-1.346743336894006e-05,-0.023642965370741717,-0.03466042910353389,0.033345417309912855,0.011219327472706724,-0.019044693168235625,0.018674354986730347,0.021975643734786512,-0.029170980414356666,0.03673393505621412,0.019239937541764597,-0.014695221242539684,-0.0040933529765957875,-0.029999850613802694,0.029756617287789357,-0.010352739665377968,0.0018124197237972413,-0.018168729939071954,0.03947582019372765,-0.021636852170302145,-0.034563526265110577,-0.0015381507079953046,0.022146584277332605,0.03399307950933167,0.04218419129263154,0.01739872143252956,0.0007038098449034117,0.022584125011552252,0.04318695056015986,-0.03556926282086527,0.006291896944876919,-0.036440270197414935,0.006625313718932361,0.004743706142164284
1.5437728866709737,1.5213540564093788,1.6396013252618178,1.5732057756861515,1.5025910367253108,1.667372685668561,1.427925215244779,1.5076761578581943,1.5314311152396933,1.4160054655299785,1.5092650052325582,1.3744452008142902,1.1900710539742372,1.1282944221413198,1.235085613625894,1.3678533092717806,1.3186007468116945,1.316648062848344,1.1655044838660873,1.085897949423519,1.2538657984106412,1.2217210098829214,1.138837647793957,1.111256414251652,1.1825712672559547,0.9604252229474888,1.0845237496066729,0.9335687490168915,1.025845315718749,1.0367260721722293,0.9644895001393341,0.9105525203585502,1.0939469582983616,0.9335050508896204,1.012937680264419,0.902936535868006,0.8914451642621518,0.8131647290364541,0.9595594618240881,0.9104750900457789,0.7845980508193863,0.7987464620928578
1.567191336424305,1.6756313189977452,1.5190571699705306,1.5683565728853766,1.539677598355647,1.494051559823548,1.4685697706998897,1.3715926383509554,1.4861422193955622,1.3551008412634655,1.511928583481639,1.433122590626222,1.3395560485765154,1.1457180870395383,1.3016413854945454,1.37678570000686,1.2273590336766167,1.1085418162924312,1.2248773696857544,0.9974274337362571,1.1386438658256262,1.0593503048771988,1.0079940112879375,1.1288785120044784,1.1260114565261792,0.9795517391679167,1.0472330957389828,1.0718481137887057,1.0133893288108449,1.0224505186910344,0.9512514564492518,1.000101477234549,0.9152195344460047,1.0182235955922985,0.8703196453859373,0.9690374446835045,1.0039241614142032,0.9832477969353559,0.9437909538669275,0.8820721672264991,0.9061821643317498,0.7525602129901453
1.622835844470583,1.658235841372209,1.6082648262407755,1.6379194197072988,1.5415728811592653,1.4719311616761968,1.522210673355649,1.3925743951031697,1.4036284698302255,1.3944340700649975,1.46755282834774,1.4129767932479258,1.2166893476301885,1.2748004992848754,1.3628284305887934,1.3050990613736293,1.2216943408105574,1.1445361941366383,1.191700698517773,1.171387824195751,1.1613411243832779,1.0665508330010638,1.0577276703503016,1.2114089545910207,0.9834033519491524,1.173517172711129,1.163536655446654,1.101383747651424,1.0745351780578918,1.0502760290102424,0.9657562915690147,0.9683760613947711,0.9424953750747708,0.8991093627108795,0.9359007633841878,0.8528523131824239,0.8615370155397253,0.8527009047401443,0.8134017401390674,0.8883066557811401,0.8137081334472431,0.8247215326898505
0.024682145915643754,0.0037509900990921026,-0.013789028237262553,0.009984625822975246,-0.008085387419408821,-0.006520537083259003,-0.013088218266658439,0.01685664816867456,-0.030347280315452158,-0.011975847086682591,0.018897709553688337,0.028596052969410566,0.022326512887930514,0.024106920550820605,-0.0019040321800228117,0.0003598124023995289,0.016414060067725396,0.015053495221827059,-0.0012843325610396995,0.021995125000772373,0.004633469121434494,0.004314670772591466,-0.026733865445977046,0.011075759853970316,-0.0004283599348391059,-0.005792363121517709,-0.016850697600889405,0.01658091499316752,-0.0049262195837938925,-0.006120914994657891,0.013772835320366663,-0.01170177184191649,0.016106471000215863,0.010552072571852774,-0.009418765786136651,-0.010678792647371068,-0.03346773490552868,0.01853146804470164,0.0386745641482916,0.018071292399017624,-0.004181201507151277,0.0027228941335246566
-0.8858269012374667,-0.7938722215474802,-0.8370424270745329,-0.8609950757881566,-0.9134798338112041,-0.8640029086030969,-0.917244601898282,-0.8227936255895013,-1.0085548408839085,-0.9349243510675497,-0.9800953681569631,-0.9618256978398989,-1.0418500823998846,-1.1465073660715817,-1.0728399245009612,-1.021069805343855,-0.9995148155914726,-1.0145190115684195,-1.037994577553523,-1.1235744699043664,-1.151011606138333,-1.200158578216163,-1.016154904449736,-1.0882939783151178,-1.1866430841123474,-1.126673798908188,-1.2392335342846759,-1.1809499158642236,-1.106945952916205,-1.1244667500539103,-1.174953421474596,-1.0901199057843973,-1.1504236002644215,-1.1518649348392678,-1.1699704823717536,-1.035907421687774,-1.1330042811186964,-1.0603200967328645,-1.0789664742370297,-0.9730146843040075,-0.9581840208759153,-0.9550698050453317
-0.705404794988123,-0.794882580444276,-0.7966300478524216,-0.9325584978899958,-0.9063677540462172,-0.7724828195903365,-0.9214911503974802,-0.917682383103702,-0.9024165857813721,-0.9385121460018846,-0.9856208472614402,-0.9333555276523761,-0.9701861892016207,-1.1614020183311808,-1.0024883872056523,-1.0002246639757233,-1.0623020941372303,-1.1447583239136774,-1.0148031327684839,-1.0460088249636808,-1.0810644847552302,-1.160265194757578,-1.2055295245567172,-1.0836948797286254,-1.1435012785481105,-1.035205753147381,-1.2201752875516756,-1.1331406863429552,-1.1669537820155271,-1.0756439197776917,-1.118913267438869,-1.0289090148895117,-1.146156801558624,-1.0145507894647015,-1.0365726271510025,-1.041389233973442,-1.0026352618635803,-1.1492907094369145,-1.117433206962069,-0.9560380642196139,-1.066938240665594,-1.0638653552176818
-0.8217248474028155,-0.8526755349414723,-0.8536953184161122,-0.800127583269075,-0.9227532770016612,-1.0176197605238724,-0.866483404801246,-0.9994535331133502,-1.0676256874983765,-0.9494557610551537,-1.019845022915549,-1.0349209025193695,-0.8982663297281959,-1.123735823655062,-1.0062161707754431,-1.087708036133338,-1.1555314367339045,-1.0534570412595887,-1.0524519696934682,-1.0997207590777858,-1.0854986357065033,-1.0502674453512997,-1.094964726628945,-1.0526595533031018,-1.1498987701764336,-1.0509419717256858,-1.154751609767137,-1.1412946672108746,-1.0299527425651696,-1.0117936505632317,-1.1023898854149174,-1.1492828334187626,-1.1107314624662634,-1.0218358473306854,-1.0689645147464983,-1.00111515390566,-0.982917773954244,-0.9671394887866033,-1.0619946480733597,-1.0613171182208816,-0.9502821855790559,-1.0468568706631767
-0.738714886605882,-0.8463487144732307,-0.7621044526601846,-0.7081192867781433,-0.8572566221218504,-0.9551532860017024,-0.857212730589823,-0.919719786071907,-0.8706608413371074,-0.9127731262158792,-0.9121878453998247,-0.9807905250775005,-0.9562056845232456,-0.9674259608865909,-1.0740369852906966,-0.99046243473978,-1.0615468830607715,-1.116768701619171,-1.115090230896107,-1.185116621335893,-1.0782636277734774,-1.1286155889055476,-1.1811565995038835,-1.082542665424509,-1.1445445886159964,-1.122711787272243,-1.1430548209692193,-1.1004752025091722,-1.1529069895138564,-1.136758206163716,-1.149004834109141,-0.9911478202112398,-1.0917849571769631,-1.0993074525834232,-1.1425302334921663,-1.0635222233035297,-1.091375355302003,-1.0015843369909243,-0.972948828059642,-0.9542140492075032,-0.9773583109068285,-0.9391790662297729
-0.7893135836107937,-0.7832170828607683,-0.9195730033785302,-0.7780926304652286,-0.8951897237154447,-0.803566147882117,-0.9026838247185195,-0.8843527257944717,-0.9481071681660337,-0.9448400900088036,-1.0192765963650507,-0.9549150843175084,-0.9241868442689971,-0.8793239085313007,-1.0912083352445832,-1.1160814677789634,-1.0485698413439262,-1.1313890551318633,-1.0887439393520835,-1.0995808143214827,-1.0435869680012613,-1.0218445893982286,-1.0992696528393129,-1.0982634968956042,-1.1888482631395296,-1.1785482056847254,-1.0208159745161027,-1.1003863866785746,-1.0618661084477417,-1.175383676926836,-1.1864721537520324,-1.196981582120171,-1.1139957278690908,-1.144542268942805,-0.9459729577601345,-1.0120577989205148,-0.9571522581217922,-1.0260303533407769,-1.1110195931323898,-1.0456991300537672,-1.0517520295537364,-1.0555505456807954
0.015683915048777284,0.0030269842417317465,0.0034983758696881776,0.018852858774238167,-0.02661035445748076,-0.02288755165658989,0.007004556012627236,0.03295924296997309,-0.019218400477324517,0.00312025767347833,0.0021659274984663583,0.0020445793209106083,0.007796327927774451,-0.002212468121958533,0.006712709393984167,0.008752800010409524,0.011977497579365797,0.016173472475373776,-0.016733253320531872,-0.02582415895093613,0.0072048259605482145,0.01656280145069973,0.004478764817968536,-0.005141718830244656,0.012879007545847055,-0.01737671560755139,0.030444958288943464,0.0049134960712360586,-0.007823755776272907,0.011651779755936923,0.0012364195972165268,-0.006293586129084012,-0.002501504171994287,0.004839693521874358,-0.003686399405158033,0.0014774570204727393,-0.006978542996414025,-0.004724885618708245,0.008411435681147796,0.0020278685164037895,0.024239132977213217,0.01225236731576517
-0.6418655753114996,-0.5931913124260303,-0.653547487701315,-0.5519178069378007,-0.7513295921854782,-0.6041841950919722,-0.6082039505074995,-0.5871558380245436,-0.4314717786160265,-0.4705450100090326,-0.47146592012062477,-0.6518054665933088,-0.43077754702461546,-0.5683639522601582,-0.4866935090974763,-0.4669874576995219,-0.6305276482014192,-0.6422921837758476,-0.8748662904617186,-0.968401341261475,-0.8097766412809867,-0.9461810242028013,-0.8407850760383421,-0.9968701460666072,-0.8964229979235656,-0.8920996331961676,-0.8205820860789652,-0.7443889339077816,-0.7924107686702686,-0.8081321374315654,-0.5506049459650131,-0.5150892336792735,-0.4029716911373239,-0.38271452150274937,-0.3315470436805694,-0.32297004157241577,-0.32009967443348536,-0.21462093220931291,-0.2066869317734269,-0.3752294433015079,-0.3861137884595894,-0.26188175127382207
-0.5505845420279655,-0.7209756773278183,-0.6817083181736361,-0.5887412798011884,-0.6594529540700353,-0.7324672920957782,-0.6254828074827071,-0.5567808067675796,-0.5088141871612649,-0.5085041528050945,-0.41615718963394743,-0.567893189903332,-0.46818710648408257,-0.44567501731687403,-0.43037267866821327,-0.5992594489312527,-0.5684829259831408,-0.6726192644131932,-0.6887031987140262,-0.8976472240991672,-0.8020989846038958,-0.9697033477645228,-0.9975672600723762,-0.9616262635447425,-1.0093673173869644,-0.9358553305490445,-0.8195421590497934,-0.8277732054324339,-0.6709314328073048,-0.6476246882078625,-0.6289022438411735,-0.5508414912096168,-0.5495777093267055,-0.413130228312742,-0.2797500691266523,-0.345058406251857,-0.30647830947791366,-0.27339210623539867,-0.27480109635504735,-0.3057649810165223,-0.3167789840441771,-0.24534225456329672
-0.6742016160898024,-0.550075712820062,-0.6088948779986534,-0.6273056780265552,-0.7606176897636827,-0.5509194866165981,-0.6367138690418277,-0.7249246692466591,-0.48320525110677937,-0.6576947285636624,-0.36115603226028564,-0.40163051501749875,-0.4030288123474075,-0.41371964803198163,-0.366993380836587,-0.6113234643443562,-0.7047348745337739,-0.7020695508430942,-0.884347545141521,-0.959192027943106,-0.8876030170399575,-0.8959219716374828,-0.8830221726227782,-0.8682282147036683,-0.8649810472220288,-0.8571956615482879,-0.9374680131638035,-0.8034245554730356,-0.7529396133474083,-0.5871569295533475,-0.5411869395870792,-0.4239650550002238,-0.33665188328761186,-0.47653452848472283,-0.29000678035840777,-0.2116392783537063,-0.25873912634233676,-0.25961700322793974,-0.2344934442798786,-0.3329485493959754,-0.32718985890058544,-0.2555261033053349
-0.6522693196941847,-0.5376491297667267,-0.5831843154170617,-0.628646954116617,-0.7445788708922377,-0.626946337904363,-0.6476524585886115,-0.569494542582895,-0.6481631840707288,-0.5649989043933368,-0.45222793938915395,-0.46002940488724325,-0.33390727028666245,-0.424757305115082,-0.5963067322330846,-0.3900092889525822,-0.6489725212978554,-0.6001226555567178,-0.8007952894305514,-0.8717703910783469,-0.8152012505253026,-0.9332316395894543,-0.8810855134699261,-0.8833583978706779,-0.9203480276782185,-1.0194032002600257,-0.9144131294895299,-0.672220443040094,-0.7542833395143674,-0.7103669970436998,-0.6231780098417662,-0.6068120610770237,-0.43627428195550666,-0.28914764224800954,-0.351773838805629,-0.4412307966970131,-0.30759191054810936,-0.2517443932353592,-0.30839481743715264,-0.3656817567196855,-0.27646981079140037,-0.3427612756829674
-0.5341533823602236,-0.7071266509288419,-0.6538778242668278,-0.6607152153189079,-0.6458689970127232,-0.5308224078239215,-0.5295710511234992,-0.6270088826620551,-0.609079903309845,-0.5211668217147771,-0.47897610386911565,-0.5225374682539509,-0.40487180965462627,-0.5548287507870927,-0.5010117882942966,-0.5952496653774956,-0.6169003309112273,-0.7893679229918708,-0.7994200099021309,-0.7261055146491298,-0.8569340188936394,-0.9268822002592331,-0.8171554201019813,-0.8810977807118262,-0.8519631718208853,-0.8968289099757321,-0.9235946087580448,-0.8625179588468174,-0.7665629266288372,-0.6976665698897807,-0.5865882230357088,-0.49808214269502843,-0.49748014525904777,-0.4788928281573123,-0.3652796910479524,-0.2142080492939161,-0.2411061569521482,-0.23664897313920705,-0.25758102211134853,-0.3554929174180119,-0.2679114429948802,-0.2897673203755244
