gfs-wave-data.json
{"header": {"parameterCategory":2,"parameterNumber":3,"dx":2.5,"dy":2.5,"nx":144,"ny":73,"la1":90.0,"la2":-90.0,"lo1":0.0,"lo2":357.5}, "data":
[rows 38 to 56 of 73, columns 0 to 41 of 144]
-0.03441837505797599,0.2621742566674524,0.3397929197944071,0.3716884306828804,0.39893519344896444,0.4464815161986703,0.7455918701971218,0.6622690610532286,0.86960954230708,0.7504616649418704,0.9995182719242627,1.0415305081245811,0.9551838649671597,1.0204434393240358,1.1075398946769297,1.0349761572565233,0.8732645155459837,0.8136516765199513,0.7264025423490423,0.7363888714006517,0.6034176597644737,0.6113048795701415,0.24776941157670185,0.061292422144776246,-0.13994429470748873,-0.1565675592084529,-0.38026713051133226,-0.2891504240796262,-0.6667758144309226,-0.5029967639522669,-0.5843447568629789,-0.6431136409815895,-0.8251606462296266,-0.7688090047501505,-0.841852899694894,-0.6487587524591185,-0.6641147483694039,-0.6465402707113109,-0.6018304290924219,-0.5700060166432299,-0.5219219048388117,-0.5660898849038932
0.07344094227905473,0.12498189123867481,0.35175677774483677,0.3135480743091574,0.522337331799802,0.4990487074070794,0.6517152485761081,0.6849479543776962,0.7370643931860218,0.9843610572748129,0.8622534485763748,0.9420319569639556,1.0098490514783178,1.070025320398331,1.0365698081841728,0.9921485495752345,0.8943563994091261,0.8707872728623135,0.6364799201207991,0.7176185227643086,0.5788259121069597,0.6026675888586499,0.165599731178252,0.04631005571484688,-0.02412539362878688,-0.04602083904101008,-0.23238414200518237,-0.5382322352600558,-0.36513662979595574,-0.5408226620246418,-0.5356127954754807,-0.6494831265255028,-0.7398536788896843,-0.7354473209768515,-0.7887007595578192,-0.7395153844969081,-0.6594193917140145,-0.6523066849221058,-0.7005029361328539,-0.5925366023328972,-0.5710055933850618,-0.530286557633932
0.06667042231653766,0.2576391232673428,0.28868200210910056,0.32070528347281707,0.5009635720317784,0.5608178496748858,0.7213444621774048,0.801627641740012,0.7259705258032719,0.7910345249169208,0.7794430534729127,0.8104887135941563,1.0050938752769236,0.9976050450073873,1.1019904519822112,0.8658156429419255,0.7851896157335738,0.8780223830710001,0.778405976375133,0.6388286011683487,0.5628263668803902,0.6414070739101496,0.31016072485053015,0.31871903178405087,-0.1374665031866623,-0.2641924360496131,-0.15655051031588132,-0.2581912133846858,-0.3680215205788961,-0.6042457611025319,-0.8375073256075587,-0.7267802899523135,-0.8526674117746768,-0.7173096500518107,-0.7996173538793822,-0.6583899048605901,-0.6384482102868854,-0.5892199452972439,-0.6119140258322054,-0.4746510054958171,-0.4842219848660668,-0.4222333215530757
0.018063432967598866,0.21103427825989896,0.11408043258152262,0.3452691006340647,0.33524918685278743,0.5245105892369772,0.7873251779837375,0.7015429465326142,0.7621739961186421,0.8055048902443346,0.9943348296624333,0.9306375685240359,1.0036835683142629,0.9464109454272509,0.883028821115837,0.8464744737210803,0.8276489832782981,0.8322516130963228,0.7258401355046434,0.6175444451664773,0.45984392184478223,0.3712223671172338,0.15467641105934848,0.33556328592204204,0.09682710941366186,0.030003305023180285,-0.40128439838484214,-0.5152104149575397,-0.5811220541367373,-0.4779077686827907,-0.6869243109862323,-0.716244389339383,-0.7279041127234119,-0.7598391614647749,-0.7173608787396519,-0.6599692291115989,-0.7097373930276285,-0.5359083520977995,-0.5070394846283217,-0.5018166049985026,-0.4772679214380132,-0.33406260761703277
-0.3388777678928055,-0.23150737689083833,-0.15195135286359318,-0.20689447545492215,-0.22435390994715707,-0.3146256115505207,-0.16608742173145374,-0.2612848189061989,-0.19002729396104104,-0.3268397955097829,-0.3082172918666987,-0.3459030254012578,-0.26712207692032003,-0.1608442609077505,-0.1948619306745129,-0.2773064493716724,-0.23346969021659314,-0.26555182591760473,-0.28743408297259015,-0.3082908898925192,-0.2735677898299148,-0.24686310137418252,-0.15756648517078273,-0.17887494835257486,-0.22821248328570412,-0.3109557466570815,-0.2185489188967533,-0.3353002064752758,-0.18539433705779867,-0.2478674014346835,-0.34520349975802145,-0.20449558542641497,-0.27219234441306506,-0.31835017911645763,-0.21659238171932596,-0.2405684446845238,-0.24818288116530046,-0.23278638367291113,-0.29177802959164456,-0.2781151478296777,-0.28665577648462864,-0.3387816176013579
0.5411478032822291,0.49821456487216803,0.5505088510344764,0.638145486982198,0.4992186826906459,0.6507930771845218,0.6610208934144985,0.834751124242464,0.7051223799351378,0.7894262244617253,0.5431635178800073,0.6689139525817249,0.6806319571003523,0.7480319836931973,0.6969929186962504,0.7683611555982958,0.7164950649928497,0.8343519230303772,0.8095771661525671,0.9693720327361672,0.9347287554897962,0.7960671159548082,0.7963043040725795,0.9753626555481895,0.7845635607442649,1.0470113570595085,0.939440066881941,1.005606154571465,0.9996542590564838,1.0177159828578537,0.9256085509015157,1.0284180033264458,0.8512637162657848,0.8192784872378395,0.9704918593940407,0.7924278448108542,0.8697591396738197,0.7272359843094384,0.8958410436605498,0.789519593376832,0.8421268382496603,0.9606063117777676
0.6020828085178149,0.5448633578874946,0.3803392564382476,0.6080056234604495,0.7173630685361669,0.6484913376245645,0.5654437024784464,0.7652800119792214,0.7116343219162661,0.7648631872251359,0.6378236069346574,0.7816547598104182,0.5575218885159741,0.69859829882587,0.7899152875354851,0.732771018640311,0.7270539951491324,0.9144427871393954,0.7368301376286056,0.9012551450061779,0.7730642140884648,0.8297160734364339,0.7688824593769507,0.8728427738731677,0.8809233183988031,0.8983509860780434,0.8648759679488361,0.9276100676207835,0.9559563899050898,0.7718006614767522,0.9340219055359502,1.0072420338016737,0.9215795690746941,0.9601315087754333,0.8663629802588682,0.8259860552758389,0.8085326702387835,0.7223647236063875,0.7934032339148727,0.7399952082955406,0.8660080043297089,0.952225543453749
0.589025400502753,0.5614373893189665,0.6269950824257458,0.5014240890867904,0.5722949220432315,0.5610462203359697,0.6933867115081114,0.624448664101555,0.542571481271411,0.5189170702890868,0.7542154978581638,0.7930932341648759,0.7665383756260084,0.9008418699392508,0.7651958110982776,0.9695531937615495,0.8889918173693053,0.7741403795930016,0.7134791613084397,0.7242837139084561,0.9083317939397753,0.8511367216143304,0.834225714545415,0.978449149824619,0.8778206536670499,0.9501398557195067,0.7712144216998145,0.9216019305611993,0.8767582400368884,0.9974944930812499,0.9050920615678284,1.0108483780907467,0.7463046854582596,0.7842903450473534,0.8734387495660301,0.9099026109115381,0.8302744554417845,0.8906748547530977,1.0034154422422936,0.8368622221801638,0.7589698328522949,0.725219696905969
0.4181146801974945,0.5865233556871662,0.4679454006224844,0.6188281586705332,0.5138716335052359,0.604590290979585,0.5435248839966232,0.7289202532034376,0.7527332879878987,0.6986866888459355,0.5489459369292169,0.5647270711979113,0.7945655209565059,0.693481105081797,0.8405883483290209,0.7859937902166421,0.6471997741510048,0.7098084889679398,0.7839180841533073,0.7633838346691522,0.9555568457658311,0.9139364106061868,0.8192643959004311,0.733356472720134,1.0026322050738532,0.7732106667507088,0.8270578530536611,1.0224469196248394,1.0104859813840896,0.8121872662442264,0.8121459402123591,0.7971106779562602,1.0117981704490124,0.7371728400488377,0.7843700425477744,0.7330488944157283,0.9545633178397247,0.9041088283679628,0.8760928479475568,0.7807809796278058,0.7389285700867969,0.8142792140198113
0.36892030697317885,0.4742341889662722,0.48624649418877386,0.6528329698306983,0.6945371951010876,0.533040359517105,0.6055741087331111,0.7454246096031006,0.703091574752578,0.7882444855337328,0.7786083722579404,0.8073844141304757,0.7961067507893586,0.6547556039304067,0.7604640364861414,0.6984778970528355,0.8537697209871166,0.6855783932507395,0.7793662595042758,0.7024823064116076,0.9382424103439254,0.6720271104569917,0.8286595622655538,0.8791020802407609,0.7021779734053628,1.0000989677383298,0.8365030641897706,0.9524305564430275,0.8421542427936456,0.7783495238598535,0.7407534066950046,0.9812247603022464,0.916598328429425,0.7423313057149907,0.7841630815208723,0.9365717412929727,0.8648582787808415,0.8174324065063884,0.9263039837133185,0.8387006478210975,0.8357088043966701,0.732225069369202
-0.08598820714876139,-0.14839558344649478,-0.1025150704147027,-0.11958026156874205,-0.22162528446281024,-0.20986082968542066,-0.16370788240399006,-0.23833246486560966,-0.0898482293262334,-0.1695450507614264,-0.264965470955946,-0.09593043214433643,-0.17328885067979902,-0.16962432356365006,-0.24395948612300047,-0.14640054855490697,-0.1631740337150893,-0.08399856676017296,-0.27472228605774174,-0.1883497324126011,-0.13207278577568657,-0.12705206978056183,-0.19839337462933399,-0.14975724925629036,-0.09900349424802328,-0.24993900963780724,-0.07889492928812777,-0.2557877292032773,-0.22760198212643942,-0.19734558285514983,-0.14621246330452303,-0.09886559131202625,-0.2298611953988558,-0.1748422400443323,-0.1233263373835277,-0.2259004752857263,-0.2740888794673628,-0.1363489828807464,-0.27340665188149094,-0.2640887223215368,-0.1015647603904304,-0.13401713397009038
0.0654214568043776,0.15759297983188916,-0.28481189977264904,-0.4077553235269337,-0.4508302832073649,-0.10989030342143975,-0.25134288000568034,-0.6481038882410018,-0.6954430217721111,-0.6017230512950172,-0.32507045389147077,-0.47512927258452436,-0.8265457724114914,-0.6020136664427567,-0.6749696797735314,-0.5893087734608248,-0.766710504592029,-0.6641518124061917,-0.7932738079852069,-0.7050016139961546,-0.6854478563740337,-0.46261820807893983,-0.5087909513108237,-0.6945496242072337,-0.4708615801647987,-0.3992845972010409,-0.44178849947617393,-0.6012222618350018,-0.4613027559495841,-0.3681366507644082,-0.20477607241117124,-0.3355735007434833,-0.06532110469787628,-0.139461737389663,-0.04349720798431229,-0.1787283758636126,-0.07844909102280855,0.06548086957323618,-0.055285392742934016,0.18692076797580467,0.13386896270445278,0.15861533180741455
-0.05666829269658294,-0.32540430868388454,-0.2669140091925451,-0.4685564703180691,-0.1520518910000653,-0.4968701648363604,-0.21405249495483566,-0.42242542030167257,-0.7670836785444485,-0.5544896154739616,-0.4392491104513324,-0.5657447379506558,-0.8509257852936402,-0.5641336991627004,-0.7559507946262544,-0.8746176285214767,-0.7661503847460347,-0.646416651809049,-0.5624400666014772,-0.7928943414763382,-0.8372731285513859,-0.6735280750831584,-0.652708209273335,-0.6535066592109826,-0.6629624375536592,-0.5420548288072901,-0.4829513193326971,-0.43965891073125984,-0.24726690112129857,-0.2499773889369337,-0.3566366881164932,-0.3044654682439743,-0.16324153588651125,-0.20948013327910964,-0.1994767212227237,0.023695458564364922,-0.09682024364865463,0.13851114487798125,0.021696127072672287,0.08791819957463642,0.196981594896938,0.2773369696077192
0.06606405040530959,-0.14244504632133273,-0.15493159260286893,-0.4019497302782311,-0.34962516895193313,-0.36770533120636484,-0.1713711867867912,-0.2821704039521442,-0.5821109297465894,-0.38127863827910086,-0.7024562104954111,-0.7419239399401525,-0.4304969703208787,-0.6986799239851192,-0.5900005072578364,-0.7540512964368506,-0.630512235668082,-0.5241603615864496,-0.7865516326312029,-0.6370467325427557,-0.5674273304514743,-0.410675877789355,-0.5827219501051611,-0.5251150139130398,-0.6227785056194268,-0.5265967379594813,-0.47579474711732406,-0.2754401806858945,-0.415981214425517,-0.27000992114591316,-0.13277665356926094,-0.283926271815406,-0.2589874481540239,-0.12180729868057193,-0.17614798229405512,-0.05858061062882377,0.12323823480638431,0.15125920704461152,-0.03652298490501663,0.14101848068379644,0.24774940964374553,0.10465649291080813
-0.06899685126405122,-0.07154227261621446,-0.19396028313175057,-0.07185600065552561,-0.1900563023038303,-0.18315395978070248,-0.08541596871327244,-0.15854692266326678,-0.20595929426661166,-0.18716737947236828,-0.18891940987471453,-0.10248994276732828,-0.11028450979622159,-0.08200586657039192,-0.18118284329279907,-0.15515078293504098,-0.23421979485255376,-0.22714364062832595,-0.09833532493222215,-0.1426069785801994,-0.19256774073681104,-0.09651289076634195,-0.22040270224563052,-0.06003379544023786,-0.039903826656914776,-0.2060474839969607,-0.18993634107523563,-0.15571336670860791,-0.09583095527514324,-0.0638813809172443,-0.17986956481580685,-0.20970050039162808,-0.21504264521428193,-0.09161779210375737,-0.1262518507782044,-0.23361449234035792,-0.19204377734449815,-0.04048111255147128,-0.10112980097065763,-0.0984021159252116,-0.09351652981393867,-0.03797856358832769
0.08244329301627669,-0.06844254035400851,0.08687198835626514,-0.33616038427179773,-0.6108646665131976,-0.6471613994214317,-0.2876866104912911,-0.9468490341019158,-0.8650989277004164,-0.5278524140868056,-0.6778891699789762,-1.1617843480138388,-1.020673662516539,-1.2499930646311783,-1.2106760598323856,-0.9682759838960634,-0.8404744230389809,-0.8682337822390648,-1.4919780157423064,-1.0357984137007032,-1.010474142497017,-1.3039715272508556,-1.2689564855782238,-1.0444785691046032,-1.2358268016823168,-0.6851845483759262,-1.0005071806927865,-0.6287545404905849,-1.108835379405333,-1.1491593299486427,-0.4479548871516926,-0.8906236908576506,-0.5884697284518772,-0.10790447584127252,0.008861441312252269,-0.5629727310644805,-0.283984962189246,-0.2875444232950493,0.13630856455794005,0.7774737029834674,0.7281405442966096,0.561619753460118
0.17112048403318766,-0.06005169817199672,0.15530287595020667,-0.22874622833946662,-0.1187071948160959,-0.13341028156956744,-0.5824267567440798,-0.3297309628315304,-0.4045023594018339,-0.8106810386457243,-0.6041731553737683,-0.768278704551689,-0.8349656809062039,-1.1424348923676215,-1.3903719622722366,-1.3237839322885656,-1.1759113343994878,-1.2620096738817692,-1.4371915089515697,-1.4025108928495744,-1.3283689990953707,-1.3871283316248513,-0.8062714641927992,-0.9855488627106684,-1.1040374682228902,-1.1383037188782505,-0.9323011721151195,-0.9186828872730525,-1.1760322906090315,-0.34276370356094554,-0.410849835094849,-0.2897624479216332,-0.8513351107184399,-0.7146057838105687,0.15073318819933526,-0.5792023381848003,-0.33343498226255236,0.4768471540390201,-0.06450820591062208,0.6787759954920588,0.7183990044012465,0.6155423970160572
0.10210716003058436,-0.0757970779106044,-0.025216026874520247,-0.23985084760015687,-0.509727767911918,-0.7674853946959233,-0.3968669176397384,-0.784494488267472,-0.42406802852544556,-0.4277206733533389,-1.0732917110910336,-1.2659967989057805,-1.1084333281821,-0.8733793713346856,-1.1448297193504375,-1.173913663599336,-1.0957546479340747,-0.8632965573303613,-1.4408947875005602,-0.9486128002630144,-0.8293973561046097,-1.2546902034730962,-0.7866957108145236,-1.2023115477544108,-0.7557390990322882,-0.7192224478537569,-0.9034582706774363,-0.9299793911723171,-0.6514010333357305,-0.558746261588289,-0.8193957419247839,-0.3240381814911393,-0.4161798108950578,-0.2908880251164282,-0.585825846267454,0.2531991123663768,0.17612165915007452,-0.31164791173886763,0.06326715798612231,0.5716754537346588,0.6834694360664508,0.6602563199140642
-0.06317818680099957,0.18540170221860194,-0.12100126463222866,-0.5708856135604004,-0.2923659329727169,-0.26069239438048314,-0.41365089974433694,-0.8407210399951237,-0.7256910571346513,-0.9942616804216206,-0.56390941552923,-0.7557498790804507,-1.060436866387999,-1.050496435172002,-1.1275344285051563,-0.8740973522921043,-1.0269617141801437,-1.0312122769912786,-1.345559059544726,-1.2959173262050017,-1.4998892477180839,-0.9738380913402992,-1.3060191923366122,-0.8944789039275737,-1.32352785517988,-1.06298262642632,-0.7807736929738923,-0.5424003780689466,-0.6295716034596958,-0.9774424800569584,-0.5632198284918335,-0.24203194849305498,-0.7199638134474428,-0.0772957563210366,0.0029409386891865383,0.19449784562126524,0.2708757644109243,-0.1773577205643937,0.47275935686954274,0.6158693280143068,0.5545421845138745,0.9422222757390382
