gfs-wave-data.json
{"header": {"parameterCategory":2,"parameterNumber":3,"dx":2.5,"dy":2.5,"nx":144,"ny":73,"la1":90.0,"la2":-90.0,"lo1":0.0,"lo2":357.5}, "data":
[rows 19 to 37 of 73, columns 84 to 125 of 144]
-0.10260322120720947,-0.04120589193752669,-0.11769872492626358,-0.14670794289183323,-0.042950466750936854,-0.17761949065902133,-0.08843923326195365,-0.1088665001687009,-0.07995590862055525,-0.034828334371868386,-0.13293290748417044,-0.021794565165621234,-0.09993966485840011,-0.12627403316405003,-0.0032468615847205807,-0.10063804702543992,-0.07418948644509522,-0.1046798015210721,-0.16050803903003527,-0.1154231407309416,-0.1441569777266956,-0.08907558159535185,-0.14259913050094772,-0.12344526020688723,-0.15501164217730598,-0.13891355726167035,-0.10708430052648361,-0.16850467515423131,-0.18718835478052187,-0.09229123032612689,-0.05805002967419136,-0.12643818106044474,-0.15810172311845797,-0.10640335594366972,-0.1460119596099923,-0.05296477298707633,-0.17311147124858886,0.1539283232758715,0.3343002411934783,0.024617968972670923,0.222011835654409,0.06248801697139279
-0.14938731498973248,-0.18586986318788415,-0.011102022019689331,-0.14196360883962572,-0.01198644731660093,-0.18533251189937416,-0.17559933274510148,-0.07738913334637947,-0.14027315222953204,-0.1805644798344244,-0.1502023811145892,-0.14263205026939366,-0.14112415927644392,-0.10023939526988748,-0.05288715100465985,-0.09599262242699731,-0.1329807073703369,-0.01826498550954164,-0.1295489602638348,-0.19294948067827564,-0.004794908132775834,-0.07116045476386829,-0.1192724270596373,-0.06394324849752642,-0.19730301770563152,-0.08404407769291282,-0.04440168878852027,-0.1286058948168998,-0.004138125060239846,-0.060905873947073357,-0.0028841614995592777,-0.0750239000076164,-0.03773366811985053,-0.1448770271116095,-0.15876895752775652,-0.09623633064627857,-0.11272186852222471,-0.16129457680642778,-0.05855730310161186,-0.0583640294345908,-0.16204023085649097,-0.14021342728961736
-0.32212786292444606,-0.39970538398183875,-0.25712105696540233,-0.5133529888891812,-0.42012195879548414,-0.3381531120160859,-0.2814446431303487,-0.4026504578820923,-0.40149456726741745,-0.39265755790784895,-0.3276855986998654,-0.35560889039827487,-0.3828951117678346,-0.23796923994191055,-0.3909155463151197,-0.32108647439572197,-0.18132657460325405,-0.17789624799560255,-0.1694800155348875,-0.23478305602634206,-0.14670567971616671,-0.07616790723213535,-0.11963643425424575,0.07366445950333711,0.01610091152496902,0.07244419509003361,0.008175801024538432,0.17172616324756965,0.14582699203927385,0.23836389663915353,0.3098694823445565,0.13681569042701736,0.2281350206796848,0.3483851878802538,0.4578798178127804,0.4899106650099971,0.5543901794198884,0.3432761726832941,0.5351494725165465,0.45459320323988966,0.4480738850302353,0.6249273940045093
-0.42444159557846206,-0.4475163837634255,-0.36306794375714335,-0.44867848733752497,-0.4559595196983151,-0.29186025466646,-0.283672865485987,-0.41990411776197256,-0.3563776876426487,-0.28684845644294216,-0.3299862132128,-0.27396762229615906,-0.29788858442568533,-0.3036171749922921,-0.27500537261998254,-0.3876777335630443,-0.3366027787685994,-0.12957976029724175,-0.20396594089726727,-0.2102010549719083,-0.08097556494207166,-0.03449655565954764,0.05313924440475555,-0.0891967674938404,0.08832928013448388,0.0669284860914907,0.21190350898262258,0.06478548660144322,0.25287984373627875,0.24931827710402438,0.19428890360024512,0.36222003507318684,0.2903321942757438,0.43388544837994675,0.3222899051152318,0.42545788846182014,0.5212500112679619,0.634071304593089,0.6839678756990459,0.6253862069833405,0.42537926972883994,0.7099825430413952
-0.34627314340158744,-0.24159412421676685,-0.39128018548205273,-0.3420153964627676,-0.39539548656702195,-0.4224310452734832,-0.4408035024479684,-0.31517983830211954,-0.30060194771663995,-0.3780355887744136,-0.4713267653090657,-0.19647474816756866,-0.36375107074715185,-0.19401885689936424,-0.1734872372486238,-0.35961373440365885,-0.3370431152266269,-0.0844069885865226,-0.22817083146002268,-0.23787079849387735,-0.04301894888736756,0.010729976935202269,-0.01713828895894804,-0.14861440889337618,0.006533881790820337,0.20397789182362283,-0.04169809568594484,0.02325204873903774,0.029376323777322886,0.15215743197637652,0.19261070766595562,0.22363859465058397,0.49429704584720036,0.33474755533233086,0.4288394934635829,0.402755407175472,0.554891972159764,0.6731177720811305,0.5587873684741108,0.4583033968127626,0.6497427052341063,0.5194184719232435
-0.10132030937041936,-0.08038600636934849,-0.09337466052204697,-0.027171729184370483,-0.06302586428760863,-0.09887024624464576,-0.20431490581070275,-0.044881680415657335,-0.06382910629984817,-0.2050344782283501,-0.15017885157633204,-0.09038395114009758,-0.14756848855933893,-0.17128671124670458,-0.09703449114809688,-0.13558050167326757,-0.16046259566292725,-0.09339383871095842,-0.166092968065092,-0.1550438744269843,-0.11131276235105193,-0.15322587631982257,-0.17595212753640113,-0.18566352459959287,-0.03338145142521254,-0.17958290747440947,-0.16931855621125844,-0.03892722495090094,-0.14868291637069916,-0.026633641121887108,-0.14270035352686816,-0.09791639945043855,-0.08574608071175958,-0.02153953913638304,-0.04958975878875399,-0.19716946863094664,-0.07536823613036026,-0.07343564608333443,-0.03717718015186425,-0.07207071107004996,-0.13461509308294745,-0.20941904327130098
-0.5530280330420758,-0.6639251791346241,-0.6976960018016208,-0.5990432546536579,-0.7283334966193503,-0.7148201826388013,-0.6444059025585112,-0.6216382360918933,-0.5676074516619266,-0.6931141024176964,-0.7852844247090297,-0.629065288051751,-0.5761245206675422,-0.6670744765994492,-0.7663846343838937,-0.7759388314611257,-0.602153012523898,-0.683890273091767,-0.5494612484475133,-0.5864726582088677,-0.5522290415700934,-0.5154116229175852,-0.5203182297274089,-0.6066208508310648,-0.6402603552835319,-0.39481888265627246,-0.5414851596446589,-0.48287693645736446,-0.5332959102551105,-0.5370471144151516,-0.4347495871120566,-0.5056505347825796,-0.4036788362357469,-0.4562992921959218,-0.532800335094906,-0.47347820662049234,-0.4011985244183287,-0.4432758149629385,-0.5131700161292416,-0.4019361225913776,-0.41950146894646373,-0.5203126741435756
-0.567169681432687,-0.6556927533653824,-0.6518072362984126,-0.5745133372315253,-0.7291640161541668,-0.6392537123493923,-0.5484445446561523,-0.5609739791953711,-0.615596607692119,-0.6042111613482919,-0.5859526742904148,-0.7357817945892432,-0.5278171943886567,-0.5613591066847006,-0.689755488279131,-0.5497797750685279,-0.593751365813671,-0.5182714371454308,-0.5935112395948376,-0.5809560898237408,-0.5816970655119414,-0.5690141596167441,-0.6444081524616476,-0.44825949217739014,-0.5027616694365241,-0.5679078968711078,-0.5497329727677235,-0.40620320395460857,-0.5888074355201613,-0.46746391872619103,-0.5766384720196158,-0.4772759554473432,-0.4209426537306542,-0.38574948571849893,-0.5831942155880468,-0.44020152042799476,-0.3963115750128676,-0.47820590319783474,-0.40795106114769014,-0.34719995205683674,-0.36466591081508004,-0.4170074833650414
-0.6185899146140774,-0.8254218532588659,-0.8428328535859168,-0.6763631188005559,-0.8377604740143503,-0.7461365490409612,-0.6859481981863728,-0.736279795211613,-0.505867595752817,-0.6347433075303514,-0.5477447233524673,-0.7263519671225958,-0.6121658543665738,-0.6587781775276298,-0.6909369549962333,-0.6183307335326979,-0.6735173903568266,-0.6180414160768973,-0.5034218459780156,-0.5088182238955752,-0.5888452285767305,-0.5480255628188979,-0.566577061863149,-0.46052174793539713,-0.4585338033386923,-0.5605512347740061,-0.4751525087947683,-0.5063363878078091,-0.5896432995181841,-0.49367087337646537,-0.4127250590420821,-0.5980627432622825,-0.4669919994527581,-0.39372685049189676,-0.5494795595453595,-0.5991562699440672,-0.4730821130107867,-0.4815514173902515,-0.537835683475618,-0.4883221489093928,-0.41767746711859255,-0.41870246845054776
-0.8020302965019014,-0.5768611127815635,-0.6782997194064603,-0.7238403244245308,-0.7004011916712217,-0.7697582826652098,-0.7022214936448469,-0.6442194480878409,-0.6439480505086896,-0.6468485617134079,-0.8199166303079717,-0.6574771418675578,-0.8367967706452171,-0.7420344668886201,-0.6321556175695513,-0.6388813556557524,-0.577520594353855,-0.537490936729391,-0.6440841305027768,-0.4981454127048874,-0.5888646480130099,-0.5160766357330028,-0.5939206854958593,-0.6617907350951179,-0.5100860851101678,-0.5238641273545825,-0.558554175454676,-0.48037152897806507,-0.5325282791220102,-0.4019232640634296,-0.46345515274754456,-0.5403068261269047,-0.49089464723538195,-0.5087644630004579,-0.48302383943742755,-0.4176243528985908,-0.39254551969674983,-0.5434002224208143,-0.5748379768649348,-0.4743489659757472,-0.45431703317979544,-0.437968764664527
-0.7755013006152488,-0.6498216411686097,-0.7028289785116039,-0.5909190332616002,-0.6040122431209657,-0.5941378500878554,-0.7692879962010162,-0.6569542836457254,-0.6794111069104506,-0.6358031322024829,-0.5693931286486578,-0.6284153703057382,-0.5809224934110062,-0.6915334836641013,-0.6712717382917068,-0.5944079272813223,-0.6880073757420955,-0.5742530218656418,-0.5854804025006641,-0.5486799355986558,-0.6416352811620061,-0.5346818269589951,-0.6416772853935293,-0.5173800659310742,-0.5663335612006597,-0.5577276328430233,-0.5863176964985048,-0.5310945064129157,-0.4641263690590116,-0.5897666485932411,-0.5827797582740877,-0.582623235671314,-0.5282262624961258,-0.4807808931740779,-0.4361727905047961,-0.5543939178680709,-0.5840435671589561,-0.48446234413921435,-0.43067258704944883,-0.581465621986756,-0.4936759221236886,-0.41108121496817895
-0.23629134843838867,-0.17671162199291304,-0.15400751772808205,-0.21438083013864703,-0.227193946741491,-0.22903049439022372,-0.21840206234464662,-0.09460449031184134,-0.2340290348315153,-0.18237598729473628,-0.22192026539399148,-0.1674477524587667,-0.22469620971979645,-0.26910095987319554,-0.09163225307070925,-0.1992039217227775,-0.09457063257382949,-0.12114088498255936,-0.23385080998025762,-0.2417724484479739,-0.09648237009178617,-0.2321628257669886,-0.1474521299957393,-0.23362035888043486,-0.15816757138111145,-0.1755168152489669,-0.17321530041665636,-0.17576394188653297,-0.215734646471043,-0.14577717471633084,-0.13940693017059044,-0.20771924745680395,-0.16169243517179102,-0.19632964177225623,-0.24730063831061277,-0.17848624828075896,-0.12294236404219522,-0.1643219200589049,-0.07781445165606768,-0.14812441519825756,-0.07829487819968592,-0.12263308512126177
-0.9199351693861089,-0.7512039379386731,-0.8596248248116592,-0.8774448375206696,-0.9062563040561693,-0.8478005660435137,-0.8245069098707337,-0.6963889420109156,-0.5959911524699222,-0.2592305805028362,-0.27791902870257373,-0.15858996582922966,0.1441972662262091,0.05154438124650632,0.26206140054405525,0.4056770901051187,0.5106016610885188,0.5528623860075987,0.6141150666649864,0.5287495504011896,0.6077126795024337,0.7765843111223114,0.6088926490008396,0.5686859596222796,0.5509867390719951,0.46243197005334336,0.5417728493953855,0.4439798319253455,0.5301769845522257,0.27767652756635364,0.28013354784420225,0.272609101683784,0.17948986408352577,0.11348684087229322,0.05451245408042572,-0.0005328605963799188,-0.026519197743319883,-0.04342849400334984,-0.13531919661907305,-0.0990378867602501,-0.12545675712670676,-0.1301082807416354
-0.9095451420236442,-0.9392276803853404,-1.0746139446373586,-0.8894464612119096,-0.9566026770542315,-0.7830911680383267,-0.6130658919281361,-0.6791621753288622,-0.44986493403026967,-0.5654169994762775,-0.39407272652985903,0.004296976900078365,-0.14536510466104158,0.32114119904640087,0.31993800649730236,0.49926184802199886,0.5394876134580335,0.5328544697501143,0.511410903094847,0.6747999987389046,0.7825799858172591,0.6738235136567443,0.6159643019866177,0.717572284036698,0.5708534599963743,0.589260040093025,0.4834449123712914,0.46053395269384223,0.45801716591778724,0.3486444884016956,0.4420281633865164,0.2792680182872632,0.269046765152673,0.16669347441816842,0.1343838691061911,0.015933409807993244,0.06490878717358338,-0.0396100487003478,-0.05913488036962431,-0.12701892223647512,-0.09523774586085555,-0.24821679663942686
-0.8295048902841209,-0.8552593987302194,-0.8422035605053213,-0.9288751595555732,-0.8725594902881356,-0.8078067576691308,-0.8081793172586973,-0.7683029365166553,-0.47937531926539034,-0.5429686012029463,-0.20875384249632012,-0.1098472526126104,-0.14722455516981664,0.09553872168324302,0.15431091747479833,0.26344526975134486,0.43686047859233507,0.5355792006492267,0.6936169822876793,0.6940658390625987,0.7420761374441606,0.7851841146396475,0.6528260472434337,0.6439586320712704,0.6388150788074816,0.6458702287231912,0.4705330140167429,0.5691212508987974,0.4419314103371924,0.3604787091253638,0.31220293852835596,0.26415594313820007,0.23220278090002272,0.2577676891153041,0.08523106210395506,0.1029079919749476,0.004720536727671623,-0.04767271639831072,-0.07179517168178855,-0.06260565444743207,-0.13087629452035024,-0.11018859067998064
-0.770308906547966,-0.825360591528911,-0.9126054373413678,-0.9998268872681414,-0.9293376737203953,-0.7841294036167693,-0.7289403633296434,-0.8413398294956009,-0.535962437475344,-0.2793757468645966,-0.14266614447912448,-0.20045532796231846,-0.14034236629563215,-0.03179053798426221,0.10422098286536984,0.46262708018075455,0.5131332340228032,0.668433435402684,0.7446968883053984,0.6855131467212989,0.5902686146571154,0.7132559233346882,0.6377163178473294,0.6095804407901249,0.6730410600285736,0.5616374718214493,0.654427888266004,0.5186817536776047,0.44505488653579217,0.5230077889253688,0.3266951701860094,0.26957628376095133,0.1982312569183158,0.12797123930237875,0.1527673400073895,0.01691146281928881,-0.043638298178823046,0.004406243069629508,-0.1312340568411466,-0.10957677571797872,-0.17573708800523996,-0.17139349459279077
-0.888664802940965,-0.9373955910926985,-1.1022389071862253,-0.956766638279358,-0.94191896370589,-0.6607332005176753,-0.844308002977213,-0.4894648176363838,-0.7241388402942152,-0.36176700779523846,-0.3318744154358984,-0.033246524520363065,0.12434613582754243,0.15839995855520217,0.20647726458609708,0.2689415004489098,0.6432945279946926,0.569550024669668,0.4925047761576051,0.8052735011123525,0.8110947002498426,0.7827787817013133,0.6192424834572317,0.6223966502347262,0.5973762627804462,0.7266486319036335,0.5588885033004289,0.5719717426293248,0.41711194280972336,0.4426934379574502,0.4052786690739415,0.29397228558652044,0.24280624271830595,0.169819208453772,0.11491709806588786,0.0714208146911023,-0.009898616640782733,-0.07184243836151083,-0.031137673201835803,-0.2066387485216055,-0.16969093563466014,-0.19344015855390306
-0.7891907282691848,-0.8525242324493967,-0.9242476649263334,-0.8935872593554766,-0.9037252609263651,-0.9804550378412495,-0.6687141926775926,-0.7686570236614567,-0.6978760766918292,-0.5745837353091442,-0.3037608596875692,0.0007809154310861202,0.0026039060445886423,0.24367081098409835,0.1048944671548679,0.4927942410504672,0.548631630949409,0.5342245367455718,0.613564896495563,0.6874919224856721,0.6775085475649765,0.5548317920124947,0.6285551727729504,0.6144499292438593,0.6350230176829853,0.5596950447576868,0.45612708662338985,0.5526932480394812,0.47457736126579697,0.4547948732044866,0.3003771758828574,0.256917571189361,0.3234098007037475,0.2387593688083481,0.19741117638879865,0.06119318615537238,-0.06871466626624016,-0.100512915800157,-0.06701942530843785,-0.12809163522639413,-0.19832641291038253,-0.25947170416475007
-0.9124047540884656,-1.011420375287635,-0.9116814291038297,-0.8097499877111507,-0.8766627660650614,-0.8052059917945128,-0.6774267553701161,-0.5441627579919177,-0.6943912799489866,-0.43203056462056993,-0.3621753191584239,-0.24394702789601475,0.1642989707940576,0.20058682707201395,0.4145431936337641,0.3578593967050003,0.5526940454230463,0.6762080269654982,0.6583204461946296,0.7456775139929431,0.7514805525195274,0.8145174403941352,0.6569559911219232,0.6883641053903841,0.7459620721482508,0.7270225513613311,0.5325723519130462,0.626686662368485,0.3968193092530143,0.3996536249092312,0.2773865889034363,0.3340079167366363,0.2375696891712898,0.18148802535707353,0.1573039746062258,0.07976097056815021,-0.019655666667947953,-0.06018679426740013,-0.057044569108309934,-0.14469391717983093,-0.1505257564115047,-0.1490992226342092
