gfs-wave-data.json
{"header": {"parameterCategory":2,"parameterNumber":3,"dx":2.5,"dy":2.5,"nx":144,"ny":73,"la1":90.0,"la2":-90.0,"lo1":0.0,"lo2":357.5}, "data":
[rows 38 to 56 of 73, columns 42 to 83 of 144]
-0.3225889911653136,-0.37034138789013116,-0.17845785095022101,-0.1405795202775507,-0.17986727675320732,-0.06750939048641502,-0.00745027228854988,0.027055063417557347,0.052183598302453504,0.165862977384938,0.10945123733995271,0.1616945028354464,0.17714454589578557,0.22036833011036877,0.27209130598804093,0.2216985960050945,0.35828416003162905,0.29925232619562997,0.31625343699842706,0.24507229212633627,0.4101025139117154,0.34553131283364474,0.3926217050840484,0.28141807098928845,0.28552955305040295,0.39948007240504396,0.20991739988903732,0.2677597445506321,0.2637283433993224,0.1875646270231609,0.08320628835707301,-0.13564735339492417,-0.09231460665077164,-0.3242716392123419,-0.47064637798371667,-0.6196941510937903,-0.7174498026631384,-0.6790048339290108,-0.6869196866752613,-0.6945040867350802,-0.9572093152292559,-0.8988799023115963
-0.3682966362287914,-0.25936580572482293,-0.14119256459895427,-0.20143402446454978,-0.09613257011487804,-0.09255669838012176,-0.051069730641422735,0.1038921372029343,0.14288312901971909,0.13812189170630443,0.12766984672983908,0.1111947761023713,0.21164268710902492,0.20330608928405028,0.32113547951152804,0.30315052083985555,0.3257152611917487,0.29772228401668943,0.35899835834421695,0.3090468281057559,0.3943322362018015,0.33064313329370926,0.3442780015883469,0.3747361474092401,0.4432545358911051,0.2812588256788636,0.3178836458652407,0.15285877075132612,0.0813213929126117,0.14467549459311363,-0.09166314269898285,-0.020424195836348046,-0.081554923498312,-0.2267707326150825,-0.44149919230795787,-0.6572938660926081,-0.7235044482455404,-0.5960223078409156,-0.7271444741633039,-0.8087073064530406,-0.7576855836386424,-0.9617990335539021
-0.2556823340645023,-0.2516158697096432,-0.19742497275727564,-0.2557672355145507,-0.13066676715795722,-0.06699636936665133,0.06505492153741047,0.07249719621389367,0.08920895679154088,0.12121180633330954,0.188409481317097,0.15571603497379347,0.16552072987038605,0.2098605878923867,0.2306407485479399,0.20429951208457547,0.2236334411630252,0.29047697043869364,0.2982193260246188,0.4227325088461349,0.36599942804031504,0.3471878896780006,0.4160834872598372,0.2872114658285424,0.24987670502022716,0.2902494384288945,0.2982925332180393,0.23337088377551468,0.2274490793296778,0.10152429520185592,0.04035989022141714,-0.16038307322066456,-0.2916436314067613,-0.2793144368199303,-0.4601325600155335,-0.46818522924921013,-0.654769771367022,-0.6148846492431024,-0.7798545386912047,-0.7603752600000131,-0.8608008174872894,-0.757265310043642
-0.28549673789117697,-0.3449124809547307,-0.22370087435462374,-0.21058379128423552,-0.04853124673284554,-0.05095507476751413,-0.016989772539197267,0.09499400947056834,0.08410762985914985,0.142102755862849,0.14220944521866355,0.11690481839264907,0.1456728606594871,0.284836320252939,0.23779277466526685,0.32605675095749803,0.20359221160632515,0.2372578439246398,0.26429773764158004,0.22018931792371388,0.22166243750515946,0.394359758725678,0.3125803948486065,0.39849062166680016,0.3425669846590966,0.24008307843160948,0.32558624112518986,0.25245580882901825,0.2412451127100201,-0.015852929524505694,0.004242370349713208,-0.2290790490644317,-0.20199354437043276,-0.28915405546246326,-0.4288987132313715,-0.5754895199359494,-0.503139970073989,-0.7131695365290593,-0.6901077901542769,-0.8120641387261732,-0.9046282540634665,-0.7391277744907907
-0.2595126368840165,-0.2175233750550017,-0.19648902948369734,-0.2702626702250726,-0.19415781919873443,-0.228009028958899,-0.10480666409062085,-0.25813977166222724,-0.20452418502993125,-0.22955770640812792,-0.20229699918063004,-0.07554350888070235,-0.11371478803749889,-0.12991229686252578,-0.18555554120430887,-0.26684712277552847,-0.22477250515570704,-0.15061506203692884,-0.21749143936681611,-0.26416888797143523,-0.22651625043141496,-0.11388742724857877,-0.24524965756496478,-0.18217989100843157,-0.2086197847656089,-0.27470587137414326,-0.16966372758264192,-0.08233075836562481,-0.22357702329916232,-0.1059582306268372,-0.21627788220270566,-0.13713156136927027,-0.11643824042138509,-0.10333316316088992,-0.16379353336223285,-0.14639547830343527,-0.08369420298928631,-0.25692234649688195,-0.20631617809260416,-0.08298037170572847,-0.24827876396796272,-0.08460319458895496
0.8918887334696696,0.791257918570184,0.6203496780041824,0.8238976669585558,0.7595558855447762,0.670731501675429,0.7324482768811384,0.6463585181512689,0.611723998716598,0.7113774179620777,0.6630600567736686,0.4820918695160543,0.5122104686266573,0.4503656851110643,0.6673599077971295,0.5621975918668778,0.515215906098819,0.45133426935635945,0.39369413458698144,0.4781536291991423,0.38692318725625324,0.4208418582634314,0.49930029010058863,0.4689019983745788,0.36935007634348804,0.41196219696275654,0.4388354966853848,0.282030327352149,0.44423255661986444,0.4188501086527271,0.41039132504644343,0.5698518404546001,0.6031805229279975,0.5909867686137648,0.52414473415244,0.6160338101930954,0.621128873261258,0.5752693882593433,0.3214858389675551,0.3439156911682978,0.2850522377702575,0.5490951790321558
0.7693520351911016,0.7920788940944032,0.7140955121466066,0.7089281592071075,0.7336218747235325,0.6486414836186077,0.6621706348277395,0.6163061626925045,0.6844748229390994,0.6940564590304185,0.429625877317371,0.6081795012455442,0.48774646379920933,0.4835922592529447,0.4132727031426584,0.5015329768334964,0.4101729574872684,0.5054035912868916,0.434444094829962,0.3640679195170909,0.42323539611434385,0.3453025921153661,0.4174402988608295,0.30226984371211557,0.37902148174383926,0.4620732312025086,0.3076325254773041,0.43002127925626965,0.3731613784428943,0.2930338600709461,0.24189455653127706,0.6248709302026482,0.6855966938567268,0.5553559889555786,0.6140633528171415,0.3804146917358918,0.4267061728884545,0.48387116163177346,0.4619440028503132,0.26262957026510936,0.4539835014081337,0.32346342597351463
0.638685869219432,0.7012707124426746,0.6580297065375329,0.621136067376223,0.6686031983377523,0.6524459629150318,0.6668970162200134,0.5551362204817636,0.5833004314606073,0.6345562743676831,0.6389352949303264,0.587738743461727,0.6117610283893482,0.5084522567124108,0.4491897059782894,0.4813975820647234,0.4864097694235008,0.4298986863564564,0.44209757220540685,0.42994566748789775,0.3856239132854358,0.3814909094371187,0.397168533235015,0.4141444875103,0.5252608902927103,0.332024883079137,0.2698645821199568,0.35665263044615503,0.3114127116978145,0.270886310379148,0.4319781873234447,0.5471647507488988,0.5219667244964733,0.45295065253696737,0.40356955805448397,0.5695122403470576,0.2914293439069212,0.28903846045971443,0.4244050616416315,0.269639695331399,0.46037831677065116,0.34001700138148155
0.7391929494457405,0.6897260018520567,0.5657179896772416,0.735400205951415,0.621122055846945,0.7401110678289637,0.5139418790601425,0.5590245374735454,0.502768524767097,0.6506414556550528,0.5399827198574062,0.648673441272882,0.5275452024364141,0.5821489218145557,0.5281810736104324,0.4945937169503528,0.47975540173968945,0.4028593843595145,0.4957138476159797,0.40469818962983733,0.36047870685534034,0.4881934454731409,0.43662962458747295,0.2934787196144099,0.31682958347642487,0.36688278072620395,0.4572154419896417,0.21392807833959776,0.3680458062082717,0.26022382272288536,0.270281365001297,0.7161083329741297,0.3679319211985615,0.5152874347333162,0.5528234657214912,0.49981457905921634,0.643486556450067,0.3895500270102626,0.3283247828102715,0.5638533935315538,0.21843769387188983,0.20633419107876083
0.8385170658448033,0.7577285876017665,0.6438359519676442,0.7979100345401771,0.6231049490886593,0.7153446612618753,0.7057529468957471,0.6599142176018122,0.5720810155100616,0.607232204567484,0.7003941402889711,0.47497326627518704,0.606910776969263,0.4067010091536442,0.6073748690371956,0.4046936861147481,0.4470882098269905,0.5801974894656635,0.38643118792247505,0.5363995714682315,0.5516557083954213,0.35294432333370523,0.4344908696091095,0.41071382041433246,0.4133429703877208,0.2725859870126663,0.2535563430036346,0.31479072590648893,0.24561652745257428,0.22355535655232747,0.3436265494881072,0.6517980596564217,0.3498130611328571,0.5692195514776488,0.2997169859090506,0.32972184629459617,0.5887801938876241,0.6065350064542578,0.3839539314945179,0.536878068211961,0.47511442504867474,0.2745363644104748
-0.20334673417309174,-0.12901129166609543,-0.13805522075885052,-0.1988784569008594,-0.17746184193943684,-0.06781367864468701,-0.14539676356581893,-0.0793653981652066,-0.18846522727355577,-0.04728963378871306,-0.06742807809322143,-0.03959465368812514,-0.19634210537667698,-0.17774232820059235,-0.11545911166802461,-0.04539139352454936,-0.11945450064780441,-0.11015136132980742,-0.16428509076768896,-0.027105750782949724,-0.07588947249234729,-0.037010920320747064,-0.10802735401502085,-0.1570824374735772,-0.16973721756999974,-0.05145088854793517,-0.1747275735043964,-0.11950761647900257,-0.17732512759860508,-0.13551013189710523,-0.05622894111547091,-0.11727891198674537,-0.17914512034586785,-0.11612494446925171,-0.1789861259178401,-0.055461942262832874,-0.0775746948139527,-0.1393961690999058,-0.08914462006581138,-0.030735816123689603,-0.04705392729743083,-0.146925351300401
0.22086190437385286,0.2545420379098766,0.20585478290386014,0.3433257287995345,0.34564052544924423,0.33409699756372224,0.23626720836483742,0.3640693087482243,0.4826563370466121,0.36249176317929915,0.3397548784841626,0.38045263573057747,0.2787582659427361,0.2706456619613612,0.39233961103284176,0.46496207861737715,0.40458220509586545,0.2583229957731774,0.4156371715078844,0.3109214499360553,0.46102160962929134,0.379410230860882,0.37859083269015353,0.4128270433849936,0.30999442319562437,0.19822377042025877,0.27525794665329817,0.11668024019367454,0.21011131128230057,0.15432256363944458,0.14699014115102707,-0.19314305812951904,-0.1435100435887872,-0.18633650674403024,-0.20868331984956695,-0.08405520882361961,-0.377311135740181,-0.44513002836532084,-0.4086418099307224,-0.48654874631574785,-0.31809497050748126,-0.3773269160210715
0.07616824462847473,0.2880373094634601,0.19403267559148973,0.19965667905418436,0.3100000765854741,0.18084642829647568,0.3140680360232809,0.2782845036420169,0.29625562551966056,0.43098962518552925,0.3452509220567427,0.2637072149669294,0.4149650533470515,0.433516825193248,0.42705153381086075,0.2587180209490226,0.3552664210574511,0.3516217746613434,0.3835884558584785,0.3220425557589276,0.3311540049078599,0.29035055652423686,0.4155520940389743,0.19588826521911476,0.09457499893346832,0.07603771004466942,0.31341758791705104,0.06790653477284207,0.2420169087243736,0.04747057647337659,0.08487032671851871,0.10841593084166715,-0.18251437484546246,-0.17900062397679412,-0.056683312689859953,-0.23387656931673065,-0.09796618887427803,-0.3693753338232564,-0.3134694992627067,-0.24062854376452888,-0.30214340280123486,-0.4449564952038475
0.27167607811315675,0.14722602327850098,0.12750210110972676,0.2827313506994256,0.20084301783984207,0.22618974235695277,0.19684042447044323,0.332145750017311,0.2577095012390617,0.44002876282035,0.3626318546505052,0.43942036176933863,0.3910408548877558,0.4530616718942749,0.4036865953631267,0.3680719736532505,0.40319158848195824,0.27864783909809715,0.48035721666820286,0.2390363418009634,0.31393853731465404,0.3427355394046168,0.3393921474207873,0.34542634743052086,0.298584513505512,0.08787311131826751,0.0395844164256252,0.11127117416682103,-0.017372101697482524,-0.07757371444671021,-0.01034746523027489,-0.18102622167387586,-0.006955311625182769,-0.14926437542576002,-0.059852000547460864,-0.269471977662639,-0.1686703169489326,-0.2543042132601679,-0.23171261921790956,-0.17468993976990044,-0.37215760008263893,-0.23621589385697245
-0.0962891436249706,-0.14557197665471114,-0.08822764710188755,-0.09987295182311244,-0.005336738534431411,-0.040499117571666125,-0.18630757988592667,-0.08530923420289739,-0.0777748003331787,-0.15118110754652722,-0.04946881868628292,-0.10562915550807392,-0.05847199300434324,-0.06891537718889716,-0.0850561157191388,-0.014700723039922878,-0.1928616966769307,-0.17535576576248532,-0.021568759510721843,-0.09115164023708805,-0.058004722270358335,-0.04530456008685318,-0.09747918681592661,-0.09677234076692436,-0.10116985795057468,-0.025089352030226185,-0.06393728222069325,-0.11093724434541492,-0.16395962838521028,-0.127560338277924,-0.10337655427127199,-0.046318472725409905,-0.03436729867852526,-0.15098325279012303,-0.1321414276271255,-0.18243071540580508,-0.07059541141799018,-0.17485307498312402,-0.0026629868628688636,-0.17749484904835078,-0.18227114211085704,-0.020993745615392138
0.8323303529186534,0.9417821637207853,0.6554686849853932,0.511239149844126,0.7018057725164327,0.8354659513744875,1.3959538424463653,1.1180210907782708,1.1760222200855288,0.8990457308637316,1.4852776669889205,1.0400015503402904,0.8395565365559087,1.5191791160585166,1.4081500785327663,1.4256634511564488,0.8835141003564112,0.9938095781510725,1.2301007985662462,0.8478623575803027,0.9321943384344816,0.9934798389727646,0.3412151278010468,0.7273266202159413,0.8264438788640085,0.7287608434517969,0.4942442111922524,0.4152996641850874,0.2630205372660746,-0.13516305892352148,0.08219704302671607,-0.20491265584773025,0.0911816242894218,-0.0016936165923321176,-0.5302840780463708,-0.3781435338305689,-0.19710498415799582,-0.7073594314556559,-0.6580701025605081,-0.3955894500976839,-0.550756950836995,-0.553540336776418
0.23862787697706025,0.5127744810734052,0.6424125453009568,0.7658607689556698,0.6103580746927932,1.3909155587835473,0.8467490559342723,1.4173928702856313,1.0647647557696733,0.8023954758552592,1.4511828246143985,1.0881164613802923,1.2583833434177898,1.4889369911439025,1.4635315125415806,1.274074054703862,1.2682550474034127,1.0296723711202824,0.8989370147685403,0.5757497223428286,0.6772622245422182,0.993455918201953,0.8973191603175329,0.8826766012942295,0.4935472110679603,0.17057038555991116,0.2482818355173074,0.3782820079130647,0.2011005443618943,0.16163380531655833,-0.27913861081873514,-0.1417983692922076,-0.1623650297731403,0.0592214861546263,-0.2668235098707311,-0.5865036099310992,-0.6126155516599393,-0.6319925009897824,-0.38149086495844475,-0.3347923211615532,-0.6647845419147093,-0.842716979127148
0.5339820123887219,0.8742667086197101,0.5083214784317069,0.7691762428705282,0.5957770496090217,1.3663674566016297,1.3442014905051543,0.8390812160715222,1.3307465517962234,0.9164828895826576,1.28719430102002,1.3285751823521272,1.4751841475186747,1.295137060575273,1.3472173943653183,1.2535636343934475,0.8369090313663146,1.3313155353406974,1.1395056418893545,0.9835043725471393,0.7306894255897243,1.022386103322579,0.6031673862969787,0.4444235700761524,0.6594600936369538,0.33371583064003413,0.3938054270290813,-0.015747040166818244,0.3025602971332898,0.08660074050269216,0.16453638898444273,-0.3844746342224878,-0.2903075841998626,-0.3313578043605225,-0.3549226054494017,-0.16738418076977168,-0.4569181757965452,-0.5635379418799021,-0.5576274717585824,-0.5369178894493415,-0.6529810487845605,-0.7858626920957861
0.6057928028021923,1.0518854837384035,1.1188393432259995,1.120926335406963,0.6872835076802427,0.6912682125751749,1.4910018988260458,0.8251724962054952,1.026128059487781,1.2246463654738304,1.360561155851419,1.0833172372553428,1.1362184747114097,1.0025405657618485,1.208127620136376,1.2918500805393422,1.076252552755167,1.2753827845561196,0.6689766988222413,1.2382541812693024,0.5939762621290989,0.7825733886653663,0.795068752009867,0.3961082962058865,0.24446782112361745,0.2564142547935827,0.2823595872615203,-0.02968125690275325,0.32254474044198866,0.11347306347662316,-0.06723297235743125,-0.13507590338635175,-0.4480396636156798,-0.39947366521454464,-0.3184701342982144,-0.45958777217220703,-0.6361295605394279,-0.6900369070314659,-0.3225622196659151,-0.8355987529041753,-0.3448055108562941,-0.6462176690742525
