gfs-wave-data.json
{"header": {"parameterCategory":2,"parameterNumber":3,"dx":2.5,"dy":2.5,"nx":144,"ny":73,"la1":90.0,"la2":-90.0,"lo1":0.0,"lo2":357.5}, "data":
[rows 19 to 37 of 73, columns 84 to 125 of 144]
-0.42934394620654953,-0.4425719867317243,-0.4447464518303853,-0.421857967166903,-0.3583587329006083,-0.3646644466928607,-0.437026566243113,-0.34309985431302,-0.34002560275817356,-0.46593741297846214,-0.35447672011404074,-0.32965779089217223,-0.3632027053350299,-0.40993277101027464,-0.3818469163765839,-0.33950975515628734,-0.3011338759232277,-0.3929647260820277,-0.33279902216339957,-0.3446045695490701,-0.318743406515056,-0.4278347995648367,-0.34692900102290747,-0.4498719236801531,-0.4670028789482986,-0.47824187027623793,-0.3491513551221745,-0.30289705124221056,-0.42906741867423503,-0.39913234258244173,-0.44302981368367095,-0.31793632950337336,-0.4159598036768553,-0.38638401072534095,-0.3544695269084229,-0.36703295267594743,-0.4702854345703478,-0.3424991118259227,-0.2743794538649535,-0.5110079150565593,-0.06699137892144226,-0.27360951197899486
-0.45217780676485464,-0.4125634058173398,-0.4070490717218482,-0.34104255248664245,-0.4467623192230724,-0.3497588687181186,-0.4528006583810705,-0.3254950382866142,-0.31065092888970325,-0.432408880951184,-0.4289148999642972,-0.31401510870503924,-0.4559539633287935,-0.34557481350515934,-0.3211124221557198,-0.30001953745161536,-0.4772761257238246,-0.4044901742598448,-0.33650413005584334,-0.44578609423262133,-0.31830826858765526,-0.421487801400919,-0.40155520430982783,-0.46793917949312497,-0.4235601893288565,-0.48682225145643815,-0.4370190699387832,-0.3281550587082505,-0.481851234861872,-0.3388017310213441,-0.4699639544603986,-0.2936495230878329,-0.3915349415087678,-0.29997976759541956,-0.4503130951775484,-0.3084056953149093,-0.3184156272860807,-0.44426173319670015,-0.43441717271272823,-0.38087296495751943,-0.3849922285057283,-0.3722449345013543
-0.585622043557748,-0.47270394429624435,-0.49213937532889845,-0.5975719486457003,-0.5448692336415083,-0.38149475748829864,-0.5389552187004039,-0.5674504873227287,-0.41787874095342625,-0.4187895971159983,-0.5863260590055432,-0.5414643439663996,-0.5584612193395939,-0.5361919929263962,-0.43644475219010703,-0.4793921855661473,-0.46599747219903875,-0.445640047849667,-0.3430322474556032,-0.23464125508596406,-0.044597842071640297,-0.030998403005934982,-0.2560412830285635,-0.034087233323329365,0.19706808794766292,-0.11645277328505903,0.023264067436293605,0.3307271940731998,0.26255117187306654,0.11489949982990039,0.1238132404062505,0.17234498864799105,0.46778291947971834,0.3969859447405976,0.44340047175600655,0.5415279845467679,0.5926500269337229,0.8105102406883739,0.5294507138586609,0.8503125795580888,0.841415614225605,0.7320669063925349
-0.5178696529392152,-0.457344340382345,-0.570602333513905,-0.47026898447792503,-0.40467641892876893,-0.4103679300176874,-0.6042550414627579,-0.5965010498723959,-0.5330785747251312,-0.558484247552859,-0.3891104481696044,-0.3767923554739918,-0.594854374577297,-0.27299219012894405,-0.3464883520985976,-0.4334584560809899,-0.3467098933839692,-0.3607973235102879,-0.11866831635678679,-0.2057822260200487,-0.32454435084210476,-0.2969812648689987,-0.26122376131649944,0.07819069462731089,0.1031053644631749,0.2073914011543904,0.12331932339211987,0.2854960973340968,0.3681330627513202,0.18327141845841188,0.318972521902773,0.41870464487273057,0.2711819534466292,0.47168315396031607,0.5994843059706808,0.7958353958366442,0.6016939173824049,0.7189723731314196,0.8607802950407479,0.80521864816527,0.5148310338886106,1.0034281380744925
-0.6275792598576417,-0.3851258852249784,-0.6601235350723732,-0.43493820794307037,-0.6212559604078033,-0.33577794803823174,-0.4790827819589371,-0.599589229995533,-0.3398502080714804,-0.4306936966083787,-0.41180724023379084,-0.45025325049924075,-0.44356767855035506,-0.2916578898549512,-0.3408035713276528,-0.2700332734580112,-0.23831685461101199,-0.19081532343061883,-0.22247699957266415,-0.10805673003145529,-0.0569907875329175,-0.17114209117848161,-0.07395955003176477,-0.16642394906224445,-0.02830461356969797,0.04324854393830863,0.051458971171449756,0.17202411008761664,0.22622976396296698,0.2868261371236942,0.10468948435946668,0.5388125990492304,0.41501155407463114,0.49715274356399725,0.47928460355089875,0.7843795631837412,0.3845884348722761,0.752414841286094,0.8556129745397818,0.7706732115615822,0.8295923109425603,0.5551184495312139
-0.4408688942918881,-0.444624247675563,-0.3606883552426837,-0.4197282780586962,-0.3145941809726007,-0.3765579775745865,-0.39686219439109094,-0.30747417848602915,-0.4944758172846518,-0.4830767056630767,-0.33137390485115154,-0.37096728255466294,-0.3570127205804085,-0.32996507080722065,-0.3272268728680069,-0.43628490887359433,-0.36808996694304286,-0.31061251451137234,-0.3442769237889947,-0.35611892593701494,-0.3705974253129954,-0.4198570268102076,-0.4896371281770251,-0.4511232290210504,-0.3229382173615906,-0.34001787668339756,-0.36263275985368976,-0.3145279506502888,-0.4241919533853397,-0.454955894150347,-0.34344955143057465,-0.33145999935352516,-0.44544205213206906,-0.30344111138233676,-0.39278958684470194,-0.36313637294551643,-0.3845297101372505,-0.3287237140455841,-0.36561350328640974,-0.4916704249607485,-0.45478243835200655,-0.3772882436405719
-0.7038140558227991,-0.9571024528131047,-1.0138452882771647,-0.7837985911531119,-1.0025713837280894,-0.8433812163609047,-0.8356338368184697,-0.8002016239192185,-0.9321546767248966,-0.7063655249109624,-0.8167808730797136,-0.8707280451064229,-0.964471301609635,-0.8382304331937841,-0.7978316618791692,-0.9295766721286541,-0.7854892700978875,-0.8505079921181741,-0.8392268374499181,-0.7427640634519691,-0.7089052435917752,-0.7092478623679422,-0.6100989514836431,-0.8280874015089535,-0.632827441940473,-0.6764734162410266,-0.7330560266188149,-0.786291888139757,-0.7274981821136858,-0.8089529365760569,-0.7920606439313458,-0.860765525128704,-0.652861183850432,-0.6741816651043948,-0.6567812481172326,-0.7274485639839058,-0.6487297421611815,-0.6952019101179826,-0.6226900264830132,-0.7548270627158115,-0.7756498050606458,-0.6601825197619209
-0.7693101809094519,-0.9370164277441877,-0.9842611546729129,-0.8328139446130086,-0.8245869422431275,-0.8065494305719016,-0.9238124465701281,-0.8301813776215056,-0.8895601144189104,-0.8821068620603449,-0.8020591052748276,-0.8877284204133158,-0.6886102495205176,-0.9792581744656619,-0.8119705501572833,-0.8029520264852866,-0.7767782799638143,-0.9115169390949436,-0.863265844618554,-0.7743809845233435,-0.8971869895488468,-0.7296350271478824,-0.7527178188414556,-0.7498049902072446,-0.7935150249926672,-0.6104255390267663,-0.5845688985684283,-0.6685319554937234,-0.5941423543149552,-0.6415550237620506,-0.563007529483007,-0.7388611061047168,-0.7520479712793724,-0.591174090245316,-0.5891628740886592,-0.5360618306191801,-0.5817928737012635,-0.5919089179770707,-0.6607972853490498,-0.704000010838126,-0.7056655507069235,-0.5575659563951152
-0.7222110571282294,-0.8378145975134523,-0.7982253473581874,-0.8722769051852675,-1.0425071757941573,-0.9899636782760293,-0.9457256862855754,-0.7744472152351638,-0.766091670383734,-0.9270021411664447,-0.7388008068272116,-0.936820271341886,-0.9025824564452763,-0.6656300669285822,-0.8185620032104821,-0.8270730223050965,-0.8922929180758862,-0.7335770219701577,-0.8740819943185176,-0.7811523877628971,-0.8289903875452215,-0.7941154766312768,-0.782495505631618,-0.6744863089450691,-0.7204248980141694,-0.7066893247622438,-0.7876276041218021,-0.6891484512444994,-0.7147888984307814,-0.7545044998334826,-0.684289203455129,-0.6648241482407333,-0.712743350877261,-0.7145556340128131,-0.5905893591297477,-0.701719245864988,-0.5975392543234468,-0.6344047025181175,-0.7712536210837153,-0.8219028806855471,-0.6148491296985263,-0.7405120292560984
-0.6823371308750513,-0.8235643371339633,-0.6793373069964451,-0.9740283399884428,-0.9000667357727286,-0.9083025568220421,-0.6889938867185429,-0.8282058693831963,-0.8323127906611326,-0.7645316495210251,-0.7541482627860541,-0.7354031517870592,-0.7968339431157418,-0.6872071269832222,-0.9101531923809411,-0.9312171262027777,-0.7577486209148525,-0.8003155048581418,-0.7993212031573077,-0.7748641500824393,-0.8711021947282037,-0.6871477094054953,-0.9036113626511344,-0.6509951511326943,-0.7052810594987601,-0.712019589035111,-0.7687173667069785,-0.6887711098125942,-0.7304049445711449,-0.6690772434486935,-0.6130234261614158,-0.7087533534563206,-0.6938450996956382,-0.6411473286534405,-0.6637912618274184,-0.7669037514289182,-0.7869921393670154,-0.638262259461593,-0.6764874384123774,-0.6044491561687755,-0.7581036174209106,-0.5658853657497709
-0.978792680314862,-0.93936305606431,-1.0526957808141872,-1.029643748187397,-0.710156358627249,-0.8971066666973029,-0.9980409392984354,-0.7520765214077874,-0.7881480264985158,-0.759708486132003,-0.6526761178121627,-0.6844017192429883,-0.9487998153508352,-0.8561117864625686,-0.7118481095918193,-0.8593664185810153,-0.7840230403042397,-0.7863172750158596,-0.9294881394162888,-0.8662700512476161,-0.7995631359545283,-0.7767867376778614,-0.7270869107199147,-0.9190389886575916,-0.631260748545379,-0.7893125064838515,-0.7294585165965638,-0.7914963768859438,-0.8719323686757996,-0.8203371548369138,-0.6924274497739945,-0.663588921488402,-0.5396086308159971,-0.7270924178042153,-0.6612286525464067,-0.5618893568782306,-0.6081869833419925,-0.5275848962046565,-0.6621594446972947,-0.593343335556714,-0.7475599418888148,-0.578597315232435
-0.3250968099953456,-0.2811661312924263,-0.4614174219159585,-0.28484869933852647,-0.3101762110356543,-0.37334371845461306,-0.287612350445577,-0.3326919125886273,-0.28456780327857545,-0.324836113987833,-0.3778566787010867,-0.2854886931027786,-0.383236837020145,-0.3614221474389542,-0.36437579202533554,-0.2977753062852856,-0.4467127926063677,-0.35085153771721783,-0.4607114507246117,-0.4189947399786407,-0.4622707965761484,-0.304077830464313,-0.4054952713149292,-0.3547101707781068,-0.3956737699067447,-0.3570717522353736,-0.4379720271368401,-0.4375225321055942,-0.38620721206493824,-0.4510903998998062,-0.42851671203237063,-0.35867782547227284,-0.28442295664916284,-0.29925932167897124,-0.4642602488246104,-0.3304723660412232,-0.31091490015706974,-0.4175731982776247,-0.3781657194642934,-0.31850012620158097,-0.3220063922508388,-0.30395231829664704
-1.154940293853294,-1.0619837244029593,-1.0559776832430998,-0.9978081379631427,-0.9911694039434121,-0.8551735514522025,-0.8851267628937876,-0.6804599561446445,-0.4593817929950375,-0.6820071145500451,-0.33397311818305186,0.032751276257734774,-0.19302718072875213,0.18144013445203647,0.24288732135773833,0.3012611433607609,0.4782854379837939,0.5543924592211087,0.5996417200736728,0.7580006729892445,0.9683606276647501,0.8093994047178911,0.8371508339983191,0.8548307131401572,0.6976593275877496,0.6813644896034652,0.5958342156358247,0.5994756936121876,0.5157437416070534,0.5137743733263125,0.4281987397966597,0.35200717993511305,0.37284325247154576,0.23821869700719578,0.17232274003227363,0.005319789791093369,0.04054625139486698,-0.022005827510492862,-0.21014362214082397,-0.1807248093873533,-0.16237672033457612,-0.21805328936684382
-1.0622835101737278,-0.9775812062554365,-1.093055138444962,-1.2030782610324755,-0.9295976733275461,-0.7715409360288381,-0.9973795115064478,-0.6697929578451562,-0.6689897018962774,-0.34879314629816593,-0.46813563696631505,0.009665506681166868,0.09846882364881643,0.07255062692139537,0.2476523928037172,0.44437966813127217,0.7048555181172717,0.7819152374363834,0.636363222587574,0.6196369376243928,0.82643423363133,0.7295135962334944,0.794185433385085,0.6846071350962378,0.8438918129027141,0.6579816683376335,0.7120442486422844,0.5367004554919803,0.5109413249330035,0.5352946750819634,0.44437597601743284,0.403497437901877,0.2729193859862295,0.27206974914024734,0.13250874797888454,0.023020431462932506,-0.05873318684008041,-0.010167970863222799,-0.047187815689567314,-0.17653226689998344,-0.24878306359334573,-0.2020518676216728
-1.012516461382935,-1.0501072803570302,-1.0548046090873489,-0.8906375975764295,-0.9059994852565177,-1.058814100704329,-0.7828200144503344,-0.6161671561065918,-0.8477073580212536,-0.5330771798959547,-0.4586712730299359,-0.24002397918236884,0.08184209012578822,0.13049333413189204,0.1122837005333669,0.5542298045806991,0.6276861394238725,0.6142727886073803,0.7404212263219094,0.687099117208619,0.8524069934369406,0.9286143377908205,0.8242602223111645,0.7572271836382315,0.7938336661423196,0.6615147288413686,0.7048207280792719,0.6008670361303838,0.6107227340632764,0.4440374569952489,0.3506987603639439,0.35710164470193334,0.30768627730784126,0.1297512834914424,0.09840543873315832,0.10825843958060197,-0.04728792405008511,-0.10232478206034362,-0.051091351750969655,-0.1578803985658015,-0.23032014679645801,-0.23450128589057284
-1.0859028970892795,-1.0450030543607058,-0.9105093207077339,-0.8850591348104804,-1.1762612664735133,-0.9646868186504962,-0.9541129739499831,-0.6839385355365177,-0.5947215862802511,-0.5802671057039006,-0.43812869664705834,-0.019776065746843534,-0.04523239298898872,0.29733456823003934,0.16849727845804277,0.5389537160497296,0.6510187932695123,0.582336929454478,0.664439273776483,0.7804069215069653,0.8477832983661766,0.7303283223984759,0.8385311592633485,0.6820193697113429,0.7468729201574843,0.7305341234625008,0.7095842807230885,0.5290449874737876,0.6078537715067637,0.41927905212018474,0.44414186096196484,0.40570633241270937,0.22227678104153498,0.15647720046876598,0.05291678102698703,0.05415438218409749,0.04747142550287561,-0.06624109877255022,-0.18635046660598123,-0.1379961272749873,-0.1493990884847475,-0.2685389061832631
-1.1185613158087633,-1.1141690801947761,-1.0670659671433615,-1.0163161291454743,-1.054757285554742,-0.925381774679218,-0.7987414296751105,-0.757356450608902,-0.4440773845155274,-0.46989971674900965,-0.4294064352159562,-0.2339973029913837,0.11111936518825537,0.08395611446443799,0.4464362328440169,0.5223182726338099,0.6045284561859442,0.6441413772470311,0.7126574260386801,0.6906709095354225,0.7423323967213272,0.769938486210694,0.8165669738096307,0.777926627654241,0.7626494372895848,0.7711329240120492,0.6955370959652916,0.6311774303058183,0.4330027640528611,0.5732936041252858,0.42627274987035907,0.3831051685656482,0.2948100330855318,0.21671376436916148,0.21207060416793164,0.03149189041396454,-0.06495171061841383,-0.04672341490276284,-0.15707725963128993,-0.17273089173871012,-0.21940922910869023,-0.2504178797347306
-1.0616155391269053,-0.988559400995124,-1.0217354172067845,-0.900631088736599,-0.9989585263498828,-0.8296473513796746,-0.7457727763102718,-0.6459214376943696,-0.5787729777999974,-0.3526459886478588,-0.14839871533708898,-0.27254150724597287,0.17260782102639202,-0.027847680243938452,0.19652990637259593,0.589950859869587,0.5983492700322128,0.7237517881597826,0.6965347472735947,0.6707060687933477,0.76701567942363,0.8423889029144765,0.7101704662866948,0.7069663524061213,0.7183984660442652,0.6363322072122339,0.6409895308417887,0.5673023422531821,0.5842103130939964,0.45401176358762857,0.4401212652829647,0.2626423945367353,0.3076766769386528,0.14201744988298073,0.1628950819654318,0.09534810325087076,0.04765007621643043,-0.03364417414886793,-0.15008488637762304,-0.1379720542971373,-0.15120447085795236,-0.242053762642614
-1.1431500511214132,-0.9752191985191041,-1.0682167182775302,-0.9613315592432563,-0.9698673615350395,-0.7861987744280251,-0.8231852395309274,-0.5968236593201514,-0.44458822035883855,-0.33523963692558273,-0.3991518985932243,-0.05020531669023931,0.1358826851519969,0.22877566216391673,0.1301025598230332,0.5487819368566541,0.5477760544745789,0.6620727993166369,0.7583755023309181,0.662155007301574,0.7407356843856864,0.6238663443257407,0.7614304363709458,0.7292661880113256,0.6684384392015988,0.7188401835431831,0.5996132540347237,0.5497437492573831,0.49899624047234425,0.5183889114542618,0.4198483728212103,0.3676816395848543,0.3148335817292973,0.14297295950672562,0.19688289246434476,0.1173203973363899,0.040524228194304936,-0.0836734303442615,-0.1793754492905483,-0.1514214118963049,-0.22284410439762486,-0.3668205761741797
