gfs-wave-data.json
{"header": {"parameterCategory":2,"parameterNumber":3,"dx":2.5,"dy":2.5,"nx":144,"ny":73,"la1":90.0,"la2":-90.0,"lo1":0.0,"lo2":357.5}, "data":
[rows 38 to 56 of 73, columns 42 to 83 of 144]
-0.46404543374927376,-0.3095868628238553,-0.2812269429257796,-0.2036678832037796,-0.17362342911614423,-0.037433139450359296,0.04796605895462126,0.08263124119802032,0.15530839085299547,0.1790680901867478,0.22531732173367078,0.1982882868357139,0.2755964314818538,0.29022162568305965,0.28528050139572925,0.27281742260274255,0.4312897008107466,0.3499707936281571,0.37209591457592434,0.39153677672473347,0.44078741052525566,0.3965131615703696,0.43735085352091274,0.4061716036833536,0.4454378687866624,0.3101479313077435,0.3581381987792693,0.1850842216642702,0.10410234904940997,0.1772702316730317,-0.0500301136770967,0.023841033894884314,-0.3050010155713858,-0.35847675408714647,-0.5196254045188144,-0.6910753266966337,-0.5315323073899927,-0.8079531187762953,-0.6998598210615834,-0.8318191510451234,-1.0543352231855776,-0.9844697595814323
-0.4883707145425036,-0.32357696266922986,-0.2682573818548487,-0.2294902980382051,-0.12844468179444923,-0.054539253225137904,0.05880603825844871,3.6375148450342246e-05,0.108176053759039,0.19553159725962335,0.23950074762442405,0.2644479677239775,0.20667410091742824,0.23278149408676216,0.22915585237874708,0.38668737924641494,0.2900565666533273,0.42747554932737053,0.43634773470247307,0.48608604355599616,0.4453892120833087,0.3792997202690948,0.3067664290862238,0.39424966646248155,0.4125123778686493,0.31851886615384534,0.4045084366713599,0.2859576262821835,0.22964825356169943,0.07678735809350062,0.0020586246773843793,-0.15512949654341623,-0.2711426876933501,-0.3229492448724498,-0.3673521098143619,-0.6635630117913639,-0.6544019111085357,-0.7518772961769584,-0.8368571362891755,-0.7650210645729612,-0.8324315028753605,-1.0833656172820352
-0.39917328735107177,-0.41019011469113154,-0.23710918854029753,-0.19972260352951454,-0.09462077800484353,-0.025635353090479027,0.05356061580894508,0.0748341840905272,0.05567819528118653,0.10155569019891582,0.23986917494905832,0.16044052407881707,0.19221941852973803,0.20362295475087425,0.37507106196729256,0.3400150039798611,0.4140477711330882,0.42903680150838447,0.29047255453549703,0.46218234328597374,0.40163846737536746,0.45628547985423046,0.4762498448394701,0.5071094517599845,0.29341117302246755,0.2958623227720024,0.3097779183486122,0.1749941785666359,0.238854590215831,0.02527092107636186,-0.037698230948535166,-0.060802946572691856,-0.2747006789139637,-0.2600995141139704,-0.3448453625971482,-0.4582636944114559,-0.7335016349420659,-0.5968204164411888,-0.8017663990081244,-0.8454102526183317,-0.8312502832329091,-1.0225594823649173
-0.33495381919870626,-0.274000640863347,-0.2481370610443559,-0.1266495844448443,-0.1659064468407995,-0.07890430063333452,0.06887782113378584,0.06584051302456752,0.14336372756629673,0.20065464703582717,0.17785908408753237,0.23929591073875472,0.25698452461952936,0.31665682277698015,0.23699246145703132,0.2686622863737239,0.255055641102302,0.3520598463636947,0.3220576834660916,0.3054931339310418,0.28796589169538006,0.4781398811013343,0.42532615603222107,0.39239106224721815,0.3071588960538389,0.3826413392657664,0.2670513483957013,0.24208885921872406,0.2875759218694972,-0.01678945512689362,-0.06508589285707682,-0.05338339716527637,-0.3410401872733844,-0.375503898034473,-0.5007272741468483,-0.472146724321455,-0.8218926900403187,-0.7602705781308066,-0.8871127025692356,-0.8910905482693614,-1.0644376431381857,-0.9013460245210659
-0.18467401251988763,-0.1600588947950196,-0.15715607709225987,-0.24218440342154304,-0.2276265416433944,-0.2373556150924772,-0.2534507557235799,-0.19116905063631662,-0.3005816935419112,-0.16698097116388644,-0.1989532571355482,-0.2952836101418271,-0.3424711322747688,-0.19425887408034595,-0.288684403549987,-0.2996665656759154,-0.20553014139981735,-0.3423295655395106,-0.25077402456347037,-0.3447971544621521,-0.28721051326164576,-0.3321459439315764,-0.1578000979259018,-0.22954135861683736,-0.32855117508334314,-0.21805750154154604,-0.27318986449088145,-0.15067932646414312,-0.2803243049179276,-0.3130101576080668,-0.2516195955295343,-0.2629811989366265,-0.274421142801576,-0.25412717268191076,-0.23600341450578902,-0.19068271928444283,-0.19451440996351815,-0.3417267661223212,-0.22889178594037646,-0.2966081686745558,-0.3362632440469645,-0.26651644005093106
0.8709311042697876,0.8777820424999345,0.6825878764155043,0.7070851433777723,0.8195359960037738,0.6281381003952602,0.7121293762653604,0.7404153415544978,0.6121850815991963,0.7728669721338519,0.719129102552046,0.7756409857133845,0.6334673979520933,0.4886552237335048,0.5902736479412182,0.6265764966807156,0.4522453777462429,0.48981493228502976,0.4917616201226072,0.46462251142635447,0.5982430474154669,0.39778965291174256,0.48355274822672917,0.4814371005740701,0.4179803945189054,0.4065909981510672,0.415508983745064,0.5249284491891515,0.4107795660316656,0.3256135401330481,0.334350667767717,0.7598886354081503,0.6567343062013448,0.49577098544171966,0.5067570656470703,0.714103692258032,0.6987695982953079,0.2817948907511224,0.5580830912485775,0.42052338313193666,0.2546696003353243,0.5606162161035209
0.8226272187052023,0.8002582351237434,0.7660806829902984,0.7712819401259908,0.7002281314216463,0.7301029389387449,0.747473532107698,0.676119191386233,0.6870050674514124,0.7080646282939776,0.5940247098314605,0.5280219198426123,0.6054187361225553,0.6501561074724438,0.4712220248972072,0.6260241569468675,0.494611937409484,0.6142753062031735,0.6278117688995357,0.3721660929164458,0.4860504799459912,0.48780981203211565,0.45330291669487704,0.43001088514171915,0.38121820093349423,0.38234658170816377,0.3988289007317636,0.3745364838598745,0.3868730977702187,0.41277984813183505,0.4536129395992273,0.534925641893254,0.4570061227056849,0.5690853573102566,0.5030680313773729,0.4604115172590844,0.46937875356770403,0.5534134969041269,0.43598932062564827,0.4117583717768018,0.5953550396199412,0.5787320825911776
0.6983338988601817,0.8675978588160784,0.7850139991867444,0.7312021239423553,0.627634204142864,0.6022344974975539,0.8183599708225404,0.7439841617090341,0.7137567978777832,0.6369236450519118,0.7782004999110451,0.5485668371349522,0.6536137597483606,0.7041503584191624,0.46410973771041175,0.5639392721233111,0.47806134414763884,0.5818842345421452,0.41707200976540265,0.5310027451934026,0.5512696648047115,0.5618709856185669,0.5257812830781274,0.3473467044912202,0.4436299830369141,0.3611719905597841,0.5048689404925477,0.320836343892811,0.41977663603085963,0.3928932618988349,0.26517372024055025,0.4671170869598109,0.6985453133183773,0.5826710372814313,0.6804019378483844,0.418255159456319,0.6419696187837349,0.342502266969729,0.32047030586255254,0.5552429427269965,0.46845787926314636,0.31572034627061196
0.647348588616538,0.6091008941276176,0.7725288136127744,0.6172408809550145,0.5949591116015939,0.7885413994364471,0.6612053146407394,0.697186342210577,0.6795871977778075,0.5428331771049872,0.7097615690585538,0.5708246001085777,0.5268710977551384,0.497200134169968,0.5135695000740963,0.43727330790701513,0.48951031394395733,0.5298180547916005,0.4416191290257077,0.4159498295306012,0.48651208655124906,0.49935102599315107,0.38185725330334724,0.3620883436232278,0.33977348557604276,0.40211136980373263,0.34433847134275464,0.3883155081735008,0.2887712221234331,0.25614262822043726,0.35189373254085193,0.6185693197018269,0.39680763182687334,0.49350651615683494,0.6634653887131519,0.48598004309145876,0.5574202727593367,0.4864620564733272,0.36865792009487275,0.3880178768260249,0.5854339757191788,0.5479835972833476
0.7274129418330139,0.6025477873492543,0.6997308513794005,0.8227789360676847,0.7900993754172897,0.7733117577087464,0.7634946449657156,0.6875631511291567,0.6408946769298105,0.6653899928919672,0.6894835273163836,0.6401540463430513,0.6617093591884391,0.7033715923170585,0.5273632194905722,0.44944295050271443,0.41022325750572153,0.5723374087846435,0.4422993698684079,0.4249604591749609,0.5183635432909205,0.4518145798139378,0.46040160266848157,0.3590591749512989,0.37315253619160194,0.41253085065908185,0.3782424283728614,0.34166740797824896,0.3842072904208729,0.4197635161975692,0.3061430737210872,0.5954604134219635,0.5256238664360801,0.6217644233813061,0.31827863913154164,0.45006310068805633,0.40079101115566274,0.351137822613358,0.31689777592408735,0.4088911998959315,0.3631420224115754,0.24685734673378973
-0.24929112072913062,-0.21099860863509617,-0.18130007361395237,-0.2449273454783185,-0.07555127040286075,-0.20667322665862511,-0.1796158465111716,-0.1988773659293505,-0.11798409708170787,-0.18127690198757893,-0.18251677744435263,-0.20932099544455643,-0.10952350453654511,-0.11379553023328973,-0.16761716510775876,-0.1488831856049385,-0.23702397984644125,-0.11125429261597596,-0.15066088328959637,-0.08264831539594572,-0.1401146423757525,-0.170700270129274,-0.1396655714643157,-0.11676252373193559,-0.24863038308174637,-0.2056696920313228,-0.1739033927228817,-0.18393003896025426,-0.2157007538305567,-0.21523147217797586,-0.19585595580200207,-0.2550085034886983,-0.2231984725766833,-0.12963635032002474,-0.1645528530974838,-0.25956294282343545,-0.22429835018958225,-0.10521832968419284,-0.1756291333687383,-0.10116323994893298,-0.10480730446006548,-0.18185114422867835
0.2861115646212646,0.10584765098771423,0.12275210763623393,0.3235734672474996,0.28027653331827107,0.20667332273558997,0.32594640178940804,0.4868253619393048,0.2888511390209427,0.31817635604871913,0.4959079067307036,0.43143717699545076,0.4543103871593009,0.3972777627189222,0.40076447237966234,0.45792743544088965,0.34163120855686485,0.41782789706728335,0.36079043111528303,0.41831394081556356,0.29637464948431486,0.3471001545867029,0.25224058486723266,0.1785304382973932,0.3824012522247531,0.13704652670108333,0.01259657081434426,-0.022623138985770366,0.21677002965262845,-0.003949559571825338,0.07073662973417182,0.10711220894801948,-0.09447723368244425,-0.26605805505959906,-0.2671322104314164,-0.15138407125264025,-0.30540762130258714,-0.2179180216521663,-0.1623508921402612,-0.2519462927506233,-0.35751808617267444,-0.41272932235741266
0.19484314058330018,0.18009268772490758,0.15554673017346551,0.1453621274016605,0.29815882888773476,0.19315206569024937,0.30260740603779474,0.3749671530801838,0.3540833780225488,0.450693319625886,0.3107492574623925,0.4423062805582042,0.4717534889396911,0.441258184459939,0.34339548922796326,0.3525730394175771,0.5732805240279888,0.5476410897866416,0.26728993399945433,0.37093243897025713,0.25829644650985295,0.4797450915100925,0.40141886819178035,0.3444592923980597,0.39763459251705036,0.154407796238417,0.29037704140613835,-0.016662238446794958,0.0314923617157177,0.183503543507155,0.0055140596924732,-0.18629706724608264,-0.14615163672432915,-0.009167512037163183,-0.18812250126789376,-0.3895369799749293,-0.35621696053070906,-0.23092549473875482,-0.1931040275818863,-0.40891766426125975,-0.2545399973530306,-0.3458306117594216
0.2767934578041049,0.12948781015716293,0.15687489739700863,0.2651286386511083,0.14906194250570376,0.28022715492276634,0.32682000777886094,0.4826386684965317,0.2928127078178676,0.3281587381630642,0.49670709624994824,0.5283426089580535,0.36094520163560856,0.5333822967124952,0.46983381750830877,0.44843929414800504,0.48989555922784944,0.4373933756973067,0.4333376985874657,0.25967477662606675,0.46024603967989475,0.2550736157543704,0.27999334861936553,0.253435988727575,0.10865416074363886,0.35411406602512097,0.281951628746753,0.33104334420504755,0.15087086653053217,0.17163395726633532,0.1103474931160067,0.1348158864924986,-0.24411733198607288,-0.04770962919457146,-0.37851621999824236,-0.26662164075007694,-0.3503830856353197,-0.358433126548007,-0.3187440466191258,-0.18618092301218106,-0.33830409498065916,-0.4174939044008806
-0.12839999246678252,-0.18706447605323726,-0.21610352968852867,-0.08077331052810416,-0.12603791519276858,-0.2174649997030849,-0.21341527684790956,-0.20139055239609002,-0.0939869232578173,-0.06312618607652708,-0.04147481565358318,-0.08054157416613689,-0.05811100588887293,-0.1319887269599333,-0.09799678898556216,-0.1333732160060125,-0.09033415668808384,-0.19964751483829796,-0.19779153192807855,-0.08850613251222798,-0.15787245453229656,-0.17175126127877688,-0.2132773949109519,-0.10197830744973806,-0.15774458337096278,-0.10624622411279123,-0.08123128527699015,-0.20136587070365805,-0.19802496066186048,-0.16158786448253892,-0.12092056872207738,-0.21494652548524318,-0.16546006056943763,-0.14820072155403763,-0.10648005880673195,-0.21793815283036144,-0.039221932141536436,-0.036153648720785435,-0.10070615130523673,-0.16484437120089462,-0.18301614556069648,-0.20509070148144234
0.3740998251635266,0.4406027484311205,0.5838838561509463,0.7291481250257196,0.9409263644367161,1.208787206161812,1.3160967504456484,0.9688657704055589,1.1145955179713019,1.3414504839554031,1.0519918581792853,0.9992976573042137,0.9273079606553273,1.2954614060339522,1.3521978276525255,1.2841405199302427,0.8726557236044856,1.0577146076492399,0.6504701330799921,0.796795355813871,1.0565766232142184,0.8534838840288479,0.619242105860495,0.41388171997085177,0.2212368893466184,0.7161961140434572,0.663671999369172,0.501613433795181,0.22369933083233004,0.08090798728902551,0.07080554377865081,-0.06616965592203038,0.10316310141568065,-0.22125834010113637,-0.07278017000084022,-0.44053433314768115,-0.38065475530718457,-0.2971718172976025,-0.43435770444867267,-0.47287251832353067,-0.6385504611023028,-0.448985061007724
0.5690698398227737,0.4015273134550226,1.1022714437686367,0.7179390012421804,1.0019931600138474,1.3749161518975483,1.4043079442258204,0.8098477437450332,1.1557609614109983,0.9906756549729129,0.849921593854237,1.4052956454069625,0.9166391016280468,1.2679760028852456,1.4851177541198088,1.4353050104741396,1.2643860554328872,1.2744876797782119,1.1949865717029036,0.7438711099264901,0.602621467081745,0.9064109909518101,0.6611737918876687,0.7210321798289682,0.5495746028887336,0.7604672520900161,0.58738303178517,0.09680117966662051,-0.05069665598522681,0.1469237894569193,0.07127717311343093,-0.32623487330705886,-0.3875425905537069,-0.03572929886411611,-0.2907218969108712,-0.19646904206391191,-0.6760375913293766,-0.41571173148005375,-0.7250242339700887,-0.629768566332427,-0.621339476136296,-0.5768323450397241
0.3555277489162817,1.0880413269636466,0.5601508306309012,1.0012183662898806,0.6435403197617356,1.2976955909563783,1.3598350909456027,1.4076133956469399,1.1317512582117455,1.3350940906530513,1.448855287901111,0.8103650492379235,1.2960850191562547,1.3700733792130806,0.9684676894554447,1.177674359440833,1.068821582965019,1.2284351013779826,1.0543979389193754,0.737176753588474,1.0155437115578052,0.842707349025919,0.4397753423413132,0.9328158354236912,0.7344593295367253,0.7410066663987515,0.5015530865691535,0.5791132181967596,0.389530179279116,0.32828397694125633,0.3258457096274519,0.16986387208772463,-0.25128821306188137,-0.1318683291472024,-0.17025220291104134,-0.6317023836132872,-0.62241749053602,-0.6729659026804834,-0.6338389158716086,-0.4970323920046261,-0.4995947571738079,-0.7419544241719903
0.4466526009227881,0.8967525350229272,0.5333126642215987,0.9359245788687788,1.0888776790004864,0.72822007883594,1.2264701866719427,0.7945750859775332,1.5001244123275634,1.4249806703385732,0.8655199175771366,1.4718878851892276,0.9557946164651518,1.110863214877181,1.1747150294600996,0.9580998409300966,1.1096010369129297,1.0145290590672233,0.9285518757434048,0.5803008967117086,1.1606887913418167,0.7139809334830721,0.8803375149677779,0.5563074544009281,0.5448481346583648,0.3102213668193831,0.36412775733071356,0.4994268877301691,0.4169618837295326,-0.07512389035513317,0.24167714153966416,0.09906112855813161,0.11232332911240896,0.05616455710732271,-0.559422477153622,-0.27072962230758146,-0.3748993688210376,-0.6587437034173291,-0.6395053412556679,-0.4709393029040317,-0.652717452065105,-0.6842886047797125
