gfs-wave-data.json
{"header": {"parameterCategory":2,"parameterNumber":2,"dx":2.5,"dy":2.5,"nx":144,"ny":73,"la1":90.0,"la2":-90.0,"lo1":0.0,"lo2":357.5}, "data":
[rows 38 to 56 of 73, columns 0 to 41 of 144]
-0.9004534525812972,-0.9810127933523841,-0.8603909002014419,-0.8436890571897403,-0.9397190850630581,-0.762200775269181,-0.7908292074725454,-0.8589884170125466,-0.6649421750422356,-0.5451464542282339,-0.8123747668171171,-0.6032546664346038,-0.7924824167666364,-0.7229740827714046,-0.8891758552108923,-0.6504851981611772,-0.7954055689875357,-0.95451792265709,-0.8926770842653254,-1.126115534409439,-1.1804255164651847,-1.1223303606758204,-1.247246424565619,-1.2001410789652271,-1.1431767286032941,-1.225897436879737,-1.230678089887287,-1.0681012005843065,-1.0337759099866397,-0.7929962047533936,-0.9037912914769409,-0.6582002587050292,-0.7558146132110993,-0.5514899869897117,-0.49501528714953574,-0.48620533551584366,-0.3940108775358039,-0.4811778988597727,-0.47067483158158474,-0.5513623497387199,-0.5038329307168877,-0.5727135192955818
-0.8823969493803305,-0.9211079029220691,-0.9216841102156401,-1.004998704229682,-0.8489185773201959,-0.8855817979612397,-0.7938828552627352,-0.8408217738559336,-0.6502769757253358,-0.6201277380099236,-0.43863268991383303,-0.7043766383869186,-0.8360033184920218,-0.4685950501815635,-0.556480368751903,-0.5074231435710812,-0.6685265416559872,-0.9227600033800307,-0.9574936043301115,-1.1125186192015495,-1.0148031891707292,-1.090334295518946,-1.1941006252349322,-1.3320404352032098,-1.235703215405967,-1.123462037609334,-1.2490542950476997,-1.0666282998953505,-1.0380002667641026,-0.9021983844698006,-0.7108675803012908,-0.7314204226317533,-0.5797523483897478,-0.4053645869453318,-0.4974586402644654,-0.34997793076263417,-0.4382879508071191,-0.4572682382762174,-0.39311128389690186,-0.6191652102150423,-0.4216318392836163,-0.4515118814391361
-0.7953278523413133,-0.9258664829683537,-1.0083991709519342,-0.9028441128101302,-0.8910025976274005,-0.7222071514199943,-0.7097017989455093,-0.7680069389914024,-0.8807828517604201,-0.5595781083139698,-0.7392859060652015,-0.6254527302432846,-0.42060953411147584,-0.4777216191563322,-0.7690369684588144,-0.650432670914995,-0.7251626576356625,-0.6774564837677615,-0.9702685098147217,-1.1928858899976311,-1.2093200344526118,-1.2269376430575047,-1.2869369414551506,-1.1817269391770806,-1.1509762449049952,-1.2741624055668763,-1.090109192491637,-1.1778494062267015,-0.9667698460307684,-0.920051336439851,-0.663945574715846,-0.8684942650965092,-0.7482060154264577,-0.4946719408368,-0.5683152422267277,-0.4102768601803002,-0.322810501854535,-0.320949309291923,-0.3277251673794248,-0.557665315794654,-0.5342981382003615,-0.5206760661704007
-0.8712634608371499,-0.9512041075426024,-0.8359221843977926,-0.9639541641237362,-0.9055150213645977,-0.7823860480431096,-0.8734213265073051,-0.7082973846174001,-0.7178164502004708,-0.6113731268880639,-0.7122673543116157,-0.5035848579039669,-0.47008111381801865,-0.6520931985752126,-0.7033388758797776,-0.7998527861635278,-0.9179689206678736,-0.9409186451637097,-0.9967111994164114,-1.024812471323918,-1.0907556562184726,-1.1145051135480484,-1.1883507654814502,-1.1512410450289208,-1.3010928166776718,-1.2523010548668947,-1.1648806050396965,-1.1088902418524054,-0.8784378620786117,-0.8727545542315539,-0.6352721677432607,-0.8187068271333612,-0.6524516230827201,-0.5714091444967843,-0.5156345853155578,-0.4485888678767392,-0.4615445200411455,-0.3872891331810723,-0.3671469044605268,-0.46499179697749515,-0.6061919841381156,-0.44142575820716773
0.016408744654850843,0.003808563071933932,0.01240233729854137,-0.011756030117930978,-0.05101294500788262,-0.019868618374231265,0.05934714605839662,0.025097856030905613,0.011012481047881162,0.07596135033739904,0.07864752648331985,-0.05878756902647387,0.04085001461515093,-0.03863009354563593,0.028890900641654383,-0.050519396369912165,-0.020062714846090738,-0.0046364201937750225,0.06865919505757907,0.013970796339148288,-0.02906820180456495,-0.013274941608881109,0.004735534066682059,-0.00018135120734895466,-0.02050645654891828,0.04141102612784653,-0.02746592158940331,-0.06814826837017804,-0.02325736570449102,0.04247578928287287,-0.05081201214525823,-0.006572494747050149,0.013725784983620143,0.06011879174975066,0.03822925518164109,-0.057566216790070686,0.02869819307678341,-0.029014055927189922,0.05156511241522086,0.019153743125731554,-0.024042648922716413,-0.0524837847177351
-0.9966663654620451,-0.9626529070492117,-1.0010250153768843,-0.9913499090406971,-0.9289187209629406,-0.9271552791499055,-0.8393818037674147,-1.0012507400662258,-1.065512880840008,-1.0038441024204094,-0.9456919458679477,-0.9161921293687882,-1.0686022499245116,-1.008219360781778,-1.010481583319322,-1.067141795701686,-0.9931947718066527,-0.8461541258358687,-0.8659773949039073,-1.0415567855007681,-0.7726316897840236,-1.0497181187687916,-0.9470934912225065,-0.8087012936299743,-0.9655033333018471,-0.8646714033583266,-0.9630573164402809,-0.9424385785307076,-0.7239091078366874,-1.0205719323463955,-0.8903477511660459,-0.9744951354190868,-1.0176430231871396,-1.0824977303375638,-0.8234543728133777,-0.8582844820547709,-0.8990580289210749,-0.712304679951103,-0.7876117466856224,-0.720541924278163,-0.9082090007493716,-0.8168256113692933
-0.9282877082864864,-1.0567288485430546,-0.8911714003247445,-1.0228052479021472,-0.9880303776698189,-1.0742620977527437,-1.054848716831505,-0.8348812418340693,-0.984822367850211,-1.0771427349678606,-1.1534311748660435,-1.1011680388989749,-1.0314877240475464,-1.0599960172754352,-1.1583135153928892,-1.0138157171027102,-1.0378849075163619,-1.0830212868959073,-1.1468627322975105,-0.8863018392630687,-0.9826216195150768,-1.1589370472299723,-0.8322031735789049,-0.9809088743289844,-0.9132421084273264,-0.9466841062188465,-0.7942045117615861,-0.9623838074726593,-0.9984032576033223,-0.9469737406512029,-1.0138662106453717,-0.6634937065858811,-0.8479014700674483,-0.801262704893191,-0.7246339199730032,-0.7631127864016055,-0.9528685679993093,-0.8065014980800963,-0.7939268932690644,-0.6524720601477092,-0.9207801215501764,-0.8265342697588819
-1.1073743722599743,-0.9392740657678627,-1.139028931731467,-0.9493295757893071,-0.9251171508462488,-0.8584808527042718,-0.8125954256974823,-0.8609588479780583,-0.9256562341815902,-0.7954697521389174,-0.9818682041283021,-1.1334388586236186,-1.0557853323789619,-1.096433797971407,-0.8822103059642314,-0.9043868431374523,-0.9729599196865383,-1.000980769678287,-0.9032065991589232,-1.1358869235426607,-0.950604371922358,-0.869850432571293,-0.8961473195739513,-0.9151626469654786,-0.7583447506843412,-0.9092549405813478,-0.9215870494951279,-1.0584013530402037,-0.7783927226907041,-0.9300445223557571,-0.876303033225844,-0.9424832705586402,-0.8408709046589733,-0.7012506748421854,-0.8301347219059634,-0.9318348205139337,-0.7815800618498763,-0.9009406192767115,-0.9656426249281941,-0.7081855486452429,-0.578740734474188,-0.9008793582970132
-0.9799940470249651,-0.8934834710090876,-1.1142192619989726,-0.9245149354135719,-0.9148116807638023,-1.0262487817179908,-0.8706100514956966,-1.042637943068298,-1.1054718804214398,-1.1354219763034827,-1.0997151634664046,-0.8619397793134618,-1.001089452160529,-0.8099455962798039,-0.9164938067459812,-0.8641578769457152,-1.038613528373218,-0.8792687428252395,-0.9492253934002545,-0.8098753705754216,-0.8959028374626781,-0.8189382378170015,-0.9144442960460352,-0.9685005119045509,-1.0005470680118675,-0.748914298887378,-0.8431088130925972,-0.9766597193805614,-0.8605019762119294,-0.7533649697588588,-0.9791524130645397,-0.7945154328721742,-0.9811530769419213,-0.6773499393059587,-0.7431621088457733,-0.9667874563163068,-0.9150246601969043,-0.6499013942195937,-0.6879483682235137,-0.8915140215281477,-0.869236338734589,-0.7844021992968329
-1.0177807447280185,-0.9493743376030395,-0.9327554872496867,-0.9599092771317445,-1.0453657809009975,-0.9829915519701787,-0.909675179684203,-0.8801937201750533,-0.9836703910915939,-0.9314037976215134,-1.0250339281776881,-1.1082688495855302,-1.1285565409986307,-0.9465499319260497,-0.9677392025035114,-0.8136083717285026,-1.0626547446617698,-0.9716898067200743,-1.0972269384018167,-0.8182778157246605,-0.8187606746167599,-1.1449811739544098,-1.0029225836517879,-0.8985675501700655,-0.7613169518443738,-0.8245216973684181,-0.7736432302430073,-0.8410989201481159,-0.8332477150370169,-0.9899882882342469,-1.040053598014585,-0.9648968529204219,-0.6886232095694701,-0.923722506777443,-0.8140323997795431,-0.9986080664758648,-0.6851385153912889,-0.9961190353265108,-0.6731339880659873,-0.7611635654496798,-0.9289528068407753,-0.8431767082479452
-0.025525239074861168,0.035538110261665055,0.05970771186601158,-0.017205079981619385,-0.020914566106950964,-0.024620262318743955,-0.013713702648195953,0.007529847139258658,-0.04074566338207955,0.014664947980084761,0.04636208825883616,0.04594582240354305,0.02557910878672427,-0.015978164801096807,-0.011109868062591172,-0.053429037415252956,0.06222862812647249,-0.01593942935395667,-0.03490570429723048,0.03934815861048548,-0.03740191440796227,-0.04543935388421042,-0.02405701965113499,-0.014832904769561332,0.031312194076406875,-0.009520392515261732,0.0508307653622109,0.05977044693449637,-0.03238504810316083,-0.0329518687656591,0.02507332107502486,0.017909926564025014,0.03721241031141039,-0.03660333666128488,-0.00984853953415231,0.025468533407997918,-0.032421790842576646,-0.02828128624175472,-0.023592113381152843,-0.011481413172745286,-0.04126925128793926,-0.0333606546217177
1.8019511161249764,1.6112967469107284,1.7020976875449811,1.784571425203334,1.6546558410795327,1.6720414917647903,1.6337301613834376,1.7225010709218285,1.6970847638726554,1.5225719650214606,1.5708766914940078,1.335899954951908,1.4348388740717328,1.2363034280861598,1.4288909876908282,1.3055179992602826,1.2566552980391095,1.3104525788093855,1.2149130414898697,1.109634561850526,1.239468765521758,1.1308262145882035,1.3367140934525517,1.1876028358436308,1.099972850086858,1.215579718291254,1.086692249843229,1.2390798011698216,1.0627136564846893,1.2130691812810963,1.006906805880562,1.0720814861279246,1.0257204617738664,0.998815540401789,1.143521465012624,1.0640376625860575,0.9646030906792856,0.9612582883546287,0.9360101712535442,0.8827454186412681,0.8851022439517373,0.8997650758702832
1.7712052091874282,1.6615144876524135,1.6646423677898754,1.6630482760628391,1.7226981306641502,1.6264284843895767,1.5533199046931643,1.4404643230519822,1.6374772752234241,1.504834348073456,1.5579680849630742,1.2881099796357656,1.369402264023272,1.5487107381696825,1.4264641820481623,1.3387033792277092,1.168706298570568,1.2380529187777936,1.1503583188931374,1.2564196307623905,1.2323966346904496,1.1089564262622966,1.0921433921100383,1.189880132806138,1.2487489386476773,1.114260962929261,1.1405197759545687,1.1423415863805413,1.0582423263530196,1.1246628624980008,1.1984841994107336,1.035327964554907,1.0078504540923834,1.0536540288576492,1.0919688073964808,1.0749560992976552,1.0881185649375182,0.9025233765576401,0.9877833799568793,0.9633021636338973,1.0386047277147512,0.9239755248682198
1.5949037427901376,1.7365596457400032,1.5978287344221846,1.6315496663916162,1.7164144643376358,1.7210128518378145,1.599342635632488,1.5394395059359198,1.648683198917484,1.3917911074611304,1.5890885985545238,1.5490178493403597,1.3351081353629832,1.2373775431233511,1.2276995398079844,1.295346512924731,1.4139861504542084,1.3970232542298693,1.1176851568433053,1.1613901700627662,1.2366903867827925,1.159952181139494,0.998543996100404,1.2202732930088438,1.130428154730388,1.1235998225843307,1.0629741560690953,1.1592731117274004,1.1730220338595387,1.169757221907136,1.0912194976915603,1.0891308423356716,1.116540428683583,1.0645644422138059,1.109172217947626,1.0013278355424493,0.9109559673702801,1.0594276482332903,0.9087563863244441,0.901995965553801,0.9286881512633433,0.7906965027586187
-0.009648007534705828,0.03017735014662152,-0.04074607215907584,0.021036319834529457,0.013672490023858987,0.013319137223344431,0.03605255906490837,0.04236286455177399,-0.03377487712236757,-0.029337925323761366,0.029094612125587366,-0.03651134839024353,-0.01274583564967748,0.008422834992591206,0.0017104159679534271,-0.03745032254006275,-0.030687262235529724,-0.03820861139961699,0.023066856561735374,0.013305575943219553,-0.02579130993973332,-0.00770035959746172,0.009680370536197176,0.018288161466102647,-0.030300264626095395,0.0018125110806133772,0.020847262523498826,0.057018161296663074,-0.01803559837551678,-0.041881432617880535,0.011846920747295943,-0.030046522692845582,0.020816204434040163,0.0333191603652028,-0.036241565912869325,-0.002242500883076118,0.0029997695061400394,0.02310715894038924,-0.04637420329029271,-0.02272271366215053,-0.02573676633703356,-0.051649509450210816
2.033441688318402,2.0213100166154354,2.142036693545778,1.9809700081782198,2.1834366744240343,2.13871757823556,2.0416641152919897,2.060597146699141,2.1462952989669146,2.093950505777205,2.265315218985171,1.9574213982090276,2.2511602766354715,2.263846615270272,2.065402916436287,2.182407631101459,2.386016896923421,2.012711390461397,1.9576476847320812,2.117076415088385,2.0453944723786637,1.9991997111275321,2.212706163967477,2.472795969373438,2.1011049070806953,2.504762178612892,2.3819278448305568,2.572992524831859,2.451548810185973,2.4465098148895,2.7047528314102554,2.6823150792581383,2.6714925183812888,2.5509600718710734,2.732396779687054,2.7336010446733696,2.7510078658176593,2.666985815512954,2.8108325617828602,2.584206193651797,2.603397742959378,2.6998319634453787
1.9981068263359614,2.0068864282314833,2.126780131104335,2.1567413015816617,2.0964439691976606,2.143133275593339,2.0940470633311685,2.104370122090411,2.1944757508498416,2.1671586727483763,2.135121757741996,2.078077047356584,2.0506484847629207,1.858877520387723,1.9595106644583165,2.1448663410662534,2.0103557921669633,1.9740039534595395,2.2300612605240584,2.3178864944397506,2.0523282449172626,2.144628957355572,2.4140862660700977,2.4860638435650024,2.3926975756052213,2.623882502332628,2.6223968670642153,2.5816316836772972,2.4715946259388186,2.5967325885651924,2.735555033167006,2.653531456641459,2.639173948087848,2.684384547580017,2.650925924493308,2.674918710219385,2.8137964048563844,2.77387917452869,2.788576712124536,2.706312000281275,2.7467701072549504,2.762623281349553
2.0502853977645072,2.1163958228987956,2.04884814563432,2.079703713008303,2.0218499587226426,2.0782418569068355,2.176836738562592,2.0967880484622006,2.233344280996547,2.175313734164546,2.1709846427959154,2.1837531118740623,2.082984620261443,2.065971091241468,2.0114951518653985,2.018355777006154,1.9939612870758538,2.239940514460722,1.972823880287153,2.046243811441848,2.264479315509887,2.457287998369874,2.170140078969851,2.3545148472426662,2.214025924048297,2.418280981857179,2.6351115545805155,2.3406865596739723,2.717812692782394,2.549144089185046,2.66536430686268,2.563697200620721,2.79502232343061,2.5886074329543205,2.666084565386408,2.7116452319898783,2.7012649964667452,2.825711104884993,2.7943502668047313,2.7254537187198937,2.7327518948511353,2.7452780825911303
1.9007675728588755,2.026852022812791,2.07884345646288,2.0815495076991835,2.021243996548678,2.1648856704113872,1.9410789615654018,2.1585481634910337,2.184023784062785,2.059801182344599,2.228636900865829,2.1248000142329246,2.1595203835844607,1.9483891395613298,1.8940300323754258,2.0470253016153785,2.1341815240016384,2.1955297857243257,2.160848511149664,2.037815241292062,2.1987220648327037,2.1408106110572565,2.364766387531685,2.2102329270084486,2.2890793195878323,2.5955967610889035,2.3369086892609583,2.5239248823581013,2.544324748585756,2.5884945479607575,2.6758836586581096,2.732950775591072,2.7778813358923813,2.6508835423492645,2.8069690279256236,2.770779659593587,2.672341908056798,2.7453168500671947,2.7920985919997596,2.6541489791497654,2.7364160214159408,2.718734170122179
