gfs-wave-data.json
{"header": {"parameterCategory":2,"parameterNumber":2,"dx":2.5,"dy":2.5,"nx":144,"ny":73,"la1":90.0,"la2":-90.0,"lo1":0.0,"lo2":357.5}, "data":
[rows 38 to 56 of 73, columns 42 to 83 of 144]
-0.48029023043106506,-0.5503507845092453,-0.4967180030162529,-0.5164046713234564,-0.5474066742588537,-0.6297550454484425,-0.5991884341335537,-0.6279292954513449,-0.5497582544982965,-0.523713498878746,-0.36703747860936387,-0.40277295205792407,-0.45798964461029534,-0.4134806389270197,-0.33539970325823937,-0.36680277318611687,-0.23467997539602412,-0.18664160464973625,-0.2884809074953368,-0.36922230737873896,-0.2651993059724514,-0.3165389464996011,-0.3824334410116572,-0.45746202352109616,-0.5385838567071202,-0.5025701883478825,-0.5763707153967967,-0.6939343984260089,-0.881807803038945,-0.7764229600359759,-0.8745680356811987,-0.9316358389245728,-0.9194530914664202,-0.8310438014699483,-1.0001638399838615,-0.7261408633724119,-0.7282432492788344,-0.8413693022993529,-0.5373572934339329,-0.6129528278422708,-0.4643065167746625,-0.7330770158574923
-0.46413071775098813,-0.46799388030770345,-0.6348070491075933,-0.46134326931583186,-0.6358611777618287,-0.5616669823917032,-0.5752011551757618,-0.4248423565629678,-0.4734508269198259,-0.41569268592704395,-0.42300594847874196,-0.43044136323301607,-0.3773826374018082,-0.24488464189648224,-0.26844111789807,-0.3660663387612107,-0.3027836341756255,-0.20900768058711874,-0.3550267257764778,-0.2903332130653048,-0.36914572444086435,-0.348601838608134,-0.33790695841135726,-0.4912224363433828,-0.5464765904789888,-0.6574799667734552,-0.6957444060430947,-0.8229977652958653,-0.8642369854200217,-0.7439812595465077,-0.8874611916083768,-0.894560459933518,-0.9171124168492695,-0.9192978196028507,-0.8986137164690612,-0.8963108569655451,-0.74921228830398,-0.8481416190510264,-0.7603303761627297,-0.5792460495204083,-0.6191818961377349,-0.6911140235282519
-0.5807126677299234,-0.5995985939191139,-0.5813045232894196,-0.45575444715391383,-0.47556213019375676,-0.5112326762359569,-0.5609942017364256,-0.48967711152212556,-0.563368410548394,-0.49296197459016206,-0.48351580185390414,-0.39266805543611005,-0.2903279093055764,-0.38073392640847,-0.26227429629440246,-0.2426777962761146,-0.28955293092421436,-0.2119741302216376,-0.29619841462482027,-0.36068958660519274,-0.2647565003135315,-0.32890893513274816,-0.38713214965608456,-0.42118347923263777,-0.4287132756921671,-0.5297212771123658,-0.6303501686439344,-0.6223360550912221,-0.7994922639926424,-0.7673259556635228,-0.8564086801306691,-0.9241015223881461,-1.0088691143690491,-0.9300605770386565,-0.7588232357887069,-0.7906383514570314,-0.7780600867488728,-0.6392640626176717,-0.8478275023279973,-0.827038640591804,-0.5907108259901515,-0.6951969604470779
-0.5840059906062124,-0.574576972316754,-0.5390725124383683,-0.4383069618852827,-0.48551006298182264,-0.4530186133992165,-0.6274198453989549,-0.4789630723165399,-0.5061110757434097,-0.48366036932152745,-0.36353167818519827,-0.3438025692315976,-0.3222344006456225,-0.34913891415192655,-0.3505145947303255,-0.22475058697874017,-0.19799514141383948,-0.32304168104385544,-0.2226874726422283,-0.20417539293808626,-0.2786606804605073,-0.2344324281113268,-0.38463307035030003,-0.4415752808529515,-0.44263525874749565,-0.5869288843355064,-0.6159082690843408,-0.7944505405636552,-0.8463169966186652,-0.7621821203637521,-0.7856933016767228,-0.8255889382447398,-0.9477634717062602,-0.8951356002921148,-0.9739342676476339,-0.799060021022373,-0.8318075095422969,-0.89010407752754,-0.7023305977441352,-0.5839196104170262,-0.5962330145676725,-0.6437790341621762
-0.015483923595041955,0.029365021853979222,-0.02403156942623922,0.027213607394639825,0.01813648800590782,-0.05358495223483773,0.05073268982875699,0.0199300295996906,-0.03046004762636278,-0.045200036325285325,0.023522900220053725,-0.03237572562922954,-0.04782800725604005,0.02571589389336836,-0.04128470430254032,-0.040673138935860824,-0.06755357604497704,0.013912196312095367,-0.002146559631840896,-0.020710782859324272,-0.02309400492287873,-0.036190207533380016,-0.01193136641320518,-0.022483367981334636,0.05183292167174724,-0.023801608474345932,0.03119688179914331,-0.02276792449868809,0.027725831115583712,0.05922236410653502,0.04980157935836041,0.038268459140964585,0.04270242885570535,-0.0391522674784203,-0.04357069643006099,0.04530662760347575,-0.022770276099131296,0.04199156192751945,0.0210933892455953,0.011666722490121748,0.01210706757856437,0.02329694952352596
-0.6850109442961997,-0.8084575480682323,-0.8648920341200216,-0.8856708571541663,-0.6880648394019335,-0.7996398005167007,-0.8488962799589614,-0.7527699642193093,-0.9317727113050954,-0.8683938780650106,-0.6872238380552983,-0.7808402478489043,-0.7159191920814723,-0.7081155215837353,-0.8262772841609505,-0.7574543463678708,-0.5628775845233189,-0.8000352011932411,-0.7147819403622484,-0.8443100384986902,-0.6965223549800459,-0.8044449981508304,-0.7189471081308879,-0.7953473219325697,-0.5931224363432634,-0.8297335858838308,-0.7114652405783379,-0.6994125475223408,-0.7952696088329786,-0.7638925895160621,-0.7676090873274101,-1.1470048000919508,-1.0779039116172036,-1.2078076098504174,-1.143678680464848,-1.1227234326337499,-1.1427325802014645,-1.1729133771678777,-1.307273020618907,-1.3615498033453362,-1.165203397414528,-1.244741319757257
-0.6475991987327868,-0.6181259544382416,-0.7083791005630111,-0.8046672642635818,-0.8093209130387358,-0.7279419280389452,-0.7682107273286286,-0.8118179757963946,-0.5909668893109545,-0.5921397101265634,-0.8074296637396725,-0.6610484958704026,-0.618324669945355,-0.7744810914697381,-0.7078223428341032,-0.8213793983971682,-0.6334340844122468,-0.7329597956142408,-0.8453061930389969,-0.6809962361854196,-0.8297908801781001,-0.8388895772471254,-0.8088336185687293,-0.8207517942323967,-0.6667160874694564,-0.7201548871927904,-0.741550157052333,-0.747518446435362,-0.8575231951656622,-0.8312452689464622,-0.8172171311500868,-1.2598382881228956,-1.1134238814842141,-1.2097355123513243,-1.201632817791905,-1.2702849609483087,-1.3550030642712247,-1.373497641443567,-1.1757601792102463,-1.1727896328735241,-1.1860355350476661,-1.2236850646959467
-0.6625439524786164,-0.7104164630082968,-0.8171991235021749,-0.7406168182611272,-0.6481988870751695,-0.7686863298114271,-0.6827958039445504,-0.6128033510667527,-0.7297763518868665,-0.741284466175944,-0.5774136469987269,-0.7607895991154672,-0.6162246883200404,-0.566350553246016,-0.7286647764509577,-0.7562171951310523,-0.8184625480892083,-0.8004883024290022,-0.6256921418113303,-0.7464971338090859,-0.7698227087973641,-0.8056392600914906,-0.7446845064070684,-0.7476194873402349,-0.8288495824846313,-0.7601321233187389,-0.7131336674775045,-0.7458761513499054,-0.8451008787349299,-0.6883145489951671,-0.8128583134872474,-1.158701191751056,-1.2959219134843847,-1.041373868940944,-1.337248618529754,-1.152009171364131,-1.0933405625092047,-1.3336412998591256,-1.3566996414077863,-1.171500672313796,-1.2279292183998236,-1.1921822680222756
-0.7558933378948199,-0.9430118631897205,-0.6977042750740454,-0.8431997823014189,-0.8029510073645755,-0.7661474964089614,-0.6629576464079314,-0.6149823479936533,-0.7773484048579409,-0.7939067532709231,-0.7675468217049456,-0.9013464498699899,-0.7938460689227483,-0.7772610028141352,-0.607289647004851,-0.7642186861123023,-0.637498513847025,-0.6970912496732046,-0.6647003011117921,-0.8334644868375056,-0.5735674382210519,-0.6657650136609532,-0.6075900719785401,-0.7089607071428151,-0.6589523868940504,-0.6927051055491702,-0.689582128876494,-0.6782149498315693,-0.8767059391351553,-0.8265535162281236,-0.7800570608907058,-1.166234453237903,-1.28672730961932,-1.1132132783078534,-1.1368491186404888,-1.2898822200361413,-1.225882657795571,-1.1677184989612341,-1.1478466788688608,-1.3334864408172091,-1.1499899094423842,-1.2965923282046696
-0.5955181650839839,-0.8063482968296553,-0.7895659639024571,-0.6183984783501973,-0.6550252266049174,-0.8902056259860177,-0.762483854744931,-0.7679152263140476,-0.7343526875090383,-0.7155654159540698,-0.8004523741851974,-0.7976795365532107,-0.6466689011849764,-0.6131556835895393,-0.8399672372657593,-0.6396587063859177,-0.7769079756301813,-0.6416844939899927,-0.6761984582207275,-0.7006646586256876,-0.6761405218594451,-0.6049410248554432,-0.5725964625441166,-0.6893962802913074,-0.7245630107527394,-0.654611644058524,-0.6445570710074412,-0.6554122387511294,-0.6384121379533,-0.7581549651552837,-0.6637139277719224,-1.1663035016743506,-1.3234028904217674,-1.2285707547561235,-1.3150432372682241,-1.0931613928687312,-1.1808506649683899,-1.0264271260902282,-1.219398708507888,-1.2724944937357061,-1.2434147050985862,-1.2560709464080155
-0.049760216666572425,-0.014199417855887398,-0.03385177445534732,-0.03707283138269341,-0.0046513756160722905,0.036510852869675856,-0.03422114706607788,0.055494374520009694,0.03496991524427737,0.05480154154299062,0.06149931766926429,0.008095871683413818,0.050919845855600956,-0.03218226999090942,-0.01322400905772106,0.046289953048617084,0.045368239467881134,0.01318774460041338,0.03080565298865091,0.009842440649859062,-0.025175322942339717,-0.03155558481930385,0.027305492881702198,0.019782705969056735,0.0535562893152014,0.03602334720893588,0.03134107819480073,-0.01758963064125258,-2.503175065697388e-05,0.03011078452345346,-0.0034170907783355954,0.008856839808148081,-0.017403825027840658,0.03866889965859225,0.008855120699770859,0.04078412321690463,0.052956042255914035,0.008180538716309341,0.040452588698520364,0.0034688872559215135,0.011219962477671677,-0.017835005891990354
0.958530916504461,0.8749751870586323,0.8995003737150506,0.9135154850878554,0.823785838546365,0.8622064473966758,0.7927158683222849,0.8290771750085746,0.8497272284347471,0.7576896693265113,0.7646344230445882,0.686197936114599,0.8313747292674234,0.7414562479553491,0.9105061933349561,0.8563776063876571,0.942043853509249,1.0282284809432176,1.0600071229399695,0.9486051053256846,0.9450755727661282,0.976604094945918,1.0563938657556011,1.217997166385507,1.020716679082309,1.1045915442887815,1.1867552438297657,1.2219602196841615,1.2626235021608694,1.2068266108428538,1.21904994307435,1.229170325030629,1.3356561126798818,1.2938018655506924,1.1784160763541374,1.1377037382285564,1.141839519739282,1.1012133199601255,1.094231128341665,1.1103144418304463,1.0647934033659656,1.0051084230903904
0.9384071834451694,0.8231404265858352,0.9228564930444908,0.8001330877240731,0.898378170762011,0.7715459766269815,0.9509265438563682,0.772790861207389,0.7836318962464087,0.9183652266022143,0.8563085394972235,0.7729635319395937,0.7283903231502835,0.854702682429967,0.8297314338749701,0.8404384446345302,0.8545905814867493,0.8159373840068602,0.9112231137360348,0.9132182501383689,0.9278341726045818,1.064387401532995,1.008736820952452,1.1337586623734737,1.0471977474866843,1.168207118678516,1.1418507216588265,1.2984517696198212,1.3237918918660256,1.3437190217387514,1.2364683633977869,1.2302069026859557,1.273764518095769,1.2836156303713147,1.0896603126698603,1.0724165311812983,1.038600616281797,1.0575356183259181,1.0422320303236416,0.9757062284776911,1.002416766842911,0.9426244768759466
0.8163930883190252,0.8850199640821148,0.8774679547333388,0.8198588348494509,0.8046128429254226,0.8132694007302435,0.885028924940063,0.817643896502456,0.8005292721130097,0.8094393961563855,0.8780084703222527,0.8400419745470673,0.8747357793399677,0.7809078000110867,0.7678712256667051,0.7443676727409811,0.8738956358971872,0.9629649509406757,0.8969200836028699,0.8994133536398519,0.9432768614098008,1.0741731427925059,0.9751049455461631,1.0778147997670033,1.0461919767127186,1.1142847418628352,1.2305076163967401,1.2598133698801834,1.3280146714075691,1.1786642407501646,1.3550108401798522,1.1558698881772964,1.323401619017375,1.1499750032879212,1.2682311093698215,1.1891931646348624,0.9949813874739833,1.1226493177674204,0.8838325838429683,1.1258728325733525,0.8374183496195545,0.8723390210091764
-0.03114789764434801,-0.028939582768148484,-0.042406201955919196,0.018282027013090667,0.015160595039691969,-0.02483319954076349,0.032269011666701694,0.004012629044606223,0.005552424340353136,0.01032134144345446,0.02603879174419218,-0.045035409422225926,0.018806475094506784,0.005701117193846042,0.049736282409352975,-0.0007993046905055223,-0.0072277951096205995,-0.019165117525717007,0.03416141523033707,0.03916612442546285,0.023918091149544574,-0.023744248351007736,0.040789160664029905,0.013320428791711978,0.030282518618503763,-0.01702138164230828,-0.045106715411803285,-0.022353540395079828,-0.050214540584186,0.0013452101852682746,-0.03185527535671309,0.031428218564140034,0.05390493133489783,0.004088848821917714,0.014187762060213834,0.019662015063360228,-0.013568809399552113,0.043110307936101884,0.006754182327010662,-0.027412050147786825,-0.015725603552217696,-0.040380192612644604
2.7122696590542614,2.546444511633053,2.5077169235415577,2.7392132086954017,2.547114977194608,2.5876190689219842,2.455266422604294,2.4016279144901733,2.4244506455068495,2.3636166548131112,2.170108411002529,2.150502800595973,2.2267846974751357,2.0144840382254414,2.1060690330279512,2.048395789561839,2.117779040798797,2.195730375407878,2.178783039608445,1.9478876659014568,2.042713414399861,2.2611770554968507,2.068795998395768,2.216355478396846,2.067133587236767,2.155094158496756,2.0374687350682823,2.1601583377129834,2.005362979411948,2.1227233256479154,1.9411697449214562,1.9869351923632017,1.833523736939899,1.823418690436787,1.9278034857228479,1.7832337007711676,1.6445608703369738,1.737156313410789,1.681785008190271,1.6127832040887167,1.4654501298632585,1.5790300258414067
2.742394490335977,2.443211643071343,2.3801552345348185,2.527990656515715,2.510524728140805,2.3438573454121334,2.4266407092921733,2.320322400947775,2.1335896792595825,2.288243898627905,2.266724135599203,2.016698124925133,2.079173964690787,2.1592186710895453,2.0279768317207316,2.230577620081549,2.08139660560145,2.152191883781273,2.332044623503038,2.0584564668792424,2.241540260145152,2.1455006708670483,2.005901280263516,2.0459026937194147,2.0815731466630765,2.006920089610864,1.9720111855980043,2.1255652685060014,2.0152498259610123,1.9748253642696634,2.0050581215878958,2.0065037576878932,1.9311251830777878,1.87043424361191,1.8931889864849585,1.6754761412358623,1.7228618501581512,1.7774648008584946,1.7132464178061884,1.7186773335117722,1.565961099072938,1.3533305780727354
2.404916774332046,2.678510691707831,2.5983231434612737,2.5307522228748134,2.410673308912278,2.6010269739026324,2.211389443813432,2.3274564616593247,2.163380390196095,2.1283354715673886,2.155496619097203,2.3990400336676743,2.0027766831683085,2.1298815481173943,2.226811591041375,2.3920031438194775,1.864126239341275,1.9615699070939459,2.158851702053867,2.2369007540124612,2.0082461074949247,2.2322103051488646,2.0057131834534907,1.9611207623213103,2.1849509911361227,2.1652254507451776,2.0815601544508406,2.067458676761436,1.9582593143544758,2.063442333450557,1.9791811809571576,1.8776062842142784,1.8308030883798856,1.8642370990180437,1.7692678298092102,1.6764579829824946,1.7132727836392732,1.7112688135314817,1.635759530209871,1.5837992282159408,1.5658429644134988,1.543220536505364
2.4133362481916487,2.638237269046908,2.6026226749143424,2.3682983824289474,2.332769642355771,2.167195571180132,2.107444830492547,2.340759070797802,2.357003409216167,2.311249551747133,2.3172267392259926,1.9970373581082397,2.4008382670161206,2.2557525446949405,2.220147056740646,2.2222701194237704,1.8926773379481414,2.094035918537517,2.1140229514805053,2.245196268381896,2.1535684995837756,2.031776120832244,1.9776451024417856,2.2644234380428854,2.1153717791764257,2.1138859453605723,2.0864115633083578,1.9763562207072176,2.068751951566133,1.9952170826180136,1.9217488912871932,1.8599169147072048,1.9301913581137722,1.8883201354637547,1.848379258468734,1.8253809985606064,1.6827870722136604,1.6438121410604445,1.5227093478411688,1.5760696970228711,1.3957029883510605,1.41685668504945
