gfs-wave-data.json
{"header": {"parameterCategory":2,"parameterNumber":2,"dx":2.5,"dy":2.5,"nx":144,"ny":73,"la1":90.0,"la2":-90.0,"lo1":0.0,"lo2":357.5}, "data":
[rows 19 to 37 of 73, columns 84 to 125 of 144]
0.00202606087372969,0.0034148157282697413,0.02958757100198013,0.018414311143381122,0.009931303612732577,0.0022724306268051084,-0.023292656064096934,0.0024661230156732485,0.01878869676026966,-0.0004882415798706494,0.00022334272400092667,0.0018250424841583812,0.011133781543436591,-0.021706186658291826,0.014577339947013818,-0.029874826879767787,0.008208744154518433,-0.003188448251131357,0.004362039197461903,0.019050688919887475,0.013059038831469767,0.009809729750158251,-0.009410505227324556,-0.0021275422317370038,0.0024567818380900803,0.006384371596303263,-0.0003498439695062161,0.013893725452524344,-0.00025501936068042654,0.006360820056341721,0.003416710323146019,0.006305443191525069,0.026371830222398196,0.012796155555150837,-0.0015250429372897496,0.003200630437880496,-0.02420867058656032,1.298216749518966,1.3500566118087947,1.35877640205579,1.4682529774141126,1.4474533515802372
-0.001234739422888143,0.0015704949307102987,-0.006101454305511989,0.002369531841379931,-0.009538289109778551,0.026713703325539358,0.0029495582606943326,-0.0044812699643082265,0.0002053613178417054,-0.014394865482110487,-0.0054536948679094095,-0.0034888261939438796,-0.0018255237332408705,-0.032151380915001936,-0.006239121560309044,-0.0010638894453798649,0.0093017702983072,0.005662756279104856,-0.0018708490328206249,0.0044149180135394156,0.00376837877324537,0.0035374749759362334,0.0023498200896808984,0.009597145194453524,-0.017279492972731444,0.010477181219524078,-0.008480880637313054,-0.010572857409309052,-0.0005632189347328415,0.005920324648824292,0.015085747979128416,-0.002764444582750583,-0.02149205506350663,0.003917631023109635,-0.015154010940951061,-0.002059246881439618,0.03168949505792842,-0.01669111683843629,0.004424735605650785,-0.00426523291791562,0.022193898605656882,-0.00973777189278459
0.6517557124952232,0.6664723136916917,0.596696528991545,0.7361221541635367,0.7076799436862712,0.6321759588634713,0.6506396575333595,0.5622231051671707,0.6416769581102504,0.4924197996303816,0.5210367254834634,0.5697182264127072,0.61308375933636,0.615393887153976,0.6026630064406014,0.7521564412650072,0.7306776045442414,0.6401107465359556,0.6607238978440595,0.7313958945987258,0.7701804028480321,0.6789333733602578,0.7663969491442608,0.8533506203362087,0.7179499645794892,0.9132300117871464,0.7938118472943984,0.8911602637271846,0.8864127388338411,0.8462128195570205,0.9980330946500696,1.0326050383008878,0.9219337496479667,0.8704307537917789,0.9093914937381871,0.8948360708525986,1.0837408731825684,1.0224705405130483,1.040609745192217,1.0669275572358992,1.0432921040427305,1.1076616153038505
0.7811553452358236,0.6601320850996503,0.7853061747623814,0.755229422946811,0.7756064330200381,0.7262796283991069,0.676798862240888,0.6040865071043473,0.5813364076279935,0.7126856765390008,0.622048661841629,0.6672987590449252,0.7116206483425317,0.65736657566926,0.5427489460061328,0.7743178729177136,0.6363131843710841,0.7828389391222361,0.6773424441717728,0.7734529453870334,0.8200110925861143,0.8248296227155962,0.8461743212848369,0.8243718238272331,0.786637071985817,0.9082025521616361,0.8032654747486222,0.8530091673335168,0.8988222809575146,0.9086119171290147,0.8655149187718361,0.9262626656553506,1.006022307830177,0.990962772001176,0.9637289677094562,0.9488167230441564,0.9254423894193944,1.1592228379847722,1.0920732986836856,1.0235245303909233,1.0996923425722722,1.0125281619971358
0.6979583179388605,0.6534936105705085,0.796377313654955,0.8120499177292138,0.7493472212049906,0.6688339092711453,0.6585242620130974,0.6393449150256503,0.567439098281618,0.6613439234911426,0.680989831512293,0.6345303387373828,0.6590417508180892,0.7865054913450189,0.5827695993886157,0.5943588539235771,0.6408770541835984,0.8100064206952261,0.6954556809432823,0.6565140292927677,0.8659969235527892,0.8542529867128089,0.8758898707369048,0.7393708923172618,0.908558791710233,0.9210579614882406,0.9047769816330089,0.9775142738949156,0.8218014646332149,0.940683198008856,1.0211215170451926,0.8761619648526016,1.020368082677144,1.0033015906482963,0.9738481046047558,0.8940158073230774,1.1169018119281395,1.0322561968321948,0.9967362303663652,1.197982035622416,1.2145131114474592,1.082869793607442
0.00012654667874276233,0.01011010233554875,0.01899743661428541,0.0059994344508633585,-0.0041826423214839864,-0.009301093740593364,-0.00765201486863191,-0.02711671144187753,0.014154281107063895,0.016909678247926406,-0.0237677650764095,-0.0019501381888082053,0.021158557722982845,-0.019004455163713137,0.011788887846630939,0.01639466648524153,-0.007750583573942899,-0.0023557431439216827,0.010556242138495143,0.001696102336670132,0.024008595591702053,0.02752208894026784,-0.0033491786003358175,0.0016754523845500624,-0.025631525780387347,-0.005040563583765453,-0.01956014127816034,0.001905092003895858,0.002187117915959961,0.012353326996295114,0.015073868682203732,-0.018724229510746582,-0.0003548368873635345,-0.01849959899664136,0.01105560446614839,0.017912155385826935,-0.004640282666751474,0.0029362699563491,0.019898448798248352,-0.018749895068734014,0.0018097596509402175,-0.002681412178375522
-0.8060764714638627,-0.7622992021837358,-0.7240354672518604,-0.6352416412160243,-0.8604684898865543,-0.8496839320396911,-0.6768024580289062,-0.7270928028949056,-0.6155329922201526,-0.7442384300171793,-0.723896095374573,-0.6751983517369214,-0.6262311166101666,-0.7053105421815798,-0.579893594551179,-0.5061817851433998,-0.5030154132936672,-0.40025601674328143,-0.5046795322084497,-0.5936701337590485,-0.48097303975251865,-0.534016549729848,-0.5299438380824444,-0.44132634600311843,-0.48598801583893314,-0.4937456896364394,-0.40395140528482315,-0.41380590286510505,-0.4199523873407436,-0.4328258390426487,-0.3548205521151033,-0.505591798979994,-0.3782803206977423,-0.45425406332788176,-0.34429700988442874,-0.4384350569002251,-0.5065668812548564,-0.5257361761595114,-0.48670777813568206,-0.3778453009186778,-0.4259853425123827,-0.44328049213821874
-0.8991093721744151,-0.7342537651909323,-0.7112073641393016,-0.822283929784974,-0.797360278064487,-0.7469293217145213,-0.7022316110117935,-0.5763792038368732,-0.6884082232653894,-0.7416349715413016,-0.6869833460081548,-0.6310911406266673,-0.6717683427258854,-0.5765517829113327,-0.5966376929982434,-0.4613233110021982,-0.5354512544530118,-0.6517985461321203,-0.5197661419000408,-0.5852059537841044,-0.5951233467014978,-0.4599908124966749,-0.39152173422952746,-0.4749813747124102,-0.312496305057396,-0.488669705702085,-0.33631302948722125,-0.48060112480377265,-0.434730565534873,-0.41015651402915543,-0.3616271722331736,-0.41016202870071206,-0.455985875558622,-0.37893069194635837,-0.47238077720706706,-0.49847688535755263,-0.38087834639027923,-0.4311611620039116,-0.3119716250830446,-0.3878735481282308,-0.44822380913356363,-0.4974814821781019
-0.8937624943563351,-0.7892359877764891,-0.8129525252574173,-0.5986883966182512,-0.5938726627991913,-0.7966427221325837,-0.5752609190968794,-0.7954007692616967,-0.5971013679388903,-0.6813639984975385,-0.6902882553756086,-0.615382762862227,-0.6468843238317644,-0.5802052199893674,-0.5335646209584033,-0.47294301820002765,-0.5822936963678353,-0.4845039289954932,-0.4150071223696336,-0.41535134156205167,-0.5154515788788636,-0.5989636228760921,-0.4465792563699406,-0.357465194620626,-0.4396169799253934,-0.504162302569584,-0.4267002966320621,-0.39882669566166457,-0.550458285195923,-0.42101235482623744,-0.3648084558603188,-0.30138900910311234,-0.5040339501754566,-0.3335672366357551,-0.5251190635083663,-0.4487641772376019,-0.43777330153129596,-0.44396869195632177,-0.5680107982152724,-0.46533223039664645,-0.5017391962513333,-0.45669196776221677
-0.8166161548951243,-0.7329353856783665,-0.8612270600296787,-0.6477970879932129,-0.7664294347092167,-0.8362057360703432,-0.7074442709879446,-0.6516022030194993,-0.7772163061323658,-0.7979518093822578,-0.8003421529745166,-0.7124944544889337,-0.5517152276226532,-0.5842557661731459,-0.6487190903501883,-0.6070744193722312,-0.5058690130889484,-0.47634460245739085,-0.5628495140643217,-0.6203345241253476,-0.4432559230962116,-0.5757539496104873,-0.41990002727716447,-0.3922316251815731,-0.44772228274304954,-0.4641129103311758,-0.46739935574603475,-0.4362253786483124,-0.41483685960748784,-0.4796462640629326,-0.44542981536758236,-0.4732732998568858,-0.36580120804838795,-0.42434804820666133,-0.4832489700934699,-0.337352247312318,-0.38414284195251325,-0.4471887297222216,-0.43276194354987274,-0.46559253243290316,-0.46483194887816487,-0.3810340684512043
-0.7162310406076168,-0.7225417740958134,-0.7566665579707043,-0.7505078366709307,-0.7446434327718384,-0.6580983353350274,-0.7072376162746464,-0.7769274138796678,-0.7089619275826615,-0.6806649435631347,-0.6326651183183761,-0.5970495164271827,-0.6612557170852986,-0.6045639422609539,-0.6620990741704728,-0.6587338649302302,-0.5518369103124312,-0.4430082989022479,-0.5033549790643868,-0.6089631512360991,-0.38789686208336654,-0.6326123909923694,-0.5678426995067668,-0.4469530511086967,-0.5017003031438798,-0.6200471338903136,-0.40399469846071023,-0.34087426897550843,-0.43922879581803953,-0.5158160566424308,-0.4812112049758791,-0.40071627227614515,-0.4299531377266293,-0.3715491231808222,-0.3839221714729202,-0.45952894260511623,-0.45945526561902894,-0.5195131862833189,-0.41486044663313304,-0.43857668643084574,-0.4787618318768065,-0.4928946033784962
-0.022977380249639027,-0.020628451762659157,-0.009583461226077547,0.03153134858838037,0.044062080654877,0.01773576984535488,0.011388327461023803,0.026638324232902424,0.0190895753409179,0.01040444108952327,-0.015065080428862277,0.01477007552573571,-0.0007383721378697586,0.0017688773530536819,-0.01431506312182723,-0.039690395079924216,-0.00796982184055212,0.0158410865566676,0.0015374579033093972,-0.004775301119554895,0.019044404405733403,-0.014557560343344478,0.002848163984337098,-0.007026578315749726,-0.02852510458056431,-0.014941552327945773,0.044440328790719553,-0.004057358589289619,0.006907849151310057,-0.013476348398047476,0.011387523119975686,-0.040451207793586116,-0.007135921113449023,-0.011619810713456878,-0.007350415858014686,0.013929263340083242,0.03219464531022254,-0.007714864235362304,0.010840059599052567,0.02295832251219312,0.021751525321403144,0.005120109853740088
-0.5894110590271713,-0.5347442473617887,-0.454624991229829,-0.5451285235398318,-0.638467760033286,-0.8055943974249804,-0.7929805473858307,-0.9196314562977248,-1.0047343533613866,-1.0549155616469308,-1.068854664767504,-0.9952497971279298,-1.0293987801774869,-1.002429907634892,-0.8858822790424087,-0.9099480298828035,-0.7748387013349574,-0.7420541929420673,-0.7066118043838036,-0.4237455799103571,-0.5027888905521205,-0.47753521304358265,-0.37351701367038803,-0.42563014519725845,-0.27702593894102057,-0.3988701680261765,-0.35373838052135675,-0.35197037597410696,-0.38694850817018783,-0.334522808243171,-0.3367247496505852,-0.38862239850832836,-0.2797575416880049,-0.33769030870580286,-0.3621666534360189,-0.35321358506995293,-0.2579190585875797,-0.2825666017951268,-0.34124625878487413,-0.3451524527853952,-0.2596169644126272,-0.20779666107561826
-0.6504889203622228,-0.6474236112405902,-0.49552116460311063,-0.5621086980524004,-0.6364915399486747,-0.8814327722526718,-0.861836135873136,-0.7140669788404196,-0.9732338685951829,-0.9503223964637139,-1.0153182253574926,-0.9891264955407288,-1.1040404396818828,-1.0944423841369662,-0.8829166186383002,-0.8327767716984111,-0.8449346489571211,-0.7351010479568718,-0.6219505399180018,-0.6520864440255749,-0.6107546469086959,-0.5192509612478537,-0.4315887770551878,-0.4786674406673619,-0.4350571064992649,-0.23613908645224377,-0.37285498577131726,-0.35681846534911654,-0.36031617544900024,-0.36407402953098106,-0.3977096629282195,-0.35491091416665715,-0.4448183923003225,-0.47561556831715746,-0.3167941849370866,-0.4464180770354531,-0.3580461389248742,-0.2709460730932114,-0.4114071166952575,-0.22667208185564722,-0.19076075071597826,-0.2634160284431282
-0.46456665704738787,-0.5732173214251753,-0.5170618416315617,-0.7398977083149179,-0.5735080735056224,-0.7247848958139935,-0.7162604320727269,-0.9238923014960781,-1.0540732823503147,-0.987133100080494,-1.1566996009645814,-0.9820833935761161,-1.030994064963533,-0.9846221722059189,-0.9123198839328952,-0.801301709057927,-0.8046164343656953,-0.7441405916714585,-0.5375767931624701,-0.5472199143206947,-0.6214297539318627,-0.3537009392984051,-0.4357131141000543,-0.4435831590080643,-0.30155040178279285,-0.3374602752859191,-0.306031761237849,-0.3339417174308068,-0.299002822738333,-0.4302034053422046,-0.3525058401238506,-0.39800761001705787,-0.3103958482067115,-0.4498351233637298,-0.3409567587708199,-0.4446659348176071,-0.4348776502671366,-0.25844569863664474,-0.2719670277818327,-0.2740004638587375,-0.24258662888078023,-0.17441121020175648
-0.5535741330145517,-0.6578111026658936,-0.5579440132421728,-0.4939754792822178,-0.514821114969351,-0.8393384748406412,-0.8950844286901114,-0.9280944928947349,-0.8522124499543955,-1.026303760549962,-0.9338070372046616,-1.0639260012595728,-0.9982922565097723,-1.0242041568617817,-1.0394572284713999,-0.7978636609084159,-0.9812389381756319,-0.6361605283887177,-0.7413625224885798,-0.7357071560922459,-0.5392002281820047,-0.5168601560167042,-0.34357199788033427,-0.36333311008300273,-0.25575947044663966,-0.3779958122753739,-0.28552877847994135,-0.39836855453885733,-0.3594172163277499,-0.4665603885885072,-0.3526322281166058,-0.42270013256904954,-0.4561496487052633,-0.33122054271286466,-0.4182320334772499,-0.3437681271147953,-0.46341612635852764,-0.4377787109552151,-0.28976275728109235,-0.2318502255033919,-0.23931343666654106,-0.2534099464183601
-0.4331874523402261,-0.5238046075001213,-0.7116527854921565,-0.7701199367897236,-0.5884861720109379,-0.8270910976177337,-0.8563409790216567,-1.02560748687001,-1.0450187903994717,-0.9171050629279309,-1.0013142692350523,-1.1468817298086484,-1.1351696768651427,-1.013136715415571,-0.9630229973566683,-0.9053943134603747,-0.8161931508244612,-0.8928985352853507,-0.7263022584277536,-0.5663665630096597,-0.4283025945508762,-0.33690620685527645,-0.46558018344925167,-0.32490110955313023,-0.24924729449617575,-0.24708348269353222,-0.367887067232003,-0.2909064683703744,-0.3094244103521577,-0.35909773513112614,-0.37431204405857416,-0.5327532160145377,-0.4165423901727126,-0.3709268419353264,-0.4181780463075834,-0.36718946823160137,-0.3747833219047479,-0.36879167943682234,-0.3429736643093258,-0.3058515511732633,-0.3888385127184409,-0.22741606410338444
-0.36014481420939815,-0.709863780256363,-0.5203407878599646,-0.6337184230372205,-0.7260903139856746,-0.8136508094895867,-0.8208514824190667,-0.7703005866724412,-1.0643059196327243,-1.0163248129083675,-1.0681778499049097,-1.1698256610940088,-1.0356476653307989,-1.0268706574366833,-1.001117684148863,-0.9183300326096072,-0.9158877189264999,-0.6734367078143585,-0.7155816434701471,-0.6337689130858354,-0.6146825880344152,-0.45974548143147087,-0.3848705721020027,-0.4865773965883668,-0.376695840481449,-0.2513332305012877,-0.28884823296314854,-0.4139620389276867,-0.42148074166025434,-0.33356531371202414,-0.31937912965134474,-0.4290897346706854,-0.4199591241803577,-0.42895987591444423,-0.5184881057911248,-0.4658949550084389,-0.47402505426487446,-0.36056986437138505,-0.4026112972813252,-0.2927534420431354,-0.2317256657514365,-0.22663740381044403
-0.6301444342123683,-0.7135710324345091,-0.5642449056226738,-0.5457743044997448,-0.7715939471063569,-0.8743157590250592,-0.9598275412201145,-0.9033423760950476,-0.9717268527866166,-1.1818372717660974,-1.0526495818765298,-1.113509714955028,-1.1806638702337824,-1.0044107778623177,-1.0120933314315044,-0.934924914114599,-0.7906021340594501,-0.7531387252810833,-0.7923487084634844,-0.6676731993764701,-0.5186085836826172,-0.49980431397336683,-0.5504904177474109,-0.4005458517136278,-0.4596936676384758,-0.2846094540047306,-0.26265972124731035,-0.4774833941097052,-0.3870371095044889,-0.3052137693929106,-0.44405638701617145,-0.5238002201471114,-0.3346139174668002,-0.3844947096165304,-0.38193992461898174,-0.5051253651207802,-0.40561308214112257,-0.4068958987136112,-0.3881354457623447,-0.4527512879349244,-0.3752347186653306,-0.3032935623524639
