gfs-wave-data.json
{"header": {"parameterCategory":2,"parameterNumber":2,"dx":2.5,"dy":2.5,"nx":144,"ny":73,"la1":90.0,"la2":-90.0,"lo1":0.0,"lo2":357.5}, "data":
[rows 54 to 71 of 73, columns 0 to 41 of 144]
1.971947516078616,2.09041467946584,2.0405911520550335,2.186287445468177,2.206929779951392,2.07929568672372,2.142832773772592,1.9569016882727088,2.115008539551674,2.1863989658548393,2.0213119724741007,2.2429976605382373,2.3086943407973086,2.058080242761496,2.2449173096634216,1.9392044014749514,2.169673600861026,2.017619456024311,2.3161877763975145,2.428584953878964,2.3796603394043454,2.2883395687525034,2.2368391340561335,2.291031876138871,2.452990219336531,2.328654705970504,2.549965965198933,2.619582371121155,2.4415964297806894,2.4872736318446633,2.6479027395040298,2.7820639500974176,2.8102078846549667,2.654347630641838,2.756273548310249,2.76473399246726,2.7243881925939255,2.777433564357322,2.6890531521369794,2.5796311991893446,2.7128766126082375,2.7616519269745887
2.076617446671599,1.9342053541470714,2.008803115359413,2.0230362952889207,2.1066513407330243,1.998344418064863,2.194380711822337,2.0186432461414525,2.188070351496644,1.943987613937913,2.3437951866807474,2.231373402470711,2.0947080590120706,1.9279404301671064,2.252964301220711,2.1630545159927697,2.051112353484952,2.023571634099823,2.232459447035238,2.1880501086416233,2.137074876348332,2.4362541909817303,2.410913450202905,2.3528123259322165,2.2792583928708723,2.3531429634416683,2.2111816137122715,2.6242437598977197,2.767965829862329,2.4549960660507386,2.621476200166305,2.693250696927252,2.5877755560828075,2.74815971735602,2.8324188656164537,2.7816065922016384,2.733494373594504,2.859920409668737,2.7874987827644375,2.5387920770199504,2.842208254353223,2.7320842414042943
2.036412848553664,2.101290252892196,2.188011414131033,2.179214403846365,2.1763652867086214,2.1372687364003884,2.1440408573739105,2.182701980861607,1.961752087467584,2.013243025129681,1.9294823262919565,2.150542506461948,2.1756842033492187,2.3398885589286444,2.237667389536471,2.1370161493178808,2.285356492402188,2.248190528717945,2.20028765719473,2.2229573990493305,2.369420329366613,2.3115551005153185,2.1089898685225132,2.3712324769889146,2.5677653864598726,2.46055673411601,2.4914065305964024,2.7082071553569325,2.6142148186779672,2.3973036101887217,2.52720498095695,2.6230480819774082,2.8264060540985168,2.7621489714948075,2.6775634082961464,2.7619964806356214,2.6803008758181273,2.8236379193895274,2.653237627286121,2.7684714836845576,2.7579899595303594,2.727297661304521
2.004751237761011,2.13228027659761,2.046638466625347,2.143682906862356,2.1044102212346476,2.2631444051057676,2.2535864877364626,2.193974453376445,2.2324543314699232,2.1665400987772943,2.099036098682501,2.197448927255978,2.082923620667714,2.3863916166551196,2.094671022294685,1.9211729199401144,2.025323301388584,2.1085999542600566,2.3202254096746615,2.1610155387561596,2.4048368578660213,2.2261798136715734,2.2852277427479164,2.560939564886282,2.323043006108661,2.55268205576903,2.6361500215790077,2.6339480531237043,2.669637010774757,2.7292447484689877,2.6820962370217845,2.6101199945027522,2.7718804854427,2.8362614517034928,2.8834230645391137,2.8178311855618396,2.6748329133655977,2.8358820505065,2.712295728846211,2.6118222155335493,2.6742747924058357,2.797658794017116
2.070041744118396,2.1674213017085835,2.121832506457632,2.107035493512589,2.015448533247499,2.107033727125794,2.0105157659847674,2.1990078261854045,2.2258651182672016,2.1065584513472446,2.114623363695974,2.1238486169778974,2.287887098091195,2.199265446219858,2.0349807108147036,2.1550352917475375,2.4193664425453467,2.307102451707885,2.1714885448850785,1.9978968092887244,2.432267252326488,2.338194419720404,2.2323411653616625,2.3033088438822142,2.3045364783017046,2.576323805338102,2.574099222002872,2.577381453401072,2.72719696166819,2.6620371808450614,2.7951730318573538,2.7995117601083397,2.744992592010229,2.6925838267977995,2.8094607436901007,2.827565669972747,2.720056635903118,2.7479735229931133,2.8677832123990927,2.7271614719483614,2.733506777000511,2.5997615663997244
1.999977504878843,2.0320303388590606,2.0881375003135254,2.104827534080394,2.1900017284894315,2.2270766622953633,2.276141066891897,2.2985034082328695,2.0953067071611096,2.137448083615841,2.3585380240477614,2.220816694928591,2.3216121748180414,2.0610350811019735,2.15320306260166,2.301501531660098,1.985081196163354,2.2666545208866307,2.1160473945720635,2.1415723216347806,2.153043459758264,2.4620844518975185,2.5386443649673964,2.3192463251396713,2.618780703120189,2.5719088042820557,2.3738196990759106,2.568094079165574,2.46760045518644,2.605794227776037,2.633901614458761,2.8058041302855203,2.7485128652361714,2.7632218968735125,2.7632058231349967,2.79566412996533,2.8490353264720407,2.714338207415163,2.717709664083641,2.8688220518873186,2.6664461401897075,2.5877950533732297
0.006135463385817442,0.008603296783317602,0.0491489552796469,0.03002181595801538,0.020748929980358984,-0.03634619125442072,0.0406244246988014,0.04495851516317653,0.06837244916728072,0.014570661778230557,-0.04307115331118666,-0.015601424599058528,0.04880459951756536,-0.016859185331363356,-0.03559116530680916,0.009332250769624519,-0.0717398718189569,-0.017050479133405426,0.0264355223149169,-0.037534216414966064,0.019928832999372127,0.0294410670611756,0.05193510358412745,-0.05606491242735138,0.021376380568280513,0.03223634131292479,0.0013345789849244132,-0.018202391603149782,0.021534731624349226,-0.053478167802372974,0.03813718779966209,-0.029530059737445137,-0.0012312948195804547,-0.026696809204477142,-0.05907418962554448,0.04302722815595351,-0.018547699611959657,0.030823358480205187,-0.010617174238316677,0.039751890575194446,-0.024983343682809727,0.023978162711379335
0.4911396097370729,0.48027307053919355,0.5183800925632245,0.5866296592914598,0.44218539142980007,0.41993251151783384,0.4807961263212164,0.45737936334563123,0.32326915458289085,0.37480606078937767,0.14080697238098497,0.013481635533512299,-0.06397354198573722,-0.02635786311571667,-0.2074398593469101,-0.2244384854893939,-0.5208600840495279,-0.4979899307535322,-0.5867081637343283,-0.5345139605258691,-0.799211199695187,-0.6200787478655272,-0.7413230335551765,-0.7000687072302563,-0.6780408202584374,-0.7466032492185174,-0.5624682692858035,-0.6045677899211414,-0.5802513474097861,-0.49493853292655504,-0.43954273991418524,-0.40777640423404776,-0.3084090476683335,-0.335467800387674,-0.07226020593297779,0.0064525670790380255,-0.06120263633165555,0.18642991664075573,0.08219515573095547,0.13373169537703733,0.22480713332754984,0.31138766042550337
0.46823631760920953,0.4913983732861934,0.5636536155735472,0.5379587131861685,0.5163837015520112,0.4010808752806442,0.45445294634528816,0.4685324020055219,0.2929543744502025,0.3419404204661232,0.16889634070836765,0.039369066822857034,-0.06971523523070072,-0.04861885407216585,-0.30832804881542347,-0.3402243836482298,-0.5453630087667835,-0.37012526086021197,-0.5660067704341004,-0.6668249107667148,-0.5803699743588114,-0.6784627152155536,-0.7580379814824719,-0.6500767965091565,-0.7329763766081568,-0.6454903779333045,-0.669428441287873,-0.6486268751088085,-0.6188513614088258,-0.5802131118727872,-0.5762177664947441,-0.37568163232148255,-0.2793008869519532,-0.29954436940595497,-0.10219190475287902,-0.09264215442436131,-0.029575079362105277,0.16191933724655105,0.21835602442237292,0.24304504341582736,0.2667007208965273,0.2963615658652247
0.4815528252439008,0.4926173590219671,0.44168865671208773,0.5773165921983274,0.46389131637917236,0.609785495129955,0.576532241318747,0.3704136336342731,0.36526570459189434,0.21714655967087632,0.1649789898779108,0.05599558070562074,-0.02536814514112211,-0.23276108850136387,-0.09934317514834566,-0.4197929158149237,-0.36579510507241386,-0.4042223947176439,-0.6249516863373966,-0.7087797700998784,-0.7032245252339224,-0.7236427833772072,-0.7816761125427873,-0.696558507411184,-0.6804757789556235,-0.8091053982568894,-0.6597894465439131,-0.5699490921142483,-0.6614488970608706,-0.5330406904661025,-0.6120113732713697,-0.3137927013874089,-0.2840181150749547,-0.24846128673947612,-0.19881602307799986,-0.031498627166905026,-0.023117579156161396,0.0509980251854501,0.17557228284719129,0.24269724547447646,0.27558892170028343,0.24643296772140721
0.4961291959979424,0.5647810490850684,0.49912017923773094,0.6498148697563577,0.4682280941399313,0.485099236832221,0.5066009848211632,0.442362529818221,0.4571318765764773,0.20859580105497164,0.12575336601638093,0.0007976865518934312,-0.06472899458794973,-0.06190907631946808,-0.2776927693244195,-0.319744381741649,-0.5579587144371165,-0.5843809157907677,-0.6016955142991834,-0.7070729400152901,-0.7573528620948127,-0.6406162991832194,-0.7675632950780057,-0.7567481528914111,-0.7000733351985874,-0.657537350297605,-0.6580169510705977,-0.6102277334316143,-0.6549125714963676,-0.5096272811250876,-0.3792494635184353,-0.38974866271083913,-0.4055713128338544,-0.23853871421388206,-0.16344822867431127,-0.07492733824769954,0.08425861763337732,-0.008233640077745021,0.07126381002414825,0.2701568156488779,0.2873477536583526,0.2492917967594002
0.6194842242574709,0.5122603621793911,0.4809837361174024,0.4932283984013842,0.6379236606969555,0.600328567081311,0.4930532636913905,0.3633340808371664,0.4389198201168943,0.2832187968222733,0.09375497662266753,0.1050064914162893,0.12523421481031455,-0.042733257623520114,-0.0872399411932063,-0.4313816842301452,-0.44653826357067805,-0.6161710557817399,-0.6560948999051438,-0.680436539353586,-0.7690929557264662,-0.7027157854989582,-0.7434580302371168,-0.71103791437265,-0.740070978916999,-0.72494076937892,-0.633969772417395,-0.5911301074350024,-0.7271014177172974,-0.5422979779288848,-0.6357289950201784,-0.5914696174628347,-0.282951135813395,-0.3674482138816631,-0.09348004589720013,-0.19584438204526394,-0.09086535905277619,0.14419599073562867,0.2243189223418489,0.2898834563493002,0.2559579776642926,0.42824343914108526
0.610333864452613,0.5129685312857188,0.5465124388221515,0.531673562056385,0.5214031716125483,0.49047666233843484,0.42571131471493545,0.46428925662393505,0.4061154783810362,0.4446826792446575,0.24522609681883323,0.15343644711508223,0.0477726915514535,-0.24752720873533324,-0.15067445683820221,-0.320991842711556,-0.4831944319563911,-0.44152491680060524,-0.6149785215936217,-0.6322025424748033,-0.6438856539388916,-0.7513772484670375,-0.7284346785718508,-0.6546587323984562,-0.6947434352743976,-0.7784738166796311,-0.7739811000016827,-0.7516051530533727,-0.653385848464022,-0.704504141467817,-0.6436053017258472,-0.38455720507267843,-0.23365776705622285,-0.2804057924148634,-0.1710331332630093,-0.05185069300017269,-0.056148942385609274,0.14610239311117904,0.11342202140237216,0.14419098246209386,0.19456637908542496,0.36393698987208445
0.5121884526131758,0.5400378232527252,0.5464832990641737,0.4860064777127282,0.4721945590108265,0.5592771730220386,0.6035134885882868,0.5270853962145815,0.5378785883300737,0.39114374764500087,0.1940352764993839,0.10547820245415358,0.11452812151931913,-0.16252564916809337,-0.1522365437256973,-0.24046147028055118,-0.3870538987024047,-0.5472414878779085,-0.5486036373299371,-0.6359890155141685,-0.8113346766556981,-0.7686975115252418,-0.7405695976070139,-0.6591855159177216,-0.6104735819822332,-0.7563329212866383,-0.6796734333091128,-0.7334539321626653,-0.7076295867417631,-0.5910672964103862,-0.5160520132507403,-0.49829852769181743,-0.3930023474629032,-0.3334682385988898,-0.10433967693036131,-0.09447460818115498,0.0428694247073984,-0.009278081479484307,0.11099263231494422,0.20827389107832264,0.27551854644668944,0.2967762443395293
0.5688483208211448,0.640769000429156,0.5325636408488187,0.5548863034136904,0.5324686186522796,0.5217950166631856,0.5691733657880779,0.3729700780889357,0.41207080851360467,0.18843467611993997,0.0876287966237111,0.16627974355235697,-0.016708301260628975,-0.10673165291639798,-0.31321781372389335,-0.48861445737090836,-0.4175391553298191,-0.5663078675801206,-0.4934705904916715,-0.5896401328686232,-0.8301897570477135,-0.7283639416301955,-0.813449735449611,-0.752591120502156,-0.628694277605308,-0.7015539431353048,-0.6613516995170939,-0.6610952698137494,-0.6624748626961323,-0.555811126418675,-0.4797228187507474,-0.45956806288227725,-0.34319125823423446,-0.3988818992697504,-0.1933342249957375,-0.16730977129490268,-0.03435831407023777,0.1450203731686409,0.09842074257235481,0.24057932131406964,0.29910127254994673,0.3038401819587061
0.5857451567467779,0.4763522511179207,0.6041906496953181,0.6333887095132438,0.6180469447809575,0.671037872852392,0.6116568323566113,0.4769260889060034,0.3625528009872467,0.3329304870606753,0.24877395233063854,0.037900175315597764,0.10803424009924915,-0.12269130312572483,-0.29613516195304507,-0.46780105990832166,-0.5990205944317659,-0.513047341782631,-0.6277396646198244,-0.64414665916324,-0.7821180446819471,-0.6861299573921327,-0.609008420562648,-0.7220331210797093,-0.7134787925566128,-0.6962781551636287,-0.6596948734458914,-0.6538552166952692,-0.6949127480766356,-0.6098991925293434,-0.6038462167188479,-0.33700114917769164,-0.3179699669315458,-0.2131428274294986,-0.09556364569151318,-0.1148582061662361,0.08561399157552918,-0.016836579166919843,0.18827122039562413,0.21904774312066475,0.22377771647073244,0.42067323940726864
0.5881890765463443,0.5965085008139299,0.6874245719913294,0.5137652057899486,0.5514459646324688,0.5692364718933606,0.5851729989800967,0.4445275039015724,0.5217684913894187,0.30544333966645326,0.16282511602946656,0.1400004589694479,-0.09239984780301572,-0.04666863767121376,-0.2263882451845897,-0.43421099518628675,-0.466756444753818,-0.5721474174868952,-0.5475270946510974,-0.7141532688329559,-0.769843152934622,-0.7701877600869772,-0.879804715912132,-0.7893253466836025,-0.6642686993494534,-0.8151001376392041,-0.8300644858749593,-0.65566670222363,-0.666112510233274,-0.6163942872152729,-0.5817006373709247,-0.4673756193945684,-0.35896622729218564,-0.18344097883725075,-0.24197221743614095,0.02026242196961708,-0.05647931237503151,0.18093285445850757,0.0938438193032143,0.24512877090693064,0.3188930309374048,0.30511433540843286
0.4973920719213989,0.5603228035898398,0.5088600911569182,0.6391894383759733,0.5834286004010228,0.5377418218892369,0.6422257711579477,0.5375513315724553,0.49544297098274404,0.27790171868286206,0.38894899617888257,0.21737514650999426,-0.01938525216056323,-0.01741434945576938,-0.3204852713549185,-0.2987295008233518,-0.36528929192713183,-0.6508650570216576,-0.5550753710594233,-0.6942283569256623,-0.6834107280469905,-0.7702675847990743,-0.8030597558547886,-0.8395871408916269,-0.7247684570148106,-0.6858846534000207,-0.7228871400314629,-0.7121047607772076,-0.7200283686961626,-0.6210392424831,-0.4298342966211271,-0.45065006110978983,-0.4174286239438933,-0.15151741581517195,-0.10027078063487659,0.019282626262193653,-0.060009838754307814,0.13724107758619244,0.23062629965028342,0.19593246044882134,0.2795035000049748,0.3050795078918063
