gfs-wave-data.json
{"header": {"parameterCategory":2,"parameterNumber":3,"dx":2.5,"dy":2.5,"nx":144,"ny":73,"la1":90.0,"la2":-90.0,"lo1":0.0,"lo2":357.5}, "data":
[rows 19 to 37 of 73, columns 42 to 83 of 144]
-0.3281738012902753,-0.30020327220508014,-0.4784603086951728,-0.4230694367430114,-0.3979733091863753,-0.44096487846696764,-0.4341107660123476,-0.3764146082968081,-0.38683562341467287,-0.4165950436874564,-0.4765225745137202,-0.3877270822755602,-0.4419528578716222,-0.4377282171849563,-0.3827905523683026,-0.3043257224861574,-0.29667130704973127,-0.47894837587199496,-0.35100807055052924,-0.31044542622571175,-0.422652393304318,-0.3629780458320833,-0.3687974759715668,-0.48156527679808614,-0.30389871929838164,-0.37455627979776784,-0.2870370732230804,-0.47951537363757724,-0.45927472129527663,-0.3350994185190982,-0.4554756650578383,-0.35325836430152885,-0.28806104183473913,-0.37607569099316207,-0.3977323569771217,-0.32484380201582924,-0.38962610778101414,-0.40896141890737014,-0.28926299797578386,-0.32639913239963014,-0.4506982555743251,-0.3792831472652438
-0.2896281585459251,-0.3676035283837442,-0.44186230520337144,-0.4416288784151156,-0.3875188449121778,-0.318199199876432,-0.3287440402300904,-0.39076760311962605,-0.42243765361779867,-0.472808640322928,-0.4494939695716933,-0.3148919441933781,-0.3336634370734202,-0.3810959804423732,-0.3934926953833746,-0.2925421547553996,-0.3373045522527968,-0.4153569861463866,-0.42820792744661496,-0.3749708714697433,-0.3474403272469216,-0.4784923125659072,-0.44545317537899115,-0.3471257378080634,-0.4836340221074697,-0.3211889100973578,-0.4090440969095935,-0.42166630953069706,-0.4577785312832259,-0.375117364527533,-0.3948378096104746,-0.33103909390542796,-0.34144856786435157,-0.34122750946022234,-0.37640596819086586,-0.4812330622302524,-0.36774550835110864,-0.4183826828981011,-0.4598935462621874,-0.45144561445549963,-0.3717624192650523,-0.4102749961463586
0.40858387871315527,0.26858106441826246,0.2803274227322208,0.19717440254809526,0.29569968010959,0.34050874149608784,0.2943042745862605,0.5633199466755107,0.43665073528860154,0.4399913629936554,0.5516023040841783,0.6642457385239059,0.589878358441462,0.43154922022423575,0.3713236490567783,0.4240522200951399,0.6031755358841946,0.40246693690524,0.6060584438589164,0.5420690286748159,0.5950426317276676,0.3511318246789995,0.443292700813948,0.3967650101565461,0.278280854535671,0.1881597608335727,0.19181388000418256,0.33359974523909774,0.0860499065297081,0.1412626002423952,0.11015713536190087,-0.2981978849024411,-0.14955692461607745,-0.37918053286908865,-0.27472472932663083,-0.09266144760530426,-0.3498495166341806,-0.31830369424136457,-0.31217031331253575,-0.4529163963342776,-0.4681465747610858,-0.40293264684896063
0.3404164016989319,0.3540594705947244,0.2650756789485076,0.4047730727550577,0.525734560741495,0.42226623578416583,0.5752626800935556,0.48491631062481233,0.3728025007985322,0.5676845855671687,0.43152651523622965,0.49127928708605534,0.4397165547275996,0.4555816322649353,0.5895125687582422,0.5092533612006294,0.4236070187129627,0.5515516533501769,0.6136157426005362,0.2821169020067492,0.3192071872198243,0.2722840025780647,0.5099407984005382,0.2784073824257452,0.19028878422345277,0.4073238711033645,0.40313921949572473,0.24107200659174297,0.3176811429521581,-0.005988275086643372,0.09797004212306143,-0.2717541774488791,-0.28454971985303096,-0.04081886241648187,-0.04181674770321589,-0.12351383554295114,-0.2907540226681642,-0.4998221672749586,-0.5239958526328811,-0.4123597636713725,-0.45530104319753467,-0.508291823849916
0.3896350567580381,0.3509403188531929,0.4616188355596003,0.4295344522647088,0.2997173514110827,0.2920922797956437,0.38821167260162626,0.3838282186823259,0.5903854982034623,0.3794445223277701,0.5208156110052993,0.40778920774299243,0.47505717662079266,0.5491538119385585,0.49410358447089425,0.4339879753903222,0.5207601561367061,0.4642903062457925,0.36250308106219054,0.3505623405874161,0.41574591335772304,0.27070513630484905,0.42211328081065863,0.3342996803135139,0.4107141442663339,0.16289985978214566,0.37842311332085604,0.3947829898873453,-0.05797926997854072,-0.07672616019413661,-0.14966047728607784,0.17007841196482465,0.11519107596093794,-0.17860542956929973,-0.22772802921173144,-0.0705503331984266,-0.4594968762114687,-0.4133114022787477,-0.3007270278675676,-0.5270624400489952,-0.2955727251720068,-0.5122041338904301
-0.43870357597948423,-0.4843072619648735,-0.354698325420845,-0.38794971087680935,-0.4906220826055792,-0.48559404227122904,-0.4911566757035439,-0.4844714981579768,-0.4801376515587627,-0.3518523480469127,-0.34945164844550697,-0.3858276899472876,-0.34427374768050184,-0.3968842223036167,-0.349127454420285,-0.3295644719793361,-0.38810641890266334,-0.33784673481806693,-0.39659187834712467,-0.29888159299788625,-0.33878200560843813,-0.39518832976855406,-0.3861048805368079,-0.430471176791109,-0.4903607931921246,-0.33446919086933546,-0.4805215336829736,-0.4501240844549945,-0.45857616596387746,-0.4934595433624931,-0.43539472516769423,-0.40681635325090354,-0.4406413714533302,-0.3989313610587991,-0.46301794230108206,-0.33540293028466434,-0.4087804959381099,-0.39963816081943754,-0.4350811332747106,-0.44295485826810665,-0.38572893671725733,-0.3502082552867346
-0.31533318524160026,-0.09945643109586778,-0.3272425986516269,-0.23298327880753475,-0.12593045998198385,-0.2686502997028532,-0.4227347694265863,-0.1108743153999011,-0.3408629643460901,-0.08933589311073883,-0.17774292354107743,-0.4419024460710121,-0.2480473900750718,-0.3884027644283022,-0.12791127613113004,-0.404916620200934,-0.245251184362417,-0.36598864136168524,-0.4761960616661865,-0.27288611250299366,-0.24750662799977136,-0.498153818339364,-0.4959349938135525,-0.4800259216879032,-0.47582436134443457,-0.5168862288856921,-0.30807713405732445,-0.5846174737500773,-0.28175669232074146,-0.28673698650798346,-0.6009068748588507,-0.5073289910261579,-0.8565530713810373,-0.5377489492851464,-0.9468396031949817,-0.6453086280028272,-0.9426717642138389,-1.0034947385788398,-1.0274348836985485,-0.8478313646103461,-1.0181468565536798,-0.6290102795775631
-0.15881586699391523,-0.16347759261778458,-0.2077224123761455,-0.3674952717143861,-0.3736646238704105,-0.3619968010166307,-0.08522342516086683,-0.46576826124996307,-0.07022867259549177,-0.32475860940132223,-0.11716639756218598,-0.11043576989692504,-0.34348464754570185,-0.39648639847448075,-0.2563279215650104,-0.47385658388529817,-0.46475300599070885,-0.21104973256704904,-0.236041661912502,-0.2994942405851451,-0.39200044668355805,-0.40890663038751407,-0.42353503994943065,-0.4008208497990472,-0.2585350844134786,-0.38789038266618925,-0.41069779859283223,-0.4364649957846989,-0.503654787691771,-0.3475424550851619,-0.28168429796427197,-0.7923187026942703,-0.6005551361225967,-0.678896219899126,-0.7958263218408206,-0.7399084352289313,-1.031774070435734,-0.5885072026482241,-0.7787444583456548,-0.8473988525269369,-0.8789125148213863,-0.6580951053419595
-0.340071798512121,-0.19366480251273924,-0.26742080141778607,-0.08324784799984475,-0.4390714494901045,-0.18525550456562717,-0.16156852522788998,-0.3816713248419524,-0.2891358961242285,-0.29358660955388416,-0.33259779225499747,-0.38926663868396344,-0.4033177571607987,-0.28496680583253864,-0.3096743156742365,-0.40949648739980854,-0.22366956267881538,-0.29477935334583716,-0.5017777029007222,-0.4690494348894576,-0.49301681431466626,-0.35536274678589935,-0.39366410408170843,-0.3733404561601087,-0.35864281485440214,-0.4665343920229847,-0.481412825654902,-0.2912502432925969,-0.5052762192080109,-0.5169022692049036,-0.5129530942269958,-0.594143537558387,-0.8899902457715994,-0.7266783211726935,-0.5925943360977582,-0.9432882811538421,-0.58832819335412,-0.8147289600624037,-0.6080438170488416,-0.7107862214059774,-0.6190885105954677,-0.748364855234517
-0.11629053861863507,-0.06963869687367909,-0.40995238929547645,-0.20082152490770663,-0.4494604338150185,-0.08481800154679027,-0.09643116719189254,-0.40065326147245284,-0.23161233292270822,-0.2814751827232058,-0.09059104414180609,-0.37788464662138715,-0.36188173081605174,-0.1435627779313062,-0.35571553659032995,-0.3473483894988149,-0.2130215878346728,-0.34589195719399274,-0.2777600197257219,-0.17988888542544157,-0.18681550677064326,-0.4396925679707834,-0.42847797912020813,-0.4714291870003323,-0.47886501484339633,-0.2867953994564722,-0.43845811462843576,-0.3765731688675572,-0.3056727060599944,-0.3823957735012702,-0.3530376244876813,-0.7157191975104814,-0.7964171690371302,-0.6284130583330845,-0.7432662494810376,-0.8238943945710555,-0.7139831223642035,-0.8374823079135233,-0.9004449510511603,-0.8303949973332118,-0.84503795430287,-0.7960730268012599
-0.22015741754570217,-0.24680238767188512,-0.34685503803140266,-0.04050811518701396,-0.1547740346603513,-0.10218312586743752,-0.21309441925836767,-0.32783978553513793,-0.12848075718615956,-0.28784534553973706,-0.09706478293058676,-0.24059938229231284,-0.3560555060078409,-0.20984832310517842,-0.28007002670267833,-0.36295481371219096,-0.24959015919798488,-0.33522956802073256,-0.4038255197488571,-0.29201972995042613,-0.21627829501998513,-0.20058044576906578,-0.22789509257475477,-0.49173781658411103,-0.370541521646729,-0.3373320956047653,-0.4365200256897422,-0.4979283578239649,-0.5158384240930962,-0.3631800499234534,-0.4672733277136827,-0.7484558379294939,-0.8757724238907842,-0.827789199201504,-0.908747823549704,-0.8912412687795809,-0.9156758767826232,-0.9501588089348431,-1.0408415525017791,-0.8598437143128876,-0.8260988972717006,-0.9151438970226187
-0.4526485418309006,-0.41085931818074173,-0.3487433089031597,-0.4393058605934048,-0.41011449586497356,-0.43292797190012067,-0.4051043877079699,-0.42082494123990255,-0.44859272877202155,-0.36316284714401975,-0.29155709586680884,-0.4112760555899242,-0.29499260334737226,-0.4081132914756282,-0.37179610735308033,-0.44646866478427644,-0.3536387920211441,-0.470684465797499,-0.4360704509554631,-0.41512069723591877,-0.4137621859392863,-0.4225639583970318,-0.35536263303689547,-0.3234626900716514,-0.2886842301074503,-0.3113279054001264,-0.4174517709657163,-0.4711427395923965,-0.36868179368207893,-0.4087573309643663,-0.30701950433495784,-0.4634302764355411,-0.3147715495253295,-0.3269015112637104,-0.44038465123139925,-0.3502816869984044,-0.2859657860489102,-0.31508451932209214,-0.3153720303083683,-0.3601160934011237,-0.33100087298721415,-0.31559067813428754
-0.5494794375089627,-0.36732761626628535,-0.1827477909371076,-0.3490726300416487,-0.18305971798041626,-0.04999324952681201,0.06464647438941795,0.01631899810899407,0.04125509894417689,0.1715545503714442,0.14286490632108256,0.39595256664282497,0.3444608706512726,0.30460810806241795,0.4155696271073064,0.35802849024832045,0.4102968238198127,0.5111450748236083,0.5427394392514575,0.37015775580831023,0.4633385194108044,0.47597620028633547,0.4827762493031725,0.5156705740556414,0.4178563248810227,0.35285715761695624,0.45690483605797977,0.38855126368516096,0.2686317584761037,0.016990561340160873,0.0070690657858503625,-0.21612871921566826,-0.2616262201934735,-0.3264533983267499,-0.4740393577108822,-0.7038471916645475,-0.8586392224855385,-0.8647396077030729,-0.8999948529400974,-1.0825823981364693,-1.0104084455336806,-0.9143464219212134
-0.3631444278672009,-0.4200398498520022,-0.4260513362819523,-0.2285667107635128,-0.2099441874765146,-0.1217489768999962,0.05743436646422865,0.016836853377164507,0.08961029769877424,0.13068233594393375,0.22917231485591738,0.30881810428591355,0.27946876564250306,0.3277383415376296,0.3927286697510591,0.3617293767136831,0.4617472789454704,0.5075498055863252,0.35047737206177404,0.36091443299995873,0.5305782381037921,0.5491092370301643,0.362114570562824,0.5344560730227964,0.521996595008255,0.3115255209693267,0.3198718925002928,0.3935189388057805,0.16241404731760864,0.0689275231650444,-0.13827643432786935,-0.06986668822528888,-0.2665103561560928,-0.2576587292348689,-0.6208070998073584,-0.6858319621949487,-0.6332381553422983,-0.8890250707712655,-0.9835487268333061,-0.965468378983275,-0.8852494814110292,-0.9826226523594916
-0.35193062137195325,-0.31727867144938937,-0.4002139396446808,-0.2685366225449763,-0.07673173720066392,-0.1399481996616525,0.02881920340441331,0.005947052104308634,0.20227843994939051,0.16333940210854375,0.2209084825380168,0.2854972165877393,0.24944911012320087,0.3808793344948173,0.3109490756336634,0.3547395629511759,0.39460531668967697,0.4744172205715859,0.5191187570241859,0.42066515021315953,0.4989151049349542,0.4977605096851058,0.5417959146729612,0.40564127603967076,0.39469442866755916,0.5306961354580353,0.34712627010986447,0.21968520776701797,0.2028662752977334,0.18814190623231122,0.005917990589244564,-0.18802914397345363,-0.09107731845778408,-0.26521696275621454,-0.3754326488220341,-0.7090675627157893,-0.7893512437629739,-0.9419275458249804,-0.9953805304912591,-0.9129817780858522,-0.8578179002936239,-1.1320371106064733
-0.48217417712512395,-0.3736039592521137,-0.3890934167221409,-0.260952471220664,-0.07364612776469331,-0.15952159508364808,0.028597727436754858,0.0676225258144564,0.15834951108476666,0.14913294335224372,0.26305129937129246,0.26796531359439324,0.36461988523898703,0.2439646735702664,0.3840504316707474,0.34133985206360523,0.44805790984182114,0.4759744905008685,0.3442822588749789,0.35093559614751013,0.3619173887781517,0.3718493622470996,0.6024641990581487,0.5108302141906667,0.361502450907176,0.38163487865521467,0.3827554858395042,0.3929920133231031,0.10542472952900135,-0.01657896562294024,0.026376439523269287,-0.25768508621630426,-0.354578663851264,-0.43007015003857707,-0.552756922370093,-0.6093154989428465,-0.6428183298662251,-0.8000289677550054,-0.858597505953485,-1.0214149092519833,-0.9158327910815217,-1.009276004685683
-0.39647258019219034,-0.3531358184318277,-0.24937731881911238,-0.3013327404633144,-0.13151030329637223,-0.07350610925550569,0.006480803619209251,0.08718691863687146,0.05785152480908073,0.19055797321672802,0.18072664489402623,0.26347360793704544,0.24635161556994667,0.3266798697003282,0.3522059046818046,0.27489019616494526,0.3375547456487818,0.43457814890650914,0.41611859844833965,0.46508270151238545,0.3922199160532678,0.3543852714887079,0.49615813248741925,0.4346560718704577,0.46354076478898887,0.32832508228562013,0.36300471945566887,0.25908499766564624,0.19836710228076174,0.054033747398722506,-0.13214227495858244,-0.08679731024522501,-0.11537229234646902,-0.40600890141861545,-0.5686083227516796,-0.5027394689425109,-0.6715880293638792,-0.8095768604021557,-1.0264241567466175,-1.0370460133776527,-1.0634322928338,-1.0098212112281213
-0.5089192673746872,-0.30070663157392136,-0.2683640380750493,-0.20174876028891744,-0.11413722696851936,-0.04105742266790948,-0.040235551591537216,0.04279782401028493,0.07114401071266745,0.11193792522984411,0.28189879617307056,0.2169721690967598,0.22710089886246596,0.28223376469834827,0.3098393532819842,0.29170046728494703,0.41954176848512814,0.30510523468845396,0.4576953984579878,0.4804647308609359,0.48219595668465165,0.4514087168401696,0.5355461788816471,0.42372246782081346,0.4798802368431642,0.475525169201973,0.31713513737911253,0.18052209092880056,0.21101053759098884,0.18377180719034006,-0.04344983939237662,-0.05768324441398495,-0.15180439132540083,-0.3432113476714671,-0.5796815145387594,-0.6787019321131011,-0.7887999089746638,-0.7533612478206754,-0.8714468685152705,-0.8429862651471036,-1.0903187178083706,-0.9885906952836768
-0.3592118289970247,-0.29215089276190614,-0.20316846756720036,-0.2632458276374463,-0.20136134108325826,-0.05793545685213861,0.024209882885532434,0.10525365873972027,0.16551690891144719,0.13565437656184548,0.24874683661610222,0.2297703618617794,0.2861880103201383,0.4251338147197198,0.40196157912988667,0.3876769014999814,0.30140027331483865,0.37703348442884227,0.356194835143049,0.4938959918194442,0.4144220567333386,0.3760840552480376,0.44070545854774096,0.4448934370294757,0.3560057184288595,0.42440722756646737,0.40735793642450924,0.17858210754176343,0.3329792832551355,0.04758250702952883,-0.12153101419652126,-0.05872779894761857,-0.1123474300891543,-0.3355012415369263,-0.5457939728365079,-0.6048112167739924,-0.7445611819083048,-0.7949825431614408,-0.9174584944532326,-0.9037213343697637,-0.969011428531044,-0.9322081179516413
