gfs-wave-data.json
{"header": {"parameterCategory":2,"parameterNumber":3,"dx":2.5,"dy":2.5,"nx":144,"ny":73,"la1":90.0,"la2":-90.0,"lo1":0.0,"lo2":357.5}, "data":
[rows 38 to 56 of 73, columns 84 to 125 of 144]
-0.8474996681698922,-0.8160512192127867,-0.9137024929675228,-0.8288763475086895,-0.6638926989030607,-0.7046580707357236,-0.6179606423625456,-0.47599909497922277,-0.4391240458512755,-0.37356636825178846,-0.3392918811918003,-0.10458151493049232,-0.000676566539590669,0.0535525798968033,0.27982406086392686,0.2817073336477689,0.43254619219779344,0.4915994192961125,0.5683511463116107,0.5791670704999078,0.5527451962546714,0.5642631755208791,0.5407960249268583,0.6484363982343138,0.5619015822185611,0.5591617618950238,0.41748485439270633,0.45906104412581944,0.35280068256899183,0.29689935355305336,0.36794439501812226,0.19700377490713714,0.1498939153040133,0.12776921894156712,0.024162579184524417,0.04525071509984512,-0.033621955518777544,-0.04165520703775008,-0.05860093526482324,-0.1573025103183146,-0.14629012776559183,-0.13407198357961905
-0.7570884111424427,-0.8940225815135406,-0.8105851230166926,-0.7843954192740817,-0.7065668827748897,-0.8430558151045039,-0.6841662162009567,-0.6342636164759041,-0.5588493694400829,-0.2942653352703862,-0.4105920260390522,-0.15893065779777885,0.1462179783269581,0.19342482499798042,0.09592929963371172,0.3194512057340802,0.4740141780540059,0.39739176036692564,0.3966538483663403,0.6106146201103411,0.4994066690121648,0.46199986241852914,0.5321607912660905,0.6619673935961017,0.46997642660230454,0.5416408299870576,0.380077692757583,0.512973653634601,0.3527587881871392,0.39951849997021344,0.25867691964557094,0.19491620553440847,0.21147403553078933,0.11052382156209929,0.09308356171744804,0.012404331886834196,-0.0294445663983175,-0.01817364398491328,-0.026177586606441417,-0.055541138117603236,-0.08357953792519379,-0.1571729888819342
-0.877950969594181,-0.711579536224556,-0.7892245524721512,-0.7384749721135815,-0.6491774622612533,-0.7137366823402543,-0.7015418493754482,-0.4411856130430387,-0.5618716327533098,-0.23247174996744382,-0.2347338220984578,0.0011117948494486557,-0.1249849526862959,0.19369243262964397,0.19592672532433292,0.42724702571019024,0.5399748032037024,0.5773794022169099,0.631066482079108,0.5701201798744977,0.6397132738202799,0.6468229906469083,0.6351758359656043,0.5375564532382499,0.5468052963024017,0.605575061827844,0.5295229641625842,0.48464796041387886,0.39129556676094424,0.39451184494319014,0.27231046236145207,0.258273270991344,0.18813626396887648,0.1540643250533064,0.08943883367345294,0.051626817059926486,0.010667024979799525,-0.07944295575187554,-0.09903013683561813,-0.05903859377467792,-0.1128148818499197,-0.10664711206594427
-0.8234024985058903,-0.85931512742609,-0.8633017782592229,-0.8985985697422803,-0.8558483682431233,-0.614872052453223,-0.5622207898471947,-0.4198189846428763,-0.6425865775835807,-0.5702546689763273,-0.41820907453297834,-0.25105179252088394,-0.0008145217104131452,0.021791413879074146,0.37182765046899463,0.34973123577612686,0.4930250374998986,0.4462594036358955,0.6164384068736718,0.5719289036867627,0.6500034012008604,0.5384954089686976,0.5717466074395555,0.516627760408899,0.506811091473958,0.5654650663060026,0.421767654261414,0.40760757284419236,0.34419874120122684,0.30048408955875194,0.3677851747595502,0.2589319571059094,0.20960134634079444,0.16394423972348943,0.11798134462831143,0.04748277422812025,-0.05015504688720601,-0.009519314986337835,-0.02235308072924108,-0.1079843559496129,-0.05264110542775149,-0.1385269939847381
-0.09785235957094343,-0.09703029732967879,-0.15628813793413934,-0.04813332901357396,-0.20193298445564328,-0.02587581505395993,-0.16507588676060475,-0.08571975465382518,-0.17123958495070865,-0.17791656533986513,-0.21164148796747054,-0.07905326981117818,-0.16094689550599275,-0.09284360399114394,-0.10182087429769576,-0.14712804675270508,-0.14041923128591058,-0.06974868163319568,-0.15271244783057403,-0.15298691800667394,-0.020053909944578407,-0.036924157346897975,-0.11192745361574068,-0.03930428887913187,-0.07616722262127791,-0.03975939271686414,-0.03420385142553549,-0.13691988421831822,-0.17439244593593706,-0.0914939834399426,-0.04675542966273865,-0.18163076591072824,-0.20094201910518122,-0.06420361678603083,-0.14371678799716223,-0.19734180412821062,-0.07621167944605202,-0.1805457351038718,-0.11927905016538735,-0.12729921016814308,-0.1919334325840743,-0.03421402320868811
0.32397308382623446,0.5113164325111735,0.3694196186724841,0.47661161753131065,0.23037458287021342,0.419056917081049,0.18264993665528564,0.23596817729527036,0.1739363771709431,0.1487012849891979,0.19226564218032527,0.06583386808628901,0.2937987135272892,0.16292335352822387,0.12537329493912872,0.07574505549971731,0.06054650250410259,0.13912104508205542,0.04129676392855494,0.16203325913981692,0.08002784479885863,0.15433156861983252,0.17924595091062343,0.17923976994411583,0.16183608811695158,0.02954291883050927,0.13746348140130482,0.18273778117538036,0.07731301364499833,0.17683325564994667,0.023802480964865282,0.07415932772379577,0.09805302374453387,0.2065565203397474,0.06826139909418055,0.04008278216084917,0.10065418421812189,0.13582617832784172,0.18266951848597507,0.2119005507370869,0.17889715694927444,0.10166609459945875
0.1860387739039578,0.3988278515914823,0.4370837844081667,0.34627472981543705,0.3800178033547809,0.23187700495739744,0.19607087961400943,0.3488151947074041,0.2446783325019015,0.338275348041334,0.2592456599697047,0.06197602628510906,0.07925298665874764,0.0955994722397324,0.08788997956923489,0.22096720606934858,0.08293335474836211,0.21184213376902647,0.24943854765728019,0.22438329530711418,0.10300036652071148,0.09639394059677776,0.02333623597475547,0.008506428023385791,0.19885622113472576,0.017137711896884504,0.02993142402655833,0.060803726426372606,0.15358517936256955,0.029764049353476887,0.04809257029967356,0.13687924916249772,0.21511957114282423,0.10913332414123847,0.17309472486237895,0.1849413999815771,0.060798106481199335,0.2437060828554552,0.20389939408279267,0.21676356090055698,0.08700540551173483,0.09716743805182114
0.335592647718423,0.3752285981224595,0.2060373028030247,0.1375559336860092,0.41842692927770697,0.223492965974085,0.30960534441103216,0.12844410266455208,0.17629676263256844,0.22626174976074676,0.2282967446803301,0.1560387089050069,0.11715180379844996,0.08273136680787906,0.1782680511333504,0.07624774324605303,0.06595987310968786,0.08788206989102632,0.1592860081852873,0.12091716050691158,0.03192554922925974,0.033527257704500615,0.20020051938265324,0.13426813394378734,0.17519822196810708,0.019988509951560873,0.050858610020965665,0.12894956032732854,0.06025739352162626,0.08138597832928221,0.12031179028595693,0.01612097887350486,0.14054048241365583,0.1445194168928268,0.025821542212839475,0.04376282845922923,0.25453412633961714,0.11764606588019719,0.19677192748280606,0.11049480634585764,0.20158891432671677,0.1104399805870668
0.29544612678069343,0.5394374052397694,0.4591809764836566,0.23948864046377916,0.36177978352007617,0.2290426183599704,0.15042234673552207,0.42539081175921406,0.33782480016811545,0.07768922885250623,0.24051534066090835,0.18643830422245297,0.18850822049169838,0.2777142879222965,0.28368642155791507,0.21660465789469363,0.04975258152283114,0.22950652189532558,0.2678337694006615,0.08739377193141251,0.17790008528440962,0.13619939028605121,0.12683655941609048,0.2535258370841857,0.2358917271789412,0.07466437776223749,0.1527111144666649,0.1487082910089903,0.21311249237434976,0.12066497344740605,0.09118199572372727,0.22754824032757764,0.20937211189587188,0.043216366936001956,0.20639572599398004,0.1787867806920253,0.08869710172739645,0.1974558106165852,0.1151970482471695,0.20900482163114276,0.1691585017866212,0.10269265584621412
0.500244205251929,0.46134800531158565,0.3372219289467678,0.3033373743854663,0.39402231158715206,0.29055847966078485,0.15222642259976996,0.18782587051862337,0.2744686829818009,0.1476946453021125,0.3592084689261353,0.3670475775356954,0.20641407339745688,0.1372487311863933,0.1261605631976328,0.22277796439575823,0.3055112888149149,0.04503922136822926,0.08911367085346839,0.21519384353421953,0.3021673695996497,0.0460216006370339,0.1659393459804317,0.17072092308851514,0.21610889470956002,0.12228797792748321,0.2464196517123132,0.16404675598378354,0.12403105070480455,0.18093249993916918,0.1919383361064411,0.20648810184212135,0.17084702440337338,0.08806306008820794,0.11630666166866202,0.24063531862656748,0.13408703743103126,0.19116189961717905,0.23769179409725524,0.21167602689734777,0.07441962139062495,0.1185049089591429
-0.15893792590627498,-0.25135322686753886,-0.21940462304941263,-0.15877721445450235,-0.24917448493891534,-0.1526866576250976,-0.19392491162415193,-0.1365521389117251,-0.15912088475058794,-0.07498296643832218,-0.17516249287978525,-0.07752962366988263,-0.1510209070914663,-0.17077920139900396,-0.19061888765976717,-0.20868531277291738,-0.24954078521986445,-0.19248860975249552,-0.15766520957050076,-0.07852091128857834,-0.15382976494123554,-0.12038290171653111,-0.1302784822057786,-0.13442275144727844,-0.1156652348515924,-0.1678932694655212,-0.11477756359523575,-0.17465611322591665,-0.09132752497718272,-0.23541538634690667,-0.11206082883898855,-0.1250598431931869,-0.11604288672130209,-0.18819055467251222,-0.2449724256793523,-0.21059817365320385,-0.20319200946404123,-0.27017766577141716,-0.23692110994284665,-0.16349273508043527,-0.134831960150565,-0.2481201526180607
-0.383594686165519,-0.26942818864799384,-0.2752758977352576,-0.4695490012396481,-0.32567375780908486,-0.482211499242414,-0.3845469643846397,-0.4493213135396283,-0.4896469164673674,-0.32149074287050317,-0.46171457595053994,-0.27612235565878895,-0.35144932067920426,-0.28713621614119456,-0.25451008240498946,-0.21291449389940037,-0.3103701589375923,-0.29242758805816094,-0.2714861243682241,-0.10451485096980313,-0.0404581368915554,-0.2446631983591801,-0.02062353814475476,-0.17793800495068132,-0.10064511651655517,-0.07924707606225836,0.10129453831900667,0.12076931501407837,0.20370467459246,0.27608708325866477,0.16639947041213377,0.4678566285474621,0.2494697077056393,0.26854609607594754,0.5260433666075468,0.4707077169204374,0.6590997921936436,0.6577869987054467,0.5386541454261318,0.5697940002267956,0.5501049321173431,0.623408936988622
-0.510462995489509,-0.4359832704662057,-0.32845283189353025,-0.3236976121390527,-0.3890009002282828,-0.31766983911885255,-0.3861029518413983,-0.39825876773976865,-0.40200626789681576,-0.39433046257303356,-0.35788474905761625,-0.2767590377276737,-0.26175061154627194,-0.3936930119531877,-0.16849743214061208,-0.34430197757439984,-0.15239554082074158,-0.10244672606674902,-0.32273383119242516,-0.16338619851329295,-0.20847348873088212,-0.1266758376142053,-0.1484160589466521,-0.06961338921382566,-0.08319684038670483,-0.07961410537248938,0.2089461658520254,0.07480735083604084,0.04392982624874133,0.3192219827084374,0.3495228193832471,0.161594197659978,0.23410486134991199,0.3409908771569587,0.4114599751640801,0.4201624154600341,0.3546729165145734,0.5027815052466547,0.672960259992543,0.7175032714279828,0.6447777675204637,0.8492840959425659
-0.419683239633368,-0.3674396617810054,-0.4570746342204412,-0.4593014198552046,-0.42513602455243243,-0.40156468032292086,-0.33972656882320734,-0.5199122528968029,-0.40888096315195843,-0.346808476567478,-0.5049464834597137,-0.4313992094334671,-0.4908145528938625,-0.24876546602789515,-0.32061695820449637,-0.16780246959608175,-0.4380829904975523,-0.24143807852395816,-0.36437340918435274,-0.20165422503193578,-0.174466640923084,-0.1516258615251578,0.05165738490499819,-0.06999002534353958,0.08834195601969787,-0.11178388030785102,0.21827575857374656,0.18559949700120545,0.25243572653116175,0.06298503546707966,0.35786666168479164,0.33120603784165725,0.18693623331460457,0.2241258545524815,0.3270321427976183,0.5003926714227984,0.3459885175018671,0.4281709374971247,0.4972885906713572,0.5770287523521248,0.47712634673399634,0.6372111741777873
-0.2019684740037989,-0.31022793797109244,-0.15783677560561918,-0.2051597342084769,-0.31411059871735475,-0.23157319326391151,-0.15986239732531857,-0.21440646104597688,-0.17474244407177253,-0.20697737871718191,-0.3066187884046243,-0.2742537082110895,-0.30304497082648646,-0.20657873037819383,-0.19166067732815692,-0.2762471171771703,-0.24284254039442468,-0.19306028536107434,-0.21724690403900707,-0.1651617928300208,-0.26614994748740767,-0.19633604634938118,-0.16012343287393477,-0.18434133983866086,-0.14824979319599857,-0.18194662843789583,-0.3133754900226219,-0.24337623030152186,-0.2136775736580464,-0.17247816994169513,-0.1935781130398673,-0.17134844602731353,-0.12865863625331594,-0.21098221098039083,-0.2772076909778328,-0.27645777540412686,-0.13748910123699795,-0.303336509820403,-0.13128563680987693,-0.27842739503539676,-0.12838601134681127,-0.28483686227260946
-0.7028970534558511,-0.9497891144826954,-0.6235782578223459,-0.8810266468259625,-0.9135420361821118,-0.8844482351037786,-0.6432378628776318,-0.7526511625256042,-0.7593420900115232,-0.7358894572084127,-0.6076450555637158,-0.5902909183517937,-0.5527396718656438,-0.7150848287523837,-0.28263833887507633,-0.496038335885832,-0.46632567187589824,-0.4093675603467892,-0.38387430435744113,-0.3105225241580521,-0.43610951549441207,-0.30406375563126764,0.0924887613235613,0.024948263566050604,0.10988283263987925,-0.08317908836538927,0.0600335163329624,0.2804577381366283,0.2853851434705054,0.20509234476170513,0.3150808121180183,0.5726212449740087,0.4314919125094255,0.4805092758062634,0.7063043088697545,0.6393800731350963,0.5391977471519047,0.7114644483337174,0.49633068886041853,0.658312407283212,0.5172469304231122,0.6293327027128479
-0.9829122478141586,-0.901023186087739,-0.6924136723028514,-0.9049932521591842,-0.8482522790536037,-0.6394998266680709,-0.7020348171650383,-0.6708577565678187,-0.6071523471752098,-0.9114774668517115,-0.7693655535511096,-0.7489819522335133,-0.4091799481229081,-0.6159951306036839,-0.4181464915169515,-0.6720893234265827,-0.32930451791757903,-0.49883963051504154,-0.3927156768213321,-0.42959454417827625,-0.2333785005891943,-0.31977139474711264,-0.21527426371742112,-0.010185680776956748,-0.1630689680812854,0.1732258574412298,-0.011024748665698289,0.1705959943306457,0.33881031716804544,0.10713835355141738,0.43065861633464214,0.45058933355890646,0.5446771544420737,0.6120385160720759,0.33798993929961846,0.6339842949458437,0.6803273395614394,0.43656014557001266,0.49707226148133093,0.4829020799100764,0.9006555472221999,0.5429737491654385
-0.5483882431889943,-0.5472288463165385,-0.6762248808180256,-0.7191981073360773,-0.8713803677747437,-0.8597994032045657,-0.7827637786314128,-0.7040600947363805,-0.6117715720641272,-0.86801983777922,-0.6834839328662039,-0.6340906928185853,-0.7867112847890855,-0.40490106524814345,-0.40671025962550617,-0.5403961245917194,-0.577886068070666,-0.459709178061115,-0.32479308633197373,-0.39732977950629833,-0.12638154801148693,-0.3283599977183308,-0.2727667713576005,0.04982058822748098,-0.17662766436931537,0.012877745039643559,0.15575792038689784,0.2518909344396616,0.32366025605806586,0.4641756607068786,0.2093365569546396,0.4550078115777482,0.46158601873776417,0.5652545175189211,0.5987510801903184,0.36578231858138044,0.7250752777212732,0.8556563775984733,0.7334941988054832,0.4884739396809544,0.6031986167101785,0.8548282443238061
-0.7957578797267252,-0.7984290332530528,-0.8131964536284945,-0.6398159680147459,-0.5788877069753577,-0.8615817270782308,-0.5991860026594044,-0.8228673559583913,-0.6770588252272483,-0.6632532598105766,-0.4670347345050158,-0.7861835386369064,-0.45884870054124854,-0.6499535427440852,-0.40046596262018463,-0.35205995685174285,-0.6800585562727312,-0.44079206360505124,-0.19778385635825046,-0.28796841273274154,-0.2855201607098921,-0.30105172223998516,0.08920466977072403,-0.14714295497959184,0.20849165864058009,0.03724921276457586,0.17326320334612824,0.16049879396857547,0.4347245985975519,0.3242207704202483,0.3553697923210912,0.34854336445528045,0.35634702919212574,0.2718416761052881,0.5086724757902338,0.690187314916402,0.7364560332092321,0.44113569498062544,0.7846877440421635,0.7743663748928802,0.6088556491179812,0.6219175723019784
