gfs-wave-data.json
{"header": {"parameterCategory":2,"parameterNumber":3,"dx":2.5,"dy":2.5,"nx":144,"ny":73,"la1":90.0,"la2":-90.0,"lo1":0.0,"lo2":357.5}, "data":
[rows 38 to 56 of 73, columns 0 to 41 of 144]
0.04030343336005406,-0.006073097988947513,0.2248121107214212,0.23248274162986582,0.41059657009760686,0.3639275123489419,0.47063528211304767,0.6695023799160794,0.6884620982011017,0.7040934916651163,0.881734176866506,0.8014553592659018,0.7323538033950641,0.8109922437433734,0.7291247870156043,0.81602449161374,0.7763169839308903,0.728272048703598,0.6095186919849186,0.7233163341516486,0.4699591425858223,0.3695406503858193,0.16408892362073238,0.10353647112743748,-0.09499368708907742,-0.05917093172449913,-0.3501267807727428,-0.38752027438289743,-0.43148605653635674,-0.5375216960846302,-0.5599536149909932,-0.6744397435232152,-0.5706993185578816,-0.7171957831137417,-0.5474991521983286,-0.46277492291687555,-0.5672664924159054,-0.4019471900144063,-0.5192946746279676,-0.35646760700283064,-0.38788178103925536,-0.30797587453312386
-0.10350839039137068,0.04691765665081372,0.14708775915034003,0.20456261282889995,0.3122529966175455,0.40357948580674485,0.6928930438633575,0.5748355362756984,0.6817426638152683,0.7935168094970302,0.7038062620288752,0.9047069709730203,0.780701451785649,0.834260260806603,0.8020763806027013,0.9334025453099577,0.6567589278172282,0.772058911402077,0.6096790899312138,0.5808419439566019,0.4609055925447275,0.5067380749986826,0.18335002976513098,0.038863176376730306,0.1504290316257517,-0.09970829846158204,-0.15873771094737407,-0.2835358073804044,-0.4940541888910675,-0.4923103944282277,-0.5210243334854375,-0.6445238812056293,-0.657277483966709,-0.47756040101497865,-0.5839198643011183,-0.5518476023201728,-0.5279720972734081,-0.4296333859515583,-0.5643020341507611,-0.4116776138164864,-0.3637786769776129,-0.42537908433171384
-0.05690683760722998,0.05466988484436097,0.12930603800113427,0.403550581703309,0.43385118123327704,0.5102442029794738,0.5906976752405856,0.631710802347819,0.6598326203456774,0.714083887662207,0.7869730938751788,0.7458108270642626,0.7330700109439163,0.8684475397361983,0.8061795478057282,0.8503991233731237,0.8385185593525237,0.675853810753726,0.6685814097662742,0.5249541252379821,0.4904625235112683,0.3355857837203384,0.12222036854010708,0.1426815012573384,-0.13451479751021614,-0.09903665509501022,-0.3148656808776871,-0.3764429804011062,-0.5822027399476968,-0.4036504362260425,-0.5200654962247553,-0.5654126644063199,-0.5923946054773838,-0.5518478963055649,-0.5612438679400034,-0.4846226366841388,-0.5814343760554606,-0.5943077826713666,-0.3412191494583749,-0.35913344642724593,-0.47032842886105064,-0.33648810554655667
-0.03309445703026388,0.09340927863421938,0.28803531945673017,0.3341824004749991,0.2848181052778791,0.49100618133145374,0.6421644193593098,0.6738290543156473,0.6868360827105189,0.7535389142251078,0.8449484915148187,0.8730561971396591,0.8841632206888151,0.89604949361709,0.8002693350008655,0.7582998044557641,0.7245334931897001,0.691615381759887,0.6528179236560718,0.77213703058341,0.404052794777705,0.37459624734609737,0.2552628780471321,0.27802373273073766,-0.1588356085105551,-0.27373084884065507,-0.1940823980287515,-0.38557605903203046,-0.45068058220588675,-0.5402622888466702,-0.6042004926146627,-0.6355163521453829,-0.7211261029411523,-0.6381701734156497,-0.6233333533060947,-0.5531446219967984,-0.5056131125777469,-0.4730233601690963,-0.5139375179284191,-0.3708466024129449,-0.38619277866869584,-0.2720327800455473
-0.1588662623613522,-0.09685376834583743,-0.12171919997373698,-0.08280239571762377,-0.11939133683772087,-0.054292481913059944,-0.07971978605893414,-0.0766946812197844,-0.08635568518290208,-0.07670469532888358,-0.11524167170026713,-0.05750022308467484,-0.2045232356701148,-0.1661082667518506,-0.09380101003897233,-0.13362221123385357,-0.1577968655560721,-0.19144714892107956,-0.2010870078331356,-0.14913283870909022,-0.12617682060456545,-0.08122874705128316,-0.10617589063974847,-0.0982165048637069,-0.10536418473289595,-0.12145166601510377,-0.12224761312694396,-0.034163161486579594,-0.12597322821043094,-0.06701243412082336,-0.07431427215793336,-0.14436440383328977,-0.027962062308049176,-0.1729095668518059,-0.16882551290603467,-0.02455483275002378,-0.20369158669940013,-0.17942150439911514,-0.21210204206971944,-0.029128868808292636,-0.17433005276377214,-0.19998857309512297
0.45703553540802405,0.4489057673941619,0.37165179529229936,0.3716495588366744,0.503168778791515,0.505560513441535,0.6666282911318546,0.5965975336526312,0.596719147529959,0.7451521720620141,0.6159337623888967,0.7461084096534314,0.6908513659140673,0.6941513498059704,0.6670817716226082,0.6945330121034979,0.7764563382894909,0.76345262808239,0.8891101823728517,0.7225824809979655,0.7126509126820584,0.9912794537127293,0.6693377366642741,0.7909316343931346,0.7037360827155231,0.650603232436532,0.7060648346709749,0.8031931425683636,0.8325814685585539,0.8749957121094837,0.8904545703395579,0.7320299227231413,0.8372808648352275,0.9081459729424564,0.9736602094678121,0.8016749512571422,0.8875538010658626,0.7507679957605469,0.7409604679835261,0.679100247150492,0.7806216468366919,0.6356618440506556
0.3272294487567189,0.6058711449903896,0.4469589989418417,0.4306618741349063,0.4374156764526255,0.4136636085750475,0.6369131021668093,0.672439415220646,0.7228246529073117,0.6424911665456141,0.7166476364131069,0.5715508976555986,0.7688400682422712,0.5303842510805711,0.736161199986506,0.73524485696859,0.8354475572418752,0.6678069099856929,0.6347853015841993,0.8473513914787144,0.6487024725141649,0.7945900510376745,0.7505232100151926,0.8612798086560819,0.7538866339524121,1.028437300899051,0.7403510997187943,0.7645905658541837,0.9615563531635285,0.907623213730539,0.7375752050515242,0.7623264515095107,0.9159220742600575,0.9962332660886772,0.7396243254073076,0.7412976244497462,0.7652019155487151,0.698076596695177,0.8253194949013799,0.8255735472814445,0.7730626496119927,0.693691373704532
0.5559991531562462,0.45678058954160783,0.38889606686669864,0.6311104906050209,0.6605700543444015,0.5916116178829381,0.5606892624415825,0.6415229311131886,0.5238591427349177,0.5518905931856607,0.6340025388545965,0.7865202595848607,0.6752249489938034,0.724402849379309,0.6211527340782332,0.7008588199183771,0.7808787465539406,0.7740221943473031,0.8343412917823476,0.7722579449162318,0.7135472686344295,0.7619707190913177,0.697059570534749,0.9704437425173291,0.8729704575095102,0.8520281300280871,0.9376776374160226,0.875057495604606,0.9124625633706432,0.8412597530370434,0.91572707932406,1.0073406844306123,0.9191382082241676,0.8657717951610312,0.9846934735644739,0.7790913105985636,0.7226786896327788,0.8336851086891646,0.6965277691480457,0.8531282313959178,0.8134357477115166,0.6065556534165637
0.40280571981610724,0.5265954891121001,0.45673387419390143,0.45315219331055473,0.6196993758669178,0.40267826656575284,0.6588659461094244,0.6218293421539054,0.5137150349416681,0.6250864742095312,0.5360193621299829,0.7848950826224318,0.5697867430374153,0.5334049677208867,0.6623093435200335,0.8104468139598515,0.9208006406020522,0.8118155043948155,0.7236967724023485,0.8321359908792362,0.9317590415781929,0.8859646475729216,0.7719435868110837,0.6598188784840897,0.8839844965437154,0.799322911714405,0.8223143478113379,0.6565442433344069,0.7273329721257983,0.8399056242705589,0.9012235327732012,0.8675005104011265,0.9855404731050156,0.7524757739821075,0.8529746023001678,0.8544304168576914,0.8406124533288513,0.8758873652669046,0.9188797971075098,0.6944445045444839,0.846310745721086,0.6648308236978022
0.5112020832808242,0.46496965136811735,0.528326906925283,0.5656736911249527,0.5838598844124595,0.5953966300096162,0.6324519771482642,0.4788573090367606,0.7531659119300361,0.6579858990139281,0.5252666617772743,0.5890783045321851,0.731454203402811,0.7857476691311345,0.7506523021761652,0.8477813411651308,0.7332560791608765,0.6797132424227454,0.7111184167111522,0.7540551361888399,0.8601608955745892,0.9096589631105688,0.7957656474472322,0.8330076139486627,0.6764754946973001,0.9551211901945602,0.9626027028525577,0.8571691084098894,1.0667067499336886,0.7971282809385365,0.8271407724326496,0.9910647211936578,0.8896755076467857,0.664335646681303,0.9996505230909636,0.7432253142511335,0.7542886829016977,0.8816447565966964,0.9404436319095987,0.8640835982224517,0.812472378008883,0.7001092934625892
-0.12491139974073398,-0.25972203410498124,-0.12718237690773007,-0.23652773561240717,-0.26058350846441153,-0.13676972196014514,-0.11523773861214777,-0.2272107238414882,-0.18888183604148182,-0.2233260675935847,-0.12906081880052478,-0.10577004948135424,-0.10167584204201974,-0.20517238854369438,-0.22245299947705002,-0.1929121200027806,-0.09844985222178622,-0.21237308040019948,-0.2121507050515955,-0.11842777691484767,-0.0969724291858447,-0.13362205619545875,-0.15419129375205315,-0.10711690107418757,-0.20202897846384463,-0.23349132921668297,-0.2027226040018011,-0.15283688175874938,-0.19917450455466382,-0.07867087046899644,-0.1168442356130433,-0.10572774351270514,-0.12156218977559938,-0.1180562245531612,-0.1676959215411981,-0.1066801293050089,-0.10548238245735518,-0.26648804071031895,-0.24604058293963638,-0.1396223976716187,-0.1959229684389451,-0.12748771556317728
0.22925557241312128,-0.07613515691847551,-0.03620837634365415,0.0008723203720564314,-0.555303361855523,-0.44399801321838667,-0.332180410593841,-0.5231023735877312,-0.6152354190398326,-0.5317618105040288,-0.41696514579537325,-0.40574728321420167,-0.7788675596991153,-0.8047561236549655,-0.827770357544806,-0.7647611305160108,-0.5540944944661296,-0.5787267807701909,-0.8899359483397029,-0.6706090470147174,-0.4403689820935103,-0.40591543866155716,-0.6253765191107663,-0.7386023780041203,-0.41203149319013593,-0.3205705530394211,-0.5952030158693792,-0.4348831561653907,-0.29224049894313076,-0.17141931102870284,-0.3443355278044742,-0.3424094701995518,-0.18654764573699092,-0.1389137332780954,-0.03673547701999895,0.06434574460770366,0.019583896536609153,-0.01655856042610508,0.03982725448956823,0.18567935794557677,0.23545623965760892,0.19368752920957014
0.20352123337038147,-0.26759078813822346,-0.19787501327523235,-0.47991636994820175,-0.38027560866757365,-0.32541465607103265,-0.4873940459804528,-0.4537978867672928,-0.7789757280619675,-0.5297470190951609,-0.5502022754932429,-0.8341969632778442,-0.4620292586519284,-0.46883963680576135,-0.5307039422876185,-0.6168447853337219,-0.7585065469280906,-0.5347441300413545,-0.5214339619546561,-0.5451082569224399,-0.5885436682448684,-0.7167552992734831,-0.49215177895226053,-0.4900995704306776,-0.3452981243476164,-0.5352580401420862,-0.2557017548600519,-0.39442707758370626,-0.24835901567901458,-0.25475782797149715,-0.37627051386256594,-0.36441760749386726,-0.11730982372641628,-0.07913443078042234,-0.23535253888660326,0.07264349454249473,0.05616701972240854,-0.027501134489796526,0.19572228849995557,0.23005972123633187,0.10168765898788058,0.1656583416028276
-0.17137039456577882,-0.19498363675227853,-0.37513231299438793,-0.13149414250270972,-0.19428810188466136,-0.26708815458156543,-0.3614955832255429,-0.6561787153718827,-0.35305292505429,-0.5243736840509153,-0.834284735057597,-0.3929992574336564,-0.6532082057587917,-0.734945098433684,-0.5815536959474704,-0.6613917084233821,-0.6622403436807394,-0.7406732775870842,-0.5677691083836648,-0.5416275821199829,-0.48119755206552833,-0.8524254599576191,-0.4056495772569656,-0.4148620435747087,-0.5975163705511658,-0.5231838074392782,-0.343728663825699,-0.46979545357211955,-0.30436536563699984,-0.2851983342878099,-0.22142355507265674,-0.06088287713412567,-0.1366605346443879,-0.0989266619876242,0.042680810552862346,0.0956738558695012,0.12848921437838043,-0.074043553796641,-0.07020348238389838,0.16903011315491392,0.22924239406613933,0.12846671919297464
-0.2883862328892756,-0.3234649175436211,-0.24367546604348936,-0.26725599534089733,-0.27091840802914774,-0.1903075441695561,-0.27454092784648504,-0.19971857464467324,-0.12905617609624032,-0.2789068712770517,-0.30584291326083896,-0.1962655949652184,-0.20614751631675005,-0.18766562322773886,-0.13315526331931066,-0.2217255414767758,-0.13654967479255364,-0.3192754459279375,-0.27278403861923134,-0.1433404073856237,-0.2929543742916672,-0.14792709836817436,-0.25456508558047497,-0.20537608723877704,-0.31892205773438526,-0.2697939060917048,-0.2530757702922751,-0.1977638226949055,-0.2676355470302869,-0.3210532234341728,-0.25054642281798206,-0.2598217560945233,-0.13037541323973076,-0.17433088073818612,-0.2201128815101008,-0.317778705776902,-0.21871191102370907,-0.1250509687316989,-0.29660977282118334,-0.2812878817725587,-0.20346535523745993,-0.13928068989771827
-0.13958245347923842,-0.3579190421931396,0.021984056688370814,-0.19152207253479228,-0.6488566932371885,-0.4429856997511621,-0.6734240116085168,-0.6392815797975452,-1.0524173902138163,-0.6188729057780754,-1.0422678338847449,-0.6627137504718535,-0.7011548439697716,-1.0770062574015646,-1.001943439110768,-1.0348629175942479,-1.517739095253208,-0.861967713154055,-1.1064509832652916,-1.5385175911872622,-1.4211823519581284,-1.4739805329165385,-1.2121870826629526,-1.4560191713861115,-0.9678554360717821,-1.1486175032249821,-1.0633914180668065,-1.263326014348421,-0.9946539459681292,-0.8079011811326363,-0.6562948395181859,-0.3665585235464956,-0.6393337465956712,-0.8509131274056465,0.16885511994969096,-0.14733829533821277,0.3068485529195531,0.45622744456288916,0.12947680363396974,0.5909961793634836,0.3828007547102119,0.3964183974906886
-0.3288151075644805,-0.10599858904946012,-0.3426851788345162,-0.127271413615582,-0.1501110234089773,-0.7178346790852425,-0.6711848699323644,-0.38827517031797615,-0.8425837818784135,-0.8500922904191889,-0.8484174851166522,-1.1395053656312095,-0.8284814086423653,-1.3539235777590544,-1.4384518162894233,-0.903091811937454,-1.1293323814769705,-0.9702953935169649,-1.2242709325610461,-1.3550126342607876,-1.345899325856101,-1.6205528075553632,-1.0305163112051305,-1.102578481407365,-1.5614162860105658,-1.415185525649856,-1.188575808664252,-0.9554690798974254,-0.9969855416021113,-0.8527972807278608,-0.3226909393120148,-0.19098356068701297,-0.7710545019039043,-0.8371806654229758,0.05121222590695752,0.0073439902782574075,-0.1532483042904458,-0.180991726048174,0.11162672645607803,0.7235141962734574,0.3240288475629582,0.47305448679255613
0.2376569838036417,0.15522144689493383,-0.38126582708636925,-0.5921224774476693,-0.61303089241311,-0.845228189879663,-0.560908200965742,-0.5884643742972642,-0.6719670382769644,-0.9507398687318646,-1.0397325653776774,-1.353064481775995,-1.3430023845478536,-0.9295602414829598,-1.3164255089052412,-1.4804527612648657,-1.0835546985463789,-1.1237441473787915,-1.069930650677995,-1.423317388803737,-0.8635167696704527,-0.9893800883480327,-1.6022583693190708,-1.3101896465680558,-1.4745583218762122,-0.8397672921384561,-1.3167119378998255,-0.9953327054095669,-0.817253551868733,-1.0161493437363056,-1.1321540185424828,-0.25680193639184845,-0.878026767623402,-0.2595984130389659,-0.6083451991830101,-0.13465722057273719,-0.45211158588688055,0.3566014323768762,0.2286600435495797,-0.1012386392237542,0.1598727499251195,0.6015598936195526
-0.17179173820366858,-0.41321278961748287,-0.36689079057627816,-0.4448598541548268,-0.04632407944764878,-0.441921743133336,-0.7104414919576026,-0.4415907789510962,-0.41153926358918563,-0.49561221449665926,-0.8463463403000449,-0.744146169669012,-1.3113958031279978,-1.0601417382012068,-1.3090335267644526,-1.2353250623005003,-1.2184908475721647,-0.9461067815834019,-1.1763155979133317,-1.2669714705912536,-1.1917841484691702,-1.5470145835976532,-1.287583612990763,-1.1862904173686275,-0.8578813914646443,-0.9210674865504241,-0.7430010792193833,-1.125159447457412,-0.5978809338712614,-1.1421279287875903,-0.7993902925068828,-0.7242988775334961,-0.35642182212805673,-0.06415308037659734,0.049415729617577654,-0.3694540237396698,0.15945083924562992,0.06892918294468205,-0.09507387017991248,0.2383079772493016,0.3605241954380104,0.6884068349091397
