gfs-wave-data.json
{"header": {"parameterCategory":2,"parameterNumber":2,"dx":2.5,"dy":2.5,"nx":144,"ny":73,"la1":90.0,"la2":-90.0,"lo1":0.0,"lo2":357.5}, "data":
[rows 54 to 71 of 73, columns 42 to 83 of 144]
2.590851125178694,2.4031577944713196,2.5230759705006376,2.2379044913847648,2.436261402802567,2.2159270540112157,2.329719820487999,2.2739975179885326,2.055128690272439,2.2818657050721716,2.0347024254319974,2.1076531331041477,2.0342320932238716,1.9938819523077977,2.0027689028828664,2.034624583114716,2.097855785513257,1.9154711948383454,1.9748536021251974,2.0710416351939607,2.014642236520511,2.132811362497333,2.063006662695714,2.0679520619085094,1.9140966055617465,2.034982532655673,1.877854223402472,1.9419527154076162,1.7903803111074876,1.7959105559881232,1.8635367298436494,1.876087980879655,1.7691555324244825,1.8666757246882015,1.729723171259197,1.7039806493016518,1.4608503245901172,1.6638735352316871,1.593343984344207,1.638366876277321,1.2464561326665997,1.3409186795816803
2.546590976195568,2.3256154806288825,2.3092346231645298,2.4535131663791883,2.387287825809406,2.3186535712680385,2.419184696650384,2.3663900122689276,2.1403284942120626,2.273269979759738,2.0769547214446065,2.0929433364830445,2.004169217738885,1.9259709988169766,2.2444551931930348,1.7608783430435324,2.1280764107933705,1.9118536454584547,1.8654356655069975,1.9373115622008859,1.9065289048924061,1.9729143836639567,1.9163101069791086,2.091350095658883,2.014381305766882,1.9548273147954116,1.887223752690635,1.925109542367186,1.9061644798757647,1.8515099447225298,1.7737762557009464,1.8878862720006913,1.7627357274658264,1.775784265647735,1.7011153150934024,1.6889431330829043,1.6983387088940027,1.5036657504009028,1.4943447788417659,1.4272593892054775,1.4260945107693022,1.4065198975409912
2.5205422351107125,2.4969046958302967,2.437418165958121,2.5587500814480593,2.507414694031438,2.296918571677805,2.373232261154228,2.154608620354096,2.248988540828842,1.8739813116112374,2.0147807945718728,2.2009554207553026,2.059789832025111,1.9831048951994106,2.132239797834853,2.2058836140100584,1.7982927067431413,1.763183898419846,2.0074623762594515,2.0615742846201734,1.8998501087321542,2.0957671273734735,1.8947394909942783,2.0338946083577003,1.9281332353756293,1.8811716646855001,1.858385562293676,1.9062691886115115,1.9630529317735066,1.7646682910485143,1.910210854826626,1.874379895391122,1.7614972174053012,1.8493790301770276,1.6073194352133775,1.5979500360077064,1.5885949670885855,1.622025012119128,1.6075549858842835,1.3216283191814235,1.410287820578146,1.2831698505918911
2.599633824732724,2.2646837808966493,2.461525475918026,2.410636754694842,2.5147997642716073,2.056506710031923,2.297644483739826,2.235859684699277,2.393852586171106,2.1809032134049446,2.1451966333133163,2.1438948829113,2.249664077549077,1.8420357094698168,1.8577579809232219,2.072360083241468,1.8274336488788399,2.0203383329473903,2.0739697815885307,2.004619427697307,2.048189327584134,2.1675134171981307,1.9714728508916395,2.0262454556931706,1.9087348644340112,1.9400944384966798,1.9698883411502093,1.9153884036945161,1.93555690333011,1.843465559682952,1.8706436007539076,1.790989508967918,1.6600731267620104,1.6884573453555327,1.711527728862879,1.5509830347449247,1.5354842025775042,1.4099760336205982,1.4958325866329758,1.4420976635941603,1.5261933188698602,1.342406786718142
2.363517454752112,2.5188135139864603,2.4979686989912895,2.3427241982712244,2.115658545708702,2.377773229323759,2.4472189980215218,2.189623833367719,2.3154013246721696,2.2484830917978798,2.2349202260182395,2.179268353844007,1.880772829516894,2.2106010601964994,1.8682886740202054,2.2011411663784206,2.1285732661545067,2.0690194784370752,1.8453242723723025,2.123244149511434,1.971338559488667,2.172860366281784,1.7984980135660489,2.0324089023275165,1.8311890962532589,1.804965962708496,1.9665604940598138,1.9971046806282577,1.92562136359482,1.9657809698064703,1.9361549290217095,1.9042285025834058,1.8324531055191746,1.638351055166194,1.6695574422470925,1.7494769200159057,1.722398130554583,1.4602335973597844,1.4013504500253018,1.4205976747469296,1.4446523628670314,1.3627577232949857
2.6076778907275524,2.3386579757596913,2.377360594825538,2.4725278281107297,2.3940430446748326,2.062073383548474,2.258520503814721,2.2335512702956257,2.2243750618540634,2.2448033506739393,2.231404383418673,2.2088505241879655,2.01788577531479,1.887054029354182,1.9792619960981541,2.0117103199120767,1.8780087295082724,1.7936556655535685,1.837013588433578,1.9775860055553596,2.024179261566848,1.9764979676183574,2.100769179548077,1.8824444027171623,1.8184842167200002,2.027983289033527,1.9788035510736917,1.8740891800656283,1.9742270172633578,1.821231901426315,1.7902679390231346,1.8438565275904186,1.7236526596302673,1.73283695163073,1.7314258078579658,1.7743983240691927,1.5492815777556228,1.6106072287687396,1.4301697216047027,1.4210913148095994,1.4596430472125121,1.3237236898773697
-0.0002816928487399684,0.00039097024269131223,0.0027294159264358198,0.0006825814068603342,-0.007984763692899235,0.007589179744644393,0.001412568755424415,-0.021845858885316944,-0.023574011468465234,-0.004500620376020606,-0.005690000115673992,-0.0037561899748326157,-0.0010998866464379845,0.0019283572570884683,-0.023842476058220725,-0.0011851913043305485,-0.00441479414276419,0.0061531408474109674,0.0012340800969245828,0.0009184135596769536,0.015430935515343486,-0.009290569823220131,-0.011110889262226822,-0.022190587634739696,-0.026447306009671222,0.00784977157839159,-0.014159295740366345,0.00011850424238735421,0.005773620242477516,-0.00199475684059001,-0.02060141091621715,0.032097631183822244,-0.0007862161075695624,-0.003205354256985189,-0.01969822450692826,0.014216401504857267,-0.0026655814195273766,-0.004618962718024411,-0.009786464397427024,0.016098648756425145,0.003385013765660553,0.005113423858578057
0.2180923653943506,0.10663739845764837,0.06026011936300942,0.1686655287900282,0.07485433636020272,0.21510437250756637,0.07744798918926478,0.07788318966771243,0.016941458089180867,0.020575136375435333,0.020957547535237674,0.10128031482404394,0.0646907148078716,0.10840052553014247,0.04609318957381719,0.033576210377360936,0.05129230377234909,0.014356382590914967,-0.0147076228514848,0.0017419452842839102,-0.01664992594936511,-0.10242899724440312,-0.15352949539052455,-0.16293382759276717,-0.15302192770209036,-0.22462734653947483,-0.15718498683699825,-0.18078673719949817,-0.24108803787488847,-0.33505394168301467,-0.3717494256037279,-0.2948076927577328,-0.39453542262451957,-0.4037639831967866,-0.3058081482272898,-0.4082883653837728,-0.2924413160288072,-0.2544333891118409,-0.24784265742244077,-0.20447573175656425,-0.16081935134519504,-0.08323366697816187
0.18649720129743422,0.19395105449624253,0.14037449130876603,0.09624186618711732,0.1634869231281897,0.067106463727751,0.08970067104979994,0.1799152299613586,0.1626287058426348,0.11122011942732421,0.059649502277006265,0.05349242757935849,0.09698337203556964,0.05032343977596866,0.06444343722244168,0.043343005120416944,0.02523685896462408,0.03519327791375565,-0.010519575466103543,-0.021380812118192098,-0.03715500339440349,-0.0655199748825441,-0.10161383660177349,-0.08870375956160062,-0.17950285280947148,-0.20309580555468904,-0.2762963692551047,-0.19978626468865437,-0.2956846580522713,-0.2724713262406056,-0.2719271373165239,-0.25453798849496606,-0.2723774867168744,-0.30176436739882684,-0.3183216124011986,-0.38815192252659536,-0.36839820718687716,-0.20986059088457487,-0.3362623573030348,-0.24071860385777907,-0.12829820415376364,-0.0967677844874284
0.14334813561884865,0.10396728015677253,0.13815058556127358,0.17452883219227286,0.0774382350553151,0.04707713334333956,0.15718857166655337,0.1687347912639412,0.053273087391337445,0.07551105228695562,0.07271806071045754,0.07896759935737711,0.04566838096778028,0.08558804477825147,0.04624022326540832,0.04622304044100966,0.04134496130890377,0.003499452223205444,-0.029056041023383192,-0.020118870660300162,-0.00896976650653044,-0.04350440831930532,-0.09517282841347284,-0.09026717549837959,-0.10858201024396442,-0.14220087351341434,-0.2576132035031339,-0.17887030785763067,-0.19284180386479588,-0.32883811406959834,-0.21356009298289727,-0.29036272302377614,-0.31801155682305104,-0.4057654624375038,-0.44661651383617346,-0.33612584838597964,-0.26260906913496634,-0.34258947750757346,-0.16527653425797728,-0.1314409555150495,-0.09636871041647686,-0.032210702002979624
0.1432702902971961,0.16082836153307356,0.17485886523954833,0.1727864789754778,0.1759569549956397,0.21343820454236062,0.04053381200598025,0.1331391304203166,0.10912826015169715,0.139318417138387,0.027502176483761017,0.0615616785850811,0.045558093885570125,0.059244470732658046,0.052783277711095866,0.04681367135728685,0.006647037323286444,0.004114957510642637,0.017055684230741826,-0.01941253138615244,-0.057876141521100904,-0.08778089716814742,-0.07322030414890825,-0.11058984952866965,-0.1640359523711649,-0.1890695161705586,-0.1462066077052541,-0.21015974832003825,-0.3034696116444299,-0.36679367833416066,-0.2937114225479224,-0.2834895702377839,-0.38990555921008097,-0.38720046996703195,-0.2756434148013514,-0.3648129564651071,-0.23572744835137657,-0.3502880260821783,-0.3629905532731105,-0.18187980832563608,-0.08632300972565478,-0.07268943603890797
0.16426475765696852,0.18334272282759795,0.1335274050151926,0.17370240653859803,0.232287948428504,0.21740718686292596,0.16760381144030218,0.042287407378758406,0.11017418080936929,0.11850130219728429,0.11521838545753414,0.023968632029556,0.12359309547120928,0.0595944802501654,0.09061759069945108,0.0445437130600775,0.015566814222243009,0.0005528692537955986,0.002137988570911739,-0.000830404758863195,-0.050880241213942176,-0.05107787055456439,-0.09303928693939968,-0.09939707911964973,-0.19792470174534602,-0.21509374582160284,-0.2605374275020213,-0.26509442449373166,-0.2317641919933946,-0.2600998339879178,-0.4012931213662422,-0.3564736728256124,-0.35311599699443175,-0.31844208656972417,-0.31628226193901265,-0.3103035096682824,-0.37967681304730033,-0.3455975205457904,-0.35745719736399334,-0.16592402684920957,-0.12070772393487655,-0.09701463857251401
0.16519297847404749,0.1580681796800005,0.16376305133658292,0.25059141496467946,0.22043306702261398,0.09876980319637434,0.09898832504312063,0.07115316918109126,0.04947472808366882,0.12369593329520331,0.04654776015176942,0.08543078277944421,0.08912414436014154,0.07581853467756548,0.04828586318191927,0.056878116309421266,0.008868703255812588,-0.004443342569205699,-0.023109001455599663,-0.04642988136835702,-0.02101879538990212,-0.07192210348688322,-0.06158014449029103,-0.102684109647654,-0.16167180905885337,-0.2414622769269038,-0.2957908198604677,-0.20575035960133933,-0.1980108367396787,-0.2668395411287549,-0.36788093627801294,-0.27302560718692825,-0.39573801609167214,-0.344584916321524,-0.2998958231536395,-0.4512626712784012,-0.24023204721775776,-0.282392023629429,-0.2836891764104426,-0.15198287792520582,-0.2693019990674059,-0.027918052203937387
0.2030685715355108,0.09705482640109707,0.11873202929754097,0.1759133868348397,0.2102097797332137,0.2111875971374441,0.10420349551585967,0.06355859248528312,0.15779783149744087,0.028703911595928357,0.02598656151752358,0.14067691553347825,0.09932680007477315,0.06802946463176977,0.03153133854892973,0.07843978240395168,0.08503624987878332,0.02777287767747517,0.0060370463013269884,-0.006829728035567703,-0.0313998721458529,-0.08944301832402564,-0.06082948297624701,-0.12832552024196373,-0.11227606114955467,-0.125796893744554,-0.26996283022831896,-0.3041337680964408,-0.20737161130651605,-0.2714140683032764,-0.27504870731121683,-0.3450618789531288,-0.3399840564690924,-0.3448687658761748,-0.29334397668986834,-0.2601499574755296,-0.3062497282846014,-0.2540043310838861,-0.22075177872688695,-0.20318004135278878,-0.1290063191917977,-0.041912052798420786
0.24539316642964176,0.21382498766459423,0.18588889053618912,0.26851118048355405,0.226932668139187,0.21691113027471498,0.0738345390402467,0.12974276612610033,0.13063776510676248,0.047932629648508425,0.13388173075448215,0.07792884645850917,0.020261551233680404,0.14587715501491208,0.04481148866679876,0.02337255254206401,0.048282599039828226,0.020539969901681013,-0.026427709786473883,-0.009043004107666256,-0.10422026006179977,-0.09072904599812082,-0.20498105173262177,-0.11651894132420126,-0.2323796028175345,-0.2566889998126038,-0.17687209932073836,-0.3549436969018911,-0.29594039160153035,-0.38629927266695446,-0.2828924556147063,-0.34556124837040275,-0.3132958565458201,-0.4050217062816611,-0.2921288808290148,-0.32211757376784667,-0.4144246955397558,-0.4143286835519923,-0.2072023421346999,-0.2922362746097002,-0.12736999339485622,-0.1909439572552878
0.15970201541729687,0.15763564720323872,0.14152375597429578,0.24740353859110376,0.17904532721856334,0.1776617313466741,0.14616917094402065,0.16380378591410608,0.08897748821600167,0.1078433153645116,0.10615694161135192,0.17785209572755764,0.03936039630591852,0.07690196836874719,0.11213172776319008,0.099134075271068,0.05809933702994342,0.008455037626387859,0.024373198748930906,-0.01949457473689706,-0.044215827844801214,-0.07726432038761784,-0.12750238092163751,-0.12099486148174478,-0.1921753198963406,-0.2183437369550578,-0.19379600799869032,-0.3521456095536074,-0.25993350003064836,-0.3183323808620001,-0.33553662590000594,-0.36010702623762625,-0.28726621120353524,-0.2910254114367331,-0.4199920397300863,-0.34905491981294173,-0.3451520360764077,-0.26746357817220134,-0.28480368794738176,-0.3202139477284368,-0.21018982884218423,-0.10137126869494903
0.17510880856761699,0.19426251480798132,0.15874686516415984,0.14838113940294123,0.1876062574952318,0.2728333382705127,0.16717379159769402,0.18201044750025647,0.10985452683023947,0.16990157466374017,0.16389881593789038,0.12340843217392718,0.06669398797988271,0.0630733254789958,0.08501265614221777,0.03338503227098437,0.016967233946743925,0.05353456343677361,-0.0030406576908095554,-0.0389187947314094,-0.04881559190677837,-0.08554417042020811,-0.15749672083588764,-0.14750312305817484,-0.18750679076802043,-0.22482923138755323,-0.23782316856501357,-0.21086901367574318,-0.258311714465587,-0.3631402799017435,-0.40128638433707875,-0.4125995747697562,-0.4196031856360209,-0.3056487408105571,-0.3779850824819428,-0.3216876413486069,-0.2939632710412683,-0.29996000067407136,-0.30175908096129694,-0.33060559084887076,-0.09238328285280352,-0.00044918521384875983
0.10991686101515956,0.17729297884916215,0.19578410759826706,0.12343696432216235,0.2431475629616067,0.18867364938897221,0.21283951097081177,0.23776540130868387,0.1305847897415556,0.1736473213737291,0.15450905335427464,0.07268053166144246,0.07816351138867142,0.09655340885568617,0.051689643993169394,0.030622234680754538,0.05778346845615415,0.041810689826247215,-0.028651390264249278,-0.051672653399845454,-0.07824516020557279,-0.06431310322726069,-0.10661248252165664,-0.12977592362672632,-0.1853354178952989,-0.26926611818054375,-0.192712641745295,-0.2513064400419889,-0.23183291658432764,-0.3880609017143874,-0.29406330235335315,-0.442883165864172,-0.40418697321545866,-0.4560094869067396,-0.45734671268966043,-0.4832167038180578,-0.32761011806609786,-0.32519609048169396,-0.39073308352376174,-0.18248838195232434,-0.2525847374313948,-0.09987701227691309
