gfs-wave-data.json
{"header": {"parameterCategory":2,"parameterNumber":3,"dx":2.5,"dy":2.5,"nx":144,"ny":73,"la1":90.0,"la2":-90.0,"lo1":0.0,"lo2":357.5}, "data":
[rows 0 to 18 of 73, columns 0 to 41 of 144]
0.17860549957087762,0.18502967838249512,0.2332076285792952,0.25253491644854414,0.2821412208266432,0.49262103298767285,0.4325676614033806,0.5375190680640239,0.44732854731623967,0.5051414534624565,0.6828385380467924,0.6764215251830734,0.5729495416020742,0.6525586262867149,0.5834165394717101,0.643274262250018,0.5380903418638736,0.46300063515489936,0.5311134947734516,0.39260853751656255,0.40278270865331933,0.3557443273134504,0.2971287706651633,0.38487140736470044,0.24458621470585318,0.32293058483136794,0.40359396443434276,0.32359607412829855,0.3390113350885034,0.33663361753527016,0.47599697834725363,0.43675870708509934,0.40295670207826656,0.4525176444239319,0.3966373838850586,0.5234010962263315,0.4933162338578254,0.32177985716545116,0.3513618405681831,0.29188942165507115,0.33750135260186326,0.19843685651585394
0.20070759912504801,0.32005420243430227,0.21852267771366465,0.37189442477074186,0.39426145151318603,0.36838352277531006,0.3941408657979825,0.5376058128438966,0.5613303704185687,0.6266235769275441,0.6159158769542326,0.5519898201454164,0.6309781603966234,0.7442165344391214,0.5982406475488639,0.6215192352569289,0.5591476812566218,0.5650027626249632,0.5497352094416373,0.35698495105883316,0.28223117831444755,0.3661004632988845,0.31440890443064373,0.34673314271048866,0.30221271072045236,0.3444058649653434,0.2683078409364801,0.3151503332392405,0.32322564798594405,0.3723515949222184,0.37574496622983894,0.38334940256099226,0.5165403014737041,0.4189435236444446,0.40782487522231786,0.42628079835973604,0.3812519680815084,0.46301466665179963,0.3373367480932402,0.41415401407071617,0.3458393946762599,0.24086303710546902
0.2590993272011582,0.26248925396604317,0.2698557412950496,0.2376207171912251,0.4300371781449322,0.3989509494180242,0.48405208118749027,0.3909314393055679,0.5386134483584579,0.6404445294127898,0.5711384352203024,0.690256745469446,0.7000191591906784,0.7353567416807617,0.7037038577393258,0.5215809697380691,0.6806449602077225,0.5630849287925428,0.4970036191565017,0.350793635087804,0.4569629006707623,0.3995259463174249,0.42685102343899006,0.3759121223137276,0.38125591333599906,0.29602223509921977,0.31699258681031117,0.3702721324186837,0.35760003505144533,0.4444728208649175,0.40333308230040665,0.40517912417748875,0.5638680260454187,0.46869919683333733,0.5476626031889201,0.456110951013794,0.3902738928109049,0.4988452264909665,0.35591428859366153,0.2683401498827839,0.4288464049294608,0.3335948756299605
0.1970985894528393,0.2701888510515213,0.27725732824566096,0.3976709660079248,0.3802075386020925,0.28582832587805307,0.3688666780997307,0.4372972865595234,0.5045024309754215,0.5530229506036372,0.6687048414924572,0.7035610957598212,0.5914253235818532,0.7524950712933225,0.6355025037249754,0.7549536261188369,0.6519962840060567,0.6508932832028669,0.6070541464837792,0.43780230160008926,0.4579181789186501,0.3351000271851319,0.5189526094705461,0.3988394845881612,0.311663185894584,0.35199275283997095,0.3691201792611996,0.37310001055978664,0.35892563388477433,0.3904120923273271,0.41641963600466664,0.4783746204511294,0.5212827261487001,0.5513273668434459,0.5014922198528389,0.4078180446540957,0.4116107887449733,0.3602079666662953,0.45663787540739476,0.2658788149667646,0.29284683878257955,0.18899502340613702
0.309578379717827,0.2621673076533572,0.18295584302131304,0.355206257227136,0.25627056263436154,0.4248543583626196,0.5007857065966543,0.42599143871123435,0.5522270237976192,0.5600639699229312,0.5446598369788183,0.6264947858793503,0.6833110055903178,0.6417866056385718,0.6528225115464661,0.6212025463022302,0.5072621216603614,0.568116761345874,0.6139753946227131,0.5949561857475257,0.5000630851569552,0.5126108032961618,0.27437722695948086,0.26860507225920527,0.29779162801011205,0.26998890889879956,0.43469312950670674,0.31351882839810985,0.5037916695942419,0.44447885391905284,0.4046893708895083,0.5443747626234001,0.4922899308916889,0.4764806373341114,0.4680670153781827,0.43195808349362336,0.489674256277872,0.3978278047122469,0.3676570502896286,0.33269943160656157,0.4300384888003593,0.3464744287247209
0.17715344277548953,0.2847222920721169,0.40209254214491597,0.2573301048351341,0.29776333544665634,0.5347358477924329,0.4159084325528292,0.5831357353698441,0.5058655835347141,0.6761542485353983,0.6896996033451708,0.726663327760304,0.6821858506755316,0.6518163811650817,0.7040554799995885,0.7079909680642076,0.6713105603382186,0.5745781210644206,0.5751533073871951,0.4415186634730598,0.4885475478881482,0.46182547803781965,0.37006305306424303,0.4684847331461563,0.35762300413714604,0.22440736229418617,0.3114521925426297,0.4029818649701282,0.40505037489506096,0.3949541244856946,0.557383591784678,0.40993597261744785,0.42563105777187865,0.6093648694676509,0.4966551324130494,0.46366040601585085,0.4516343265063232,0.5300560089659483,0.4593038451224004,0.32958570737255577,0.3281649692954536,0.28774203250878244
0.31723132667992965,0.2712012092240985,0.32027102869755747,0.2935664549245703,0.49059360766741905,0.3432293633666333,0.44205241023952174,0.5601578698678802,0.594243263682887,0.5459893934385729,0.6631244358607526,0.7542768554387391,0.8140909383762042,0.7043275380854628,0.7124762909050005,0.6468981929526455,0.5689003064840983,0.6154894319550507,0.6168750614920888,0.47675284317012356,0.477736057513412,0.42819106248451294,0.36810241023082035,0.4289918755158475,0.24950188687709363,0.34999452621393623,0.4189977612995743,0.42785128597704003,0.46360543543025906,0.39919259781502286,0.5507109024358909,0.4671254401874149,0.5282275339938752,0.5673988834452298,0.4845775676337345,0.43459897235422523,0.45541914549409795,0.3653358237775144,0.46058389673450234,0.39645115066349024,0.3551540406339443,0.3451151775865428
0.2062382499761073,0.28757569935753596,0.25748601555996287,0.3512400346540657,0.42276987906992686,0.4995440781855283,0.4494676433197826,0.5846201239198499,0.6341709505982895,0.6586327566107243,0.7916839077091328,0.6554613302603023,0.7576269086328914,0.7268233226297361,0.731772249679481,0.638640156378275,0.6337213679837241,0.6309072433372491,0.5022702258694358,0.5269254036720943,0.34189991389828805,0.3367749633172619,0.4869874418963725,0.43415282626673724,0.3251188297461177,0.3053955351878717,0.4770281111365511,0.4230133462749703,0.3942437677352736,0.38742808136290935,0.45815142052634816,0.4795107004972994,0.44998286183441705,0.4274903511985346,0.5954206319516396,0.5438961919954585,0.5934818590911038,0.5092603987117064,0.3606868558127121,0.3895703282324895,0.320453263400226,0.3114023317677914
0.26669950581374,0.3462516959488465,0.3396345967049555,0.33740808112639253,0.3269202541604456,0.49507987653097174,0.5199122243700228,0.5150113606124654,0.634761999912421,0.7180862265309248,0.5926806154523462,0.7918450527037326,0.7948961007750079,0.7984971380015924,0.7552479975680437,0.724149085575581,0.5425594003573431,0.5453547305853422,0.48547970341720503,0.5475116196722158,0.44430758509978724,0.4574450866974284,0.44050810753305686,0.42610020271671856,0.3250846860417735,0.4621804733688005,0.3448955567539018,0.44920628365024234,0.437834955064649,0.41465948960631954,0.5572244609655959,0.5425781604426259,0.48621892064768363,0.4608746979165716,0.5089130258307387,0.5305577484113857,0.4900718827089606,0.40863473075400863,0.48517790467576033,0.47347739347771856,0.38971028178224265,0.4228892027388476
0.21835111506575433,0.23072945584950252,0.21893813105095622,0.3020412491471566,0.31382711943748515,0.3932066977532049,0.47766838954738866,0.6430012486652061,0.5255195079555615,0.6026838957360001,0.7038982886215444,0.6486573973505831,0.8326519710836633,0.7422534434821476,0.7985947578507875,0.5902802759633804,0.8061936261285502,0.6299903528883842,0.5690333724858017,0.5216138150299184,0.4400629255408683,0.465285244497961,0.4601480807322004,0.28055887391390255,0.3596047560744571,0.38164704684670153,0.42295968286439845,0.2953092724918842,0.37347192316152805,0.37432187922780186,0.4953173793060777,0.4695107409591826,0.5269347586012038,0.44216583653297936,0.4494454564128719,0.6057249245566557,0.5511780596833322,0.4633693018866093,0.4797067280906234,0.37528100473687553,0.4358158877580887,0.2512826440360916
0.21934570865601943,0.32649808703296707,0.2542298742784149,0.45510403793466714,0.44398205480168673,0.40393698474473533,0.5192294581070211,0.5003820071433859,0.5372122867721969,0.7463209747094102,0.757196831367956,0.7466960314498362,0.6830741532790991,0.7622617979064815,0.8277074972344404,0.7144405722140508,0.6508893172221336,0.6475049250538473,0.47852112259848073,0.5926239695026266,0.3515285602136541,0.4090805872353302,0.470753747885208,0.33636888501544926,0.41575185582385366,0.5123538246224107,0.3411706810214841,0.4642285056195401,0.4257986866360969,0.4320840514310617,0.39598269186517926,0.6112583619693696,0.5816178283700882,0.5572826267468216,0.6171340348960627,0.5092367965551144,0.480742625400418,0.5125875161458514,0.4554431807186161,0.4245723902122582,0.47204667564283087,0.28340734466906603
0.3152195929871148,0.22524939267543434,0.3399139481801415,0.42950299453812707,0.39861376436668344,0.5695283773889109,0.5522603491344128,0.5367197915224398,0.5941031113691363,0.750512265147565,0.7762303418998476,0.748559749120762,0.823754751423503,0.8565580175775482,0.8884167840526451,0.7056148286405306,0.7066471707272397,0.6056995748093117,0.5209181205111005,0.6249741939444496,0.5613485508249145,0.4140176923028541,0.5577438660492205,0.5504034436280999,0.380214536960906,0.2740699669711405,0.3864404051277871,0.37724531991755833,0.4291981683480571,0.39706176187570813,0.5182447732682623,0.46554516361228065,0.6283709888277724,0.6377532099990406,0.609717977276241,0.6561583103634807,0.641747202627804,0.550940040919442,0.42127803928411167,0.47816445574576044,0.46067642655472457,0.31740333727288733
-0.2747739148961797,-0.23969781190321832,-0.38091144048922837,-0.28762619988334553,-0.3848701699226884,-0.4048859128137513,-0.33659284142617674,-0.22988604052030695,-0.30112312847698885,-0.4193638018713384,-0.24546415093202056,-0.3071873974911619,-0.3768372485950298,-0.2754162123239345,-0.2448806135392198,-0.27651485429689865,-0.33479397859671517,-0.33444527730154566,-0.28481729701689995,-0.24990397929827343,-0.2761677053238286,-0.24238127731296477,-0.3801909250043953,-0.35321362611744506,-0.39462143536610783,-0.27714528929295495,-0.337835821003781,-0.23742022206783253,-0.31595580490465874,-0.41524679133517184,-0.2750037025718885,-0.42181412146739156,-0.332644550279888,-0.3633912599022191,-0.24339794443170898,-0.3575105800218321,-0.32866446116051495,-0.3414624672978697,-0.3253315524844255,-0.3858197979354351,-0.23210584706767093,-0.3518974845713522
-0.5656926961462124,-0.024064314928420552,-0.1862958121166461,-0.6333798096371724,-0.26661398458162927,-0.3894509709724693,-0.36515270180929404,-0.4065277380177427,-0.3825713636362925,-0.396812674559006,-0.30007153186945146,-0.285638250957295,-0.24263138948318222,-0.26821767839311295,-0.3168635806912867,-0.26826754656560337,-0.29175939175467,-0.2681996928151812,-0.28582062842568673,-0.29566667457651635,-0.3883666919144876,-0.2936554901673578,-0.3667077537527805,-0.3602361994195219,-0.29835351745373073,-0.3128881818247468,-0.29275288315134346,-0.25384716505661375,-0.3588500857264933,-0.3990795540813491,-0.3604800640617506,-0.4251422144667934,-0.2505831625787275,-0.35402480212871673,-0.24569113087183456,-0.35301355396318373,-0.2853197665032125,-0.31432362210652953,-0.3930163783543103,-0.26231077811168146,-0.4307176903324879,-0.37087610562449813
-0.36140158417807783,-0.21774752107457834,-0.29511886396069015,-0.41819339617196305,-0.37824415040852066,-0.27752382054412517,-0.24972545228712156,-0.2606867469070159,-0.29306054474132226,-0.4072423628727622,-0.247342477331374,-0.39762798107969294,-0.2788724480001401,-0.2531749354985507,-0.39155986838665885,-0.43772100546294873,-0.43120988419816436,-0.4334415018768002,-0.347523801407028,-0.3056355240600756,-0.420191762458646,-0.26754680485924165,-0.3381649613493435,-0.4283234365653355,-0.29201155334066586,-0.2750583300169004,-0.3356228999128407,-0.3258832623136732,-0.3576591390333252,-0.325630380871986,-0.35184536823854856,-0.30640194287500344,-0.3518242390773909,-0.4438365669901079,-0.3935894944539449,-0.3393458658711665,-0.43679535298077804,-0.24887113167872438,-0.3217246568866166,-0.3061735181230567,-0.34863598315916977,-0.2792724239979555
-0.5008905319124819,-0.06788619889704364,-0.742472157518381,-0.6674872794594082,-0.3515444510188063,-0.3580205203684842,-0.3067114795537837,-0.4215840046269399,-0.3709329050323628,-0.43772624108896635,-0.3526045880031931,-0.37477357502366593,-0.3982253761552765,-0.3075723095504782,-0.40557085656421255,-0.29939176261381084,-0.3739439540684387,-0.2833111814495541,-0.27106529667205204,-0.31525166244336644,-0.3200572145045416,-0.44315190092317025,-0.4383833630145402,-0.28177209054078595,-0.4303788033630336,-0.3743041356401203,-0.2780775963970113,-0.37038978989508214,-0.3959826951015137,-0.2692115990787442,-0.3378804166549924,-0.3740861812008481,-0.40941802039819963,-0.40253582314826836,-0.3845651301267809,-0.3100798760307151,-0.4456793681940327,-0.305346122811538,-0.2756564789923774,-0.28235501618225234,-0.27767219541317356,-0.3926388498000594
-0.08077762350858894,-0.48239400252295295,-0.6004736283900207,-0.7215431445176769,-0.42510230567943125,-0.2750062169216083,-0.364582103355835,-0.35091295297819625,-0.36376489441123705,-0.44086705152875966,-0.3405874195175454,-0.275895978142925,-0.44958441332093824,-0.3021938722035277,-0.28872085507121775,-0.3548124020210235,-0.38530027242057946,-0.37661221481374124,-0.32299497106104263,-0.36698969263799447,-0.4065041336148531,-0.27322744831469037,-0.43400341109062396,-0.4003388972647148,-0.2735031358504362,-0.2845018404828556,-0.28832733731221216,-0.3748755800690538,-0.27529248324190037,-0.29825567703717065,-0.4603156952295137,-0.42519324480191506,-0.32441600982238195,-0.3730637748237059,-0.32243225737354564,-0.40849608347143346,-0.3593814972802172,-0.38278846447326204,-0.3120845247418124,-0.34752068018499976,-0.2850279089489688,-0.4085717322223281
-0.4224997176777089,-0.5936130834586058,-0.2202058810800904,-0.5981892031214057,-0.2865972707905044,-0.4382301392970604,-0.31766537967934244,-0.46199703832693906,-0.32575383556383836,-0.3008775765302916,-0.30527623500859535,-0.40215340813833367,-0.36531309810131823,-0.3826926594057385,-0.4683442266006602,-0.3674853974796766,-0.3157587997723327,-0.4540745041708792,-0.3609373021790384,-0.42868234999042193,-0.30999384721733664,-0.4208157931444938,-0.3228998971726415,-0.33480701569709526,-0.4180488085833815,-0.3982031192321799,-0.3757527966885249,-0.3828681600178669,-0.404463492474001,-0.35945177018664143,-0.43300932987445523,-0.3440138041557246,-0.359464163054119,-0.3152262848292303,-0.3776653715922103,-0.4656593766497989,-0.2892585612137513,-0.31307324282558885,-0.3250528874481282,-0.3469678698988255,-0.45102341599460677,-0.3998302965931042
-0.07028531465316541,-0.04319123587693981,-0.10068672414464833,-0.21370516858571445,-0.31572808343835784,-0.40542510640394763,-0.2890531542862289,-0.27925491161016003,-0.44513673496966155,-0.3096865493018082,-0.4417990772847342,-0.38582019658476885,-0.42969159957801156,-0.44544503778359357,-0.330812141550809,-0.34264766661417656,-0.41406751232450034,-0.37259540698335136,-0.31178500570267903,-0.3347732553852082,-0.28340739498559897,-0.30329457102719815,-0.4336703585857266,-0.38169877166958616,-0.30439049390701495,-0.3679881233123478,-0.2798417987120856,-0.41063722531281316,-0.3154822435835244,-0.4401217968496701,-0.4079891425024029,-0.4035655787821644,-0.43615466574474576,-0.45626299710394863,-0.41321550817128266,-0.38081490276768126,-0.42504836719824934,-0.4321170029964765,-0.40197768233113346,-0.3708896811906251,-0.2917397816027943,-0.3265644677980013
