gfs-wave-data.json
{"header": {"parameterCategory":2,"parameterNumber":2,"dx":2.5,"dy":2.5,"nx":144,"ny":73,"la1":90.0,"la2":-90.0,"lo1":0.0,"lo2":357.5}, "data":
[rows 0 to 18 of 73, columns 42 to 83 of 144]
0.133986579832143,0.2322847580861594,0.12674948925169036,0.14249391694802024,0.1981620812486913,0.14844703331403,0.17347541069689476,0.16297638056792507,0.03256342968510239,0.1440873237877874,0.02622045462369816,0.016153171954646068,0.06268382893108582,0.04557557065869868,0.0098388903311147,0.027769791307674586,0.029166547110093352,0.0045566478827611485,-0.004284937910061821,-0.01339353219083979,-0.025702103915189952,-0.0375048890389,-0.10656116128988737,-0.09823216638931719,-0.217829824258044,-0.1204272231387921,-0.1874735963714528,-0.25939634301896686,-0.19788480936727224,-0.36033868407552716,-0.28348310799010434,-0.33763264892121536,-0.3236699264632322,-0.40044018121797703,-0.37983982008337225,-0.30288319729474267,-0.34847100582912466,-0.2482593328981455,-0.2534257894543265,-0.25206405418625977,-0.11620924228317626,-0.12117101845263538
0.20401895379383442,0.09217932738883619,0.13142215136718363,0.20046798719430176,0.05190977437693096,0.13595449909777158,0.1116600751810467,0.16669417669794223,0.12143492620246031,0.013826188144516877,0.10786556653573476,0.08152041109481396,0.08184556041120926,0.08228219734284602,0.03134139879747178,0.005923959248299412,0.02587636650235813,0.007116942745555209,-0.029695070178067506,-0.012368878075903384,-0.032863863142976686,-0.05855768576119954,-0.054044740354918665,-0.11493470265311172,-0.1022676570364496,-0.20701932301099885,-0.15885765016010608,-0.26439802393537337,-0.2011561564021192,-0.27899590458114193,-0.2869331414161016,-0.32909014744741055,-0.31150949738053835,-0.26190183102272446,-0.3348086348061073,-0.29140070063779494,-0.30683717498139684,-0.2865609549876526,-0.3462536371641708,-0.15054024659003895,-0.14427650648128273,-0.07978854511412559
0.13527727998190625,0.13018417016432687,0.1701973310424175,0.1868373571950944,0.06786333389294386,0.1822550557015249,0.1306516181034948,0.1636915882679829,0.07592653770194373,0.044086386406391544,0.01479897188736084,0.07057639115047455,0.04927587998747116,0.050949641690127494,0.006026401666754637,0.017807607006602517,0.02462390694628,0.002526534650811229,-0.021626693633313526,0.0047549102391434344,-0.007496093584303285,-0.029021096839347848,-0.036402274333326934,-0.18180749500547233,-0.1817448479625465,-0.13053142924873493,-0.21224545479213364,-0.17898563123747394,-0.2393822042957131,-0.25297692378285763,-0.36366741059824387,-0.2937344883825239,-0.41024691523881684,-0.3965316901311409,-0.4490040962285696,-0.329188482026693,-0.24041486811793653,-0.2573687313724812,-0.21619103686746352,-0.12540466456947816,-0.21823248900578374,-0.03791363648541379
0.18720299679834412,0.223337503312344,0.13730858937265386,0.0967598213527646,0.2035800430260669,0.08454806615965976,0.05568576741295208,0.18614026958128524,0.16870498245891888,0.1433901588526213,0.09790145031284496,0.10414402758221233,0.010881179984854028,0.0679319265375149,0.021272278068360864,0.053171497638147776,0.032274127328465414,0.049902514835838394,0.006867526557798924,-0.02048110193390618,-0.0311335566576472,-0.06718860496958351,-0.03841704704561811,-0.07418169551554618,-0.0918520870997042,-0.1499798142669461,-0.1366252981213139,-0.3432820579017819,-0.3370239262829223,-0.22337383685130396,-0.22821691640301625,-0.26108066296297944,-0.3336325853095721,-0.30068077490620093,-0.33256509690561853,-0.27707286182676005,-0.38682856498830565,-0.3381933604034397,-0.262144489893147,-0.15397573560847774,-0.1877613526680491,-0.12750092806994992
0.23012131667960348,0.11973947143418537,0.10689237021114291,0.21632853292349538,0.214463765258604,0.15296447605054453,0.14595141551242527,0.04882516023205134,0.1301506403591561,0.10014365991142815,0.14703154142185482,0.13415216459486298,0.032341169623977935,0.060941475803131404,0.07047596461219739,0.0813128091980469,0.013521057765698827,0.03852678025133889,0.0005379320938659526,-0.02669472379350997,-0.028884336350618864,-0.041045643308384956,-0.0961113663593872,-0.13296370446302253,-0.22878616823475822,-0.15588017294720005,-0.2174967145081075,-0.27046267584954253,-0.19220457892840243,-0.28841730079369854,-0.2543337836936639,-0.37734122377320994,-0.2528489658970664,-0.37903576195985833,-0.35313560824513557,-0.3223724816373226,-0.26198264005073224,-0.33662134921830345,-0.2664275464474599,-0.2424447659485757,-0.19474800600537728,0.01505438971788895
0.11153596323521735,0.2578286056287999,0.17771359409909865,0.14320033886202357,0.16812632771850664,0.18078787442753239,0.19936795357192344,0.14807343040159707,0.09840520646716264,0.1566531439342433,0.056971907748593884,0.16038329441458607,0.11618179316104044,0.11712812901350753,0.058417037115129355,0.05146670879482591,0.04446575468530931,0.024482404980720344,-0.006306654992531587,-0.007987768857410853,-0.03973778083662371,-0.03494609552402595,-0.06622932288679337,-0.0849447927501415,-0.19827170763176166,-0.13677198970406002,-0.24933918283234982,-0.23938813889854438,-0.3392950792741983,-0.290538785084511,-0.35512763863304636,-0.2834368537765312,-0.290945144574042,-0.35304384135152955,-0.39132636114356184,-0.35394144708134756,-0.42656649171435235,-0.29545709143916926,-0.304942661708914,-0.15398585170934206,-0.09469435002389648,-0.040207878765682784
0.1495249732980847,0.11192618696164021,0.1820191774813983,0.09826962237319745,0.17754105598047815,0.17791158889278458,0.0878989804700829,0.19188143767281463,0.06422285025532143,0.1497378388230355,0.14039807994878875,0.15271189069922944,0.06667485399727477,0.09631118590542928,0.09159642855524536,0.03718830121846321,0.01743535661090128,0.020636842983477358,0.0031793795619287253,-0.07120095219754705,-0.06404557643232021,-0.08139981045730722,-0.07407163427193676,-0.07484438828541543,-0.13613590557323643,-0.19779291507516092,-0.28449057836804836,-0.21858615966803402,-0.31586782853972023,-0.3039161237851537,-0.26449371978982156,-0.26027913776024925,-0.25105384387332413,-0.4024615906126101,-0.4541588430332285,-0.32495772223123487,-0.43689340189704956,-0.31269297189635414,-0.2666185714326612,-0.20445018051844896,-0.05521004087344768,-0.05955502274290096
0.16818129676364532,0.21984982332167133,0.12220102513050973,0.1739767012539019,0.23826891010055543,0.22855184344793653,0.20239916595007615,0.16877172952838143,0.04770104181295589,0.041237772427426794,0.1718813742349008,0.16386451515021713,0.050505098125928724,0.06295346783427366,0.09371577468658052,0.02631274859733247,0.03433134408892391,0.007068024628972383,-0.014209352699904726,-0.002179165422177152,-0.07040695576479979,-0.14048330453862173,-0.07629129037094085,-0.1467402107685677,-0.11041253183864373,-0.20895527850766119,-0.1876702571412306,-0.22804037330882349,-0.21694742044510804,-0.4118333878824552,-0.23305304227627097,-0.2955970215342177,-0.38102460923519854,-0.38899505115989186,-0.3491559780456933,-0.3403733901080483,-0.2626786678833428,-0.30764280060994253,-0.17338444775927636,-0.2825925456932147,-0.24480519402206952,-0.044664626953143
0.1618104679251709,0.11100329220524971,0.23842682133211363,0.12128657171445306,0.12194635398000625,0.17563743078086566,0.11845014595664152,0.13208026774383302,0.20401286600750485,0.13331975270068414,0.07840557945544979,0.026730161803730952,0.08716206336964595,0.06747369276352787,0.1151264683087704,0.02212014655549884,0.019443569982153207,0.047578625584280436,-0.02359555526299006,-0.03234062432665092,-0.038316672998604626,-0.08869343873733584,-0.08545756089790203,-0.1133719369781836,-0.16827084321207308,-0.18320884259939602,-0.24739000142663198,-0.19105851420595502,-0.3415382824678718,-0.3319508959145619,-0.38981953326890945,-0.2796574679078376,-0.39005780916970434,-0.40403067855724484,-0.328136519840886,-0.3495742886496876,-0.25480588642933144,-0.34073290829824787,-0.23771122309414194,-0.26072503800788405,-0.20184003255085448,-0.11157250904498472
0.1443072262350141,0.12172343056693335,0.14316101250370755,0.10382802892798614,0.20675136281197318,0.21250933269622424,0.07149583046836086,0.1768783894219162,0.12887880931211035,0.07096439482065928,0.14743745970954403,0.05933268203240652,0.15728442762452124,0.0689253283575218,0.0951486917936377,0.05088284081595899,0.05981540056654708,0.028337349201330388,0.01028668182024943,-0.001279700278182496,-0.014821841236141959,-0.11040891662533023,-0.07704435088261136,-0.1761081643080158,-0.14094767591450058,-0.17820276789301795,-0.3143214011577605,-0.2908495385122676,-0.3241736724569978,-0.2781578314462199,-0.29892232323072304,-0.2909849119201985,-0.4337870881563613,-0.3473444611001131,-0.4659987167480883,-0.344444737141622,-0.3280401522762505,-0.2572344315715508,-0.2801562566328652,-0.14986902288843695,-0.06438930147668756,-0.12815047044709016
0.2558491452132673,0.27707222035520684,0.23741432160181988,0.2058565631807456,0.12842414800211813,0.13931309327099828,0.08936605411903963,0.15623396133198142,0.05980908250581804,0.19382843292245838,0.1044119580232468,0.08172066649730397,0.08624414440990376,0.06501326623796945,0.096909066998362,0.031167411877006872,0.026277442455386612,0.015195321171536214,0.0002504831381581372,-0.007598266782771005,-0.05503206630619732,-0.12956746675362127,-0.1542055014427049,-0.1613187487319317,-0.156009782117486,-0.286657080796559,-0.17920850387703027,-0.3223671122441698,-0.3733212703807852,-0.27264924125920675,-0.28273107577035,-0.4137657046309323,-0.417723154021868,-0.4507156415758835,-0.3684408381155661,-0.3581114094717636,-0.4446592843704215,-0.36740882704900424,-0.2425680889958689,-0.24798027581039714,-0.15415273479974223,-0.14949201596039743
0.11291823858610295,0.22159669274313898,0.12777342486873403,0.26560059417746795,0.283570303655918,0.164700374506329,0.2193259766382572,0.14984302730904825,0.12278953873493847,0.14709052011496584,0.06146463273759511,0.1691833669920772,0.19823403240291002,0.0735052732068579,0.052538967149911554,0.09051180168983874,0.020127045118447224,0.06505165796689716,0.03381334165776885,-0.0322752789981721,-0.06609018368337771,-0.06378997912735641,-0.09770003785668843,-0.2110693749553641,-0.1675050980073029,-0.17743201129221592,-0.19617778371677436,-0.24225346820992363,-0.42221567768421076,-0.27504991074016144,-0.3096323241894422,-0.35463648117863156,-0.5035291073865854,-0.4976464418432244,-0.46304025060457404,-0.3683283133769066,-0.3851135683606469,-0.2780752745842032,-0.238995111183135,-0.28963145613121555,-0.2685311098264747,-0.07038783371997157
-0.007548043620103699,0.03233836135805048,0.028128706791426684,-0.00402627624088965,0.014308955600366583,0.020187183311560414,0.028356140283096277,-0.007491526871121509,-0.0016639670629566322,0.03720193881063991,-0.02385772781278363,-0.027034829005874988,0.005764349109124362,0.02429674799849659,0.0006110077394532082,-0.004187053120809465,-0.004212428737941946,-0.011655592951546565,0.03665117928766192,0.01391233895996759,0.020729698183054795,0.006895707739757455,-0.029865676637684937,-0.007873444996114415,-0.0040093403338376556,0.005693916197308985,-0.004778397797252963,0.014867680781943785,0.00200772722947762,-0.005687030830930652,-0.013915267414431753,-0.02367574744281811,0.013990538127762643,0.017275920153199408,-0.0038388694445088394,0.010523546638749116,0.0044561767299815674,-0.024527618760501246,0.019728823394264714,0.004983497256128353,-0.009915939627077939,-0.015524550410834817
-0.007286395428112135,0.016989405064775275,-0.024130198614218883,-0.00904500299599874,0.00804548649395096,-0.019284270680823952,-0.02754235291278828,-0.039195157616292935,-0.005052225872840712,-0.0055953796136625185,0.0359602924501665,-0.0007523039010764708,-0.018126976600133,0.016496060727881765,0.02363243003706978,-0.0016027441640143905,-0.011649131373448076,-0.030231968320272484,0.01910055898079753,0.013649596770033856,0.005335198268786542,0.02860910337587337,-0.01215251325790795,-0.005486917394669353,-0.0006472397698629746,-0.0022873953234579755,-0.010861065804148917,-0.0263315428713898,-0.0009323265860614953,0.02650185564836234,-2.987265763550671e-06,0.037012495741684366,-0.021662230343549548,-0.0373234523270089,0.02520260488335483,0.024161476354824806,0.010235144261332428,-0.0060185728699042405,0.005215665765715979,-0.015286848311345027,-0.0314423877992533,-0.026594533385924643
0.007554673264753196,0.016988633660912925,0.012778750955365785,-0.004096277664656247,-0.024131639596249182,0.02951336182213411,0.008481140790041985,-0.010999393538635275,-0.00045458815408022673,0.04199800774329691,-0.042440036869997165,-0.019373918479832077,-0.014277291186765868,0.0336393763723937,-0.014611782214229676,-0.02679577158047237,-0.015340668842321669,0.04036867355396626,0.02265043036278516,0.0002279514333346801,0.004996514988211809,0.013521209419148776,0.010208186790427815,-0.014508229093321902,-0.010946063147447536,-0.003260293155901706,0.014808072584563218,0.018843552960808845,0.019040575997150495,0.005275830164873952,-0.011330793347402474,-0.008697700390698736,-0.016343100711660754,-0.01943081876009603,0.006293724175304195,0.024510074513561162,-0.04271041851530418,0.03124632574074028,-0.026247815293389456,0.018548869688712315,0.008298305634798114,-0.0022942484918155293
0.01761456686886508,-0.029638664624730644,-0.013823528742233322,-0.029858942942936097,0.017257111205445794,0.018637486537473952,-0.03862270345013292,-0.0019463761148028607,0.047836918548629884,-0.0031346825113724133,-0.022667429308458557,0.020150502977314494,0.009433991714701813,-0.022412672462759325,0.01895370403301068,-0.011402897748979455,-0.02978429777070703,-0.00016370648397318215,-0.0007479680287698743,-0.025644648544963983,0.009324113192948878,-0.017309826786781234,-0.03380845619707797,-0.022189758140248594,0.029940178217193057,-0.04118208131734551,0.01917719481053163,0.005181293969180155,0.004734909722060613,0.018106935386577937,0.010271215780097277,-0.020472177511501804,-0.05251416308332735,0.01899780637226757,-0.01584582672591727,-0.0075728816335431355,-0.02975216948971104,-0.021876594654800616,0.015001836552921229,-0.03389593312809565,-0.03380882560966503,0.00667941224165223
-0.020023485871268048,-0.008586413644472914,-0.01894146661745282,0.018248960214952804,-0.012107175558487816,0.010768645159463214,-0.029159713523113733,0.026750220063997864,0.018936543423721645,-0.03648837052106555,0.01407131957239028,0.03687731184702927,-0.015826645885457517,0.026946114977973733,0.022755764074475965,0.012173552712646668,-0.010101407027985227,-0.0018100430634634913,0.01574386067840962,0.030806284193832613,-0.00497918295481751,0.003962967796112455,-0.014286362078343127,-0.024183980290971404,-0.018171639208760082,0.020510172825189566,0.029158860974844995,-0.03270549672004221,0.05416925087397936,0.018516310539553202,0.0411766738465794,-0.05286128095490115,-0.014888584096358416,-0.006996819745531166,-0.036299731643559624,-0.04844862849721817,0.01818591776422393,-0.021945452672011145,0.03844044133665021,0.018291347867850787,-0.047233189105143965,0.011866976524707869
0.0016283305750688611,-0.01580343717330814,-0.010883704075767896,-0.000364321879654061,-0.0342579692425117,0.008413431720828717,0.04641960029878844,-0.00668123275092287,0.010256848993193176,0.0036315748922145464,-0.020626097263724337,0.008158106084512937,-0.023981156292214964,-0.01782530439101051,0.05517438274470825,0.005071195716423899,-0.024875598197430057,-0.027665317338449794,-0.025366300784600105,-0.006533732233132533,0.040732920975486725,0.025684150444103163,-0.02082501058895949,0.009990833951522452,0.0051367309658044095,0.011798745424553904,-0.0065246337756346634,0.03981094753563648,0.005316808148944891,-0.01401103218651676,0.01681372997809482,-0.014193562715505917,0.01932290465178845,-0.00944426626815853,0.024235476672508253,-0.01452946686314607,-0.00022484390846243176,-0.018629242255968168,-0.00961217264986207,-0.007425563987260912,0.010365278340603638,-0.02861752647078888
-0.009392731663994817,-0.009026602161300754,-0.005880726984473064,0.014142570873285415,0.051147893156151904,-0.0177808431678627,-0.026153369778643153,-0.03231145853143981,-0.03314232767537352,-0.03701099757234939,-0.015266546425399654,0.051754498353102384,-0.01233180689777797,-0.009128444845579816,-0.0009068642797544437,-0.028161594389716826,-0.01862881571472058,0.010155532856645335,0.02376127073300446,-0.016534280651953573,0.02198973387157467,-0.052632212949692024,0.026664861537798307,-0.05866055625528066,-0.015255006404145658,-0.02304628377397054,-0.04028924770655254,0.01941863766141562,-0.016148537766610353,0.008458908935713366,0.002585924191248796,-0.025695629873483217,-0.01158809674935063,-0.008208140898188034,0.006778776221415559,0.012595409329532002,0.02076688449567474,0.012838363248136754,-0.037690834530498436,0.011856670808984518,-0.030713374465500782,0.03732619638875532
