gfs-wave-data.json
{"header": {"parameterCategory":2,"parameterNumber":2,"dx":2.5,"dy":2.5,"nx":144,"ny":73,"la1":90.0,"la2":-90.0,"lo1":0.0,"lo2":357.5}, "data":
[rows 36 to 53 of 73, columns 0 to 41 of 144]
-0.6485709197080911,-0.729679642849712,-0.7343555452607323,-0.5906922229321364,-0.5732737141706598,-0.6098209480101863,-0.5380005210836882,-0.5484950881277783,-0.4798370328111242,-0.6303104041725661,-0.5325089799248374,-0.31120552225657405,-0.4909862827025688,-0.5112532809761008,-0.6922871009439073,-0.4876257767591469,-0.5701446571098114,-0.780759857182682,-0.7686108961013107,-0.837873639489479,-0.9128247383273288,-0.8940232822726316,-0.8117651484553077,-0.9070070580178136,-0.9480224341045383,-1.01176883170766,-0.9355004286473213,-0.7640101118723498,-0.8199353253563734,-0.7089787371032739,-0.44917665988438704,-0.5626836838156593,-0.3516157081309171,-0.3463780707432332,-0.31501981370461263,-0.3279671731897659,-0.28505717655446033,-0.4074274796568193,-0.3838331284317798,-0.2522530920269,-0.28342747850088335,-0.19900147236764587
-0.5942025917707957,-0.6228497418378536,-0.6783179190506541,-0.6625673656488319,-0.6089701138095224,-0.68035822582665,-0.6096415015153868,-0.4855813476269455,-0.6458598343874985,-0.36490206418840976,-0.5695921055619738,-0.4480876415160464,-0.5348637695528791,-0.5857783405540771,-0.6789180884753826,-0.7163125883624549,-0.5375649626866246,-0.5446740987664321,-0.6530357072223032,-0.6763842632080411,-0.7323533164427095,-0.9688332961231385,-0.942542053120709,-0.8649896101667105,-0.9271661144045916,-1.020566631566061,-0.9035095736678768,-0.8231793423547088,-0.8447206111092108,-0.8141381068219247,-0.5246980579603654,-0.49842727602796894,-0.4457389130388363,-0.4389674485870729,-0.37759306783291646,-0.2974701504488227,-0.20318140527033912,-0.26401488016194524,-0.33303536070227013,-0.3475090574657875,-0.34611486937152003,-0.2574156584412764
-0.5997225790057928,-0.6375834610900301,-0.6485595404860273,-0.6506486244276255,-0.6499365189577002,-0.542628048042541,-0.6632215095974964,-0.7083635896710848,-0.5905381398900038,-0.4341726008360422,-0.5664377834238566,-0.5224821922382834,-0.47456990349712025,-0.5504744413780397,-0.663056858361512,-0.6044255344992262,-0.633137986164803,-0.5499725937617259,-0.7704855977232646,-0.8310834539015162,-0.9066266102095263,-0.9442581174522721,-1.0020716099160358,-1.0570556033749003,-0.8592587707639656,-0.8682369606718454,-0.9620112693227836,-0.8275470633933285,-0.8756204259197812,-0.6745684910803821,-0.7269799583212595,-0.5372091540827416,-0.4137393317142856,-0.3018781363973862,-0.3719030106328021,-0.3452574598162073,-0.33333698859008004,-0.2630164931529546,-0.30000267436919775,-0.35620381863884304,-0.2551946641955312,-0.29915794546495217
-0.6081983889194974,-0.6743705815139941,-0.6653094221817585,-0.654987592902622,-0.7495422894976986,-0.5901939382345459,-0.6112064304568121,-0.6097367985093274,-0.5198007538352539,-0.4838220781389743,-0.3620729328420866,-0.4452083736417128,-0.5942557934476467,-0.5151797758575216,-0.5280925847994036,-0.542886525686153,-0.5883474761549986,-0.7124147275395954,-0.6309710632673703,-0.7196797246518676,-0.8796024839422815,-0.9208832846990097,-0.9766592651142633,-1.0423083258859691,-0.8417463663659032,-0.9174205835705646,-0.9252345698561643,-0.7924246848362162,-0.7789278894442663,-0.6200205754069071,-0.5621482683445026,-0.6133331661170203,-0.5658568644402742,-0.35614630848203116,-0.39039378750293163,-0.31890048391354325,-0.35824728565092967,-0.28667689150877956,-0.28224639370153914,-0.2614234594782782,-0.3326091159714954,-0.3556685229470493
-0.5188679899586537,-0.6686415893632035,-0.5637233192303347,-0.7082737564237899,-0.5622177459575056,-0.5623511635839126,-0.6696595526961038,-0.7028019802667876,-0.6030729936327708,-0.5684443893840644,-0.5201445419448019,-0.6511515976815415,-0.4762717811684088,-0.5850034534314288,-0.5459348718441195,-0.7034420196690034,-0.7069408131305288,-0.6272439470977285,-0.6114899660806485,-0.6873171853610709,-0.7648382281676249,-0.9972286568062021,-0.9924064592136574,-0.928131085662502,-1.0372920245535737,-0.9858025283953935,-0.8205189229469156,-0.8524074133018021,-0.8192141454975508,-0.6428331502527439,-0.6451455523006135,-0.6173604437750744,-0.5441144877954662,-0.4800031545666156,-0.40367426367394355,-0.3384386001247801,-0.3677661798835993,-0.31762325957139653,-0.31798536535770466,-0.26612918381188894,-0.2597070289667697,-0.1980463238098446
-0.5532027822450751,-0.5340177215193517,-0.7163224634972468,-0.5672507387163291,-0.787843012869954,-0.6344572167173332,-0.5666072675201065,-0.6564804415077543,-0.6501523639405443,-0.5201178959553145,-0.6707539834081169,-0.3901508992915677,-0.41545600373990965,-0.6255890183928338,-0.40505586795931153,-0.48766374515364963,-0.7253618851083337,-0.718052395145202,-0.8268471605362742,-0.8454389961085828,-0.9760598842151736,-0.887492764915877,-0.995696925425997,-0.8785273384890104,-0.8911332751494919,-0.9350389080647074,-0.8313174699839677,-0.8993982933531781,-0.7131699012628193,-0.7305300341036676,-0.4955617366836209,-0.5864373143175036,-0.4543279412761007,-0.3337162058613523,-0.42553286222781866,-0.38656309406715744,-0.40493507675499046,-0.2420749117859325,-0.17537533046626422,-0.3281424463152833,-0.22866124807493207,-0.29770282624434463
0.011439359363453923,-0.026409395235969305,-0.0031489757308266566,-0.007191736108478319,-0.0025943668792456362,-0.004581449171129139,-0.02644015236157085,-0.004719542567733655,-0.0022243863805200886,-0.0052593403570000774,-0.0012194328778811754,0.02671474811762348,-0.01003862644949666,-0.0009338655147384598,0.018035322486304448,-0.007963319551886387,-0.01786635269343046,0.016813821862472753,0.009455371918312075,-0.006838817808771597,0.006736393800206799,-0.012619535963091866,0.00887679168773201,0.0046539661322859615,-0.017613661388515302,0.0030480177576472133,0.010411006644678632,-0.023580672332789425,-0.004372431629441204,0.013435202007104716,-0.009720418121500169,0.0012905548289239492,-3.8872929333785806e-05,-0.01879082078066613,-0.002843419956775836,0.012551342492955198,0.0020193993095455848,-0.002825231259285746,-0.0016992427610061677,0.011530815642335837,-0.004904737090487224,-0.031879851618045234
-0.7540518250763713,-0.712987994642189,-0.8196229986102943,-0.7906167206722927,-0.7570869803632851,-0.9062467416421747,-0.8011568479482468,-0.8554371947672554,-0.8412384040092784,-0.8815908299443325,-0.6564439580677954,-0.857836629036087,-0.7817249551253638,-0.9117196960652084,-0.81097254326541,-0.7711733402159426,-0.9453559924032792,-0.9174497189191393,-0.6484504963241495,-0.6956723246920509,-0.6425654280862004,-0.9034561478544069,-0.6917016859861405,-0.8106802136796338,-0.9654698610629772,-0.8189965490996763,-0.9414075720402537,-0.5574748035602985,-0.69908472315828,-0.5739720647240609,-0.7203714253307578,-0.7841152081149483,-0.7080326776644179,-0.7685614909822192,-0.5777144512432697,-0.7517670972110387,-0.7436965045857841,-0.5166388986320827,-0.7066539988189847,-0.6809774910706111,-0.5478176202590558,-0.6293293884540361
-0.775791182457828,-0.8772766573209888,-0.8202276590022246,-0.7483163373534868,-0.8462755912251642,-0.8034247722106546,-0.8724523933809504,-0.8272422594713347,-0.9206321949328377,-0.8779853345237756,-0.8424180470558846,-0.9139132397939276,-0.8091657315996726,-0.7710174735083895,-0.6525070573518532,-0.6582250706976367,-0.702920913579031,-0.6895743982362286,-0.9958095781298265,-0.6434099195658657,-0.8079875440045123,-0.9365114830942893,-0.7799697740587144,-0.8593563432433308,-0.7724276283085423,-0.5760126162530533,-0.9011390909588924,-0.7983709533920367,-0.6042406224395409,-0.8223146123979538,-0.8500900360490996,-0.7807395506611919,-0.6683376748387198,-0.6535960392580903,-0.5993724372445091,-0.6857462417420767,-0.7623793025881694,-0.5183544557850945,-0.8177041172037124,-0.7344603944588245,-0.6224414511013272,-0.7087149900038948
-0.6763117969184601,-0.7295473829737612,-0.9172528295558822,-0.636396468011204,-0.772819720932571,-0.8351891729727263,-0.8803669019929813,-0.7738060109865863,-0.7078512812752203,-0.8113091817376529,-0.7539264719457508,-0.7498067059392801,-0.8427052916560143,-0.8426423927981177,-0.769465788287437,-0.666465941946951,-0.7456658300011054,-0.9397057643457417,-0.9514608072379125,-0.7805573498038444,-0.9402566742980573,-0.7976179255801432,-0.9409555381957675,-0.6123289629772424,-0.8763648644335401,-0.8149336328758858,-0.8601327634069074,-0.6672600155742023,-0.8041894856324933,-0.7802993618035952,-0.5920712689958425,-0.5348941270595332,-0.768835475923217,-0.8405254640830383,-0.7947326949252453,-0.5845573250720546,-0.5914088408683896,-0.7767518675625654,-0.5375815915461025,-0.6457108259613132,-0.6004789991327977,-0.6853485608116907
-0.8527854375252966,-0.7214769720096269,-0.8720246259583857,-0.7885726054157663,-0.7607820768952566,-0.7734788615690017,-0.6821968522019376,-0.751668709224623,-0.7277309798427246,-0.8418292345548419,-0.7545458170884122,-0.8370526739002266,-0.9880516154079036,-0.9333169850254781,-0.7290622827884241,-0.8090644034584202,-0.7850002504828868,-0.817317398298769,-0.7666073869136709,-0.6455092298089847,-0.9139285442192334,-0.8354977731199364,-0.8187861451271127,-0.7011899740936253,-0.8681867766407109,-0.8426394554290965,-0.6710755385707888,-0.6279477969712227,-0.6591355144368441,-0.6463756724988848,-0.8008266821967487,-0.7276668926013953,-0.6666431181168674,-0.6857846090479691,-0.7385517294441065,-0.8203876026104789,-0.6672998293464257,-0.5742620451868468,-0.6842715752351012,-0.6531564780472734,-0.6833999491141267,-0.7087000202790511
-0.7591483070237192,-0.6836933413073507,-0.7866924701310664,-0.8446101407498445,-0.7338478120296977,-0.7727494565201388,-0.8318409498710512,-1.0043990347451162,-0.7481498549212213,-0.8688509689090979,-0.8303943589146481,-0.8822975758551418,-0.8003233330789529,-0.9094207742259928,-0.9787735919789933,-0.8701557896083917,-0.8219589383777831,-0.7440626745008775,-0.9884645077130175,-0.8001944992002183,-0.7600252636429133,-0.7766229627351352,-0.7998144876910732,-0.9081367923900445,-0.671591162376306,-0.7557563317319005,-0.8016306023186482,-0.6709162947692907,-0.6033545245666293,-0.7342637708692729,-0.8682756930424955,-0.6335798363774089,-0.6439923036801688,-0.791854732611034,-0.7812194533969963,-0.53257158633212,-0.7199351983370483,-0.7412374207492148,-0.6050162328727638,-0.6867917045754562,-0.6722996062546945,-0.6003490809044223
0.003299947779276444,-0.0039009522399603377,0.005332912223321927,0.0012849266461611142,0.03091692809571311,-0.0313985684207249,0.0012844476238769483,-0.010712657308006494,-0.002669468858003946,-0.002201573786991755,-0.011990714661360131,-0.019183267960397384,-0.040251248429877144,0.02845615413355287,0.006604120256660363,-0.01901805979279878,0.014761425105240485,0.013141571862943088,0.011538445164822417,-0.016495650766152833,0.006598971355672446,0.027059198620304148,0.0273788304667587,-0.005423633122984861,0.03615887478276713,-0.00801395729645246,0.026462520845597432,-0.013330149885630412,-0.018991679514155237,-0.007039605109562707,-0.017716004996930202,0.0013406590934289567,0.016769954143262576,-0.016646463940838404,0.040490146272418676,0.02117450203502561,0.021541654867621673,0.02615043049431905,-0.018758042019836652,-0.014401836774863478,-0.008791435839611379,0.0077060774874092176
1.5532406335033833,1.4909530411923875,1.4831945101290256,1.5040774305830478,1.5798487587306496,1.4714118146917325,1.518592557446772,1.5691667363598774,1.5208755034572474,1.4954612007629162,1.3632224895313811,1.3580959413201048,1.3723065014580191,1.2174861986521153,1.3059996803206175,1.3071117150922753,1.1053001407207346,1.1485889423028333,1.201325397169554,1.2900160057709427,1.1336982896726104,1.054187742597723,1.159139499791113,1.2069193472125936,0.8850534728655838,1.0249715848745287,1.0806943788653829,1.0318979018601844,0.9643206303033924,1.039005801274683,0.9445596537219403,1.00794109741588,1.0628986093246318,0.9920628781299881,0.939380347545755,0.9048622053639067,0.8232170511055008,0.8672400142072172,0.7612217523536737,0.906739152230244,0.8149734521913392,0.8551992692497679
1.5790563498304315,1.5444718829430826,1.6819855133792267,1.6133424440015431,1.4415858480919053,1.4331004950551753,1.529595286313276,1.475218923139039,1.4029132445581338,1.476312524335801,1.4506644719615467,1.3228406882541464,1.26138133255745,1.3547276090513436,1.127160528458247,1.149156609973465,1.1333037348049027,1.2230889348404015,1.1938086458569057,1.0832031565593319,1.1321844863842825,1.2096586312366981,1.1175919631465547,0.9752922580228535,1.1088550858790431,0.9807111192930256,1.150266774672697,1.0003021851900435,1.0447987822175548,1.0511593109266038,1.0427272678361081,0.9058638472290511,0.9639941751059193,0.9852471116453231,0.8455850456281235,0.9763535955406065,0.8694865343841486,0.9110592929203795,0.8094894851142749,0.9478944959316971,0.7842419479763387,0.7946006799711206
1.6339898597702875,1.6399002859665892,1.5614788759243743,1.5136278789847886,1.5784298487626267,1.6616587388693038,1.4077856176767571,1.5195125114736934,1.3671345442817935,1.447272729819187,1.4268115667229824,1.3077445042752651,1.2578720024449805,1.2486597496741234,1.382721630706643,1.2949662147401642,1.2375950404391343,1.1491988915371651,1.1769193800089457,1.1384080439486879,1.2735991024916924,1.1342012397165533,1.1110909703042766,1.0483491711240958,1.0633644478220956,1.0609934242277712,0.9918307427186138,1.0668138060152004,1.16165452945402,1.0162438472307151,1.0094503139578184,1.0657459995026073,1.0334140261170046,1.0338904961534767,0.9147230217526808,0.8948131463136337,0.9082912212136528,0.9123156973226528,0.7936334162720791,0.7855100298510657,0.8596025802941465,0.7686444551881804
-0.008504618965921234,0.040943078369047155,-0.015047190425153132,-0.023266434034214706,0.02199768556205982,-0.004300110670129732,0.013017539801631112,0.011371432783829703,-0.004480080239570608,0.03272688741663583,-0.018712246063033074,0.005954191311953105,-0.026629904119354158,-0.004381523813585014,0.004352881961623793,-0.005912941121624191,-0.03751012757284902,0.021041953189075736,0.02040351312186012,-0.005362960096597585,-0.015795182255064516,-0.010579255030894843,0.0194218314522366,0.041551813982248505,0.0334850545349559,-0.0016238318814310222,0.03256778814631062,-0.003096432811599513,-0.00784162960755327,0.0101123222464483,-0.014951309057427909,0.03168363525748739,0.03227415659504763,0.004095376998554852,0.045274865607414484,-0.03804710414198952,0.027604886696607392,-0.015723698139672955,-0.0029802820221686297,0.009110309409834887,-0.02309230515157159,-0.008247360701888518
1.9222469641635844,1.9389612257572784,2.0073302378050264,2.0383857791450564,2.1615726330789853,2.178263882862889,2.1473894856383176,1.969197997922135,2.2305951155064823,2.3142443482295225,2.1749238360007572,2.0866531753443605,2.26615840043488,2.05636112039778,2.2141421180869885,1.9695621251115911,2.0738827646134297,2.198166853829661,2.2118373687018233,2.109271337468438,2.1303608760138175,2.1536534438420145,2.18373181370339,2.1670323971844723,2.086551226191585,2.514458956981533,2.5618739802129182,2.28518209515429,2.6285730755425236,2.65105276427396,2.636054046394113,2.6167235759399166,2.4887541070951347,2.6867761397930123,2.6140856188310218,2.8063295535248036,2.6433479093251924,2.6625296810319665,2.5839760886940883,2.7216970728927388,2.692138042842661,2.523604948188879
