gfs-wave-data.json
{"header": {"parameterCategory":2,"parameterNumber":2,"dx":2.5,"dy":2.5,"nx":144,"ny":73,"la1":90.0,"la2":-90.0,"lo1":0.0,"lo2":357.5}, "data":
[rows 19 to 37 of 73, columns 42 to 83 of 144]
-0.04069835436122281,-0.031069104084451734,-0.01173633546525375,-0.027271782497164745,0.0491379217195962,0.013724551664370461,-0.019565454828094714,0.031074203831200412,0.010008097155719415,-0.024263759925598528,-0.047034712523243455,0.02638280038782736,0.023065798195529653,0.028123575921639887,-0.008836911438118595,-0.007954539170910914,-0.04147774774993741,-0.01484825628105355,0.001807465106539922,-0.0026448931833126118,-0.02275560485493317,-0.006898535837760143,-0.008218007462350596,-0.03419035027783455,0.006392577405602243,-0.0012695002558856152,-0.035668607136714305,-0.04949247141614038,0.01863150696116303,-0.010293153800161188,-0.03586394718069421,-0.011145825938633986,-0.030165180305550893,-0.014605087859304686,0.0014228402940420425,0.012995396830822535,0.03021221868986299,0.05927243714216172,-0.04450221873200156,-0.00032814071533972115,-0.022036105258836886,0.009924039892546406
-0.007369264167372776,0.02775141790549449,0.008297134273447155,0.06121549038655391,-0.033905565835850374,-0.02328145932742066,-0.0432461319124935,-0.007772431025613655,-0.016226123245024208,0.04397753253665916,0.01836664510614967,-0.020983170341382563,-0.028416478703016605,0.04186301680048716,0.00954284947483208,-0.022851974922457025,-0.021541793407414876,0.0214213596559172,-0.0008658834174611593,0.02456875445354645,0.0414817270101562,0.0007540036496891669,-0.02518787564813025,-0.004979262895670353,0.006220509831409648,-0.0037523443448733733,0.03052104518611953,-0.014197231480624592,-0.019121490408281372,-0.015368239476730324,0.01908069449347438,0.021129368971563596,0.019642893695135836,0.014812613078508756,-0.02797375098482569,0.015290118950266966,-0.028683177401905117,0.04345708483475236,-0.0007583060356716714,-0.031022369455911823,0.011216232251998555,0.001308680562140149
0.8664172314334666,0.8160131813150864,0.8523785056069911,0.8212493706154768,0.8067178186058868,0.7518118971474055,0.7879802269636077,0.8046868390447601,0.810984149293583,0.8460801567162429,0.8708852425484033,0.7918850009973146,0.801105167880167,0.835307100108948,0.8649174858089448,0.8713529045761403,0.8911956941937074,0.8522141514326773,0.8862721884996447,0.935759345688737,0.9139317165380696,0.9583260120473838,1.129508314165359,1.1135787253024032,0.9605957558421216,1.1131130937319305,1.171799276007815,1.221225560084184,1.2461604305824239,1.2998135197612384,1.3829330549000152,1.3377110939437837,1.260820674342841,1.1926082478085394,1.1135077301642553,1.1108126706029482,1.193929467061638,1.133626566306241,1.0792310708002844,0.8895690358302103,1.078639309147348,0.9727097533079173
0.9607836212515964,0.9414757784108833,0.7988473568430939,0.8500409868238474,0.722960883904741,0.8418476895097049,0.7831880998986271,0.756626203975459,0.8979770981846618,0.8490958536840124,0.8117607711057746,0.8005924108903708,0.6757034771643499,0.7656131014398521,0.7581962747241849,0.7822348065756471,0.8078179896322365,0.9847595775820209,0.8824149187271665,0.8528209165224698,0.885350959440715,0.9681288223233945,1.055427871420484,1.1512509459600397,1.0763982117175523,1.0225767328715456,1.0625552514521666,1.1038579305355878,1.1395932943362928,1.306079508359266,1.3736544238369912,1.2318706359092841,1.3415507268888522,1.1612914990684868,1.076834589373938,1.1581326053810226,1.19807315269059,1.1478337648370884,1.0658615048049738,0.9245217582799369,1.0967530061939559,0.9894894889174537
0.8291361530626877,0.9160933689915884,0.8823600105659551,0.9591255280204593,0.8802713184827705,0.8762083139428914,0.7528166440215682,0.7420169435371569,0.6622407309648601,0.78079810035129,0.8160934378497654,0.768067444141476,0.7161020421316275,0.7379927971001592,0.8970830232084381,0.7590906718722299,0.8945166851967706,0.9030774435672174,0.9604602111228894,0.8451546883893455,0.926315957797609,0.9978147857378398,0.9407394020028745,1.0474179398601915,1.0033829650264354,1.1361932821256495,1.069679219393116,1.2253903248741733,1.2263976110329928,1.3564511947624731,1.252550332628837,1.208791471871401,1.2517352521728047,1.1845444212161025,1.1966556851954504,1.1136210221128515,1.0375998482937518,0.9403735050931928,1.1476854301265267,1.0491096685559647,0.8751722922412182,0.9271772462550317
0.031791932980416306,0.03149274277540013,-0.0057456969191255316,-0.03338539637228463,0.02097445181620624,-0.015348151267517545,0.04851699715998606,-0.06196487171494977,-0.006251233871650709,-0.04819187397788735,-0.00218308820718577,0.05696050973520292,-0.031046820680593754,0.05445587045421402,0.031750472359646946,0.007213794530071366,-0.03174269922715508,0.044045508296729034,0.014458839955977963,0.03668693829382063,0.004332746319108352,0.03589755163905753,-4.2211931055827657e-05,-0.0663237641440788,-0.01784027444962658,-0.00864953081369503,-0.0322931640764573,-0.009177751998062828,-0.03282960677214243,0.04016168291366054,0.0021488192772017287,-0.019750924236438733,0.026025998956371893,-0.03113889677828598,-0.020678142066742074,0.024115784200892214,-0.005502964340604134,0.023263671440200223,0.01495749237125888,-0.03585039102176712,0.025931479696707494,-0.0004868406338492308
-1.1360161582547577,-1.2409198565275783,-1.099335115054879,-1.2011420167537112,-0.969385542632083,-1.0882726844357715,-1.1580722646365036,-1.1188594206133589,-1.0113326211509155,-1.0356876723019217,-1.074804953741427,-0.9388331120012959,-0.9855404165368946,-0.8027525483570191,-0.9472552380945761,-0.9498406785395953,-0.8820157850928375,-0.8337657660743956,-0.8986166725354885,-0.7751240937586951,-0.8940245403790658,-0.872568498442128,-0.8488737983140843,-0.8885498979087341,-0.7728958254260521,-0.7988815960162904,-0.8142147810491684,-0.7187317696927916,-0.7088735126141735,-0.7420808629184222,-0.6753160372993856,-1.1840155778199597,-1.070621616664518,-1.2278465807115502,-1.137041188264865,-1.0782284872815913,-0.9830285535088944,-0.8728442915047738,-0.8834089706121959,-1.0697998521291077,-1.0312654257610099,-1.0462390659182257
-1.235230595399148,-1.1506448466302925,-1.1740463598666482,-1.0988413732477795,-1.0926529016236173,-1.0662689276978141,-1.0396889536964373,-1.1013527316894973,-1.055397778820556,-1.0873915927109743,-1.0687528093822969,-0.9213753501118781,-0.8757340694344641,-0.8873676111186742,-0.9000790396304074,-0.8789996043565964,-0.9691328631182773,-0.8785261214503011,-0.8968046383374834,-0.8482088584475704,-0.8487083158929817,-0.7850143527420427,-0.818391559304574,-0.8103629256215064,-0.8564954808595779,-0.7264674700560267,-0.7097249989840132,-0.6775588456922294,-0.6536528365575349,-0.7103936075271153,-0.8216240149895564,-1.1064817802830007,-1.2771371856261853,-1.175397715339343,-1.1953341939786,-1.1398751017939734,-0.9782847825056948,-1.1396995068264457,-1.0826167120342889,-0.9530154348232744,-0.913431105692823,-0.9000267971210423
-1.203123575323436,-1.134137115836531,-1.1709324638204381,-1.1661099719482666,-1.1480942258033253,-1.0118686514474313,-1.119960970164761,-1.1454074544593076,-1.1296106105335697,-0.9556527123919538,-0.9493168489931435,-1.0370368647694341,-0.9505481337999966,-0.9567738451747568,-0.9143274777243086,-0.9779351818266001,-0.8435586022730713,-0.9002598324722896,-0.946894332975342,-0.8745317277984958,-0.8315227960484141,-0.8299346575300725,-0.8956216265119149,-0.8834971970933733,-0.7804739443950793,-0.7937614840900407,-0.7903607344896788,-0.888284648142319,-0.6276948609355381,-0.7227868561867868,-0.714280234776269,-1.0161771881539325,-1.211752853637499,-1.1863968222434205,-1.205992535657495,-0.954430620494479,-0.903760236986943,-1.2507331787659075,-1.1186362374489245,-1.1065808877241308,-0.9998347527572633,-1.1130488778395327
-1.224581863537338,-1.0678518538063044,-1.0697274658131999,-1.0822448042554835,-1.023306957173481,-1.1553464555453041,-1.0503948348286103,-0.9936085339618452,-0.9454483665539434,-0.974076989139992,-1.1061440804854261,-0.9799224647368951,-1.0421041221861247,-0.9203332044126208,-0.971847917762215,-0.9829777254811127,-0.8249746211425842,-0.8918623798900083,-0.9130478587881578,-0.8449470181000148,-0.8475420572064619,-0.8262509469734944,-0.8597664847213821,-0.9243151730721342,-0.8056575714084561,-0.7751909700188178,-0.7836055019529937,-0.758550052744502,-0.7942155820724563,-0.7094631721560742,-0.8652212880940715,-1.258912656467888,-1.0782202665855605,-1.1741148580011733,-0.9857804215809842,-1.062027697039261,-1.1248267431575458,-1.1575970658613257,-1.1882265315519889,-0.9889420231689439,-1.0676710206573814,-1.1659527460918162
-1.2753380302112107,-1.0801895368412449,-1.1130275463097161,-1.0964464992721994,-1.115727003461502,-1.1550007398970619,-1.0199263659573912,-1.09788241906908,-1.0439417896287944,-0.9736886253000291,-1.0449846327264143,-1.10133753243356,-1.0073948186778934,-1.0300770088403146,-0.894450317709964,-0.8658031890034674,-0.9994285000768196,-0.8102100329437893,-1.0002732023706946,-0.8052127343884901,-0.8998117367681816,-0.8110709483120659,-0.8536314887598575,-0.8321615426249268,-0.8103085103457812,-0.8365034183606797,-0.7161740186560582,-0.7858501297234942,-0.7625214698485333,-0.6780356219125371,-0.8688996335052599,-1.1772001483761212,-1.0457313821096927,-1.1323673565747827,-1.0001143400125727,-1.2181876822667448,-1.0019357640868198,-1.2207237046372759,-0.9459310052567291,-1.0406297138491545,-1.2118608276214349,-1.0926706500291736
0.03146579586453165,-0.047328078531456985,-0.019877750967841966,0.0028254938494247294,-0.04771074093332549,0.010989484964761214,-0.07025426125031138,0.02519936534177126,0.02529265853726138,0.01658147466320105,-0.06672648212706343,-0.02201443254785571,-0.028823004216733637,0.06529212629353477,-0.015217067683430155,-0.00024896725065774326,-0.03233018755495333,0.028864915546857006,-0.037923538322771705,0.026597037061657215,-0.015017600998012083,-0.05140237684853468,0.05990885166962169,-0.04192401768494771,-0.038607965183437724,-0.019947129688604126,-0.013584154778060102,0.04903238402044904,-0.012030082666432414,-0.03991669018778623,0.030734187860590012,0.001280986522167643,0.043056262459439394,-0.037046900657263085,-0.03843201828999861,0.049054617247772554,-0.03258261947735263,0.0011806771441529207,0.021078947090943177,0.03615254981556268,-0.03991857389273174,-0.03215156905666546
-0.44817286522138206,-0.5102446021597766,-0.5179151931056111,-0.547691615176661,-0.49363442818430264,-0.51960318129223,-0.5067492781646143,-0.4988145562261386,-0.598388794892152,-0.4666273819343578,-0.3504113594496996,-0.3533146825577633,-0.28551210118559744,-0.4526245790725325,-0.2593862159437305,-0.2011799817024846,-0.26650520058032634,-0.23914936182641372,-0.38303231981758684,-0.39096877065037167,-0.36973724522593215,-0.3346817328631509,-0.4474782846261772,-0.423099731330064,-0.4868063669210261,-0.5669626275193084,-0.6811028401633479,-0.7109423460324696,-0.7809522195175566,-0.7576379379389345,-0.7885534914302123,-0.9244671387618215,-0.7907867022983904,-0.8676845626162609,-0.9699335478123179,-0.9262322673518316,-0.8970772787201182,-0.8987741787464963,-0.5630942517886678,-0.6490146460679569,-0.7361478019736618,-0.700036050538589
-0.4954939566239176,-0.6239108360964355,-0.49335812510411775,-0.6504914425285048,-0.646938927342186,-0.5626789799117963,-0.6157167940327022,-0.4968407750579971,-0.41931284689658194,-0.5332048528947461,-0.4136553326984883,-0.32893264766910474,-0.3815875087315014,-0.2521996323996486,-0.2791993534421095,-0.24264506028742433,-0.3252235663836444,-0.382718873774617,-0.1614468460541787,-0.2135332347858423,-0.33184149142191677,-0.35294383470712165,-0.3007700223815771,-0.5137073796848928,-0.4425149014652572,-0.5885028717428765,-0.6956159312272229,-0.7048946163600689,-0.7513486547774533,-0.8002813433454233,-0.8876559018954068,-0.9770468182685211,-0.9557417016791533,-0.7936480956519497,-0.8860629190239397,-0.9081819549206281,-0.8075966816712465,-0.7675282562373456,-0.7368373220169256,-0.7222062909462466,-0.7019039553423313,-0.5330082035839028
-0.5572537875014604,-0.43489577690071274,-0.5253583016710482,-0.6536437150827515,-0.6436215221405007,-0.4862818084389039,-0.5965628791860582,-0.5231746262819832,-0.3940597888249781,-0.4568634149669428,-0.3346828982840637,-0.3763817312096829,-0.41404534230230694,-0.3310629475419472,-0.38551463923067447,-0.28590897932542947,-0.1866553752010971,-0.22750383951216163,-0.281222749694148,-0.2386161387504594,-0.2617834570668664,-0.31301521540047844,-0.49600335558919756,-0.4685058322760661,-0.40923730429168464,-0.6594782977763489,-0.7033317311874522,-0.7792570458118051,-0.7571153757085987,-0.8758945928488059,-0.9306571521714144,-0.9348340151432873,-0.8685649826228143,-0.812855554966561,-0.8673192946447513,-0.8950019826174312,-0.7842755881097809,-0.7572176053609704,-0.7614682036658691,-0.6974899460858257,-0.8105885144547972,-0.661802728474987
-0.5857676360003632,-0.5620061009563867,-0.6138775609055998,-0.49586979567364814,-0.5575750091884624,-0.5019710541018736,-0.5567743520533711,-0.5685861022652098,-0.5054729006837756,-0.4267816608411385,-0.38263693891292994,-0.3805894065331596,-0.3629826970678715,-0.34429547729027676,-0.3106188323506323,-0.3615424275606313,-0.2116218434903606,-0.32567513104233925,-0.2418126692409476,-0.2556801001379816,-0.37249908519634867,-0.2695097640437611,-0.41998489500130926,-0.3189237851919878,-0.48553577160913647,-0.584356206983729,-0.76860377574718,-0.705323701223102,-0.7352951443102652,-0.9073176866921867,-0.8088056471263118,-0.9639737818651057,-0.9028808757898169,-0.9264582262807108,-0.9890194803004514,-0.7665255376187413,-0.687469855582822,-0.6958973913557442,-0.763716482616348,-0.7777465368894185,-0.43745225636079077,-0.4369135166950922
-0.45916895293361465,-0.54912137597672,-0.5611701791669239,-0.492582408663144,-0.5348309793106958,-0.6165284390776931,-0.5947446471147303,-0.45103908537793613,-0.45583271933611264,-0.485047729864711,-0.4004565576724758,-0.32544873881880493,-0.29384191918452585,-0.28299100418774403,-0.41252629050275863,-0.35471946015846084,-0.2688535876206193,-0.3111997710820753,-0.2297195950667161,-0.19493104978702389,-0.3087598320114987,-0.28373622312262337,-0.4468079027961288,-0.457665497015836,-0.47993089725196636,-0.5078562106802337,-0.7021778700152831,-0.6836605772628112,-0.8106448144342314,-0.9427885567699198,-0.884527404009517,-0.9205930383550572,-0.9074733605302925,-0.8805651014588222,-0.9175961828358203,-0.7081832738785513,-0.8598139844603504,-0.89648291192687,-0.8142838383485427,-0.581595597414099,-0.6911414786866534,-0.6889265077288874
-0.4816291255367373,-0.5629606072908532,-0.49857969157043747,-0.6675419135181617,-0.45779749618022997,-0.5528097046580203,-0.5669383411290267,-0.5570793680074009,-0.41923033682683186,-0.4392945147030604,-0.39487027990750373,-0.4179962332894177,-0.37105362370528766,-0.3437157469283427,-0.25820570161091455,-0.26661730241371795,-0.21959460359325123,-0.27070075403716903,-0.20416526268090113,-0.3883746306303365,-0.241264249011227,-0.39965905440473354,-0.4820877416425707,-0.5663394732692314,-0.5027311732681616,-0.6175488305880533,-0.6250057734253535,-0.6554593686175146,-0.8559597512934457,-0.8897397816647051,-0.9476947754381267,-0.890798858633224,-0.8662223442818457,-0.9313844510440225,-0.8690116265509421,-0.8300492841315673,-0.9106060739585019,-0.7786247605967479,-0.6755858029768426,-0.6012535257471834,-0.5576737228075239,-0.43825779954859634
-0.6170108483551472,-0.44652244397812996,-0.5682275787539394,-0.5560050598638114,-0.5813649166954903,-0.5169497586414591,-0.46142614401114374,-0.5657750617466936,-0.5421009124032907,-0.49287843217538796,-0.39604272468726587,-0.40189598838464763,-0.3343687228468672,-0.29133356658471105,-0.28894731032234494,-0.38659965316605766,-0.35916516304526797,-0.336509427331162,-0.21291579512362158,-0.355254286699205,-0.33658279865249824,-0.27159856672889054,-0.37331232077635107,-0.4401795077256565,-0.5509801360257005,-0.5789874108683764,-0.5964619449990242,-0.7070902794783512,-0.8111988240340984,-0.8639494063250107,-0.9008876377016076,-0.9187300768821284,-0.8666367178772337,-0.8264074609221572,-0.8782954483448545,-0.7866073273019621,-0.7479410758897306,-0.8367965222484112,-0.6156257355279908,-0.6424060778804712,-0.5244029297714453,-0.5886852753688083
