gfs-wave-data.json
{"header": {"parameterCategory":2,"parameterNumber":2,"dx":2.5,"dy":2.5,"nx":144,"ny":73,"la1":90.0,"la2":-90.0,"lo1":0.0,"lo2":357.5}, "data":
[rows 36 to 53 of 73, columns 42 to 83 of 144]
-0.18568232396304346,-0.265500959796602,-0.24253283771674772,-0.3068297868650937,-0.29371060099668844,-0.32086477653456363,-0.2726855125714173,-0.24172593038272852,-0.15243123365653607,-0.1817990493429769,-0.17854955076102405,-0.2011022438005956,-0.15595929894558455,-0.14282850320429108,-0.17359275847413408,-0.19843581455755527,-0.07265163428870892,-0.1212271264882664,-0.1762927872628836,-0.16225906050418826,-0.1873890863347669,-0.16627415186788588,-0.24518397764157493,-0.26895722101832653,-0.25242521512864935,-0.45599625357687573,-0.4533147870948397,-0.5323577622249905,-0.5420009819589482,-0.6149173984157015,-0.5668058238847641,-0.6096660518535392,-0.5396765626213593,-0.6073815608486983,-0.5543494087664811,-0.6920161572393589,-0.6009582295311827,-0.5871255731501177,-0.4697346631584913,-0.4728098923571525,-0.384529229215504,-0.3817173385952781
-0.2594406836772103,-0.4023024866928723,-0.2768431576201825,-0.3340140551913514,-0.3589253901817659,-0.2542062131334233,-0.1668379920435122,-0.19057589148609375,-0.2881875424818876,-0.19005882532439153,-0.09242353569895757,-0.26135729189768425,-0.10616942984374361,-0.07640992788891442,-0.08670746280327704,-0.163434077738274,-0.17756458826885033,-0.13265578016708873,-0.07084462700874376,-0.2045399652449969,-0.19599416059943603,-0.19043154740117588,-0.158162934774527,-0.2995048427344991,-0.32652735133240607,-0.4205096287981772,-0.45859726121658734,-0.49366773404348924,-0.45647980779004715,-0.590815021566666,-0.6717021718784224,-0.5725551565517766,-0.5978154054388368,-0.6523383327421415,-0.5964543989665385,-0.7673849920929798,-0.5165540641646685,-0.6410397170634123,-0.41779056261452824,-0.4656592551564442,-0.5531950646037381,-0.5613585791799047
-0.21115538342274692,-0.2727137925972702,-0.34112431805543997,-0.3217670513427382,-0.32402959868769826,-0.2950992454985608,-0.3376045744673833,-0.1467850359555599,-0.1574293004132187,-0.2138872264052222,-0.21476789080968808,-0.1555040526308981,-0.1842243003045332,-0.1502602022758001,-0.15547862933634815,-0.13559114952947532,-0.10559104109226407,-0.15253040755105507,-0.129714470024117,-0.0888644884027264,-0.17583252286713622,-0.16993199243815893,-0.17618011369174227,-0.33256041169854544,-0.2303991298960053,-0.34790477733950365,-0.4113667049390782,-0.4690016010686242,-0.5557688579739631,-0.623282739687555,-0.5538873057620289,-0.7041794228389554,-0.6201424967468457,-0.6173942294840413,-0.638421930105954,-0.6579433856530961,-0.6065227328311772,-0.6806845523561774,-0.5127885923927099,-0.5404875257176508,-0.50308871723315,-0.4473025000725517
-0.3232405289691737,-0.24758789466546552,-0.35554030087728333,-0.35695021437677343,-0.36007935396747554,-0.3160539845322379,-0.3513036061754928,-0.16487822574986524,-0.27954128290068636,-0.2171804151606501,-0.13176063998887666,-0.19123487702888278,-0.17681155655598563,-0.11280930257673308,-0.1410611296842573,-0.16139727976153448,-0.07734929194225901,-0.09765691577824931,-0.2097366081447688,-0.1443857206900185,-0.14501075801343294,-0.18116627763863347,-0.16423943160786195,-0.25438970528745686,-0.258745347652884,-0.39767777580964886,-0.4198375729397907,-0.4561653647656238,-0.5697154916663348,-0.5786827187125047,-0.6766485904034982,-0.7102317120446094,-0.7482298155466873,-0.6031284347933342,-0.5813231372950215,-0.5639400801884784,-0.5619218167764586,-0.569577400044556,-0.5024588718914729,-0.5300532304612193,-0.4262251100940099,-0.5661637366502134
-0.22729118760843617,-0.2557601892569527,-0.3247044339322518,-0.32387954770402233,-0.28892238391562425,-0.18665508817240745,-0.17259899434937528,-0.28647733051542135,-0.19817774582744538,-0.17729272400285698,-0.21773078613356664,-0.2139052021128221,-0.23278141680019812,-0.19142302583096654,-0.1869779288256629,-0.21149456140470507,-0.16934754761819576,-0.09135962089989438,-0.19463639383364895,-0.09975743609762897,-0.256114138606418,-0.2015866163926054,-0.17911324128229605,-0.30648728227878436,-0.3120505884270614,-0.31473975467436843,-0.41843288672563117,-0.4070292966403728,-0.4958120121091556,-0.5316860629224622,-0.5200582652881375,-0.6141784918190542,-0.5763183897851181,-0.6568623310704941,-0.6511721910145107,-0.5301607233748263,-0.6075262578985741,-0.48554951448143013,-0.6139177466715255,-0.5637123596406067,-0.520066994588451,-0.40019586956280645
-0.3835439249018017,-0.30555597078749996,-0.3693698818288588,-0.22376488945386772,-0.37269595935348765,-0.3498671814386628,-0.3072954356108681,-0.3078645109764307,-0.307593171517133,-0.19772310944360727,-0.25326249299338044,-0.23233888885513296,-0.10947558492473718,-0.17644693485924268,-0.14409954312036966,-0.0736823445970842,-0.15341934060695384,-0.17042900534467584,-0.21610248894818082,-0.19900282461076005,-0.14079774531106842,-0.15766176982438643,-0.2468501895533879,-0.25661951161963953,-0.28749363258941524,-0.3932021908952615,-0.38236876262093766,-0.4775291125436841,-0.545681599307534,-0.5060911960524623,-0.6871115722962888,-0.5857110518481604,-0.7194593736891826,-0.7229296320053157,-0.6030822309545872,-0.6239845207867575,-0.5929126429404851,-0.6222193578112095,-0.6193941750970355,-0.510003062733733,-0.4085650332292928,-0.385461030305743
0.0010170382580073811,-0.008297399953042642,-0.0161092763087385,-0.01591730492626696,0.007397658808886683,-0.0006022425753599783,-0.02381996823056592,-0.005430742177374383,-0.0005907828412608177,0.0027754135658987133,0.025274455166546996,0.023168346089228936,-0.01605558518156069,-0.0023474238111354327,-0.006246377986377184,-0.013709561416326696,-0.009082510217722715,-0.0041572591854943455,0.0014220892530934987,-0.006430237003945525,0.00025053372756120225,-0.02096219858841606,0.02528956105169671,0.00035309712378668297,-0.02570241151216072,-0.03200116608726656,-0.0004604611149119616,0.016816882569816123,-0.0019781157426445907,-0.004152652528888197,0.02905313468039102,0.002669801727778453,0.01780542715211575,0.0069382755963059125,-0.006791431496131158,0.026523005695331905,0.005617150710516051,0.004223076282917852,-0.011163554474969783,-0.003928672060253612,-0.02193200326805811,-0.02275981334572547
-0.5447637105206179,-0.6759367361065178,-0.6707615293942912,-0.6126158435407345,-0.5791625289754154,-0.6986303934917542,-0.7321913200112754,-0.5137545555113467,-0.603847768467741,-0.6779401576077813,-0.623167686079964,-0.48674858966900064,-0.49137473481411403,-0.5549587234694284,-0.599526752022549,-0.5208202673442398,-0.6315251848697735,-0.5777831045449863,-0.47334412063696785,-0.5396275837154271,-0.5741954939505005,-0.4885349107399741,-0.5432575333384896,-0.5325489629558237,-0.5061139555434963,-0.4890291903161459,-0.4769003526869238,-0.6013718057156374,-0.6110730694989925,-0.5374529507695437,-0.5480715706348301,-1.0243795189573928,-0.9206692150385594,-0.9600851565992168,-0.9799760142554801,-1.0171340793737682,-1.033598951640883,-1.0267515171568893,-0.989276109570505,-1.0349823810854226,-1.1043992201450725,-1.0217462231625143
-0.6699902840617039,-0.46846956013910634,-0.524038660183094,-0.5634078889830957,-0.5023167153551111,-0.6958248400514485,-0.7130135293173381,-0.7168527892526456,-0.489832343648443,-0.4713279404052368,-0.6684463856965609,-0.4717999314412882,-0.5922074378948794,-0.563782533517425,-0.556103153285678,-0.5528823481730273,-0.5655268278153981,-0.5431940101765925,-0.5457433200764525,-0.5026491464262289,-0.6187154052608668,-0.4766922240503382,-0.4438850970389245,-0.602579725337497,-0.5543593612524217,-0.6331070487648516,-0.5894886658100466,-0.5297005633394838,-0.514017922511139,-0.5881915535551806,-0.5329563159633359,-1.0049155429178633,-1.001595585808946,-1.0186582610529793,-0.9390131958387125,-1.0772412994136291,-0.9771219896209437,-0.9756347186435724,-1.0659313135343302,-0.9327899830926744,-1.0431249784422667,-1.0325440882434975
-0.6098171586682567,-0.8163691776788813,-0.7189075480264812,-0.52382801527369,-0.5744434441646457,-0.5989301175010413,-0.5655999148893636,-0.5020610255004955,-0.5806221158979261,-0.605346265667392,-0.5870557108787435,-0.4891344721384743,-0.48387359317767414,-0.6272496213299215,-0.4575227918443783,-0.4257101147327542,-0.5604924989305825,-0.5675662191710252,-0.41135033261971293,-0.5162243815010872,-0.5043990464072171,-0.5635846557140363,-0.6469686132620616,-0.5302449123244429,-0.4656245313304133,-0.5654665455776493,-0.47305116349835447,-0.6636313812920859,-0.5192649785496558,-0.492944718323695,-0.4894639145245531,-1.0479055285969159,-0.9897942497263104,-1.0564950372146618,-0.941651091664948,-1.0127990697366778,-1.0990268757141555,-0.9990160428192112,-1.0279289810149126,-1.0747306490315673,-1.0382335622468994,-1.0142758846697826
-0.527351887419628,-0.7104135476920598,-0.580413330566844,-0.5416228034019236,-0.6408757646225427,-0.6327152107478732,-0.7080604531094447,-0.5958779811092005,-0.6188161818662996,-0.5882746674148549,-0.6259644296748826,-0.5982485135596202,-0.5887551595475704,-0.6449219938148043,-0.627316802572988,-0.5944375191873336,-0.4144749036804934,-0.618437660932101,-0.4811939568337119,-0.5298765062927145,-0.6411478074283689,-0.47924238862401625,-0.6414381066064376,-0.5042585258325915,-0.4384707115945717,-0.6184613437407575,-0.6411478358307997,-0.5736686218882904,-0.6027947136633928,-0.6716378499061568,-0.5424786146689277,-0.8997593414209267,-0.9492412782046401,-1.0713567130771704,-1.047387205583325,-0.8720840358869074,-0.930973631075283,-0.999277028719129,-1.1210537519729822,-0.977688665639537,-1.0331646861130934,-0.9775841465232563
-0.5664135271130086,-0.6280413617015631,-0.4846175325105884,-0.6211083423620395,-0.4997846339307432,-0.5950316066821871,-0.5494870238536282,-0.5938575379389741,-0.5224028242019514,-0.6131053384888734,-0.5691580916713411,-0.5949706054816022,-0.6846390300463884,-0.7122144971332237,-0.5736982968752569,-0.603385353182121,-0.5100003125247625,-0.6119422338471574,-0.7135078089172006,-0.6523624874073263,-0.5454025592266399,-0.5219073211144702,-0.576324253588515,-0.598848833436653,-0.592004416347439,-0.6290140233511576,-0.6570187936152595,-0.5367129070983877,-0.5981144367798098,-0.6110016700262085,-0.5308265448867421,-1.0242065538760374,-1.122638612047329,-0.9924172374152047,-0.8791479605651169,-1.0554579402942428,-0.9211451789161577,-0.9427817207769577,-1.0031478083067151,-0.9782085142191158,-1.017025285600801,-1.1285595153210872
-0.008608959993612886,-0.002078487063074655,0.001564077426420973,0.014093120619119515,-0.0001363187476096858,-0.0006840786282738961,-0.04193166420698927,-0.018047761328250478,-0.004147847119349017,-0.00803246023665346,0.0025912297764894687,0.010286070691493992,-0.00924234304772217,-0.01716193537224405,-0.011436919649005806,-0.012953835523300206,-0.0044198450090794416,0.03229869476338663,-0.018584757089735806,-0.03599348589093574,-0.001767748763878242,0.021026761504098924,0.011682252781154775,-0.0016694896445179181,-0.01207465873394649,0.0251359242287949,0.011348478270255142,-0.004578947969150802,-0.014870121763749303,-0.01705054827939679,-0.012120447238852534,0.008299033812739708,-0.023678164394548,-0.027587172902377693,-0.023518289494724353,-0.0044824988638192,-0.006559671176458333,0.031206836801338816,-0.0006619159765601599,0.010931323493316896,0.034706684010988725,-0.00409277217763564
0.7931833261302521,0.7874424470406096,0.6692060166393299,0.6703894084749846,0.6813076981693934,0.7685312503436241,0.7710263371415221,0.7071017588058196,0.7247843956282412,0.5558969361624757,0.6100085833577049,0.7891342616859868,0.7030923600818996,0.7041348167751027,0.7636243972027519,0.6893661798753515,0.7897859111229023,0.7660309864785699,0.760645398196441,0.77053589998701,0.8916395880287545,0.8503185847637433,0.9997643648538015,0.9150798643354918,0.9517251315814144,1.045778533647447,1.1205071972846892,1.1043824650045138,1.2291433744525693,1.2486178119754452,1.1989995447370854,1.2456456155039506,1.1820441189391915,1.1001253472809545,1.1549836765777777,1.0634515673195886,1.072203277676137,1.0762619618572469,1.0127258491423872,0.8580737455418116,0.7913248919891469,0.7796870570348342
0.819628577914922,0.660103732109423,0.7911979259308719,0.6881864331105733,0.6677832001395315,0.742116966842909,0.7960041518279222,0.8003507043664554,0.6771634810544503,0.6821954521692551,0.815814616388988,0.7214652341650981,0.6808801750609577,0.6409095120797383,0.8845793054881854,0.6657525970665851,0.780255895074404,0.7148698928168962,0.7580155052859706,0.9124870673224984,0.7621629863961785,1.016174350145383,0.9636824580624808,0.975425135313676,1.068519354002298,0.9510739561267406,1.1685345492050823,1.1596007432199176,1.0415286247659892,1.070789667394708,1.2382865495560453,1.1430607367628884,1.0709177670288972,1.2075556208461578,1.011556966662385,1.0268110750831922,1.0423670316291112,0.8884340607666396,0.9873953397099243,0.9002166181871711,0.9426661054609694,0.8275403727077434
0.7924613464378678,0.8009802550759983,0.779806559476579,0.8101122528293959,0.7512292474015393,0.726163055719126,0.6996238771481481,0.7044530086464339,0.6751913688320491,0.5847294970234745,0.613163975119861,0.765940354443325,0.7124879651417769,0.7846222358476524,0.8490070450296145,0.690528746909336,0.8292875079840009,0.7413712577123617,0.8299372468511917,0.9148471624880131,0.8887600389619498,0.8519223688367525,0.8638691970928967,1.0583101750197677,0.9930163078984346,1.0485682763695525,1.1137527187842124,1.1602458235169293,1.1079518036827118,1.1766664819249888,1.2818600842310532,1.1751839957463066,1.2045418718398673,1.0493592126536995,1.0900731487956539,0.972582134040239,1.0573737101245273,0.9501932836327134,0.9064641671687304,0.8755300608295942,0.9368757738772908,0.899423543909242
-0.017836546276331054,0.016981396504260095,0.007672688634623055,0.020232536295707922,-0.014191634970629776,0.012504644147889092,-0.02050766845195046,0.019024528513159954,-0.010012011092024271,0.015185722769632369,0.011933748114165716,-0.016960051672794716,0.025690636878724832,0.001372726375677953,-0.030844558775458022,-0.0009551901285394915,0.03359117468022175,0.025380662963517524,0.0035487574310209677,0.00416429833473398,0.03618358512081143,0.04170168975767722,-0.05216089651574202,0.022404024597455312,0.04329307538873311,0.014088619935126183,-0.0413052069768183,-0.023485137758099208,-0.00872272668120281,0.003237490107217108,-0.037182243399322815,0.03154729109381348,-0.014309279084056045,0.0064545952075928436,0.03967425455579561,-0.005173293406032685,0.003027040807945431,0.001429369975312971,0.011986274190610371,-0.011820745474464421,0.016126598540481124,0.0194597931318416
2.4208460794210467,2.7431942686631445,2.537457129782423,2.286112597475392,2.341418907448194,2.3740678784677947,2.47605181299924,2.2999742698108645,2.293328327289097,2.133583224523535,2.1458323597392215,2.323553767610334,2.1485371686681365,1.9299044316609826,1.9292984608260237,2.3454102518348914,2.3394199784002305,2.29902764183942,2.217575697126795,2.0209834931259407,2.1043363276072222,2.094493610116822,2.1625624600640894,2.209082646665542,2.070666710836284,2.0075593748047926,2.155113553480145,2.116768246818531,1.9719129680185243,2.0363959086852663,1.9166088395999277,2.00675592017517,1.8425092985515477,1.7643378359134445,1.7380491269752674,1.8199098809596823,1.861095564319711,1.6670517085286864,1.5669457214412215,1.738365923698074,1.4481595113640677,1.4469603928576977
