gfs-wave-data.json
{"header": {"parameterCategory":2,"parameterNumber":3,"dx":2.5,"dy":2.5,"nx":144,"ny":73,"la1":90.0,"la2":-90.0,"lo1":0.0,"lo2":357.5}, "data":
[rows 19 to 37 of 73, columns 42 to 83 of 144]
-0.26183691339882553,-0.1504460970942153,-0.29107999798763884,-0.22090620538071698,-0.312988013446205,-0.14666456793762525,-0.25044215618798554,-0.15524343598418475,-0.15402369579286898,-0.22101637300159152,-0.31516974602544945,-0.20316723038922965,-0.1465141030482257,-0.28188115934042046,-0.19532300105625552,-0.19178060284612805,-0.3121656820833274,-0.3145915504761126,-0.22749865195066168,-0.14873428458314777,-0.13796442648145582,-0.32428623151698505,-0.2303805341633317,-0.3037917540520709,-0.24456403679873817,-0.23430268646545765,-0.2785818831385504,-0.22988995657660133,-0.14157310001955078,-0.13775260573454162,-0.16163465860154333,-0.15292705407540416,-0.1933100097009779,-0.15790897280465915,-0.3162108734002043,-0.32676201110419634,-0.1721350661034562,-0.2697087858586894,-0.3262794961688406,-0.1410119465549386,-0.3168148726726007,-0.24647880216015983
-0.21119935771093284,-0.13463072922765046,-0.17397686926321887,-0.18352228172100724,-0.2070014817329023,-0.14743541109585034,-0.2441399583667287,-0.18367284422694694,-0.24576344921573878,-0.14269616088921264,-0.2047428614461148,-0.14132692584802092,-0.2016655411552262,-0.23206343052002967,-0.31107275216720115,-0.19748042117753525,-0.17241889789609305,-0.2594213285834931,-0.22504838172879463,-0.2776373899685728,-0.2021326007621812,-0.16667495987698897,-0.1337888155333027,-0.26366324982519923,-0.3155725725745948,-0.16338005115884344,-0.2544720165182678,-0.28222688860166717,-0.2318147248039148,-0.24936470180381867,-0.1945989982532805,-0.2603641439110271,-0.1614520049270316,-0.27954856688982416,-0.2629341713379248,-0.12561466668592836,-0.299859279742881,-0.24983110666444425,-0.14617925639638268,-0.16543543314958528,-0.27114914073456986,-0.23139771780165064
0.3185219901379558,0.15403407469508584,0.2022767371767368,0.2174753310786245,0.35008373490271444,0.3387909982961436,0.24146163639640766,0.47454662722432167,0.47982171116035366,0.3467124819970301,0.3996800253532059,0.4295811339239199,0.28838813188598067,0.30207744469408854,0.31031192129244883,0.4466906049155601,0.3782975787934235,0.5230474470417962,0.40153236441937984,0.4377745649456351,0.4001776297893136,0.3916977543443986,0.5008461454601032,0.31079318131151695,0.3079182087827927,0.40034816369551446,0.15108055491900677,0.07415664166539063,0.28731664815195024,-0.13321594627581967,-0.20053375060513498,-0.13496223449837286,-0.2528350927566336,-0.19692793743687234,-0.34133412622627035,-0.21747144031784338,-0.2513844180256211,-0.3531288699886162,-0.49488215991356904,-0.3514558102128355,-0.40592900979485325,-0.4339839738503226
0.27480180949501726,0.3450238245573122,0.17499585419042124,0.3658734402942119,0.3342383155639119,0.24402640358424532,0.3419208781392477,0.39743437981117413,0.24518211050751137,0.35600703899168273,0.4578850935161951,0.45362475942856134,0.26585494237819063,0.38074617442553416,0.44643793916833124,0.28837894528703095,0.3850262874110659,0.4632575398614329,0.3357265895631505,0.31153490234297343,0.22303319254465231,0.47138871852924497,0.3016954227984637,0.363236689170952,0.4232222724459897,0.05885410836447417,0.05150797443991034,0.2236824580164862,-0.04611482191776257,0.15826645648011672,0.14391559038836232,-0.012434799670611184,0.01652426077267513,-0.07673649975230988,-0.3292905422084654,-0.2584484425795129,-0.25822979459476786,-0.28915481063529264,-0.1738082712947109,-0.46228276120839945,-0.3647141135095722,-0.3972640216997058
0.2953584482861465,0.2314478592501699,0.3496401980979192,0.34159908133981376,0.41297808744222864,0.3499940741319384,0.40173625173709593,0.5176784234060703,0.5386130790143322,0.4007565901665269,0.33783163900206487,0.48491374940998216,0.44392187650218745,0.4344577298435359,0.3841735359940943,0.30259204042948373,0.37076835033704875,0.45277372826493417,0.2518533356490492,0.3386940222928218,0.37252106850845634,0.1979818053148914,0.25270144185165133,0.2018548637054232,0.1133759220965954,0.29887523874860217,0.33001100844050474,0.1280864393548662,0.19988157777360635,0.003805871632013318,-0.1024271843314474,0.021375246731091004,0.027417499195197727,-0.3506613378109223,-0.056100468999954856,-0.2379885807374527,-0.46244458603277583,-0.31007817810333027,-0.36551138570716485,-0.3257044726126005,-0.4619207765954031,-0.5085116783859303
-0.08456418130548145,-0.14134681887043332,-0.2707773132122,-0.13797816972983512,-0.13978353838115062,-0.07880782370809362,-0.176074484430208,-0.2003486752544758,-0.2640157716547415,-0.2559158027752245,-0.22411291756641746,-0.0952980572890476,-0.2299686832337729,-0.0894238372406613,-0.13655344862746996,-0.2291098417621371,-0.2529184102593908,-0.12881906449639663,-0.23218422121221025,-0.11320262677717052,-0.15730587063046148,-0.09912584110459594,-0.26490541854362454,-0.15459991386017866,-0.1284742978268757,-0.11055708348561039,-0.23830906461544293,-0.20129695339478615,-0.1461148109223041,-0.2145661267887563,-0.17879020465918077,-0.21180250607521334,-0.07823783578171849,-0.16721217035736768,-0.16701495756663573,-0.25575918001407616,-0.26854933281027205,-0.08489620928573162,-0.100249893918676,-0.19268369320269976,-0.16119546102671678,-0.14551894510790384
-0.20523259527426413,-0.36378066404950027,-0.29641428161532823,-0.2958479866299121,-0.3484401739939522,-0.24348861281589984,-0.3184358901669432,-0.2849227971645246,-0.117307246155446,-0.07187524764712723,-0.10445631778015042,-0.21752324920281452,-0.20803790650379014,-0.12103643666863172,-0.20814152148940787,-0.1807457606953967,-0.1389592354089262,-0.14998637044177765,-0.16465869694099985,-0.3223028727814924,-0.17977295252732856,-0.24442479608525905,-0.28297952690935385,-0.15267858594805464,-0.3564946480708872,-0.34025999063553103,-0.4399221458488899,-0.3243572318933061,-0.3283665636020076,-0.4322378299708836,-0.3033547151266929,-0.414896627684511,-0.7170571757109656,-0.5470416973038204,-0.6860217048000411,-0.5232947028541484,-0.6553678774127084,-0.7073053861704593,-0.5861715895807758,-0.523327619065286,-0.5929928242531476,-0.7632089339570488
-0.1429031609713528,-0.28576690295863005,-0.04613616755191134,-0.03033334200256034,-0.15820185567909106,-0.3709954935155359,-0.07234853234357284,-0.059049658392772715,-0.11224468363167972,-0.16111433802743727,-0.1828315489129489,-0.11289495410347929,-0.30599719639801914,-0.09177827950626921,-0.12197640466274531,-0.2547266131091774,-0.2230036287621007,-0.2842425872862969,-0.1851960344735703,-0.2978883612972401,-0.37031145760290074,-0.3376327930341418,-0.3013388319410596,-0.2952883113658723,-0.36752456982298753,-0.2315175947520488,-0.2074721851455689,-0.3930074012150237,-0.2299812368269672,-0.33775163663341834,-0.3196378551591268,-0.6964650544030077,-0.7147228947443299,-0.7285641483399703,-0.44424979362513195,-0.6589205688815684,-0.4946277585959403,-0.7034777844207573,-0.5529154866192127,-0.8217154090694333,-0.5858649425302694,-0.591848318586084
-0.09162259508181274,-0.2801851363007686,-0.0822158514832632,-0.10519818857205991,-0.139416112348033,-0.11586340382658668,-0.12979270217448377,-0.26239361227973246,-0.06570970406149143,-0.10551836736746552,-0.12134660732686922,-0.37274330220590846,-0.184161452034802,-0.11489054894535285,-0.14610997031571563,-0.25885668097820336,-0.3090394866893984,-0.1963277885785141,-0.2246842082993316,-0.21873512399063005,-0.37109319595232193,-0.20406108602533363,-0.21329537224643014,-0.20287776935524446,-0.19024410211934756,-0.40253731802812426,-0.2702683950954587,-0.4135580070699656,-0.3471505869516386,-0.29456786824709963,-0.21271827672512528,-0.4825644480135334,-0.6099251256454766,-0.8234572310790114,-0.6922250408729317,-0.7099526888642134,-0.5747792176837482,-0.6300036960879758,-0.6588077705862686,-0.5627902222202384,-0.6576356543280567,-0.7426708509768036
-0.22374639037224495,-0.0761653016053159,-0.026094569823851593,-0.14959231041414153,-0.15300929449720596,-0.21408112116049574,-0.24679641741561428,-0.24894665567893282,-0.134588559704361,-0.17222660203102147,-0.19651740964866046,-0.10882685067984366,-0.22715902383195707,-0.26671936099904237,-0.3310302087217218,-0.16087133159286834,-0.3271112694759123,-0.1283585397267776,-0.18583268463247637,-0.36256650299384025,-0.17801799689309658,-0.3133216241704017,-0.31331149103345285,-0.28956092281871604,-0.3157536243830535,-0.3410639703648432,-0.1772469768117871,-0.3475124240709037,-0.35033053208886555,-0.3606851540261708,-0.29435137716520265,-0.5359540265899935,-0.7700774954747138,-0.6040406284689424,-0.44174002116469163,-0.5378296096303697,-0.5023927835489663,-0.6457119055248646,-0.5504217180356817,-0.8207131329097388,-0.5599396829665964,-0.5824860436361813
-0.20643243313421547,-0.08913721328470474,-0.10660186749338846,-0.25793232122966925,-0.18338873159349836,-0.2417300539118826,-0.11207232254816098,-0.32609489677606546,-0.2759212840784713,-0.08209960870562341,-0.11686464222267796,-0.09202479718146293,-0.3703575879687246,-0.3593697157364587,-0.18268203844697686,-0.10973301645346789,-0.09931701148572292,-0.2612303934206849,-0.16290258687111484,-0.21248646812594513,-0.30816663742775596,-0.16522797501703945,-0.15640745161575928,-0.23227244940615216,-0.25793081287063535,-0.22068287619319693,-0.3364678419402883,-0.3041537193918177,-0.22357789208818804,-0.35991149300028275,-0.30636961886518504,-0.5794359481638205,-0.6372932943316899,-0.7342078629473392,-0.6722842947740831,-0.5825907417835183,-0.7433791254155871,-0.6920076147387053,-0.733196191068759,-0.5699660491325763,-0.7202827301714125,-0.6632150603400752
-0.04240205184868989,-0.045090122735166376,-0.1915862328471891,-0.04522135561793231,-0.08023578528249213,-0.06389916497778723,-0.20441827955615663,-0.11155643412388361,-0.15970625182202372,-0.15702544871850294,-0.15864292693729862,-0.024385002430056948,-0.20007693492003284,-0.09794178470363657,-0.0953996594252841,-0.21074311393046216,-0.07876325401745701,-0.12751547926277693,-0.09701797778979197,-0.18510733168599883,-0.08740990198320615,-0.12566625159772532,-0.0867849533091393,-0.14661863880263895,-0.036019693583307075,-0.09874339976641022,-0.16161357393439263,-0.15226199827665887,-0.05907695269187254,-0.10898063920774533,-0.09315536862334094,-0.02528851524316974,-0.20500260544190563,-0.02467044791987646,-0.2136984537362963,-0.1273386431328931,-0.1972064948149231,-0.15174035694938237,-0.1305761743218157,-0.20648404868427866,-0.2091246555539987,-0.10359071611903768
-0.2670561935110451,-0.20668036158959227,-0.14319157942065777,-0.18775467817964123,-0.0305425856494752,-0.04240889529723443,-0.0001240269403113678,0.009688380664955575,0.07644623637753559,0.09460027917874736,0.13024782538207555,0.1547440173062105,0.197348110030197,0.11232288018961809,0.1267164055802498,0.23560534307154368,0.2064609283659443,0.2775363891492194,0.2959581430657258,0.2704747099251554,0.26815593068156257,0.3256695462532211,0.36428596463518864,0.3295908309742022,0.23481584964382832,0.26846975910260723,0.23760403997075658,0.2395708888578595,0.10697977808925599,0.08018846281274249,0.03745660417871486,-0.11775053734559221,-0.13048632843465002,-0.33682602039097653,-0.3974966646660233,-0.4472852273287307,-0.46323998493268476,-0.598401044954773,-0.6715720590508144,-0.6741366967024505,-0.7588219552808345,-0.8871918489812768
-0.2735368001033381,-0.19290486035355564,-0.2581777262694229,-0.09022547524556213,-0.1301780376277394,-0.07461227747547906,-0.03450551548644239,0.045177307119916174,0.10970614949688023,0.037863674918951276,0.1223308039652916,0.14454161644679628,0.06991160118981662,0.13035294444299436,0.18692035668709542,0.1077535388122536,0.13698810583620089,0.14141656289733615,0.17935731539207148,0.3444442262138985,0.25420846850327117,0.29448876128269225,0.19286785238720022,0.284459857198936,0.37862654562752546,0.25564491499738895,0.2710446096268814,0.20523939488053625,0.19524500363183284,0.155918959800113,-0.10063038431881569,-0.06005340606312259,-0.23399821269089618,-0.20770611329677371,-0.30041439771944395,-0.6064534046488604,-0.6576610537007322,-0.48299521572590165,-0.8180840660555303,-0.6782958787426695,-0.760868432511956,-0.7544185191737276
-0.24979188289802198,-0.20425341021470736,-0.1423168567187438,-0.07229734279563912,-0.051629431812661414,-0.0680393633315531,-0.008238984866874126,0.009153736353003471,0.03129342707068199,0.1220702433307577,0.0829086049345816,0.11556492335109834,0.10804390894861401,0.20513990980032426,0.1273824387309541,0.11559197632348896,0.19585244594521983,0.2126340027647946,0.184264167938759,0.196436090008046,0.2615867203281741,0.2485376583498121,0.3115222521549351,0.2486306941976652,0.18831311432202372,0.33931847162013334,0.1713223457558436,0.2155266036885882,0.15783958427170097,0.06229617906454004,-0.1002826217671738,-0.013738605007231041,-0.2766813213972052,-0.3922410939976381,-0.3320615798316157,-0.34451164211465657,-0.5479881522822538,-0.7365053701107113,-0.6213688471172205,-0.7044285753045731,-0.8187097621206192,-0.8003586915964966
-0.29096835961298784,-0.19106323049064597,-0.2077012636709774,-0.159705044705217,-0.07911641774299367,-0.07663933271915928,-0.01463588580268291,0.05335268685073147,0.10530281242805996,0.05567576629343822,0.10487090261950348,0.11923499610352159,0.225978775098899,0.15759789043998937,0.1359260432803228,0.23037916524394483,0.14082365906416336,0.1639209466912119,0.24171636023718027,0.27480498523153896,0.3059542768578373,0.3302199853816802,0.22962624308143242,0.38017300493207506,0.3356174663936144,0.30586978501068446,0.27795899832604565,0.12392570045961317,0.10311654272081344,0.02747447130107168,-0.02268883530979999,-0.0587453179352398,-0.0921123127782285,-0.30117011177776853,-0.4017763939810596,-0.5299914918310702,-0.6053347565508063,-0.6007121188393266,-0.6466123512865712,-0.7385844136959097,-0.719707314985766,-0.7418885333248187
-0.33816737618717435,-0.18308094765869312,-0.21426044959792215,-0.17831494416502924,-0.09650054591003841,-0.04435084927262315,0.017475890480758326,0.010173036435722439,0.08082850615082748,0.13210664593185875,0.1071638051986092,0.15770506106083,0.1398181469679863,0.1194214099399244,0.09130264389223637,0.18372540329099463,0.2075823934358676,0.25264586079253254,0.14293372255181824,0.27382932109675906,0.19499613964552368,0.2634149912950362,0.22797230808879992,0.23053672708552955,0.19508192576241395,0.17740023759650514,0.287188174684829,0.19439828652337585,0.17905467396111588,-0.010716799234869031,-0.07761207232587315,-0.1097221304887289,-0.11711866384651133,-0.30966364966531,-0.3958795123612627,-0.35656043036570784,-0.6196759016720386,-0.5134637547426462,-0.6499527682783108,-0.6799894129255906,-0.6725781523234488,-0.8355351096255006
-0.26965005460805064,-0.232056718154976,-0.132410751228925,-0.1466420698703193,-0.14215911583480456,-0.06693815820803845,-0.017949737365362692,0.012700776611835642,0.04727526989931812,0.05765266062241653,0.10333656733088122,0.0876046411669015,0.18675779798644104,0.1981617800411014,0.14965584599756326,0.13875126479327304,0.1278457386075853,0.23914126715831388,0.2396513395982778,0.300360118868229,0.27078728054016465,0.23296879063229814,0.3133869036873124,0.3636254230970973,0.2886075168409008,0.2845353899867257,0.22036634598702867,0.15976264192266054,0.14991240854526336,0.10747088155438417,-0.0726793468486276,-0.11123044783560664,-0.2087142732758942,-0.2571002549974698,-0.48146884189639666,-0.4551224717378473,-0.5277916164948921,-0.48965280402214106,-0.6811241886131905,-0.7938836980292058,-0.7778915852263578,-0.8281125304147404
-0.2237263408726772,-0.16996850966974802,-0.2251912175633292,-0.13404083593971572,-0.042971338420994126,-0.08536453669175788,0.021450210642927542,-0.0032706255540382047,0.06373532222663732,0.099457049358721,0.09899262849888565,0.07445798939668745,0.10878425217149865,0.16882736043686333,0.07727328984925955,0.13657588936471537,0.14823591522896973,0.15572982369401833,0.20994439087849406,0.2846196660631092,0.18465792407471607,0.2146432013995035,0.23530392345094625,0.24410540431491062,0.35456889866178926,0.2804166493990938,0.24290621535440995,0.12128906434863854,0.1627889434022633,0.14701263731358724,-0.009553022559102401,-0.16130091004803207,-0.07253014029509573,-0.23660553129322687,-0.279671180733945,-0.46228107963579546,-0.5110525447486951,-0.5817147805387587,-0.6824258878129331,-0.7157277268474027,-0.7847477267643053,-0.6442200201905195
