gfs-wave-data.json
{"header": {"parameterCategory":2,"parameterNumber":2,"dx":2.5,"dy":2.5,"nx":144,"ny":73,"la1":90.0,"la2":-90.0,"lo1":0.0,"lo2":357.5}, "data":
[rows 0 to 18 of 73, columns 0 to 41 of 144]
0.499934764336205,0.4326616683202689,0.5277714480656278,0.5845755415256404,0.5211016683975302,0.4889621300201179,0.44582848631055433,0.33204620868433615,0.4386494242133564,0.343489086461321,0.24176243853464635,0.22949496280275436,0.06858346331900196,-0.05374144568371384,-0.2697055116213671,-0.31651647644402414,-0.3329965283387262,-0.5565912945632259,-0.6204190399091553,-0.5548793895693475,-0.5746695487999725,-0.6054693226605647,-0.6419552918007979,-0.6134013749588201,-0.6018754128424749,-0.6832690072549766,-0.6677195659529136,-0.44556241530725316,-0.5632421472208905,-0.6392608233842244,-0.434313420121365,-0.41904432040388057,-0.21581363969347078,-0.1725126185600935,-0.2436297948914258,-0.02956399563995299,0.04579495671601152,0.05907089604956061,0.11026959421874331,0.1208168975106923,0.2373605636873137,0.2930718819161907
0.48771412979802625,0.5600007595569125,0.46648041271154456,0.5205026757180812,0.5021857694279769,0.4202554927227109,0.39194270842416,0.31784913077372273,0.3483503120188049,0.2309828505028721,0.2571113781787337,0.03082249602251289,0.036382709326342313,-0.14638767419705243,-0.2558121426011075,-0.20213362666309617,-0.2714171471207916,-0.5261493529672396,-0.41816956893836393,-0.6574550313003881,-0.6072298588701758,-0.5562821417912764,-0.6573407240722035,-0.6806985430919757,-0.6719567524284169,-0.7580142859774235,-0.5219256087993888,-0.5871587164565607,-0.520772876694157,-0.5611098508169706,-0.5000897677949501,-0.3539169749337935,-0.28698694711826206,-0.18455229664333503,-0.14069443565787496,-0.10057301378168684,0.08070231683382763,-0.0058384616958276694,0.1386424297787206,0.2377695718267598,0.23130205834079234,0.29508088703817753
0.43983412823806634,0.5492510503918431,0.4346351928782853,0.47103949769041925,0.4498878312651246,0.413307778413317,0.43011877145972194,0.3930635095132177,0.2957209408131941,0.2359959374966965,0.21474610237352085,0.007706828172332394,0.0843195492398254,0.02110898752323894,-0.29718398062470863,-0.36855047176794614,-0.4660557130152654,-0.409345794439644,-0.45384221139846,-0.4597382864873336,-0.6709292663863414,-0.7197834215789409,-0.6497141179195774,-0.52840201726233,-0.7235700210124245,-0.7302208049402097,-0.5362973100433389,-0.6826925784361183,-0.47704078510480113,-0.5090902682042047,-0.442717715656756,-0.27400371801844964,-0.3137406388828487,-0.14119236406528904,-0.15961104105887136,-0.052244533847849176,-0.04245990600256391,0.0535006429781258,0.12975495433935327,0.1821435630256868,0.1637221632011737,0.2936792831415907
0.38132740007715343,0.48307045004869814,0.5371934798023806,0.44154015766888105,0.5645393018610739,0.3485032493109427,0.3801688791989146,0.3852791249722727,0.2779506541817556,0.23614355116841498,0.06752823763603122,0.07699899940300274,0.00290288364861383,-0.1508538682576209,-0.10164389286583822,-0.35622004388486994,-0.45527705121016293,-0.44677737152130426,-0.6040650576665665,-0.5531087515963746,-0.5680929186140202,-0.6498075078005924,-0.5535812040769869,-0.580353714091359,-0.5561782091039355,-0.5207199640246111,-0.550996467971025,-0.46832316036319743,-0.6152291170930426,-0.42383478844096856,-0.5196186686680595,-0.4476899830867094,-0.23989343919405806,-0.1999602536515046,-0.1287054164484029,-0.06874262905912563,0.01207927232207956,0.10858301927594796,0.0658578701189708,0.13478147079976813,0.12533678613204136,0.2624892648595058
0.3090365028134738,0.4874919118199571,0.4291136204721009,0.4443548365348017,0.45135682532221016,0.4865392443418785,0.490357374673754,0.3707885034799063,0.3816862986563226,0.21386176236978474,0.06888767900984924,0.023693264426053202,0.05130073850152962,-0.09010236263002878,-0.25304212736011295,-0.22609405939312055,-0.40606132230327846,-0.5691100588818859,-0.4364361765902505,-0.5739919343744053,-0.47681658265398186,-0.7321779553209596,-0.61401089157485,-0.7028986701836641,-0.5854758919207732,-0.5238188064660277,-0.5763198110256289,-0.5087875156314773,-0.5610093185853517,-0.45719447187862233,-0.3557829109422043,-0.24813570771980784,-0.3639401358978432,-0.1694728338977852,-0.11849551690928818,-0.11137234732496193,-0.015093319830981356,0.12562097099013894,0.09322045060829184,0.1696122428014647,0.17347113836288997,0.18434132105136125
0.4791762044044948,0.3797579244155997,0.5296209127074901,0.4932928788415315,0.4353558789532954,0.38035187289344147,0.394835755573473,0.33451342298393416,0.28933539264460933,0.1839340420138792,0.07745447935343373,0.14432091988525342,0.1165007584546311,-0.12826441535542527,-0.30852650067403115,-0.2168925407888742,-0.2375399849401645,-0.5242909090367387,-0.4901758612772585,-0.4969886442079727,-0.5340415528727271,-0.6133557327852315,-0.6479637133974389,-0.4926222584681167,-0.7180636508757507,-0.6215829216432719,-0.6739759569814134,-0.5144936678980588,-0.39451264809408954,-0.4675543013892101,-0.370869824818751,-0.26677180982719695,-0.3367388410926985,-0.18742649972306233,-0.23897211391278095,0.012534198735439312,0.07970597294096987,0.06381665840662096,0.14137018429031703,0.15066199275641542,0.2095935366882293,0.22174018044068328
0.4210985887683462,0.3743099941534489,0.40983659918185017,0.5175107558744334,0.49174592322862404,0.42922507897580436,0.3056011462745059,0.40024781981447644,0.35815721635063963,0.2551898250580133,0.09510777118057577,0.07985973103955638,0.047736937637876065,-0.029616053897478796,-0.08998901868930476,-0.2627902528376066,-0.3946538291053378,-0.3705288202551132,-0.5270873050773518,-0.6291046191976806,-0.5852264430657995,-0.5326517569343474,-0.5984048581443112,-0.5945343904762557,-0.570435025157967,-0.6270370385897177,-0.6283144112832452,-0.46407929025137445,-0.566450127101531,-0.4861507844538344,-0.2976550164865493,-0.3717150875100523,-0.3238117841322771,-0.23477612684580687,-0.1737319548387087,-0.10836280211428136,-0.009292425381415781,0.09873161453793564,0.14142922918230125,0.1052344000375686,0.11112834930108352,0.27812253331504777
0.40652258610111164,0.49012214692801725,0.39037010844588393,0.40045281529480165,0.36978993441515595,0.38922101042548707,0.3590639915900194,0.2471948382980591,0.2593724402909463,0.22848783337434025,0.09276567933798933,0.20582101649741213,-0.01319864023676687,-0.15243039401832104,-0.24658960933566265,-0.18530619041374183,-0.24755782514780436,-0.4570782634894093,-0.45530935889333646,-0.4839247039600888,-0.5592548250443857,-0.6660027078372971,-0.6931594808854775,-0.516272992822692,-0.5329302978931775,-0.6057633585546098,-0.46860808988205366,-0.41918108974719154,-0.5736778919661009,-0.37935452861434565,-0.43212396330355407,-0.3752968779236255,-0.2513323042486428,-0.12858111349634652,-0.1982281482595498,-0.03648929365232787,-0.05892140139221274,0.0899331126026918,0.10749124155047603,0.20751883892761067,0.12353461968828941,0.20164477092336378
0.46335750596926195,0.3957255708765074,0.3173328122636442,0.3971846791609885,0.44363564137688766,0.4373841796182354,0.427722633620503,0.3147524340018801,0.37179141966571655,0.26615167821857294,0.21903402743234665,0.05880243550904845,0.020113770799853273,-0.13154488191092298,-0.3319328215409489,-0.19069686658246146,-0.30304382029736554,-0.3422257804066718,-0.500231617347375,-0.5591560836372442,-0.5052641384725002,-0.5048960714783038,-0.6044772422535326,-0.6683111861291575,-0.5028573155436742,-0.6748116107864335,-0.4834070036897069,-0.539471328818516,-0.48834307133227034,-0.43572342370040806,-0.3703104720918776,-0.3574261714874943,-0.21085557433819418,-0.22840603025616998,-0.15340565287623423,-0.0921532701134534,-0.0766834307317761,0.13227462602188186,0.11566301795174212,0.08368246255234987,0.18980828173932754,0.1705747606620996
0.39057854884818155,0.3516324987517143,0.40635751200596826,0.4536943144892325,0.49625417203739436,0.36988508388754154,0.3826725992592037,0.32103429780739046,0.29740044015620387,0.3242340904906929,0.0924748502914213,0.00010879845850169714,0.11195547449681167,-0.18883688162147805,-0.13351824771100473,-0.3357823953831314,-0.21788674243533707,-0.3778598398483174,-0.5371842732040135,-0.4089557241887458,-0.5083785513245622,-0.5299539620256547,-0.5713894897773473,-0.5527319802240301,-0.6666548829881717,-0.4895214517068467,-0.5662539330236482,-0.42460750907811157,-0.5609019888539223,-0.3035202030402663,-0.4128575336214681,-0.379411847621368,-0.27003438204832636,-0.13737826855945787,-0.15036444711377378,-0.09646890272515328,0.06503985249336361,0.032063665294243676,0.07939321532699484,0.09598360296328133,0.1808453612498262,0.1824174420429419
0.3828099689239026,0.333558350690846,0.33393803834589547,0.43049269051174527,0.3633668306903956,0.4231058234885312,0.4056605082667102,0.36793366175599723,0.3728714365424754,0.2475634839963574,0.15461289811623535,0.05326670261718335,0.061817219521469485,-0.07490993116360739,-0.22982270462191953,-0.36072194884510855,-0.2985992277858465,-0.3423110000998641,-0.48905889888981535,-0.4170270862344062,-0.5483450452566317,-0.46161799286154187,-0.531151770483994,-0.5629306682034347,-0.5671983505899034,-0.4410314211616493,-0.46653078549944216,-0.533202952108299,-0.49253320477566626,-0.40484326646355123,-0.3605082395670228,-0.2679143205119624,-0.2608970513655475,-0.19458461271109667,-0.04991661972730991,-0.00044434022320699384,-0.009904307032930498,0.05981964409812488,0.14040883487463932,0.13411345705794134,0.15517527149182964,0.13467996664112059
0.36693541864234913,0.3259554883119627,0.4509972314432362,0.32951913258689935,0.34210971432607934,0.4098114253853908,0.4859123698351221,0.2530937462127012,0.24200294597669234,0.3186447382833144,0.1853915602725696,0.03854751715326159,0.05722079158470663,-0.15438634992924716,-0.19704398473253323,-0.1364735713541536,-0.3267521113006909,-0.4082935767577436,-0.49913711424033735,-0.5256486417661399,-0.5781066714338522,-0.5253026150824301,-0.5445570149324855,-0.43753997424590746,-0.4343629847008669,-0.5253313227350634,-0.5282220215075453,-0.5959278901748054,-0.4242692972900307,-0.33651864130848097,-0.2658999867584913,-0.34591639264024177,-0.22100534645202924,-0.18508624448405095,-0.08929007901489129,-0.0567747640593433,-0.06946932728302417,0.04115221281865968,0.07229121080759036,0.1639666887333461,0.19322593202652277,0.09386904541270429
0.010023111450528935,0.011758173969355619,-0.0026783066006480665,0.03244697025064756,0.012225388957933968,0.00038829139317490764,0.025676463977391855,0.012527333531941184,-0.019529718598156352,0.002709045412861878,-0.00807792083157455,0.009085179179014545,-0.0007088138074759222,-0.007558101183702825,0.0023090367177700114,-0.0022591460814350628,-0.006536988229400747,-0.009561518168534745,-0.00046385697951848413,-0.00938242844747344,0.035172872594676434,0.0050985465560311055,0.00871408278665423,-0.0010405728403210758,-0.007889247078846267,-0.009007990605208861,-0.03317080818447662,-0.00851312107778554,-0.00047216054165195783,-0.011923863185322037,-0.002436235319940869,-0.0015119864711832117,0.0068837725444456975,-0.012025794707696167,0.01660810024913876,0.001991264376411303,-0.016595979236594758,-0.02137675007647438,0.009488828491540112,-0.019922701629134315,0.009982386786303357,-0.012051750276257133
1.9970487594625048,1.960649864216573,2.048384066806842,1.8509020387014348,0.016402290755728327,-0.00311704823897558,0.008860981981840552,0.010658979905343834,-0.008375631404462583,0.006864706521919648,-0.006442053683856441,0.004230562029507085,0.0055655512683458076,0.006691155775932391,0.01474084876898539,-0.030256771830734337,0.035682335496542046,-0.025568122914538072,-0.02527188178264181,-0.014982774401887798,0.023673234139374548,0.000867774542332318,0.008674609427670066,-0.008943959771487422,0.024677091366629083,0.004275314376803988,0.005155928028460375,0.026782283755319485,0.026359876624519503,0.019205253558473783,0.0005543966009896071,-0.015853678813368653,0.00665948837663409,-0.0031781333204095575,-0.030570634232412137,-0.013232943129046425,-0.020146511603272767,-0.0192927045670953,-0.012465858392726153,-0.0067010529512420616,-0.0023475732071170847,0.008035404776242856
1.9306354173129887,1.970188165022745,1.995141458870481,2.040043488861612,-0.004539305421182133,-0.011987860028516345,-0.013652161072607673,0.010370878296426796,-0.003306014290671634,0.005338106053840235,-0.022464805183450048,-0.002694391030390953,-0.011312605116345156,-0.016667981737831378,-0.014373300393423872,0.01043012087815601,-0.019716245117685306,-0.023136043705984512,0.0032997987270675334,0.004005305891406848,0.006252146630142505,-0.011381234799991667,0.011019553806432339,0.008619079563384188,-0.005771944326918413,-0.009993653101270447,0.008114014732012202,0.008383144488297767,-0.0028461239063960536,-0.008741462484154533,-0.0107037807843897,-0.020796852320422082,0.001975022095689754,0.010791716301549653,-0.013762037968305186,-0.013337200643207918,-0.0001498547488833109,0.01258874858620987,0.00010931384204378285,-0.0049053174814368645,0.01497544086672597,0.006609261755519825
2.0284717134616086,1.9535043218162846,1.983500690855099,2.1306141895239192,-0.001045853332718066,0.0012752089630356025,-0.0015164988668050728,-0.007964453600558407,0.01014768432839091,-0.004480578113123183,-0.021708413269966545,-0.0036180087390001035,0.010413224317281596,-0.011785281988215983,0.0002462923470935674,-0.0030371541892070526,-0.008355109218513589,-0.00027791280655137897,0.0038570077213890795,0.004760397774845038,-0.021263716198578985,0.003164110384644845,-0.019226049540941446,0.009572179493995511,0.011241973393580683,-0.014902781969381648,0.013078898132868765,0.029170918950235013,0.023249472092171996,0.006391518552540164,-0.0023330869968320326,-0.00045602641894398015,0.013654483353347685,0.01138544851718055,-0.012727860285244629,-0.0033320522237794215,-0.01203534938756802,0.0027237437262865524,0.007206301758458089,0.005088630723163683,0.0032990224534671987,-0.00943391845674494
1.8402096408833064,2.123487365112803,1.835236676528814,1.819736757135781,0.00860698136253839,-0.017097321930471292,-0.0038151933270489536,6.995493900401978e-06,-0.0364706026412749,0.0019612392981944787,0.0052336564435562765,-0.015405872359120292,-0.0007364047418760859,0.001231415485736023,-0.02494987994946782,-0.027024843123503603,-0.0008909962902426077,0.017608529419837392,0.017950862211727266,0.007160375376049257,0.02646328537610293,0.012716077520977434,-0.004051130735860737,-0.003918586442130159,0.011270716705918213,-0.01607628013671783,0.0035594652446274346,-0.00020081073330822976,0.0032500186931334377,0.010795916006633464,0.011806475423571765,0.0032944909029049116,0.00996095333952776,-0.004041199267698554,0.0027856713959208716,-0.002354212822435665,-0.004837190920204135,-0.016800641001367928,0.021461284946424214,0.008889939441602485,-0.01142721207846203,0.0140580450528918
2.062954492195445,2.0082770448187555,1.880150575906147,1.8780329220712249,0.006505717196781557,-0.006615179792019049,-0.002876283094302604,0.010983026318870954,-0.0078111470283852204,0.021647211244200198,0.0046320879063450416,0.019010537178599907,-0.0027937933821340576,-0.019338783670759998,-0.0021823010713323174,-0.004124081679904783,0.006126076652441282,0.02128779812119092,-0.006339648227415451,-0.011458236163445169,-0.003810587246819586,0.017601603050135996,0.016800952790850504,0.0029161005139747933,0.0016189781418803355,0.002058637043891621,0.013677828845470036,-0.007924421826760456,-0.0035935084758978403,-0.019972198117001936,0.022281675701254895,-0.007535609760219843,-0.0013759828126843287,-0.027174234434621948,-0.011390204751764443,0.009151788936725922,0.003470882130269371,-0.02424608017422472,-0.012198824037862259,2.4466604727971067e-05,-0.0036245254527781123,-0.023656703488331012
1.925558487199924,2.0901778927739065,2.0780766401550608,2.017113767353391,0.0014130244376685237,-0.011837797977083498,-0.0006890365997715592,0.009775649343402736,0.022446732480046628,-0.014030178778123936,-0.0006327798403976792,0.006689253246339425,-0.0023962797218359797,-0.012400308208849787,0.007735968283897558,-0.00928294495338138,-0.010791767878473326,0.0007575769461985194,-0.006701760151749243,-0.001098963054568247,-0.007221199827190604,-0.004050865819412144,0.00502070086499718,-0.003362541529121592,-0.004796087640690656,-0.011124816934093628,-0.0016142241372282796,-0.008952029859690505,0.011112302685541293,0.004601620647137896,-0.02133607480598944,0.011013985066063724,-0.01274670313426687,0.011416881571099845,0.018085596338592348,-0.004935082784298011,-0.0009187752207962715,-0.00038637867555248265,0.01321720487516471,0.014361670727138254,-0.0005912890374617107,0.014250860205473741
