gfs-wave-data.json
{"header": {"parameterCategory":2,"parameterNumber":2,"dx":2.5,"dy":2.5,"nx":144,"ny":73,"la1":90.0,"la2":-90.0,"lo1":0.0,"lo2":357.5}, "data":
[rows 18 to 35 of 73, columns 84 to 125 of 144]
-0.015633559087229364,-0.00461399116221154,-0.04336039584223851,-0.017706079304048276,0.005148189489494402,-0.003242986557021471,-0.031226349111006125,0.0008919877416017872,-0.043995696022083954,0.007487548594684731,-0.009195243148312061,0.0494495945704427,-0.00957621545310072,-0.0022573669187481915,-0.026781772781183138,-0.04088300259363517,-0.028045069185783887,-0.02444684625846807,0.045697962487963,0.02067591050753355,0.021632663484148933,-0.026024761893444114,0.03229096876676028,0.020876671427511994,0.014283265628772388,0.0012232039629883546,-0.008933216034715637,0.0036907627511654634,0.009374842188226658,-0.01956629644206919,0.05213348952998594,0.016579597643163566,-0.001923090202742743,-0.00974528385949731,-0.014689022328727487,0.023614671050844454,-0.009818548254086191,1.0525150645476156,0.8871187865846536,0.9360787789913465,1.159985855667111,1.240701835971474
-0.015425705299159273,0.0152488212756707,0.030420513038362965,0.015278814148994064,-0.022412917891170926,-0.02377947157340966,0.044791442857945174,-0.02539890788443612,0.021245896660477506,0.022817542739721232,0.04668517422853849,-0.016211502781050526,0.004447620742955789,0.003113110236663694,0.03309168146669996,-0.013450594398429822,-0.008096233573844173,-0.030719667906595652,0.026108609668500912,-0.0171800237904507,-0.035750795667101674,-0.0040239592136339635,0.0034712707682563113,-0.007129735147205161,-0.021769322779838837,0.035535510419204566,0.003665508723264607,0.04081956435109769,0.019244438902830948,0.01662148498921624,-0.009495374796483833,-0.009743625152071929,0.02446733342131598,0.007079076215329724,0.01840336255734564,0.002640887527601393,0.015069471868560844,0.9037282008239397,0.9496462483062065,1.2521643596541472,1.2358983749927375,1.2125387859495922
-0.029549589077769774,-0.02130447564486123,-0.03666751471942669,0.0482689368260969,-0.05105790697331958,0.049396830151819594,-0.026678395038572913,0.04862668427384082,0.023155884999442086,-0.034050415088037383,0.00890799431783539,-0.032716202305156206,0.012300340577724838,-0.027896097663419932,0.0433392968427096,0.011928026544393096,-0.01821583520399819,-0.0025311743797369504,-0.04414843762483777,0.03699962581839254,0.01154656126919133,0.015563918339964022,-0.04389548693789022,-0.04143839271295421,-0.023699609082295507,0.009016265969310074,0.006527167269622664,0.03839904803620972,0.02152373235504899,0.011393343058812774,0.04365846289316306,-0.0146259427184515,-0.0004576780056244412,-0.012926818492588386,-0.0021317379129492434,-0.01149609134262396,-0.002200009785953419,-0.04543353479523125,-0.039536141465612754,-0.01447965645480147,0.012010190835715404,0.0059858141830111756
0.9142928190555518,0.785821172194503,0.8088678105036528,0.7498605207823491,0.7021101403838733,0.6779593150083044,0.7094915777756274,0.709860163478054,0.7790616979068079,0.8258809925952099,0.5778527704720129,0.7328485685370729,0.8095391311220043,0.7464563560845028,0.8397508032020861,0.6746743647636367,0.751169525915222,0.8174334218811637,0.7847473919396133,0.8087661769554788,0.9344159425149281,0.8248362495670261,0.7957654276398236,0.9590141796740201,0.9754644900997872,0.8779942388099884,1.0402778359311902,0.9277456119817858,0.9634336780538316,0.9439350796573927,1.0295663110819235,1.0693240750898012,0.9830084425348433,1.1677452608676304,0.9672395175660468,1.1441758855606303,0.982534252505935,1.056469840030242,1.238074608443005,1.1378488923710426,0.9940513882487122,1.2260260328744654
0.7163116918258368,0.6532820438053937,0.7035776297110521,0.7408138673246445,0.8297100801876817,0.6400127858097995,0.7525455745666346,0.7205647817413374,0.8369686711986319,0.5875405560315361,0.6194581984209726,0.7581029556394197,0.7887272296818751,0.7451453834070035,0.8178582567659924,0.8121291730899844,0.7374239938928445,0.760458463365482,0.7214314961863567,0.7732984033366498,0.9210936899169123,0.7547263640236428,0.950295672423088,0.8202104168737541,0.893718798644627,0.8769776861431803,1.0357740248157539,0.8891529832414125,0.9911169238877622,1.0270032844345385,0.9220296648114891,1.0009920647063653,1.059941521570041,1.1367747919207616,1.0534361531398804,1.1329428478787555,1.0165821285931782,0.9228533440850579,1.0112411219948676,1.1161274220385737,1.0843917503428164,1.1348506016982818
0.8989622109943838,0.8151646439888109,0.6943886760499203,0.7839872475091755,0.7145895181858462,0.7857628291215409,0.7264626023819288,0.7017313884897866,0.7215806814474466,0.7453407830703854,0.6962923786818206,0.7539533950158369,0.7244728216212095,0.6170120572401436,0.6886043095053578,0.6375153490652236,0.8094515748275576,0.7000554085422193,0.7459433830884675,0.7741302614484894,0.7698615158473054,0.7551625957357512,0.8158086210109545,0.9342414580651204,0.9050069820951221,0.8594494608660415,0.9276217744090076,0.9980827580756042,0.9777888193483846,1.043124327960046,1.0556551944097592,1.0365969381475888,0.9835757216127663,1.0694006974978916,1.1482660191753855,1.0279944988652387,1.0215220225213781,1.1287535441689154,1.1845268669086377,1.1118366289357935,1.147463260526387,1.146680649222752
-0.011155185612139192,0.026296254772625847,0.02826445976100746,-0.015381822328644596,0.014203953674225774,-0.006842814687668497,-0.007187783640891548,0.010997299810507972,0.026381314441216615,0.0159691755399499,0.004603816963842146,0.007292614143971044,0.00772259520344195,-0.008987952245362587,0.02389475900632884,-0.022657083878860052,-0.010984697664443412,0.0028814762251312426,0.020422851125060027,-0.031462512681708216,-0.01480894349245509,0.018963536333506635,-0.025540991124921055,-0.026770080482837404,0.013988989670473089,0.02255734418508969,-0.0012538737768878685,0.02062362887089123,-0.008878168544705732,-0.02511318991384882,-0.026694276075161946,-0.023610320759565227,0.0182923391496595,0.02460437918570869,-0.003430128114370479,0.03502441528199249,0.03806456949302896,-0.003906787509609412,0.00421335597990622,0.023300751665872425,-0.04410334104441743,-0.011173826167778494
-0.8890713759237137,-0.7947800513075716,-0.7321866881546536,-0.7353356065624644,-0.8111129563378514,-0.6562978094030026,-0.6460532086157788,-0.7711973709178257,-0.646742554368229,-0.6550245787102961,-0.8004484201655991,-0.648007213932114,-0.628165037957841,-0.7084716247517189,-0.6801720907071658,-0.4751773780063822,-0.62157565553653,-0.6033683896139846,-0.5442764253261538,-0.5405652476676407,-0.5599705115749436,-0.5142704418840686,-0.5220338028653666,-0.5011565097308813,-0.5196472378363981,-0.35748963019152386,-0.4927902021533783,-0.5271586425585528,-0.33316123641648004,-0.48973759912367554,-0.4088610524782352,-0.41328993909873246,-0.4390223103367541,-0.5133501967483254,-0.48879284108873033,-0.4142502691831168,-0.35623193929034924,-0.5481410123130753,-0.4386098575093962,-0.49009351972220516,-0.4792077966859491,-0.5389786752235197
-0.8759010897886298,-0.914635900918741,-0.8536847623822972,-0.839248450980959,-0.8230691463426023,-0.7163726559861406,-0.7086612691110266,-0.6344595298818132,-0.6313330388531739,-0.6671461435445922,-0.6230337838338191,-0.624530346494209,-0.5071690879308657,-0.7369407886967975,-0.5524732566587752,-0.6769232512612402,-0.6672930477034272,-0.5755690286520797,-0.556286471074062,-0.42666631743398,-0.46896078136645,-0.5476518218809017,-0.48508556575461537,-0.39418080122043536,-0.37906167348626074,-0.37719633075536857,-0.3930144831596564,-0.4172626198921886,-0.4684424612335179,-0.40706553872732526,-0.4834618028953435,-0.5445611038840208,-0.4763766475967059,-0.3817451384656499,-0.3621618494424122,-0.5310853401765796,-0.4613408599829689,-0.5025113109238293,-0.33104244466809957,-0.5286350410955726,-0.4720493311590552,-0.43363462253639756
-0.7569069004559522,-0.903982756660018,-0.8508046954237011,-0.7585858000418326,-0.7811523672371979,-0.8750584752174846,-0.5937769833029762,-0.6445953237631852,-0.7719317639738547,-0.6532218453128349,-0.5542543973199587,-0.6973404879410148,-0.4807697609095405,-0.5017189221718504,-0.6784463498194147,-0.5086692196487473,-0.5296442029612741,-0.5020187997085005,-0.4586186510352856,-0.5286659260131239,-0.548162882579574,-0.4550475948406985,-0.3813552128492779,-0.5376431586208861,-0.5844186108664388,-0.46335041233775337,-0.5005592468104395,-0.4005391242366969,-0.5760103701609702,-0.36564772523710337,-0.4717572644299946,-0.47554608968437095,-0.5313123212341474,-0.4199719109399249,-0.3498781115607975,-0.47079666728223485,-0.453376984459455,-0.34759813413112467,-0.3690225337475443,-0.4172151045041525,-0.46483604438280274,-0.5684183945397098
-0.8086552019013359,-0.8263121300973661,-0.6758698860856882,-0.7726203587712074,-0.7359927792943872,-0.7274126356148188,-0.8613093107798531,-0.8117125848763477,-0.6385466298288026,-0.7135498808305671,-0.7351934370660966,-0.6015996561272643,-0.6175569585970491,-0.6069994322210166,-0.502233789413088,-0.4843996553597451,-0.43937743886306524,-0.43069558723955875,-0.4804491751771329,-0.6445801570424313,-0.38743152087623867,-0.5619035112976534,-0.5899180287626598,-0.5582782527618624,-0.5791460659051474,-0.4669700459482509,-0.4549845885056951,-0.34374146539561445,-0.5391617417375643,-0.3236471578654739,-0.46613492068362417,-0.3610934109760335,-0.5181234367001384,-0.37331623178953227,-0.3726063624226918,-0.40361509314007504,-0.32441480316628385,-0.31443008874831313,-0.38589201477071716,-0.48448607141403677,-0.5072940320506946,-0.517956081216806
-0.7874755325350075,-0.9306283511625076,-0.7033747270540238,-0.6286449285452022,-0.6776670966442462,-0.7294680221931329,-0.5785864484055669,-0.6185110972522526,-0.6917433879862086,-0.5264455236130223,-0.7049355434449133,-0.5862506938973638,-0.5363826579860439,-0.5165657825578962,-0.5169735105044345,-0.6088595612049053,-0.4818809155753196,-0.41431080210969506,-0.5241236877923913,-0.48946757424924053,-0.5324111164792603,-0.35918467022378964,-0.4033378157841588,-0.4865848439892119,-0.33260392442652764,-0.518073636624092,-0.32050593896374613,-0.38607087840996523,-0.38938143450843477,-0.36633775821405323,-0.3247793533641348,-0.5246715028955113,-0.483009264820835,-0.4299391813558734,-0.3888298796102147,-0.3160619386372965,-0.3681247363807838,-0.3810570813824177,-0.4413850739700759,-0.4217793144329423,-0.41329507593517145,-0.5240090753880634
-0.0037749201929181903,0.007953410565391467,0.00853761558699617,0.0023241982235164965,-0.01590050695204014,5.1067832995120246e-05,-0.01488918781837952,0.017184638239880003,-0.0010930582250952847,0.005639412021496067,0.02458730838815718,-0.018630405123280208,-0.021727357148711476,0.028195533803443706,-0.007863614105043432,0.02381720562886376,-0.03284113341349052,-0.008714885736862157,-0.011016954069714662,0.013478549673342447,0.0038400366989037532,-0.010428436117060472,0.0015477679404325307,0.025917761401429738,-0.02259839273859253,-0.01860086899870455,-0.0058283947396953065,0.014798253174254478,-0.027201211961833414,-0.009628002885652447,0.018910171101110526,0.0018054040577987088,0.006356098351211506,0.004068405882893017,-0.0006950208153339472,0.015617898600184995,0.01820753022345203,-0.003956307364573883,-0.008170227262156247,0.015327340514253154,-0.0031929752821797355,0.014658620446830249
-0.3329092167283333,-0.3823885216091791,-0.6043502569161091,-0.6194105298010937,-0.6638577329270564,-0.8019826398398582,-0.6559859247348775,-0.8776700797027883,-0.8188704542379276,-1.0293975681545504,-0.8507812264493083,-0.8873413960845634,-0.916273061920903,-0.9370988343930124,-0.8681464205979035,-0.8181435166403045,-0.7376348608531296,-0.6895594033723405,-0.6264154304045189,-0.5220478424185588,-0.6157913470531193,-0.4788728386695644,-0.35212539143250204,-0.42059334088928346,-0.3153797264627144,-0.36018150151487377,-0.24603237945525125,-0.2801577014428626,-0.23955041700858906,-0.22479838286730539,-0.3425385380259916,-0.3822116190227788,-0.337203649407149,-0.25538573109370866,-0.3131615460784274,-0.285215328311827,-0.30777995103507294,-0.30111025103488637,-0.24279055081412998,-0.16357922788105342,-0.1953597115610236,-0.11380791877160558
-0.5957409296451424,-0.5285709516880303,-0.3892925577163233,-0.4510905020966717,-0.6222162625088982,-0.6604171534954117,-0.690523170347921,-0.717041022626975,-0.8868721837090144,-1.0431914536406375,-0.8798568317635217,-0.8982645483002212,-1.0331540029457584,-0.8622675356717823,-0.9024846874411612,-0.7857025208475857,-0.8330543160560466,-0.6952255650350937,-0.509142370106961,-0.47259031260760775,-0.4866411311900675,-0.30207587220077287,-0.4209264006372294,-0.34067687108842215,-0.317564912763244,-0.3884918414470215,-0.31368035830071517,-0.274478774288737,-0.325863803076691,-0.38047337813437926,-0.29962445376589814,-0.35231188573527794,-0.32921914205984615,-0.30114231504308053,-0.32443710955311444,-0.36618925558767396,-0.25734311280210553,-0.20488020043363886,-0.3024003565302,-0.12443809753640103,-0.24992972445848724,-0.13006587400439681
-0.5302781261729216,-0.3875589896426642,-0.4302096345530787,-0.6303959444313129,-0.5481900557618332,-0.666669881074091,-0.7673864752098163,-0.8741998422651426,-0.9043384961424067,-0.9234891560347415,-0.8926549698984723,-1.003260303442827,-0.9061337880381269,-0.9293862683291416,-0.8109383851830416,-0.8511116751721869,-0.8368575621064278,-0.6143368465369293,-0.5573444570277782,-0.5099805096403018,-0.34090606645407945,-0.39013429858435367,-0.33252656815411125,-0.37255881200854607,-0.2934924430673266,-0.33106217407310723,-0.33607553618320046,-0.3624884719450232,-0.29214840786096385,-0.38992352621694504,-0.3377606646903443,-0.2722737037557871,-0.39654301922777757,-0.34087620839567173,-0.3392682555171863,-0.2455929149365735,-0.2956232841194319,-0.19734366153177443,-0.19898987152365685,-0.16909323691526404,-0.10656915548440112,-0.12255446705614742
-0.38464886745967886,-0.4439880204035372,-0.42525422147874203,-0.599938133386647,-0.6098059706621537,-0.5318999323519692,-0.8286775039154308,-0.7723089526225617,-0.912900338188304,-0.8856083179470604,-0.9630604631723082,-1.0025622029219834,-0.8966007312243047,-0.8528322099956548,-0.8155577502667253,-0.8272618352945186,-0.6670813822540593,-0.635337728662451,-0.5488807826143762,-0.5348582925828802,-0.47738960253841944,-0.3201419494749907,-0.3823967495261406,-0.2500249703468077,-0.21584198793907794,-0.22265641676112455,-0.32850489555231144,-0.3212352474807369,-0.22575631863378365,-0.23434758789826848,-0.28867830404643735,-0.22847031869809656,-0.39743247896890616,-0.31141003778235354,-0.32077246528074516,-0.19523101785019958,-0.30980711756390306,-0.15876807094440776,-0.2341120321316467,-0.2056284275649702,-0.10792553173088212,-0.11317590441243582
-0.465138918323051,-0.35101196745891894,-0.49114458711510844,-0.6527424738071992,-0.6068885862989117,-0.6478161786220571,-0.8054760755506011,-0.8546480458576371,-0.8542481404529048,-0.8899610275781699,-0.8443602567718136,-0.9976226140855988,-0.9863338635884963,-0.8608805566421714,-0.9075167378639484,-0.8752930196440355,-0.8238419566764164,-0.7032747099429253,-0.6162322275267961,-0.46449260141511484,-0.44331923135146123,-0.3914530079554952,-0.34411719805445024,-0.4024896743926132,-0.3789881252629097,-0.39397795399579255,-0.25521501143434766,-0.36303979547360105,-0.3475660657109554,-0.21933948122465227,-0.27879840769460723,-0.2592506479082794,-0.3112849035654675,-0.31072811607115614,-0.2862351444861984,-0.2968965168574657,-0.30720125987362323,-0.3173885429881778,-0.15267823101432362,-0.1811542424477848,-0.1718667322106216,-0.2072069671425029
