gfs-wave-data.json
{"header": {"parameterCategory":2,"parameterNumber":2,"dx":2.5,"dy":2.5,"nx":144,"ny":73,"la1":90.0,"la2":-90.0,"lo1":0.0,"lo2":357.5}, "data":
[rows 38 to 56 of 73, columns 84 to 125 of 144]
-0.6074674089520194,-0.6208073666200083,-0.786882368890801,-0.6230379482926756,-0.6365335071177566,-0.826858794067659,-0.9418098270532531,-0.9773589074802885,-0.8186974173660811,-0.9741121463872142,-0.9962739527171806,-1.134334801656121,-1.035745856665799,-1.0749440635918783,-1.0859972755777783,-0.8885483716428186,-0.9026846539375978,-0.7040686497704065,-0.5770617013497854,-0.48265296625067605,-0.6254019870643441,-0.439464903505428,-0.35500085280878596,-0.2925348279539724,-0.47600603522956764,-0.43853270541420475,-0.25478427031676115,-0.33600576234584734,-0.34311217623347945,-0.2561684136159837,-0.4287416176065415,-0.4110964779355324,-0.3060476950443998,-0.5292102777510808,-0.5196129360103595,-0.3785560143943963,-0.46053392620750017,-0.35939605340121716,-0.3315218502933302,-0.28132564341825045,-0.27001335288830436,-0.25902663255379993
-0.4508258499214423,-0.5381880153105099,-0.6424072718067569,-0.5041627501316075,-0.6676711021108904,-0.6737823008115109,-0.7760597426319495,-0.9023413195044877,-0.8746356327892147,-1.0515945217197755,-1.091316214519242,-1.14526486386672,-1.0193062239798918,-1.0296747362452066,-1.0302245557368048,-0.9587297884524391,-0.8504534958153495,-0.6881024332466219,-0.7065038718575857,-0.6231342575452443,-0.6368338260522637,-0.4725366871200687,-0.5312849205272002,-0.5540077937967778,-0.2541365182667602,-0.34443164124359354,-0.46692194573551515,-0.35229961566150086,-0.3653479340051501,-0.34914178002618407,-0.39500072254929675,-0.483686776140921,-0.4953700909107465,-0.40296006600499973,-0.3354694736317559,-0.41388300067597467,-0.3960330178969467,-0.3754458996687892,-0.3273334113502244,-0.3079926393331613,-0.2495786737675534,-0.21783792719497014
-0.7298528729755774,-0.720269488254123,-0.47793715523020586,-0.6326059507045773,-0.7675127665808273,-0.623472291205913,-0.8161998337843217,-0.8564752153724311,-0.8642852121895157,-1.0192740392115718,-1.1955380103243711,-1.0619180518484546,-1.0893854224503172,-1.0485749386635141,-1.1423438843333935,-0.8955086012146153,-0.9766024661011162,-0.7468380574376124,-0.6428589348292932,-0.5460984351124555,-0.5862992348081028,-0.43982379920554976,-0.5772803395314839,-0.42717674732353905,-0.45649602640623854,-0.45975151360730426,-0.4921524501680533,-0.39834374233589376,-0.4009684887072548,-0.3666187722943416,-0.42760473702706003,-0.42844302916444543,-0.36582265112883866,-0.4012615181787454,-0.45903680947723585,-0.49166143515534266,-0.4140276900103827,-0.3760193235616059,-0.2915634588751365,-0.3809837153946452,-0.30626933777713333,-0.2296343962420601
-0.47397568817436597,-0.5778848031042111,-0.7638341970288847,-0.5808246580076701,-0.7335430796388497,-0.7281489471992729,-0.8111058277990949,-1.0471111845698835,-0.9752271059102171,-1.1489281555456679,-1.1246750282956444,-1.0420266263536975,-1.088445213998745,-1.1682831347264573,-0.9098315054588852,-1.0978518760159197,-0.9320736439440158,-0.7781278101557791,-0.7434038050063113,-0.6853062120777021,-0.5378916939922643,-0.48981183330350164,-0.43978031618954144,-0.45937221547972173,-0.46990711252260825,-0.5181917592658115,-0.3789336848327883,-0.3401251197564167,-0.346899732592291,-0.4515575108463612,-0.42245543298545635,-0.31107609494335936,-0.40169290648023376,-0.44601027270078936,-0.5385647103312456,-0.43686977790792536,-0.38905447343361366,-0.3839272720746563,-0.4133033046618111,-0.4123780442755278,-0.2803762576080109,-0.361007777299955
0.03164552319744288,0.034670752314444324,0.01540612934559323,-0.04876622332357799,-0.018757064373500717,-0.04449515432561638,0.05000865080486014,-0.05840884366740247,0.0017552617272071226,0.041674945015173374,-0.017675105321999538,-0.005096530728312202,0.010398860074376052,-0.0003925362379724328,-0.056728802401914954,0.003394004864120637,-0.01588481950097154,-0.023652854069904732,0.021961162965223647,-0.034423295788463204,-0.028328254295468935,0.02167474939677224,0.02473182406863962,-0.02603317632785509,-0.005151506466968407,0.007090789677236369,-0.054933476481927514,-0.036897583410285636,0.06259416825481587,0.010427435085692448,-0.0266942523078121,0.0007914031300814333,0.013103540626458977,0.030235736829262592,-0.036998819134183465,0.022010903763645256,-0.02466322963198123,0.00374933382702767,-0.01267886771773814,-0.013020242107619394,-0.01518908949642586,0.010132687197075763
-1.1243832591752372,-1.1303415626450954,-1.0629500311376918,-1.0809274516698217,-1.202098747196211,-1.1525907856330861,-1.1262201459437986,-1.1013006712626814,-1.0799214885778414,-1.0993743675310674,-0.9402969112238857,-1.0862780851921727,-0.9608796218459482,-1.116736641459342,-0.9188859551295945,-0.965068645730548,-0.9512785656666323,-0.9459175008050429,-0.9840138892416275,-0.8733353643829043,-0.8293129852233007,-0.8140782423442183,-0.7840853952826481,-0.9572475858523365,-0.8971461116225166,-0.8835688773919973,-0.7314602905062245,-0.9109359263775654,-0.7740922481405197,-0.7415921988221892,-0.7891818918666758,-0.84176111701743,-0.8672469495413169,-0.7707525021507451,-0.720469885932069,-0.7515846842954548,-0.8380764190186721,-0.8679454766652286,-0.7348366661294513,-0.711459450716182,-0.7864945007457194,-0.7418919392371303
-1.2052647496448399,-1.3054673932924867,-1.1746440177460624,-1.1906281877047542,-1.0808522577709705,-1.1619029895588524,-1.179292685194607,-1.1396263113730556,-1.039529479850779,-1.0977247907688072,-1.179413100378189,-1.11346698777798,-0.9956135175388915,-0.9706559824021728,-1.0288530571252106,-1.0579097212558413,-1.0558532219102486,-0.9682359804634498,-0.9455838495151422,-0.885571550738681,-0.9829539116590467,-0.8798649647071178,-0.9437698538514493,-0.8853692606028728,-0.8476653499995924,-0.8484680752532608,-0.8094435273862912,-0.7984163679915157,-0.7895392838543653,-0.7524505753948214,-0.7460685476600083,-0.7617498708091409,-0.700912830917292,-0.8756992953188828,-0.8397048867344609,-0.9034101172095623,-0.8186571187200125,-0.8013663807964122,-0.706120052185014,-0.7729051956903061,-0.7912900334716118,-0.8609338851114788
-1.2156477738185945,-1.280381048193146,-1.1879842405636625,-1.2699379038316763,-1.1527968773271386,-1.1586739646613915,-1.188376875274176,-1.0825606198400535,-1.1172080015805275,-1.1058869250853571,-1.1282345267865812,-1.071471454658376,-0.9947800768513958,-1.0481894403842373,-0.9726070445615072,-0.9159169922273811,-1.037449209604137,-1.0140308716716433,-0.9220757079003659,-1.0056138296159138,-0.8754096788569565,-0.8507851918731523,-0.9738556636203531,-0.8656660011056472,-0.837615854254432,-0.8218002602745085,-0.8552907186639634,-0.7599920151025784,-0.7736250154574899,-0.793261791537224,-0.7492382756161294,-0.7801444150727014,-0.7828272856077587,-0.795716310056655,-0.889731653190122,-0.8240453035661112,-0.8173439653809768,-0.8321400800044231,-0.8526336349665992,-0.7508297726798651,-0.7211027553747883,-0.9036677774045965
-1.251698153199253,-1.2112288655978003,-1.2194558558153228,-1.2029341732886683,-1.1316555609634356,-1.1492594452358178,-1.2102737628551763,-1.128437135566593,-1.0151562534783123,-0.9921674020128097,-1.0322819608610034,-1.100089009480145,-0.9858195047603922,-0.9770099685220262,-0.9262001660815995,-0.8961943413126131,-0.9493389577314026,-0.9575668044996968,-0.9686162211545861,-0.9240440622452687,-0.9855037565489888,-0.9434923309733375,-0.9400948069157351,-1.0071328332778011,-0.9312107440059969,-0.8816955339608631,-0.8242287945553166,-0.8582455259367818,-0.7779842728195022,-0.7891576765179422,-0.7731553614974365,-0.8416265150260988,-0.8425568775920962,-0.8380801990437783,-0.8828460059245548,-0.8977804765537198,-0.8320753147374036,-0.7623398151046163,-0.7558078310362636,-0.7705710314763825,-0.7043982383606584,-0.8164253015502692
-1.0503723713980995,-1.2955276249062169,-1.2314860403982943,-1.2635783572929868,-1.2408492255585895,-1.1835606525185722,-1.111489443165865,-1.173788265030762,-1.2148697002901778,-0.9930143622876526,-0.9880270105485497,-1.00870676520116,-1.0124331398345014,-1.0862779069409896,-1.0611686457232798,-0.989363616395741,-1.031987525672353,-0.9887514801739243,-1.0530785170974386,-1.0286121355206717,-0.9748485532809472,-0.9377285372064555,-0.9410495948369786,-0.8889058021369305,-0.9559942085844931,-0.9273270931222323,-0.8444078032214096,-0.9021379977731461,-0.8705904799600055,-0.8711439383043783,-0.8052899889639207,-0.9469059928942561,-0.889814953447572,-0.9158965651161227,-0.7827649592635069,-0.815416188226402,-0.8830950276502362,-0.832439027566087,-0.8767110217346193,-0.8981250612371418,-0.6964157093192708,-0.9512372945030669
-0.010608359582227703,-0.016981762718534577,0.03144774151123012,-0.035475216321218035,0.024271959328783226,-0.06775332468836548,-0.04818757863463544,0.030747039317077025,-0.04177773118829186,-0.04106596712916563,0.04392028373217154,0.021789796532645143,0.0017516592058270893,-0.04523908264687561,0.035341322932798847,0.02314145420518185,-0.015505512609064352,-0.03134010741237201,-0.05294140148067558,-0.04031050191069783,0.030605237351999545,-0.02666121057988866,-0.030941314446291744,0.017537479832595314,0.004313609628574205,-0.058912628588098384,-0.003988754430882549,-0.043752346555954454,0.049868140053873126,-0.025903513529990853,-0.033708682749118285,-0.024361067324533324,0.021987526072024727,0.005598924176032611,-0.030103986006103468,-0.0019738235164005126,0.006378893971646736,0.058025961562362685,-0.05486972880575764,0.027898928677618545,-0.04673252029837934,0.047851983817525694
0.9461764553221302,0.9881644981642893,0.9011584186958176,0.9926978042832029,0.7913342964405562,0.7986026716889052,0.8535051016309992,0.8192383424722066,0.9454551486181335,0.8218265753227987,0.8961631439611275,0.8516605739191527,0.841595881166858,0.9758557830901827,0.8593886597087768,0.9499987607006597,0.8545791110039133,0.8022171730792912,0.9940837868755673,0.9711683258978456,1.0263387393266286,1.0497933635144117,1.0099605130698242,1.1014429083427972,1.1502311277538892,1.118781804787774,1.0762344003150268,1.2047753116480877,1.1704885598735562,1.180917800029586,1.143070045640006,1.232043199983385,1.1434027364176418,1.1894910995382053,1.2480772332535064,1.1028242762893956,1.331560781963937,1.1602228245843047,1.2367968523317192,1.201643733318367,1.4212202230357955,1.3667877272162148
0.9329682297790419,0.8198294279859925,0.9214979780302931,1.0238820035564897,0.9657714419738822,0.8277966830929708,0.7475685565244716,0.7561393340442167,0.9407538483438208,0.8744311217228161,0.8392883606567709,0.8948427263273672,0.8662510492853468,0.9658067946223474,0.8887367485504428,0.8354563176308838,0.9289925776489462,0.8796121176964979,0.8614347145908683,0.9301856632628346,1.1068571301806869,1.0948457250692274,1.083803484308781,1.1003046084998866,1.0778248470651013,1.0930343066573172,1.0743744421076606,1.0275043092156664,1.1643939984675853,1.1727248549441285,1.1967165566398144,1.2347514311320946,1.28797947902747,1.038885640455895,1.1758800538015703,1.2305965478716958,1.1483299834486715,1.2436214734800821,1.1184729628438737,1.3858841535747342,1.09482942860854,1.2744961603580254
1.0934094077593723,1.0049322227904365,0.9548360209310836,0.8867783383233331,0.9699288951550449,0.8737926084557928,0.7889015122804821,0.7967609325296562,0.8705580386827593,0.838300602918294,0.8308039784511733,0.8995324385383784,0.9600122866525791,0.8238771953654824,0.8126882145463167,0.8698931752531798,0.8852232314705669,0.9263728675825529,1.016697007119797,0.8870448652562566,0.9647853430662079,1.1200567991591908,1.0295486340274447,0.9797318727533185,1.0373900430785332,0.9939738172896861,1.083511829149238,1.072180356694984,1.1866753959225815,1.1216589736096472,1.1780134429143096,1.1874097356135462,1.3037436845693586,1.2328918174691237,1.2412418743634186,1.3415234742884417,1.3863495309890121,1.1384353132194427,1.4421233291522217,1.3019719348007528,1.382423199833268,1.2788844584446617
0.0008032575922733442,0.05365829846209129,-0.040725391257514836,0.010912974521931275,0.03345480910645694,-0.0003917608342447104,0.006627930095228115,0.0023832594268120375,0.019365834349558717,0.06525504584148725,0.03397370762717809,0.030780351807958434,-0.015540402917118404,0.044804110802856977,-0.028959622474543575,-0.04388518932387906,-0.001866697192946652,0.013177134199993145,-0.06954935978445986,0.032665903784440266,-0.06499098495452421,-0.0621789557145404,0.053458200470722056,0.07796469739846759,0.001745122840895562,-0.005907034022638061,0.041765556152933085,0.0068515892497611865,0.04118304892486812,-0.03323438095867952,0.06585342949815269,-0.028714100263798125,0.051724541558282204,0.01908217853030249,0.0032338172440370076,-0.011023987803978097,0.05787639586800873,-0.013558369348646716,-0.06268690170404913,0.0025961828941790453,0.05686650467624563,-0.022366070370915807
1.6504741324276746,1.542351365197389,1.4458120216980521,1.297239756425623,1.4616821932625608,1.39389620843055,1.3245971326071997,1.423292667777262,1.3701253604583912,1.433252983182683,1.2860545616259673,1.3511474644881618,1.4321531922180057,1.405871135790189,1.225087041690374,1.5016052010047962,1.4725293789751044,1.441580500402558,1.3015339099268757,1.3592429744862926,1.3318213353699617,1.2911048131846938,1.3262366074840868,1.3678440357033375,1.281204966997178,1.4415866176253855,1.3679574050002226,1.26330755997188,1.3470897580006256,1.3052328756881442,1.3599597302379152,1.3284060664312736,1.3750064866169713,1.230736385647623,1.441843183720616,1.4139828464432895,1.214501970922515,1.4639238062850408,1.2125252058126483,1.3762814632907863,1.404599768117731,1.4760894588158076
1.585312091954742,1.5278727378236172,1.5443223017394543,1.3909746665570721,1.2516179936333611,1.4746512163308625,1.59193481433905,1.2737070266620132,1.239708716387453,1.5331272473008823,1.4241013050349354,1.388452630331059,1.1610001432887795,1.367792035863699,1.338340149222098,1.2517905286345477,1.3743464929073566,1.3970646165938962,1.4678365769194923,1.4085013290991006,1.2907087134789712,1.3016129494015483,1.4659027845563775,1.371432694334572,1.340314691876219,1.4769654954078064,1.3925151389969577,1.312953107054432,1.3180702827920403,1.4269187780790713,1.3278108358703644,1.3601423464249311,1.4000957169100359,1.4640258068831689,1.3895846090843944,1.395111575552294,1.4553357650000411,1.4170934993524187,1.3817959973654623,1.4498766237303542,1.4343030431031383,1.4946588024737066
1.662394858529183,1.7320812393740337,1.4644937239043756,1.543893512979728,1.294061423263286,1.4120848450600876,1.4684945395549722,1.508883795718808,1.2893842472557693,1.1561355447438595,1.2635818096310496,1.3663011879288554,1.3140312658497004,1.2211145768836213,1.4165163262986658,1.306181583397287,1.3950931005236549,1.3887892890941727,1.3736641077687015,1.284659240863583,1.3024043561028567,1.2982070542302724,1.4408570587913037,1.3189904953172256,1.3683974405955035,1.4304372859551642,1.3571142746612121,1.3336518767225327,1.2785596078792862,1.4389134991488046,1.296493760805354,1.2740324394811036,1.435184105876238,1.3410046306710435,1.2815756310124022,1.3020239034121746,1.3595165569079626,1.2569491958965073,1.241546889611387,1.5545987332387432,1.3321093746217263,1.415149423425565
1.6979246882031374,1.685823055449249,1.5184780440775276,1.3650645224598608,1.471313804205384,1.4664515390986224,1.356285809798855,1.3982798499373055,1.4381563037127312,1.1728823588635977,1.5196834203454206,1.43615935429898,1.2623598636632005,1.420826800738399,1.276855363976679,1.3522402422886788,1.2955638928942355,1.3998526383561372,1.4795908328020524,1.3367486424721766,1.3525422121062431,1.3202711254114985,1.3310993402137345,1.4180519316555038,1.4977334852051838,1.3231308020834196,1.4583245072440412,1.4452404756507706,1.4061386398367608,1.4923035341259463,1.4324956622843528,1.5005929648066363,1.3363491207032099,1.3334111783866058,1.338374520038159,1.3126654968142712,1.4003210206756327,1.3569132316076342,1.430301430202828,1.4902395085572067,1.4379132195938478,1.3306193578449617
