gfs-wave-data.json
{"header": {"parameterCategory":2,"parameterNumber":3,"dx":2.5,"dy":2.5,"nx":144,"ny":73,"la1":90.0,"la2":-90.0,"lo1":0.0,"lo2":357.5}, "data":
[rows 38 to 56 of 73, columns 84 to 125 of 144]
-0.9145112898600722,-1.101755705193438,-0.9145986554541369,-0.9575170962335874,-0.931479787610661,-0.7589771432592466,-0.7956575644433181,-0.6892117509549915,-0.5445043979730644,-0.4225398737021662,-0.42378640928421396,-0.22066157260810673,0.18394182049375268,0.07209866573109147,0.3493867204079127,0.32997981976931023,0.5229521439774011,0.5912157882808282,0.710834205718737,0.5916756460988458,0.6619355518654486,0.7509446834208422,0.7004453889878528,0.6829403663843739,0.8067037912229463,0.6358977806353712,0.5614629441227752,0.5656112649533026,0.5569803179450752,0.5437463553768074,0.40287253705193116,0.29132121993436694,0.28198836582294695,0.19441731048138863,0.06827930246178333,0.11414311345711721,-0.02177143345051086,-0.10928606641392634,-0.13271779397673428,-0.0987147756975953,-0.21642465036948416,-0.24642913077512155
-0.9533211767954212,-1.0629214905717967,-0.9738046034036604,-1.0695117779484988,-0.9497472276913899,-0.8514650059638253,-0.8152449976366315,-0.5498154978761222,-0.5941914029209887,-0.5886582580392133,-0.12927803540676064,-0.26291564076714585,-0.052576978992803475,0.21342116412299678,0.21506977011243936,0.4808840191145234,0.5161602999051427,0.6887887570116115,0.7321419105759853,0.7051225579940122,0.5705305442111009,0.7385226116397164,0.7967531774335843,0.6291880876442013,0.6357058646012894,0.5623807524421821,0.5664191998920431,0.6015729183089872,0.4820339937750544,0.40300827090017577,0.3955777507358558,0.4182488855777699,0.32429558488016297,0.2054533760871188,0.10222781382759762,-0.01288341918218272,0.030262304016503525,-0.07138437404043164,-0.06547058776921892,-0.18890724379888332,-0.16743324050647074,-0.1758399072913613
-1.0240153426495056,-1.0361865726282737,-1.0384869057041348,-0.8199354946880711,-0.9254849832030113,-0.8510512789533551,-0.7461737322922424,-0.5964883290889388,-0.7187200975062279,-0.3659381960515786,-0.40345335866381565,0.015063876341840764,0.03087052553946026,0.015095295369140938,0.11207698157989375,0.33912628118995586,0.630710440181182,0.6312943265037622,0.7406214637786337,0.8100286554303043,0.7027235433580491,0.7495716981415178,0.7595415355101395,0.759137031148403,0.6849681206104048,0.6640390612032298,0.5324666452327325,0.5514413834313833,0.5300693638360648,0.5145370610753325,0.39939074376355965,0.2554989453948096,0.2905681246855526,0.2605414410791507,0.070016323574818,0.03511843405175188,-0.05373080475270962,-0.005561568189105021,-0.15581076668628427,-0.09156786450101677,-0.2022832906181278,-0.2111186625780497
-1.0749155319340187,-0.9487849517855687,-1.0701636283805704,-0.8619031111512255,-0.7953935544325349,-1.0110089368679767,-0.6796656352832982,-0.7118619899319641,-0.6956796791924097,-0.38379950132027385,-0.30758406575116365,-0.2636110593682379,-0.1982595159581869,0.36453446905103454,0.18312033841280634,0.5668382409188358,0.6479855214799503,0.5326834178866868,0.6494169631421131,0.6775426475186546,0.6484866365385444,0.7879399894674669,0.7071066735933033,0.7040805454165391,0.7240236553123163,0.7722636182787082,0.700154109970511,0.6318398389113139,0.5363125239609902,0.4769987443708934,0.4102828909500315,0.3012947100252705,0.2611678672444026,0.2725097682361103,0.24857802328320305,0.11192515054912035,-0.00608882871730984,-0.055895482849314844,-0.1674333702070081,-0.23601894098073029,-0.23532628968281438,-0.24900437586705487
-0.31644780136199013,-0.373904995299423,-0.357290630306089,-0.29200536586172393,-0.3450324372612992,-0.26814638310360794,-0.3143600243633852,-0.38371735611736707,-0.38693443311022874,-0.3049434627202812,-0.40987791872035506,-0.4207816741262411,-0.3109091839642336,-0.23441013458083781,-0.42292086312850036,-0.2997295376309221,-0.35749873534535126,-0.2502639648939247,-0.2560373208667236,-0.3830568077750494,-0.2856795109335765,-0.24515923849378243,-0.2718867575140148,-0.35428871756406954,-0.36720770305984574,-0.31070022941607467,-0.3679259147541208,-0.37790071901523764,-0.404387199151077,-0.35689806425134857,-0.3186401911265581,-0.35814238445586805,-0.36297873812434717,-0.23872292824531333,-0.3239962495474128,-0.23321148075604456,-0.37382665393881964,-0.22783024097360027,-0.3457512457191311,-0.3054272106215015,-0.31350291766501676,-0.23667134764369774
0.6104579517486648,0.5474458079133692,0.3792502692835486,0.4860393744632526,0.23157018715524472,0.20639096739534968,0.15120780584246282,0.1568706433628326,0.30001526300271253,0.3266139742952322,0.26648887882231415,0.22880464871103387,0.3639676561314703,0.2538497775470616,0.19379245028610353,0.22547960386656438,0.2998901262487357,0.2947993166760927,0.2560673328028463,0.1718289177900996,0.14697482179816138,0.24618378071714236,0.1965838806099233,0.21576996825238529,0.24162748042021326,0.1471370052266641,0.2604129141568303,0.06388254743431618,0.06543968650334671,0.040761232161494826,0.23154674125359628,0.27256655562758686,0.262593840299722,0.2808299528656649,0.16400367566575136,0.2314215665958257,0.04097061874249301,0.3203539066034787,0.2505383414559909,0.2914256161686203,0.2874930870147591,0.08171324549660236
0.42321401831536554,0.5576228594616067,0.33135262587545283,0.4698315203692096,0.2253700691951146,0.2878856248298076,0.39359967991427863,0.2700215283550313,0.33502334351161206,0.1730543820999199,0.4797994125773437,0.07860359709496738,0.15423058443230955,0.11691802198054511,0.17222417142085997,0.28329568660134,0.09843513302991456,0.32662956473623367,0.021845416461342682,0.19131108090051357,0.2234094025750072,0.024994900639542225,0.26800713594513803,0.28073549382330104,0.0688133135045919,0.09822094135327196,0.31328804045693,0.26829982549687026,0.22717109142557163,0.25058356587778385,0.21171215081402472,0.09682274926479227,0.2136579017575674,0.07341856910209918,0.05553895551514548,0.13420350512715806,0.3178653118908209,0.057763811638484173,0.15943914007942475,0.2621626229787868,0.22620919054679026,0.28661880091638836
0.6487912627627261,0.32056921545118244,0.44005628478923065,0.224875776122845,0.27416672367372097,0.20983317007540567,0.40676839935041137,0.45002507912884837,0.11535750727387818,0.14371079581665674,0.33758765524708106,0.06935282775101852,0.2829644055611058,0.2330299003809554,0.11259410254561497,0.2927538748279167,0.03854914087336479,0.3282819132855671,0.03514899034631353,0.08164043669078455,0.07973402958380811,0.0038309124548047,0.29979189897353625,0.338198247890778,0.27481105087250784,0.28951348869960636,0.21785726028019475,0.2318133419155351,0.2480021801355458,0.18542829912885256,0.2027406849185585,0.0688980364817445,0.21192930445706062,0.09924912360447553,0.07325321114773502,0.2530122038847036,0.35854993078746195,0.26010283253746536,0.13782397557729487,0.06890694502371643,0.11238019518910176,0.3781730848587507
0.29847413110315785,0.6087356956740417,0.3873660050022065,0.1837551841045252,0.440895523638486,0.3913541756160433,0.1860685576005615,0.15477620787494642,0.5065975482384104,0.3718564471780942,0.41148356850538315,0.3991150567120916,0.33638231307298866,0.34036919817885347,0.2800648960511334,0.20227249054549257,0.11681150705956103,0.15706094536890913,0.2036631747610044,0.3277194081668708,0.20553972659766706,0.20626899229852022,0.1530401825878763,0.08812072836269397,0.2547353702287426,0.14732760453450655,0.05402229697980287,0.2869751615206902,0.14601778402371726,0.2672034839735643,0.24485835074113513,0.30597776549125955,0.1910377040179656,0.1245236946700751,0.1519319407869634,0.1187875302013428,0.14413023000812278,0.3106367675680007,0.17753839000364074,0.2149703684042394,0.25727063713356857,0.17080819499666872
0.3287671859920009,0.5664366727434441,0.5641773962204957,0.5958837273042755,0.5267112093958798,0.2502648338370986,0.12727410242613432,0.4769505433949687,0.4383651456926068,0.2748023126941845,0.14502772869311073,0.3219207775720811,0.3636711185202155,0.38509385318884093,0.2601458415591784,0.19381090401917933,0.054337251964621365,0.03320816613241158,0.13935900671336335,0.3502764678721138,0.3421084366132146,0.19025135722392436,0.00888705715535129,0.238053565575643,0.21841328005015234,0.22868888742664853,0.1078519684118179,0.24207112065921355,0.10769353189340547,0.06309794569641516,0.1028524306567016,0.1461998373326325,0.07583384203336757,0.026881729374707283,0.09429684796385732,0.24223038570183722,0.20167104988188508,0.2811014308387275,0.13139391919622634,0.10356020644155607,0.32064465316147944,0.27096357316932573
-0.35062654541080485,-0.3523950564474495,-0.43939085119442534,-0.3584293350370024,-0.3927759749216562,-0.4546251232869855,-0.3108451214483858,-0.42099309610106284,-0.39478821031916905,-0.3608589910782176,-0.27976801541851487,-0.46376350974945596,-0.41921064660691487,-0.3274233694152706,-0.3627048334728657,-0.39328422100009286,-0.42438934973400355,-0.29927027491350494,-0.31727336634861963,-0.37458421996960023,-0.3075414615066597,-0.4735461743093957,-0.3030812033186088,-0.3266991512013953,-0.4757177931589195,-0.3536268487832678,-0.36926731189482087,-0.3464021112007519,-0.38863195598505984,-0.4198555294517113,-0.3790439339621224,-0.32914453286388695,-0.31136211130661307,-0.28258868944480553,-0.28541773468626275,-0.35994666161579625,-0.34605449712741215,-0.42855780251557074,-0.36560008955957696,-0.3379706469373416,-0.4240224915316181,-0.2779268183327969
-0.48154546446194074,-0.4453020388344689,-0.6357206692677443,-0.42980596763428364,-0.4318233320849308,-0.3326380666986094,-0.47003266958954903,-0.6130460967852156,-0.4282601777080315,-0.33907829328488587,-0.3263178801137455,-0.4092137908726316,-0.42577529203393977,-0.4150775347965105,-0.4599746536993406,-0.3714044048519054,-0.46401765190874383,-0.2556664259526285,-0.11756109470258072,-0.12525643239392628,-0.2508305679256721,-0.13168877756858102,-0.1470777703039497,0.08095113315000646,0.15415504753461923,-0.09730997783338563,0.035752732802951645,-0.010362065949419432,0.07798858639330596,0.3410439907836241,0.3120045958112317,0.2864528843667963,0.2593929431482493,0.3447399236961811,0.6860047146685982,0.39958307271704496,0.5178020689647326,0.5318218915252507,0.7343526844044554,0.47259971761195346,0.5523961686516335,0.8716701318814648
-0.41954471890816053,-0.48902564898276807,-0.5618988268697038,-0.5002928703948611,-0.5300211818589449,-0.4587552360461745,-0.5595497434076844,-0.694290991157973,-0.5783385405465524,-0.5936792200504936,-0.4526737101498472,-0.5162168580214002,-0.2799877139926867,-0.2546143441954574,-0.5126717738630513,-0.32132023734395065,-0.33004263119692173,-0.30023076611356675,-0.2875674038319316,-0.3427821720337102,-0.3301876722928676,0.02185619333917406,-0.09430892297849786,-0.08818410093421443,-0.009428694962140414,0.1779112220481585,0.21029454900390573,0.3431397871543012,0.25153337536167814,0.17264715699330319,0.23698237524096163,0.5405790244394043,0.24854690747191566,0.6390353851934117,0.45746427397185446,0.6729384189098054,0.7019998946126976,0.8553778622517251,0.5068797158563705,0.566230406945063,0.7930866342525551,0.8351402602840461
-0.4840046798449647,-0.34218741579451883,-0.6435351285280044,-0.4121109666126085,-0.6546980020815768,-0.3881978134182972,-0.6485686923517483,-0.34901406765523274,-0.4503777399388581,-0.367560157858099,-0.4797187551611677,-0.31234358313224025,-0.4816719120950227,-0.4288139690762757,-0.38608080536715117,-0.4747166633796112,-0.263373302477159,-0.369867520620335,-0.4086902170010919,-0.20210307148625611,-0.07375129994823112,-0.11672381981531299,0.017390042347473815,-0.0332983606180786,0.047698562028747254,0.14401224512024438,0.2097872582073019,0.14706182912575022,0.13794636969247703,0.1668163070176682,0.4559376701367082,0.539463949899152,0.4884838066180092,0.6105696462057862,0.6789457171536631,0.5253771656156092,0.6929457909508004,0.7726656008431375,0.7968747672925757,0.614237267451699,0.5596307411660955,0.6165789207591175
-0.4714868110290231,-0.4537361391884618,-0.3282108421859126,-0.4183700156977964,-0.48107372677599103,-0.32447798341147904,-0.3933981362732028,-0.4710971449321147,-0.3484709838068993,-0.4769071086197445,-0.3613337610619717,-0.3596562290313899,-0.4880964561185759,-0.32226206066646956,-0.4164070613038502,-0.4554062171523474,-0.36901411682163193,-0.3742414912760266,-0.431912817834474,-0.4535589799267714,-0.3665954928117588,-0.3777540267785703,-0.3300562726579462,-0.3672285624497947,-0.37223038858633267,-0.4699303853678066,-0.3234691310580245,-0.36605298583773394,-0.4484606211134264,-0.43704118164758404,-0.493110688937779,-0.48547870616137423,-0.4456542793019027,-0.3733911716162133,-0.49444559311633085,-0.3658589971104217,-0.48021935880722305,-0.4439084995783706,-0.49101632159051195,-0.3690226998689068,-0.4245538116862964,-0.3946387438188349
-0.7691480185595166,-0.9176076594625625,-0.6492630163758751,-0.5679331034589555,-0.8409689308481108,-0.9189081776757092,-0.9493583193579386,-0.9780307075374991,-0.7676204868122594,-0.90600424165895,-0.5653374883800896,-0.48166720178294264,-0.8150982624625646,-0.5193965272952928,-0.3877445732446975,-0.3381910524527861,-0.3644563192162686,-0.6609774733626294,-0.5802849867930733,-0.20722217040420246,-0.021371112408454348,-0.24242309941743376,-0.32343578521580985,0.1257315871725247,-0.06272366691327123,0.22882170650790484,-0.02984070744841837,0.34146694174085274,0.1636228216830868,0.5157767481144089,0.5590431342572371,0.6173372627623521,0.6385608827993714,0.719675438721384,0.38414706706433,0.3799009818542399,0.7797778786362837,0.683579669530232,0.5358252413613824,0.5205991387716047,0.6386923564431112,0.8410497040109897
-0.6871450136053254,-0.9668732114379892,-0.9142744476299273,-0.8884465140518408,-0.98554039702496,-0.7678896795079586,-0.6198629294539636,-0.6126000994728921,-0.7024488349027068,-0.7489715930744881,-0.8195674484031037,-0.5815426756773794,-0.7784481206796461,-0.7910728268140026,-0.4321945861134118,-0.6902038633268999,-0.6674966348643935,-0.31321263577296143,-0.48853287425423275,-0.26047909764218896,-0.3752713800606983,-0.12301053233810706,-0.2115215885743421,0.16026717723282874,0.09370130226137527,-0.18063797389622852,0.03594117394245058,0.3865219459913015,0.02465230961223531,0.09748212201977043,0.5289667363750225,0.3233792948616066,0.4729054364209718,0.31726682466701983,0.6502827212547937,0.7008364384606728,0.8460308958971259,0.854205271961798,0.6485932481933542,0.5105553666902688,0.5904278280490348,0.6018402366811473
-0.742133866696182,-0.8620531355641411,-0.7494363181306338,-0.5854147209745757,-1.076041135904055,-0.7623902750696505,-1.0377377756615118,-0.6180315467957442,-0.777886204954046,-0.8295979196306421,-0.6722651606109472,-0.44564802917663676,-0.7402345304041881,-0.3981237388992115,-0.6659635004457534,-0.35350050573989783,-0.637084644638728,-0.2382055495788876,-0.16949221867197603,-0.3964542633553181,-0.36006894657794325,-0.24089751025612585,-0.2956682267930876,0.14093724247894773,0.19790930963642042,0.26950713462652104,0.2191172495519309,0.1768578743297238,0.4530502272711272,0.23816662672460734,0.4602339255382223,0.3700504185090236,0.45781979031501796,0.5736675851238894,0.6797951028481511,0.6767551627821818,0.4545052940715819,0.8866504058204747,0.6403489023419362,0.7679417561883866,0.6534276776067556,0.7201577422619688
-0.9570624947548805,-0.9384692903424845,-0.9791540738540365,-0.6808178342167819,-1.0340530013940845,-1.0071560894740013,-0.8085505084241011,-0.9353572471819652,-0.539967600447249,-0.5144074688374632,-0.5891858267519884,-0.6264358336517377,-0.7442949270449634,-0.6872577572646538,-0.6089728909968465,-0.3992689493914461,-0.6189379531510794,-0.5139924844322498,-0.5343413357668323,-0.48088769483586596,-0.47873918564745777,-0.172237169449876,0.07341195842248718,0.058586219526191245,0.033896343563049644,0.16828170457178873,0.3350385295673069,0.22090998725937444,0.46803453963391073,0.3465904658659731,0.22363140798893666,0.6419402479532893,0.49550575382132167,0.538184361628023,0.7221495981184292,0.6743882509748244,0.5780673766917734,0.5524594589384575,0.851130510974575,0.6485706029450062,0.9166963002813698,0.9776691196254964
