gfs-wave-data.json
{"header": {"parameterCategory":2,"parameterNumber":3,"dx":2.5,"dy":2.5,"nx":144,"ny":73,"la1":90.0,"la2":-90.0,"lo1":0.0,"lo2":357.5}, "data":
[rows 0 to 18 of 73, columns 42 to 83 of 144]
0.29082366597819254,0.29726476068579316,0.24888053245814798,0.18040859965861908,0.22354511385746448,0.11201633692030978,0.07905432117469556,0.1034718437537369,0.15306271061126783,0.20318454127160407,0.20720416849449114,0.21321768793051504,0.15720162763034587,0.2842208231637738,0.24108465076316637,0.19632023022291192,0.2257398603735871,0.20196382899912368,0.3213637574097214,0.24101813392638294,0.2515261147363753,0.35297815620818734,0.3416247280187496,0.3566602087780279,0.2389397570125734,0.1812578768212867,0.2574319066222604,0.2178005496030309,0.26237046712206347,0.21913548782478817,0.18129183213481453,0.19315614056857744,0.2746702214849048,0.26713566951889894,0.2856923809171304,0.4519303073936363,0.5538938858800935,0.5985401885456985,0.5238692345543084,0.6594561305457366,0.7330941602209781,0.6523565129922677
0.24617036705222212,0.2550422601719588,0.23361041939733115,0.17106906239379063,0.14897322878341548,0.1457199723468693,0.17162749449745632,0.158143726490359,0.11665597314647115,0.169349874589842,0.10352822873301842,0.13402827927741173,0.12580441177996604,0.14705717520177006,0.1270009877899022,0.2340070027238938,0.274663461421861,0.23615122421071288,0.2957760200979227,0.2632633321436582,0.242246309574412,0.37104830472917893,0.27024536225672385,0.27580009977327324,0.2525225493327677,0.31518267964610347,0.26620763370222256,0.2269234919474669,0.14790966067316913,0.32804584076910653,0.14832511421146277,0.2949820737462829,0.26718176751669104,0.21171740318951526,0.26336865861998926,0.4995655801527904,0.3754209159932363,0.5943822015499721,0.593180721354726,0.5950968030546696,0.5921080536975886,0.7422785471775627
0.29693570946209913,0.2079047079811566,0.21805691749039777,0.11434731499616609,0.1431019798691547,0.13761535395125363,0.123226254159522,0.07466430076642447,0.14623038834168509,0.13559454581758248,0.0956091891758476,0.11544822220077304,0.12700928955908247,0.13691818967323358,0.25116687278675504,0.24450063755160178,0.29735113747571207,0.27749998921921504,0.2696482514380243,0.3026853106466865,0.32787272152727787,0.20590018260820386,0.3007634031043555,0.2696057017118028,0.18542456216949135,0.24580841419326221,0.1768939497965297,0.2858327714575879,0.20553831742587908,0.22102113067491888,0.24911671957654205,0.26797097426868327,0.3497887008711381,0.2750581299403585,0.31145800274398033,0.4038464710538889,0.39478027536051835,0.6104878548084116,0.48913594016505085,0.6154244977614365,0.7441079082948526,0.7229379536856174
0.26468716298481365,0.15769220418956403,0.25918711836190683,0.17257090768421857,0.1476063317633755,0.1901325896404099,0.12187715339908924,0.10333949195584795,0.19633302866790575,0.1658831694905715,0.18058414887943441,0.20626596978262574,0.10502796693029828,0.19717414933766741,0.21496625438798256,0.15616284532651226,0.17608554263897358,0.29642369134307267,0.15468144968470388,0.20160830760367043,0.218366308789869,0.2419672485121579,0.2041827946205241,0.2708330434019984,0.16420887787030977,0.24358916396059394,0.3288956031510202,0.27212141650826516,0.1953632603619707,0.22477108444144317,0.18970621009331162,0.32693318738224453,0.266854764548311,0.32119002007509234,0.2984588154326396,0.3110187682828517,0.48933820761287933,0.49170742142020574,0.5654409383759135,0.6098947663695606,0.5461784201925545,0.7402689462301066
0.23276098692238084,0.19001826533291838,0.1597417477595847,0.24408183849644405,0.12011632748155987,0.19386359084495086,0.10455196095289433,0.10233268849062341,0.12234705424138144,0.08990723209647034,0.0867992736269272,0.09117793328592456,0.09026429400735549,0.16749048027248245,0.14718722263129505,0.24536782744901467,0.11794376556690055,0.2136201937421573,0.3241180254904887,0.32635272852542563,0.21503306370988806,0.16525199122329154,0.35542880173168995,0.2404763072658486,0.22497115914705265,0.2585474663938749,0.17059325283975532,0.20491568987090766,0.25761245509058966,0.27030129309906553,0.2681434769823521,0.2473893706789492,0.1797392596812322,0.24859733791559266,0.34735839931030527,0.35713108987851216,0.39428543267224875,0.5945719506561804,0.4344515268939873,0.6229159571704624,0.5589198354579364,0.6890263790910555
0.17114807285825134,0.2547878683875669,0.10638719509419678,0.13400903614333629,0.09521380822329804,0.12153662080995825,0.1701463052572616,0.07070057484548657,0.12629881788098127,0.0943486517187239,0.09267902863752417,0.08545062812127027,0.12759779378979733,0.1152828901865232,0.19066152377202475,0.23877897882020033,0.23696718059519079,0.20963327108483595,0.26655124696830373,0.23936354986537434,0.30200591807402843,0.15981886429219938,0.24835531572451952,0.21740570384048816,0.20509709677216,0.27162624862247353,0.2554239165272867,0.2528653114590684,0.17678766301637044,0.2728943457348846,0.1962957744238227,0.21786027351761642,0.259623238822031,0.21250645448845762,0.3170123254117386,0.358954004122902,0.49020670052284904,0.5756587369577143,0.5839881320756639,0.6584845563544648,0.629288856318255,0.7064934110606865
0.1759915120099024,0.17762921796432302,0.11603946067785645,0.10946946840946582,0.13771943520096638,0.12029882022768353,0.048204368091406026,0.11983516592505293,0.11363322117965717,0.09762749433745688,0.1340163469211078,0.14853337566915553,0.10491079869160773,0.1398943662618614,0.20567487598655662,0.1727076466731432,0.2256571305999391,0.27916762608909174,0.2708004152529509,0.1438450936376612,0.19590921919729898,0.27050675589138545,0.2670282062002502,0.17124817664095424,0.2024943082254087,0.2258459484514864,0.19027092872345563,0.15232527952752567,0.19470185303196008,0.1735206334989275,0.2780421310529915,0.2114050700072447,0.2322897082868449,0.26865110723708546,0.255740514728632,0.46820969947809254,0.31539167055363226,0.4762758424068333,0.442918270840435,0.523985277352231,0.5793563942199843,0.6365962487662471
0.16782867559338047,0.13010989129009126,0.17475984929621302,0.12734167060719753,0.12942604588442605,0.13086608761244758,0.06777007775020781,0.10222190924084713,0.05475905747484694,0.13147629319863435,0.08469089419820298,0.06523026480354974,0.051742298622432556,0.14639649205149552,0.23329706499312494,0.12820637228579376,0.16306812730714165,0.2762560298983642,0.2602810648880718,0.24978767266200985,0.1505351979490595,0.2954084452957836,0.20570684048767093,0.21352653679511657,0.2501207601228863,0.2110733603315266,0.24900963573597137,0.19537993727192213,0.1945442354785451,0.19469609726682166,0.24341845428866313,0.2370816597429035,0.3059052043499022,0.26748656880015764,0.25884916184518,0.30141080554841027,0.4304112996602542,0.38822820021443943,0.5117230122222265,0.5003386526073139,0.5460901567668949,0.7104109242102568
0.1597754069793006,0.12206631919415989,0.1617048091370854,0.12967176226727362,0.12435582850595082,0.11158368664268403,0.17058282392205057,0.10918903356822653,0.12815375159395123,0.12853213536137872,0.12735736910142573,0.062072453619397665,0.19147392297831492,0.14909799480693015,0.12367895001138492,0.06261407235475563,0.07221252954998043,0.1693968765856293,0.19196760062136822,0.22917186986562357,0.1736468123607323,0.24447598659679473,0.23920458729350025,0.23143449016809772,0.15226300633447856,0.2897656023025372,0.25657943521156273,0.2479693360535336,0.1367930298603498,0.20720672928102746,0.3038440927395231,0.1933023499885713,0.2449133737803834,0.24299873955337375,0.3260814226366184,0.45549419049758366,0.4062451809282339,0.36334944288849963,0.48113974028880585,0.4593233322107849,0.6343239429708883,0.5843257223248591
0.18743211304146973,0.1502893912877981,0.1403932298477094,0.06682956890379184,0.08683822681335492,0.031746889552349576,0.11870397884132464,0.06351981139525295,0.07413829109556075,0.03465833662870146,0.12041154286970983,0.07922826986520427,0.09548462154259169,0.05419051722770659,0.08899428359397826,0.053380801822214274,0.08255442788201316,0.08848762020138955,0.15592858031772705,0.24683654561479643,0.17870702432093624,0.12325789024051026,0.15307023528224023,0.11770354679486923,0.18645629643162262,0.12135857348269603,0.20342441448954596,0.22276947509335912,0.1333144917752493,0.2673442694069872,0.20434975248171136,0.2879851854099949,0.14380579549635894,0.27151225339779644,0.40124607774094306,0.38940511929866245,0.41727811477108123,0.4462648254031555,0.3949436296224928,0.6106831932714586,0.6435528362969166,0.549827908830082
0.26760421030896114,0.16552303217645842,0.15930041566393466,0.16121087828830238,0.09111484465634027,0.07880431977271031,0.12768240964449518,0.11304086473164336,0.10361304784200645,0.05401757571802813,0.11278243283595014,0.02497283511287283,0.16949612861549262,0.1266749861289738,0.06334935639613937,0.0452197027130671,0.15191369597283427,0.10362260909434719,0.13494531868994503,0.2139237069129118,0.17440447264218356,0.18783671897536486,0.21444110656679274,0.2695014608241465,0.2275585892233559,0.19086025350756997,0.12601341722449633,0.23818910092669757,0.2080301704408848,0.21717913134765243,0.20099612636927797,0.19761519903883046,0.26477325615365505,0.2594424368240183,0.24424466864480449,0.4256846839326267,0.3782851570059629,0.34751188357684,0.5218934333080772,0.45602186860698707,0.5989363883581813,0.6479525272562466
0.12933313991430018,0.1300206662648198,0.1384329850451205,0.05765872010218431,0.04225336514771257,0.08692159906749979,0.04730084402787757,0.07615419624833464,0.0811122408220923,0.10628266177239248,0.03462133953134371,0.16292728346476695,0.1622719982631099,0.04535974443187771,0.05274797395968139,0.046231289585892406,0.07928900238766891,0.22422582601805,0.12361688094911337,0.12340196687113275,0.25605612083430895,0.15922687418586512,0.11304529571541716,0.2204629014611873,0.22033342794969957,0.271630184823072,0.11631748093807778,0.14757116106403415,0.27852455357528755,0.15398489747339392,0.10748262091113238,0.13359532447750305,0.17393266824434644,0.21919361383374145,0.3217087688659125,0.3032160865705975,0.4762925097738161,0.34398755411294774,0.41385936909317633,0.5371745074591419,0.5566859661161226,0.538531008401353
-0.15863186406887272,-0.12656845759819144,-0.024045720919696954,-0.0538122192541643,-0.183823402326604,-0.1327167455801031,-0.10263241376239692,-0.1378376578500304,-0.10526676100524154,-0.04661453692717195,-0.07323134575581466,-0.19348180303206422,-0.10727059430797393,-0.21342553076289886,-0.1004007735443668,-0.14393559177656723,-0.08219086122261232,-0.15875323745524775,-0.12530218889913416,-0.15089667542832266,-0.04083622035132674,-0.09328888379450129,-0.0581101664145774,-0.07073803131623434,-0.13789001275122173,-0.07541998778718657,-0.11395841371481207,-0.11079458654939024,-0.1418180935057954,-0.09533616052720602,-0.04230764837609316,-0.1101779228983696,-0.18890316363449955,-0.07758703568627467,-0.16112529319772004,-0.05080687976397386,-0.2047719846528714,-0.10849201000726476,-0.05269745376744199,-0.10225504057990252,-0.2128318598002087,-0.1732218088885605
-0.024189855170431977,-0.2038331649866525,-0.09486919666368598,-0.1275446703057794,-0.1066261183903953,-0.07137379918256428,-0.08361702766749292,-0.12279325583409287,-0.056684752278605255,-0.06704873609510476,-0.027684038137962032,-0.20306476785848257,-0.13261371951895515,-0.19461053897823458,-0.1630254182220901,-0.18647453916859813,-0.0235696588597045,-0.16117567253324105,-0.18501367701840749,-0.1655582520545412,-0.09208766097785201,-0.05358972250552807,-0.08362171868884827,-0.053037394502436615,-0.2034988808864049,-0.18902907241903463,-0.09661628702174137,-0.06830656594883545,-0.08933588761833791,-0.1733275319273449,-0.19379533135563765,-0.15863378082116122,-0.1891315208611189,-0.1021936400628774,-0.05444439602376273,-0.03678846229677556,-0.11018785068076188,-0.09723854883552248,-0.12586422706146216,-0.07615966690068582,-0.045869770701563894,-0.09081742081485042
-0.08823172520820446,-0.05188593019488646,-0.19281086095023475,-0.0920279244672216,-0.18457070639573062,-0.1284220002590056,-0.18510510322507212,-0.09613232227105072,-0.11658149841418278,-0.08296981413903504,-0.04974603140289439,-0.026305702568859345,-0.011141766023169623,-0.014542153512583818,-0.13663370487146229,-0.14020865856615058,-0.1662712027221806,-0.08919135721308394,-0.11173202480887277,-0.20285063388368602,-0.15727545342342106,-0.1766334111300998,-0.16366358579115572,-0.1439562454393152,-0.13957549785004914,-0.1310229011299504,-0.017512188740796516,-0.07309325893456821,-0.056754889723816385,-0.16995335654431926,-0.17352077613985428,-0.11087786232658771,-0.20552556831559407,-0.09655541888477251,-0.1528984826848703,-0.18467197447233094,-0.10364249631552616,-0.15524624880743287,-0.15904600876890695,-0.17814583553694882,-0.11996411226088377,-0.1966123023492663
-0.04179933324673835,-0.044475685519788255,-0.057939603914377476,-0.15477244849041008,-0.06365888847199713,-0.020334994454745722,-0.1826042183948704,-0.016188883319686126,-0.16566757012155947,-0.07818575609294467,-0.009676106394400558,-0.18501829583316268,-0.14998522087316218,-0.07476778624958114,-0.06688049886406207,-0.09010694986901151,-0.058096846089639255,-0.14824253510971003,-0.14400136424168936,-0.051887984663462026,-0.14210892149292942,-0.08260842039518312,-0.11628038355955213,-0.01749512001082542,-0.1445045799541657,-0.030420923595581805,-0.14831263333454953,-0.13460388302385246,-0.04064885950802535,-0.18763288729910652,-0.1451280534714862,-0.09838904280582106,-0.135640138866758,-0.012073846269515775,-0.09597465171929417,-0.03181487449280721,-0.05260184841564862,-0.021644462575762986,-0.07571656870939694,-0.09921072696292325,-0.07747760226681612,-0.06683320729961588
-0.09902710315509834,-0.19406596978011467,-0.05835886576143879,-0.18269824589536562,-0.1423507151839832,-0.14984965062843342,-0.06016371900733919,-0.05524847074912403,-0.12836433709233017,-0.13037865990170702,-0.12901493008865392,-0.05619207096628735,-0.013568898452895497,-0.08165021762873408,-0.0254239508897887,-0.13827694828483156,-0.12534435173614084,-0.12431893272059948,-0.14856965644708672,-0.17031910249438983,-0.009953983302407272,-0.14137073154766983,-0.19084910534581437,-0.10309812306980229,-0.025879315625116184,-0.040152640441544256,-0.03893094640795916,-0.18293373847451505,-0.07344018447912584,-0.02587520991880897,-0.1723573707056091,-0.09915250542281823,-0.04283560671893237,-0.06863536029888029,-0.00890674659916016,-0.08308566690718565,-0.15460294283014148,-0.15631484230391113,-0.1450618158951197,-0.13781683395786698,-0.08919514836678347,-0.06711819898171945
-0.12985871108417965,-0.03769377191934123,-0.15352153924775375,-0.03408208655158769,-0.19394883245929131,-0.09283797267057523,-0.05354151797165562,-0.14670867370408106,-0.01566281143986892,-0.12833720688060798,-0.08278826328597591,-0.07951954317695781,-0.02881935753474134,-0.13672194103364785,-0.014391529232018823,-0.18622181963362833,-0.039393011103177326,-0.01048867833959734,-0.1223748975177325,-0.1138677816911449,-0.12489223460274351,-0.11039204131150988,-0.0274227814034785,-0.1972293568228178,-0.08264257791259416,-0.18057649566208886,-0.019024278901560936,-0.176854894293033,-0.19128229791455256,-0.00247149373427385,-0.021676919711392188,-0.1597172483863279,-0.03183003261049063,-0.14980974626037544,-0.07374112731059751,-0.043811862528798526,-0.0942263924299171,-0.09104601986344449,-0.030865718443916272,-0.1694907604574796,-0.06905146067768861,-0.0008042433504460356
-0.023356559220168813,-0.17354395759706256,-0.15818146147769915,-0.07696319728910393,-0.1599290094063912,-0.0937873623587694,-0.09219873217589394,-0.16810069835313446,-0.0939557765486915,-0.1870476676678193,-0.14199982261566013,-0.1125663896324963,-0.02418355180120764,-0.12181756944778489,-0.13995854493081122,-0.028307207568815,-0.01318112753728756,-0.044454186903478715,-0.05854879017056647,-0.0439872151409936,-0.0621387636582705,-0.1099251302107741,-0.1386877653149109,-0.10121275374177977,-0.17218440763744017,-0.15679538536230628,-0.10066882272557083,-0.10949884732822568,-0.03303399810726288,-0.10352350787358963,-0.06958717014575705,-0.17876113191687915,-0.07804835557287945,-0.08954792533143521,-0.15764394374720625,-0.17308913832225406,-0.07319474218256165,-0.06661966300651997,-0.13339279301095125,-0.04121675223120589,-0.053284272960536685,-0.09843187121245639
