gfs-wave-data.json
{"header": {"parameterCategory":2,"parameterNumber":3,"dx":2.5,"dy":2.5,"nx":144,"ny":73,"la1":90.0,"la2":-90.0,"lo1":0.0,"lo2":357.5}, "data":
[rows 0 to 18 of 73, columns 42 to 83 of 144]
0.4677873303117547,0.31213777401606374,0.23179626386757846,0.23920065244250796,0.27614044164090107,0.2738663076788797,0.2863474767378541,0.27433062607638337,0.22962554111231642,0.3256690114928443,0.19040599902503627,0.25925174111093513,0.33323505174699364,0.2607161037632344,0.41123089870471474,0.4035429337872362,0.3898320747236118,0.3811930860047875,0.4470056821548743,0.5196699493675965,0.38261774052433584,0.44498255697679473,0.4147015537294315,0.4560139058459155,0.3507776424173383,0.2973611052224768,0.3890432321013391,0.2509254152569293,0.39229564214094453,0.3170278323055484,0.3392388843565426,0.3878101955424535,0.28055521564089014,0.36981638605007117,0.48699032565476763,0.567427325108783,0.6234855458831448,0.6886518228761201,0.8272440151515429,0.7839270031949144,0.6818047750660526,0.7520039460756889
0.38309446365345873,0.27298641752437336,0.2340670512026363,0.21685747768630528,0.2509237284871483,0.1602402258019032,0.18549787052696057,0.21597123792156628,0.15910796021513876,0.2606814002928257,0.24701661422416085,0.3528884699994553,0.27778466705063376,0.30206714658101225,0.28523132748747937,0.38095529072008155,0.4527675105631352,0.4028690335158051,0.35267687275786624,0.3781245546856871,0.3569988737170381,0.3554042272118521,0.3753833717121698,0.41122997469339495,0.4483212154592055,0.3065355993519458,0.24708059830390489,0.30632625098956406,0.3365388581198574,0.34122713629953644,0.20999504368018435,0.2604863770244408,0.420924373572603,0.2860929408199348,0.5066300664195708,0.43560677838940576,0.46136235901995143,0.6043779539184093,0.680267551958107,0.8499206844863672,0.741388491609207,0.851286969162193
0.39943260379934215,0.2846483613141504,0.40333501301350794,0.25169236498794967,0.16296793378132696,0.2186786737658492,0.17770614681119415,0.21752232376785477,0.2364893455025218,0.15141979075760148,0.3306399274316094,0.2873098833804867,0.3465842434647551,0.4020466160893868,0.372497801569817,0.3156928636080635,0.3551648315811498,0.34226787457435526,0.45504121654881957,0.38168967443325047,0.506656761799052,0.5088659258358349,0.3656093466397325,0.3769068313746701,0.3470382957119756,0.3740387573579433,0.40843690731537474,0.4033379611903131,0.30783101200711926,0.25644548824996577,0.2393700990151815,0.38922587605278186,0.37212542322694986,0.446770667293321,0.5016246980939886,0.3981330082592325,0.6682967931036287,0.7782579413964553,0.6538486954947821,0.8004266246034664,0.7710494922205462,0.7487023652787802
0.4570143155469216,0.4046891955051044,0.3633105402508512,0.30012283395973594,0.23832095946421852,0.22328239039075426,0.13208708877463646,0.1936312547334572,0.24245825521241254,0.16870080619990113,0.26286093214750966,0.33742408906817317,0.29037961985664107,0.2816134065433778,0.3137036146550885,0.2891057121856169,0.37733494937115103,0.37843084163746654,0.3661156543732508,0.3851665787749448,0.39253666210447397,0.45625601686062484,0.4351813492569327,0.37255884683225454,0.395004510643787,0.4682908347435147,0.28078817262203,0.2829871648451092,0.2573690274931381,0.3629576013664105,0.25015186137598033,0.24573495972873818,0.2512732232798369,0.34551629923023947,0.5151274280275173,0.5048287475226135,0.5092480495784272,0.7177360166452565,0.6910340505548379,0.7464104580409457,0.7117353159745041,0.7343371790339464
0.4785209699843846,0.3465346556330054,0.20355285596888353,0.3502452181728549,0.31697874295892364,0.3258993415076203,0.18625318628113058,0.2471498952304492,0.18880080492664042,0.2096677312147202,0.226632803945602,0.22999567393428244,0.24469282823078847,0.2726080818618622,0.36709654404422654,0.44721316941530775,0.29697553590650194,0.40168233581698626,0.4864431906044159,0.40009289028685435,0.38772243292682146,0.5167535166382577,0.39702745351548496,0.3679180755467734,0.41079998603223666,0.39209296332425425,0.3364808503685573,0.2732521449280859,0.3096800951125642,0.2832156902126961,0.2842475184429887,0.2722765426801488,0.2962483481057549,0.37425796894599633,0.4335489374510094,0.5780945780332887,0.6074711620853944,0.6080737684666173,0.7244146857655219,0.7758350936268316,0.7979891410245737,0.7738795698311282
0.47852767159281623,0.3948836358300544,0.29229775968245114,0.2369674676806501,0.15969132568879088,0.1805920921315728,0.2786653650076654,0.24642084707101752,0.2429284288206445,0.18449124099694933,0.27496410670770816,0.2747307944962627,0.23715020123942662,0.33810690669221893,0.30670451207981986,0.2989333197337949,0.35603097172158177,0.48382031192964225,0.3802698125470526,0.5049463807907315,0.3493298642364953,0.5017465313905726,0.45820248644064343,0.3868121636512279,0.28693331090107776,0.4525418665598425,0.3791709848169713,0.2721440908398256,0.3633950326032157,0.3794517314592588,0.24107571476130576,0.3587464820311699,0.3558362230667841,0.32098770878593347,0.43382829761168157,0.4560542517191603,0.5614220668817534,0.6666023456977638,0.6908281266472887,0.6375760695498316,0.7852928176328674,0.7736918263716556
0.43929512102129475,0.317321801051777,0.22102602665209334,0.31472331127035935,0.22991127520004237,0.18785187675157242,0.25480667839865695,0.2373904347289628,0.19895056787767035,0.20639556829461406,0.307348949483767,0.2399454136798305,0.3124033420147603,0.3556360084761152,0.44765501889402076,0.38397160014649634,0.3553724244796197,0.4622798101022012,0.49607440791963436,0.3588216705050412,0.47332976093893636,0.48561113298437275,0.3412173522699772,0.4042804488329085,0.33044529439731224,0.354126364554997,0.3124908417215985,0.22811130070036484,0.19151224573410716,0.2625367710409902,0.2844500349588741,0.26827848141764893,0.27466011922313005,0.4713468598801252,0.38302490056243943,0.5119169713260127,0.5750885289438548,0.5509267233750318,0.7862412944254779,0.7609375096164605,0.8400462995454081,0.7165423040883503
0.3285422807337136,0.40139403588357647,0.33828808782396863,0.290247656130481,0.20632722479567067,0.3170069029286712,0.18993898479438226,0.23292431355924428,0.24615572180708836,0.24281084601558817,0.26075490196113743,0.2926593550799586,0.3353435541895021,0.2444761697857787,0.3763045077484768,0.3524978974719659,0.42037015677747963,0.4542012583286682,0.45068834054899365,0.3991600814981602,0.4091738440160175,0.4183427692989531,0.3363428687398259,0.4348069232431515,0.35370745846577684,0.3087117515419524,0.29776857338010776,0.2233416475159202,0.40596597898381814,0.33489987437786134,0.3158509189553219,0.37050491947438435,0.3189199075574418,0.48071725661494047,0.34759082274219877,0.46605614930075084,0.5255709063160808,0.6604358807144218,0.6857350794093203,0.6793671304576305,0.8031915817374101,0.879378022582457
0.33578786784746206,0.36317455985474795,0.22545583269106254,0.22159245298183833,0.22594117223233798,0.17904546500655505,0.19694176759563273,0.12109519146768608,0.169519213980524,0.25197796820075047,0.28806327540112936,0.2644836510377484,0.34695369473289733,0.24900648762251504,0.35508220015629033,0.32483622469691553,0.2712554368671372,0.33388638328758863,0.39214964274789527,0.4325603520164028,0.47434519879561987,0.3798269667345032,0.37345486181673776,0.30178539730177734,0.3768910304978162,0.36364205692328033,0.26136892403830425,0.3786439709796037,0.3520086916328009,0.3620327902071209,0.37904572493925337,0.3252271955259978,0.22441171790688458,0.30768651234870753,0.4420905085626245,0.44841437748945007,0.537439097265924,0.555141198529196,0.7030848121269576,0.8323247924192042,0.6665845260443332,0.7872830256497718
0.4148636850575568,0.3432043881511242,0.22557567774538725,0.22939965100052276,0.20833324240515774,0.13366450063793348,0.17791175178436047,0.21830501601625463,0.20889513636427448,0.18499167518427154,0.1818023837902339,0.2238785100023583,0.2949028859390056,0.26089105364808457,0.24877926726586053,0.3912964957893732,0.274930972756802,0.4134650068676596,0.28960167055328995,0.32679293805832205,0.4150312058673008,0.283944536702337,0.4494983834771354,0.3285353063198408,0.3986905085194557,0.36209403906832155,0.39121515515626193,0.33102511700471726,0.32528962881110457,0.3913385120191979,0.3785147970064684,0.32095954780610814,0.3245075660473711,0.3345146891653746,0.38205762167387586,0.5604114161979126,0.5059684808411329,0.5354338825336558,0.5381597108054191,0.7306958430927929,0.6805846630105229,0.8860666988215956
0.3483673396278031,0.2606669037782108,0.26021275932987387,0.235180860908065,0.18280156014665608,0.1918442487373784,0.23580332248239375,0.14722402221123512,0.14298063358553897,0.23401391975636956,0.19459100405844518,0.17629588008221048,0.2946584374885376,0.2335067977486437,0.235923573210447,0.31485802500481497,0.2942341692504644,0.3982524043658445,0.41183031739041426,0.4234799212149861,0.38469710330605267,0.4239407715881842,0.2943760619743829,0.2988611772893014,0.35995092519174265,0.25309567460260146,0.2538189291908969,0.3200250934839007,0.21967464740898945,0.2858703814873058,0.29751433494195273,0.43999271106875554,0.39742019140249946,0.45491951746318954,0.4326923314859599,0.4296578393629336,0.4719090120467936,0.6239752608449475,0.6201715252360736,0.7755518425595755,0.7530773740572602,0.8225287068560062
0.32914016537017643,0.2811950000295314,0.2599462091075777,0.17874381993910912,0.1869610008210819,0.18244286636519333,0.1155966004310223,0.14426122455638413,0.12913991860898838,0.225349902642792,0.1940144255677964,0.2248103922654376,0.2031326744523471,0.19495174593489126,0.2809820618688509,0.2917327420855624,0.35438353559282093,0.43788275968651785,0.328326888758137,0.32482945028987875,0.31594500002042525,0.2804355626991214,0.27176470414765236,0.4112931118560536,0.4492928893006756,0.407885518083236,0.32277938994351674,0.23736632256822449,0.42004448276367706,0.22409050666873895,0.3514153893585271,0.2668013352843456,0.3516569015874937,0.34496246073098447,0.5308302630583792,0.5543801052050585,0.5675454438314318,0.44172794286821143,0.5876446951858993,0.6668229993747767,0.8099465547159678,0.7820360708054891
-0.3285337045276279,-0.33254313391591234,-0.42426015557673236,-0.33863110101059757,-0.2288265088053619,-0.2277685393556999,-0.3077615049981266,-0.3547774542956812,-0.389444397835705,-0.40657506310420355,-0.4120736884678744,-0.3662046695597716,-0.3673829760860433,-0.3597550875103601,-0.24458163852996387,-0.25731234177555334,-0.2454029926018534,-0.4120604679099809,-0.37340344664496194,-0.26364351216122894,-0.3128690275410159,-0.25694865005242684,-0.2545414492029046,-0.22815292158281575,-0.3448790560999977,-0.22737548058421728,-0.3403671580396358,-0.296565691552176,-0.3172820322632786,-0.300208413580125,-0.2615784867768425,-0.3024390091407692,-0.39318854093840366,-0.3172483975520878,-0.32955546643881306,-0.3952543423754135,-0.39423091091694296,-0.2671325864812097,-0.30330332720715586,-0.27773853671643883,-0.3056821779241365,-0.25529011731631146
-0.3443943784118832,-0.3915472905716597,-0.32015916802685773,-0.33444346343810216,-0.32325841993362747,-0.21958164001017236,-0.36190055242211555,-0.24677070945706636,-0.2873463384324586,-0.34277058946464917,-0.3578949264122525,-0.3351608855620546,-0.2955042613034112,-0.39831782658356263,-0.39191549581921276,-0.35526880560185065,-0.22425204225996717,-0.39493204020465755,-0.32173350267390555,-0.36422556888273155,-0.3405574239498067,-0.2814307404387972,-0.2789258248673593,-0.34296193874222836,-0.3434632865230769,-0.21623624431293373,-0.4093450231692181,-0.32877086167555747,-0.2916953129012634,-0.30203558421615534,-0.31672227387293744,-0.2727541912891295,-0.2678173045617862,-0.24056302985311426,-0.35673134281427743,-0.3099214766758124,-0.40744728023291993,-0.40364101900100385,-0.22027293591864877,-0.24195756794099432,-0.26255243284488317,-0.24407066916898543
-0.25883515933420304,-0.20651774300375159,-0.33953048018267773,-0.37745044413904394,-0.21832904047420124,-0.3035813464821873,-0.3981392644193945,-0.2239428418035944,-0.36302780099197546,-0.23616788570829342,-0.26431431776439795,-0.24699407549563956,-0.3339727410499377,-0.2202809530921753,-0.2988515715905579,-0.20289909405738282,-0.3244834146659992,-0.3623489051064102,-0.21048173442871312,-0.3376940062234806,-0.3835039874714133,-0.3296061433623496,-0.25576711582623235,-0.31793536884225626,-0.22722061302595917,-0.26203259628449643,-0.26133677900692726,-0.3773828053271223,-0.2779724282658058,-0.34630771521307374,-0.35322117539000036,-0.2728555016935403,-0.37334646504332586,-0.2075965408068977,-0.37284797334158865,-0.22562819752085567,-0.2815577105510717,-0.26196933349509954,-0.29216000331061937,-0.267707429789325,-0.2654442235604689,-0.26137591964080714
-0.38465728156200985,-0.2605297374792502,-0.34337634875226675,-0.19957132587246545,-0.36333160616851956,-0.3337002651504,-0.3183761413964577,-0.3533280809550975,-0.2492490374681329,-0.34278988752589923,-0.2991989157545146,-0.3512231957079272,-0.3790869272739776,-0.2916714738501985,-0.3504351210048956,-0.36771844343516646,-0.23455839982906973,-0.3292651574666114,-0.20886642700954175,-0.2862675451333917,-0.2397713264624254,-0.27164301161758764,-0.32759837113676615,-0.2187948056991034,-0.26400761243244825,-0.3595445340019536,-0.2973817955546504,-0.2404207209858675,-0.19481016714423852,-0.18871214682549525,-0.32647885524785136,-0.34613281556923964,-0.19682605175668272,-0.3117472098144572,-0.31709526589756026,-0.3569531707503592,-0.3175429415353872,-0.24998094480361333,-0.2585883722007501,-0.31315220086249107,-0.25686418411119394,-0.2595490316222442
-0.2176216969828267,-0.3606175935951509,-0.23265633633631266,-0.2948464537776672,-0.28228313679492945,-0.3527308206712065,-0.26410258926743424,-0.3294309575267524,-0.30051884098013665,-0.26933168536323054,-0.27130297774393314,-0.18544613616574462,-0.2679026572188586,-0.2599734662299281,-0.27045129246001826,-0.2636787768925915,-0.3134591828384517,-0.2613869580077995,-0.2674702897958347,-0.3502181695391781,-0.28636467016864803,-0.24590349336725267,-0.3405758669120238,-0.35480241176776667,-0.285743475086868,-0.20875172664452088,-0.2518094700316824,-0.2368711115307555,-0.17784402338792388,-0.24835708219410074,-0.20322640488236157,-0.17679267938694068,-0.25140505329681084,-0.34415938027654336,-0.3599688193291429,-0.20099437413113735,-0.3241303887413265,-0.3488051171804202,-0.23417958167774638,-0.2739895430898715,-0.35604720530692124,-0.2513313759641054
-0.31423433216160856,-0.33776060969887584,-0.2931829520987319,-0.29192792127305356,-0.319300579391356,-0.3022306353771953,-0.17268807150796592,-0.2990251809869406,-0.17425347026553678,-0.33576008154836556,-0.28914727671641804,-0.20623786619055537,-0.3353782621380966,-0.16317633959098615,-0.30696959537755564,-0.324469895951522,-0.36017336421044127,-0.3569003224775511,-0.277130721229558,-0.16551318078045882,-0.3208894901433329,-0.29481568322755597,-0.29140662055235117,-0.2615593204476908,-0.26883975507753693,-0.21192158419767668,-0.24906928468093548,-0.3242508831009817,-0.27388914844444073,-0.35934005842064964,-0.3039236751150478,-0.2635591125487441,-0.34071567871762076,-0.32610923522765684,-0.331820099804274,-0.29924213551928924,-0.23532187133450433,-0.2703984839415834,-0.20295042747002043,-0.17681237196784064,-0.2726857779784816,-0.20275225854296003
-0.3436152197440819,-0.2896800597694439,-0.27128294652554236,-0.31826712907095284,-0.22322411514384238,-0.1871745128970447,-0.2202684101691805,-0.2291328620405247,-0.2103059300633271,-0.3415743926323685,-0.29670821705806405,-0.1658049211992474,-0.20039957415803347,-0.3133882611011537,-0.22361452270819568,-0.20128827959908174,-0.2933270460748481,-0.26595952890580404,-0.1856307463205207,-0.1676648297642789,-0.2954722276921062,-0.3079940090340817,-0.23923114854780592,-0.15060141181571032,-0.16557174956547813,-0.3420816780324354,-0.3184540346944934,-0.29425178303235977,-0.24037882793107865,-0.3170142008261615,-0.2746539613229917,-0.17673866172778158,-0.29653118962210706,-0.3277514423677785,-0.21327272090024768,-0.15134740826313273,-0.3308888307312137,-0.20482939154764787,-0.19247687606936495,-0.24141037734609555,-0.15487297682711684,-0.3322432053769475
