gfs-wave-data.json
{"header": {"parameterCategory":2,"parameterNumber":2,"dx":2.5,"dy":2.5,"nx":144,"ny":73,"la1":90.0,"la2":-90.0,"lo1":0.0,"lo2":357.5}, "data":
[rows 54 to 71 of 73, columns 0 to 41 of 144]
2.0259388351837817,1.9134890630306614,2.0825339507042817,1.9731083519362809,2.1497369981994785,2.0338402748609754,2.10455253128913,1.9820633462348412,2.175932199701984,2.1550221576314046,2.052687159169713,2.116624517664939,2.265522374622496,2.1589797468517355,2.2428092253650207,2.1441298028660927,2.1690070248957785,1.9282680789517468,2.293771114182623,2.1612562873657986,2.0618599305349212,2.051599024509921,2.195711519693985,2.2527054238193336,2.3091960662749678,2.5370900990267535,2.439040343517576,2.5197261782094738,2.649024776544061,2.6485344644416604,2.5741821967201823,2.704154255066108,2.6522107035285507,2.7554791081583456,2.6876930502010183,2.6876519963546057,2.7978245335717937,2.6491093932110132,2.653823923945161,2.5782672507913746,2.781542515086038,2.6351335604831347
2.014404270882398,2.071073690239503,2.094065724389061,2.199561023439652,2.093860399603788,2.0513707844473403,2.134581885494692,2.0956460888396817,2.2617065532555265,2.049414899112292,2.160299996050234,2.0800663284902883,2.2221757620228493,2.178215142473083,2.200197525726968,1.987154110642279,2.2104447089420622,2.2474993095365043,2.068874895803655,2.232326301073871,2.308904453784156,2.1059592141776635,2.2017926406959383,2.337535655166696,2.453564726938797,2.426921901962905,2.500581838478222,2.351665571487891,2.7238593299676164,2.6169791997010443,2.604541535884795,2.629733089798184,2.8291536710118343,2.6952146437954227,2.7817885298987286,2.6951864609015845,2.7839204233675097,2.806986695768588,2.7015765200133806,2.663858015537724,2.6708448473676203,2.4938301361501813
1.9906192456188565,1.9614683896821814,2.1313276583159166,2.047289055812269,2.1314194873051604,2.222513434067265,2.090349868064972,2.056247608418448,2.190089009255018,2.2580779752118296,2.0615937335632535,2.308263126242867,2.300886380352949,2.2746694538348033,2.3378052443171,2.23822441705991,2.2851652437228576,2.269851474579776,2.2315915470483314,2.2602469988308207,2.48793307519656,2.237804571446488,2.5153994564999675,2.47131107638824,2.3841499188538497,2.5140497524303846,2.5708618792735556,2.4590178800359945,2.3387203262854976,2.5122193490433626,2.650048752813423,2.7508142790043615,2.6656454482514533,2.7213501296969693,2.7818442507407086,2.7492764152208697,2.7077641033169835,2.6858082459991617,2.6797182025509274,2.6328215883853003,2.7667864293183997,2.5111011187703802
1.938693920870271,1.9617056989103907,2.0512058848359773,2.052759143410338,2.139545267676588,2.072102885282357,2.2606155440739855,2.25886806772118,1.950040603172576,2.139798521138921,2.2050204939917717,2.231133884316171,2.101248716950167,2.0467012387428363,2.322466283931051,2.2669160565192104,2.2608820989834153,2.258602130255357,2.267124571407772,2.283643740326855,2.039514615198664,2.293541786531059,2.056418673235855,2.6018165067517693,2.5614217457414465,2.3146386489313384,2.3254126088014635,2.7393550151696795,2.4730744752577487,2.5452752448080886,2.7993516089568637,2.677220260833264,2.7180091749455255,2.7139807711975266,2.865163496902329,2.8145427298696526,2.703783551818643,2.693619167769068,2.740035632052315,2.6263661130265263,2.67861536808902,2.571209295399163
2.0396951292128143,1.9557592470783955,2.1591047301414616,2.0948566050855426,2.1168639603169317,2.2449235414803637,2.2457651458216183,2.1280022303779362,2.189428072766692,2.1733880208637055,2.1185594136313117,2.128409927545861,2.31458858906135,2.295234211392377,2.311656831478456,2.1796324763908506,2.196662435300883,2.2469262007161572,2.0337937666209314,2.3618997403766944,2.4558316481404834,2.5302698590726895,2.219582685220581,2.1090615716543906,2.4864622801434146,2.610999926454402,2.465816546237288,2.5360585535160878,2.427140877713561,2.717162753815277,2.6451619404175246,2.5893883216851963,2.769885279645096,2.7611997485073716,2.861545881059246,2.8629348404238804,2.838626695076756,2.7836740130284636,2.7254813215805522,2.7323635853616492,2.7736400513753745,2.6680162701668464
2.0527902286452036,2.189894665375399,2.0500615720881306,2.1741435866555943,2.2780127665508667,2.0308666772145134,2.1434808198942723,2.3478063089611116,2.1829589978572046,2.1739371299410957,2.2033586294657646,2.301995871602093,2.201192151382126,2.200986717242524,2.0640019745937,2.2794628045695755,2.2564041736015596,2.101884820013612,2.2126290358476224,2.3718663528276287,2.341583443925147,2.345517176312402,2.5156956043361443,2.256655657037149,2.562725263357453,2.2926314442804783,2.6485968115512564,2.6412477159457786,2.5121893763842364,2.5755203061967906,2.6999392109357268,2.648825927077023,2.68575157255652,2.713133665080915,2.696271615782554,2.7690061265398325,2.6909870393437343,2.840529862440076,2.8529141038465013,2.7914846293159927,2.6302340486555744,2.643564449727892
-0.006629857715967351,-0.0342863506052658,-0.046930475730776355,-0.03446118777827173,0.05986739536425441,-0.013159981099135699,-0.03058677806447601,0.033406681400218415,0.02969761314167399,-0.03268736537904506,-0.0512048360585525,0.04756278666334737,0.0043992078182365545,-0.06364521002711566,-0.005369308562432055,0.012681371373364251,0.0157101746382739,-0.004280441275264917,0.02267467404561148,0.03007842733694644,0.017952766370885016,-0.016252876797594483,0.06676157989490433,0.027582307904919185,-0.012648309899939992,0.04961279875772111,-0.03578088023648087,0.004523676952817947,-0.05502289089876646,0.0013045581140599019,0.000891108784755506,-0.046286326169746546,-0.045244401756695536,0.0390770862903554,-0.024914371478685447,0.026272139927130338,0.05759024960628787,0.007049102633586315,0.06671697761001104,0.018723770917125272,0.014178847134489306,-0.0344528142370356
0.4966053757359148,0.5452985452482834,0.5288439712337185,0.4412951235849452,0.5102244256689841,0.5611843000806973,0.4975653293505463,0.3383742362005212,0.3798018047268818,0.2599430337843737,0.17676893622862722,0.06737501552972008,-0.0999205698189909,-0.12934151715785477,-0.118564446128546,-0.3549524219399393,-0.290168082605308,-0.628046033057412,-0.4599313027733083,-0.5386168320821679,-0.6559281678955577,-0.6868729206181304,-0.6609049752751657,-0.5691480846534067,-0.6600309622523144,-0.7488414718118847,-0.6361971905042918,-0.6197197792780337,-0.5121135161958115,-0.42874731477892053,-0.513826732775155,-0.4530279238606917,-0.3124157554468162,-0.2370518494321025,-0.2052659156006683,-0.09177258195517038,0.07208058925073758,0.15762595805663904,0.10519153819956817,0.23947577780074186,0.369036260793336,0.24028438612318265
0.48505487185189644,0.5784598874732655,0.521628790615527,0.5853315751899437,0.4070403294272314,0.43936968369586055,0.5045959790670298,0.5445749308807165,0.4375410326943386,0.2571972806936937,0.24725595905162656,0.1318820230723595,0.09323771129152657,0.011945051959987626,-0.12355389149915501,-0.2885589173862101,-0.5969226713383954,-0.4098107689668419,-0.5108715905384738,-0.5778492822044702,-0.5501771467365011,-0.6437285919114092,-0.7535828145264992,-0.6665636245328942,-0.6444641013991986,-0.8195161113609747,-0.625994597379835,-0.556907249766121,-0.6213951195439874,-0.5382522243130665,-0.4343066607995829,-0.5253785734851261,-0.3901619245748447,-0.39619777808240464,-0.1703181542333261,-0.14674479426182624,0.10403082547824992,0.1443727075193968,0.08640038276897798,0.21893236254687845,0.35750747525457766,0.33452503413248513
0.45949317363169,0.45254172991862135,0.566759323027662,0.611645068111901,0.5700939818501678,0.4387581466610753,0.44855493085127207,0.4839717677996369,0.35075249637573686,0.28928685266820015,0.2856588655190143,0.0679948551862862,-0.02302811894905487,0.014403294778240379,-0.31142142929064887,-0.21850957705039042,-0.3286843261415218,-0.5336429165503953,-0.5516617852948082,-0.6946075520269115,-0.6304004547761096,-0.6902006996951783,-0.8058743005847173,-0.7579316958037755,-0.6853962245561503,-0.6998348364306617,-0.6562971721475658,-0.5224512750485621,-0.571871938896914,-0.650175059798814,-0.4699242831180969,-0.3182128417767875,-0.32523433273991287,-0.2834168587874477,-0.24599216440989863,-0.0790940845946965,0.0244050283335925,0.18442969677997684,0.11652005505243392,0.2952548975182445,0.2200351020586236,0.35615930531101625
0.5030498369393,0.5834968343796597,0.6198625778868857,0.6402227966128252,0.5369133384388437,0.6854317212820983,0.5239333629852664,0.5134968564990198,0.29759975741425143,0.3055135347706108,0.2596850900080119,0.007360836146128454,0.05628111145568864,-0.24791184296116195,-0.31049411370208674,-0.5046330701086041,-0.5564439494868763,-0.5058279470753044,-0.627047382548354,-0.547931749188315,-0.8246929661664091,-0.5959812455573773,-0.7888513244674153,-0.8607537613053636,-0.7100389219867486,-0.7457995092503721,-0.6821629886836728,-0.5665382378185628,-0.6998089408533428,-0.512411337255978,-0.4644451510591156,-0.5465025811403494,-0.4315865944150097,-0.3270988024364834,-0.1673474248529941,-0.04146988280511774,0.08777691535982261,0.07059690294232226,0.1837283234156516,0.12592670203702286,0.20755696338365187,0.20807608910615488
0.5706096527645457,0.579396638879913,0.6027438072082193,0.6106793355155015,0.5417508675541952,0.5652588872788766,0.551987098840006,0.3777981561861239,0.462022032045358,0.2843332258508594,0.11182194482428377,-0.03292504255176601,0.09986580390522945,-0.10028260459241442,-0.35042121612892363,-0.19901636055942903,-0.41680979873716456,-0.4718668679033463,-0.67386752296651,-0.622987891842743,-0.708469244652294,-0.7740956904144909,-0.6865449664566735,-0.6751608374455991,-0.6909352801203545,-0.8459599234698489,-0.6800470966861204,-0.650335829874314,-0.7405791499526481,-0.5601668414510489,-0.45940375767715347,-0.36201820062093804,-0.47346857301220135,-0.2695770624706989,-0.14342679382403972,-0.15016046489373333,0.011885898809850972,0.10184101793628897,0.1844459187189347,0.21970422543423376,0.3289102625366556,0.23137429059847106
0.5304507405044074,0.560496097605886,0.5319590532870082,0.5429327531811154,0.5117761889730449,0.5803766154163617,0.46491740643041585,0.4709819636859985,0.3339097477285721,0.17488935495986213,0.17479978800019758,0.07445887807830108,-0.11079720482520447,-0.23435928018386482,-0.28695524327516997,-0.29857862437825905,-0.5443898229073038,-0.6401491218021101,-0.5913563307852209,-0.6023916333863122,-0.7611862595439874,-0.6677975982222637,-0.6068868915593394,-0.8301030470179155,-0.6043933055738994,-0.6969439408339975,-0.7704853033835419,-0.673995849211588,-0.6243523468932448,-0.556386559052687,-0.5077595207838065,-0.44495583151447093,-0.34958513539859776,-0.28554104990697526,-0.24269966364056117,-0.0906374328909631,0.016909434455868937,0.1472626223992111,0.16761049788446342,0.18964083247541783,0.22338886457177476,0.30324435529776816
0.5887371706120482,0.5504098874604373,0.569408878301416,0.4819016275424802,0.6071417942526341,0.5821948970371384,0.48533271762803254,0.46265150418695583,0.3472345646877523,0.29692277375136866,0.3071470816113954,-0.006088230266485575,-0.07630959020563903,-0.204162144386519,-0.148062745134126,-0.2706569120842797,-0.3313115755256212,-0.5334245623369456,-0.49421098495936877,-0.6426674780018179,-0.7675313174012496,-0.7315150401635309,-0.8935781598104893,-0.68934135051656,-0.6231842172240357,-0.7540207863723375,-0.7636600450992719,-0.6756648302386151,-0.5267829698413464,-0.666226482392895,-0.5728723824811611,-0.333430855710745,-0.3625863067680493,-0.26114759046424696,-0.1399305838306371,-0.07667889367311458,0.043167401975687254,0.03338151613975362,0.08406405178968979,0.2229046880299468,0.2871026856014761,0.2700124176613439
0.578380196889781,0.5693569607812202,0.5249723920211581,0.6245207547597471,0.47767713290975855,0.5223151580057006,0.4631838344911908,0.503189309892664,0.43019913874585236,0.3642646319334611,0.3007755519309416,0.07882011730135216,0.1423104068032859,-0.20079811781535328,-0.1355636652477812,-0.3432896928415587,-0.40436491276137104,-0.42301823949535033,-0.6909831412453098,-0.6432749700210298,-0.6531219901607118,-0.8019180088053272,-0.8548886425553002,-0.7055904942291743,-0.7165458581537741,-0.6824206172970377,-0.6372778862910762,-0.6015937023445672,-0.6887939465855825,-0.5343282123678953,-0.4787209045226772,-0.4655852507500187,-0.2564505144739738,-0.30184713094691185,-0.09811714498753378,-0.08860180979263507,-0.09901322934582935,0.05120115679632562,0.1590089606317658,0.2777893589646967,0.34115503069867614,0.42463972767989117
0.5976615281408688,0.6120779071577029,0.5701055714110927,0.6045250725434883,0.5951076519702261,0.5888745475686278,0.6017136817767916,0.403025567505616,0.48384748863707233,0.3729858419277783,0.2775180812634973,-0.012660806920796052,-0.04107307902955361,-0.16673430631208253,-0.17682409770272514,-0.34532331966151186,-0.3647976972093647,-0.603724200576949,-0.4678497178858432,-0.5957084921899459,-0.7076659943738891,-0.8441694343851567,-0.713447251077473,-0.8257842522015174,-0.8398344188262249,-0.7650214107187673,-0.8133655368876509,-0.6041642793484119,-0.6067391717275803,-0.4652543345993573,-0.5023034690781016,-0.41432492066200655,-0.42660562497047244,-0.20663232705576318,-0.27485292069994666,-0.1454295523866996,0.03083005372468699,0.10844202370576791,0.12675220954146385,0.15833505251153057,0.3829012476066978,0.287469890417643
0.6588830576182297,0.594004468937071,0.6448939741400045,0.5377360298207661,0.6243818245679396,0.5623904345901626,0.5515805002146063,0.5336262853767306,0.32609957572150466,0.3783066651737324,0.3212765922317531,0.16822523577409232,-0.08520834934891289,-0.13220383451286138,-0.17574728655216204,-0.3609826514757363,-0.43278216352524174,-0.5509153178072566,-0.587282343617276,-0.7414565621687444,-0.7239668139535334,-0.7893659162359642,-0.7521411618323522,-0.7952269715148502,-0.6788879996705125,-0.6573131935612911,-0.7888789824364366,-0.5983771346094398,-0.5278183458750891,-0.6201622125795884,-0.5685895817078714,-0.5331915036986145,-0.4440644404924842,-0.14510391397129813,-0.20040634181307185,-0.05328630182280046,-0.012730480526719894,0.1697366890414671,0.09388082227532124,0.15417426257632516,0.29156801690175566,0.39386077215396453
0.5771439353039206,0.5119600508825387,0.5277138020682961,0.4788620483209054,0.4572961370341717,0.4908234590580399,0.4720381721578232,0.46526482772211075,0.27431493173444377,0.4509143208739291,0.18193185280062513,0.2441116447570599,-0.06644038411220127,-0.10039336956965317,-0.0863369649781141,-0.36411128764009226,-0.5678331446493068,-0.43228208696407217,-0.5087863527912888,-0.6813425329268785,-0.6315995998317799,-0.7676895683299025,-0.6478526389985931,-0.7587096660401166,-0.7249313282282552,-0.747194432976878,-0.740110625051115,-0.7121702886673276,-0.7208311016633574,-0.5899819897969059,-0.6304257004064003,-0.43980227651152853,-0.2913552727969177,-0.3370609105646726,-0.3180228154462616,-0.05788631537763077,-0.076469108503686,0.20648160250953926,0.24164094945620437,0.28607754776740435,0.3325421838848524,0.30297863750633097
