gfs-wave-data.json
{"header": {"parameterCategory":2,"parameterNumber":3,"dx":2.5,"dy":2.5,"nx":144,"ny":73,"la1":90.0,"la2":-90.0,"lo1":0.0,"lo2":357.5}, "data":
[rows 38 to 56 of 73, columns 84 to 125 of 144]
-0.9710938711711815,-1.0881878576467803,-0.9417912068080366,-0.7464359114697474,-0.8879861911260268,-0.8683356784541296,-0.7145561176567791,-0.7360031142931175,-0.5367074111735911,-0.5016524652539719,-0.22627430909286605,-0.16105187579859592,-0.08586011018214328,0.20111482089540944,0.2763083835275654,0.46380242725349435,0.671481553500258,0.4665784270645201,0.6392527661755948,0.5445470702891009,0.7585854195249075,0.5835244263965832,0.7925835396243358,0.5783948164894317,0.7426972666571047,0.5476614505199933,0.5899675379138909,0.5199351916781773,0.4885273241249915,0.4378898951856723,0.2962234187776777,0.26415730539554005,0.2014320599079743,0.13400310999207407,0.1908111884605832,0.11324468378119441,-0.02371543765335517,-0.08335866805094003,-0.06286432689144911,-0.15713383247160184,-0.15839351494156856,-0.17659134208727786
-1.0531151311417146,-0.9959326277079626,-0.8522867556992546,-0.898956178300384,-0.8752512680487397,-0.8701595772698065,-0.6495595973197077,-0.7292843157517174,-0.5362229552065975,-0.4712000460587012,-0.20757948993297093,-0.06471175064893882,0.05841979188204153,0.012488783966468754,0.2164969114240631,0.32794895870588764,0.37895636825787504,0.5110339741288739,0.6490206108408555,0.7238130982513458,0.6720540836239759,0.7268777102185594,0.7019624810596037,0.6013509651253435,0.61263657791441,0.6699122367419089,0.5342220702190701,0.5434240547207818,0.44088263881450873,0.3119478976490889,0.4531385035208942,0.25935492208651706,0.33028167680765813,0.15901764796748025,0.09213252631048602,0.006981948390345181,-0.033508632964321806,-0.0826809565971473,-0.1104143393481712,-0.14718536854488165,-0.2380289156511785,-0.1982358143743701
-0.9521224434522602,-0.9166577231422696,-1.012331051220795,-0.9643090592370301,-0.8006055895235075,-0.8873079016785438,-0.8204696989267668,-0.6996842315053473,-0.5394677444216907,-0.591471637753597,-0.2993478149707971,-0.31035695286295184,0.07373646401951711,0.1564816660436215,0.42027955591350885,0.5004112630565289,0.5549008475948121,0.6660188890732117,0.6589298217133223,0.7794942793690636,0.6835176148929265,0.6221949859322771,0.7987082181643453,0.6546383392780988,0.6328278345390528,0.7476717230933644,0.4710376404609357,0.6451268115435176,0.5351639981282177,0.43295699547155847,0.3424990769832039,0.23227230197755974,0.2496504647912234,0.13482491964357554,0.09886998237316359,0.1103117683982104,-0.07699242443614569,-0.01373689485522087,-0.13965089479868062,-0.10713632070326941,-0.2339358884467126,-0.1540827083245178
-0.8576815799368249,-0.9995691655550842,-0.99426609172916,-1.0595489403131315,-0.9087492723007304,-0.8203548304259115,-0.7740260450455316,-0.8479038200562112,-0.4477159850058292,-0.588650340957344,-0.37127538837317225,-0.3644062704297998,-0.1239093990188137,0.009525266528652977,0.389337729795875,0.44659992556542044,0.5715670077505954,0.6103901677042921,0.6062416332430272,0.6217938555218984,0.6078859229994156,0.650393670570898,0.6690546618006162,0.6891123036963057,0.6663262186072478,0.6947129818713903,0.515586224608165,0.6695239385417523,0.5120051220598495,0.44677343005929754,0.3540096214780003,0.38271672615706404,0.2619981088894713,0.13930604523039958,0.12562501893847056,0.06850225506830387,0.07592835551813992,-0.04377678843682582,-0.08037617899984706,-0.08328995747014274,-0.22918312728976678,-0.15984584045434444
-0.2236596802871327,-0.26988867286522217,-0.36658620900543404,-0.28325330113682223,-0.3148025242156008,-0.23435496269514142,-0.25113166394285225,-0.23934865029359306,-0.21790982809991222,-0.2355007765005859,-0.34179140099318833,-0.21545016056297245,-0.36082434378073847,-0.28836110043542557,-0.3366587146290418,-0.26070558526805726,-0.2938532796227367,-0.34074275716240177,-0.3577847924256803,-0.29502244257359866,-0.30774404375308706,-0.3578934485865445,-0.3209195048842938,-0.24234243544332618,-0.2456212187934881,-0.30596902518153507,-0.2904320162888278,-0.313920380146505,-0.21575841222739098,-0.3725666505239101,-0.3539864613383802,-0.36185478699071233,-0.2569064533709613,-0.38416672963936976,-0.36453233871989976,-0.34530324668949175,-0.31965435823871785,-0.2564226167343697,-0.22016001196031584,-0.38054316604889143,-0.2589947549002001,-0.270070726844812
0.6314178925436761,0.1952403840964814,0.45993590398952733,0.25650347161297216,0.3337073904386766,0.4197860904173414,0.37703726879080857,0.29597267150607454,0.14238113809642858,0.25437540500814576,0.14564014135029174,0.11987563793703308,0.20684734709343675,0.08801155945552618,0.2225053043558622,0.13067719384127763,0.2739401978772265,0.20607458687457816,0.04710520091176273,0.15380291105235555,0.2243456247511239,0.050672198299904575,0.2712159561643044,0.1564657161090807,0.23254672351384076,0.0457929641875888,0.029443952842964,0.06470548405367202,0.22191227454733306,0.11663469141867885,0.20735670466102588,0.19473004473710348,0.15905725436158846,0.04358505084541564,0.17272780351049732,0.07366433378676854,0.21346355914145834,0.27077888598200456,0.17955679277067355,0.22291998014615438,0.163155285802354,0.14921370149101226
0.39796688937988645,0.45801524922483056,0.27489826378463444,0.3730550450016727,0.4333043373186161,0.3722440227770177,0.20259619550325766,0.18286808378815309,0.09152174286656482,0.12718458873027488,0.2979851563500632,0.35058287426202017,0.2442152383260202,0.39558161300745853,0.06275498876738701,0.28183807084945045,0.14250736757279567,0.2781657981315387,0.24938212566529264,0.1868459160481537,0.1843907526679552,0.050226108068390826,0.028826501285542608,0.22205662319735897,0.26554054912225233,0.20576127409106693,0.001280615011259574,0.09643965431314946,0.14342654335758245,0.1559849874297667,0.2500776891344169,0.1996295024852627,0.14223236846461298,0.1324731034643694,0.1401925444637922,0.11237170999761735,0.20507387644804664,0.05191603080103383,0.26798546671666185,0.19949502986428067,0.27241572198529845,0.2354689468441741
0.2457087077444207,0.5532167759377556,0.2153436074606638,0.19349548774273864,0.2798895912283319,0.49496770527830924,0.22368830025226968,0.3495484153012502,0.12899647029342354,0.20874560749322865,0.18621964195574656,0.26097607792056604,0.11803188422002545,0.17630948080390255,0.20101388912462737,0.10723627881409627,0.09989616635320735,0.28550979505772534,0.04591464198698251,0.015101877497842432,0.29101878184595564,0.2967832872790372,0.2188321656428118,0.15286633934821148,0.27242968138168316,0.08735772902989598,0.14984333611077072,0.2638245987585572,0.04216105331799372,0.015030767960507656,0.08826572343034111,0.1000495390466525,0.18991633465788038,0.1697297020315236,0.28244454939646346,0.12593133927509043,0.0922219935303962,0.15641585927087448,0.12132449588959951,0.10989613478841007,0.30463924028976935,0.18231038183893158
0.5970061491087875,0.4243400716227105,0.456390400058066,0.552433028490222,0.39358831202381983,0.5645340859982672,0.2070336319564722,0.4229335524199376,0.22029433015854485,0.1987996492375433,0.19621227524234056,0.42421135976772295,0.3614901996938975,0.34953183333910265,0.08964574656777673,0.34824742358494576,0.2488286561319844,0.38402107074632075,0.01619229154371388,0.06828436515231967,0.3435681810123097,0.0804205819412592,0.11644920902850688,0.028999085984410502,0.10204711603931645,0.23375589310643907,0.17354415470019058,0.07447360026067967,0.11380028956498837,0.1753514198375085,0.20582887319962442,0.25094376947739505,0.2226187161569808,0.11843076587989952,0.2311983384079223,0.044324806652516896,0.29410126544890736,0.22565523388917166,0.22905940199048921,0.17241184512666186,0.2961398945073851,0.3445084366275437
0.5691547177356725,0.5009192690222922,0.4155912548489517,0.5146121158534316,0.5027754775656602,0.3209780709978489,0.40040097390426993,0.45302156098849183,0.18993614922041327,0.3463542458755259,0.14685632207905588,0.12237369342595326,0.29263427644911055,0.22746756014827169,0.27009508320176545,0.36435056146705497,0.07009149061349222,0.2684502840231297,0.2347376143492944,0.27239097281870156,0.021393710038824666,0.19656271521198626,0.01697485725360642,0.11265851164349563,0.278059809734271,0.21008425566279026,0.11929886686352194,0.18626484933386478,0.30627456873160874,0.24381557171230525,0.11429009378652243,0.18804320488447576,0.16385474039039422,0.0668434682415872,0.2504234277291966,0.16910876054983137,0.11421924597007203,0.2429291086757732,0.34389702523308463,0.23391844699231062,0.3407308360013799,0.3461623299128899
-0.45143466964475576,-0.29337004694347046,-0.29128105819617156,-0.34999551782767757,-0.3712326403976552,-0.3349600655675842,-0.4357571610036063,-0.2588371454887858,-0.37481696835155887,-0.3462077492906429,-0.4209262741548315,-0.33610357785460343,-0.3175738568208315,-0.2649905252690762,-0.43045797964511306,-0.38974446674967644,-0.4209521345651947,-0.33620886443817005,-0.37427946383269434,-0.3181667757950692,-0.3334476469939966,-0.2996145962729195,-0.43906940885879336,-0.36852507081071106,-0.39047520765453253,-0.2959258824085429,-0.3127816855815287,-0.44194097991164555,-0.35629248931330426,-0.26009232475026656,-0.30653650025273116,-0.35790096779801717,-0.34178197118528314,-0.3187384091253853,-0.4396131196067706,-0.3386568867529987,-0.37768570235636023,-0.37445189806449963,-0.3493260884815483,-0.3756017852903265,-0.3963018856509612,-0.44401693504695083
-0.3467183329045472,-0.3295033816751891,-0.48076498262721484,-0.617606736498085,-0.393965777888357,-0.5516509821726199,-0.4725687186813862,-0.4702480738723404,-0.30160685596675857,-0.5411103866239703,-0.5530167628148098,-0.4656030615898708,-0.49680709945777624,-0.49694642336642003,-0.29728013471327547,-0.23840414995406792,-0.31105648450709744,-0.15620729274094966,-0.427726960493998,-0.05193652530956966,-0.2897616224504141,-0.2290077044001568,-0.09470163202479276,-0.032626326288044245,0.20032115216414959,0.22336846188997334,0.16948110562892088,0.07492285724107063,0.1012463364879526,0.3263894556724497,0.45093419807017704,0.38690151692733576,0.4281894876722146,0.33528749796758933,0.5807403578867418,0.581706263046148,0.731867350899408,0.8027986076299891,0.832652796865462,0.5336409365946977,0.5535578096030986,0.5005218124762302
-0.6042542660496548,-0.4831908520384005,-0.45418361005139984,-0.5441424744855473,-0.5496662701345337,-0.6108454416436548,-0.5965160227751334,-0.6265257276755675,-0.5677775332691994,-0.6292500751900805,-0.5439733200817006,-0.5199397066948541,-0.537778762859784,-0.2693230762517381,-0.3646330987726404,-0.23163913197598682,-0.42591930617444396,-0.3484056917737697,-0.335685426960657,-0.22607366193893438,-0.061528250378878824,-0.2712175892304873,-0.006654271169443589,-0.10603739082477191,-0.09525605053560203,-0.016708119378914775,-0.004137977239974758,0.17338994122437054,0.2814228664405588,0.2578800572336063,0.4072696972137863,0.37273275151404356,0.28962533929597567,0.4312917148072982,0.6433521962153909,0.7032500503468264,0.7158550629074235,0.7257020417318408,0.7354427067610684,0.8401311545744596,0.8191706159908189,0.7490469557228666
-0.3784484258008785,-0.4622579842350697,-0.3880203755173018,-0.5877434628972835,-0.4891604910070683,-0.44832313655872413,-0.5106072241977968,-0.47171823097381804,-0.6135915006563407,-0.4440808438211471,-0.5634305478033347,-0.30297590955701853,-0.3076886466464114,-0.30503043066659,-0.5230640643858955,-0.38785301261725313,-0.2727091039704675,-0.40797841109962507,-0.24666296546287542,-0.08647793986749218,-0.22297510619476685,-0.30829247394982884,-0.20561506000081647,-0.0818976129150666,-0.030464178872641655,0.05227242810627374,0.01894679929219699,0.19425064711033288,0.05782002587419394,0.2924415739882928,0.26110185520219514,0.3312161111820278,0.511832227415108,0.5159670550101222,0.4920878014138499,0.7289973926165155,0.7960507006255882,0.6035929208182849,0.8464940254615022,0.4967068990566452,0.8608660599733231,0.5461578115838858
-0.35066548681147,-0.31544065649946584,-0.4302605667980693,-0.4219736640241992,-0.3006388740064677,-0.34992108815815065,-0.4796146076578083,-0.4804916536912759,-0.43588187374152515,-0.40117961692674076,-0.29981379210519693,-0.47844822014668353,-0.3879863105289841,-0.4112567208288021,-0.34860529867381373,-0.3393914805642872,-0.46787567628006027,-0.43449880441061806,-0.3990085986927584,-0.4744248684227591,-0.4751184651645834,-0.3775960961288497,-0.28842695319855205,-0.2916430796648901,-0.46386881120031487,-0.41335312533151425,-0.31914227971820947,-0.2996369117205664,-0.2963099305970206,-0.42481113180301006,-0.4134170252006663,-0.28786096476424977,-0.3182923281756463,-0.30375764452755366,-0.30411648819189163,-0.42898908517873174,-0.3254767096135142,-0.33951777257589605,-0.39248217148497694,-0.30561057915258866,-0.3811189716915096,-0.4734333929102491
-0.8577086418401877,-0.9990042503274286,-0.7754899274348729,-0.6804859628129948,-0.7951231268600607,-0.9559834785444193,-0.9965874898566851,-0.7998757394335565,-1.0188245253995205,-0.7060822060876086,-0.5353498149520233,-0.8291409893286295,-0.7690789111683418,-0.5645647430657855,-0.35640999184132033,-0.5341020316159664,-0.6876514902829425,-0.47292541138794086,-0.16254094918107487,-0.43304763530188745,-0.048991210541228264,-0.2420407117198104,0.10713304582591061,0.1507076077729005,-0.0784462857048248,0.04659450698572173,0.06894210238651376,-0.008290378602490442,0.06083380457526763,0.290141773200271,0.43935736818875487,0.18302225652943221,0.5392489558887253,0.47741237942461673,0.4549395951093801,0.5511683816351615,0.7159759696375737,0.5156918009551856,0.8627661667838293,0.5112446160485055,0.9066994203607268,0.6418200834718696
-0.6172850221158045,-0.7310789212847937,-0.7663230986900703,-1.034367350878985,-0.8261212235063687,-0.7783229783688757,-0.9963547934898361,-0.9624716408649194,-0.5986362089191013,-0.7163216096625016,-0.9140853482836642,-0.5824695308622622,-0.7176051691827371,-0.8819962614293754,-0.6601956674960746,-0.5760381549525455,-0.49251508321994236,-0.2441252826193124,-0.14368017072332417,-0.33660079186372915,-0.4094771809037378,-0.21663127722300882,0.06413567117253759,-0.1315741937503962,-0.09620232999585522,0.1806039966171978,-0.0719618681157268,-0.03377095126847525,0.04014706481309299,0.25633136284503966,0.30186217259235554,0.26506703816581184,0.4848109741486432,0.3475865317184951,0.5958418667582767,0.4763022105955104,0.8647161655988671,0.6957901776096418,0.8146499298485709,0.5959967100260049,0.7016074907109792,0.7101895137249855
-0.9588035256523714,-0.6488322612784614,-0.7702781220927282,-0.8777823365675129,-0.8774465618772351,-1.002678700951415,-0.6166490786515683,-0.5491918249553536,-0.5699899551731998,-0.5392994922077081,-0.6296792395476027,-0.8971930910548094,-0.5653735221486076,-0.7392456151151726,-0.7180965218855013,-0.3963037843790732,-0.6291402599563283,-0.2969383532742034,-0.5214643177624749,-0.22341341765795658,-0.345495092331406,-0.29663915362109017,-0.25308055366407606,0.085442750067451,-0.07361100709429164,0.04403986397783449,0.23304959246246507,0.2068474733638078,0.46588890937700417,0.5146938383590322,0.4770884827112607,0.21411918892050805,0.6239278253262048,0.4675465925110516,0.6936365435332041,0.5364519783135356,0.4265709617748431,0.5581847667451906,0.5553298134291372,0.6706324384089153,0.7773115011702453,0.8226473611814458
-0.6672801063889119,-0.8046064444758401,-0.7953366178787086,-0.9228008312626256,-0.7504764287335477,-0.8723735473638454,-0.7202961860801049,-0.8467254106604142,-0.930689086615622,-0.9473001039895581,-0.7797111578286287,-0.5603438940817745,-0.7006309667285694,-0.4410877447540842,-0.7578769108035146,-0.36360807723794686,-0.2501496073051478,-0.6252209594748259,-0.4275554668332587,-0.11158888145504721,-0.3346661740101423,-0.2782348363417146,-0.30291712783557073,0.0023690039652853505,0.09978473528198577,-0.005439517543348302,0.026407292118069133,0.30856666183867504,0.04386573532872295,0.3182716440736759,0.3285956906297985,0.4276637660968766,0.6278040596263134,0.32460299854552743,0.7675297596792666,0.7588533328458505,0.6827585141720827,0.8185020788324785,0.5188514212530513,0.9434469471036221,0.571211510515771,0.8326146579052742
