gfs-wave-data.json
{"header": {"parameterCategory":2,"parameterNumber":2,"dx":2.5,"dy":2.5,"nx":144,"ny":73,"la1":90.0,"la2":-90.0,"lo1":0.0,"lo2":357.5}, "data":
[rows 0 to 18 of 73, columns 42 to 83 of 144]
0.1755309100350422,0.22904413921916228,0.13978454313202487,0.11225066705378504,0.22706330824587173,0.09276750532739671,0.07825871210495852,0.17452115350049985,0.13241654476600864,0.15830026993915158,0.034184141957397926,0.05333345777428009,0.035022605583288346,0.06434774380461368,0.07510336711554738,0.05381876247596577,0.018960026180181375,-0.0022921248447375945,-0.007447873930370903,-0.02026000928737885,-0.09410653631958225,-0.02304077623138543,-0.03952578394487381,-0.14853860950080794,-0.1886163269971214,-0.20138848503618256,-0.23429400201669676,-0.27493192450075943,-0.2756849424419882,-0.23870592924599632,-0.2866547096623668,-0.29677285218301197,-0.36006107732087916,-0.36880180851867683,-0.2896385535870671,-0.3408319653264303,-0.41775621793191603,-0.22577920370691792,-0.3368320155450413,-0.2101837040981694,-0.09160836929149838,-0.17121034839671145
0.2352797746480906,0.10218512005763764,0.2038865370525561,0.1810069016200047,0.1585105040778635,0.12062838998967443,0.07016098786166401,0.12064568925725842,0.09101200843463739,0.12105664190850572,0.0470381359661812,0.02816749729720659,0.05411701319718163,0.13958746098995758,0.09681024965843167,0.014895019456965218,0.04374368211846105,0.04025487410292456,-0.022298209296522976,-0.03546401010973632,-0.05080306396987325,-0.07378330332232402,-0.06348150131808102,-0.21858841343240837,-0.11764023757877874,-0.23580292154913948,-0.1902258998268668,-0.3241994490596871,-0.23498886564907784,-0.2849647396602508,-0.3298161064142434,-0.36665576240763875,-0.30327808293713393,-0.28363404389547375,-0.39182265354955337,-0.4065225945152242,-0.34732607234263757,-0.23745985433740632,-0.23041874963555695,-0.2511152283241228,-0.08095069440022971,-0.10102625135546821
0.12434249507784025,0.20230600317997718,0.0961127462126871,0.23246487308112285,0.19821671946263014,0.15662093230270702,0.23714989994649485,0.13860215659932423,0.14958798955258285,0.09720248277788057,0.0418525579980957,0.12203842482811164,0.028407348094000986,0.05435466183532135,0.11463486012226493,0.03483287204706186,0.07074278745201912,0.03305841768036136,0.018127377283853028,-0.048556002957529994,-0.04010263566900114,-0.044710245664848075,-0.0581855375136855,-0.2290045071330325,-0.09376776707775951,-0.2853515197424293,-0.2452662050426711,-0.3159142008947645,-0.308990636020971,-0.34056476900970023,-0.2972443278127718,-0.4333554964176739,-0.36237646915844257,-0.4190298688543121,-0.3574655880423867,-0.3624174921106126,-0.27436612428822,-0.22831719593491573,-0.24129866263124627,-0.12883717376900172,-0.12602373603325523,-0.153423359677147
0.1713725405929413,0.23148528937652643,0.15758791359299368,0.1289121070485829,0.1330016460498474,0.2068562246013298,0.13400228300846176,0.2162913589676699,0.14866153218034361,0.13931184450147865,0.15588997344248504,0.13288899435033485,0.03129017017291359,0.061922808784198397,0.10445220071950956,0.0638352360482252,0.019416139911770266,-0.0035329304005261917,-0.01185967444036114,-0.04303124634786221,-0.05557897241964084,-0.1198731241100148,-0.12105581249486547,-0.17514766725528236,-0.13589746617882542,-0.18035458083782516,-0.20240288426967284,-0.2466007888800618,-0.29032500079139356,-0.29114463412375546,-0.36088475439385964,-0.328263349542266,-0.34865781410470537,-0.4677316608665784,-0.33851848955414304,-0.4484991244832912,-0.3310513470290631,-0.24168837609224122,-0.29271406343012857,-0.19452039787739123,-0.1466769330015489,-0.15709810831848178
0.25294920396632464,0.23362207037864202,0.25382656629805106,0.19860389262800796,0.18263860397559903,0.19189792732229397,0.08690583550761666,0.10564167251022946,0.22669310646465193,0.14779262777430896,0.1626618320296477,0.10616231808874038,0.1534748779786937,0.14576762701369322,0.12591927743051734,0.05461414634106607,0.013094197414571504,0.05064301053036348,-0.030748614762596903,-0.05653278800623557,-0.0230191523808985,-0.04681692635521063,-0.10219719134455692,-0.21257556952019585,-0.11716430779145959,-0.24581728309629827,-0.21137765877285317,-0.2116805364937547,-0.32569909859706386,-0.31183670771274385,-0.32507431094227085,-0.3461128917203796,-0.29544888269159253,-0.34776675445400906,-0.30008736287885224,-0.4320465200702504,-0.32051944745192,-0.28229414082691684,-0.23496112407899647,-0.15093261698738183,-0.21078767091361622,-0.14798066451212852
0.1333603549848354,0.23853048089530887,0.26726500530238606,0.2572271882118914,0.23637365327397875,0.1492576236431163,0.13479514532193304,0.2105816461321134,0.19558242653770339,0.18186267039164422,0.04948112032416476,0.1496867543362336,0.1200352786087837,0.13569854530694675,0.02616697735447218,0.07218483674726706,0.038108372466679793,0.00654596445298649,-0.002972437472611452,-0.009693586758684978,-0.04260773779795867,-0.12073114625044229,-0.10078857760770431,-0.1269110607862249,-0.21605597020088774,-0.23138510574800542,-0.2780136012964858,-0.21734459661669106,-0.26574452883118055,-0.39810064766142333,-0.3666307305312474,-0.27986168314108834,-0.43633324695707143,-0.42612782138003136,-0.447571005552855,-0.3870676989412296,-0.45596581067645947,-0.4338808175577261,-0.24326995259494583,-0.2812997316937043,-0.14213538080257113,-0.10965703838074055
0.17142709354326108,0.1788858349338161,0.14293183270438503,0.1479481656498961,0.16160282688526253,0.22708917741775825,0.17846827135288557,0.2163645976494313,0.23624108498304558,0.17486313731775505,0.1421035380129152,0.1910643352390255,0.1497463696839498,0.16580645989827442,0.09414562117572804,0.11766497427434056,0.09351561957313517,0.0005264697558688711,0.007631721145947287,-0.05595958130485245,-0.07384305550154364,-0.09976882320072578,-0.18142147512194848,-0.105618132293307,-0.29315147120310153,-0.24113605156603157,-0.2602780647518477,-0.322117010979771,-0.41222935365758195,-0.3701737482763085,-0.341212398748601,-0.39779492146125583,-0.39698881406824055,-0.367234281472947,-0.3114213754986473,-0.33288134877791653,-0.3275142318757592,-0.35370338415136576,-0.3717982264663713,-0.2294761667415073,-0.10992258411122642,-0.0533821112237062
0.1838733790549649,0.2222117316113401,0.1657306014020262,0.22955510730221754,0.19605945176452455,0.14844624000241494,0.16626928552495668,0.142849531625715,0.09723497571653286,0.15224824945144863,0.1317549034012132,0.1216243046100787,0.17464827959986082,0.10061772932259769,0.1389003582922211,0.0913319886911456,0.08841551623902189,0.013911915251200654,0.014137220183781938,-0.043918917903655715,-0.04682292628388238,-0.09283371846298422,-0.17380078947202196,-0.1792950741368391,-0.290185479375143,-0.17904893178486445,-0.3809522578540438,-0.21716223851267574,-0.22629099383235296,-0.34183664538074415,-0.3677687332750984,-0.4037431477610344,-0.3364748526495939,-0.39844317791267264,-0.4374869446428263,-0.4621500380937606,-0.3471887159735381,-0.31868215637370856,-0.374123147198948,-0.30819707003842756,-0.09182349143181077,0.014800902687754667
0.17078038100704196,0.2238111503101312,0.18900794372464091,0.15291329527068442,0.15848338789423347,0.2153443681423885,0.2304683385328805,0.17383458029899962,0.1761905053262269,0.17216446034411978,0.14561919466949047,0.07955980664398471,0.07486178148457007,0.12689307365608235,0.13695533636118506,0.049312977979425236,0.05722750293184738,0.05555001241668456,0.006168785046870485,-0.045787325233049424,-0.12806097085578533,-0.07506966918905734,-0.19784446176232937,-0.19881370118261843,-0.2037117012442595,-0.20845127341141131,-0.2474871691041581,-0.3614376245358129,-0.3441376508458138,-0.3990868764791618,-0.3090846010004095,-0.3704750343810715,-0.4869265730672633,-0.40449064115513644,-0.40722621388622926,-0.4578452586196439,-0.4964437736734069,-0.29303489410478184,-0.356553550949102,-0.1973148988187893,-0.2245350412214891,-0.1944062223203407
0.30586906518801343,0.24139930355705,0.23084457911166276,0.26143737380830345,0.30385919565980024,0.20262868262514788,0.20676173973939005,0.17029016744940956,0.27046164518042065,0.12619103006334365,0.10306680851321436,0.14867145597913656,0.11638302062962054,0.1785242031239731,0.1442145430408986,0.09023202476817804,0.06742165186405862,0.03754988422551342,-0.0193529051730317,-0.03877056668880588,-0.07630306740295817,-0.0832017658751122,-0.11210945600873067,-0.22641293557822453,-0.18944742918690005,-0.26625425931123203,-0.2824597608759827,-0.3132283885516083,-0.4150164493667244,-0.3337960918549195,-0.4554243084058593,-0.4259272967860301,-0.3082819219541313,-0.48455415499825405,-0.5552156485248188,-0.4833625515527206,-0.38310764778304623,-0.35410566749198824,-0.3749880145832466,-0.3124349691959737,-0.07557328588811607,-0.05798445777657532
0.2438094121990044,0.3008463306102302,0.18251124874076302,0.165205564810581,0.2626254509848859,0.3010508026333891,0.1789525823701447,0.2796141231626653,0.15134589873491786,0.1181448307595837,0.10065081053087063,0.11268406739917475,0.19344768829114123,0.1546029512360165,0.12876774974769478,0.03735895332246984,0.05491691015301845,0.06953717011833957,-0.05050967750793086,-0.018913208023826577,-0.04364666881706955,-0.08464356618841432,-0.10106132570818702,-0.17453645568041118,-0.3209210483697031,-0.21718054371972137,-0.3656254830107833,-0.28521403488325336,-0.3091575252087349,-0.31606160027673436,-0.324788987394572,-0.4503731070084411,-0.47665416678608996,-0.550113078528528,-0.5151749622704237,-0.4479831977253789,-0.29157589565720976,-0.33829657012562975,-0.23594884372597896,-0.27286232946549105,-0.21156765152143947,-0.08897183453944366
0.19010912924752418,0.17262599869214282,0.19210136917348636,0.19759131323190213,0.28394383122001976,0.29529570267863403,0.30211879065233804,0.15581042542036,0.17764484400398003,0.21576568748073957,0.12799144292117356,0.11896946789377914,0.1659277908840092,0.11778242188690145,0.11573454026957425,0.12401663655447356,0.03654856401364469,0.03400478524910025,-0.017996537194939512,-0.010303583776549177,-0.08195891652270508,-0.10309226301264945,-0.15269183414653376,-0.17066421348733185,-0.18728574575708995,-0.3543746699493062,-0.28817581319840696,-0.29147854956374925,-0.3816081198439868,-0.3208836243890945,-0.382254507623907,-0.4295074555389303,-0.3590220143767664,-0.4984919453785939,-0.5506434743741692,-0.4595437453059966,-0.3446765663217774,-0.4310299049427948,-0.24811671487147047,-0.18033322118324527,-0.25000238371838784,-0.08119411355952391
0.021329405060886254,-0.01796839885815379,-0.004523575208174907,0.036199779073492575,-0.01572985303757504,-0.006786181859027442,0.02798206561496569,-0.003120362517395365,0.02933797399940408,0.004342400469969071,-0.019433091162757665,0.00319534274225722,0.016160481931056545,-0.03042314252091657,0.0292359606112917,-0.03736777427923444,-0.021371753734954875,0.007539205247969052,0.013807964917791557,0.009290474110067838,0.013296480174037183,-0.030534948306061457,-0.0453307947037416,-0.030614955117944508,-0.025240252851010808,0.014451480990130428,0.005304623369883522,-0.0018681567510303978,-0.0458051519228161,-0.028476445094003513,-0.027509131116836887,0.012695965050399138,-0.017831908483249427,0.017143103896679186,-0.01220164124054156,-0.01388925189460954,0.024063221797960176,-0.03167851251035573,0.02636446993329268,-0.01789919920220817,0.007103077888179355,0.011382802289539754
-0.022016075461354038,-0.019612164456314914,0.03768229407151197,-0.008590836390824507,-0.06079554558217741,-0.03350844807583878,0.028999941099159227,0.035183757392135015,0.024778754201202246,0.03643934978052468,0.011037601192144154,-0.03028756172337199,0.008406524733326726,0.028871885971746752,-0.002428840957251802,0.0264749530904975,-0.04920239199619196,-0.008503556373816718,-0.042606277279209064,-0.0012411310756151668,-0.04498691143039053,-0.04886925595886762,-0.015522409748989078,-0.011294266270557265,-0.021340652553100702,0.0080505113649054,0.013021854598069786,0.016908627005940556,-0.029418100212430215,-0.03236912101062018,-0.004564961379862835,0.03262040449694352,-0.02482270730638272,-0.03183153235781315,-0.0020071649898089176,0.01560081553006098,-0.0013231660019507351,0.012722056984505205,0.018871648259488748,-0.015802371320901596,-0.020970499313111072,0.03275281420491117
-0.015878388781505902,0.0020851677622790773,0.027064932350468484,0.0189289800232261,-0.026963903147270617,-0.004111982469059295,-0.043533319101184846,-0.015287499405198971,-0.03035728875813361,-0.0022754948970722493,-0.01777096010093548,-0.0005307446279566627,-0.01861997506731415,0.05647606931420054,0.0018785918364142547,-0.05674929142682674,-0.026864963240171885,0.009936001085277705,-0.005006442470855493,0.025978601955928545,-0.023944117727915278,-0.024851968859685263,-0.028142575983374052,0.007303825161966774,-0.007170547336231371,-0.012025482474877695,-0.014048038277827772,0.010554191592191979,-0.009772726043216745,-0.012033601383092372,-0.03693783486123604,-0.02189375266487833,0.007623446836512058,0.013010856195326555,6.221929355560537e-05,0.01949351175990076,0.0004477172038817848,0.013662274377653268,-0.026043051895626203,0.0005981732216701251,0.04138884262931113,-0.004569609175540789
0.06118306251079559,-0.05244167462121108,0.025113440417296833,-0.043382902843414006,0.005562120862378192,-0.012450024298280411,0.04985024973378332,-0.041747618210052045,0.02149107115645501,-0.00495071471963723,-0.0003932138058311462,-0.029776186626443227,0.04069500876943315,-0.031315752999339655,-0.00011119618448580201,-0.007115847784707127,-0.01009422571081256,0.022792683580946525,-0.03073945205586645,-0.008281412062928827,-0.00812281450990633,-0.0387497277367864,-0.03493021470002993,0.013719837330516646,-0.01760350607896426,0.002389425608606949,-0.0045594051354429605,0.02109925948435013,-0.02128165275347981,0.009060601294774137,-0.02453074248160575,0.01189521977042168,-0.010619626643247239,0.015217937560439982,-0.031648600083050704,0.026692425828501593,-0.030561104979751088,0.005000651949106732,0.034087094667418855,-0.0018484771587060954,-0.06272594859842093,0.042622427968470454
-0.022325366869952103,-0.0275456413188987,-0.0014044044841876044,-0.028188755671405892,-0.06071294244424523,0.037750908195215725,0.018539737520168416,0.03234808871386067,-0.013218514858640687,0.03454338946759417,0.0010912258703944236,-0.0017196007318120623,0.026497288781045642,-0.014688007508770527,0.041496426731513165,-0.012852166197206255,-0.01086339903897692,-0.024232045504724475,0.05496382148060861,0.024342031768483666,0.029577634858663337,-0.0027077297972014198,0.00014200126982047537,-0.021526578418897727,-0.04545546262202814,0.004852805262376033,0.03934573352525109,-0.02873332028167234,-0.0036414754411134807,-0.011128630613320927,0.01179487557198073,-0.044972676667805196,-0.06224396560178046,0.02949706381109113,-0.04455392061867676,-0.04054011598089396,-0.01743934715718387,0.011047811622288572,-0.022651096857022865,0.025722475669054026,-0.033538336231928895,-0.030886040244224974
0.03152674415158123,-0.05153560437406863,-0.027612643910158895,-0.048777845391902275,0.056708390790537855,-0.01679965572990368,-0.02024547187886895,-0.030107361785323257,0.04496065720318237,-0.033337929005982314,0.06174040000652529,-0.050891314609119956,-0.0390337746709257,-0.002518505987168409,0.03028951714528773,-0.005464031621917995,0.015127363772446351,0.03563714160124029,0.015058501375936595,0.03841214849103326,0.00994916760689801,-0.030330914848297377,-0.034840824940225654,0.05363941274084611,-0.029656012286132814,0.03309390492867073,0.06835650103044767,0.005413535201658648,0.006483633740929012,0.01133966937514425,0.0524006859212399,-0.01769660174274756,-0.016298616633645853,-0.01574509733259546,0.034044377239123264,-0.05631368899996732,-0.027572300582720144,0.0010605739904901547,-0.030830742904983496,-0.007500544120842759,0.016236538426099702,0.01713038958157609
0.03693960346649571,0.03355660893029265,-0.004136996372813823,-0.033574734139862394,-0.009809853224414597,0.009710724678497889,0.0009153510489779763,-0.024770442522947196,0.0021317134834439046,0.026374459890698587,-0.04113095188455631,0.027255611679877324,0.02603887700253423,-0.04085252862537163,-0.03773502379552213,-0.050458681051071826,0.07293957923138576,0.0487601650070624,0.03785475989688229,0.021470014749830346,0.046977337346603795,-0.009828456959890227,0.0055357091150032385,-0.02303140241493829,-0.03664388570673889,-0.0325520843052644,-0.03531792078937379,-0.014957936520263304,0.02339137223015509,0.03380092570425411,-0.013330310322203408,-0.016253097182820208,0.03950678246331629,0.04712375875633083,0.05471426967050276,0.011389955952774252,-0.006899505523906896,0.05898638096692246,-0.04848338235725257,-0.034095851674869455,-0.005119308332950344,-0.019003532375339006
