gfs-wave-data.json
{"header": {"parameterCategory":2,"parameterNumber":3,"dx":2.5,"dy":2.5,"nx":144,"ny":73,"la1":90.0,"la2":-90.0,"lo1":0.0,"lo2":357.5}, "data":
[rows 46 to 68 of 73, columns 0 to 51 of 144]
0.0,0.0,0.0,0.0,0.0,0.0,0.0,0.0,0.0,0.0,0.0,0.0,0.0,0.0,0.0,0.0,0.0,0.0,0.0,0.0,0.0,0.8276937626874774,0.7583970524286606,0.8306644477774355,0.8238727319401061,0.8788345853014243,0.9135424457843017,0.8638046163351689,0.818166641150511,0.8223547959843464,1.0199207945669397,0.8618068903358076,0.9690886116643209,0.8828068755668629,0.694270317316227,0.6524182796584589,0.691542314398679,0.8605199101803332,0.7813098008486429,0.7103688229430759,0.6798266532507069,0.7848725602034409,0.8046896086213656,0.7675205092765015,0.5616274674368332,0.6684225948517145,0.0,0.0,0.0,0.0,0.0,0.0
0.0,0.0,0.0,0.0,0.0,0.0,0.0,0.0,0.0,0.0,0.0,0.0,0.0,0.0,0.0,0.0,0.0,0.0,0.0,0.0,0.0,0.6773755527898744,0.8529656270435876,0.9122059727837865,0.9344085619119471,0.8216045299786664,0.8439078333831456,0.8423982776116699,0.9014447275895846,0.6857607592115771,0.7815853418541248,0.8044448241574826,0.9271963926347234,0.8593784795491803,0.8841143161935748,0.770868935514068,0.7389715448138606,0.9221913181015411,0.8773680899322028,0.8446653823834704,0.6702637737056858,0.8064898845101504,0.6456839439779595,0.7616600580733105,0.7570962387871268,0.8096918195281927,0.0,0.0,0.0,0.0,0.0,0.0
0.0,0.0,0.0,0.0,0.0,0.0,0.0,0.0,0.0,0.0,0.0,0.0,0.0,0.0,0.0,0.0,0.0,0.0,0.0,0.0,0.0,-0.08305252512874874,-0.09335863742844332,-0.07688318592171665,-0.06994109545155165,-0.15306447021127081,-0.1159907907460207,-0.16086340177399114,-0.029400154476254204,-0.16654802694643747,-0.08304855110533475,-0.07756653359571719,-0.11748206602614993,-0.16510498381462285,-0.21641306806475644,-0.1025438037714957,-0.05251142818511145,-0.09982556465988951,-0.14217942163520195,-0.2095523525179877,-0.07267233318517585,-0.08894903213527974,-0.20207991818634596,-0.19057323465856485,-0.14623720106249904,-0.04536185221350902,0.0,0.0,0.0,0.0,0.0,0.0
0.0,0.0,0.0,0.0,0.0,0.0,0.0,0.0,0.0,0.0,0.0,0.0,0.0,0.0,0.0,0.0,0.0,0.0,0.0,0.0,0.0,-0.5031100860329579,-0.643535362732912,-0.499893823136933,-0.360641207713784,-0.6433334029547888,-0.34866543769115405,-0.29221312749129646,-0.27692637117063545,-0.21532579991081555,-0.2211315412298704,-0.25504254140129107,-0.08033817156103051,-0.0634632013917079,-0.23367312941582738,0.09981022731416424,0.027728377248832627,-0.09340762479535733,0.006198686538756866,0.18232457474971506,0.08089718225424909,0.07084920150842368,0.139242130672829,0.11109677822470644,0.22967305475054703,0.2603210174898024,0.0,0.0,0.0,0.0,0.0,0.0
-0.01836495418953144,0.14236777186466157,0.0526407211150574,-0.2455955640339533,-0.4522754755773118,-0.0876230158182772,-0.2832625152423569,-0.22326764192283005,-0.36243586269714845,-0.3699111159586193,-0.6677302051735233,-0.5067031305183817,-0.40034900225865405,-0.7439810133562151,-0.6277910761596985,-0.5136063922262767,-0.44900899990473564,-0.4499827274048752,-0.7505711832891756,-0.7113481741719525,-0.42300141752626047,-0.6625715958123494,-0.6195617908462187,-0.5912113931033599,-0.2994914191325971,-0.46609009861534134,-0.34632380906209675,-0.27390761193997765,-0.2837445220554631,-0.2620179590055812,-0.1687385911729465,-0.36283238493629016,-0.10958658385842086,-0.09314994939632029,-0.06765990197031796,0.054372907296551275,-0.11940971891828968,0.012109661317322959,-0.03146570968959809,0.0737276530677303,0.011242607953433287,0.30064755487145195,0.31357519395996386,0.2172355687037376,0.24274571528748376,0.2046611953510268,0.0,0.0,0.0,0.0,0.0,0.0
-0.08101399025064862,0.11824197135046972,0.002571373993915687,-0.14702087534258096,-0.10427447958994947,-0.22494753329836747,-0.2203758432412276,-0.21277679518048956,-0.442664064508973,-0.389520812997285,-0.49470293145205746,-0.816545895783989,-0.7753463990228812,-0.6884740804218321,-0.43979542054871407,-0.4587828616047448,-0.7359999959613501,-0.5269639958925891,-0.6682993786127464,-0.5022499604745977,-0.6772806614920734,-0.6992331797936194,-0.6421529711535887,-0.6198418510134901,-0.3517631388556788,-0.40782225738523226,-0.31818241377716167,-0.5144043028834561,-0.22669208441216407,-0.3820563216470017,-0.14306588047398597,-0.07025325977891578,-0.21806972892254642,-0.24006376740969546,-0.1817396469031592,0.06834660038640085,-0.145293346155941,0.03908827928330881,0.12151100365263169,0.01799945319839435,0.01506062294727363,0.25701289205754263,0.26830403486188276,0.31952889551131614,0.2947774344284263,0.19972195270685902,0.0,0.0,0.0,0.0,0.0,0.0
-0.06054740540032194,-0.11335160193699165,-0.1634499014542546,-0.18473662487266126,-0.17398346916301335,-0.05932738612740806,-0.08454495322020385,-0.019826098587405097,-0.0036226176600311286,-0.05553225493137053,-0.031724432270217214,-0.053932691832895716,-0.09092819679840874,-0.17428071886347463,-0.05109432488907666,-0.08101821205311353,-0.17958262712186213,-0.05872064588960989,-0.008185803080360163,-0.12492358913505296,-0.037403125985066864,-0.01567013634375357,-0.040551070092275716,-0.0807415679917584,-0.010432018842373773,-0.1350663142245204,-0.14818301056732597,-0.1474049348289598,-0.16010063927919546,-0.12042763325850046,-0.17296415403833484,-0.08154532094591169,-0.014880425182745422,-0.017722156111755594,-0.08220874007716057,-0.18559400697560627,-0.16265381180490243,-0.20210398062384827,-0.09887284383954902,-0.030879219447228698,-0.18888710087434293,-0.043060943454697215,-0.18749944608190436,-0.19142568760706058,-0.06226590643033017,-0.038693242512237,0.0,0.0,0.0,0.0,0.0,0.0
0.07975734067518359,-0.019667210130410798,0.10806093168813721,-0.18012428841314054,-0.46125340689553146,-0.7749598647883021,-0.4734323996040116,-0.26676581558366314,-0.5077260838366907,-0.9192896432076959,-0.8411571561688405,-0.9541812514784834,-1.2546140790569522,-1.004318465099914,-1.2936888625169332,-0.9685968463490928,-0.9835422137711695,-0.9372311886557196,-0.9888820698902482,-1.1151284884879664,-1.1751760688059778,-1.312732487965568,-0.8456649674796911,-1.0456068423571396,-1.1133929202976203,-0.7822380850773942,-0.6894528547315046,-0.9618239593224075,-0.9893777612268373,-1.0517025446724164,-0.6562028448104117,-0.798700482590259,-0.3226340434505497,-0.0067799297454807,-0.3057624515802073,0.061663660259138144,0.30838928562297485,-0.1677187706071491,0.1830557701232562,0.2609016836978085,0.09616800506082993,0.5036430327572116,0.8865674937108792,0.558909833645343,0.9048220345693854,0.8655629204948805,0.0,0.0,0.0,0.0,0.0,0.0
0.17756647200658793,0.14926511291587533,0.09616459837137611,-0.12397033482473355,-0.16891288949307376,-0.6837631827455259,-0.5891400465263095,-0.478400712748845,-0.8375595923360258,-1.0737310895383072,-0.9696600468133426,-0.9986537490684348,-0.9310912231977614,-1.312768206533034,-1.3592848370455002,-0.7731212564246155,-0.8615721386254376,-1.3973158960211935,-0.8694775795706705,-1.5553477325736618,-1.5058008627841213,-1.1497654345693762,-1.134170490020325,-1.3077227351929424,-1.237847155684437,-0.8424616204245539,-0.7972077995591942,-0.9372299774179287,-0.45147272314259623,-1.0404018431158633,-0.36060142904222053,-0.9532904934211033,-0.7941858482890337,-0.4176874871753408,-0.29749903840502284,-0.1180653725388235,0.3546214075017647,0.10483360375308108,0.3900738113185641,0.7580742009863746,0.0653989717381751,0.17339323055119893,0.9197580511331853,0.4266496860590116,0.4511922244174106,0.8416090348703491,0.649328367462586,1.3846445476766285,1.4217470794463838,1.2388295526302642,1.0661277325058598,1.3929514304031776
0.014372624671843024,-0.24430526428602245,-0.21099439449376733,-0.0007231236377067897,-0.5779106994523157,-0.10903238365461011,-0.5666935855230966,-0.7408217044931223,-0.501728283863793,-0.4249586719662669,-0.7491790612173708,-0.575315356937805,-0.7856249343061316,-1.3284363720104255,-1.0227599360965214,-1.097024473249519,-1.4263205009416078,-1.1858032359047042,-1.4021215288506177,-0.824332009952175,-1.4829888231671595,-1.254983256073931,-1.2842646614835604,-1.3371860104672764,-0.6910489139207339,-0.8567503758962796,-1.3406171283534714,-0.6088404524087031,-0.4329810013738013,-1.1511950462354648,-0.8638352236057864,-0.29535018567378907,-0.17195535251714414,-0.08308412870781476,-0.5386153899278433,0.24104789238192348,0.2583872086001596,-0.07630624326948739,-0.1485580006433083,0.2133442024063876,0.5493598949466219,0.9609338856009203,0.9078385729485041,1.1194892117257083,0.5346985740353531,0.7425231500256141,1.2004742282400875,0.9415406569693899,0.831974593401897,0.8500404695859994,1.1775261904737555,1.422509602485306
0.045186397587451244,0.13357473221280328,-0.3351359499830971,-0.47978065960879984,-0.23637995476957605,-0.7156198638781303,-0.7198963678243597,-0.49351060940174557,-0.6283901395071282,-0.46679550083400356,-0.9453117677103616,-0.754990392591981,-0.6831299306830523,-1.0867298130202525,-1.0740352336175198,-1.067372403521118,-1.2696864747239862,-0.9675861915088028,-1.157547657605838,-1.240334679075578,-1.1865451601699952,-1.2211741010264712,-0.8550073400072453,-0.9625719222589001,-1.2926133419371721,-0.9568625444173057,-1.3026985175190293,-0.841492740161786,-0.48304713307241365,-0.6191230660463911,-0.691460578361688,-0.7120809225422974,-0.2186282020519964,-0.641017496895644,-0.16565452758445884,-0.474938623030341,-0.39764357658681915,0.2754895826042446,0.41869094039523547,0.6648850477215172,0.7578544217586145,0.5204248869469783,0.9012727869976106,0.3668375715635305,1.1640340743271622,1.0970192254309408,1.0596714378768355,1.3044271224173078,0.8963897626139842,1.4500633376338101,1.1818404765227954,1.4329070028552122
0.28533509531854545,0.17292152534294197,-0.35655386145985024,-0.038562785394084656,-0.12306599532029536,-0.5252874823788295,-0.8032022787053658,-0.5319673871887066,-0.5740290463977101,-0.4485785731449057,-0.4919532081171213,-1.0350405266005809,-0.9753426422347565,-0.9212281102337059,-1.1064506530496618,-1.3806699171435153,-1.111360291903841,-0.9239271488337542,-1.4552984344736943,-0.9453269623797683,-1.0404456963850617,-1.4163275463511082,-1.3134265041967497,-1.2253232970420103,-1.2751561730089558,-1.1685337233098156,-1.088427787166155,-0.8716746776608225,-0.5976080155826633,-0.8494329764596195,-0.7968852249790483,-0.3277881891073521,-0.558865176185179,-0.41211642983477736,-0.37653483715135005,-0.407204996073081,-0.1506133592209776,0.21351225390819267,0.001239460841729946,0.005651073018604271,0.11371364911969759,0.48506267653416635,0.9096753920094114,0.5430390744947861,1.2226308255499003,0.649845603017173,1.2726155398710461,1.1981686436293664,1.1744927977972888,1.307578605033624,1.5426565448043599,1.5696337810630194
-0.18467347149898028,-0.32965794211705096,-0.45141392471148095,-0.5123924385066019,-0.049545173811280006,-0.6187533827133626,-0.6911463990794136,-0.6848318979929033,-0.825847969179379,-0.985945253935784,-0.7251649573670428,-0.644915005990954,-1.011047060570407,-0.9540857569628975,-0.8901314364609532,-1.0703750017643765,-0.7843466766355145,-1.0163852944634915,-0.9167509434487964,-1.266717460801145,-0.915488316721817,-0.9944522767042265,-1.3347476451990938,-1.224680961609756,-0.9059588881835842,-0.8958286295086529,-0.7971597001322654,-1.0495143556959297,-0.7308359282914948,-0.6504539255736488,-0.8590542630335879,-0.4317435831599251,-0.8109847213988699,0.06673950353610973,-0.631643429082832,0.1902344840078771,0.09555871728950502,-0.2514200060878819,0.24503188514643987,0.38336601565086453,0.15805864338324746,0.27234198498688134,1.0804746439979687,0.664054516709755,0.7030341707308654,0.839297606403475,1.2626506372574207,1.28312982205709,1.3351196629888384,1.2815531604897348,1.40390449696468,0.8314320005006982
0.07440214976913037,0.206279981725018,0.04105274238229091,-0.16674620326116607,-0.46184656708399746,-0.6750971855376905,-0.22054952597498748,-0.3456525806543928,-0.7536590363593277,-1.0931541938583134,-0.5043106657768195,-0.5747215098493594,-1.1226245566823416,-1.2573654775401764,-1.3932245117149769,-1.317192704787526,-1.0298983693498394,-1.2906321503923743,-1.1004522573328448,-1.270443194097899,-1.446593911376975,-1.0693823030765648,-1.2899272919723188,-1.4957658123504856,-0.8498211551619971,-0.6333831319445518,-1.0983764072109201,-1.241637638226488,-0.888501952021814,-0.44856395579157915,-0.7862667660450964,-0.23480154471347278,-0.8853377039092136,-0.532263032296603,-0.09573134497682005,-0.09401802480796842,-0.14219106099459045,0.5186941404111641,0.3101013357467688,0.13192634800193367,0.8549840817055279,0.6355266982416091,0.2617258211173434,0.9245114210774814,1.1496134929294937,0.8411650377577267,0.5868540641408492,1.3289112698203593,1.4343077088380685,0.9656061605521554,1.0079679073311558,1.2914845875510792
-0.10430963825449634,-0.08996264666512753,-0.16445374617862113,-0.10382163776052586,-0.0254121998904529,-0.16812408151200584,-0.15905569246916726,-0.18306826618500277,-0.06714255975014806,-0.035936843961169446,-0.0980626605237347,-0.18052612693296796,-0.1498950917828906,-0.1094711232244815,-0.03091000105256398,-0.0908765203277925,-0.11845524988318736,-0.10213739317926349,-0.19863411366024086,-0.18928213999568372,-0.08840042402045256,-0.09774810554246129,-0.16117466682153284,-0.13483628052335678,-0.038097591666093146,-0.09873790895165957,-0.20613866041673212,-0.21597707177480507,-0.10277522730594699,-0.06006474505138696,-0.1899123438050779,-0.04401834263180928,-0.12263869438114922,-0.1457529876690304,-0.07429763066681572,-0.18679934384501914,-0.18934409365775717,-0.19666758145341726,-0.12051058552757171,-0.07130895364929661,-0.21278426629719116,-0.09540519168486189,-0.1571076730770969,-0.1547508520292743,-0.07105007577504364,-0.1271360408200801,-0.15018148860109465,-0.07926685775859872,-0.07377541722948235,-0.12542635222922094,-0.20614206947379524,-0.06755402967082455
0.0,0.0,0.0,0.0,0.0,0.0,0.0,0.0,0.0,0.0,0.0,0.0,0.0,0.0,0.0,0.0,0.0,0.0,0.0,0.0,0.0,0.0,0.0,0.0,0.0,0.0,0.0,0.0,0.0,0.0,0.0,0.0,0.0,0.0,0.0,0.0,0.0,0.0,0.0,0.0,0.0,0.0,0.0,0.0,0.0,0.0,0.0,0.0,0.0,0.0,0.0,0.0
0.0,0.0,0.0,0.0,0.0,0.0,0.0,0.0,0.0,0.0,0.0,0.0,0.0,0.0,0.0,0.0,0.0,0.0,0.0,0.0,0.0,0.0,0.0,0.0,0.0,0.0,0.0,0.0,0.0,0.0,0.0,0.0,0.0,0.0,0.0,0.0,0.0,0.0,0.0,0.0,0.0,0.0,0.0,0.0,0.0,0.0,0.0,0.0,0.0,0.0,0.0,0.0
0.0,0.0,0.0,0.0,0.0,0.0,0.0,0.0,0.0,0.0,0.0,0.0,0.0,0.0,0.0,0.0,0.0,0.0,0.0,0.0,0.0,0.0,0.0,0.0,0.0,0.0,0.0,0.0,0.0,0.0,0.0,0.0,0.0,0.0,0.0,0.0,0.0,0.0,0.0,0.0,0.0,0.0,0.0,0.0,0.0,0.0,0.0,0.0,0.0,0.0,0.0,0.0
0.0,0.0,0.0,0.0,0.0,0.0,0.0,0.0,0.0,0.0,0.0,0.0,0.0,0.0,0.0,0.0,0.0,0.0,0.0,0.0,0.0,0.0,0.0,0.0,0.0,0.0,0.0,0.0,0.0,0.0,0.0,0.0,0.0,0.0,0.0,0.0,0.0,0.0,0.0,0.0,0.0,0.0,0.0,0.0,0.0,0.0,0.0,0.0,0.0,0.0,0.0,0.0
0.0,0.0,0.0,0.0,0.0,0.0,0.0,0.0,0.0,0.0,0.0,0.0,0.0,0.0,0.0,0.0,0.0,0.0,0.0,0.0,0.0,0.0,0.0,0.0,0.0,0.0,0.0,0.0,0.0,0.0,0.0,0.0,0.0,0.0,0.0,0.0,0.0,0.0,0.0,0.0,0.0,0.0,0.0,0.0,0.0,0.0,0.0,0.0,0.0,0.0,0.0,0.0
0.0,0.0,0.0,0.0,0.0,0.0,0.0,0.0,0.0,0.0,0.0,0.0,0.0,0.0,0.0,0.0,0.0,0.0,0.0,0.0,0.0,0.0,0.0,0.0,0.0,0.0,0.0,0.0,0.0,0.0,0.0,0.0,0.0,0.0,0.0,0.0,0.0,0.0,0.0,0.0,0.0,0.0,0.0,0.0,0.0,0.0,0.0,0.0,0.0,0.0,0.0,0.0
0.0,0.0,0.0,0.0,0.0,0.0,0.0,0.0,0.0,0.0,0.0,0.0,0.0,0.0,0.0,0.0,0.0,0.0,0.0,0.0,0.0,0.0,0.0,0.0,0.0,0.0,0.0,0.0,0.0,0.0,0.0,0.0,0.0,0.0,0.0,0.0,0.0,0.0,0.0,0.0,0.0,0.0,0.0,0.0,0.0,0.0,0.0,0.0,0.0,0.0,0.0,0.0
0.0,0.0,0.0,0.0,0.0,0.0,0.0,0.0,0.0,0.0,0.0,0.0,0.0,0.0,0.0,0.0,0.0,0.0,0.0,0.0,0.0,0.0,0.0,0.0,0.0,0.0,0.0,0.0,0.0,0.0,0.0,0.0,0.0,0.0,0.0,0.0,0.0,0.0,0.0,0.0,0.0,0.0,0.0,0.0,0.0,0.0,0.0,0.0,0.0,0.0,0.0,0.0
