gfs-wave-data.json
{"header": {"parameterCategory":2,"parameterNumber":3,"dx":2.5,"dy":2.5,"nx":144,"ny":73,"la1":90.0,"la2":-90.0,"lo1":0.0,"lo2":357.5}, "data":
[rows 0 to 18 of 73, columns 42 to 83 of 144]
0.32187476365646495,0.29264883754628157,0.25159054254206475,0.17895696607894943,0.25231314784709796,0.2382123760155833,0.14185433752325843,0.16444278154260464,0.20630299390713072,0.1825050380076071,0.22080089601602348,0.25202263393048235,0.3049202386216695,0.2203836899980809,0.40932942298496433,0.34380438229723936,0.3146305382780991,0.41314157892115533,0.47099307288001524,0.4170329327584809,0.3560288403786314,0.36166222254078917,0.41780329886401774,0.4097248030298651,0.5040584129106308,0.33617554151832574,0.2214532938073265,0.21076085851432907,0.2514328887250452,0.26018128363608867,0.3903020656685962,0.3900264488856088,0.24716556006239315,0.41407952092994993,0.4013930723822036,0.4238443077455773,0.6830474543160515,0.6521249921290487,0.8054589505985869,0.822237870548671,0.724403857871044,0.7619296429532724
0.3531536857121866,0.36718334247724443,0.2505022390523328,0.2506414247158509,0.2106562347063249,0.20441869029697787,0.2539773392905805,0.20396133662143343,0.28025763269992887,0.2191016781697849,0.2579192677330165,0.3808923190639399,0.2867275169707442,0.29783499437470584,0.46069380530430987,0.4033038954197049,0.478584720091418,0.3724443730791432,0.5105124724510065,0.4527785355432658,0.406095466032938,0.5227708418101561,0.35384596120942635,0.37666371542825405,0.51553887027909,0.2903200112083804,0.3711906379501846,0.25928971196969164,0.21799811231299232,0.3173464454795366,0.2151533937926913,0.23509726371946302,0.2623758619434332,0.3145579163159563,0.3917052808020939,0.5322139025774272,0.5710550457028247,0.7096752913560328,0.7225582700106928,0.6985286411680401,0.7137994304874523,0.9324723062654457
0.3761468200103441,0.2791156917774033,0.21337923175780926,0.24456252615843063,0.25705801364111125,0.20271355794577903,0.13519994319726034,0.21928072268634902,0.21707817936991455,0.329325793564806,0.2598047628022408,0.2539590601370647,0.35994742928956036,0.3535863154190996,0.3375023625587763,0.3720698710049938,0.4087304343733687,0.41734842895063845,0.359129743286093,0.35817426021395077,0.3614588886579802,0.5022729423275942,0.46586656079951383,0.40986067913910557,0.4309736904014375,0.3110353198948425,0.29380613135291356,0.2922511530640473,0.29936677412445084,0.3792446204183051,0.30663353791817166,0.4477299897865491,0.3711866648555275,0.3811170760499246,0.4629685075993697,0.46717957095449947,0.547233627825999,0.5645615222249148,0.7340473510127977,0.8452036827927198,0.8656457845253578,0.7818678276404573
0.32405322411463316,0.3552692468625836,0.3645451664500528,0.35446774483651233,0.29088544651652487,0.2190279163137961,0.26027624055951215,0.16199227845560205,0.2529660472888487,0.1923434206749059,0.2842528212246753,0.21304894548805198,0.25448054737562487,0.32557266686644065,0.283385056522432,0.3821237984294473,0.3587489530698899,0.436036080526959,0.4583114262548048,0.3607892899056124,0.5181565526538322,0.46859260949904163,0.4241156988723681,0.4059941780340067,0.32637695126290506,0.31154180308403084,0.3038231617173348,0.2687701695198618,0.32817596292834933,0.3165726671583214,0.211258535872132,0.3526252796619712,0.3960849061729867,0.37100456225601913,0.46105014094444857,0.5099343524827809,0.5434868865842587,0.5781480302845516,0.7398113247587375,0.7065822394972159,0.7962318405714147,0.8421332862012547
0.3831938580521439,0.3736080457946499,0.3309500649876823,0.23317811205674208,0.2598981826978217,0.22503760080201052,0.15077590087331924,0.2179665671849662,0.24757728342318996,0.24422567034939152,0.22289790353993594,0.1789335024995175,0.2711203426552724,0.3287503602106609,0.29265024488757924,0.3535850406523605,0.44656703717528623,0.34160691125967296,0.39906451664104936,0.5244771140730188,0.47967590372759633,0.3714765054255907,0.39955011461100154,0.3782265773927841,0.31625122576812764,0.406494822944908,0.3197548190435664,0.37675329430390775,0.4417048374258772,0.3900115747038724,0.3039233751078952,0.39185387469431704,0.28940969823545826,0.3731163732565338,0.33290146971360557,0.47362409287822665,0.6123094470909244,0.5625592015564198,0.7648511564235007,0.6670086842161376,0.8383314592503246,0.9101096997742462
0.417357759962002,0.28764694720125394,0.2547661489988698,0.2772819710531929,0.15782777585273533,0.2459161664674768,0.16555535697254398,0.22884058751423164,0.1880735341432369,0.2460660409769723,0.20413255544150583,0.23566283010582278,0.3084083527332415,0.358737636830377,0.30538765738688645,0.30148476100840516,0.28226710468450944,0.47859767619665167,0.423132079002297,0.4888035950377785,0.3869261930610982,0.44062809979504963,0.3097682835633886,0.3570235336781789,0.3333350276724367,0.27687105925797134,0.32678828441540414,0.3566613938555632,0.285591575607495,0.25026690752059627,0.32553033686266997,0.37555762078139304,0.429314275437975,0.4001221915640644,0.5063973032733952,0.45003905226142105,0.5053106132971529,0.6249505202202306,0.6569120032240675,0.6474336543704612,0.8753054027210423,0.9159904031922782
0.3948812560642127,0.24697054899016213,0.3364379623650843,0.2767277794990384,0.23802393475646474,0.29246511395031194,0.25376741457480645,0.24666899026513925,0.22636259457945143,0.17829228541355432,0.1977187380433761,0.2637576571028642,0.33944391801868995,0.23247151483014117,0.30841293998367364,0.30409717184657736,0.41216361881319874,0.49630398516643576,0.31341754311235986,0.3583180024212781,0.4868990737209205,0.501242937557378,0.4556159128764586,0.4209728762333535,0.3192805951489502,0.30732878972218847,0.29015671596817283,0.2893398762589687,0.26248430077831963,0.3625251768487269,0.23859223287074685,0.3277535184169062,0.40808412581593945,0.5152895648518424,0.4805331249774361,0.4688955991479596,0.5918559636137757,0.5787839892359953,0.6037720851520315,0.7070563437043512,0.7727363238808411,0.8677581878590364
0.48014089374681546,0.30125053790433365,0.3299061390843505,0.32401779080662324,0.2724287610709862,0.258848876386139,0.23391178598393808,0.1799790337336762,0.3138254678207644,0.16603228447181329,0.27435493387057797,0.26207654576360506,0.26956702940397476,0.3439061051260861,0.2765478268891194,0.35804398135162413,0.37208339439333216,0.4240596183018131,0.46293962444462533,0.45852444987410906,0.46475329885477246,0.38652692807869893,0.3886015822892269,0.34245275927674984,0.3902273828893928,0.2994307125770417,0.41099476976214466,0.3297249028964952,0.2200573768100895,0.2441686882249936,0.3031351080801902,0.281089675413737,0.2886615912177183,0.4084506589062668,0.42419217052304975,0.47818757677153695,0.43401295963343645,0.6239788081317468,0.6920688465190263,0.6916391409953945,0.8281384885246615,0.9033114420190513
0.3239850038827034,0.3765408606113087,0.2724120947293544,0.22647365352156745,0.2097464649997956,0.15477577947293503,0.1529180469773548,0.251863322509199,0.14386705917722037,0.17394129357682717,0.14255575983174237,0.15174137350934416,0.27573000260371333,0.2145566405358529,0.38543348406094535,0.2799125142946795,0.37155081819186375,0.3671862399599638,0.3719419588506061,0.4510284291512668,0.4675386496281675,0.3918323160517949,0.410967068179389,0.36384157511839454,0.36154732937500755,0.3600558147496868,0.30640513596242347,0.25829541696814534,0.33270847432669026,0.3048295724898166,0.27034491858757265,0.278042623190742,0.45276061476267543,0.4562899075295582,0.5196981849977949,0.456925259160617,0.5430648800861918,0.6428043561577086,0.7263891256184948,0.7889425765215856,0.8368854834510632,0.8183996445899635
0.25044801512632264,0.42968686606948336,0.34765241172659833,0.28459488122424975,0.15915286096630102,0.2758014375604531,0.22508924937532135,0.18492288660292291,0.13606801777554772,0.20987252973526457,0.20328815236944167,0.27104556717323797,0.32388889455991643,0.2676336550322042,0.3338198816885983,0.2947550137244196,0.3795995209931706,0.2746026025169422,0.4382497504878276,0.3633846951954737,0.42709117218949777,0.4526725833492336,0.3448389260924908,0.3817270277824625,0.351169192629836,0.2773486618451382,0.432126167830243,0.24515840908139572,0.3114981086504393,0.2632195384119759,0.34090954660775086,0.2973545750297133,0.32564839012139296,0.36685533587308133,0.3093307493441363,0.44706457578576514,0.5127447816227664,0.502954378535638,0.5711900881788858,0.6991114867581658,0.7558055391355185,0.6980314236152603
0.30212468694516276,0.36463037143397253,0.2804561475223831,0.29444437241030724,0.2942561076775791,0.24477484317356607,0.15834639279212376,0.19061889696184212,0.19291059991030218,0.17344130178266773,0.2653206627209651,0.27248480275534137,0.16103540881682787,0.24224344403181694,0.31473672908494327,0.26602196601305317,0.3799088434420054,0.3459419464240222,0.3547764764351785,0.4756146479912037,0.41481061355888027,0.3545073091962879,0.3074908154546513,0.318797693175909,0.30189368919137527,0.27804975909789525,0.30885025922998716,0.21725304959844255,0.32701633859307205,0.3167498276960683,0.21259918987377338,0.3045192940576503,0.32114852665319765,0.35788066286201836,0.404708309639849,0.4928955618047066,0.6611860676474035,0.5089723584128488,0.7732880518109077,0.7186753093033159,0.688957173371943,0.7538225233764551
0.35376860133297544,0.29952424099547376,0.2684101872015117,0.26851785634482506,0.2406360043689555,0.15634008345391867,0.183740135183544,0.12947266887760006,0.179350419084905,0.1614484159279129,0.1743743043805158,0.2932107228480423,0.351889198045019,0.2617999727647225,0.3004419604078665,0.32356282878901055,0.32790935565258256,0.3469808575104806,0.45009019622114177,0.36607388479879754,0.39191314856397125,0.3218849330346415,0.33780904069344403,0.2747349678712684,0.2796231605523131,0.2565998266723654,0.27167424536621765,0.25210683277122276,0.2437637179774376,0.3417138367435478,0.2759511148734315,0.3774979990231948,0.3062637783319758,0.3166068309556,0.35177959124153063,0.568462547067699,0.5309896176593926,0.6075729133468155,0.6024713489698195,0.6922756303639555,0.7219200884258787,0.8644908448358891
-0.3843088882068337,-0.404894704052384,-0.3886559468063703,-0.3731917471017768,-0.23288522299819464,-0.33512202402662866,-0.22914044220981908,-0.3239056802661538,-0.36533613045049007,-0.2338981496821087,-0.2715575193866752,-0.40955519457778183,-0.3626865150851902,-0.33065642633517145,-0.41585388946863594,-0.36756020708924003,-0.3526761818347358,-0.23560138403484795,-0.30813544834187157,-0.2634727992414763,-0.3954696384065175,-0.3434493478884732,-0.2779729549212036,-0.35329350813503724,-0.24053072384021573,-0.39932679949488004,-0.25801278527620414,-0.2948178709330257,-0.3709375397139452,-0.3824927796314611,-0.39174995625688397,-0.3276451865316019,-0.24257241961905304,-0.3533830004622535,-0.28503120794295206,-0.3580153871099296,-0.41849889432515625,-0.2675497180486456,-0.3658846542378618,-0.27104029525224904,-0.27884282634689367,-0.3889889038076364
-0.2923695776833887,-0.3895485704245227,-0.3068872349432568,-0.3743167590427233,-0.33470597644895966,-0.2570686278778545,-0.3150683593369554,-0.27937209888044395,-0.21178457690480804,-0.35024689707711504,-0.22458737371932955,-0.28017819267981564,-0.39217720561335656,-0.22283120088785113,-0.24570277345487063,-0.21668479200454227,-0.3661227323444399,-0.4035455605893982,-0.3750431921977572,-0.35602538808363526,-0.31612375187620745,-0.3880672682318789,-0.4026239100230172,-0.28130566614313157,-0.34202565968596627,-0.28607317859393455,-0.25394976926727897,-0.25704580103194813,-0.2952514958194305,-0.3877591486656059,-0.22562353282299463,-0.38041745287129053,-0.3380915644057706,-0.33986732102572403,-0.24119908547761784,-0.3219542345538315,-0.35638574496014247,-0.3224574810504941,-0.2699621003935272,-0.3327719583432667,-0.3330539701406282,-0.2449634577949873
-0.2996551347101165,-0.310094080024261,-0.2907619265512951,-0.38487693698591807,-0.33105185587738883,-0.3843145320017393,-0.22918069663751636,-0.32710596023443805,-0.3401113711660676,-0.39431964227656535,-0.33329147608145765,-0.22070620710572866,-0.3786551897672674,-0.2672531220764291,-0.28103833895074315,-0.20450520469728561,-0.33660508935843136,-0.29990094127858485,-0.3701815156925405,-0.2926331898789816,-0.307234886189291,-0.34149841542446296,-0.22637524782027363,-0.3769913387029877,-0.3790567411024959,-0.2831124480825668,-0.27987076874410666,-0.3121268018160687,-0.378857334214033,-0.2503341112996765,-0.33162234508475236,-0.2685661857748368,-0.2768606161091116,-0.29007106733645627,-0.32746863503389045,-0.38788381309283126,-0.21345960983228113,-0.3677854743837922,-0.2429083144512231,-0.35863135577674465,-0.31688525576209425,-0.38633147222103836
-0.27571504708090067,-0.22789493398202856,-0.31191974358216945,-0.3731696734875582,-0.30675916786874696,-0.3581122310404491,-0.3341783882403306,-0.30696751236369263,-0.286241688521727,-0.3636178501376687,-0.2596914608801901,-0.2355043567568627,-0.23676269079016324,-0.22176532880631877,-0.20858037466560062,-0.20147010367625845,-0.3651591837417992,-0.2560398564814035,-0.3276148419461423,-0.2742104058256618,-0.20622432007165273,-0.23403896939572122,-0.2874429744213478,-0.27922099930810934,-0.2656475954943344,-0.22495526022368123,-0.253508085877688,-0.25880073991305175,-0.32769011465216225,-0.3448502904621081,-0.21249114392682933,-0.3756496082079508,-0.28827670873767475,-0.33688813472211976,-0.34770615343241906,-0.31759572309676964,-0.31977541087260497,-0.3776998517141143,-0.22379093871782135,-0.2607565745202285,-0.3649252851880559,-0.3336547613021337
-0.3271463805876506,-0.30355313432985637,-0.20880628863401463,-0.21742625378553118,-0.33145321921112886,-0.30619353451984593,-0.22833835992173526,-0.22871259601635663,-0.31591218330091925,-0.32145255924974636,-0.1999992262011557,-0.2117238475211836,-0.2674021240274049,-0.18521809209736048,-0.29340542722932683,-0.35812222886067174,-0.2780263416057903,-0.29795721103056705,-0.24409240748311803,-0.25145935416806053,-0.26418109540535845,-0.24983972820886455,-0.2642640088736409,-0.2281148125607415,-0.2216858077835813,-0.34701896640492425,-0.18127468211489006,-0.34367298020638665,-0.33237530030426277,-0.296277421279933,-0.3344846688774876,-0.37190425231499347,-0.2527742973891865,-0.25284753629041007,-0.25987635246683083,-0.2002712944528763,-0.2659514300427287,-0.35230000008385276,-0.28559811438478816,-0.26884746544022026,-0.2581729784202118,-0.3386701233458213
-0.29699441616474165,-0.3060194898930042,-0.28085550075908006,-0.2562642199690535,-0.23192588275191378,-0.27762148346506427,-0.19368529730662934,-0.24220856535719554,-0.2105781423984988,-0.3052333226103613,-0.25269236832641356,-0.22607957007815332,-0.32160999293000087,-0.3219300867516649,-0.1990515577990186,-0.30323708322969706,-0.25629117530161,-0.18236440909647061,-0.24002844539893056,-0.21338362427556865,-0.22597689590604447,-0.22516171999780424,-0.1757424456818282,-0.17615945434858643,-0.3554077691231871,-0.33024546573406105,-0.21053341945404583,-0.21767724213679157,-0.17465357947572527,-0.28250221577489076,-0.2253198427231478,-0.2510719236970493,-0.20184125908323172,-0.26767315199515807,-0.255360816921706,-0.3446453794443855,-0.30485997088411293,-0.1767870002219749,-0.300715930014255,-0.24364609456797104,-0.2261150000792606,-0.17612510505624832
-0.21871042744204547,-0.22127387051853847,-0.15522788508851842,-0.3280348865002597,-0.17221450935548022,-0.3119567250664706,-0.345323650393066,-0.1566361188395047,-0.2818410359338529,-0.25646090020459456,-0.2710493210767917,-0.1824256630819228,-0.15760014727661292,-0.16654846231966827,-0.2900984599445454,-0.22049131328913354,-0.19489454269540785,-0.15784105101487675,-0.20116296961623337,-0.20471112354540894,-0.253744686004723,-0.1635800061625013,-0.24461790410630527,-0.20022102144376855,-0.2409559391531179,-0.3291701777345208,-0.254949148933908,-0.16659519841389248,-0.22077239722736947,-0.21375129540373988,-0.30283800023782936,-0.1930167378701497,-0.2584460872295008,-0.22338395280842654,-0.1685751676595018,-0.2898701814014545,-0.1738426023395394,-0.23630691119626684,-0.25284213772318476,-0.16672505921977337,-0.18111878130539957,-0.3042933476900163
