gfs-wave-data.json
{"header": {"parameterCategory":2,"parameterNumber":3,"dx":2.5,"dy":2.5,"nx":144,"ny":73,"la1":90.0,"la2":-90.0,"lo1":0.0,"lo2":357.5}, "data":
[rows 0 to 18 of 73, columns 42 to 83 of 144]
0.3886893448954766,0.1848292105516637,0.3160879208688011,0.16665572718244598,0.19376072962647678,0.22328192155243679,0.15197519983026275,0.14705120683918982,0.22347002565580168,0.1450674675543346,0.1052875926099137,0.18158314397503272,0.12866741481546967,0.277403239659595,0.31924023578843336,0.20588219777547315,0.3299599791051834,0.372763968497741,0.29935990950121133,0.2923680721350006,0.31622126860533306,0.323893098129483,0.27099408475469605,0.42765594476232155,0.34838933888886836,0.3589478383096992,0.2525752306054619,0.19174716338314665,0.26135170873819596,0.36478241577195114,0.2860231577412294,0.26007564490380763,0.3012551847496857,0.4441268406591738,0.31917519138812733,0.5198206272524843,0.45521993217511875,0.5473949708621249,0.5512758435326601,0.7602817468536759,0.7196779028302133,0.8389616224343615
0.27364144031911514,0.2469414523142996,0.20945989046741026,0.2440980765615001,0.14898507191851265,0.10476194425216956,0.19282504504614184,0.204803178944396,0.11797419153164071,0.13005406250922102,0.11369453626407455,0.13544400814817,0.1721846176985658,0.193752023153977,0.17236170052721705,0.309776932500803,0.20564712251801726,0.3096083978801136,0.23348421116778842,0.23119173760252182,0.2465511869975964,0.28625023438573793,0.29048549665722323,0.31342376842524033,0.3371723558243783,0.3413778441333528,0.18056218239766275,0.2337169507604511,0.24407891524945757,0.16779394444938983,0.29330082640695593,0.27086217963675996,0.3077336748963196,0.27815607026957684,0.42001124064743833,0.35511884200154753,0.43293145640384595,0.5969139889126336,0.6964529770852412,0.7133383193004534,0.6522117350532312,0.744775775356898
0.27963781726744735,0.16908214860266238,0.17724111792193664,0.18697934671759942,0.18851563015783232,0.13471338079045833,0.11751365104447191,0.09607650539972928,0.1313306811186795,0.1339263459256229,0.15003040360991585,0.12758610747314933,0.143790972215799,0.16942705435313124,0.28036437766818867,0.19435296008485412,0.3364872810283781,0.35261826750457725,0.22790766979242866,0.2596692058359934,0.34382546209103926,0.38172373770304213,0.2520646309247228,0.2686724454321988,0.3454351243077937,0.3180650227578789,0.24522120792740537,0.25649169103485125,0.30131126585947393,0.2317456330113486,0.30412785628392514,0.3245687587068064,0.2478986763083228,0.40200921736026085,0.4580403508269929,0.48198298781665216,0.5078312876125082,0.5664668866013042,0.523596884329247,0.6550673509392284,0.5901804613090106,0.7603663840773802
0.2625470328566872,0.19086476714785428,0.30296392388820176,0.14089759016477987,0.16259427733065301,0.2241209199728632,0.20212352119358004,0.13862974461457542,0.109189321702819,0.09735929670614828,0.08918214239720142,0.1637703068392283,0.1687530488388779,0.19545935747145202,0.29974693279772796,0.16522307997494892,0.35048472864199925,0.3394007302336655,0.36655655391968095,0.284209049828944,0.28269912223747756,0.33103784504509554,0.21779727900366128,0.31552174215726286,0.2941105818213022,0.3694659457846512,0.2798265009522456,0.2477558840404507,0.2929049644028599,0.21219482106660734,0.2783725682067841,0.2675755055986522,0.3584317939002848,0.2919846722449844,0.4136578275680615,0.4379998355536027,0.44319414655715395,0.49362123727942847,0.5774197213686012,0.6399828779611993,0.6515536641999943,0.7109077826047785
0.1848931886809321,0.23664567668999364,0.20029129983875374,0.2627002403755948,0.12377252993064425,0.131257840801874,0.12275277732593673,0.18487366665762942,0.07838932088991668,0.11532667011149489,0.16250827081466476,0.09431176604276723,0.17955833338998026,0.13842775342727348,0.1614043180120429,0.2740560140656194,0.23328855907433976,0.28641363594844443,0.33287888226229934,0.34711150236139876,0.19473751255861677,0.3070109797227126,0.23483280271172788,0.260303663270583,0.22478518435548128,0.31731637280205865,0.30466203099876654,0.27444886237621074,0.22026793222803132,0.23525092197594955,0.3002912446654701,0.35654116552979465,0.29632939631875305,0.26928561115586136,0.2879870581422241,0.5188912037523975,0.5110269188887379,0.4552438682571956,0.4894527306051195,0.6574562270463629,0.7037689680725565,0.7635698822975053
0.20188467289860412,0.29584100229491955,0.14919089504008964,0.20889986885646605,0.15079009068187094,0.09647848882123357,0.16671727974114667,0.10189727928713194,0.07265161382736694,0.07000466354535002,0.19432853004492162,0.13769811592885603,0.1116291587616071,0.19216269172007455,0.2404047220995739,0.1770539777585848,0.13732773994545092,0.28373066066243,0.2769068434830762,0.3258390812458829,0.3335488195348154,0.25339115311832233,0.29748556341150767,0.22207651590695404,0.216193286573503,0.25038027937813906,0.30076382047947653,0.18750727871868328,0.24568195413584232,0.19324125899454087,0.2629944301926898,0.26124789055701364,0.3221022909443379,0.31640527659086554,0.26154695023798885,0.39228482905797546,0.4109964718806629,0.5775370488658012,0.44396639347351907,0.6188015838125072,0.5831502553383879,0.6958914092311805
0.21589220008327814,0.1511159037676918,0.19990492177360483,0.09969056764258763,0.17295684503334588,0.17930943412923112,0.18746816555654147,0.16718073940057393,0.1248496969369962,0.15358867447105348,0.13780377109217928,0.13387442109703654,0.15815798860128202,0.2548971689296209,0.25211680167570927,0.21416249038683752,0.2838512566823543,0.15604738295632745,0.32409006762210063,0.2140816121442326,0.3153789080855991,0.23528602889487793,0.2553855214361048,0.3171583185604373,0.18704078381497347,0.19585708649443062,0.2666019952049341,0.2938753149527394,0.19930308825145354,0.14890754538513362,0.2596214158138553,0.30507914378341394,0.24733430540228185,0.26999311204138865,0.37826440599734434,0.39320378311512416,0.4364506686927366,0.4623873615973388,0.6192446129760814,0.7010402259599089,0.6444540042036431,0.6890589970413712
0.21019809858546698,0.22331410931528264,0.11762319677955656,0.16397087060277216,0.12600923033261674,0.16411057674872317,0.08213372603135338,0.13274700976858406,0.16986451523518012,0.15427005321564174,0.08753491662199467,0.07747195033726006,0.22732789911111487,0.18072103560797942,0.10159082169655219,0.13538258242031506,0.1131526097231732,0.23547836719784418,0.22569514642268138,0.15961259790290677,0.15731045359400792,0.1976262391879374,0.2936585397942647,0.16509729754295688,0.21252439105608742,0.19852508758085227,0.17346436195294113,0.21872166454570902,0.20946937629200435,0.23611326852566117,0.18737146721782907,0.2956097157263632,0.22627169067984748,0.1894564773403876,0.24283878816012483,0.396735353234616,0.37493339957449984,0.44560033425606116,0.4834666111505298,0.5377819259826101,0.5715338921769472,0.7402636638451772
0.14820557726045744,0.12960706061372626,0.1693946582201181,0.15991424402335574,0.13056411587624092,0.062035537156330006,0.06934560696524651,0.16315471408251186,0.11030801459571679,0.05428480000178485,0.06595229752283659,0.11392692259578255,0.171145939377563,0.2030547985113788,0.17560278856945918,0.09829071519177433,0.21431271371739194,0.20273310060231775,0.14051917804055541,0.15260227770414347,0.14175448485541495,0.296898607730427,0.3208575689321623,0.2550584094922383,0.19708697718154047,0.24710980351900957,0.16421606046676512,0.27909112320654156,0.1704991212707846,0.290311355961856,0.2278071978972645,0.1546221759863362,0.256709692363263,0.20284286326079184,0.3003300691805624,0.41269429352863146,0.4359430863296011,0.45500350342915336,0.4349863464740944,0.47478177346179506,0.6073423849190976,0.649539730324704
0.22224696351548223,0.18402280299724866,0.24889465684343706,0.09618330901232194,0.11597684336718662,0.1881293478873812,0.12555513535455337,0.0709151084321675,0.11873973760249192,0.0645873129498441,0.07506364731255498,0.10810407462830848,0.17110104645915564,0.17972839214722566,0.10691802154659727,0.1750250593533421,0.18262945635526467,0.25120950972560124,0.15490434091330504,0.2780095282955186,0.18379964270566101,0.15985541061841446,0.19450371712439163,0.21891940055404535,0.23074595441205845,0.22703660272232012,0.2805214192892885,0.20316104243452618,0.20305216877007629,0.18815126773841123,0.18115068745628501,0.2983562349935737,0.19136103994717307,0.30588650923861643,0.2749851653477969,0.41793881220773615,0.44447750819966975,0.5511992907584057,0.5362068616893668,0.527827493713282,0.5035950516721448,0.5325978441781531
0.20377079189344036,0.19784678941907793,0.11484085712049794,0.18439525391445316,0.11862170876911632,0.12447953336185126,0.10853535879860415,0.15593232760444625,0.1444886044556385,0.05100641515863938,0.05286740093682192,0.1260008909389453,0.09005609048230045,0.09899236171791424,0.08215465047076854,0.1470648921853237,0.18656546866313753,0.11219134101680996,0.20139946325794558,0.3068169445625406,0.29508399362132925,0.19505972717163753,0.2553489880839453,0.19164887471884468,0.2107894751537518,0.1300960735563263,0.2311438606140985,0.2227774631410155,0.17286946122477825,0.15372164159393925,0.2359217032118894,0.31016086629349743,0.2930934572298087,0.21015213850326386,0.24223442405007597,0.283452365914006,0.34449055906926906,0.4983475059012278,0.5274391821065784,0.6283251168045235,0.556232231995503,0.6608784886835993
0.17396014049510786,0.17750448977124564,0.19633830009006528,0.17505704181058943,0.11031416134018414,0.07118926244666464,0.07924401961771496,0.08070357011479434,0.10349520038035045,0.048707533302759,0.06670497181055972,0.04137397756009535,0.09052049205876478,0.15699025928177088,0.06968903982004171,0.15894939958022208,0.09360412827370149,0.11134413820552236,0.17277631594565193,0.11827481124549244,0.24886640433153753,0.2314893470273475,0.2381228133293262,0.2913111356176333,0.16328842346384972,0.1799372230376283,0.26232549793125676,0.22046735325460995,0.14183963195318153,0.15090957334771024,0.27048570969835967,0.26585633101098843,0.30163471937019953,0.23188950943830972,0.25667207685582755,0.32288453405224443,0.36282683770980484,0.4482002191777493,0.4739822771364514,0.4917945448989164,0.6574607585284282,0.6306826906808733
-0.17284442644749481,-0.1930265952507841,-0.1955910309868139,-0.059002703486606474,-0.14866269865175177,-0.0466960367080117,-0.05280821879790751,-0.14468067734041917,-0.18680476945061691,-0.047930874651870785,-0.21944128742256425,-0.18324384082047795,-0.17359241966528158,-0.12950546400819113,-0.16160194917572457,-0.2374281453341667,-0.08661123007811654,-0.16915795404468711,-0.06508785740291323,-0.09468837388530983,-0.16657392001611274,-0.23063758848460905,-0.06111299488871364,-0.10157349027753851,-0.1376524554185262,-0.06566153065403252,-0.23587145191935768,-0.06981918820381343,-0.09524632334787336,-0.2317862251230182,-0.10785053028622771,-0.0815391120796395,-0.19338625584706126,-0.09640445674051724,-0.13264451614146158,-0.06348609029710767,-0.15884577049768928,-0.10505744290706263,-0.11742498792196206,-0.0806992277595927,-0.11593923953067095,-0.1627415755211445
-0.21107030526619744,-0.040741027485279524,-0.20903892979508185,-0.07855818917959909,-0.17322002193717997,-0.045137741301407505,-0.19956912969474466,-0.094687187824396,-0.1840786141325418,-0.10242983811649986,-0.18557250350766274,-0.08033234088132911,-0.13400412044696478,-0.06511202013763033,-0.12043028429964647,-0.1904772957793339,-0.22330102933154983,-0.04927420496204291,-0.05538731224982028,-0.1570296443628579,-0.17023258471807262,-0.15597625152714742,-0.15000151716303842,-0.10112966038689535,-0.10590367351742419,-0.20859624706172988,-0.08078981686282177,-0.1491298169388912,-0.17194454165498058,-0.06147563448574948,-0.21335287428404176,-0.07580084039072042,-0.03817318873891743,-0.1770781682351956,-0.1767865166725703,-0.04274234455699771,-0.22250182369258692,-0.2213578378029866,-0.1975527380836599,-0.045977152893263526,-0.2148064759482844,-0.1711696090915615
-0.1779634629222826,-0.06645545122684293,-0.06473322778880691,-0.0350870154237629,-0.10728650484016317,-0.21967896690278632,-0.13804879952665441,-0.0993702294153317,-0.12610915113523002,-0.2234817195168699,-0.1607903019630615,-0.04252902364603708,-0.07422898098321144,-0.10923338509124986,-0.08623908848679011,-0.16271762839259815,-0.14176797450351286,-0.1978763460756815,-0.11894860831890015,-0.1592547794993217,-0.16426840956574507,-0.18289211644495468,-0.09042607467300881,-0.05321071814528777,-0.17545567295552691,-0.1683517420200885,-0.14970185836507569,-0.10290220135016877,-0.16150583842691615,-0.047815430623837925,-0.16850507640592371,-0.08341600852941326,-0.14719406604594323,-0.1886154999135886,-0.1281208729887962,-0.10680219466669495,-0.20866425445900808,-0.05285062383500295,-0.02916862848167405,-0.08450530244357977,-0.1702860333259938,-0.04995767396812905
-0.19423937810857797,-0.1844362705759559,-0.17908411086468812,-0.18171525649965176,-0.05947651219014606,-0.08569763156276382,-0.15204399893212311,-0.14841243143347993,-0.08512336253807891,-0.09909956894495024,-0.02917422563552758,-0.11665292083646148,-0.1356942957279426,-0.18587585038877122,-0.1353201635793646,-0.13091548398076663,-0.16860344233969204,-0.13798841048130328,-0.1264398793604871,-0.11028698338322167,-0.09295131363507096,-0.1749161863525963,-0.18171593863703572,-0.20495457522593202,-0.1271306700776781,-0.14859360482612607,-0.02404903789284769,-0.14923869092423747,-0.06758256948368538,-0.11146287148885975,-0.10194826000316831,-0.05160943467301742,-0.14829240018026424,-0.02476564886317038,-0.20116044905039654,-0.13764305451173017,-0.059463285357203355,-0.10182357874455525,-0.07608154843307251,-0.053712129035970564,-0.07758664626217211,-0.10540503160793184
-0.07544096939940614,-0.1085593964530927,-0.17737972978653138,-0.16306308578559003,-0.17617793230299966,-0.20150351210710854,-0.027250477847975407,-0.1897533518154689,-0.15691027039143093,-0.1471714950366671,-0.15971439363229306,-0.17829367365577678,-0.05656508747361487,-0.07829542396439806,-0.1927880223550409,-0.1912706547894513,-0.13844313920821638,-0.17437623349073403,-0.17534988189879333,-0.09085192927742854,-0.06975213282923119,-0.17609976477937236,-0.0200448216879248,-0.1752065679735313,-0.17856015551613158,-0.18104568215471192,-0.20780908677452145,-0.08093240425135825,-0.05890649652838361,-0.0818299395951277,-0.14507051244723515,-0.0967160671552721,-0.10553342069793857,-0.19236187029179153,-0.018444774944029022,-0.10954293761705419,-0.2051859928357878,-0.08342458101368445,-0.040784174441410734,-0.06993797338388137,-0.17959529453661188,-0.19252648855887786
-0.016533383494154234,-0.0976414048993821,-0.15226982754098556,-0.170175489118688,-0.13508450925891988,-0.02628065817334644,-0.16589500687678102,-0.20109140157185407,-0.057499190788211176,-0.09797322844124934,-0.10201663137910813,-0.17171980240072074,-0.16477909756912373,-0.04330938998386167,-0.017825584002830314,-0.1108890469421563,-0.19555262849833419,-0.06819480656703256,-0.17321020255081343,-0.19290721248991985,-0.08044381222072926,-0.07555687573138099,-0.030135958758815067,-0.07538965638157989,-0.1549450930031155,-0.052830079610975425,-0.11896555792908023,-0.022423472724939997,-0.19972262263535975,-0.1447286595595268,-0.07188530268802772,-0.0794541702318292,-0.11636771814178294,-0.1939714221720478,-0.018598560447694756,-0.16602354319835338,-0.05924165545044757,-0.13849618795664656,-0.11473661205850598,-0.056905955433817906,-0.1769816715912,-0.07558803178557522
-0.056879960572719726,-0.20259886807748173,-0.18043827174526528,-0.14670198421576333,-0.028765890485613402,-0.07102333476849872,-0.0101913809803338,-0.189782704335703,-0.04173218799995998,-0.032949630368859055,-0.18619536966830458,-0.059634048886750494,-0.07329980050709545,-0.03278257665475573,-0.01337529778931749,-0.053803863927808775,-0.07832000762356855,-0.1029810183679664,-0.08098727086663952,-0.040740255619909266,-0.048272124686267084,-0.06836464350327995,-0.14743574074744983,-0.15156774800572673,-0.10501338190771149,-0.16869305944498184,-0.037821628603295604,-0.0458255615999334,-0.2030190760076248,-0.15963928915673192,-0.14490287679101327,-0.008044408077099989,-0.07629518667644337,-0.10010769076080574,-0.03770992008325889,-0.046093318202817694,-0.19663093108546728,-0.08687533960489872,-0.1619432105934628,-0.16889282002798534,-0.06174442121997218,-0.06992604972646349
