gfs-wave-data.json
{"header": {"parameterCategory":2,"parameterNumber":3,"dx":2.5,"dy":2.5,"nx":144,"ny":73,"la1":90.0,"la2":-90.0,"lo1":0.0,"lo2":357.5}, "data":
[rows 38 to 56 of 73, columns 0 to 41 of 144]
0.16259085060120937,0.1110792744699911,0.12945691921328198,0.29323567011418555,0.5378693392137542,0.5997976726119197,0.8594336746280758,0.7141755661599352,0.9159442872878337,1.036989490793195,1.0701123326077664,1.0258719125218787,0.9608198088557669,0.99177975903561,1.2002713615899903,1.0684620405449463,1.0084225538772484,0.8474892423688715,0.8151273974784743,0.9069575743057137,0.8418065068851521,0.5952144616850242,0.5736383325768549,0.3723994213426917,0.049669755165028404,0.048551077430179244,-0.3274507720522509,-0.44950663843633465,-0.6348344362820015,-0.757336301053975,-0.7036301529892296,-0.7095497336627808,-0.7836688214560592,-0.7204773525846776,-0.7605208536757803,-0.7727520544550385,-0.8986693385660576,-0.8027185863907319,-0.6700555711321146,-0.7094846636303835,-0.5104719087644053,-0.5121650110738828
0.0097036568479886,0.1189334184465943,0.2633086285632686,0.38706999154688587,0.3890571196998862,0.6768374581674764,0.6990216422715655,0.7183388307658727,1.0285710203377203,0.9788633901569977,1.010204676687318,1.0793559775137078,1.0860578735163549,0.9819095763538497,0.9719906986595974,0.9527140431844885,0.8608046436513241,0.8884357089294836,0.9054972422526701,0.7402460475891509,0.5546614551963401,0.42325760646959715,0.25696250565625517,0.04522102537912683,-0.14057866023784563,-0.19332128615916389,-0.24521349425746033,-0.4513121080682883,-0.5565382658014278,-0.6377015545636832,-0.9190111466846331,-0.841933244414011,-0.8214511235487852,-0.7591287184542205,-0.7119193136384719,-0.695225163168533,-0.7727226222677623,-0.7703510477451911,-0.8179144697037546,-0.6496833157432607,-0.6176303298750981,-0.5850281271506016
0.02509813913618189,0.025027533798036083,0.3089489972013655,0.25813037949428136,0.5314668483964937,0.7144825450073392,0.7746556077162957,0.9775910254144136,0.9733688574940489,1.0649233592321516,1.061919374156251,1.1328393315262748,1.0432399978168128,1.1734802607184056,0.9261033643010772,1.0732166485663053,0.8650118841087828,0.8811993177892596,0.979347070993149,0.9401779863272405,0.5935461748003471,0.6013133450966588,0.1556808575628844,0.0712007659765144,0.17829948875290846,0.03030273132802592,-0.3892961631612692,-0.43747878772642296,-0.4692413412554544,-0.6222963079858516,-0.7215678210974977,-0.7628074500636064,-0.8154582543565944,-0.9186432516241576,-0.8107098826884334,-0.8499016262867023,-0.7458898844316434,-0.7128025186535798,-0.7012611116086263,-0.6688133484404161,-0.6399763020099318,-0.4814329634667051
0.057149693815530166,0.21064390832180677,0.2881080132282881,0.4285744964900549,0.3947265889233429,0.6736884515877969,0.7811104010001728,0.6869995579901217,0.812481847194833,1.1028417624620956,1.1217352486080303,1.045113887649434,1.1338400448043577,1.066282038294859,0.9697473784158658,1.0282253907959458,0.9428219142952379,1.0177170044420327,0.8318261035040526,0.7891883315211872,0.5096973631107884,0.5959680598044718,0.35338302393225623,0.3468461477938669,0.11836483728895228,-0.11169328497920664,-0.2973148622409615,-0.6279419909303362,-0.6577141773775832,-0.617681704495265,-0.7300211473481134,-0.8245673542218649,-0.8282227414733137,-0.7164122964654889,-0.7770189615569101,-0.8027544116863474,-0.7063815904215641,-0.7596923945254931,-0.6379079629715122,-0.6968671200232197,-0.5341534604481426,-0.499673943913746
-0.3465815635282228,-0.3072390835948432,-0.4235777230774058,-0.3495192392642009,-0.29724063319652744,-0.3060207654342201,-0.46557027053294825,-0.47175392643073033,-0.3309777516731678,-0.4426097721007542,-0.4477514095650265,-0.4559297106692866,-0.41700217332246853,-0.4610498191572956,-0.28917336333164717,-0.4686546841935571,-0.4167647695652158,-0.44915665533909604,-0.45854960920126037,-0.40171994960496965,-0.4185863707456057,-0.3019160188861284,-0.32193948995344696,-0.29412402718290215,-0.3609762991656912,-0.3771662320831704,-0.45105755453634205,-0.4059406447250661,-0.3494137073927574,-0.47792281301519657,-0.43926880132695656,-0.36338554732332234,-0.438427892182201,-0.3881483509048385,-0.3889086928053571,-0.4473593651662462,-0.44551173298601515,-0.47732858830156344,-0.43712821118893586,-0.3223460560714961,-0.36741821803096875,-0.28634797639413556
0.6796606639820176,0.5162571931503179,0.6206270186971679,0.6256783187864211,0.6282058422107968,0.6700266293449695,0.790753690547397,0.5756651240842349,0.8297904818802639,0.9783960970818287,0.8084740927368359,0.8246912348881545,0.93989520809239,0.7770897247581277,0.8192888193450855,1.0164094761141291,0.9196823505182201,0.950151632972103,1.102204076276951,1.0173587499302228,0.8385662837153293,1.1072292949833615,1.0931182653461975,1.058992180854881,1.1492532369476567,1.0241025404671686,1.1150191923334571,1.1065647540990986,0.8966004226201936,1.2145713316231128,1.110766399432213,0.8226030415291217,0.96120401888143,1.1502848049908307,1.087283364233131,0.8771311079694101,1.0378811109420825,0.8372729107687044,1.019155212590306,1.0214439817195942,0.8895264241401535,0.9229180043569757
0.678165495952243,0.550920690051141,0.6873031273090482,0.8133004829747074,0.5787846438123877,0.6123379082354901,0.743741618638336,0.5479590725203294,0.9403762001955122,0.9831754803359004,0.6681156320300543,0.8179216324608972,0.7214530392445176,0.8681571099815457,0.7237372264489816,0.8581190700362076,0.8874958021063103,0.8718399336691685,0.930250935603164,0.9703134371327329,1.081941904906077,1.1104894358641006,0.9293348413463558,1.115147087410929,1.0175378376051905,1.092933653563563,1.0545151185029722,0.8974334484779838,1.030235163149428,0.8472719788230444,0.8218722537899958,0.8750199884343435,1.1587794099168909,1.1179633726010612,0.934914431802858,0.8060907663321226,1.137445129012368,0.9132184810101182,0.9567899735597076,1.032972861295129,1.0809448735576035,0.9448618942167294
0.4014861556957934,0.46289752709718834,0.6241420297598845,0.6316668230953384,0.4942206930972126,0.7231912598492898,0.4792811796684478,0.5902753281748925,0.8018130447789478,0.8661916807935284,0.60596855523061,0.8431297767171587,0.9688991556643357,0.7696792785830615,0.7658675187850881,1.0907535842444254,0.8247537842367794,0.9207035605083776,1.1498514076014996,1.135663067834763,1.1092420146208644,1.153117517357659,1.074648426889071,0.8894962728223336,0.8829420986309239,1.0588334639444739,1.023506533833788,1.00233743537425,1.0624841326600492,1.038482992688995,0.9647367685571739,1.115834258701074,1.0954801415146167,1.1345352975064875,0.882864662180361,1.110218672576678,1.1593030115496048,0.894006546734369,1.017371830067489,0.7744474117408079,1.0619849403450186,0.9871188279645516
0.6702009282690676,0.5666329430674549,0.5027026293762864,0.6134076517749489,0.6611887865042828,0.576941591190824,0.7954427525377648,0.736781483041871,0.87240428797255,0.7474132981934223,0.5860556062659463,0.7311758369183438,0.9350381506234788,0.8636952322954337,0.9468657476782387,0.9641472326665675,0.8763262147226428,0.7611574780005983,0.957740154823908,0.7752827689244278,0.858090529918875,1.0700216364183854,0.9915180002255426,0.9456907562427217,1.0153813815671884,1.0709085069693949,0.9877660837847455,0.9584157996795467,0.870763921422942,0.9716001561522803,0.9494838140748292,1.2078395309337493,0.9179285383268392,0.8830726934246761,1.0372033190864116,1.094819377602721,1.0012989246757922,0.9627117902296173,0.8545637506447421,0.9713151465625497,1.0360782056091096,1.0375298145007001
0.6349394483040639,0.4512730738673297,0.6687085671951749,0.7303950259379135,0.5475763813495734,0.5150270123063484,0.8637400409060979,0.5329792422138323,0.7081262533604542,0.740541056250879,0.6494304352239243,0.8721260659827135,0.8433673210512757,0.9100818551269526,0.6655364016121849,0.6725337245945916,0.8470083413111645,0.9574739300011149,0.9517826757316582,0.900200628426143,1.0370165944021803,0.9403096517501164,0.8912497134486737,0.9023428204977179,0.8132507936416493,1.0930085484918908,0.7960019643060073,1.0608818259821031,0.9660965469760024,1.1365309819821934,1.0112663542120197,0.8396326810137063,1.0379466681576777,0.9412064782562468,1.0306744370754404,0.966850306437426,0.8776702213067821,0.962360817589523,1.0131150602743937,0.7529769669710086,0.9640817585186555,0.8749106712920252
-0.3627166358207151,-0.41323803941928144,-0.23568747019245914,-0.3594170090225234,-0.2795955639466302,-0.23476269986068746,-0.2576549843545376,-0.3686656317916345,-0.26393389828166625,-0.30820869987371535,-0.3092891394277,-0.31402537404849906,-0.34598317250153543,-0.36170686051967055,-0.22963842480203903,-0.38810539997254756,-0.331429790926255,-0.35251389843241454,-0.36279547435289156,-0.29728467037924483,-0.3158212703613201,-0.27591878852186197,-0.4006892518693303,-0.3201788395173357,-0.40451337820171607,-0.39176622746447226,-0.3787932680877538,-0.24744884356705024,-0.3572770312761194,-0.34291771360210604,-0.35169636205888555,-0.35693104558241745,-0.38752877642283523,-0.30855872192302486,-0.29622298009523823,-0.350106137256809,-0.4163433169693397,-0.23052283506232008,-0.3463924021691012,-0.36635997656294494,-0.4124734922323754,-0.2672018250622332
-0.06871393154177585,-0.13772785105117147,0.0467855873210392,-0.2704969055508527,-0.4578864169463955,-0.46457845832949995,-0.6349112017143684,-0.5813414481549054,-0.6371101604917692,-0.6212236709650034,-0.6351050116297436,-0.48340921930404845,-0.5939770298373621,-0.6480150615233452,-0.8621050278242521,-0.596255149281116,-0.873845402724475,-0.7568053797117404,-0.6277557283665419,-0.746281066053927,-0.8246583941678686,-0.8245177331988943,-0.7153658927331122,-0.47302366281828384,-0.7198875155783956,-0.5931730932247131,-0.66896335502586,-0.5270300220216059,-0.2839118795175392,-0.15063349740819218,-0.4220207160736378,-0.24601777351585408,-0.0356471600249325,-0.24568365564540354,0.08096317263055354,-0.11805218629145042,-0.1533070138471982,-0.07170710114123853,0.24487284081074742,0.04673162472263057,0.20021648809640646,0.16880291224536487
0.022629966184979,-0.2642202724720618,-0.08802306174457707,0.014045852672719104,-0.360791859266286,-0.5013569303774728,-0.5716658874415876,-0.5500136314064856,-0.4635008340906669,-0.38362465565555204,-0.6695871126419328,-0.5718962867806281,-0.8971771860366076,-0.4679026835481489,-0.9080779969611523,-0.9511051421561861,-0.8274013677754911,-0.47283338932745084,-0.7722427167291068,-0.5555830335028682,-0.541545081861383,-0.8183449330066802,-0.7215536103727218,-0.7192966567600999,-0.37798955561196396,-0.37768584603413,-0.4645836353300272,-0.3135399731053508,-0.33901003360592535,-0.1788746371169026,-0.11688493044437641,-0.43515369616077476,-0.2945124176464832,-0.19009104343258706,0.06515832216707879,-0.20147463265290097,0.13264189749217734,0.13391560041176484,0.19224417151540363,0.25382887559558753,0.23220044498144637,0.11378279218835798
-0.15903460053823756,-0.2550597141972079,-0.329323133592622,-0.03670560924853321,-0.1629637875139548,-0.44110072352844787,-0.29832933743320955,-0.5414585218870512,-0.2739005477278653,-0.6599410600906995,-0.4701214602590361,-0.403159864838612,-0.6766261255530658,-0.8020221049987883,-0.7377524290857257,-0.7794413777883562,-0.9274178054499528,-0.7023351133030811,-0.7261015523826586,-0.7411270583429587,-0.7889803033069497,-0.661042563028991,-0.7151792748871206,-0.8315347190812343,-0.7211042118268747,-0.7229100795411357,-0.3621073716787604,-0.4334843631854879,-0.268406549350542,-0.3359161198983771,-0.45446327175671336,-0.43641038795463893,-0.18341949511385006,-0.2903563776009575,0.06934096896722891,-0.03950165019710516,0.012840686679339712,0.08983784391782619,0.15629338772997411,0.17283385386798347,0.12524294397202654,0.28714244172299863
-0.2371311282053357,-0.31115625173403594,-0.22555358457158264,-0.22399206935900165,-0.1825479602499194,-0.3710268006501101,-0.3286463946044457,-0.30987252225776357,-0.3261873449746266,-0.20829254822014212,-0.3128083115374133,-0.25830226126313477,-0.2346739534644496,-0.32659739815252953,-0.3109194921944915,-0.27252969085438866,-0.2722832013059075,-0.20974210909485275,-0.23848640570083238,-0.339857830038631,-0.34804075189183487,-0.20779761335104716,-0.35491877519002263,-0.292390032041174,-0.19371936363166284,-0.311916752997823,-0.2896527928225684,-0.21919036085480234,-0.34683961073342806,-0.34488814803729806,-0.31187319509705197,-0.31588029547553464,-0.29620650173344926,-0.2703684819766843,-0.27964087877754495,-0.1929134691025979,-0.3750154770831306,-0.17895278715796226,-0.2964873075545487,-0.18756131931074496,-0.2920771820400373,-0.21587367422420306
0.3288912710384062,0.22888355470226068,0.0980211408445209,-0.5048820542242873,-0.2679299041447477,-0.20036220068377805,-0.46712541967242327,-0.8059942078433718,-0.4800142406873626,-0.6144746066936008,-1.1085528325556826,-0.7165810647240511,-1.1333871808758915,-1.1769191878205005,-1.163480783571512,-0.8251219606624407,-1.4222877208624523,-1.5275870707824466,-1.3173688438031985,-1.119977757022696,-1.022148166959897,-0.8740655760393167,-1.4861004910602875,-1.5502419374252523,-1.3648768866779395,-0.8148059314160226,-1.3232974539903215,-1.1757421949396676,-0.7215777116739606,-1.1631060226909338,-1.0512362419302312,-0.7032262655155523,-0.5246868156621071,0.04348026047703504,-0.26828107828254383,-0.47183910734646345,0.28177399867310965,-0.1116251126079843,0.03993480206940914,0.10056027009331114,0.4060717925869229,0.3715826919936154
-0.19532360038104604,-0.14657825274230982,-0.37733323962517284,0.06932776374773066,-0.20826718494267674,-0.6085441639525558,-0.34635783422820043,-0.9510720453436143,-0.8650133962435208,-1.1536923096865146,-1.0469263378969302,-0.8374836668243768,-1.4038013886215224,-1.2113673925181725,-1.4626009805454974,-1.184738400445202,-0.969424701054907,-1.3154743731140475,-1.3974504006503254,-1.3450206738123671,-0.8913588038858221,-1.3742091647455068,-0.8737797123372371,-1.3101004105084164,-1.4246632929724026,-1.4784646478803796,-0.6058526771862577,-0.9902459060792151,-0.8994488237567264,-1.080473909236916,-0.7255576361609017,-0.6984755893617686,-0.7942702211089073,0.024948417804731393,-0.31206113668456614,0.2034614781123492,0.2996329545936353,0.20276009332950218,0.33312828088501245,0.1416631376976458,0.5040379358841703,0.3154918352721564
0.18289716682893561,-0.38092052349266353,0.1061305217019034,-0.3870632784860179,-0.4818899384035645,-0.5527737240962524,-0.8771596541733343,-0.7622723659044319,-0.42037221435872923,-0.8972634918229679,-0.7720859516651533,-1.0188725476211387,-1.2495171948500488,-1.401356380546561,-0.7990470365912186,-1.5172662209167196,-1.2994770152800434,-1.0663227853836406,-1.6059474517251382,-1.4056022044284047,-1.422356854510504,-1.1488965821646464,-1.20249639519598,-1.398724318046395,-0.726080398777972,-1.024827503923788,-0.8909859845224299,-0.5872944495787932,-0.4825069553097842,-0.7633499688904251,-1.0581945068652905,-0.13372738226881728,-0.8061503165634549,-0.7346540586992671,-0.39801932057147454,0.34157758504858843,0.16467636098896773,0.38071005665997304,0.28185673850590576,0.6828150601396604,0.5502699284205542,0.6618515142797372
-0.2471641461070513,-0.2444774324765129,0.07375659508858899,-0.5418532446548281,-0.6965345120836829,-0.791178300056896,-0.6426776152118033,-0.5466638087377057,-0.7291761846099939,-0.7861745301425443,-1.1666684938463356,-1.043341272998989,-1.0535207040240666,-1.3238352103843247,-0.7787380193753213,-0.835726317794455,-1.025606693886915,-1.5973004063181546,-0.8937759111572713,-1.6119701489855627,-1.2896417677406784,-1.018437760646511,-1.6193974935459057,-1.6109198685629051,-0.9824119474685076,-0.9803209231435831,-1.3014598233055061,-1.3810079940427133,-0.9532005782727077,-0.6073293081631721,-0.2834234344203162,-0.37663939551797493,-0.9122622790256053,-0.39066242884904895,-0.06161653566324332,-0.5195724251815917,0.43941266791499506,-0.22655223286586165,-0.1819076435454524,0.44298669281097763,0.09497401850530567,1.0151640306194931
