gfs-wave-data.json
{"header": {"parameterCategory":2,"parameterNumber":2,"dx":2.5,"dy":2.5,"nx":144,"ny":73,"la1":90.0,"la2":-90.0,"lo1":0.0,"lo2":357.5}, "data":
[rows 19 to 37 of 73, columns 0 to 41 of 144]
1.977024817892052,1.8315085591553095,1.84047025385274,1.7313527359299827,0.04676681588396183,0.03844281546711637,0.05722138265548041,-0.017194937193229936,0.0166292296877176,-0.002422130418093183,0.0025538355795504263,-0.002856376096541497,-0.00038567817666298137,-0.010245558198198662,-0.01649073214209481,0.028451283942524296,0.026856542683341936,0.04055761681537201,-0.010187765465205586,-0.00869238351840746,0.010175982508531443,0.0427562474060348,0.007744948943155159,0.016367944161573788,0.002771395054658367,0.009661419121580632,-0.021886365243106574,-0.02052078989092269,-0.032373762341438156,-0.0378534716695374,0.04730382169092785,-0.04410854584420535,-0.0034889747363895376,0.023334969256668944,-0.025443383228530868,0.020123625475152018,0.04711227559381881,0.020269905652772553,0.010054773239072454,-0.02479741065220075,0.011536681450594095,0.009182992067476484
-0.03253375295398399,-0.018250523257284136,-0.046951234253304976,-0.017540618675422382,-0.006418251655603071,-0.025392880749597814,0.02273604366970116,0.009927240658385916,0.03455268616187443,-0.029284184194395803,0.02807000707678854,0.003634623335395107,0.019802097995423353,0.03983133530255487,0.0038325882524100274,-0.02246080714685787,-0.01649268842285267,0.05579891626882923,0.04000151191604284,0.052156191168559136,0.03617073188125643,0.03187844256819062,0.008867270779604775,-0.03555167016789918,0.0035308734579174153,-0.019677843353041867,-0.02048355970630356,0.044080942461049225,-0.023816032372591976,-0.030650363805907733,-0.021242889137536202,0.009572280175264885,0.04889315061451561,-0.04035195847159389,-0.002830767378130018,0.016166668705739202,-0.04153744188042681,0.025510826433562315,0.023952863405809346,0.047390116457410654,-0.04022282003954517,-0.050395134768975
1.6012085830501863,1.6350795554898772,1.7328482819389204,1.7485104833184764,1.6781708066746912,1.6227197933527242,1.5835095684072196,1.6735767845009504,1.6046121981087018,1.5445653788023372,1.618253371214618,1.5107659282807684,1.379616894899608,1.421432304467158,1.3201686047640067,1.2089403531450513,1.2816879994859143,1.4647012750298978,1.1298630232493347,1.230615730650181,1.187153932603354,1.228543091973361,1.1586392706871091,1.060881731241187,1.168175958642064,1.119459074471481,1.211334360783741,1.1488577487934386,1.0503370664798286,1.0533874407510002,1.1576189669223471,1.037410902237081,1.0350863144832367,1.0425652366463867,1.0083315140426792,0.9650969644095665,1.0055807312902265,1.0257540683719113,0.9949982516250202,0.9031035920011521,0.9015288902569253,0.8506918216342612
1.63483022542438,1.614444934322556,1.6505355237855253,1.6609354573185868,1.6955141593326648,1.6001223800624012,1.5809535436860875,1.6872915719975428,1.4344292508747616,1.4497772998329996,1.4579380771167467,1.5907270819772412,1.411820658281913,1.33035377012149,1.3873259963801265,1.3987812186148747,1.2298201486920883,1.3682430689296736,1.180501693020597,1.2595093881698443,1.2506786560680452,1.2512027438636584,1.1653197845447285,1.1202317183603052,1.260979611344316,1.1027438009394845,1.122413396553785,1.1546845217226542,1.1019417887560168,1.2526041840883277,1.1374277341798444,1.00073021414411,1.0904601950244572,1.073745843813421,0.9494879406527856,1.0730845410595118,0.996748383505148,0.9231669093287171,1.0453892130984437,0.9761033933340515,0.8447070019428295,0.790964679438118
1.6467689131176901,1.6241911140570258,1.7103606451839326,1.7131366938951917,1.5703438464570298,1.7077987849305278,1.6989989212654475,1.6894991101330472,1.5991795786040337,1.4703494318100234,1.4232519439295692,1.341459704879782,1.5815742041077292,1.4138709217266983,1.368411688321596,1.403058475048259,1.2879266187867369,1.3194984055760828,1.2905259097867525,1.1313147855412595,1.2875363190672986,1.2248984477752296,1.3283190697872156,1.2331962816887547,1.1518159567918587,1.1406001472443472,1.2765825657660357,1.140612664801675,1.196805648393178,1.2586189683671805,1.0209422711913883,1.1772520196891598,1.005532135323796,1.0687099085800704,1.0931179742977144,1.0220326889193012,1.0023218632358188,0.9313940160474826,1.0271695050373364,0.8861596375643833,0.9645740927142841,0.933889490607276
0.015971157349257845,-0.041445273814581504,0.047684450487382374,-0.04895228289195526,-0.032458096236229604,-0.05456583958732391,-0.03512626732064782,-0.039916759291422896,0.013080118658981066,-0.03673710964186804,0.03196958768577319,-0.047016856898190754,-0.03649052171529783,0.02518801347700039,-0.04668412183835045,-0.01650237599401271,0.03664968916700299,0.013344426082436038,-0.034592274203391414,-0.027695721001298065,-0.028498985577900066,-0.04230053607857125,-0.034494183711748436,-0.02299854242738879,0.039867335531737054,0.03893884213614461,0.04094925019987456,-0.04906350915639235,0.05187474035599046,0.03513846896664401,0.01239363226649358,-0.05072514311944238,0.0287402548084122,-0.06826218913144172,0.017381439352360875,-0.023723140766841948,0.0386673547481911,-0.04280964740717797,0.03688988658853265,-0.05534671078608765,-0.016282118634284984,0.03193640898724279
-0.8861107146819354,-0.9540614027708251,-0.9767376268119401,-1.074495242821069,-1.0082025608098124,-1.1039648544561087,-1.0479762312918506,-1.204505241439633,-1.1648417597973773,-1.0738458384627005,-1.006520690066894,-1.1935123152708131,-1.1107423452852012,-1.118528245926875,-1.2953383950438704,-1.2659837541888321,-1.2618468106497416,-1.3219219342254536,-1.2595363933484762,-1.325527609782728,-1.342319396959054,-1.1252200892766098,-1.2394490511347085,-1.360131009544404,-1.2015334483363103,-1.2489449221555777,-1.2415270587570828,-1.2305214370331201,-1.285871978392425,-1.2699840355739558,-1.2305185728898997,-1.3072376243809738,-1.3435962698983872,-1.307498825377018,-1.3498722941972943,-1.2585208079743921,-1.264434646802904,-1.2758866912066718,-1.1483167633111642,-1.1704916140529251,-1.117168231939599,-1.1197667254881785
-1.0547121139533697,-0.918729150693177,-0.9351389094094286,-0.9723059725095599,-1.1611722436659766,-0.9343826124047322,-1.001300764040155,-1.1807903389794925,-1.1563893658931008,-1.11947992706038,-1.0917599858140896,-1.210699546864568,-1.23745321630389,-1.0942727975546704,-1.3451268600518158,-1.3131644992642415,-1.1968507551068017,-1.2676060542133456,-1.2950797025667136,-1.3377707386702045,-1.2963671943172983,-1.3803867657301632,-1.2313418862462893,-1.2156226779908517,-1.3172785511100196,-1.4395308469171277,-1.2945817210820052,-1.2434503165934758,-1.2914260174345278,-1.3985200710882029,-1.30922436203364,-1.2878003672372118,-1.2169758099315706,-1.227106661064231,-1.2129439575164551,-1.2519642887217064,-1.1817275945060435,-1.3005189663793997,-1.2903891410652983,-1.118244213665633,-1.2532794566103953,-1.2191707513665586
-1.03963366717091,-0.9131959572246326,-1.0247486868631919,-1.1263987722271307,-1.1815626651608149,-1.174504580674289,-1.0332453362821148,-1.211371124003794,-1.105291372048361,-1.0673549020463542,-1.1935284684470804,-1.051691186455286,-1.315304287610844,-1.1136954864562538,-1.238143642397648,-1.2482168489427852,-1.287400425317228,-1.2921336897383664,-1.2202991945212736,-1.2999164954117475,-1.2869571067854513,-1.3109433835256297,-1.4080139349483767,-1.2761813014124808,-1.218281981634819,-1.3412857576838706,-1.4338249349749859,-1.2486723972764706,-1.2696784240205412,-1.2369036767404367,-1.285395569383652,-1.2448388573072844,-1.3307165112066814,-1.2229959027630661,-1.31730161074064,-1.241599446711804,-1.371059576519388,-1.3200706355639678,-1.1173223946322417,-1.2323714230363156,-1.1334063509501249,-1.226170945337383
-1.0064925632858714,-0.9090663173844441,-0.9040422714953942,-1.0975535969343713,-1.0446910319722347,-1.0481424785320181,-1.0763162474225607,-1.1180325841338277,-1.008617827482412,-1.2375081354495077,-1.3099585389523294,-1.1956196236795469,-1.2341768190611568,-1.3152898381589555,-1.1990928347686518,-1.299634935014442,-1.2874425812081258,-1.2778476294251644,-1.1905132104926337,-1.3662297664752958,-1.3436172270817348,-1.3115277569993038,-1.3408105165247515,-1.1913563243328,-1.3597033591646486,-1.4132943959031332,-1.2393210817473854,-1.309637714371039,-1.2467042035997375,-1.3423183286927702,-1.2997168024121013,-1.3361699794886854,-1.2395840992453333,-1.2901088603077677,-1.3052408233240478,-1.2863743481662948,-1.2308051840177123,-1.1724532447005394,-1.218293172814757,-1.1728151131371998,-1.2317937302706699,-1.2487282332279912
-0.9168507811214626,-1.0766517316894422,-1.1293448360441842,-1.1777348621796682,-1.1543903295106026,-1.0996867819630034,-1.0619920755269587,-1.1085520125830246,-1.07972520425236,-1.1527327710300086,-1.1547789393699635,-1.2281146453105352,-1.2185040875434716,-1.1714773342460936,-1.2428186639061105,-1.2195697477223786,-1.3814527725345818,-1.4163152242458326,-1.281932164995792,-1.2126237771432342,-1.257283206497613,-1.3164265328131393,-1.4240332650426881,-1.374650248934492,-1.4371002583847274,-1.2871957054490126,-1.3113069931767007,-1.2843938259955427,-1.4262106303140882,-1.3868711552521118,-1.2946633334185678,-1.2864420592718286,-1.3148461034095527,-1.283961882427645,-1.342085252349874,-1.211013762495268,-1.3345446085352883,-1.3600891385407663,-1.3610995558782006,-1.285871540487588,-1.203664993429781,-1.2114924350465006
0.044746458616774266,-0.08027231716478571,-0.02387958365194603,-0.04734407802036486,0.013851525792356859,-0.03337180663876428,0.04475711716107607,0.03462807558561819,0.055732948954303474,0.01499724708355594,0.034931054089437565,-0.011219584011488051,-0.012070090917306531,-0.022869534177187765,0.015707926711495,-0.07636718651071923,-0.021238115194715877,-0.027673198572002053,-0.012831999140546902,0.00916668191259967,-0.014023822179287725,-0.03584965708378831,-0.000761288280961157,0.05867836149315669,-0.06851633675857181,0.001206105884431641,0.05506842796141714,0.057722516055049806,-0.007081231537584749,0.01671401176359173,0.021556581443161305,-0.03282816412920068,0.045264932356194144,0.039872760865888944,-0.033098112951041044,-0.04862076833917222,-0.025393619156787096,-0.010784463266938334,-0.011395085757915516,-0.03491067431059044,0.020238353675126972,0.03896079375500412
-0.7891933274533685,-0.9470133544951224,-0.9859881574933953,-1.036410494289281,-1.018214806805824,-0.8271789915819844,-0.6768702108909715,-0.6923946147005995,-0.6234465115020283,-0.7527489427414173,-0.5989988863386885,-0.5029609948953434,-0.7057162680242948,-0.8418464052538346,-0.78501683032327,-0.812650417382229,-0.5742168092220078,-0.769259193098123,-1.027452761049573,-0.8658219762068061,-1.1105915587833126,-1.0836252661824513,-1.2084637336840924,-1.1844916915446446,-1.131398506059996,-1.2615538670480375,-1.1400771784113373,-0.9846582571911756,-0.943525554665254,-0.8724566258588299,-0.9488604749653328,-0.7219981397558008,-0.6681537182852563,-0.45913562164743343,-0.5744023641837979,-0.5263090753973961,-0.3717353854827348,-0.46724719291501393,-0.4860439588702117,-0.4203275328218754,-0.3602142376255605,-0.4779520381922409
-0.8574006508404949,-0.8609700765270022,-0.9355160872052093,-0.9472881701167594,-0.8541313239376406,-0.7925016149941505,-0.8347659538716882,-0.6169689749463495,-0.9151174417428054,-0.5538426888272993,-0.7081856031371206,-0.6676545836488824,-0.6399090169096887,-0.65038811755341,-0.8688076317936704,-0.7304427827800893,-0.7222994267578732,-0.8304713781167639,-0.9386573279905374,-1.0249378846217403,-1.1521592770213094,-1.3139793127509063,-1.2731133710578806,-1.1632817809239708,-1.3102370098620062,-1.2897826673918888,-1.108430685339052,-1.080678346620877,-1.1349609809426173,-0.8914752914265108,-0.7475795526862086,-0.6625841995207291,-0.5635075063862034,-0.6542288471583483,-0.5020890116582196,-0.5060541081454588,-0.37839154105080475,-0.4284182450394556,-0.41968987474516406,-0.3897889480349269,-0.578155487683555,-0.5686526292399264
-0.8354646860644295,-0.7987629653777099,-1.0343729263760715,-0.9412671064506466,-0.8679556618491427,-0.8478163063544208,-0.8191990239984819,-0.8147511630028313,-0.5238508820982994,-0.714456532367946,-0.6643861995095037,-0.6438088943542062,-0.6913776202472434,-0.7956017877232957,-0.529986374568714,-0.7636615191958518,-0.7952829294337702,-0.9835139112021448,-1.042628856298473,-1.0329652984060376,-1.1552679566958939,-1.1668942405384404,-1.205335336555556,-1.2188982979589202,-1.3067560871136028,-1.2049727354464468,-1.1330971135818293,-1.0048319673505428,-0.9288986876358792,-1.0357130367571643,-0.7366663136971298,-0.7274474542199366,-0.6075086035044583,-0.4460513040071072,-0.39232654487199475,-0.5168920497812961,-0.36333641220600027,-0.579094282416133,-0.3325256864119826,-0.42606835396510706,-0.4887063498830509,-0.41138344200327653
-0.8510578038481582,-0.8607866334290682,-0.9135362079444105,-0.8522649681774269,-0.9240427005671523,-0.7818942922043387,-0.8478100600301842,-0.687222142745969,-0.829678783449707,-0.5427547567460366,-0.5495159848869979,-0.6859478803320741,-0.46115264022943475,-0.5543003522428263,-0.6826459487077875,-0.82872242123111,-0.8717711544065458,-0.7830804102951524,-0.9425527308846509,-0.9705189009142663,-1.001293023343397,-1.129484861882181,-1.1260633348854416,-1.2546897900936538,-1.3107073913633376,-1.314681639393559,-1.0976058430691973,-1.0226866514576791,-0.9345118117034296,-0.993280565995854,-0.8407111809887586,-0.8817401815245913,-0.608727125351058,-0.5203306296919573,-0.3957190073845283,-0.489690306732859,-0.32720272310720594,-0.46683804889879427,-0.339960515544618,-0.462220094653317,-0.44141986381082365,-0.4864826059585214
-0.9746185561015495,-0.8422620559582721,-0.8726125987403579,-0.9571464152208808,-0.9706629277842336,-0.8955130266418843,-0.9839328419403646,-0.7102973259149419,-0.6710737121355416,-0.6413777040540241,-0.5927315976703935,-0.7810811807736507,-0.6861001047527149,-0.7603300502090239,-0.49364820209445975,-0.5073066568857844,-0.6778313618122004,-0.8637808382280601,-0.9862742115831129,-1.037703082181614,-1.2578748950781395,-1.1710316545984172,-1.2213983709038627,-1.2496330876342383,-1.185075676610817,-1.186378169198463,-1.205731955200291,-0.9958245403295092,-1.057992126632073,-0.8415916629351831,-0.7402621070302494,-0.7145947302619535,-0.7551266045731906,-0.6774098009232253,-0.40090219786714004,-0.5347267712212653,-0.3975735626269955,-0.5351653799796816,-0.5865389336311819,-0.3868333376498227,-0.46598424383072307,-0.5080161740978587
-0.8784389324579095,-0.9747706360691897,-0.8881364621432947,-0.9311446799888526,-0.8201094533174296,-0.9354060342098041,-0.716177178196016,-0.6471368967401756,-0.6504905307174396,-0.49188955355379804,-0.6219997525107116,-0.7523756369004143,-0.5913007172486016,-0.665573407234768,-0.6104627262032999,-0.8693444058441518,-0.6345638976964666,-0.8194841305239629,-1.0548734682352385,-1.0370013251724162,-1.2263717074783562,-1.0746679116123117,-1.272795593417569,-1.2955692815616027,-1.2085710268827332,-1.1696936463676055,-1.0080205837124077,-1.003247211026833,-1.1588604865803604,-0.9220876756836193,-0.7961640135138185,-0.5487031250994064,-0.6045240553814897,-0.42957182881664924,-0.5513362360963379,-0.6103170406401356,-0.5148531504951926,-0.5368565891166353,-0.46000833667235247,-0.4109674862557051,-0.4260775393207717,-0.47477511750995127
-0.8660951478930895,-0.8730905707614606,-0.8602332727054892,-0.9646134277995188,-0.9373304346976511,-0.7550546380669835,-0.7668958473883202,-0.6383411624579679,-0.6175762532449122,-0.6727838229146348,-0.7921701506214385,-0.7872102789219294,-0.4415142753094947,-0.8311149021920846,-0.8868116669913292,-0.752933458681765,-0.7659997836299692,-0.7647997122122085,-1.01731255557953,-1.119922215806812,-1.0312424672165759,-1.1442859451302008,-1.3338698608704453,-1.2693205920925281,-1.1584124434767873,-1.155769373493745,-1.1094679078738325,-1.1837078157905432,-1.0130085320660538,-0.7916258765236937,-0.786085124986349,-0.6614794333198748,-0.5689544747890685,-0.4885365030987778,-0.4898889303797162,-0.38626459133039326,-0.3331952839489839,-0.5352020328125494,-0.3654177586961842,-0.509554854068931,-0.38408077984656896,-0.49870205647616356
