gfs-wave-data.json
{"header": {"parameterCategory":2,"parameterNumber":2,"dx":2.5,"dy":2.5,"nx":144,"ny":73,"la1":90.0,"la2":-90.0,"lo1":0.0,"lo2":357.5}, "data":
[rows 18 to 35 of 73, columns 84 to 125 of 144]
-0.009759218609005546,0.010224619509032123,-0.013766761792392277,-0.020704897655246964,0.002544738537492682,-0.02328268865298925,-0.005226246630573682,0.0012514158595815083,0.011364592269359729,0.00287940771306773,0.001412921108148661,-0.0014099267368583154,-0.0005525582436460793,0.019529625772754685,-0.02040097209137638,-0.0021474890277995515,0.00977022428316643,-0.0206770652973827,0.008143182214319124,-0.02784864889990637,-0.009184664257758358,0.008867179945373277,0.0020803568194326725,-0.013304844199462224,0.0011070279926259491,-0.01480097777663236,-0.011841810829127872,-0.006477170753610653,-0.003498822094966478,0.0030966484142833633,-0.004329083138298443,-0.03248350051149513,-0.004315058360131668,-0.030578684331946826,0.006664796013979604,-0.008081973078713185,-0.00838809465009539,1.2520002675713042,1.3238851566690992,1.4470647663704725,1.4002875956260779,1.4520048608945568
0.001686233497175439,0.015515549236517765,-0.0011817020591985547,0.003371562433363691,0.02397109556819717,0.021910416598693448,-0.003869247655777519,0.002979113249842103,0.022312559974886726,-0.01593474601199948,0.023219592282610193,0.006174216056662555,-0.0012626143850534473,0.006617812935699433,-0.004722640932763305,0.003013217897237218,-0.01376485823278264,-0.02204250520392899,-0.00668410256345832,-0.011411585286158822,0.007550200635326597,-0.023888093782613282,0.01758552042722565,0.021637426361428642,0.021474154738373368,-0.016521549338646975,0.012031944946273498,-0.02313554780577432,-0.011430559783865053,-0.0060931453960513,0.0012653626812140397,-0.01946113717070418,-0.01620976740016836,0.0051709951416056684,0.003377894989887121,-0.00465732103693782,-0.010162994350636627,1.3764044653170155,1.4276684563246742,1.4059010745754794,1.4370981974918835,1.5291276409656867
0.010795304225196319,-0.00021075323325840553,0.0012223354721972157,-0.0042851370091953975,-0.010404259958713438,0.006833461575472478,0.007631147938557997,0.0005908467094448959,0.007768337563162409,0.002889288924544501,-0.0012618310634034179,-0.0024556431756504334,-0.0003128790637732243,0.011160023159022541,0.0012250831902985372,-0.003736292313617823,0.0034709086301111763,0.0055512291284365274,-0.000336408566419636,-0.009948773898734456,-0.005999486566783807,-0.0029061922314455573,-0.004393536464455336,-0.011611775203661006,0.008315696880796362,0.01718873186945917,0.018289897613587885,0.007653300417441953,-0.012190999884452046,-0.005052159547326896,-0.0008458593650439123,0.023857991681858072,-0.0011829219537569193,0.01649444403460083,-0.015627650738966038,0.0023538250078969027,-0.00040957323483955117,0.015585613027115652,0.0017731273601709345,0.0076069911670300855,0.0055623601901014065,0.003946401677856234
0.6535165912352625,0.717237079860616,0.6599289553808971,0.6239672558240226,0.607151183107056,0.5432669005590773,0.7329520800080971,0.7244534281753064,0.744895046642873,0.6464715100514862,0.6119835056766303,0.6268953424467391,0.7156176895071183,0.6565933852626289,0.6068538669895077,0.6225024495356624,0.6181538975864679,0.6976226527136795,0.7358499689928729,0.6395704789514736,0.7856343618646939,0.8178388334056451,0.7417123709265983,0.858523336156735,0.8962676598482118,0.7502248853381578,0.9354461378554723,0.8229208202469266,0.9160816314405057,0.9260686018352333,0.8388295280949509,0.8692049489644211,0.9298905994006406,0.9529572492996784,0.899367723900883,0.8594682303482913,0.9736122070181628,1.0103180815892403,0.9428988541414609,0.9233702732563881,1.0637380454557923,1.0255806040281308
0.7294848011751552,0.7101404862204352,0.5766559541530507,0.6872865065500917,0.6426162947901732,0.679416064135946,0.5955660338533154,0.6773588178284149,0.5433111139707665,0.671600959330576,0.6043382991535137,0.5951190566577419,0.6434013991961234,0.5614246436752865,0.5766361112360578,0.688959541040298,0.6890421990104748,0.7403396677149507,0.7973950695781215,0.7730266321960121,0.802969245783266,0.8041131179205204,0.6824624577443609,0.8675469312053402,0.7919877655656432,0.745238080386138,0.9076531411557073,0.7784071621239954,0.9337278755635321,0.9726549143395932,0.8947054955496168,0.8707892760150215,1.0206944763376773,0.9775867567425792,0.9578322827655678,1.0074597660988645,0.8665311905107619,0.9080491173755579,1.1133777989750797,1.1048574336489159,1.0321008863345111,1.1800206826675377
0.7725666370908861,0.760230049259957,0.7204845205801172,0.6688537217787132,0.6266538932462042,0.5882296708313302,0.6501542375294894,0.7456790992483409,0.5293549077819917,0.6474047377682369,0.5757948097177056,0.5862295830347614,0.6388472093412861,0.5845534679493437,0.620878202816394,0.7108678758633166,0.6609633765961462,0.6032300938413929,0.7843405032984858,0.6493984517445087,0.8144308659837006,0.7779091912321355,0.8145237838321586,0.887891032577705,0.902908176099773,0.8979864841643778,0.8996909388264166,0.956864201440969,0.939703464134009,0.8851321604494564,0.8746199884628614,0.8589420969775663,0.9717551679309964,0.8033231189512543,0.9642751943293727,1.0258144982606183,1.005366386778529,0.9973028141319058,1.0169939419995906,0.9905692826771836,1.006199781648211,1.0537333579865658
-0.004926063039605505,0.00647582748647588,-0.0014985190454774315,0.005567206696279234,-0.0014689102015057688,-0.0019864198736123627,-0.002484204017460051,0.006554550264038666,-0.011719105048482927,0.00466590120098352,-0.0012522879586559,-0.0009306896959383337,-0.011616826083388106,0.005102647880905414,-0.0012367151311498538,0.0004642706135515225,-0.016091329006676508,0.004751644221321828,0.015330976258614957,0.001703600447774651,-0.002615059287160554,0.0169471878432835,0.0013040596181659234,-0.00026699518738839263,-0.020506988637085714,-0.0011209630286508345,0.004859478844599184,-0.013765820106040312,-0.0003081222288271176,-0.020144640138307975,0.0014154471203329923,-0.024037522821181868,-0.005585421448795935,-0.0019986612036297187,-0.003959149961465376,0.010669811243727642,0.0018111996205749802,-0.008950754979839486,0.008043621017633685,0.003009194287143155,-0.011160655047240538,0.013709326781243427
-0.6653457666248617,-0.9353236467748385,-0.7236583985808168,-0.8581209769413622,-0.8164372618927026,-0.6971250861766527,-0.604715071680662,-0.6854362120802958,-0.4897382346794937,-0.611912349913849,-0.6859219061231231,-0.5461583718935873,-0.5870459135078961,-0.6498699512183356,-0.3990311272234238,-0.495095853432934,-0.5081663798846323,-0.41942433205571467,-0.5169838534198077,-0.4315115578276972,-0.41610791866277996,-0.5083235433213958,-0.4913349884126992,-0.4945218153490851,-0.47181518867976385,-0.5334686475785575,-0.5285619347786558,-0.37302548868624946,-0.4559125082469766,-0.395726613266312,-0.5120950191367861,-0.2824440069491881,-0.36007073821099855,-0.3516368628485224,-0.2953851498749916,-0.44852295668897785,-0.4994619483754351,-0.4629222967912325,-0.3768387185157662,-0.3843698337080274,-0.44295616067992183,-0.4824134876582169
-0.6599399563349633,-0.8335095295118808,-0.5816599390739826,-0.7653759799860256,-0.7361854663759213,-0.8028311093354211,-0.7890516255288771,-0.5372320648098053,-0.5894840040430531,-0.58240545277473,-0.5147372900929297,-0.5061344708694386,-0.6415642397597608,-0.49482194740881547,-0.4734238971952122,-0.5367073628396348,-0.6387537674452597,-0.4544884222524844,-0.4392185259600545,-0.5103208314951532,-0.536220133593671,-0.4114052329518385,-0.45159806634600036,-0.43172703513184946,-0.45022182190399607,-0.5340209101770642,-0.33850766848141894,-0.46869826963150857,-0.46942786716903373,-0.3114286960833539,-0.3631243375310598,-0.3881190521021954,-0.32532818487564613,-0.3650896441242993,-0.3869110303049538,-0.5227482787324195,-0.46556353646700194,-0.4009053750044488,-0.3481061374957996,-0.42829656373291913,-0.370688953414394,-0.5132109381496764
-0.8063041458672425,-0.6452397109092664,-0.943168792910107,-0.7304032127574758,-0.6429961719414268,-0.6386827124875124,-0.5297168885305733,-0.6640709806477455,-0.5966102695683646,-0.5505306237540353,-0.6607621332044372,-0.5243229800782694,-0.5910696105733059,-0.7195187070970884,-0.5514320000493486,-0.4114330410630307,-0.4296232833804983,-0.48024841553427294,-0.4744951751337327,-0.5049836441857695,-0.5227850212856655,-0.4157653985814034,-0.3697599376716029,-0.5240088317683641,-0.48466660900056713,-0.4296013000595323,-0.5523256587144233,-0.4458719592285694,-0.41285220827762864,-0.3662622507157837,-0.368934571056089,-0.4931766163049059,-0.3992500085658229,-0.4168135617840053,-0.35438807700811575,-0.41870193314889914,-0.3429504587859341,-0.5159922332950283,-0.49857297993517596,-0.4439294067465881,-0.34383168989972707,-0.47188892176151614
-0.7768158943072081,-0.846441706799909,-0.6351329137949289,-0.6831978719300047,-0.8729957499913167,-0.7510424411742472,-0.6737429897921682,-0.5943815650253755,-0.6345723033348396,-0.6195276967361304,-0.6476496433094305,-0.6116362610267239,-0.5403643743851784,-0.6990489280654092,-0.6034266001826422,-0.44661354055295155,-0.4377062704538888,-0.48910150516614315,-0.3864323721267688,-0.5613446602446551,-0.3906312714755468,-0.4341068486312173,-0.45658578484861295,-0.6002371437605198,-0.5717662838104486,-0.527218259869596,-0.5327771987658709,-0.33753759339183537,-0.5109729880419486,-0.38418529247459404,-0.49769655916329303,-0.40070446179394253,-0.42370819549395017,-0.4238791456869878,-0.4683542256714007,-0.4251835423091056,-0.35873932026726746,-0.36840385980195556,-0.4375464259083246,-0.43023475025619107,-0.5762091642361644,-0.4789858472994403
-0.6871095548037666,-0.92522163333265,-0.8700907572622153,-0.6548913479131118,-0.6261048262193799,-0.7018282204451797,-0.6614570277842464,-0.7417500446432745,-0.5583505334111757,-0.6385027722448452,-0.6506536200214074,-0.5374394598291803,-0.6112096361958904,-0.5856357563251225,-0.5041007928579393,-0.5503536385441349,-0.6050016152500226,-0.6275348684436014,-0.5734872926580399,-0.37738037262143465,-0.43683119274315546,-0.5599613161877941,-0.5615035339369993,-0.3721197024811204,-0.5261102982670298,-0.45976937457848915,-0.435123790828608,-0.4494847771922371,-0.2904895836065989,-0.3761261977736036,-0.46927274874580693,-0.36513016765076056,-0.5090813999527455,-0.3852780251422602,-0.3563583941912232,-0.37662597030968414,-0.37941162593786665,-0.5079592729150236,-0.42082370846815775,-0.42795083326136524,-0.45523594626771546,-0.4854625438074676
-0.004231390668436729,0.018780940147149795,-0.007095623281009529,-0.00013346102581670942,0.02878735166067962,-0.008739124077489575,-0.011935839201147757,0.0017321424133753826,0.006423451710479141,0.0066742633461363415,0.004250054754230875,0.008707352441130786,0.018761678880924147,0.0024629166898417756,-0.005339787285263197,0.009432293435343235,0.02731525932618088,0.007124256110883019,0.010878150872571794,-0.005148451482121251,0.00525952624199599,-0.008794486553455194,-0.004329363292507476,0.008507194747740024,0.0028239122856503034,-0.0043922382545425725,0.010288561547424921,-0.014025485022060958,-0.00884232858972743,0.0025255161942567246,-0.0033196967858160936,-0.002101781380483858,-0.0006556564558469014,-0.030045793984271547,0.006027263162031696,0.012535488029334645,-0.03365609687191532,-0.012950641520884827,-0.009049750311647502,-0.03532169055293449,0.006658921371344934,0.00992910862121097
-0.5300940712719726,-0.5757958517222244,-0.5947506630649337,-0.6595826642285482,-0.6809959281689499,-0.748715945947769,-0.7379755135982397,-0.7562246558042205,-0.7367524549219802,-0.9899232670123406,-0.9410903565640634,-1.0135104761246325,-0.9730265571263457,-0.9330003320670957,-0.9337260667994483,-0.743058325142029,-0.6916006247291591,-0.7639134035418044,-0.6466082263191509,-0.5885497045575144,-0.596715120551867,-0.5792900562986063,-0.3009985339325422,-0.44044980002499123,-0.38328391917975885,-0.2682100526224484,-0.32778484146401465,-0.3575004257991693,-0.3448010035092475,-0.4283936288270863,-0.4095032308577738,-0.2706829593632235,-0.3572984498230546,-0.2936052822012666,-0.2370060802515616,-0.2945737588021355,-0.3900816497269793,-0.2798097944257505,-0.23252202739901248,-0.23544637833917906,-0.24935531898840008,-0.17695694797043726
-0.6379200082423963,-0.6403739806684117,-0.5361819986162996,-0.6573661856333075,-0.7318706408991601,-0.792940944565023,-0.8464029695485732,-0.8422648031860973,-1.0634129364542304,-0.8959652845649357,-1.0738782176231607,-1.0012520983729785,-0.9657357223262872,-1.090040096527675,-0.985506663024967,-0.8747578832386598,-0.7863050988393059,-0.8283044346622286,-0.7795986749478782,-0.4423178719000632,-0.4431346200997202,-0.4246859464116187,-0.49851876844865073,-0.3735983110802225,-0.38208892078163675,-0.21957015187352685,-0.39508533314434535,-0.22615600575134023,-0.37310376211994095,-0.3858369002409904,-0.3376725964887886,-0.3557713406685047,-0.3208385669959496,-0.4238716295726294,-0.39756540564103465,-0.2831513454567073,-0.3888398526857306,-0.29541783575319347,-0.17117800720985965,-0.24442876801053628,-0.18922022320229615,-0.21034314311697008
-0.6872459479031482,-0.55811313697485,-0.547686870444346,-0.7938244535426364,-0.5346773940891536,-0.5463548298278486,-0.9454656058865973,-0.9300731127718941,-0.9010391301017712,-1.0131165852888442,-0.9688670698211219,-1.017503246200618,-0.946287489473698,-0.9322650037896724,-0.8966688490480907,-0.915057149100163,-0.6485779350277238,-0.6449983870049022,-0.5234578266368399,-0.46502326517192716,-0.4838545948494444,-0.46715506301770404,-0.3266212510670652,-0.3739693372239874,-0.31795166477236336,-0.37821975647909906,-0.24596438211554936,-0.24884230898099868,-0.3541598987360779,-0.4124027249388337,-0.3685746897716004,-0.31311088222023203,-0.2581200777239764,-0.40869574508537193,-0.3407972190613401,-0.26176235669837256,-0.3141363717092486,-0.2772279853214712,-0.23076823587943462,-0.1872886879447589,-0.17419809803696457,-0.23754571082400006
-0.5644780059806023,-0.4982155904637502,-0.5404496262963122,-0.7083597147780659,-0.5839104662477329,-0.6066112655368237,-0.8805973811568112,-0.8421648537265698,-0.8865977605633745,-0.9054230311319854,-1.0563549229810583,-1.113857488945954,-1.1196308787656861,-1.095138506139843,-0.9711139677252589,-0.7568038555641807,-0.691100365553844,-0.7714093522670509,-0.6399567886638429,-0.5644100385518905,-0.38410537674093903,-0.47436728148843316,-0.32050892270907805,-0.2529870350577181,-0.41987789785507657,-0.278802117869158,-0.3182701002820126,-0.3878266995272299,-0.32536728923072655,-0.24733236312429602,-0.3955891883288231,-0.4025895054793522,-0.46427890281793976,-0.38421476868183096,-0.4416475388136216,-0.2866962237068976,-0.4120985115788032,-0.24355621590165683,-0.34791082644422416,-0.35780270503943,-0.18151522625378858,-0.14676782488861595
-0.42197514153151566,-0.7027251275565172,-0.6885233645995807,-0.4935609905691342,-0.6867770135659484,-0.79411535985434,-0.8134757576912702,-0.7770665386279422,-1.062452898132809,-1.106686863279955,-1.0694391160188386,-0.9422524436565038,-1.0826243591658318,-1.0963040185703805,-0.9120557961814236,-0.81093170082854,-0.854282536061891,-0.6655494785571962,-0.6665244086143183,-0.5412587237090294,-0.4375831747830898,-0.3207759408477796,-0.4226272612452604,-0.3549159400580794,-0.2983985396087542,-0.4654307456881556,-0.29364174561734185,-0.35036190028705005,-0.3175233509763269,-0.39628804532198225,-0.3585601392038544,-0.3344733548945127,-0.4087652990453899,-0.3175212666750188,-0.4538624506417688,-0.31618426342459705,-0.3502588405621861,-0.3837074540721588,-0.21165721695994075,-0.3101576358957545,-0.27374697724409347,-0.23001225936960337
