gfs-wave-data.json
{"header": {"parameterCategory":2,"parameterNumber":2,"dx":2.5,"dy":2.5,"nx":144,"ny":73,"la1":90.0,"la2":-90.0,"lo1":0.0,"lo2":357.5}, "data":
[rows 0 to 18 of 73, columns 84 to 125 of 144]
0.0888208713803237,0.0758821762839393,0.1342282211505867,0.26447002876794573,0.21302978571272096,0.46011711069644473,0.44512384536210203,0.581151674453041,0.5923690198892055,0.4597816298645858,0.4685831592181101,0.4129472096805081,0.5325655971954734,0.47323017735640216,0.37971235469989206,0.356551289651269,0.37388806136581326,0.4188071387835762,0.3199934049221287,0.2248151435038982,0.1542168848609439,0.14619792144064778,0.10914404662976429,0.027109772446539882,0.040678404787578754,0.006505670447891532,-0.08305652532843318,-0.1443512485711346,-0.09577581358984698,-0.07991751777970163,-0.12899758731143374,-0.1626666070870025,-0.14994724874456153,-0.14289743844659886,-0.1727381094833668,-0.07534719895758431,-0.1813399100115561,-0.13958607803203785,-0.12095125713126285,-0.18125969595600613,-0.05240433362776781,-0.07745958602284492
-0.0009480131259135041,-0.016201733379761475,0.2045687521446901,0.25398398952378487,0.40182066342529765,0.2833785773103715,0.3059286506203385,0.4133519465826313,0.40714303964381404,0.43587953489077413,0.42644599403292466,0.40020653927774597,0.3725071034502144,0.42729431552432046,0.4305875386970856,0.49557454714415833,0.46732726214315917,0.43312269226426675,0.4415054164844474,0.25803260745001966,0.22672922346176289,0.14924158469445029,0.11311272441437298,0.07223649337784233,-0.03320629530488868,-0.025149816375135577,-0.084285719182955,-0.10631431946269454,-0.1295752946740187,-0.1244661059397197,-0.09800251943282519,-0.14361639182634114,-0.10605315739091842,-0.12501346185518616,-0.0563138521061082,-0.06453277617577961,-0.043717269238785994,-0.17446209338815297,-0.12219597174020057,-0.027703383739842474,-0.05255877030400752,-0.015408002614038357
-0.04885701601601104,0.062039378882290754,0.1935300144974713,0.21334362839724372,0.38695261723137925,0.3677543776535477,0.39043769052230853,0.32731919397039727,0.521694178610378,0.5347264782889235,0.41674620563911347,0.5051835838272579,0.5705258952345634,0.45411465343782215,0.4755268760190958,0.48387265709617144,0.33624192548817516,0.3459089319399003,0.3657793099406143,0.27049381174213033,0.20104052343696502,0.1536819679256928,0.050838774176685975,-0.015383033023495845,0.021433664231215774,-0.051990128313394335,-0.04340148144956685,-0.07843265704101471,-0.13437729407725277,-0.1109923915082054,-0.16523232511344976,-0.13752577490177662,-0.09405829037268056,-0.08326557941760293,-0.07795359657943869,-0.15647638237304443,-0.10745198868583562,-0.12339244233440169,-0.0681983432994614,-0.09751249501227448,-0.08928502605708187,-0.12179697238658871
-0.014578573269884865,0.11666119750040375,0.2551360021410464,0.20973045336887125,0.33306972533481843,0.3432459819933482,0.380806440467482,0.37743069820901315,0.515121390857884,0.47345598388868465,0.45141434660975155,0.49421145281675916,0.46530002949886545,0.4990047239650157,0.41743215510280357,0.42210532960063174,0.3685687727265757,0.2856267027557165,0.257091151903556,0.17388464247072496,0.25021600196842764,0.12000781135473644,0.13244716158642256,0.12994071404387686,-0.06764675460994164,-0.016345859145429662,-0.07317701400474075,-0.07560444994275305,-0.10851949572284127,-0.15632048898616466,-0.09090691904513022,-0.18327435541206244,-0.11583036013761444,-0.0828211629275425,-0.1498272851072142,-0.22806670277444935,-0.12294266160824362,-0.13267565551513086,-0.10668873661051637,-0.09418523486275528,-0.13916472925948153,-0.1289283948771395
0.006008028340765656,0.15606082029472576,0.25661543622595995,0.15285163160988727,0.2948079967113655,0.4294360013223039,0.3552913142701517,0.46046188454155784,0.45152368059617554,0.6225458237260468,0.44556836117246984,0.3907789588752349,0.4307643552620813,0.4818382214964731,0.41281989963308713,0.5121631225081934,0.35543051928982866,0.4636554304568752,0.3448558768311848,0.3529470292485617,0.27160298340357464,0.16317502243208676,0.06638621164624145,-0.009239812352974473,0.053371874526855635,-0.017533239118412598,-0.05423894619660892,-0.0887053855746459,-0.18091625799526528,-0.10445638703533312,-0.1511718623215926,-0.246701264232786,-0.21149647925664944,-0.07947438439249947,-0.09280755938270326,-0.08380584813037831,-0.08767097715981059,-0.06160160422347905,-0.07255342599356318,-0.0770284860797336,-0.0528236458454701,-0.14990910170314178
-0.036447926773655374,0.10232872849980908,0.20088824476663103,0.2420806111085073,0.2967981049726406,0.4004296675359206,0.4060729690320969,0.4994710957269475,0.4506107532189535,0.5768954379579181,0.5411586246269648,0.42137663841984657,0.4664461317420087,0.47938731517576055,0.4815994367718291,0.5073705855347158,0.32768801841788964,0.3930176026556727,0.30419350276656737,0.3090559982251738,0.338506221721793,0.19306667623070986,0.09192942024711999,0.07351253740621784,-0.0047084383563285575,-0.041725088261331804,-0.08397739699959154,-0.09259386958087383,-0.22564342114761882,-0.13088979641054105,-0.16629079342361106,-0.17433881807078908,-0.18175961612016697,-0.16791169154197344,-0.08052917500132145,-0.13761296257991198,-0.04222361271387919,-0.19959327200612617,-0.08021337947261192,-0.04877333383992523,-0.10937625326668028,-0.06900690870871437
0.04817991722839804,0.0627911911884724,0.2288653741431247,0.2559071671021009,0.36558746810441783,0.4368152850251425,0.41095719021135024,0.44032932595827823,0.5092012844055809,0.43516598984165406,0.554602363531927,0.5805327294569559,0.46769064617454287,0.4861455506393227,0.5053250978657428,0.515627240119372,0.33254212098900193,0.37128183628627526,0.26228808337717135,0.2253657535978839,0.30399760604367937,0.1874607779625397,0.12218370476768463,0.04573833424924616,0.024490953303936542,-0.004178436424413472,-0.12197209879965941,-0.10987871946658101,-0.12380558106150102,-0.10930483282228237,-0.1874306218871376,-0.14990201262954814,-0.11399959309255098,-0.15903100516043775,-0.22700132072671694,-0.1728360588599821,-0.1780514398815245,-0.14404319243975736,-0.04026252395509915,-0.10553695408100644,-0.1371559383363949,-0.09456999714295462
0.08651103745092405,0.01351938125162463,0.23947273416643974,0.19372174961047306,0.252291540861674,0.29502253364963027,0.5723580585558214,0.46290138976240836,0.4933565457102146,0.46095598791089826,0.5643561958023902,0.4876727584015201,0.3945255165761654,0.6274586423707305,0.4334422766066475,0.4826501786695473,0.4417799046967505,0.4231947487453317,0.24256640316691108,0.28933096691452337,0.18916495118573243,0.1533607677382183,0.08043808492660437,0.0030876687919499726,-0.025733265096987857,-0.03370968999057341,-0.0422786617252853,-0.09112152327913085,-0.135938757106179,-0.2000708111098107,-0.1538471203035195,-0.17906993102417393,-0.08568314360873583,-0.10102013412747896,-0.1476410061013888,-0.15638706028005314,-0.0881746811475848,-0.13181155516568033,-0.17229299583456484,-0.08306008005300008,-0.08677538573414585,-0.14169116056382805
-0.05834563203654627,0.03772265974565915,0.10010011834856387,0.3441525107611291,0.29724603109558145,0.475492297680897,0.5079333635054593,0.5374211388971772,0.44825062683141664,0.5366040097319915,0.6288518260766164,0.3967961817795163,0.5879152510275026,0.6185425653677156,0.4972917534137129,0.36237882905084995,0.45882088128956205,0.4425290394144522,0.3552549980174562,0.28192280549834453,0.31902666094343185,0.1942811890477746,0.11999504385958693,0.08689594376545855,-0.06907730472875913,-0.09973071579048584,-0.08126556640041734,-0.13278206975253434,-0.15861752431645162,-0.1608655148508728,-0.2136159999882807,-0.1537485909236439,-0.22604405151712653,-0.1669674377384248,-0.18956066018962775,-0.13169867599189403,-0.09630844388751476,-0.1533008552974894,-0.06979022415451366,-0.0980629285673106,-0.042737590543133405,-0.12636321186199292
-0.008384169167012047,0.013999394366464133,0.29828898968808415,0.18464792479313671,0.3908398187869875,0.4766693306677643,0.38237243159209977,0.42769686437964044,0.46006515684073934,0.48250187929148547,0.6213304882344735,0.5027975228181505,0.5722549131163941,0.41554682212535776,0.3719922781300722,0.4555731874487447,0.5171257383677034,0.4031601133560294,0.4114553089096793,0.3215724689146468,0.21791097329036682,0.29014327740289503,0.06896290846963515,0.109232338170148,0.04239392213571488,-0.09550707755717618,-0.13656657832827332,-0.13296333594963522,-0.1338535964328733,-0.12911891788502436,-0.20183335473274402,-0.1609644288543801,-0.22339813777299317,-0.25963681360202184,-0.11246184635573875,-0.20300674704571436,-0.22756412943525095,-0.17024065313896522,-0.11979866870207001,-0.11196342649553379,-0.13360960494069213,-0.15300011827733934
-0.10301181385672611,0.1853977134260064,0.1423126405110682,0.16902268774899443,0.20610704141538375,0.40564286068335204,0.5401685826214284,0.45430601085249206,0.5015020787798907,0.4465224475971329,0.5505788097577043,0.6089398538547276,0.5769718278253648,0.5140768157694713,0.5462537412036562,0.3979214135745599,0.42507286471263683,0.3668928730028258,0.4104883089997927,0.38538947270360346,0.19881835536926157,0.128781765897157,0.12367847807629329,-0.012105368005548471,-0.07622080630177623,-0.05417287276816138,-0.1165259833676493,-0.11221547058936071,-0.17397382609021428,-0.18251405449163105,-0.21324000671138604,-0.18922255368724827,-0.12213629544368292,-0.21981974616230399,-0.15687725713782463,-0.11052242716342459,-0.10725057456262829,-0.18660129136795073,-0.055399942582823235,-0.12365214072419185,-0.0705365682380401,-0.13038377583872324
-0.06523413072799761,0.19110756964343922,0.22831900486981735,0.31185800138518965,0.31037321935555473,0.30156838215078186,0.5681738847641521,0.5732022643254265,0.49569224077159735,0.6474203724616504,0.5276271141728734,0.5691541494167511,0.4906531547683956,0.5154736868732811,0.48614507725494643,0.40943756408205406,0.4158078596107295,0.3714308774248893,0.2900513984101197,0.323519918866752,0.2478768984041353,0.2170312709388976,0.08865969176228934,0.010546141118145188,0.05567010418516602,-0.013138200474944245,-0.1512281125444153,-0.14690278174096502,-0.14612858007212676,-0.18059472313799438,-0.24212670887750565,-0.2325445575288995,-0.12875304856485703,-0.18591911768239203,-0.11816783181454667,-0.18000187116313843,-0.21622195182983917,-0.17025417811056023,-0.16351767157816918,-0.1601763216786732,-0.1697041564492581,-0.16429390479928593
-0.012447466575808598,-0.013243604969031337,-0.0060996546027336845,0.017402081175837632,-0.019142225678831736,-0.031651647743287166,0.008001404229170166,-0.04117701332983897,0.008966881916391178,0.011435593952848693,0.009756014475484567,0.026377190614261487,-0.015085671254207155,0.002356224976282762,-0.004745685927060809,0.030929649721629385,-0.0010295509992053159,0.03608534853833677,0.01847595503524182,0.021774703114638524,-0.011418112811518609,-0.002247543177345717,-0.002972696847315111,0.019735559846726244,0.025251902025561854,-0.012364285709508191,-0.01504315240332165,0.005600158853918617,-0.00925142987249853,0.0007940421135449372,-0.005019881323293289,0.027299233015462717,-0.002500429510164564,0.017121645763278844,0.013620485606011803,-0.008967810886819486,0.0018446697044762154,0.011194429041170146,0.0035430331087887863,0.008956732663519306,-0.013699944369262715,0.03736538430517796
0.016049300298762628,0.017056377684807965,0.014719056176201875,-0.01273507285594911,0.027654982794737833,0.03648850814125522,0.0400180032715834,-0.024419780973251308,-0.01612450025362908,0.00019778732665438827,0.011097086997456714,-0.027109462014708575,0.019998651607820654,0.02511357103568323,0.011705355893940991,-0.016411111673538408,0.006236789184759803,-0.007669160776732231,-0.01671244398749254,0.017610255523948595,-0.000310327800127211,-0.018740127317088153,0.014094127309785907,0.006945645318620404,0.0030012828359401523,-0.022061155074519497,0.03047916805489434,0.0007946396452598103,-0.013378777675147498,0.00875877262208126,-0.0028665021765963113,0.011161325976314902,-0.036115335163658994,0.006673268059468221,-0.01018638231771414,-0.032553030856304926,-0.015078125956265839,1.135959060735732,1.305161014292813,1.3079775460632734,1.4371703045116282,1.528287232568662
0.01727165373160442,0.03193836501990055,0.006432496569806712,0.005729090870748303,0.000820891194392907,0.01364332903186135,-0.026968439600833092,-0.016235674446376726,0.005936016798481796,-0.029592147832297726,-0.0055601859618686555,0.023542580775670542,-0.012857035457209592,-0.014065748304669444,0.027274686551559225,0.010763207836105747,0.012005019601999142,-0.010026365640110304,-0.015675422624209786,-0.023231866552140622,-0.005415284957196962,0.011046997799610915,-0.02496260706684718,0.00651156017410197,0.041537139919969365,-0.0054441363995154386,-0.011997123493425837,-0.012875590097852599,-0.0012389744459102513,-0.016749156872753492,-0.0157271161557055,-0.035653543202523855,0.015694362397241934,0.02030256646762303,-0.012535752265028798,0.01133615689182207,0.01267469297876831,1.2205393702011473,1.3116176874947851,1.3614964881426077,1.2365354059302904,1.3531772182864532
-0.026933361383500155,0.015706843035692825,0.04448481523307295,-0.013931558319601509,0.01500150927408169,0.02833942225432243,-0.007399074729036122,-0.012344910013075014,-0.028169143144302737,0.03135302083210746,-0.0384786455272657,0.0015341636977689802,0.013362688521649685,-0.0024243839745804623,0.012512871102343476,0.008493907846027285,-0.01728263227847494,0.01697461857561504,-0.012916573566171728,-0.002995603004882529,0.007604262599793356,0.027749271200857833,0.009997413438704552,0.015382154842334385,-0.03677717385179698,0.004487893590376854,-0.021561655657077718,0.0018737291614466303,0.005266719937780421,-0.019094702520308714,0.020485706861571792,0.03248743837762355,-0.022824543274120437,0.02448122902247454,-0.014410187240816939,-0.004798725429709186,-0.011305422885935636,1.2758329082181392,1.354889661303872,1.524375310223329,1.3036743845249594,1.3646365255413293
0.021997118998340726,0.02834435193512323,-0.010634508119547473,-0.021584851886698554,0.030018776957919636,-0.002911402585110359,0.0136193107743676,0.0028356827693485124,-0.019883169577542,-0.024694755293431476,0.005865550104360845,0.029151025312904554,0.00219427855522921,0.013297996558628095,0.013495672583553463,0.01465731343370351,0.02143711944436952,0.014298615945792579,0.03186728912658717,-0.0032362527565394593,0.010636298190521953,-0.01082222460432339,-0.03742816885380831,-0.0502382701364494,0.016236784471918533,0.00407713124094055,0.040448246189163255,-0.00424115941419046,0.0018814976324542604,-0.0013613263762814372,-0.026912796662156242,0.026857325872796572,-0.018408063769230328,0.02486894036298314,-0.021923046461736755,-0.023484550677260595,-0.012809286160113093,1.1292804918532668,1.3251596925124374,1.3442016368183456,1.4533986626189286,1.5620077004147035
0.0012415236312617085,-0.010067921250685776,0.009479153187518774,-0.003823433599385785,0.00885846453209658,-0.006032234934218147,0.015988490285356604,-0.016558922386036328,-0.020216925834348864,0.03146798277786095,0.022422626462363524,-0.03328392092736634,0.03171379746702224,0.04122237980318232,0.013064561632118726,0.03472119277750484,-0.039416879190115064,-0.0021587524732392563,-0.019846881038650052,0.01662903629789033,0.05109728810628519,-0.03386354315696382,0.0031103195427552768,0.029561703949752542,-0.04011309974252623,-0.032348330955424734,0.01666489679835217,0.034287472704407615,0.020996684362633675,0.02632738106000249,-0.039105072296537334,-0.029786389251055284,-0.005867124761500795,0.005755443093740095,0.03445369318940966,0.025753906017789818,-0.0146541751589845,1.4775070431765926,1.1661554666762828,1.3937602304046213,1.4259048989563827,1.6164348940449103
0.02876692770419555,-0.03375040377055327,0.0347329788016831,-0.041344283600300326,-0.043593381472213893,-0.04172218762488224,0.025624325628096883,-0.008821695887602303,-0.007936852761992392,0.012913913760980432,-0.02173782600357481,-0.01195267214776361,0.020564731329226756,-0.031203617706066014,-0.053668767490804604,0.00785299098714452,-0.01079688297611107,0.007371128185080607,-0.029535881285222873,0.001412510001428175,0.01999347403170943,-0.024910431381141882,0.03117883102062583,0.020833267273903815,-0.016269307649843714,-0.04217872374593082,-0.03900714472529275,-0.045104677875215056,0.008263592917652522,0.02054852657116225,-0.005437752985575201,0.02604478376636319,0.022346618550361064,0.04845508428029059,0.024514524456625286,0.014480351088548574,0.006514936601103572,1.323610529105809,1.3528092642530014,1.4339056810108552,1.5241117423171366,1.3755984513003665
