gfs-wave-data.json
{"header": {"parameterCategory":2,"parameterNumber":3,"dx":2.5,"dy":2.5,"nx":144,"ny":73,"la1":90.0,"la2":-90.0,"lo1":0.0,"lo2":357.5}, "data":
[rows 38 to 56 of 73, columns 0 to 41 of 144]
0.11001506478670746,0.15017487223590104,0.16751920243412652,0.2858512019914404,0.23493239506141453,0.33277040250305634,0.4635295670655805,0.6035360342661064,0.6591551332978322,0.6921540413990325,0.8002123986047502,0.7563355829604008,0.9161217237613231,0.8186739128820752,0.8396963206423235,0.7550553434437693,0.7622584139571212,0.8031143098923486,0.7094863154667416,0.4826024866870659,0.35358820066858876,0.3390889367725113,0.28551332269242286,0.0366308680482955,-0.023321464243760782,-0.11358377742479431,-0.3922458602898782,-0.30869785218626633,-0.2934860313188914,-0.3574753122331197,-0.6176847652502616,-0.5806849514877184,-0.5506812473145829,-0.531050676095813,-0.44731066090382315,-0.644866294972909,-0.5589675172538308,-0.4309899225442988,-0.5157808727212562,-0.38439223570979053,-0.43319354481687966,-0.27023487209591657
-0.11182586725933638,0.17972722108642306,0.25592474875311555,0.23180043962036537,0.2957873480347495,0.40847409892843706,0.5320466802622252,0.6030214008189428,0.6989365799067752,0.6599569823196365,0.8259104780593592,0.7396143933018755,0.9114258952161096,0.9086812817613018,0.8852758313440516,0.7924776435465457,0.7820706853130638,0.6978961073137201,0.8397778017130509,0.5402354643444212,0.4573905407130101,0.36410814909393613,0.23967000005409253,0.06473205130278174,0.11218472358246992,-0.17079842387215013,-0.3997687771215475,-0.23538796820511987,-0.38128842454799655,-0.46307729993411634,-0.6671790309424077,-0.5575761290082106,-0.6619633246446105,-0.6798681974255277,-0.5263673413492979,-0.43255398543187906,-0.4803932111552415,-0.564384432792562,-0.4884467740562711,-0.3654911400665647,-0.2643234413426076,-0.2958725368899348
0.08159430757095694,0.14662358634208011,0.2504882854739889,0.33693349839604253,0.3665466888893961,0.386821770855215,0.5575571524250692,0.6787621136235639,0.7701630049583328,0.8470110283255348,0.844273183447306,0.8916581914068077,0.8589006212350626,0.8256132977510591,0.8747034639599677,0.881266020285672,0.8151707584193377,0.8463622670429406,0.7507155362700149,0.5845908863446277,0.3723583674376269,0.39771649270084736,0.3656103739473208,0.16708424701254115,-0.1056935402874233,-0.02291369306417384,-0.3265587626655284,-0.23190031420080767,-0.3010104896206161,-0.4577797502220984,-0.6592496081441956,-0.5729790373224312,-0.48519797546670146,-0.45484229419986066,-0.6528628328052127,-0.5825645442892501,-0.5887545736929944,-0.5082944736925342,-0.5473579100534715,-0.44714015060281664,-0.3289832962428072,-0.2675694156956073
0.08824560727405094,0.08098672574073547,0.1811834926801289,0.24850638515445791,0.31853588606313704,0.5269011076714866,0.5824023584513698,0.6385754529886203,0.5294506161829273,0.7869632455630137,0.735055940725799,0.7968026944391388,0.7254867787025947,0.764595650245881,0.8918406091953155,0.6757005032526175,0.7740266290039226,0.8141107686122936,0.7682870107570471,0.45864465300360446,0.43045872572658794,0.28608771679947004,0.35129105835810487,0.26108091559989177,0.06570157926234584,-0.2316835442934186,-0.3384972408547999,-0.4146968151296121,-0.5391249441119532,-0.49284333178605333,-0.5267731944076396,-0.5633029496038348,-0.5062612994790765,-0.6203035068106151,-0.5801093650170162,-0.48173931105128776,-0.4932583134798166,-0.5574959420402009,-0.5654498545097036,-0.46308797287580095,-0.3425587455950966,-0.2458585743673533
-0.21268547273793215,-0.1154975146744524,-0.13574972987843698,-0.18229110525438416,-0.20902078452164735,-0.16704826042882484,-0.046785648015413545,-0.157681244529882,-0.16375048181365887,-0.03658634179197354,-0.11787447149196918,-0.12980230392826259,-0.13826254123517956,-0.08632546426398771,-0.11205165418613668,-0.10259986630099141,-0.0787476795882147,-0.07593032887409783,-0.20478715758917068,-0.10624766390857715,-0.05903579134791507,-0.08088642858594923,-0.0958930255346325,-0.18203295658341223,-0.19002766617977215,-0.1862924000277898,-0.12006535010926239,-0.1326550203916042,-0.12733521766128436,-0.19291847420331834,-0.14018549370075176,-0.0941368734455008,-0.039509100096260144,-0.06964749425019527,-0.12383553250228028,-0.033660428794531946,-0.15145110693998218,-0.18411409283720276,-0.20665338400131297,-0.06719547325030245,-0.036750395391684385,-0.02387429990632301
0.4879044263064762,0.4487520748023275,0.35321527116297763,0.426473872930626,0.4587714569295396,0.3930230069552932,0.7034298565798281,0.6678058455983885,0.6774171281827033,0.6489354550400671,0.5854294149066869,0.7435924455826068,0.7905811441413302,0.5286989639576997,0.7761799609564243,0.6281299248531443,0.7582552419636183,0.7830271396473611,0.8739861038608466,0.8146550918855164,0.7210928672011321,0.7381417172289325,0.9048153542181776,0.7496668816215335,0.8706571181049847,0.9384377831111638,0.8335050566255636,0.881109144496188,0.7585857056165405,0.922174099110552,0.8554331751049384,0.8964951464193213,0.755648167031006,0.8509973885471197,0.8694695612715504,0.8441948230068681,0.7420847197242402,0.8796406576632371,0.7702271693796682,0.8432825867193803,0.74214761927137,0.7889282412562414
0.41930930283814827,0.5743111181135946,0.4998322334871354,0.4847207677353142,0.6425144362552234,0.4467690025760432,0.6577606873137685,0.6761183834973168,0.4976406945114134,0.7032306842588306,0.626682823048496,0.6668881350197838,0.6522405378078747,0.5887218832614233,0.6343075344705199,0.5509210574266976,0.8864796649139192,0.9386794615411171,0.6869314948861531,0.8688112549005275,0.8250227089774129,0.8400334654312378,0.928777515446925,0.8159081277316222,0.8161274100963929,0.8180554044081156,0.7859156503572987,0.9033645904145496,0.7576739570101733,0.755738584729269,0.8883252968893991,0.8380273675400862,0.775414718763566,0.6961311707952295,0.9528846331954243,0.6965518390855836,0.7507785288056896,0.7228360913434955,0.7202282507240162,0.8513282691732575,0.9089591610612641,0.6970357677983025
0.31195675978277027,0.3824109609413172,0.5422409737300035,0.6860192114557162,0.7035119820810547,0.6090814565091534,0.5958215299588232,0.7047319963366729,0.6775958623105635,0.6516913502471634,0.6140037196615553,0.8304997590184268,0.713817467235496,0.7918593600741938,0.8348328366228155,0.7304655494371902,0.7854651199295163,0.8360227083205496,0.620321834006492,0.6092742449879694,0.8547572663788853,0.9515181291649599,0.6380321119622383,0.781747882658602,1.0101644963078462,0.6858867485690107,0.8205183725923644,0.917707664173927,0.8537238111552061,1.0158265149159154,0.9570275555120709,0.7307776626879157,0.7919165940513534,0.7530048664807361,0.745736629923106,0.9214212576414444,0.7554913405017241,0.9685585221024564,0.7127812206633133,0.700003057519986,0.6862117179823871,0.7378733111337304
0.510692184949623,0.5727415097487601,0.5256081557566133,0.522752354803891,0.6453797581993974,0.623965792164621,0.6521897114968481,0.6305930146569194,0.5993565701730372,0.7684366130707792,0.5529272479868744,0.553485954611351,0.657994096338416,0.7996842222895816,0.8111894916803286,0.8620766929940638,0.7981072372089119,0.6570688335563162,0.694127062206852,0.8077040554502398,0.703263870454786,0.7925643982480787,0.9121564323745434,0.8650829622685334,0.7509134342444717,0.9210035694257938,0.8441600506150895,0.7904166313919857,0.7615295245862935,0.7263071344307778,0.9626875483854579,0.7434192561231593,0.9307226587439102,0.732934263373561,0.9392818682063917,1.0184182030247009,0.741861690618692,0.728196873296135,0.8108134377173152,0.7893278321257171,0.708799978800901,0.7818328107754778
0.4288788540236736,0.4236248894319003,0.6149425606025318,0.4949734988712847,0.47709601754550357,0.616996874948864,0.5787586228557519,0.6022615173189673,0.7630493163061711,0.7988582962531834,0.7796142827113975,0.6863320861804697,0.7098084676286137,0.7634676921457186,0.6493842307724526,0.7277460786815699,0.8634713418959599,0.9471765619065475,0.9497046327006007,0.7622119533726839,0.7110040376962725,0.7090106923006286,1.0464778460896007,0.9607398693005746,0.8917935907021384,0.8502672960002657,0.8260630901243781,0.9582656017068065,0.7350345129819897,0.7648319014789621,0.7270866460774662,0.8751799141192574,0.8729636267947044,0.9740447219217089,0.7514301585412684,0.7315886189866343,0.8018643374922957,0.8896252781435589,0.8170232094130753,0.7535356126445603,0.9330203770449645,0.6527951424314274
-0.22253100814189336,-0.12242773978773974,-0.11231672051146625,-0.25208261427665507,-0.18238686822375674,-0.08141306178753302,-0.228858503789589,-0.22274297750968913,-0.08858137367463025,-0.21523231294541018,-0.17629719571795952,-0.15105516311012407,-0.2531353491632682,-0.19213146898880898,-0.16996686924547957,-0.2141388865304823,-0.10984706342886306,-0.13160117971875715,-0.22408009663112058,-0.2471337839818697,-0.215135937827584,-0.24108022807900314,-0.09838085708152976,-0.10748181388691874,-0.08750390924480062,-0.24062437133566314,-0.19649564789578874,-0.13139614483215634,-0.2168095360253246,-0.1453355021725013,-0.07580639611353666,-0.09360338697187105,-0.1124499530040541,-0.2103494850746963,-0.27258912583153394,-0.2248959878448047,-0.2652746986564123,-0.08967928811774725,-0.15742918961683172,-0.16107790380424974,-0.11567608719786952,-0.22452433760854607
0.18261604057878375,0.04394480751835555,-0.042799767398052434,-0.21589184043858342,-0.4657475441807655,-0.12348774641046487,-0.6545510803846564,-0.37850887706776876,-0.3278671878000491,-0.6170011615038206,-0.5921771272392279,-0.5358892088622392,-0.8159715905860634,-0.6273173122629926,-0.752027967073007,-0.7117104668265597,-0.553328446277756,-0.8073499756835422,-0.7889785299556435,-0.6383724529040721,-0.4308825504883541,-0.7199877906117554,-0.6749521143196088,-0.6828097361502783,-0.429628545326484,-0.3668541362475411,-0.5297708413245483,-0.28817474625667233,-0.349171981592389,-0.28667942354072956,-0.2216442493896988,-0.2960243393271007,-0.1493531232310978,-0.14325856255147323,0.033786326762184626,-0.12534921144144648,-0.10764250744247726,0.010601533038100405,0.21314217757789133,0.14129185886481854,0.0843783718641305,0.28820502120253194
0.2201829197511258,0.0359579506945426,-0.17850790333852534,-0.35409369139088887,-0.05079270136472681,-0.22801148807766253,-0.47671797264602617,-0.668742244718096,-0.7208715689789922,-0.7619256380444279,-0.4056800102328569,-0.7644233720455386,-0.5877663851752165,-0.7039195053445606,-0.5442214841855977,-0.9091889786708666,-0.5899101038177084,-0.835941045301986,-0.5376628370887386,-0.6636919274333145,-0.7312034873179999,-0.6753526621798864,-0.5808410016598561,-0.5807046580884149,-0.6376660218910607,-0.3006769549111112,-0.37658015423820834,-0.35738312934972166,-0.334819395291238,-0.24374037521055933,-0.31646691986545455,-0.14150458185613418,-0.05173044063352694,-0.26843299488755995,0.024879960563493956,-0.022578072605084817,0.13326278702401928,0.13195853001095065,-0.0458578791955843,0.08083319744113987,0.2438465846539094,0.20822740685039612
0.020820088014429874,-0.182208803857611,0.11459419539810393,-0.2453099183258843,-0.40105976520003056,-0.526621674922497,-0.3425857311963054,-0.44452144508015107,-0.43656739723993765,-0.7364157414227898,-0.6848603605046065,-0.4200760162594421,-0.5282828658862624,-0.5578939414413125,-0.7143211754156034,-0.47433692052320353,-0.5246981945983562,-0.753790931954802,-0.5380792248897945,-0.7193774921210757,-0.7160104922982079,-0.6465105284490216,-0.5149991146623093,-0.7152508712070051,-0.4970744683242551,-0.586244401459421,-0.5523400281689373,-0.4725140890900538,-0.40310163088488743,-0.31743531558492816,-0.27097618817378766,-0.09454458277221565,-0.011240308306433475,-0.08433252287380692,0.05239651997242889,-0.03129506036475643,0.09062196840688048,0.0748601170268559,-0.025918862789239223,0.25224564387573717,0.09110102913392809,0.15828438088826677
-0.23286409614194514,-0.24242238113280462,-0.2674779394575836,-0.18037271690720885,-0.1878668098618632,-0.24731059219787943,-0.252164420907382,-0.13656545687324992,-0.20742303276084942,-0.17023300547966053,-0.2936361501539443,-0.3046296479668295,-0.19170095097993603,-0.29956423805850774,-0.31028115635695896,-0.28066249212181016,-0.21085831658209742,-0.17798381904255625,-0.320616273428017,-0.24423515811981944,-0.27001507275951087,-0.1578992986915784,-0.1439790226738721,-0.2919045043850161,-0.28186056515451907,-0.18697627975217998,-0.2572632815140235,-0.31122354545833814,-0.23727526542298527,-0.27257822788360864,-0.31774259300113716,-0.19870957023895336,-0.22618281387328235,-0.24295964687047378,-0.24987617069880017,-0.2338887176731489,-0.2353219811224074,-0.30040542707021395,-0.30930030523222035,-0.15599952568934963,-0.305048278533312,-0.1586213757550802
0.3277693550487362,0.17068985264568579,-0.4960789061601252,0.02557167106688076,-0.3658313328095484,-0.4617501365610593,-0.6291136316411111,-0.30430770750936553,-0.3925119331646811,-0.7516696552482296,-1.0434821550469628,-1.2110716829985486,-1.0047190810243083,-1.3032755022834899,-1.3401645280936363,-1.4110517028235727,-1.1501715735494,-1.6102190197087236,-1.5852972549303503,-1.2822819042068692,-1.3019391588807274,-1.3885901597941657,-1.2235481857138015,-1.1584777145223717,-0.8673614539362186,-1.483304655268862,-0.6374235397286,-0.781666696031746,-1.2034488465084978,-1.0660940549240254,-0.5850217058050575,-0.9772191075214487,-0.2694503504576682,-0.8008588900000798,-0.42809693874627675,-0.14008475081036237,0.45732184864745556,0.27773865723958935,0.19189511127996886,0.7139175874138639,0.7473895419111668,0.22109524292418026
-0.061336168629637845,-0.40155421928648194,0.12645591850985255,0.015121040307258445,-0.6965345118781657,-0.4802010630890231,-0.3275488697487533,-0.8952877380241817,-0.48843567893472145,-0.8558919807435743,-1.05537752958209,-1.1322266009473543,-1.369117080134797,-0.9823258665146819,-1.1473430325480067,-0.8655456388501026,-0.8567441532373243,-1.3126307388622502,-0.909327778404437,-1.4701555052132322,-1.465176175828419,-1.0565955093885844,-1.2206664303859027,-1.158788663481655,-1.2916794779605114,-1.0910452800626547,-1.4172790753189768,-1.3081627723985823,-0.7858152787536049,-1.1035528968906283,-0.5059165831641044,-0.9784325325191053,-0.8116392663918468,-0.15329191078883692,-0.1617859754214149,-0.008338793010563263,0.34604786234880963,0.35890955585430095,0.4711047301042134,-0.07807663730441126,0.8155706577579633,0.3412058219977894
-0.13054319832331573,0.17257968157660222,0.09662158703450667,-0.6179554873190279,-0.10252458405287468,-0.6424772872385786,-0.45750622994207546,-0.6552637965508563,-0.6751532539799103,-0.5473249058217252,-1.269875390223907,-0.9849110803113975,-0.7587722256659356,-0.8111927130552674,-1.0806217322381417,-0.9944179923862121,-0.8906900589024066,-1.3960873971306302,-0.9575497971043553,-1.5020318350731934,-1.253196982094315,-0.8857670960157443,-1.4443063183258216,-1.1993609918711254,-1.5411085963652063,-1.2942748916790625,-1.4642728281924429,-0.9162253374885302,-1.0723755297642723,-0.6600951108992729,-0.8540104265765925,-0.8051601668360652,-0.6791642744297388,0.04704088064474954,-0.6437084881037374,0.26289139196544314,-0.030228666680804515,0.38095575930006875,0.5345119597626464,0.5529892446830463,0.04995322102591179,0.3553214952419844
-0.14735721357055465,0.16276225334125427,-0.5196213411847805,-0.5120391697566071,-0.6339030692353256,-0.14130656818238796,-0.26506248480908434,-0.9303193841652183,-0.6740320969132497,-1.1016732044092414,-0.5508404361196394,-0.7942406127722458,-0.7475863793349905,-0.9218071137207376,-1.204506873053812,-1.0372780279451008,-0.9804016411523889,-1.3734549054958414,-0.9334152759539601,-1.3381631066279778,-1.13834478762881,-1.3852543153837522,-0.8679654596321468,-1.4244414332594113,-1.2897431169047644,-1.4240768908062253,-0.9605290174139757,-1.2279820462338624,-0.7420626094494023,-0.5637236673614869,-0.8570196768469568,-0.4644743043503001,-0.305694048085269,-0.8420659148960151,-0.3392536540514597,-0.05276759435120441,-0.4918572280679747,0.21877959734926575,0.34800574019238156,0.3221026970865328,0.18526450854389725,0.9946865537909051
