gfs-wave-data.json
{"header": {"parameterCategory":2,"parameterNumber":2,"dx":2.5,"dy":2.5,"nx":144,"ny":73,"la1":90.0,"la2":-90.0,"lo1":0.0,"lo2":357.5}, "data":
[rows 38 to 56 of 73, columns 0 to 41 of 144]
-0.9532901007660235,-0.9573178433023192,-0.8925864550520755,-0.8358635687179135,-0.9549682317978667,-0.8845250586007487,-0.8398611687826174,-0.6280712741498254,-0.5958409191066247,-0.569007833651805,-0.678426958811387,-0.6878848475526214,-0.5233293831504425,-0.7586732339928327,-0.8376099354542861,-0.6030532928597402,-0.841203512545464,-0.9969857463561285,-0.9900213011689456,-1.2021099303774678,-1.2731836449376694,-1.2174896141646172,-1.2389559452883412,-1.1909552631662006,-1.3174444370808989,-1.2915545142474678,-1.2533330596660213,-1.0431589736827322,-0.9478899106537213,-0.8612110353687146,-0.8326044601507078,-0.7721722358464285,-0.5647396331318655,-0.424281775056142,-0.6147102355228529,-0.3926800277086261,-0.46885615457316815,-0.4244513463688046,-0.3894230181015364,-0.4738220861159361,-0.5511451653067987,-0.40364962191595327
-0.9814920712489286,-0.8533753417699956,-0.8711703847642935,-0.8934923806219799,-0.8454699431819406,-0.9063273186940641,-0.6774690765889065,-0.6605832524671026,-0.7208992944778444,-0.6097920168625853,-0.7338356273261567,-0.673905642913147,-0.8483718100173844,-0.5524623845173431,-0.5014097617256495,-0.7345835251522804,-0.8930132061139404,-0.7930603217868911,-0.7786270790510749,-0.9283461956845694,-1.1916594510230798,-1.0777161761115202,-1.1872575437379453,-1.2679318268810136,-1.1546853567459434,-1.1771772679141856,-1.0699157264852859,-1.0318766490389584,-0.9686583475397759,-0.9451306079736155,-0.7500141859004491,-0.7502472020240585,-0.6078373893405951,-0.5992095864634776,-0.4897019243401572,-0.43401644653644383,-0.4374303236083576,-0.3657630973932171,-0.3966473614395612,-0.5371241871263124,-0.4988576827667841,-0.50252781808753
-0.8848374290020646,-0.8275581252073325,-0.9131024324696707,-0.8223957651436589,-0.9138198629736793,-0.7356069761516518,-0.6979985787029763,-0.8198365388066177,-0.8078648605104645,-0.7560149070047683,-0.5413583519110298,-0.7538388775645211,-0.7766326484127107,-0.6879071347945308,-0.6578785326619595,-0.5658221532568551,-0.7853285804139292,-0.96135683395727,-1.0027773891570018,-1.1795741284148302,-1.0900519750303286,-1.1024591838321098,-1.1557157940377754,-1.330234051342921,-1.32140965736111,-1.2227175162561077,-1.1264633586647834,-0.9958720966840986,-0.9854759431839919,-0.820823024087821,-0.9251836310186121,-0.8556076773254024,-0.5001015814065799,-0.5607095100715297,-0.6720477676917631,-0.5379460531375592,-0.5518877326025906,-0.34437955196112574,-0.45850835440117055,-0.4951517871787056,-0.32949548623795755,-0.5791044921795908
-0.9510804129732465,-0.9593144105356073,-0.9271678635726756,-0.9548538967060328,-0.9196317799424562,-0.8897306239791118,-0.8330279543554024,-0.7578392723856926,-0.8552526104967466,-0.5539547455877837,-0.8057694368612389,-0.5490371161092403,-0.5744024470619707,-0.46388952780054243,-0.6547918895622203,-0.5367001565064771,-0.6041591627846558,-0.9456163270144233,-0.7333262071146622,-1.144373100185258,-1.2012325812702769,-1.2959985527788098,-1.251440309492415,-1.3001567295481438,-1.2749810488631916,-1.1183583758206614,-1.1206436438383411,-1.215073714411436,-1.0722116272006146,-0.9002169648758557,-0.673010352924052,-0.8032587553375391,-0.7116141462854155,-0.40630902973371286,-0.5158555005153986,-0.35108090816232634,-0.37841064437456506,-0.519228835731261,-0.3676576843925622,-0.4459245336781031,-0.5211340942746777,-0.49606268981327173
0.018620870649334754,-0.011349548258912882,-0.04546277779469623,9.732590037327951e-05,0.06477207782400621,0.0055071173162589745,-0.00018159578429354683,0.036411844767371554,-0.0327713331301567,-0.05432280272565908,-0.020873624687893576,-5.5298186903456746e-05,0.050574617536290896,-0.018200830546016566,-0.04237288925283336,0.03973259429713232,-0.020230055406145947,0.048150485702910445,-0.02765956268443379,0.06059572372258882,-0.05448531865452824,-0.0369148705633475,0.03958724318451284,0.030203073091324518,-0.03421347448095359,-0.005922466101755304,-0.02884339383854069,-0.055659837029711765,0.03091378606274522,0.035780266157649974,-0.04376024368311721,-0.03449890585029151,-0.02305279001352201,-0.04931686111476657,0.0010804217807827135,0.024054127785329213,-0.01070248694474464,0.018518261175192632,0.009559619710894097,-0.04390633267422009,-0.018746888809885315,-0.041036840768350444
-0.9312013098617152,-0.842256436443966,-1.0066039089358692,-0.9145859179662421,-0.8801260940817859,-0.9727248101246341,-0.8803968207542092,-1.1412312756613339,-0.8920097986836355,-0.9270172671896528,-0.9674671929441957,-1.0448267792063872,-0.8193182691110552,-0.8903285749039144,-0.8830053811568944,-0.7907762969766134,-0.8837490408977414,-0.9057289832015488,-1.0561630128034512,-1.1236973983061733,-0.9459893297852364,-0.8286933631308755,-0.7771335376287105,-0.9830535505496591,-1.0194049447664562,-0.7900171997229465,-1.0009453153290002,-0.9954682768083777,-0.905455433986938,-0.9661472897818475,-0.8396369447852905,-1.0934195309882608,-0.8917297752678525,-0.7962153934785706,-0.9261361561559575,-0.9143267577608828,-0.8639816146395618,-0.6339119418120475,-0.8504081597484956,-0.7917284839921253,-0.7564192561640902,-0.772472217098647
-0.9789898745790806,-0.9886980162427624,-0.9883984304331187,-1.1190500109060688,-0.9479279942399249,-1.0997689429113184,-0.8080828701992409,-0.9841220864685718,-1.1488920577083792,-1.0111376841416835,-0.8940451836276417,-0.934814717657222,-1.098784381245973,-0.8795920092334178,-0.8222206888801764,-0.8350999839852591,-0.8177669190059204,-0.9092398351621525,-0.8704671633137246,-1.0174108069799672,-1.05189443269778,-0.8090941784878657,-0.8933948103162183,-0.747439891407521,-0.8947889109915972,-0.7714686468422636,-0.8418469591860448,-0.9201996670505603,-0.96433545639425,-0.7921834246958075,-1.0628010887964023,-0.7677498786879301,-0.7506091344508835,-0.8579959350534202,-0.8894402646329191,-0.7419097600434992,-0.8219937737993344,-0.6530391045506935,-0.7959662130685746,-0.9746455958363761,-0.666525246568787,-0.7837361433041372
-0.9084694070301343,-1.0889534718784721,-1.0632884837302878,-0.9374893399485362,-1.0983829397400222,-1.0046489090015442,-1.0855777034942722,-0.971528488866832,-1.1062902752509864,-1.0073515101800767,-0.9647506304339902,-1.0253461814400326,-0.8285048422001873,-0.8949749524272334,-1.0344988103342074,-0.9402918159572952,-0.8907328905641161,-0.8745932902321889,-0.8484454402706609,-0.9202874725940511,-0.7856972704584619,-1.1065131709963751,-1.057437649704261,-0.7647016597077249,-0.8412045109810984,-1.1189172662181335,-0.829219853876177,-0.7067033076967961,-0.8735042968443815,-0.7084269467805309,-0.8681945064456468,-0.820747950312923,-0.77644590965511,-0.8657186077624858,-0.6464031738508008,-0.6959262306431826,-0.8310396502901325,-0.8638704241544578,-0.8911324414690448,-0.6584430209973097,-0.7025966721042234,-0.6694389773386356
-1.0049188392972839,-1.0842526898909326,-1.1176961010547284,-1.0755801257841737,-0.9499658337980816,-0.9608689161715638,-0.976933984665373,-0.9059643378707557,-0.9327602162981578,-0.8788588183774826,-1.0461977076149203,-0.8279094913412144,-0.98743213361444,-1.0109377898012042,-0.8711883470662823,-0.97402377601299,-0.8052209240697836,-0.9053321028276855,-0.969942292812809,-0.8091050745770296,-0.8809753768433891,-1.0181770719520205,-0.92465192542438,-0.8491053985530916,-0.9558571604413284,-1.0078675709076559,-0.9542314642597625,-0.6673797208740057,-0.9748551550383251,-0.797761053767395,-0.8090393633928881,-0.752543327969058,-0.9455327120686201,-0.8046091116551037,-0.7795128443949257,-0.9101208518306918,-0.8072189687403997,-0.996372220175772,-0.685912002850709,-0.8810028725194963,-0.641396245281564,-0.7906603676254809
-0.9043264241857255,-0.9864757314812813,-0.8749368762521077,-1.0735044983355289,-1.0852400012222074,-1.0976097541977232,-1.0545955366858017,-0.9751134211875084,-1.1280026341659126,-0.8811344331659039,-0.9002570350457824,-1.0868176300292414,-1.0784018096003791,-1.015468442477874,-0.9103509791519374,-1.0870360044218008,-1.0388601066647298,-1.07803752346303,-0.8056271161078908,-0.930790402870203,-0.8449085653312102,-0.77769152568701,-0.9850000604155906,-1.062912459651938,-0.8855413151365212,-0.7833417987581355,-0.8928863716488848,-0.7595312270766748,-0.7647743447116655,-1.0068831094141855,-1.080194124975192,-0.8123498676268529,-0.9751741656834627,-0.9031863935306154,-0.8666888563488186,-0.8889132301452132,-1.0120480065213866,-0.8956952519451061,-0.6074254598949399,-0.7715492361246469,-0.78833804406698,-0.755864307256921
0.0015453942046504522,0.010064255757850728,-0.02235838543354127,0.06667718222811078,0.0036227554639702182,0.0421946884853345,-0.027056387291424486,0.03564127565261194,0.04896221025454661,0.016083608519144775,-0.03762685383002654,-0.05554383208170078,-0.040756535148431146,-0.028571435750862774,0.03652160422749701,-0.02721905867209083,0.03639729064418372,-0.05443289176593107,0.00561328175714591,-0.03877190095687119,0.0496961149916259,0.03547777210312083,-0.02305712399844664,0.011926696952907209,0.06128811401743407,0.035829327545982094,0.02042442470741294,-0.024840888716043067,0.023022145752258673,0.02733941586639112,-0.0214176750965966,0.010030337943096714,-0.05442146399879582,-0.061822539159188186,0.02767162612910527,0.0377381022828537,-0.010192790919412456,0.03129669422139928,-0.024199178601185558,0.043118407335886774,-0.03277997057128828,0.028989189448840328
1.7757890928035993,1.6457482315857082,1.6777804939334284,1.6586005913961668,1.5825941215210189,1.6003414335532722,1.6254401628690414,1.478559430371374,1.538575989358986,1.5388082173787108,1.3669555517262975,1.5220187265426113,1.603589647998335,1.4778608631016592,1.5434685495382277,1.1972989892022543,1.3075790994821312,1.3140053304875532,1.2895781827484847,1.2600948592946477,1.2147114208077832,1.1959767940727553,1.2113484756965782,1.170268255740202,1.0551944545691516,1.0548116554333877,1.1251894670533997,1.2021644185962284,0.9908883180680317,1.2168956196363256,1.2247821155408263,1.112156004063716,0.9866035744098269,1.1157398279309458,1.0086577636381655,1.0854822173302932,0.9463177228929796,0.9134543328856772,1.0753683126651024,1.0086297569830966,0.8867629878709452,0.9548078599047
1.6600844805210624,1.7498781895292441,1.7744831390337252,1.663739789153628,1.754545348041171,1.7319133677620389,1.660233493051579,1.5945801307684244,1.5329647171721306,1.6794138289133094,1.3724676792492667,1.4000078755128142,1.3915755011469044,1.2023050345238668,1.5150085351447888,1.2485745093661813,1.2559153300932822,1.2112705752809168,1.2674760088652368,1.2051301239679935,1.1623440731971915,1.2032669414484016,1.2725217614865676,1.2261674913751683,1.1221429647696226,1.1337843161348444,1.1194849220139989,1.0925978898553428,1.0761471844542772,1.1408632572906738,1.0011967436139124,1.0231240121330794,1.0470635049669044,1.0687261418932337,0.9612836510183973,1.0027958258274923,0.9188399061203583,1.08404314164607,0.8709432450486557,1.0368186180974464,1.0059556219529497,0.8958916817369416
1.6158491046573003,1.740148365078189,1.5947549875974705,1.6049498198419772,1.610622551766703,1.5693787205915315,1.5486811237774678,1.57023612815685,1.4677692156616227,1.4285252840001386,1.6076593399229175,1.5576157948038785,1.2882232969731862,1.370273257187554,1.1663365788840616,1.4596910643713645,1.3668924866913839,1.4456484980659876,1.1711644028725707,1.1313920276929574,1.2411278455366888,1.3040591546845333,1.1385330401815938,1.097081527501062,1.218810163405406,1.2335996688870496,1.2545045562714396,1.1869757161207382,1.1447591613523136,1.1519383017285465,1.0146883207368025,0.9496632544906904,1.1431025398047803,1.0181928324428826,1.0474936109260518,1.0896095020230476,0.9786796261533768,1.081642373912348,1.0268439040430057,0.9422959392197736,0.9549979121099698,0.7906187932902189
0.0012807498901701336,-0.040561994978999344,0.004910734387411002,-0.0005663855178095693,0.03357137772762896,-0.010257478598245363,0.02502313786220367,-0.03285386333998748,-0.03900108379996628,-0.017355315739674734,-0.046494573193259454,0.04741693936739231,-0.016992346839817447,-0.03880048636002368,-0.03810135788277204,0.03282243339308803,0.011480674838666067,0.032378460298511505,-0.020162310219739812,-0.06326989238978527,-0.02414497852324438,-0.05537323485475285,-0.018093091919329736,-0.026597374071809673,0.036373466822718886,0.03270368278912272,-0.022772020821452334,-0.04289192911568507,-0.0006750717328860198,0.002838477730606441,-0.028556500033276012,-0.008069438059010985,-0.005191124694469459,0.00839444087209192,0.016107298560900304,0.023551573026278833,-0.030203767955869956,-0.0039859184154216395,0.014415395026378794,0.027303702834408007,-0.00018892100555551434,-0.029163895098846534
1.9388516565859402,1.9509167534027891,1.9384779994675518,2.1219637179495594,2.0428424906767315,2.085478975868285,2.1260024853195403,2.1669533604419895,2.1144429806167073,2.16426468153478,1.9804991075278766,2.19226404006206,2.2794602962350643,2.292259620976649,2.3161152033206625,2.025633763221925,2.0654588529587636,2.3015204244050453,2.068722535228028,2.168120027474772,2.0586286169338925,2.3452119252640475,2.1372761302881274,2.4378662104822713,2.396867802244928,2.3531835561667367,2.506241291945067,2.5233208951978554,2.551018816354834,2.6540981466554587,2.7837730323736865,2.6420604250078865,2.6429206869498185,2.844111558125514,2.7390143018670683,2.7290626840667374,2.7398047868890343,2.636041747201514,2.6657637788977397,2.65807396260722,2.761483820467363,2.5633277337929745
1.9811737415351574,2.021176037136762,2.0216157905648067,2.0577293409703836,2.051297863098372,2.179067409601728,2.065082395963201,2.0855560380949503,2.1003954553131936,2.1918956749734306,2.241106104176963,1.951522920537611,1.8842486464305677,2.266303240635217,2.1164831939360043,2.2260957493941027,2.230736356515652,2.3117435725634685,2.134725886173214,2.23037616022137,2.26620638246404,1.9867716433931804,2.153232599869022,2.0456954616363165,2.4951179701758353,2.6408447770330197,2.4489120921364482,2.4848690462619807,2.4972482201907593,2.366068781584702,2.6828626205883515,2.642751168746527,2.6841176797873936,2.580192366315536,2.7347697161607027,2.7719993388204904,2.7468410961770795,2.6141085749223874,2.6770249895535616,2.7909718279105302,2.6226750310995595,2.6678912364541945
2.079496585802807,1.9289053153480245,1.91414405932765,2.0520696196112307,2.2010469653526665,2.059458187892679,2.0099833446617796,2.154230811512472,1.991011153065062,2.1774892860249726,1.9765562535572607,2.041021186775137,2.0486599768146254,1.9762675181480818,2.117773875707087,2.1938640401283664,2.0135221941286154,2.2121202794890378,2.0214476317651435,2.1096253224726014,2.2593316131197034,2.025577493782855,2.1016903198328816,2.119511647367381,2.394680640578299,2.184023026045494,2.242910857265014,2.372150152319904,2.5366377791171715,2.607882045601357,2.72491507537638,2.6065596146548002,2.626590846431993,2.7388749580006038,2.6674801805747306,2.6443768363342417,2.666704399033509,2.675742080082528,2.71832872963478,2.594828518489736,2.669826055883732,2.578792403291674
2.0448495674923013,1.975193763122915,2.0330937495861994,1.9871582006989719,1.9968087221170832,2.184880863440944,2.2170413315511768,2.082001130045162,2.108703107568957,2.2314182725158016,2.1280392178449987,2.1162677026888557,2.273735270372036,2.1819043057532164,2.218784128849254,2.0776033677364913,2.088101694629145,2.177328309395946,2.211723153193845,2.262208556786488,2.1746484774422496,2.213910232711882,2.1882631286365553,2.0773052876618574,2.568557870015177,2.3505187922429394,2.5063345551737957,2.527379118634881,2.5812876866720247,2.4567798789268025,2.518092967637951,2.486721123713099,2.752244225776838,2.7031974725787613,2.69110428551515,2.7283398466215223,2.6250939301766896,2.7392310534090623,2.642856829345281,2.718048984127771,2.7839830801383805,2.7375577310873056
