gfs-wave-data.json
{"header": {"parameterCategory":2,"parameterNumber":2,"dx":2.5,"dy":2.5,"nx":144,"ny":73,"la1":90.0,"la2":-90.0,"lo1":0.0,"lo2":357.5}, "data":
[rows 0 to 17 of 73, columns 84 to 125 of 144]
-0.07495274827114881,0.05071472367649594,0.09309239410382086,0.42401151502699214,0.4381369579340683,0.5370797543006803,0.6838308556596641,0.6665270090211683,0.7241844735429498,0.7285044010525011,0.8415118512563062,0.7650094416871068,0.8027937889929517,0.7578254175073816,0.6773280846976185,0.6125006257405509,0.6171302652911806,0.5129841541887646,0.5602903318611254,0.5576012444815636,0.38784279177437964,0.39581451731233086,0.11740894620695039,0.06664141060646608,0.04607484443383339,-0.003603252715278864,-0.11174276229124168,-0.2586682785489906,-0.171187321570469,-0.23175514199462627,-0.3193742525856046,-0.3540957532131984,-0.34019783307941304,-0.4035886807963277,-0.3350709513499645,-0.3183278251071158,-0.43529913172664425,-0.29618949217547835,-0.332923217635272,-0.44829210519531515,-0.21205733973500038,-0.2427085615197199
-0.15017027175394937,0.2595192592562596,0.20686271418196134,0.38861568153127224,0.32631502239516624,0.7070978221261455,0.5845934973420011,0.6226051431274727,0.672579637723915,0.7817197390821881,0.6912404547133617,0.7175311889213366,0.7397968535067428,0.6728538556713289,0.8252249660725604,0.6797081357703254,0.7505324054677955,0.5857881807115094,0.4917640365369328,0.3723430793829073,0.44379685615912795,0.2808287372892047,0.21735381516822055,0.17438959515485983,-0.05553338913028417,-0.06846878803394656,-0.1038533313001594,-0.27697715067707546,-0.2579318620578866,-0.295749520171519,-0.41810916156989913,-0.3604673258161412,-0.35764677324236144,-0.32814309859819163,-0.4427740678593656,-0.3096635888116194,-0.39793130156788376,-0.4672304404461346,-0.35532864482850884,-0.286001414115946,-0.286281679319908,-0.24506556976490448
0.014012717428073558,0.15193843557152356,0.2297305210430517,0.21462551143013606,0.3748101011133747,0.6373427403682733,0.5818461749979914,0.6634563051613013,0.6965616356143446,0.8420144551046569,0.7841907513849069,0.6401554908925036,0.7127964394495838,0.6797193720672171,0.8410025190997722,0.5681849326455058,0.6066367898477553,0.6464010814546587,0.41611642916070735,0.5004356785827262,0.4465050994850151,0.20923274280262366,0.3075216200377971,0.17940471748373057,0.01456808952600773,0.022619918411608205,-0.22848365599613804,-0.1769149954122871,-0.3024010874148927,-0.2944106238119831,-0.35807022551958534,-0.37107138405388346,-0.42778700925199553,-0.3745208979311556,-0.40410748234519267,-0.37895200390074196,-0.35980153141469656,-0.2886000458190993,-0.3288889530245212,-0.2852469479342416,-0.36423440134973517,-0.3331507161664153
-0.020364129765956068,0.2261546446116098,0.24037431631218356,0.25118979292760835,0.3813736901989977,0.6439773147308615,0.6344337715962041,0.6615491616878055,0.7036944870766213,0.6768122450641241,0.7011485272208143,0.7067032828915679,0.5899329870920786,0.7372120740101966,0.7296408074218419,0.7060293241323138,0.6773387074010478,0.651773370628926,0.5410753431082459,0.4063030901729907,0.4613697116331968,0.35044287264388213,0.08693820683123826,0.16053380875040224,-0.023006377000921577,-0.12079350329669664,-0.27156674069760817,-0.18514165808096994,-0.2723460672301077,-0.355374890131487,-0.34810913136976057,-0.3403105493259687,-0.3696248388230566,-0.4166532127373487,-0.42597011136037866,-0.4282630367447189,-0.29403327891241277,-0.27140521833509723,-0.2795652668568787,-0.33587342660937036,-0.3069042194437878,-0.2672631338746331
-0.010986786683739869,0.11734531327673517,0.24571689003869202,0.4469400667047764,0.4674054441588138,0.5855607223773036,0.53256578543524,0.6327988609472107,0.746813327865454,0.7568897269223733,0.7761634598965007,0.7178753117648671,0.7656427216668933,0.7466623687462022,0.6189371282494579,0.587738511398141,0.5362185925357914,0.5272016910100065,0.5902379617803045,0.39205877482742735,0.5175844096776531,0.1747485421641725,0.24765385982720825,0.10042312577593061,-0.030269914405524307,0.009559602583718135,-0.056505953743132296,-0.24079718299241884,-0.21224172254988474,-0.23088748144385993,-0.447070747090743,-0.42800406185779694,-0.3441364826753355,-0.3464068800269008,-0.3991120369585171,-0.3223250416164067,-0.4167888831365343,-0.38366556496375775,-0.38059877687452254,-0.33044559069276763,-0.37963624193460094,-0.367824599164106
0.08032182057979904,0.02334554049559931,0.3391447985160272,0.29785523394031926,0.5647336476422229,0.5747560567072554,0.4893510923753085,0.7289250432801012,0.5980190699497041,0.6254836395311513,0.757368154342585,0.7163620907060348,0.713921637376402,0.6338060100202969,0.7602054255595895,0.7901737041532395,0.6022543108419491,0.5928263081735746,0.5423477364996512,0.4635571250841114,0.39926530647627206,0.34147803542182803,0.1559001705605656,0.07034006139744427,-0.00048040370581793704,-0.06882380524579249,-0.23861471542981194,-0.2831356355843328,-0.33143217728284385,-0.24355076468920395,-0.3231123449557657,-0.35895903982852934,-0.4081199693419879,-0.3713384937058917,-0.47981852693336036,-0.33114774085066484,-0.28069783009549015,-0.2895646211639949,-0.318872426146259,-0.31356837859626335,-0.3652378920487421,-0.24089659588876602
-0.1207021911680717,0.17548049236031799,0.17694179142947755,0.5179463430253959,0.46597911864808883,0.3752917090940841,0.5565172013051195,0.7286320895102273,0.6198545214121105,0.7110428380207083,0.8207692767588535,0.7429039682046766,0.7609128344291105,0.6942473627712608,0.7715695865403636,0.6325266525636787,0.6269617239242801,0.6428110465626138,0.5668125786370957,0.3165780030350077,0.4160117421794427,0.1563173627737278,0.07761770512248281,0.07334095984660577,-0.1049910891311532,0.0016859790584398684,-0.24262029555244538,-0.22628578135686517,-0.3230651469981477,-0.26738814119919563,-0.3627438552452433,-0.36387854505539885,-0.41991611596522094,-0.49076647190628453,-0.2806029338040476,-0.4552063382417602,-0.2669937227818162,-0.3606633547436908,-0.2838733773405919,-0.30879172147063894,-0.3267474738613194,-0.3032755777764119
-0.019370431812857827,0.17618218264273772,0.14423400237419584,0.27251948215501665,0.4624148612772327,0.5204214012809525,0.6741833643378222,0.7201622067934723,0.6368835712923666,0.6748163763136599,0.8072453934285235,0.7115138462943389,0.7479880306265564,0.6889691428828001,0.6938031940304431,0.67584374747142,0.5706290724756575,0.5149838268845595,0.3702939177919329,0.40477299405776807,0.2771655151054753,0.23670725280370483,0.2110477663785758,0.052125287224204425,0.09112788140642414,-0.03900150406305969,-0.10430212383836648,-0.18898262903987045,-0.2192231151909437,-0.2578356337226316,-0.259813547140943,-0.27268862816610345,-0.3806848716800302,-0.395957055509855,-0.38897359514430874,-0.470940179135093,-0.2983471279466218,-0.3017007035481567,-0.29498011389152184,-0.2713803684822873,-0.369051219610135,-0.33768831451394143
0.09678526270117642,0.1646515310923176,0.20246911199353446,0.29828478600784364,0.3388946046556195,0.505298801985129,0.4798427006239966,0.5830080343736604,0.5490743246265068,0.5788820890132824,0.8335526909306726,0.731881963789094,0.6280211236279913,0.7069499953750508,0.706951739415837,0.6006634494391733,0.5457202402629199,0.5702887300685521,0.4183648127540908,0.4667470110526495,0.2590067005010095,0.21368637486996328,0.22731936801909858,0.07810195584807901,0.017977859620408227,-0.10505685453432681,-0.14311843782278658,-0.2587829342169661,-0.24144498360211472,-0.21842008922315598,-0.32318881069628874,-0.45088768543690594,-0.3331121049174017,-0.3665935037355381,-0.268871626575652,-0.34096919675342857,-0.2632170228181341,-0.3218924402769451,-0.288382324583147,-0.30873801551515573,-0.269585272185729,-0.24609821359970893
-0.0317044158157148,0.054870627045074435,0.2941302364351418,0.4057887789433871,0.5089431260638775,0.5698589372936851,0.5807785811648777,0.7460629670345197,0.5725790646019774,0.6767934626580718,0.7475902213127467,0.5961306680558859,0.7133974304134589,0.6362190298811891,0.7626972628896018,0.6433639543771753,0.4894893439419194,0.6462657101931133,0.484230894313922,0.32392857033768085,0.3517263110908373,0.16905319665028365,0.1642783405441075,-0.015422105847450681,-0.06721292330085744,-0.08414736856646383,-0.13003799862054563,-0.2549333521176793,-0.3165841583024991,-0.2772010815567221,-0.3729339939804629,-0.3338943827904598,-0.27386346451995325,-0.40680804567710593,-0.3364268420968634,-0.2619015433878484,-0.2519896195310192,-0.3096788537057475,-0.2390078987216714,-0.22410252371924635,-0.2255605383334875,-0.2640583011329737
0.1198448401134536,0.08707550186251563,0.3058135221652243,0.42166345990542176,0.527918866211277,0.5197567626316819,0.5412281109980274,0.6585349730536654,0.7274176941983129,0.756503248051439,0.6891363865073495,0.6299692369160542,0.6545997639893534,0.624114991836885,0.6932197757134785,0.5248489569306026,0.5913591330724338,0.5649223068671815,0.5307183964487586,0.39023796243012304,0.295451297180939,0.31081348753122084,0.12215145625620595,-0.009524653044613451,0.07516405413581531,-0.0619392073252144,-0.11297699774087167,-0.21407559009415952,-0.3344951129687569,-0.2627283945264694,-0.33098737334786166,-0.4136721352250302,-0.3929013394209805,-0.260804049201575,-0.33383258774742935,-0.31797880090259223,-0.36347883343313725,-0.35436841417119874,-0.25556979928630913,-0.22471759378680317,-0.2119101311221567,-0.17634444783483244
-0.11704866975657544,0.019964805431427913,0.22729480994847473,0.19726096817226857,0.4565475828141116,0.5701658999988265,0.44177996746635245,0.5714271913876718,0.5753663010973101,0.5679909423236922,0.639088950972981,0.792819740764251,0.7723446155474981,0.6798187652644032,0.6824471353885108,0.5165709082363145,0.5987368476410785,0.4378352448429282,0.36575922214424045,0.4063250748024687,0.35558667226261026,0.3144480114592077,0.19245970404193896,0.015644313470850844,0.07867158341310278,0.0016375245602158952,-0.07137322279784925,-0.23240127048510045,-0.24907598538032308,-0.2536357078698774,-0.3241729397163676,-0.3349347201261233,-0.3748306520226098,-0.4386587349018601,-0.3296440408038619,-0.266142657952045,-0.2930113363122408,-0.28473462664681304,-0.21675268526510683,-0.25497838418963337,-0.38155928402216266,-0.24637128956397183
-0.03144695636915049,0.001922907098087593,0.0331715651308162,-0.028090360507470807,-0.030240902175241894,0.056407286973001854,0.026574838854826293,-0.021570079257212497,0.026324451642899118,-0.03608556617189134,0.015108490560623859,0.045053846536891436,-0.02210379630085639,0.008575023256417699,-0.04102456955349912,0.06996866747126372,-0.04262841376802695,0.039187712939981606,0.0441411089083161,0.04042853790464868,-0.029401838376982594,0.018456415863914707,0.031238811043395303,-0.00872828994326685,0.005751333625778916,0.002969964601282782,0.011614697196074763,0.04042663802062917,0.026626581610087175,0.019732504044549383,-0.03185085072856489,-0.03497736621587095,-0.0009665899474349441,0.006658046486513882,-0.002635595331040522,-0.037589341435094535,-0.06369256720639496,-0.012608617898522682,0.05647521506844184,-0.025869411453766526,0.006102837992309187,-0.014623120009433985
0.00755850523876202,0.027326695345724007,-0.007482041779629128,0.04884394342659904,-0.03888946891944975,-0.014738870109423013,0.04036395450802912,0.014088642481950783,0.05263075096633165,-0.050891917648294434,-0.0655531649827791,0.01740031092409763,0.024850618528243926,-0.05057802356893211,-0.02042235544169384,-0.026599878277119186,0.004741862485154938,0.058799992145056636,0.034452116813393684,-0.01823766252384242,-0.05402166669446209,0.03138800158900447,0.03346982869236772,-0.05109820423243808,0.0284497792590117,0.033616602332250396,-0.026510261199613958,0.02229510474014865,-0.03221142632483708,-0.010312329150324871,-0.024435886329951317,-0.0240419499864114,0.02719170016163782,-0.0012796327412544553,0.053900655666077185,-0.04379309579609749,-0.021874535499040414,1.1859621317271143,0.8100056289434056,1.130964236472024,1.1234252664013222,1.1705702724301796
-0.025885362451725864,0.033389646607421705,-0.039384641878703504,-0.0472725745935945,0.02512480908039298,-0.0033042185957138192,0.029899550626089535,-0.01877840890776065,0.04125820656866415,-0.03588498891396338,-0.045601453278415506,-0.021895067818254496,-0.04758125731063545,0.0057505663794888895,-0.034017405771835325,0.057498382700889576,-0.005267053931776089,0.043897643006873925,-0.028894781288164625,-0.019740718930504702,0.027555682734417056,0.00436775665555696,-0.04313674069389445,0.004491026489870701,0.01569868212269598,-0.008441924156547055,-0.029946054117441903,-0.05692888008217197,-0.021812929776778463,-0.0346680551940242,0.017840622939656388,-0.00689044085999925,0.031378503780710554,-0.025707967389520487,0.017309426205960536,-0.028805037770099975,-0.042986179165725516,1.1017331102571986,1.1895561180695398,0.9516088332927906,0.990184141357519,1.257028836351045
0.0010541135863747903,-0.06268428609567628,0.028494780536538505,0.028353677054048575,0.029435232076983186,-0.023447849039036853,0.04384730074796255,0.041628302601071865,0.034655578271843894,-0.04990266339339967,-0.011847206685144713,0.02829920826081517,-0.010293737143726884,-0.01861709817246328,-0.02285784589796828,-0.041511697561374995,-0.000931956020196008,0.019615727124134598,-0.04309002267441583,-0.02405767681808581,-0.043042105299928156,0.03582154829597387,-0.0026125420159596254,0.03397732396270812,0.02664913904520107,-0.060294313156515414,-0.018686331088351295,0.0014440539516948334,0.05092870723514318,0.03196823357673527,0.003438400225454003,0.006880652523271846,-0.0035212977327910926,-0.014045271928692874,-0.01791552667198149,-0.05332127418457569,-0.01279130923892935,1.0160586009574302,1.213610971671362,1.1402295606260475,1.0233615078117178,0.8993142412390909
-0.026027067244763294,-0.0012177384660389348,-0.02884941904041187,0.0002187570787638589,0.013622062043140464,-0.0051593550693341,0.037377787864135176,-0.02030631054470143,0.020764380447024673,-0.03838562771406977,-0.0425033320943866,0.02546035299447258,-0.03465623441053317,-0.027374817681311274,0.017161677417086192,-0.0002959334872321827,-0.028236745530386888,0.016779408126140608,-0.021752899645903878,-0.00714673510332271,-0.047393166609649345,0.03531703758553647,0.028038173344615325,-0.017672025957678434,-0.02532024934220845,0.022758982093730888,0.019584545908396023,-0.05779102913039988,-0.008923564905076398,-0.018636695545646786,0.01595339378629526,0.014777349528785653,-0.0340435565875491,0.04802079247354858,-0.035246457552570214,0.027870084546633287,0.010994408983754997,0.8059173598435504,1.1943999304023818,1.0495693192781959,1.075040601999329,1.1200702514814707
0.008062507558616601,-0.03482023350847604,0.038460833885954615,0.03539485158054447,-0.010620927471467466,-0.009574351636161015,-0.015818116865036026,0.013850986427346116,0.009202613192194373,0.02596790023126671,0.017767634732364937,-0.0021630438932916064,0.040701433604458076,0.03494521188448948,-0.009550305089894108,-0.021608778067589787,-0.006428804173062017,0.004682798786993657,-0.019762241500881784,-0.0331151390654026,-0.029901808309340017,0.01937091703147778,-0.019649888713249786,0.057371593951639994,0.01121031824033534,0.01618508169919613,0.012132662386624837,0.023621557901708824,-0.02013359553693457,-0.023845644006126945,-0.035735628822900684,-0.038779646988251995,-0.017771512152810805,0.028199409733683043,0.028678938324720713,-0.02252664186152987,-0.034155323277424376,0.8735623178268915,1.0623676124357022,0.9726455700065421,0.8768516791480454,0.8943860109322056
