gfs-wave-data.json
{"header": {"parameterCategory":2,"parameterNumber":3,"dx":2.5,"dy":2.5,"nx":144,"ny":73,"la1":90.0,"la2":-90.0,"lo1":0.0,"lo2":357.5}, "data":
[rows 38 to 56 of 73, columns 84 to 125 of 144]
-1.0236636657233482,-0.9765519950537798,-1.0686338948314074,-0.9735834352542938,-0.8807941824780353,-0.795389338979305,-0.7629447413289999,-0.7780906414353194,-0.4854735141418132,-0.4079363820566271,-0.39538598176599543,-0.05161222123488652,0.17170929802447063,0.3012609821103429,0.3592378083854925,0.24197721110852985,0.35416953589264394,0.6286409524749946,0.7592526236882595,0.7077750537247474,0.8001496372403173,0.769400076009527,0.6440368483127026,0.7510466816802501,0.6716714919036172,0.6981259141213743,0.6180519314988978,0.6940739492124298,0.4690337302268978,0.46439112858287435,0.39632498393296206,0.351206155113832,0.2878093491982081,0.1486176216823666,0.21188971596743525,0.010850850735680363,-0.05100320368109578,0.003819648206340563,-0.05064239165181259,-0.145373956344534,-0.16278774395318263,-0.3320303240108961
-0.9382214301501504,-1.006327112924866,-1.092150336751543,-0.9291252858881887,-0.8862567877489546,-0.711740557498299,-0.7648922519807246,-0.6333205870588668,-0.6170864210664433,-0.40271430138209513,-0.30394021623060286,-0.2827710125055375,-0.02611099369286767,0.1816590447675067,0.32104122566162524,0.5162113093778017,0.4170195610253243,0.6078368596852513,0.5878190493439653,0.863324402397226,0.6376362741207049,0.718516079782623,0.6569841047559538,0.6828828359806802,0.7192652998848541,0.5843925978401527,0.5645854775693862,0.6398427830123153,0.4426565790698615,0.42551426611010984,0.4663640391754306,0.38367527339944046,0.22375968175513214,0.2025957151361754,0.11703960441390182,0.018153019113853964,-0.05283829930744352,-0.08637062832419072,-0.07645068840934434,-0.16814369335056775,-0.16428039707089473,-0.24819454079769016
-1.0193880865261287,-0.8555361427805412,-0.9671353750233636,-0.9792684951107508,-0.9140323095539057,-0.7894118281903432,-0.8487227894876817,-0.8654301004418385,-0.7119461256953651,-0.6074854460341806,-0.17646916091747492,-0.17659173051622815,0.19421750696847695,0.21694072777468154,0.22324837286704416,0.4223816729164554,0.6657578595767418,0.6013199111652984,0.6983149564016408,0.7977907322737424,0.7697313064162222,0.671150626812359,0.7440685107425833,0.7003752891180811,0.7423853544269498,0.6444410862225908,0.550308821537492,0.5898046336335708,0.5224591152946305,0.3765025996304325,0.3440953957125244,0.32939483460151914,0.2279218053224825,0.1874871007184888,0.14696989936523702,0.03300670876722059,0.05404354841082923,-0.01632924331132128,-0.102145736595742,-0.13337442190604626,-0.20559825188949546,-0.27291065741087145
-0.9914031089946391,-1.102629987455745,-0.978262255290839,-0.8657106863336321,-0.8706250590852636,-0.716115229403379,-0.6543781012139611,-0.7291188424306351,-0.7281095914722041,-0.31351489823279644,-0.14841848654683398,-0.09504581170449376,0.11235992073166401,0.3272495538649004,0.3053491000901678,0.5417240604518581,0.3462865294395311,0.6667476243205779,0.5151619598715911,0.5774088706579442,0.7737727921096871,0.7840587810184321,0.7541875592246172,0.61533608390068,0.6617044271009793,0.632437018796093,0.5582928921487013,0.552322551726416,0.37661886114665755,0.46872767243303787,0.3952717249254102,0.2207124368176049,0.3230249068823518,0.13877721893159817,0.04091635163244748,0.03639919006523686,0.021807793412564554,-0.060266746836778545,-0.1362784508315837,-0.1177075525742502,-0.14764744301778931,-0.2575302452643562
-0.31609180108297685,-0.3262961663920989,-0.1668187985401445,-0.22669191019565324,-0.343840431611229,-0.2082159087428202,-0.3086677631958736,-0.3291394650532468,-0.24124874114700168,-0.22948784275646847,-0.32788652563257564,-0.26566513450079765,-0.19559516225712129,-0.2777186676194962,-0.18700221220880345,-0.3283796703034824,-0.22678614158398266,-0.3193179991215065,-0.28086503926015277,-0.19616484734220763,-0.3440590786802734,-0.19632034373188798,-0.3307883129641611,-0.17970187425939513,-0.33284557984679364,-0.34131495786705573,-0.24577565835657525,-0.17870654435106859,-0.30528863160380576,-0.2085799479137075,-0.24355879951339668,-0.3070229243423301,-0.33681252469372686,-0.22226506467190424,-0.3404367291842334,-0.23146810735833004,-0.30721172234296773,-0.33254375216234555,-0.2310972139599398,-0.2894826039202388,-0.339708817152427,-0.3352721072874458
0.5075071985758491,0.4159942543823907,0.24224020914087652,0.5071567475670603,0.4645009703121699,0.4508293225482805,0.2750275902428506,0.29662212518048586,0.11080079240731243,0.26660904626073223,0.3113574396184841,0.3467296331500974,0.08924509116693792,0.2658928260114209,0.1909758262388137,0.23644391901605688,0.08847003584208327,0.14533673920193207,0.050415076466320194,0.07157196957317123,0.2766027928273475,0.035767397658752136,0.30278140878082427,0.17605286811027648,0.07761221238840138,0.05175516612862471,0.1307034950214688,0.15783637767760553,0.29386237350054345,0.19436743883641694,0.13251108977108,0.1385758928951011,0.10912858529655894,0.14570319511646918,0.08127558352035061,0.2389631336878611,0.27865554980882073,0.2642954987864214,0.2755662318753651,0.07326366537018515,0.15701864832689894,0.11279927064008037
0.32826702184443113,0.4594043810040991,0.3187447674944488,0.31963257977364595,0.47021211599417134,0.21483246502820538,0.4180045815125445,0.3583976151523461,0.1439181401027627,0.1294660633489107,0.23390367824313918,0.23628105343470301,0.1779181580553907,0.24150286863450343,0.22637920514648752,0.10183517542817294,0.2892989201305357,0.1673177022762196,0.24876813312779464,0.2703240559964895,0.1513830504448664,0.1603225286465404,0.12755808716179107,0.1855195894483601,0.013435562020312411,0.117658909187382,0.2143108613118353,0.14027494760080145,0.16415702091218654,0.14099328848187104,0.23710486353408783,0.13150104439976454,0.20773423720087814,0.1745565015919241,0.09534402360843137,0.2862568343700952,0.26676494913976306,0.18827298874697607,0.2590842926785971,0.1579163653106071,0.2725570402006362,0.1760944828895451
0.5091917604422467,0.3818444562909322,0.25073500242841323,0.1847578465728393,0.5250822426312292,0.3923666607986718,0.35549279003471634,0.3678604002518824,0.16510031485640683,0.26863302874248324,0.2667666774602801,0.2558167973760248,0.35991939464561773,0.14337011096368,0.13097986794620545,0.33119086572882617,0.09606431562967076,0.028708986889938424,0.2596557328125498,0.032818651297154874,0.2237049154865432,0.013126801193292867,0.24534564774171036,0.1411797787950511,0.03746110923358909,0.21712360755986868,0.21874799615196813,0.07325703902087899,0.2442155629437131,0.1052375301197909,0.11210451955381295,0.1481455208258478,0.053203235951237764,0.22483392755383963,0.24692453109932352,0.09586232831416128,0.10905282577241693,0.2663086548833935,0.13069850003362293,0.12921195966741716,0.20590533301390587,0.09478344230039837
0.32327031228610525,0.39278618741666244,0.22414596233189174,0.31041746432500683,0.44677405751948174,0.3170614118290453,0.1266370142586504,0.1053174709958566,0.20419186805397968,0.14848387328600388,0.23490023125190432,0.2091474940065343,0.3451810548206552,0.1253461197659886,0.15703907192672004,0.09001803409799569,0.25724275254003953,0.039499247995993435,0.13308216606460355,0.2411571896639552,0.21117056799948766,0.15558207987852699,0.2754137258052147,0.07911716007727022,0.2723278058705353,0.17648307254641732,0.23819835945988294,0.1575288953063249,0.15296998858279212,0.09052845671236874,0.07921010792870563,0.20692203081123842,0.1517158522525619,0.22465631133846795,0.1512188551828941,0.27620323757790166,0.043824562829581665,0.2933074275583357,0.0671344530441668,0.06529691770959621,0.11961056119827819,0.1883617161420232
0.2331167980553788,0.18401471618530835,0.3362667120797184,0.43443818755194874,0.1994069511013407,0.14546203309126737,0.3984352401472107,0.1969828252986852,0.09145072340886602,0.24450940215372807,0.11158190516694134,0.10974478092333441,0.3154778158035235,0.2114096380821111,0.1784673158454271,0.08080710169794272,0.10653435070766733,0.26415931911162516,0.2517234957805965,0.03606537596578088,0.10597408641273698,0.04782453912017817,0.07000143242993469,0.21293884195493923,0.18342904214769645,0.08312093158836306,0.1909269666727947,0.0514864724512839,0.18743262990963563,0.1924182565602268,0.10671001130428652,0.23404868388874384,0.20033845838424696,0.03297630695085632,0.09579983233887876,0.2365972457043324,0.16282408072986074,0.22969418708408917,0.2159766460554639,0.23917433295199586,0.250837192293732,0.20271220345812402
-0.26285554506780723,-0.1653460322757646,-0.13503807144781027,-0.2280828708467295,-0.17880000634969087,-0.15985593496142184,-0.2192214824003042,-0.20707447815696453,-0.15701981512015903,-0.14650477476157484,-0.2255864505557146,-0.2614052195815649,-0.2534396580005011,-0.1889428747442811,-0.13675743806779667,-0.2061405281285757,-0.08035366977041124,-0.2672594410991946,-0.10203462676018703,-0.24040803242021672,-0.13849524865554103,-0.13611053877331927,-0.1690697905233069,-0.09707487776772887,-0.14348316267994923,-0.16646135116804137,-0.1485666734376784,-0.13255452276980487,-0.2301997390906706,-0.25162956739252273,-0.09955010828230618,-0.14042172941942044,-0.19461187366305477,-0.16296289947988868,-0.11065747781856253,-0.13499915603352156,-0.17962068881755922,-0.15075744361273508,-0.08265495750937983,-0.21139647082258908,-0.08858036379196975,-0.1413983669666514
-0.3276070061843482,-0.3657178221290806,-0.2689163520579501,-0.31728968852803324,-0.4470322546953018,-0.3843637666040874,-0.45401062682560195,-0.4180268732699518,-0.2872559687556055,-0.43128664076728346,-0.260523431975597,-0.4049551031820949,-0.4017973834985291,-0.3653371048184398,-0.41329313770401727,-0.27998473576212984,-0.1742682208840086,-0.272010256275624,-0.28174508269856796,-0.3215838267249244,-0.02670063947480833,-0.12251355645277591,0.02275872203971917,-0.06498717200734867,0.10279843898542973,0.1275567689632647,0.12082865389358495,-0.025355602392279707,0.07227172909974801,0.22426702489570668,0.2935556524968553,0.2245756790999119,0.21001437678785925,0.5305096379844434,0.40302267419373966,0.27945106888841925,0.4407016784158083,0.7376441478423366,0.5453940638813937,0.6853793806511912,0.7184484006872244,0.5057514397846802
-0.26553976378745253,-0.436208289744263,-0.3228434797442114,-0.5702481131972925,-0.45151584706199,-0.36058678202118233,-0.4352654724586932,-0.3652234061154464,-0.38221227610227504,-0.3864168280402213,-0.4591797345329323,-0.3929481708277412,-0.3755017211337872,-0.313111342985326,-0.39153416954541126,-0.25960732267215786,-0.2276078626694745,-0.28009193244718295,-0.30656806923347546,-0.1597920834446355,-0.20237263131316377,-0.02155369804276403,-0.1069483037023665,-0.15659836596919813,-0.05079476961342034,-0.03805656395581675,0.19521891211345987,0.2693313916186568,0.07622674234610168,0.3285953531796219,0.23908103720236248,0.20599887095265734,0.36707754248783725,0.4062169227167335,0.23897965821521092,0.31859418740490264,0.5851374392820198,0.4298086109322512,0.5114340952749498,0.7034219984868655,0.5485685195400174,0.807876290641526
-0.5055446272400176,-0.4018910394344704,-0.4600026685041701,-0.4477001362472297,-0.42838387884271406,-0.35684488860588165,-0.407192389961933,-0.32587488875458226,-0.3851721006774232,-0.4196315444282677,-0.38967566581982677,-0.24459310647129845,-0.2645562670285782,-0.3651831217278375,-0.19027075268480845,-0.23792822849153297,-0.2907785112107243,-0.30070904992527636,-0.23971639283257984,-0.16638881627557406,-0.06434722137868962,-0.05460389872813666,-0.18864113465605703,-0.09612669986515836,-0.022374093510614153,-0.032117202335928456,0.16872883553015025,0.04709804577489901,0.2667169777059151,0.22858634884122914,0.3629323999787048,0.25459315865555404,0.31078226690049426,0.4437895021643263,0.39002675585396845,0.584058407334592,0.47600554001348266,0.415764861321499,0.41527083931695724,0.4765444781985825,0.6110492785414969,0.7470557384317084
-0.18783912171669434,-0.18374419326561345,-0.08236762006952095,-0.04266532694027597,-0.07545855858270065,-0.07972122543614801,-0.22813851409418326,-0.12535416143137243,-0.13518593450641214,-0.0902913973410079,-0.22698068734547847,-0.15155358995400703,-0.15024038640593215,-0.0535043180802838,-0.1380938390996008,-0.22086037728589716,-0.14051437234801323,-0.08053339373984895,-0.0652789667914065,-0.09374801647548058,-0.04548877866926287,-0.03834546141557515,-0.09638710573869104,-0.17517484140119077,-0.06298529521876434,-0.223762757256413,-0.21360558207114436,-0.21173537266970524,-0.20751954247048282,-0.062087166118110486,-0.043293542492048684,-0.16684193917742662,-0.14872656256784333,-0.044427659639946514,-0.20364750559370504,-0.05547993086691038,-0.043266091636649004,-0.1915742565891983,-0.1525696549532017,-0.1926332727080822,-0.062069928622564725,-0.04175442376112499
-0.6658054546484075,-0.5511153903134327,-0.7400076370808207,-0.5804862786252047,-0.6449955451867894,-0.784908365447165,-0.5180293901269002,-0.44623655071564394,-0.48187724416941463,-0.8375796998278956,-0.8188083283281644,-0.6710012500190558,-0.6448420698897437,-0.46137748515451027,-0.6187234438802622,-0.6202932160571207,-0.3965677206365798,-0.35091713977631284,-0.2125716615294389,-0.1958887867646552,-0.23370146437118644,0.03057078218230625,0.06335959507435743,0.08584374731721847,0.08755461863398735,-0.05906941559259771,0.15406784168166698,0.03887015918791782,0.16130211714862805,0.35041562433812407,0.27817456247196304,0.38103235312733996,0.42350562961138083,0.5559625863241806,0.48313571437626596,0.4341104757410548,0.3170842655090975,0.7394355698161774,0.6179010051232727,0.5100458697875514,0.6049698849053711,0.6108030724377838
-0.823060822426735,-0.7562537114237727,-0.8297777343710971,-0.6921533357368178,-0.49893357405765804,-0.5652219654904234,-0.474395598125634,-0.8314658887380513,-0.5832744386939501,-0.7110388925912912,-0.4795343574466062,-0.5008822379164579,-0.6412170150162348,-0.39666034925068167,-0.4393075051402002,-0.3705303248956376,-0.304798258600043,-0.4921542667111431,-0.20333437406167706,-0.2017718833679481,-0.0938347352136493,-0.2990500842991253,-0.16392683709018663,0.08230532049816792,-0.0987570001248621,-0.10079762962751834,0.16610672463028955,0.18586451128088954,0.22123014831492452,0.3056214039532542,0.3314726435799654,0.3115104286582155,0.42623643215183843,0.35159914931057507,0.467195858602263,0.5475734751863296,0.540431378743955,0.46815070121960406,0.4207154166688707,0.6711188717968899,0.5764559093193323,0.7495968414620556
-0.7310725459979146,-0.8349347963973713,-0.4900689286098254,-0.8026272987772523,-0.7627195733051902,-0.5625019981699906,-0.5906976393160167,-0.533336005958717,-0.638953592749286,-0.5203951787208924,-0.5278391161186428,-0.39813124170576414,-0.5430444866934804,-0.5298500771505568,-0.27479048416454677,-0.29738441608460964,-0.25458440977519314,-0.3379513984633263,-0.5011613733705053,-0.1540376962636882,-0.24937614456485493,-0.3274204265682896,-0.16151653116673184,-0.02286308241522919,0.1264361724685614,0.1702684871154578,-0.07910006302652875,0.18458706040899475,0.10082426859101597,0.2867881015738411,0.23629660853793805,0.27699225547619233,0.2848895491233041,0.5602348078128091,0.5374536580349328,0.33398672001702956,0.5642425978607122,0.6232039708952805,0.8098998497545217,0.5664039347430224,0.6920866646825867,0.7571357814722064
-0.6343930963261833,-0.6650028457201389,-0.7775209175909258,-0.8112768803456183,-0.7796952312495771,-0.4873803165148374,-0.5832604546603236,-0.6162423407781733,-0.5265723878523891,-0.8203119634601566,-0.7492879502861629,-0.5728907450121944,-0.4043828007482102,-0.44315210643016467,-0.5664883170128513,-0.23413818909666861,-0.24310081016134916,-0.1481663038844054,-0.1269846014036801,-0.2598038342595059,-0.3283977994638076,0.04488298286187549,-0.2131021433131358,0.12459813486422343,0.14431554906907137,0.18388912479285763,-0.04306178103697988,0.30956129076321015,0.09085224799959003,0.1810960641639362,0.23496165262094318,0.49121828409210677,0.5573816661538498,0.2761748694461788,0.5212191890442873,0.5936268878487827,0.5682201829408989,0.6167104942658523,0.3889744300002739,0.7984326678569313,0.519023572287869,0.8326838613790474
