gfs-wave-data.json
{"header": {"parameterCategory":2,"parameterNumber":3,"dx":2.5,"dy":2.5,"nx":144,"ny":73,"la1":90.0,"la2":-90.0,"lo1":0.0,"lo2":357.5}, "data":
[rows 0 to 18 of 73, columns 84 to 125 of 144]
0.7174891041225395,0.592212843256802,0.5738176739095672,0.5388143738539698,0.498744228847652,0.4403650635073236,0.48568507571304237,0.4635085862785641,0.3863441357011589,0.2929690477728626,0.39784846156978865,0.37048407480771717,0.31600220293387404,0.42799165973314124,0.28739428184823274,0.28411126425717287,0.30823912300340073,0.4384272214247244,0.46955738999883784,0.4124020065704496,0.5307599993874614,0.4317452546981402,0.4028453571371525,0.45593222701021197,0.44233632135385625,0.40488036696282886,0.4343754905911927,0.3889049493765641,0.3841627181394304,0.21742786892426402,0.298067439077554,0.19567615079440678,0.11104623654683032,0.22218025515332535,0.11518363103437998,0.09961783598078702,0.11013015631647534,0.05357195226374268,0.06341715810240783,0.047484099873961794,0.11255847770760753,0.1228886137672331
0.5547350239411266,0.6589522650174229,0.6305852111887582,0.6008869980045399,0.5503003182218629,0.6027458679981653,0.6143896274009735,0.4530806484203387,0.4311161587091332,0.47536190932703,0.33251413850500017,0.4465604999407989,0.3769483654882325,0.37207250257446595,0.3312415743819567,0.4005434464492289,0.37177173102399436,0.42602060412535014,0.34999307347477937,0.44032571546722776,0.39516454521984906,0.4614758842037732,0.4167013754415025,0.4486706634895525,0.5012700151804901,0.40397812360235535,0.445673013700678,0.29418737901869385,0.23260710559169614,0.23805260783146195,0.17189633127024337,0.1594501577362192,0.17746907126241568,0.1813533611904254,0.0995837720372393,0.11866267537015136,0.10592287055215535,0.10568213431193836,0.10027846162820857,0.1157818430652979,0.1511060517724716,0.05448974108708235
0.7606834464997148,0.7516650766621323,0.550568636332822,0.5893850014173605,0.5678601901320728,0.5629781678671056,0.49739730438947993,0.40926637763883,0.43523854361341535,0.41627309837180637,0.3902781581968102,0.36987785853401456,0.3640530206854941,0.31251035873113225,0.41068294480073736,0.3566907420169709,0.3540495307116086,0.4359376433514715,0.3177307239730379,0.3497273349865118,0.39727241899557647,0.478444430419336,0.4886377212550594,0.5245005915025903,0.4893379623850712,0.47115137694232295,0.33328982880207186,0.3227466878894911,0.35821939355628485,0.3421397650886407,0.28699409594965203,0.21361147510759027,0.22640278458944735,0.18536748870986913,0.10968182953314222,0.058161064503897034,0.05580941587668131,0.16780665764077207,0.08888831250300079,0.15960767094113573,0.1392144645004171,0.15151853923466035
0.680166199539677,0.7534367560825724,0.6606765686743582,0.5706994888118038,0.6967287269725002,0.5727228127222321,0.5578385317292665,0.39925257555937876,0.5066066248855117,0.47416643432491096,0.37612902514371294,0.2720501023717302,0.3714678845199637,0.3513043954150988,0.3124342195379399,0.37959427633574816,0.44167751388359966,0.4352307356143795,0.36655737354854845,0.46961846128136914,0.4907555774864363,0.5676387412692008,0.5695505447463602,0.5381442620300122,0.5168769002471637,0.5153638953473788,0.47294445615357183,0.4302249956555196,0.3085417326116886,0.2748499742822894,0.22913082234606516,0.23865955071834336,0.1281198052630374,0.22134847682459247,0.09090009282599654,0.10523929730304926,0.07259072672497283,0.13283784902719467,0.13520465030713105,0.1884500603091426,0.11526283345377487,0.09533159176104121
0.7036635713830206,0.631378117268002,0.640124791133673,0.6366031624259183,0.5363670353167452,0.5908575801378849,0.5561154511330102,0.4365854521478653,0.5090238419845633,0.3821065252508981,0.3330140069590866,0.30963953780937065,0.3378239643763462,0.44410629987292394,0.3021700156633965,0.32880232127143416,0.37284202507243336,0.5022729040342991,0.37674552054647,0.45719058636401744,0.43305757479012563,0.5171350983064481,0.5480114633960075,0.5927472752377169,0.4878092887377352,0.42116678363339977,0.4714426486995915,0.4135211960036662,0.41483460157810415,0.26551587497116586,0.24693939069395723,0.19219162632314213,0.133440245638139,0.1157342569091078,0.1354356899095175,0.0784289193880805,0.12892751709733746,0.18945895772586976,0.12593608929683217,0.1788815868822132,0.0962421265696165,0.1302322227569478
0.6824270692808437,0.6259461057482449,0.722817267101256,0.6529453739275902,0.5833700546998856,0.5407841655716152,0.5680206075688099,0.6169730024730553,0.3707736649311752,0.3994067972575341,0.3916926750037007,0.37832625411363074,0.4178321732269412,0.42165583561104764,0.34616417238493585,0.29458378515715217,0.5355074465382446,0.35353650881830445,0.401263942193135,0.4020202379250086,0.5393981076707494,0.5469578877652429,0.40011206091191404,0.5935173483600757,0.5460483703287903,0.48209101663586873,0.3540791046373282,0.387339328534437,0.42547049245505775,0.3093970143233428,0.2224026024133194,0.20419363403821864,0.1915337370385434,0.20488045551515027,0.16430127207950695,0.19925523002990156,0.11341381060922615,0.16288150680367122,0.19806286791052888,0.09842507286746137,0.13555193628234563,0.11289362724957863
0.7432932444236496,0.6406907193705138,0.7065163544603958,0.6251063568624916,0.5940833996551383,0.6972476916000544,0.45957614347584713,0.5948536669087563,0.46088064707115717,0.5105894125889358,0.37176866419724197,0.40746311632984206,0.4598333138919847,0.3177692472621525,0.3133445378787191,0.4328415645569815,0.32244624429724483,0.3018722926487211,0.4975899562133235,0.42194848660166917,0.5131463795542366,0.5199392445364902,0.6064712758178229,0.5245253175295457,0.5869417421027077,0.49705366123476863,0.5342105933642953,0.344852843455692,0.4198155612281141,0.23717387635824003,0.2905187118829806,0.21644503296553538,0.2318152026542979,0.10247667016803608,0.15832983555650756,0.1366109222827089,0.1405828641044364,0.1040684800034596,0.1698694967046704,0.2115200848603901,0.21265791852566937,0.16718283945727613
0.7952445769381972,0.654741427033502,0.7160170158311621,0.7168319737635084,0.5760688892562021,0.66357362159428,0.5246240747995949,0.5648448704373916,0.49666115917809134,0.3435041372824743,0.28280114106558696,0.3057312554709081,0.3191624831570717,0.30108264744494734,0.32231952158302696,0.4004114963155402,0.5302481389680693,0.3914924383264288,0.4619823862884847,0.5142793562494805,0.4815968371578883,0.5529202781396544,0.557997627433403,0.5752920769959005,0.5282851720890224,0.4491432100060854,0.4600761452101451,0.3940353351578144,0.39941201924482006,0.34777236748390533,0.38666045074133126,0.33924648593488954,0.21513142438110125,0.1813117536022839,0.13967596225209955,0.1438313078637868,0.09195890716386432,0.1724883240592539,0.10282989492761126,0.12453004946919735,0.14616441633585742,0.17120858549243445
0.7720356158088671,0.8211125663729952,0.8017492095629127,0.6862829081900821,0.6204817445514685,0.6037134710758106,0.6005176266802662,0.5848595968992015,0.5977444079819053,0.37179060385493734,0.42866297379711726,0.44573046730224886,0.4063117411682739,0.3486036118688435,0.3234232377216538,0.29020125366051464,0.42734851121864104,0.5166590241566122,0.48082356842726964,0.5326341424820482,0.5676190612347156,0.6382249608090574,0.46475868862254227,0.4913961990063008,0.4545768988055894,0.4675107701184965,0.35882299326592443,0.4902183970302597,0.4449228384417091,0.3940903597472301,0.2899057922979946,0.3113844991756697,0.1525192812126938,0.21300981139349093,0.1085096430858353,0.1576559283500642,0.1779434583249243,0.11353230524300842,0.1581246674527841,0.12072090607811412,0.1871919924442092,0.2670302804668802
0.8421151360121136,0.7077867868818944,0.7700630122795912,0.6530011120177774,0.6878015004785502,0.6267457943232829,0.5121689060354523,0.6342591196947168,0.3577610547503056,0.4312553651775543,0.523414944508177,0.35038591199508506,0.5246240775880323,0.283645963815437,0.3740565649612266,0.40880716784506343,0.3823940131248556,0.41429888023125516,0.46118629060471017,0.42494713167610465,0.6304295954894011,0.5547127450928544,0.5618698285945952,0.599566598789131,0.5232055461097982,0.4370675426852577,0.46308611744250183,0.47333819673296623,0.3718075382351733,0.41432689509904463,0.26670734744909175,0.28153003651255726,0.34056738199482367,0.11278062777854521,0.201953999459845,0.12320249283847429,0.20329684351238853,0.1150875677692931,0.12872067859495315,0.12779787168300802,0.18316947038913817,0.19478303752107803
0.7087637881669496,0.7618073717875707,0.8561712397517506,0.799837189616943,0.6528601625094538,0.7817956803256157,0.47079859379827105,0.54901516298947,0.41968403596704956,0.5272101712345635,0.5626437206634071,0.36055150312739914,0.3827756565239881,0.30976398628959906,0.4472884666919748,0.48394856032179767,0.39953787138616265,0.4564490769238572,0.6399328425657429,0.5735262528581085,0.6268209980256043,0.6065335369332773,0.4894143275902368,0.49446517956853386,0.5619455081489934,0.5557702571418098,0.4432457196893629,0.3480729083115206,0.3849246649369813,0.3175900231707938,0.247252801717025,0.3342932331908315,0.24153417870343566,0.207329542377016,0.20389460334326379,0.12479266110731295,0.15162978578002403,0.13015781246553504,0.2470291539113089,0.14976489408214885,0.14535321841121024,0.11219642352296826
0.6957887659574354,0.7112311675117731,0.7535066626482483,0.7673303923878938,0.6488779996390983,0.621992905906825,0.5806619862178769,0.499137721113632,0.5971711723065611,0.5567415270784488,0.5123230536408335,0.4379019072364885,0.46395471511479175,0.4183581552474319,0.43550996647346,0.35970987695676615,0.43317132148957593,0.5081515820717801,0.5332338802819445,0.5783330993095661,0.5017594794322852,0.6639461141562661,0.694341115288763,0.5109320918640334,0.5578366454387115,0.5679868743588907,0.47005226526619714,0.5425214880032619,0.3535303903953435,0.28547710476533894,0.25583734387762647,0.2662243438365213,0.28363399204812206,0.16651953494604363,0.16008630740233565,0.15618594309940056,0.20661477387700725,0.11638981909076464,0.12396282609720093,0.15264311943870654,0.15630801195260002,0.24305199905919286
-0.3949186608202954,-0.359874888344329,-0.27757028424901486,-0.23562359953403508,-0.3067488000143623,-0.3631031514493278,-0.2908065501036225,-0.36025199670000807,-0.4086777920517493,-0.3989613464717268,-0.2285470713565286,-0.2611725777115707,-0.4048914901283606,-0.26898731803345693,-0.24607659378261404,-0.40904845488622593,-0.27992153841105427,-0.25591739581068323,-0.3203519023503318,-0.40359291400251496,-0.2552765992475675,-0.23789970211939238,-0.3420018949314751,-0.28935571764720497,-0.3861826073147682,-0.3627538858068408,-0.29409405821095064,-0.27339087471382995,-0.22898833466240098,-0.31380091113814995,-0.24696300089407727,-0.41300055853665973,-0.3814885700865299,-0.22615404679217865,-0.2873965500259959,-0.3296643241861637,-0.30863355046508323,-0.23495423898003598,-0.3049007114002942,-0.2564850931126013,-0.3417529646237397,-0.23566873287997547
-0.4182607263917696,-0.42862903152187626,-0.26578590634604393,-0.32200983408746897,-0.37332251226763746,-0.4022118746062263,-0.28741134885563396,-0.29357782806479155,-0.4035001806506286,-0.25109958475149824,-0.32554968454182864,-0.33273973919557637,-0.37619508486432446,-0.2839711089881573,-0.3239600734679227,-0.3510936262113187,-0.28776544264466636,-0.41289441351648865,-0.29435075131121746,-0.3244833895688679,-0.34763877526687087,-0.3497271718202975,-0.3030827532886784,-0.2608758472626512,-0.3188306055115607,-0.40463688775254963,-0.3693448786938678,-0.28499897615459613,-0.2813773455909619,-0.3109669267468744,-0.2549754679461604,-0.3467144464218012,-0.2556324549662544,-0.29852718684861584,-0.2861822832595635,-0.3036016160423401,-0.3155604589933294,-0.3745712060634866,-0.01993705240882487,-0.1865032387344126,-0.35386735341495995,-0.4772691045943481
-0.42034045618363236,-0.4066321806729873,-0.32353141975937916,-0.28788398202566085,-0.29739440346113905,-0.26400265254705,-0.27037016805981257,-0.34536603885020856,-0.39647765451717404,-0.371080048404827,-0.35825074971599924,-0.2466272441458535,-0.3911683509394268,-0.4393823819492168,-0.40744648984936865,-0.35338338713461853,-0.2683826848765086,-0.36177704958215434,-0.250181525939654,-0.33239436177878684,-0.3542615712731812,-0.24648019938242313,-0.39057578730681397,-0.2832912894420632,-0.3424918589100316,-0.38863610827146716,-0.4301412332043072,-0.27345164090523333,-0.40874487132930576,-0.36428493329563366,-0.3718762961243299,-0.33538397124004526,-0.40349879999135796,-0.4314725496335902,-0.3565125524028308,-0.41119203607494664,-0.3355194691136764,-0.061299748922494075,-0.4161842515871762,-0.4690634701056761,-0.2712000168657868,-0.3824160065617702
-0.4335752295072818,-0.3655484613462089,-0.28605380391862867,-0.31352892260909415,-0.28034967287430435,-0.37722265025861174,-0.32799423510928416,-0.44601839745184996,-0.40042896537437145,-0.3732784944013034,-0.37132159910866236,-0.30896101881433874,-0.45364205592509116,-0.43979431231942967,-0.35258734504730965,-0.3023608993106084,-0.4173259311858187,-0.4486052715693523,-0.41380354980716527,-0.3827662498278272,-0.2643580936132225,-0.371793937717262,-0.36629117797372057,-0.33823277277880803,-0.4287977879439663,-0.3792353271015707,-0.350836986117557,-0.37795544724102664,-0.34175276189803316,-0.42433201067332665,-0.3100781247190319,-0.43751459856188274,-0.4475171051951949,-0.28573191208920257,-0.26831690022759047,-0.3932399103131596,-0.2667865484429253,-0.09315325065985042,-0.08019308754276579,-0.37628763656567926,-0.4986452910389976,-0.21804647495191956
-0.37480174338915095,-0.44777220640855725,-0.43738917831874596,-0.45314018988113075,-0.26784096913682004,-0.4211914574571632,-0.28887182591375443,-0.3187078452899184,-0.4137205267188744,-0.2739197002595765,-0.40749495937111807,-0.40833152116939403,-0.4453475293934497,-0.43953025076235586,-0.45925645193601317,-0.3636993773458395,-0.2696985400000446,-0.38640719015618813,-0.26866189214925323,-0.35839332367674515,-0.4031388815029267,-0.34152745422538117,-0.3128127123805452,-0.26261427039678675,-0.31018308324953325,-0.44303558232414425,-0.27643629376266543,-0.43118964932601406,-0.3116051344003358,-0.42254983229946874,-0.4273200683183584,-0.3678148272483659,-0.2653347540002045,-0.351612287557337,-0.4490004914453735,-0.3054228248524742,-0.3749055927670639,-0.3088490722352647,-0.4168125167663917,-0.13916181561670776,-0.4915916732250983,-0.41176037920517733
-0.2825379481711892,-0.30412090472437847,-0.34482636703882996,-0.2956322273178366,-0.293673740494606,-0.29265349850391253,-0.46707937130096056,-0.27640737031552925,-0.2858584800954498,-0.36605582261871883,-0.2914521702061906,-0.34941808995064644,-0.45459941512926494,-0.41528335167387626,-0.3570217804241494,-0.3817477203538363,-0.2915681257588576,-0.3146281518758163,-0.3363591122655694,-0.28767933890753095,-0.32090722112571896,-0.2731105538909692,-0.29290407150805436,-0.4028214864079852,-0.38087648103551835,-0.4378526332259451,-0.3425122329074916,-0.384042596038268,-0.4287999538743521,-0.32715616832634087,-0.2956044492944193,-0.37554737530162363,-0.3757575535167401,-0.3936660162878035,-0.3610398244809757,-0.37404020054562315,-0.42555956882839846,-0.24720145511189803,-0.4230893251286327,-0.2575365903872376,-0.5731735036628526,-0.3255382686977936
-0.31191820169597223,-0.44780914434088986,-0.286822093244212,-0.33323621485009497,-0.4004984825029767,-0.3887377853253816,-0.3316872243682783,-0.38703150619762317,-0.4392238343692398,-0.4087229810340295,-0.28335297536574117,-0.4382403896551585,-0.34595016882852897,-0.4268357988910519,-0.32685791294986766,-0.3261871033432864,-0.34805635010406616,-0.30031857830362746,-0.4042402420255472,-0.40329604277871306,-0.38967396043060026,-0.38573449797250026,-0.4597713982633619,-0.36435876879506013,-0.47217577805736144,-0.40208948563083324,-0.46194131414490275,-0.36212024181701796,-0.3296976942984015,-0.39033354649414786,-0.46752962808572746,-0.35307743401491587,-0.46011678788654087,-0.3392780811301501,-0.3217905577910368,-0.29484791539521116,-0.37918013116092464,-0.16347973950426498,-0.0169254773182219,-0.18813355778260404,-0.5316206685193203,-0.19834230406843967
