gfs-wave-data.json
{"header": {"parameterCategory":2,"parameterNumber":3,"dx":2.5,"dy":2.5,"nx":144,"ny":73,"la1":90.0,"la2":-90.0,"lo1":0.0,"lo2":357.5}, "data":
[rows 38 to 56 of 73, columns 0 to 41 of 144]
-0.032610527714267375,0.22680864894791616,0.2553788366410579,0.27928101794784777,0.3991204565942851,0.5347462546769138,0.7047432806690296,0.7212361246762364,0.7909110926515681,0.840030798471933,0.9612768953517417,0.9377856520699958,1.0843321890192763,0.9282600269952651,1.0365451459324069,0.9654305737210526,0.8140045087617684,0.7678513642802484,0.7998239619548787,0.7811915574057362,0.48535556754884973,0.6073327964920332,0.1425309870214189,0.05967833029303443,0.07892036175605228,-0.2376867488722351,-0.26244809361683336,-0.27857057892155335,-0.47374725675298696,-0.5162763217633903,-0.5554107563265495,-0.703379502764166,-0.7612453360534298,-0.5986627426035641,-0.8300644785708587,-0.7032851661355911,-0.6641611054477523,-0.6746986919437367,-0.7359247012873985,-0.5594511207921175,-0.5122971218223268,-0.4331590258141083
-0.11085726247499364,-0.025085291130771487,0.2652329920568304,0.19295507341230192,0.3634578627022682,0.6968789421156387,0.6017394099234867,0.7163367169417565,0.8909415268136601,0.8674203009390284,0.8378018699757078,0.7899965723738124,0.9754553695373059,0.8991880849624988,1.008246758693161,1.0464363699080395,0.8018267122468092,0.8640767508994317,0.8350565158287485,0.6462963213427286,0.4345103200069346,0.36632842858918485,0.24766717746377512,0.021650762310404924,0.11676307670083996,-0.3064997408816579,-0.2348642953604321,-0.3606350994266661,-0.6270126923080633,-0.7482813760513266,-0.5706095664223356,-0.7114787702725526,-0.57011731705929,-0.6477692132132805,-0.6721162530695413,-0.7648531289049907,-0.6507053345365574,-0.7691161623684585,-0.6030533760429739,-0.6452671465489116,-0.45490132316822984,-0.3278855556471622
0.055495215573388164,0.14439369721620732,0.3285360656035264,0.39102104884694927,0.386132084203232,0.643597088500962,0.5517237894204974,0.6468482057467925,0.887286863781693,0.7134022057795212,0.8671682348323708,1.0109289217441366,1.1444682913517912,0.9849634479864757,0.9769087161079844,1.0594643811903035,0.8670884213652181,0.8518847929149709,0.8995825038459724,0.7079830315205352,0.7716418355799128,0.5356844059406551,0.3516158574295639,0.2868994974225636,-0.13607334632148224,-0.1920671727124325,-0.2963114536642395,-0.28724934528171464,-0.4489451900751284,-0.5262326396272444,-0.6232086623941319,-0.820446802661345,-0.790257925997431,-0.6968412750066684,-0.731858937753942,-0.6928369431739128,-0.7723952992366956,-0.5586765404658994,-0.5698204364801364,-0.47999485285157645,-0.5253747506831654,-0.4644054470102448
-0.08459090698792895,0.09655180681055511,0.30368999553146736,0.2647846617993209,0.5155628677786338,0.4602205812295621,0.6471652501876288,0.651750184593256,0.8175153500932621,0.8688997540940927,0.9928779054491015,0.9587776120213166,1.0432630081855172,0.8499777389152705,1.0462797387060425,0.947207278779864,0.8563583626171102,0.8177453981222144,0.8494438677186312,0.679972032390455,0.46235248529377887,0.3876482543859979,0.31597957249579245,0.09543667062865102,-0.11336824016343552,-0.21465452708043561,-0.22921707016608509,-0.335874044112832,-0.4115670492666458,-0.5037979731590292,-0.6797980039585111,-0.5920647313306405,-0.8059659226080699,-0.7094265384032992,-0.6996288461648843,-0.6405823903875643,-0.6501567567420877,-0.6250989878699391,-0.6748275910446783,-0.5068241187633642,-0.4746109145644591,-0.5762452301556283
-0.2486636098737004,-0.26824459613917906,-0.19039806784847743,-0.30213597632348765,-0.3052089951667571,-0.19017810828304035,-0.2964087163514881,-0.1951368248346958,-0.2635668023291374,-0.23150303857722151,-0.15678952030060236,-0.2814648740387346,-0.2948603505288594,-0.252173818728617,-0.3387147798444094,-0.19613242681762574,-0.24534529205703093,-0.28420941368996033,-0.3205484649397308,-0.2886946674550956,-0.2352695521075395,-0.2087584497400201,-0.1995534784343382,-0.2105599327274927,-0.2901830572565486,-0.31423989652558926,-0.2574425173159177,-0.1635501605067096,-0.22522094018922623,-0.31432219361588515,-0.2988573934895165,-0.1553677147342498,-0.28359248839645634,-0.20908773570044978,-0.20823300671223569,-0.33853233560236107,-0.3394571954409335,-0.3210912038020498,-0.23032257194579028,-0.2952158830923804,-0.3203064269079263,-0.2674692780091624
0.4075065003467813,0.4478912377067883,0.41317820533570593,0.4705509164460839,0.6634312997626388,0.6271276978787939,0.724536971396427,0.5431340508873168,0.6334087405167054,0.5533471652993925,0.7581487619259105,0.7334072682826087,0.7868444925474619,0.8702804503994324,0.8065448388826292,0.7824482125151138,0.8580846434678202,0.6390492984133866,0.9746468447878956,0.6630780892389861,0.8237226621257288,0.9469924196831655,1.0079578525685322,1.0751439811382864,0.7631079417905163,0.8743901197195835,0.960800789258736,1.0929030381704299,0.8721101118787166,0.8747828423595677,0.8642165482635754,0.9633567760032586,0.9703790809480125,0.8370653646994671,0.9235849074937466,0.9838732646476257,1.067739919711399,0.8256864343513847,1.002360786746451,0.8383680371719104,0.9365740203318872,0.8158927217724457
0.46403054297419444,0.4217526649293772,0.681191279614085,0.53789827084461,0.7261199681929418,0.7356852820024355,0.5364790936934822,0.705016966377072,0.8276367114108568,0.6943772405495937,0.5954930923843605,0.7602876133664197,0.7567519291151878,0.7393480846763624,0.8002364720574043,0.8702362720407303,0.6586359879445067,0.7210243676314511,0.8813990896930949,0.8339102519858679,0.988989802576537,0.8738874863654974,0.7981315806891965,0.7397507957606719,1.0446085630321775,0.8321048766849485,0.8545739912375753,0.9902506127751113,0.8448431676206367,0.9559890845129227,0.8612739706499577,0.879135040021526,0.8043340864597996,0.8615571347764872,0.8796506194157456,0.9244801648900952,0.9041236861732044,0.8068298053482988,0.8293590180812018,0.7646493201374377,0.8651317273979542,0.7024854270695101
0.5531374297193595,0.37142525672452914,0.5365514537581234,0.6095787030251265,0.5710644865748152,0.4545090017026077,0.6124134372661793,0.7082000390094952,0.5527848402420018,0.6026076475761554,0.6173516409615609,0.8536005066294542,0.6390813352004935,0.7476811149183545,0.8439921804360735,0.7893632956555655,0.9127565289836299,0.7546323466980491,0.7814590513338203,0.7390094177208073,0.7873852066659421,0.8085121311150061,0.7609054587134785,0.9416607728147417,0.862627265692809,0.9494890990605791,0.7535452279882718,0.8711837159326183,0.7994049922257699,0.8549225591728361,0.8744454421348721,0.8485398945413589,0.8962861529453501,0.8333502392697683,0.7973435624157547,0.9288534408981762,0.8053557235700247,0.8771629253136384,0.7021495800480025,0.8427071141445301,0.9230303115272344,0.9600037935965485
0.32607249687355216,0.5480791084549457,0.6137842991368517,0.5246571591856677,0.4626669492226548,0.5098995418004784,0.4923106058685242,0.5943108302922727,0.6728408826947913,0.5085564346082446,0.8231384284235549,0.6818243244886234,0.7561466534108978,0.7820094972274556,0.6781773672980131,0.6547424748899803,0.8338067881647984,0.7257367516936327,0.8419753265480223,0.7741025665805795,0.7958121529341268,0.9031798553403179,0.8651495036259362,0.9724859773696269,0.7336993868518057,1.0033844981636961,0.9337322181922263,0.7956742729622392,0.9811034172591198,0.8436744478281726,0.9595172121423767,0.7720908684431051,0.7420102589176151,0.937337968271979,0.898512397005752,0.8546866144997939,0.7726919159149362,0.9931216001285735,0.8093356360834979,0.9485364026114984,0.8085627326067266,0.8595112008649198
0.4742661021292943,0.5633649870420778,0.3506854045970372,0.48652862589317125,0.4097002359556986,0.7233747526113282,0.5820081284578703,0.7600680519436724,0.5553340392753965,0.6603393073886266,0.7130101022896365,0.6083367281881903,0.5710837110779793,0.5731858446528175,0.6600637354350921,0.8628880932515827,0.7260007165702759,0.7655653437630973,0.8734255531549469,0.7707312752778726,0.6947039173044928,0.9035931415745904,0.8387883580315367,0.7302776365512726,0.9522838458291342,0.8053176947897931,0.8700809672657769,1.043158364143808,0.8015867028568446,0.9687471369296828,0.8540628595707569,0.8739136095727742,0.9926698141053917,0.7771449870007018,0.8420844384604059,0.8926397399300263,0.6913979513405244,0.8925002170152995,0.841843544812706,0.8337767711994273,0.8077907727844608,0.8366319948622302
-0.25198331507941535,-0.24979549787170593,-0.2279516053220516,-0.19038083453983812,-0.11385508659887723,-0.2284958752290565,-0.17577985011547861,-0.1858508265322237,-0.10925670039020345,-0.25293899405811154,-0.2093523952717578,-0.13470487446433635,-0.1613375872091371,-0.16272965342475432,-0.21069251456933935,-0.20028174889261632,-0.2632609931732516,-0.1007822830447548,-0.08843432305383746,-0.2337060922794261,-0.26587488560849276,-0.21016025383630516,-0.25034897010520546,-0.2301011941923265,-0.0858453461649985,-0.2657657985496018,-0.2099946049079625,-0.2069177654395619,-0.23993906040015103,-0.2521018931699287,-0.09812066889085745,-0.17603883060184372,-0.22557134271628593,-0.15172248930925478,-0.09705414394766856,-0.12956855433829492,-0.08789046974153085,-0.24777588788626081,-0.26434834959740866,-0.14619740595813505,-0.07743803193494446,-0.08775955317971534
0.0963402862849531,-0.2102392864776771,-0.06216944946421919,-0.22353159568468484,-0.2629417292558658,-0.3800001014158847,-0.3004543357363454,-0.5660401548944115,-0.7343647368566463,-0.6116951486115414,-0.341867190650494,-0.658759538320002,-0.44404874039615866,-0.6039779347957894,-0.797857362754999,-0.840280452948853,-0.698662315316973,-0.5236746134776432,-0.4576806192889343,-0.4703004338183119,-0.4442315442133654,-0.6460150084533055,-0.4297576635958711,-0.38138918204449357,-0.6151301856448972,-0.5583193718971562,-0.30242259584402875,-0.2695622105342166,-0.2077337003656838,-0.1499496319143613,-0.11006506035486695,-0.1581845981922667,-0.3611500190762677,-0.012527458120610662,-0.16677564851354792,0.0710708993778958,-0.1280097113216616,-0.10809079313988774,-0.00375970659608188,0.04965574146673675,0.08895415065535806,0.06868743139114958
-0.21816970254011905,-0.32373679063994176,-0.17450809999488928,-0.15972489840001,-0.12347289026351052,-0.14571678477510516,-0.4146355365674592,-0.4577823389448628,-0.43189903165791893,-0.4471540307689756,-0.7494289836532498,-0.8568622373741661,-0.7793883296515494,-0.8019272844305565,-0.5757524258405173,-0.8345109150572326,-0.7811391304324428,-0.6380822637238732,-0.8306303610552557,-0.47258275012776924,-0.6949495297304806,-0.6449546730056966,-0.6919114994044904,-0.41887826757615326,-0.5767516807162715,-0.5604631298589171,-0.31834288114125775,-0.4322249611860798,-0.3434250768508207,-0.18557404359460522,-0.3646778560890416,-0.1540789752735533,-0.28926061873869274,-0.2218041576326547,0.058774420016080964,-0.16536419976951833,0.11567063562692749,-0.09681988435870836,-0.01732030895489705,0.10501332610547072,0.28078673123500586,0.1949058004147705
-0.20976924761317303,-0.03137500769376928,-0.32197889259902374,-0.4570217383426401,-0.09037363139362578,-0.5504963949705023,-0.2659854595293401,-0.23168899857377243,-0.6390162783668959,-0.43310866050923247,-0.6775354946906317,-0.5547171434363242,-0.8589193890271405,-0.45477708340539813,-0.7871570078853125,-0.5313719516960607,-0.47790063273091843,-0.6135021253568413,-0.7392462999820021,-0.7494473070464598,-0.6630628065548334,-0.7284553048290776,-0.6082528942450874,-0.41641777511708944,-0.5649358948829736,-0.582336511055592,-0.5053139400487194,-0.34094914515749386,-0.20445934997736354,-0.4296012226032433,-0.2099960569112242,-0.2005125125218756,-0.06441535026460916,-0.2100431823857791,-0.02925151528449886,0.05940363516064716,0.07512803250137688,0.10535200674668173,0.0002857029535048629,0.13083877593410168,0.19877797047298762,0.185625852770746
-0.1981654834982956,-0.13837959476124942,-0.1017496068924652,-0.07829949828126342,-0.13016068532875918,-0.08446647856071277,-0.21325480764395371,-0.21444308779141466,-0.1915405355687402,-0.13437541405141998,-0.15662995344537436,-0.1359913119808088,-0.058004539150982574,-0.13019497847170444,-0.17910636193638454,-0.1751116347624297,-0.20974541171004094,-0.1482535406909215,-0.21758164763390717,-0.07335712068633392,-0.1908858656251065,-0.14811159076274838,-0.21017511737784775,-0.08288676846917385,-0.18163694838685565,-0.19737782199437617,-0.14808473800642574,-0.14411486131905266,-0.16010874361020963,-0.07422465822372583,-0.04455973359109819,-0.06100018336790907,-0.21858515531081119,-0.15797852212177543,-0.15542310219644723,-0.21023166600208232,-0.1340684736522477,-0.14480700337736643,-0.06944192022246726,-0.19270754201232698,-0.09681647042774987,-0.18491180457947146
-0.08539528771180156,-0.05859202684590599,-0.32508178045299224,-0.04129556459037809,-0.27360512103111795,-0.13555512394152616,-0.7184457787112521,-0.6474239699304912,-0.6044546009581612,-0.5619583796263001,-0.6916691864921736,-1.0112114510378867,-0.9700786534048915,-0.9267825502523018,-0.9018855440841886,-0.941248089217423,-0.8181097987549213,-0.9864610785610116,-1.446550167860029,-1.0244065065419814,-1.0282798716468433,-0.9981425496271282,-0.9859711130369537,-0.9098803757757855,-1.1404996931173654,-0.9556569539769406,-1.3354436378467713,-0.5352317135002174,-0.4609709893176683,-0.6459708398837964,-0.5206114895615849,-0.44260079118220386,-0.5865999742259423,0.05276626177907075,0.0016174967893894541,-0.24348372008386546,0.424127991981318,0.12497098097356879,-0.10472755258988972,0.2390365271168604,0.4767284143800475,0.5901147339321692
0.03263903450261016,-0.17267922771149097,-0.346064201305082,-0.4203743348106354,-0.1301806685409361,-0.46508957004824886,-0.6002566603899796,-0.2903183430636081,-0.5043210071591321,-0.5392172001601255,-1.1824612121852336,-0.8914263084469761,-1.0652251157148518,-1.126681022051651,-0.9971106259369119,-0.9324614169509068,-1.3636767757382449,-1.374102181053629,-1.249364472103638,-0.946828521443103,-1.0292762371307782,-1.2763412133532124,-1.1543753095629692,-1.0978105476609086,-0.7702889998226272,-0.847610475489006,-0.6889339309420249,-0.8864681262649002,-1.247352256247415,-0.9687494311590573,-0.9256475429639595,-0.815041034772847,-0.01678615557350315,-0.4674470770875802,-0.016302570455017765,-0.229609477269658,-0.05367085178822414,-0.3234820494156325,0.3950169347579722,0.3394846917637839,0.033559474303968155,1.0178292376671365
0.16990988968033854,-0.36273006522137247,0.15320995474647425,0.06350575715440668,-0.03526301136810104,-0.532633920202431,-0.8633976987314256,-0.9639247521211642,-0.7569697021252811,-0.8770229230388903,-0.9099740326610753,-1.1148509497932946,-0.9023933093074461,-1.363576048284627,-0.9946202966595137,-1.0859255477204333,-1.3494939629573486,-0.858933288602815,-1.0091746906500365,-1.3490342419356673,-0.8903637039166633,-1.432092504958308,-0.8869050216929235,-1.4705047099861057,-1.311896694666484,-1.3438499069916734,-1.1356968780997854,-0.5786590900894834,-1.2546565892801922,-1.048206410844991,-1.0460497132881155,-0.2269304551396617,-0.8648763464111806,-0.23552421526263223,-0.4669401438806167,0.16797123838295797,-0.24904001475627194,-0.14632944896465072,0.3396930852747331,0.5845593538946818,0.47821872641473623,0.5688786683436199
0.07675817601373788,-0.36534814361716644,-0.20782432298598127,-0.19935948491302896,-0.36419806797465437,-0.3691362543393997,-0.8243235070183834,-0.7510630261633507,-0.4356193694919328,-1.0615118110817614,-0.6826754310579642,-1.0503404734363402,-1.0516977387645368,-1.1707477425080637,-0.939121414251025,-1.2069102709892845,-1.2916074160461826,-0.8939652489540117,-1.422061837691639,-1.3363586583920266,-1.3722321349402429,-1.2141564775153806,-1.3117124637849207,-1.2998491252787228,-0.7920668736455914,-0.7087190515472828,-1.0071745053705523,-0.7332839827341877,-0.4951312233684193,-1.1419012805629023,-0.6388190462064025,-0.3133295594765046,-0.21558100522614687,-0.7293889792101019,-0.6931894023704283,-0.009450276488278186,-0.20832087699303378,-0.322062126237029,0.3499298583592828,-0.014133594986579826,0.8879818388732202,0.3638783739176654
