gfs-wave-data.json
{"header": {"parameterCategory":2,"parameterNumber":2,"dx":2.5,"dy":2.5,"nx":144,"ny":73,"la1":90.0,"la2":-90.0,"lo1":0.0,"lo2":357.5}, "data":
[rows 18 to 35 of 73, columns 84 to 125 of 144]
-0.005166732357955495,0.01894593735461959,-0.07579028484055964,-0.03701170688788946,0.05025018847615068,0.012084178086025375,-0.0050621669875570985,-0.057520255261251436,-0.0064995627988225745,-0.02248575501455142,0.02967214082725179,0.03235231773297139,-0.040338755420540634,-0.020884472287226008,0.0597445235748456,0.04584098459783283,-0.023736747808065832,0.026220005128809384,-0.007342991752827515,-0.015809377483424623,-0.04566464341494778,0.03270839065098687,-0.02280126684585469,-0.039444607291230525,0.04950593945803903,0.02108175818916976,0.03550474375532084,-0.009826307388812027,0.023516729316072016,0.008547549135819867,0.020184399759990975,-0.03890352207811775,-0.04638725517687681,-0.036283636193118,0.04674529645253119,0.006835998596820238,0.015940686144452283,1.5673602855415874,1.628451450067726,1.7413948936804549,1.6966629152219268,1.743829055054567
-0.03027855446404577,0.05506786995134553,0.038971957314715276,-0.07729631174582827,0.014283154324868751,0.04186140086090574,0.007128661629875397,0.02166093562369061,-0.002951863534784535,0.00971975590682264,-0.026355799188812104,0.033094785303172045,0.06880348926614703,0.03905077387859519,-0.04148292911990472,0.03341282072562945,0.01130646735461925,0.0062798014103552496,0.01657900703918833,-0.0436873000382599,0.001975198541619799,-0.025236568022279856,-0.013160516253839854,-0.018022329199203727,-0.006772226527453681,0.008352969401086069,-0.04540704427449619,-0.06558070657523787,-0.013979814034182596,0.007965137485968448,0.02408323910599959,0.025346917964480308,0.0493554533798679,0.0356269885292871,0.016395918162824742,-0.061142255487875295,-0.026808541525359508,1.556225123936119,1.5222792732714407,1.791949667753485,1.820940910879524,1.849473823747926
0.0025347258636440177,0.005747145873287563,0.04981992704081118,0.061637962752372384,0.04957914469612615,0.015950576018312332,0.0006154747777318105,0.014426861908734129,-0.0039042506224531526,0.027023243874905522,0.02280082602665765,-0.050420890739789684,0.019513783979872558,0.039497071685419285,0.07646914469776944,0.010136183237551647,0.023779886760892543,0.017068004031987005,-0.001715851994456799,-0.019199606820132515,0.0027356286722786363,0.0004422078470577124,-0.06802576348886465,0.011026362169263042,-0.03424061732880845,-0.050050448085302165,-0.030407179129210805,-0.034841053293477184,-0.006526151266968842,0.03661734077834247,0.02749636537432721,0.0016155619022844873,0.07360058249638335,0.0028166113320984283,0.0443435279055779,0.03213721156235602,0.014056212694230802,0.008994920846277633,-0.04399003783820519,0.01622870814640054,-0.03497365696398956,-0.015044280190717992
1.0473645208986035,0.9175752081179094,1.0242693081369771,0.915110413313719,0.7747173044265054,0.8757668167970547,0.9552713625554414,0.9188114552006469,0.7894942955614199,0.859448971071096,0.8020468382338326,0.8992855290538121,1.0256572949230447,0.9712670143745774,0.8379611243423636,0.8727569928836274,1.0176010489678942,0.948022319093766,1.0317496603219538,0.9373172585968448,1.1298430856705646,1.0606787197539076,1.0843014308420529,1.0589003052351178,1.1764283844261765,1.0211885365162037,1.101016387063274,1.2393109438964425,1.1829018615608524,1.148760907472009,1.1561891880169528,1.2496897679917884,1.1590613853236684,1.3856840026010273,1.2654083787054775,1.1245486550952268,1.2914218659366925,1.2391996454427816,1.2070633547467586,1.106417381330394,1.2512242682171184,1.2074343626025434
1.1332203235034741,0.8388307470134763,0.8629646018685251,0.8226834994586361,1.0306512237188938,1.0004501483868693,0.7879902668837024,0.8972179571109682,0.9920908490491857,0.8778476402160628,0.8173585900101923,0.8271344708789713,0.9762820171849662,0.8751433002131133,0.9487479083483219,0.9294988809169352,0.9642979979152667,0.908725239229385,0.9230666223090209,0.9717804635086235,1.0698885801602962,1.0597374751871238,1.0933686605967075,1.0785355940335208,1.0557874895459616,1.0855343527160186,1.137312111660884,1.1919400702730967,1.2800667389748601,1.1071058545649828,1.1903735376907287,1.1947833008519948,1.2525211295587049,1.2505932297948639,1.1389486228192394,1.207096928388063,1.2374075120411694,1.245215254994808,1.1995335220161079,1.2142668410536503,1.3166254558804353,1.2501341831324309
0.9563477501930625,1.096583096130886,0.9697766241660617,0.9337361365289021,0.9984624726173287,0.9251564333106114,0.9553912775559461,0.9506787385847661,0.8454799130288486,0.9683882180246783,0.8949088665900138,0.9133144839892459,0.887739429875991,0.8514280143164462,0.86681600912169,0.9331244931044106,0.8924882263980185,0.9086830645099283,0.9622488179110176,0.9454563593781798,1.0345315142624603,1.138710289455766,1.0714072402964283,1.1035260609259625,1.2027149574885938,1.0855776830072887,1.1156352814196395,1.2205339922616552,1.2932661017909033,1.1927375874343145,1.2233368439030774,1.2323285357487255,1.115738205033789,1.3045207505960457,1.1610177240545119,1.1558023683199061,1.3220684070893571,1.3363784485439483,1.244269736775399,1.2572203522172427,1.289789191437768,1.382407398023255
-0.024817908726047805,0.013712751948591116,0.03645927555931153,0.018318121886439918,0.009964844325223038,0.033748500580120716,0.016584106062612132,-0.01918404816764693,0.043521264073160856,0.025571115758267475,-0.0013345000539667392,0.02822366145309725,0.007842334346359869,0.02832112394576658,0.01566276818647226,-0.039456748308964555,-0.005981594870759021,-0.05146835710770098,0.0714856370285426,0.03262342450434218,-0.053349414781132004,0.008127006900758904,-0.036042423035853775,0.061534524230013286,0.0011387744524121186,-0.010956237037336494,0.05573301462005973,-0.03833071945670189,0.00010984991792345517,0.05589113783981563,-0.03875166880311859,0.017885393861350272,0.022943931447531526,0.047708350702023485,-0.026083618584154273,0.008454620040587323,0.05382260555497901,0.008773297974735405,-0.034005600423716045,0.0397481226320856,-0.03345937908041439,-0.031001988647343274
-0.8784062771139214,-0.9115456397441456,-0.930526743146511,-1.0698737408760128,-0.8480537995039091,-0.7583448622477205,-0.8821274294862632,-1.013328446644309,-0.925637892578575,-0.6388648651920137,-0.7161714095485164,-0.6794991156861199,-0.8107499487790768,-0.6619350516141557,-0.6209295484137215,-0.7477036373816422,-0.738896236560641,-0.6864654968891045,-0.6254706051843755,-0.7708314219965325,-0.7532107262988825,-0.7738114675070257,-0.799572913878298,-0.5842638753782016,-0.4644123621562279,-0.6634091421216528,-0.6411378216155105,-0.7022779470894663,-0.6353788327062033,-0.6602492443360126,-0.6260383907329098,-0.6679702803550588,-0.6284401845410666,-0.6373411638116927,-0.5506666120723172,-0.6832900252683799,-0.5624981898697234,-0.5280129246956041,-0.574058364381307,-0.6101621818219036,-0.7151784247500576,-0.66915851680445
-0.9251382342929022,-1.176354356367416,-0.8157747419908843,-0.9766991457657,-1.0672801119019002,-0.9404776401783054,-0.7221146088600483,-0.9267741243909047,-0.8928696601221272,-0.7969092644213165,-0.6595415149657877,-0.6762394316744562,-0.7682434871795861,-0.7623994131810509,-0.7616074768904563,-0.7665687829228149,-0.601268334835856,-0.6858381737416088,-0.7293409285813343,-0.6511174649293076,-0.6387261776528073,-0.7128700949425404,-0.5171744873036257,-0.4872169673883142,-0.584244604807464,-0.6023402805329688,-0.6246136423148578,-0.6956108162745616,-0.6613478777325209,-0.43260958356230644,-0.6909473998447027,-0.608116611072236,-0.6275290505360634,-0.6616583024771224,-0.49050378409353573,-0.5708892974842021,-0.5843373122959504,-0.6212567850953163,-0.6637017086151772,-0.72902593868708,-0.5756186133878833,-0.5812592656030224
-0.9192034351890953,-1.135081844274798,-0.9283000969382991,-0.8843520919650522,-0.8771499835235403,-0.7132438104898294,-0.8120753397739167,-0.7760463230512263,-0.6653441395322544,-0.8816441356998165,-0.8535847662308956,-0.7755153684599979,-0.6109398888781422,-0.7859084824216417,-0.6584098212951986,-0.7435248071056278,-0.735444571123176,-0.7417907886,-0.7249671314656312,-0.5349683753932788,-0.5583231682345845,-0.6656862408902932,-0.5846157038399394,-0.7154612904024579,-0.4542507555343024,-0.4590514618693909,-0.7466020355546223,-0.5720458577054149,-0.666223315493762,-0.5917625885093752,-0.5468098974331644,-0.6615689480530308,-0.7184943535119858,-0.5986207661252844,-0.6019431738961718,-0.6302452130253091,-0.7201293732383285,-0.7743396985440782,-0.45979765191959165,-0.5489026627276147,-0.5268613905188576,-0.6906697049943654
-0.9953885402894518,-0.921412704742129,-1.0280177052102064,-0.9734184155177162,-1.038091454781356,-0.9818289053072743,-0.9850177941484196,-0.8519716578650441,-0.9525890070386351,-0.8049844004031004,-0.7315328409042691,-0.9773359025380416,-0.7312615825280678,-0.7072148404295946,-0.6519909465118768,-0.6967931771826751,-0.6474852485987321,-0.6481297511408745,-0.8237081055392261,-0.7910192174722444,-0.7462431769956204,-0.572383740321724,-0.6666613616711846,-0.46906852461102805,-0.7135755175049999,-0.609672700773414,-0.6165165192886359,-0.5223100996210494,-0.4661339300746725,-0.5104424836409148,-0.5575745511124902,-0.5952911640245883,-0.5640890647489654,-0.5509481464033034,-0.6701584275860876,-0.615030856461088,-0.6395404288614066,-0.5751787003166152,-0.6937493959211476,-0.6062800537935454,-0.7544690718499674,-0.740729968520652
-1.1590671200444915,-0.9843395611015718,-0.9502399433700945,-0.9682041925585091,-0.7436505958560845,-1.0060692598727932,-0.85000650110372,-0.9163808084436934,-0.7203661669441623,-0.9353757237921276,-0.8145677167527245,-0.8854763795587512,-0.7220659925805321,-0.7400507710228093,-0.6639680714465385,-0.7097801078984985,-0.6382420336401305,-0.6919305636437796,-0.49597029236495127,-0.5499410225895837,-0.5481662296274279,-0.7392963534986617,-0.7464288401389433,-0.647402444850465,-0.5042145660046988,-0.6784627328714975,-0.6063776463870417,-0.5807419018695362,-0.5464618529521839,-0.7072439529062282,-0.6547071513367272,-0.627110639526332,-0.5368722288599909,-0.5452856611482673,-0.5762077281748356,-0.5674528551635043,-0.4623102306317488,-0.5199969958537254,-0.5778135727942854,-0.6756128068801351,-0.7654953545635724,-0.6827869617632868
0.02838422261133561,0.04215607603244156,0.024276684097795136,-0.03417294034830873,-0.0670309207513057,-0.029388919210576205,0.03289431395292102,0.05219247979193321,-0.05008402699204509,0.021883660066894167,-0.059602805174340696,-0.005541702646374308,0.027748247424808168,0.08061889750901219,0.016688695487426918,0.008643583348092966,-0.05810836289102799,-0.06427476440300199,-0.0320205384399243,-0.014302330320589933,-0.03129997875866859,0.032070359553790964,0.047860331607149434,0.03163542964715857,-0.01642151889116132,0.052456430624434426,-0.02631031482587162,0.051472649914040984,-0.0038721222112320917,0.04020753665077014,-0.0023759568008597915,0.015415337671327438,0.031796631918585984,-0.03635925615413416,0.05280658305639642,0.022189301387949275,-0.05726810310407188,0.03956280029832037,-0.032953822184937386,-0.01598271038378053,0.021361022148707925,-0.008461828387050183
-0.7090173670883494,-0.6976283517707668,-0.5553357984176277,-0.6985925220553766,-0.6536789669671389,-0.6480790939905309,-0.7870237079319261,-1.0869523871762048,-1.071939665410647,-1.199310942120968,-1.1795856020567228,-1.1396972619885906,-1.1256626361719666,-1.1277110201726632,-1.1171886288513506,-1.109465182554097,-1.0663273325238898,-0.945132618027224,-0.7890577454515222,-0.5547353486814156,-0.7112292276126607,-0.6872109632400908,-0.6082283871133032,-0.492114920396573,-0.5134967816209399,-0.39831230230621334,-0.45123918683604936,-0.4605080258155738,-0.4469660105874295,-0.41404079174910247,-0.5958303571555021,-0.6056916895017658,-0.5269351993604676,-0.6243788810721403,-0.47509143893560424,-0.6145809015812914,-0.6148018382284177,-0.574110496379305,-0.5677457440873375,-0.48232341136635304,-0.3328147473629677,-0.31475492391257104
-0.5662953761268644,-0.8353696290909519,-0.5966068625906741,-0.8031431517901437,-0.922770985203508,-0.8994691892163589,-0.7470221522290765,-0.9493965738029511,-1.0085210078680955,-1.081156925191501,-1.1949277581723805,-1.2413969894204273,-1.1689382157631356,-1.2225439856431934,-1.004168278054846,-1.1039082993354934,-0.9848936536630473,-0.9503098192931351,-0.8065434187177047,-0.6770614900891095,-0.4906536033982688,-0.5800178171249057,-0.41021890593451166,-0.3045031828089896,-0.34080465632703694,-0.4722989109357945,-0.5481513685227369,-0.5057671771836233,-0.4269955275300376,-0.5468311023857024,-0.5123636627120443,-0.5070025007717048,-0.5795133611755467,-0.4809794407659389,-0.4254619273842155,-0.5486479994586647,-0.6176248017981423,-0.4457333873682249,-0.3946812200870188,-0.4838065420927593,-0.4798513401113166,-0.44191154392481447
-0.5922607842774368,-0.6252743931592143,-0.8040169940917684,-0.5596093979348752,-0.7965152071034867,-0.7925601022009863,-0.9299431344176076,-0.9755848745754875,-1.0143136684761556,-1.1077066538933424,-1.2496494672032599,-1.3038695893992738,-1.2516810305443347,-1.2295093780868094,-0.988186064278877,-1.05020439746408,-1.0187053211431676,-0.7869869700682698,-0.8584282865009519,-0.6117955217726135,-0.7558060754996806,-0.4361781670602265,-0.5475313114911794,-0.3725754816468377,-0.32128588847637796,-0.42783114660199323,-0.5242265566522496,-0.3282956406402012,-0.4747653290490716,-0.3768000256533643,-0.5209225991820673,-0.48408690476417443,-0.535847973126911,-0.5593482829107601,-0.5419018422490156,-0.4892651199621234,-0.4811300600106617,-0.48862553426905103,-0.45387637219202676,-0.4461322065738385,-0.46144845115181204,-0.34113211908204794
-0.6556639866555932,-0.7249610782093806,-0.5406130332356979,-0.5577475684784424,-0.8404594058449026,-0.921219989175182,-0.9375191475741358,-0.9661450609216055,-1.1513247854509812,-1.210383616776044,-1.070524932061753,-1.2490436624288457,-1.1618393930772424,-1.1007070545142403,-1.0625324779701557,-1.1157500848686857,-0.954266801358107,-0.7946611536140935,-0.9337782528572005,-0.6661424234762742,-0.6513390670549539,-0.6662504052907784,-0.48892934933094195,-0.5022157928377043,-0.5325558179370846,-0.47147763383187585,-0.30124476906475334,-0.34153230448733446,-0.454849287433229,-0.5228867375953254,-0.47749929750295156,-0.5149548567846601,-0.46460192748800144,-0.5683909565838974,-0.4478409836232187,-0.48864402176780514,-0.5721198609956568,-0.5614088442029376,-0.3779808200417358,-0.4651435472924584,-0.44931244553766697,-0.35899823736725395
-0.7656229198818586,-0.5276608072837198,-0.7630278522962003,-0.8066943578481158,-0.7375489831302826,-0.8910638101700493,-0.9320857794605417,-1.0897561846225692,-1.1187379334208631,-1.109914368220423,-1.1939443099932796,-1.2392923460389569,-1.2234615891193965,-1.2462406579646237,-1.225141065941861,-0.9832202069041024,-0.8638395709356639,-0.803772855979888,-0.7067167155955115,-0.6914883326402713,-0.5357277159130203,-0.44827787503843164,-0.3782496364047748,-0.36120944980968056,-0.34155621504747197,-0.2548769567246637,-0.40399592812366003,-0.39449929381230003,-0.4457224939844457,-0.44792828683453545,-0.612428317102805,-0.4550013146679454,-0.4612909642231996,-0.6028192032765805,-0.5239670348373111,-0.44206290175712515,-0.395248663932915,-0.5185111253834322,-0.46221355194251257,-0.3625665058656934,-0.3800036016811642,-0.3262588728893452
