gfs-wave-data.json
{"header": {"parameterCategory":2,"parameterNumber":2,"dx":2.5,"dy":2.5,"nx":144,"ny":73,"la1":90.0,"la2":-90.0,"lo1":0.0,"lo2":357.5}, "data":
[rows 38 to 56 of 73, columns 84 to 125 of 144]
-0.6836983704950345,-0.5059062601829526,-0.5005873603595931,-0.6192136726511093,-0.8513317931029892,-0.8154226712949009,-1.085697542051327,-0.9677089054156668,-1.2250361622137573,-1.204171215554443,-1.3515167902103757,-1.1842007871783298,-1.3009826446359132,-1.2297263106299023,-1.0723644794019132,-1.1276318715591762,-1.0074529249251405,-1.0019706501826433,-0.6606280182024468,-0.7625831313246011,-0.6323139261769759,-0.7108316023665849,-0.6611741848749495,-0.5434801300572573,-0.48830961146519514,-0.34206487922320333,-0.49694685795404225,-0.5334139026229224,-0.49196787364851,-0.48977104417066875,-0.5928223240127245,-0.6008637038674906,-0.45435228044575704,-0.6351283632828898,-0.5181948412416965,-0.5369277989987541,-0.5415562936206628,-0.5978691306446055,-0.40633329857841577,-0.4786285852629205,-0.3759733227971871,-0.3122537522710815
-0.5047694770119374,-0.6981137689616562,-0.605488751974927,-0.8532456714864513,-0.8732221778580345,-1.0029891772171113,-0.986285942604231,-1.133087524916508,-0.9915963772308116,-1.1359131576716919,-1.1802542206130529,-1.2101129486416562,-1.2591133894134987,-1.1524333088037286,-1.142672642766593,-1.1132024462257126,-0.9723406308039252,-0.8825499498496601,-0.8502151832094511,-0.7104626681349305,-0.6141266858177229,-0.5119444767719366,-0.3912689757725006,-0.33708789511557175,-0.47068515510546843,-0.4096506629531014,-0.4920663106199698,-0.49295707796203164,-0.45013906427868156,-0.6138769874275645,-0.4542067730259248,-0.5680792317669415,-0.6662028427066121,-0.5466278566622782,-0.5861210762208624,-0.5404155774542572,-0.6023549319590402,-0.5140626068341652,-0.4989908123621621,-0.5057623727460965,-0.44008586665404353,-0.44246489359375957
-0.6826167552037226,-0.6539911940486258,-0.6331626614449878,-0.8237359277228988,-0.8229344351944805,-0.90445526529832,-1.0732805374145833,-0.9114868755775294,-1.149490670527363,-1.0308544065542726,-1.1877171773070638,-1.1899171145850949,-1.2250269114864072,-1.121492514217915,-1.0851807171432983,-1.0421621809001875,-1.0341194748503548,-0.9264314881150767,-0.9683048335699374,-0.5885560476619357,-0.6380540244608626,-0.46162460651136883,-0.5372779952425587,-0.39554532412379956,-0.5795391348901823,-0.5364470298501409,-0.5313849885153844,-0.5275533500861018,-0.34880575395537167,-0.5316575242686729,-0.5061237953568233,-0.4617788355357193,-0.5658913637660498,-0.5922748106987393,-0.46210852734490304,-0.4991782411745268,-0.506384935083314,-0.6218975996813865,-0.42215801412427334,-0.4251478016253251,-0.354869744718429,-0.4802554219540289
-0.6654076002004843,-0.7287019567139746,-0.4741245473310705,-0.6530810195884561,-0.6888043563652442,-0.8205060639429465,-0.8964698524370233,-0.896718173934914,-1.1410102105724529,-1.1589055559875685,-1.2890010453666678,-1.1527251534727931,-1.1440894876786667,-1.1803705142908487,-1.2799471599159233,-1.0233646982809663,-1.029303076234736,-0.8596857094325699,-0.9109243804392511,-0.6285183006374346,-0.5585875112270712,-0.6133738403633869,-0.4863890019921285,-0.41202869111248075,-0.3401622737871953,-0.4409038091694304,-0.3859849862595094,-0.3576920113537567,-0.3491238751298288,-0.5627240513849984,-0.5048150645742637,-0.6237859462872084,-0.5116525237777318,-0.4983550403768966,-0.48417973756084076,-0.6472438264661297,-0.4768806977285134,-0.5190758592577347,-0.4848251208286783,-0.45928586661305076,-0.35469782406240835,-0.3487778755029395
-0.04170317494654434,-0.07176538649473087,-0.02735504519352083,-0.028075939242977313,-0.06612367098420963,0.04744513855036385,-0.0163936137940767,0.0316810091999812,-0.06507586820330438,0.005167952084981802,0.04946508536382902,-0.0008792460985572612,-0.04831014322799745,-0.01756534531816284,-0.020223768239513176,0.07277825308303323,0.039656407262638076,-0.023177389844324194,0.04375144748106496,-0.050611041223305626,0.023512616621068086,0.006995767192860793,-0.03454040501639006,-0.05418495861114682,0.0028098700789084188,0.04715773674466916,-0.056794944129686116,-0.02183435935890425,0.009285211601861479,-0.013261627256071445,-0.005993675874169476,-0.0205689185207307,0.010430880307942423,0.07053948828508146,0.026369928976941973,-0.006416700983413381,0.06538521739731629,-0.02537013812745692,0.042943720739062594,-0.009076028792027433,0.033713173828807244,0.06801269795787246
-1.22922796316925,-1.2398460501842035,-1.3075177156410605,-1.2271435350409228,-1.2508817979913622,-1.0808667947989752,-1.0623512374958568,-1.2170956591130973,-1.2004453396582782,-1.1032194057984022,-1.1430875774639615,-1.1267991140759621,-1.05490304990575,-1.1226304005159524,-1.0687456584624764,-1.1661298304245744,-0.9494011386772775,-0.9456854433771599,-0.9456165519351737,-1.0957765406415698,-0.8928280826395113,-0.9413099959627896,-0.9207638704753283,-0.9354160423024539,-1.0191143422019802,-0.8963593318841981,-0.9689577125550476,-0.963031595680796,-0.887926455441328,-0.8028704371708885,-0.8272080398156719,-0.8854873819511414,-0.7814466790911334,-0.8765394428303593,-0.8412918279799337,-0.8006694931890961,-0.7997362224577771,-0.7749826210609391,-0.7490421512590292,-0.8583214894023716,-0.8590674232066573,-0.9712013246701143
-1.250282734082169,-1.209059969754258,-1.2442503502977384,-1.076425548654513,-1.1003485284695502,-1.0557400883942345,-1.0571423048119937,-1.1105321469164673,-1.0312437469980864,-1.1392997084938874,-1.089568575214607,-1.0284229776433926,-1.1670868623698818,-0.9466087563870638,-0.9462409448591768,-0.9912961901462559,-1.0381893995878875,-0.9425255555539277,-1.065797069447757,-1.0167465270351843,-0.8728234671632178,-0.9940909312225424,-1.034675515369605,-0.9337607536794207,-0.8695119560292558,-0.8345419641029872,-0.9060908927539523,-0.8285798850255413,-0.8602278068520733,-0.9803550929128633,-0.9116119526048513,-0.9093118484565174,-0.7938003348773649,-0.9269257238488193,-0.744495105387738,-0.9039942128580721,-0.7513556949460171,-0.8446783035183666,-0.7237354282082882,-0.7970471232021974,-0.8855406121253147,-0.9071662620726441
-1.1942175398712065,-1.1112675164491521,-1.1730098336601513,-1.2059504772443848,-1.1974585756030918,-1.26677126571369,-1.094157252004296,-1.2573506316863965,-1.0758224816374722,-1.1568705097317324,-1.0285177013479019,-1.005115865493366,-1.0454611787953576,-1.0012016303084512,-0.9939297108737275,-1.0134822886575843,-1.104325060269476,-1.1063709907864951,-0.9928515414455477,-0.9090388063402177,-0.9363556917065043,-0.9707709637193005,-0.9506570087390054,-0.8533453755994348,-0.9887001763801622,-0.8274263262250376,-0.9236245478927959,-0.8294879011311583,-0.8576697050931883,-0.8944783898468501,-0.8984728230833787,-0.8945885626952235,-0.840623563722375,-0.7613860250892486,-0.7848379305340968,-0.841749591732591,-0.8081374765071847,-0.8627803689432957,-0.8118471014578839,-0.8758917393763446,-0.8471552294162823,-0.9443500176268416
-1.2483509357182203,-1.205860245873711,-1.0962535120101256,-1.168293442293796,-1.0912113784742734,-1.0167043885369151,-1.198267036523473,-1.1984995045490376,-1.0364602399605543,-1.0842821287381832,-1.1241639602365747,-0.9986151767996623,-1.182853005776574,-1.0631271849681125,-0.9888959111494813,-1.1426191201564768,-1.052638475793844,-0.9258224909739258,-0.8928923782989656,-0.877091831933244,-0.9287383560046334,-0.980027648120703,-0.9305473444028363,-0.9870480433759162,-0.8966590228895489,-0.8179667656808415,-0.9147883437156598,-0.9361257774849272,-0.9138309639884609,-0.9187672673343729,-0.7692351274644353,-0.7623922760443462,-0.8908878841411344,-0.8339703986115157,-0.8162631995174602,-0.8795541091184153,-0.721876160064295,-0.7868526521877491,-0.7284999605240161,-0.8620004426938274,-0.8043323040827818,-0.8402616362309137
-1.2264823234992268,-1.1645774834330287,-1.1753881536605326,-1.0465010730663606,-1.136433641033622,-1.2408736582668367,-1.05324282466945,-1.088327681501609,-1.145643747449378,-1.0829422475495272,-1.0993843821586953,-1.1066761994410452,-0.9828981103134162,-1.117336959865303,-0.9924594438154618,-1.0064542002419596,-1.0290932789545475,-1.0780044442183163,-0.9560635694298247,-0.8593205386954247,-0.9510650790166292,-0.8141316414702107,-1.0123495782691823,-0.8331352294586342,-0.8332796843423161,-0.8023672837484302,-0.7796762965246237,-0.8963112734493913,-0.8751109181911312,-0.7963727148999306,-0.8142278868432352,-0.8160776714126361,-0.8169168384567927,-0.9011044291385015,-0.8134675890879319,-0.7777744289800835,-0.7417131678506478,-0.8385537267041842,-0.8248789186862073,-0.8587118531657064,-0.9077322191463384,-0.7746509881627288
0.03875536318630848,0.011327820869803771,0.009975518108559163,0.008360964999135771,-0.01095202384510726,0.0029747351940150393,0.015598822403756346,0.031691199263273656,0.02900540185643515,-0.01771059275465256,-0.003657744498425047,-0.04321152928230396,0.025768465190792705,0.027399963142133794,0.011853389261226721,0.05512100722546708,-0.008264701275793608,0.037082228346732,-0.05682865035959031,0.023064568986136923,-0.047818775435600896,0.006444782462039655,0.009886432421508329,0.012875373044871458,0.051261659848988984,-0.0020151797534977405,-0.022688056270446025,0.03567806953761516,-0.01056681223074577,-0.007097740141910741,-0.031172184571661772,0.021553693820369136,0.060839443114396104,-0.02618398352211248,0.020418443688152804,-0.02432925211180297,-0.02527362588870757,0.04510550271186032,-0.03666372985808263,-0.06333167938788195,0.04605083920086488,-0.010621894048973887
0.8918851899724545,0.8488840964394052,0.8443040714069013,1.0122798088224394,0.7861703308350969,0.9382859783237361,0.8318569189790811,0.8106021957069154,0.781407170620018,0.8601935769774667,0.8384510225594002,0.7921117739592444,0.8082695692306684,0.805473014968871,0.9298548127087197,0.8105609829036143,0.8635279304685347,0.8266991350503707,0.9051167414531086,0.9837180554638831,1.010196039717074,0.9708566228653192,1.0341785523024714,1.0132091508384977,1.0794852534636574,1.106734924022748,1.1146838415275961,1.1689659110394603,1.0223870088145983,1.1076479969175936,1.1031880040728193,1.1107823068971847,1.166918223773452,1.1661015934727281,1.2166429921954371,1.2111207501571057,1.1038647436413573,1.315273237616771,1.1041462814340706,1.0329469276985808,1.1726402435009187,1.2364618203330757
1.0031646761324722,0.9697661282060828,0.873814626601978,0.8330888206023555,0.7455330616820238,0.7409996875637131,0.8163496998073333,0.8397613226841983,0.7533267703095944,0.810145972091213,0.9082488702860243,0.7398990248192936,0.8150544273514829,0.7262669134521439,0.7997430269173977,0.8429242042951465,0.9380900559572999,0.814631674142557,0.804750294122112,0.8511919019060672,0.8178073258145454,0.9598809137752069,0.9684347767603934,1.0502352841138447,1.0072778749753313,0.9710290527830132,1.0731856941930387,0.9805919907027761,1.1300468512529867,1.0894909308150924,1.047419048479945,1.0749281304190816,1.0161972399669803,1.1871305426048029,1.1168644800161684,1.2149256559517068,1.1788131118305616,1.1619750230254426,1.1422797734522563,1.1577077703398568,1.25239604679731,1.2320692704439549
0.8455428200464808,0.8704078083078877,0.7412177699234369,0.8355435902258429,0.8025363941774754,0.873474022707165,0.8229316541464902,0.7277240028285942,0.7751366947009511,0.6277848277419542,0.8122252460422289,0.8305923329294003,0.6530505289889171,0.754708003277276,0.6792594325786007,0.7347830873319143,0.8079016078013092,0.8716106764222764,0.9223881616457763,0.9790609863474419,0.9410563096575993,1.0102720989397784,0.9266735628469228,1.0853944896801737,1.0195561556253236,1.0999924982192477,0.9551085364416106,1.084387134511852,1.0358571555336769,0.9905227293058979,1.0540814174743722,1.181830031896457,1.256662846228795,1.1748169197389309,1.1229242177648069,1.0913681961595232,1.2505268850553997,1.1721063868099115,1.1950499953084048,1.1955447289056818,1.2532479078691978,1.1477107841593173
0.013919331632185596,-0.030637016803952345,-0.033021333444410716,-0.026513820934715448,-0.026629838242953122,0.039395715773674525,-0.006664787593209891,-0.02040613737946198,0.032839041138438656,-0.006875310894937338,0.03296838730026539,0.04048495891610534,-0.03168009709286411,0.053977981354483846,-0.009537703731615683,0.009446186380873495,0.0008907415767652799,-0.03196203719193478,0.045264802877669784,0.056980072947592615,0.012769780882270657,0.027726497615306975,0.025127123476667325,-0.030066881504159246,0.005443454199637072,-0.020548317340390424,-0.0070928779154356865,-0.02410465366298193,0.002025450308856072,0.02309579890458767,-0.049867443539010736,0.023520655234320818,0.02240362585844915,0.03383775857213497,0.011798100970578013,-0.013159904107081727,-0.04436047287893919,0.03454131449628669,0.023582399607645764,-0.019728226652189863,-0.007229474880362226,-0.017108596051770533
1.3133410570661392,1.5019308679190355,1.2944285313169428,1.4417562191880053,1.4728524995148895,1.2325668132711394,1.1575770764256055,1.1196173205496924,1.2320222474808042,1.1134998029895014,1.2757048940737543,1.2729085194576786,1.1371365332152705,1.3025603729691204,1.2696834997611943,1.231774815110725,1.230260581398241,1.3454220191322732,1.30060813675043,1.2214387715377037,1.334290345776868,1.3306583531976288,1.2550741274292276,1.2463812486649704,1.1748452226564003,1.2111489076392106,1.1810867628330095,1.1571317874848819,1.3370164074490611,1.2218586772874562,1.2084712354015985,1.1646207303477496,1.3117589795972857,1.2040058286780904,1.2263168844594017,1.1869589891701275,1.3009074531586997,1.3120060304841303,1.216425879535306,1.1891878024359468,1.215561639826881,1.403181777886255
1.5648868641411768,1.4141431722063342,1.2644607032834683,1.3469376294062543,1.2519381763982549,1.3462038160787728,1.3260357605905593,1.1060943830252634,1.190999382990447,1.257810471210899,1.263794957174946,1.1618962096136058,1.1865919776521365,1.1480497212661664,1.0838143879011293,1.2105297561115782,1.1747427674508883,1.1983714559774108,1.2206790542823582,1.139961299664819,1.1683435246702805,1.2033506220929517,1.3263386048951762,1.2524395319031025,1.144587687434387,1.1630078587081414,1.1760779303953006,1.2231257939234395,1.141898453399066,1.2773638019708211,1.2757810253891617,1.0958003116885242,1.2021815244880643,1.2891643292044461,1.2536024224350069,1.1475993996870386,1.1647167316732692,1.224352525366828,1.1502169578801658,1.2366623669620556,1.1777285034675677,1.2297275365077707
1.4402299841039887,1.3969730382372003,1.3822148254986693,1.232479220139798,1.3417259258805783,1.3481119959895806,1.3494109763620201,1.29198822590434,1.2788845124426111,1.2207080007404592,1.2096739230527995,1.364937930130257,1.1118129913219326,1.1838940442144494,1.171406758562789,1.230970378590595,1.088806337421144,1.2120366843845427,1.2716141455909344,1.3357945638592204,1.2723745950295757,1.2403224524422,1.2418492522372389,1.3307782990197599,1.3235300174758975,1.1820379354477517,1.2447814788383387,1.2827587547011459,1.1805234954919892,1.3366120597776474,1.1041416967641884,1.233966437398161,1.119342006503899,1.1331018315853707,1.11710611662413,1.057202658647565,1.2444338625883558,1.2845753477799107,1.1820036291935796,1.2911037692595655,1.2080070099490445,1.118779647612996
1.5850252862458292,1.5419278626262927,1.3852772696180111,1.2621011906954198,1.250905502136838,1.3604699577335384,1.2023496046073805,1.0740256491115117,1.3653018613363974,1.3371174198269056,1.2316527134258506,1.12493635934997,1.2400101681623719,1.3203428775574089,1.0686261904155974,1.052705337997577,1.2679619123365378,1.2931536860938502,1.1433063515344373,1.2435942711385068,1.2280469262852471,1.2950666035401435,1.2442913033165788,1.2783914016360125,1.310036317805381,1.1869924928526618,1.122937827591366,1.1179484247080709,1.1574639083246865,1.1633245292300063,1.1448850974397495,1.195635300244276,1.17599598906588,1.072269661970482,1.348319923991211,1.1749008609549967,1.2010802452040261,1.174474523089302,1.1068675124990424,1.2549953076385778,1.3350304917468472,1.0280754070922578
