gfs-wave-data.json
{"header": {"parameterCategory":2,"parameterNumber":3,"dx":2.5,"dy":2.5,"nx":144,"ny":73,"la1":90.0,"la2":-90.0,"lo1":0.0,"lo2":357.5}, "data":
[rows 19 to 37 of 73, columns 0 to 41 of 144]
-1.287498976839675,-0.9081754327307948,-1.032662999047447,-1.2080030616233364,-0.24146001185647484,-0.2093674891833759,-0.34828427292228575,-0.28476869705700114,-0.3504667869329728,-0.19825852972672617,-0.20767308537834242,-0.2867112815046012,-0.21941607434250557,-0.20414282988501184,-0.30004568959897626,-0.2930617584499084,-0.24723550692542637,-0.19872046494874468,-0.2426595597380974,-0.21899196844844568,-0.2684812729972591,-0.3172684262856472,-0.19188898155862982,-0.24219772014340288,-0.2849721203844548,-0.27064162651949625,-0.20165024345953356,-0.207178929123262,-0.359828965943254,-0.19466109772741882,-0.21301214285967696,-0.2683663145166421,-0.2834635760065091,-0.18865143108879145,-0.2108367058757931,-0.32563198661191767,-0.24940449156218633,-0.28335817020767223,-0.20405647953064335,-0.23808059692039518,-0.3476540772558079,-0.24697320086821856
-0.24293950272047865,-0.21182353956235694,-0.19490343858955372,-0.21727954936455596,-0.32100029814016623,-0.20682914819099044,-0.19875727574730642,-0.21392483555848069,-0.20013354793532215,-0.3231053724024135,-0.35591496304224013,-0.31171819802412604,-0.23654939891627802,-0.26414122712687854,-0.28302825344525734,-0.20797228061608072,-0.275046277608173,-0.18000949894808102,-0.1924532748195428,-0.1769697486661555,-0.2946348300860849,-0.20010170482301357,-0.2943355282837531,-0.2455196859127961,-0.257910259048633,-0.3652484441285483,-0.22836041106911947,-0.3373886150102765,-0.27799750923833766,-0.24918266993671717,-0.266111260499227,-0.3629343438992782,-0.25495009828402,-0.34449594708320924,-0.2710879388689986,-0.3646646801939149,-0.287156203824857,-0.27418383719136624,-0.3593640231843563,-0.21448249184148788,-0.2406419769012534,-0.31570834304127393
0.05904855429570199,-0.20475751467530506,-0.14863750758777985,-0.33628722618244583,-0.5004679612281211,-0.4477466730002434,-0.3638364243153504,-0.4639803626044214,-0.4131337110695766,-0.31591328086289605,-0.7590692026189747,-0.48475189294395404,-0.8947398639854665,-0.8397312152556009,-0.6740047592616722,-0.7551085520602996,-0.9533523155821445,-0.8169044769344318,-0.7630445969618934,-0.6326093788901334,-0.6732370673680964,-0.5611706553347096,-0.5352843800133419,-0.5081616352462693,-0.6690781253707535,-0.4164037274224166,-0.4941205399168036,-0.4475296383611023,-0.37160403172250717,-0.2726875954904484,-0.40989679582238675,-0.11526525960813046,-0.20943649147797452,-0.3001258141613936,-0.14265903467704494,-0.15881371800375835,-0.0446862501031375,-0.009169039338362562,0.004760492016156177,0.045463374393941616,0.18314046532661174,0.2655575712281645
-0.028424175544648024,0.034464890672476475,-0.17237709343489044,-0.2813183262502247,-0.38232774275974446,-0.37224219067132314,-0.2228589393893606,-0.37718327133929225,-0.6929830963476039,-0.6790297917718021,-0.8125248899155962,-0.7516144825282987,-0.686385988145499,-0.8800282388615155,-0.5811357886480479,-0.5325004526219357,-0.8941991796480327,-0.603344931313375,-0.7129323900794203,-0.8791453115531349,-0.7786479343570203,-0.4283989507286905,-0.776014667640803,-0.6294190507862859,-0.42195175282355657,-0.5239816359673872,-0.596547019388749,-0.40927121965094937,-0.41796060362289267,-0.3292791728325634,-0.11292342443710308,-0.3585955748780845,-0.2204830852665516,-0.03559030973159517,-0.20429375565250762,0.018180611317693576,0.16227515874213136,0.15085107052238209,0.09442613254252749,0.1280589969859784,0.0792258443875458,0.2435523681054935
0.027358493953156825,-0.248188578075706,-0.32488800921188704,-0.4975503682355547,-0.2991222456187437,-0.3680271282116461,-0.1997238257995214,-0.3928149883330876,-0.5595076125853181,-0.487519112767849,-0.5749591519799876,-0.7653182770136454,-0.8855101584823589,-0.7561012040984915,-0.6915198690395222,-0.8887265315971254,-0.539498843190478,-0.6563415868785414,-0.9058284942944358,-0.6084627708603816,-0.65942762979072,-0.6299998241246542,-0.48035763222195893,-0.6626496644445615,-0.5136697407552234,-0.5331920182333553,-0.3947567857948831,-0.5390299106636619,-0.39458467123400925,-0.21690872625641225,-0.27068456454549483,-0.19863129666200136,-0.2962546739506587,-0.08492972195750938,-0.14874491678479232,-0.17211387877569978,0.03623662819821125,-0.11334218753106294,-0.004277513925474042,0.15751877866110317,0.26139544555697763,0.11387477578248616
-0.32524016266194156,-0.37126257136841256,-0.3856202013498681,-0.27998758397250373,-0.28701038389847333,-0.2777223927416893,-0.39607366960771007,-0.3035228756673627,-0.24440986535280826,-0.35886522948193705,-0.37965087262599784,-0.4190981513811241,-0.41504664697752314,-0.3947032738116419,-0.3631209417625837,-0.3015298266216643,-0.2820468965562279,-0.3665929375656919,-0.24494967676790286,-0.3074455739202484,-0.26417419759070104,-0.33649545911351797,-0.42194198918416764,-0.2985872152109595,-0.36347674386712414,-0.2907931831139423,-0.23747506091931178,-0.2900851366608461,-0.28419152922797813,-0.40177224957769275,-0.336862252893114,-0.3029968883028089,-0.3379165526441414,-0.3238702698301172,-0.2503439393994644,-0.3798718538836232,-0.2682912240036482,-0.23794425112655648,-0.41848030976283385,-0.26981873725233824,-0.23276311573471264,-0.4032084510805141
-0.5494837498091399,-0.4907806956313999,-0.6368757766833858,-0.3535113657517396,-0.3549850333308497,-0.3912477218354979,-0.6243528326385741,-0.3564312180174205,-0.49353294217514676,-0.4029442011984782,-0.5673493745957927,-0.31943361125188596,-0.530743090461813,-0.39138789638230614,-0.4178459809046849,-0.45768128477599174,-0.5113742657802177,-0.49008917943889135,-0.1884456107952099,-0.17589552306476286,-0.11685849197306838,-0.3035641346892555,-0.24071194074612753,-0.16801532088856685,-0.20670707136825392,-0.30719139430634385,-0.0766143241528193,-0.32749227305261547,-0.49258417160750145,-0.3511594254603761,-0.17205535600147673,-0.054522298740876635,-0.3775142215089839,-0.1828289534279547,-0.3992366134219191,-0.07470146079105697,-0.24832890656582524,-0.28249671535357423,-0.06411635372997924,-0.12908099156026454,-0.04802982430457877,-0.16819531076181973
-0.42480551311884296,-0.4677582576061254,-0.38040134744122445,-0.4285538218621044,-0.689565151937755,-0.4066457385081844,-0.5695449889111173,-0.35270496663809425,-0.6333244381008428,-0.6211206152208671,-0.28908321557589395,-0.5435519379324818,-0.3269270855208045,-0.25038626919535173,-0.5757673492110619,-0.3205557166076706,-0.24874640827838326,-0.44613554012286,-0.2702462691175656,-0.2139765923183475,-0.3360029402331744,-0.373338626226073,-0.12363826434666171,-0.12030516805619848,-0.06777729629387863,-0.17470349669875979,-0.409540833430835,-0.1402480090015311,-0.08694508417620533,-0.024022399351433348,-0.1611665005820513,-0.39613776911613546,-0.07097463941743994,-0.16818721815915727,-0.1118008101121146,-0.40309974098445056,-0.4120374356146845,-0.12858814734527085,-0.08447946176459487,-0.15990331968986457,-0.16630702270926528,-0.16354045132630285
-0.614510392692009,-0.5253637076393725,-0.6923967375058397,-0.568244701781294,-0.44319633626073035,-0.3451563822866093,-0.29908131160893003,-0.44792401234479784,-0.31805814541871313,-0.49359611828613087,-0.4261780817243356,-0.35361454416469423,-0.5525274978415001,-0.48497701186095066,-0.5615787373175465,-0.2913668838816277,-0.32267620803735064,-0.5396985417448853,-0.41683637446093047,-0.19537743931559667,-0.3859127750843341,-0.13176828249306227,-0.3703026331954004,-0.31856482832606126,-0.15369810916688895,-0.14896493382267859,-0.18064292870020024,-0.17048195301028918,-0.3464458725886108,-0.3514973065343264,-0.33224735908005526,-0.22194066001219367,-0.25882633796958066,-0.37933850575729666,-0.10583117533639531,-0.43328690371012096,-0.052011933737501764,-0.05397652754389735,-0.3035754667495558,-0.26886454786470476,-0.19839803557570615,-0.3518698103530689
-0.5011000130587775,-0.5600541399895492,-0.5286574123835697,-0.5879274375066413,-0.3417607336303715,-0.4407463722955887,-0.37134996610475257,-0.4715421549717128,-0.4872967159791825,-0.591799913589943,-0.3052304585848806,-0.5203221345347434,-0.30423727681113377,-0.2982334879292746,-0.6228072033516906,-0.42608085691778946,-0.4781358164004695,-0.23483241346707873,-0.5664295569986708,-0.47204823499194637,-0.2424470183883346,-0.4382069076726671,-0.24918199031547075,-0.11172789941782982,-0.12188677855599431,-0.39922449156373174,-0.1808691956936786,-0.06456285216961495,-0.2161757735173146,-0.3717532764925838,-0.08321352462254308,-0.14365733051270071,-0.38898029146275803,-0.10907418950495232,-0.11087045896235212,-0.2571338222936447,-0.3528445190053239,-0.17878845548633265,-0.22297310501800463,-0.2804795471360473,-0.07216598436009547,-0.07949667195577126
-0.7247517261380734,-0.3853912395612825,-0.5673745347741889,-0.4241671339567843,-0.7263313190428197,-0.4127033815521055,-0.5840715339681789,-0.43578665073194184,-0.3668333166997383,-0.46728066339625207,-0.5031175831338011,-0.28951515412528683,-0.5300117382892356,-0.2947758459297081,-0.6131919272498709,-0.2219347633969359,-0.41775404935982585,-0.549327506621824,-0.5053212863094555,-0.3321451119833059,-0.20901269183080892,-0.44865201518173753,-0.5150864764659675,-0.1465419016629933,-0.4099301405202489,-0.34895050814330747,-0.3641503125158073,-0.08268754724591552,-0.2046375315740519,-0.4385474121533232,-0.2724249953909786,-0.20834053281130865,-0.04927574468824656,-0.21275761319438177,-0.09412915817136969,-0.3101335723404867,-0.2269800935542185,-0.30097076374866316,-0.010760450565438173,-0.2107172001522394,-0.31546036283165113,-0.351658151965384
-0.4188917471663442,-0.4541345941528952,-0.3076715118132742,-0.3030337396688737,-0.4720272792230015,-0.3885641389596195,-0.3288479762132371,-0.32589352094298285,-0.4305913248087056,-0.2857558054860222,-0.350114588458994,-0.3385377153727187,-0.3160916443965836,-0.33133260575934725,-0.2816730212801553,-0.3890472906924189,-0.3161592701466152,-0.40205153026531104,-0.3890233641115359,-0.45430293873298333,-0.43568463456067413,-0.37547553562668196,-0.4675870400853854,-0.3549043460470115,-0.332197837080226,-0.326610286003549,-0.44521581259868986,-0.4766481141205865,-0.4515831672474907,-0.28021129744676254,-0.42380117490628005,-0.3245297373499227,-0.34758541148064626,-0.3751187410154515,-0.3339336976549618,-0.4358487601770092,-0.37631208845983943,-0.2895616096308211,-0.4609905101405055,-0.3978950275162036,-0.32481507038879615,-0.45488627119009883
-0.13245250056459834,0.12026079576262694,0.31229763941390054,0.4682452729947616,0.5466742236887582,0.6506682786649782,0.6552698146878629,0.8444438407750883,1.0601870966856775,1.039591884866477,0.9027853093909747,1.0639530550938474,1.1108125914240186,1.1498274670617499,1.2299588542836917,0.9792582130916511,1.0359800833040105,1.0177688844293769,0.7782656351946078,0.6514903580708953,0.6465557649481942,0.4480857481351196,0.448782947781068,0.14088735187594628,0.19118712882246194,-0.017144396529371362,-0.41362340820460325,-0.27073971035020106,-0.5126445171737023,-0.6331113720160865,-0.8024507293707777,-0.8830753124460895,-0.7833556156331907,-0.7726666597207109,-0.8302221628631317,-0.8635420387348295,-0.8655544878291447,-0.6552496488505098,-0.6890380906797415,-0.6331583609108147,-0.5956491902749895,-0.6070678251814802
0.06688155400915409,0.03887383217212573,0.2126736603172746,0.2760691884571752,0.49283684466655814,0.665018792070998,0.7840763821660377,0.8297415107826613,0.7826236247671128,0.8686937037496493,1.0176523384585257,0.9362117148618208,0.9389241957009498,1.058135019038964,1.084012956264096,0.8992662030629185,0.9459240512203576,0.8288810713124738,0.8767795447150716,0.9781758073963942,0.6647980067905724,0.42688292247850707,0.20808337326330648,0.3002862050568831,0.0788554293984525,0.04086065741641781,-0.24584793269995092,-0.42099549464942065,-0.4959668714236756,-0.47000326060178843,-0.8917502421719953,-0.7195877170238325,-0.7891702729840574,-0.6879035765671898,-0.8222414876799042,-0.9042513945770534,-0.7953707032806434,-0.6940311288675838,-0.7232339621516644,-0.5214567605507778,-0.4913919587144301,-0.4855821376394263
-0.052034229263332614,0.0628630683426183,0.15645410121567327,0.3190885879537371,0.5475620732873344,0.5483091569475051,0.7868904875658163,0.9262086174001803,0.8320324410493118,1.0543189891193696,0.9976106535797686,0.9733113408318108,1.0716560477264852,0.9636387595697204,1.1504959139475488,0.9109490567297102,0.8777966670656171,0.9048396153634296,0.6648128415491383,0.8315527516914071,0.5177864535473103,0.2810525901971552,0.4173979627874922,0.19268831466697015,0.062469057051945436,-0.270272263262012,-0.24757049609195816,-0.3516976286127553,-0.5476362404780788,-0.46927712083939466,-0.6481226371348127,-0.5981844079671218,-0.6721624487894131,-0.873889340754524,-0.8110474407112166,-0.9445372043482394,-0.7787481379497785,-0.8548285184962875,-0.8053395843697335,-0.7279552357890366,-0.5278239001102252,-0.5626820264168274
-0.08650768695455863,0.15386853471777193,0.36259521954729734,0.2591742132885241,0.36292012827333586,0.590872566807226,0.8643154860137846,0.7785737999504229,0.8003800748751208,1.0562921665022462,0.9435980591633379,1.180503025211947,1.0364000221813394,1.2369244050611352,1.1235149445144474,1.1204594951072346,0.9539577270641124,1.0635401327209664,0.9671563829642382,0.8511507079542727,0.7925078636818734,0.4511118267968125,0.3920225735246609,0.061463788748005906,-0.1810863118874112,0.02308189260944545,-0.47632637717576265,-0.5417842352878633,-0.6308692143385827,-0.5692839643187185,-0.6337324723081482,-0.694760381771678,-0.6887304375375707,-0.9136797652579163,-0.73737705698191,-0.7608281245472334,-0.7640853522868472,-0.7303054917778291,-0.6287857363347062,-0.5573803817676312,-0.5925960880872504,-0.4988959370272617
-0.12954244326517506,0.1335196090456669,0.31036375766918334,0.5405384327376382,0.40320166946398545,0.5677879708981243,0.9166880518350301,0.7011182866138722,0.8686334221711723,0.9825136054437621,0.9181571754895306,1.046827960561823,1.0451540336743377,1.0094512636231394,1.2050609091324154,1.1575094770097438,1.0763071295256226,0.9638511360455028,1.0199250221821385,0.8500515174626136,0.4258258469302901,0.5499567599279239,0.5215888199163797,0.38195586491031214,0.17889775537162841,-0.17189102711810722,-0.3973188250009982,-0.5250277315306405,-0.556963080603574,-0.5857571453036521,-0.7880545997678639,-0.7973329578067526,-0.7868421426951546,-0.7571122853619727,-0.8099075592999725,-0.879547874054527,-0.6856486184548677,-0.719202632923564,-0.5710694098787192,-0.6567050790522975,-0.45901771291247495,-0.427416634229618
-0.14316466423789792,0.11572075687174495,0.3953269848778551,0.5296522831824654,0.39462180802877417,0.4918730337661664,0.6717180152947451,0.8719145519156077,0.9197312082258968,0.9242424904398793,0.9870714929493151,1.128745671193436,1.1523703002294425,1.2460339915576926,0.9844446642191524,1.1290315355557123,1.1660087606731626,1.0756829736421303,1.0732672990168115,0.9749045473055779,0.44854761718640696,0.6143112904613957,0.3962277749018675,0.06317050024614287,0.185188704815736,-0.0037351419282482014,-0.4707991922657018,-0.5772405651818574,-0.516447733467967,-0.7628238323696847,-0.5989161344349043,-0.8652267416493664,-0.9378890035316335,-0.7484388750290745,-0.8581037924782128,-0.7956823338764601,-0.6674304544143981,-0.7802719931322181,-0.7103647163548101,-0.7302551015002772,-0.5215568176238244,-0.4237877335441948
0.009554914402680784,0.19446428404006483,0.20396984567422488,0.28719934063098784,0.4420291064799732,0.5392941662606072,0.8227875341375508,0.7973974669606857,0.8846538666774896,1.0357054642887678,1.097236277154158,1.0751428224842525,1.1304441562516845,1.0103713698685455,1.013609281636228,0.8950685539024217,1.1476764740418706,0.8347779308683388,0.79332563261275,0.6072758922477847,0.6171855713976568,0.5123997976294156,0.4626646342886993,-0.03890411645000232,-0.034562656438282505,-0.26086121269270773,-0.45583037146393995,-0.4907219480183278,-0.7181686940678519,-0.622956462242423,-0.6358665571608598,-0.8170894238847697,-0.8486230468643274,-0.9246946592298474,-0.762169907566745,-0.7896590899635771,-0.6963569893910844,-0.8183638035880608,-0.6005811119522311,-0.6860487566246336,-0.5638040762278044,-0.5198347780387403
