gfs-wave-data.json
{"header": {"parameterCategory":2,"parameterNumber":2,"dx":2.5,"dy":2.5,"nx":144,"ny":73,"la1":90.0,"la2":-90.0,"lo1":0.0,"lo2":357.5}, "data":
[rows 0 to 17 of 73, columns 84 to 125 of 144]
-0.0977232756865516,0.05756351228719237,0.08002496502872519,0.136573088016572,0.2960756812153233,0.3478318802112618,0.458779464736947,0.4490585846081269,0.4523066017442318,0.5539245012322548,0.6261256363322963,0.47339602703733846,0.5261185992086275,0.6190736338461549,0.4244752094090777,0.5112012112958889,0.42310860931741673,0.45809419743525087,0.3563269387085569,0.29065470549988626,0.2589380739352528,0.20050692050171873,0.08135542564273253,0.006953225993857891,-0.03843507944010905,0.005179474107102792,-0.13316342504850825,-0.0732245701177633,-0.17650842659077878,-0.19902618842940456,-0.16327013040612115,-0.20015537863145746,-0.17489992104421714,-0.16241111809933023,-0.23834269220002066,-0.14029552051140728,-0.2215768806460606,-0.21943903084557748,-0.1725334603191945,-0.0668596638187916,-0.1933517385368408,-0.07035455920868755
-0.05635293280793466,0.0378064731358466,0.1974282180593149,0.19336310460693096,0.29061770095146283,0.33946457822862625,0.587096427059759,0.5713976317353895,0.4750029947678873,0.49524936767254335,0.5274213473397952,0.6110288887667141,0.4779251958374401,0.45196627247745813,0.5840850672985374,0.5217524912752296,0.6021156402314402,0.4041929758363534,0.42929779773751653,0.3573211954837119,0.2611047839218542,0.28804806985901227,0.09925110186102896,-0.014861181422515152,-0.07124596500610994,-0.10598101256167956,-0.11964500999646495,-0.17020160687176616,-0.18588518368155274,-0.224701716731394,-0.3016018721211966,-0.16528846308538028,-0.20505391541740023,-0.22657314440727294,-0.22751445591059502,-0.19449788194568643,-0.27762149264005914,-0.24534020152218167,-0.2533943218847589,-0.17877716713939437,-0.18269551876566312,-0.14191805250307787
0.002483384805997485,0.12874636787179136,0.23595709547053997,0.2362596715818999,0.43031326997276304,0.4493084349532772,0.4131132987222201,0.4782217308342856,0.49465833259994213,0.5645972049669118,0.5897220558365159,0.581076482555476,0.6131874580630092,0.5268182671111225,0.6216679917289729,0.49428297973398744,0.4593572875762266,0.46818587291296204,0.44914515007525724,0.4183888316605307,0.35982879266791434,0.23452885132599596,0.0659672288388198,-0.01374515563372715,-0.005082560627218629,-0.09568039352447746,-0.15903259893994373,-0.10994256890856688,-0.19375970896480063,-0.25721693934782996,-0.1677335497440077,-0.31545294591117995,-0.20803705468338604,-0.2191291745289709,-0.1467776958018008,-0.2949033079248927,-0.23473046629592734,-0.19617625531664024,-0.25957594902347414,-0.07889484392198498,-0.1001772837557479,-0.15057345664338465
-0.10683976288530479,0.17336011721980296,0.11139518116042367,0.34861633590713453,0.2631554914765378,0.35105663546246507,0.5254377573210645,0.5418190913515976,0.5682605287728789,0.5319772520602046,0.6841472931363689,0.58186550609089,0.6837506356608336,0.5950550033241722,0.47437379683731634,0.4547738448304271,0.4177434218956375,0.36070672688289146,0.41077257692973856,0.43189366916846134,0.26135868609899615,0.1361777346801714,0.1356899339784049,0.12761762933779747,-0.00977017226108818,-0.049207047596210564,-0.11452229155150956,-0.21110332054186356,-0.13800900293305968,-0.26515621640817544,-0.1740675760207769,-0.2423227232132269,-0.2306616276960878,-0.2733737075584323,-0.2501485022650584,-0.14181841635864487,-0.14235948759177766,-0.14817126020417856,-0.20321013701765217,-0.10198747013255215,-0.25134082471040914,-0.1363931414591931
-0.05161111461965151,0.19106393606938088,0.2390525425875159,0.3853282927984642,0.38051213434182024,0.4626832297324267,0.41568648566434313,0.45351389687970906,0.4263039985297617,0.622390588395598,0.6033738398774656,0.5747689287290046,0.5589160629939092,0.5105096103917902,0.5819026519672402,0.5164163915776704,0.40118601999207454,0.528541240306593,0.3202796480845422,0.2740484980510817,0.293263481774637,0.13694631869836346,0.06642921655690111,0.01438004623210313,-0.05588679480689642,-0.026904622392452265,-0.1844628696582198,-0.16241960438952674,-0.15996741349656393,-0.2649581591299103,-0.19743966736100182,-0.2073047847077559,-0.2737016161630994,-0.1546612179561004,-0.23337412405756067,-0.17871157384422368,-0.19396718109805483,-0.21747812854357826,-0.23677323528856653,-0.15449699753655757,-0.1276524607464038,-0.21177614657162183
-0.027250754891143057,0.08027558218334241,0.28152621618557727,0.35091241769493886,0.365848661808051,0.4125695853841314,0.5082512868304401,0.5498138397762544,0.6689320239347386,0.6296426241704529,0.4883432650714596,0.6520632849393618,0.6501357263927648,0.5200995717419419,0.5632426461548117,0.6477555238790239,0.5072966507219681,0.5886890761409848,0.3438924994961421,0.3718783419056955,0.2814552567547521,0.23245799413826557,0.11195382416429225,0.07051480868851227,0.033808297052583876,-0.13996717498237216,-0.1160515113487888,-0.11960192214759154,-0.1861969380588704,-0.25202573320923566,-0.29235446582894237,-0.2931489426815055,-0.34857298265912057,-0.3360288852074489,-0.1729628679374853,-0.2956783988850881,-0.246810249656509,-0.2877023025268652,-0.16916823542935006,-0.22996232124186822,-0.19266872004550817,-0.15971125576206413
0.06146488167266808,0.02166572046424682,0.09215026744911203,0.18590184876293087,0.3005870153233892,0.33015910016843875,0.5243542500104699,0.5288227171332591,0.5291262054876481,0.7213531008541972,0.6603327547888534,0.5522190642226171,0.7340713934922126,0.5489595074959248,0.6520039629113237,0.5400341523207122,0.5592689192699786,0.5393764223357251,0.32866585552848226,0.306523311514126,0.26248447761037075,0.12075794941217266,0.07846763796801554,0.0358668771244127,0.09426075754746549,-0.0903117889618098,-0.13089994940073107,-0.16853104287363427,-0.2606499363854349,-0.2675843042330648,-0.21345768229094814,-0.27010638940191933,-0.3576815561985966,-0.1932742478466784,-0.3637581179534008,-0.1617854191450955,-0.17636897297422705,-0.33235875041817303,-0.22401025233133032,-0.22263083798765865,-0.15740702453373756,-0.15649737687926352
0.10173816327180772,0.09523337993104805,0.20352942740611202,0.39198767263472667,0.36476343927804505,0.3779339184972308,0.5842327928784651,0.4945504243642947,0.6868902304542379,0.632418460266695,0.5764482392849035,0.5360857474691123,0.6552620943142847,0.6075253445851189,0.5582902309240407,0.5906398721825711,0.5256898502064041,0.46604162997401694,0.3676378482172002,0.33930545314759963,0.2430534842961948,0.28740490032653276,0.2682654252135191,0.07149432821472793,0.03998026702267439,-0.16135436092439737,-0.17915891562290803,-0.13558389691619957,-0.15199235127537813,-0.3373690195447648,-0.24291834783566335,-0.28952883855276723,-0.23055464220802527,-0.24556277525917483,-0.3441762038173481,-0.30689461118956324,-0.23739057576272818,-0.3321932806365433,-0.2787449931479463,-0.21524585925246495,-0.14025017197548764,-0.17019572820748513
-0.021888658840071552,0.2488245993678138,0.3110834528888296,0.322426321230325,0.48284425253697133,0.49272787608001367,0.57716123572861,0.5708580205623701,0.5949489786656706,0.6328384881278448,0.6602786767783305,0.6178738666645878,0.5928850380782805,0.5996219573115494,0.6249121011763563,0.5921834453792454,0.4962217373637952,0.4836500177517379,0.4293732219733049,0.35840561457075076,0.3055769950883273,0.25241701674275796,0.1265299127912732,0.12549332797648546,0.06376194434871377,-0.09989951213339548,-0.04597646825566133,-0.13462826849270476,-0.3064212674651142,-0.15503409569396154,-0.317061533570832,-0.32356535219095933,-0.3700560242165734,-0.20591220166394567,-0.3134540361237975,-0.21563422801948834,-0.24118365305418274,-0.23830560695925976,-0.25653867807427894,-0.18365365739642597,-0.18523311346156107,-0.1523093997458366
-0.10264387662048287,0.2462923311544764,0.3386239017388181,0.1934620374276276,0.2404876347510019,0.4569141636694274,0.5733343607707849,0.6062788751614505,0.678048356385733,0.6657926110136084,0.7218554190055047,0.7005048903391573,0.5700063050764757,0.7158564906369508,0.5809583752554691,0.5789094045049017,0.6157704554984736,0.5192570585344232,0.4380581060746714,0.35904322746009487,0.20170690130598395,0.2641443666887566,0.23898474320339005,0.13744676760844904,-0.010720732724960175,-0.0759284758493752,-0.05708248750293463,-0.19281004464574159,-0.21607874453365727,-0.3324852368704941,-0.3223140915938864,-0.2721342374461388,-0.365117586746101,-0.2461949035740397,-0.3122603627696084,-0.3053060527909235,-0.29293663624717925,-0.37156901884825877,-0.3359526616785047,-0.21711530166644644,-0.17026412731311916,-0.13656542683236877
-0.03850139921278739,-0.0024512789147781195,0.22968749470498037,0.4576294596350353,0.27346990356192113,0.4364288559191792,0.5529367522075996,0.512467903973957,0.5847957965349811,0.6192685344583285,0.7739911093556834,0.6012314262127564,0.66503285156345,0.5557935276764345,0.6547177304994665,0.5589452436938008,0.6407000923210578,0.5067877919741202,0.6132284859418331,0.39771228904631134,0.3509536043411908,0.26486066699551053,0.10997369786517314,0.035664945782068386,0.010068979685131705,-0.08202473506571142,-0.07429268751299863,-0.22038208775935006,-0.20066794129137835,-0.23544320058803805,-0.2729730916136933,-0.201001496082643,-0.28232292169646994,-0.3141453899602656,-0.2815566992365966,-0.22344548954356602,-0.3146234178849512,-0.2350679096692541,-0.3538442394778752,-0.3170683011395824,-0.16965903211192337,-0.16432136869994618
-0.08515625082772965,0.20844027336922977,0.31421277852926754,0.2613954484158717,0.3875494062097268,0.5914238056326563,0.48964108244831894,0.6783316787637945,0.6534886296459166,0.6494228863627278,0.5480705465348009,0.6112830709440207,0.647796971210521,0.7477336948694832,0.5943149598994724,0.7211104083072606,0.5781642855793441,0.5968844842549518,0.4942148919284407,0.38601927775116124,0.2500984241561937,0.1904812092148645,0.21056245744787708,0.16909416671125466,-0.10069167918019732,-0.023756911000595057,-0.13857829202261449,-0.16163500751759546,-0.20078954786533576,-0.25128173719677166,-0.23399198557604914,-0.3739228805024417,-0.4051878376007183,-0.325804090043521,-0.3295441780628511,-0.22820234914732707,-0.21180555538642548,-0.23552121929624392,-0.35396013694128325,-0.29629335143046015,-0.2841054289008192,-0.23934236469693176
-0.0022451508136718482,0.03573979775541329,0.06652831540864966,0.040033109981314034,-0.007591142805633923,-0.02167217303336324,0.011254258801063342,0.06646335895525311,-0.011090608792238568,-0.000205340850452103,0.038786840139377374,-0.015282794679009686,0.019830225720841577,0.018820798254778896,-0.06220609637070246,0.017906831584238617,0.031125709226288614,-0.04502010097801225,0.051144375057096,-0.019887282934056567,-0.023204848970618204,0.05068864599168437,-0.04398596139425756,0.0062150074347603465,0.03289582825731463,-0.01386685408574632,-0.004097922800224298,-0.046759768228913985,-0.014979780001221637,0.03736552102649963,-0.001770409118821914,0.010318256335494111,-0.004754259858062434,-0.030426893346035662,-0.005072511882624716,0.05857967110047475,0.02314109556912512,0.0388503602309438,0.04223731519250832,0.03440925492161453,-0.03321520477899531,0.0026718823881052467
-0.03018160030957225,0.01175044292219788,0.0401727674440047,0.029001285444788916,-0.02080374457314649,-0.015309731075770614,-0.04690707399403092,-0.0033933132463370825,-0.012940672933525124,0.05421012357329103,-0.04017022945330656,0.04181608959969174,0.03176563246901147,-0.02434070296786797,0.038631777050455736,0.04976989508194311,-0.007784899343245236,0.031142534422195323,-0.022537179709951508,0.020721272668604535,0.035076977370687296,0.01180518797986572,-0.019548904012086733,0.032470939482980334,-0.01941277688704428,-0.02600873623117185,-0.035478845622341076,-0.04735523790483408,-0.03031475977711222,-0.025329523046132254,-0.031403963801273395,-0.033007817334209495,-0.02969356809622043,0.027007896335929378,0.024721352885210626,0.04997385013730576,-0.020183749497628207,1.6978589370936663,1.6556951525357082,1.7792157328252436,1.805840303274245,1.8686321571964735
-0.021801527977379026,0.014620479292803664,0.051008851393507984,-0.00852957801761019,-0.045230151962355705,0.025968023770487337,0.032657370392451895,0.015192509920792052,-0.0508839276069835,-0.04163873472169798,-0.04310942689858894,0.05269784773692951,-0.030952869558679885,0.016801923367853328,0.019843524949141055,0.04171833624196666,-0.029515663901184278,-0.00275076914879612,-0.008800347429954234,-0.004004823724818147,-0.05015770607790719,-0.04803994393567726,-0.023041147911801358,-0.020838094874910857,-0.03212529689886484,-0.021924978169700616,-0.042831424497346546,-0.052895370004349754,-0.03228867398776857,-0.02370845956057791,-0.01195519371969429,-0.024287811416354266,0.03840008457656149,0.0436060914738792,0.04174657452957748,-0.028165188739079947,-0.007067172780589169,1.563394122822004,1.7391630844662773,1.5916316255585428,1.8502052625939116,1.83543838478386
0.013697164107200822,0.029352876860002576,-0.002220414285228421,-0.030389316756334057,0.02264910785990872,0.06086737403993491,0.033012417950165567,0.02175775220506977,0.023330444854991087,-0.016463260338120053,-0.0017675267677645609,0.035846019550242414,0.03454825967859691,0.05028295807491018,-0.025596028738709167,0.0375862562816228,-0.0014012996109826286,-0.04037695589183747,0.02412607399493552,-0.01569119892909681,0.054251840520792766,-0.05988021669544486,0.05299628751015205,0.04525937268294414,0.004214166057751265,-0.03189958362191494,-0.03605613202597227,0.01350551635105992,-0.03268342687254728,-0.01961810812909787,-0.03708677193803072,-0.031430471149790404,-0.00804782080250318,-0.01713398222901171,0.049904847380035734,0.031596005275491675,-0.023298900928667942,1.720995221359002,1.707338698474546,1.570628162680551,1.8011830697481586,1.7735707189940986
-0.048110681708882164,-0.052224358567075184,-0.03913834802074956,0.052315503677594445,-0.06134822675916935,0.04216196364468444,-0.04987187181706632,-0.05567238726547723,0.03214973733033353,-0.05637232374714985,-0.005672680671229067,-0.016709475484416963,0.013483655760725216,0.0023768284317413724,0.06663057986450213,-0.06279343832948976,0.009467315712117374,0.03658159548901883,-0.038405261709017424,-0.017802457760371992,-0.01840005785126097,0.04896305666049369,0.023797651761311534,0.03862338774402926,0.03770162767525371,-0.028614322816313414,-0.024700396839144954,0.002312703481637342,0.025532552478543673,0.05564670570458853,0.06945398036272879,-0.062404487978814434,0.004290347663749597,0.03260027638569041,0.04476344174461499,0.029630438616866976,0.06665233091613806,1.6727938445715198,1.6827650511914762,1.7468405695710634,1.6162548382187631,1.7680543254388865
0.07791538869120207,0.053794904398958086,0.024701029338645226,0.017013958874388512,-0.02863855090852055,0.00695211759590982,0.055873423928149486,-0.013883355182776768,0.05159426517409508,0.03505318090437675,0.05766447047942848,0.0004598909243436705,0.058613029026799865,0.002112191162550858,0.03783520541831491,-0.03283270573875676,0.07399929981094351,0.009455649625980478,0.00681392478898599,-0.03625272918060376,-0.026577600182549697,-0.057076578252125705,-0.03149821160191778,-0.04609875400200883,0.03716048885350312,0.028049867731160843,-0.021542910916122295,0.039404308238570364,0.05816135984433142,-0.03272576459605423,0.03355339187178385,0.03607870449862454,-0.0010663242234806628,0.06302192621054954,0.05583962170413577,0.028420431802162277,-0.06740945897287316,1.6318182861021555,1.6542300720311165,1.6489908298842522,1.8160692365019966,1.850453100946966
