gfs-wave-data.json
{"header": {"parameterCategory":2,"parameterNumber":3,"dx":2.5,"dy":2.5,"nx":144,"ny":73,"la1":90.0,"la2":-90.0,"lo1":0.0,"lo2":357.5}, "data":
[rows 38 to 56 of 73, columns 42 to 83 of 144]
-0.4039352800823611,-0.34008479263056535,-0.32148199594565213,-0.14165134274469976,-0.0742435804808258,-0.09883909776995863,-0.07479707071176814,0.029443786255650726,0.11539257322033081,0.14287761340531976,0.1536206058456464,0.22593333071054184,0.2433600589194309,0.3387143506223341,0.3241757410978799,0.4030676726638246,0.4657098096222064,0.5247601216671491,0.5404316567538573,0.42707698864952226,0.5141953012679511,0.5850516431469999,0.547838821502416,0.506228148465552,0.5107579616774872,0.5010655967425539,0.24661950411352196,0.32563131484401353,0.1793571218145187,0.0424805922568586,0.133937399144227,-0.06657901617059829,-0.334161358641942,-0.24327382679684031,-0.41045857661376767,-0.6167916163079157,-0.8014449610826319,-0.786914255116794,-1.0360676326839497,-0.9892491635960903,-1.0525057893008873,-1.0136706751769624
-0.47181755496404076,-0.40905440393136866,-0.22304657333186234,-0.14425265256351538,-0.15429389485857528,-0.03757438119665156,-0.06342447458860435,0.02945009447550441,0.10406645734665836,0.18024617599564732,0.28569253677953194,0.4097246725512131,0.3077944063156205,0.3522776437298198,0.40550368281023197,0.43776408580204135,0.41608059421818466,0.45757768289122824,0.5345670330261814,0.4627602755836191,0.4774141633451969,0.4497796983093763,0.4756373981377012,0.49544896676388045,0.4690182676134791,0.35398219015750576,0.37473200077607605,0.31049686282362254,0.3582102509143737,0.27337826679115884,0.11393734581454557,-0.2196291585282952,-0.4302580559049436,-0.3245753124319265,-0.689559589818772,-0.6174709978644984,-0.7622063270829217,-0.87875959645593,-0.9646373618219212,-0.9858234063029621,-1.0777644064631764,-1.0125843425271666
-0.5258647063665949,-0.3626653771302655,-0.35585989083975433,-0.1831945868779323,-0.09807552742387877,-0.12059652968898535,-0.03811163350522511,0.1437529096195562,0.08677499473438469,0.16233501491666794,0.3179125940824793,0.22493512489279066,0.41518549912321967,0.398387847133047,0.32586105364538576,0.503646778964127,0.36484434227222673,0.504725475495697,0.3570917304479813,0.5569769590451362,0.4016090957093818,0.5671242393719306,0.5583855725025058,0.5073101238640214,0.5259135503594943,0.46218031161580475,0.48996714596087976,0.3156005834146948,0.28259128160406055,0.18187986945907728,-0.06624040292396563,-0.27283368218354515,-0.29746803100721453,-0.26785334184296206,-0.5571852361548948,-0.6485557085880377,-0.8017254671140424,-0.8421213486007509,-0.7899158095616358,-0.8727146252517265,-1.0630443848201228,-1.054424743620569
-0.41523169012994326,-0.422788453204402,-0.3141131238493699,-0.23909457466109588,-0.13575112044281565,-0.01506665679048092,-0.05229877044050732,0.09337373466678194,0.1020509220338867,0.1624853003975357,0.1799610808812352,0.3803728166274228,0.28523123431714825,0.2767627984933702,0.31644378304947507,0.4062966447718939,0.38586788537840677,0.398144360419165,0.43544178542869505,0.5266268234683623,0.4416709945547359,0.4325354573110569,0.45383522250750835,0.5193416388509979,0.3580461104613993,0.5135797982626149,0.4185674789402545,0.227727527371669,0.1335313864445907,0.19109037945451238,0.13434914044346127,-0.04911301695764082,-0.10881873724872611,-0.43817512054531604,-0.6379386813527353,-0.540311397128177,-0.7844132722909858,-0.9839688646582089,-0.9493403621982444,-1.0400980190391862,-1.0712819548243013,-1.1695791893446668
-0.36221934233658004,-0.4335415165397658,-0.34081162187563685,-0.45332001301495967,-0.2864727328659608,-0.3270238806952654,-0.33244445211964346,-0.4447468816650427,-0.41061980294882666,-0.2841786451512896,-0.297706828679554,-0.3260511317682468,-0.4072675842988471,-0.4691712384598959,-0.3796912405303671,-0.28873693351805413,-0.46648114235213395,-0.32877527714549865,-0.4682075745826841,-0.39331826595027225,-0.2915211230976743,-0.4729689322134363,-0.3224288015913478,-0.421081387630294,-0.28973245921827545,-0.2969914799596137,-0.4765423080888367,-0.40637479538999527,-0.42224870279654475,-0.3056597304789602,-0.3227784165057811,-0.3721037159122558,-0.4276055321386114,-0.343222996847474,-0.3725388575276523,-0.44133818305897166,-0.32647343221010605,-0.36643316554491484,-0.42079212621962964,-0.32600015073644967,-0.2910211131473416,-0.2953144444313111
1.001023042279479,0.9555437533291353,0.9357497168604377,0.7805335113530104,0.8803981853823322,0.6714879776524965,0.9845691205668705,0.721284697409113,0.7396705438118106,0.9260712386902319,0.8824521495818687,0.7419123919403484,0.6625854170945193,0.7433713149303844,0.796622690558144,0.6581882071592438,0.5218500098078858,0.6843403422379082,0.5421444632740166,0.6877970589457679,0.5800211436197749,0.5501653088635395,0.4589960554195,0.48662950740901617,0.47794006877681494,0.4038441683055715,0.36318509847530495,0.45724159391573627,0.42905836154756705,0.5118180416115443,0.30902823509492594,0.5337231750771082,0.7228078627104839,0.5992549674485476,0.6302009301666587,0.3630232060755354,0.7651955456081719,0.7297052730864695,0.5423448181873652,0.6615206752634546,0.4272948450523912,0.44510891825861554
0.7480775166937119,0.9465974392709281,0.9087108731846338,0.9106404258244162,1.0515990836408065,0.8579079345046688,0.8241626408607041,0.6578557749928685,0.9790305624622657,0.7831771507717556,0.6601897447104094,0.6445965214121099,0.6054888591743754,0.8403397963651638,0.5679740206746486,0.6323575621357029,0.58053842256981,0.6492219810527327,0.56028700198429,0.494342374733084,0.669335778211383,0.45456922522621185,0.4551893478636642,0.3786518937113688,0.5430144877255404,0.515189753065492,0.46005369468678264,0.38204175074922625,0.5169943380953071,0.48087994794284966,0.3260583535864847,0.604056044966372,0.7368855764115987,0.5892255069160981,0.6990862453323264,0.709765020623833,0.7835477660395302,0.4901363869976648,0.40044148588978806,0.269241494908414,0.6813151107971908,0.5171997496178828
0.8688626871037115,0.9749185765653774,0.9678583204292489,0.7622290674100956,0.8378868914360535,0.7614929876251265,0.7583950758384873,0.8172552901350533,0.6251023021496529,0.7592674473639751,0.6454277576447505,0.8290267268736508,0.7887558699261507,0.5850702020737303,0.6088125740943223,0.7078712092076437,0.737997653118491,0.6631311583195816,0.4283554574194791,0.5183894855873746,0.5492075777653865,0.41030397275604696,0.47486119497193335,0.3536375328804854,0.44223216956093425,0.6291765010420346,0.44115933871763513,0.45304404966229467,0.32898545129372714,0.326403150427758,0.441547979275731,0.7521188948307319,0.6845175558014316,0.49673902685833854,0.7179591920400701,0.587268313881591,0.6748222472274465,0.6080845613154275,0.416432011565336,0.5369849438760268,0.33353208349794594,0.5618702216633257
1.0007781954189723,0.8711522533537316,0.8262336633748175,0.8188620567508839,0.8116024196949398,0.8385009317506533,0.8732154814294415,0.619689802390354,0.9002153493470275,0.6738051451070898,0.66005792563158,0.5424060749849109,0.5770407671855228,0.6562416762893292,0.6085789690408543,0.7512737170537501,0.7810380013753428,0.5280396702447662,0.7083956673898046,0.6115065997129489,0.5971696670629707,0.6762871316073146,0.6018961609671135,0.550956725619241,0.464358178002943,0.4177580333992868,0.4501340071313778,0.5122863831572936,0.5503202991629841,0.299404763082416,0.3612570655269368,0.7621515242524911,0.656438058741109,0.5771733485846086,0.5120027170091835,0.4539957278712368,0.48672145542079154,0.41405418643781866,0.5400938465827632,0.6526269015299725,0.630785076918916,0.3872735923563861
0.8938270962204992,0.6928579276878014,0.8865280969712571,0.780677943777086,0.684547917498951,0.8704310549003997,0.8699732429227058,0.6140086307309921,0.7037185587121627,0.6931951981637156,0.7892106994304224,0.6082591626111515,0.7946210538358699,0.6844479951833311,0.5830385090827803,0.6836078307119601,0.685365600239809,0.5926958495596006,0.5672135056227446,0.5728667958125125,0.46103546650841987,0.5468808104635754,0.4959471569854206,0.5512825438452142,0.6086288238643159,0.5015344304374926,0.32397162683070674,0.5591985583518091,0.36134619069691043,0.5287272368529518,0.3510577572450964,0.7363143133132728,0.6400560219073835,0.7729799377077665,0.7742583208243973,0.3661129027109321,0.7562818006506321,0.5438221386501337,0.511617612420641,0.6057591539393771,0.5772344681775653,0.3480470910150024
-0.3881147395283037,-0.4024486307143735,-0.3871895665339171,-0.3341574836351094,-0.39078353426808354,-0.26213024137227936,-0.23265077757453503,-0.3616613013575015,-0.2906210340622603,-0.3188598806459044,-0.26399371622425316,-0.3224684461250259,-0.2266983485971305,-0.2601848783764822,-0.2351677097881633,-0.3172747930941272,-0.41816754877380063,-0.2739999557649489,-0.3811160770042008,-0.35564987112886964,-0.23809659531630897,-0.3010478400325086,-0.34350376168773566,-0.3484893839919977,-0.3229658796014949,-0.2968259793664849,-0.37188263244827235,-0.2623399814806108,-0.3517746181795721,-0.34448390772832627,-0.28907483176825194,-0.3919123149418351,-0.241718662580703,-0.3779544316394623,-0.30995006781938406,-0.3636185949929001,-0.33721997305929774,-0.22999521258393427,-0.3816459795308844,-0.2604037915291353,-0.28659517515560984,-0.2563490478546626
0.10808002243082876,0.36562167908492893,0.344883787110821,0.42656270689168785,0.36909702845809417,0.2880747542833518,0.322669842569167,0.5046617486864023,0.44467558144397107,0.3742699154956887,0.3928457655239994,0.4313261746639651,0.47123643363789836,0.3542638357913789,0.5860730848873265,0.4911866323458628,0.5541884178651956,0.5888510976523869,0.46563852520801324,0.5221945596254687,0.4687724663454915,0.4760106065400171,0.49842362496280485,0.44730348147950005,0.2942920108163366,0.18797792193920998,0.2729794565951344,0.27243115950844377,0.0027157603779660176,-0.17017366095856823,0.22177346622186414,0.09327541569843224,-0.12486448352528902,-0.395112636395205,-0.4185873635340587,-0.38595242237604727,-0.44838631291762976,-0.1522211600631883,-0.18911352816120217,-0.46962975253579164,-0.5248146401603866,-0.5419342678621174
0.24532592860216537,0.3006735353850693,0.28813596828140914,0.4132412182872012,0.2963437424845794,0.26623207363325013,0.24653088571838266,0.33665958200435087,0.4595266923950028,0.47606372462093605,0.38988531794625203,0.37922469018073535,0.397917250636079,0.39807736932148347,0.5169019882479889,0.5244626821258128,0.48875975069654637,0.4027403817685731,0.4638095132527905,0.5810234282681739,0.5284294810051324,0.47727635623377845,0.23279334284373013,0.29608936024095545,0.45414704854269783,0.126901348062996,0.13808658312490743,0.32697225652423645,0.19646461725866884,0.009493467903885843,0.14634605084830513,-0.24598705677697577,-0.09197657485192894,-0.15032274494008693,-0.21710599240136982,-0.2901429553254325,-0.40952163255138657,-0.46853489721008074,-0.3087095966290004,-0.5705994793269258,-0.4976542670966393,-0.44942945571755444
0.14489431566824956,0.18305386110545094,0.39180680703657395,0.40209059303889594,0.34469350954374645,0.3420566646444616,0.31827604579254415,0.4776517492898968,0.302690709499452,0.4716175367969119,0.48481326879859704,0.5602664948695734,0.44975544065592316,0.49991051828768307,0.41023668276231734,0.41160378580846,0.6264535910907322,0.32933782941351003,0.5996751817201884,0.5121390975918885,0.4694996961068399,0.2812815628582169,0.46169250807629936,0.3239797034363392,0.14514033370744273,0.37955970677103085,0.21854819128842454,0.19249252925535992,0.26218670424447926,0.06611373842903084,0.20624603645169645,-0.1975819235062762,-0.09238374830294163,0.04290760370448841,-0.3621270953595382,-0.3106233443752569,-0.2736014811571316,-0.5006817807325431,-0.3653219468717502,-0.21725806502894254,-0.3198212107781976,-0.4215634629075247
-0.2814312422749533,-0.2528764606039616,-0.3465716491773425,-0.3436471688050127,-0.21044418385394517,-0.3117579046474725,-0.19889630504479,-0.34485133268817164,-0.3098145642807323,-0.3689346631346485,-0.25191111325536786,-0.2385345424233045,-0.25156985996663833,-0.33212855771113503,-0.36478541193222525,-0.2529006062873628,-0.2834860794629547,-0.3495480048696254,-0.1907540580120191,-0.30717191314784537,-0.30338668853386563,-0.3578649434082984,-0.34180511140951,-0.205580391662844,-0.37365851705291425,-0.35582009938668346,-0.21531837192415157,-0.3411559508615387,-0.17863615580357128,-0.2654525177567606,-0.316727474111293,-0.313216147141952,-0.25329245141148055,-0.2044318129880231,-0.3704923423867634,-0.2357617020334047,-0.18629180244683063,-0.36781378397021836,-0.19489785490060396,-0.18078727862965344,-0.32836478962250565,-0.24963310314213846
0.6317211963461677,0.9179612462774658,0.5956780701797973,0.642774121432091,1.037804311848324,1.1413372995904796,1.3693582512173674,1.3961029408578034,1.3676672301452435,1.124081396443374,1.3466364189418274,1.0476498010616748,0.9108402623586155,1.5799006908685607,0.927832012514619,1.2518687787554228,1.4518579177074735,1.021976212805258,1.2390715039693991,0.9536594176194542,0.938998065600496,1.1727257616592466,0.7805222006543768,0.8529362154854624,0.5418765021902626,0.45432572178212244,0.14465615045572996,0.4984796325980128,0.10511907930861507,0.15972671985765036,0.3585832784764867,-0.09124354329096189,-0.14607293108305017,-0.5103940601826,-0.528440907117203,-0.1958984697109791,-0.5037811490622243,-0.5716060793081177,-0.6130324439982728,-0.7357229805854522,-0.5593481428798324,-0.45827530653572324
0.9699765511013336,1.1676712909003097,1.1730563492650672,0.9207003985385399,1.1205499590529469,1.4252315431439726,1.0627090016370788,1.0473276497019024,1.102194338634925,0.9731455453944083,0.9786356563908969,1.3803489759461647,1.4856250794777615,1.2791836074128937,1.094758910617572,0.8630373094006784,1.1379293734789817,1.2522540488527136,0.9512324176351488,1.209201571811975,1.1721296466492561,1.0082993792168196,0.7702553798715771,0.5397831296207243,0.7131144129506128,0.39591395836861526,0.13959295366119573,0.17688855851441768,0.13583162020303002,-0.1788859068037139,-0.033002214819242454,-0.19429647746702816,0.0779025607881901,-0.11537502814487523,-0.3059412850982526,-0.10745754518157376,-0.6018400322923474,-0.5132515211100346,-0.805176482148945,-0.8711670920339432,-0.6048430721962706,-0.9517092659157151
0.7847932812673345,0.5761733159072681,0.8841407126750832,1.3388091066317833,1.1331410082335445,1.0913047515084742,1.2837493004605274,1.3206329390981633,1.5515519113031702,0.8200971933582414,1.606064971529193,1.2984663840974577,1.319493162458484,1.3419578363436158,0.8833929257357165,0.912638037996138,1.2523440473016,1.2760346048052096,1.2572706619847709,1.286368358727543,0.6993870962008849,0.6323839931070888,0.8820390444532473,0.3462904136802618,0.26578339269208956,0.6555328017789431,0.4424642608370837,0.6628090078669207,0.4470591790203227,-0.11358295164210895,-0.03525079868573578,-0.1471516248734021,-0.14084139877574517,-0.5221491632398529,-0.4377653396648661,-0.310331803668999,-0.41757166697897596,-0.26535444595614466,-0.8222529630399532,-0.8656036905302433,-0.8733287432644857,-0.5825537893146296
0.2993072909114879,0.7707667587084116,1.2210717253473513,1.0124319083920945,1.323274314344608,0.9458972731844904,0.9914496369857503,1.4038673747920785,0.892928648707707,1.3431385426736941,1.1070960531096374,1.049209340895027,1.2706523016047093,1.0928533691712958,1.5396651139523023,1.0807272675648398,1.3491934081424581,1.1612122265088034,0.7071496355742497,0.658280226442297,1.1474152688963888,0.6109189695703411,1.041922924331096,0.29915753921003657,0.6504438135867124,0.41900444223247457,0.667381663598364,0.3577379561742174,-0.07590479741772331,0.08660194635708422,0.06517063859572562,-0.1857614418663288,-0.2546984467023924,0.029042237990407664,-0.4317358622365502,-0.5460440435400817,-0.701934188366548,-0.4782162866099047,-0.7098457573151598,-0.5664769573555561,-0.7226594039425238,-0.7073576725128312
