gfs-wave-data.json
{"header": {"parameterCategory":2,"parameterNumber":2,"dx":2.5,"dy":2.5,"nx":144,"ny":73,"la1":90.0,"la2":-90.0,"lo1":0.0,"lo2":357.5}, "data":
[rows 0 to 17 of 73, columns 84 to 125 of 144]
-0.04221544718744887,0.1682669974455491,0.2041655247084692,0.45017369610767055,0.4414782647505147,0.3698279442016636,0.6281022411288788,0.7203439571583429,0.6687800329404298,0.7375270263276985,0.7296817155613674,0.7448954660082857,0.6869055517983478,0.8566812152270279,0.7888667564744437,0.6234392844357813,0.742165574328724,0.5353495042582087,0.5498790984275774,0.36061184465568913,0.294227202340297,0.3324342952287812,0.21519102585296787,0.10945060479013667,-0.10365398265084011,-0.1442586603721436,-0.1286073671452635,-0.3023961164837444,-0.3307653990062323,-0.41684713703410853,-0.3197100493689614,-0.36554906889024863,-0.2946355195415553,-0.32325375314836574,-0.46980139111502994,-0.4173379166034607,-0.4074847612358611,-0.39799005144210203,-0.4191686485618817,-0.3360602456305506,-0.33108793461317265,-0.37159556912446834
0.07347133197562117,0.2498258564468605,0.1350687921061019,0.2869975270078356,0.5786871030056917,0.36075369328431406,0.6161533385945578,0.7533108664139649,0.6995646029620305,0.7485792711819454,0.7429609435897508,0.7182780422591968,0.8614659740694538,0.7318377766551241,0.6708760359693148,0.642130230760925,0.7239277121332711,0.5485070401190824,0.5333262376121957,0.5767828738951288,0.4197244759362425,0.20431713517813266,0.14985983974303568,0.0987568975018442,-0.01457850762361282,-0.1494849591398948,-0.19999513679925643,-0.15239233229590002,-0.3867040352519459,-0.25484594685258705,-0.2776317277749939,-0.33245329241376964,-0.30538624904980094,-0.34675596626361416,-0.48648349579815237,-0.3164751129304206,-0.2898555524090955,-0.4194365522292499,-0.40120310064434833,-0.3009939261798038,-0.26903148879106814,-0.2273954641602575
-0.015922601588826656,0.1352149488409437,0.3674034951356592,0.26800093932101043,0.374177732099353,0.5536746538293088,0.647246877749573,0.798200748744165,0.6598731912203025,0.712286146481851,0.7066400312966791,0.783285476782505,0.8297234926899547,0.6643159401670617,0.6281611596135563,0.691278545685308,0.5387919368287415,0.69737434652328,0.6409360658720293,0.3859525443036787,0.4718241571729447,0.3008343751834664,0.2681121871524784,0.08296946088523861,-0.014367828137607513,-0.19789605287896664,-0.13607753417751975,-0.34098029752062975,-0.3525436774924047,-0.39649837876448224,-0.3491425846814713,-0.4183758693551099,-0.4049928309330947,-0.38906129597771427,-0.44588505780785787,-0.4630112260623169,-0.31893734662768125,-0.407417710272548,-0.3752531062514262,-0.262679682080329,-0.4320780844687361,-0.20446034728441592
-0.11209080910084909,-0.009434100837298672,0.30985864883798897,0.20854646093363025,0.42787933339310585,0.6287694428715811,0.6562628622358756,0.7054021995497525,0.6794025334480371,0.7109854722991539,0.6991617005935169,0.640001915852219,0.8672659370324894,0.8009064465575928,0.6153510125389785,0.6354852027201082,0.5811997863038951,0.4423358138919684,0.6524245820465219,0.4353348379114282,0.3085033963003249,0.4316609503151729,0.12484834070754194,0.2130476237880002,-0.05261210119695994,-0.15302894790877272,-0.21766431858886512,-0.24978352747059773,-0.29290789225355357,-0.29843765303589853,-0.30357422841439163,-0.2750540529446661,-0.4309125601102602,-0.33887400164839954,-0.3878577928210354,-0.368280740292505,-0.34699325549252774,-0.34100890844729476,-0.3124472280722455,-0.2782424903744015,-0.3839606840450835,-0.2943430247030963
0.030783524523819748,0.11116144025743632,0.1433015025675452,0.18700935022237158,0.3351459622123716,0.6899526901069973,0.6614250141981163,0.6977849984557193,0.7441214554879867,0.7167212684636208,0.8259001621128677,0.7477147046052705,0.7372366969829043,0.7524192496411302,0.823062207858443,0.6438966536886754,0.7667206731245154,0.5949926059198511,0.5306739889873785,0.4712972932902582,0.35637652169255885,0.18048080774750333,0.09997596466402675,0.03508938036167012,-0.0022538714936069224,-0.1480031044390761,-0.25183770508384207,-0.20032503101992574,-0.3019825652030221,-0.39439885961298443,-0.3149477682577204,-0.36219368308437866,-0.3230765768655413,-0.40346611948724764,-0.4530811173171738,-0.3213152526741101,-0.3856685154143541,-0.46251464191269087,-0.32220405640292643,-0.40146065653323765,-0.2325592145618555,-0.2810500004892752
0.009228080129098351,0.15476382766128038,0.16643554854049591,0.23319011413462054,0.38739951834535324,0.5437433389268915,0.49306244132076177,0.6343313366050239,0.8327336672705022,0.6486478495922204,0.7444697411779463,0.7159188677394711,0.6971317825224942,0.6012234212007818,0.779273156254913,0.5691463265484141,0.633682993364132,0.6459591005666278,0.4403478183405329,0.48592867541089185,0.3194816143407389,0.25090377640021816,0.23376348044864131,0.0065527883597942226,0.059026410269348246,-0.04538214066077514,-0.1232034515322838,-0.2765459498921965,-0.2538367845442552,-0.21256134530832874,-0.2606234632445328,-0.41008614052056336,-0.40710902100320157,-0.43587832444693475,-0.4322772410104343,-0.39312271957474065,-0.2786733215762633,-0.30282725396105575,-0.33123559182105156,-0.2952734827139071,-0.2055468082340931,-0.35164161648724246
-0.05811369652057554,0.23605428599168263,0.32230262417893074,0.48245705140844364,0.39117179899827964,0.5061068188418841,0.6094822279695598,0.7139505691707363,0.5318435449124557,0.7959107285554998,0.6787657946563544,0.7789292866860718,0.7500059593554812,0.6809541056111318,0.6837255138207652,0.6470099913148799,0.727264743212294,0.6189159474938415,0.37838840215430575,0.375682741229179,0.36909381788175366,0.33904576659801333,0.15548204857333053,-0.0017225120855415804,-0.0078638660788703,-0.1839459617377762,-0.2715373352934377,-0.12591161648112187,-0.3324810391127577,-0.37888482193954853,-0.47836466459053567,-0.37010454734100035,-0.36591996967231405,-0.2763325977029504,-0.29796351691371,-0.30014990235473915,-0.411246275238692,-0.4215044819256941,-0.3793201314927044,-0.29102308475711175,-0.3736187903730016,-0.21583064578632058
-0.03583405918832523,0.10681319359702278,0.16765072818189483,0.2928968525083093,0.49834506714549975,0.542048342499445,0.5705478840081016,0.6349907449814914,0.595321466853862,0.8070833523780401,0.800206765583925,0.7501633658233358,0.7199277109192069,0.6121379306887021,0.5822115528134041,0.7030054460502738,0.5928593681393888,0.5347875234530526,0.5185576748842502,0.5433010407963174,0.28338552784103693,0.30247665446822286,0.06195040777804819,0.18260279509122077,-0.0992652972224935,0.01886544363413831,-0.1836482486956778,-0.10667469587938384,-0.2984526510426411,-0.27724346792624116,-0.3970129653965324,-0.29170481449311625,-0.36113327074525575,-0.35283108024130094,-0.36951538150655144,-0.2992386413446157,-0.3383330189173743,-0.37338035287034244,-0.32507186183018555,-0.275754203853505,-0.20205990568442067,-0.2948688330607251
-0.13591850881315554,0.11839276210615741,0.3177294662284607,0.3296155994117361,0.4172987835782419,0.6040268900866654,0.6680554208863575,0.5996713695344044,0.6270979980102807,0.7416541719968326,0.6501355541467428,0.6895301486060776,0.670445124118888,0.7431796836830131,0.6826533864825851,0.6399799025440277,0.5251129178051375,0.5739853372375416,0.5871826409093087,0.4064580423252297,0.30498135631227163,0.37703886936225955,0.1683438534701722,0.03962549857806136,-0.10494644910253992,-0.07874605511403779,-0.14468370491165164,-0.15799261697700825,-0.2143657707062017,-0.3953804264679215,-0.29749393486999176,-0.35030876674806277,-0.42920218235642815,-0.37628985823541816,-0.4499176460127042,-0.26918943761425074,-0.3277575190593042,-0.3304615177712501,-0.2828704639332343,-0.36464570398649293,-0.34159434911442543,-0.24613631326003624
0.040995221432436155,0.1786922690636246,0.34010817510264896,0.23578571026451267,0.4382959616714688,0.5453363992312993,0.5163754959059268,0.6596423957999225,0.7610168936953556,0.74392803636566,0.7052197273951502,0.7085815710328873,0.7622819150192683,0.6451428676589477,0.6161494021263179,0.5841314451988456,0.5953096914849445,0.46239296344753,0.4954046354139697,0.5034760838077552,0.27643651933079677,0.17826604619647585,0.12735162690214333,0.10768965521705594,0.03504233530827726,-0.14596778077945924,-0.08903627283111978,-0.2540752739481595,-0.21052223577276472,-0.34567759235611994,-0.311320017264294,-0.3174712013370283,-0.34112107157801075,-0.2758136514032971,-0.4477409010031725,-0.266971348200536,-0.3134381606660452,-0.30986305556199967,-0.3509124646491442,-0.3272813787518396,-0.19901953898674385,-0.19499405866166575
0.06096161460644143,0.1283627886816406,0.15045885679486612,0.29782160683573894,0.4260586817509079,0.4997927352016299,0.46707145679408996,0.6044770245808404,0.7243781282980146,0.7462609338230177,0.7650146392958357,0.7136613512464005,0.5956957727946312,0.5932143884495221,0.7111251500432844,0.7367838617283338,0.6305947789671176,0.5483593597341619,0.45853795754650467,0.4025824798258466,0.39953317544951394,0.31885874119838753,0.21983019294631861,0.04041314894866216,0.04004956043852633,-0.027325564631986113,-0.23586639932335074,-0.2271160065017717,-0.29825967229525824,-0.34911513410894,-0.3282812515848314,-0.4068299125305538,-0.37201943384064173,-0.41872785433455884,-0.38571398107233407,-0.26645950198996704,-0.3235153992197568,-0.3115310553330193,-0.374527244603606,-0.2794222407754378,-0.20763365631441352,-0.27765299883497924
-0.0062746878900881275,0.17229188508619603,0.2994783788600742,0.36621139161336497,0.48816046732906443,0.601471842354965,0.6791118262822069,0.653917308864918,0.6554317627276156,0.5996914727963906,0.667874045933845,0.576606589499544,0.7499358983575013,0.7844055207971655,0.5986008331595404,0.5722054814641275,0.5412755542893924,0.46075226640283184,0.5863583174575914,0.4479334537729027,0.3545205727341242,0.30391617487639067,0.24533099872814143,0.0663943038829295,0.08343022010405199,-0.19153916238750734,-0.17929903473563932,-0.27807572413575216,-0.25775634827227806,-0.20230392584937149,-0.28046385254757855,-0.39671908418897184,-0.38410213759610706,-0.2571358014662133,-0.38849649974438333,-0.3638173404689857,-0.29983064737251747,-0.2804142759486655,-0.26990705303515644,-0.21452908541063875,-0.18872437785033583,-0.2813999427009895
0.04348054541931626,0.05284497334315751,0.04838423080260633,0.04726653287461871,-0.02257968764186023,0.04464059493874377,-0.01677601254560488,-0.0419258128315633,0.04956027038266714,-0.052570705095707014,0.051139618452600955,-0.0088240744437325,-0.05320788383184937,0.01848668667503189,0.008313629400495978,-0.05295883044541651,0.019877146322833265,0.027287023801858858,0.04427644855769208,0.01614794182051734,-0.007739684886168567,-0.01615574753390786,0.06393230656311628,0.04184974706873057,0.006185005192710348,-0.04219886745929843,-0.029929947043595306,-0.0200713163178103,-0.02199924693407359,0.017020955563693863,0.046918246196964365,-0.011548913590501548,-0.03731957777085418,0.04029294478779822,-0.04845156669854536,0.028962652474424495,-0.04146541000103706,0.0038514521081152186,0.04424744431752696,0.0406956879640532,-0.034001699681399745,-0.05508131319766104
-0.002089022348564003,-0.0029312401905251325,-0.024440547544653905,-0.053457508570759274,-0.03966731495356704,-0.026362122549847797,-0.027495822052320696,-0.04175087386439919,-0.04274854636549654,0.0128923423490812,0.04237508383340505,0.042906660192103784,0.05452589219637189,-0.011874715850722249,-0.013097432340914488,-0.01801482891280418,0.001982062598310023,0.017148512725740736,-0.0579400311330223,-0.047435869514410374,0.029770380189402583,-0.05108169698387868,-0.04505620263301427,-0.020068269810931568,0.029303130824204462,0.004138808581886267,-0.0028268845324033024,0.01498476560746529,0.019401946182338668,-0.01753049463463828,-0.04097720560953791,-0.02969993292859252,0.05395190060500128,-0.0031524498506081563,0.009431782942857481,0.04392554011885336,-0.0497761217678367,1.1251787865701992,1.1026205628125023,1.1971480923457585,1.0662937454236305,0.9225684364165656
-0.003974551713042058,0.03513411086407828,0.03774665440971602,-0.04196250621710122,0.0077793263875971285,0.048274716371081904,0.005476879907312613,-0.04467307412592634,-0.0167330331079437,0.03501589752623916,0.008633701976662668,0.025042443613657893,0.006381616668228864,0.019332240564293397,-0.0011619194284419813,0.027508376103894613,0.0058650886112458275,0.044222631492369595,0.008603480268285493,0.038574208013431824,-0.021940895852290723,-0.03610301711384023,-0.02864370695537361,-0.027084574018696555,0.022381049079599133,0.04980344757909029,-0.038566639920830474,0.014801825449202702,-0.017308272669391805,-0.013601368832129302,-0.026935959993540953,0.02037355687470749,0.04132170602498168,0.0007554488250651252,0.028012480589064855,0.0032563936153801043,-0.014495618438751016,1.1598122099834096,0.838323639775586,0.9480104902759721,1.0447581566569726,1.1483561424722237
-0.02231565888501056,0.05013327274413062,0.0032118752333123502,0.031920752547377265,0.02485380965933574,0.03909818279506828,-0.044925069673926316,-0.011443122904281764,-0.007980218818931755,-0.05210548289310911,-0.009309103730235049,0.01777862885077312,0.012476269152092385,0.03724561174826081,-0.03978920654238297,0.007468917116160032,0.011985502659176991,0.028156863280770366,0.007444900392757945,0.030129186455112936,0.01672440091401667,0.003251595631015201,0.029145119769212444,0.004797849100016462,0.00393990113826859,-0.0033065609299385438,-0.03126719231039993,-0.04197815479185689,0.03063343881819847,0.041223348937302985,-0.02261993372524886,0.03468591727535522,0.029374229258896583,0.013983629099358954,0.02547900406289754,-0.013116517741733212,0.010957229858583214,0.9707841080814351,1.0759295250676184,1.0611146326756453,1.251846627085513,0.9459559608958985
-0.012702138962507263,-0.028204701377515757,0.02292960208631498,-0.016394429681837304,-0.013361644959555817,-0.018684274753307313,-0.05080221641362444,-0.022665651911085185,-0.02252189501433003,0.012240371874975212,-0.02599066068391491,-0.028326075283605943,0.021546811219515304,-0.009054713257883592,-0.021521513959173736,-0.0007493726605710768,-0.050673278797281035,0.0012136495391480333,0.03185021571000305,0.02917890667681001,-0.010362588178878779,-0.0038919788594904154,-0.043716391884231175,0.03644199767954749,0.024775622040046092,0.005426772628509707,0.009033451686235488,-0.021492794448157836,0.028772736144894083,0.02634000364007148,0.023613380622948266,0.021977816710108525,0.042562713863038504,-0.02720841622413514,0.04174188062590763,-0.023675029194889743,0.046433406290651395,0.9410254906167996,0.9517508945972407,1.099998432833951,0.9714411189119507,1.2932815732141292
-0.010377201402795496,-0.03141284375729664,-0.019427740832553886,-0.017393763064933586,-0.006791330406003916,-0.02784661851953003,-0.05251470553206735,0.016229037130993388,0.02115353325461375,0.04244846034098833,0.001614305393589069,0.026025400316489918,-0.02298239878062574,0.010891407356258319,0.026628802201868557,-0.009307057271525709,0.0060530134912039,0.014864124543733053,-0.024848074916966455,0.016167772490750718,0.01569675392324309,0.040381067206260744,0.015586330583714007,-0.043748163982297854,0.044903314537175845,0.046466973300532725,-0.003866003914391758,-0.01902315191653715,-0.005269786780401844,0.025899910033536346,-0.03905486516430661,0.01639604887842032,0.0062570113999963544,-0.009738868909459169,0.021102617520070685,-0.043317621112653075,0.005323430188878092,0.9433644557444099,1.0375769612122299,1.075632313616088,1.2256756705541092,1.0340165051107695
