gfs-wave-data.json
{"header": {"parameterCategory":2,"parameterNumber":2,"dx":2.5,"dy":2.5,"nx":144,"ny":73,"la1":90.0,"la2":-90.0,"lo1":0.0,"lo2":357.5}, "data":
[rows 46 to 68 of 73, columns 51 to 101 of 144]
0.0,0.0,0.0,0.0,0.0,0.0,0.0,0.0,0.0,0.0,0.0,-0.6390973098839408,-0.5279083425050778,-0.5229075697035789,-0.4420883515576811,-0.44055625877538757,-0.6032561440211647,-0.48945217212492126,-0.5373735024153021,-0.5772201943934739,-0.6184709373376445,-0.49326727798121034,-1.0741624693995198,-0.8299864334759588,-0.9360610440755092,-0.9756627011039023,-0.9166837387703454,-0.9706826862936804,-0.9963502266848425,-1.1109608572310656,-0.9686810599395997,-0.9660093967375589,-1.0308376507685424,-0.9539257521471307,-1.0870367916094992,-0.8614628564385325,-1.0714949506655247,-1.0563271921604043,-0.8163243010788522,-0.9942486496696589,-0.9814578803582621,-0.9595676074944968,-0.8469433598183143,-0.8587592779140917,-0.978830571802008,-0.8065554999607066,-0.7625015810501761,-0.8145931099241043,-0.7691645950976512,-0.729105015660306,-0.8997815640244992
0.0,0.0,0.0,0.0,0.0,0.0,0.0,0.0,0.0,0.0,0.0,-0.5067475788091407,-0.595369544659928,-0.47810317785161,-0.5405082747488203,-0.4645785851329679,-0.5966521957373673,-0.42535220416050606,-0.5543159660967679,-0.4827412570163109,-0.6329241251003804,-0.5166759040946198,-1.0066171071374665,-0.9680164091886231,-0.8613021357348185,-0.8513250498622541,-1.0144823346618626,-1.1197384204664929,-0.9355194080134853,-0.9667700174049535,-0.9678989540439773,-1.0767006340576224,-0.9462223145323901,-0.9904105518329174,-0.9603167459623739,-1.025777916479656,-0.9855960658348246,-0.9327424707179305,-0.8942690122104587,-0.8642087200620016,-0.9609867666249304,-0.872381665979944,-0.84664922052141,-0.9182643182253716,-0.8056033049212383,-0.7932579595380151,-0.7733008235897864,-0.7392359067641651,-0.8789826165408171,-0.7491892861787068,-0.7846039648383161
0.0,0.0,0.0,0.0,0.0,0.0,0.0,0.0,0.0,0.0,0.0,0.003661593767320876,0.0037944554944742887,0.00463834726369943,0.0006981590806258733,-0.0006551358861375652,0.022726908153259253,0.027018054481653415,0.0007307122517177625,-0.0028537343495724167,-0.0010169199689106885,0.018834904766761418,-0.003981076701382141,0.009630466590344626,-0.0038220589777942515,0.0015654347815660943,-0.007022495806917608,-0.004461956912147555,0.0020090755549422076,0.0010910964707512287,-0.034627467428835976,-0.004213400390197965,0.01502602838207779,-0.006302865992413455,-0.007167397778515199,-0.023573738094999352,0.01010958187092975,-0.0032998793589645624,0.005419871462900508,-0.002996720993501857,-0.001667833326646355,-0.019458918707759464,-0.015169125427452258,-0.001971929707425941,-0.012339455780612239,0.017365587505559495,0.008585588932306036,0.0106738045007877,0.02130876550898192,0.0065249074323948655,-0.006379853996672216
0.0,0.0,0.0,0.0,0.0,0.0,0.0,0.0,0.0,0.0,0.0,0.7955841681949709,0.7242302929071788,0.9203161079697114,0.9993317657027261,0.9228433910675121,0.9593039274963752,1.0200106975372742,1.1093157253717634,1.128709622072546,1.0819029828394104,1.0184919989436856,1.1171253151435274,1.0592086778561443,0.9916099516771505,1.034139860271214,0.9704136961816558,0.8312564585582016,0.8575944213884092,0.7970862127736853,0.7448614869815592,0.831501151297526,0.8384742592365825,0.7618858909387002,0.7569850407376507,0.7458578963344504,0.6809771533523961,0.6655447105690482,0.5360453681885958,0.5753725531107423,0.6005511278796476,0.6841704845852316,0.6149902767679676,0.5622735950650052,0.5979462068005471,0.6466770423016346,0.5753435281054246,0.6143220897416953,0.6233781870582208,0.7884299200624448,0.6439305894426638
0.0,0.0,0.0,0.0,0.0,0.0,0.0,0.0,0.0,0.0,0.0,0.7248334207570801,0.7854518681017126,0.9118410066281026,0.8013165613268197,0.8577691470137819,0.0,0.0,0.0,0.0,0.0,1.019604714903376,0.9843674438210528,1.0940983406473532,1.0643355436372555,1.07149581147005,0.9846207322312861,0.8646797760676961,0.8494430261936976,0.9420303748083071,0.8291975769152383,0.8084375924994228,0.6842206616737865,0.7955654869690295,0.7609807678568501,0.5742446200129776,0.6776746855513051,0.7384611191316943,0.6085418917446062,0.5391844538667995,0.6634449723241851,0.7045014649110234,0.5560600447691475,0.5634153564226091,0.6288390623870739,0.6645768415963713,0.642934904285133,0.5940948212136054,0.6715916232165401,0.7559837911671697,0.7725906315482837
0.0,0.0,0.0,0.0,0.0,0.0,0.0,0.0,0.0,0.0,0.0,0.8620136212342503,0.944638496159372,0.873527551437475,0.8766769023933252,0.9468516344572194,0.0,0.0,0.0,0.0,0.0,1.062350539822602,0.9845451487457236,1.0697966087640973,1.0040549587061511,1.0794688862560566,0.8757559484991844,0.8178537775990207,0.9064418171774782,0.9192204635481838,0.8950785494726906,0.7621344656971041,0.8020492395183833,0.7416252451910114,0.7558051821788073,0.5580290961406715,0.7518516703086906,0.6805319629097973,0.5829748889595896,0.6891319924590867,0.5837292928892536,0.6983503409529909,0.586665373768756,0.6407194611250279,0.7499721260932504,0.7236076436949607,0.6451130714364199,0.6353445550098327,0.5940361621750039,0.6120331424353466,0.7733994690483041
0.0,0.0,0.0,0.0,0.0,0.0,0.0,0.0,0.0,0.0,0.0,-0.004604911412203875,0.013743544584658365,0.011374563191364923,0.004077766438163525,-0.0029682078529645636,0.0,0.0,0.0,0.0,0.0,-0.007907869624440343,0.009441559426064235,-0.019958824745956134,-0.026745240690205417,-0.0049848255782667435,0.0011330295844559997,0.009922465899814326,-0.01918879289094922,-0.02692499396383135,-0.002059506953769018,0.001542023832955526,0.018741094518275932,0.007254222328049341,0.008616203940070998,0.0179957655328844,-0.020037869686668396,-0.006246343735364738,0.01401799904586684,0.0034059076258483715,-0.00414199954046921,0.00174524693174347,-0.003536957685308363,-0.002183417956659341,-0.0328887665729249,-0.0024937245692569325,-0.014278424371288992,0.009823914725185689,0.015440724658174547,0.007063911825043984,0.009120535260118133
0.0,0.0,0.0,0.0,0.0,0.0,0.0,0.0,0.0,0.0,0.0,1.915600441361487,1.810326795117697,2.0694132365363713,2.116152769647808,1.9693050684686315,0.0,0.0,0.0,0.0,0.0,1.8510732744110903,1.8067101056280643,1.8147318469117129,1.7798340122642395,1.6532168068027848,1.649700122694966,1.6720309453773086,1.3970306624647473,1.6257324936537216,1.5646805274447602,1.2740364476183679,1.464837451897861,1.2481958975747798,1.3226648307383906,1.1207909803734155,1.3297955895821416,1.0256065294037835,1.1639121913359176,1.1741728970706133,1.155124599606138,1.0304107280096098,1.0711136182616399,1.0497011929965037,1.095454705869061,1.0218993460844925,1.0611742515902673,1.089050510301086,1.0967122573850236,1.100610656604802,1.0766153562991467
1.9876364535275606,2.0379648772116123,1.8116761397311985,1.8942879888893833,1.8034535337527984,1.8890354055680836,2.1553082263541303,2.1223164572908755,1.9493253994240975,2.0237815481355264,2.02361158246299,2.0118054932386475,2.160935204167395,1.8884547706857389,2.087554911744515,1.9705791418835457,0.0,0.0,0.0,0.0,0.0,1.7535492138365187,1.8823334480157055,1.7252439133599609,1.6838720192643934,1.6494276420482854,1.6282635148705604,1.5554744713968789,1.564779126783683,1.5329470572957504,1.384218178963839,1.4563613584728883,1.3712995566842086,1.4508901421824894,1.4477966520588015,1.2068674145743852,1.3541765142944833,1.063371203385787,1.2335447379848496,1.1423012095167695,1.1044669657578416,1.143540836501475,1.1043910423255172,1.086125681870317,1.0439537476100493,1.0868168866848336,1.0613923679180342,1.031902700332753,1.1520760680231976,1.1091818572398282,1.0100408041056663
2.069063898906309,1.9402032137769938,2.159198763670788,1.8599229394752255,1.8341769070072451,2.141571080266473,2.0926537598636608,1.8949113227193526,1.9800676660242713,2.035825898180233,2.0851173910899075,2.007559896079787,2.0303912714747647,2.01020520697005,1.8876395941298245,1.834629488998603,2.008312865004574,2.028209723465902,1.9905694466913053,1.869407370566977,1.9063514609621102,1.8557246924616775,1.9057579296748863,1.70598356286256,1.6449200451848625,1.6397410117271658,1.7031287720968225,1.6544059604836137,1.5492634733254163,1.5213614458850055,1.286358765877715,1.5319627870085857,1.367005638386577,1.3077279025000568,1.3101399161338476,1.229690647448272,1.2774168655241984,1.0955714314374374,1.0680548690337757,1.1215739872774777,1.1155246154810392,1.029743614023403,0.9294699385387195,1.123956311964433,0.9730215714045418,1.1226323469975805,1.0547715140652578,1.0581028064039153,1.0602310536846855,1.0779189279347297,1.1351793415962235
2.0339590367480698,1.936907642691697,1.9228806473049946,2.2788631670862967,2.0862353066409933,1.9568376462600405,1.9155052486955297,2.0400814992758756,2.2242903818556083,1.9774923023193178,2.087417411338576,2.1438152289086267,2.041198680646687,1.9580145225777277,2.021758840506244,2.0324690316131284,1.9465837210335641,2.0482313206383838,1.9279849232977773,1.9493246295943822,1.885944933204925,1.9326703135845837,1.8914165933030536,1.8096983174234569,1.8234309009899685,1.6265079460244734,1.5225372388383318,1.4507335013499671,1.5783061934279632,1.5398268712843954,1.586290516376015,1.4412085045618876,1.3439887110973596,1.336548080376156,1.2443587261389224,1.3583552647651604,1.3067694020891485,1.2817367161520508,1.0612766319009475,1.0373161394739303,1.175964909454449,0.9698464615062885,0.9614193106893542,1.134246830605344,1.160282201902346,1.0549948393507422,1.10896892138933,1.0218706521115306,1.1613798822826962,1.044150359379794,1.0187983299776087
1.981499380863022,2.0100058817547617,2.215213019510111,1.9433882693385907,1.9321896860920234,2.07384250197668,2.195261711514596,1.957756186018007,1.8926595569737286,1.9212821506356896,2.052545464126753,1.894228457605889,2.008861025333284,2.1390830633612454,2.037170652156411,1.9764290388781027,1.9899081044041953,1.9350752410906005,1.8457994420971824,1.8348335582648179,1.8665264698104254,1.888619886369833,1.757171767679728,1.6688439432334714,1.7647648974933214,1.6860288441735458,1.7737359100842274,1.6867899839323288,1.6013275271463303,1.4256610049947636,1.4489123754123434,1.3886531458659364,1.3122514217319141,1.2078008654534864,1.2598472316159721,1.186833845529391,1.2556788559331715,1.1940302380239047,1.0882700038495865,1.137419929200239,1.0092110693240985,1.1298395750188732,0.9920253206823543,1.1711793142664435,0.9296838418600135,1.018162024467594,0.9484936626647177,1.1488775768000739,1.220166603173495,1.1335796178510313,1.0277391108204779
2.3635482142382966,2.0619002971956113,2.039681114152236,2.2833812701527427,2.2879922499964986,2.0311695693431906,1.8123210844226374,1.9279722628239835,2.0405395323723465,2.0878648488400615,2.121761525204645,1.904172953610663,1.9111341186434252,1.982837058096659,2.010732151227042,2.056871560886858,2.0024885281160456,2.0778533063775564,1.8537516819042446,1.8594548669360855,1.9667413714820288,1.9333894822907116,1.7171119600484983,1.802821811563317,1.7621178443804297,1.725369772015606,1.5374420478501982,1.601146831739221,1.6045856074809424,1.4859312301058232,1.448366752784665,1.3551708426046933,1.51220355717949,1.2931104934291235,1.4026878262443794,1.1261092788381948,1.2180574978080019,1.1690946655369678,1.2059598982411848,1.135277100381204,1.1319639956198402,1.122260834879065,0.993725845579506,1.125483003952299,1.0846778550779002,1.1194583464637955,1.048958618640838,1.1311244883817257,1.069666810830669,1.128921374689148,1.1619306042167663
2.1014804935484435,2.1395258906103454,2.2306270220097772,2.146909154922153,2.183535749112276,1.789018006379435,1.83590055786221,1.7585852592052584,2.010215782323636,1.854643111604902,1.928686626899853,1.9384230787266392,2.1102314523678496,1.806392390094995,1.9669779876116509,1.8800155464010273,1.8669902769794404,2.037303851805527,1.9190811012333118,1.8880127484276843,1.9553791249314354,1.930652980347584,1.8796318977919089,1.8088783006453883,1.6889537445125689,1.6149470257333383,1.731806763081963,1.5503160975355483,1.5024436621799473,1.3869708887418724,1.5336313433809046,1.3681854294664912,1.2996970059210886,1.2832969756434904,1.293392737640787,1.088508499356593,1.1659525691031136,1.2398406162836328,1.256254516618212,1.275946795823054,1.1205932296593313,1.1779189076800631,1.1361654195892048,1.0391790112166799,1.0442824341235983,1.0613692981595548,1.1132526377044263,1.1732661345896909,1.054584925518277,1.106000553623634,1.0476878985108906
-0.0038109151010630115,-0.01682727001668252,-0.016409125006045383,0.023735288720489946,0.005750478799854329,0.00012783255968850513,-0.026156302818681115,-0.0021699837876389726,0.01608583729955746,0.0035739694721236485,-0.01574270268434942,0.010677788858137496,-0.01080809262450805,0.010226670105346532,-0.011832067654170683,0.008719285813729877,-0.02983176845522443,-0.0036004128888613564,0.0033895067312621585,-0.014545544423837242,0.027095718943471386,0.004402683828748319,-0.0027166302654068712,0.01092322999106822,-0.023664584431314348,-0.00838781043028416,0.0012388340596139664,-0.010008349149828764,0.022162837131507258,-0.02227446905682305,-0.010264067829764573,-0.0034584858943893402,-0.0008727411331585766,-0.0024816165961723978,0.0076653204759004135,-0.003835943678003189,0.008459119432366958,-0.024081691613059224,0.0029278231873234774,-0.009255727546276384,-0.012047426048177762,-0.00882249838709736,-0.013724500063140065,0.017931375693166586,-0.006240501336612964,0.01103802285718483,-0.006389717852978574,0.022123712041356013,0.003769582630663451,0.007417087135288811,-0.004147042475963958
0.0,0.0,0.0,0.0,0.0,0.0,0.0,0.0,0.0,0.0,0.0,0.0,0.0,0.0,0.0,0.0,0.0,0.0,0.0,0.0,0.0,0.0,0.0,0.0,0.0,0.0,0.0,0.0,0.0,0.0,0.0,0.0,0.0,0.0,0.0,0.0,0.0,0.0,0.0,0.0,0.0,0.0,0.0,0.0,0.0,0.0,0.0,0.0,0.0,0.0,0.0
0.0,0.0,0.0,0.0,0.0,0.0,0.0,0.0,0.0,0.0,0.0,0.0,0.0,0.0,0.0,0.0,0.0,0.0,0.0,0.0,0.0,0.0,0.0,0.0,0.0,0.0,0.0,0.0,0.0,0.0,0.0,0.0,0.0,0.0,0.0,0.0,0.0,0.0,0.0,0.0,0.0,0.0,0.0,0.0,0.0,0.0,0.0,0.0,0.0,0.0,0.0
0.0,0.0,0.0,0.0,0.0,0.0,0.0,0.0,0.0,0.0,0.0,0.0,0.0,0.0,0.0,0.0,0.0,0.0,0.0,0.0,0.0,0.0,0.0,0.0,0.0,0.0,0.0,0.0,0.0,0.0,0.0,0.0,0.0,0.0,0.0,0.0,0.0,0.0,0.0,0.0,0.0,0.0,0.0,0.0,0.0,0.0,0.0,0.0,0.0,0.0,0.0
0.0,0.0,0.0,0.0,0.0,0.0,0.0,0.0,0.0,0.0,0.0,0.0,0.0,0.0,0.0,0.0,0.0,0.0,0.0,0.0,0.0,0.0,0.0,0.0,0.0,0.0,0.0,0.0,0.0,0.0,0.0,0.0,0.0,0.0,0.0,0.0,0.0,0.0,0.0,0.0,0.0,0.0,0.0,0.0,0.0,0.0,0.0,0.0,0.0,0.0,0.0
0.0,0.0,0.0,0.0,0.0,0.0,0.0,0.0,0.0,0.0,0.0,0.0,0.0,0.0,0.0,0.0,0.0,0.0,0.0,0.0,0.0,0.0,0.0,0.0,0.0,0.0,0.0,0.0,0.0,0.0,0.0,0.0,0.0,0.0,0.0,0.0,0.0,0.0,0.0,0.0,0.0,0.0,0.0,0.0,0.0,0.0,0.0,0.0,0.0,0.0,0.0
0.0,0.0,0.0,0.0,0.0,0.0,0.0,0.0,0.0,0.0,0.0,0.0,0.0,0.0,0.0,0.0,0.0,0.0,0.0,0.0,0.0,0.0,0.0,0.0,0.0,0.0,0.0,0.0,0.0,0.0,0.0,0.0,0.0,0.0,0.0,0.0,0.0,0.0,0.0,0.0,0.0,0.0,0.0,0.0,0.0,0.0,0.0,0.0,0.0,0.0,0.0
0.0,0.0,0.0,0.0,0.0,0.0,0.0,0.0,0.0,0.0,0.0,0.0,0.0,0.0,0.0,0.0,0.0,0.0,0.0,0.0,0.0,0.0,0.0,0.0,0.0,0.0,0.0,0.0,0.0,0.0,0.0,0.0,0.0,0.0,0.0,0.0,0.0,0.0,0.0,0.0,0.0,0.0,0.0,0.0,0.0,0.0,0.0,0.0,0.0,0.0,0.0
0.0,0.0,0.0,0.0,0.0,0.0,0.0,0.0,0.0,0.0,0.0,0.0,0.0,0.0,0.0,0.0,0.0,0.0,0.0,0.0,0.0,0.0,0.0,0.0,0.0,0.0,0.0,0.0,0.0,0.0,0.0,0.0,0.0,0.0,0.0,0.0,0.0,0.0,0.0,0.0,0.0,0.0,0.0,0.0,0.0,0.0,0.0,0.0,0.0,0.0,0.0
