gfs-wave-data.json
{"header": {"parameterCategory":2,"parameterNumber":3,"dx":2.5,"dy":2.5,"nx":144,"ny":73,"la1":90.0,"la2":-90.0,"lo1":0.0,"lo2":357.5}, "data":
[rows 38 to 56 of 73, columns 84 to 125 of 144]
-1.0053403777992553,-1.0770000886941855,-1.007737264426101,-1.050868405929704,-0.9950414337894835,-1.0556020355745115,-1.0034500733327447,-0.6494943011191006,-0.7984980787735623,-0.32327785770655026,-0.4457905681806942,0.019828693232422402,-0.03481817683633901,0.3253487528009932,0.18466685593548085,0.5601060756848737,0.423494258841793,0.57679517068238,0.691525057622119,0.7369173794291308,0.7925433012611885,0.7132844948817653,0.8832994752765672,0.8350538135054127,0.6761340700193295,0.6538322503642439,0.7249040646969518,0.6267305738869638,0.6786852628978106,0.46953175851860235,0.431818960522587,0.36129381392233845,0.3454309673603062,0.1863732643699401,0.2010428507112006,0.12113635153973114,0.02121846729232333,-0.045245746987697705,-0.07445550420490701,-0.17932557125223117,-0.33861639501416624,-0.30915539407787207
-1.0262721469854703,-1.044238866766989,-0.8883853445586012,-1.2178804504043168,-0.8390473232795443,-0.8840262367808372,-0.8875881437086955,-0.638157299735275,-0.5223022929036129,-0.41549949270070524,-0.38681073287149553,-0.08884556837136576,0.12616053174971206,0.3335058505120267,0.4994600332876362,0.3314590925850512,0.6847958228177514,0.6879005530577055,0.7815531097431502,0.739329705950007,0.8257197759845313,0.7200694495987653,0.847638693647219,0.773062392702701,0.6800489172605644,0.7068320814380481,0.650308144190731,0.7308271910922636,0.5779533866504032,0.5185773188045589,0.4269013931648823,0.4624798245638443,0.2815001296910497,0.25403099796378686,0.18583906007639064,0.0023426761359749736,-0.0813629447454743,-0.08315605138047256,-0.17494736497768731,-0.26919217829632086,-0.15626701407526739,-0.1938613555106535
-1.023690227942093,-1.0275697747961996,-1.066761935242481,-0.9116617843088816,-0.8620904325836917,-0.8152640528013593,-0.9923164999657482,-0.9461481366326491,-0.4638486312903563,-0.6662231829454197,-0.22878692412054086,-0.3083337937346556,0.08563231745425114,0.30343725877083744,0.23582930891811288,0.44735643327847646,0.595107746146513,0.6361666460810532,0.6689424639907945,0.68481712321186,0.8788117517875016,0.6991301476158798,0.6674111974606244,0.6847007179345672,0.7230025176673264,0.6402235582920345,0.5558535048637462,0.6019444702205285,0.5567687070429278,0.6390565794813198,0.3435108128616506,0.4714474474371412,0.2042768338959516,0.3079915492806636,0.06530743093467499,-0.008327764568479607,-0.056797313723739674,-0.09133600134549917,-0.10614228355602626,-0.16502118616766717,-0.25036173946599416,-0.2284520517771696
-1.060915637191854,-1.055374440977234,-1.1062932303634312,-1.0537834862170368,-0.8699683644762365,-0.8646962474743938,-0.7790909735107839,-0.5742918411420288,-0.7234942978568728,-0.5258912042941367,-0.411633519836679,-0.1148623954999994,-0.1510075801628228,0.08089847696261288,0.29595709927891,0.4129359689487436,0.5492930118496328,0.677197265379888,0.7007885714189774,0.8980119389191988,0.7789456023052986,0.7231365279565952,0.8304818604938713,0.8368700793538525,0.8295113503090211,0.6908417792317061,0.6406386321270665,0.6298464301951107,0.6186926148610404,0.593917690780274,0.31444101683566134,0.4586642865841039,0.33153608194012835,0.1894405136341962,0.2628203653416182,0.01699126077106768,0.0663786531270192,-0.04902022168835588,-0.12191988026410325,-0.09483034902667525,-0.15566468233745365,-0.2869594366034295
-0.3401315088159702,-0.3717036626192458,-0.22867127964601447,-0.27901194553361175,-0.39594458195018023,-0.4072670103139549,-0.35768630327337714,-0.4127689984806843,-0.25957636802548206,-0.33888513690504135,-0.3358978739784486,-0.2779801658306181,-0.3039267700800453,-0.4056748801729354,-0.3974044560784196,-0.27380035666364555,-0.36115588806146204,-0.329771817309687,-0.4123473948945515,-0.33061210084503934,-0.3430861661412511,-0.22700074749948818,-0.3888217901606351,-0.3743422338911717,-0.29238283855243513,-0.3209412077659225,-0.38216563389341174,-0.23476957997928852,-0.2801929082927642,-0.28353787409976544,-0.42065763559229863,-0.33244237254253534,-0.3223023353641389,-0.23570917313355316,-0.3020317925317936,-0.29571970065415076,-0.28457842589629434,-0.38165356774521625,-0.27812147063015824,-0.3164609996700364,-0.2531744771877333,-0.2496202677068115
0.5124417292471007,0.23817082212889826,0.3507963435564645,0.48577302243735115,0.34607313251537586,0.44270841958422685,0.3325878346045503,0.31824509960941305,0.1094733981009971,0.21242012132671115,0.23358852366754357,0.3211021832347809,0.39232445371306207,0.32581931686649385,0.04451370300268257,0.10732215432415342,0.30648183731039413,0.13618943041210269,0.08428741376812346,0.11574370134686224,0.14400013416277416,0.17431500706619552,0.0971091268867767,0.01618143030405941,0.07784656126870236,0.2768757499952597,0.2047969100474181,0.10286225055329515,0.1297109964507072,0.018036706454344655,0.10770017307755887,0.10964571957869872,0.25328458906314233,0.1361838688547876,0.17148359718615125,0.05643302955198012,0.27641334769476045,0.0493214988217205,0.1679331851253477,0.10586760317842406,0.06847683316914663,0.20052058673647571
0.5149243385201085,0.3507921944693662,0.28449957681956206,0.2834761046439987,0.33065172812896154,0.5108644875801313,0.33533635505331866,0.35355644997113617,0.282389377850869,0.4384862194887927,0.09003796250364472,0.13270578629269794,0.30446502104741796,0.18831025343079738,0.2406851944103893,0.1099976689746008,0.34945562501789507,0.19217954783471491,0.22244391386619672,0.31686861602685,0.2764516928713643,0.31580711441929654,0.16313225788404737,0.1018346309981195,0.1848039211691957,0.04769144197690554,0.25327364660130364,0.17809960767998537,0.19313507937470933,0.028436917552275506,0.2094013824956911,0.09666985770008979,0.20653574102435174,0.18426568982536648,0.1578362114043138,0.20371060325989923,0.08191145212379866,0.3404662631704453,0.29114835824994245,0.17693947913443298,0.23897791423132914,0.31907711040743614
0.3853446175707759,0.5026019996377018,0.34269021171891945,0.32738685132941125,0.42763102191027286,0.4130602692850964,0.2055280380421186,0.297614481575595,0.2100306181416608,0.4684559259025977,0.2544091702516938,0.403817604644133,0.267624790106867,0.20933725340451698,0.2564240490947639,0.17580970341696628,0.2431706678535567,0.24494906842575528,0.3026956526030712,0.1510761956623596,0.2074179016640432,0.14827698154967336,0.10097287575724195,0.1395822861642299,0.14585241428719636,0.1706655358770686,0.263511626749449,0.2311860804804395,0.05474808012692063,0.02712951306536294,0.06371788345845415,0.24442311569017344,0.26444272761295246,0.13114079877446405,0.262865336676817,0.3058355904970723,0.1713749568982973,0.26256449690216077,0.2479968569885813,0.05658313304849532,0.27203906280070733,0.20225552804955835
0.5753891700390977,0.4544285262823627,0.2736494767215196,0.2438471983564813,0.2380795690168609,0.22387327302792356,0.4091766562238019,0.46448934378664714,0.30367008461981115,0.4154022632003016,0.16711900665608914,0.12920455160113534,0.2900655467921564,0.15358354092182108,0.09343335734728254,0.36762732514857177,0.06338263015371273,0.31252890779723785,0.06926557459959769,0.16096464395689006,0.2828467553009274,0.2768191583636245,0.2465089755001028,0.07812071988297335,0.3115407652654432,0.011207986554008018,0.12195850045226038,0.0787686280918241,0.23582322982639148,0.18568594976147215,0.036468346895587526,0.12173133478528951,0.14231503281227292,0.08585900832842468,0.22343648459388546,0.09859651298767022,0.20949358019782874,0.2908063570103605,0.2821091414543361,0.12436784884240232,0.17531597554098757,0.3134179136553793
0.3010083096594464,0.41450721823489706,0.2956774423031366,0.42127647558764764,0.2380899067904641,0.49108869489496854,0.38159199921356507,0.46500621945342313,0.35369417504301826,0.3784990394970661,0.32136100194258777,0.18204670639001266,0.30946866180648863,0.040404442680396425,0.3372213785374808,0.2431112958518752,0.06902816091293397,0.29679826509162205,0.0782481637119824,0.2145307020847596,0.1322710173779499,0.2782117781242958,0.12539832981764548,0.005838035644694796,0.011545255016863645,0.026913255421141556,0.12878002340079533,0.24711746694761413,0.1690776600956907,0.15304277607232428,0.11314649448652753,0.17892678118632674,0.05370583257545402,0.052695233737703476,0.12648574288053252,0.10321693843377064,0.2810609042702235,0.042199345493807695,0.24701079170882123,0.09543819127823502,0.2391545795488902,0.28353576853398854
-0.3182102613991283,-0.1877148799687192,-0.3266806749038778,-0.317613334403049,-0.19351998922249833,-0.2637339120622257,-0.2514129570957455,-0.25906629918228213,-0.292174729413512,-0.18208912033347027,-0.2529512568128136,-0.2531001327298277,-0.15705362883815802,-0.34045593225255005,-0.22667031413465988,-0.3310835951846581,-0.16198834833986955,-0.19562518370921905,-0.2540431331494402,-0.33568180554489446,-0.30129848636667816,-0.2289656194163672,-0.22488388864877124,-0.23299774067361545,-0.2516225943019784,-0.26163752972679266,-0.26133705694958465,-0.27841847765571137,-0.33467134085425837,-0.16591955961696597,-0.1586432280497926,-0.3452277624617548,-0.29270296587927724,-0.18458441075313567,-0.33924768703963304,-0.3298751241291776,-0.3067140672971198,-0.2733394457879625,-0.25516201706640046,-0.2879572212483991,-0.33810186653792335,-0.3325973611322755
-0.4433122919478107,-0.3848843879133073,-0.5572118094660743,-0.3328264450728456,-0.4358735647152169,-0.5584221408734236,-0.44828627380119107,-0.4157308678846362,-0.3225919762078457,-0.44663099555092306,-0.4353189473130205,-0.27145317134093183,-0.396870822657206,-0.47616132525392885,-0.2413759745205587,-0.26738338598498346,-0.34626705924441314,-0.2663817724686736,-0.19533402691893095,-0.28604404783631526,-0.12313029696493298,-0.09117057221189254,-0.22822245221480789,-0.15461001401291716,0.1541796891784489,-0.11950098037699593,0.04622299993916701,0.03528455431129208,0.27435917909119156,0.29912890791181296,0.1902164128970632,0.4465313637706492,0.4536303423143753,0.22477880852148538,0.5797156437745815,0.35791430347149134,0.3699808409114903,0.5999430406122284,0.6054302800414815,0.792497062246207,0.6465712994458546,0.5129343008666287
-0.39387916608728885,-0.4906853778160274,-0.37107417384598557,-0.3476269204133547,-0.3852217910057673,-0.34489417862377475,-0.3188809007207663,-0.4324471241720882,-0.4433655820086169,-0.3600040735397937,-0.31159840933582267,-0.5167305748771583,-0.41783183017787956,-0.4910290322465783,-0.2375918708631816,-0.3163186824630102,-0.3500907847329468,-0.18426986692489655,-0.11627863669755013,-0.23017467093906643,-0.02290774507068177,-0.21837600989397304,-0.15479751931028382,0.09035088489912466,0.10250541537695737,-0.008143682237563317,0.1434551127782337,0.06701381970354431,0.21564546874777654,0.3493882949553181,0.22466806449510265,0.26328309593838006,0.32643500786321916,0.3772697658569406,0.27306154154507944,0.5366345689306738,0.5533759814676508,0.6615070144323231,0.6481255387271931,0.8034710055634053,0.6665967206872094,0.743710232759139
-0.3636501785743112,-0.3571555664409283,-0.34016107695517467,-0.2887606075572489,-0.4120521948597135,-0.4885459236337263,-0.4125733206571741,-0.45722602023262277,-0.5134400395197078,-0.3422713235759279,-0.31540483431211075,-0.3330254029765172,-0.4334328156185236,-0.35683951157445026,-0.3724338903954292,-0.24848027526797611,-0.2751408032537695,-0.14904325871973936,-0.11866099806178737,-0.17826237857726906,-0.2332159526029941,-0.15349320205073652,-0.18732850722395125,0.048038930171515656,-0.11900603973195852,0.09839650370733964,-0.06825596875660316,0.056718809602237,0.04134892566938595,0.16716240508698182,0.13373125570500138,0.4056804596347563,0.35003276643883224,0.5366703444568786,0.5888539568442134,0.3706207617656752,0.3326179769846397,0.559418673699028,0.7813105099000568,0.7627474434251633,0.7834534217295096,0.7909184227809704
-0.1424219522427002,-0.14470321068665853,-0.13140662431931852,-0.21759128943140113,-0.11538350667276952,-0.12261100057604447,-0.2805704781135874,-0.13018312724197736,-0.1759157683286781,-0.2489527739732534,-0.13899376642217548,-0.19565495886766657,-0.1618298321049019,-0.27425979134925554,-0.26341253549515675,-0.24344389757431617,-0.2725788270773805,-0.17300548419385822,-0.21362118277249129,-0.2781942133120843,-0.22859731539401182,-0.22169096258352858,-0.20231575769834728,-0.19615960856161696,-0.15749454126526682,-0.24634955581584306,-0.28810521538586753,-0.2558033938544045,-0.14772319043279017,-0.29563679590533987,-0.26798273347761825,-0.2143522137252981,-0.12613950961255202,-0.18872163089280447,-0.19890790753794874,-0.12439386424757559,-0.2850452384019387,-0.2973400244771113,-0.104486370780994,-0.11817681337033327,-0.17090890893586352,-0.12997722892480656
-0.6823856561704102,-0.4611271947382475,-0.5403083073569656,-0.9118821757670837,-0.7220426963274391,-0.7794566068398666,-0.8640812753302127,-0.5249609895813537,-0.468061886148639,-0.5204791157064922,-0.6718368364735506,-0.6596986715468482,-0.5070927905133376,-0.6773422881912561,-0.47723329197723935,-0.44596152343468987,-0.41167079458429623,-0.2143991768509922,-0.12499178675369328,-0.2097410564545575,-0.18305831177106532,-0.040626259684635395,-0.21022014395270855,-0.21322778278695365,-0.1112867249128366,-0.13983026303786525,0.24522427066475178,0.2536385915651061,0.12511381238094216,0.14230845970274397,0.4546710457735452,0.48659063620598914,0.39736703492768355,0.4485255569659532,0.44744143537937336,0.3907494120857012,0.3882904478245397,0.7211479715467937,0.4609606820825205,0.6953859266659111,0.6109753439561321,0.4998167160939388
-0.9039020103193058,-0.8169711694638206,-0.8044463986896784,-0.6079658842475902,-0.663408116472744,-0.5618365238266894,-0.5864964171167734,-0.7323365969343549,-0.602280749718055,-0.5004507983681191,-0.5723989334811344,-0.39865577065402474,-0.6867222169756737,-0.6697226726428638,-0.5959066070419065,-0.3842928768326761,-0.29981096074981295,-0.5072801237585717,-0.34229266598413766,-0.2499186175616054,-0.26129699086321145,-0.1656430149215384,0.031024570897849244,-0.1354449456077008,-0.043836945852424904,-0.10779294293924109,0.08667505864199186,-0.03864385732436938,0.1203731097274963,0.36702120951485534,0.48136659451202346,0.3568074449503316,0.5678641568477338,0.6126425865892922,0.4312726159967023,0.4118143594566701,0.37207507556669056,0.644587892404019,0.718600104950468,0.5731731728183312,0.7718369927323456,0.7479589279916945
-0.834573281966952,-0.8134398865483494,-0.7636670044185169,-0.7815595867861319,-0.6111303205390456,-0.6168274860289988,-0.4745577372095308,-0.6941296423410076,-0.8447712044037692,-0.6349500265069409,-0.42577656328998303,-0.43211236137633563,-0.6928067515293043,-0.591122606170783,-0.679804832528144,-0.6261016848640832,-0.2000958308246639,-0.3477884511914265,-0.4964880035233466,-0.36487358212437093,-0.34866198782601066,-0.0527194786772661,-0.27168269666441275,-0.2419020190276358,0.11666177801893535,0.18351390563348252,0.10935671019049545,0.025779741213082057,0.40627998885601035,0.15139848301873132,0.2522553785218755,0.4668786082727283,0.5398923282906123,0.3982554125698616,0.43995100704118284,0.3210516198878046,0.7015985923690287,0.5152280907262989,0.6017284851112958,0.7050074354741016,0.8051690787244763,0.5404172914421662
-0.6939260311447896,-0.8179817479756433,-0.717782660934707,-0.6188255335395093,-0.7679870531226859,-0.5671160353401566,-0.4701756636958061,-0.817279869187583,-0.7551401769313201,-0.570731019907714,-0.4459709676595952,-0.49361353299879784,-0.4182563296001305,-0.5130735682882468,-0.6291466092480039,-0.3546478564101956,-0.4997561016283962,-0.44072536100119664,-0.4001150909847944,-0.4044616249089778,-0.24299072075828015,-0.3374183765483407,-0.21205996904055882,-0.09069006491826731,0.11984787916360118,0.0834102470763746,0.010233789639001196,0.21803182350480388,0.010345266960953368,0.41991733060196146,0.2643824802485235,0.19056148074555937,0.37829565708222745,0.4985250329487518,0.5371530173732805,0.5812074008065491,0.49789803721948606,0.7188668047279443,0.465981907454774,0.7784016257800028,0.6088594230939104,0.6759966054090575
