gfs-wave-data.json
{"header": {"parameterCategory":2,"parameterNumber":3,"dx":2.5,"dy":2.5,"nx":144,"ny":73,"la1":90.0,"la2":-90.0,"lo1":0.0,"lo2":357.5}, "data":
[rows 38 to 56 of 73, columns 0 to 41 of 144]
0.10511902825945994,0.22710336192490882,0.2881582725927492,0.49698883308244773,0.5368065988931706,0.4824592069318851,0.7158413803268883,0.9071962630268956,0.9893634234330249,0.9273445582297931,1.0360885591486364,1.1536888283626776,0.9978384804699041,1.0984431527866678,1.0807422893518843,1.036348412165665,0.9330133466848861,0.9071065212787772,0.9257788733635477,0.6392681598355284,0.6185193224251189,0.4186298250866694,0.20852601530420647,0.09472937401387568,-0.08498881848623646,-0.1586668099782717,-0.3816076655943783,-0.28443018556390703,-0.44298431382612397,-0.60132066307708,-0.7511062666690806,-0.7341808193252571,-0.6960819316790823,-0.7915739830324363,-0.7263243035028479,-0.7582079458133205,-0.7565895810009217,-0.593095818003558,-0.6735838396315746,-0.5811219049447847,-0.4919368035233116,-0.6501794713104516
0.06399916286694286,0.27927804429719894,0.2391817283246016,0.4982866686268341,0.4809866859202959,0.541822605653018,0.6922095272596283,0.775149512869386,0.9699800844071461,0.9760110481183082,1.1612280948509046,1.0857260239945095,0.9609605285773277,1.1474158739951752,1.0809795699283655,1.1327253520929563,0.9866992191626021,0.8579055616150294,0.6736566335683267,0.7031407899658139,0.7268971495952922,0.3430786521402727,0.3609197124577691,0.20355168955383057,-0.2168462749766451,-0.34849345814986843,-0.510653341693536,-0.6487462131829623,-0.5430335720801057,-0.7596767671850251,-0.7289154724765942,-0.8569551719112628,-0.7500649999267294,-0.8127535009812524,-0.7847108401592822,-0.7183760850189441,-0.7414747948693182,-0.7181402554905328,-0.7185027111306651,-0.5468816971869933,-0.5302979211559146,-0.4984046250716453
0.10442530394329687,0.08691087576579755,0.23768842467225437,0.37464450460331167,0.4227593849960387,0.5390459235473244,0.7838251958985943,0.8077103435511044,0.9014910006720495,0.9199306607084102,1.0771948560275115,0.9679330330370507,1.0674225208183266,1.0413746485846265,1.0432558826349467,0.9327479112459454,0.875129808212353,1.1299673133970334,0.8401550166520275,0.6486454017425375,0.7319276346364992,0.671972576967204,0.5501652222670457,0.059469314400143004,0.12444694442803213,-0.18846330551836218,-0.14714748827725038,-0.2968383524256105,-0.43437081585441184,-0.5234912300789238,-0.8867775294581158,-0.6138195210408336,-0.6995168951124342,-0.7313872241568331,-0.9204215753624013,-0.7570965039503815,-0.7309633830045272,-0.6628359387334399,-0.6617397229243035,-0.5271949339952222,-0.5435480801174222,-0.6402679873442884
-0.05796120257471532,0.09043517028796867,0.13900584737950755,0.47184432468449056,0.47038938850912676,0.5409279601259587,0.6724401657059838,0.6719669213448698,0.9107866881409524,0.9426395439938702,0.9619145457376926,1.0134191427921493,1.0643907069204588,1.0623260252838205,1.0557802748013199,1.2248750230138252,0.8978838517354276,0.9418312710094251,0.7887001987506939,0.6855476420503427,0.5519577068707658,0.4452028877079743,0.4694861436011824,0.3027765584070725,-0.0019824049010418593,-0.228326050731886,-0.505635687467466,-0.30708430214928767,-0.4183783597818122,-0.5770460377847814,-0.6671118203786537,-0.9290130415362465,-0.7893421011701712,-0.8048639610377705,-0.7786726180965474,-0.7796344812617273,-0.7147933601321402,-0.660373759402889,-0.748167020912806,-0.7143768467708811,-0.5226851746953763,-0.5798469219516185
-0.41220980833173976,-0.4795455739679754,-0.33104262399083423,-0.3223787655116515,-0.4265208625427171,-0.29098412103045385,-0.2964568462750868,-0.3950710222370198,-0.316587357983784,-0.368448449496567,-0.3093186210481804,-0.3087655863570172,-0.3981021273933762,-0.3230805254081424,-0.3267690338538276,-0.4248674458584642,-0.3266399415759658,-0.3348260148187294,-0.3667902062814271,-0.38937847819383337,-0.4582522761681571,-0.44063626238886017,-0.4092593336396099,-0.3037373748095161,-0.33374883586218124,-0.3816523862698905,-0.37703133525082877,-0.41998885996257646,-0.283013649963039,-0.32960484982258464,-0.4691401929533678,-0.3914922090377346,-0.44856122437426565,-0.3480642084054635,-0.28784471543698903,-0.478607902379992,-0.2826887085800901,-0.3530745537642703,-0.4097631878538986,-0.28119323443283956,-0.32130286605221176,-0.37349735683358454
0.5030683670402626,0.4152400839847141,0.684763287545044,0.6028245485904021,0.7705046034186941,0.5773510606783315,0.5876583261280458,0.7377441198432992,0.6409386935548852,0.7134824081496269,0.7609520154984658,0.7058714006118755,0.7247245721486285,0.7158264684814802,0.9976447181567704,0.8216509981752014,0.7912589703958878,1.0280943273713459,1.030842493117878,0.8270346908202049,1.1205660285595656,0.9085483583024875,1.053433048373824,0.9064797586616516,1.0997973397777836,0.8822706637783588,1.0239010584793353,0.9257738793991367,1.05933687809932,0.9240775608620778,0.9426674521349718,1.0241569075506838,1.1183305306198421,1.1064656550435106,0.9599186115244516,1.1448815428304868,1.0174078004148466,0.9000679891454705,0.8538273488124674,1.0774674337810106,0.8202755652638777,0.8865947868525638
0.4831031667793621,0.6032378846342995,0.5370779966365757,0.6935007623889052,0.7191656280751301,0.6843692559180109,0.5471850982201505,0.5800481455797333,0.6807267130946333,0.771076598163216,0.8686371530172603,0.664440429086095,0.8463876054043039,0.6636536180893098,0.9976540369537107,0.8470959249777271,0.8094558232570135,0.712220172782776,1.0657987097472084,0.9787588482449716,1.101098357483981,0.8674352243334996,1.1200997729923727,1.0564758589613659,1.0216161384134996,1.1269397259847196,1.135643254181927,1.04429728852312,1.1145863020433047,0.9523299276533111,1.1031371006877588,0.9240506160619383,0.9456022502590301,0.8593741619159492,1.0945087899734682,0.9488918500406146,0.9055764934771592,0.8571306318913241,1.1657060499770666,0.8271822215381212,0.9957435138147084,0.8427878267552722
0.388210549056379,0.6832522974448497,0.6174794323311392,0.6072001938218062,0.5802450851073698,0.7152710565362711,0.5781777714588472,0.7752672743234509,0.773953257554375,0.8069518260237285,0.7411289424777473,0.6240156533379968,0.9369504231093844,1.050064083313092,1.0465717325822317,1.030966635839681,1.044549579144421,0.706052195627087,0.7708272051310675,1.0065082345540428,0.8760675807634319,1.0962917531616532,0.8419351304713598,1.084130227361653,1.0694990497316974,1.024735488733129,1.186294010877054,1.1868734696089063,1.1380372803398269,0.9744538250081592,1.0944156382704147,0.965368467642882,1.0103298330135242,0.9223450552578801,1.024515207656717,0.9294914662120402,0.9125089528585592,0.9345518677596171,0.9069636806828958,0.9156641801549518,0.8789053700472997,0.8996301040610767
0.4017126647305491,0.7646180188405445,0.45298586281275266,0.4441916899840333,0.7246558303671219,0.5994224073840055,0.7508011045177192,0.623253197159929,0.5706426617010374,0.6681843914054151,0.6216397972756046,0.8511497353412245,0.8896461400068898,0.8355403497715064,0.9618139779850031,0.9901926585989819,0.8849546285402674,1.100724309057956,0.8956450274246442,0.9922517134919552,0.8335366020172704,0.9389730774735643,1.0255255723234251,0.9918160765856471,0.9402883351251032,1.1197222231195079,0.872475012895988,0.8409118103280211,1.0761746228014248,1.15056569309478,1.1031631439832488,0.8918129061500801,0.9878183660887798,0.8224990561796227,1.0592314233686126,1.0406695238083608,0.8060925150335329,1.093469810752191,0.9085135103880393,0.8469062234248299,0.8064696495785598,0.8590646111716179
0.4639450379262451,0.6127463788092092,0.5845768653146227,0.5203234842678978,0.5351477660759687,0.7633554699447418,0.8392234472812043,0.6091145015975157,0.7115443681341285,0.6999022112078823,0.9427947704509623,1.010877050902925,0.8407719749079984,0.7578751129442749,0.7118195978575734,0.8521933217219334,0.9615750666171851,0.8075176934396839,0.979489073426735,0.9611746544298333,0.9622396342557404,0.9901969439582543,0.8374478446803786,0.7992894921543279,0.8699203721755139,0.9173026326140765,0.952729739240449,0.9463031881659634,0.9475250927968046,1.1068635960603377,1.0866842493558575,1.008684954032338,1.0631716860148326,0.9015483465860177,1.0912505878405487,0.9627442769220036,0.7633105697204647,0.887125805559092,0.8735637549077391,0.9188772200334174,0.9386843657645882,0.8760330028252727
-0.3727780309153483,-0.3645455498315211,-0.3182581931145005,-0.3256520219195329,-0.3491403511969006,-0.29319577022361726,-0.41858743384782393,-0.4108351820742967,-0.26285320212382496,-0.394585915054688,-0.23293509738985113,-0.29222207948137247,-0.3370406407202624,-0.34403361473546346,-0.4012256010407527,-0.30639943684089394,-0.30116683324322424,-0.2760944463892916,-0.38997374807934077,-0.33495879548223084,-0.2665239100173777,-0.3365045047931268,-0.35020722201454435,-0.42337014251964933,-0.3502684079497948,-0.33978548514362805,-0.3725462796123538,-0.22928286293625222,-0.2789893294265082,-0.4185258510184299,-0.3935144461328882,-0.33784032912516104,-0.3674599990549025,-0.26703164060704004,-0.3304993004353469,-0.3381455334036594,-0.34448407807424786,-0.2527815455244999,-0.23098500928054683,-0.22947074902758896,-0.27034331689499047,-0.41308731239063695
0.2875731036004476,0.2021040838705904,-0.012577076922622174,0.01955662869096155,-0.25656921916002157,-0.14596121524751332,-0.61086095156828,-0.5469498093200024,-0.4051584630538053,-0.3932250646705874,-0.5255071999728766,-0.5203054651850013,-0.7037768767448622,-0.6776865583342114,-0.9106091855016786,-0.734612384044721,-0.8071529656246933,-0.8672554100664475,-0.5891839429980344,-0.7529334165883927,-0.7878539702772079,-0.46905628585379144,-0.50740811068996,-0.4906232767136713,-0.6089765631680432,-0.6769320153697519,-0.4098928351648147,-0.22586376093528562,-0.46954165154894945,-0.3105446441894071,-0.48128739703223855,-0.3425677500389798,-0.22664326334096319,-0.13880670904067183,-0.20034675415611838,-0.1306895674892545,-0.13623448933416202,0.06544279758974772,-0.03207898577811087,0.008283633215540058,0.19234498428634247,0.1111527712822914
0.23402280913584303,-0.36622374404605307,-0.3281343910780274,0.029250433665886012,-0.12373272896148992,-0.22864072247740255,-0.32978389960537663,-0.2816027066756924,-0.47858152860651343,-0.47158073869834577,-0.6590129085081257,-0.437977525437168,-0.46387226354566546,-0.7619881054954778,-0.5718829487603363,-0.8476528213858477,-0.9073302750883144,-0.6299758969084619,-0.6278307294743498,-0.732422711297809,-0.5530119900259689,-0.8283073664971778,-0.6873657451300419,-0.7233131064102949,-0.4559704074805465,-0.5026167440446326,-0.3692678904436701,-0.40542093478838487,-0.4628476628455729,-0.1448542006687224,-0.1612320451142855,-0.43715849408177404,-0.3860873563763757,-0.1034734491478305,-0.286741063192345,-0.014366055558848212,-0.06939453293697509,0.05157590496578752,0.20970089268011702,0.08570425352946517,0.01793720759670282,0.1372436816916628
-0.07368636769618919,-0.33710243265715595,-0.4094897719689989,-0.261900822194335,-0.19684600981399136,-0.622620051239949,-0.2875986593840905,-0.27655925881484283,-0.31022053010226525,-0.689013345342197,-0.8230248264151477,-0.6963681088499515,-0.42095541286932797,-0.633968309901938,-0.5962313430219304,-0.7640211381938992,-0.5145775824434136,-0.6616855946228047,-0.5932370011042791,-0.7737453259510028,-0.510105568982704,-0.9016892184095513,-0.6125253775859079,-0.5504986119083343,-0.5897978765537119,-0.5950043088767147,-0.27550353097447616,-0.5368082236377509,-0.5567010391069629,-0.20315020461880876,-0.2652601551502986,-0.18190257258242812,-0.3538050472022206,-0.30341681595736053,-0.11628220746375431,0.07132629674467972,0.10435035842199628,-0.11302412357797263,-0.0398415646487671,0.2145960609517242,0.21926886499207304,0.06041927822416646
-0.32706520602728767,-0.2891955154412544,-0.21729353953875696,-0.2927279645644363,-0.20717324737555676,-0.18842187445415104,-0.26965453697367836,-0.37057827492738027,-0.34715200250949135,-0.1792934342019629,-0.2909169966711921,-0.2008619137535102,-0.26650412584022526,-0.18103935599406876,-0.26191854134134923,-0.36161629729299355,-0.2112609382337406,-0.29364057724910425,-0.3456147228133358,-0.23293602232194907,-0.3164696712667018,-0.18018768906573132,-0.20044940800741726,-0.25376345368600955,-0.21781587697284263,-0.23309537338735511,-0.2766697000047102,-0.3259478939160643,-0.19236581385070556,-0.3314540255626325,-0.22877093262020648,-0.3057002820788778,-0.26038316036513437,-0.2667497098879332,-0.19081363200306353,-0.18035399819387313,-0.23931324613471197,-0.2641168205824278,-0.29336299231865864,-0.28298787492114413,-0.3059084863755,-0.3375090506589845
-0.14308023460406477,-0.08260555726313466,-0.06249226714951532,-0.520295228516319,-0.20961456095640799,-0.2789391605630987,-0.4574704356232602,-0.5303298755323714,-0.7648255756601865,-0.6326203440093497,-1.0933342368896102,-1.2307994217280056,-0.7398713504673743,-0.8965700309184076,-0.7639308183766113,-0.8735894692304291,-1.6240564633026482,-1.128660700965338,-0.9381219899367913,-1.4691590648247626,-0.9073880295459478,-1.2853856972999236,-1.049354935456987,-1.0658427365958238,-1.072278525633643,-1.467592506908247,-0.7409038453073812,-0.568284022326785,-0.8490946946881175,-0.9528957923369153,-0.535332653395597,-0.99885935837125,-0.8297451026051709,-0.5001196931060946,-0.1361475969951998,-0.02517891014762251,0.05636818356112266,-0.1426357255269122,0.3369941474577372,0.8227140053253941,0.14759932526137542,0.7843494791722
-0.31428861866552416,0.02831232043816186,-0.5033375600897271,-0.4892380202768704,-0.6236427544033301,-0.3978021756491878,-0.4504469205588791,-0.7866666392506757,-0.532390154268142,-0.4878376593019525,-0.8997254584401835,-1.3465184556016072,-1.2045752868463686,-0.7578999397628583,-1.0219408279965114,-1.3917378312246191,-1.5574504013252608,-1.0071447112608078,-1.1703228780007582,-1.5291893437210489,-0.9314968580497347,-1.1728418530377827,-1.1378667352157832,-1.4986801373475056,-1.35208765896143,-1.1880928030664555,-0.7981376167057609,-1.0010820937231535,-0.90059659448972,-1.0779923595430112,-0.2746193091103881,-0.9358481979188049,-0.4807311389902141,-0.7807529362959774,0.19620884575386574,-0.06154859619932447,0.3285260446957981,0.1478501402471016,0.7026845035791562,0.31176201584994995,0.4319901327928763,1.080670463521313
0.2516986768098585,-0.08759213285892126,0.039990770509952006,-0.095611848935118,-0.6762534038625502,-0.2752852969737181,-0.5222271605871862,-0.8043140614795908,-1.0174956807844764,-1.1372464890722522,-1.0809615232019174,-1.245548946853076,-0.7527376419602454,-1.2983115246197297,-1.2351835107077664,-1.1177090633764404,-1.4003838642908146,-1.3377322721290854,-1.5589870612110281,-1.338602941350889,-1.340162115593684,-0.9713973074306457,-0.9059218108218928,-1.0325282994270482,-1.3165139714706198,-0.958373803081008,-1.1971573135346585,-1.1510103870798474,-1.0229909644775648,-0.6974177981129928,-0.2783876451228202,-0.812466637116498,-0.3024011280925499,-0.5444721547311651,-0.6048588768785953,-0.07901387383830566,-0.4025764212047128,-0.24489989364296694,0.5478139738619465,0.3647253865008415,0.025589879960400207,0.9156998328988634
-0.2735508957146966,-0.20464792109522284,-0.33234314844719653,-0.443218870949607,-0.09148091557981848,-0.5721984162280465,-0.3617463545686444,-0.5359910045389705,-0.8412563100290303,-0.9744101655414383,-0.5104160329877592,-1.129431839047926,-1.0115723080105619,-1.1960669816500304,-0.9911448424209923,-0.8418096913154318,-1.4801463198975024,-1.3210060433254576,-1.1473232722975624,-0.987308809837381,-1.5450003429672146,-0.8450162947291724,-1.2682023379371528,-1.0320788364445128,-1.0916636108035918,-0.9357663033937187,-0.8552415849189287,-0.857499855968378,-0.9981359550674805,-0.9416574235180132,-0.6723795205080253,-0.5981099932517983,-0.82594139951362,0.10002016975083419,-0.3779619676147252,-0.061511553039648094,0.3885535136270261,-0.16315494860730204,0.32091928351372323,0.5351384009553988,0.9023590413126786,0.6562094135297005
