gfs-wave-data.json
{"header": {"parameterCategory":2,"parameterNumber":3,"dx":2.5,"dy":2.5,"nx":144,"ny":73,"la1":90.0,"la2":-90.0,"lo1":0.0,"lo2":357.5}, "data":
[rows 19 to 37 of 73, columns 42 to 83 of 144]
-0.176008803187179,-0.32710355484159925,-0.14675403700068265,-0.24143430647210792,-0.3052947514585533,-0.23496751421731601,-0.32399432184441895,-0.13909375461695697,-0.31952099564721936,-0.26563538365772926,-0.2796290919386981,-0.16231754631800577,-0.19268444633383575,-0.18131185429630695,-0.32716393049277054,-0.24722396058306717,-0.2089653314509376,-0.2480711524831178,-0.31339115777545395,-0.24073682319613146,-0.16866906914892046,-0.260388162690123,-0.26248229238663634,-0.20198869516336612,-0.1812345483305677,-0.28581401521191363,-0.2416519061185134,-0.29515735322548686,-0.1680949603430269,-0.19390914488676342,-0.3121266495249098,-0.24284279531974023,-0.327560921326488,-0.21160388446247141,-0.1857431865652799,-0.1542529512804441,-0.2955771295541521,-0.14198095873842737,-0.2122467224699516,-0.23577478049493472,-0.32104885629897234,-0.26573379315866297
-0.27673630992832754,-0.15279581016703778,-0.25461693498136706,-0.18788549813595543,-0.263009542755991,-0.24260375331959766,-0.3047327469204942,-0.14909824553078488,-0.19466887263314714,-0.23130651433700838,-0.1413273334200673,-0.1644591300676647,-0.14984388195844434,-0.22805113376281136,-0.21978582022599583,-0.2790917084454518,-0.3175005530257374,-0.17257192631321114,-0.2442820071907219,-0.30118714041757294,-0.3176183534881941,-0.24763742435227873,-0.3082434829895472,-0.1322848353826373,-0.2171138239572313,-0.2859602482167765,-0.20902086211907558,-0.3207704834080117,-0.294725318939078,-0.28420658074688326,-0.2929517214922852,-0.14589298711406568,-0.16500516908110596,-0.20474886937683817,-0.12622563439274348,-0.19851501634373003,-0.17561631495718252,-0.2905190951025325,-0.17745612080438197,-0.13824262915868624,-0.23701437191789104,-0.14378137776899277
0.24032388457044465,0.35481206833353696,0.241720433766118,0.3676654533463537,0.2804866042115118,0.3071799685805908,0.2835120349001235,0.4417467451914843,0.400334317186062,0.40424462773064335,0.40777587448011016,0.4347018433767155,0.37231884740092525,0.3496124807457903,0.41918748669811556,0.4658543272939613,0.3041542985491282,0.4306463691180079,0.5803147240388016,0.41779405257102614,0.31890045359211566,0.31948547443346786,0.19483808631432517,0.2969408672027019,0.24437390555575625,0.35144966951456785,0.28847941172569697,-0.03860232968971247,0.25606779059448675,0.11326106668648835,0.030183611365998352,-0.16892966387630928,-0.08624298470692715,-0.12866042867315747,-0.1729093639311849,-0.34188716541035863,-0.24818509109050857,-0.403505907104366,-0.42627357247380177,-0.47682458761251123,-0.29638064759819804,-0.4520376327009415
0.18909621875153154,0.32502176322840964,0.4007388470065521,0.29541593014948136,0.20498083131196917,0.4539804283436154,0.2377444982363654,0.3188685579901435,0.5116786761941062,0.3992192807596189,0.5173251693179989,0.48810390657292213,0.34229826249081763,0.34970956847420737,0.3705830762084314,0.4789844537748268,0.5711197303121043,0.5611005246664202,0.367538321615021,0.43407800553798187,0.34633638370644515,0.3685215244881543,0.23318130658217315,0.39959801780436355,0.32041659474635287,0.38979129274525254,0.30907527765246356,0.08273708532224223,0.07134575396476478,-0.11633525425452337,-0.10399240727409358,-0.013273118924981198,-0.12866494706400977,-0.32063863152158706,-0.19803798082892685,-0.3144298019000394,-0.34367129478259956,-0.33632449234090145,-0.19496441203763087,-0.2774976693817623,-0.5207842526653287,-0.49991749147709474
0.22265259143813879,0.32986378546459094,0.3773777750892962,0.37393524679108636,0.2828879841746731,0.28809907291099285,0.2671485974917878,0.2578822677655837,0.3540411280892433,0.4089842803491974,0.265789539243029,0.5613560043111201,0.44675208366988356,0.31241452815192944,0.3541207964383388,0.39408447333945457,0.4668956997932069,0.40315678857823883,0.532124589672411,0.36670430846431185,0.2833369407992605,0.3137163260268325,0.45996563310705746,0.4526581454949172,0.1859479092631792,0.34498917093456843,0.2616225745633923,0.085488930709447,-0.05437282457932132,0.05213699386126715,-0.08646310544695944,-0.1570030269751452,-0.025358883720472725,-0.305248378755238,-0.23662616775551928,-0.14936292914309834,-0.2548463602691171,-0.24752829517433558,-0.24182720569438051,-0.39783638028411167,-0.4959061451050886,-0.47855509650962796
-0.16608703649495354,-0.2122309247904739,-0.22782330117150837,-0.22921295293377109,-0.24836549936164906,-0.14853213009530478,-0.13734249695345396,-0.2320742127475435,-0.11336149164643826,-0.10598980852324916,-0.15429940983259557,-0.23286777630814254,-0.2692076489105292,-0.13807960895021543,-0.10550274039312309,-0.14394921854097315,-0.09533842470462628,-0.20741577932477126,-0.07731666436976868,-0.20640754897585123,-0.1440834061463775,-0.15941396745463154,-0.09830990497814553,-0.1621352496667701,-0.1733499117980445,-0.24761392761188528,-0.23495474809103928,-0.2560865972356313,-0.10698074014931219,-0.22440799893838104,-0.1142262669232623,-0.12628516218225438,-0.09214332063881729,-0.10732591551039947,-0.08637953358852012,-0.227135482994691,-0.09027671986826019,-0.19612437987063383,-0.13388847451339972,-0.19575371258936877,-0.12065896473744472,-0.23024760470007943
-0.07523095686319543,-0.24414483365820253,-0.1025611827092346,-0.15427066329388944,-0.2551871587287813,-0.29079145964231967,-0.08556479814424255,-0.14129296859606563,-0.07492706983383235,-0.30598637357365527,-0.31702339558100284,-0.08201873759366822,-0.31294173232870187,-0.2067375175551089,-0.1256914455088072,-0.1703459043004198,-0.20393777220918802,-0.15255332904946023,-0.15269900113229018,-0.15504432768566606,-0.31264562810478025,-0.1989738230760942,-0.3027812436842804,-0.3607720752511231,-0.32046729059497553,-0.31130036846500886,-0.312754844724544,-0.4061266881322997,-0.26517455623299857,-0.3805973278013031,-0.3420600003831224,-0.5580377138085947,-0.5684617083723449,-0.6451132768922893,-0.5522864131313879,-0.6229704446030185,-0.6621804556260691,-0.6043693249823596,-0.5783580736700031,-0.5951062601239463,-0.8072447192683216,-0.5128284437408919
-0.18421015411744568,-0.26249183096198675,-0.28306847056116446,-0.21823804080353884,-0.20906245540564897,-0.1292869630814744,-0.0628248727784069,-0.26008211697398276,-0.3720970226640812,-0.22037454994247735,-0.275332636136498,-0.17463016991442287,-0.1760614400570128,-0.33157220881342125,-0.2822699615610242,-0.16909101631009024,-0.18661434347756878,-0.17275608468395817,-0.13168090629218857,-0.14978288802495213,-0.1362431661250258,-0.23535196984271814,-0.3242680591385217,-0.17637044130921506,-0.37512966361578426,-0.2192904140177952,-0.2575265505440217,-0.2425769057535176,-0.19362942417858256,-0.3425523826959887,-0.3182210121675193,-0.5900926920601663,-0.6641963762438408,-0.4433453654563365,-0.5187249015709566,-0.659457484255669,-0.5475719868225619,-0.6979210943131278,-0.5614727219498706,-0.5712184350143225,-0.568835180050681,-0.7176840290830904
-0.14079659176697645,-0.2712460350237349,-0.2879176338838766,-0.28033490919105347,-0.13012795498636734,-0.10857204058412645,-0.33869185154684633,-0.2104635344823731,-0.05270600776219885,-0.08404233087327542,-0.1757922679502191,-0.14401912096363476,-0.29354528602348035,-0.31827080781435785,-0.1846617623563958,-0.34669563588810315,-0.2836286311432517,-0.31629403490762087,-0.2516954407274808,-0.38778857525461796,-0.1345275207434995,-0.13968274901064553,-0.381617249845023,-0.33441779072893063,-0.27645688591826084,-0.34844660175071857,-0.36771334935071953,-0.2990675815173139,-0.3297795906573947,-0.316019063588952,-0.40985748021954727,-0.48973114810689045,-0.7547327897189288,-0.6268827906075316,-0.6616136801116882,-0.5727318481749258,-0.6759202977474654,-0.6261153906351531,-0.6600960235212862,-0.811562131553799,-0.5775097883823875,-0.7602176025510516
-0.11584233899508167,-0.025897438267223977,-0.30194223752050586,-0.13061461230379423,-0.14924619741253034,-0.20943217633610794,-0.046306920119527396,-0.07935586820162399,-0.2647835122635173,-0.25080481231849305,-0.2560129874591081,-0.10442465358571915,-0.12930325613822155,-0.1345551639640824,-0.34206005785060484,-0.14998063389260347,-0.24252389577859504,-0.130064059308366,-0.2380386807197027,-0.2190242357952941,-0.24453604853822303,-0.3552127673872249,-0.21655575823257192,-0.2986880381570569,-0.3121609856623827,-0.25898678816953075,-0.30738637939329594,-0.20026074195104573,-0.28072020364837563,-0.2539085819086637,-0.423852028441959,-0.5541371182123433,-0.5967817484486211,-0.702904267066591,-0.6647716227601254,-0.6454218500809075,-0.7828904396182315,-0.527266309043827,-0.7251496404811539,-0.5416442322295517,-0.6005125350527438,-0.6855462419806266
-0.15136972627069356,-0.09515589517016897,-0.22669318105170713,-0.2382454316768158,-0.23380603816581608,-0.16760433295778865,-0.11311236185181756,-0.2331210198460456,-0.2653598629267961,-0.18574988871994802,-0.20538317527267394,-0.2666571023724858,-0.23127590514914315,-0.08978969307008448,-0.2143952173124921,-0.19171405866929797,-0.298778947702164,-0.36312583584734354,-0.291410735815193,-0.21874166123395924,-0.36048954599746813,-0.30260295796680764,-0.22863000996876387,-0.30397588390730396,-0.2835182870761737,-0.3231922828296848,-0.21956526719094932,-0.24524282381034163,-0.27796092143373285,-0.3778668721227953,-0.29423804563520706,-0.6292705724377239,-0.5329745359466715,-0.6963851929634245,-0.4527082170772758,-0.43055692596353873,-0.7582809030378814,-0.5727787387150799,-0.5688447765910448,-0.8197689096946131,-0.5950181162960312,-0.723679561327923
-0.19244034199847299,-0.21629623482187788,-0.1946215112376655,-0.056073844140320635,-0.13639833446923083,-0.06540851704487824,-0.12006937986552728,-0.10304473437712237,-0.03682226527442737,-0.13763762630329474,-0.11745381525438583,-0.08646665645420737,-0.0691517366245477,-0.05293007612561125,-0.1999955291073719,-0.09372720943961985,-0.17455717063503334,-0.025637135064190686,-0.1605772882346982,-0.2052657452423966,-0.20582160485873996,-0.18874692077618424,-0.17259178523427468,-0.1693248617432562,-0.1880504781855132,-0.1315652725592663,-0.032331567161152944,-0.2150964193788518,-0.15245382439186603,-0.060607128280536327,-0.11471177683556119,-0.17701929613256093,-0.12375346987382776,-0.15169467041680149,-0.08789302255789722,-0.09295594589722449,-0.16802522943790185,-0.038719820331577864,-0.11129552609918988,-0.1450373680047499,-0.07323233894186984,-0.10696050849307136
-0.3260014394713002,-0.19816997957107166,-0.20558045197421532,-0.20515527610217252,-0.060048957798956665,-0.026720623104405886,0.049663129521600576,0.006563476479836688,0.08981471761091424,0.04816142899639022,0.08260282892610715,0.13349523205567046,0.07062275607609025,0.17037484612808565,0.19833249723784788,0.20172220598638907,0.15073510654024877,0.17837066264922635,0.2688147920812215,0.34678444026032057,0.3455386537181844,0.3400864155628537,0.3375040309015479,0.21755657702557832,0.24585534805632608,0.3221404383946966,0.18121550486956228,0.18237289098832976,0.23799826823028913,0.04940809030449876,-0.08600622075924066,-0.14837080532021157,-0.08546695327640656,-0.35455081247297304,-0.2927614232918649,-0.38678125596867163,-0.5394121200082865,-0.6856882046237269,-0.7046449743434028,-0.645320938431777,-0.7210974626576079,-0.7637777869355825
-0.30482695959192135,-0.17755141559443696,-0.13106677849617385,-0.14492123929370554,-0.12993901035979127,-0.04019271067122628,0.052226159318466345,0.0034041671083623035,0.026254549895105207,0.07751233518291976,0.08631619190218105,0.07049832301224891,0.159584515961963,0.14587944934954952,0.1757133387783408,0.21869074061321228,0.21176153731224226,0.24725577908166443,0.2356358314842597,0.16517363164267373,0.3300120965587795,0.26760402009387335,0.2100485879111696,0.27817423102730837,0.2560117363778438,0.21402057845439715,0.28572308762234666,0.25877292339231217,0.18348325252396586,-0.008528866952728142,-0.006886469859402675,-0.12800882889923,-0.10755725353328863,-0.3873898391992387,-0.35897325064208035,-0.4861791840683549,-0.40446475986265157,-0.5120874583726395,-0.6521250942724343,-0.8332375307869224,-0.7567918534038672,-0.7751554811017899
-0.30394719064166864,-0.2236356177228684,-0.18042866613454558,-0.13742326121661197,-0.041645321759503466,-0.011175143971473614,0.009510534441895252,0.033716948347153275,0.054913282675843327,0.12869978002408566,0.06009872317977989,0.15067947965080655,0.1881173512858391,0.1502482923143207,0.09975277215196116,0.15835184634773908,0.13770642352121082,0.23151328795016915,0.2551044049172523,0.22293665430897733,0.25867206442506147,0.2942151498199888,0.36889612695508134,0.34004600645445604,0.17978846613767474,0.25524237975098185,0.2583176696087167,0.2563826952339939,0.1123294336738124,0.11512603938441249,0.06228913515106042,-0.045855122863359354,-0.14044242603077864,-0.19822775701531067,-0.2935126676779427,-0.4267407664850863,-0.5059223060091842,-0.5754781279686322,-0.7290912304269641,-0.7033802724914636,-0.6996951853992666,-0.823153998517725
-0.2644087908587445,-0.1565398902831712,-0.09964754190695074,-0.12298787788360414,-0.08793586716834496,0.00128231191704747,0.024042165955779283,0.009975598238270798,0.07333352879440236,0.05558222794541852,0.11419004256362056,0.07036265034574621,0.21698483919775335,0.1322592153749769,0.09863483982905484,0.16590278450860746,0.2098073397755356,0.20629970816571316,0.254442557111088,0.2523480881854568,0.1735677387068985,0.29227402002798614,0.23796187059659696,0.2617074748843618,0.22955810879227542,0.2701468950420253,0.21112102037172237,0.23380530785186107,0.19403262368577462,0.021308246564577787,-0.08011306014687147,-0.11795861620314968,-0.22489284551626149,-0.2903237211236546,-0.33016887811510015,-0.5094895465632593,-0.5692351771330386,-0.6670133053437187,-0.7084329969386088,-0.6316952358027872,-0.7797211321530423,-0.8768398149999026
-0.22154042320268202,-0.1992652713472821,-0.23161819798623196,-0.11318551774321663,-0.1284859810379075,-0.05242224486911506,-0.018792969026048007,0.017952410595592907,0.046562426514695165,0.16345307080991775,0.06239296533873896,0.12777641336687656,0.061658710328013844,0.1407505828804709,0.1429239420228287,0.24265045523907772,0.1591126680682378,0.2624527402125152,0.17488132620224095,0.19965130524966565,0.2555599191402114,0.28115135955958864,0.3366610244349582,0.17143700549289667,0.283511222503192,0.2081902217198213,0.22071165421325223,0.26073473047362494,0.1961774334836002,0.14336209859555332,0.011496597827060584,-0.15402112321277125,-0.06357676618033861,-0.23035667303017568,-0.2760448453117521,-0.3787579018012616,-0.5034099572077575,-0.6832635167807217,-0.7181686407561928,-0.8039433426858412,-0.6417715115286334,-0.8158141641706382
-0.2357260247804759,-0.1387180163717161,-0.12283106831154766,-0.09233822433933293,-0.1355061221863608,-0.04922662665338649,0.0033256065107490898,0.02751008655805442,0.05486640952000241,0.06698938126489806,0.14679917479485705,0.13266999118911618,0.202001353734556,0.12568915433998282,0.168553270919725,0.21881296101182032,0.17156593202185103,0.19830963702715723,0.26932130513565117,0.26143706116924076,0.26469209505079605,0.18793543079541158,0.3056021256539804,0.3582104581193504,0.3191684523906296,0.23406728957783968,0.22181373668862472,0.12817667458165627,0.2323626839826393,0.008522907262578002,-0.051831753726021126,-0.15718580642994795,-0.20490728323239787,-0.19790252016024515,-0.3313269654006942,-0.37925575711442433,-0.5202832626680811,-0.549788511492083,-0.6175701639989153,-0.846778545528472,-0.8865965468122846,-0.783623305393481
-0.22405488407772473,-0.20191035361815252,-0.14009912203679933,-0.18280608435973833,-0.07171983716428143,-0.03237558372493087,0.016122458879203997,0.041182199771748224,0.07424480516459167,0.09807515026328811,0.055666056319517446,0.13083425552954603,0.08068783383579592,0.10318002176026428,0.10610525345497525,0.22536617494033961,0.2056024012571889,0.2805793713934035,0.14828445322609687,0.2501125803085702,0.27808543076449055,0.25867432548035957,0.27248358749193813,0.29010353045019727,0.2957736576140258,0.23191800029639653,0.3020902784634402,0.23132060302838567,0.12586375506504038,0.039068036368831174,0.004131136455230451,-0.17853878823152453,-0.1586308628589806,-0.1654286117429823,-0.3442230828374933,-0.3922235863698112,-0.6393736578895577,-0.517787337436913,-0.6640511421490418,-0.6494572189235469,-0.7117992487384699,-0.7454818989895966
