gfs-wave-data.json
{"header": {"parameterCategory":2,"parameterNumber":3,"dx":2.5,"dy":2.5,"nx":144,"ny":73,"la1":90.0,"la2":-90.0,"lo1":0.0,"lo2":357.5}, "data":
[rows 0 to 18 of 73, columns 84 to 125 of 144]
0.5612297587361741,0.5713905369555354,0.5344609369469602,0.5835278364216148,0.5223316261117994,0.5729348382481758,0.5527293841488438,0.3470246599767644,0.3611649103266292,0.3281221180191461,0.29582099725759303,0.24361487870185197,0.296872457822656,0.19439049705346742,0.3153213639472178,0.39102940547320797,0.2896516157986786,0.28439203170481725,0.40309516494554914,0.4651042688395975,0.31390496342160396,0.4678777686816081,0.4281484744369436,0.37295075476786377,0.4055682357458254,0.3673620068635716,0.2964935800963283,0.29416050893095924,0.2856017768026862,0.23843920151827552,0.16527835557871481,0.08167491305312374,0.11653532259110075,0.0638047947495102,0.08610816616612743,0.0599914641391927,0.05793937320743579,0.07702592937300788,0.0611665329410816,0.09929251003500422,0.03169557625052266,0.11595363568520183
0.5337629065333468,0.6396830396419185,0.511149527179399,0.6206859862771266,0.5917039125215645,0.46152912468875196,0.5388955198002515,0.422181592567704,0.39046329083661613,0.3934157718829608,0.34784388955448964,0.3859855167658649,0.24113527593226083,0.18077812659433012,0.29138708850272216,0.275438119602731,0.26262023528973116,0.3811101896237515,0.30985807392594383,0.4227093732535423,0.3440642739880078,0.47388629326846027,0.3432293640095823,0.41091796068897996,0.28013028059443357,0.37549415387693014,0.37121466275786225,0.18812179698906475,0.2389850504843329,0.14555996334900495,0.1846787720193729,0.16660432274890913,0.10799933375392294,0.11768447751627353,0.12372752749552421,0.10499775279100289,0.13853484429611876,0.0194866911587159,0.06182684241049918,0.05633392119139995,0.09470660178576507,0.00781908222913029
0.6020258149252276,0.5918144366807611,0.6118479073285427,0.4860554620968281,0.4318266461228866,0.3831195516903822,0.35519372386302817,0.30872166283943975,0.3338920143898169,0.27816092726143093,0.2544355380497095,0.33858464064464006,0.37900770647128273,0.26693510659161834,0.3892572161840153,0.30243464512936513,0.3238532919839998,0.40117761441605065,0.2739489957918637,0.44940602754036585,0.47629874274527617,0.3847602247699388,0.38959554509774486,0.3016826103214914,0.28444168749419,0.2538163135448029,0.3207996623023286,0.183260716701894,0.2286269442799154,0.20700037262574855,0.1863039614719776,0.09143005107284195,0.0753907752215356,0.06659602851516193,0.09499499318936819,0.15325423216985115,0.036684747681223075,0.06408900829895325,0.05335805876808759,0.018101853680881814,0.07132329578587634,0.07463684994994174
0.5668383184288154,0.5073901226949299,0.5124482135419914,0.5518882287281487,0.5897313818420424,0.5160242103148027,0.543988444770258,0.3015016417196601,0.35868584466786907,0.43500076442446356,0.3438268073617052,0.2078153591406267,0.3017266164155847,0.2702472383348259,0.26578227065192744,0.2645867569909332,0.3311725027473407,0.47055567079473004,0.35443163034373737,0.4211780230777528,0.29811523010298635,0.47080714121138717,0.47032980086927034,0.3179388112629459,0.3332214490352825,0.4172061245218139,0.2810522154043545,0.2758954450390021,0.18632514666325925,0.22144275977555058,0.13545357752659737,0.1550156809850397,0.1536554848949932,0.09530800392417953,0.15243373246341999,0.11292401174286266,0.11295729653964728,0.12126309498176636,0.07087711341595844,0.12118555070126737,0.005123704409849614,0.00840570003745093
0.634285603150666,0.5775939226743468,0.5002079695671625,0.6079297047004546,0.4476885166109754,0.3952523984465738,0.47054340243761517,0.3936063123527976,0.38428623171329057,0.2876478637032485,0.24770936336443033,0.22525304131317175,0.34359502232681877,0.2372907046253763,0.30607358983706584,0.297931570064728,0.2839264017952169,0.40296392584006435,0.3529605029601092,0.33381244011014083,0.336847322224431,0.3751733968378005,0.4508830069109922,0.4477509895489398,0.40597170484422207,0.3149059279869237,0.39584362178126287,0.29608082010789616,0.16738147057216768,0.1809828927930523,0.14546759754208646,0.06749737771974998,0.12456519499800535,0.14569658447357145,0.030571121619683655,0.03777711272391709,0.05339982084722007,0.04666481342088791,0.11372708161473795,0.05304002928194233,0.060896405993601736,0.015901754481821635
0.6211142088927852,0.4950386695043396,0.561955277159511,0.5823955997707511,0.5036372521535878,0.45045013914817367,0.4357734554900927,0.2890964603940943,0.37153963847847987,0.27337244359912005,0.3113179137016169,0.2991739333901548,0.3289178411237558,0.2701212930823599,0.2653617639924459,0.2700328566990945,0.2670949578356572,0.28888624515883093,0.4183591501882724,0.3955098383510798,0.3951341063213792,0.30946811159900517,0.3318585478952894,0.35385055612342925,0.3449764555418,0.3183940791676576,0.3551428204280405,0.21656242079617619,0.2517685021700165,0.24493744324482422,0.2449273336147694,0.1914559392678389,0.12334480221577432,0.05973584317361611,0.08107112515334616,0.07604121525794869,0.11502292684514098,0.12018657083575744,0.08140604138683731,0.10647684703701203,0.13646772377796137,0.13024301066760552
0.5718801646286338,0.5389590787586129,0.5068597091982473,0.4861367510113102,0.4802627093922768,0.3977838747322976,0.3228987960239692,0.3894013342377831,0.4502882149212556,0.25431957602814326,0.2677179211563623,0.2264691688860057,0.3506321360271946,0.2640573379365176,0.3318916249465655,0.3556755949014425,0.27722064430932813,0.3824671431333526,0.3819112402563619,0.32891165735463823,0.2997289351749487,0.40158699969720446,0.46428546334050425,0.46981816106490387,0.3353154146855144,0.31277705828150465,0.38156465177564475,0.3066090957978006,0.3242408710059304,0.28707149240554314,0.13216470576068728,0.10920607514629524,0.19837078429341465,0.12296815888027487,0.06993497320402949,0.09031891330708774,0.035965206703974614,0.04016317432291313,0.08671730913878563,0.05450376409091656,0.04043015934268179,0.09356203861553257
0.5498527131721919,0.6791403309608943,0.6150138537966423,0.6224864463754408,0.5269314374473629,0.5451051770658767,0.40886495655531785,0.40417074753653004,0.4041412998566311,0.3261951977693,0.33487122678807335,0.41791904340285496,0.3571618358673184,0.37235895157281607,0.36979463679938673,0.29289498259634045,0.2763289914999416,0.2989727787153951,0.38884573486779944,0.34474847531391223,0.4494141633059966,0.3934700043199452,0.408332065997296,0.30180976791629177,0.3740402751170367,0.34091252689102636,0.2868749298354681,0.26382311225460586,0.17835407211607548,0.29180525063980267,0.2107142470422871,0.18558110633169198,0.15090254706888742,0.0817008892027644,0.11559895813350592,0.07351794060082474,0.09023343060358753,0.08290163881249417,0.039527473491461664,0.11470485154794068,0.10592480115990123,0.05384196291829537
0.5660704086403409,0.6881130026370413,0.5555435907464663,0.5841600824850631,0.5265042239592127,0.5048560804661648,0.4526690542501203,0.426030872173631,0.44408696400678527,0.3026636443185367,0.3578958958849871,0.21352688051694083,0.41042537130764706,0.28048801040925236,0.2942844017763491,0.3308401713195074,0.31299053608380367,0.3339222220504269,0.3355915352210378,0.48056158548518296,0.3399648235797049,0.4329295413738179,0.3661662790409269,0.44164976103451825,0.3021113846703719,0.4078358162879308,0.4076791531322474,0.3016565110263364,0.22370998357320482,0.1834174243961781,0.16421250694145986,0.17112232334088656,0.07974214610484562,0.15865352017985965,0.11967617060941531,0.042226598543998385,0.16011108265964422,0.09036494870094393,0.04012847544998776,0.09409114837910473,0.05556825416036351,0.09657781114624048
0.6582370023139718,0.568005541286611,0.6911163632564831,0.6172591501371304,0.599840204886743,0.6498969532003029,0.5101675456403298,0.4085506170778329,0.38819298790648943,0.2565706726357093,0.2909162081327127,0.26182150610223753,0.2712636847810877,0.24030053007955207,0.27036992061323306,0.26248675154871276,0.2978302038271484,0.37943717352032175,0.3635965259998205,0.3377720583037923,0.4835545318612403,0.4279421999447344,0.38969301030575404,0.38587773585163676,0.4232384526743825,0.4329245192064365,0.2986453164750522,0.3195165971305852,0.25835788564518064,0.22382974643412898,0.24748306545652152,0.2167127431636107,0.07920762587258287,0.10764381173333176,0.14543826421516612,0.06646919136662892,0.09057029478620784,0.06777777745797642,0.10888492216121808,0.07930182314213381,0.10895791419387058,0.09847302682866606
0.6373699886690372,0.5619822617023543,0.5718656777111513,0.6302360357769731,0.4856490560917309,0.51150546901181,0.509950597521181,0.3929996048525475,0.2823079243510881,0.405904496169037,0.48979229833314386,0.24347664204809455,0.24580631026178937,0.31231829089841695,0.393050735175387,0.3152807837605438,0.32257965417845114,0.39111420505394345,0.45851599740643406,0.49122871341097424,0.4637101637422456,0.40289406612472056,0.4076278246286652,0.392776801323631,0.4008619517782808,0.4420186143652407,0.2580820756922569,0.34242863630687553,0.2809363761587066,0.29438237403271167,0.27127201547603524,0.14819943008442316,0.13684601555206316,0.12391583816502566,0.145583003144573,0.11910935745427104,0.04776500026586355,0.03789482569900745,0.09817248699978806,0.06504328426669512,0.050725274948548026,0.11174633188674057
0.5745226107908893,0.6965009025468564,0.7195329302185921,0.5649697594497095,0.4966004655735116,0.49586340477705115,0.4357699308197267,0.441862439774438,0.36507258231629475,0.3538514280530315,0.30855273353344637,0.3693832944905466,0.24325489558374863,0.3397946408096718,0.28504690514153475,0.3234785859747628,0.31518859622911555,0.3956105326290475,0.3559993742532291,0.4416579616923901,0.3516700016266359,0.46341942445743833,0.4880453517902478,0.4905945200595911,0.4225045261468508,0.4403588474492869,0.2872620725076881,0.3938155349617379,0.28253505150251546,0.21113186266017117,0.21780890368192118,0.09944991394311138,0.16966269481870905,0.07096699915001618,0.1715709144931991,0.08836502780881088,0.14899905756538392,0.07030395609543785,0.1084248283090554,0.07185979710561799,0.10168854477713309,0.06162349485621356
-0.10005586701135548,-0.13651851937395307,-0.19635294003670764,-0.2583236649317057,-0.23994904701234832,-0.1487781487934336,-0.09845741753040856,-0.2133189982665306,-0.2677375728958214,-0.19134478387260825,-0.1306897827791945,-0.12544375050275616,-0.2301147023867977,-0.15115409095550128,-0.1585441634928798,-0.26503755266578355,-0.17188678994257356,-0.2407906865203035,-0.22605877873276764,-0.2165585025107197,-0.12438331968136682,-0.17927105514690175,-0.2712958475231339,-0.16642347746413888,-0.1900768668664228,-0.27094923770029367,-0.25882350260316767,-0.16509703837403047,-0.14522736607701803,-0.1060194387557011,-0.1224681056258436,-0.19004178610466255,-0.16522546169897734,-0.1457564055768287,-0.18356641745325206,-0.08739409060128886,-0.09404011392088472,-0.11144738770052447,-0.12617146423489906,-0.2530691866075823,-0.12297985566004817,-0.14594158259592452
-0.14152917611384164,-0.10986151176965843,-0.2512820935622625,-0.22320271108145137,-0.1481107354255377,-0.26879836248259115,-0.0963102243270229,-0.0893538926911813,-0.2430297849080666,-0.16810785265591602,-0.24234697269367736,-0.1666206551705541,-0.23982696069150164,-0.23146256595445783,-0.20578786157016746,-0.14017588529842182,-0.12025966453998714,-0.183467057984746,-0.14536756497067174,-0.24853860998716173,-0.26752684110164293,-0.17039729383370683,-0.2521924297947971,-0.27057332338595835,-0.09710364331869799,-0.12046926258472294,-0.20436136272301653,-0.16231180593105746,-0.18584696135634532,-0.16135344042927421,-0.19770860203961665,-0.11778376231307544,-0.12382783766670694,-0.23896765760780678,-0.11231618906558298,-0.11885253655414632,-0.14167368369719066,-0.6269158351802218,-0.9038807756882441,-0.9228811274325467,-0.667425748551926,-0.6766516245102194
-0.11381847985455354,-0.20207662018560205,-0.10768430679872566,-0.12864304609482413,-0.13799115395245679,-0.20686444252070615,-0.18196058509090163,-0.2823809977285534,-0.20936385936716,-0.18605058969805902,-0.24409065784816547,-0.12881392580224083,-0.19053272602469346,-0.11519664715961216,-0.10530061392644399,-0.1404787091715842,-0.15539708331490434,-0.1825188570384053,-0.25301989096701205,-0.17516152307926053,-0.26744242465013957,-0.2463849592385423,-0.24823438356265656,-0.21102670068965618,-0.15745434072159967,-0.15235039297865297,-0.11514153975196162,-0.26187602904213947,-0.29618906998995304,-0.1692449969475137,-0.25925410757621214,-0.12375477191625356,-0.18254067090082104,-0.29094424195024526,-0.21519133264235013,-0.2693648094973579,-0.11387393927402802,-0.5646352210584197,-0.7762593681136393,-0.8507725131893951,-0.9316188265236405,-0.8586760059415821
-0.22784058206296096,-0.1447811321895455,-0.3002366540685475,-0.20879362768432239,-0.2717025174357794,-0.22013463402606942,-0.14263013346831888,-0.2538438692219714,-0.2696338610507156,-0.1989124953168618,-0.2968614893356064,-0.19188874907442838,-0.17492650370426677,-0.1684112912500666,-0.1334383902007026,-0.2400262169105787,-0.23842298133799913,-0.11953492257222208,-0.13730735184739173,-0.19553301911512636,-0.1349497249423473,-0.2379793343787957,-0.1703484662652535,-0.16319217519024298,-0.23628933446406336,-0.20778621521712104,-0.16918388214507213,-0.2524273448236378,-0.1597564695285894,-0.18564264355817534,-0.21586198599270473,-0.23029584472817904,-0.1576781589482415,-0.24249874626319642,-0.2862474150932458,-0.12037144380723953,-0.2609380449854751,-0.8764824923810874,-0.6432289648590546,-0.9244931390893713,-0.646506732220183,-0.9568939914089845
-0.3028301678984015,-0.28180557825210173,-0.14709090604172823,-0.2659096452902889,-0.1460227619634713,-0.2259626080729219,-0.1747091414737033,-0.28343827063094984,-0.2607803776508691,-0.3202246829491142,-0.1727523541161381,-0.1806259717966208,-0.1276912544687664,-0.1673340644081548,-0.29564942900831387,-0.24632165172122975,-0.30438955769120385,-0.2541761072616376,-0.308439009570182,-0.2550009162888869,-0.24935737200080213,-0.1971438333169871,-0.21518131223065992,-0.14292301986413372,-0.15202275489493935,-0.2089604908404838,-0.24270858061600648,-0.3092732342331357,-0.2634499242822901,-0.27531922246018403,-0.16602191561130514,-0.2857916006430416,-0.21997917835849642,-0.19297266790936915,-0.31190399715422557,-0.2936402638079823,-0.16134119163643995,-0.7446436525856439,-0.6603212176444606,-0.7854699934246837,-0.5924724758088481,-1.1223189376561646
-0.25295305166616605,-0.14222030629427942,-0.18779114936203709,-0.20316078176604474,-0.2434808481667666,-0.21224286109957327,-0.23261826710859557,-0.1763469944809334,-0.18105084295242274,-0.18479020550798644,-0.29764302922772146,-0.1488615842347384,-0.323815171656379,-0.2499803555751665,-0.20591999068661346,-0.1875362001032541,-0.26905693650031026,-0.19950879139646333,-0.21032840186467572,-0.22992435618213608,-0.24222439394628748,-0.3214219447075607,-0.24732041959396386,-0.29552102666559227,-0.31706986133228793,-0.2580221192904178,-0.26515143044282097,-0.25299260228923914,-0.3011343129626832,-0.3323046149695618,-0.17665924125180216,-0.22647866519842327,-0.19756132663220363,-0.18432280255939004,-0.15031945555878665,-0.30082911443915644,-0.24648972316870388,-0.8812684237017133,-0.8637981617833518,-0.9081976687646676,-0.6228784394154424,-0.8911473031436588
-0.1862465089088582,-0.2149374248204903,-0.2705077436508331,-0.23039228276525,-0.15266533199475793,-0.347122268076533,-0.3303121200481611,-0.1593180291267365,-0.20558095344697827,-0.29951570096589564,-0.18399837391805973,-0.24394368569471844,-0.18516939967060483,-0.24730748267204536,-0.15172642879990406,-0.22833899678283778,-0.15934778631563154,-0.17545694015475446,-0.3448748435695355,-0.2254220072741251,-0.2164054407483598,-0.15432313685805016,-0.16564184672288945,-0.16977221928016523,-0.3165446750021283,-0.2112019090907397,-0.17171868963204984,-0.31174377130105785,-0.285134014098924,-0.18646107533845468,-0.25664674280281086,-0.32933185669711884,-0.21101533926432153,-0.24647235353741467,-0.3198702646145421,-0.2892297341946302,-0.2627007441484304,-0.8848918918038778,-0.8192725616531623,-0.9470639720285826,-0.822975036421523,-0.62492456868927
