gfs-wave-data.json
{"header": {"parameterCategory":2,"parameterNumber":2,"dx":2.5,"dy":2.5,"nx":144,"ny":73,"la1":90.0,"la2":-90.0,"lo1":0.0,"lo2":357.5}, "data":
[rows 38 to 56 of 73, columns 0 to 41 of 144]
-0.6362721940359868,-0.8338537837505009,-0.7952996460099347,-0.7389996823259949,-0.8585607715604283,-0.7876435603715667,-0.7295591280628947,-0.6728550372850971,-0.6706815753065328,-0.6433384619151236,-0.5213957056056249,-0.6772008046394631,-0.6233729537063402,-0.5186133770212119,-0.7447519227297806,-0.5984917756556534,-0.6083518539479003,-0.7876160922954886,-0.8536449470210139,-0.9158825155331067,-0.9208069709002932,-1.085689377748163,-1.1039114925761424,-1.1726504487090774,-0.9733607879294959,-1.02782950848941,-1.0660360443340313,-0.9116726971147869,-0.7707944099431687,-0.8520437841322713,-0.8292234836895759,-0.6790688188056854,-0.5222268078119747,-0.5953425579054998,-0.491962348446781,-0.461824987809198,-0.4689005738941056,-0.4540249409660162,-0.44092506450614566,-0.30160253653129704,-0.44958854894432027,-0.3667445806177647
-0.7725528011577452,-0.8474277344710254,-0.6936202342960519,-0.8132285741564221,-0.719100794774131,-0.581422840657686,-0.6305803732636264,-0.6282037804156947,-0.6688518978311911,-0.617133395503567,-0.5432336550777176,-0.5507675533963102,-0.6592143173707535,-0.6670351944376155,-0.6238109326436767,-0.6455057486360355,-0.6460113498935348,-0.7497263064393126,-0.8456317443417375,-1.0613125780822052,-0.9408094157041214,-1.1660294364959598,-0.9923163595480726,-1.1227286159143082,-1.0894536484267516,-1.146815111269829,-1.0781280981033157,-0.8353204853400142,-0.8603820429266075,-0.9060801516106958,-0.6365156537544105,-0.47751279512714434,-0.5291903678739944,-0.6265189619070334,-0.4762867098831424,-0.4681898194152947,-0.23456628772777366,-0.37396966105366547,-0.39624418550840507,-0.38559793499900097,-0.39317172349681906,-0.3551128610007791
-0.6750936397088149,-0.7345521914409272,-0.8509549106094543,-0.9095337620938425,-0.8133891402507061,-0.7295923660212225,-0.7850374993659909,-0.6360760677661031,-0.6128158763602363,-0.5327613028906546,-0.7301562875975827,-0.5808871192183441,-0.5786691783918693,-0.39880736229271324,-0.5170361966859701,-0.647763038122576,-0.8063112614481448,-0.7620410872787186,-0.7355106400928735,-0.9151857714650932,-1.0175316556174032,-0.9780661843028096,-0.998745619802183,-1.0700032959639185,-1.1273166018061007,-1.1539922565556606,-0.9825343732636402,-1.0050084754610011,-0.9628741729414775,-0.9039054644962186,-0.673180267782785,-0.6499079677521242,-0.6734409626245509,-0.4953094383416399,-0.5309549520741672,-0.43924228496561757,-0.41722405493881665,-0.49989905830552905,-0.40648644970307285,-0.43560425389543833,-0.46611776061703225,-0.37068409245281736
-0.824960288147444,-0.8380032697869932,-0.7386596774089146,-0.7266181694351519,-0.703476172963777,-0.7896640394716719,-0.8139556130541395,-0.8212187757063647,-0.6668437070460429,-0.6534133252758313,-0.6498760990106032,-0.5577217676673628,-0.6812553978808978,-0.7209358168429985,-0.6720233237061386,-0.5637501802221812,-0.7766302817766569,-0.6843650150890107,-0.916637889538286,-0.8329113298447091,-1.014234492636016,-1.1059495892449536,-1.1328901672568237,-1.2086208953019986,-1.1460456106395132,-1.058849852171912,-1.0201081492082669,-0.9420127108435462,-0.954393319836733,-0.8267656226921162,-0.7259301620155272,-0.6835557250789818,-0.5041752698401963,-0.42345377423419284,-0.4245724817783714,-0.363306138250309,-0.5015369052232854,-0.4542602142422984,-0.4529952425248605,-0.39271667388066134,-0.4184750350725854,-0.4397658622723791
-0.013484201620705351,0.0370259097801702,0.009211254207415297,0.028464464307108646,0.018361764351448817,-0.019919889742742884,-0.02384973386676798,0.017769781280983738,0.029757115028045778,-0.03168883527859195,-0.027027922482222258,-0.003665270204536565,0.019163318068889455,-0.027733359643282624,0.02287024689722162,-0.018712429846084035,-0.00010506529805289679,0.045248317722754124,-0.009010131745528022,-0.051625679229629066,0.030280251519394487,-0.004569129850518914,-0.0353017772161985,-0.0343139703845585,0.010695798205661038,-0.006038587779878027,0.00029870015266299075,-0.008811998068079144,-0.02632111069872643,0.043961829374967384,0.02744392211466205,-0.0010718898591875476,0.04549573318975,-0.0001646547994536136,-0.021203187932843023,0.015077243423592021,0.006398540183781934,-0.03379622010095758,0.026951482331939645,0.012263951695467588,-0.030208137029429306,0.011674404456223112
-0.8540375035360421,-0.9848853192927611,-0.9930209535956295,-0.9228241591832678,-0.7655706559482102,-0.7854761612762847,-1.0611952157504076,-0.871508959340821,-0.929077116261989,-0.883541698259809,-1.0915843589967016,-0.850462427449187,-1.0572436315377383,-1.0861865823446262,-1.0121624063885808,-0.8571645181957254,-0.9362540476248978,-0.8636642968707281,-0.9267413599408214,-0.8236604234463327,-0.9089306499602167,-0.961134130007431,-0.974424449697083,-0.8158217459503443,-0.8104621635594949,-0.8907038752301535,-0.739063798950955,-0.8658254327446876,-0.8462514481438883,-0.7348043181098154,-0.7230916763132965,-0.692611657244277,-0.8563369804546968,-0.9482198590838095,-0.7749182223066993,-0.7808535499212579,-0.8636418248830552,-0.7190535247974488,-0.8591499329444743,-0.8201621662707306,-0.7702589941167445,-0.7474838405764911
-0.8688978634539106,-0.9873720371452398,-0.8171668917258781,-0.9207923781007431,-0.9067289411661387,-0.892825751871151,-0.7847262394765807,-0.8800412643530555,-0.9228291874165904,-0.9747316730181881,-1.08003218552194,-0.9042680006478047,-0.9228261412444622,-1.0037385303218305,-0.8647262614663177,-1.0274482019903943,-1.0586181470440441,-0.7700340471814405,-1.0447239411191962,-1.0451187682997902,-0.8453149590761504,-0.936869437176339,-1.1000746846865301,-0.9467179077298129,-0.9772099962287031,-0.9412357311365278,-1.0426154100679097,-0.7268556308069226,-0.9679590753960716,-0.9953233230731617,-0.8197987177099164,-0.6832062131963368,-1.0138369580608373,-0.8459749607320616,-0.7989784879245808,-0.9417138729725982,-0.9111919202602786,-0.7965294202249165,-0.831576023131349,-0.8021779150486813,-0.8133111758152703,-0.7181590912233528
-1.0209463955003353,-0.9987248471431163,-0.9823033707835745,-0.9249942067695566,-0.8692746274029766,-0.8800677696998428,-0.9186797501127674,-0.9500623765389345,-0.9598964441999227,-1.0159305033476085,-0.9693189588847444,-0.9947294500141455,-1.045056748329977,-0.9744764676218269,-1.0262319476574038,-0.9449394433752253,-1.1042597145587396,-0.9225878443387868,-0.8492745575676429,-1.0079428245545676,-0.8828688871274264,-1.0779285603034865,-1.088550073001455,-0.7674833487300091,-0.909992881267388,-0.7498787341368703,-0.7597273107097524,-0.88336439072449,-0.9995091914576075,-0.8437610279863701,-0.847971235502736,-0.7139342990441219,-0.9421646963719357,-0.9098637444850504,-0.8064371146057476,-0.9896161723997219,-0.7808007608193267,-0.9814889770291252,-0.6943791995201958,-0.7720546159122538,-0.7229418499667791,-0.8045473732313696
-0.9689472155983571,-0.923318551501219,-0.8210886845420895,-0.9537453131885012,-0.8892213011814989,-0.997699400393963,-1.135884803456945,-0.9265611647215661,-1.0346922789860376,-0.8098174155681398,-0.874244645225523,-0.9837038781932276,-0.968064249708535,-0.8509094327064449,-1.0795056855895753,-0.8704674939426972,-1.025973179511086,-0.9988879876788952,-0.9050857469754341,-1.0033443496245757,-0.7481352499458374,-0.9528490748245945,-1.0353585093185265,-0.9004003119430734,-1.0044236257800452,-0.7918010106720161,-0.9599404194553991,-0.7845550947521686,-0.9475026726807655,-0.8024520332485712,-0.6870139853186283,-0.6687724641095587,-0.7479786240072127,-0.9919609420910654,-0.8393558273309041,-0.939203442129238,-1.003970159972753,-0.8534037339199203,-0.6774535471369904,-0.6982465048622186,-0.771857521045891,-0.6641953992052598
-0.9001895480110582,-0.9465552583745179,-0.9629775452558778,-1.023896471143253,-0.9908849288209197,-1.0482367633703182,-0.8149477678159358,-1.0111634860717575,-1.0106725488685835,-1.1100101177991288,-1.0128898795062067,-0.8970220176344782,-0.9849598234751786,-0.9255811394065716,-1.1201479761867725,-0.8826160603458363,-0.8033763462762127,-1.0181528535503177,-0.9803911752182798,-0.8530569196667189,-1.0008461200975771,-1.024066752503709,-1.021629082351485,-0.7313797318653086,-0.9262347887634749,-0.8935744023841361,-0.9465777787744948,-0.8608334213013701,-0.938937519944002,-0.7605697635347428,-0.7181568583713834,-0.7377907386504906,-0.8454640291261293,-0.97899220286397,-0.8475678583677569,-0.9121305144485704,-0.7213805400381149,-0.7129574341135068,-0.716286658175127,-0.8136198556252399,-0.684123454172127,-0.8244350789877363
-0.019103727779594726,0.05295145504582256,-0.022728709339355856,0.05310852480986172,0.012080240691881801,0.031097629329909195,0.02406377858052741,-0.05263423556880459,0.016930887480140655,-0.04734290242906528,0.0025073626434841266,-0.00949857886224465,0.021364741392469862,0.031139502184863957,-0.010432755881106611,-0.004800378644922376,0.023032527101143268,-0.031426438213937334,0.05351152303743886,-0.017183753801684302,0.006648108825597131,0.032385251596114946,-0.024137622813610073,-0.02708942978989278,-0.05466044607457889,0.05695593997479367,0.02339996938094042,0.06236081928244704,0.02376334898890925,-0.050854738438650696,-0.011547093455056917,0.03659790627624437,-0.000929625486498708,0.06728257881750514,0.024336840597397887,0.07323893119043662,0.05396138483700193,0.017167428662463236,-0.02188257965093435,0.032384366922421616,-0.031717893080868635,-0.03608075039090221
1.6828370047437455,1.8454653190140513,1.6555263166883174,1.7695819976131206,1.6615854964601153,1.743960911306123,1.5806852501372421,1.737929452315954,1.6408589124119441,1.5900644705781486,1.5520270195571253,1.6005265550300118,1.4761521228064178,1.5261819323191568,1.4100310148137936,1.4471346004247077,1.3539647260164476,1.296858052227384,1.3517437282988554,1.3255422950623437,1.1291016462282242,1.3266551959482618,1.3558166012810777,1.2776597945586818,1.3240656077647923,1.1738062635525388,1.2773443947563552,1.167495934677752,1.2856209545617046,1.1877713992879673,1.2290219511750435,1.2254571871838544,1.1411195114357422,1.1524373398172456,1.1000000321665608,1.0087129471616634,1.0477088432713428,1.0041873058066708,1.0306885444449343,0.9607758362433003,1.046669108901423,0.9598451409061328
1.7503060929990752,1.7121035544262142,1.6325236127387757,1.7649659350363607,1.7234216092419703,1.6934651244069363,1.6277961442870703,1.5525528934799304,1.6166800040850051,1.6493985268056894,1.4386544021360284,1.4460114993364765,1.3105376505584765,1.3361259123399414,1.4915121420621102,1.2627389322232305,1.2656728216061124,1.3996943823810684,1.483401595984413,1.2914231034689292,1.2106083037806992,1.1340129046726821,1.2585767757759447,1.3670445732666578,1.3318780774817975,1.2181333018701284,1.1987841691120864,1.1686120679752663,1.1419297935468256,1.2848501260187015,1.1410298124049778,1.2712373200855498,1.152667874355026,1.0932459634553362,1.1256223506461898,1.0000134210469043,1.0772419495683758,1.007996753110826,1.0500323101883906,0.963744961942389,0.9417491205138896,1.0502338390567119
1.6737101586817675,1.7391596881078255,1.7508260629479793,1.8244912477834057,1.5907271441187887,1.7330808655581382,1.7065404075884552,1.6846497349865817,1.5999930277815795,1.5317053777632945,1.4949570818186935,1.4395349844383325,1.5564462089366287,1.475905247019557,1.4412920282547297,1.5224782647137012,1.2779609919264512,1.4460531934827634,1.2725270659111372,1.203735752626676,1.4738400779279879,1.3154224112705162,1.3037989795057787,1.1925918257408417,1.2622134540449685,1.1669658282269317,1.1219010058338288,1.1063925123325846,1.1488505991482412,1.154800343913005,1.1897100922847257,1.0798474046630493,1.116448400437066,1.2067066253717351,1.030953737006716,1.134000637038259,1.0598605911829126,1.1636314869450661,0.9708435662354922,1.0856593696165442,1.0307137850660695,1.035272050631348
-0.018831855913213392,0.017415722665610325,0.010260982944255386,-0.06540188916298274,-0.052633041112507134,-0.0549732526988709,-0.025519003916380692,-0.07915928849681855,0.004175969044445456,0.044939062621979484,-0.031704623555790276,-0.014032090119044887,-0.05177791923866648,0.031810517721607784,-0.014889209425626292,0.001866306687941024,0.039414150240493606,-0.006009258615602075,0.02948974003155797,0.01439017637313671,-0.02796534192307456,0.03410748045412942,-0.03419351053353223,0.030849512306567656,-0.016526106659472146,0.017333845835586812,0.0003737873059700623,0.03127873064975651,0.004024699754359268,0.01039502337875223,0.008841686767491702,-0.06521799511669779,0.03583378559009246,-0.0735344018396934,-0.03345887029443,0.028007307354590283,-0.050188452028734364,0.03931023847558956,-0.015430280479312428,-0.027692392768614765,0.03690382940542875,0.029103443197517315
2.079936588779717,2.2141110212201527,2.1620707076333936,2.1149876219360317,2.212306823781042,2.234449496786394,2.2342442246835703,2.2212674203736045,2.2677742190908345,2.3504205059260563,2.23794910691448,2.1950009266817325,2.0410990135693043,2.4977274598121877,2.0121331208182123,2.425761517433251,2.2873891590989537,2.2075016054227854,2.497371895042546,2.1077512550112916,2.4673669307875166,2.255942106280488,2.5228922341822018,2.406438190371998,2.5853923529321383,2.4159247205553007,2.606427333931781,2.5635787428426444,2.882291886130916,2.789812110227807,2.8452555834576483,2.8377347179077286,2.805905341179129,2.808657357269171,2.861965632728848,2.908543280184592,2.95621084135169,2.9072168602313773,2.7686832491213518,2.804284830663931,2.7667507200791994,2.892990914000303
2.031173035508481,2.177153538669241,2.2711047038666985,2.1674306711006017,2.111805707952882,2.334804006794924,2.222075943656082,2.2271166979346178,2.3238755304240795,2.1057671395420785,2.3952261270484168,2.352588440262961,2.01299189598661,2.173814107493702,2.1616419470949793,2.2766004275738507,2.0842326706213155,2.007358410339888,2.4211364554053274,2.384522676024598,2.321940811698346,2.536776911765668,2.6365129937439926,2.49907549903582,2.7492560480591353,2.7460906163965375,2.7799491065009834,2.504350336589095,2.499902391820424,2.80882397840627,2.596676572218147,2.8019945559952744,2.795205682939377,2.7895365610888567,2.872431491962045,2.9161181644805816,2.883731899525242,2.9669707132304626,2.9263220286240053,2.839513682168028,2.8778916640882612,2.7098484331300705
2.143534583051636,2.21640804473261,2.1741205973995656,2.1213884339453344,2.2075375263323993,2.2878375043147616,2.1696247269860622,2.3992729788119327,2.068334432213076,2.21418233063606,2.327306367528101,2.207632988731904,2.2119697263167537,2.101226826906844,2.1886168388838145,2.3041997602613775,2.2230321857888122,2.0668265890746262,2.079520506739394,2.440953913277035,2.3292875936713537,2.5379500943040223,2.4515062205984233,2.6126084424344875,2.5443608914156033,2.779853738824288,2.5252160032595516,2.461951307005674,2.7164633170196097,2.718867580964779,2.704533530378479,2.719947812859332,2.7942636305026167,2.9680942278814615,2.7980856201455224,2.8963775837577126,2.9895685874154854,2.8645291221692526,2.925800324424211,2.824336050237704,2.8471449776337603,2.93408417284526
2.057075196762028,2.2543544470010506,2.3089790478980508,2.1902264677568324,2.307644376627914,2.329884096793043,2.295240990184372,2.2447034361382667,2.2956124992507463,2.3750439393272273,2.0933209358617937,2.3656042524822314,2.222454814578397,2.0755171025633343,1.9889347478658839,2.036687976291591,2.3556230138390086,2.355637291285627,2.5153041379044394,2.1538252271457963,2.027924808873602,2.39870056540577,2.481781104118358,2.5406239082078454,2.455818934003822,2.5799051849390984,2.4178338332262665,2.6401084598408433,2.664126520941782,2.6700688874897707,2.684238744717813,2.7697054004262123,2.859577728062614,2.8845191930103593,2.869127169260988,2.8929783357262835,2.954931781096938,2.8963182981409905,2.8157624333723983,2.948098156738068,2.977463321034468,2.801712538358994
