gfs-wave-data.json
{"header": {"parameterCategory":2,"parameterNumber":2,"dx":2.5,"dy":2.5,"nx":144,"ny":73,"la1":90.0,"la2":-90.0,"lo1":0.0,"lo2":357.5}, "data":
[rows 36 to 53 of 73, columns 0 to 41 of 144]
-0.7458184491163965,-0.7704805232858534,-0.7581612897168936,-0.7308893311253983,-0.7438509793392907,-0.6796605119139358,-0.7835128588865304,-0.635345971017357,-0.5749721859635041,-0.7226280700630997,-0.5430186914868117,-0.7310870875864643,-0.47344632916671314,-0.6157463961378852,-0.5087840481881748,-0.49423875053799665,-0.7948437333254739,-0.8336896082610223,-1.0138543960513962,-0.9322036688036597,-0.9508576392439986,-0.9300857620119927,-1.0634069157317738,-1.120552024496003,-1.0719107806057016,-1.016092894912629,-0.9772748017968629,-0.9432993434167024,-0.8000181983056863,-0.7649919382860141,-0.6744081321000269,-0.6795242702075182,-0.4381254664374576,-0.48830232930932843,-0.33364573543865056,-0.38647722204987767,-0.42566203247790224,-0.44214497872986186,-0.2927962913434353,-0.38984690907292985,-0.32787803968908186,-0.3884968317463376
-0.8204619334877313,-0.8565559502573403,-0.6777401920233037,-0.8416263518993803,-0.7237514263705357,-0.7897797061061236,-0.799698112869388,-0.6108558175000405,-0.562137799743022,-0.5335184115281527,-0.4684958554875978,-0.5492447923114911,-0.73853098143413,-0.6363836982148828,-0.6669766915135298,-0.7264910528001364,-0.705701598127303,-0.878920150549828,-0.8981372942192449,-0.8147286284067503,-0.8830442199617299,-0.9622911538595147,-1.148182890767833,-1.170074181961884,-1.020774412751993,-1.0856415688383452,-0.9940130761558276,-1.0131457697913346,-0.946357315040136,-0.7400055544378863,-0.8184129229009878,-0.5245832131078882,-0.5521182221082364,-0.47050474539984594,-0.5006913204981125,-0.43986193091391806,-0.4092431814293532,-0.3043500254221798,-0.29834261205244866,-0.3682614813189589,-0.3986095703064328,-0.32525215763085974
-0.7890135530397866,-0.707284967230599,-0.6612981890565413,-0.812533430341553,-0.8435259629841142,-0.6428000345570465,-0.6325434969214351,-0.7050930132912105,-0.6349788541515154,-0.7317649217141396,-0.4648791433660077,-0.5648793142086385,-0.4901713670920606,-0.7083742650456245,-0.43436204116912797,-0.7828613563757941,-0.7601987472244875,-0.8014101574071962,-0.9195215022525594,-1.0061748893474867,-1.1184687181403463,-1.0297542693716026,-1.0475027817089415,-1.156499430683138,-0.9893075577410367,-1.069087919868838,-0.9599745125697716,-0.8905586568113882,-0.870063895624091,-0.8459762737452438,-0.5824518015941053,-0.6801778999940505,-0.4384356384032904,-0.45108237932380374,-0.3725087818919983,-0.40457432961932216,-0.33509013296835244,-0.4224578944079587,-0.30670764534371336,-0.24737133093086514,-0.45217935538819853,-0.3511280971356198
-0.6284643869119938,-0.7191862704132256,-0.7329699179273315,-0.7741153745042395,-0.6906885708492647,-0.628266738102036,-0.7191184557035781,-0.6004171049162883,-0.5604587214747768,-0.6080073585724605,-0.5338429142257735,-0.5716674572319006,-0.5151237876299343,-0.6077983016396782,-0.7140679915389604,-0.686677751162554,-0.682116060915981,-0.7695889830354858,-0.8360002788223241,-0.9013896941932307,-1.019515522385279,-0.9916266850862059,-1.053190856663013,-0.9709576823839712,-1.0240248847363043,-1.0758059903839077,-0.9671086847625094,-0.8465793037266344,-0.7864425239594,-0.6939303877890894,-0.5649136261494815,-0.674462419358225,-0.4477573583107212,-0.4041965041893325,-0.48137755565468054,-0.30638072254086823,-0.5036323728373531,-0.2732006666117604,-0.38259661978048726,-0.37374321013524553,-0.28109399157880394,-0.3758443034662779
-0.6415075702902092,-0.8010517425438586,-0.7591214102256744,-0.8732843748175395,-0.683991461566837,-0.686449138692641,-0.6151562011978647,-0.5859698097092635,-0.7064438161136557,-0.7419518324955852,-0.6462498370283924,-0.3900441856826627,-0.47774508579451586,-0.6897941128926108,-0.5053372870054059,-0.7802678527640566,-0.5812679794742025,-0.6299603420844972,-0.8456145021009591,-0.9738979287025926,-0.8935324910698683,-0.9539049145176096,-0.9839263361396039,-1.0601412853740664,-1.1041087518790433,-0.9521400764483371,-0.9175672922963832,-0.7963448604993357,-0.8172063450955247,-0.6307940775894182,-0.566092439848134,-0.6113822897779081,-0.4074492259302131,-0.4089640538247553,-0.4448920658228514,-0.2807513083601857,-0.3351246934189665,-0.3850330551898788,-0.38282945034964055,-0.25905362059981957,-0.3855567158011395,-0.4244277348594776
-0.756436067304437,-0.6829272430488839,-0.6049326413077117,-0.7117101188073454,-0.8052183043975281,-0.6750212945648247,-0.5122324412982466,-0.5053223216245826,-0.40896404521719604,-0.6383219309538227,-0.6267657861967225,-0.5836274133115995,-0.5046940430702187,-0.4569571210181637,-0.44894440861505336,-0.7148500408339219,-0.6540661294329793,-0.5830285646645949,-0.8866278024315538,-0.8595282361145213,-0.9130494087539831,-1.0379714535624003,-1.0437215691034287,-1.1194419953131742,-0.9805377845083717,-0.9309778060972166,-0.9084022735593728,-0.980771905718369,-0.8014067800437944,-0.7874061791082609,-0.5012904047256338,-0.4592411745580004,-0.49862821398058804,-0.4590249556923388,-0.5268676589430247,-0.4312036922388389,-0.35982278911021065,-0.2529476444976358,-0.36725379571916644,-0.3715195597564752,-0.31754260961834696,-0.293820664551849
-0.013926933044112369,-0.03843680168004168,0.028933107547528616,-0.020051418528877447,0.006135111867137483,-0.02189781648547704,-0.017882754371952095,0.0007453439793832405,-0.01989996718833225,-0.0005598536358612805,-0.025355880255841044,0.0029262477879054808,0.022417927730411333,-0.004351557704909746,0.011101493894719509,-0.016178690782813025,-0.006745899506255452,-0.0111765846272148,-0.03536811007378695,-0.0020025780078338283,0.012416435609422204,0.019260098027475612,0.03232417797605377,0.023017608083286532,-0.031000973447836838,-0.019972889768440125,0.016224471393430254,-0.02977209836305213,0.006100853842730802,-0.024662651264065038,0.01638956536277291,-0.00382948548947502,0.022987003543713184,0.018819781122024988,-0.010692366941640363,-0.011202367657505688,0.01214803274109262,-0.018523476883793806,-0.008435733219038493,0.026937857885431384,-0.020281211063592233,-0.015474017771656252
-0.8790663600139844,-0.7909099278218547,-0.8500373852647564,-0.7137990739546383,-0.8750153532898012,-0.8167287586190436,-0.9675287357902648,-0.8395630830093147,-0.8011264522440573,-0.748484476447942,-0.9603374645242889,-0.8554275817418368,-0.7500257696969977,-0.9729850846839079,-0.8516290089687643,-0.8155794844712679,-0.8679628642319425,-0.7144858731681838,-0.9686930032238492,-0.8011615858783253,-0.7171603061752698,-0.9232689756171446,-0.815561360498038,-0.6939854912011564,-0.7222823048385983,-0.6490719149608662,-0.6218071209770264,-0.6671943075406891,-0.7047213506340986,-0.762556694741185,-0.7455730977994469,-0.842336248561993,-0.7355195797820664,-0.7952001001183152,-0.6896074069233414,-0.7258535468751508,-0.73270233089198,-0.7958945861407656,-0.6779988660589975,-0.5897212514477121,-0.8627337860110756,-0.7297763357823656
-0.7854454458109407,-0.649700603379363,-0.7792760283616319,-0.7845415217920222,-0.8375573835541135,-0.8077367427654942,-0.7588030514456716,-0.7845029899315634,-0.7966750999152084,-0.966929730598141,-0.9456654925434705,-0.672762584764319,-0.9256635736783405,-0.8771285596936851,-0.9828986017613534,-0.7735709968768613,-0.7386486831521581,-0.7747882085207264,-0.7438683079175064,-0.6667195916792136,-0.8684313436597081,-0.9192759292128356,-0.760193758579238,-0.7041427823534921,-0.8066152285360698,-0.8025364599402727,-0.619109622696375,-0.8605810626240457,-0.8743954192643788,-0.6518215977475708,-0.7093063012858518,-0.7269585121892198,-0.6102639014889375,-0.7927253310070181,-0.5762845498363589,-0.789916592738137,-0.5596694504249053,-0.6665198174661114,-0.8424525452544179,-0.7379953346135375,-0.6734233353604006,-0.5951610151954362
-0.67190887253659,-0.766515523325113,-0.9075338678350304,-0.8641077335085903,-0.7924314262589777,-0.7892296963691767,-0.8528251771029454,-0.8080942570960757,-0.880405965815062,-0.7935303699610048,-0.8326428984265938,-0.9568527791741055,-0.8694897645756967,-0.7657820075596329,-0.8462321321824304,-0.7662674370737276,-0.7882847975363472,-0.8430100119548256,-0.7504023216559823,-0.7126448028906837,-0.8800763833903805,-0.6810012257724671,-0.7162935277827993,-0.6404988779574061,-0.6507496592010632,-0.8648751322199731,-0.887206417648981,-0.6420888054046445,-0.805872795218017,-0.687008719360414,-0.5611756805362028,-0.741219062958355,-0.7018139196968087,-0.7563883016156333,-0.8131790736923523,-0.7609911145327527,-0.6696917711853374,-0.7055103743963684,-0.5966304344003044,-0.629980925388643,-0.6962499286407753,-0.5480269391101468
-0.6443404213756317,-0.7114227400879883,-0.7767059826031532,-0.9136971266930194,-0.7095320912182885,-0.8624936746541023,-0.815620229693216,-0.6769464848176332,-0.7252343269544498,-0.8724285405021492,-0.7867194538436229,-0.712768550125837,-0.7267544207137411,-0.7253619308117555,-0.691306936726257,-0.714729988872763,-0.7608751761653554,-0.8681164292224903,-0.6879909810349866,-0.8468060067342899,-0.9403428415370843,-0.8223444277234345,-0.8192038200882259,-0.8948156733946825,-0.7147967405216078,-0.7603038587063318,-0.7688437834195011,-0.9298643611096986,-0.833132411060995,-0.581994034967046,-0.652676991486697,-0.8149951506132486,-0.8791851121656423,-0.6965186319518846,-0.8184165876665729,-0.6331729898836831,-0.6220773308375475,-0.5611751201572911,-0.5896044612457059,-0.5010211207396665,-0.6004891085241333,-0.6605644611031519
-0.8532083521484899,-0.76561243449927,-0.7092233757902622,-0.6700246634273855,-0.907430052232961,-0.7575523152062912,-0.7471931888695271,-0.827147953158605,-0.6964551440710164,-0.8931484221154068,-0.8234642185070516,-0.8493707936439366,-0.8537766144117733,-0.8393684523419077,-0.6975897339597262,-0.8524509557961121,-0.6619948652049112,-0.7684352268126902,-0.7265971852312598,-0.8191078399713895,-0.7197949087007529,-0.6754853484617959,-0.7860294185725355,-0.6465533505618121,-0.7639093688820893,-0.8236612159482263,-0.8910476120957481,-0.7105815318527677,-0.6780168111302213,-0.7607609982878114,-0.7612461586085525,-0.5294153612454837,-0.5849687866439129,-0.53095357107331,-0.5064680785956882,-0.692230475594155,-0.5891812850358068,-0.6971123109363535,-0.7304016636907174,-0.503970304106149,-0.7614335674144623,-0.6122017704633357
0.023707561987931756,0.0038507664561764133,-0.004927913532780062,-0.002468577893448357,0.021774994292412128,0.02290212621558476,0.0009745227780634307,-0.005291913238159428,-0.03278221386015725,-0.0048318418317882484,0.011128101282058557,-0.006918883797462719,-0.006102414278224015,0.011744503154361277,-0.015664437293127782,-0.0003304797830963664,-0.009637020151807868,-0.008404622231185209,0.024836811793893746,-0.0037093520977504154,0.02249523984685485,-0.0008086415171818458,0.007072565132206295,0.018186863204142978,0.001534753050127568,0.015072103224962828,0.023254736576493372,-0.005145119367794098,0.0071740340923903195,-0.0015846411666885403,0.002379439600339628,0.0015610927136385279,0.008263420946043157,-0.009658443319355484,0.0013351529958862956,-0.0011841776667845898,-0.0038436353022656593,0.005034463104829042,-0.010539876556540121,-0.0027268170824802916,-0.02799244111273802,0.03170834180385648
1.602754791038968,1.428276817568821,1.4709176804737014,1.555354767347489,1.388740171278147,1.4766274420396315,1.4504656948225874,1.5177623002394651,1.3662828398194267,1.4802152465791014,1.4519999676313537,1.3881760190500378,1.1107156521134574,1.2875253563298856,1.207831020143042,1.186375726606913,1.213736210872841,1.1047946753789488,1.2304857844139492,1.050942424435918,1.0002237709550912,0.9653102886272805,1.0191508196132766,0.9672404151743348,1.015110578684663,0.9829420938349688,1.047047395118232,0.9444426281347663,0.8893429653944388,1.0326236982298187,0.9686986304733505,0.8844313425168617,0.8868106960208013,0.8080822550664611,0.962453372707174,0.7788412902181557,0.8015605491455287,0.8097141245586028,0.7665399998130115,0.7128502599542759,0.6839646546722614,0.680043146015265
1.458481278012699,1.430791175406777,1.4636914090468587,1.459883047072986,1.5543523917684092,1.4334209397506885,1.430653908765939,1.4046775944755054,1.4555267143167006,1.4389859065142305,1.4430876695867452,1.3160260305964404,1.3162105821976045,1.2702052984000543,1.2526605338282686,1.3487468276783794,1.0083245895110566,1.1587490385576378,1.0263020978106898,1.0134320641002914,1.1329982484519112,0.993790591855591,1.023308639441664,0.9777439562127719,0.9840368616118771,1.0254910719294401,0.9487451853642751,0.9364857428250876,0.8603714943341093,0.9205243797450171,0.9845129174412257,0.8797311518560542,0.8255600239984746,0.848942837304719,0.8877201159005528,0.9119895939081011,0.8665293272266811,0.8960038316056917,0.6990502300878264,0.8511253829184302,0.6656956829715487,0.65016849260537
1.4354512016240701,1.5408768639490593,1.4012293888281895,1.5429959529890787,1.3953661080022473,1.4937416227218434,1.4062568946557956,1.382758328257739,1.3050609272955143,1.4398331648883396,1.2595331148808118,1.2436424333677056,1.247784778237053,1.0374626403921776,1.2050447363499348,1.0746438221947314,1.2977798847898434,1.1029399207535633,1.0745119358220185,1.0724937942792296,1.0636891147540846,0.8562025979207695,0.9823917219680088,1.006881257361144,0.9882097388090183,1.0717501151519475,0.9690477733847825,0.921806671218323,1.0676212407074273,0.9598891228869129,0.8061978477278483,0.9493401359656537,0.7857845103685265,0.7946200398351871,0.944601254529955,0.8730863351688937,0.7963555911366162,0.8496048923441175,0.805673992929264,0.8161210711717793,0.7636893332473453,0.7300255894524621
0.011701130044720183,-0.0052602355345712105,0.004077870047137177,-0.0013956149423932514,-0.0061343907279657875,-0.003669967515587598,-0.009181443112251747,0.01292128078254749,-0.00539959565605241,-0.013666103211508884,-0.021515747659931753,0.004640720699917349,-0.00531209344226075,-0.0029503050693612917,0.009610442523561172,-0.005399263113308451,0.0014657916612564642,-0.0020996206632030914,0.013232671558145908,-0.006770051986397744,0.0021725723949453527,0.014765896854110418,-0.01164762315239081,0.023629460415145388,-0.0012908172682824957,0.005020067726239586,0.0012998797017262974,0.007145452821857367,0.003554617063108094,0.001985774668342051,-0.002489423416133952,0.00529295614278692,-0.003640669464756915,-0.008365048328539187,-0.016806466427518315,0.012554543875275366,0.0009721668079705788,-0.012628983182607639,0.0005325716112618245,0.004576878907799156,-0.0013853060014211987,-0.013863280076304576
1.9479815012721688,1.868625131782767,1.888482018128471,1.8504505905309354,1.9457035088025125,1.7839297585254565,2.10151882325224,1.9107642921229544,1.9190964962971406,2.031917181673118,2.004645968674335,1.9339467940443613,2.111961827210709,1.9875336343478,1.9413510152046654,1.9572143206156731,1.8941270298062136,2.0202169282034133,2.3025054307587904,2.0234813814216346,2.2547109679716315,2.290138694901427,2.084697153186781,2.066810729962958,2.069946242235596,2.1335142420115956,2.20006711692505,2.5255883703306803,2.3484661155470703,2.4561453758297107,2.410343443386294,2.6719821567008317,2.566485788104125,2.5132666103581127,2.5599314589987765,2.612822968112234,2.6321075558224996,2.5438016910573586,2.6802317147331385,2.582110125115617,2.6325727401637447,2.6017708980217678
