gfs-wave-data.json
{"header": {"parameterCategory":2,"parameterNumber":3,"dx":2.5,"dy":2.5,"nx":144,"ny":73,"la1":90.0,"la2":-90.0,"lo1":0.0,"lo2":357.5}, "data":
[rows 0 to 18 of 73, columns 0 to 41 of 144]
0.16563910722461606,0.17587889572219875,0.17767094270669426,0.2931701840621081,0.24815858422498527,0.41241833769490016,0.3683376779994522,0.40703525776954985,0.5870901628676591,0.6307655084432444,0.6684835678235286,0.6793932463170925,0.6474426922549812,0.5955854549956747,0.6085336133169288,0.5996385671588131,0.6792732120325325,0.4542303838296931,0.415602298097031,0.4577731549735974,0.43895229357616744,0.3590777066917708,0.3978814178192605,0.39254091371256344,0.23036692745276702,0.34830873393743106,0.4512053601660785,0.31130521196343736,0.44898817970261,0.4009768841728859,0.38967646430593406,0.43917109838375573,0.46962281121460825,0.35039379434348006,0.4270494064294676,0.35740634102830127,0.33875931843302737,0.41743235619613,0.42586065820510816,0.30906824794649734,0.3299126896509244,0.24068720322034423
0.13877719554546541,0.1505656046947587,0.22469897048689882,0.19991912724440888,0.3242858166402643,0.5073931116163017,0.4662978144804344,0.5133769643212754,0.46385318155049865,0.6119222616158072,0.5145479278093557,0.7278419405905582,0.6874345303901687,0.5476191371302893,0.5872779527209563,0.6846301906501178,0.6525853983707148,0.5260887583350571,0.42401060171653876,0.38065928933034326,0.43578846152634076,0.4549264171860923,0.478418015562964,0.3503376191746194,0.4062656760356323,0.4341771743243265,0.24049830898537802,0.4377081783036152,0.3166734465761193,0.3497498919300142,0.34774246367635275,0.4031781181673829,0.40419574602673164,0.4386118816273636,0.4079264193243393,0.4871874585010966,0.3677485431235975,0.4759463759663381,0.37856224254636955,0.34211051244613194,0.26799216547757154,0.3005334152321716
0.20093072914638532,0.15325641101179358,0.2800185199169172,0.2841366348144304,0.4047996572221893,0.4754807967389016,0.4641937450364017,0.41623721033383987,0.4625218758938994,0.49230427224152706,0.6169231662429081,0.6734220503143776,0.6062674957440591,0.7304270147418883,0.725851514340507,0.6994010344502584,0.6620727997081872,0.4622636086368281,0.6251658027107557,0.4206783653453908,0.42192889962484703,0.40888894469243786,0.4415095802910971,0.36509863968545003,0.2570883908684664,0.34184422257022373,0.41209394349934164,0.4711345711994778,0.31615161546933385,0.3796057218686632,0.4402879785400114,0.37220725623621437,0.3755087845689551,0.48923734382100165,0.3802773725520676,0.5022031147723586,0.5259347978101981,0.33620687052675713,0.32903256196932257,0.367262830036621,0.3225756917303464,0.29677000404086157
0.22703331821947495,0.24529136366323584,0.22820087353304097,0.321744479970623,0.3317131824259402,0.37695250603728986,0.43612452182634354,0.49027805635427146,0.5529570406124904,0.5652792549370178,0.5719372911299219,0.7517222788468433,0.6757902528407144,0.6130559834829624,0.6094177683906735,0.7313073681214448,0.4934070283445939,0.5859873231827271,0.5131947598044025,0.4256549133210803,0.3262377541452141,0.4511163040918418,0.4105722677797944,0.3773617401468606,0.3093796391852038,0.2520253790902908,0.26310171132113747,0.3292536896418623,0.3303387742282618,0.29630867066481437,0.3757261699667071,0.4926618429729065,0.5888586463166966,0.4776726140253176,0.4996022546161646,0.5246439190154291,0.49240497584253806,0.37503257338312634,0.37509280236958764,0.4322767895796521,0.352177673461024,0.3316730063266493
0.20245227339667707,0.24320574543028234,0.26329953090401087,0.2598822200807484,0.29741403590877014,0.44071335518059745,0.41184340138064324,0.47465342434573493,0.46134977049123366,0.6236667508059135,0.5722458584679937,0.6331834434517273,0.727295731355595,0.6187582380682268,0.6314974854589619,0.6918260197772209,0.7098100887689964,0.5565495279668446,0.5320878390470468,0.404969098771102,0.41435874032821746,0.5101641191315138,0.42189239118162486,0.3003942091969968,0.35024381534621235,0.29165657049508276,0.32253993070347414,0.3644892470546231,0.3995668350466088,0.4431501388491439,0.5711574194174619,0.36236786700423623,0.4215740496500731,0.4417007753535825,0.41764286101037584,0.45138701463293424,0.41116284945288206,0.43439516520299504,0.47454922152387397,0.44424770107061484,0.3018239667401734,0.2879813114416312
0.2740670902702844,0.2271824320427365,0.28249683440257,0.3869571169736789,0.27613428252617495,0.3111285586392317,0.46396860222848524,0.5407782687550856,0.6161962130621371,0.6405672967705276,0.5725072721057222,0.6348011019764976,0.7519453489599643,0.6214047348146462,0.6878777889544838,0.6035552741476484,0.5956855106109472,0.6112834982254552,0.5764143405962696,0.5058856620345996,0.41032361899664127,0.41616598633479107,0.49967197597223867,0.256298996879852,0.3942698509747023,0.4175895976345656,0.32489927870884255,0.2989295982121082,0.32476567963776826,0.3658843180380288,0.37496954227131907,0.4325705284213798,0.4257616483659517,0.4624911312740612,0.5920932115081344,0.5368224275850515,0.5535232291527299,0.5067400023297282,0.44043796547818165,0.33721674422667913,0.31572434556371215,0.38862675282040154
0.2720897428068557,0.2670432903415906,0.23785435612537048,0.32567408616224097,0.3656622269437044,0.3838788672698965,0.4989107228450375,0.5389034075212952,0.47562126252900905,0.5546489412874029,0.6692589608181292,0.6561418057107011,0.7248802054132337,0.7204894121838381,0.6683984807909256,0.71063531205193,0.6133839599520814,0.619776394542712,0.4907496175659674,0.4479145854888567,0.5238825660317709,0.5003515967462727,0.4484437065461476,0.40951896064521054,0.4156011959367145,0.3887566639101393,0.3224437415415151,0.34297691431239136,0.40287034066791205,0.5018420302520245,0.4446988007112502,0.46753679308986607,0.4391992501422861,0.4092915769218672,0.4323102552593063,0.5795021495346593,0.5033375359737712,0.5224774662609915,0.44159411005718063,0.3994122452695939,0.4160905414374256,0.34512657306128863
0.18208182667634587,0.3954864928652165,0.33592934951683706,0.3860377339840042,0.283535721540178,0.3328719458415696,0.517936781898986,0.6431926015741093,0.5190186850211616,0.7051420026231061,0.6613518052497431,0.6748098294573515,0.6556071893088699,0.8262247068221357,0.6651016559110975,0.70843984836043,0.6877467206261291,0.6815076781876396,0.7170543486348814,0.663396595869507,0.5337665042571842,0.374685440020624,0.4890477993101088,0.30561050385055116,0.3794528630934231,0.28639906505675544,0.3119855180515892,0.45483381621584423,0.38917274821634307,0.5314163035622408,0.5488069498813525,0.5664258187718851,0.5634718740576788,0.4577455263121236,0.5563653744583819,0.5926003418859949,0.5041122162134286,0.43716365682690667,0.37727447762841376,0.4166709776780127,0.389599716852537,0.33901420811725846
0.3106619307757121,0.3617277112623098,0.36746605108770175,0.2508242315976316,0.3948350905407459,0.462102157928039,0.5006963119937775,0.5779154837256237,0.6307167852326906,0.6507909994059498,0.7333178911756841,0.7964360621310028,0.7907288150818617,0.8219150858696795,0.6500089261083796,0.7883173687142403,0.7526363421196688,0.5678302542804166,0.594993036174552,0.57252251479907,0.449787283144809,0.49687680702780856,0.3378737616563293,0.2864538554142113,0.35904334732044146,0.42122098299333743,0.3846530497451732,0.4526806002208103,0.5063398460473267,0.4053496015676551,0.4160897127812843,0.4257859755065739,0.47496614351526567,0.508396145557408,0.5359651078394965,0.4538985737170312,0.44972663101892524,0.5188671241758461,0.5208570490346296,0.42438950866105085,0.40753689758014255,0.24544940834634987
0.21723727476072133,0.2657624328958479,0.2029987267436935,0.39776958060038525,0.4097580022573008,0.5665152798054485,0.5039448128037557,0.49055495433048907,0.6521217831977294,0.6754290226453502,0.7033859218813842,0.6301970289685767,0.8147145260490335,0.6868982203084757,0.6674384010585628,0.7056278588815164,0.6463163308825329,0.661328373831151,0.568752035471169,0.44706495658833634,0.4030928940795694,0.30113555320990226,0.2871768585370438,0.5178980945081884,0.3419921172923798,0.3137410373272578,0.3292767071804575,0.42666021818582495,0.4004311779975219,0.4250125092646039,0.3774341430613924,0.5304343360139816,0.4497595637653827,0.6138817977123329,0.6651315434600853,0.5111568638141704,0.6069411013521734,0.5182010631946787,0.4563634153029909,0.42114009841516664,0.40722673165248874,0.3314623483288351
0.3162545291511165,0.3667500886692126,0.2500720120267871,0.4440189629098021,0.3464386543369096,0.546773955641934,0.46104709690117546,0.5722687711829861,0.5785859413711196,0.6722574205279074,0.6621478176156435,0.7662298940604618,0.7052226674626558,0.6869620520700589,0.7307614898559395,0.7663384716594153,0.657748110387646,0.6281721473104985,0.513578025940826,0.4590950652998457,0.4911800260712175,0.43293723186077104,0.47371702462434667,0.26581316875041217,0.37804399022098606,0.3579303957823761,0.3813560390852732,0.4444951274463245,0.47864897047805677,0.40357577889932456,0.5631862223360927,0.6056145787766849,0.539084384773034,0.5523495318146149,0.5073119337797755,0.6532171378561381,0.5221999762768355,0.5621048499677326,0.43364040905593165,0.4337538309815741,0.3842905896308665,0.4654333274931232
0.28078714291101964,0.3875192676381133,0.3968584774030009,0.2941243880934409,0.3045838263745413,0.37660671705492704,0.4994749420576689,0.59686876763277,0.5858326306819779,0.5460164213533271,0.8248099684306832,0.7963162338202179,0.8148203502044159,0.8448572408376165,0.6424185967381892,0.7589439465961203,0.7648288898728194,0.7728829352900842,0.6940209509390274,0.421774802563749,0.5938054695474645,0.5863444489180021,0.4406510430338276,0.4214738297871515,0.26077749801506617,0.37615408482052354,0.31200965110866025,0.4584837290130738,0.39392794520353686,0.5871541827322683,0.5077766721666961,0.4954117762133575,0.6556912288031628,0.5794749209821454,0.5288972738876596,0.6077047387787571,0.6056818437638937,0.44204230161451563,0.5355723345878652,0.36979616070712,0.41346844948997113,0.2965697640622599
-0.35624046701813816,-0.3248729846853156,-0.2584764488769458,-0.2963430172419748,-0.2839666786589146,-0.3587686476013553,-0.28297917573570147,-0.30598759861610453,-0.33031483771618875,-0.23162673248292626,-0.2884192114479411,-0.28256742559367165,-0.2264147660227619,-0.32598652522553867,-0.3137612177971423,-0.41291926016671804,-0.30954039789108156,-0.40447097324690284,-0.3490976716502848,-0.23439251732485067,-0.39827407932355213,-0.34215418090687494,-0.28405666899650606,-0.3965384518669703,-0.3436821985105264,-0.3742799981892647,-0.40065956553527493,-0.31198762258861606,-0.35425042404548157,-0.3760836478482767,-0.29227444383857343,-0.30394803620453814,-0.3530288841965041,-0.26903338690403017,-0.2526544642985539,-0.24487497277907552,-0.40711916960738126,-0.2352397564109792,-0.3254269107933557,-0.3485868075470392,-0.40250263160215244,-0.29915504247011204
-0.1917248184617343,-0.5718450318880968,-0.4718618410670908,-0.653301446475231,-0.343311268820879,-0.3141582849876685,-0.2866182995839661,-0.32987894123438777,-0.34248673818981057,-0.32618740676184327,-0.2870931709712445,-0.3265673670442915,-0.36437992555652526,-0.3098808470056309,-0.2514184392098836,-0.3546436663844785,-0.42013537980833493,-0.42035748827130676,-0.3614894929696994,-0.4075109378463406,-0.409908429127245,-0.2396771854627968,-0.31735446288453956,-0.24186626236712558,-0.35444253834965067,-0.4191257073089339,-0.396736706788242,-0.3852575616440635,-0.24153718682706596,-0.38728204693961815,-0.4165026671357503,-0.2757173917759333,-0.2583174219886272,-0.3980276755559493,-0.40418638301994353,-0.39114587391785177,-0.32469105497672107,-0.30329721008557475,-0.31322955029564814,-0.24938577913458254,-0.43415375212678436,-0.28282304640821254
-0.4823193516750531,-0.7699417896112841,-0.6310966962785122,-0.4096671632924048,-0.4091161299487706,-0.4031320712728535,-0.3284960113231515,-0.4230397037581277,-0.3838560871149253,-0.36629013454390075,-0.4210207029714421,-0.3593128764419669,-0.34761217897771884,-0.3497757782775772,-0.355585625825973,-0.26614403251057533,-0.3526475187658155,-0.3907148684179964,-0.4303364851767642,-0.3630127400485956,-0.3789474944360884,-0.2667854234976676,-0.2698970531303259,-0.354179902577594,-0.43013504260255886,-0.3121218437050873,-0.2668455686248938,-0.4236012558787746,-0.28606822993236547,-0.2586427107679699,-0.351117177810564,-0.3833298417903712,-0.2815371526704862,-0.2693291180207972,-0.3159803172751198,-0.39188412867363437,-0.24612964648250918,-0.43719934015971723,-0.3252547859228058,-0.3723046769377293,-0.355941164583377,-0.29506566707120385
-0.16148420096759133,-0.07212907662537156,-0.593180644341549,-0.6648761106558709,-0.451280083443955,-0.3037986416895699,-0.3181956387647048,-0.4435133924610298,-0.3266460083261569,-0.3439894900931068,-0.25913825727385,-0.44939826518283643,-0.28141681712306094,-0.3699922191743691,-0.4504208358820065,-0.3886741305786152,-0.3527933969108961,-0.30206430356472685,-0.4090758481615267,-0.3732167215983721,-0.38784553926995413,-0.3647516434135622,-0.35477465773318256,-0.26019476173544837,-0.28467214023658166,-0.34593372788018045,-0.29383021203819104,-0.3695807298152105,-0.4084193289291356,-0.3918514390183551,-0.28109305231794435,-0.3716288293600071,-0.29283676268878045,-0.33752057340355773,-0.45041582046133993,-0.36336649422747364,-0.3138220967899349,-0.4204066252884413,-0.34759391229772246,-0.3074878974696031,-0.3609530440849457,-0.4104463588402513
-0.47350523183116877,-0.1190644141970362,-0.4603725691338551,-0.47599256188406,-0.3212203977185943,-0.2735714501630617,-0.45518015101390635,-0.418979718101794,-0.4176931870652595,-0.27808683144453333,-0.3979244864295538,-0.3034865757746776,-0.41538332726293353,-0.4507464714144519,-0.2772400340256524,-0.45502054149868437,-0.36890504798191026,-0.39551730730943946,-0.42817595001152514,-0.463899667771491,-0.36676321908672976,-0.3310901578455601,-0.29173085398865767,-0.3199131202530989,-0.37030314294607186,-0.43936614771687704,-0.4428641934486377,-0.26448472396747064,-0.30122079020512993,-0.37960227046977607,-0.4003555270743272,-0.3168749687402666,-0.43728726383029126,-0.4607822601735362,-0.33967542964130404,-0.3649970872128457,-0.30683525954742236,-0.3190187972130056,-0.4152253945473983,-0.4503793796345305,-0.2859432283090423,-0.33797946487206076
-0.11034982082754656,-0.4175910762839601,-0.5925509058783733,-0.303307294970532,-0.45710829329994834,-0.27951210686669786,-0.4388585224726102,-0.3468040027506398,-0.30078529364584894,-0.3424403873646497,-0.34489674547888294,-0.41140550561338224,-0.4375996076195438,-0.2741242191571528,-0.4382320605399347,-0.4296975595320085,-0.2799562984934055,-0.45852095097267814,-0.3285150636106721,-0.32034816062480564,-0.4034884409618333,-0.30637073622916755,-0.4087271134467428,-0.43446069295294204,-0.3104725956183302,-0.46139490707849595,-0.38953047351829484,-0.4200728553942509,-0.44850292163463285,-0.3812461654492641,-0.33801179624657085,-0.4176450464469231,-0.4413685302870422,-0.2801798670471562,-0.44988472788927475,-0.3098547221316373,-0.3426235307375225,-0.33791289442786415,-0.2829864803320708,-0.2936515037695197,-0.46263687844335616,-0.3732467520856191
-0.0497437548715936,-0.7668615156799806,-0.16010268361267244,-0.5839018348559559,-0.2950749813502234,-0.4311054688240773,-0.39628724254084186,-0.44302783826217074,-0.32565096562883855,-0.449350132994895,-0.33878480026771435,-0.39095831759381117,-0.35730754758208766,-0.475892041513426,-0.3048933375327103,-0.3110018797558713,-0.38015056292641314,-0.44916107379063425,-0.3041730936555955,-0.3502488877754036,-0.3790339378555155,-0.3533562920676594,-0.2813827692942732,-0.3411690983861124,-0.43652051877131953,-0.42173437365078426,-0.2889472519557913,-0.34758634915741177,-0.4515367276714104,-0.4795942999481006,-0.28931932079276634,-0.39423074435432104,-0.42936285285449827,-0.3370569016903105,-0.29627519928011464,-0.4774616309073059,-0.28287441918336154,-0.32280900168422577,-0.4135571334036654,-0.42652629409111636,-0.29981912336159317,-0.36688543021214404
