gfs-wave-data.json
{"header": {"parameterCategory":2,"parameterNumber":3,"dx":2.5,"dy":2.5,"nx":144,"ny":73,"la1":90.0,"la2":-90.0,"lo1":0.0,"lo2":357.5}, "data":
[rows 38 to 56 of 73, columns 84 to 125 of 144]
-0.8832046472516414,-0.9344557651189643,-1.0733204441077318,-1.0206474369825298,-0.9709644744826054,-0.907976458793316,-0.8250676165544593,-0.7024429486534091,-0.4560920207208347,-0.3418925484074908,-0.3457973924309234,-0.010199244389495701,0.0004220687265394214,0.05328906203467657,0.1908732244045227,0.3723038588686258,0.39121545158943394,0.6219987248874916,0.58725892786987,0.5886863732074563,0.763313962081983,0.7272927270524858,0.6638285647870017,0.7455837413063044,0.5668622655771935,0.5937564514190153,0.5810414416395066,0.4604332643740189,0.45759820109521043,0.5012110079797784,0.47512022279274063,0.2733900594518073,0.29338403162583604,0.12670478480812042,0.11079468736885573,0.013800522827859594,-0.0609064882745457,-0.12803424988038709,-0.14599279328710674,-0.09650046364387127,-0.1306112851264693,-0.24266370232967677
-0.9845617964091068,-0.9354786887582284,-0.997100760374054,-0.9225102271291851,-1.0824713651992228,-0.6979089759140173,-0.8451553315240461,-0.6354445579038421,-0.5510477596046035,-0.5790762471143073,-0.41352618025112353,-0.0686112347160052,0.034523949313411746,0.1929760925262746,0.17762315067776366,0.6158669769591081,0.6376775619275878,0.6063603529360969,0.8582364734444944,0.717538880240333,0.6129830523192742,0.7713486468364701,0.8439867344590009,0.7791749824890384,0.6269217057685742,0.7336133298053945,0.5969657202239447,0.5899694843261857,0.4342416674620358,0.5839772037840472,0.45330582935780767,0.31918449785907976,0.17111385548013314,0.19781173552838524,0.0659387603380707,0.10763056619971902,0.014608297572669267,-0.06375930636929905,-0.15492826902726406,-0.12698148477082247,-0.19498971874543775,-0.17991502527841483
-0.9762727765568642,-0.8858079080565756,-1.0338671143901499,-1.0022998369106286,-1.028202980645644,-0.7992285930925903,-0.9394977450237818,-0.6491872972770297,-0.6590928776090146,-0.2804576213878511,-0.29012513004544604,-0.027685514925606128,-0.15005053125698822,0.35856697288902556,0.343627012863525,0.4310883032053555,0.45292923726820805,0.6987701110802607,0.6891632692502624,0.743293318433796,0.7783775710782651,0.7457503077215348,0.7402742328343477,0.6546815829938195,0.6445420205210696,0.5284129614185745,0.6130487403678428,0.6202507976623758,0.6468358606939467,0.4762198685635722,0.3838256532061748,0.38657760154959697,0.3522256595866545,0.21957770947558788,0.1808417464366904,0.08331322289077561,-0.07587094100357737,-0.06931508516579081,-0.07748979487914491,-0.2084466166102884,-0.20612937247148114,-0.2840102214106097
-0.9267214057093878,-0.9276928841572205,-0.9138768759177234,-1.1116143490210484,-0.9615701812050956,-0.8020951440175772,-0.766110768214724,-0.6973088762341639,-0.4966937728531002,-0.38905155634016525,-0.46484106066992303,-0.08038015328599542,-0.16582859120183138,0.2793454205327143,0.37736164070106776,0.5191305685204597,0.6196057226628812,0.5817012442471569,0.6246152744730641,0.6028152098989804,0.7732953675763168,0.7582938228740074,0.7003925627820288,0.738895662155157,0.6964687511256716,0.67073717843753,0.5835347104588819,0.645120778863433,0.520361644010177,0.4682524087602347,0.5005792934670152,0.3547363348360294,0.35383810416664385,0.22939959396090714,0.19603522989258312,0.10616770543112251,-0.04048320685679132,-0.10698421790921393,-0.12312617178555346,-0.12207730069752487,-0.16706194228191068,-0.29288068414383617
-0.3305474972046557,-0.4008222866996538,-0.34241297758003736,-0.36320521153217783,-0.3503919510766818,-0.3504754120467461,-0.28778304570137875,-0.2737737118557128,-0.35274392108351976,-0.2955552542951684,-0.22800895547850245,-0.38041961651288286,-0.4192485812670536,-0.31500233485518553,-0.37777069684076325,-0.3615091581834331,-0.28634925512241144,-0.3774667801100801,-0.34982731836414144,-0.28453752458117754,-0.28722424681184394,-0.2513808845226016,-0.29926421745433335,-0.3490778414023473,-0.3711241255214515,-0.3436009771046417,-0.26166198329775836,-0.41664218778485473,-0.3999769815488933,-0.4028515873595672,-0.4089259512534399,-0.34623152890797976,-0.23326662621926847,-0.3070538260707161,-0.3884820347328233,-0.40793831356623284,-0.27170771476257366,-0.3743977359528533,-0.40567754750286333,-0.388751226667985,-0.24066639164493958,-0.2535604557153677
0.27163528677132676,0.26100009875027647,0.5687945228722512,0.3025502519064186,0.36286798463794556,0.30827823739757065,0.39962091344705153,0.45709200550289164,0.19309161629464644,0.21440470589401395,0.09593789596942247,0.11620925293421698,0.199491032627826,0.21015796330282932,0.09317783402798395,0.23360645446706083,0.23108182361273816,0.032868380895743836,0.06217125662764174,0.2711085239631223,0.15799835869123474,0.3159179725782158,0.24161145271346235,0.15108492310269891,0.08187276628902891,0.2281120819374351,0.20585794332999716,0.032333953693086476,0.07701864245642034,0.04953592454227284,0.19260972729114054,0.3100506535678755,0.31899357562911596,0.2740654912387664,0.2943984190792644,0.24128510660993896,0.14213205713209345,0.11239872814081782,0.12870737984512207,0.1641679848609692,0.09701043808933374,0.3478284435668299
0.46017585289080526,0.26324024410615965,0.30097210000157154,0.5245766230973378,0.2154149453701324,0.501234137758307,0.24870511280031746,0.2377638574788347,0.40985762990944913,0.3191846459479263,0.11121754725932043,0.16951680445637163,0.3640275065126072,0.40160602765938314,0.32633565286912025,0.17051779938107528,0.162246873032815,0.10200123803494575,0.29429619792930367,0.15444672292620837,0.06638448649102875,0.12985722596024601,0.05710204558743972,0.030352663756513704,0.1928565588333954,0.05331822309177692,0.18537726127457538,0.01671987143378983,0.2520734015889015,0.0552549420010297,0.20514847988392493,0.2612688115996487,0.23706692958274495,0.1117252779227203,0.32136080545094764,0.2664876312124599,0.18430937869654973,0.30432651233997415,0.30854813943364884,0.1976425470562375,0.2214214788906857,0.16092473199826673
0.5492551995056463,0.33083691487214395,0.49843232127192616,0.4072518363953064,0.35258214463044973,0.2820946553691082,0.17623651571669033,0.354172448171163,0.17090317245429748,0.33377777886216625,0.28805536055686193,0.2442835497848069,0.14221867706143637,0.057393199729413785,0.17897735595537997,0.37648153976748305,0.29136362094304386,0.1852398927204423,0.08505813526320578,0.21104922386997413,0.13740470236807412,0.2954875185295241,0.2557266175359851,0.16646975280516632,0.28631280746994164,0.0649743506089705,0.040512072327560496,0.04050787258796219,0.21486548700215224,0.11839734707454286,0.21578825305797653,0.1755630298087555,0.05480145672403778,0.16203069946065754,0.07093259645342415,0.1769786354760137,0.03942367747715189,0.11520777549759588,0.09580471746999927,0.1058815512161706,0.1439249666891525,0.20920786441441155
0.6257792546020835,0.4383746658760239,0.31221418348611774,0.29475969554660636,0.31169817451947135,0.42521975393605943,0.4842054517374306,0.36017207241516985,0.20922823940083002,0.2510087752674811,0.39803157196027583,0.12916855451494616,0.15117660646565367,0.20652411531739384,0.1980137723440458,0.08986916524568982,0.19772473818769737,0.13029521663819238,0.1388318804404423,0.0862899898445043,0.1861931280665045,0.12420972600739216,0.252589740383349,0.10500741113689495,0.21274207040244134,0.24959116746237922,0.28098948614475916,0.2705774403278251,0.24537512224028693,0.04654959687966175,0.23042925753023683,0.24020204866833292,0.32842008399534517,0.24275623599373627,0.038673148106489336,0.034726588863305985,0.17318010144110074,0.2289641639106356,0.19858896882228086,0.2960995981368567,0.34198075510703996,0.3494367331776575
0.3852776468902094,0.5145049306884116,0.32238687341482264,0.4097592071205202,0.4832949350404641,0.47934798851968563,0.4791158079937156,0.12454197051197281,0.45715035234371176,0.36229419983256284,0.4326774329785413,0.2313861798105339,0.1174848241687027,0.3076998191499307,0.19960336322806968,0.07649381047817168,0.12439426884468076,0.3727110105851875,0.22393812696391177,0.08963459934797949,0.082856032927849,0.34893797870018134,0.11057607720292713,0.2475310792147437,0.019003967417557905,0.15558099493907182,0.15587230464766982,0.22438250783355343,0.11278955040686173,0.19825631305078173,0.019176484691564674,0.17026009546241777,0.19633585133910655,0.2690834545719793,0.33076242073362183,0.1985934814932008,0.11641331352315583,0.08949308918165368,0.12344953444383718,0.2183409140436657,0.07814819815123471,0.18831715262279666
-0.4506257127589344,-0.30414786743009453,-0.288894532114133,-0.3473854809386441,-0.33311568756060894,-0.42431818242118746,-0.33140163964851116,-0.38513698403535296,-0.38533302324019986,-0.30622715315846855,-0.4479088789316378,-0.4289414964268914,-0.321034989631675,-0.31861726338081076,-0.28441620156444336,-0.4187289891185523,-0.41150803202789216,-0.3167673573193522,-0.368858047698619,-0.34148919573842423,-0.3603999326883943,-0.44586999474339684,-0.288269813895173,-0.45789745846118146,-0.45039297184722465,-0.2878273502161184,-0.4720481475977561,-0.3189857356457001,-0.3466171121758189,-0.28415881742592086,-0.40018146368523705,-0.47546148899772683,-0.45451877768544274,-0.43928080426162275,-0.4061589486589909,-0.45196300459788497,-0.44332611576598874,-0.2836872615527417,-0.4691418219282046,-0.34448482537064146,-0.43946498394452826,-0.4278797005060377
-0.6054965310364957,-0.39597657054359975,-0.6057899714645569,-0.4386064832051498,-0.451504772920762,-0.4254782818051846,-0.5604815757539527,-0.4665498462710001,-0.5524537694105565,-0.39105561833634367,-0.4010752354047226,-0.5468413129346701,-0.2751586525477837,-0.38255414365904244,-0.5180749867042376,-0.27128200621712,-0.38455619644838124,-0.3895563480877083,-0.2355789074753794,-0.2257676272035694,-0.3277860838268869,-0.1940901103585723,-0.09973640668525156,-0.20603539366639104,0.12304019759397551,0.08395873424948261,-0.054613017392496,0.25029745632876216,0.39117519970260756,0.30691883647516766,0.4486163720499102,0.2986065364472883,0.5401778222074916,0.35297628777027373,0.5340064607099845,0.6884881197295969,0.8034017626854699,0.5534616250494278,0.6168297324224368,0.7676337344265178,0.7428622586697371,0.5232197777258013
-0.48527167321983944,-0.48738997279099344,-0.6924034201726749,-0.39492279067653246,-0.4583493511718953,-0.6181346400396689,-0.5019207957049155,-0.3381261053240176,-0.6167803064338763,-0.33916523362485806,-0.32308280836570097,-0.563202896178414,-0.4039083690560428,-0.31068373468381894,-0.3867744105336602,-0.3393396483720574,-0.31845451295906696,-0.312974687707971,-0.4157180289630135,-0.2928525896433052,-0.1680924767692492,-0.016610388584790126,0.05899743735494692,-0.18733293276424356,-0.10970452367824894,0.03189188483552813,0.13404552166530875,0.2718643459516325,0.29201790876142614,0.2606048524257146,0.21108327877914718,0.5102608707646598,0.2945486730466187,0.5911834818431975,0.5066539876812768,0.7453254850430011,0.8394989816948693,0.41159633385838423,0.5838787904358967,0.8270066350719373,0.5020166874982617,0.8254945478828336
-0.3595622510155208,-0.6037139716005944,-0.5324765313374453,-0.46410371246341575,-0.6580162814275956,-0.35928262905438535,-0.4953553321676746,-0.44845656497046366,-0.4230361189280167,-0.4027695805771156,-0.3023109978427617,-0.4137605760181452,-0.3932623460196894,-0.44920467328442243,-0.3796612985506664,-0.47365420173114364,-0.17555078640052557,-0.3302453330953444,-0.09203280679833033,-0.3492185000755763,-0.1789371555435553,-0.18736572768832882,-0.146295596113594,-0.0858739050996075,0.15942661289089008,0.12089429434921695,0.09664421685989023,0.1928270921798027,0.40444762690276564,0.16854463443410647,0.3348274060550951,0.47007468520399914,0.21057648384225738,0.2670983079494208,0.3794980462311254,0.5689098203737435,0.45789947758429395,0.6742306052382501,0.44102378560917127,0.8823803629290949,0.7978019087343942,0.8580047978402218
-0.4911788915226721,-0.4343484995363477,-0.470706433770734,-0.354712761477163,-0.4906149381144488,-0.36095947312257004,-0.42509050705894796,-0.38080524608526134,-0.391893929722201,-0.39444858368393126,-0.38316647497862294,-0.4500798033279957,-0.3800329385412657,-0.4605163952286527,-0.391836754539208,-0.4385259872699116,-0.37516447450248136,-0.3089142064793972,-0.46304817111285584,-0.4148842604751803,-0.3562078760737253,-0.3186856069497915,-0.30441485088466924,-0.48544704409870026,-0.4632620089876422,-0.3964075753856965,-0.48300192370598594,-0.3565515448783599,-0.44124389299297734,-0.4239703865057492,-0.40603410553328007,-0.4493605727642095,-0.3790795596866897,-0.4635366335810364,-0.3513954231963034,-0.46723901059792056,-0.4418611193942086,-0.36061124802223976,-0.3114348384407755,-0.35954662040950114,-0.36852864063622104,-0.400125377115568
-0.9346410791762814,-0.8392980690763303,-0.6263218393490874,-1.0225968083989376,-1.0324598489179484,-0.9823535851499751,-1.0250331097972964,-0.9129586735010842,-0.8871977359411598,-1.0128931479826584,-0.8729437171162787,-0.7970697037368285,-0.7592070621351389,-0.8163653910485582,-0.5802193677940803,-0.7092310126827154,-0.5750501249827256,-0.21331493709586358,-0.2669015787167179,-0.5139884625320085,-0.18217577788392023,-0.06919837888160327,0.030122259265567122,-0.2363063544265958,0.03872966491467462,0.03775151675890463,-0.06134192812119585,0.19258652725845912,0.32916404478280575,0.5009923607884212,0.20468745391942486,0.4693046076486961,0.5704886655684047,0.43956108332921534,0.4552594271867358,0.7526774469473402,0.7802197213111598,0.8904504094359885,0.978223190862244,0.9397025404610893,0.6137448379634005,0.8610546651225808
-0.9609777364956722,-0.6307056629656524,-0.5819338368421035,-0.5879845266370652,-0.6581843784097097,-0.8950801665351801,-0.7290677205496677,-0.8435964635901784,-1.0436236093610178,-0.693947710305485,-0.49762979134573704,-0.8591007495037482,-0.6398779117885673,-0.5083735717696231,-0.5477041075724476,-0.6881100959943087,-0.6056934126622885,-0.5838894719958544,-0.1669875639190616,-0.13302303135052684,-0.07794945831382308,-0.08719530338520061,-0.10952700745103888,-0.16479134996115383,-0.04788385278027417,0.17553551999381709,0.18359283521060238,-0.009156118528140538,0.18103999482235275,0.2680748198077367,0.17927703565251935,0.20777474328770573,0.41150028182483306,0.7133611031117703,0.3551015137078993,0.7952298268845155,0.5259559992337288,0.8553320578481451,0.6665011017945368,0.7821831696591685,0.8295121056051689,0.6537107617726999
-0.8674070437358645,-0.7974244447160055,-0.5932373705395115,-0.7141964621483733,-0.6168002222403581,-0.5956631102454824,-0.5940513908949938,-0.5647403536117394,-0.6007587561403718,-0.4980291256567814,-0.7881817630989701,-0.7239858675671621,-0.6052610456707711,-0.8899967592304273,-0.3473713654517715,-0.6061013562592806,-0.42390333597947877,-0.4164800540236159,-0.13560994236483645,-0.28374910590607133,-0.4805738512484722,0.013564938303709211,-0.24906401792268426,0.010498319209284233,-0.14048772656030115,0.07116498764253783,0.2314453501454664,0.37142784248039007,0.3395271905785607,0.13966521271467788,0.3941379520982266,0.4706243624166733,0.4181087379732823,0.35050597964991914,0.4978595244632548,0.45740685968968026,0.6541420882696789,0.6821542290559779,0.5895887954781946,0.6751881663314943,0.8801563816334621,0.7550075358496673
-0.5765793860428303,-1.0830969873032334,-0.9353405603389958,-0.8019789185103813,-0.6979618460520742,-0.8272950360607207,-0.5874008556449173,-0.6210009497417687,-0.7006803900370132,-0.7742131860595372,-0.5744109108938629,-0.946014714988797,-0.44672455309487524,-0.48317007846443055,-0.3573209670148779,-0.30588434370639417,-0.6188895469276948,-0.23760996888097746,-0.22009008281495157,-0.09652763037928899,-0.03223194589990149,-0.11460390773962596,0.010736279540396942,-0.22895389568095684,-0.20073914304153487,-0.03619297981891586,0.03398143375308036,0.22966040180210365,0.24570946603739569,0.4823521191865401,0.12948254386140362,0.45068411004354625,0.47379652614574014,0.5933074298147338,0.7355705723882451,0.5077968927722344,0.7383519583384601,0.434890123763053,0.7011341032677899,0.8400536985189792,0.9580865765460365,0.6459091295180978
