gfs-wave-data.json
{"header": {"parameterCategory":2,"parameterNumber":2,"dx":2.5,"dy":2.5,"nx":144,"ny":73,"la1":90.0,"la2":-90.0,"lo1":0.0,"lo2":357.5}, "data":
[rows 38 to 56 of 73, columns 0 to 41 of 144]
-0.6773912215567869,-0.8008138072607103,-0.8049123698739737,-0.6974009636764396,-0.7237227765436113,-0.741749084218308,-0.7105198802046169,-0.6071038422738306,-0.46427358911935485,-0.59085560135917,-0.40679291197389683,-0.628883270748263,-0.42830863233016814,-0.588877013819687,-0.7405593390576293,-0.8113099447963353,-0.7463392413426694,-0.814620229984582,-0.8889955698627549,-0.870298413618613,-1.051003127071779,-0.9887374720724067,-1.1136868428116005,-1.031455030768093,-0.9946881693349809,-1.0812413693393443,-0.8887772903065092,-0.9698033999625206,-0.8235251638852144,-0.8804958091081314,-0.6165728327350736,-0.7244220481044883,-0.4601452831278766,-0.5004951405781674,-0.475511312893959,-0.34939331504396726,-0.27204308264485627,-0.29189565111481347,-0.3066168701034313,-0.3036200286763024,-0.37553197185671644,-0.407191012324881
-0.8046576879613458,-0.8434959570535622,-0.6910964478352362,-0.8106081291522755,-0.7758430623614693,-0.7914429911144295,-0.7946150079673984,-0.7945254717001347,-0.6262948827264667,-0.7122019239124281,-0.5567472992437439,-0.6148514845753112,-0.5276888077898235,-0.4588635526282892,-0.7474208918187749,-0.758724956021311,-0.7328849044521093,-0.7061568916385339,-0.6943593937722705,-1.0641301525929765,-0.9609232142083763,-0.9974869663097188,-1.0694455076976015,-1.1002486931965914,-1.1109872094158608,-1.041462288592014,-0.9555759251039172,-0.9158324034334407,-0.8412331787723607,-0.8342738906224981,-0.6182649073259425,-0.723865441830568,-0.43176561060930885,-0.48928885843628955,-0.3536558710373558,-0.3298270558194835,-0.2353000407576658,-0.349249129178878,-0.3032387159840798,-0.3201739775308447,-0.408496799806102,-0.4002360178400932
-0.7961977154562501,-0.7270223543867893,-0.7815170944960964,-0.717990212974791,-0.8842570238766126,-0.8179242027260406,-0.8406802213636438,-0.7604904172240673,-0.6251643891223043,-0.6616794059950489,-0.7088602897382364,-0.6581333052691466,-0.5817907847686349,-0.4277838303006242,-0.542530420835226,-0.5624534745838812,-0.6143366580606814,-0.8419060899652032,-0.8301773829277272,-0.988831869896868,-1.0346658850473147,-0.979266284947176,-1.101513799186165,-1.022881689225385,-1.2048988970263064,-0.9920347208014522,-1.0559897271750047,-0.998558813706668,-0.9406366231224279,-0.858381420549383,-0.6284947469964873,-0.6070350278565598,-0.5460682484983362,-0.5780511040950602,-0.39491684995175536,-0.3087910477005407,-0.4983658896894375,-0.44753557751389333,-0.34161869985121457,-0.4330486931493836,-0.29580383799339055,-0.39827501244054503
-0.7331056670959375,-0.7869608076726637,-0.879390036116222,-0.7603274400431853,-0.7962790009363494,-0.7013622572994732,-0.7613879158624087,-0.5118810252998187,-0.700760910722788,-0.5616810919664597,-0.5712279629758532,-0.4160543598863503,-0.5178936411661311,-0.7041808687390324,-0.7393236458340406,-0.6289074193988011,-0.7560344231052963,-0.8216123947034246,-1.0460588063620608,-0.8667496541045077,-1.0998424108618328,-0.9396627786972382,-1.131294570032211,-1.1458680226376066,-1.144873728433667,-1.1945947406165778,-1.0105894943518035,-0.9540156952142207,-0.9257444477364098,-0.6942448896808443,-0.8318012169249431,-0.7477154521833956,-0.7339144284447238,-0.4152950741561881,-0.5060912551945599,-0.48455703851531445,-0.2820801954245299,-0.35801366034071685,-0.2619666854297199,-0.3787423021491611,-0.3580463339282637,-0.4368723130753318
0.025711166006088245,-0.036598353779029334,0.05632023316573578,-0.013891874554778593,0.03536254169218451,0.050592564960444585,-0.03344878838980845,-0.03387040037195746,-0.01976907982222499,0.02465391029743026,-0.0036708728533209585,0.016628615864565252,-0.020479649525334563,0.03833772624999833,0.04382631074616938,-0.03897290887409883,-0.024391817948112807,-0.048846407869996666,-0.022130531153515084,0.011501259240018148,0.032801439244197324,-0.023743507543168414,-0.009926930295418142,-0.04104976689026742,0.009998476776520743,-0.006839916122789813,-0.046927837048337084,-0.04750533162202649,0.026660747039919594,-0.05422419196259192,0.014018533698687118,-0.016155890955817917,0.017020087753513203,0.013803049139887301,0.02335186750840117,-0.011247343586691142,-0.02593416830777728,-0.0026233816710424466,0.02345570539680507,-0.01036410144063857,-0.001803491474515056,0.027634631092694675
-0.8835670337649241,-0.9579331457701811,-0.9576522717787631,-1.0002896676750095,-0.7993289899782205,-0.8264648839727554,-1.0626821964413087,-0.8690961320343179,-0.985102454052052,-0.9127204831286121,-0.9738279279533494,-1.0195708376351316,-1.0923052394068027,-0.9363443929062688,-0.7917638271924436,-0.9987109459281118,-0.7415535242636926,-0.9596656664871795,-0.8091754203408694,-0.7662518344720989,-0.8666031460848486,-0.9399894728822213,-0.7191044127352088,-0.8938821016288784,-0.7537596791198524,-0.7268719468795006,-0.8752797900366487,-0.7620599920697376,-0.7581939785913694,-0.7227173945440181,-0.8820675151997346,-0.873775402662804,-0.8688645917945932,-0.802198305821401,-0.9500197400462498,-0.6641452320806228,-0.809487978100184,-0.8558618206095523,-0.6531435824519956,-0.6829820884944843,-0.7934723222943549,-0.7007075681700918
-1.0055829908742324,-0.9156589021465162,-0.9159800084513628,-1.0066084384105376,-0.8026693063390318,-0.9479278262781882,-0.9135565675558597,-0.9725291495115083,-0.9942151087842033,-0.9647696877170946,-0.9388597000328482,-1.0201226765804456,-0.8865916205046185,-1.025174077190261,-0.7899787897052134,-0.8326946573214421,-0.9785396095488031,-0.963552663179193,-0.9944119748770976,-1.1126005083450206,-0.8141168571150045,-0.9485635323852856,-0.8588103415819476,-0.7824091149196197,-0.7695458092988315,-0.8628892376527171,-0.8321525850068245,-0.7938675645685203,-0.9559767895671717,-0.8886292228792322,-0.7050738404865982,-0.8897970710948814,-0.6801099784416509,-0.9460059959173877,-0.7562180572302272,-0.940984982043183,-0.9044282248895177,-0.8994132802301,-0.6576466477801801,-0.7146155533513323,-0.8583364031337913,-0.6957207873226638
-0.8545543162549502,-0.9327432409566454,-0.9225143569590638,-0.9134085031995043,-0.986729262328046,-0.9670546112481672,-0.9838011605503246,-0.9153952283449653,-0.8052833966236028,-0.9769495665021146,-0.941099452599279,-1.032570302121455,-0.9454269102313573,-0.8926810731439448,-0.8827066235089447,-1.0470967956251793,-0.9462265965918342,-1.0262216013424805,-1.0352272397996096,-0.7972909629670973,-0.9831024169894519,-0.9778925712078694,-0.8848818314797663,-1.0658360936344762,-0.88769003711686,-0.8733048616846187,-0.7735285957180937,-0.9171764264704805,-0.8995123132270975,-0.9218524361122062,-0.9673756722561843,-0.820439308023523,-0.8594995333406293,-0.639007833560738,-0.7327379662489071,-0.9541688526721646,-0.726005800752605,-0.8857983069951738,-0.8868195996844935,-0.7893336874408212,-0.6213284657535585,-0.6933143282677713
-0.8946480830128338,-0.8859190016501263,-0.9957738738506071,-0.8934643617787073,-0.8882215668172385,-0.9107658052087692,-0.7824078572798037,-0.8431235529410165,-0.9903218004135204,-0.9600887693135721,-0.8579968976143364,-1.1043223498235866,-0.9304532436546205,-0.8505927907572691,-1.0622487907612816,-1.142882267807879,-0.8282535387651648,-0.8751904991334434,-0.8569036687337754,-0.9434235025558905,-0.8789426951704703,-0.838637139980683,-1.0335876719526,-0.8414432570873815,-0.7818598574325917,-0.7690508910645625,-1.0253367099021755,-0.9675056033615128,-0.8458422165906905,-0.7135832113241417,-0.7093736661387904,-0.9096766452428429,-0.9841610428610342,-0.8075049567050387,-0.8303004929274488,-0.6710611576990039,-0.7685999218151461,-0.9375501495848813,-0.7388374757399155,-0.7786371608020288,-0.7383109558624923,-0.8416842772648689
-0.9515901777483846,-0.8123942507783786,-0.9374458521707805,-0.9891432930272024,-1.1154115782960203,-1.0120153060145258,-1.1110683922098599,-1.0168066194253766,-0.9817389214622654,-1.113346121025682,-1.0374698624840564,-1.1499039239444047,-1.0038306010684095,-0.8453049664284791,-0.9918877577710081,-0.9895546670016214,-1.0200549325859232,-0.9999473669909669,-1.0011569674061558,-0.9379634110594879,-1.1154689644581657,-1.1389618370853092,-1.0224034499314354,-0.9438358482947918,-0.780775041028945,-0.8620717450529677,-1.0154184356223284,-0.9539859364967512,-0.9826654361863815,-0.9939533550260987,-0.7484924909055736,-0.7535379236014591,-0.713491375870009,-0.7871033354899066,-0.9348572083304433,-0.9878528657382283,-0.8355611479514962,-0.7151511592525474,-0.6244018406966829,-0.71066269803163,-0.9275946160641031,-0.8669162786013426
0.045481119959561486,0.03848693475998366,0.017549548791490295,-0.021575065865996754,0.03297940704328247,0.025134356063790667,-0.04783395840741321,9.600468144688626e-06,-0.0437808407090224,0.06249449352593121,0.04259086851989149,0.028211619349542704,-0.02233438338088589,-0.033130731982586946,0.019747166899618068,0.006501733553153849,-0.04139554595653747,0.040446375769855526,0.04379149851143173,0.048938991366268815,0.060273347067231364,-0.04420738756711926,-0.018184337839328654,-0.002672865700874188,0.008294057161365479,0.029009916087230178,-0.041198818338546966,-0.004587237213123441,0.0034382794089979013,0.05107271463391099,-0.028912906261906665,0.002416445574493799,-0.053028637835903086,-0.046017349556833224,0.03810179678724558,0.014062689359992329,0.01481617351920296,-0.018925728853129604,0.01941135678334461,0.050408173655468354,0.021671683376068947,-0.008690276021444548
1.7703227009161195,1.778889888511541,1.7521142296206225,1.7543904815786977,1.7591395848968707,1.717893920681706,1.52257337911848,1.4939169303064619,1.6011772193406681,1.5361933512407044,1.4508928139070227,1.5955105446181912,1.4015796462292462,1.4353673069985047,1.3211240491542757,1.333608870528681,1.3606627386054584,1.4807950633842932,1.1615114548416487,1.4033209493746521,1.2304690922078156,1.274501765116103,1.2508033076035852,1.2078962516590614,1.2326928769087608,1.2790930149268511,1.0655404061125142,1.2739043809064734,1.2298198219940606,1.195135947647428,1.232497722652811,1.2741043287802762,1.1088219743345133,1.0115885871301038,1.1056471556478005,1.1007284459826545,1.1258168551071461,1.0314806997575598,1.1273461851945665,1.0442526465949928,0.9278781611280195,1.0174875448145757
1.7894937106590396,1.829433618063975,1.6909976048986137,1.7048734605116616,1.7126388503627035,1.7064866002345491,1.7755308019167886,1.6532642862684692,1.6157483785094113,1.5163002845936584,1.5904026570976686,1.6952123360680385,1.351080705135135,1.504981047267517,1.2732443763750796,1.2535370814761626,1.476070708757518,1.4098880783580308,1.4047232240491347,1.1378127342761244,1.13398513894032,1.2508279937079099,1.3790317037663713,1.3112713738405986,1.206129339367137,1.168752662749217,1.1721996234991585,1.311464921718679,1.27285348011179,1.1326796388671323,1.2018011316201969,1.1670487552224422,1.147382343656673,1.1903845189388078,1.0399166268698519,1.144086275288624,1.1645794721667109,1.0143133460323952,1.1374420919465844,1.053773933771255,1.0747646596026508,1.01582643138361
1.8029505867903688,1.7195156335281732,1.6945400396429007,1.808105736252925,1.7160212609303758,1.7206565931659703,1.5763961364838246,1.69590266234957,1.6127643286430526,1.4527314782640206,1.529587236726215,1.4495994385126176,1.4543017400351954,1.4879973883957955,1.415554190414391,1.332072888639256,1.4525728563977185,1.475619807400971,1.1746957411247059,1.2484799077201612,1.2855914293223618,1.274847778300103,1.2823515464584392,1.329470398544824,1.3879178620945498,1.2115891152163603,1.0968386176180713,1.2921517066956256,1.2652841485796729,1.072470930467426,1.2502747497213649,1.142507996452837,1.0921505060107768,1.0837900961076032,1.1323751839591938,1.1490724042608398,1.1104318448626076,1.0742665326312228,1.0053194770299791,1.0521682033124422,1.012633353028781,1.0498091637395628
-0.02591605630777986,0.030732826528135273,-0.004257529015280645,-0.013108560641263811,0.008325747641223777,-0.02993650250491496,-0.04273983790229754,0.0022126629351015056,-0.028873409426672794,-0.058757257304057,0.00821456030273506,0.056205240035118204,0.005469598461211568,0.001331739333836076,-0.003967675923765434,0.018892462369357634,-0.06503985252623337,-0.051563922899660414,0.040739552026844164,-0.028559864191873074,0.01680391623086643,0.03567141626795599,0.013161946097611238,-0.0014511617445348635,0.016295790312356135,0.02080866584358776,0.03897199924604516,0.051082673593726806,-0.03077258682517241,0.010378047673476493,0.05727390557671216,-0.011808595275385641,0.026551850780182927,-0.017825458086524932,0.0049047953745501955,0.009558145281325741,0.047176961801141115,0.05782782581310524,0.007556934943439317,0.015818047008722903,0.01532155522444729,0.035468939807239024
2.232894062711859,2.1069602442597843,2.1394026638100407,2.158070210762978,2.136443502939362,2.201489925619295,2.380510926509662,2.3400436760047327,2.268813229168243,2.1631709071360503,2.1267213481526785,2.1094656640789378,2.4783168643737774,2.066482795351135,2.278330751338055,2.3733114243093074,1.9595165971598976,2.371816112409178,2.1846101176339014,2.151004901447907,2.471336596083356,2.4456388975548298,2.405911336468366,2.3443210263575094,2.574240662916493,2.6068165929999156,2.537662606748171,2.533774885420662,2.8697831147891586,2.798996192502328,2.7490137116940057,2.848294831123254,2.847283126341365,2.8487843283222403,2.7817459488252205,2.9000093033177268,2.8841558162601224,2.7922954130553137,2.8506151723181765,2.8416103899166525,2.8286867457389384,2.889467121704142
2.081062801298657,2.2337778394598695,2.2711114525908176,2.0974752168530206,2.2150019543998365,2.3328271221923798,2.194926807111988,2.1731373058506103,2.070607731473151,2.335636978914867,2.0917400327298896,2.1078177317315983,2.389839617625959,2.07956403221967,2.250604916024677,2.215285348365461,2.52365670382103,1.996581396813686,2.4124444425083316,2.2508418706450577,2.508828665223773,2.569094307450383,2.3495377845619445,2.6763334649119574,2.253857013946953,2.251292698696764,2.4537242775517423,2.557064059176352,2.5823547327151433,2.8222923196264498,2.770608236976409,2.8358120019780526,2.716273211347976,2.925168493882612,2.791002581682536,2.7696118138978787,2.892029029607414,2.814000145130753,2.9452494154087905,2.958665984237186,2.791333887455378,2.7258341732868616
2.215641057728062,2.1955334966392406,2.119691473191753,2.177834033867925,2.1799883545017162,2.1324802867559374,2.3543569697294093,2.208962622797665,2.267488787797751,2.4468739064069864,2.258809840028274,2.2590673503736842,2.1675822875239428,2.180444067561704,2.2008784212419634,2.179949371311641,2.053430387687504,2.1357631677507185,2.410720394196847,2.4648738614595946,2.381414300204221,2.16105450127017,2.6601867974319333,2.525613154516415,2.380112251205639,2.655553630946857,2.4101754685777865,2.4869135548345858,2.6439001302360277,2.6820507324832805,2.700383633481092,2.798279427391569,2.854029614018437,2.8729982618902645,2.9173465728067898,2.7965993720411064,2.9669081125547447,2.8336531418224498,2.9833431213532804,2.98042396288672,2.745183406266644,2.880821802575671
2.2239576033712267,2.0937701783381604,2.148437921066225,2.1367912934887556,2.1069760442711383,2.182077626870569,2.4071098464188276,2.3011748453029752,2.1948090350138267,2.0875469182663866,2.0738867477857132,2.0448798808082107,2.3601547604425903,2.496858555692888,2.3082022270666473,2.255592363366447,2.0528050076753144,2.4133796288628497,2.097663394835904,2.472662716983147,2.4786495909263504,2.483747018265146,2.5656920789155566,2.309282001096847,2.4506139308112407,2.5756695132212704,2.649036428719874,2.486234010802389,2.7539601907172435,2.7607876313836206,2.8404227236444277,2.761743173127328,2.8608260760251536,2.8601631199031745,2.8456945871436217,2.9842172115552814,2.8374019492253697,2.7957413817704535,2.9436166917496465,2.788762763165359,2.806058906443347,2.850611439356354
