gfs-wave-data.json
{"header": {"parameterCategory":2,"parameterNumber":2,"dx":2.5,"dy":2.5,"nx":144,"ny":73,"la1":90.0,"la2":-90.0,"lo1":0.0,"lo2":357.5}, "data":
[rows 36 to 53 of 73, columns 42 to 83 of 144]
-0.29466723158398905,-0.45506967645885504,-0.3171674187111779,-0.39451137562119215,-0.42078455942392995,-0.32711108747012213,-0.3070989689459466,-0.3049022979856923,-0.25103013747422703,-0.40013541301427336,-0.19783926536429772,-0.21772795091774774,-0.20999075132885722,-0.2377426131553857,-0.20285042027264982,-0.18461789862909272,-0.18265944771061815,-0.17187641780974075,-0.2271421995120786,-0.19560136018890248,-0.1905451711911925,-0.17362009440109152,-0.2974876137444804,-0.32379728004757563,-0.37810226535408925,-0.42884961953053874,-0.41937496588173934,-0.648152109316806,-0.6173045320380515,-0.7308432334349384,-0.7688208639548629,-0.8252645619297067,-0.7209112644371489,-0.8052288962431747,-0.8377996935672094,-0.7937210292586183,-0.6068515242259664,-0.6133751440496936,-0.5817361697330709,-0.6514328640445523,-0.5963728613164435,-0.44871959951704304
-0.32202172186159767,-0.323608389403051,-0.44637756316564137,-0.4115919887855524,-0.42025339899402553,-0.3133130960944643,-0.33276451135073454,-0.3269411395961512,-0.36927329563650524,-0.3984027614083739,-0.2554871689827179,-0.36090044896302004,-0.3238048653090263,-0.28741170426116075,-0.12627402871827956,-0.2634288658308732,-0.20213588546053463,-0.13793302387333517,-0.2188507992828336,-0.1280422090099051,-0.19079880099843102,-0.2145495005450467,-0.25013544073002786,-0.39826941152380957,-0.37633546467458234,-0.3976945882895996,-0.5742842975724385,-0.5091998760291073,-0.7072863348921774,-0.5793313790139989,-0.7287794819108941,-0.7679937604100256,-0.8525959793727723,-0.7046403386219479,-0.7629413715110452,-0.6230890232562561,-0.6145885903697684,-0.6711370805516659,-0.7661914453114229,-0.6352330537649281,-0.5989587970387507,-0.40104339405113515
-0.3261755818777467,-0.42786332700727964,-0.3329439274525386,-0.478421353361344,-0.45800683031712597,-0.369465486238742,-0.29121125488217325,-0.27786698280002037,-0.34223752540983415,-0.34049619785714635,-0.40903733092538785,-0.3043926914252089,-0.23403130963159074,-0.21551602047785745,-0.24286904138742088,-0.2084299897240661,-0.14652042143122065,-0.12469292331442361,-0.13232742066690908,-0.148320824356743,-0.32330144345353573,-0.21943816188426352,-0.2522558813997774,-0.3264064041887314,-0.3642243279705865,-0.4071882340903489,-0.5849140560264128,-0.5728502624388445,-0.5917684580149021,-0.6018212288001279,-0.7490520870036241,-0.8253692418186389,-0.8374936652667231,-0.773191755843931,-0.8050648479424414,-0.7974817962431376,-0.6673459688500609,-0.5389769535759742,-0.6618862945773434,-0.41431527221952963,-0.5937426130912223,-0.6000430142479567
-0.49157686155203534,-0.3453565174390802,-0.4729213164435146,-0.4869578416066218,-0.4899500450206786,-0.4141268332515271,-0.43456787329004576,-0.3635363224239078,-0.4233062256484743,-0.4290894415599772,-0.36026269380867254,-0.22206259591787542,-0.23461253739462007,-0.33039019626694316,-0.2052417698783347,-0.20685631853568537,-0.15318849576284102,-0.17988930134877468,-0.19376313770060263,-0.29266008184743025,-0.19936408594652463,-0.21947863237928847,-0.2738503191104444,-0.37830093810562265,-0.40321730782247595,-0.3851303545218169,-0.5604676068458074,-0.5962284234966514,-0.7110836095044478,-0.6837099258922466,-0.8372456212736354,-0.7897698378043219,-0.7998029418326122,-0.7121590136072522,-0.7293772151400368,-0.6862605421534757,-0.5603084292362047,-0.7044027081416531,-0.5097301377644483,-0.46709282987122785,-0.5302962278447655,-0.4512891763744128
-0.5043020006853904,-0.3369934362335277,-0.43550483994513156,-0.4721377981724254,-0.3620168662983537,-0.42611372035071626,-0.43470949082658705,-0.3116383484500085,-0.33542237351133386,-0.4312580394725704,-0.3543160787793859,-0.24635940658554556,-0.23880742276577366,-0.25140715139579706,-0.23969688015530977,-0.16425563466427556,-0.2408574950153479,-0.1685528900862179,-0.15382981786346367,-0.21242957464927534,-0.24587649321982302,-0.3553569440343465,-0.4017497866696154,-0.2998000995401341,-0.35424572646286123,-0.4183022090039616,-0.5233381314168579,-0.5692650450054307,-0.5630800672208831,-0.7357518403273586,-0.7990334251408286,-0.859619532199433,-0.7665081253174317,-0.742367931606609,-0.7287191648280084,-0.7205296680473856,-0.6182407918600208,-0.6772229620431649,-0.5813424758086756,-0.6751520791731374,-0.48754932149469954,-0.5043609643775623
-0.440760983991964,-0.48490294761370767,-0.382632385118397,-0.5141443328010168,-0.511820995120221,-0.47111310911983345,-0.4168375082414889,-0.46003982035898655,-0.35590276309457264,-0.41273975013781844,-0.3630431291304715,-0.3189540029513703,-0.2538348991410908,-0.23226736397928693,-0.2594299336223699,-0.20844267016392617,-0.23377592981254497,-0.14564422182958883,-0.1418560878997246,-0.1847270344719345,-0.33058016566268905,-0.3024866172805838,-0.2930492610199327,-0.3666950782196156,-0.4816932559121751,-0.450489859296241,-0.43174541504975844,-0.7148523594916445,-0.6130578625882811,-0.7928372097778787,-0.7836466750311636,-0.8785237307524948,-0.7308236272328614,-0.7567407556217147,-0.7953395695910882,-0.7342095736664727,-0.7021026373663501,-0.7155156739560984,-0.6073158563214558,-0.6089332378671263,-0.6353460918146459,-0.45348641561727826
-0.039737108492319276,0.011899151619528052,0.033636135163662206,0.015409224321012506,-0.04845408339500171,-0.016584217063709664,0.03344549584133781,-0.011322499433110714,-0.04397879187993032,-0.01747126485638389,-0.0161904831476199,-0.040291474433076825,-0.023027216694552433,0.039484193671128105,-0.004177252041134194,0.03133490102252845,-0.04852963183678203,0.00765557571965309,0.0438400886694685,-0.004971934703585422,0.005792265562400577,0.0048100663004974585,-0.045793923305995285,0.0163772553489397,0.011770129642629603,0.049857116137274275,0.048466142878463535,0.03029175837585444,0.02002552407672211,-0.0413754299686839,0.0056691258689385345,0.022572573990498432,-0.019090166861415438,0.002115133707169338,0.021542142836883913,0.027514319958919144,0.038697367166273,-0.019979858936715146,-0.02051793519665487,-0.027438980757815118,-0.009848031120850627,-0.005163835766784998
-0.8534756063557919,-0.8158780346353827,-0.6238906376745817,-0.7734692404229477,-0.6331740577403316,-0.6676730974031978,-0.7529525846141853,-0.650603561412002,-0.5575403596862385,-0.7996171175370773,-0.6239602205103886,-0.7522213569186099,-0.592367873262279,-0.5968439331667198,-0.6491896043802788,-0.6691027241889763,-0.6521540960329627,-0.5628242791282793,-0.7088960670580523,-0.6884884155360962,-0.5920705781475847,-0.641325020603479,-0.6917157335353986,-0.6392225497212142,-0.6267409835025926,-0.7402887928620412,-0.7236422567246624,-0.5373916595508412,-0.7363396141937504,-0.7155337584623991,-0.5941108652544437,-1.1045554959842707,-1.2320049489613145,-1.1521024775159623,-1.2651492926618042,-1.1175094084466042,-1.1192671857190624,-1.0653057754315713,-1.155052255986835,-1.1006043649812194,-1.136399670976543,-1.2336156347794107
-0.8238132998127579,-0.6172997335537092,-0.683940437444676,-0.6802604510653132,-0.7962974282141382,-0.5723683299344741,-0.8474958156850626,-0.7651463200264722,-0.6274880590813026,-0.8430427359699229,-0.8178095296473765,-0.6453371933121181,-0.6490695175945075,-0.6886294553730897,-0.7611694211026604,-0.8118693173978186,-0.718609126185223,-0.7682618781529591,-0.6659242299833191,-0.6728411134976742,-0.6114163069742652,-0.700504332543033,-0.763483444788365,-0.8318772734249942,-0.5588346089352976,-0.5695941650640756,-0.5991474187380047,-0.7205087451348191,-0.6228609766285862,-0.7024609396583882,-0.6508424232204204,-1.07611965011259,-1.0583390243370092,-1.142484908063124,-1.117504290530667,-1.0917783725885746,-1.0583955545037096,-1.2647420339673572,-1.249948718762385,-1.1476620262240282,-1.2105311996378405,-1.020196967763795
-0.7775873025773016,-0.9685681053337462,-0.757491712409391,-0.7354714255311041,-0.6511966373775163,-0.6784041658214077,-0.6929578756482383,-0.7800338422535013,-0.7101559153209089,-0.7505409222028128,-0.7275120375863176,-0.7915047587503142,-0.6988769511576435,-0.7026167720598976,-0.5901712314227398,-0.7329904145743745,-0.7839824626536935,-0.6980387029382127,-0.8309241090915452,-0.7185722892253233,-0.7031158695104799,-0.6280243407046049,-0.7878051691038254,-0.8086655644431964,-0.6881958731202267,-0.7090296479055471,-0.7243595736544763,-0.7628895980366845,-0.7556012871800293,-0.6684154543091455,-0.8381360293290837,-1.02861693615715,-1.1864245054693079,-1.2495352477226636,-1.2860835585165693,-1.3194962092853455,-1.2805750957819169,-1.1722905773724848,-1.1803848440223759,-1.1698201160128865,-1.090617039083502,-1.253095309839408
-0.7163048743737771,-0.8830093580466555,-0.7019727903794138,-0.5839708478154461,-0.741960493305984,-0.9013223721438004,-0.634867243103895,-0.7527633724158773,-0.7176998181374127,-0.6321384720564898,-0.6763483392267498,-0.6385844561725353,-0.71179176805953,-0.5912343453011668,-0.7516715157200631,-0.7415237454257462,-0.8180605908939241,-0.7619226203161795,-0.7548566189932108,-0.5998469092453445,-0.8198561073161426,-0.6061484833295364,-0.6568099439160221,-0.7426999781284387,-0.7308318320987828,-0.6338294942234902,-0.8381750182198515,-0.6591918332795367,-0.698470777436838,-0.8652259100692059,-0.7014264437371173,-1.2053498739260868,-1.24435560576447,-1.141904173658076,-1.249687714482182,-1.1890876573874756,-1.200733419949255,-1.1629315270936205,-1.1667203526483898,-1.2588254425374372,-1.1722014394843006,-1.1425396779924417
-0.6396315379718148,-0.8465273585202386,-0.7598270979238289,-0.623049732446764,-0.6845895532397667,-0.7516530067148753,-0.892311171777032,-0.7409675990441931,-0.7598776575759031,-0.6201764935834938,-0.7374025708640455,-0.7174730242508724,-0.7654640177173966,-0.5845988585852061,-0.6513823675672433,-0.8347729558698516,-0.7782559397887217,-0.5909022120433846,-0.6972355379016237,-0.6453457402130172,-0.700955329307834,-0.7685940149707249,-0.7563434078946389,-0.6426093470796409,-0.6726414325375715,-0.8153209101727845,-0.6458937494111356,-0.7242933698427005,-0.7604591386194386,-0.6114890292355151,-0.7011936338436455,-1.1030056374195083,-1.1455971072693607,-1.1594392452784152,-1.1464566603975388,-1.150703916369128,-1.0874535595252128,-1.203823129891652,-1.155191181521806,-1.3330219341518947,-1.263331307622529,-1.219298811297047
-0.059936940034535466,0.041425232241578416,-0.050942588870422426,-0.038187120692916326,0.03187831954999491,-0.014475314326894124,0.015843692613736082,-0.011022743725427993,-0.0423110091513213,-0.029527399016111285,-0.03938930584352733,0.027834814508365963,0.03312754816251135,-0.0032052975396029615,0.05122911511946703,-0.06745618035084665,-0.04175414815563625,0.010366083627974974,-0.021105195627823505,-0.06270841759432572,-0.002316736033331526,0.029476305153782696,0.04074055440430936,-0.012597847609415867,0.005125205260372001,0.06397530413415235,0.05486842033091938,-0.06306980153658638,-0.037121899335886055,-0.006876403912593191,0.006996455595037269,-0.05798615060576171,0.04342107128698486,0.05567701828417195,0.04255757184012159,0.03552104206127365,0.013369970519800338,-0.046290608206222196,-0.026662658590500946,0.020919452381602494,0.03048815046442635,-0.01948091449035994
0.8889862000125065,0.8766489140226434,0.9347827789731223,0.9318034664431563,0.9691239190270123,0.9374696225835312,0.8851587232614213,0.8069356322563052,0.7592561053172974,0.8924751686510742,0.913911023838631,0.9073594235676059,0.8170258420202681,0.905605963298524,0.8393029674561098,0.8698349895943867,0.8061228436913647,0.8861504938379394,0.8681422705718508,0.9655113448786105,1.0102119851526858,1.0246145519594587,1.031196328197972,1.156978912798594,1.1736938065448468,1.261291203874434,1.310254775796486,1.2951219262839877,1.2239757739401869,1.229206534807419,1.376480118760234,1.3574772805889894,1.3174952017320165,1.2404960665050444,1.189892868973881,1.2976381661015632,1.234857550684322,1.1501873355896475,1.1740641029617578,1.1085580542377573,0.9217677771089039,0.8776679759245595
1.0520452652375765,0.9965631862593191,1.0097083351930312,1.0356413276044505,0.7968921817827619,0.8341770108050108,0.884215436039993,0.8616418365706018,0.8784282786523977,0.7997307033677783,0.835844958078657,0.7921877533787991,0.8800471889194755,1.0343859245743843,0.805658066297663,0.9047279527133439,0.804070044754117,0.858523258987077,0.8881607492598709,1.1082538127691393,1.1629397445122132,0.9915975181358943,1.1293119029243557,1.0679634978256112,1.1937652766421318,1.2694214981869112,1.314367867394992,1.276049116174277,1.222333100938811,1.2374416836914426,1.3627732140471125,1.425471870892381,1.245356490054649,1.3754975784490941,1.247773078731557,1.0749200173864488,1.135370879035588,1.171807412033935,0.9993670093298205,1.0587815004839336,1.0096129872712238,0.9888702641229985
0.9908000523404146,0.9628258526860112,0.9388056851706957,0.9692728980972646,0.833417740635791,0.8427638698695274,0.8397024063144757,0.8601695034054101,0.8076423400780269,0.8652820159600852,1.0172635454589019,0.7741739644465332,0.8517089286514877,0.9894806450586255,1.0188194856002397,0.8754586156090273,0.8982490460732403,0.9364443936278051,0.9705823071585832,0.9660279920979161,1.0433087548906794,1.1057180835869478,1.0417151728482663,1.1040996533081,1.2592396658785814,1.339685685574654,1.3678551103091685,1.2617702893427678,1.4137253073339502,1.3200875475907086,1.3558007007930775,1.3313127880612174,1.2839126138805605,1.2091787170416899,1.1750667164971798,1.176899580210307,1.1602339368652184,1.2470430042358385,0.9785580646200711,1.071943916102819,1.1139794705558548,1.025294492851508
0.059120087307804166,0.05831696343157056,-0.07060785349374618,0.047754196017479135,-0.008817235097787153,0.029238994717840475,-0.05582923952161648,-0.00506826859315989,-0.0016679895666861166,0.060006371976254386,0.03543534472787664,0.024986791287114916,0.031145327171629503,-0.038493393565645885,0.0012009104858498301,0.007719575292676679,0.04065797336552955,0.06184018380941493,-0.013614326892024343,-0.06496020618604643,0.05859135068517631,-0.03190330340817817,0.027426117219865986,0.0629142004554351,0.02548901785171982,0.028968451924923203,-0.049831016788223555,-0.04925439911879622,-0.01744618917746027,0.013492362082717268,-0.03435510164249809,-0.025844816180172994,-0.061211783434776255,-0.058796975500704944,0.056011617821696176,-0.018052440665306473,-0.0193821042357449,0.03837256290501833,-0.002908034670808193,0.047179537846843055,0.004066878489256632,0.03567033950112135
2.9187229481713626,2.7616075846249766,2.6259946196804225,2.6216372565300863,2.6288761437543475,2.456346085807953,2.33118762499356,2.5626404847862094,2.474821518825234,2.273067453081862,2.1040096396554024,2.483336526380443,2.414943352355678,2.1888681890811865,2.129077703542208,2.3174795455365196,2.1233155543106665,2.2492629918718543,2.313389067165268,2.1083611331778447,2.3390267481953373,2.4048573670928985,2.126806773777102,2.1341041097266444,2.392172664194692,2.2386403034964397,2.177101805756685,2.2395245305390636,2.250542580723764,2.1308334483960247,2.078436605502367,2.155104839706708,2.022520275918684,1.9795668351356661,2.0849981671869773,1.9854568064628548,1.8615426454313488,1.8345810649876488,1.8296298434265341,1.80506119460713,1.6582736298079646,1.5279745547484782
