gfs-wave-data.json
{"header": {"parameterCategory":2,"parameterNumber":3,"dx":2.5,"dy":2.5,"nx":144,"ny":73,"la1":90.0,"la2":-90.0,"lo1":0.0,"lo2":357.5}, "data":
[rows 0 to 18 of 73, columns 0 to 41 of 144]
0.29539743704269966,0.27564493100347115,0.33904447482324007,0.34940682208291934,0.495294249288511,0.4557163982427795,0.6465639510139605,0.6948994523425662,0.7152275988010974,0.7684217625527591,0.726651300253351,0.9008905031987284,0.8839695400223465,0.9020479913903552,0.9010576500499498,0.8937562841987688,0.7199991951128407,0.7360075352182667,0.5467763797075255,0.5300196632551746,0.46869439355111364,0.5374487404741788,0.5808904300591295,0.5872422202700426,0.5295637678391465,0.3584407609239825,0.4705695812036595,0.5487538633624413,0.6225316681582158,0.5058406489907359,0.652801467433816,0.5776348951549968,0.6207223623347221,0.6824268022597124,0.7493782340665653,0.6952532798433818,0.6181628201107279,0.6689948859004512,0.5867518044129285,0.6571362893850022,0.4462538790210775,0.392120651653416
0.3418562772128797,0.3593109762955317,0.4107594801014055,0.42529036935759545,0.5202433274465239,0.5492008944461508,0.48556021754279927,0.623725414065519,0.6007087591492036,0.6870376901661687,0.8709449700030358,0.8329738875862328,0.8025792589913824,0.9155819747552961,0.8843367000196293,0.8981889276679884,0.8947754092719571,0.8317229742973273,0.6636282081959715,0.6637408645518671,0.4508143829007959,0.36904019496706286,0.44877266601250465,0.5052936964338504,0.31431699372177385,0.4844121952327406,0.38314751903714755,0.5021769197845836,0.6339643699409498,0.5349646107715625,0.5646239228529276,0.6410677357045206,0.6422136291025414,0.6018290001763528,0.6010808735716322,0.6578619401854494,0.6003720569323147,0.6547698912116099,0.5301281328282208,0.5125757111856761,0.45611735813769966,0.4970510081087725
0.2844518319040102,0.4194246334263161,0.3352857376530549,0.35526045309338056,0.4484407584849556,0.49440964348333793,0.4455041920292621,0.6029311379010953,0.6434606751582282,0.7942005792277514,0.8139092319056288,0.8694601134932214,0.9464121274227596,0.7501114459395243,0.863222169020125,0.7870096105659655,0.7293138670566062,0.8776703400498633,0.6374101334888873,0.4967429803303009,0.5905945815571396,0.5641289342760153,0.5074269420413836,0.49591362861253,0.4480067892230967,0.3615719170551922,0.4347011861661336,0.5337699036903681,0.47027582270430834,0.44445146242807376,0.5568580620721804,0.5134441017773447,0.5908949839945216,0.6983340614053257,0.5842148089619054,0.7375939835732892,0.6171144649176145,0.6979124403129301,0.558011904662727,0.5653421194304586,0.4962615508342723,0.4287671142642927
0.25986115470760396,0.33083823623787306,0.2579121064406646,0.5161357273280812,0.4136099157539484,0.4812761899529022,0.5072821145664568,0.5708447992634208,0.773083961930382,0.6882883027265619,0.8985730709872516,0.9458993406644935,0.8714891996033363,0.7847955231446467,0.7933844054242779,0.7898392023099035,0.6456643394339173,0.7344743787624394,0.7196564117806447,0.6604351984786077,0.4736847183910795,0.6244387441275002,0.5140937550768279,0.6012224550331409,0.41071790378106937,0.3530101607636105,0.4054193211818518,0.3887970982718844,0.4526276545211422,0.41634645276434545,0.6074997189857024,0.5695153757139624,0.5831056152463173,0.6651778041405846,0.6282708483483166,0.6866958611175537,0.5928671526969345,0.6229396396727073,0.5839755913239577,0.606467486872881,0.4595993781572559,0.4892624530899631
0.4240079798321273,0.39369392257533276,0.41534564474379937,0.3835130521413778,0.44050695103639625,0.49337187095359974,0.4552595071494884,0.5181480718557486,0.7333564194159801,0.8417794648160232,0.8536679723529396,0.7444696255488821,0.8592507756257092,0.7988234278466615,0.7914185088921358,0.8383873324792258,0.8656815722018313,0.7641778550006476,0.6205275813327433,0.6407773181525862,0.39292799276104867,0.4218835136427797,0.4176934226202777,0.4806006737047037,0.32821671649670364,0.4290243316220309,0.37658553170080583,0.48009416252560344,0.34125001710153374,0.568728741892409,0.638080337140524,0.6344952311212188,0.6823452950320077,0.621929690172594,0.6924786791299723,0.6669288893192569,0.6910809495726262,0.5268797175017222,0.5304331431509975,0.5664994337464339,0.4324314034661826,0.4373371248015442
0.43450020654070187,0.43869001165995797,0.42361995964264143,0.41362669512217887,0.3382667646379662,0.3555803427395069,0.6693278640844831,0.6497865324606171,0.6803721495988769,0.6914107456327244,0.7437661933435409,0.8792702472407,0.7751507765882855,0.7967872835472982,0.8424827280881995,0.8281743254955592,0.7071867274893301,0.6117060299141714,0.5577186229155674,0.49846218036818374,0.5256283139212267,0.462397056907581,0.5023755804087625,0.461617992968046,0.34857454508198427,0.5238454275697251,0.47095688529296137,0.4343849593118921,0.47084709691655147,0.5270942318756614,0.4578030440945356,0.6016966686350208,0.6234339326761361,0.6469755852549793,0.5779861207758779,0.6078360073839176,0.5723584154361385,0.5428783526707768,0.6572259409954231,0.5982070865948915,0.48657627159350725,0.33335663965847556
0.21350564242630746,0.3493931873131408,0.4561291637637225,0.4093122076687452,0.4247380953633246,0.42186054576418924,0.5487290785405947,0.5819613943503891,0.6414355255397226,0.7324567829959309,0.8303563687159229,0.8451613350296195,0.7679700622216138,0.7729217824251643,0.8200298595837673,0.81119403065236,0.7536061438364703,0.5416317231160671,0.7142057888794037,0.6208177814106468,0.4240593230511146,0.5475093580970691,0.586300006350507,0.5167332771157105,0.28149464734462876,0.3624905322624492,0.30782587447600823,0.4162800678977033,0.4588902847876879,0.5168686317170486,0.49856006967281924,0.633746491180084,0.6651984069342368,0.7049931301416122,0.6297559880843433,0.653497377262951,0.6922657121372964,0.6744114176882612,0.5287398808371003,0.4473784507593709,0.44910139465321675,0.4564875540756692
0.2521221944683756,0.2789697760758627,0.3680594639343948,0.35901607930922086,0.42566989156757973,0.6243246108905153,0.5648008607963074,0.6122769804409804,0.7220002870802893,0.7521694520660099,0.8216829789351391,0.7694512068826,0.9129110797222569,0.8319748005638993,0.8304395631605125,0.8285282421328454,0.6857121941566862,0.6213544512639083,0.6767231697951018,0.5213837676325608,0.4214593011341892,0.6591057056167148,0.3853781429391893,0.3748861280829971,0.403400005874185,0.4189666637090447,0.36678475408525735,0.4913211355915402,0.48662403354835926,0.48870404605991835,0.6751335215703232,0.5750966855833807,0.6096407159789546,0.5186489725853206,0.5755506272023616,0.6307900760470551,0.7032015207264674,0.6625345947738283,0.4727751504871576,0.5707393243537552,0.4313249161581489,0.3716424255811093
0.2571661194217125,0.4268061479736954,0.28700499706161026,0.3068255478751059,0.38573540051631217,0.43869795258815314,0.48708799401261693,0.5828137395965797,0.608279888244063,0.7195350287413426,0.8018851017071225,0.8487386442963065,0.8645550110414875,0.7605688115706337,0.7511990673033363,0.7428989488309073,0.6253389954613708,0.8082565595276292,0.6457479235610151,0.5996877472885559,0.4976465972882357,0.3859615572236132,0.3440040295879296,0.4937535390150986,0.476271250373494,0.28426357665634466,0.35985831580531275,0.35844568898224133,0.46452772096749284,0.37593644239005813,0.4888617309948505,0.6926681056097231,0.5897104268380149,0.6636136064814254,0.5514056871462085,0.5755782430136999,0.6970392335885666,0.6093883268220474,0.5255105715390945,0.5531800705433025,0.4867888881535864,0.34597868382849384
0.3343823030697118,0.25635966465658433,0.4064043370636034,0.24517008011721966,0.4629068253038237,0.4229191812471287,0.5746672332848687,0.7057456639682838,0.6174987917418027,0.6900841812759988,0.6526027849527124,0.7735098519129933,0.752932184592498,0.7886327327280702,0.8524134417891137,0.7873570121745634,0.7361370028747114,0.7524688173365949,0.7079611604662855,0.608589725660889,0.6773387854850229,0.5053192780515067,0.4123315923924513,0.29758971483616925,0.5073982900094478,0.29874469140234167,0.4275567313414748,0.5306936963904862,0.4316042075008994,0.396465678688319,0.6148437588760945,0.6874362237755298,0.5678148782034985,0.579846572883739,0.7281775051935651,0.702553578832437,0.5167590821780788,0.5403070632007839,0.575788302650652,0.590765729821853,0.3463316152843479,0.3573899585339996
0.3397665668440623,0.4361894271368985,0.3146760136183783,0.5064185321302686,0.4210506361091954,0.46877167082259574,0.4421793756811197,0.5822597578088893,0.7084061639922498,0.7267643222996454,0.7560794291838255,0.7817922894560487,0.756677327845996,0.7364362511676605,0.6988703236612867,0.7907540915294121,0.619473970141512,0.7309207697104335,0.5671344747952122,0.5446057482417656,0.5094489954550795,0.4606183294371016,0.4256664720323949,0.3703140716580229,0.3481140344495958,0.2769336822349764,0.44112823708069976,0.4654140355750144,0.47116359770501515,0.5883036875652277,0.5833635997074433,0.4884287611013839,0.544991268074,0.6396644114817435,0.5259854681108461,0.615017667245406,0.6623100064838251,0.530970777261934,0.42738023053153895,0.5633016781825028,0.5487800929745178,0.4349646481170167
0.21438888953955865,0.28967044430412736,0.37338506127169035,0.26988940480725815,0.5100501057954078,0.4592146825977598,0.5233034662127971,0.6112592892325972,0.6511459909720941,0.7036925904985578,0.6715411293365136,0.6842630837180783,0.8109994548380682,0.7957283417215104,0.8425849011282225,0.7576071201739067,0.6787108485855458,0.5928894049626835,0.6232595637646389,0.7077624879883571,0.6412926822085011,0.42615565517868986,0.44510184920277013,0.38959829208466756,0.43587490702674175,0.35094007316275483,0.3440529907651698,0.4065720346112934,0.3986006796651055,0.5332085981582373,0.4714249831315058,0.5426353499277177,0.48213203223415413,0.6296412981034789,0.7028130312147929,0.6009696734512991,0.5606883220111272,0.5341320704568085,0.5250885134490135,0.48511988635278624,0.3698101944937325,0.45033921209634137
-0.34030526597244154,-0.2868470033503506,-0.2388015758539217,-0.3877660937400302,-0.27038935409886533,-0.3843190606064302,-0.3843328501007234,-0.3208433659838726,-0.23239999939824227,-0.286136251863152,-0.2807096202661669,-0.3496849064723175,-0.4035661014777514,-0.32954392320753007,-0.40774568780605286,-0.36210240009436906,-0.4107229965769127,-0.3184938373177354,-0.2930325215700393,-0.38951959967608724,-0.4224626020704924,-0.34725652222591763,-0.31169625410325813,-0.40239237256292454,-0.3506107303817456,-0.29499322734208105,-0.3072914683027831,-0.3362327874535228,-0.4022055432830845,-0.3851237489576677,-0.25591576659320453,-0.2963108116142445,-0.3125972670458804,-0.31547887466342883,-0.3267797328422112,-0.26100234715851073,-0.27170354801845836,-0.3472043491014195,-0.4195761350236167,-0.36265310040834686,-0.31703858283086067,-0.3160601760507846
1.9622506821820025,1.5421435510930055,1.9381560020857176,1.8811795866051704,-0.34601068322414313,-0.3235031299871678,-0.25619514770691526,-0.2865037599682192,-0.22364817007709364,-0.36287197112712694,-0.3074965474589961,-0.3282510880383229,-0.36488659588184624,-0.25187870074727065,-0.3815511006200878,-0.28237941272823924,-0.30258851042580487,-0.31263696527262996,-0.3459386056325646,-0.24172967176945007,-0.2760275732969572,-0.2310181432289921,-0.27707962276167736,-0.26094869878158206,-0.30257007811555126,-0.3534284952043524,-0.41055320498405373,-0.3101562602507011,-0.34411886271233183,-0.40831501740540826,-0.3221529674011825,-0.36764526170946726,-0.2538758726397179,-0.3391646425516712,-0.33944143040763713,-0.3413176109826589,-0.27600579138126563,-0.35740278113327995,-0.2914063390319748,-0.31268676776437465,-0.27821271832657085,-0.34982335929724456
1.843945867255096,1.7864829201853485,1.9113607836580573,1.8720317159262647,-0.3282108487590442,-0.31203693975961494,-0.37818527695004256,-0.30318454080052065,-0.3224688041541996,-0.24178079142021727,-0.3532955184532798,-0.23790799198211368,-0.38522973220414236,-0.20228549519808253,-0.2554644276785616,-0.20702595411050442,-0.3195123987059766,-0.3950467007436781,-0.30800303646726157,-0.3339875437075657,-0.2808674121625982,-0.39307813952990717,-0.26683591255829864,-0.27393461097834315,-0.2071287990188115,-0.29375121890690553,-0.31106838664000014,-0.36679496041669934,-0.3079755693487304,-0.3322434439870476,-0.33745478413827595,-0.3833643624858802,-0.2581467358660526,-0.39419611462462845,-0.3610646419095291,-0.24525882113888026,-0.2905602082128374,-0.20367403001837942,-0.25195920178880327,-0.2744441569450959,-0.232067269887902,-0.3893684006168669
1.8406040396170178,1.5306690410088928,1.9206343316984642,1.5768965751705373,-0.2830849900540922,-0.19458266874679878,-0.2566838600848353,-0.21230844291568352,-0.22814495384520178,-0.3031450370973403,-0.3544348346851655,-0.36252285534388035,-0.3143651090807357,-0.3621160916298635,-0.2530884995322081,-0.2545825232374092,-0.33084853008616266,-0.2992901491260896,-0.3527929945664751,-0.2834129156218354,-0.23039779323061216,-0.21264824450352543,-0.23230425697490034,-0.25053250462840027,-0.25392670694509206,-0.20686019917015294,-0.2542840449984833,-0.18934865661354333,-0.29031630412715936,-0.25461031900522435,-0.38033539481494605,-0.28565009602248653,-0.3846463723098134,-0.26819190731736137,-0.20358470334509224,-0.2169428955292584,-0.30388521481655806,-0.3775611631099029,-0.25060874840724356,-0.3648615763869697,-0.25645738067575546,-0.37784195012197536
1.9187338721693878,1.9862526046866853,1.9431403181381637,1.8372296976149505,-0.19031953412387492,-0.19828080383454622,-0.19409076061897643,-0.3161910493218972,-0.2095353023393597,-0.3517181417635088,-0.35220644093879294,-0.20238002466102972,-0.24697130314653398,-0.2892706420533022,-0.3201623683152332,-0.28775373265377713,-0.2060770609823817,-0.36517690158966565,-0.25306943436537793,-0.18302077392386573,-0.22564293128520915,-0.2766593421065668,-0.17694731057990232,-0.31618642883281656,-0.3252821636672508,-0.21688279277035424,-0.28375987038154954,-0.26874544569835424,-0.21903868577411306,-0.2323716700250202,-0.19821026670208516,-0.3486883640276111,-0.30400372912778856,-0.1889492934574748,-0.17452365666515923,-0.19827908204546835,-0.31866646024468115,-0.28746879410977944,-0.27393251206766644,-0.2756021211785038,-0.2973550259792827,-0.31929599983155976
1.8874139204869547,2.0332577522734505,1.701911702140175,1.670116974085257,-0.25789323649485457,-0.28526522544189625,-0.231811421984602,-0.2687000102991526,-0.27441562398581154,-0.21716084603615857,-0.31529480181839176,-0.34532669765191043,-0.311630746926849,-0.3115996462373788,-0.3601013637722679,-0.24637409102404276,-0.17489124340624024,-0.32279613812187463,-0.29061834167116607,-0.27183768867991326,-0.26655541223755574,-0.3094359808793953,-0.1952383040341839,-0.17751737861299496,-0.2542109031796538,-0.2306894013240573,-0.26599109905610707,-0.3176953437534541,-0.25375131463791745,-0.35160157185365665,-0.23827816049639572,-0.2415854928176117,-0.16542788433849528,-0.29192947898063765,-0.26128762351147744,-0.238146833769216,-0.31944363712239304,-0.2836557110804406,-0.27712805674144925,-0.3477237153783935,-0.28025138382852466,-0.3212419231640251
1.5195154759707328,1.753461632884556,1.7955435841625198,1.5466154800989844,-0.17409436950868273,-0.2527113736856823,-0.1837009535634929,-0.34570562169947516,-0.15199958187365492,-0.31674805448377436,-0.3078846515912482,-0.3210173995897432,-0.18243196526297023,-0.15808332229029065,-0.1901857268711047,-0.20090576842664817,-0.23341371395009583,-0.3440786243005818,-0.24135655225147662,-0.3463857542064731,-0.19944963495531187,-0.33636689018157306,-0.20917149116227135,-0.22501544847315832,-0.33658305807659483,-0.1653855365386293,-0.26645366775166157,-0.21097700171725078,-0.2246778803051706,-0.333991375043997,-0.283064406296277,-0.1687919915272506,-0.2301450633385151,-0.34141860484462716,-0.21955664195792393,-0.3034525146439544,-0.19746128574114935,-0.19012945725459654,-0.2720916081475797,-0.22254018328426706,-0.17718076469013203,-0.18479841194741028
