gfs-wave-data.json
{"header": {"parameterCategory":2,"parameterNumber":2,"dx":2.5,"dy":2.5,"nx":144,"ny":73,"la1":90.0,"la2":-90.0,"lo1":0.0,"lo2":357.5}, "data":
[rows 38 to 56 of 73, columns 42 to 83 of 144]
-0.4303912963175967,-0.49732831197354493,-0.4859286345056064,-0.38741708315404744,-0.48363132397803343,-0.4408431072267062,-0.36564704439816975,-0.5009916790828668,-0.403100298603095,-0.3662125583831786,-0.333413593752499,-0.31769831032913526,-0.2723402097677729,-0.2734870547365993,-0.2174628650981415,-0.20602653608724006,-0.2649815115174809,-0.16992790927818205,-0.28614526963814707,-0.29283161700528454,-0.3201205816634629,-0.24830199755665394,-0.387039951427825,-0.37197988360452905,-0.493423661126881,-0.45348468580970513,-0.5521245797488002,-0.6483031557225423,-0.7750614611794243,-0.7757104383978866,-0.8198906804843458,-0.7711041860494126,-0.857828373168813,-0.8540856597319817,-0.8010786289368783,-0.6256700804881656,-0.6220506963075748,-0.7295053414953633,-0.7599823107979732,-0.7211195437442176,-0.5492004049146199,-0.6219948218868376
-0.455351482054149,-0.5109657227273602,-0.46299395595154647,-0.3958985059450415,-0.4573093303359485,-0.4229496190892409,-0.45521217207880654,-0.3485782281235757,-0.31498781321507185,-0.3736574498423456,-0.34434633036580764,-0.3396373678167596,-0.23454769494293407,-0.36811267195447667,-0.20746495978546511,-0.1994286074868155,-0.3187619173705187,-0.25855518227787844,-0.3049181082641098,-0.23184342332975094,-0.29771815100713617,-0.17913770932265366,-0.26358343373889226,-0.387085986170018,-0.4786204259709845,-0.4434305185992137,-0.5301633563419197,-0.6413267257233007,-0.7314434409195991,-0.8102705178114319,-0.8552353140555896,-0.8881916688143089,-0.8690449881092117,-0.7577212378898287,-0.8630291699018603,-0.7273572416647903,-0.7098711652750663,-0.8009597486577443,-0.7290794121049078,-0.597936363543354,-0.6577968539541658,-0.4416596689112144
-0.5340152148746098,-0.448843040162148,-0.3976671410774134,-0.4618790561638284,-0.5782241272777251,-0.546752190201336,-0.46952425536665576,-0.4455946565128791,-0.32980965810038865,-0.2993156914892002,-0.33979185897953995,-0.30073511442475015,-0.2733569689833621,-0.20428437962266113,-0.2541287514475034,-0.31560580623144424,-0.21174012888631893,-0.21933666862783827,-0.24603983077355315,-0.2734730630472533,-0.3353464509423347,-0.24657626891900608,-0.2621012960496638,-0.43568620503890987,-0.35934175212076336,-0.5382527259228458,-0.6808366908293758,-0.6482270728126102,-0.7406177036576811,-0.8212511360154063,-0.7603397106063172,-0.8618088379983524,-0.8112482738543546,-0.8752478779293429,-0.770376985578472,-0.7279022347754658,-0.6829194824740695,-0.7916254678751647,-0.6050953624159264,-0.46719463048669835,-0.6107431265466982,-0.6158004041079833
-0.5589538239100842,-0.4811845340570596,-0.4576651406556661,-0.3815634157880453,-0.5278848967491346,-0.3778126332182584,-0.4102646703926772,-0.4207301777404337,-0.49993243801866455,-0.3360277218747772,-0.3458913364333379,-0.35114509796781423,-0.29356008526299016,-0.30961856306422997,-0.23443068601152245,-0.24022329809009035,-0.2372951792165899,-0.22180302559016074,-0.24223249444371098,-0.30890016021805006,-0.20267030933733235,-0.2645986916451248,-0.46483328683685843,-0.43886815013038244,-0.5104651209093736,-0.5269978468080406,-0.599446547114047,-0.7401474851534513,-0.8098673673714761,-0.8326874434806131,-0.7907495207970192,-0.8090515407694485,-0.7622703183422908,-0.6995390978827905,-0.8766920551455413,-0.8349870893188416,-0.6745104680896199,-0.6350027725900761,-0.5993190363421691,-0.802045709176911,-0.4334367400656288,-0.4218948995089712
-0.003025842249322489,0.03477382637870521,-0.060227215919922916,-0.03557345070532717,0.01750316258901548,-0.02744827267159998,-0.02150432950209915,-0.007927171320831417,0.030366958378542887,-0.015328867243965913,-0.04623808068446749,-0.01349632565686778,-0.04250472965370853,-3.807084132567732e-05,-0.029623212036045718,0.01600759612462149,-0.028285696034357658,0.024656112157799972,0.058292269424675844,-0.022707179199493988,-0.034472514443394456,-0.008621995850913703,-0.014766007466123252,0.033931636879480656,0.04159329756506083,0.03519065947575161,0.03071818788779976,-0.0062920539369511076,-0.007204998360948049,-0.020196619793867186,0.04840754024863505,-0.04167908852172378,-0.05365880592074556,0.020001879443251255,-0.04464502259094188,-0.041767774001945104,-0.018925651295422435,0.030826684596723143,-0.056321519170621274,0.010974442586455444,-0.0018760001401003962,-0.033824746482438904
-0.7425376536475373,-0.7274619924124477,-0.8430860877664098,-0.6853394200859111,-0.6819490414474174,-0.7158578890914583,-0.8870126693853854,-0.5824931206899613,-0.814276386915137,-0.7218074724334909,-0.7597572670787159,-0.639523440041944,-0.6538780751228295,-0.7414193841290874,-0.669465200529435,-0.6494142002118733,-0.8156482439962675,-0.6557504930109247,-0.8274334164770802,-0.6778957159035169,-0.5914499610920021,-0.557048592166962,-0.7236632694749867,-0.6459398968412746,-0.692344068724774,-0.703851400744566,-0.7689005774246547,-0.6223869271896701,-0.7081688872173166,-0.7914130606763715,-0.6961257725288822,-1.1511431848875437,-1.2275628854333693,-1.2581955121730253,-1.0836463755519274,-1.1227128136808278,-1.3136166658747757,-1.1577786373405468,-1.0886329405098212,-1.1160454466425431,-1.2689087635063587,-1.0905163971601044
-0.7430663092920446,-0.678374523380673,-0.77232445252952,-0.9232911294723167,-0.898659589155858,-0.8996003789308421,-0.8054832329864295,-0.7135181595417828,-0.6901116594829697,-0.724178974202522,-0.6636406131628751,-0.8084755727105163,-0.7313750421335564,-0.7094300884718547,-0.6098795022620132,-0.7036923311132146,-0.7523596692872226,-0.6831407387122194,-0.7900219835846045,-0.7269232703765027,-0.7162916642866234,-0.6792148677243748,-0.5743115520638394,-0.8245573784778177,-0.7127304123692307,-0.6436257020996428,-0.631798057764049,-0.7534542850328418,-0.7833804816653106,-0.7090104272237128,-0.6537823681954461,-1.112038551891615,-1.2071206207040541,-1.2919333779784676,-1.304443789362686,-1.1944661715534963,-1.1801083533895826,-1.1300281997545343,-1.114593182408983,-1.3057753483506807,-1.0876985123129237,-1.1823101539513732
-0.8462544343485247,-0.7511009888435071,-0.8410856053870899,-0.9370725185961739,-0.6205968577980676,-0.653521316623994,-0.715764790922871,-0.6623130358406814,-0.7364094129653427,-0.6799371683660954,-0.8569047141513018,-0.6703383408704447,-0.8185436703937866,-0.7977912747514945,-0.7010792412100286,-0.6638951664702236,-0.6674999520811515,-0.6168411115921733,-0.7157464660311437,-0.7044026812139765,-0.6505859842313128,-0.5699512468146007,-0.6596135276586993,-0.70364511636272,-0.5688534250138044,-0.7312594034456252,-0.8459936670622408,-0.8091110271158897,-0.7054566097956376,-0.7005596075351601,-0.621043866204583,-1.2632051375889313,-1.137511366930549,-1.181940358576406,-1.1835189162743096,-1.2035547000424935,-1.2307526980116252,-1.26355933186018,-1.1792444127132402,-1.2359379850313776,-1.1862450246405942,-1.2811285663013763
-0.9209705432489613,-0.8624500016346226,-0.7042223049254099,-0.6754110301095417,-0.6717614484483877,-0.6125291227169241,-0.7232097695439089,-0.8835880255467093,-0.839347584261202,-0.5995774008333621,-0.7529618080865459,-0.609883354495616,-0.8252388985440015,-0.7214079900978068,-0.7460036467981271,-0.7922611480372579,-0.8354413486852095,-0.7760350315436146,-0.6883114808245023,-0.7315321928759254,-0.7348967977976459,-0.7430778163599997,-0.6994952149909056,-0.8039383419417749,-0.6697094517311356,-0.6945396066090125,-0.8382119675808,-0.7676674354231247,-0.7560199431407872,-0.7269446364878839,-0.7482971387125344,-1.1997429567751816,-1.1365022137056808,-1.2053939317200282,-1.1663735339232455,-1.3238315097015692,-1.3417759721405231,-1.3131212728124257,-1.2178106230433088,-1.178281525841611,-1.2222816864528363,-1.266782981253433
-0.6598080557952369,-0.7472398056285343,-0.859890252739743,-0.8371272402290931,-0.751076662052018,-0.5847907062776103,-0.7465550039308902,-0.8698206651260179,-0.7746269953722292,-0.6598169209762272,-0.7541782039141645,-0.717636506878719,-0.7589946645758966,-0.7196208885877223,-0.753274027593883,-0.6350125016000845,-0.8453443483675216,-0.755077271395607,-0.7899338986807583,-0.6652083074840217,-0.5775663231466427,-0.6849975613007157,-0.825227033918528,-0.7710512362269922,-0.8367914640218306,-0.6140473919945398,-0.7291396664019977,-0.7726386383924647,-0.66593448437352,-0.674505801204299,-0.6627547117612324,-1.1954109058287936,-1.1886284762046508,-1.2704012162466767,-1.2237867084417313,-1.1844813066131405,-1.1880286733229295,-1.3845015940043273,-1.3198424526598727,-1.158678882136577,-1.2635460858510117,-1.1928729040205241
0.03970329968688807,0.04740754441716064,0.05762084879216606,-0.04640142182312051,0.02477740566057499,-0.04504353826136577,0.022538237431872617,-0.014680506851129592,-0.003237088072626522,0.02668028004638932,-0.053317689304227166,0.0005559526356817229,-0.04617957102144308,0.020319184829510582,-0.008846534257142252,-0.01332741407358023,-0.004863897237691545,0.03564955346200678,-0.06829287318144325,0.004685823856252962,-0.06461270045033365,-0.033039050576231924,-0.005675075956716389,-0.04279631273764958,-0.006884195069531902,0.02073287871715976,-0.03606370055806164,-0.01928942093920743,-0.05847085048914678,-0.002813123800477474,-0.03233017797430944,0.017156024336130483,-0.042196363375841504,0.06326414690668478,-0.019799288977629084,0.02511635292614003,0.058357056825065576,-0.05421694638451902,0.02606285264176652,-0.012832193915969282,-0.040660592691705744,0.023280657365140952
0.8992206961550134,0.9380275131845236,1.0327366148910093,0.7926600748081281,0.8438966731793415,0.8096278712923135,0.8696454306187736,0.8615429472496836,0.974894713544159,0.9045320498911887,0.8327685562338331,0.8186880136670422,0.8978363088434252,0.8860201680178217,0.9693051402802625,0.8409263144651105,1.0748045276566003,0.82159714685938,1.0025167750837851,1.0196612150469635,0.9851083501770344,1.1148006909697545,1.113611675547075,1.1753028651097845,1.1300949958507671,1.1592298335005615,1.1599754181827995,1.3363164345380973,1.2380674312870257,1.2566128657714106,1.4112781547177615,1.4307448071834736,1.3394610598617351,1.3159497539751999,1.2054374996390729,1.251181007575164,1.1173194245164817,1.0672106820269969,1.0245358876872792,1.0648384646367242,0.9525055852134677,1.036956852345001
0.8930245846421363,0.8851746011495181,0.8414603922033311,0.808649915596292,0.8824618268047961,0.8623754535909912,0.8471393511995203,0.9623078800042745,0.8394011258906521,0.8224593948817778,0.9431342482954298,0.9980897985904702,0.8862382956459176,0.8023043372136102,0.8513027357536697,0.8466488230928083,0.9616356822277359,1.0862929647743826,0.9627145235134452,1.074859230646221,1.029566264740455,1.0839725182319344,1.0410846247704815,1.2816881743651913,1.2780653130476092,1.341582339688224,1.1935234045552163,1.3461380625353916,1.2910804908594744,1.3235260963595235,1.3379817143155281,1.3020343201506135,1.3813712960643172,1.392712601192552,1.2386793441048152,1.2085587199086776,1.2024649499489808,1.146210012287959,1.0569794769025913,0.959072247336484,1.0923505698542686,0.8509586245342401
0.9615908509045281,1.0521873210631982,0.8707739307870479,0.9129561809515876,0.904497927466848,0.8332852516515292,0.853281739471992,0.8985423746894363,0.856923640873911,0.7360523843654633,0.824843324474833,0.757877476147235,0.7983539221385669,0.9881198921875529,0.8861449418247013,0.7928263244064144,0.8729192451215323,0.9987367855855115,0.9900745013081909,0.9952576999190533,1.055466537429969,0.973777835472904,1.1707993123103737,1.106775712323048,1.2991212665997436,1.1658644373455451,1.312857008835747,1.2496652120471088,1.4151560824607907,1.3816891938093459,1.3027715032848546,1.353018841469423,1.3275451440545865,1.2476357531943958,1.3711229586008529,1.184815461029856,1.251389641469861,1.2044102479804115,1.21193725350304,1.0008314899377047,1.1414079940706974,1.0490615267446133
-0.007183032528478493,-0.02697014360647946,0.012261324147117865,-0.007393832564185121,-0.027873946270871277,-0.08329225626176846,0.01600363735127905,-0.02039513423604826,0.001634591400049489,-0.03571211912520148,-0.045123358825839704,0.0035303570216423763,0.002402530789008674,0.004415622056491165,0.05430815974388016,0.043407304184292415,-0.0033361785986533335,0.027782891116833453,0.00968899245893634,-0.02898618562910004,-0.07647853059884628,-0.07209068435031644,-0.017081887890598137,0.03351007386591806,-0.023719763837990997,-0.056099460607793056,-0.03428898855589095,0.074796860477726,-0.07737714097456935,-0.024814577435239064,-0.041432298469417185,-0.007198013877446873,-0.037848514982886834,0.03557170530445625,0.06809711873198289,0.013486433772525173,-0.01830797237198334,-0.007741690423236904,0.016766562497315018,0.006333914573544956,-0.046035271971945305,-0.03826051770062127
2.85771507454769,2.7253314288590205,2.8174034021692322,2.823870319166626,2.680900041389959,2.3148113874740415,2.3875148641409445,2.618680098517755,2.3780839372231943,2.402274438009799,2.368162649851867,2.5615174327724044,2.4740393819289475,2.38212906320261,2.2378918245127997,2.1550566181217086,2.1485477895759115,2.252210208926851,2.118013251736316,2.2685340746520137,2.1727807527739373,2.2613269647715573,2.180136544715514,2.351378141220808,2.1800506684164698,2.1391799463812817,2.319704273840497,2.187706213212113,2.1824407685770946,2.1778703494177227,2.0756233234944927,2.0649797197129516,2.114749794837984,1.9736427432619548,1.913409676854315,1.9654020626583553,1.834586232498551,1.7984073067354103,1.8350566459761997,1.7408646799626128,1.614625463753246,1.6874187394437237
2.8468202186901834,2.876754888415387,2.688009847188491,2.4962441028686686,2.659045595441338,2.2939277884971956,2.6517611858321763,2.1832938065785816,2.337830615031439,2.53432676761796,2.4410265416359294,2.185785746370915,2.120064448430767,2.1955185870777725,2.289081371416763,2.2847518637328683,2.3934856636861284,2.401687280061944,2.308830442769478,2.2635440599049677,2.3741138895196077,2.324417889400812,2.218360710599743,2.3659092950635565,2.186562189262251,2.339367210364283,2.3467446763470043,2.1843358417513135,2.2960507723234405,2.0771953489022956,2.1846235024778244,2.0158133241405194,2.0359802196754773,2.0528918746010176,2.0659935850528113,1.8203717158998822,1.872136771934031,1.8820143231944988,1.8703010542825433,1.6382345937878513,1.6571815152080862,1.6442448145110826
2.724789621402278,2.615038650736087,2.6991298954918093,2.771155211338638,2.651649473021185,2.6297514102675263,2.5818822736665186,2.480107597873812,2.28685393674122,2.540020874024109,2.1561668830351697,2.149153520956424,2.181367846052775,2.1711605538682557,2.09860827143347,2.2265381482200706,2.2164746670014894,2.1770129125365956,2.1703925772313113,2.2117108100065628,2.0856510515357556,2.237848459196976,2.166438543483371,2.2069968395004627,2.1402604135135683,2.1603489902129764,2.242019842212951,2.331500241005304,2.0796400873787144,2.078336989172499,2.097758895800085,2.203814320636094,2.050493085794493,2.01394423297342,2.076586054684728,1.9485450816491778,1.8197567140266444,1.9005460825542981,1.6065118896921495,1.5577427878249999,1.6193993723775102,1.7249799918875606
2.84139903550447,2.6293770472842053,2.6692381216603733,2.5621307515827363,2.6563085984924464,2.729189771102215,2.5914923285836413,2.5664222065057536,2.5104501761246283,2.40367219747292,2.2397477744874883,2.4512389318094505,2.11690805155237,1.9788957299441328,2.3752641446721507,2.3676820499796927,2.2837612250097354,2.1925507107346993,2.1618384611552144,2.226371845877982,2.2070316260048397,2.1519868538718456,2.2118349778820723,2.1586402125942086,2.3669378746934866,2.267615898498699,2.1705469950536807,2.295913289800748,2.23684738442647,2.2003495056650637,2.1281202639666144,2.0246808129648874,2.0214962164419688,2.0128454023350235,2.086029998378182,1.9626366790270724,1.8185019529767066,1.8852289809839413,1.8204291236771408,1.8300577934464937,1.7052123550827096,1.5303717913645756
