gfs-wave-data.json
{"header": {"parameterCategory":2,"parameterNumber":2,"dx":2.5,"dy":2.5,"nx":144,"ny":73,"la1":90.0,"la2":-90.0,"lo1":0.0,"lo2":357.5}, "data":
[rows 18 to 35 of 73, columns 42 to 83 of 144]
-0.02032825875553893,0.00045655304044737793,-0.002519054154950328,0.043027483595432306,-0.023849309307275326,0.0016277541643205877,0.003206590307039306,0.015087915257018011,-0.03269464427480453,0.00434798655316821,0.02795679955167838,0.01315014082940658,-0.0242150585257057,-0.02578564345584798,-0.026856622500270672,0.009204034374848229,0.02473369202501557,-0.016863830287371366,0.03256175042769447,-0.026240780108896987,-0.029310175586537007,0.013391952694420482,-0.012813369948958582,-0.015714690167400663,-0.012498263466527037,0.004894665871808182,-0.03496658239997986,-0.016924224830100438,-0.018307348644589633,-0.03734981794647361,-0.022972771018439198,0.03222930390111618,0.03534921075138398,-0.01712015520841467,-0.019714990525499087,0.01961948590560626,-0.022446985772020492,-0.033424975967749744,-0.042330048289279096,0.0007831550878623454,-0.0007312449339508575,0.02465167533794417
0.009895400278571343,0.003540601096516678,-0.018524454071491513,-0.016717198431483688,0.02789458459060977,-0.03130589374624253,0.006508082365789489,-0.006106434437239463,-0.01634292246551687,0.007992764323123885,0.029617147898918908,-0.03447110768320399,-0.031134290217468035,0.021863249359799435,-0.04630024812588372,-0.022418636141617147,-0.010528070746258947,0.003075108222643049,-0.019728449651906073,0.034671993157802124,0.034206861046698664,-0.0331591322326213,0.015051806631207462,0.004282321655581023,-0.024712742097466708,0.03203402726406701,-0.027961656140441323,-0.0018202236965574378,0.007520477999289706,0.016348348692342654,0.013798063624467515,0.034901319281598245,0.003714696930248254,-0.023140601875074177,0.002272154759459484,-0.0023165351154300516,-0.00675056861902775,0.038439977805341655,-0.027530408663011506,0.012240236615057153,0.030444480042312302,-0.0216814584681262
0.0303517788926279,0.028591742825050188,0.0035421543485136147,-0.030266492614894173,-0.014855188344556566,0.01926294866005954,-0.016668639760629583,0.032389687553954064,-0.0239587654270409,0.021977534484105617,0.01108498275444322,0.04948724237825044,-0.015218167588489866,0.01856813501153055,0.020211023879924222,-0.02041442285620668,0.019404671604198863,0.01901803299965614,-0.050986095336135996,-0.04372059763501283,-0.050677445048954294,0.010604787650098308,-0.015590200960790286,-0.03227157191027301,-0.03902017932989489,0.006317205928414079,-0.001811933762183445,-0.03496634731334761,-0.005659414397522094,-0.013832174969699483,0.00797656058414124,-0.016934993169122912,0.0018764481118549539,-0.033721600311571266,-0.010849422313637341,0.048602351720804716,-0.01191875135446329,-0.020339608122612287,0.03501563347232383,-0.003573206330659942,0.01963994852892674,-0.008418627437042454
0.8043614503858674,0.7548975801345555,0.7179951050683075,0.843998274610142,0.7703451133566317,0.8474898854172147,0.5953782807012828,0.8570115950957748,0.8511129903163713,0.6898920309933952,0.7621064827281854,0.6350740325650304,0.6930133820493267,0.6914738421567497,0.7208777514649171,0.8679469852926275,0.6752393441609873,0.764240119312076,0.7219460276713666,0.8227252521738442,0.9983115145990125,0.9147856155888997,0.8892017887706518,0.9744062622136337,0.9440712526217285,0.9851993682697389,1.0618736364426253,1.112521458709272,1.108954194377338,1.2526172579559698,1.2227086032900958,1.1081015940869807,1.1102632542786695,1.049852221232619,1.0608340143121855,1.1667903016888737,0.954895063554217,1.0570412378652125,0.9523214654956306,0.9412548958659371,0.9011470211648117,0.8250655502487328
0.9056288912668473,0.7185133282300679,0.7177578777312872,0.7303712134981624,0.7034264950628487,0.7768199851878115,0.6734458801732935,0.6963532039692598,0.761423515488933,0.7146242855427711,0.7994195083694722,0.6228587544941928,0.713761014759281,0.6331472922463047,0.7704736839591813,0.8287155505161662,0.8493986799311961,0.8561002813010016,0.8032781119695656,0.9113187299149208,0.9671612061115685,0.8891419711223313,0.964973864866798,1.0461430332029937,1.0359425339568598,0.9590895198862471,1.144220072086888,1.035576276029255,1.1489428392195187,1.0723684914236529,1.2244672595368387,1.1837052909542674,1.1454875371009048,1.0826407285284607,0.9893594882498032,1.105769596034575,1.0056285418664976,1.0375007257272437,1.017935827157913,0.8126723648739144,1.0057555726048308,0.7441717804536812
0.8159954442628757,0.8864911174187309,0.752424607794621,0.7377055118375979,0.7777923728383609,0.7097964770780695,0.6544001558034829,0.7262595212677602,0.6409983216463395,0.6680986081962752,0.63778360092998,0.6417801364808267,0.8141177615722459,0.7690585639797776,0.6591396402024959,0.6758189616114116,0.6874414896981839,0.692180187363195,0.7408556424037758,0.8690635685761878,0.8278360322302714,0.9372762506639309,1.0047370409157446,0.9451244273751949,0.8954173134157801,1.1191420445605749,1.0089750664555335,1.0119627980604107,1.06988378613678,1.1412999888814699,1.2205571542428815,1.2432103218929147,1.156194396542135,1.0755250646937786,1.1014752098497658,1.0807683144629971,1.0836353899698836,0.9359096860745646,0.9481678643739991,0.9597484189379847,0.9404411960968728,0.9092447060246509
-0.04167887300271868,-0.02522431113312623,0.015601634858893813,0.03379045744813583,0.012608412012580202,0.012756676927614072,-0.009185532775545038,-0.007218957165726459,-0.03502166047210945,-0.01877323259674622,-0.012861979841732665,0.011745763088335453,0.012664297851198932,0.016076897245180275,0.019347894855714767,0.00011297622689686453,0.02125747914661618,-0.007748611150277399,-0.002911865879817531,0.0006373308881700289,0.017819193078657137,-0.000546162541777336,0.02080344000182203,-0.01536055920983462,0.024868148018320057,-0.0031000768701379684,0.010769394097489268,-0.020050585039102155,-0.021602259351377145,-0.011398420122774951,-0.017870492816397007,-0.02460342119077577,0.0022802831318882535,0.0166919488378354,0.029118033332699148,0.006783788179707619,-0.0019882150111360723,0.004910766602301892,-0.02146587926909761,0.009322644658809198,-0.005817868770612921,0.011116410181186538
-0.9537837264653491,-1.0696458794062438,-1.016163416301687,-1.0370647948328162,-0.9607700773290058,-0.8702800027556975,-0.819777469452766,-0.8858003466937778,-0.7680641178808469,-0.9336171391839906,-0.6927425069970605,-0.7384683342540165,-0.6892894508848834,-0.8278523624750627,-0.8237939435439587,-0.757585814058244,-0.6069857310942937,-0.8271287534911083,-0.7438275071972378,-0.6161090576642361,-0.721287386540265,-0.6123291822934668,-0.6540853507733593,-0.5727010460084627,-0.5172794399026877,-0.5482888511475208,-0.5422528794198938,-0.5298056615652869,-0.6111964944689101,-0.6469400328902735,-0.6237053692197653,-1.0644687101197425,-1.0229045183565273,-0.9876346839783903,-1.0501731777442909,-0.9324187671842039,-0.8302262030210312,-0.9330071806397658,-0.8533357826721629,-0.7907180879697566,-0.8573144298111721,-0.9787556609426458
-0.9633079538194315,-1.0306637179877531,-0.9270814258526721,-0.9534423632324613,-0.9481369637102917,-0.8510735543728061,-0.9197439841384618,-0.8482315470248236,-0.8187462716747569,-0.8215794968057522,-0.906006975820162,-0.8210291657488522,-0.7620044970453613,-0.777982907208064,-0.7316769695029334,-0.6676597622852746,-0.7351516939224235,-0.7387066005621062,-0.5861320738488596,-0.5958011155443809,-0.7328050222879929,-0.7094777422898725,-0.5646741343419742,-0.6930549214632528,-0.5537270615957567,-0.6614183257603551,-0.5602410424160117,-0.5487318148947997,-0.5882898494224073,-0.5126719198266925,-0.547755236315099,-0.8647297516195093,-0.9958598409583264,-0.7981706177422844,-0.8703330548703285,-0.7985670277083222,-0.904793320510139,-0.8068799012996178,-0.8576390791386711,-0.8466394924321996,-0.8921535860954066,-0.9926723230698948
-1.0255625286681427,-0.8891232886763919,-1.0195770133085975,-0.8720834382997477,-0.9546696109152611,-0.9322897243622417,-0.9444841829202599,-0.8303219931378442,-0.7331945401102264,-0.8425329639441762,-0.7462212076200908,-0.8970181466385633,-0.7097938882182866,-0.689662873180299,-0.7277751509551508,-0.7668378128469597,-0.7372580844430421,-0.6464219510814498,-0.7085534521790381,-0.7040362345626144,-0.6234995714092819,-0.6761115683570141,-0.6368937618432688,-0.5108117034804375,-0.48498860416481643,-0.5430405333735286,-0.643440129719065,-0.5857538276073957,-0.467995967066799,-0.6009298769605013,-0.5334683294830755,-1.0903906217375976,-0.824065391644101,-0.8936001294653797,-1.06561385970514,-0.9868878353571113,-0.982558510455776,-1.0224529616183524,-0.7239974389442954,-0.8332821625919186,-0.7831763377451192,-0.8261711246158995
-1.0223525603162809,-0.8677150437006707,-0.9078727341644126,-0.8285994035150811,-0.9302370580488051,-0.7915063567202988,-0.8648258164662329,-0.8410941817317968,-0.9316018752615274,-0.8339980662550355,-0.7540855836589739,-0.7492925058500517,-0.741005306076835,-0.6956270870144703,-0.7292176430687124,-0.6461627234495362,-0.7738525068061497,-0.7433228958300865,-0.7194814511009172,-0.6966117848724326,-0.6561828364858218,-0.6406296321308184,-0.6653900890718295,-0.65028745372499,-0.5980026626710948,-0.5705938871021732,-0.4426044237663858,-0.6314974815199002,-0.6763837548065079,-0.5098970887525566,-0.4811895871181837,-0.9327406386666997,-1.0094017340036159,-0.8606405073861026,-0.8184575769282226,-0.9509752656914747,-0.9646579254779606,-0.8186473486963805,-0.9206860702007233,-0.9663904853979992,-0.834744629220083,-0.8994398581596176
-1.0337795240266456,-1.0433991745998785,-0.9249294054547534,-0.9093290525177373,-0.8764123309420213,-0.8977845980696157,-0.8628376057616337,-0.8194663166992674,-0.8647262175577237,-0.9152599642963383,-0.8768499995436597,-0.7881447625050182,-0.763212787520257,-0.6410232710522968,-0.6066946333123895,-0.6793370426401922,-0.7975054549402238,-0.6443309106136104,-0.6403414654409831,-0.5961209665574752,-0.7215401565312397,-0.6105547642395736,-0.5938003601334761,-0.6836399720364036,-0.6463897492803662,-0.49614960462600183,-0.6535803808100282,-0.5184821968164296,-0.5751835512882802,-0.5865422750889266,-0.6093237249481464,-0.9881550683487103,-0.9894775361706297,-0.9035589781034016,-1.0513751514136298,-0.8145330147714985,-0.8211954654704968,-0.9814655766917904,-1.0214337419519417,-0.7257766158980427,-0.8493723887368817,-0.8207341837604215
0.02567118202251627,-0.0007981505419547717,0.0013331381392387217,0.007313530191156168,-0.010767868739066157,-0.0048175514036362345,-0.0047965162206618644,-0.019025253667571778,-0.011029118814114416,0.024484236018995617,-0.006648131591772341,0.023161172277103226,0.01022104055801128,-0.008346511918834721,-0.008778941391617794,-0.004266349547642411,0.007914897812974997,-0.001695626890128505,-0.005808804007304582,-0.008600918141653549,0.011496829580554178,-0.0052223646145034205,0.0024609656937422354,-0.023968666899800244,0.018338637573018797,0.016438556607596452,-0.010861291931761398,-0.00766944432296535,0.029323143694930304,-0.025295452525753704,-0.008042041106058734,-0.00328238739295449,-0.017473760489397104,0.02486714136166461,0.017277934135197855,0.0016695430726867172,0.013680032484523263,-0.011701225299343336,-0.018101056708670252,0.005306396892211539,0.005604822212838083,-0.0026840876173398636
-0.37908324454311715,-0.25035141372915737,-0.2461220976734266,-0.21682868389319768,-0.20004224307980736,-0.2935065647369847,-0.3371632424150152,-0.3234078660121204,-0.24815535154608065,-0.16295610537734323,-0.14248492440093888,-0.23098948421914126,-0.1395290538541563,-0.09079432448922266,-0.15646689769297548,-0.08019257071104127,-0.14787759619265342,-0.08662446422740543,-0.09410739312558247,-0.19882267222196023,-0.15458321124560526,-0.1611470145979004,-0.1873013988231196,-0.36450982833675816,-0.3295078653588164,-0.3404959467469928,-0.4431021594884736,-0.40508129643464624,-0.5435541580307437,-0.6024363933894699,-0.6996906298455944,-0.569422623666591,-0.6901447317610783,-0.6852593515661336,-0.6941862730710717,-0.6039921834354778,-0.4642874148925714,-0.45681299494799493,-0.6066281811482731,-0.6709012061654959,-0.5791826678056119,-0.5182850219759871
-0.22055061692287564,-0.23356638306569072,-0.2896117510223363,-0.22394984988700095,-0.196457565543582,-0.3303848227797377,-0.16750329934556907,-0.18399201783604807,-0.2960417992283213,-0.15647282421541855,-0.10757090782279252,-0.1783175629210588,-0.23945810419484018,-0.12076342993719422,-0.22829571942617918,-0.0767161229857898,-0.12664694677391952,-0.12955461535864893,-0.13720617036109772,-0.16967865001415774,-0.1191825480404383,-0.10876534965493197,-0.24053432134445982,-0.2097735175107015,-0.26417738349973685,-0.43587294908191276,-0.43637498360453075,-0.5216480603141704,-0.5292410949665834,-0.5322801266876886,-0.6491642560017071,-0.6906724748627322,-0.6552812109113402,-0.69036408365024,-0.7079756671631297,-0.5272836865185678,-0.6905202443771035,-0.5481380902550467,-0.4099372156989009,-0.5313397342048412,-0.37979447750477935,-0.5421181777424896
-0.26574995671952717,-0.26165186622117614,-0.36885101461596015,-0.2541220787101589,-0.32778705681030335,-0.22137546499339744,-0.32277655058876753,-0.23854367617628175,-0.31143373738174346,-0.19617552287062529,-0.23182194971387168,-0.17356537096065916,-0.19540900185775323,-0.07666433042809334,-0.2015000488067923,-0.14116442499319634,-0.16394928191863842,-0.11736437730871262,-0.08586631192009377,-0.15316494110144915,-0.16777099103897242,-0.1817484146516034,-0.23210455220188927,-0.26899042398381334,-0.31723158614080893,-0.31088778474935563,-0.4372753246800454,-0.5236806348195895,-0.4214168512874308,-0.6189209705829064,-0.5112436024606489,-0.6532176891827288,-0.7404887938657485,-0.652747350180913,-0.7461042546405319,-0.6364927746384899,-0.7111819530603218,-0.6104878022439996,-0.5686067995018038,-0.4785602820345326,-0.5165425511836158,-0.5167404119734029
-0.20134600735537825,-0.36359663920213237,-0.29207183240898377,-0.2821757270133515,-0.22518710558410399,-0.1885444440254799,-0.20812731914644808,-0.2192760273710441,-0.1294255091660608,-0.19674932889312788,-0.12270942198972076,-0.15157354470306617,-0.18926883897876315,-0.12296232411370511,-0.14682477439849687,-0.1532426229027716,-0.15354268463812595,-0.1264981322878936,-0.16595152422935988,-0.19307367492294125,-0.1468919347876836,-0.1652160575428547,-0.17347649123464723,-0.20061154575718843,-0.29065552216501855,-0.3629045618046711,-0.46572823978404443,-0.39909038368997185,-0.5398303396978977,-0.5356157705724419,-0.5441314165461356,-0.5828710874938517,-0.6550157075160302,-0.7225054303795023,-0.6925022247286795,-0.68434167684408,-0.6494026201809003,-0.624430350877705,-0.5074015965680629,-0.6026522069527476,-0.531446757800576,-0.4219373807598163
-0.2979892297233634,-0.3383295787448358,-0.3075171293614781,-0.23143163549280818,-0.3299741854418824,-0.21392480599352945,-0.1644052932610686,-0.2850301773052241,-0.204753766599475,-0.23874357305455618,-0.14633015928109264,-0.17170154582299238,-0.10402470895460941,-0.1522783763528604,-0.13701938524273363,-0.13363999918058736,-0.06608918090308814,-0.13773987591090842,-0.06969323312191289,-0.10299260477142037,-0.14955938083116746,-0.17526385770273348,-0.273156224145146,-0.23223802390284282,-0.2561852195593393,-0.3465532578442554,-0.40427208668275977,-0.3804819192005696,-0.5283181170875189,-0.5177014697716303,-0.5357001300428283,-0.7139785560926324,-0.6493153633469613,-0.6886422053376582,-0.5521869596821384,-0.6034252291697182,-0.5675379899479414,-0.5847831576501604,-0.5182494810625842,-0.5280619605911202,-0.3901807460753256,-0.5135164160625973
