gfs-wave-data.json
{"header": {"parameterCategory":2,"parameterNumber":3,"dx":2.5,"dy":2.5,"nx":144,"ny":73,"la1":90.0,"la2":-90.0,"lo1":0.0,"lo2":357.5}, "data":
[rows 0 to 18 of 73, columns 42 to 83 of 144]
0.30204673246857583,0.2599407094853242,0.1726807865946357,0.13958255197298047,0.11943343614764772,0.1285264197615131,0.20618116798668124,0.1185493660779094,0.14297699529319904,0.1754397851845087,0.23218497575256208,0.13404338707027105,0.2365338963099846,0.2577309076169627,0.19594428401591277,0.19275146465440135,0.3171681187143205,0.2717675420082432,0.2285324295826107,0.23243212804389984,0.3558772868745125,0.2957275578562973,0.33513003434884625,0.2967533320959765,0.4136510495075765,0.28916575994392496,0.31301230304616423,0.26639338999383455,0.25030971547755815,0.19036731495237177,0.21625498138556296,0.24518436220251075,0.32075831391103665,0.2569060817585425,0.41168628466678414,0.40433017865234044,0.5227384670639945,0.5284121801537061,0.5191247520014491,0.53079349572644,0.7489260276700908,0.6912140898997025
0.2404056134331332,0.2279238407300468,0.2807233966317043,0.18301127136124887,0.11027986193898266,0.18335302604396891,0.1303648008815072,0.14964193391460615,0.15043534071749032,0.14199194432693552,0.18239122938282462,0.17846991298893017,0.169360986001848,0.2830527928922363,0.1856984391788765,0.2823237200990848,0.26691799676468264,0.289432578570311,0.22774980570528255,0.38095355532868985,0.3492956436695651,0.2989701685809818,0.33805449180714586,0.3020998779342228,0.3167872704906583,0.28912179579904673,0.3632586914052404,0.2992331374780782,0.22559097771064607,0.2804362545490548,0.3511149709178205,0.19140898930849237,0.2907746479017079,0.36468689102356955,0.48582857112568706,0.3167223464102628,0.5058051628786159,0.6615123254418518,0.6346937816035014,0.7098683129804546,0.6530061351994221,0.6504842773468792
0.3700411260146482,0.22522557561890708,0.21415761082103166,0.27994428266182425,0.1112438150609689,0.13958408667158925,0.1751498526425372,0.18815531370148994,0.14562349928830753,0.09484871788528808,0.2085923785536177,0.1723173160934386,0.19716879917282898,0.27048068706065986,0.2065323434007321,0.3033481218158539,0.2754405164149315,0.18559039187981136,0.34256430786622916,0.28813750415959255,0.4149632766359154,0.38005603427515244,0.2302222425544302,0.20920821928364836,0.22971472252006062,0.18889657178896144,0.29435757174653226,0.30910305086458173,0.30210139056138513,0.2585959322742281,0.33147060747979756,0.292914592920757,0.22186318089543774,0.3005073701632235,0.44348982065312137,0.30381826701510567,0.5123259789861467,0.5673719335645464,0.5856305415791997,0.7295455785080989,0.7202622709994212,0.7026909642420348
0.34717428322931626,0.20938125595301807,0.2016796820921744,0.18954601852360192,0.1849594568274661,0.2451911777789254,0.18633921191290562,0.11314422270887894,0.16892021090899242,0.16290402304533355,0.15874515174516687,0.2041134278665056,0.12654558050758372,0.2668301691718833,0.21346768363492163,0.27545779293046396,0.19720849409032462,0.20758903336124043,0.3238000766138614,0.19680098128381068,0.2169269164620858,0.26847346360383145,0.2973981036478057,0.26445111072418503,0.20790247357285366,0.24227762620735482,0.19099377229218867,0.279298193080801,0.3154834535958477,0.27783790136901687,0.22840734343340066,0.24231031978853151,0.27789554783308945,0.27988239224324946,0.36109961775057947,0.44523680041669955,0.3807479413640514,0.4648320631952629,0.5876049305164006,0.6465991044939303,0.7548632758033097,0.7518365835254313
0.2063638375456165,0.19073044962033797,0.17543549655210938,0.2346201347739709,0.1618788175507733,0.12807613968821932,0.11473231837207065,0.16863454944759126,0.13015702368260038,0.20158838039982882,0.15030790689340162,0.16482628657868742,0.18433506122525245,0.19457863819805504,0.1452514174866045,0.22387460782556867,0.30950598995061085,0.24754104429357968,0.35047604266440596,0.29798765462728805,0.3626477577944381,0.31313752484285234,0.27162728896876803,0.3101375521117172,0.1829523539771658,0.3452365591613515,0.23842537279602957,0.2287647231186938,0.21148327913929418,0.17111211545538463,0.30737518495314314,0.2929442176044946,0.23133206729561,0.35044537283002336,0.3055219447106431,0.3533660747154685,0.3935516315267162,0.4807853812009734,0.5073652739537927,0.5023934596318135,0.6270979600385198,0.7371410884691283
0.3424571772611042,0.19723380982834177,0.2640993933224415,0.21194638724231316,0.20995144653628367,0.1592032652822581,0.18675558050007598,0.08268489590903205,0.08300268388710523,0.15642892960083749,0.1542098080014142,0.14656885005580925,0.162045553273209,0.21211133389353468,0.1706815056587758,0.16269293218871553,0.2257331876859647,0.1914510669853248,0.16393800741137435,0.18601749078882027,0.30036969036546746,0.24310108815224774,0.2284803616975077,0.3641372423405034,0.20292519274397236,0.26060121641603207,0.31405897096634794,0.18447961203169563,0.1633331354488706,0.24359530674579355,0.1952428409169061,0.19179629966603784,0.1874589703000278,0.24174654276315452,0.2829254703912962,0.26253861456100114,0.4312265542707682,0.4462367129470542,0.5268432204423202,0.5919971047698358,0.5471934601450232,0.6030967468699848
0.22202143047710624,0.2220780069405525,0.14743228277077552,0.16799350026312723,0.18799989739833134,0.13721049642828773,0.186219668186303,0.1047006665271979,0.1105793202505075,0.1737929103582021,0.15828805819201358,0.07186990887424163,0.13251595565134663,0.18311224227615627,0.13084546506693492,0.130771566731274,0.24463927319814,0.30435810616863596,0.31276648316297484,0.2462512014583916,0.27591450521676586,0.3478824606743603,0.2750330417003906,0.19173109082685313,0.2279049098249795,0.21335497623082642,0.27578812325058394,0.23989433178378258,0.16850367591232787,0.2208988378511379,0.2307238487255605,0.2943963958966686,0.32390395677508915,0.2830197750105278,0.30782765487802677,0.3231743947884577,0.4626636682145475,0.4829253831513944,0.6037535892498305,0.5115526215187717,0.6243536611874096,0.5989299490190382
0.22322538935810235,0.23232616379691165,0.14008428782532825,0.10683232323527393,0.11745021370030398,0.09604751207239212,0.14247195852771874,0.09413508758318531,0.10901087970460088,0.1782415722123874,0.16509684993853782,0.20017722333560808,0.1442983905352353,0.24813085331263066,0.24074995803210414,0.1063638616611904,0.16831434780147497,0.25429738612339453,0.27371560244826143,0.17263336195846768,0.16544957085461964,0.26325929436327206,0.29043943749499007,0.2419798473300876,0.31238523780071503,0.24657872549137824,0.2376421850494579,0.18717947806391905,0.14771279852043573,0.18992094112795593,0.3195407033993463,0.24505974987136653,0.19940142499363114,0.19433090408222237,0.33192827301877,0.43112673812740876,0.46560500990988596,0.5693036525088875,0.5265181818093244,0.67781540719764,0.706694929757183,0.7279630583773692
0.1961739324203865,0.2402313454432487,0.16205841184861808,0.1305922622748286,0.1398511544906281,0.0922923556589346,0.07612995105776545,0.11946019280580164,0.1538818270666645,0.1385782618610326,0.12856521333359489,0.12119596390150982,0.17165530893044864,0.14661633410775657,0.22912671350100497,0.17561026679470626,0.20521338840360806,0.2770607370738162,0.23152044911577077,0.16505477484061867,0.2975297570510399,0.2615660166112467,0.18520021833181186,0.23434534946439892,0.2262309367330954,0.2791163105215049,0.21421764566896323,0.18436345167988097,0.236321395099253,0.13882634636392807,0.24234709074979427,0.17235764124966627,0.25722240073770913,0.3252024530054966,0.3067811607058193,0.46425831322755917,0.46861109751600394,0.5376160151289429,0.5433853021225852,0.47453917888700836,0.7029082739245371,0.6309734750677612
0.20194197232363476,0.16814361187306157,0.17780122390063677,0.149196385958204,0.1457844748352545,0.07888433753382032,0.04454422010197995,0.04388818401542693,0.10242613215449785,0.0668813441823703,0.07418178385307432,0.15494485522781667,0.17401371892581952,0.1176813355413465,0.20492480040391264,0.13531948462249505,0.09566042089616299,0.22986305900252268,0.3020968266583162,0.13386712861342814,0.2697098697519687,0.2601499529126521,0.15680858979395665,0.2665070425047138,0.22290055625669747,0.13593194090211344,0.19816549193641575,0.20409430659410366,0.18230733582951472,0.21752272112114185,0.22059652599968224,0.25191549961661275,0.26680761800383734,0.19785827701321712,0.3121000682443051,0.4003046584881395,0.4481747760081215,0.3969721729505977,0.48731210778287054,0.5302731318405878,0.6544531210992653,0.6254278304086678
0.16252132793811377,0.14800624886149674,0.20715172805969953,0.1522098304816433,0.10850205588326375,0.15782135180302304,0.1198199415416902,0.03438282533396937,0.05568772703885635,0.04588458701336569,0.07138420860490567,0.1126035552685311,0.11010755002468679,0.08988507393390784,0.21293631827111628,0.0847914042928061,0.08392228357174619,0.16205007567983387,0.16786378730579607,0.23481173901704008,0.1812104899881394,0.26083798821664805,0.24197997670376414,0.21302498834205896,0.29094251274248245,0.16777572495299914,0.12404865928430747,0.21606871039847408,0.1953509512744799,0.15472210093153396,0.2478219551574273,0.13939959552958944,0.24882744495203674,0.1665958329246407,0.24762689720235898,0.4012751801381335,0.35765794222086067,0.40747766585542416,0.41718814323572395,0.49805371167123785,0.5481759954526314,0.5331713624846324
0.26030819907646624,0.13096266069913184,0.16014010768521658,0.10773693199284846,0.14135187893929554,0.11292342860731086,0.10243367797344954,0.11822214802675812,0.08460477590964743,0.037785725844955556,0.1308722476234649,0.11116193582990098,0.13298484027280005,0.18994454802405827,0.21189973595185058,0.18914179981384588,0.13980535138382966,0.1776311121074981,0.2748660923922163,0.15502733833953902,0.2700139780316926,0.2815176720746247,0.24942946771559013,0.24209207440607733,0.16658339498060373,0.17466474766789739,0.1389143568811415,0.20701686166186156,0.15081412582310763,0.18510774976272926,0.1696066705070602,0.20652834233513498,0.21938969765337596,0.2319288589421276,0.3050799582971423,0.4092272608354858,0.4255265410474654,0.3587999854264227,0.42979404364383844,0.5067061013009501,0.6073742162625195,0.5545156452710782
-0.2257111619232473,-0.09754123570218935,-0.1689095891495653,-0.24038938232546742,-0.11611975992874975,-0.13520034177546364,-0.12611415844945595,-0.04554418240740789,-0.15243635954658039,-0.2124771171702732,-0.04621787245194815,-0.16544111727815916,-0.1812075566221109,-0.06725633618870432,-0.11197717665716547,-0.04515553510663645,-0.23581293692259028,-0.2111294254587287,-0.2201144494492066,-0.182056907255087,-0.1859249045145425,-0.1775863060986248,-0.2290977274739871,-0.1708224978686677,-0.17370115549213383,-0.1059736055014167,-0.13949628258590935,-0.23154020504399972,-0.06456443322062241,-0.2155039977002861,-0.17099366729550156,-0.2151848465378514,-0.22871112011068576,-0.230981028725853,-0.15315448405471024,-0.05524270500496708,-0.048588649702363824,-0.08043525221273656,-0.09313807057381557,-0.18482809968573174,-0.12720857225360974,-0.228722881018022
-0.14471440436061905,-0.03816697153227401,-0.09127211641782956,-0.0480441201464518,-0.20830216277617034,-0.12094116264273452,-0.09564966906886009,-0.07058104475424369,-0.10948063150032958,-0.1547695150446646,-0.11485159253397492,-0.1360582766155708,-0.1054959369505024,-0.07426895807801952,-0.2249522697604614,-0.03888262625118508,-0.1601072795561049,-0.21132655445444887,-0.14805467315904358,-0.12160413570217847,-0.17928734171443558,-0.2124422152321982,-0.046196335688964626,-0.12179887891382792,-0.07639355975133999,-0.1800814622378043,-0.10298984891058469,-0.1874484794150298,-0.08302006296630239,-0.14694691628295445,-0.13683185541705245,-0.04449380553907523,-0.04548051668477162,-0.07562422113365441,-0.14190573084649657,-0.0656484400504445,-0.05268088001398951,-0.22244055527168433,-0.21312849189442618,-0.2089915385961312,-0.22515024774748166,-0.2325902369872474
-0.034379450952441847,-0.0718513562496906,-0.14859446880265664,-0.13911101198474637,-0.18826132466841652,-0.1524032181699263,-0.1837341090060071,-0.16026092059661165,-0.07414456222607521,-0.1303698995945946,-0.14126507806101302,-0.08433362104821775,-0.1404640559874295,-0.06384487574679025,-0.19173639700564646,-0.08742662569610306,-0.10638214332407064,-0.12229923874390318,-0.17607074141557919,-0.11467297272939478,-0.19907078504140732,-0.035863800926339194,-0.1420686488093458,-0.06516356604569433,-0.06159131036430172,-0.08398419998577787,-0.14633332706992552,-0.04131035134017825,-0.04680733970061034,-0.22069281658720094,-0.049574240863302185,-0.18403299092751285,-0.04890935589952107,-0.21316159978727356,-0.14055197935859634,-0.05532386446648342,-0.04900259503667102,-0.08214778080587062,-0.1421563480338995,-0.15049519291195965,-0.07235597778191508,-0.12265897218230068
-0.10297773070280924,-0.0562374151686334,-0.052546253517432966,-0.1253081949630563,-0.08460652169001162,-0.05668767132778475,-0.12220396343948486,-0.08154906532298808,-0.0930050887833272,-0.21089592258013867,-0.05528257251449184,-0.2044285807347813,-0.1676942028305703,-0.090725292889168,-0.14459648005592837,-0.029641854252508048,-0.13067486075040077,-0.02314446129987996,-0.03116035024489249,-0.03997017577790152,-0.0801073278016931,-0.04805707223694869,-0.19100990600462636,-0.0561550849274628,-0.21710832873312386,-0.17580802264619583,-0.02972867748703137,-0.05274501775912451,-0.20284446437773632,-0.10042981593809001,-0.17485554606290474,-0.11247014754033331,-0.04317556105132157,-0.20646291448759926,-0.021948616228410076,-0.21048095828641564,-0.15604266185241897,-0.05416363000710232,-0.16334042435462404,-0.028990368918804684,-0.02567891941769934,-0.02687261578920043
-0.06239076008112156,-0.09703201187287355,-0.04266480761105726,-0.12329030573944477,-0.04604710421539232,-0.04104648122567791,-0.11400714622872382,-0.06941935191877775,-0.073576264855903,-0.08690879853040216,-0.024143802504017646,-0.14035688603252233,-0.18911736588586192,-0.1333168867141671,-0.14247426346119102,-0.07742433627419883,-0.09602537414914825,-0.13604714682738808,-0.07077558498603773,-0.13488289437311035,-0.1669823446867965,-0.019458031176444884,-0.14442180317287565,-0.08680207749096673,-0.1948475161023918,-0.14131944508595787,-0.08065861700922772,-0.14145978037809165,-0.20584914681666752,-0.16828550414012575,-0.02721016689463689,-0.01935939295547993,-0.10923540534290382,-0.06241855690685207,-0.14171040624750858,-0.08464160303879582,-0.056992734894569,-0.1027765968865148,-0.18279342201684953,-0.09210452665273991,-0.15088815339676134,-0.13225035821620545
-0.1662370077551079,-0.13234082517465912,-0.17138370996358154,-0.1457493176567277,-0.01377834222637746,-0.15082248253914135,-0.02255650016498112,-0.09228268649715017,-0.07609496166657043,-0.20404362415878097,-0.0672350852375526,-0.1127875926562684,-0.14490359579859785,-0.17021102369932484,-0.16061237511925774,-0.0511330055413828,-0.2056312298208934,-0.1335196653182258,-0.009952240107158738,-0.11426121902541694,-0.09799874874025016,-0.16012110091167042,-0.14401629049639517,-0.027830046023614205,-0.10995346495977497,-0.13661220583715367,-0.06663529727777835,-0.026257831146172358,-0.05409888948087118,-0.09311189334914602,-0.051611696419339284,-0.09081754458573861,-0.01040741003008149,-0.05687621176610225,-0.17028087687678878,-0.19156114572974542,-0.0851726802734589,-0.13824730474183766,-0.12113112144170411,-0.06526820795691898,-0.02522667283194808,-0.030432413080386453
-0.14549996591509956,-0.13624168554749685,-0.018102003635462834,-0.10485542080061605,-0.1695928061884994,-0.05313433197203542,-0.09919173549592504,-0.1856341505895018,-0.19550885771999932,-0.1692698100090045,-0.14210308739377225,-0.12283792453460868,-0.1617222392882553,-0.040509733664418596,-0.05327603530925237,-0.010722726635653915,-0.1196649215945311,-0.17864987534854987,-0.009354993614736705,-0.13798367160509697,-0.08957546433456542,-0.05558849776385579,-0.09660411583010725,-0.13008246806279003,-0.007794718024428668,-0.10447874370550965,-0.178262199183784,-0.1960431212500316,-0.028550739331879293,-0.1167001380483391,-0.05300851010359409,-0.15643888363755978,-0.09380205771507978,-0.1455844592157371,-0.14296897711074824,-0.1771958987509818,-0.12054660920224906,-0.12098694954515082,-0.08281852688061214,-0.05052967549447168,-0.005884102676193234,-0.09478889719188972
