gfs-wave-data.json
{"header": {"parameterCategory":2,"parameterNumber":2,"dx":2.5,"dy":2.5,"nx":144,"ny":73,"la1":90.0,"la2":-90.0,"lo1":0.0,"lo2":357.5}, "data":
[rows 54 to 71 of 73, columns 0 to 41 of 144]
2.018384987944251,1.949747562635642,2.058949528218746,2.011278029396487,2.2032328220251007,2.047317877267001,2.082380593719141,2.147721960478402,2.134276300875587,2.090513650378057,2.2419586821531783,1.981015866752668,2.2622859993969637,1.9482052587223164,1.8534833940659141,2.356308749384283,2.191372634128082,2.272604408261448,2.110835233805671,2.0671903990079743,2.2330500637660724,2.010942888670944,2.3737710559257366,2.466359585733253,2.237522323804797,2.251607964966117,2.426721910293615,2.535933127658785,2.6087616350289404,2.6772422273067646,2.6591486189981306,2.6365742068954883,2.697662751855266,2.685761522154539,2.6728665968473035,2.8314001730767258,2.6538238189913534,2.8034957941506304,2.708550956409923,2.7179771568656714,2.6533230700409884,2.678689365491864
2.067617368787925,1.9443281612671592,2.039639561614922,1.9743226072773374,1.977533089154482,2.038411301626038,2.1218321401158686,2.207185991666293,2.2470499638623167,1.9875046526464926,2.0971180287804736,1.9876596189087659,1.9720846033279928,2.176519419020326,2.1099155132441574,1.8834368933085983,2.195178678882369,2.1601395874605025,2.3944158629113788,2.153197790080813,2.4103450573879477,2.5046916613184007,2.112135316463713,2.250971405504192,2.1616364388673963,2.483278094437649,2.3067982342221005,2.433656924163127,2.684889534833457,2.4342966890427626,2.5467785337641016,2.6676551234140513,2.513421267848444,2.7104584656856097,2.763361550506964,2.8031981942825452,2.7927703055346367,2.7309560665399273,2.787143576699853,2.703690186841802,2.7261970370487374,2.733162000288372
2.066910685957344,2.0504304297866067,2.1487283653214075,2.041229971782353,2.183738820972414,2.174706297530355,2.197031669450382,2.265383108425828,2.1941244669855537,2.2956689091261997,2.236033642558883,2.1927052935998907,2.0119215408967124,2.148683825489989,1.9728216454049683,2.2432382659024217,2.131143694362143,2.386836516501379,2.261870017703839,2.2920542349613813,2.3558220362852023,2.042678258763799,2.3344117884184605,2.2859262940265936,2.6041353391418838,2.493750669927824,2.679026985572994,2.5291590151366132,2.606367834590284,2.455124649254251,2.7131756116185026,2.6436333311958298,2.641305372639902,2.8471412277021737,2.8084934764423344,2.704090350812448,2.7760918022081302,2.677272796876167,2.8541378190771205,2.8002659464169066,2.759145105032436,2.6862358222596283
1.9549576616732764,2.1301700995846606,2.1358797166755097,2.1721637868600165,2.070805922831361,2.1607128551071377,2.1620759291698177,2.2347176845243424,1.9703075842545672,2.292408303005408,2.0463773438795094,2.2573715883805385,2.2252167478168703,1.9905239246586712,2.0851727840115624,1.980272650980237,2.355825864899516,2.2828786492985986,2.1020602527885988,2.2580912224904797,1.9849782105488996,2.4538734833592004,2.235420867662539,2.483797581230249,2.2838176444883893,2.5896090643370537,2.450700959731352,2.699039256185799,2.6886463225371786,2.703105120081249,2.6857340466036153,2.5122055197992372,2.780733009876478,2.7000140103582537,2.782273008052693,2.8611415752347455,2.752707777295274,2.761954871394216,2.7120533681197663,2.716897893020021,2.7040930594400776,2.565187773595863
2.0409456229307015,2.00942931519964,2.1565494727367196,2.2286003294501677,2.1973368664304305,2.2109501921500274,2.2742866555167898,2.1527996636996267,2.0966449829097185,2.0555053244188755,2.0195371509145934,2.0547607552476452,2.128262171305871,2.104751610450095,2.178044477355577,1.9544088252434348,2.187650691903822,2.3993811566543037,2.161764340489641,2.3008034319809254,2.1089931674380393,2.2852310760464487,2.142634069378759,2.426694174903515,2.404978201852916,2.4253902977695256,2.7038288521389284,2.5129093563731475,2.745024704141158,2.5616329414160766,2.794560971660869,2.6232765724852065,2.7099458477637977,2.760867905084218,2.693832957674357,2.744127025796813,2.8693391805393746,2.690709378300804,2.8142585964431923,2.7733879481390513,2.802231414248845,2.7784554333289013
1.95488467023472,2.0717219884367224,2.1959040447843696,2.0375917311854237,2.023767775251199,2.1766031481713153,2.0891546186659498,2.297646980204769,2.311581416324628,2.1757946573957727,2.3100403981903894,2.164944406442236,2.0116535388804677,2.1547973431137226,2.116328578165807,2.326259191210912,2.2743883790481494,2.1597263417534474,2.3137068810257944,2.243496468808642,2.333276955074708,2.4789000912011803,2.416954905651425,2.324009288667136,2.361019099569339,2.396508153765915,2.544225008390422,2.6254048654572797,2.4955155325682252,2.525251585106499,2.529980604522924,2.7629525242177992,2.5818033781145773,2.765700547872361,2.8950627655987264,2.85086461578514,2.7148751531351762,2.7736459922801906,2.6885539360864157,2.8337620268899024,2.7099199133113037,2.803116337500983
0.01250970402913849,0.05664891272969474,0.06495617057721746,-0.03585611513095979,-0.022807176477806605,-0.005656751011727797,-0.03437068392202935,-0.03465851482888722,0.04087738750526099,-0.05951002845173407,0.010538850368203036,0.0020373120259340955,0.012372760564602436,0.060614852197542014,0.01207903737517013,0.04558106784379788,0.05554172997200928,-0.011564907326394496,-0.03219976078745961,-0.008779148180864121,-0.05007794451045461,-0.027373906077823824,0.05310971469111706,-0.007022717460084185,0.03869123214691539,0.04309568646177181,0.036220298270404294,-0.005573057185823127,-0.018712931001403917,0.0036495563384572566,0.03415969881739929,0.01164477947640985,-0.011179984396738278,-0.02105253523851055,-0.037200451151702285,-0.07168937345109214,0.03968269307731249,0.03707717808234942,0.02379892289357305,-0.043914103822196154,-0.03073185784592099,0.03315624318986039
0.5961960335097092,0.4554070338908249,0.4466947735157211,0.5132141004649062,0.5559875847868978,0.5175272124959897,0.44765762602817394,0.4422272613571392,0.2985927464768356,0.19055394095516268,0.17135508156206022,0.04767687184830024,-0.042625629876902486,-0.1793589892651255,-0.11593644568484425,-0.23390250428999157,-0.5053009115713359,-0.5207074166497281,-0.6157746782668347,-0.692369180730991,-0.6351160223408684,-0.6917933024452501,-0.6471606269682058,-0.721484024863555,-0.6092564808306582,-0.7007917207705027,-0.7245707813671154,-0.6099255964272297,-0.4706188928496392,-0.4856589682806234,-0.39036125093255974,-0.46410224929509003,-0.2723106376467376,-0.28507482530898204,-0.11361389010023483,-0.07225932354890516,-0.08125795834871861,0.02879999952905099,0.2017550320968819,0.2791380611647656,0.23530495710739557,0.22722165079617795
0.4952268533309407,0.5967954889911619,0.5043965531990656,0.5858303565388077,0.6441155247212761,0.5890510494498244,0.4546782209085548,0.29972074572462193,0.35282799434992423,0.3624399031776964,0.2657191082582175,0.04736544483490702,-0.0512965112441728,-0.16868598648384392,-0.3635072235898048,-0.3094205622534987,-0.30149463995932413,-0.40458090195124663,-0.6910384477226665,-0.5945620479657769,-0.5233245409616477,-0.6428073289086633,-0.6963204965155969,-0.7432229640594809,-0.6413197859231318,-0.7183102983039285,-0.721894512419856,-0.6337464558868063,-0.5388194624082583,-0.5705582347579001,-0.4280208847924245,-0.37942991480022165,-0.2812602839858832,-0.24427937460996105,-0.2544176000355299,-0.13004820908695622,0.01867891651735931,0.06217803125846034,0.24916745332408258,0.14804959984613733,0.1829194381388008,0.2944074585527831
0.5910146578571249,0.48891835546482304,0.5767263468209971,0.4711496121484248,0.5694475913377314,0.5107135791779435,0.5674065865561317,0.5386224777575188,0.35832591734893815,0.37086086386239925,0.29669828466956377,0.16470463255809475,0.1427138863566717,-0.06946071880762378,-0.142083557153657,-0.24524071172218256,-0.38515928810296973,-0.4706795432778916,-0.6618555337665046,-0.5341360975190383,-0.7142589255956459,-0.6499426471526657,-0.6236490136888592,-0.81214279967231,-0.7321893860605826,-0.748871093049482,-0.6958531755349558,-0.6839341583185524,-0.7114610092952514,-0.5100728981164873,-0.4626316729723852,-0.3076459277843109,-0.27664941084975414,-0.2614518329884363,-0.17835221983726324,-0.21935261332249384,0.05823327942970961,0.06065521915940454,0.16977302684454432,0.22388190466836738,0.267921601324217,0.2818739402726347
0.5383364004918756,0.4623448802268465,0.56664099833331,0.5527547225199424,0.635760361005362,0.41071859022893725,0.551181538216567,0.4803974494829213,0.37264086188875156,0.25273593450932574,0.17934986179910797,0.022019290090149676,-0.10472537808562184,-0.19778265826684957,-0.2579444414116686,-0.21877784098339875,-0.4397134582561935,-0.5137373773344937,-0.5390124319241022,-0.563812413037536,-0.6729809336732332,-0.5852960992385423,-0.6873322722240804,-0.6194449325972097,-0.783305769636719,-0.6513205113790531,-0.6760889131410879,-0.6660156006560951,-0.60375203760172,-0.6062715177864115,-0.4940264634243909,-0.4691402116993815,-0.33194764137284044,-0.35821416133411954,-0.12388370347659435,-0.07437956538620673,-0.10930595462443565,0.1209437755074913,0.2657626988108863,0.18492224357617182,0.2702527681468839,0.22767430091472898
0.5711564042597336,0.581058961770749,0.5989512333445826,0.4319442574755467,0.6085436772161994,0.5414507515194034,0.5280966946727917,0.5326451465306086,0.3363356966131775,0.3752386003741918,0.3065522076295338,0.1810153592587156,-0.02514794274557211,-0.18289934018677964,-0.3291038179013258,-0.46028110764474,-0.4503025913986548,-0.5076023017133099,-0.6607157748674761,-0.584022222144112,-0.7062485396639645,-0.6900601397434899,-0.7685630678598618,-0.8188897911245615,-0.7696552129689843,-0.8359394733707712,-0.7990972715657679,-0.6377046867036537,-0.5804506151623712,-0.6376094879204617,-0.5054732183108016,-0.37123346366547777,-0.3874199781302765,-0.24128730410733543,-0.07709257419541411,-0.11212384170737225,0.07848900563397818,0.18149248946019916,0.11422285231416796,0.17975069782569403,0.21453860139327122,0.2936963759981324
0.5558734492210646,0.5696480843182941,0.6654554537681145,0.5460550936765916,0.49963304844136985,0.4843322818332514,0.5903896952236584,0.42014602662262657,0.2681435407179237,0.3099049865153941,0.1313026027438413,0.2298799678547984,-0.08695273143827076,0.02045009977671128,-0.24061991153586623,-0.3550536703856712,-0.5503394615125159,-0.5476040871854821,-0.6017449128974179,-0.7401403193601032,-0.6649723399307315,-0.7793661794168194,-0.708315162161974,-0.7354841450609969,-0.7022974301448975,-0.7142810491371735,-0.5851668577373653,-0.6988853696789127,-0.6145336981686735,-0.4187048570148696,-0.5291433087861681,-0.4111670590048888,-0.2972704352247358,-0.3848306458707127,-0.28883866784425943,-0.1549575778353748,-0.12275189056632708,0.14213100045388707,0.1968633220346082,0.26297943778633404,0.33179637635154385,0.2908538319065189
0.5765742418248346,0.6538937813464439,0.5457944887691794,0.5799391557906814,0.48438239298573965,0.5808909985588033,0.4250774693129964,0.41921596315305754,0.35469230440894095,0.20953828680177458,0.13318998877388993,0.24357938940491317,0.15230259494352663,-0.04224058669230688,-0.1984589880388998,-0.429495931593006,-0.4077721363680229,-0.6039182407051876,-0.6002136493198308,-0.6822343084017557,-0.78653493341647,-0.7183936542991636,-0.6752817152034403,-0.7740080420067891,-0.8036486076671931,-0.6025127818485994,-0.7571266305718403,-0.6854335986141273,-0.7693311300913808,-0.5140537440822485,-0.4565293363472823,-0.5124534331037122,-0.423393976197558,-0.3171300039160208,-0.11807875916487191,-0.1816113305165549,0.09490351180875184,0.04761694016396006,0.15364951076302685,0.21043620261974133,0.30442247946524936,0.35386846157577795
0.6207794072793174,0.6621207447727485,0.5556638601475176,0.4749532425805348,0.5532871023948484,0.48770764688020113,0.48815970309766693,0.5069002146271382,0.3567035151337273,0.3542918261935741,0.24111476879635413,0.07262848027382816,0.05418925461859496,-0.24097947275715742,-0.3229328260768935,-0.3165788463362069,-0.5176108242620313,-0.6819671179931254,-0.5445445180746549,-0.5500450228780919,-0.7045822935921213,-0.6677275320716591,-0.7035400371331337,-0.6931734673077584,-0.6189406119108565,-0.7592977345774672,-0.7265248084297145,-0.5590741002604759,-0.7487358843259138,-0.6516689882019655,-0.575990218629664,-0.3943579994704395,-0.43086780867804675,-0.2236575954859827,-0.22347807877661818,-0.010501620863515576,0.025008949473229673,0.01063262405264217,0.17295715544512122,0.23049501410894127,0.33375458708311334,0.33142822921462545
0.5756169289056082,0.497536226030692,0.686472357582948,0.5681511604995142,0.5334856196719578,0.4708150593589814,0.46271663037104954,0.5234292624851212,0.45134078194801597,0.43661977669005636,0.11486555768111703,0.24873835211933298,-0.0006995674479848213,-0.14416540215029766,-0.38882613131839056,-0.3240980807891026,-0.3889163873533184,-0.4083340060142315,-0.714152024755891,-0.5600995424775859,-0.6835486973276443,-0.6596594559511854,-0.8403336213065894,-0.7930775050246112,-0.7147380245794174,-0.8001464339265946,-0.6476997277408769,-0.5895331029803695,-0.6573755614319686,-0.5662232360632141,-0.6097650229526579,-0.3146685819238761,-0.42240411972586933,-0.2137025125238554,-0.1798068287648021,-0.15764768487923703,-0.1003448572468378,0.05056279206582292,0.21847682529054754,0.20626960617957676,0.27752159773540924,0.4051020377211997
0.5214591937123628,0.5831653083534635,0.5862715746551234,0.5203345947730054,0.5304570336353961,0.5170413962442053,0.42783502733323225,0.5868292843581397,0.37309517683228655,0.26581556634058456,0.2946756519772522,0.23218740018725456,0.14384147910326903,0.028168052092142012,-0.21927823022678394,-0.21841022904692406,-0.330502256747404,-0.6411322499003606,-0.5164308020890699,-0.6106305684024667,-0.6693766401845328,-0.6353224772386037,-0.7423164890734442,-0.8530952471948814,-0.775090230854303,-0.7656319054024928,-0.710770775603958,-0.7133768139004074,-0.6528193492239405,-0.546722691643987,-0.4861278116873935,-0.40226188397415447,-0.2812686265674093,-0.29468567824501346,-0.2806617855426126,-0.020076930501552983,0.0836009237456181,0.10413658719613197,0.07461602650715884,0.20089782757984428,0.322184719286265,0.21108513642974633
0.5901011167242879,0.5996858788993363,0.6955214755289688,0.6388009215106475,0.5007857447133826,0.4668007692236148,0.4881296199870234,0.46828275204766173,0.49947238932528293,0.28797815695073314,0.2837891022419706,0.16517535269724476,-0.015683199085146295,-0.011144802473725708,-0.18997704190955877,-0.20411507318306754,-0.5072538806683773,-0.595725901340344,-0.5973420294588824,-0.7017432134214203,-0.6663865489888625,-0.8523885500297944,-0.723252565410135,-0.7521045505382579,-0.6945319571857768,-0.7261414128949926,-0.7070365658714912,-0.7831906973708641,-0.5882955812236815,-0.5799812863762781,-0.4406480757146211,-0.37785149753447256,-0.2752718265292263,-0.17405752520648932,-0.26568230938539955,0.006485161873562213,-0.04264604670483298,0.16485309357525646,0.2071088310991751,0.28133471871534044,0.24007748591869338,0.25986149044216117
