gfs-wave-data.json
{"header": {"parameterCategory":2,"parameterNumber":2,"dx":2.5,"dy":2.5,"nx":144,"ny":73,"la1":90.0,"la2":-90.0,"lo1":0.0,"lo2":357.5}, "data":
[rows 0 to 18 of 73, columns 0 to 41 of 144]
0.2092136913286089,0.3708099513765738,0.33454001787011506,0.32356898834124986,0.35537495094012694,0.30695928661155153,0.3368638093794156,0.3260526378916707,0.2404779655139205,0.24519491645940777,0.13279313019425468,0.08963595310167709,-0.04093701469157184,-0.09157580066867707,-0.10345940145136778,-0.21164716501758143,-0.23513488337906185,-0.3530339339677984,-0.4145168984976418,-0.5088876515860868,-0.4566126501379767,-0.5082913631259851,-0.5199126232043654,-0.4742553974338715,-0.40133842483259785,-0.5839542597666086,-0.5194738024901123,-0.44481548579066826,-0.5088243576835788,-0.44672255264229804,-0.38515279889270165,-0.18369662584137422,-0.23944677502800318,-0.2295371729915763,-0.09262659916420203,-0.0752523869653446,0.0529376830448183,0.05465798608262788,0.10053428046390916,0.11551870085765609,0.20880831951085632,0.16393995986605678
0.2622442702084254,0.3292123427627039,0.4464044131927061,0.2954635071042843,0.3622704537318124,0.38033841997242973,0.28734629027616554,0.27963056081467347,0.2667105716728184,0.21462597290429233,0.17130634737652445,-0.018896795522465926,-0.058239928882202745,-0.15314485065653183,-0.13638413108807737,-0.2342064034786923,-0.30074014573245433,-0.3236641756645057,-0.5187924579922845,-0.41986593629312685,-0.39142954841371663,-0.42125295554054565,-0.49868743052884434,-0.4975554446498164,-0.4663402049321857,-0.47731142770240204,-0.4584278212596222,-0.3644036539713442,-0.4248582669144055,-0.43782489356909077,-0.2920617816438714,-0.21365536546973107,-0.19115298804127226,-0.14149460977226713,-0.10261500285951286,-0.02417587872886003,-0.0015130274929875999,-0.0033312449970482687,0.04303397535663864,0.17419066891666424,0.10066025433851464,0.12313675811368631
0.24685597629851463,0.3044182161057094,0.22947866283100035,0.43323352987086605,0.36374123461142654,0.3330510385673637,0.3217023515829482,0.3027177879217161,0.2971721117500387,0.10920731002829233,0.13285358926894084,0.007301221080526654,0.08113265185245541,-0.09920949793566218,-0.11397459599286598,-0.2986895314611133,-0.2790401368265757,-0.401705119287309,-0.49395452594670597,-0.5037918029420217,-0.4842806783968351,-0.49023039678671554,-0.553326679646203,-0.48421936818462824,-0.49241829884715144,-0.5560919768377116,-0.49917747534990226,-0.43758001676791475,-0.3911607101446214,-0.3256079699837906,-0.34496109651481704,-0.34737113800029007,-0.23488823621915444,-0.18798650435649783,-0.10833313787824696,0.014116504336114393,0.045715297864594134,0.049790078491588716,0.04440815879061202,0.07200528079150145,0.09452234912710497,0.1691325930514647
0.22872416883602126,0.2364557386683625,0.3005710632005591,0.3466434229883088,0.4127035351228856,0.31917990100521687,0.3562166874587407,0.3525710846632896,0.30120215165962794,0.14782559773723258,0.20387227502257735,0.008057148999144552,-0.05233062762347323,-0.12328993326148423,-0.16301563272225392,-0.19938464331370445,-0.3038510075798498,-0.2674861790061715,-0.46024267299378563,-0.36717742305240875,-0.4755477837555516,-0.43911750502432534,-0.5067816846780152,-0.5105761538497982,-0.49628656927256254,-0.5997298256068077,-0.44821406948841674,-0.5509738634583141,-0.30055003662028906,-0.3798884866689678,-0.360532598985035,-0.2676757620657274,-0.17891173976745212,-0.18194748954288073,-0.054192326925148505,-0.08656206839907789,-0.034284092983820964,-0.01202403621267305,0.13368215399244035,0.145813767471961,0.15949975697975138,0.08283775027353729
0.30081175572307767,0.39040533008800343,0.34335652727663407,0.29112657990831947,0.41266203965590625,0.36092235089186225,0.28191131061134717,0.29262572698989125,0.25722517194074246,0.2506533894200069,0.08614160404863486,0.058951489353730506,0.03194470842157108,-0.05542509835981606,-0.13891026713464788,-0.360468300385039,-0.3456679978606167,-0.29598854816820896,-0.4223656140347042,-0.4006744865367083,-0.37459502798166194,-0.517812870350062,-0.5395568556806164,-0.48601701173404244,-0.5703004692652692,-0.49854368039875546,-0.40776096574269155,-0.41411529069788405,-0.3637263920603378,-0.2786480642415954,-0.27887806654383146,-0.1806408584203545,-0.1713239200811115,-0.1683793225754791,-0.11731878971409757,-0.09245277621515578,0.021202300574152837,0.006765824246980111,0.02727185438769449,0.10502765663280525,0.12067256759357688,0.1111600118412801
0.32313948204123094,0.40495303418742473,0.31008418110568675,0.37510739283143557,0.4281037144798611,0.42733829784677624,0.41456453354195594,0.40845280538152334,0.21206601971169317,0.14634806601292355,0.10638311570628468,-0.007647300141372653,-0.1121316500492725,-0.07493683695642471,-0.081970986760435,-0.17799300004513388,-0.35654536900776607,-0.3749291467482255,-0.3888888826127534,-0.48945515906290393,-0.469315803666649,-0.5210164230005125,-0.535529094826628,-0.5381388897999431,-0.4819373919521975,-0.573397767921128,-0.5043361911538876,-0.48102516260273914,-0.4146486581539092,-0.29864394034621256,-0.32172294016389663,-0.26040975893541124,-0.2870630939724932,-0.19223241082180617,-0.07214374470276955,-0.03139299665961263,0.03399389838696185,0.027178532409043256,0.06536493079240613,0.16007977552863273,0.16543252285135535,0.18431745537849498
0.29567006266403556,0.25981816147616354,0.3702584757811423,0.3397631479782456,0.3520443936196427,0.27927367322885455,0.3379952294465653,0.3610843488468658,0.19014397079682693,0.1911826347479797,0.20285109611408902,0.10810152721685991,0.05340955064590852,-0.142531845182524,-0.2283365817348709,-0.24440987097180156,-0.2737778844424055,-0.36149113327964566,-0.42754012296839705,-0.5472390011663083,-0.4147818155041811,-0.5168145281290903,-0.5187906926238413,-0.5197819005366343,-0.5470833909255064,-0.5654753895186606,-0.5699905502038495,-0.4908833394634948,-0.4037695847563726,-0.38266602931645316,-0.4067030925140065,-0.27037337347388235,-0.2026759705941386,-0.16311214008204747,-0.03607394835449752,-0.024483683248339574,0.04318574243248291,0.009076448506013787,0.06621543333699727,0.05702025009843992,0.0956294550647476,0.239024257277439
0.25812769335403246,0.3308667679520706,0.31967900715931347,0.2839524000892774,0.39531641739731105,0.2708511342712726,0.3134243370833166,0.24943231997005327,0.2809482689160507,0.2657453995761744,0.07346545133979218,0.06494463314236809,0.017404123764934356,-0.10173096940246719,-0.22589310535612253,-0.2578067300416288,-0.3812767526903371,-0.3536979512803905,-0.3572886691543637,-0.42022631940539884,-0.4529545281026553,-0.5467728285696437,-0.4825464145453938,-0.4589335535544439,-0.4608080509716436,-0.4396641579590368,-0.37227183200856134,-0.4307319176604673,-0.36221454363996464,-0.3109003519529728,-0.3874767119520818,-0.27615032526636185,-0.27025025857183893,-0.2234370656531793,-0.19377480900374797,-0.07762028497436135,-0.019795600657121968,0.06166526084366994,0.13147071086271542,0.061193387349776286,0.11247651325185318,0.23690341760330125
0.3036615574674623,0.31791786065798594,0.46571789965002475,0.3666500811491324,0.45349830455634077,0.4045512305722274,0.4284540832248,0.34569037209763404,0.3610298256856087,0.13947881106296983,0.13270266663916727,0.06461214258928254,-0.04706086341670722,-0.11151678730579463,-0.2233855580184825,-0.22074299354529742,-0.20701325248399993,-0.39526531557827205,-0.3316791203243069,-0.4770108600332141,-0.5123356880713056,-0.628442057827421,-0.4905748392140805,-0.5128755510080675,-0.49720154639045144,-0.5873348470611425,-0.5551176399431207,-0.4290238191614991,-0.46433003662448,-0.3781354434740123,-0.31063600544136544,-0.3164081668331222,-0.1490899397735635,-0.17238804335743474,-0.19439402066509337,-0.022856619718619096,-0.07629249487091198,0.0275393014101736,0.06655129495480043,0.16710643594483282,0.17097972009053025,0.20656062370268038
0.3757936219642777,0.4088100426552329,0.35865006895069845,0.3127964112419423,0.4123980397363069,0.36839260335420276,0.41691330691999173,0.2921179772365887,0.229980899031632,0.21932773887857993,0.14637056982510566,0.12808685196274247,-0.09006447550979324,-0.10700569915644359,-0.22984624109425622,-0.3786590353559313,-0.39579404538809326,-0.4683938130540715,-0.3604102046761134,-0.47344596206090384,-0.48801350941100546,-0.5703781335720233,-0.4477488724227149,-0.5967907906314982,-0.46693074891698827,-0.4368368111184839,-0.5096852520075045,-0.5335742186719968,-0.49886484284739835,-0.49788534492884856,-0.2941009400151709,-0.2651716116476759,-0.293602064659679,-0.10620916047664664,-0.13953757610613132,0.0037031486032044923,0.054957753747439095,0.010552020727749524,0.05987080673468691,0.11435887636241583,0.1518994098315593,0.13863671834557356
0.3185786938273107,0.3120203607265812,0.40239858821583624,0.4367222445827392,0.3082617642938369,0.37145601647317983,0.308446076390548,0.3998935764416108,0.23001059327749848,0.16875460643984255,0.07035669016766857,0.16430177173823018,0.07302760030461274,-0.00941647259333805,-0.2118814234307399,-0.20784269928776408,-0.3552624977732659,-0.38481086196938474,-0.4815044657506443,-0.4838108412310544,-0.5244441939915104,-0.514524363532517,-0.46198762316468556,-0.6108998353636407,-0.5013609859183225,-0.6384971672152789,-0.5062523823078594,-0.5457129620555049,-0.4171576680829443,-0.4168516497353994,-0.2964471937957493,-0.3509739985233465,-0.23636111206060245,-0.13136046256929124,-0.05506210222427407,-0.05353928814821563,0.07117889924688024,0.12148298965420727,0.09600740469941067,0.16593103065299483,0.18562861515883375,0.15556950368207947
0.29934772779910157,0.3888303675954243,0.3895599540333137,0.46229500323738604,0.32041316249196333,0.3413876650800529,0.39480064620870564,0.3761493300275149,0.2681478910288395,0.14547464348692804,0.22921450915320202,0.16360537784304152,-0.035587206121958787,-0.1393377135734792,-0.227126647315321,-0.19198030573374678,-0.4003291289586004,-0.42644105111485686,-0.583301196325646,-0.47118400351886575,-0.5247793117222541,-0.6009295098221519,-0.5910122977667036,-0.5456395979742749,-0.49762184245074786,-0.5145336574978803,-0.4834304507823627,-0.4465364913962504,-0.4956985306716003,-0.358746915957952,-0.44783614033865776,-0.26767986798972326,-0.290826754346438,-0.16528838407208823,-0.14544915271278816,-0.07220989780439799,0.06590843521576072,0.0460338460664096,0.10262505560987809,0.09919436744380983,0.1324092783626132,0.24449892102878087
-0.0203325134834043,0.004933517384148048,0.001674886763125931,-0.005940120786993633,0.0075488646615344355,0.012175813065164602,0.013012922231031501,0.020734438696928505,0.016077396358283605,0.03125138824693725,-0.020943339199097008,0.015935035543260798,0.008363815506403204,0.03250010552420314,-0.008944099893990531,0.01797358379430507,0.004670623856972427,0.01210186606318652,-0.02501736526105922,0.013675693043258493,0.014215425402794506,0.015939150451933084,0.0039281519187247685,0.003595376432900403,-0.02524277925429159,-0.026112736254109366,0.014223712620992814,-0.0007266840260333041,0.04156927730245676,0.018706471259474014,-0.03046350951243759,-0.01692553925757806,-0.013693666591964661,-0.03359514810452504,-0.03636159673017785,-0.0005873883747666053,0.023795945332963416,0.019383551569481548,-0.016813568821585276,-0.004288383360479724,0.011529002784128451,0.020825697892485385
1.9617166756387256,1.6157683432398702,1.7162695175418887,2.037009636510743,0.02439596687638563,-0.002996387336385281,-0.0024354177173085928,-0.012390912456191637,0.027471047553939774,-0.011174909943721209,-0.020881879295420052,0.020117953404873882,-0.017753428979031476,-0.01842688467812562,0.007738356697155687,-0.0021087103014134118,0.02340187297182134,0.017573496779883714,-0.009392336761661015,-0.0069688107233147655,0.015600815803168832,-0.011362950764411612,-0.013681120556783125,0.013388044731239614,0.021108071628638606,0.01854639250822735,-0.012148084390674115,-0.03854364975978508,-0.013288928730116714,-0.005018638128512174,-0.011093783987093854,0.021678005806023363,-0.03828392278701568,-0.021186178810226185,-0.01671751082426731,-0.009228744322570093,0.022980411237124285,-0.0008869148571951866,-0.008239710973150637,-0.027685278421089286,-0.030171351850799114,-0.007986675827467123
1.727612993920645,2.010066662823033,2.1131333197910016,1.7455402029151765,-0.01641732258156776,0.02867874043382208,0.012454091305571435,-0.03291927471679135,-0.003002875716810801,-0.006736854569267083,-0.017288569707443944,0.007977341146095454,0.009357564227737734,0.01675097904396155,0.006778354775842361,0.009903098874258505,0.016539376069297163,0.02299475309526449,-0.027380667498355517,0.0005147066347149498,0.009158480819377174,0.0019271119694665418,-0.00771250945294215,-0.0020386449029327117,-0.015450744544959807,-0.038360119495144694,0.009474843961496454,0.014625978837613112,-0.025281928620120808,0.027257344702273985,0.03603888550215378,0.007781078330156909,-0.01498227097402626,0.007243431650577327,-0.025833706544318144,-0.02801900963496771,0.017840192734853388,0.0449075606191789,0.01487948817052272,-0.00790088804749644,0.0012110521180418083,-0.04758039577425252
2.0617803848777974,1.8436908693195142,1.9242959355575633,1.9388238352474951,0.01562626836482608,-0.01748372982362882,0.004146084674988801,-0.01463391862293525,-0.02725928257446348,0.03122208175787442,0.015827381049049186,0.024569293482499283,-0.004698473237124948,0.03481108403761218,0.00470600456348272,-0.007020909825486539,-0.020954398517515696,0.007043029957732899,0.012443838215739255,-0.04130151904663374,-0.0038330744449894517,0.03310781870982187,0.017742616204056098,-0.014536316820956718,0.0036404057252236413,-0.014738207615076307,-0.020550232251063463,0.004235105027089705,0.013056109597518059,0.009635302921967986,0.012790297208554359,-0.00443939811221513,0.018350239675788454,-0.012756389636916169,-0.001726873559874438,-0.0030706403581187017,0.03602041840349618,-0.00522751477021746,-0.042505306749177664,0.03066866859703845,0.002122381308235856,-0.039565779554345946
1.8894187302094607,1.9945773065214314,1.932563962343699,1.704744304762891,-0.0038410594590002852,-0.04371931313397387,-0.01821493540653799,0.010602550265120917,-0.018273355395113766,0.019852987111981142,0.017481319518340324,-0.015699414710578806,0.013244176063756554,-0.005896772440127187,-0.03520493911507797,-0.0291817730048198,-0.012029070669320277,0.03773995886661256,0.006746982835816639,-0.01345647172148466,0.001232180388656799,-0.040620712401665454,0.03470305555294258,-0.03546338855465421,0.008582079387851035,-0.018488549260161132,0.01030283454172381,-0.037283625191037464,0.0014216334179360359,-0.008463925450716144,-0.03432574380059349,0.007080085847132684,-0.009199868934590655,0.020824696624667054,-0.029636048170193753,-0.00696178303009197,0.01849299316592569,0.03456690040570322,-0.011076729824288969,-0.012397134505403206,0.03351095696789468,0.018306331821538655
1.9554296230908157,2.0622791648170993,1.8085795957209896,1.8092920076772254,-0.03935096789680826,0.009069294793906967,-0.012536463808735835,0.017862478085262836,0.022216086884305736,0.029411205231554473,0.01290325107522485,-0.017026838972550484,0.05202205632417181,-0.024731769776993408,0.04506693737051429,-0.0005855902347269112,-0.02666483574578328,-0.011618964673703882,0.02264710842928493,-0.029109725355945165,0.007663211857353599,0.012983770722499371,0.03797074322860738,-0.006740487794255363,-0.04168659169503848,0.014915685604040527,0.019771166509565227,-0.007156309426556817,-0.031051281442613436,0.04916905148869442,0.011848370190813425,-0.001969022343806772,0.02203457919537492,0.026062923872036278,0.012219228601752558,0.029415386137061645,-0.02241161486126374,0.040968063321684206,-0.045832912596798274,0.00561314838625764,0.004751317190787592,0.03413896591481742
1.8470427551138353,1.8234605085388118,1.9485817068728442,1.7095865679237499,-0.022145954689879656,-0.027670813340598174,0.03236784781203608,0.012124669662014862,-0.012283082169321948,0.03221551916897894,-0.00605096593940496,0.0478590363768545,0.04144749204745547,-0.04320592783053342,-0.023312573415313925,-0.00418492898754625,0.030772465182948322,-0.017986051772141007,-0.009199300417115325,-0.021069910490601695,-0.010001129341076786,0.010626147001462237,0.012490718491927623,0.03921691382034402,0.024275013013990765,-0.03656288049400913,0.0563500100046587,0.02224496138270662,-0.0019038773934851108,0.01754288059769837,0.01657701842250826,0.03700148109217806,-0.008719732931990496,-0.042450176157957736,0.00702038894982341,0.00606559224530595,0.01690474181843831,-0.035764037715871666,0.024767133265493613,-0.032843180556834994,0.03307199001780278,0.02336596536501099
