gfs-wave-data.json
{"header": {"parameterCategory":2,"parameterNumber":3,"dx":2.5,"dy":2.5,"nx":144,"ny":73,"la1":90.0,"la2":-90.0,"lo1":0.0,"lo2":357.5}, "data":
[rows 0 to 18 of 73, columns 42 to 83 of 144]
0.3773857052923779,0.40711121754202606,0.3382111559496225,0.25944114821938513,0.16990390368342415,0.25324366081050176,0.16719513690317572,0.18999494257956848,0.24379982610105203,0.25378324785237466,0.17286207283855742,0.33143342483391525,0.23256221994868725,0.29545359033221136,0.30190730321652265,0.3051619170027967,0.4798185950644207,0.4753949219917289,0.33782009780378214,0.5240951791617714,0.3700043329740743,0.4047290565907815,0.38190511780606384,0.40623334462921934,0.4339515830263009,0.3109056576211859,0.34651830597631794,0.3220196953151895,0.24841216376970304,0.35430219555753545,0.46985345195678924,0.3301708578876481,0.47306404881062747,0.44801785483608975,0.3804632022543297,0.5801024172964709,0.6289886909591982,0.5147460203773185,0.654717978929403,0.7927520230949486,0.9018818096914984,0.8940090253422744
0.4577916373342399,0.3739258445259431,0.21179025966382814,0.2679084458508592,0.3045938505099077,0.26672183397437793,0.1841864951087788,0.17857126256494724,0.15973249697213032,0.17515109017935646,0.26236250145277545,0.37228370952918616,0.3424844253485793,0.33939245284600666,0.39973898484832815,0.4340913625593485,0.349740709154762,0.4609135295310749,0.4417483286373648,0.39820838308090756,0.40066578843258505,0.4489559228984097,0.40846951208852406,0.33456634772381744,0.3018417322583204,0.2970051323932721,0.3409268483834358,0.45928569129576075,0.22514307677984832,0.21784213569626254,0.21494775681481443,0.4132344090373015,0.36276039163728685,0.38568998084939377,0.38705871247192175,0.4923597835725004,0.5820014131238437,0.554853357967872,0.7777165904122058,0.7973635393370209,0.8069570627365154,0.9037231536008182
0.3377851598409844,0.4089230416510753,0.2887031350436041,0.23335917173096726,0.2033088528465661,0.251221677346196,0.2970091570986524,0.18526673072980665,0.1642887242645485,0.20999125027081403,0.27065420113447275,0.26070186535977985,0.22090415063809424,0.3399218222547009,0.3589119792000595,0.4025695970875301,0.3150754615726494,0.4979901877968759,0.41654618387157505,0.4144411483014667,0.4566334328634656,0.41828348648776226,0.4043935622936643,0.3445655509927717,0.40210610481585846,0.3750959876740682,0.38896396757509843,0.35007227889313935,0.21534149747509818,0.32722568633181204,0.2547704760750918,0.4205050019545617,0.2896892985222347,0.40429279869602414,0.41331902737305776,0.4595224012655687,0.5079196570250946,0.5679628256273027,0.7020936949385485,0.7587695905210526,0.782852200337755,0.8822998915383502
0.39021323698872307,0.35629099783910995,0.2324178964794042,0.23749367431996404,0.23547270801849365,0.1791273057198786,0.26175805677164077,0.20874495448313946,0.20042084041981204,0.18410893385137678,0.22064177317926892,0.3039755890681931,0.23573308070556415,0.2912720914257494,0.37962152945549144,0.35602761475905204,0.446852523477876,0.42925281153019246,0.4778079966629287,0.521837260162613,0.3655160737287338,0.3824379741837008,0.35596735497142373,0.3530797772807324,0.3881525026660479,0.3939135327729588,0.24822644248950157,0.4391159578949004,0.250899740964868,0.383469788462352,0.4084940399184203,0.23803744678733588,0.3702741063344787,0.4081295439190764,0.5136427361205179,0.5074548346478928,0.4121342659577315,0.5021242385484908,0.6296729003282603,0.7143576088589424,0.8695364156384257,0.8283812644329653
0.395065650817924,0.3132539400675432,0.2748418077720737,0.1593368573162337,0.31010926800330835,0.24560636483688827,0.20145225843495296,0.2104845920883736,0.31464981673548986,0.1488146268454365,0.1650034749025886,0.2571058239330603,0.38443743031298383,0.2859374337703848,0.3390880604068081,0.30892691915123,0.41047601575654047,0.31061205455430757,0.37683140303622226,0.47692043004159557,0.42143451594734155,0.48885159090162283,0.3465157770644001,0.45084402520228556,0.37094649205570074,0.3252902933199808,0.318887690083789,0.34931641180688444,0.26228047556118267,0.3078281315660656,0.411435699616424,0.38650959658942724,0.40209722698677913,0.5024738581172088,0.5033057033583217,0.39248722404603276,0.4370947395665073,0.6946756270859575,0.6071521128284658,0.7316021170357676,0.7912600880227367,0.7652371919009751
0.411981643603244,0.3633004914539825,0.2875593665902873,0.2865082211770282,0.21684588701130814,0.25207844107031424,0.22885350713616495,0.22518426877713188,0.16035957426115138,0.22743309970608402,0.2078833375748634,0.26052847777807103,0.29106451872503514,0.2679594221204197,0.4115503727415419,0.3802186915085992,0.4161633615676996,0.42699303525225035,0.4420348078515363,0.4847291297552527,0.3661947367733573,0.5216461989301981,0.42551274475865847,0.4905797658380586,0.2859985786355411,0.39056832821278953,0.42814748411513837,0.282137180804164,0.3686932549475024,0.2739840930503424,0.32004882530626816,0.3933427094475746,0.32671043563084423,0.44710819866715606,0.4758392078977654,0.3749910644527713,0.6285964554356309,0.5955824246096523,0.7775348884493192,0.8226104154271605,0.8731479166243977,0.7596684814393933
0.4634305394875298,0.3696042157573085,0.2767718277298193,0.19309917903212012,0.20272727103946872,0.2394900525037604,0.183375103707232,0.257959005178859,0.1700673913973316,0.31265869108229183,0.25419039676411076,0.25198263968961826,0.26284616269114996,0.27803007754645337,0.3551927084781687,0.37414366438416186,0.2850657427446233,0.4444082987209861,0.4976914585293078,0.4058399771454224,0.3508794586315492,0.4188033300825756,0.4640546276157152,0.4300244254590394,0.33274000932212,0.29220465299889004,0.28380638551778814,0.38787308593315967,0.3490666102195214,0.41033095225831495,0.3642676271524979,0.3373931289778421,0.32198790207254074,0.31584128104531783,0.4412351305678919,0.49875626936587414,0.6372997342638355,0.6889736553681952,0.6554657591900531,0.6854806461508297,0.871769561561676,0.8108004440184311
0.42724189047735744,0.30994760385520914,0.35687795654227167,0.17876204860490025,0.2966182542757222,0.21552672825341498,0.1748749914561918,0.20970526489293434,0.26550752383142934,0.14138329895155613,0.2243426764672676,0.27127885027759896,0.27640175708511056,0.2178419778200744,0.30963842341553083,0.26819357683764394,0.43409894580896197,0.3197752627584859,0.49411729159073786,0.5051094484707044,0.46232132905533746,0.4809738038286371,0.3361143931825456,0.2839677571619941,0.3464743092698542,0.330811357277094,0.32446413661553203,0.39406404246962967,0.2670181959863425,0.262052791715808,0.2479015233825466,0.31626280723116496,0.3907818886012455,0.3410544552434161,0.44154698599930464,0.38593007133001106,0.6743334216223832,0.5559154959756425,0.6453502060535026,0.7721921736493824,0.7779176260428374,0.7597707662914288
0.4222853334369378,0.2966437787563233,0.26122015054183906,0.15529665931820338,0.2431953135002035,0.22034366913626807,0.24593894663121288,0.28893983207955803,0.23994820838203246,0.2772708917980785,0.14413767323285892,0.2939903933714112,0.2815122785716813,0.2111524445244598,0.30107235604811894,0.31266319323668984,0.4359004947855475,0.3551306372839103,0.3796418188863188,0.4751135469693849,0.4801729066246681,0.45082663106418625,0.3368070622936134,0.38814916216879347,0.2841750110227439,0.30107449480748755,0.34051472341301753,0.3680014505917598,0.4123282914115741,0.34944199091811073,0.3193883558415206,0.37390552364327817,0.37103790156852245,0.40752369847749087,0.45145871984176744,0.40738204018317614,0.4401682542711964,0.5186250451974275,0.5418348027936944,0.6464282781064186,0.753277271042596,0.8999102909204169
0.32778438871076593,0.34281485516975924,0.2648806222013217,0.19830474057951158,0.24969105699065455,0.12018936704838268,0.2257241689144543,0.16027852854117128,0.14783753756529808,0.19987231363379426,0.2159176240137418,0.2141037818523151,0.2522833004071115,0.22092260531232252,0.3130697679161847,0.31320221749650834,0.3511403737400775,0.31607575886235606,0.2983061646425274,0.49867597786430023,0.3703636723301274,0.39048008382951754,0.28673173028063376,0.3589669570408254,0.2753743020498142,0.3058538450989543,0.28797294307555676,0.3162416902836678,0.22435974610831677,0.2920265000084463,0.2719682716630086,0.29092845072586276,0.4149226094977942,0.38078443361860953,0.43457396382690344,0.4795360841039315,0.5425610339926602,0.5746587665997464,0.5556650579010908,0.6887115291336737,0.8503432876568503,0.7204534483360246
0.368776803007414,0.2905756159361085,0.30489373137131953,0.21007081715751694,0.18486065476553742,0.17242231149310877,0.18295579004874202,0.14021038249625334,0.209926187845814,0.29754305468796777,0.2620090232041131,0.20904916844559907,0.3147600667354288,0.36500705695902946,0.24420177108690377,0.34315895049091305,0.3362976602483381,0.337304828215676,0.4063102765207649,0.41418889370143,0.38378355282004784,0.45509577711779675,0.4290476464478549,0.40944768642165913,0.2933307145371511,0.31565400334237037,0.3316379123636539,0.3642130301954955,0.2806275765115564,0.2433169500634973,0.2912523450479325,0.3797998293212594,0.36198788778808944,0.3390067524111604,0.45634883705259655,0.44102003682974916,0.469952275082135,0.6538348341660928,0.5469828977329215,0.688842556638403,0.7827860393300414,0.7553995428383928
0.24282605110811512,0.34496612404863847,0.26967278812945367,0.1875607964562671,0.2690762876991332,0.20105395239581142,0.2235920017021643,0.11154870935480606,0.13792673945579184,0.1933301597793481,0.22593643250643677,0.19231540962141075,0.25959041232753016,0.2978371378211121,0.2602037324505791,0.40329356571158337,0.3972275811288144,0.35131492674226017,0.2847693184059313,0.45250693848732976,0.3157347830312503,0.32894416996254394,0.4281188151726294,0.37883391291715235,0.3926231701025178,0.43674190301433496,0.3578886642472867,0.19608223804785113,0.3066786255818585,0.31250090277825543,0.35514445979941256,0.2333668618966606,0.32604423621841266,0.30040731249685,0.3170146219766485,0.48080508004992956,0.5272383320662626,0.49030608937241593,0.6008876465084511,0.626685768213995,0.7970500829175602,0.8549483926379352
-0.423489129922144,-0.4168105330363036,-0.4006682745573885,-0.39961022894635945,-0.3381781560522153,-0.29230578872011653,-0.29560497748103576,-0.399774974267636,-0.40435814076711785,-0.28227391411536584,-0.2600011450456396,-0.408460068417586,-0.301135630489845,-0.40254857606029554,-0.3325463166024593,-0.3514466276178207,-0.3528001062195448,-0.3090586176343575,-0.3968523020003439,-0.237926795834273,-0.40486163316851626,-0.34786757846153216,-0.3572675094200024,-0.2292027688134667,-0.2931644971436574,-0.2683081425648151,-0.3054083557595608,-0.27291484929561427,-0.347977610892143,-0.22961660302415068,-0.3936492775650887,-0.2580243101606903,-0.245744791789758,-0.322261175529617,-0.2833673579834239,-0.3997959674726198,-0.2765676846514985,-0.24077428033563322,-0.3826407426037202,-0.417228912491273,-0.3485358958139472,-0.39516467015098294
-0.3016008906405042,-0.33486115462513044,-0.3925015016290536,-0.24493292515712484,-0.34153834550129636,-0.2759428919092971,-0.38954275469665056,-0.3922615772284918,-0.28789884328832577,-0.26887381548530215,-0.2148109965995675,-0.3995241723417613,-0.3916271337756621,-0.39172690251734643,-0.23220197309956553,-0.36492909339063184,-0.3614820688773255,-0.36314867970828874,-0.23600106553056727,-0.35990867791773257,-0.3309214469445505,-0.373768083117283,-0.2705196825667327,-0.21385525733097432,-0.2223163439588607,-0.27338367121336987,-0.3349209583604796,-0.32940872446197134,-0.3734605999001284,-0.25265908344968824,-0.34990033560703815,-0.4092756414545685,-0.38008105773038964,-0.3895457939992462,-0.3558451686935228,-0.38107647387044735,-0.38482905564203174,-0.2970231080468348,-0.2638977739569256,-0.27492269305878275,-0.2668752209868258,-0.2503325758169998
-0.28927655569361294,-0.2839816039607994,-0.36722014815604626,-0.3831993609886595,-0.3013502911744091,-0.23511231481165162,-0.3232043343399772,-0.30667183914941143,-0.22697756190453872,-0.35978262623506324,-0.2659114545660032,-0.3588938404488785,-0.3766210644528483,-0.24366076379335633,-0.23008820565069543,-0.3235427540866985,-0.20340975341586337,-0.24330792867532583,-0.33894787592194087,-0.35183302359932267,-0.3669971355451395,-0.2724657390499134,-0.2247311471411241,-0.3689292402309073,-0.3870446663085683,-0.2352521618924441,-0.29732920777475114,-0.22688515795226638,-0.29019641060713064,-0.35975793083848345,-0.36958480125189935,-0.35740192162553297,-0.3725922748371291,-0.33546245385889206,-0.28766219379519464,-0.23658579778814617,-0.3564682819780424,-0.2431790971708006,-0.22146755931721446,-0.289512059001927,-0.2382663800422733,-0.24907293054392948
-0.36221703120177207,-0.19121611062243168,-0.28591865687461826,-0.20770298870427928,-0.25385030026043615,-0.2238030791645099,-0.29294203729611085,-0.28261230439909973,-0.26184135058633323,-0.2607174212342611,-0.33526407913048684,-0.3850070963925399,-0.28181587772252764,-0.199323384956607,-0.31756455687147983,-0.1962887770754193,-0.37248997505167314,-0.2373644153687133,-0.24615040827344542,-0.3418061948601615,-0.2102680450664736,-0.18946365828862147,-0.3423149960890103,-0.21606636198584048,-0.29570715271390174,-0.25863890209270785,-0.19936160430255728,-0.19296645344779148,-0.29577287819610265,-0.23334120084071128,-0.20964795525756663,-0.22074574244713813,-0.37674326356491494,-0.2170932686099514,-0.2079609451197263,-0.3856485031554655,-0.3847970318736908,-0.2598082665562632,-0.31138100765401433,-0.30001549840501057,-0.305143896996205,-0.32405083852624633
-0.29546062126580835,-0.17597992871676493,-0.3662744577201516,-0.1934838139857933,-0.2405372615856602,-0.3230218984656656,-0.352584277259103,-0.3174594711003424,-0.2228226177665657,-0.3661397195202187,-0.24177682002816728,-0.22186904784678574,-0.35007300440475075,-0.22224474591923926,-0.3074386958647142,-0.238973841620204,-0.2163625987666593,-0.3584816880270663,-0.2716135310239991,-0.2492767278935567,-0.22265069991096448,-0.3250246236137982,-0.3423982587722032,-0.31714384945186447,-0.18568941383833282,-0.3479247639104842,-0.2930381323552728,-0.33309765664207,-0.3706178350661315,-0.34256537805782533,-0.3572105302756802,-0.3174317992830303,-0.18511929552877152,-0.18444401808110877,-0.26252113095775514,-0.18892268583687705,-0.19020914054897872,-0.25107325104277467,-0.24415625112405567,-0.22448641039608422,-0.36975128440937444,-0.34385348907599195
-0.30857879805497634,-0.16467770787578415,-0.29635350555614726,-0.2522947288522024,-0.33776947652144507,-0.26403227296903836,-0.20418292372292252,-0.1654563922952358,-0.20754165518349812,-0.3607131735309474,-0.2999172416864184,-0.27041028966958003,-0.34692761564890406,-0.21673121450346167,-0.19556671405211076,-0.33485019696895385,-0.1861995059764937,-0.267800981016589,-0.34426435963844026,-0.2038484134021612,-0.2767622042730613,-0.3010929246287594,-0.3493516117029466,-0.2819691132147427,-0.20808867518731022,-0.3488296683469979,-0.33773413788984497,-0.289379819378334,-0.3458620122865396,-0.1999589494599278,-0.2919107338330904,-0.25158802585547363,-0.20694727745499383,-0.23106809788338045,-0.28392859224542866,-0.23429864942775258,-0.20197890757397538,-0.2851067009875299,-0.29916760395713915,-0.21413278004496164,-0.2678095342930256,-0.22728232664389145
-0.20814615223883956,-0.19684670882240257,-0.23326069687771223,-0.15325676095990226,-0.29351935581400246,-0.16222008634646332,-0.1768722730395131,-0.16121413192243014,-0.24706296544354575,-0.22562459275391755,-0.15144874628520277,-0.3371348008286912,-0.26477655634890407,-0.27752281047685434,-0.3046381841543046,-0.1688504607850643,-0.17807143162243613,-0.327132061195233,-0.30363155568943334,-0.2253157377803618,-0.3449990014768948,-0.2418448763198565,-0.21242096339900754,-0.3415806117787178,-0.28886805636338564,-0.2621764661991393,-0.18790931821208817,-0.3322096793297547,-0.21120719192477083,-0.32658191382034585,-0.23243502099117389,-0.26151435058625505,-0.34462711366862225,-0.20931432838607694,-0.17193100228360275,-0.3220584088005379,-0.21853130249738556,-0.3454584547284547,-0.2540879808258058,-0.27467733877085004,-0.252819150760963,-0.27117669193918825
