gfs-wave-data.json
{"header": {"parameterCategory":2,"parameterNumber":3,"dx":2.5,"dy":2.5,"nx":144,"ny":73,"la1":90.0,"la2":-90.0,"lo1":0.0,"lo2":357.5}, "data":
[rows 19 to 37 of 73, columns 84 to 125 of 144]
-0.19963155851688805,-0.1611902412758402,-0.14215935562249216,-0.1427848985805087,-0.1802015825691608,-0.07438426330357932,-0.10429755240828377,-0.03703532194338847,-0.0711937296157627,-0.050094394729583915,-0.11565735802054636,-0.01367720202147556,-0.13752813389273505,-0.1507904260093056,-0.03751178041826498,-0.0458373576124179,-0.12156992058704558,-0.11742116072227346,-0.15731145180730477,-0.00497164867105674,-0.022821832087010347,-0.11060019051487184,-0.0811118773518639,-0.024533079789269604,-0.14798978990045694,-0.12516621643648482,-0.03845368497178496,-0.06768069030276248,-0.16559569156025195,-0.025132259224758226,-0.04268544733770885,-0.16124402613406205,-0.028068416711131684,-0.1082507448018736,-0.11324883401944186,-0.047553488986954426,-0.04162735643445039,0.6535351913724451,0.516407087921523,0.4801006376373056,0.579182815117001,0.3995117841918189
-0.02026360703244675,-0.07525582187158522,-0.041070290261252994,-0.06991609827288112,-0.05513157511870832,-0.05802916586873512,-0.05157167280614446,-0.15683194152565683,-0.12047326347466888,-0.04781999912916425,-0.09956274943856201,-0.03166318881667577,-0.17992108034451554,-0.0472259904976433,-0.024203365936953106,-0.09475714503181513,-0.1786274837176473,-0.14627852339470868,-0.00473827737873039,-0.024122553906322456,-0.16551675685248465,-0.11454332012812392,-0.10586592611628508,-0.17836945340277166,-0.15043277124582105,-0.07889743674332364,-0.11812339209678371,-0.02815235128635619,-0.07049945533193934,-0.1046042030238723,-0.10042765467409191,-0.07791627532891181,-0.016331059189154264,-0.08846194589029582,-0.18664379680895124,-0.13127242760234142,-0.1532444410785233,-0.036347596613904506,-0.06682029214213708,-0.16787727259710486,-0.155798380958712,-0.10337385865619807
-0.4153796895913179,-0.36855319572778866,-0.4447083741331502,-0.3236696922188478,-0.3540852910706935,-0.32463106223599764,-0.3781001893860907,-0.4907501042031304,-0.38752447853154565,-0.3483614401129602,-0.4091198845078903,-0.3400637394727835,-0.24858234746723257,-0.24527571505255255,-0.20207939162445804,-0.21844354903606616,-0.18840594886219283,-0.23873976092002328,-0.10560579272794451,-0.12297945217549876,-0.08911320234132265,-0.22958798846074918,0.04978055124163481,-0.13884713059816262,-0.05350775786755916,0.04446933203400046,0.19349898804397117,0.01455682076957557,0.024936368765186512,0.30734182232988244,0.3759870685448545,0.45398128593969345,0.277436854039194,0.35753636945759637,0.5390083280803214,0.33955103302080536,0.5742535956003548,0.6407271552802787,0.45105927425038983,0.6144612582764087,0.7561302954617818,0.7898200173550312
-0.3727504460682124,-0.3492465935541595,-0.4627727773984056,-0.4205479781354145,-0.2788134336785283,-0.4546913993572673,-0.4571939376827367,-0.31056141124847103,-0.4484984003122872,-0.3162545707750697,-0.41331320960746487,-0.3125187075248139,-0.34895911007777203,-0.22290108920555848,-0.22648535022388339,-0.1520974244400279,-0.1928511884592048,-0.10427415247195383,-0.1852337324326692,-0.18999224550105784,-0.13097449874417627,-0.05032109335344976,-0.012597522626752046,-0.02763275541009207,0.09062306790904712,0.07519012550925552,0.16366145006076177,0.06081391069130388,0.027034805244788258,0.331388197971329,0.1820048238302031,0.2793970570069711,0.4553500484287278,0.409463648707239,0.3351659021854512,0.29831163976755254,0.5340464619350594,0.38012201715087274,0.7029463686241569,0.6173257484050257,0.7181772880736506,0.6611156048521662
-0.3575250810305118,-0.4560854943368984,-0.2954895086017873,-0.33589591390909956,-0.3067299169344954,-0.40516202891529457,-0.4034922875644348,-0.361122227175784,-0.398077061330286,-0.2633923921338037,-0.403792806838641,-0.25107355144212723,-0.2966140061128535,-0.2907392986828236,-0.3213238340989391,-0.17741304200490582,-0.3799281862479229,-0.24280096953818425,-0.10373720900176504,-0.24717864460310687,-0.08225327691887092,-0.2108025752766453,0.0583547988106393,0.049358346668784095,-0.08761178335986979,0.04604173169722577,0.16470506616627228,0.15873145307526534,0.06529661400235748,0.120182870888583,0.43043478143288355,0.3145349281666251,0.35147968761116277,0.22833045314269368,0.2873204673799097,0.5138017930161028,0.4075622583866168,0.7240986887064926,0.3743382341387944,0.5637709438897809,0.4706810933805027,0.4784663641559235
-0.022023792329893883,-0.15568334917345414,-0.04992496517615601,-0.05453521160744738,-0.1084821544781745,-0.014400862397052768,-0.14000323956336413,-0.1999791600906705,-0.1486771086637418,-0.1835002568746253,-0.1945240519050551,-0.1634772147270342,-0.2028263024085425,-0.18401857132345584,-0.11155533937929091,-0.1749251419818649,-0.15571222693251605,-0.13882441128726444,-0.058603838925991567,-0.11338227051815086,-0.1907241918170159,-0.11388475530212641,-0.08621960094576016,-0.06738014599873514,-0.016763582896866292,-0.0265654896378481,-0.08763422115799896,-0.006883723356257757,-0.1778710941259017,-0.1267233663173116,-0.17729045596369863,-0.07170895212261345,-0.19909608937074186,-0.1041084348388372,-0.04822890235265802,-0.14627864845346367,-0.19282778851515256,-0.07206053678732066,-0.10750150759717896,-0.17115259264912078,-0.039858793912008014,-0.1363378137506118
-0.707664828412856,-0.5947774245079711,-0.5397582328396059,-0.5654094739295488,-0.6824345771445754,-0.7503012164995012,-0.5311401844253122,-0.6355223353121241,-0.5479306605344598,-0.5886439422105405,-0.5608795465501276,-0.6420816766125521,-0.6443610485093502,-0.6257724622014686,-0.7173098385719674,-0.6375365816093106,-0.6460198433454707,-0.542480563267766,-0.6470414405201586,-0.5024404917567635,-0.4655135899111522,-0.48291801497244624,-0.49443097275595194,-0.5295388784398762,-0.4683038375115581,-0.5978567766544155,-0.5549013860321463,-0.42370635734975687,-0.5187060354863471,-0.47239199703961066,-0.4944588033555604,-0.5521876377133962,-0.5476764010805644,-0.44908013124993684,-0.4324892452403674,-0.41678942433033167,-0.36949650281246704,-0.4609182398173655,-0.4699596432649813,-0.32702164163680214,-0.46400374552647544,-0.46948914257686725
-0.7333517148892357,-0.5553320732208495,-0.7701773999080362,-0.5870936801137461,-0.6344995095928719,-0.5515478957571173,-0.5280572558266443,-0.6957636281305458,-0.5469667817075902,-0.6610631953903667,-0.607826364606177,-0.628349088065738,-0.7200810939773082,-0.7003272629205843,-0.5947170627093146,-0.6190866694419145,-0.6856046703660232,-0.5061349329695953,-0.5459196189464549,-0.5895186391038426,-0.4507581264145972,-0.5599045074336909,-0.5618917935018855,-0.4982388536692242,-0.5367102446927352,-0.44479603044132243,-0.5276531108031168,-0.4941340557387349,-0.46234702136507055,-0.5574338403717675,-0.5153892089122462,-0.4817511743396512,-0.46068000182548524,-0.5763502314984361,-0.4966234261406184,-0.38442220806258637,-0.4012731976700954,-0.45512418203323635,-0.36071923176599024,-0.3551817947125723,-0.41451861970579235,-0.46534462841509255
-0.7073416353493845,-0.5311088201943713,-0.6915647932964086,-0.6365977150654573,-0.6510544953583741,-0.7937195772319207,-0.6883801519874779,-0.6993454112564275,-0.5993647227869408,-0.5275321752438008,-0.7668334967747171,-0.7461958443132493,-0.578745859617082,-0.6341182837541804,-0.7387355573228992,-0.6536002097401268,-0.6417639002977173,-0.6285303443429777,-0.6729531973580494,-0.7153346091725056,-0.6230874155814662,-0.482254746627227,-0.6564911709112445,-0.6652287360634852,-0.6199703878348607,-0.4992256683335812,-0.5716859654483375,-0.4457067063003584,-0.40904199014339315,-0.5228737637771396,-0.45888814818740703,-0.5441321413589644,-0.5001026187537332,-0.35649290063844186,-0.4208926082543051,-0.45198360804147397,-0.39200020142464037,-0.5197294773892172,-0.5607894670073033,-0.4515513826729258,-0.4183218977959024,-0.5280943985707027
-0.7939449995082386,-0.743173347082365,-0.7586738678650798,-0.6275942500858159,-0.5446662995333282,-0.7577675388218441,-0.6035849301140757,-0.7499924215039192,-0.75752376569374,-0.6145954064750593,-0.7361953298373498,-0.5322543982232811,-0.6952839096951545,-0.7020591643757701,-0.6988065532352626,-0.5507258260436468,-0.5604069363600068,-0.7226016057009716,-0.5707711835315559,-0.6956165768839767,-0.6674458270781104,-0.5243916104415832,-0.5109380595396626,-0.5768896060485866,-0.4988805523214926,-0.45905186879793836,-0.5466398693281149,-0.5088305879723852,-0.42725575722868975,-0.5088635719397397,-0.4552251229250733,-0.44201563526738846,-0.5405977566013709,-0.5611174068009641,-0.3845494783340617,-0.5128119141344569,-0.5023275019255584,-0.5835872253675862,-0.4057526118564517,-0.39276211955638807,-0.4211134635271308,-0.43324340004415257
-0.7114759261898214,-0.7504021586462326,-0.8198879567520111,-0.6901535669657731,-0.6233945437015544,-0.5925982520420524,-0.5549363849970307,-0.7451914892116211,-0.6807691385811638,-0.6827042355243919,-0.6635769701986843,-0.4822981375006335,-0.6389704042905907,-0.7468094670861724,-0.7561570159571929,-0.7226310774577172,-0.6129792948787071,-0.6659773377769116,-0.6182152936947499,-0.6640070837210268,-0.5542357144819038,-0.5496708606190086,-0.6939278227470203,-0.5978537104303291,-0.6190627892217321,-0.42299617670651346,-0.48557827180923235,-0.4455703150910461,-0.5544952818862194,-0.543929272055004,-0.4887836551208387,-0.393459568437203,-0.46609481603814457,-0.45287805463744885,-0.4559524455631709,-0.5106597410269119,-0.47473753926677176,-0.437152585163099,-0.4803329644439355,-0.4265885636477524,-0.470588784178845,-0.5097452699328283
-0.21596238612152252,-0.04981232727055503,-0.1719001738322209,-0.1616520687024263,-0.05499890146980915,-0.16507498510108753,-0.10959955409117099,-0.18599027709743776,-0.16921890891685137,-0.08667689462780717,-0.22933037842618192,-0.2387105545499856,-0.21883181771924914,-0.09771265052639308,-0.16103202365498695,-0.2089686701346844,-0.09034864403430885,-0.07081755870586173,-0.07213710222161064,-0.13691081643616496,-0.17890605307206442,-0.1434751576236724,-0.1012474610062786,-0.20952981453270916,-0.12096067226064489,-0.10064215228584823,-0.17583896829923154,-0.2156020356620869,-0.13025352439884985,-0.17721034774640793,-0.22835083722514524,-0.2235826117816233,-0.10980424855930296,-0.10740703723647915,-0.18721387196543096,-0.23204547470002684,-0.18324680016587153,-0.19595108530739322,-0.20365798050705025,-0.15757496104915877,-0.06673716238938135,-0.061455158839575356
-0.8548036380819726,-0.9817609452870582,-0.8517754404935594,-0.8242748291996804,-0.7275515996091643,-0.6564752087920939,-0.5453629945689537,-0.5443492656806981,-0.6599790030926485,-0.2973842127239802,-0.4080207086258672,-0.11751306960608283,-0.1494199894255053,0.019706965328150413,0.32977664468763157,0.2747347993816419,0.5488775947740717,0.6426412525821704,0.6436854437430392,0.6797942458957761,0.6918557033258703,0.6968947403105963,0.7000036353707629,0.6066288419289365,0.5895959138002964,0.5596109438864172,0.5165862944007672,0.43800693521107775,0.38471085065137295,0.325274501117694,0.23831564348888898,0.2734341374968231,0.1738589071771026,0.1049032406287695,0.06708596274726701,0.025703196339206747,0.05015729610311497,-0.028153619949714073,-0.11797663686324024,-0.10674883671406853,-0.13682882604264046,-0.14694049408754487
-0.899784313367428,-0.8382558748677156,-0.8683376239693104,-0.9481188736955851,-0.9251932220615086,-0.7982015547209381,-0.6824286527798374,-0.6041055108481812,-0.4147793539632153,-0.3619960189460178,-0.1417202770446404,-0.2656930539130194,0.020749122244528847,0.1633739208227845,0.42768240512750927,0.37876364159145304,0.49583530067235015,0.39828282780728913,0.686516808304305,0.5565576690150216,0.6766477925869907,0.7212145382735189,0.540520389628868,0.49975179649902984,0.5362337589689238,0.5652091652528648,0.4604032144463505,0.44871768342886864,0.32668923872987254,0.3981769934907147,0.30745917378773735,0.2667083877395504,0.20092289515611073,0.13700363249957145,0.1311739477903287,0.037384939809518854,0.054435820969846976,-0.015394339235883155,-0.07647916333834168,-0.11250406210175957,-0.12432204116934384,-0.12314485671040588
-0.8180593275278325,-0.7613990945065179,-1.038839891952998,-0.8881312719423232,-0.8696228108248595,-0.6286513947867577,-0.6219226151261135,-0.5575262145711994,-0.6035571078098775,-0.25704155676686635,-0.42736804862775774,-0.24921354858069533,0.12503796672701661,0.049925057272115624,0.2549350958015385,0.5227441541490742,0.46629512158235814,0.47966232591157176,0.6100876339054636,0.722363553452209,0.6400050981148581,0.6457301154736748,0.7216827255166071,0.639898713626127,0.6844404673591347,0.4831450452584668,0.49515705918700803,0.48791595775062857,0.3360262949455256,0.3384371605153795,0.25384095851614785,0.21208634798129603,0.20417564267703017,0.1286975481597332,0.09773554384641213,0.07191167991025296,0.06496661031289269,-0.010182883639631811,-0.050584559303884696,-0.13626634546257269,-0.10410650579956819,-0.12721448270423494
-0.9749956472743154,-0.9254054795015417,-0.8450966670775362,-1.015508938285722,-0.9775158955810804,-0.859411489650277,-0.714540015232061,-0.5987882129769321,-0.48637011632497473,-0.5263641625159601,-0.13229577936649986,-0.0488329603515191,-0.14579068975185733,0.2404409319134351,0.22593164612272992,0.2709867551694235,0.595229923987291,0.4893939806136401,0.5159134066761564,0.5558242076477075,0.649472437424419,0.7028835080618976,0.5724059962791644,0.6613282698079616,0.5165311619170384,0.5343752806271502,0.5648894947202258,0.5557305652419184,0.3595343822434514,0.3775251858256784,0.2758899324681067,0.3389104899931375,0.21431285116309035,0.2438415867640186,0.1059496901235463,0.0013844912114605306,-0.0022845498055315654,-0.003384213498400403,-0.08847104925647631,-0.16712151277816842,-0.1119414255347658,-0.1377855480359145
-0.9768135556431813,-0.9240455130272647,-0.9097246572484972,-0.7856066299465689,-0.702831044262006,-0.8133159329189942,-0.5942960848370819,-0.6193915033325967,-0.3951907989348642,-0.37119222979471167,-0.2180045613004767,-0.22057240198269337,0.09832461166615075,0.27350626540517337,0.2578456384943521,0.47278878849691575,0.4605692661946303,0.5249898345630032,0.578481405384483,0.6574396445077826,0.5880685408831087,0.7250186976932892,0.7190616467863048,0.657353317490466,0.5431736570212778,0.6733060977959626,0.4953142458776709,0.4004680281563452,0.42008077347682277,0.443374005366989,0.28133460509722963,0.31379001432354203,0.20742002300715126,0.1618777517188667,0.1191992802046112,0.06267505582595946,-0.0018099474701337161,-0.04249326814403782,-0.027519608127571028,-0.08280263227374535,-0.14057493338902843,-0.2470361078584218
-0.7758288923097363,-0.7679696025459984,-0.8733926495327617,-0.8343551141825731,-0.729786471207924,-0.980556968418864,-0.829648683854432,-0.6372925642773924,-0.46800241028360956,-0.4832551640302865,-0.3398565960764294,-0.21079986294874814,0.09543034663148009,0.12922321214736499,0.15408176963998113,0.48373415911059314,0.4431647835072803,0.6837043433164417,0.491212902106201,0.6356880721301943,0.7138516939107121,0.7864827304790861,0.6229502928954793,0.6430821126015033,0.5160882712582773,0.6451852085334228,0.5682839366744277,0.4312600749572109,0.39268408440720026,0.41919791079750157,0.2851017665109457,0.2582155303895861,0.23600883963609642,0.21947686465618874,0.10312938564911867,-0.011992979940021306,-0.05547839401102013,-0.08701447989733233,-0.07091819897506635,-0.17707528057543034,-0.1832109251367159,-0.10926596339887786
-0.9364677563445608,-0.944720170886322,-0.838228434340358,-0.9593884108549592,-0.942340323863551,-0.9441001631928049,-0.9396923849679316,-0.5913794597566938,-0.39297694786604886,-0.35364032177691773,-0.13712627934139013,-0.09531417723753692,0.17124389646128416,0.27250428321714526,0.38797189840237295,0.2655323626349574,0.6272199070706931,0.5668730273211817,0.6338805290082749,0.6325962687893866,0.632052561954118,0.6847550003101274,0.7960366796025959,0.7108693588387076,0.6285081095116499,0.5711995353879276,0.5658492977673698,0.5802068055909199,0.41289580230167583,0.36122857122396024,0.34364250867233703,0.24374654410453617,0.24718520082578707,0.18333314050850674,0.05495968708326461,0.07153139531113274,0.002051847883466502,0.011295745861465218,-0.04278441455423995,-0.14764151116680502,-0.1774973026660501,-0.20415734452188888
