gfs-wave-data.json
{"header": {"parameterCategory":2,"parameterNumber":2,"dx":2.5,"dy":2.5,"nx":144,"ny":73,"la1":90.0,"la2":-90.0,"lo1":0.0,"lo2":357.5}, "data":
[rows 0 to 18 of 73, columns 84 to 125 of 144]
0.012328792610954785,-0.023565903764420283,0.12741383749002488,0.33811442705427486,0.22135700491781968,0.3865535306618723,0.37350520357492006,0.5016541815123031,0.41809425695459007,0.5260603608578592,0.38635763217275065,0.40842001637934944,0.3734441316795832,0.5586380362354337,0.3878301927937027,0.4564184285952725,0.48049287552583725,0.3610131540278764,0.3926500252675982,0.27527249501405643,0.21822688120633743,0.1413775449147234,0.099975343410658,0.08379940391943197,-0.03357045948366735,-0.04668174140114527,-0.114565342096991,-0.08796591101939757,-0.1506627894782605,-0.0953948731509821,-0.184366906625398,-0.0835504923422499,-0.18102704722313487,-0.16087688511148532,-0.09108906613236967,-0.13672957117399018,-0.03633934587758811,-0.07524177259326813,-0.10310767973032456,-0.01196917768030433,-0.04032982492414068,-0.026836383405025997
0.07939147449878933,0.007822010502885694,0.08680463312121629,0.19267296358957403,0.3332878065756785,0.28112406615888497,0.31572592382888115,0.4483046101483923,0.40733140172139165,0.5828266006430686,0.4196481811504775,0.49829680860565695,0.3818386021845032,0.5448242875950142,0.46888021309451355,0.39691445627591765,0.3762768139507016,0.42047936112321116,0.3286225150408808,0.32190533252499987,0.18050733393850818,0.11824379913705207,0.09992565238876708,0.10436433662650174,-0.051746635994664704,-0.0007582370705213214,-0.09695923399430946,-0.06081151509891537,-0.20573618175530214,-0.14941041959404544,-0.17271124291911488,-0.13990523608472563,-0.14544599633698396,-0.1792787896610187,-0.16519585880093737,-0.03997155852783317,-0.10796309431435978,-0.1646522059416274,-0.15285770952928868,-0.1719141185991583,-0.1154627812232907,-0.04234174393029664
-0.03888678453727781,0.034204208406561055,0.04941523927775656,0.21305850752449365,0.26775952173586454,0.3296630380621321,0.3297916021096695,0.414142862751959,0.4941534484256252,0.5896742762771876,0.45524789050142006,0.5918093902396011,0.5189260541266261,0.40041724621379654,0.37473578422208,0.47250167672903953,0.44868671677525657,0.2592009484943143,0.3549280452205404,0.3020436019781583,0.3323536067049658,0.14598129919082406,0.0839813040167773,0.10476877555572252,0.017821987323117936,-0.01821795550604214,-0.04397021061219035,-0.12715854707281316,-0.1545030369959696,-0.08606710455643922,-0.1606754652388245,-0.15873167625996146,-0.1873568374827451,-0.10480471303845322,-0.08224342414458914,-0.07810862285838216,-0.2147948445772807,-0.12600808049933673,-0.1581117521909451,-0.08157403763145134,-0.13838170763843322,-0.09562411282743981
0.037815545690749464,0.011745338320709644,0.14503078741762573,0.17850820869324355,0.20507754244018486,0.3665222816184102,0.3899330064722342,0.5004932836617196,0.48486331368496133,0.5005380755506904,0.4489410142768364,0.5234251572884492,0.4763328489571669,0.42039967043027693,0.39695594044732724,0.34321695621332354,0.4519271798035309,0.4259302041133615,0.33622391647285466,0.25492333131783795,0.1923031523171169,0.2601481908463865,0.10327843042724406,0.0061344930186283805,-0.00025463315080501164,0.008153184539490295,-0.08541462447820579,-0.14258876849997798,-0.17595408976161248,-0.18127951774814977,-0.23680491586317576,-0.11400803505329356,-0.13624164640423056,-0.07530546668964157,-0.20530511025157885,-0.16139104042843552,-0.12756660380337814,-0.08447435776918592,-0.16512427692924844,-0.14759520215881194,-0.17430799837851044,-0.12412793956437976
-0.028496405992851605,0.14604183108098648,0.1184982804006918,0.24253100530313523,0.3741965837318722,0.35832252664334047,0.45752797326415723,0.4620167996695663,0.4221674960665816,0.49886347416136134,0.41436114587617917,0.43175879256805694,0.477475741874035,0.579119108612813,0.546586016277562,0.44924451396471854,0.3700886891768739,0.3456338491894798,0.3520228901750438,0.27581015165025796,0.19543266899389386,0.11697855265011876,0.06962876958598277,0.07932001533268154,-0.026566143422749083,-0.0006408262700772274,-0.1279839809762618,-0.11108421481637827,-0.22184131065313137,-0.1339502240129822,-0.16383787466358224,-0.23520103789268657,-0.16813133716285186,-0.1886904172412522,-0.0932360187680328,-0.18389370516426082,-0.06829154260594437,-0.19572373608161567,-0.08846533136174593,-0.08263291536765628,-0.17604302763007174,-0.05162459267498287
-0.062089607323719966,-0.02110327250117509,0.25438247702670014,0.22245044665574015,0.42161702600947987,0.40376840154897664,0.5263803799285164,0.4645391021332487,0.49350008660921973,0.48402862475523567,0.48639254416088457,0.4854527079079934,0.41512327648564323,0.4085553914343497,0.4677740335547541,0.5200649816828112,0.4429810134558934,0.3746236540123265,0.342577253499315,0.371250882039015,0.23277681091870248,0.21091164841569593,0.08151766762628439,-0.010357897600155158,-0.0014316274041518554,-0.060704527079748015,-0.07573306254582701,-0.16864219714741274,-0.15545841402411223,-0.10659532315996913,-0.16379049329889173,-0.17383298976212025,-0.12896448585398618,-0.1543603571116454,-0.10426250550644538,-0.06830869667539327,-0.12183553172325505,-0.11675900652855019,-0.07729743134347056,-0.12081009817751137,-0.15812012789102803,-0.08706153312011684
0.0668368051486235,0.16742107509174864,0.2521882590460308,0.23475957775766665,0.18782883999299999,0.2982105515619436,0.3885484017474098,0.44266879401755854,0.4567965958392591,0.45827406098126,0.45996214295196247,0.5371645465748475,0.46028506035929506,0.3837969168334878,0.484949278410903,0.39950605102111103,0.4217041729808324,0.37753405511062416,0.31753175266544575,0.39497656265577563,0.2657300256003463,0.14738082127826252,0.12532054703900933,0.015151674465128457,-0.00966150066130322,-0.05433307099737533,-0.0930859032572944,-0.1308336991359232,-0.11915143796947229,-0.170677242007149,-0.09296616078020507,-0.1153887970999468,-0.20319751863665791,-0.22113984132016437,-0.14721727664634027,-0.16323414008908846,-0.07538876054278802,-0.07051954348581728,-0.1896202254525637,-0.03326087932925401,-0.024312245116358346,-0.062417818247289175
0.0013580936460525538,0.025764499287188797,0.06982210489083318,0.15740623259746755,0.3983248762087839,0.31546867013625673,0.3972024789242896,0.42499611034307855,0.5073838018159313,0.4951001993781653,0.47149796766207663,0.471637508845649,0.555397728245369,0.4255482503455361,0.4470571599219045,0.46887932239971014,0.4891462803548165,0.3327802454361689,0.28393212533722434,0.2625118105234779,0.2224487774488524,0.12509595202390866,0.08457858752338028,0.008891569470613012,-0.034739395939376576,-0.04525455312534334,-0.04836295070461471,-0.09201370592194073,-0.23184174700729393,-0.1569855077279163,-0.21880316738481406,-0.17825375069229527,-0.16255928204482012,-0.16460316824255272,-0.08359894049454389,-0.20176455793772352,-0.06387691375005997,-0.19763479293831346,-0.17820293380503632,-0.13341671680198625,-0.15218941110977546,-0.08556908672188278
-0.10187060667723878,0.07001020291588118,0.08566970228663573,0.2814430487404221,0.22166835423812067,0.3268091050705908,0.4551338276816777,0.4185441296803647,0.42474487544779677,0.47139183963436343,0.5838677816728326,0.5803425279501713,0.5273224281343712,0.5908627888628826,0.4998863556628304,0.4574625230596031,0.5402560707342665,0.3548211507606045,0.2885683686606809,0.3105188810236313,0.2487639157913762,0.21578731589616337,0.10613382197575606,0.1165737652800837,-0.01769047386133696,-0.0678987733315609,-0.09445350988554432,-0.097656580477208,-0.2207901573079638,-0.2349887104592614,-0.15339942409325974,-0.17499618300420602,-0.16071008516217639,-0.15015578405833327,-0.22040902765859277,-0.13060937582607843,-0.16507297379112,-0.13218071438278933,-0.04746865544446218,-0.16403339129943498,-0.04184969390399748,-0.14180487460833419
0.02223329993460216,0.08408486969078391,0.11398654107624184,0.23416313973086614,0.28179285494841855,0.32505906954846486,0.45077904748471015,0.5287253590490034,0.40696134066198364,0.5767297772581228,0.6605544158371824,0.5179884161886328,0.5938701328332889,0.4685255864911763,0.6159906854729181,0.4978278032373391,0.3256269407922872,0.4174803521420571,0.274818263007644,0.3004916401769479,0.21053544687259748,0.17537702595398144,0.14766198033901107,0.12871755973177115,0.003920443039564802,-0.052556920685138474,-0.11481082590101718,-0.07530721697102025,-0.21734560857728494,-0.14872444533924123,-0.1724067166294476,-0.19075076838714486,-0.16502595903075915,-0.2222533125609383,-0.19563879556450717,-0.1777093878160782,-0.16974663387453895,-0.06302270405407757,-0.05685484649789369,-0.06716017899394854,-0.09879292774186599,-0.12353586695198454
0.0743048426901479,0.1047339925292976,0.20548925401880277,0.2849528991741495,0.3420750593146678,0.37866301691911064,0.5083286781445653,0.4725067597208485,0.6065258106502329,0.5264195461651732,0.5345793251385129,0.5664113843643259,0.5692878672094024,0.5031088597315451,0.4683096378487182,0.5396634192827829,0.42602141966056667,0.4479073510365567,0.3643892728103854,0.2635817375552304,0.17982556624821902,0.10341460666680599,0.04665192353481177,0.04373378034121332,-0.02032455991077437,-0.037148797307657695,-0.0961107695766749,-0.11890088918346911,-0.23624906861311454,-0.11098845659087524,-0.17600541106223133,-0.19556515005649902,-0.1352263090327803,-0.14937582499434732,-0.2846426692354851,-0.25161793067965177,-0.07926105115189316,-0.14574530713950218,-0.2043979088105506,-0.07272414167869054,-0.15972855460806246,-0.16260493207278845
0.0070573683437698395,0.03257995969646014,0.06640240434707868,0.2859370212987925,0.2769292351392864,0.43621637493326765,0.4239204603521555,0.4605148962053409,0.49591617860132153,0.577353344130313,0.5373882458676248,0.6027364002946596,0.5390696167485869,0.5799970674444453,0.6146702526499831,0.47834515077166156,0.3973338016321745,0.2980888930144078,0.4053029589914898,0.26693851892689396,0.25925581190250957,0.21106583154587075,0.09295171765583067,0.11545328110116367,0.01087939104115733,-0.1010203244215165,-0.060557985420051155,-0.1643994384704379,-0.20956863165383086,-0.2156441107969385,-0.16009499923409165,-0.17683427701270504,-0.1542624846501777,-0.188471619782009,-0.28171316564767895,-0.24409882128632684,-0.18590630050593387,-0.0963033882003658,-0.1898243609954982,-0.1126079329681055,-0.09938717302118065,-0.09950022048219556
0.016545806076559595,-0.03543113531415888,-0.027865191586939068,-0.02040818950562737,0.004350311532639161,0.0034020424395880054,0.008696872021182286,0.00551453989839969,-0.027729223095734334,-0.0034624303614639697,-0.004775144260559128,0.007964094322101463,-0.005436262107649107,0.014759360301063356,-0.022089724858806833,-0.029180983587636634,-0.003931468174713779,0.012785705313359843,-0.01387880588157382,0.0007059002419372713,-0.001905976692491107,0.01760262193668386,0.01457418576747605,-0.008532074231868218,0.009061462461370944,0.008512580277337752,-0.008250022822887546,-0.001081642361275642,-0.003255700107505697,0.006520094219617404,-0.021984387321728527,0.01382101376416491,0.03336181354370725,-0.00018723011616389565,0.013710535146069108,-0.010423367674462074,-0.007158103157864588,-0.0007209257738189327,0.04097389246984591,-0.015870778328446303,-0.014011119110032772,-0.03934409007353673
0.039391657748506954,-0.0019756123790909312,-0.019453945962068012,0.005708999871128869,0.015663045675490924,0.018158904824667362,0.0325857739214862,0.024013179637016643,0.009540668869456412,-0.01626640254958726,0.02529177125346044,0.009532566585788316,-0.008640077263055358,-0.016008335425251426,0.022332311226861797,-0.0240752856393564,-0.02621009173473758,0.019907771802150198,-0.009555149278234901,-0.002016166755587794,-0.026999858766395636,0.008026007871431092,-0.004723973768247985,0.017870984010671213,-0.007142160155903604,-0.031108551383355172,0.030474013584142055,0.004248565686411105,0.02530400246643806,0.008058836365760415,-0.01658456469071214,0.004528280783478966,0.029710938400195775,0.008174199537213947,-0.009275653608087011,0.03709046404055092,0.0014954186855033527,1.3921294215764894,1.3262588791245047,1.5333933741754215,1.3818335759645877,1.346750630946671
0.018969226744330814,-0.031190327254624676,-0.040171075862180515,0.0036761630143277357,-0.002179964686274308,-0.0022105903998528697,0.03195160963007742,-0.006728259836775307,-0.039643500392438795,0.026460891733727183,0.01585746434818375,-0.040152960576962674,-0.010013870410359602,-0.0049257195048796045,-0.011068353061478457,-0.008201862778170433,-0.012749027320461187,0.012459848430542878,0.0157084616798181,-0.030961629066849992,0.01862351206962276,-0.007340463925022964,-0.013614286154831737,0.026185269058142,-0.010233805181595413,-0.017588262432516787,0.025463762081829922,0.020041354898621206,0.00017814045771790424,0.02940950029631354,-0.017225760139047207,-0.01589396185858955,0.030557680041871017,-0.005767101453587412,-0.005368953545924398,-0.028369411072788536,0.012658103487849596,1.255023213342293,1.1477245711988333,1.288684475424509,1.5368876292175595,1.4076347183855678
-0.023361222921767597,-0.03858890606006864,0.0017563998514681669,0.018408853416443022,0.020640542549222422,0.004391067624014194,0.010023362316117475,-0.021454117448187038,-0.010396082826850188,0.024645947915425386,0.009951464551625783,-0.01056788066888553,0.009794930586655563,0.015637842923085135,0.02341949289167569,-0.014870028325642404,0.00982854832132864,-0.02525872993263276,-0.012057234333438714,-0.030610515319737255,0.014057736577125857,0.008182949301325173,0.044944967106940965,-0.02850245385809022,0.001491625762103633,0.01537831488166526,-0.006894916438293134,-0.01878053936414832,0.010474766363568007,-0.01223385683912779,0.014436684212794319,-0.03999164925882867,0.011243250434162091,0.012790646564578914,0.012808502722225843,-0.00871270358838696,-0.02135702047044332,1.2947488822497804,1.385813103641753,1.4362214125219723,1.4662139513716956,1.5878304970543178
-0.010679473469345554,-0.031908514511889446,0.037881889868872934,-0.015476275373345652,0.0230545323529879,0.013864501976234591,-0.03594098050686618,0.018830661337463268,0.012798819192794686,0.007936071845685023,0.019489803931100416,-0.044106452597725075,-0.028950954491054698,-0.023229285014015295,0.00443165114013288,0.0017873484665463743,0.007698670699522809,0.02666204353008386,-0.020678831395151167,0.02460006422507675,-0.03985558745490395,-0.008121961970501062,-0.041796600696169514,-0.018543166408167208,-0.03157071651030569,0.008255825516469716,-0.030960316354729817,0.02320488070245493,0.030330412271009115,-0.04305740739836223,-0.004571170454128764,-0.01166572086379764,-0.0005173007223061615,-0.02354494839715232,-0.021733232070598834,0.02668072024946927,0.013786912250894248,1.2749794951615403,1.2527960873757646,1.3884048351342129,1.5601596095769306,1.3134419363419978
-0.023968037597301668,-0.03107129297405345,0.0011367057203631975,-0.02458035598431731,0.03538830257444854,-0.022794006296147352,0.02291278263351942,0.016243161491938385,-0.04350455324595188,-0.01357835095525374,0.041115940045153246,0.017911706366982274,-0.004027108597292331,0.04805025488256038,0.0008472136811359993,-0.021741213014205014,-0.02763042095719397,-0.0080233853422334,-0.02157436081174746,0.003492139633302582,0.01980034456650384,-0.017850016035706715,-0.02621390734080186,-0.0017213325126561867,-0.014114400198862885,-0.032067981477237384,0.03241759301469466,-0.04779383957667882,0.02087262156449752,-0.024006577454925116,0.036747877760113346,0.03561527876860751,-0.023112170761234955,0.042329351945662,-0.026327876078470747,0.051319010600697504,0.022063866709745954,1.486113841625102,1.5004725659152283,1.4296618589092371,1.4691177563020559,1.5653572208590267
-0.013182245017271443,-0.049548372752149,-0.03232372150545235,-0.042937545191424766,-0.018220560364208736,-0.015506762747654782,0.015862399998699567,-0.018000310113724136,0.01991490092698338,0.009139342100126275,-0.0010916904524748158,0.0011390603097883305,0.03934605004658392,0.01908913544965377,-0.0491009186486276,0.022554890838558127,0.0515961089921959,0.01543769704577563,0.017953161041125595,0.03637667130481966,0.0009124402293853243,0.019032537881686122,-0.007111397902837297,-0.011131946080322194,-0.025393839958763723,0.027078084181665588,-0.010275289588471709,0.002494252102946631,0.03310878077562842,-0.03613520794429864,-0.017654109136161857,0.005875834024351799,-0.011789811613037207,0.01957990669949393,0.037212972810506645,-0.027517954442191364,0.03208906219395354,1.1279399997927635,1.5679688621398271,1.3847171082247163,1.289510019098438,1.6507892911569322
