gfs-wave-data.json
{"header": {"parameterCategory":2,"parameterNumber":2,"dx":2.5,"dy":2.5,"nx":144,"ny":73,"la1":90.0,"la2":-90.0,"lo1":0.0,"lo2":357.5}, "data":
[rows 38 to 56 of 73, columns 84 to 125 of 144]
-0.5807273784714031,-0.8193134532423321,-0.5602746595764448,-0.7015359296045072,-0.6646027548829048,-0.8551215353702475,-1.0447042656281855,-1.0766593053551576,-1.198335805959647,-1.339327024407173,-1.2203517214022708,-1.181144966503878,-1.2883345924729699,-1.141486654629226,-1.1638126241273032,-1.0696525498347491,-1.146879275043724,-0.7412017869806462,-0.6551735330541504,-0.7645639340411291,-0.720013753261256,-0.6479551363191863,-0.4158443331027692,-0.4735214199581762,-0.4227116093626757,-0.5653308878821062,-0.49549595135757085,-0.3643132993510707,-0.4456577437312081,-0.4435297308593704,-0.5257313057957924,-0.6133142105582723,-0.5450713238552456,-0.5715494577284737,-0.6109411935648514,-0.49053308656510863,-0.5761768653384809,-0.49800728685460494,-0.4122566492145987,-0.4659598437302048,-0.5047088403718966,-0.3061369497877908
-0.7875063423827554,-0.7499519946792033,-0.8495974305302805,-0.6455490753735387,-0.9011997165513325,-1.0781474383893894,-0.9864703205062068,-1.0236914880264918,-1.2681679260581538,-1.1447226803353159,-1.2762116978406335,-1.2813737074335871,-1.1677005519568153,-1.1696011990988535,-1.1309535162055955,-1.1767008601708624,-1.147597870926403,-0.7938001678821847,-0.7030589208051947,-0.7857852220349101,-0.5493110703113627,-0.6914370525608693,-0.4442202823220822,-0.41891725009805747,-0.44930673904901275,-0.408439261110445,-0.5648812714924645,-0.40289239812862654,-0.41466648609960344,-0.47219127721504994,-0.469925198312957,-0.4831577650181287,-0.4514663579127573,-0.45664655941652255,-0.5864240300410919,-0.6375784062165393,-0.551828539159564,-0.5547445364039789,-0.47816496625793625,-0.4509013458932099,-0.3807335877353041,-0.437211039452726
-0.6921608854258187,-0.6642775742966499,-0.6337734128705043,-0.5810136063466105,-0.7566708927074351,-0.8867109662581181,-1.0080279477337144,-1.223412174758826,-1.1559462999080385,-1.0943424482953863,-1.2304543626941284,-1.153804368883598,-1.2971636243366342,-1.136916732461801,-1.096138002327189,-1.17839910759568,-1.0608684151734225,-0.8687385947897633,-0.7068878719553515,-0.7730050227056524,-0.5655669139410621,-0.6262420153523194,-0.5651656833274029,-0.42550588534091777,-0.2916385703874268,-0.5082529827224308,-0.4507284879360263,-0.4574485357568288,-0.41498543495044515,-0.636676253527704,-0.6608850733727665,-0.5156724699152893,-0.5736396770655352,-0.5089970484761287,-0.501992198497694,-0.49548485492865446,-0.5997868941754877,-0.4419629396001498,-0.3937776494804309,-0.3609074244053963,-0.3700892851890007,-0.32682855206692896
-0.8194797457520134,-0.7391390603270541,-0.5787371638036961,-0.5829638754013481,-0.8223147500981236,-0.717069611198864,-0.8214788582779343,-0.996956616625077,-1.0582446741305505,-1.0947284760356075,-1.1030435128961769,-1.208724939931094,-1.167177377625464,-1.112066702819587,-1.2107426475105667,-1.0987826754331613,-0.9705236581328792,-0.9722988081313648,-0.6731595205276859,-0.631738957824138,-0.7497120970042763,-0.6875919122813039,-0.4156332328400093,-0.39182368194799627,-0.5427835558294147,-0.5360300222913956,-0.4579870699034232,-0.47816953671049606,-0.42780643887477765,-0.5052670333082341,-0.5559163681395902,-0.4700567454347914,-0.5200040022031781,-0.5167005967111999,-0.6277711320858695,-0.5899001767903347,-0.43954022253547015,-0.45763630481427553,-0.4296389324774436,-0.4756455165939853,-0.42133628311623067,-0.31165879723319834
-0.0699368547173515,-0.025622230034613863,0.03181310013638737,-0.019860000682165434,0.05505782880193067,-0.05132670835343542,0.009009980881759765,-0.06618307595699535,0.007148886848840077,0.04843643868885426,-0.04214798874639632,0.0040897169487893355,-0.03377625545636593,0.014216688871313261,-0.04867012846440394,-0.05136026455035885,0.045467191245261294,-0.030786042974130876,0.04452457350167969,0.01786071960910965,-0.04280707855134622,-0.007367052774720461,-0.07222866714980895,0.014550802655835984,0.008038881002048921,0.03472204109354559,0.07470739014160553,-0.07999744299908719,0.009023459016295868,-0.006966779250413261,-0.005176956642679795,-0.008265160576214176,-0.0067891776504786176,-0.046679586028336544,-0.0632162384736087,0.030239267158019754,-0.06608784047026293,-0.012880438372082446,-0.03993437975682225,-0.03811605250677311,0.030496176869582788,-0.031031130968341984
-1.1004230616521802,-1.2951440736304725,-1.3252605779991045,-1.2045127419300516,-1.2430191715930983,-1.2135394672104618,-1.2496519213263604,-1.1382747733965506,-1.2037804941400916,-1.220582947742592,-1.2247023958809005,-1.1402476575761489,-1.0146533522506076,-1.1468212846218886,-1.0252609496680456,-0.9759822705335548,-1.0865668623808133,-0.9768262942706004,-1.0047586758174947,-0.8929500284746312,-1.0131812570103638,-1.0778694838153213,-0.9580227323327172,-0.8806369985985,-0.9096317322416315,-0.9665796347756523,-0.9381559374807474,-0.9778932328143187,-0.8853725814420503,-0.8752274515749376,-0.8792609822596035,-0.8388653048276823,-0.8480185923489971,-0.9185822115284483,-0.8973773317716481,-0.835729185680492,-0.8761524250293999,-0.7558482341079296,-0.8367740701381085,-0.7780373941276632,-0.9266325190453176,-0.9330065612560824
-1.338039451630788,-1.1780606615913227,-1.1641273560291983,-1.2154059742583019,-1.1081148922198303,-1.103403580095823,-1.1622142924198446,-1.1806366514143651,-1.0220168077406928,-1.0831784211159698,-1.0356074602712597,-1.1794207048855878,-1.078047648610049,-1.0639939477044704,-1.0907656923097944,-1.0062849428362357,-0.9606479109277487,-1.1151202118275618,-1.051760753998787,-1.0159581060762866,-1.02607662480009,-1.0025854457157648,-0.9797548277001741,-0.9461624795954012,-0.8015895858608918,-0.925882096005525,-0.8603036013982429,-0.815635196774851,-0.8501452621829797,-0.9415936350436908,-0.9085314294808017,-0.786368075231513,-0.8065233161614762,-0.847199404125779,-0.7287950600272424,-0.8714900891688316,-0.7489283012273971,-0.8618241117710662,-0.8667883317147299,-0.8817181753811174,-0.7471428464680518,-0.8075790230259707
-1.2851535825177907,-1.1405567210860654,-1.2821172636337743,-1.2134914483580657,-1.141932403398555,-1.070675570371894,-1.1184636170362217,-1.0529044271394326,-1.1177504139099395,-1.040275963236498,-1.0961097340763661,-1.1007610313566742,-1.0796423080142599,-1.042961458655478,-1.0439010387663725,-1.073012607651417,-0.9345932629494833,-0.9032810482010557,-1.0453062123011716,-1.0189008213504276,-0.8858201700391027,-0.8660226282682463,-0.9095310669864703,-0.9832272292372626,-0.8494885028880997,-0.8719289195092963,-0.9463960025131213,-0.8432033692065077,-0.899514858961335,-0.7473143588888689,-0.9011305539546879,-0.8991897022901882,-0.7970036099691976,-0.7993062512274569,-0.882296571237061,-0.8367642489002249,-0.7372281836517158,-0.8507814712549062,-0.7988280733902282,-0.8194146223581009,-0.7792578380841444,-0.8336797031754476
-1.1843840163492465,-1.1469665496024546,-1.1442872665090482,-1.0338480345645875,-1.1524114598173685,-1.2263326596746835,-1.2395402490204805,-1.1911196294224484,-1.1991598311724432,-1.0544149602410453,-1.2065294634682984,-1.0740593507008562,-1.06935352517474,-1.0111410177876436,-0.9909846548013528,-1.0065037545677173,-0.8802683738009491,-1.030060755701072,-0.9976864473257933,-0.9541008851273527,-0.9913899700779235,-0.9190662248544507,-0.8311083159870459,-0.8806072125233133,-0.8152473208746356,-0.9201572347169639,-0.924414567277802,-0.8833513893271779,-0.8020387008215989,-0.8663674344926061,-0.8144436334888491,-0.9315379286950358,-0.8743061272646185,-0.8148858306194219,-0.9296785686424873,-0.7937172505700938,-0.7635381480761904,-0.9113354109569133,-0.7759936200677189,-0.7470203539665696,-0.7040177617444421,-0.7892959947465078
-1.1055648673893947,-1.1976890861946097,-1.1573572026283638,-1.0709309460682215,-1.2333773309133447,-1.071312070118401,-1.1483321460223803,-1.1666461710659533,-1.110018909569903,-1.0735567453848152,-1.064744479587766,-1.1113195149670585,-1.0809772058820166,-1.0652452250170605,-1.1451192723625634,-0.9761435151493176,-1.079620932080525,-0.9820766731020173,-0.9073527459952722,-0.871736644141165,-0.9750059232615198,-0.8781088331794129,-0.8814925134241369,-0.8925994956757045,-0.8268833340701303,-0.8243195956128107,-0.9480506813940138,-0.8651148204800729,-0.7846718522309098,-0.8557955568935272,-0.812009201574519,-0.7327400067360175,-0.8119586271980944,-0.7398949531420654,-0.8743426785649319,-0.8589895256007493,-0.7403972363895028,-0.8138136920618825,-0.854862547202314,-0.8012831663644014,-0.6926745259088967,-0.8574843510958339
0.03994608867378648,-0.015393487693009508,0.0036934561390768723,0.052799756032534756,0.035572320954257566,-0.04585486831094254,-0.004372805991819724,-0.03188943721240129,-0.034445659166237534,0.02203533014733714,0.044002366156431674,0.033099823353774024,0.02055665564245264,-0.050024675249435054,-0.013647619269614948,-0.02900423167515206,0.033854362365083025,-0.02368272226886885,-0.061126859516476936,-0.029337973035793607,0.0024678715366492545,-0.0012557738293665732,0.0028672592697511793,0.06208577332965749,0.021575133945778844,0.011445264196815281,-0.030952396638841563,0.0397350147662824,-0.053033240505317186,-0.03991359257340893,-0.010144929099682337,-0.007804577174528345,-0.005308438431392224,0.003448283129689065,-0.010835799505831556,0.0008369725003545535,0.03249645247110265,0.05237329476227286,0.002686563332604614,0.02348296335029522,-0.02591010905580419,-0.007782262215695919
0.9536324952823804,0.736999981696908,0.9058833217925613,0.8614010538263716,0.7285693086102851,0.7958113005292233,0.7631336418551886,0.6923293090144719,0.7836456416205291,0.8064950111079425,0.7817067751685459,0.7349022347206478,0.7169926918198027,0.8138419633113662,0.8120337724750475,0.9188191333869062,0.8605189479223107,0.9531444420379971,0.9857371593265982,0.9798535692222631,0.8906813484217784,0.964629736547367,1.0501871252600226,0.9168866051381809,1.0053948043240146,1.0820557586549886,1.0597393014040823,1.0424021553347633,1.004691498873901,0.9916764884897852,1.2228595845494366,1.0679521891508432,1.1055967998496563,1.260839945910161,1.2852243245602892,1.1355434404590508,1.3073910523337484,1.0464694627695605,1.1886126390383573,1.131038845073686,1.0993898841040712,1.3705140083136098
0.9496251893013737,0.9493013720761182,0.9989591149902671,0.8236564837034075,0.8039337506650235,0.7938285538865486,0.7904809023150261,0.7781575429348001,0.7584374898584487,0.846554660340509,0.8334405480631758,0.8324662224917837,0.8334243546480834,0.6837105756866255,0.7702865046254503,0.7837114487816088,0.9338341512936442,0.9452069916143634,0.8366854959168956,0.8412997317365493,1.0330874872225686,1.0254498550664493,0.9810464775861217,1.0576600746833953,0.9117312252631152,1.0777197416036837,0.957386172591968,1.1572592889242124,1.085023949673117,1.1755803520141097,1.1324174462197891,1.0721542536344966,1.1678613690231807,1.1181737098000823,1.1018656070907973,1.102698818411448,1.141897168851332,1.0902990721511043,1.1040487173097489,1.2244168832223656,1.292076495888759,1.2467234680279
1.0500743607737104,0.9428194340936829,0.8989032649862412,0.8780439319298061,0.8227808651208648,0.683616671265019,0.7960417469767344,0.7930580739943834,0.763671730842942,0.8577831578482543,0.684493009763754,0.7371493487183906,0.7778535005792692,0.9136780873204586,0.8736403683641935,0.8119906377845693,0.9526674123216575,0.7639993209986428,0.905375155337308,0.8316569296298959,0.865190304997514,1.0112050235584376,0.8880012980706323,0.96612374997674,1.0378298525711738,0.9477067507647331,1.0027098746233636,1.029857283672588,1.0193432848709147,1.181291603300117,1.1702966513842237,1.1062033322800642,1.0743003220548721,1.252585932423378,1.0360222939316404,1.0740038184927314,1.1026207950334366,1.1630264797969998,1.2390892146617205,1.1027165133308254,1.1586028614658526,1.1991974385359077
-0.0309878584784588,0.01885993966095219,0.012270969689926576,0.007801605665212531,0.011591598735584777,0.04412586133582844,0.007554921752411785,0.01831477500485425,0.015754200546830986,0.006982840760106163,0.0237899412825696,0.006099721631808938,0.024091027203724805,0.03345677103638397,0.019456977656631184,0.01729220228067219,-0.023488291395225274,-0.0286611362890312,0.0318325976555427,0.043735697971328355,-0.011219181438987572,-0.010369746985260558,-0.011260314964782418,-0.022276017677186125,0.002389017073709438,-0.026959979138924305,-0.02596199448977965,-0.042575269664987356,0.008650352686025894,-0.031723673767883744,-0.02166642099795763,-0.036659521137362885,0.048138499494338294,0.014350350262849275,-0.002038747021740959,0.004341653420664008,0.02669070808556826,-0.03517918094498758,0.024798663720448956,-0.04358684111207711,-0.02063111586357035,0.0004283499318205531
1.3054217324762234,1.5116958633350792,1.4726697600616947,1.382382589747985,1.2574972412373138,1.273237291014169,1.3338390232183919,1.1334811459182539,1.3395638323257861,1.3543348783090692,1.1253830817397075,1.2105592773269034,1.109646199092079,1.1643741744681275,1.2576460813072414,1.2589834958553483,1.220834566736966,1.313699085073923,1.2904110374958628,1.179459441139864,1.2447606371248565,1.2906770078964722,1.3426600845896002,1.3053892816051398,1.2166039841959597,1.2142358111714968,1.2026599461038432,1.2755592991651719,1.2068772781144017,1.2319635547099563,1.1944240101371177,1.192687712988637,1.2819209492961896,1.2635192047935624,1.230297531837983,1.1332316507431486,1.2487244642618391,1.2525505211860644,1.0564706497895742,1.3122979655657943,1.160662983345925,1.1657296943809408
1.4093414618457791,1.4536826457624483,1.453914745411459,1.3488414094210743,1.2244008013972723,1.303780876631853,1.4055435720435998,1.1667412058187503,1.1731267761845237,1.2704945170463886,1.269769730200702,1.361169272000323,1.3007183968677931,1.2171796830193966,1.1761025691631892,1.2117090165900828,1.2541280677850961,1.1326776891105927,1.1151578425925708,1.348003411375238,1.2553407664174712,1.1767981665713538,1.296459288344053,1.2399366609889038,1.3182672354862799,1.2572799685089044,1.2123980295369343,1.2975231383290085,1.2548834563235585,1.248235377723843,1.1256939953435243,1.253659599543715,1.1999553595526582,1.3002824643448778,1.0979920299479065,1.0605245208455543,1.2585620530355224,1.2065768797502738,1.3040752272848528,1.1845704961912673,1.2482502088370397,1.080802299144309
1.5994568484510057,1.4812366843250193,1.2627975555842739,1.3662086698269291,1.110350994729355,1.1898171625836242,1.3055323748981333,1.3853019120303518,1.1705114506869325,1.2219106336834127,1.2894545429043152,1.1067036124614447,1.192000433903933,1.2193425197924834,1.2118934027491208,1.220314594579029,1.3106545167101948,1.2618208476048949,1.1872520783977634,1.1436517303046156,1.1917629916574708,1.2818263742714044,1.205245919801163,1.2823108976799347,1.1828403961758478,1.1371989183556273,1.2084941907043705,1.2463665918985836,1.15587470178679,1.1753256558202905,1.186665891015696,1.2101536239496218,1.174318877689353,1.2921083962700068,1.2337216110520388,1.0663505105196789,1.2574605085085533,1.2039451617302666,1.1289941622424091,1.249309998546494,1.0788328674268355,1.3042261167058786
1.4200573454792538,1.3376857203736254,1.4282173066073682,1.2749370904669826,1.2848908857404338,1.2915421556026407,1.363799395541168,1.3778134457694629,1.0749965073404724,1.1309746638316192,1.1057296275817587,1.1290959993249852,1.1901268039449202,1.258884342005994,1.2194253846168932,1.1295333374325616,1.1380742442094067,1.152210873925849,1.3095933654746386,1.26474980998704,1.2051077399231072,1.1308615753342408,1.1327794580969468,1.125629585656409,1.3047303519098359,1.1903799136137478,1.315476108109672,1.2767590156465094,1.1908099572873634,1.197014389751695,1.1759188188927245,1.1964224257477376,1.2563674560319067,1.1395155200340121,1.1573386361984497,1.1613882805279114,1.1242588706492733,1.1176223611293605,1.1409739358020827,1.0892645815184179,1.0831218201692434,1.2342435856852179
