gfs-wave-data.json
{"header": {"parameterCategory":2,"parameterNumber":2,"dx":2.5,"dy":2.5,"nx":144,"ny":73,"la1":90.0,"la2":-90.0,"lo1":0.0,"lo2":357.5}, "data":
[rows 19 to 37 of 73, columns 42 to 83 of 144]
-0.021413201253716742,0.008292502972157138,0.05957171171252421,0.05170744618503139,0.04568267054459461,-0.027394486938499617,0.005363307066690922,-0.0017707734197204734,-0.0031746194225224142,-0.001481493035373035,0.05075993441561227,-0.02910137771122939,0.01564141260672102,0.05208574093686351,0.013523709565574383,0.02023667691876881,0.014568792335563246,-0.018450626388032566,-0.052366321721474055,-0.03264391790294772,-0.03798737941007432,-0.0279952778318,0.015165935075272492,0.025990724879956306,0.0008215119644050087,0.009826978589854481,-0.04050240149720069,-0.00673814682382856,0.03605850226133776,-0.02719684415778105,0.024676228478698065,0.04783744846152592,0.022916538443048924,-0.03532396006265599,0.0018059471370099323,0.03707346557318558,-0.007979399370033429,0.01518018395900693,-0.007976368172119486,0.001672909345688515,0.00021385658218691658,0.03754520766268158
0.026275918276307576,-0.030038792177800522,-0.0036367525617626013,-0.020186520905403987,-0.0446764035327004,0.005982983132803225,0.031369920516570476,0.0021519382827278636,0.036923890238359916,-0.04542859225291787,-0.010287558004943211,-0.056181277917634956,0.013317345836640276,-0.03071061842851203,-0.0014369193324916916,0.04014150434732895,0.01846974521995014,-0.016640797165252692,0.0457819013626885,-0.01846923196862609,-0.025978832322083218,0.012197348625305998,0.01931081321085463,-0.0016311297270718117,-0.008979452172967526,0.015864490512090195,0.013540789632912744,0.03451143287845834,0.015928781827668655,-0.02670508029830252,0.018494511736225842,-0.01512938952723954,0.0031076278125919837,-0.009092095831705923,-0.005718154666806855,-0.00041688208987263856,-0.025769012331060295,-0.004720548831173611,0.029020294656790138,0.049323728954637054,0.01504515229333655,-0.0053059404615725244
0.9441664521514791,0.8154256223697416,0.8495206936268047,0.8529357842499965,0.8082804150531738,0.7665055151988994,0.8040445708534847,0.7662387497099603,0.876640873001783,0.7355326534239819,0.6894523489717993,0.8233309683677854,0.6953941005936475,0.7876639990795401,0.6913300663188066,0.9101821615240406,0.9139421426141121,0.8447469435906902,0.8482373405877561,1.0329193508125092,0.8803927856425888,0.9471125659585159,0.9462006543456324,0.997789618148795,1.06602238460444,1.15351140036394,1.0430490795999392,1.2068580630807624,1.2225584618001386,1.2813944960907366,1.2193397849955154,1.2536790201385757,1.1758127759526693,1.1292674283651103,1.2614058322885597,1.0535486044151616,1.0422396358190216,0.9462289899681101,1.047307455932521,0.9800897211143609,0.8908911651432344,0.8264584821242974
0.9634648111623841,0.933249765587997,0.8088879206338881,0.8474056861570237,0.857715189993493,0.7609070883875524,0.8388915972365879,0.7685352431963026,0.8544582693809278,0.6955544835207772,0.7772873112488039,0.75366351458282,0.7648086778446026,0.8572707046909323,0.9383126474990443,0.7578372033877043,0.7741932033477457,0.719838917267922,0.9145408819720403,0.9660549240636555,0.9172473331010487,1.0782525382839863,1.003239211292226,1.1263035427605474,1.0937894384358253,1.2588777577299146,1.063456880832329,1.125642849430941,1.2717585240345564,1.2554725899556485,1.289078551316086,1.2656150617834119,1.159661487424752,1.2934500079764155,1.1399491222842077,1.2026080860165624,1.229310993742472,1.0334997801925112,1.0690433252215994,0.9401237782366941,0.9209843400431095,0.9374059428878498
0.9947457254619924,0.8745837039502122,0.8181178960562021,0.868973017243978,0.8438429298393998,0.849894313774631,0.7229451293326933,0.7150834096539946,0.9390452607365307,0.6797921481101592,0.6865903196486912,0.8579331153260035,0.8926101327646121,0.790412591321884,0.8151776709966361,0.8984393321313652,0.8676228371104473,0.7779349829653363,0.9975584654090301,0.9290570848007387,1.0612734088715732,0.9690046957806597,1.094787149729582,1.0393002026534184,1.0666439813595627,1.1023667637933379,1.2498883510876062,1.2041980811683073,1.2486528520964482,1.1859512955374225,1.3683308179835991,1.3149030702371063,1.3099788546127866,1.2791894769200622,1.278734198909215,1.2416620187102219,1.120241794559205,1.1960519480059035,0.9208815097442107,0.9724879960914231,0.905146306902863,1.012674330523236
0.0035759963465015463,-0.0037796127765255126,0.009395909500724157,0.011954733796899857,-0.04342515773453161,-0.03677082304588687,8.483895277074277e-05,0.010787765999607884,-0.02984309645023871,-0.03562506808936784,0.012747193970980545,0.020264285709058458,0.030376906177948623,0.020199624752521,-0.024379729856074207,0.04268118994872759,0.02749555677263567,-0.011012377023548174,-0.049951302895285626,-0.0182107660706073,-0.03581024053943457,0.06300448180176088,-0.007736999565370955,0.010698886018616934,-0.030284198712268225,-0.004906433924800055,-0.011862328131434178,-0.03977750932975361,-0.032171116036765285,-0.019853709848458474,-0.008756826565574907,0.001920967648790613,-0.04631645579503052,-0.02541915573322786,0.011600207103730538,-0.008442406841661164,-0.0025323289927106705,-0.008349363921095889,-0.013117947512257847,0.04599623470147128,0.05021076876433853,0.011871595076651026
-1.0327691749658645,-1.144679364851032,-1.1883879332245286,-1.0626264224144923,-1.090393199273471,-0.9939161524807844,-1.112815747213376,-1.0906883216852172,-0.9852274457784863,-1.0206014908519918,-0.9319188162293836,-0.9562040535220078,-0.9152177489490764,-0.8995490704334276,-0.8043667236301808,-0.8325468905858135,-0.9162150438070108,-0.9246557863065734,-0.7576374229415612,-0.7241598899667163,-0.8095527704362087,-0.8029044057742547,-0.7649605575290579,-0.6711399852311678,-0.8100258807903448,-0.8183372358772241,-0.731221013959451,-0.7983984734127676,-0.7599810517110772,-0.8032067001489147,-0.792785018535363,-1.2543728867438526,-1.2786324705713488,-1.097250176485399,-0.9518098442200361,-1.1633926586811585,-0.993937406406767,-1.0381912051902216,-0.9997057173935231,-0.9774132747710929,-1.0687111888337364,-1.0247079222684128
-1.1710384929956283,-1.0980766516639424,-1.0590016193731204,-1.1489143468570033,-1.0422650338691692,-1.095199374289305,-1.047475113647638,-1.1234975471449953,-0.9775072371110133,-0.9073418976457649,-1.0424028277394706,-0.9321391041654681,-0.9951064372261925,-0.877421923950828,-0.9526464018185768,-0.8646088248406691,-0.9225352986698525,-0.9257595011032849,-0.9218445840079782,-0.894178764404551,-0.796584804559127,-0.90253192468235,-0.7743070665140508,-0.7458806160473551,-0.8632618736562466,-0.7543079479562728,-0.7976206642411829,-0.755345450427747,-0.7947925519791594,-0.6489527046037363,-0.7350252680511666,-1.0258379523754966,-1.023540287593136,-1.0632978571861162,-0.9377380010910142,-1.045866079996991,-1.0932205221747409,-0.9368364670982213,-1.0031286263354002,-0.9615228909894457,-0.9289157488782926,-0.9477044139300456
-1.1626019285297557,-1.1419389959709902,-1.2565254501125969,-1.1980134920371122,-1.2117780090400632,-1.1796452804508204,-1.1703217601361227,-1.0074003221601726,-1.1009745350720814,-1.0900864387974758,-0.986010425860015,-0.9063560660060785,-1.0143166266403667,-1.0121557887249943,-0.8095967421171485,-0.9972575584855146,-0.9283200847479718,-0.9116905024196564,-0.8690603548926468,-0.8152250742380235,-0.9170365020528098,-0.816489963821335,-0.8058699608848795,-0.821631515729217,-0.8752244236423762,-0.730336195365288,-0.7870209893168773,-0.7684798653682392,-0.8271287405490795,-0.6878410151908918,-0.6674814595705243,-1.092220951298739,-1.215958964685746,-1.2025557090311558,-1.1810465604016476,-1.2521483598494876,-1.040160590179372,-1.0658832413961308,-1.0305579692544105,-0.9640454447275189,-1.212361786592565,-0.948129577424638
-1.25781059460559,-1.2202602602142345,-1.1477928409855875,-1.0704121187373057,-1.2329150711376529,-0.9645675572804355,-0.9672637802446934,-1.0568505667989896,-0.9630513742381731,-1.0148256902533712,-1.0746420535136918,-1.0271239817530435,-0.9158840388849173,-0.8807768457041266,-1.0286056629299798,-0.9937949259380467,-0.935508782957283,-0.7700554475475196,-0.9287845730454812,-0.8860886067951246,-0.7857795695346016,-0.8841527023661245,-0.9119649105750576,-0.7410244020204779,-0.7248242794764675,-0.9122928677937656,-0.6928948239290939,-0.7972908950070277,-0.7115898086471839,-0.8522438785658091,-0.7271564388970103,-1.236001795077004,-1.2844557790873594,-1.088100239604726,-0.9497066831374785,-0.9442320904678717,-1.0310597529651793,-1.10523216954969,-1.1662742726760362,-1.036716846049631,-1.0896231019445408,-1.0076418209259996
-1.1818314245713435,-1.1737895761011088,-1.0194689262050827,-1.2408528858882975,-1.182730324198427,-1.1248069869287496,-1.1275215523570803,-1.021494477872021,-1.0900755141896958,-1.0843942827744475,-0.9822979333537128,-0.9421265949365054,-0.9909846112939776,-1.0251254094067526,-0.9125850347603636,-0.8475921249464056,-0.9577516474879668,-1.0187367823642008,-0.9139311581637062,-0.8424818780852963,-0.8529937902676368,-0.9705702745564464,-0.7398057380543052,-0.7381492483873056,-0.8933920472547343,-0.7249508243813366,-0.7502550102611055,-0.7683289255199567,-0.8090375480726006,-0.6350454775579425,-0.7798417459458066,-1.0426048406128745,-1.1365153992358172,-1.1544092363188527,-1.0315305737392972,-1.172423783910959,-1.041264069789395,-1.0490084901008372,-1.1436177873832691,-1.1379326602139805,-1.0808334564869058,-0.8787617809890338
-0.011003336947508227,0.057614952093949616,0.008803219071482161,0.022731004495599887,-0.0400978222640562,0.020716118524425092,-0.014082951205564657,0.024226687888691915,0.05461677924985875,-0.003192429987247106,0.006014048873883918,0.05129120943479141,-0.056736769558770744,0.03180520368568893,-0.03396181934445132,-0.04714074241726619,0.039052719993289485,0.05924324118366274,0.016588738631434313,-0.00029207391705829547,-0.014382147277470081,0.06065842338554306,0.036393957242909364,-0.034065544459692926,-0.04105242356754057,0.04397241514266709,-0.01673599948311352,-0.00464792651045527,0.03369852087863125,0.002175908931779725,-0.037504505921410136,0.004341095017417089,-0.012110058364847864,0.02221509461543898,0.038449078656532944,-0.02292906614139014,-0.03450263453832203,0.0018253701972352954,0.05612441934833557,-0.031327218737325094,-0.003969193355211246,0.0360761559609169
-0.45391350882869885,-0.625361600200505,-0.47319898590221404,-0.6666788213374324,-0.5129654312866341,-0.5586286426768863,-0.5384706505938885,-0.5847663828263572,-0.4413669883554193,-0.39956041972222806,-0.39451902878290723,-0.40402322646784183,-0.4347681606407783,-0.317555590239722,-0.27410320401658195,-0.26237704981921056,-0.3312245048975151,-0.2276372199735507,-0.21779627814821023,-0.2654290704976363,-0.30548965081705,-0.40121061841809713,-0.4741259431071896,-0.47410169469853547,-0.4737021688819044,-0.44359472292474034,-0.6240016150026232,-0.7948483029642334,-0.8063059209506125,-0.7978507053693603,-0.9717052779868064,-1.0126051193505778,-0.8886080317317907,-0.8844640638587759,-0.8445269653295447,-0.9317890350642254,-0.7128386307723573,-0.7814154919855857,-0.8408736059972454,-0.6123601918266021,-0.5211857105272929,-0.7482444969606712
-0.5230118729041945,-0.6524474674677461,-0.5877985511783087,-0.4598125118346227,-0.5050955896301149,-0.5423745555720642,-0.6205961962854118,-0.5803964922670684,-0.48783672749108287,-0.42124083444855015,-0.4716828831456611,-0.35360580241504974,-0.4476010238960273,-0.32321545358729253,-0.3236811250432845,-0.2906018387630811,-0.3324617368197502,-0.24073200810669776,-0.2921936443989363,-0.2646355603091292,-0.2375886086835135,-0.4551059155835225,-0.32197374486440905,-0.4628006838917091,-0.48840163645017814,-0.5583077833211192,-0.6867388251729687,-0.685281947627268,-0.7653441452230817,-0.9256503276342735,-0.8641002850456724,-0.9301284956316287,-0.8991172422136744,-0.8900399275409637,-0.9350722609907131,-0.8711775955911177,-0.8599753454419494,-0.8512919943788502,-0.7729035661410453,-0.8099772746672417,-0.5794988996329264,-0.40810765248641595
-0.4867066392769314,-0.5103112674358533,-0.511294973957204,-0.49023488752945255,-0.5494693889815325,-0.4451488071406487,-0.5697321572546122,-0.5074604232192509,-0.46531549593481664,-0.41386737568120624,-0.3483229706270654,-0.3982397533213928,-0.3689057393540653,-0.37001864667228934,-0.27226543259063674,-0.30862359289506386,-0.19062356464335767,-0.2588325966727536,-0.3348363821787934,-0.26079650257823905,-0.2528165765943491,-0.30574843213613506,-0.3626513434337277,-0.43240402873954703,-0.5978634203075511,-0.5614720981713374,-0.7860338731875236,-0.70971108551687,-0.8010093355850033,-0.8606824697313374,-0.8304551143140972,-0.9100492767740537,-0.9105757878625904,-0.9371356126245525,-0.9010628787234187,-0.9097724056369227,-0.7845025631377693,-0.8378845981804083,-0.7787056296021858,-0.529363400232316,-0.5505992169455557,-0.7309210926838331
-0.4159038596415599,-0.6737066022003019,-0.44892725917305526,-0.6290631269833238,-0.5492624197802686,-0.625105942084708,-0.5430972406743202,-0.5556735311829568,-0.4486089021882661,-0.4399055387296296,-0.3743231536346724,-0.448722698572219,-0.40093198259529467,-0.34884881596390516,-0.25034900753334355,-0.2701876944179856,-0.3722287373590853,-0.38699801929028,-0.2237528264582006,-0.29825595907142904,-0.3392849360665505,-0.30476813746366477,-0.3663239765292344,-0.4405581534612749,-0.41024306193253357,-0.6318947778764381,-0.5949109742973443,-0.6341862243929497,-0.8021242521429363,-0.8759179010074564,-0.9907287555945561,-0.9209929699604085,-0.9541272478139631,-0.8539561727746674,-0.8716988170962949,-0.7123257214111517,-0.9355103271603327,-0.925595137885463,-0.8065520508802992,-0.5434714575200247,-0.5725296687461303,-0.5930028072807234
-0.5672876933315231,-0.5808773873640012,-0.5411765234958862,-0.5900871079940099,-0.5439439678234935,-0.5039068954671178,-0.6179447102941664,-0.5378514010345972,-0.4900604481173772,-0.4210462079310072,-0.43608805721326954,-0.3393278993659356,-0.386855821472269,-0.3715969196322547,-0.21399939045755018,-0.3060982902576248,-0.303109960614953,-0.33703676756984136,-0.3311802255188661,-0.20572328580687907,-0.4069925879648769,-0.4149815447385434,-0.3271759771941693,-0.5596003293296153,-0.5004497481755144,-0.5598488448874659,-0.5731477284042428,-0.7744687186347996,-0.832897508496048,-0.7672965553696207,-0.8374973687143525,-0.8453983975000535,-0.8636737589999934,-1.0277350038702497,-0.8612406236457448,-0.9456005084962515,-0.9345101908463478,-0.6611745909143995,-0.8381720394935187,-0.6529413860110718,-0.6155229764866905,-0.560310343328642
-0.5943432717737231,-0.563775781724404,-0.6096306413920445,-0.6424977783472435,-0.4692559098886881,-0.5828942929205926,-0.6277684586941208,-0.5360958736830834,-0.5230259992051915,-0.4330749259998823,-0.5387622581249651,-0.33489786780039077,-0.27849607587798164,-0.30196862303867417,-0.308468461396601,-0.2220077369978147,-0.2129456545535324,-0.2731683660580569,-0.34496907803862276,-0.3210861907126817,-0.3581037722389671,-0.435200954961612,-0.29455807202937606,-0.4652795815837778,-0.6053805096398241,-0.4916246163513939,-0.7143446874708028,-0.7046746750179412,-0.6982134166535386,-0.8283780426481143,-0.8644267427394617,-0.9130237533121884,-0.8981790968863927,-0.9984510246170496,-0.941927430966401,-0.8799744018132456,-0.8893294503771907,-0.6013681783410323,-0.766294461787705,-0.474980617577222,-0.5687841451958,-0.4884437948491982
-0.3996576641710669,-0.5580193201920683,-0.6496942381227768,-0.557344430701584,-0.5133216751211703,-0.5819738711925051,-0.47333488647113475,-0.49525217718554315,-0.47878231497773804,-0.5090117765496983,-0.4819230916389024,-0.40102953471192293,-0.3283783804485994,-0.3734188152986828,-0.40207058675889423,-0.311475658257963,-0.2590886507477425,-0.2590325809865767,-0.20486128772100684,-0.2946336073270828,-0.31342469908984344,-0.3486212903122491,-0.48708925635348255,-0.5145633434770419,-0.5979526982753193,-0.6057129760399962,-0.67915265418895,-0.6387751283269409,-0.8999402043613,-0.9507989006353713,-0.8280893791888202,-0.8597971472154492,-0.8891780028602775,-0.9566749253826546,-0.8202112071105474,-0.8533148689277463,-0.8294691847104335,-0.8617942012197356,-0.8092267164090083,-0.7264972224768751,-0.7189766049942904,-0.7019377764553507
