gfs-wave-data.json
{"header": {"parameterCategory":2,"parameterNumber":2,"dx":2.5,"dy":2.5,"nx":144,"ny":73,"la1":90.0,"la2":-90.0,"lo1":0.0,"lo2":357.5}, "data":
[rows 54 to 71 of 73, columns 42 to 83 of 144]
2.6903065076270565,2.5314949057895793,2.42078046444669,2.51988091345133,2.4863051513784806,2.378125537629423,2.4328901299818453,2.417212840639799,2.3719540984309715,2.3056909363936495,2.247541990945726,2.0319860503775486,2.232684614330836,2.264908230337991,2.2486778593055603,2.2011137830233207,2.241181090510427,2.126526020184295,2.274325548474758,2.145607760961363,2.2376367611786865,2.184552188832771,2.17163840289895,1.9651910118887814,2.164569691761551,2.2319824727887974,2.102177480552483,1.9455923967583866,2.084701509009832,2.0639159827303026,2.0261024224357413,1.8692712310079198,1.9797883472568079,1.9082841800800818,1.8082622001295814,1.8748106878957234,1.749088370669691,1.7858558117700876,1.7259500089080761,1.7645698818951963,1.4205018850591826,1.4919201694627506
2.6391622508373387,2.435043765535557,2.654031380247694,2.478629547389766,2.623225317370544,2.3846621899365252,2.1088439046047696,2.178084243054607,2.093756743503507,2.3455372644251917,2.105840753642189,2.4432841858549175,2.0961429846273116,2.023859195095173,2.252495260532874,2.1490493170838216,2.210373182251193,2.3725939927775217,2.186218012947378,2.2887046255024157,2.055988564490834,2.01340664262107,2.120109876420003,2.124216118807054,2.0850881032021022,2.1038473681526813,2.1029690877417457,2.0375370843159333,2.0593695736551454,1.9713916730531642,1.9838860076072993,2.0762002804193846,2.0406777826791327,1.9092076501495536,1.8134426277321496,1.811269070771552,1.7766639188215019,1.523289995574426,1.6361776084663373,1.6348790842934067,1.5744704932835158,1.4769668813157388
2.7593071371235247,2.523791043612657,2.730101147137393,2.520509731937826,2.3538192507806115,2.5581102787496985,2.135023356494838,2.468027450717808,2.193823651533574,2.1854222940023718,2.086121909823861,2.3051534030014063,2.0392188211196207,2.0301524521179504,2.226303315652576,2.3010905507836066,2.0847179938154126,2.104219191878287,2.1445052016531543,2.007066993210524,2.0244496202387743,2.197243762455433,2.146758756036408,2.149433944289332,2.1626284978805703,2.173112267905043,2.2503578558387445,2.205212506126382,1.9912077381280564,2.063172276593084,1.9901331485034464,1.9777817191358866,2.001327939354166,1.9162627273781008,1.8155886436661302,1.7824611996904858,1.7114721013631382,1.6519630838865915,1.4726281576976392,1.6441790599472748,1.61593950025715,1.6333916122722751
2.5801927052953775,2.59176308356354,2.7196308850509086,2.5071218297112723,2.5065485553747675,2.5179375564958937,2.5684135364360743,2.4696209229633346,2.4241756476210057,2.3168969170841383,2.304040579328043,2.316874325453493,2.2240497635146586,2.348609493375079,1.9738608705730052,2.0294481058753377,2.2804825616375073,2.220597195346773,2.123372357218492,2.226046599935421,2.0185255431904205,2.1552902687693485,2.2215553109533683,2.30476108581257,2.170070659926022,2.124871266237179,2.108807617331863,2.0323182057807325,2.0056099965713834,1.9453327923774595,2.05469668237677,2.0527286984721935,1.8343349605692316,2.0244812401858194,1.9932194616039212,1.9046560373215988,1.7604367336720321,1.8010470042820645,1.6967140333507753,1.6699160230795522,1.701935500169387,1.3827726593123915
2.806767941437719,2.6522011294623056,2.612890544577624,2.59476228396713,2.556129785163833,2.3292472404699844,2.35076952017737,2.3996201179282224,2.4256163024146042,2.2226482891570636,2.1755854558589625,2.066010049716666,2.329806101326825,2.119258782566733,2.4390090416228207,2.0252572042428656,2.100033134680803,2.295573491152815,2.150669582829948,2.3595180408308916,1.9739644188544985,2.2681150546430575,2.206937282962455,2.2310124427776965,2.074762052859296,2.1661191138033344,2.0284081666714315,2.0644582009944634,2.112767183672479,2.113229827790494,2.014132315800231,1.995163373664564,2.0735264402361593,2.04110088312779,1.9579335212401268,1.7598131130885872,1.8543877469903978,1.7589801826129612,1.5518303411159295,1.6602454174865662,1.549490455897741,1.520785016669866
2.753889280497308,2.528574594687426,2.5742835187748745,2.5817392614563084,2.589548031218036,2.5639353116546464,2.38240835535888,2.2595828337498554,2.15704428896884,2.4147301939441475,2.4481529097289783,2.331480617182518,2.270226424892538,2.3324542552389014,2.314616436297718,2.3309359187805576,2.3395659193132254,2.2397910301113817,2.1601227592531163,2.242362725894967,2.0460101753256383,2.0986055008768574,2.148388071400692,2.313591308817542,2.212863085463885,2.0708601720228272,2.200332656572481,2.198626140986477,2.102390515837926,1.9819183762060952,2.031442032543903,1.9700698891288586,1.9283809244928418,1.9305468996350563,1.866326921227625,1.9854998022868766,1.9057907031381918,1.6143849531451668,1.6762292203809042,1.6520274286075127,1.6472215634247256,1.400747775162531
0.006041497081014578,0.048737837126288874,-0.0006800382276813093,-0.03236495186940812,-0.02651221262679041,-0.045238446473344324,0.02227799063209957,0.035709703341144754,-0.009207245629089329,-0.013241147484521133,0.003390777248134521,-0.0381020218935748,0.02554239660472667,0.03551175994647892,0.024640582159420724,-0.009931116983182268,0.052641126930471696,-0.012369211837948563,-0.01738533908199548,-0.05884800491989611,0.03749502676484799,0.0426463571128102,0.0048392547337283084,0.004692915665237605,0.006582676549908161,-0.05212606984912553,-0.023629862872413677,0.018778014859608283,0.06354721571280837,0.06398087872370845,-0.048160516577533785,0.007464773574808482,-0.017423304929028514,-0.022333198174771713,-0.03945758841460203,0.023405261063379562,-0.03824362396502098,0.05958903928676356,-0.04467105949607168,0.05139847780136909,0.023282363892604255,0.04937557065527158
0.2242177697675019,0.276539330896127,0.25071740139859733,0.40900864319353897,0.27148558370922804,0.29371367896245776,0.3275988128808571,0.24889287698012946,0.2563608358549568,0.32552081051253895,0.24840392283383478,0.19140899159738683,0.17255913357138425,0.18919855849457046,0.19873170527228357,0.11757396202413384,0.12744942101996218,0.012918834086770662,0.04556225297547802,0.007630687217821616,-0.10192793790350275,-0.12614947691851328,-0.18638790477564085,-0.2353082718872494,-0.3587946887016161,-0.25746710067624295,-0.4607024790705267,-0.4650011318316875,-0.3969420609437321,-0.5862493391962694,-0.4451977434081074,-0.5749842589913312,-0.6318451868166146,-0.6330512985633445,-0.5410804466963554,-0.5077863650806357,-0.5198405946409895,-0.5645726348348729,-0.41810061130419984,-0.24918304371223626,-0.23234686174954342,-0.17274885285481228
0.3729162886365375,0.3301554252787005,0.2911721866466679,0.4044537241396166,0.3518023747798775,0.2824570200662604,0.33059161570616236,0.37047503292349165,0.20744820593856192,0.20364023739853063,0.26559380059011384,0.20850147080010595,0.1631986397109871,0.25432346906120734,0.16882726296424588,0.1342001354846088,0.1418505472236602,0.0710780728575554,-0.02764253893799146,-0.022532343287738905,-0.06403617091780482,-0.12987387110277307,-0.2322476989154987,-0.25929768058772046,-0.25610266152502176,-0.302206508876936,-0.3524143770060083,-0.498305078608763,-0.3925850184844747,-0.4448750360936595,-0.4607613352873494,-0.5745139260902663,-0.48360475365523947,-0.5601649943128598,-0.49321398565281555,-0.6264140866896549,-0.5320579765079761,-0.4076667301116642,-0.4031593816274639,-0.3500569105486117,-0.16424072743987844,-0.1641898232749541
0.23229110388420204,0.37174685812280417,0.276392234646654,0.3269538345602359,0.3408987766265974,0.3647641946763424,0.35029502850573285,0.38772113055285445,0.3901461012278658,0.2566981783461601,0.3131980217162389,0.31557065392568356,0.18366888750278235,0.22576755719794273,0.18404894526267412,0.14377760358989575,0.08869282296114452,0.06740301538568311,-0.04265955790729206,-0.1298386186056378,-0.0977942111430927,-0.20828906866223837,-0.2585849171423954,-0.2876171940303532,-0.290709180162108,-0.42197445912719395,-0.4395613559563095,-0.4423371538061249,-0.4675902453864362,-0.4484041125316717,-0.42622450233576104,-0.4954593254699193,-0.5422399659184585,-0.6486296571653565,-0.5405762110948924,-0.5499746472024658,-0.4518075093745151,-0.4754180857507886,-0.3772354660077376,-0.4326450013998154,-0.20315082777121418,-0.22293834698005982
0.3850338202130191,0.3963598348728329,0.4115065151257363,0.38267482647189616,0.35851320330213926,0.38115638843759414,0.41165248284845607,0.37240479745455024,0.31663874933690805,0.24136764090968355,0.22275731369920565,0.24466550071550403,0.2045353947563091,0.20923454389374863,0.11707701766780589,0.13029003859304958,0.12692633802452638,0.08033453067328343,0.05019245996948751,-0.07416433475670485,-0.10625983597257294,-0.2764326276114121,-0.17883473386472967,-0.20376899698714962,-0.3502176615278669,-0.4038579962958644,-0.512310068524882,-0.37831572457722595,-0.47942066136999084,-0.5562578911436065,-0.6581893683970835,-0.5436558760786954,-0.5836047700374015,-0.6546320598973422,-0.633532550012128,-0.45030904297519647,-0.568977791799786,-0.33732538446928084,-0.47325080841009864,-0.253754363422473,-0.16092726598291954,-0.05334987706335013
0.39229799728124926,0.32148829113281063,0.36669680882229716,0.3024865667873459,0.39416585136202065,0.2436129030497299,0.3866636327911352,0.2972409935037778,0.30387254735430796,0.2558056188438291,0.372739406985196,0.27816484013207515,0.20995608926305245,0.21686146311614202,0.13726608101131085,0.1584430198808898,0.13163337158191077,0.10383619070813549,0.008876518134146314,-0.04791168612738388,-0.16962586012293746,-0.1581518183618105,-0.18038109302217503,-0.26002822892087696,-0.41758592621460006,-0.28567825834799393,-0.47389516906756024,-0.4985045639926306,-0.4088363980689839,-0.6464571168208003,-0.5244254928625566,-0.526587731042681,-0.685242380666102,-0.6264555551385373,-0.5876456141538884,-0.5338148964324057,-0.624382777277364,-0.3590383735277057,-0.33547493053352173,-0.25242829676906753,-0.3507336086037654,-0.1648774653943237
0.4677037953671082,0.4110956569519146,0.35142028350399496,0.4113799535698468,0.3885943896090828,0.42765293674710786,0.284998626545555,0.4149850874196294,0.30900137677935746,0.22807960761765167,0.2459476611775258,0.2953895555214188,0.24831053956358531,0.2609507735146507,0.15883107747414882,0.11108840123372107,0.15160674790339557,0.07470767632309412,-0.026732224206697432,-0.15063310342037725,-0.07189727431559076,-0.18480676349219466,-0.23357481729618718,-0.3134349153175654,-0.34072157755638677,-0.3613110511343794,-0.4931114003262151,-0.47767542258805595,-0.557348017462319,-0.4312953312148524,-0.543545462128121,-0.45482285074594686,-0.44776939794938775,-0.549095680038898,-0.5999904823232285,-0.5014459677167276,-0.5340612754404793,-0.5251823968470807,-0.44106947712597167,-0.41002178785987237,-0.2735366059754019,-0.050947640560726294
0.31021729127510644,0.4031266706930754,0.4191558084732221,0.44026292348835033,0.37588976997398404,0.39551008645539265,0.37764440603445004,0.2913763397406224,0.38910993323452175,0.38626235948650955,0.3345603765894029,0.2100088702760592,0.19204828541754607,0.21889183535719817,0.19731139845961118,0.18975372141787922,0.12952635051350883,0.06861899692421235,-0.053017699681294626,-0.08325015105228521,-0.04235890971152819,-0.23101167955502933,-0.16953512294072834,-0.26133279372723855,-0.4244114094087138,-0.4860938841005897,-0.47322754721221966,-0.434387241932137,-0.41777092940087934,-0.5522333805234648,-0.5585130868443859,-0.5408203446086992,-0.5670293320616674,-0.642359775673717,-0.5831538650106879,-0.5783098529717113,-0.519614867276174,-0.33641561309247336,-0.3262795890067874,-0.38873250092342054,-0.2398213861825228,0.008687602486163275
0.33859851517598444,0.31795550553317603,0.48337680114099,0.42085678825382145,0.392073467176393,0.4457263382348429,0.3527358309822902,0.2878763753310873,0.4420342245195147,0.2523116412074335,0.36420127669095875,0.35967404011636855,0.18859687699399214,0.31212634149356167,0.23908470917207134,0.2234575504969792,0.053245449099955,-0.010099053671226875,0.0025003566576186765,-0.10470836718550552,-0.09707452976137512,-0.21825247481346052,-0.2314525000539195,-0.3503099238175733,-0.2837582971495265,-0.45670694685992497,-0.38306657571012664,-0.5581336694557575,-0.5762769427875521,-0.60128764637315,-0.4996390596446123,-0.5909182227988509,-0.5361520965411807,-0.6622778397495427,-0.5698678933493649,-0.5698488127773058,-0.48786357724761475,-0.585409341632081,-0.2686184251291198,-0.39535525043269504,-0.24215010731979295,-0.136733401980334
0.3898786216236759,0.4626963669634281,0.2832356494018176,0.36341771981815857,0.4246436083683982,0.28234005517239985,0.4662041282166653,0.38436416830800135,0.33964005284866955,0.2729017926316452,0.4273699828354264,0.310593877487584,0.2567854638340516,0.26855686191423306,0.25912394212203477,0.17544804510411685,0.15740113440652231,0.11517419667561526,-0.030083121329792135,-0.12106569539289211,-0.0903961384027982,-0.25241592449543715,-0.21844233424449583,-0.3163102062020493,-0.3486079376856933,-0.49344178723976373,-0.4466539833450473,-0.5434528910035311,-0.49201551338023986,-0.5759129297136464,-0.5248081294295571,-0.48147117574085163,-0.5366423110497717,-0.6221550374754489,-0.5885876202566201,-0.6022931735471627,-0.5097153916857244,-0.44080032531547925,-0.43021109455450646,-0.2949722321675884,-0.2616441807523693,-0.0778949251922303
0.36913698643532233,0.33160412308362325,0.4183345200461679,0.4671579488742278,0.35206788131701144,0.3825983232338174,0.37793330571241757,0.3025038977234504,0.3422736956885627,0.2909559946333215,0.25014462499678747,0.30271628249826665,0.2564843875284145,0.3565897915883274,0.14175969459319757,0.09043661384544063,0.14075027951464217,0.09435562952587602,0.042929649139519285,-0.0027768104549139644,-0.0587438608832733,-0.10821224458663006,-0.15936159397842609,-0.24554425255090132,-0.36662852583573813,-0.3090664782108131,-0.422381231374975,-0.4840473060383479,-0.517499379728057,-0.5652057886939841,-0.6089984636381632,-0.6480551094917664,-0.48585834671164374,-0.5644796717308906,-0.5568689635801487,-0.6027245001363738,-0.42775065365788156,-0.5594831771243644,-0.40251966292087926,-0.40314940430822477,-0.33132962434851715,0.02907821841735065
0.3462037338072649,0.42049080055507215,0.38696078222632757,0.34702199617634477,0.32284474956807335,0.42120496873477814,0.41205679944640305,0.3906870488148741,0.3761228376899411,0.3365481978018747,0.42375276247433,0.2900845113871875,0.27842455614245115,0.26101875474045994,0.153409119840005,0.08527575118063004,0.09488159741977963,0.12604869012079586,-0.05295684236278092,-0.005373571422651609,-0.05597972743323673,-0.2767854765504773,-0.2021789264810389,-0.377135604002562,-0.2508031770885774,-0.43062538766427805,-0.36980476908997384,-0.45066055216787243,-0.46422834228212534,-0.4885799677786399,-0.626331599118939,-0.4927502739149859,-0.6608925117167266,-0.5892432769876332,-0.6599032578501894,-0.471730774988272,-0.5016957065785469,-0.4818951566939655,-0.42499783631604415,-0.3596183244528182,-0.14263661154362656,-0.004577559346173902
