gfs-wave-data.json
{"header": {"parameterCategory":2,"parameterNumber":2,"dx":2.5,"dy":2.5,"nx":144,"ny":73,"la1":90.0,"la2":-90.0,"lo1":0.0,"lo2":357.5}, "data":
[rows 54 to 71 of 73, columns 0 to 41 of 144]
1.7912119810567062,1.9169086661124306,1.8703919339589894,1.8795614738975663,1.986987051246244,1.8493278777021873,1.8866056687965471,2.0909379387506197,1.882427457935266,2.1454965668896206,2.0179033978643504,1.914812654054824,1.8907089213965123,1.9187386519263194,2.078314688098171,1.96633394114582,2.106981599203089,1.7935868158692414,2.120210771703661,2.189617338245415,2.238997400916651,2.1944359360399863,2.2955020748536876,2.064850573902577,2.2530502876784793,2.1754869334224307,2.5405539094970764,2.456850254823004,2.576656523323221,2.6385353848321293,2.4566888783168057,2.508185272874839,2.520401768836655,2.4930423603576055,2.55858516795908,2.682816474335138,2.4896289998822905,2.6389995177553733,2.505070569236067,2.508608476364356,2.5779436045262334,2.5467434709758976
1.7494045265838567,1.8270260617801821,1.9949466261158777,2.0281244246624826,1.9738732861404797,1.8530873077306238,2.0338566057034417,2.006856167094587,1.9492875356599646,2.118425550352071,2.1175144426318004,1.9376433947490528,1.9964521666126092,1.8372491800417947,1.9682716502283892,1.9643629010224013,1.837859145374138,1.9862480945134415,1.8527324223907196,1.96077188369947,2.2105137036994305,2.224837004876441,2.3921222627038783,2.1540725233070637,2.2224541571928538,2.4051747022147194,2.497313328657913,2.2810003055803056,2.463672892893872,2.572317834314469,2.5145490270099615,2.555627761464262,2.528484361027605,2.4870467449658586,2.510804055600013,2.6757699264139276,2.550531913388826,2.5847688455255646,2.59570069957462,2.5594916627053914,2.5235482680903134,2.6384818061557747
1.824977665546432,1.780086899260876,1.9844742464554392,1.97984682238192,1.9315098806155149,2.0173341720679265,1.9629965791262947,1.9108479846260158,2.0253930756118317,2.0772032347269,2.0684265484189974,2.1197628029476636,1.8325242854219403,2.0887503664643092,2.042778044552318,2.0798971133844915,1.8169796611788955,1.9844787819463812,1.9924663022052913,1.9570723480848418,2.074579589845893,1.9489052087269776,2.0948959297423064,2.263220620228298,2.0383996501716855,2.3547249626142746,2.276815258289397,2.152624256516856,2.335807310447512,2.5787680552649355,2.5062282706152206,2.451902713876492,2.6063683752353475,2.5253699509668026,2.509382191476237,2.613500410437263,2.619592190541035,2.5601276645261324,2.644142759906148,2.458226511725919,2.5934585411062288,2.438062074032338
1.952502681087049,1.804366922108468,1.9520524761704219,1.980802593552195,1.828773632667076,2.036970567644978,1.9970476825860903,2.028777149584237,1.9978987102158816,2.008898270713792,1.9577852454575777,1.9130694341767625,1.8529575307261337,1.8877892499337057,2.1273464039359253,2.1972209045295257,2.1249730664010156,1.9728094169166517,2.3022238420115437,1.959137756415346,1.9809421425813385,2.3428566663176182,2.3069419453229028,2.4600562191057107,2.481685847304947,2.2438022538471047,2.173654683269611,2.1491027621960765,2.4267017866579725,2.3162274157721665,2.481001330483898,2.4299827208940386,2.4828126595584386,2.524901968118834,2.6316183577476053,2.6830925162532426,2.6712517326705965,2.5930343221316603,2.5542315634568733,2.5506225880742344,2.4305052430445904,2.5686269023164296
1.809110396137646,1.8754348793813969,1.9690905736870286,1.979483933970839,1.9090819075881327,1.8715166202538964,1.9289771233425952,2.0344833296656133,1.993313168425086,2.0978801293997704,2.063933608562717,1.951784329157284,2.1445742685596096,1.9943087769919918,1.979700128194719,1.940106396040343,2.101696877254857,2.1226257840224734,2.0109743713409243,1.9699358257623778,2.176263114473345,2.389849313461589,2.0952650536399013,2.041494461477021,2.2448387602804885,2.102838668711202,2.2334505106616267,2.16312676627274,2.412094021812502,2.4026746403045403,2.616658123889445,2.60098071835228,2.470965694761965,2.626074892527867,2.5700314124749766,2.5289299214404872,2.521360028833334,2.6334067382183886,2.546573216042988,2.4892756979382984,2.5459634084971863,2.523257779381137
1.9248888348744966,1.933570590284946,1.9379309762124333,1.7690241303941447,1.7948215320240093,1.9972015082848689,1.8592652943550285,2.008829286844622,1.9324844254347622,1.952444292722126,1.8169177757040662,1.874461831173579,2.1153845528188726,1.8569730833487958,1.9399087179805914,2.142426701916516,1.8386841117592112,2.1508775544066303,1.8488643721195581,2.1954955136396856,2.129802813787087,2.0934616551753504,2.008924554881491,2.260590286486919,2.1866844744887293,2.272942876188594,2.4030488362706697,2.3637653373092338,2.347671283006619,2.4137555894109677,2.4749872472910135,2.546962359689828,2.4150186661523585,2.608787677177337,2.639051629795827,2.5416641010619543,2.6165838348594734,2.560368192200242,2.5078642931249817,2.6580280498694515,2.517576494604377,2.568614827278036
0.00254279905338008,0.002876184645521951,0.0008103495604483454,-0.03128736735422375,0.0012361962802343884,-0.0021088728906253477,-0.01209416101290411,-0.011870877351806334,0.017021057762668105,0.0006230389014005924,-0.001803722482406136,0.012254049402187288,0.004430946972498769,0.0020629358285137824,0.0017520739011409696,0.003965493678401006,0.009824326475096165,0.0001394205516571707,-0.0008663904081434921,0.01651958240425711,-0.01775840150040649,0.0009059598584454682,0.006303078491750278,0.004085215253900944,-0.022077133223690246,0.0029466593823681765,-0.019019731633166802,-0.018066770907395144,-0.011793625538495044,-0.00033201628111772656,0.01854088885300461,-0.000941776882201094,-0.001646006353674076,0.0014750168062517932,0.0026511401964891836,0.0002749254875526839,0.005322803683665392,-0.007546944773979501,0.0006358294230361794,-0.011149976077897807,-0.0057013125069779605,0.00659250064401151
0.3595903638330991,0.2964064806861859,0.4158488697822269,0.28832380067316005,0.3026110567305379,0.3325851360248868,0.32287869651663037,0.3086337546214854,0.2782146837338298,0.2473178024647069,0.1268823882993648,0.09551161483915559,-0.09086760945657127,-0.15160194963077755,-0.07762557307841719,-0.1584550355893726,-0.3141903517618589,-0.29202975752395977,-0.4913121473391023,-0.3883692384149716,-0.44878831767214045,-0.5134849338830674,-0.5195906151179359,-0.48264147093993964,-0.5157290134938165,-0.5452518706284779,-0.42804966493126434,-0.47095713656701677,-0.3669720913707288,-0.3596294398120541,-0.30320956097837515,-0.2556111809176294,-0.17174141820134753,-0.25548944774461024,-0.05561193602792336,-0.07666121057285398,-0.006360200669502786,0.020487953429111607,0.036737606433933874,0.1388316849720381,0.10937727842223383,0.15507294965311513
0.2349438769448194,0.24945535657290346,0.3549666350901114,0.40893580967376897,0.2761740959552013,0.39581202448592884,0.27999567581810797,0.35766660771126996,0.3192481565266687,0.11540166519864582,0.07966912945096319,0.12574058616635744,0.04441752213462785,-0.12134715327322443,-0.14082125457491965,-0.1730592824270959,-0.28031647043383595,-0.33378942054599997,-0.509541723905852,-0.3422362668726262,-0.4589421280967487,-0.5698584569158157,-0.5790011458494813,-0.44977642528642825,-0.5006606864364985,-0.4352828752662765,-0.4264459960601039,-0.34838906529657154,-0.47500222681444026,-0.33868256984967515,-0.2987051943925387,-0.2251367781656845,-0.2004052378577569,-0.1958824135874501,-0.09948751689181286,-0.008414919576607918,0.01896356843885175,0.04773727608072604,0.10805017999033376,0.12449287235231954,0.21921266636564068,0.11165005548847962
0.22295819259591532,0.22877415551986902,0.2812251438513856,0.3841237119621756,0.3188365901102619,0.45433925897836286,0.3166183205216845,0.34305071857565866,0.25453769813737265,0.15069289360484264,0.22897428409202594,0.10799038276329442,0.06427448622486966,-0.12530914315596065,-0.20015818874624083,-0.2552116037317266,-0.37910451710048576,-0.4731398441547644,-0.43421396624298086,-0.41732834961858367,-0.4274157137732087,-0.3955517703460645,-0.45680308289130195,-0.5219325606951527,-0.5211959597291521,-0.4915634508729693,-0.419653183302322,-0.5380918566432547,-0.4036528288360395,-0.3853086482279229,-0.40720648384110525,-0.3063229793450185,-0.19087356237873324,-0.24232226080481412,-0.06041679345941073,-0.021256650929201284,-0.07284605559489332,0.014439087163643963,0.0945477927858297,0.0846418279384141,0.09292631427523722,0.16889509186972115
0.26687435208726695,0.399973252250509,0.27703110371988054,0.28715894144940807,0.39017320461857635,0.27184644461058743,0.27957612302368917,0.30202660409550275,0.29523838495783084,0.1858093872501588,0.08766224501646909,0.09037007576103681,0.011595154655582276,-0.08348732528812368,-0.11450858525383496,-0.24574030210085074,-0.411178615833323,-0.256332659283811,-0.39080129000458136,-0.43277352399167174,-0.405558807307308,-0.46945458048239974,-0.4087758782069559,-0.5894498224399525,-0.5030455488450309,-0.4670659513142573,-0.3915058528812665,-0.43854360875355475,-0.3838171551559758,-0.39556883934166576,-0.32351773774438625,-0.30338144881762935,-0.324256241775716,-0.19321961031487536,-0.1886276770617918,0.003168021603692912,-0.023741348732910644,0.05637655342945802,0.06380696449266153,0.08354833287803481,0.129925958007427,0.11278133018839223
0.25858056078854985,0.3594051279211358,0.33911844684050996,0.2937277390584847,0.33617768519407165,0.3287978906135141,0.2612223939711834,0.34962976542164625,0.20065433194606316,0.2492548313332767,0.18190996305080193,0.027899815094503164,0.06175272075689475,-0.208683172721688,-0.08307891269224248,-0.13189838269261392,-0.3348077999347815,-0.35908246951051026,-0.4698273335691,-0.3913353349322061,-0.5310597058128977,-0.4695405086585076,-0.6261564385566036,-0.46515197019707405,-0.443454138232898,-0.3857028958173567,-0.4000135320387425,-0.4188591788376524,-0.38821289332417014,-0.28783525721414094,-0.2905075573156294,-0.30733852192149486,-0.22762127497839654,-0.12586210335448833,-0.15561460605680238,-0.007801155841909381,0.04517387979250632,0.07647462752425341,0.030495219320539942,0.16964964631961119,0.1459927964439951,0.18311268920032386
0.25248948007883,0.33614700760333,0.3540209743927837,0.38020615445548495,0.34070364996016117,0.30499592112286716,0.26600867514222026,0.2727900225364921,0.19333976856940085,0.20859363710354345,0.054033178852067966,0.036343944948126414,0.0782210513704725,-0.10910959853756481,-0.12432274814282081,-0.19627173341655904,-0.42698158991108137,-0.28802852722300415,-0.4653216746005389,-0.38506470478728355,-0.43739072072897245,-0.6201652867701017,-0.5890403539244063,-0.47414531853766356,-0.5383941413980606,-0.536852536720016,-0.41758649850035845,-0.3558956899120356,-0.482461803542327,-0.4064204083868653,-0.27882248353298494,-0.26260698131040244,-0.17658439424728337,-0.22725741168053873,-0.06900871351780802,-0.08312791707514751,0.03469198163976999,0.07971107449569424,0.14580232745930632,0.09281006431781433,0.1493257284178396,0.2140567190247008
0.2533252215276603,0.4491954028841547,0.4181021156900222,0.39976428123921004,0.3833505796612773,0.3323963116365061,0.32916518875236256,0.3347847131288613,0.2966542374857332,0.2176685294292974,0.15576905670369312,0.013035481491526642,0.027301523845249143,-0.14328838443591643,-0.10652533342610297,-0.3136348528091348,-0.41995529041837054,-0.3880706602802445,-0.3534636546907891,-0.46273985409885354,-0.5330955335035591,-0.5166442022635035,-0.5365945747632526,-0.5646209940001891,-0.6097078130925243,-0.4524799284293416,-0.464462900282329,-0.42365817284503327,-0.5421911854578212,-0.35728698975757744,-0.37315824628821986,-0.2786318144579041,-0.23918379519374464,-0.12292307232517638,-0.08983078301876726,-0.022337445687319272,0.04910162645614015,0.10085243745833264,0.06959141150315626,0.1342962335920257,0.15721144430345096,0.13365153545643843
0.26552604246559924,0.29272205154417297,0.33849609032373285,0.34243116834517223,0.2980440610986561,0.3452629712912656,0.3928574517485495,0.28047582250447206,0.36936480868935,0.19823800384475024,0.0510273893700486,0.17127708331420413,0.07296149418994387,-0.15088881066725948,-0.2428988791048115,-0.3700569031325078,-0.19785328880457265,-0.2966929677052418,-0.47890742710248263,-0.500118663024385,-0.5228999222509614,-0.4648419932730732,-0.42951973897712276,-0.533601119284865,-0.6147335666031949,-0.4377522404441743,-0.4870059300271134,-0.39734869049091104,-0.4354747751716058,-0.4741080083263433,-0.4172788865584446,-0.380412839480497,-0.2882578501346644,-0.13245784667294658,-0.13100991306791465,-0.063412704781785,0.03157145074832285,0.008164545657010018,0.059523941651415266,0.20795129752170674,0.12384772025321529,0.17625865147614242
0.37711564179089346,0.34595385409740764,0.34018667145948195,0.31365970670903615,0.3574551011214898,0.3770916485669433,0.32122041394838174,0.4171363971625723,0.3238933716332651,0.27081727334052563,0.06447808288917901,0.0555284739953001,0.07216647768148438,-0.15237794381588318,-0.20219379738677293,-0.2722134703518974,-0.2204902678687346,-0.4047699617856264,-0.36906254395201143,-0.5531045892866957,-0.4985772888688369,-0.48560803794789115,-0.5299647914024009,-0.5685735529667283,-0.49652899248468085,-0.4562601348764974,-0.4903394775036288,-0.3899157197914124,-0.4207762395819056,-0.40879239289370123,-0.26671452404097284,-0.21073766927891452,-0.3217092464210578,-0.16604201354232542,-0.08223439722528655,-0.06709202492288506,-0.015498771422371483,0.08350919040435394,0.1365374602792604,0.12174691090044895,0.22103635002444763,0.15374009130794358
0.4549931465230641,0.3794070728953157,0.3354140441232163,0.3026128250853689,0.3618298509605346,0.42511032992015213,0.27029925304239094,0.37396832920597756,0.23084384373989444,0.2615052263934092,0.06240270712731662,0.07257175121809845,-0.09954997404229911,-0.09631627814422214,-0.14944344316010433,-0.35365030178665685,-0.2502775372530635,-0.3599462861220331,-0.4771249723913827,-0.5455712973704483,-0.5306310207644869,-0.5039678893175503,-0.4318909884158313,-0.635216720012591,-0.6248584562974997,-0.4966080047804544,-0.4809641185209312,-0.48579614122271575,-0.43450657329570347,-0.33505192456321287,-0.416870621835493,-0.26635672609523203,-0.16900737002418462,-0.1751142279544694,-0.1335276200363944,-0.029917209564319848,0.07452419629386,0.025090472737555363,0.07650865519733809,0.09220359225073964,0.1403954538734918,0.1910271770801099
0.42955659930270657,0.3998732543411541,0.40933398271367594,0.4831712677408088,0.39169123390918775,0.4244473818563201,0.3622860467070132,0.32883387921976615,0.25942188855538734,0.14461544195432532,0.22161709887765713,-0.0130967575072806,0.01971486285344184,-0.17744239108659696,-0.07726914246486216,-0.38680618518355087,-0.3692437509787939,-0.4489017149488577,-0.43189351227778977,-0.3824414688327757,-0.5712611644556462,-0.6648952404610078,-0.4834278427735843,-0.5530592480390144,-0.4770600876352081,-0.5808151539056434,-0.5757955871525962,-0.4729740974132666,-0.369838008869044,-0.508112550149111,-0.3953037155230534,-0.29740759777250175,-0.23654017067205543,-0.14992675805767725,-0.2029372941463943,-0.023664739455188284,-0.04025903033755051,0.06356716729683816,0.1307085791797537,0.17866849931724943,0.18841476396574766,0.1597984989876455
