gfs-wave-data.json
{"header": {"parameterCategory":2,"parameterNumber":2,"dx":2.5,"dy":2.5,"nx":144,"ny":73,"la1":90.0,"la2":-90.0,"lo1":0.0,"lo2":357.5}, "data":
[rows 38 to 56 of 73, columns 42 to 83 of 144]
-0.43960830068858703,-0.4624650682975365,-0.4573899188697044,-0.55622461913976,-0.46504358201869656,-0.5009854796988096,-0.6160495754011199,-0.48306368198494565,-0.4855438706783987,-0.40550705088784955,-0.39961138191708684,-0.4473627625252334,-0.3552206965890338,-0.2972449886068526,-0.37741814965919857,-0.34790123365065123,-0.34593779028087385,-0.195795729682486,-0.2858647586706215,-0.22052058777982048,-0.1920404215966896,-0.2821426336790414,-0.3708614524158351,-0.5720119745582887,-0.4819595536201751,-0.6244215965763698,-0.7016476231492649,-0.8396247065792368,-0.856590067291933,-0.9315388294636425,-0.8538985360597451,-0.9705663250043949,-0.9807750283847436,-0.8512263757073482,-0.9577601553298971,-0.9638910915281982,-0.9469450439327451,-0.6933309042223242,-0.6148352585401172,-0.6691363708584734,-0.7273524098118433,-0.704766387735009
-0.49469124359785027,-0.4483778822447395,-0.5876991624795426,-0.4504088765818394,-0.6070921154839579,-0.49302816631131136,-0.49271906704828516,-0.5843186749054762,-0.577460195341919,-0.5080964083909969,-0.3665023439529156,-0.3093316925900539,-0.4378011269322806,-0.3820206565834558,-0.3475458844277751,-0.33943618551873583,-0.37460782883613153,-0.260121438501498,-0.28214106269004174,-0.34577531048359866,-0.2628700516325446,-0.40154546868543173,-0.3085728812226477,-0.5523129746193703,-0.5697589972979351,-0.6001424851237144,-0.5453989524169939,-0.6590740879636807,-0.8455837764394696,-0.9300631711320052,-0.9768478505530355,-0.8825574389467019,-0.9750227990496684,-0.9122918680362099,-0.8737015186479388,-0.7960953549084682,-0.7148477133209922,-0.8589857954553869,-0.571802171919211,-0.5207164177084519,-0.696847484480342,-0.5986383247335473
-0.5151206587874573,-0.48411283725822984,-0.5477604565215263,-0.4442243923210205,-0.6059338289641255,-0.5016384895361004,-0.5851271535860527,-0.4918672797477259,-0.519897607414516,-0.46030950881977545,-0.4392933472910907,-0.47606130441546685,-0.37568688915774334,-0.3873780340279047,-0.33225553836889626,-0.18412695348773606,-0.2191450177714787,-0.20090116105606562,-0.30453421065081643,-0.32148935582977467,-0.25095613644154047,-0.4079024360729985,-0.44679181222744113,-0.3188127984058,-0.6358412700004752,-0.48115465609978675,-0.7372060161941816,-0.6525705387180624,-0.8061941300091625,-0.9009918227355093,-0.9134199295095842,-0.956157943576543,-0.8337465718376895,-0.8276873232600613,-0.9882400168472453,-0.8034769935721401,-0.8129381833301431,-0.57398613488683,-0.6703549935941111,-0.6748030030217996,-0.809338954051904,-0.6762297882686574
-0.524228391396999,-0.5029415230223209,-0.5490281593773465,-0.6195645947429465,-0.5421481389791888,-0.5151607079732009,-0.5417685478943426,-0.4366911944153623,-0.581681208564428,-0.5600199268253625,-0.35809417622677375,-0.4265797548955656,-0.3620126767442938,-0.3809357003775699,-0.20761955742950453,-0.25758441617621186,-0.2589416899747781,-0.3672974286160953,-0.245448589137036,-0.3590434746557919,-0.3376553236676997,-0.31239347163213665,-0.33972280566235974,-0.3156284845370956,-0.6050393961393719,-0.6559343956571017,-0.6690464783043379,-0.7200208025179701,-0.6825571663219192,-0.9431812036160694,-0.9128380255200393,-0.9085034912400823,-0.9113923092292996,-0.974435865145472,-0.9881916963568593,-0.932204452578401,-0.8399663105241922,-0.8202270308745134,-0.8267796744742775,-0.6985244187446242,-0.5165311305809916,-0.7495115223972748
-0.008654436618431769,-0.019002714939556846,-0.0704670661823032,-0.042977644234353254,-0.009721215633217404,0.01736209805863157,0.04966556795267405,-0.034908558361962445,-0.047636754082802976,-0.036700749028979227,0.024668591412761703,0.038857976319707735,-0.02331343559837008,-0.020421954918569102,0.07391455735466256,0.04419263881011189,0.0665841401889736,0.027767230324846136,0.025009308618995797,0.029534268495342735,0.0625027848419367,-0.07853280851182966,0.03135018778483783,-0.05248928842668681,-0.007088561084667859,-0.02779772464684944,0.005873529361935857,-0.02593539757517928,-0.02183126182324144,-0.04766911259411088,-0.035940828233297334,-0.034323683453764395,-0.05130323574720973,-0.04433324684249672,-0.021165427859383197,0.03916862392721198,-0.0026465105977522725,-0.03405314697213119,-0.011338458438777073,0.04866363277024324,0.006338565391350174,0.027399942240556013
-0.8404050067035186,-0.8395195992972312,-0.9558006222511206,-0.9013798599864624,-0.6904693299120177,-0.8149057367402102,-0.6943445099756479,-0.8289758628287892,-0.7351391423499318,-0.7461601266169704,-0.7328227171405653,-0.7434515585430169,-0.9318915682930469,-0.8353824550945113,-0.7256381725982741,-0.6404664056573028,-0.6592179253402005,-0.7657091695295141,-0.8319954128887068,-0.7780230086787042,-0.6123045192070794,-0.8290411442918012,-0.7964113419429938,-0.6693510675234173,-0.7699891567198999,-0.7443586849554923,-0.8402330812799026,-0.8757060432077599,-0.7784858524449714,-0.7704112618095451,-0.7796865878966299,-1.220254068794548,-1.1989888579895644,-1.1921516274640465,-1.1090624082333724,-1.0906280248824956,-1.1581864142407021,-1.1885331851770524,-1.3352491899867738,-1.3457396617338178,-1.1725235327874077,-1.3416233876389627
-0.6750549658734052,-0.778696615960841,-0.8094218923561339,-0.6260682993650911,-0.7225361954096005,-0.7982772788971919,-0.8343835839824899,-0.7654107098404089,-0.7893622155629904,-0.8599620572349115,-0.8271407640912986,-0.6001521954155986,-0.618276470242155,-0.7158151897002699,-0.6537639779052815,-0.8041532246861045,-0.7576163878624119,-0.7251373561059423,-0.5889184931599534,-0.7708190148550292,-0.6535313775766635,-0.6054376159053055,-0.6167918038661564,-0.6852540962200382,-0.743296286911698,-0.6676834004748569,-0.7568552440388683,-0.7315099321365297,-0.7240643358225467,-0.6924204448661069,-0.7739075624103694,-1.2252740652407594,-1.3455997274453346,-1.2370440746684195,-1.242675520278803,-1.1580566030823227,-1.3092991530731468,-1.276134776150166,-1.3162639889637897,-1.2511147025588858,-1.2221896846836815,-1.2898032241689221
-0.7184459918381338,-0.7873716968760159,-0.6381862272537677,-0.8426344877201161,-0.6670725283564223,-0.7168134052898396,-0.8547789687347609,-0.7744006484706231,-0.8873217729092862,-0.8562301218318454,-0.8518453590789523,-0.6499666887275486,-0.6452569470792986,-0.8663932622898058,-0.7782588034245993,-0.6791861077159584,-0.7040336442928632,-0.7027168930291743,-0.6466860700682546,-0.7311017653598265,-0.8233936130922245,-0.7216701175961312,-0.7040954249130258,-0.8443022759029469,-0.5710590503012066,-0.5902370463078592,-0.7014488008749972,-0.6991303681234002,-0.671716626005648,-0.7143814626207727,-0.7169936602310546,-1.1819311949043345,-1.2776033290196387,-1.1862117489236603,-1.232880671023068,-1.1953591912064654,-1.2490657357128632,-1.223879399806999,-1.2661924589243114,-1.2329724233733848,-1.212485379881038,-1.245102140702163
-0.6364751877893144,-0.9265269023086964,-0.6710569102983112,-0.6706539939525381,-0.8299573194659257,-0.7836815945728,-0.8279471757894606,-0.8204941696275819,-0.6032178892824517,-0.7583760757652629,-0.7703597933438637,-0.6701894471102,-0.8614535849287593,-0.5538697594326506,-0.6295334252349627,-0.7671693991661072,-0.625959660976647,-0.7035552337010511,-0.8219499285448348,-0.7092455865988199,-0.7666081227020551,-0.6485238092652585,-0.6311454444425818,-0.7384908646093986,-0.8028990021553745,-0.8037773136061428,-0.7490353912126968,-0.7431406720743444,-0.6052538325579491,-0.8174111072051701,-0.5933506155416971,-1.1177681804437236,-1.1420977369605543,-1.0271342166027562,-1.3270081625295922,-1.326102508649681,-1.188393130732834,-1.3153448232669904,-1.1314370912456342,-1.1844926101768884,-1.2239902808829155,-1.1674518930053228
-0.6632104916450073,-0.9187668235117951,-0.7574020269925654,-0.671523640034457,-0.605063325936384,-0.6300877308125075,-0.8041335317630497,-0.7297137539930396,-0.6235293113414584,-0.6824407290578689,-0.7224065589072939,-0.8081737724866971,-0.8070906442545843,-0.7112786259870892,-0.6396896437159362,-0.8132019117397762,-0.7553305078548134,-0.731659114197628,-0.7262385266446686,-0.810045764334198,-0.6377952423134606,-0.613640043518275,-0.6888080465566956,-0.6335828447281858,-0.7668549014318429,-0.7823061124978137,-0.7521185510283537,-0.6984023394598914,-0.7525017395171575,-0.7372823697539537,-0.7263244112172769,-1.06558649246276,-1.146524552214839,-1.1180977949626043,-1.0350975575928116,-1.2406926203434536,-1.319436538966041,-1.1964932590831274,-1.1588380515525174,-1.2681073852571443,-1.1957664491697493,-1.1668367648974949
-0.03391042727245154,0.010966030142216882,-0.03718485660414594,0.0045561479565452605,-0.006682648122064721,0.056033237273216026,0.04283750335521559,0.01187591280353881,-0.013570417161605102,-0.05521648792499038,-0.023082232845254468,0.040838248678338115,-0.014440979197999285,0.019906002604623874,0.011127309989019323,0.04856124844116699,-0.0313363667502382,0.015934541214208384,0.04409160481455759,-0.03612380206688841,-0.05651510378110277,0.04527087654717072,0.006260344647195458,0.007140188304955437,0.018980994867117396,-0.0004659846497258122,-0.043637628094050286,-0.04427460150059612,0.03603939363339819,-0.037840849317939025,-0.032656161609349275,-0.04104126339782415,0.05026986976471529,-0.046287638729263746,0.03791264383471612,0.05935283528448343,0.03898860377087836,0.044813146139810085,0.01458218017922872,0.0013176842560467716,0.0322241274868334,0.011205508392368313
0.9109446833884288,0.927775782305731,0.8161648919233356,0.860946969363027,0.8541845297063307,0.9267445569239069,0.8966127702255124,0.7567147660904117,0.7816384494492705,0.7012770043853599,0.7157833125335573,0.8794550437861508,0.8596017188022909,0.9194942416816502,0.7367683772440686,0.8379744260523352,0.8530661595231943,0.8662874406794884,0.9302087566916535,0.8323281380153296,0.9032266053627902,1.1029604568626143,1.1196865600183117,1.0505201140947988,1.0366161072553992,1.2193783167247656,1.1467565351886353,1.2793865251788046,1.3140282809024673,1.2919717094653949,1.273573069014969,1.3038881116013297,1.3029846656886144,1.181805240801057,1.071349285698092,1.2107616231723903,1.1813818389418054,1.1191868316152507,1.0731391670798118,1.095210970809627,0.9150531590102366,0.9416265888966192
0.8709870484778217,0.8089152242076229,0.7862852434179234,0.7630570307822817,0.9477861288142011,0.776411533268444,0.880235642672681,0.8587740246988387,0.7565890859939597,0.8685166420858783,0.7797880338522029,0.8209017697172009,0.6810207119928865,0.7802705220225086,0.807487109309199,0.9046734677704338,0.7533773411493205,0.8965571910955974,0.9043190722868132,0.996993051340407,1.1108971693501801,1.0807481376235772,1.1317247637159635,1.0429304103006216,1.1255739459179885,1.0188563051327666,1.2891116668914833,1.1674744859118218,1.276891627013599,1.3607715764379682,1.312573797995626,1.368670002887544,1.302117508878598,1.279848688831617,1.261618328871955,1.1361388137490158,1.0164940592713356,1.178412022563663,1.0795057058196962,0.9611042031159678,1.1188623387546222,0.8809598551115252
0.9298880452138601,0.8695553929221971,0.7871429885548676,0.8069682546670518,0.8357084252715921,0.74691778199937,0.7928182560163043,0.8057249335133385,0.7345679164154856,0.7693732932566018,0.739893410121004,0.7527981336387018,0.7955453961168741,0.7292210669281338,0.7475719207792912,0.7769615687835577,0.8848468054915928,0.8433455141213476,0.9535090313599827,0.9567223707710619,0.8719090685396109,1.044356704842605,1.136284575244629,1.0268104392863857,1.0305417727834272,1.2468155497462539,1.1183274645760553,1.2045551708498992,1.1445276300167806,1.2802217366471804,1.22369989035401,1.184144717879316,1.2640904832223656,1.2641248464801282,1.2532961141040022,1.06230439460724,0.9780690580163581,0.9364844189986018,1.0457161260730312,1.0258508337025938,0.9956734385242806,0.7965022275306209
0.02433269735733238,-0.005794070470962386,-0.009567835491707878,0.0018151686590777735,0.008103129493743037,0.017550568666512712,-0.004432333794923669,-0.008346142931551953,-0.0144298127063681,-0.02843383712306672,0.03128000781509493,0.008608153994395462,0.0054985463911989075,0.023043290541583758,0.030081796256328692,0.02532255365178399,0.013089196050409549,0.015631556645902708,0.04902024751899628,-0.015413196310487954,-0.055518234546193965,-0.05938211178156903,-0.0006903113590198528,0.031143443517214067,-0.016990928676148962,0.037653876020017386,-0.043386309570162394,-0.0348988598486293,-0.026850788184701307,0.014872950873839908,-0.004706045398147587,0.03162462497267661,-0.04161920787399164,-0.041994182442119755,0.04205838340163942,0.001984929790815064,0.03374682288142695,-0.03443459574728421,0.01448497660983577,0.03336428470735578,-0.0241998981569979,-0.010990659785827351
2.416144229339621,2.570537963043126,2.3597708049518444,2.4031003867863334,2.5876058343819897,2.168720353682042,2.563417261373812,2.1311320626277186,2.20769657611427,2.259928769382643,2.3769877839970777,2.314640089512469,2.258763869604008,2.4100205736482123,2.167526078313197,2.110818453123368,2.1452144968191567,2.091375988360961,2.104945489414666,2.375857499850606,2.0192661723321357,2.188241353566778,2.146248127491524,2.0494874840071304,2.252681692666931,2.1138349829482674,2.1744771705058765,2.0448914712397452,2.122122021049325,2.063195980660296,2.0908129672434854,1.934717249781697,1.9876263534080552,1.9889927706039248,1.7722150040601938,1.7039898736409709,1.7142341215919346,1.8372716648031842,1.6601464363364156,1.6263475371684437,1.6075040430759648,1.6561386813233714
2.6676382260210256,2.589158421390149,2.701868258758532,2.6100644645107405,2.6923391105741272,2.1269548351794394,2.5153120014819006,2.3131219416153668,2.193582094266325,2.1715926912725907,2.3856228068084007,2.30808763233227,1.9246435658328096,2.0921016586762504,1.9918594005521646,2.183620510352564,2.0803396664636513,2.2296358291713156,2.2072358301026838,2.159982567261994,2.2112457151194578,2.142047515779922,2.159232878352463,2.2016900085270463,2.173736889474858,2.082135806194264,2.1539980287376124,2.066376751822635,1.9901669278489864,1.9306949057932654,1.9250915199506007,2.020795942693133,2.02208644285252,1.8504509264715103,1.887394285322375,1.9315809782810234,1.7109619371888551,1.695030929273814,1.6023649825098778,1.6058559734821252,1.5339542591645834,1.4454053666426847
2.696003354159383,2.5887276846607254,2.5189191641620976,2.45581991548121,2.397354280893516,2.4245461434042155,2.3151738964238873,2.129579874160651,2.373733866901499,2.0619300095081408,2.2222609105360465,2.0191031060830706,2.064627663393542,1.967302774692883,1.9562372087629525,2.3430336682188546,2.3609778345669947,2.279378084707799,1.926889573604933,2.1162907544671334,2.0709247422511536,1.8840652266420854,2.1373704741986526,2.2675535001689298,2.1220818607926883,2.0904644137661292,2.1241135664204633,2.104878906147588,1.9814031187622627,2.007963669980796,1.9627132769764328,2.0243665451104587,1.9683559018062926,1.9106389491568723,1.8409926720108432,1.7449228463860835,1.8126161626327761,1.7414204581012986,1.623617379410644,1.6314625010521837,1.4519959345584506,1.4367983132625717
2.6900819536890164,2.3964627393079736,2.695832021564073,2.211888952320052,2.439676114374443,2.569342182066593,2.390061612681637,2.296140559047566,2.47296019162019,2.29603024852815,2.106126530151488,2.093854100933602,2.215574299957234,2.1690260472880927,1.9694776615935636,1.993512950859116,2.0281355488605404,2.1816040913333774,2.0092129221832,2.125474977626129,1.9678500582735325,2.1855311996592692,2.102084355493387,1.9375401436808317,2.007190649222847,2.0990308208689,1.9627270194979012,2.055679236057699,2.0592397881578877,1.9305338590240166,2.008693937658414,1.9797690891146467,1.9170344184259418,1.9074996361201473,1.8234333497156023,1.6477230281148783,1.788588499727063,1.5216428175817969,1.6533760878134105,1.5760669230358828,1.5898580979504113,1.4239813709754843
