gfs-wave-data.json
{"header": {"parameterCategory":2,"parameterNumber":2,"dx":2.5,"dy":2.5,"nx":144,"ny":73,"la1":90.0,"la2":-90.0,"lo1":0.0,"lo2":357.5}, "data":
[rows 38 to 56 of 73, columns 84 to 125 of 144]
-0.6539195413594308,-0.806972674253782,-0.48731932615711837,-0.7575062964619416,-0.6923066886353096,-0.9728397405156095,-0.9180585283951137,-1.0818987182271431,-1.0513736307424606,-1.3039797156614792,-1.3545813180147226,-1.3537923073483995,-1.1711052972382407,-1.1992951099212943,-1.0983437839018162,-1.1249939682146897,-1.0254430514845505,-1.0624712785877588,-0.891581101162946,-0.8448117506254817,-0.49030122021863654,-0.6479694013269203,-0.5269784270789407,-0.4611961808447066,-0.44233359307300646,-0.4852087827102194,-0.30243212526621305,-0.4718845095613983,-0.4447856022985624,-0.4690572050803825,-0.5355072402658045,-0.583121252583028,-0.5633631321938833,-0.49619302672829374,-0.5138475409626974,-0.4732657876318305,-0.6249300107568765,-0.42798206894323765,-0.5919854301573259,-0.5574134388681217,-0.40102725970787606,-0.40812009791857695
-0.6585824591756897,-0.7639142961973181,-0.6317027018893241,-0.5827602787135069,-0.5927803207864213,-0.7851735069435033,-1.1477076146555183,-1.0311384291307024,-1.0466359860504366,-1.1306271745817922,-1.1108588920808782,-1.2500064065766685,-1.2894408805417015,-1.3186000740340906,-1.0397327179917981,-1.1513762396115645,-1.1409433487754206,-0.9387302427222155,-0.9858595006454781,-0.7311723690394708,-0.6757661392326866,-0.6147343432558364,-0.6868729326081376,-0.43535653186747847,-0.4159251143568366,-0.4811244066642918,-0.48247681624969513,-0.46230961219301026,-0.3718689756950687,-0.4038396040492267,-0.4701706377951609,-0.46006426470045897,-0.4618263519296104,-0.6319397757100278,-0.5831593290163656,-0.5280113744613938,-0.46746337825756584,-0.5119799568806463,-0.410302560224223,-0.43708442882836196,-0.44150659921204716,-0.45440570239244854
-0.6863598497906623,-0.5814125405395751,-0.8568807084630599,-0.603959276946223,-0.8995168285324867,-0.906042970130644,-0.9399631308390747,-1.1186240797849751,-1.1899261192312995,-1.1240438871760448,-1.0721711227044806,-1.311990250051407,-1.1962622694080096,-1.2308111305671339,-1.1214240008061183,-1.0173491548664546,-1.1119815303565763,-0.9886334020975771,-0.8267448694297775,-0.6105390472054398,-0.6515127197444244,-0.7195332853074103,-0.4793938185723584,-0.40779281816293633,-0.2969490498034901,-0.42795605501169603,-0.41153915257683177,-0.5309541024982091,-0.33584375470472483,-0.4698220121935009,-0.5261217991369123,-0.5197105534505725,-0.5148457452662591,-0.5988704556927192,-0.5199890340234435,-0.6313519296287515,-0.6137850121984723,-0.6129134636593395,-0.4930875301777993,-0.436015399669489,-0.41588346767012924,-0.36517322757868087
-0.6841853177908972,-0.7341532431010235,-0.46815126062720064,-0.6283433755789509,-0.9633232737219503,-1.0206585089544509,-0.8010755204686839,-0.9740963498118684,-1.1777842152381686,-1.0337209257845308,-1.2157916658316918,-1.1949022872679265,-1.13483817704729,-1.1097878795620333,-1.158311788925357,-0.9626712280684602,-1.074350335830733,-0.8395489347188111,-0.791273665162485,-0.8541883833396852,-0.7330435464685531,-0.6332895102129212,-0.6689425004474601,-0.5038684381360593,-0.5513297187055521,-0.37170302345640444,-0.3395591387762404,-0.4817255587736981,-0.5109552498353568,-0.3881714898879077,-0.4689436555311347,-0.5189323633012829,-0.47088261469132175,-0.5677685431494461,-0.49108586545562016,-0.5811404576454656,-0.5041647568831018,-0.5436817364513158,-0.575168705229357,-0.48304135426669087,-0.40743229281957416,-0.4496829266614442
0.05095545549958096,-0.0705930168808405,-0.03254497179078039,0.019165860059748036,0.03324896446837051,0.03307072938304396,-0.04138293005182446,-0.053515599688057656,0.018727178807662493,-0.012760707652749058,-0.036878587336789954,-0.029131395909563287,-0.031602173863447935,0.01962496901485109,0.0045824558393206555,0.04422684438431631,-0.0070023110657618515,0.04704310394787134,0.06404236803398841,-0.013124550667922234,-0.022478399258098337,-0.02443498388060227,0.015345923454137727,-0.056292950082754145,-0.06137807449927031,-0.04445928128290249,0.028429260588365455,0.05259597901742569,0.013224896874722088,-0.024542325268956493,-0.04787713238098327,-0.04255942278516285,0.05081053644702449,0.04709735214952884,0.04911113300082948,0.0580104852306988,0.027601874597385136,0.053344681567893334,-0.0044544412101632245,0.008783477035842712,0.035349961017932675,0.026163103794394675
-1.2003179292062551,-1.3605391296683647,-1.3275285930985516,-1.208518579289605,-1.098920507315452,-1.1626085993152733,-1.1017679917978678,-1.1250297045331168,-1.1421594610635686,-1.2491829580937397,-1.0907149446604127,-1.041439152688555,-1.0098930572904103,-0.9943476813473938,-1.0282322136076576,-1.0059460059676422,-1.116828244109677,-0.9881248333245879,-0.9486237705732964,-0.9240796080341215,-0.9367565982221276,-0.8766897569761573,-0.9346350144573994,-0.9860442977313463,-0.902645736176674,-0.998877826491901,-0.8167364419571631,-0.8890743423310654,-0.8875110926407145,-0.8818769035694289,-0.7953043695660532,-0.8093564099488353,-0.7706952201057982,-0.775055323005521,-0.8368423583656341,-0.7372399053355607,-0.7265085844138616,-0.815510477668378,-0.7405069703273708,-0.7968747809602582,-0.8390833103444644,-0.782923584103052
-1.1640832380983712,-1.3096437315817602,-1.1587729049010058,-1.2959699297257652,-1.1727962844503126,-1.2967805111331254,-1.1113834565418377,-1.0909259879885733,-1.2416250365531412,-1.1315876402081988,-1.055222604939137,-0.9655674455174988,-1.0217823096765237,-0.956646774460469,-0.9177854884698827,-1.125828721375729,-1.1413872852285727,-0.9307371375141096,-1.0599145026662726,-0.9370599490725937,-0.8715201420657068,-1.024155951878571,-0.9892929854105169,-1.00042012176611,-0.8579984180237368,-0.8359286864426638,-0.952370143936734,-0.7942860746812813,-0.844391146173614,-0.8433661459173759,-0.8662668522680546,-0.8241133467450275,-0.8792596372237571,-0.7997212521788383,-0.8376955390392984,-0.786997329000762,-0.8848635959059656,-0.7933008226115198,-0.8342503049097252,-0.8781823102717355,-0.8962135866016805,-0.9127349369951516
-1.1770043945594286,-1.2368667753235438,-1.0951859735984546,-1.1911854480439419,-1.1644846851067092,-1.255963986764101,-1.2521566895673135,-1.1308004504667808,-1.1818428065977233,-1.1020361962793264,-1.1556259094311583,-1.0439217783830896,-1.1782238369439626,-1.0946937959891139,-1.043289297684639,-0.9425441120640442,-0.948327347951359,-1.0395051683469152,-0.9607670800651241,-0.9595910381961626,-0.9503006108934933,-0.9378872734340257,-1.0515163256237436,-0.83540042367169,-0.9414892211511455,-0.8344603374154127,-0.7917176328912534,-0.7837377467403404,-0.8484795935732876,-0.9452206699533717,-0.9203010430390309,-0.7783083723510189,-0.8051028817559454,-0.9331001759994915,-0.7709922042017642,-0.8767337188325424,-0.9261224182812529,-0.9052328394227435,-0.8687412968622054,-0.7370888355377478,-0.8213354386576583,-0.7430057686640249
-1.3506253319891737,-1.301020153337154,-1.1032115307774548,-1.2278860976171482,-1.2698108416240714,-1.1781554613770102,-1.240798454936545,-1.1609584157106652,-1.1615989559726074,-1.031691096732526,-1.1366542546754657,-1.0990605293197924,-1.0622720879320091,-0.9357549416914082,-0.9781827888433058,-0.9193669825959824,-0.9654139685726263,-0.9984221354253894,-0.9455832918402102,-0.9472335666016186,-0.8351519204357627,-1.0113220854988543,-0.8674150078552832,-0.8231227790098345,-0.876024031874109,-0.8582980925505942,-0.8304136953438477,-0.9706104727953175,-0.8027236056514454,-0.781622826931133,-0.814193346063919,-0.7933857044639523,-0.7582289534913046,-0.9100964665639145,-0.8865430787759428,-0.796222312871495,-0.790950343210478,-0.7517501529950139,-0.8095724044856576,-0.8783940222185194,-0.7448106938903748,-0.7363166290036244
-1.1786905670972263,-1.091180939857879,-1.0707935791299932,-1.1640286924217547,-1.2634220433453955,-1.1109405292271555,-1.2082866648260524,-1.104778749219919,-1.1961802684981238,-1.0991755981833418,-1.0403119139351178,-1.1602104966561269,-1.0444474858607598,-0.9847498870529302,-1.0620345753521951,-0.9393750636166533,-0.8797515799623551,-0.8651232233770458,-0.9197626318718417,-1.0047997097299834,-1.0053436001116158,-0.8763707820425556,-0.8220029356478068,-1.006651669425925,-0.9856413330242649,-0.9261026939250502,-0.8166802321002465,-0.8414971264401189,-0.7913394890900709,-0.7322403872126122,-0.7910698245855925,-0.7956943397219408,-0.9277853318476116,-0.8870184858016492,-0.7894243552808567,-0.8585379379786506,-0.766672817651809,-0.8199536956211148,-0.8574443855640469,-0.7458843612563711,-0.6923532337471009,-0.7918053876445884
-0.00016924827535080798,0.019808616396599983,0.03224217461689855,0.024602976184660025,-0.015150718881404238,0.061333532957284276,-0.023264957191836484,-0.04590709666584337,-0.01211107686407006,-0.03163537648528467,0.009678474615212507,-0.009559292968104082,0.021940885882285738,-0.005990988051388745,0.07042194484723249,0.027345958930161625,0.00884230046619089,0.05893806934985242,-0.06662042919860404,0.012890939091628945,-0.021793073842838004,0.04655457015092367,-0.04309205163111224,0.0675785712988773,-0.03086259187349834,0.020604377469882307,-0.05539969407954517,-0.010585421177172528,0.004938947623363623,0.03396428310604776,0.006973331309526687,-0.030162855614925575,0.05688299516196218,0.005954450969755958,0.005264166521931373,0.00293837152842402,-0.03308564950829516,-0.05990435784775087,0.0032060588396452283,0.059093678001804394,0.054716594359824,0.0032817716214353244
0.7969813730859069,0.991629029476049,0.9094360082745983,0.9612485885134033,0.79909492429341,0.9625966856402014,0.8638929978809238,0.9294298329057636,0.841613186686022,0.8469955619202892,0.8926512981527766,0.8276307845762235,0.9462386307081275,0.8148181527248336,0.7567538465987204,0.8537713871489386,0.9613117299394257,0.9272800181301365,0.9783657673659253,0.8208140458752282,0.9976135073937052,0.9680273454436955,0.9232681528472817,1.0841377673499994,1.0881017779215494,1.0807268347384908,1.1340289013193208,1.0139348850304308,1.0560349704182945,1.0807552039390542,1.0990072084244265,1.1498424072043059,1.1286310947613512,1.0779023608473517,1.0864127882639425,1.1405400056825676,1.1101462172560042,1.0399856541027361,1.2280554679679512,1.234814426521189,1.238507756807861,1.100328281944446
0.8032002685904853,0.932219666713542,0.9048425531887891,0.8721287119227227,0.7760497406495777,0.8864093684845006,0.80463382920515,0.8220042500343031,0.8833019444603452,0.8286671889629792,0.7181277072456078,0.7942135179942901,0.9219420533738619,0.8501299220832232,0.7325831500450675,0.9196997741251669,0.9017772344717864,0.8619355853463245,0.7681019922874707,0.8902489377563004,0.8826860872281637,1.0494205839754742,0.942756844119107,1.0769418575103116,1.0622131317429209,1.0825545438501147,1.074040527128231,1.0735821839158468,1.1266365535809166,1.1742260829613267,1.166764426196438,1.0433385294564594,1.0915780234793544,1.0886938311868015,1.2477152988970317,1.1129734504824007,1.171583878108459,1.151931763629326,1.1902916401824775,1.2717232351707337,1.2609868628065448,1.40428816375914
0.8073293357744379,1.0134250319704443,0.8893048537557511,0.8767611224170875,0.828702640412609,0.7754718543805096,0.7968555301477042,0.7927773453556927,0.9107536473844711,0.7772942686628913,0.7467540730656053,0.6949281772758934,0.7478521569025659,0.7658906811923029,0.9397669402791754,0.884149645979242,0.8687913803447843,0.9445141529428619,0.8522599127612042,0.9416588816347055,0.8898773014286886,0.9316987541004309,1.0659735370096732,0.9544197198850798,1.0270876256614883,1.0672644650817182,0.9659305836565948,1.1052586143933918,1.0431071761070916,1.1220586648912767,1.0339881698795386,1.112830794581991,1.0186281346820871,1.0832785680413444,1.2394793863162772,1.0588334291668282,1.0357376452231812,1.1219195894365024,1.1195297163295161,1.2089569491654362,1.1159020670494266,1.2496819553887535
0.033341152033780366,-0.01877002077632623,-0.04230279059882258,0.04622803826272151,-0.04266097148709676,0.028750608289690227,0.028394872155480713,-0.0423232519263118,-0.012008990235035325,-0.048136775417675005,-0.0011044072943475342,0.005878347633711923,-0.0006350576588466802,-0.036685976587012406,-0.017272582006031365,-0.021518105926810263,-0.005284907353637785,0.031180068054177907,0.03518839807801558,0.018796877706101944,0.0349644424680209,-0.027405883980213524,0.007697884170339638,0.031192814196375648,-0.03515870569145824,0.04720308763137048,0.04767174665791701,0.04136281432949517,-0.0293030078642273,-0.020469090468401733,0.038323750444056996,-0.027616438079981282,-0.04171767997842565,0.00778733150954947,-0.024513766483771314,-0.04564316902974623,0.00241753124094534,-0.010415252145796583,0.020331338810044754,-0.018948271142909586,0.014055614149676184,-0.051057233888386976
1.4793918668596862,1.48129237549285,1.4036379462078656,1.5129631378397186,1.3925793050160926,1.3571892207614527,1.395744297150353,1.2687360475219995,1.1500018905410023,1.2736083228485058,1.253807625532019,1.332274898183595,1.2589900699797745,1.1693178665258752,1.3297426838050423,1.2839773305024917,1.1310397838046524,1.2251477302169556,1.2565072787289355,1.235088687926194,1.3324488420144052,1.2792742594893523,1.1394503612472127,1.3293243016456975,1.2701766666754477,1.2154894420965965,1.2872123075025448,1.2054773304098798,1.2881871465943424,1.262070066426354,1.2078378440330317,1.2405727117010088,1.3368409051630088,1.3124696166005674,1.3055129640713365,1.1058370371760993,1.1900441725378479,1.2579113337292236,1.2430196087674446,1.1738678429269467,1.3936261844330942,1.1383298644556086
1.457394701034892,1.3726207415024114,1.503005178061468,1.4705967445755863,1.338523586778919,1.2752776748254746,1.4433504297178612,1.2758837287504021,1.3422347624238664,1.2586679115459423,1.1899143293288441,1.1437192861874008,1.2606545029292786,1.182551851708744,1.3051998871880466,1.3556038259195375,1.3055461042325078,1.2943766109385646,1.2203138233621496,1.124553361733074,1.2959944888306472,1.2755394684937675,1.1515577225487041,1.1895072464579317,1.2929124996919614,1.2824743541053651,1.278796244022388,1.2010807670253412,1.3192692582647532,1.2928083449853167,1.2739925644679024,1.2403371529281955,1.2586557607184854,1.1886479356441022,1.1165975065249525,1.2340344488946577,1.1554590405993181,1.2384859202785015,1.1013355296273084,1.1783199104722113,1.1741898468236502,1.3254934110621235
1.41928733436891,1.457925087234966,1.5535726747533498,1.4205850692254556,1.1340246198637334,1.4026604138606582,1.1902399558466008,1.3772018158948696,1.0248256878346789,1.204721570851222,1.1279670647017819,1.0835692273114557,1.191076399659075,1.3487048359818605,1.3480389168433458,1.299686280108238,1.1891520777134654,1.2648353968479666,1.2581546260859744,1.1147100768521052,1.1790424742186283,1.315113496975167,1.1747292648213263,1.1989884800097252,1.150537653491826,1.2004908100749483,1.2733850863919773,1.1690850715100443,1.1709768418644175,1.2939890437429105,1.2158637046787741,1.2674888660767152,1.1878580482128374,1.156832405426856,1.1956425501390162,1.1548316530810818,1.0575775077006677,1.199218560856324,1.1890281475617641,1.3250340271740504,1.1292442223269354,1.2778208627807341
1.5488456417283345,1.3164443458307427,1.4416711163038378,1.2131180181988248,1.1757167148272034,1.2721518918050059,1.2515894209725746,1.1029854911634913,1.2366532149870009,1.360997872114328,1.1369858756507543,1.0195272852152728,1.2136829808629408,1.1611786553925538,1.288853681232095,1.1654691544263303,1.1560596308701963,1.249901841011919,1.215783588704568,1.2333888522673762,1.2931054058706006,1.1368372804949578,1.2416187757655837,1.2862731844782092,1.1909323241506473,1.216405400135824,1.1292795385431378,1.1879199799012004,1.2687674442189067,1.179526989767245,1.160134907675021,1.1861825107147959,1.1291854571772404,1.14222443381573,1.2866358803459566,1.2177318300882032,1.169305858342296,1.2635650057636039,1.1318711214900634,1.1393791207381683,1.1300530050156143,1.3881542302689895
