gfs-wave-data.json
{"header": {"parameterCategory":2,"parameterNumber":2,"dx":2.5,"dy":2.5,"nx":144,"ny":73,"la1":90.0,"la2":-90.0,"lo1":0.0,"lo2":357.5}, "data":
[rows 0 to 18 of 73, columns 42 to 83 of 144]
0.23631672840600998,0.19811258216477465,0.18710911859740256,0.13769000741151524,0.22742374473967641,0.1517889279590633,0.16330725539527405,0.061655541041604305,0.1256567324138678,0.033225706984151365,0.10389499143888489,0.11586373857077753,0.04570882162365802,0.05417555860570394,0.10621516775884261,0.011478358355534174,0.025120170123728785,0.03188169437684779,0.011940330575860783,-0.004295608376724871,-0.01632143611595852,-0.05871431835736731,-0.0738082773059017,-0.10610213570427131,-0.16638542056183792,-0.20968819424389787,-0.23693099938027828,-0.2106338326386613,-0.29357037555119475,-0.2886947333989514,-0.25980339299611016,-0.2739819777072165,-0.43798750745939974,-0.3228475781096734,-0.41012936845638764,-0.3156747320363826,-0.3021778932011535,-0.4082473792605796,-0.24790268923159656,-0.14958676782679065,-0.18973461597535882,0.007264115688768392
0.08700999545864717,0.11585378920279937,0.1316691479092361,0.12247507359692048,0.1061852579749769,0.10081874682268842,0.13922383220272228,0.10741100872900176,0.043076712793415746,0.09249308138404247,0.0961791594430689,0.12821037118873463,0.05566227470186849,0.02400706789368808,0.06424533582979915,0.017495719754295307,0.06623820110710718,0.010816990159289408,0.023996517346019892,-0.022660938482533644,-0.04541046243516441,-0.0552413360358555,-0.14402886452320454,-0.15226610328893445,-0.17123517511992925,-0.2154024874546953,-0.2837692306635045,-0.18350006944045238,-0.2194703467287296,-0.3210317567136628,-0.2879802325705296,-0.21881951137853106,-0.30561681038930777,-0.3236253064150292,-0.3680848770928942,-0.3498587242495279,-0.3108381648859334,-0.29630775316648233,-0.28436109036199003,-0.2547748852480651,-0.11789731716148737,-0.15276797284754445
0.16659951497805875,0.10216393398462888,0.16386173272776114,0.07601876037371057,0.15186192149448718,0.1437156181703362,0.22569565195558286,0.05973714016481658,0.09775327694485558,0.1285144745481953,0.04780752608333312,0.02410498601747182,0.07425277461945827,0.101191276958147,0.04480186709999423,0.02191303761639236,0.03310949917459161,0.0248291582325704,-0.00039507887732787066,-0.03273846337091025,-0.032076459451598816,-0.042120189348891036,-0.07512541369500884,-0.0920774838982019,-0.16581769575274316,-0.1758936847289859,-0.23833362356540827,-0.32314132839985443,-0.20807550826087906,-0.24508267973004583,-0.32065124735704414,-0.3418700204277008,-0.3929312149150556,-0.3696232038936546,-0.30633984379070966,-0.24218772706536146,-0.2429552835179885,-0.26640090531660904,-0.26198640081555574,-0.21875045155066822,-0.15033384845269282,-0.06673888157998979
0.19000606982180474,0.16549829392546875,0.15282174374531893,0.11961290716333264,0.1694282268140935,0.1310257686397164,0.15607310276683267,0.16925180949575913,0.14655320198966165,0.163560160297093,0.053907613699477774,0.07559516608679269,0.022144157599745508,0.02355489793680262,0.0786507342229151,0.07107674243258258,0.010719646163008151,0.018408946804462055,0.030208738343386464,-0.05443983217822622,-0.028039275490755806,-0.0696478745002615,-0.1360536907098242,-0.11098415666841484,-0.23565665515920167,-0.26219291219159235,-0.27738817391549103,-0.25395400261384704,-0.3464476623388458,-0.2832336901172891,-0.3344885837123682,-0.30542339193691814,-0.3649127814892837,-0.36848400516453667,-0.3604432203876795,-0.32787275829647067,-0.3151389049789154,-0.38305521210964477,-0.2860121785232256,-0.26669189165411833,-0.10906861092725967,-0.10648089814559758
0.1323596452882758,0.18064888103010351,0.1718488281822686,0.13852157297969955,0.13991313394564014,0.11979747001337565,0.15860170061030396,0.20285031257429498,0.19012758324377255,0.16820582289033487,0.06990328615133223,0.07528933202732595,0.12576320072607325,0.044065418344019607,0.055825630211531335,0.03427826112606027,0.03142240273776201,0.01214510144189343,0.00924632108622839,-0.002133810239767516,-0.026911735599074945,-0.053643769969502667,-0.13655182718650719,-0.09681594906882438,-0.18757689888374324,-0.155611200351498,-0.16236640306216693,-0.27351006360418645,-0.20361613513345528,-0.26638259237415074,-0.22047931670906074,-0.2792816946934106,-0.4480374058849958,-0.33337232622195295,-0.36577414059874086,-0.4473955896140982,-0.4013295352912173,-0.31959723981256244,-0.24065453706324616,-0.2818214356709005,-0.22689135568205512,-0.03500557575245386
0.12563474347190234,0.13500329286096072,0.23282704668327672,0.17345041953004303,0.22565114332393107,0.15525837895082487,0.1058583690709089,0.08437627484666986,0.17173709181216631,0.15434174510957585,0.10628158381964603,0.18768428358176795,0.07574201646881826,0.11975926427739975,0.0643657412034087,0.07003116034794145,0.034312284958213125,0.05160121038464363,0.020120902374009157,-0.009308006767404179,-0.03484030490564726,-0.04596065449065173,-0.08465682882747776,-0.16204255438084247,-0.091888488886395,-0.19554085159292459,-0.2765571242842591,-0.2337534000275763,-0.3715530429325835,-0.3766234056216747,-0.42478783632632894,-0.36306233708423313,-0.32006612989437816,-0.3038512054245572,-0.3787068975326882,-0.29917627248179823,-0.31215626607896774,-0.30974761951981916,-0.17220931937125122,-0.24446187156380578,-0.14243223519684026,-0.08783522624960503
0.14228685228705473,0.1833496562802083,0.12833318772073984,0.23597664231761817,0.21091589689851453,0.10805490062965753,0.20876958275358196,0.1809935632057468,0.10667997465454258,0.1298688772446919,0.04929467898436315,0.11494945133393361,0.1547249039097471,0.12318694520862757,0.05645306531562061,0.02697754613390519,0.01784686284797107,0.017448878306376148,0.007416794506974433,-0.01168836669392023,-0.032291707495337565,-0.052062989962808844,-0.0927798333244231,-0.08063150763704467,-0.11578605456939922,-0.2176776192823546,-0.2678234830159302,-0.2278764013074132,-0.3153222346981778,-0.24320763571202073,-0.25595955347214516,-0.41529930735444537,-0.33520758942383133,-0.38224036401860784,-0.2727559672466149,-0.3458142335795231,-0.35799409476871663,-0.26319148617595955,-0.27007169155047395,-0.20238212079639004,-0.10654690974717591,-0.029998040894394465
0.17590348105346765,0.2480290241520078,0.20285524674379687,0.28077409277045123,0.1259055403685151,0.24011938488128076,0.09451688423806123,0.2388092384766697,0.18816397281826738,0.07925558363452785,0.2011232400949655,0.0592497048002355,0.07998589812370668,0.14683462070696518,0.04047005426617261,0.03558700927652164,0.06329383955997288,0.009780200677603112,-0.041130251364533126,0.002775353598769945,-0.07087103729674973,-0.07052299553523052,-0.06890903957529773,-0.2317991367459943,-0.27275760586688674,-0.16604452480682166,-0.2681512323252124,-0.26454572686833255,-0.38535727827575683,-0.36303643028616944,-0.4101337702656522,-0.48665011385471896,-0.4277448732304837,-0.3492089350580606,-0.3492411018964322,-0.481320944374687,-0.3073744101005289,-0.24226941543074718,-0.20624477802224256,-0.1542335703244936,-0.10489417459389545,-0.12599443105643413
0.2233030676087225,0.13425489720212314,0.1398431798186654,0.19655774645510457,0.12761058401881012,0.13825353850258323,0.2614738737536589,0.22418461388428146,0.19312257790254853,0.18439121872219136,0.07322554827262776,0.1562346445857649,0.13062798928401717,0.18013605375477873,0.09218913379309432,0.02031601184806188,0.0847760155942598,0.008855260969644741,-0.004927796884465859,-0.0368382341535089,-0.10168460583468811,-0.0684504830041006,-0.10584188444675356,-0.14522169494482814,-0.19951623029251153,-0.16306949747320373,-0.23479368805050238,-0.2828914773959385,-0.40579066205881775,-0.34455323995816084,-0.3477658710998234,-0.2998892894182312,-0.44098274265631904,-0.45453576363013937,-0.3744848269099836,-0.35544597235626196,-0.30921641833196417,-0.3304896846809355,-0.37673824226511593,-0.2609518849853661,-0.1630344858156228,-0.10620075369177583
0.1555379469723453,0.19276240730304636,0.26229873288305305,0.19610675736652347,0.17998015019926636,0.16638141964525674,0.12175197052417878,0.23947211159316825,0.22780081576940442,0.17143381754035045,0.1958555403810583,0.17531940069924126,0.07026393171465889,0.13815340409885046,0.08880078483139174,0.05243591004983067,0.04446339541804917,0.002652064113545191,0.022275302523469438,-0.0019226418132266962,-0.06164240343433373,-0.12502091174404295,-0.12161333854931457,-0.09251481789963736,-0.15223864107126714,-0.23618946887341338,-0.30081567946827187,-0.285712321123119,-0.29850279071605357,-0.30845199132611784,-0.33411702547417726,-0.35987230194747777,-0.34677534073659966,-0.40722641352183814,-0.42075049287067934,-0.36277261082680967,-0.4077846051357608,-0.39036213433808337,-0.23233463981012806,-0.1857878457675237,-0.23931388989132826,0.0030991253147800556
0.18410486566887993,0.1784071997221931,0.23364352939665017,0.18715765829644826,0.24057860284811486,0.15048633585625654,0.1626687493209008,0.22920551896480448,0.19923467212541204,0.16093638763094967,0.18218600988285755,0.20910673317936465,0.11718214340240181,0.13417538916402996,0.16479363531798655,0.03949679566924697,0.05055597517353523,0.005811271810037343,-0.012270147760164066,0.00311768505762667,-0.043513202278297074,-0.09629264596812123,-0.16704580444128128,-0.19601132109186428,-0.17131363442091851,-0.19834927635714758,-0.28605176538391375,-0.26260773470564747,-0.3598127080757887,-0.40649079039504993,-0.453640706808093,-0.4582732571114358,-0.4897406207047554,-0.43628662029370124,-0.33217791827996646,-0.49097893351222466,-0.33846185247407923,-0.3463730683775544,-0.33162875425072935,-0.3068705119330191,-0.10670078242155755,0.016789263091916955
0.16890239641310126,0.24729958040890482,0.23440447686870605,0.1733821785577188,0.26507178500042583,0.12373890356289642,0.18293877293523117,0.21317601244662077,0.15946907718265493,0.18750646650988798,0.18736547205043477,0.07913073123383443,0.19350665167161527,0.14807185631389436,0.06012744512138611,0.06934820871599204,0.08588334913469106,0.02143502876805965,0.01838522432664348,-0.05093595437772687,-0.07648536937678506,-0.08425434171609812,-0.12230836993311874,-0.12056429599503445,-0.1951582552541133,-0.32703796077175706,-0.2920222712020817,-0.33289585349311707,-0.42443959209941035,-0.3564975569345049,-0.4201223288797756,-0.3920579312740087,-0.3775955397442127,-0.45987082012181796,-0.404238085723841,-0.4456709464802013,-0.41997454087847547,-0.23921994342505604,-0.24517570142928252,-0.16502110798661884,-0.24837650607723705,0.0025345607769904025
0.027011172538426335,-0.027982097714193823,-0.006954791216572115,0.016859213801899118,-0.006906783053291067,-0.02269473168683108,0.012955521969302322,0.03742206409777849,0.0028617815188512045,-0.01823455913390987,-0.01736219541403133,0.022788393233591997,0.00775168543858107,-0.02035888452024226,0.01069343601077523,-0.044807859760706024,0.02700161189748229,-0.015844127512531184,0.01218875764437428,-0.01814623929575371,-0.008141045113793544,-0.03241988295434906,-0.0012786968420730887,-0.03781977757106921,-0.0161264984165938,0.0038349923629982016,-0.029675034631619048,0.0021568091184616593,0.024254838181534705,0.0006759339376663112,0.029302596304149952,0.028239478361836063,0.018487374854018395,-0.004905797152021988,0.032887945329559264,0.024218371987338946,-0.008260817790048336,0.0043697525010230765,0.009314633779291091,0.023871221319199016,0.03318151627583612,-0.03589126466204366
0.044774685584675775,0.02856269432456457,0.005559757759376754,0.028025180846853282,0.0022742286914790933,0.007200229609451101,0.01873272440317371,-0.012601486456721555,-0.005294735271217712,0.007695301955266667,0.026598412437802452,-0.012896335116969384,0.008343480049400968,0.025815553485771164,-0.00554073866865506,-0.018422208743269042,-0.006940950191148571,-0.030386817458722647,0.015397538298309216,-0.017815922485595846,0.003983977173722589,0.030611633559784624,0.002013544179140739,-0.0269918225347546,0.022136007017943122,0.034883337873786516,0.0001370274452359545,-0.014132361702567407,0.03612443319402032,0.00160791270665191,0.01758663685359468,-0.002534116942269405,0.03161350805587102,-0.023695290817108118,-0.04427060773554576,0.024679625029918346,-0.01074278456528779,0.029308188858848325,-0.04022535966762004,-0.005313263398558116,-0.024242737826966194,-0.002552868415784117
0.016105419805098536,0.021197881413344517,0.026054616916305787,-0.007843908474108239,0.03174432348414591,-0.03820065564940113,0.007838407575777842,0.011625595548190733,0.04148620175224648,-0.015574326187442042,-0.017445234817330586,-0.017021037793866493,-0.024031658992815015,0.0023731530612006086,0.02898006678100575,-0.014773714406207911,0.02217024766453004,-0.012726157803571189,-0.006996027744833189,-0.0218018697894054,0.02794849708124829,-0.01054123453187843,-0.018074872505517987,0.003494982906991633,-0.0011234534580429295,-0.021180695688694216,-0.05131639121511547,0.00872292830064823,-0.01273136952061647,0.0017865135511478825,0.026014813012655923,-0.02336940054441842,-0.02144677601693925,-0.024004206418309738,0.039707401802602,-0.038594395925672736,0.02032024842888037,-0.003657233734810553,-0.015135749913620301,-0.023270015318297588,-0.022012595524335793,0.026595051821939872
0.005039949125099848,0.016256768447051623,-0.044156293839076974,0.0226006392010156,0.025304333688710327,0.03959067069259833,-0.005789739543099654,0.01193779478198208,0.028352336086743268,-0.010205789984442326,0.04434078368221897,0.021156520649851445,-0.023687265186494912,-0.025589122383643314,-0.002453166612266713,-0.016022461121515428,-0.02464733415316199,0.022014522610925964,-0.02974312831079107,0.005071697681514385,0.02509908171039875,-0.03246192687062296,-0.008373962882169258,0.005774177231593769,-0.01967284609284063,-0.028248736795671147,0.01848380364207268,-0.004191610021928104,0.018852523942473748,0.028196744686589063,0.03922582551882182,0.04569759425906725,-0.005675412638574965,-0.022292577281588524,-0.002273048944634082,-0.024553850459242157,0.016280439115399108,-0.0003592018060481654,0.026849358981425965,0.011080333024916051,0.02859888566202966,-0.012858086393628298
-0.006857913831606485,0.03264116788283655,-0.035420964223796314,0.03556835792255723,0.03418854249442454,-0.019546694801862736,-0.011657028836584472,0.026607013184040053,-0.045441844977154686,-0.03228325990922488,0.021550673839691028,0.0372047251404966,0.008790662581480715,-0.043102962191011285,0.031161829877833013,-0.0008098617085214074,-0.01655258280668748,0.0033282283789707466,0.036259756712081224,-0.010700969316089406,0.0364477293243795,0.008241708007536267,0.0179381059331044,-0.02945172671381857,0.007950169790897962,-0.02165135038301925,-0.005410356499153601,-0.031241527238694628,-0.02830964368681393,-0.001302840506974183,0.01201815235372247,-0.020346697155561286,-0.01779554530619434,0.024514356168859944,0.02858312510318097,-0.029809107259798254,0.025571145165099746,-0.04468010844600711,-0.0235857307844463,-0.009529190168580904,0.00548283910247043,0.0009995641733485583
0.008773189383775555,-0.035357737042370704,-0.016391289044551883,-0.03332880080741389,0.027091481678004754,0.010000082266824306,-0.01796347148704205,-0.03695514725147751,-0.01598744492273816,-0.004270261363932809,0.004288159055415951,-0.03290455496402593,0.00459356673732885,0.03877854711173739,0.002077615501441853,-0.017589032816739673,0.002325165700161873,-0.05224752885097557,-0.058566140899855436,-0.015096736241181167,-0.005535775427611245,0.028541776621002712,-0.03648720222896342,0.05364245359420957,0.011121436045758047,0.027944048363716053,-0.005301038777039358,0.008630750926715289,0.03791978472768061,0.02443413924787834,-0.007769493585901643,0.031840288415335385,-0.023770692180718842,0.038766285415402175,0.015149448758887076,0.004211285028652906,0.012331168328010443,0.04207347948734065,0.03627883987874862,0.043191589502972534,-0.01995809710376155,-0.002626078479311222
-0.01392029043290218,-0.006489641777650679,0.011357269921032193,-0.005766355929550851,-0.025982816231252755,0.016373588595690904,0.0010198615879174673,0.02292549576016782,-0.0368924056717448,-0.06050794716473743,-0.04824855047647373,0.016019312769686114,0.027673805365357244,-0.03129255557176701,-0.004490749954738785,0.0412217758304004,0.05843995398048796,-0.020468667466401417,0.034812026771116895,-0.023796805506070016,0.04452733945243647,0.041327643466749504,-0.046811728371470206,0.05971392859464324,-0.01416157154694961,0.025270663168553885,0.04148945544649519,-0.022087657467257698,-0.05228611424091245,0.026073937213526563,0.024260172599359083,-0.010709263007482909,0.02406124239784115,0.03388046310105456,-0.01693890267325615,-0.011489265505138587,0.017025058305917634,0.03534293830072352,0.01595108701483628,0.03042642512719537,-0.030138814925614262,-0.05267422948776842
