gfs-wave-data.json
{"header": {"parameterCategory":2,"parameterNumber":3,"dx":2.5,"dy":2.5,"nx":144,"ny":73,"la1":90.0,"la2":-90.0,"lo1":0.0,"lo2":357.5}, "data":
[rows 38 to 56 of 73, columns 0 to 41 of 144]
0.01953044648223168,0.27500738822039217,0.22075058511805581,0.2829171213641411,0.3883784107645493,0.6507750699256728,0.5664903814184465,0.6384628745668016,0.8079918540707134,0.8917355475588525,0.9571119281863002,1.055560147798063,0.9645050442918958,1.1552945689689738,1.0808074900519145,1.0681065290729104,0.899874162406828,0.7143860621544987,0.9553604354629839,0.7959371077425645,0.7378134793841681,0.5417479822120412,0.15770323950731427,0.14333457218170176,0.039409963601486214,-0.231193454162214,-0.1736836685723749,-0.3245908725531846,-0.6299337457181469,-0.5013584064416929,-0.7108103066887951,-0.6431229623996229,-0.7199335779463868,-0.7703363873339971,-0.7922941950625657,-0.6424042423185146,-0.8055636394644795,-0.617802852438184,-0.5507881155286722,-0.5322298162799055,-0.5294352614364298,-0.44535711884439305
0.11346835414896861,0.03867151910058814,0.17121595428068445,0.2873772385080644,0.40401894838108365,0.6431516107581015,0.8147065437656793,0.7831205425470663,0.7425656932438358,0.8569957378171158,0.9470906970115899,0.9345634323103745,0.8686148438952676,0.971699979198969,0.9352638659103433,1.1272409227311944,0.894983532103887,0.8668165828274024,0.7226236512415563,0.7851425244085221,0.5230646548410639,0.4230949922377218,0.4151075123988482,0.2145835874624473,0.16263609979973656,-0.009569221162878084,-0.18285518607667334,-0.2727020540218961,-0.450303694631501,-0.47821218944725824,-0.6994201059810456,-0.7337718895005932,-0.6852066539068672,-0.7070214921183976,-0.7162467267551973,-0.6712570558832933,-0.6944053529894441,-0.5935583288885308,-0.5298904104594577,-0.5812724272216792,-0.4905484526369085,-0.47183711288023356
-0.0027797845384973903,0.12523727055840808,0.33438764643778396,0.34972466213362463,0.4595781951252824,0.4894802244977965,0.7339521145388935,0.9234010766643036,0.7444374270683473,0.8494593227656587,0.8446863522592959,1.0158281305992807,1.0204621360233503,1.0238638557638344,0.960989612972493,0.8686420142106811,1.0190249767169233,0.9708966083978479,0.6759893240685321,0.6678259628763231,0.5166277887203845,0.5187561663917388,0.37013982639660387,0.1533838822545077,0.09938252303611346,-0.05929887710624184,-0.22969661478095146,-0.38977309743394745,-0.48654660578848596,-0.5998111572789855,-0.6695041224062852,-0.6909493124452478,-0.7031317087753266,-0.696294875053382,-0.7762667074084229,-0.6407374492825524,-0.63537135296158,-0.7427280841276725,-0.682868034689472,-0.5545759738378154,-0.46537911431552853,-0.49717274782937426
-0.06719910974569542,0.08706338104333505,0.2798192233203243,0.42587823598235913,0.48883900312853296,0.7109648006653401,0.6533750102161066,0.7369431390212233,0.7959755613348863,0.8681686189559457,0.8854920554004027,1.0761784071383358,1.0283022858359687,1.0122355032533676,1.0208492070659414,0.9910833241287725,0.8678758378025229,0.873457983868588,0.7336699395639847,0.5136314613278397,0.6975001109638325,0.3669478114197994,0.14581699925307262,-0.01827003474835525,-0.052271922308964054,-0.07210986092930237,-0.3838189314465196,-0.47861348153679395,-0.6639132529255211,-0.5648453046574424,-0.636633253065506,-0.610981963418733,-0.6900743916284156,-0.5630472470581869,-0.6604362929254207,-0.6367744796587962,-0.6991378003980713,-0.5479745446919009,-0.6066311190672015,-0.5783368032041099,-0.5146324853662806,-0.5414996104760379
-0.30534537222103963,-0.2909541591872756,-0.18690561572247835,-0.19175633462041042,-0.30661210501272185,-0.1742296002074592,-0.28326541061104,-0.1656704538393837,-0.306417845479835,-0.1585512234933445,-0.31435469395145793,-0.17446869991407993,-0.284713929948458,-0.22805453428181985,-0.1716861350565223,-0.17136870787619238,-0.1861910513447865,-0.1640288295615218,-0.26692316224132034,-0.27819557466006406,-0.15511298474267501,-0.2979956308372761,-0.2340956147164287,-0.22604765355041603,-0.2608581963707947,-0.2118648005208919,-0.17666963725625703,-0.18784480157481323,-0.3198276447280735,-0.28810972500634563,-0.2911722154840735,-0.2323506345690434,-0.17648233423922025,-0.17341943380514876,-0.3375452241884875,-0.18011665669623303,-0.2816697048439348,-0.3414195981554005,-0.16812650417804764,-0.23779557396119708,-0.1777160431891942,-0.2524210912976659
0.3571322187499404,0.538481476483286,0.6326364374840815,0.4663127720216862,0.559806768445877,0.546982744694528,0.5710771536813717,0.8226399252455475,0.6983521760017214,0.7449796111776871,0.6121584211030645,0.6546409956901804,0.6247750136466983,0.794109821148965,0.8778444199970707,0.9020328934326987,0.8250167581138467,0.7224996642506157,0.8308871372015747,0.9125204350839657,0.8145956067822308,0.9090818248490609,0.7750896961172755,0.7909659565664542,0.8120554405340815,0.8561714239049187,0.8451930902473133,0.7903834350389237,0.7726352516720665,1.0531712042223362,0.9634615846680258,0.9448389848186978,0.898607812755706,1.07368092619737,0.9389924092399787,0.9163007195289655,0.959891792453573,0.8759132293622035,0.8156269126047386,0.7556939951237879,1.0050702119800619,0.8660254932115987
0.440074993920708,0.33356533433304975,0.5605087102783229,0.6100001778116779,0.6440585418424927,0.4746889460013745,0.6668301219410709,0.49336354305472774,0.50999835222128,0.7029114230597571,0.6065377747171998,0.9080380212360449,0.7335927645446121,0.8732971682381484,0.8550352793094752,0.8288467882162242,0.7344390799606598,0.7409035814328111,0.7367281596736004,0.8655985505647653,0.863311378986065,0.7762033310490379,0.8321333929780994,0.90703183202381,0.9803482705436106,1.0027671448857758,0.8547994157009523,0.8996124448913035,0.9376271788108064,0.9540591728497745,0.8642855804385192,1.0223248000758776,0.8929321956099847,0.9294799473999823,0.7382012433398837,0.8994249028668884,0.7220031119499151,0.7988156092985716,1.0180629572071396,0.6673622266625925,0.8596861004205864,0.7953973271463128
0.3093364894712743,0.3988797345829547,0.38869152975060695,0.728021577794272,0.4629743051920075,0.5171312834643156,0.7589579751889173,0.48036697376279786,0.7658749809278921,0.4926138048248683,0.6445207152335568,0.7285197735831522,0.7023030522059731,0.9363259556188912,0.6882473794801874,0.7082380145266105,0.8199180106430415,0.8525880509466635,0.891821236159882,0.8325721542370622,0.6758712263233105,0.7970197676913517,0.7439575613289737,0.8016819244139148,0.8689124967312029,0.9066451540229262,0.8712972077468049,1.0697086707942816,0.9952103710766264,0.9856747322191364,0.8137851634790528,0.9357116490674977,0.9653520940835258,0.8889051382693248,0.8922824490710144,0.7782614737635205,0.8639775806978103,0.8391571369534112,0.6579311892261643,0.7065148401448119,0.8736002171719827,0.6992831193357049
0.508135110068949,0.43421274633694973,0.5505473834097988,0.39339673301628114,0.5543878400618918,0.5833927850935994,0.4857434947326361,0.5681879996931437,0.7104854133541672,0.715172474755566,0.8707050941887713,0.7648616906092,0.68249741654942,0.6620204215953124,0.6447206419437999,0.6898774412290937,0.7004499506328027,0.6195489501691744,0.8637972319469721,0.823951102332321,0.9400286251980632,0.890219143038758,0.8459537366926416,0.8990009375218062,0.9315645602290258,0.8860723178167943,0.725074345022158,0.8606324270345032,0.93310361631548,0.8514885440552367,0.975579137057541,0.7439957362374437,0.9699379134309578,0.8018608514833108,0.7866784611920159,1.022523122384523,0.8364302868081794,0.7737087588696439,0.7841239542082803,0.8696552195621086,0.8507004937186629,0.9386580742804841
0.3377846478546768,0.49133350789686453,0.5849210302196498,0.40360614396010236,0.47746624025917345,0.4160647495757551,0.5830072317653135,0.7482920301218227,0.676071557428475,0.6666539041823958,0.6753934735353669,0.7481467092962559,0.5525579743921015,0.8184096210420154,0.7253256185210879,0.7741506247295532,0.785744990222824,0.7544130303765281,0.6155914697165326,0.7439187485960558,0.9023318666260904,0.8861666645064382,0.782328944486977,0.9824781960859191,0.8982558071168528,1.064153668471754,0.9205254771616702,0.9584199457442595,0.8776692612343354,0.7149283551084221,0.9333932341290736,0.8132731189011242,1.043422256197731,1.011146230329928,0.6925760467382287,0.8007726826578777,0.8057415153328186,0.8326317236612736,0.8544311076748002,0.7560388716147797,0.8603641542467952,0.8572370102938924
-0.09267803554281533,-0.1307248270028362,-0.16739028389567842,-0.1091810056369454,-0.11098623969260306,-0.15339963210242163,-0.20052156299400248,-0.1536287278560162,-0.1780386689798931,-0.1104509353401077,-0.09858144703294369,-0.18419712415537995,-0.26553314699260994,-0.11313548884593834,-0.1844418642904102,-0.12262585259617982,-0.23837548384850848,-0.20254318405608354,-0.19168954453201723,-0.15037980799406891,-0.2463756924547014,-0.13320972804857775,-0.2587425215585115,-0.08300126635728745,-0.248099019057754,-0.2505611026214584,-0.1819051700861259,-0.2689068133205219,-0.24726802926891728,-0.16582929586527842,-0.07568949131091264,-0.09727883110738055,-0.0967751882935369,-0.23778828404406674,-0.26599079453625146,-0.08917307782056856,-0.1605362574347805,-0.08925043193912925,-0.1863670734463246,-0.09853112786047603,-0.07476956551226337,-0.2187726218288839
-0.16929943614001453,0.0771250381775171,-0.23343807663988006,0.018508828335486203,-0.30466832301114294,-0.5460983090813983,-0.364342544002326,-0.46048826961710343,-0.7252898981315472,-0.448539988401273,-0.7056672725020657,-0.4241141379925052,-0.576026688517234,-0.5636621017223713,-0.714751406763835,-0.8991596903752007,-0.6887430819171441,-0.7444098682385107,-0.5588502683640325,-0.5815678963999786,-0.5223788951107454,-0.6447089945233663,-0.7989893184732921,-0.44367645758817364,-0.6441429684058738,-0.5828241418194569,-0.3106342894114729,-0.22838633967613445,-0.1555544007030781,-0.42699264297275297,-0.40992819234378397,-0.3990443439268606,-0.15636256966358353,-0.21464085057078688,-0.07808181976462662,-0.12251015196387452,-0.034421597031048246,-0.016660223722419387,0.006486731682310197,0.09038170752018936,0.17815521498176232,0.0702410526022448
-0.25176266956833443,-0.3416338963945841,-0.3076692665495451,0.05164980715939736,-0.02049031865371514,-0.19626767053945138,-0.2934492339671223,-0.26915365284169357,-0.5503369460532402,-0.5209149285625267,-0.3598521151147337,-0.45946667814239034,-0.7157812156437156,-0.5131019884395229,-0.6489438815048094,-0.7164051923157567,-0.5697827451898295,-0.6987678730557152,-0.7157370113599784,-0.5524742838654769,-0.6784306409444236,-0.4588939305018646,-0.6146635852775972,-0.5132587961788764,-0.3084986944967581,-0.3318349453813467,-0.29752101510378365,-0.5241769241888831,-0.23263658375835297,-0.44658762629941506,-0.1868053632576584,-0.2943715097287724,-0.09980543134213118,0.021515646658826326,0.0718461861087661,0.0939146105445813,0.019561335514437707,-0.042903585181119704,0.04489443069603318,0.041624022931961484,0.1633316269496464,0.1642846485201819
0.08644790159838325,-0.23449772902924,0.006854216136369016,-0.19299449986025213,-0.1924087978998653,-0.3952483452191912,-0.514243882688856,-0.33023112851000436,-0.526875080619693,-0.6284783652295524,-0.6966662287158127,-0.41510194071205636,-0.6208870073042037,-0.4827113406118131,-0.6025204756579742,-0.7855838192567617,-0.7069078945115328,-0.7902051489053755,-0.46517975036727605,-0.5624648421397554,-0.6935896959364093,-0.4312639054256762,-0.4394266213614716,-0.5651785310523902,-0.5039326775352652,-0.512267819657974,-0.5834386751603773,-0.4569828767600199,-0.37011169267859284,-0.3418465220742951,-0.4215536176634813,-0.12282646375277112,-0.12259481153690638,-0.21670636273366123,-0.09831839802215651,-0.047338756946652426,-0.010118694196154514,0.06817107879341747,-0.04639166591019203,0.24442642789189184,0.27654496472935874,0.2521800523257396
-0.19265693347493343,-0.10797217102144568,-0.11797019550184638,-0.08312783780318998,-0.097954183941027,-0.10233134742624778,-0.06384763230299396,-0.11947885507309496,-0.05208835323045546,-0.16515296289411677,-0.057528693855236936,-0.2097542533171615,-0.20174838138588344,-0.20341711499793427,-0.17308230533173785,-0.06976337345372381,-0.045314601220746646,-0.11172205566036353,-0.22283676052024404,-0.11981746973543526,-0.0444396378162409,-0.1612781672707047,-0.1860998504693453,-0.2184333502298665,-0.18949213111325605,-0.15753814088616733,-0.15331440310735117,-0.055514715168494516,-0.1598190306338666,-0.13759323349310476,-0.08157335076646278,-0.20335263466775866,-0.2092249681647268,-0.08731886935058528,-0.1473354011446604,-0.17571945625363555,-0.14548171705366827,-0.20343927024002056,-0.17041660298496145,-0.04258144502187094,-0.07600194826818452,-0.16688085657978027
0.20833369393100926,-0.22922756905550346,-0.06068498310556539,-0.5217474204399604,-0.2808405255882754,-0.3518549463344797,-0.8333214287293327,-0.669165527363783,-0.48042135109740214,-0.7875703804049654,-1.1961715278868132,-0.7374338500844502,-1.1002519171007255,-1.3979271133510278,-0.9022494871049727,-0.8345833212343391,-1.0176050844503168,-1.258937832996009,-0.9256382601296843,-1.1769486393354534,-1.4404075123127194,-1.366986512661829,-1.432815274800684,-0.9160699033088608,-1.2129599817510204,-1.2121652935193314,-1.1763799114630007,-1.2961246916987914,-0.9714157241418281,-0.944626175794053,-0.2571008219911559,-1.0021317271039183,-0.8119506416435878,-0.0254440338474317,-0.1794395084555932,-0.14742459761989937,0.34906692235411135,0.5214256914595446,0.48107491721068923,0.24283607214458058,0.25761381857770127,0.18042547591441196
0.11815132809737075,-0.32505880842027207,-0.4600283488075915,-0.070605343363595,-0.5533013849296122,-0.17718150443786182,-0.8170577306380292,-0.8454420215251024,-0.5652143009467613,-0.8239044272952232,-0.9216395181582289,-0.6477379742394132,-0.9712634321581372,-0.9247908292937934,-1.3790149649173602,-0.7755002242654735,-0.9178424034861681,-1.464012257466718,-1.3768179732228205,-1.1492088089127708,-1.4126629644285813,-1.3857462434929464,-1.406662982840418,-1.390495632260079,-1.0135762912065558,-0.8669404888165654,-0.7331812226605291,-0.9567474260688467,-0.6353669241121466,-0.8297184555941295,-0.8737893351220469,-0.9497368010489446,-0.15678242445400925,-0.5596021390412392,0.20637942410661955,-0.2504947156973829,-0.046874064229935584,0.09372019692952771,0.5528717349644207,-0.051278266258825596,0.4613923353451736,0.9189459387008844
0.2503179081149226,-0.41338092431974977,-0.07234445773647166,-0.44294076708398294,-0.11488570421464356,-0.6089240303236091,-0.23124157080732463,-0.7331155871629108,-0.7129382353839158,-0.4551463151032316,-0.9278959988289596,-1.0050096703526252,-0.7133093646397373,-0.7322361921993918,-0.8245908029071032,-0.9126006486702712,-1.368828787310094,-1.1852790281930368,-1.319826218449287,-1.5096042525276925,-1.3800780995881199,-1.110858329160327,-1.2458618883607968,-1.4650909934163874,-0.9178630677384292,-0.7012610614093971,-0.9696029747344508,-0.9419861854902999,-0.89534898083548,-0.6527675810878121,-0.5671656626263055,-0.539725407541813,-0.17957373315962621,-0.2957843560596779,-0.06882030518617317,-0.22913479103493023,-0.4480091139507778,-0.27615385407982235,0.6447228521644092,0.18523863274891722,0.07303784120790195,0.30129784232770845
-0.09171018487467714,-0.3139273721693012,-0.39331461377222876,-0.17303591316468975,-0.38742126215630507,-0.7046435070004081,-0.5069245867080397,-0.5841820764338833,-0.8164881055518005,-0.4794344085338559,-0.8839506768311869,-0.9551487188190817,-0.820286664323864,-1.3205476125901832,-0.9463728939417847,-1.1760880217070844,-1.3579403010132527,-1.0026494638227406,-1.3994273903143601,-1.1477886600754812,-1.1623641193414425,-1.1277719490701625,-1.2186563529714605,-1.3002392167995893,-1.4180906836655776,-1.3755550565830115,-0.9652822866896493,-0.8768255611541342,-1.1559757682171006,-0.7704924810533887,-0.5970424205938426,-0.3696949589185788,-0.6912863324841817,-0.039045639758049595,-0.47897588806469255,-0.05219858788168702,-0.3126774886566428,0.4865700622505559,0.5382877671451144,0.8095172341794609,0.39758626160338334,0.704490210129922
