gfs-wave-data.json
{"header": {"parameterCategory":2,"parameterNumber":2,"dx":2.5,"dy":2.5,"nx":144,"ny":73,"la1":90.0,"la2":-90.0,"lo1":0.0,"lo2":357.5}, "data":
[rows 18 to 35 of 73, columns 84 to 125 of 144]
-0.06752136904832322,0.011408245646186881,0.0016100912443337706,0.031150059429666584,-0.017891835649838185,0.023916465101783795,-0.05625533119857711,0.0670642398673794,-0.058339144769779874,0.036598707511480824,-0.062211727010993825,0.0002904746181770138,0.05798755389250582,-0.02313357017261288,-0.010015114922027463,0.012319081801841792,-0.002606787209247355,0.0066258971642728605,0.019851568226332227,0.06943977649714404,-0.0213271412800774,0.001793787537271397,0.027285971326202325,-0.02151117048227413,-0.009700447145818785,-0.00013098091945677544,0.0100187547146625,-0.01912159616614024,-0.0683046310401231,-0.04484887317360239,-0.006318239572292971,0.048704107591098826,0.073062060555578,-0.049061563842681455,-0.02341546815998606,0.008278034689401666,-0.02789942173467989,1.6837186963404571,1.6112546964198113,1.6590538010772629,1.7966379275336042,1.7352542811204912
-0.02662535848197669,0.017196479759743578,-0.01880071709651759,0.014095983960966193,-0.016600908411581176,0.03755110103635753,0.04540026108757447,0.024958095306222776,0.07181488828936985,0.019629545861817612,0.010407692653123907,-0.026372722342627455,-0.009399364474330067,-0.01840850075039601,-0.03935131639320892,-0.05585601816540519,0.043358113070104884,-0.05983643887135681,0.06106427313304612,-0.020356051821925587,0.047911770772714815,0.05103986245468389,-0.06592779883535732,0.03359937770345543,-0.07018405800265513,0.06511932337881637,0.04499284224941594,0.0044128470588222085,-0.01877651942427984,-0.0036993168641866105,-0.024068479108907897,-0.015745014997241194,-0.02223772253333954,-0.05660110763213007,0.04623277043377493,0.05172509757532314,-0.04819098274988833,1.5770092858061853,1.7005273567641281,1.8137913851608511,1.6454857458282373,1.8403886689680793
0.031609186506502976,0.06493000551953382,-0.01505507487639743,0.004988596432359187,0.015254049868936194,-0.031052373380723253,0.05502450782178505,0.02700105157223783,-0.04896501184590094,-0.03253422105610801,0.04233121743954915,0.02922691763839521,0.04954844189330753,-0.006309984829113232,0.05896634484895964,0.05927365186502234,0.0005919045021149887,0.020703218004073883,0.015953375588925033,0.001514501424224969,-0.009582043184018464,-0.04599962932741198,-0.03745670050313447,0.03625392280464677,0.048817420565685096,-0.06119385189436945,-0.04210106206255891,0.02223813618687515,-0.036912381566734466,0.053799213282400435,0.007130049125911098,0.01691406195347048,0.0023803245113530077,0.03324545623169463,-0.010836589176825291,0.013210368595374446,-0.035875254117210965,-0.02105207942302766,-0.05703618406870324,-0.0735734330138759,0.01701872197785706,0.025915970717683524
1.0233336949570926,0.9826325720778734,0.9101284462470794,0.8970312598156563,0.8085479136342334,0.9813410337532156,0.8501763199949053,0.86157094398748,0.8823164004336627,0.8749749313887188,0.9327608871780173,0.9493166698796315,0.8306973078969372,0.8392514072642714,0.8602747675820582,0.9693284368219361,0.9090577621181665,0.8529736761669819,1.0140982628940258,0.9381090611130198,1.1358001185651412,1.058494087009441,1.0856288225583868,1.1330594750201863,1.1826632791928327,1.0684899267664327,1.1208278976226733,1.2568732635488316,1.1518586906502724,1.2052105137901226,1.2942574338653208,1.3255105285229531,1.2883268983074472,1.3325642902448351,1.1428613565008618,1.1737857197151693,1.3209734145804417,1.219036237072226,1.167854788655148,1.1905419230675183,1.0967562350741533,1.2811885538300525
1.097242489144253,0.9691952736684754,0.9587647999197951,0.9077832401123378,1.0213336347728332,0.8742356267122723,0.9683938983961493,0.8375674117577927,0.9114854095682552,0.8498827506375185,0.7955631048116546,0.899505080440066,0.8435704043536907,1.0060975669407044,0.8732161838605532,0.909301514705073,0.8915326449824104,0.9279572380182878,1.0051078568033427,0.9700723434486052,1.0271039130196886,1.054681487757025,1.0483178834242863,1.06477246791166,1.1707841574180031,1.155541698930538,1.118300568836014,1.1239457641149502,1.21337422499385,1.1176388939302564,1.2152417928993056,1.2716497346763358,1.2018363298811534,1.156519136592384,1.1422493432197072,1.249818582793503,1.2211312646360049,1.2115011614781095,1.267196567469485,1.3126221385977332,1.1657089538088463,1.1739206858303277
0.9761693652640979,0.9404664068572659,1.1015508590652272,0.8869181801013384,0.9580547552482187,0.9138921287999998,0.839464045473404,0.9695925035489178,0.7821441966733996,0.8717507431134851,0.882576903630021,0.9317866453938293,1.0305069955169592,0.852260002494109,0.7768518620497129,0.9537601061700764,0.84306881740247,0.9284741303668574,1.1115767857090921,1.109667983672087,1.0540073061483313,1.1380746267436075,1.117302495266176,1.0415405394672996,1.0199563728992815,1.1203623928429263,1.1475702054918029,1.1295208946652184,1.2648368184556404,1.1973067683415077,1.169467843725971,1.1458996577000264,1.3567618298315476,1.157522920173455,1.2624903902832736,1.2661397247033785,1.209806824713297,1.4086663583873902,1.3002149202915432,1.2439590234535676,1.3047150577202733,1.2813077972406592
0.03646101406358154,0.007784509378816751,0.002021906439169406,-0.03557758343942685,0.02049455428831612,0.02958511816719834,0.07555501325686022,-0.028961642701583336,0.005231567702617157,0.0327114027091243,0.05101967340491148,-0.023202876057604866,0.0793902804734653,-0.04942401499999876,-0.06101329029613329,0.037960883498743374,0.042140223061140514,-0.03798740891394195,-0.03410763091740629,0.013020106438387493,-0.015027864081232068,-0.04874294701456826,-0.03855513889886295,-0.06396817070918484,0.033290748277132534,0.06325817705589322,-0.002403996518610917,-0.0436015380626143,-0.03131988242124254,-0.03133913911018534,-0.05873926334092684,0.03619565607393971,0.07130213082080211,0.05634598029158332,-0.033953354793628626,0.01633868623155536,0.03480722198611221,0.015031279368575566,0.01646661178905163,-0.012779116319528725,-0.0034858928849097236,0.03431093548225897
-0.9416387080799253,-1.003731472022954,-1.1811429244379437,-0.9041147287749368,-0.7789633313418909,-0.9072176625932943,-0.7286262372570482,-0.8111903256224424,-0.7510849716823066,-0.738293079579036,-0.8802965082086904,-0.6663326678281668,-0.6637298553770058,-0.6547104530293095,-0.63838018770481,-0.6310106063139024,-0.75015112016514,-0.7832263579226137,-0.7411868105605462,-0.584490589622625,-0.5937273342569331,-0.5745252213021779,-0.5668458723010844,-0.666849597747052,-0.4657688470556818,-0.6677734171593156,-0.5584171697819649,-0.653354484541734,-0.6893128879259529,-0.7136324789257299,-0.6202253835802699,-0.6106695438771075,-0.45662761987559636,-0.605280185682127,-0.5627893486852952,-0.6355769119675259,-0.7638804944702141,-0.6433991286088724,-0.7019538878597794,-0.6249813959768354,-0.6794899798910293,-0.6385772115735593
-0.8915965674687514,-0.8994513063893146,-1.0353210893376783,-1.1556346716327768,-0.9742966912470125,-0.803391874003363,-0.9554739985833108,-0.8045809428603193,-0.7134223119776508,-0.7260714374961338,-0.8019600394178503,-0.7476160685254599,-0.7821861624320516,-0.8165000630836157,-0.819938874973217,-0.7605370625336847,-0.7205211772396966,-0.7458018220065197,-0.5145294056745339,-0.5709063402202852,-0.5592077512699118,-0.7251475505265182,-0.6668360307789096,-0.5367025679226489,-0.7463749466509383,-0.6434360800250276,-0.6089711032436952,-0.7222746397791602,-0.5295184891285891,-0.4871914492352301,-0.5375254942293916,-0.5930181602883443,-0.7120907684766367,-0.5082717619194685,-0.5355925155025901,-0.5374512131086776,-0.5674913089004016,-0.6613968687121248,-0.5038625439811837,-0.6835908518043489,-0.72461682948405,-0.6736972103469088
-0.98210406551261,-1.1216716882302602,-0.997904831503099,-1.0559362770369727,-0.9483748935956999,-0.722845003775239,-0.8909661693789078,-1.001562979688955,-0.8248382219013135,-0.8156517899150763,-0.7763943872355756,-0.6827344024128599,-0.8376580302244988,-0.66181976994378,-0.6716218097574512,-0.6866690105353184,-0.8975482146549767,-0.5424829033226134,-0.6274970555286511,-0.7628117818893206,-0.7027368793407003,-0.7913913831628386,-0.6580552792597483,-0.5540352726040411,-0.7791366436163806,-0.5893845627560603,-0.6245130956854801,-0.48630213563935226,-0.645096263114596,-0.5653387699702586,-0.6799274317223395,-0.745567570756574,-0.5004361674931261,-0.5347155034757899,-0.5130892436479608,-0.5356456141343313,-0.5323152397097052,-0.4685314156047265,-0.7109187248690699,-0.6196138117436917,-0.6459267964636101,-0.7212935786843672
-1.088614082849593,-0.7868012737894979,-1.0582922588941923,-1.0244347179563542,-1.0279606267852743,-0.8447853735165015,-0.9146645876730332,-0.8710925100659503,-1.0497744828348963,-0.8784491511050008,-0.6885532484492738,-0.7591120735316862,-0.7651667886417671,-0.8306388665969902,-0.7611518820131629,-0.6212105835305926,-0.6830238215060039,-0.7988095216071336,-0.6424551774870375,-0.6812705282083095,-0.5279342755144646,-0.5980610790009956,-0.5890603816349619,-0.7897569675136256,-0.5633700955012482,-0.5787838648530612,-0.6384759230768781,-0.6078470572532033,-0.5237051643585531,-0.5708657418204576,-0.5877056036696966,-0.6071093313895892,-0.5790254017092741,-0.5402586118094266,-0.6145346771567431,-0.469296668715668,-0.5725958706300803,-0.5146074755001175,-0.660068206792636,-0.48116567944822436,-0.5853787303546406,-0.5801634736529083
-0.9294460070810912,-0.894203266911786,-0.956631083775988,-0.8452403384948733,-0.910270958550773,-0.9286594373934325,-0.8396622430981053,-0.8330085304161432,-0.7684483242700694,-0.8220548408893953,-0.8944764863262298,-0.7290971319931538,-0.7322080420254953,-0.7597902581833479,-0.692094466509069,-0.7681106599342983,-0.6862691081955092,-0.6766156370761949,-0.7212420186399132,-0.5953793617058809,-0.6516189045581489,-0.526532108940977,-0.7808916846912032,-0.530190471068626,-0.6214617158285067,-0.5062532275304854,-0.544423231148851,-0.541514939883222,-0.6240973207824089,-0.5549955246793027,-0.5654527640470066,-0.6416025137788061,-0.6067617099278523,-0.49584943351140787,-0.62165157168967,-0.5952061970104876,-0.5989379381876608,-0.5614943828453938,-0.5832773556291074,-0.7013272272835528,-0.7785990800449832,-0.5590463642798748
-0.0017591093041495573,-0.04248241863130826,-0.04729916367772382,0.03039813406650166,0.050696371893804305,0.026418150582593624,-0.019931443074661784,0.008474601219270468,0.05668178166351913,0.05743224928552345,-0.008569385202552312,-0.01034482027493728,0.035560651369399995,-0.05974355749565189,0.020532211812469208,-0.0011297575436690047,0.03910395421022779,0.009404207241717585,0.05525203397169821,-0.033727371116988376,0.028474347169144893,0.039384908383428986,-0.06970473836125689,-0.024329056274222886,-0.03649935004328302,0.04069691328364429,0.03299534962013714,-0.046653905395641716,-0.019395697151258693,-0.014469201909533793,-0.02469641709398884,0.0170749073767543,0.03973390375963655,0.04397231688679212,0.034242146096026826,-0.0344615488660289,-0.058073612343127225,0.001462971413307553,-0.04196954325797843,0.046252724989802874,-0.0020633168809091216,0.017530719292394425
-0.6342803607222025,-0.7280831789562747,-0.6666756951561627,-0.8013451102454366,-0.6518478941272184,-0.9343146503439689,-0.999616423402933,-1.1014620643990882,-0.9732499716487136,-1.2728512639561482,-1.173812595322221,-1.1792153980431967,-1.1153787060163765,-1.1215387763202167,-1.0014121968463883,-1.182015650788454,-0.9141021592028558,-0.9746595024941251,-0.7326248680730235,-0.7750799611682917,-0.6776885674538266,-0.6712348814275028,-0.4176662021773186,-0.46302802590407893,-0.31429783153611335,-0.3734688608679758,-0.3911260089723941,-0.3665419788913609,-0.36948262614277005,-0.5981575217125056,-0.510774647753455,-0.4709275043704467,-0.5223587333460432,-0.5945952228824459,-0.4746456219113574,-0.6344918170185351,-0.42627316775948504,-0.4631915884985629,-0.5441861005178866,-0.4404289162663472,-0.45788946845013045,-0.3511060231200356
-0.5436560467577666,-0.5679223814239743,-0.6288512754307856,-0.8605158529019655,-0.8172917185448225,-0.9127883784338849,-0.8830604745041555,-1.17311746775118,-1.0261812670894745,-1.0745960839935582,-1.2536797446813401,-1.1488402147028396,-1.1353592069445302,-1.1747272499634462,-1.0563208001688964,-1.0848948437424082,-0.9344748320685631,-0.9161366227037264,-0.8846630081273696,-0.7700131061227643,-0.6575054018644626,-0.5064243618508356,-0.36030823919816823,-0.4546100328792743,-0.5468285424307263,-0.5035279209467037,-0.48321346423364325,-0.48233527747954574,-0.3490015619677229,-0.4539544621217619,-0.5956210899322872,-0.4879447498881176,-0.49268090835694384,-0.4848818964889162,-0.5438685651040611,-0.5381070925904221,-0.4218794351552842,-0.5013919152348416,-0.3576715318956678,-0.4142738139362924,-0.35488968990063313,-0.28100076623615594
-0.5645166062859431,-0.5830344347411546,-0.7328448522521657,-0.5108181613486871,-0.8392857939529057,-0.7247197183029265,-1.0456028813239067,-1.0443453091287072,-1.1867731079692543,-1.129761600264825,-1.2331003036441024,-1.1997004374402025,-1.16101662425727,-1.1849454149242797,-0.9971647712231902,-1.0243838964154146,-0.9861073190908344,-0.9455295537037259,-0.8985708212318968,-0.7689216079838687,-0.6425267758603019,-0.5889091611106261,-0.3362916423127741,-0.41996492697190535,-0.33170452394480077,-0.3342616950993742,-0.5367181491746853,-0.39392379000393124,-0.3562923224335372,-0.45578587525703257,-0.48402122409119924,-0.5075464783603227,-0.5450056374458128,-0.43638705842446124,-0.5241293165769975,-0.4402674008470498,-0.4524933074647917,-0.47175237855248214,-0.40215415579128966,-0.46975149955361006,-0.48757585291125943,-0.3810001228178661
-0.6180108059869731,-0.587076199488391,-0.7074992356687206,-0.6672165590025722,-0.687197167675545,-0.9229367601470048,-0.8785326464828346,-1.092061573356168,-0.9984752542252486,-1.179900224759253,-1.1921538585854095,-1.232424182629371,-1.1564554846331785,-1.1165710920127019,-1.0497240093662337,-1.087590006186096,-1.0104588031919386,-0.7093221053487624,-0.8050937953479536,-0.7485093407045543,-0.4797432690822595,-0.5358917339975205,-0.4391789330204569,-0.49542878094195314,-0.40158729056749115,-0.2760750114877246,-0.3176883066968857,-0.31185222080980185,-0.5277951220950162,-0.4599273425592458,-0.4809905169835358,-0.5245488158730055,-0.3992473852546045,-0.5063173896352894,-0.5475569738159417,-0.5214121198152413,-0.45877714704966954,-0.5509367640742275,-0.40740669364385734,-0.3365370509606422,-0.3246361852969424,-0.2858952899439091
-0.44180968719180064,-0.4564585138325462,-0.4744917886958342,-0.6134974313784026,-0.7871715376271783,-0.9180369261216742,-0.8727867899465419,-1.1098839660563575,-1.1370922087346755,-1.1814135831878185,-1.1176386348395893,-1.2380837678645413,-1.1769109715388524,-1.0724539446064665,-1.1494649808860704,-1.1057834472230903,-0.922573052884404,-0.7657100110798548,-0.6737449723235135,-0.8164524671011373,-0.7187033690457807,-0.5415131084018122,-0.49530492249427144,-0.4835774400420837,-0.45953858678561493,-0.35786979657994544,-0.39423834717124545,-0.45691589440610575,-0.48019704054794765,-0.36859494315877767,-0.5203541834270258,-0.47718095672343164,-0.5959814913755682,-0.5460094133070733,-0.4649367678777817,-0.49231221493751526,-0.4919267863532933,-0.38289825437439684,-0.38938458373082363,-0.349698300004081,-0.3804088766576462,-0.32900091812709065
