gfs-wave-data.json
{"header": {"parameterCategory":2,"parameterNumber":2,"dx":2.5,"dy":2.5,"nx":144,"ny":73,"la1":90.0,"la2":-90.0,"lo1":0.0,"lo2":357.5}, "data":
[rows 36 to 53 of 73, columns 42 to 83 of 144]
-0.44160862731244477,-0.5462024932524739,-0.588863844207805,-0.4778831265595645,-0.5909309563791302,-0.5493946579595786,-0.568187324772256,-0.37672309775750085,-0.39820468689158023,-0.362467248745571,-0.350632931137164,-0.41251329957933397,-0.25107535302108736,-0.3519292055807713,-0.21392556599291315,-0.2505895533209822,-0.2685225585830273,-0.24802866405443968,-0.32108434344977715,-0.3015956103325099,-0.2286032086061289,-0.2340026397032485,-0.35911571699033307,-0.47964039614971976,-0.46863227670531565,-0.5535464325779774,-0.5468645427300867,-0.7597078244043396,-0.7885145300922567,-0.7171548478336758,-0.8360292763619662,-0.7837994012899641,-0.7907234862665913,-0.8474349231061271,-0.7668742406662002,-0.7772211707118555,-0.774955034074719,-0.6825644060604664,-0.6500621336383623,-0.6456149869646542,-0.46969486081218415,-0.6736793884580483
-0.3875137218670109,-0.4522655171528706,-0.5420365813415697,-0.5674124685620525,-0.4246100770058492,-0.5180822648607175,-0.4838064110958482,-0.42191526968043574,-0.45210978374317273,-0.3517961328829531,-0.36541281648882334,-0.2430149559454348,-0.24658273343190074,-0.2831801414199292,-0.25468382405907813,-0.2455064941465846,-0.1585944941321245,-0.23336780080716218,-0.1953751533006215,-0.2967245457567872,-0.34214400587958804,-0.2663522641114157,-0.3106674502281651,-0.29212096338093557,-0.3746682976391209,-0.6045539527906804,-0.6320260144937009,-0.7724482139710793,-0.7673889313097617,-0.8159410146324693,-0.7442273942780581,-0.7907625384961776,-0.8657930525417001,-0.9486888184986646,-0.719187665204682,-0.8810920287726102,-0.8219037507695784,-0.6925393705482432,-0.6689777196741722,-0.5051824392070128,-0.6108623989314289,-0.5531241699724118
-0.45533894892830235,-0.5034787910006635,-0.5037936019105178,-0.5517130394224554,-0.46437424746353334,-0.49334333753624776,-0.38092044987249907,-0.3818514033243278,-0.45224617339875717,-0.3811146776052601,-0.3987133170119165,-0.3534946412406466,-0.2530050104587078,-0.19154094809760014,-0.2902448329299584,-0.2716607908472702,-0.21804879258004528,-0.2318848238570451,-0.2403244098355455,-0.2609263817610817,-0.23638262834051846,-0.3573389119873276,-0.47127842271633946,-0.34517702789424193,-0.438879270458283,-0.5122803456205438,-0.5280062358451006,-0.5577948734039863,-0.7504542709924956,-0.7038031413499407,-0.7403169107135451,-0.741584410473878,-0.7751504081279992,-0.9018594609039262,-0.8482768604014737,-0.7258280472300154,-0.7436716151636352,-0.6989481491183965,-0.6988559491163269,-0.6202110879904097,-0.5833802129642588,-0.6327830738103065
-0.5295288887103982,-0.4380080333987798,-0.4695639933833479,-0.5648401967441716,-0.4012625172328145,-0.5059051285067709,-0.46321476109569126,-0.43638919799140424,-0.4560123668210276,-0.39116734578304424,-0.38415980186356014,-0.3288679985743818,-0.2358267701949835,-0.28853339268762823,-0.2591581100037032,-0.2468582240849848,-0.2542619813822819,-0.1846052412423151,-0.20611075065022483,-0.19527657077246807,-0.31168750836541326,-0.3251586152272999,-0.3073376492964412,-0.41763807865643715,-0.39655051845709466,-0.42419637455043135,-0.5475485344763672,-0.6025615636811098,-0.7572536488805968,-0.8476330948866422,-0.8784829587657126,-0.8921726855953485,-0.904421471030842,-0.7759577384156902,-0.8206967222787523,-0.843684823516238,-0.7218609069248392,-0.6270168357412331,-0.7110649148479098,-0.5226640320106842,-0.4510826986899994,-0.6597770671003567
-0.47314943805190995,-0.4090827578932762,-0.5184156304850093,-0.34472349576076394,-0.4526394900659479,-0.5108472629127437,-0.4537111112988921,-0.370036311751334,-0.32837643452881654,-0.3459651852409625,-0.23461654222415945,-0.33609221235393544,-0.25492001523079133,-0.24715654403489562,-0.24371182269525188,-0.21318272558122114,-0.20277308488206516,-0.21874976903786084,-0.23302216939439022,-0.26730877880358994,-0.2485989339847029,-0.272996652320596,-0.37897160926071305,-0.28148208836796573,-0.35228535059813376,-0.5202920462360162,-0.5633045933556642,-0.5812728834445708,-0.5993717396010645,-0.7868936865596187,-0.7818285881936171,-0.7692273241291409,-0.8147355065690235,-0.9101743056004207,-0.6839375011396038,-0.777143212397558,-0.6957601502835916,-0.7093341343263542,-0.4667817140643271,-0.5737715917397549,-0.4496554401255822,-0.5925119600992471
-0.3053030787377847,-0.4966461353664839,-0.4904581171674796,-0.4119618414276488,-0.38070036678808133,-0.48328561580356266,-0.33082232113386684,-0.29562927585210946,-0.4458985045014194,-0.3818673651687249,-0.2497668285019691,-0.295490321464353,-0.28590282837687314,-0.2089750331023432,-0.2233081736279717,-0.21585082915535797,-0.18489628494577343,-0.2283533160008446,-0.24659115965652764,-0.2320848796054606,-0.32306546439926975,-0.2757042949744038,-0.3822314522467822,-0.35651978350724006,-0.4142301234332771,-0.45110542130511105,-0.5467057046629217,-0.6083766949065303,-0.7272821610871483,-0.6816400996934829,-0.7524521806469837,-0.8476177298526357,-0.8404878551811918,-0.7577439157580961,-0.7855804821145953,-0.7621121759661184,-0.7345075038064679,-0.7404205255724625,-0.5246393582219485,-0.7017064030836065,-0.44004468358544085,-0.5593073766054696
0.017801661176955596,0.02670517590150065,0.02227374139505942,-0.01814863452002248,0.012728750875478659,0.025881973644602905,-0.006215622080246265,0.019632173264480326,0.004000078193330224,0.039569143275286954,-0.008031682630015307,-0.01266714005471929,0.04216258175767263,0.01815079772201915,0.027506959210132947,0.006299663684405988,-0.026480799171540406,0.040869281778139796,-0.02216976712822776,-0.021740581838121494,0.007903608865354886,0.003076965828943451,0.005931622873472096,-0.008554674693362664,-0.0012666273314497255,-0.010280794138423963,-0.024034139391817557,0.014150846072329748,0.045329714000481115,-0.028056778303490074,0.019274288114162864,0.02409814068303932,0.0008407974393818318,0.045832610478764114,0.038987075025821084,-0.00535370702941648,0.027594866531444894,-0.030949231756307358,0.005806833685336803,0.03044077119930132,0.019646119321713482,-0.02031196200778591
-0.5526093640204528,-0.7766099750716421,-0.8361061379142716,-0.7727030430363484,-0.7977742634014061,-0.8111727227340468,-0.6853764057599161,-0.5516409929271211,-0.654402159533104,-0.6694226836198856,-0.5591727446926046,-0.7261775016084412,-0.6035962164205624,-0.6741282876678778,-0.6960356659789145,-0.6513593547784701,-0.7466238755061709,-0.7589404280501758,-0.5423749793771143,-0.5905614193432224,-0.515663448870014,-0.6476613800307783,-0.6316084936661757,-0.6184329030173276,-0.5052631061235476,-0.6719511386883282,-0.6023084753962185,-0.6910146739965402,-0.6558429503592857,-0.6395065978626732,-0.6611528958521339,-1.084698364755185,-1.068903864665679,-1.1286961588114763,-1.126192541103061,-1.0898323860889925,-1.0332625498843537,-1.108103314052278,-1.1324228214508452,-1.0733522736513545,-1.0509656593234489,-1.1604849452245418
-0.7300951383334562,-0.5921469945229685,-0.6628575835908921,-0.7160495026628586,-0.5623476969209966,-0.630706454301751,-0.6074874678419944,-0.6343057849213036,-0.6579222923022092,-0.6379846852639809,-0.6316633227957635,-0.6536429341290586,-0.5496176769320917,-0.7198356946454594,-0.5935840825068543,-0.5993196595422549,-0.5953745797618535,-0.5321528017522607,-0.5079515814879677,-0.5823698973193389,-0.6035979144479456,-0.6761078776683365,-0.679718547384149,-0.6723934040647533,-0.5002402241815447,-0.6368398141541379,-0.6429181661432063,-0.7041858416566823,-0.6779313684416777,-0.7123685788160373,-0.5502650716809057,-1.092255545635001,-1.082636608867899,-1.1481491463366982,-1.0253619573776942,-1.000250504410835,-1.0726360271452986,-0.960087251030112,-1.2276191915965615,-1.1924770070703545,-1.086117118175703,-1.0617172299432758
-0.724517606369507,-0.7006301311516399,-0.8376177046706361,-0.5546695410945977,-0.6754519648421515,-0.5574141577714283,-0.5709765709575426,-0.6759498827233372,-0.572657351750308,-0.5356665942816942,-0.6783433757008347,-0.5153915949373548,-0.7242304278751703,-0.5544403391870031,-0.5634395101132801,-0.5649157348722957,-0.6582470895812734,-0.7067749467859137,-0.6197357905068831,-0.6903233098867609,-0.618318118496867,-0.5708371554887296,-0.5999936204774501,-0.6386767475590828,-0.7177326002435352,-0.6409826423194332,-0.6525211524741475,-0.6341614605543059,-0.6153499574444369,-0.5935841105977941,-0.7177037779821288,-1.080370164535285,-1.1030828412961302,-1.0305632414162518,-1.1462961622433998,-1.0643129063752057,-1.062012712907206,-1.088796520120798,-1.0520968974967702,-0.9953844855588923,-1.1408928311344662,-0.9953749739073215
-0.7154203253940037,-0.6874914693467098,-0.6726558729709149,-0.7283146237176442,-0.650970594654815,-0.6115520789885877,-0.6316136551416635,-0.6740931666374221,-0.72498910563105,-0.6168968439716515,-0.6392749521107377,-0.5991996766045106,-0.610872680313282,-0.5085845576253484,-0.51945710943527,-0.48230340658068305,-0.6392232338887625,-0.5218089821450793,-0.6804106937457328,-0.6227760140168891,-0.6932930060514225,-0.5341055527287005,-0.6745663170805242,-0.548485750350755,-0.6279021036806899,-0.5315660148824397,-0.6376303160459166,-0.6781524831290655,-0.5449045255531633,-0.6311585063096431,-0.6767105432887491,-1.0630605522955232,-1.011930712256722,-0.9376329970759338,-1.048992007802745,-1.0805426845138266,-1.0813176724772102,-1.1663289928958713,-1.057387162307417,-1.0274472558070906,-1.015924110213904,-1.1142489671200249
-0.700950986932123,-0.5114405832173866,-0.4930521675440697,-0.7789357836218161,-0.5501231803441348,-0.6580879849162654,-0.581597460449791,-0.7503228417982203,-0.6384772244090926,-0.6852593041049166,-0.6052109915006871,-0.5540252511399016,-0.6416986004128887,-0.6588235019987848,-0.5434275760766838,-0.5371100125323331,-0.5074331351733274,-0.43259302783075615,-0.5769646945244016,-0.626701349767056,-0.5053278421345762,-0.6843097921656572,-0.6347092313876944,-0.6802576390848886,-0.46424284446860276,-0.5007664494934863,-0.5203298774002887,-0.555546018664967,-0.6065967332516206,-0.6742442165865362,-0.6092171443336835,-1.0139864616316694,-0.9410089709407137,-0.9414800410625349,-1.0695486258345985,-1.003156953157769,-1.09357159267364,-1.0183099022970084,-1.0521004795364421,-0.9928718917301549,-1.0102581302964078,-0.9625545613721792
0.018965409366475398,0.013403132718217494,-0.011631997484422884,0.020889580506870457,0.029036604924389104,0.009398361080651145,-0.0021517379543492922,-0.022815272373703968,-0.005272210971281697,-0.003132611449446455,-0.019602063346284518,0.03402717635699699,-0.0053258464276719816,0.018257695504671018,-0.016244426310279874,-0.02052383733522992,-0.022647983446184343,-0.014452061680532995,0.02215291046314961,0.0032543470520035008,-0.027038309775113113,-0.008542298056767305,-0.04103083130966432,-0.023451416747466574,-0.03499339798111051,0.02877420925288295,-0.028858772543233862,0.000714558867629687,-0.009859694002200763,-0.021501093784170082,-0.044740976552476386,-0.003874438149269849,0.037173803568549484,0.0033040445022370266,-0.010655329998227282,0.0064320485541549816,0.014344381857410833,-0.013318859167564376,-0.009118997738247734,-0.005686066479258751,-0.00830853272913046,-0.0008710891784294671
0.7971916060978064,0.6758905833861342,0.8474578059280548,0.6402036824104739,0.7527099363382366,0.6194192945056368,0.6266640129091183,0.5985053509177676,0.6836532806142022,0.699537573362546,0.5961167772859227,0.7003335414083132,0.5925109984250236,0.6810590885211427,0.647495041439146,0.7329840266904384,0.7360361774384826,0.8279250367713946,0.8089820755520092,0.8463362639126323,0.8435220004768013,0.8535067539288985,0.9621099434328471,0.9998471087146545,0.9243939784734571,0.9489168093246236,1.0068660264521125,1.100107980475575,1.0612011878572458,1.212326030976452,1.0508415383469563,1.1205116523381313,1.071370998023875,1.1277144452142636,1.115087979323129,0.9977018358662539,0.8903034919484007,0.952166601709706,0.9280112533967698,0.8555630925376658,0.7777335626387913,0.8513381315838243
0.6926622737273286,0.803172741141338,0.6321168402264449,0.6873293072921871,0.6474710081706151,0.7337704920515177,0.6556252920035592,0.7514726736170109,0.6755910207539217,0.6608875884523627,0.6748903076385324,0.735981834827246,0.6852021973616375,0.755065244561047,0.6345481134905846,0.7478203695752246,0.6189602367392071,0.6929961029231729,0.8319276520069842,0.8361951199956046,0.8690777515179674,0.8586686753937659,0.990827468634681,0.8398069539256423,0.9516297404277866,0.9150407529322541,1.0803635601143997,0.9971514640623718,1.0727801921074567,1.0764799505249483,1.2499033061783273,1.0310792198379761,1.180968266462079,0.9653516901542325,0.9582202619613804,0.9103421953295692,0.99510544659869,0.9026782468449762,0.9635568525551205,0.9624810492828658,0.8345592677117725,0.8139937610625558
0.8130746840132187,0.7117875112638139,0.6697986318187542,0.6779454098602034,0.6418815495804396,0.7929864225949376,0.7720647870144118,0.596947068651868,0.5868912751643194,0.7253555757781195,0.5993617815247411,0.7435845370609017,0.563649325044603,0.6716488798775055,0.6606529807570453,0.6910593943188762,0.8211748375511966,0.6816140131035888,0.8075681537628893,0.8051012800110116,0.8705755090016447,0.8566856606887006,0.9232190765548823,0.9763886440243639,1.0196196964872661,1.0038222503653267,1.0395875752167998,0.95713756690844,1.1048244401065586,1.1357949087824009,1.2136387300764702,1.0702596239721476,1.0412634493211608,0.9794519922786911,1.0465645561989856,1.0598383788274692,0.9905755368656893,0.8773024608923273,0.8232914405496566,0.8277998208631869,0.8132059233353437,0.7670837518204231
-0.003119229602268716,0.01756874838840315,0.008510460733644122,-0.006831432280222215,0.00739314875813834,0.004940191735833028,0.007528654022427344,-0.024928645054434234,0.02182560960475997,0.013271868637291196,-0.007078865211361606,0.03474685338153661,-0.0013352691611520189,0.0019601134391060105,0.01573222938269759,0.016692589703048873,0.016996108659334753,0.0048074994782377764,-0.008068503249253855,0.008731957307928188,0.007265814828579233,-0.029179724437878134,-0.022286573506239332,0.0010257367724096026,0.0073245684733607526,0.017326172383103813,0.00950746092037284,-0.013737493121307152,-0.007525844598895481,-0.018399623207197523,0.0007266548087026294,-0.00016563640182290943,0.0003316789497146617,-0.024098382376699364,-0.021491187264560643,0.010092580837924223,0.01907518347997006,0.022078630012802778,0.0044516964088682385,-0.006422002427624774,0.025652110039779973,0.02356660078565693
2.3263506573834456,2.508377458201202,2.282450490077706,2.4251902447288893,2.4428724882228843,2.228136042891723,2.3007067978023428,2.193964230380582,2.11922937737245,2.375663924557956,2.219030887061214,2.041416651834966,2.177693204834477,2.192433385805213,2.0823441633263733,2.0689052282924836,1.8421803889974775,2.1434096378096834,2.1089855126446118,1.8384150376802726,2.1682359947894905,1.9665441538742043,2.182905945616998,1.9409073957104481,2.0603579029353374,1.9314486949663277,1.977884245929807,2.039363339531549,1.9626079531031748,1.9021511474563735,1.9281814896633698,1.8779710682534654,1.7146633100801245,1.8064297287048594,1.7419042179910638,1.6363799445115563,1.5555294952262024,1.6843351465266043,1.5519129731464123,1.560480400608705,1.3102135009738733,1.4237623825106582
