gfs-wave-data.json
{"header": {"parameterCategory":2,"parameterNumber":2,"dx":2.5,"dy":2.5,"nx":144,"ny":73,"la1":90.0,"la2":-90.0,"lo1":0.0,"lo2":357.5}, "data":
[rows 0 to 18 of 73, columns 84 to 125 of 144]
0.1174695207282227,0.0885553012884044,0.25626233092768846,0.2627837900484255,0.3530034408296314,0.580910230830995,0.47960348775712425,0.565987545146454,0.5748401623092644,0.7285716262646846,0.7535160892909814,0.7191415122053693,0.7326123019577976,0.7457214872935315,0.5274577767565474,0.5963718440535098,0.523820033765992,0.47968222774238656,0.47969148860803623,0.5034250221534032,0.23169839556994495,0.2768761384974309,0.16814342754735434,-0.007181134722218319,-0.008227398798868472,-0.039679931176581536,-0.22395374930975454,-0.22728639486314303,-0.1713588979920919,-0.25534776240330737,-0.32832455713018177,-0.21856734899019303,-0.29470071268656944,-0.34790320551393444,-0.19125423074924325,-0.2660985885168881,-0.2120897733994189,-0.22018342990845408,-0.2976764558381907,-0.2864521478079861,-0.2891824048386061,-0.2627149981960931
0.05361933522236754,0.09860707427603382,0.2539352490863283,0.15817884240208313,0.3646942876554765,0.4640758848771225,0.5337167455379019,0.5604826701197188,0.5487177485594419,0.7089573244223982,0.6201222746752197,0.69870486303602,0.7161241797989017,0.61792547142223,0.6438602452704755,0.6048013143198356,0.5829013706280121,0.4674261441504884,0.4734295437425746,0.26725527956295925,0.3100326408848886,0.24844831826259864,0.19933277909002578,0.06338525218078647,-0.036129486684900874,-0.14999429797264985,-0.08535768097893956,-0.21005933035371685,-0.24225191064811383,-0.31285533274906796,-0.24204747640116578,-0.22833442932599426,-0.3460500550743788,-0.3278280324790782,-0.30931049696026375,-0.2538277764185067,-0.2799962758537102,-0.3028278347880091,-0.17666722620571126,-0.16316904502470103,-0.1286183936951769,-0.25031436989292094
0.03954481916288912,0.17520593377485927,0.31237213815868753,0.1939075818796198,0.4560441800924089,0.3974877185270567,0.4746033067793639,0.48552157451335415,0.5082825563594408,0.6696450000808946,0.5465282960366388,0.6034350512027119,0.6541865432368643,0.599779024063399,0.5308179470902078,0.6181609312517565,0.5484133441405107,0.4729261873906861,0.434983822034073,0.39421186796299756,0.2672919144002619,0.11664188192833022,0.09562593263582198,-0.0010718808583680577,-0.07063032937693013,0.004795526777936324,-0.10545076591703625,-0.1996408934655374,-0.21271871581760987,-0.2738206384957094,-0.32666909494739826,-0.2991797538041415,-0.26978853779618556,-0.24689631804064155,-0.23244493836908317,-0.3527093022015576,-0.31333651792841666,-0.17665983873405433,-0.2523510957819713,-0.17750196454690262,-0.1991445004753636,-0.2568990026757033
-0.08748854264436855,0.23199718563123228,0.3367801255151211,0.1816156365535153,0.3292641566172207,0.47838811450340063,0.48582084029569284,0.4796400264596326,0.5675341773263524,0.5809064714679916,0.6299844979644796,0.5208134151755751,0.5494922722764062,0.5176670884992779,0.5611858854313663,0.5108546484933397,0.47836905524180395,0.45399518144459927,0.5318792554022541,0.31257787572254353,0.23655499359719845,0.21707982431501083,0.13601807157494444,0.09797191930426397,0.015776600473337534,0.0036244218629659076,-0.14886474378185124,-0.15058392485075092,-0.294219659749248,-0.20307102954734588,-0.28475426050268243,-0.3108608946216312,-0.18383686474706246,-0.3018036022387418,-0.28473411255072123,-0.2576681144006811,-0.22336273446064261,-0.21045375150256088,-0.1765917936819338,-0.24786768049551552,-0.13000011308033055,-0.1593494225215428
0.0868674139435664,0.1235693286365915,0.187362507364099,0.30620675097769656,0.2727883196345261,0.47224496471443056,0.5246651253834853,0.5000991739053133,0.4513591560439684,0.6900024791565004,0.5566253344306022,0.5297865009985494,0.5825697636456113,0.6308639019771882,0.5085745276592143,0.5400135846882976,0.452153411780466,0.4598184816318495,0.29101589611025885,0.2710757131156196,0.18713122745452845,0.1778667335849784,0.10358434740954629,0.055147108620884705,-0.04217637665205573,-0.006077801045630893,-0.08018008279735953,-0.22345924711701534,-0.1659770075646264,-0.18360656631951466,-0.25273247641124374,-0.1684923778342289,-0.2712836907408238,-0.27666222925535905,-0.22391040740302723,-0.21496847887549075,-0.22644906990693237,-0.18016769708353264,-0.2485306332364956,-0.23661114613927528,-0.2351177683192498,-0.14596353021017147
-0.021262591131630836,0.004258190439698553,0.2573232139653831,0.2277301595061024,0.5086242814709255,0.4375064854593994,0.48610432663531283,0.6401129597788763,0.5963120903102753,0.5810359650869344,0.4742248564948475,0.7165820442072943,0.5732158051483278,0.6946021383006127,0.6125012945589037,0.49318396124252695,0.5387512880690678,0.43457152472644295,0.46283622035990213,0.21849400541080843,0.26701952305369137,0.15503185136900602,0.13744950175811185,0.046387916948912866,-0.05594945623801973,-0.05003110014947444,-0.036099986821581644,-0.13641535596204196,-0.22601968799865305,-0.22135548108892575,-0.2735284692987822,-0.28646500602991576,-0.25272793426573353,-0.22440688095172848,-0.23230398719635575,-0.1752489142928499,-0.25893246850683876,-0.1680353989053701,-0.25922113905663985,-0.2612371500915441,-0.1795941744880737,-0.17802656675459194
-0.09879466300789412,0.10146513661913416,0.2734009094363116,0.33046458313789934,0.4107011879808623,0.3537073679724372,0.47549945120948295,0.578348876267719,0.5544050534664606,0.6227949387368473,0.5888979020061046,0.5801983603319669,0.4987500341957702,0.5434948450708504,0.5522760349414377,0.5546139111021676,0.5227172025479914,0.39560333023039046,0.40496925972863723,0.32906064536334495,0.3499301442548092,0.2382778477399212,0.06602611438782478,-0.013668454308566513,-0.04940340495000161,-0.05265077843852652,-0.11454220718244645,-0.21938707859471787,-0.15133828977752334,-0.14630409268543226,-0.18402049590512215,-0.2054802330166054,-0.1791358698225159,-0.30612994602358445,-0.23160898658710044,-0.14303884784891024,-0.2965621512279027,-0.1429899362044536,-0.18951508853752483,-0.24594732646179612,-0.20343951773957525,-0.19560378643042498
0.10598405847878387,0.10867529616775953,0.1137421381297422,0.2455631351258466,0.353560111860198,0.49891448383938597,0.47364995714224317,0.44839851330917413,0.5374929575348424,0.5437045623873802,0.5843176208103122,0.6158214897866551,0.6082281274839556,0.6266542364822487,0.5923451632971658,0.48518100104842465,0.4212840487814341,0.36257294180380656,0.3800461936575475,0.25454176628510095,0.27784369135755704,0.2204512726888797,0.05040335636694833,0.04011654952204921,-0.06146196626621973,-0.0700107928293199,-0.1253235950607003,-0.08971492071952263,-0.17230034710016007,-0.18653732356374111,-0.17098651089088024,-0.2660196162499668,-0.16059222726646313,-0.24263311942932447,-0.24558514552436245,-0.1320284688096144,-0.1796041138451399,-0.19958972819121104,-0.10725891971048603,-0.15962784521290302,-0.14304886681210613,-0.12762872474087894
-0.0927796291519692,0.1996051266698449,0.12628102823758916,0.27527490332542676,0.46141131069708907,0.3896221419423146,0.4470164349855936,0.48181142345809747,0.448665247237451,0.5360294457594548,0.6836873029615145,0.5933429797577052,0.6313520747929039,0.5664510605635948,0.6175656519620152,0.6397503477498319,0.41164494480764585,0.4090322159675435,0.36701246041482805,0.22386879278330354,0.22695314171347147,0.2501848699696922,0.10856973712838065,0.00968350238381998,0.05477675471970737,-0.062191642607377,-0.0915994666121007,-0.12440519354126833,-0.21512067392325415,-0.13343502329454038,-0.27801821188381537,-0.24706294661809147,-0.16055244289799633,-0.19877959747087318,-0.22174574663189398,-0.1185620494781637,-0.22556553699978754,-0.2694526960296405,-0.12387495062144088,-0.21352093023388427,-0.09296377436441514,-0.07957314562217571
-0.07604499431065756,-0.014308736289769688,0.12917812452913222,0.13886489027305146,0.30361251629499586,0.28455717428180516,0.35872889384760204,0.5966750130091323,0.6522550056468629,0.5818917775957303,0.6658014394521589,0.660291714189954,0.569424618519285,0.5597839894411069,0.5995186912454145,0.40178911774356535,0.5018436475504083,0.3814499186350015,0.26904979396143286,0.2601915273498873,0.2262071283280474,0.18561421369605574,0.15378517825478727,-0.008757269887526568,-0.020604469853211658,-0.05546507595584096,-0.05514574527431055,-0.1165986868803239,-0.2395641854933511,-0.23945303420544903,-0.22921222133638475,-0.2000366910735752,-0.21094356318750734,-0.15695952563254978,-0.18549929198137874,-0.12532950206464896,-0.23699498355663934,-0.17118031884772703,-0.1433169616504758,-0.1272503224172967,-0.2089991817410501,-0.08584387083576743
0.07479036603995604,0.05848622782421906,0.1197738474190626,0.14550220031256464,0.29612642430988234,0.3145917335630192,0.5036715177522241,0.4536659626180838,0.640419195088054,0.5081221414880114,0.6857440086726165,0.5411950007957352,0.4640230619237684,0.550845199144702,0.6006520424516613,0.41752426523644154,0.40341801644195036,0.5087957036909323,0.3678020954054822,0.2797026534338076,0.2712341639230931,0.15448821584693453,0.10461741259008946,0.0063320567076532545,0.014072796243868209,-0.09670811946581609,-0.042614171776846635,-0.1564421916968187,-0.18570852708082367,-0.14409388484867644,-0.2395073618895827,-0.1720387870687592,-0.2331465235981923,-0.24411567186756677,-0.22525011844505277,-0.1599108344699808,-0.24895325551448036,-0.17077873637736074,-0.06532559787828444,-0.20515150350798786,-0.18824404067861214,-0.1126099049949271
0.09092384695162921,0.08485882476122623,0.2633568298914065,0.2790525034848187,0.2832981054741444,0.29104715627922717,0.5133102563192816,0.4370480450543271,0.545292341781816,0.5556818163474707,0.5759761845578238,0.5053364529119962,0.5777915982280886,0.49067608635313675,0.5948015067978915,0.5619727350644819,0.4156035377078567,0.35818380937886074,0.3315798941037653,0.2617093399467337,0.21657788903330485,0.1801565028657821,0.06854527284968641,0.05649333982529677,0.07639252117630474,-0.031482294734121244,-0.04395229802787594,-0.07425154557559313,-0.16408232503964806,-0.22708404819491287,-0.19693511336965103,-0.2160351571681035,-0.1923745190850589,-0.23496514140401248,-0.1525270942517393,-0.17516132719118865,-0.0826006703704957,-0.07713528139049662,-0.1381885047416962,-0.12525662404282997,-0.1665666413874664,-0.07192116971971632
0.013136611910240702,0.009713023989708426,-0.0027993549898354055,0.038227592508420324,-0.006615660925515406,0.0022996228019074717,-0.011680922027934283,0.0131593250629451,0.02451432278132556,-0.02298228330275193,-0.011614438827264675,-0.016897006258515923,-0.0048686323213355,0.029340880256093074,0.010123515486442785,-0.006252428229930893,0.03442325864552014,0.014757392472325473,-0.0019010653303393676,-0.00167985571806737,0.005898519335260023,0.013804268034232743,-0.02266307241159658,0.0245978009618438,-0.019847632613253677,0.0020993735559395876,0.020066557185796686,0.026667259418257875,-0.006636299651769009,0.017159466308095384,0.006188576925670008,0.011319759110922313,0.023876266705837392,-0.011026874542939555,-0.02465703248825954,0.0061028203436431965,-0.004388737475211206,-0.006020672994265855,0.018952539695966702,0.028131880990343694,-0.0009726907216094162,-0.014956568757975512
0.01828511105380329,0.009329920500312687,-5.8909423054180515e-05,0.0021115222026983475,-0.0018179602466740223,0.010226079285945109,-0.019976302837795907,0.005748567455392447,-0.011568048110751374,0.0007113725756810721,0.012700376488474415,0.020147701495292953,-0.0007399302347831053,-0.0029246585782555937,0.006812738826347237,-0.011861338426613986,-0.02372792759356565,0.024162585296223588,0.0072291101473491845,0.013827079442443328,-0.009148923440978873,-0.021737797900757964,0.0031107600939407603,0.0028342877980258047,-0.004889518886551605,-0.004706597063324444,-0.02869897623073044,0.012487050201826335,0.005644331699791653,0.012072566236853611,0.019960316217484217,0.03301515939241941,-0.021545120556551247,0.030330904008147717,-0.0014112062171909093,0.007343451441370691,0.0035403481153852097,1.2152573666601867,1.2697871838843646,1.3841421192523133,1.4069018504768342,1.3445212480996567
0.003461825724623075,0.009542078683363237,-0.010326648053723008,-0.0182764928445376,0.014911931344249781,-0.004143370125996567,0.006681055786998202,0.0011109153314060997,-0.0038539254187536435,0.025008466174899675,0.012187191683836857,-0.024084355004468084,-0.006797648059320784,-0.0001220526825688802,0.006404530552700083,-0.002964118790189703,0.003900318200915806,0.004033305544830429,-5.6127251200918126e-05,0.010151619869537403,-0.00885842954372426,0.001290077489790221,-0.019852070339103335,0.010927214114980151,0.025929730241046018,-0.005711508153481968,-0.0020689943480368222,-0.023112233249103935,-0.006215338863030844,-0.0012016886936488942,-0.002952595256656874,0.028157710685687103,0.011756006246556832,0.010000441683164822,0.024321982515068875,-0.00034737766422732094,-0.006460640380259573,1.3027974462715626,1.382151911013393,1.3698035765788052,1.4522772663900692,1.5516172907568395
-0.0010997774654745091,-0.011731588597691855,0.010887560095751262,-0.0011215852397437563,0.0028673997145993836,0.006410034050007317,0.006116245036782939,-0.008495996723828794,0.005711536092108323,-0.004110235557049193,0.0035489169806319533,0.009195142942508611,-0.018057834220087658,-0.0003853676335422237,0.015044167026566083,0.0002682085042943558,-0.001808527243537571,0.006861431948850947,0.005986942410931696,-0.0009960897359096047,0.013900076775691097,0.013645271052778128,0.007710175496630706,0.019397892937960973,0.007225412850015124,-0.001957172735801905,0.0031756049637806437,-0.008903762268139442,0.016311095302343464,-0.0016574437585110883,-0.01784082839367113,-0.0047941281837991685,-0.006137774333521667,-0.00941945332881559,0.0010462816650952137,0.01219045896383169,-0.017457003781811333,1.4510259700195556,1.3353835074283549,1.3635865892784045,1.5953774408096184,1.4635603297187711
0.0011755021147427894,-0.003423551339684863,-0.020222441021861614,0.003196677659975186,0.004326003408930339,-0.008069281619201271,-0.0055907894806756534,-0.0066737530244959185,0.009674409463866801,0.009284993260715935,-0.0010197308849090305,-0.00457248959169235,0.015858904206512474,0.0036670202888510472,-0.017655566624914867,0.020068806485193096,0.009731232779917285,-0.008598725819913824,0.0076320296688272065,-0.0052386713519075295,0.0007497954227776156,0.003983805648195174,-0.012620344950484003,0.003573872040923149,-0.009933954661955213,-0.004306329835069924,-0.0010820303829751905,0.01403503428123751,-0.020852415386538606,-0.02273855906445183,-0.019785935439789917,0.023609789561156024,0.008975787205833304,-0.011054087263916153,-0.005498295016465187,-0.0206931284308709,0.004111418190457376,1.2996428918630263,1.3234351847107915,1.425990679999274,1.5031120960558044,1.5152334963010368
-0.005569398937049913,0.0007739202372980425,-0.011380224981856032,-0.011612269298252362,-0.0018033223571122616,-0.014416893689326298,0.009235569704200974,-0.006837926370847091,0.010038045639667615,-0.004507821287789524,-0.004868727476133178,0.028377353657548447,-0.015698704917175343,-0.0005890766635626854,-0.029498351488151484,-0.029995109804370847,0.014710578132585092,0.001767692325718661,0.011966657117007432,-0.008303341185795714,0.002056659199796973,0.0031686022120645816,-0.0018523824011312533,-0.0015379454335897524,-0.02954371139326519,-0.003921027934384043,-0.0020228440436380318,-0.016645117538136873,0.002025338839074691,-0.006264457921620454,-0.01409919619377851,0.004143668009424095,-0.008957756907567985,0.034453847724678216,0.003038211907836084,0.006019878559124232,-0.004022551903576487,1.42478806017793,1.4511662120725797,1.402707737307391,1.419849347639376,1.3750104413803974
0.013993080655374827,-0.02516366259169562,-0.002481084959309183,-0.009312489280393903,0.0010027549043127582,-0.008535966455125181,0.004554593837998958,-0.005447365163475984,-0.022329448266550127,-0.0011311539984369004,0.010663963013182443,0.006575703490060488,0.009969478941514629,-0.003654926064520134,0.026282216825649213,0.0022310501442317832,-0.005737875707190024,-0.02329603868729763,-0.002276808447234247,0.017344097479206892,0.005723266809438929,0.0027359704294184534,0.003098610142745282,-0.02318757750809078,-0.03349768017481467,0.0027043803833612743,-0.0008890306205594421,-0.003273310708416444,-0.0026459974256063793,0.006275400015633027,0.018008234669316774,0.01375223733555062,-0.004482260470871647,-0.006920575171833459,0.00804812814529593,0.009649343217993416,0.00038469136853471814,1.2162918510439977,1.3997037127532372,1.3782842163380757,1.354395998072856,1.5495988525728461
