gfs-wave-data.json
{"header": {"parameterCategory":2,"parameterNumber":3,"dx":2.5,"dy":2.5,"nx":144,"ny":73,"la1":90.0,"la2":-90.0,"lo1":0.0,"lo2":357.5}, "data":
[rows 19 to 37 of 73, columns 84 to 125 of 144]
-0.29488804615878444,-0.29083060461941923,-0.46218692039735276,-0.3156190134704192,-0.419406642948139,-0.3322845885542059,-0.37143426353286346,-0.39694221906165655,-0.2942966113494991,-0.3609193704424607,-0.37213160705315146,-0.4839544482480739,-0.44743063959493046,-0.44000871287601745,-0.3781576358417573,-0.3602540013595243,-0.36354047385365496,-0.3967755649918574,-0.4069446752359044,-0.33632441402200736,-0.3153312916782288,-0.34012599948304034,-0.4730860601825452,-0.39497331228618665,-0.40146170611184767,-0.44414925941786276,-0.4270877999726776,-0.3994600171179239,-0.2878313310314351,-0.3308656664763546,-0.41995750216861066,-0.300562729085981,-0.391214594369823,-0.3633666381078613,-0.32616097689512713,-0.35309021549847114,-0.3093034766617901,-0.20871443472183818,-0.011134884048837118,-0.01948965091081788,-0.45009881951200337,-0.04826811760723701
-0.36712171241020636,-0.4048477888157483,-0.46125847063319414,-0.407657413424682,-0.33309169236812014,-0.4859310982239118,-0.3380001315583914,-0.44565227073824865,-0.4812220546815973,-0.3483569055357646,-0.3961662332138701,-0.41595687916607194,-0.3979289360333889,-0.41226566996267994,-0.4293624775117442,-0.30037603816335334,-0.4328048405229521,-0.43422251910157,-0.41712018394539113,-0.37675128965477156,-0.45095697205034957,-0.44019243042561373,-0.3770175275817509,-0.4400621133057402,-0.2948945662859746,-0.4658384575210917,-0.35462124838707376,-0.4083932446439375,-0.43630577563700446,-0.3245086451943015,-0.40635908289242484,-0.32799731851859826,-0.3404601673403952,-0.3805731302601681,-0.35821812702519873,-0.4336322669790391,-0.33655187667897307,-0.40740932585234496,-0.4883146398382957,-0.33521445546623163,-0.2982970121573048,-0.36384125383392546
-0.5105257271170672,-0.4957812481432633,-0.5122837159875243,-0.6470568760300859,-0.5383908934943124,-0.6248393110479435,-0.37461526992582794,-0.3874359263193336,-0.48363599528167117,-0.5913694064261217,-0.5425462339807657,-0.5983163690636359,-0.3639397774664591,-0.4566415148108087,-0.28066721404590794,-0.20756086902946935,-0.3828706842962438,-0.28881334746846876,-0.21263777039448375,-0.2778024474748345,-0.0715980269973735,0.02220222903009806,-0.07683605798466285,0.1381510247697699,-0.00443364977221715,-0.02930959339180951,0.11073972249194568,-0.02126919155167279,0.2593444889189591,0.3923931807918352,0.5344079403360966,0.2776050266802559,0.2951717291367842,0.28444778093096074,0.5186557073159344,0.7450469316473556,0.634616564868751,0.7082918720607129,0.8136064541893115,0.6773479621978487,0.675057688925034,0.7331269737262737
-0.39219527385251185,-0.5078146200293505,-0.6515914552750631,-0.4404082419654237,-0.6081713690054634,-0.48087348162330723,-0.39813988011611673,-0.5300811773114282,-0.605687294770369,-0.361488117621778,-0.5830948876171844,-0.605892505638115,-0.378792449194707,-0.3049248414105586,-0.44341292281476735,-0.3613651532852757,-0.18198822746332816,-0.4366941999645699,-0.26612846792176253,-0.32337553991255125,-0.33124256752023234,-0.00639442904298908,-0.22761170163378452,-0.11432279953661535,-0.11335521119755847,0.21091720071677011,0.2683507066225033,0.04850335403605573,0.15568457375056463,0.3639340330338989,0.22520824597933006,0.2863742918410133,0.30843149857696,0.5838614508700651,0.34918862610584456,0.6863681693946843,0.44474628846441455,0.785826620567491,0.756256630647536,0.8647673711077752,0.6824883974738435,0.810041234205735
-0.5241768784384865,-0.5401604372154982,-0.5690445226233684,-0.5298213330193662,-0.34312807797613254,-0.40718761082854815,-0.521239594819673,-0.5357307072408652,-0.40735394581205947,-0.3525809312672865,-0.5559554989965444,-0.597292406177284,-0.4398190187195463,-0.3374707891675429,-0.3678685029584951,-0.5471045504799701,-0.22604690550213324,-0.4433544175209747,-0.23380088518908687,-0.3591216199183787,-0.3417743372513923,-0.25621456875611276,-0.016492111803306092,-0.1801907302277245,-0.12185391954918744,0.10550472530961678,0.12211104425966635,0.11801692593734374,0.172097492913291,0.2399115777325195,0.2743510586925774,0.23319187013501155,0.24513350772721346,0.25037527657875774,0.4547777148741435,0.4632897752172796,0.512616337623741,0.7353053207473473,0.7858759829930018,0.6376603842458851,0.6932613666514096,0.7416786220999633
-0.4781145069933899,-0.43995218650239837,-0.35663618009542275,-0.44905708313496223,-0.3344638503642952,-0.421589043047102,-0.3473386238956023,-0.35640997189237705,-0.37374139558200087,-0.31577537771851,-0.41060467630023423,-0.390868617544242,-0.3159654338489612,-0.4537548720352668,-0.46434583637257765,-0.4055641227935714,-0.30077229105395265,-0.3524244251474604,-0.3136944387972341,-0.4166517848478292,-0.3181751897630736,-0.456214817811946,-0.496694841594774,-0.43431176318708314,-0.42051489933717984,-0.4151210478340813,-0.44958807395692085,-0.3624575501031995,-0.3479297217320672,-0.41813080000297576,-0.49176215798297873,-0.32073132602539206,-0.30995066397258775,-0.3313891386343986,-0.33177926568887794,-0.381867983611862,-0.37959309468488056,-0.496298932265716,-0.4162935471232283,-0.34648610126737206,-0.43259919230652855,-0.31085383427858865
-1.0164847526956746,-0.8550794189173955,-0.9010573237223242,-0.7414882701300732,-0.770122440005456,-0.9633464393393943,-0.7497055819577425,-1.0245367141448225,-0.8215205991985957,-0.7750784438944218,-0.7593076200687825,-0.9001139378123963,-0.9704244777625435,-0.9300356763153329,-0.6477100489451739,-0.9797672331163056,-0.873187204676142,-0.8932002619438522,-0.7321307361865841,-0.814893369178296,-0.8156097529443578,-0.7263227683535153,-0.9234452098269774,-0.7625725705719052,-0.8544052058087972,-0.845907593013411,-0.7084858451535904,-0.7180925737679342,-0.7878503021627992,-0.7097126854027997,-0.7139674710605938,-0.7579770572582133,-0.6821095831549052,-0.7671207550093353,-0.6633135880607758,-0.7811695646818692,-0.696741547786682,-0.5821927315587707,-0.7413082814647355,-0.6559006493003395,-0.7594848511501304,-0.7575771341505984
-0.726577006734462,-1.0273035934757324,-0.9458105524879815,-0.7354330453542557,-0.9709479955363202,-0.865235278687449,-0.9865730172736314,-0.7627365195972188,-0.6839140767572109,-0.7040381559793468,-0.7591209099794418,-0.8054424079000727,-0.9440882449926485,-0.867177390886873,-0.7818833307366031,-0.8573196287628838,-0.7553299962341281,-0.7659117256562232,-0.9140026226316295,-0.7103948898436905,-0.7912327171473308,-0.6826798473611265,-0.8173839618185418,-0.9212690045554894,-0.636991572489548,-0.7184183037583906,-0.5800458372894101,-0.7458609355027598,-0.6304572688431371,-0.6330466079957096,-0.5491322203574703,-0.746999237858269,-0.7708706313023219,-0.625114025781963,-0.6999755169234753,-0.6410270071896528,-0.7252883292052563,-0.7294817258200418,-0.6152230901245589,-0.7745009634089401,-0.708929330891026,-0.717954053412031
-0.6535774452943944,-0.8642637887784835,-0.7028081741627841,-0.9758341082551603,-0.9699122137689308,-0.7899699355238653,-0.8677449377349413,-0.7761213925835978,-0.9073100560909325,-0.7765362109860251,-0.8157791424638196,-0.8498330009301578,-0.6861981886007787,-0.9334273508044891,-0.8064390204298223,-0.7072890640699577,-0.8090547143241279,-0.7594320047781619,-0.7962410324098057,-0.7377671462272893,-0.8033825577927233,-0.8020946537867132,-0.6541341864576358,-0.684983848599527,-0.7753234405162915,-0.8323599716313744,-0.7545898937563335,-0.7385082166797368,-0.8044965692229405,-0.7675077084228461,-0.724167442350345,-0.6190665539945213,-0.671281448928207,-0.5997636523510849,-0.6530276560138827,-0.7074812301436896,-0.6395869653833973,-0.7317600985405002,-0.6644263351644197,-0.6296313264905581,-0.6263176944855648,-0.607707316077838
-0.8959939806585331,-0.9137082771217421,-0.781182952819774,-0.7092433438543564,-0.9367956607486692,-0.7907572382176055,-0.8936656634108333,-0.8718618848766602,-0.8578803903784109,-0.8977119921022305,-0.7128471731198862,-0.7623988936790685,-0.7488211199158745,-0.7977473718443236,-0.866551168073654,-0.8341238856122323,-0.7553638659738567,-0.786364278233051,-0.74038718045283,-0.7724490957741809,-0.6358112859130094,-0.8389979340264984,-0.6217988294619228,-0.8476488699018269,-0.6816369126949262,-0.6046999023444494,-0.6157610201305582,-0.688219249963843,-0.7946619326913705,-0.7665277578734906,-0.6539587922319978,-0.7398992644235134,-0.6452733900189911,-0.5324954103849332,-0.6528083907827957,-0.6131534311642892,-0.7880560568340025,-0.5822683122761987,-0.6794799124089124,-0.6762956684012198,-0.5698455089845225,-0.6189816187084048
-0.8154605997120833,-0.7963887412454806,-0.7723136595643759,-0.7720294860411514,-0.719228213687487,-0.879161883140347,-0.707045434059179,-1.0002471582645036,-0.8533890577857823,-0.8699182019610868,-0.9725737782126941,-0.8069324732553093,-0.6850134855649355,-0.7863898745286916,-0.7258111542730338,-0.7105694418016337,-0.7591303929202278,-0.7546015433516661,-0.6910822651217148,-0.8015529415079253,-0.810069583269901,-0.7938908075525247,-0.8267356619518113,-0.742545629515069,-0.6553202893503038,-0.8338889342685173,-0.7243480967074174,-0.714524498114115,-0.710173657907271,-0.7720211182867696,-0.6167017014196771,-0.6767014258845014,-0.7214519213104469,-0.7260233451642539,-0.637050367872774,-0.6018885761491682,-0.6837025335443305,-0.4905748654770427,-0.643078422293034,-0.6133734685934569,-0.5854276048458534,-0.6672496940702436
-0.3346848287118461,-0.40649575605752364,-0.45107159359695514,-0.31096820731586206,-0.2927823160487901,-0.4720871661803503,-0.37171550178989987,-0.30709900588899613,-0.34990619361080444,-0.4180278079622946,-0.4502828036271973,-0.37758556157142803,-0.2932140204990252,-0.3903733649410635,-0.4013773443401572,-0.47207501650391415,-0.4474122260656279,-0.434833787885258,-0.3239614406998656,-0.4746302293770851,-0.33165724641527883,-0.4592961979611671,-0.3101601463418668,-0.3619928382064806,-0.36778746711517996,-0.38733419862737,-0.4226350419861353,-0.46353244597831716,-0.4053379866856142,-0.2772948035813218,-0.3329195938525882,-0.449480961469701,-0.3694847774222704,-0.371749710200499,-0.3938950548622538,-0.45630425935676017,-0.42183746960819674,-0.46111602200437013,-0.2884336655189842,-0.2901856692608225,-0.4311906428056429,-0.3592945139762162
-1.0361264627132662,-1.1676651927000088,-1.029458490357546,-1.042095228816187,-1.1286235713737058,-1.0598807011559888,-0.9913420331011928,-0.6600401294965825,-0.6440408160399936,-0.5717962881202311,-0.13583588596156518,-0.26174744528835475,-0.01994281266519508,0.08109951510910293,0.3124530363347507,0.26744487384164395,0.4789231751577383,0.5029357446095769,0.7267864716074097,0.883783075450381,0.7101771673142967,0.8065776041768207,0.7502361787824096,0.7251626663109249,0.7006189031536407,0.7325119737780571,0.6048804177639153,0.5455371820888367,0.4758057446240888,0.5161781538781568,0.43912553130799,0.33865445381856235,0.33022511957960426,0.1901105097479265,0.16358841831712015,0.025842437508349737,0.05908882852662411,-0.03399925092401849,-0.2474752994935965,-0.19139443047381402,-0.18699263473347266,-0.2681738395270039
-0.9034766325877973,-1.0982756704262837,-1.0454902384440945,-0.9904330235698261,-1.0108006611929836,-1.10122771903483,-0.9921120434002669,-0.7108182909225309,-0.5836988488248114,-0.5395338913519633,-0.12484077652595373,-0.03197000041428277,0.17838686596475337,0.3396326660166511,0.14781324511388397,0.49686743554432133,0.42859364051207993,0.6263554942716358,0.7834391321970898,0.710288943098742,0.8947599213132124,0.6854718392406001,0.7379789856641166,0.8801746780552766,0.7778494328806205,0.7537407295475121,0.6826336240172234,0.7078572627371607,0.6529000909179509,0.46623020795940673,0.5349024352164198,0.4892596436029879,0.2741816383578282,0.3003594957683807,0.21244540672331982,0.1577542789028875,-0.06448726247809661,-0.14739987290981918,-0.13061714190750784,-0.28010610345553405,-0.30159599309065893,-0.24939723082473103
-1.0997579965197894,-1.1516010957438885,-1.0623684314649813,-1.0596473416642282,-1.0488466729843595,-0.8406792361167467,-0.8666475549963001,-0.5945332108018953,-0.6949336066950947,-0.6488716847605888,-0.5378312705391913,-0.05282386270777459,-0.056527790179727554,0.04560251959101395,0.16328421513158944,0.26531502798054396,0.4114582008883021,0.5968855634761584,0.8435193043718088,0.6590519576860336,0.6973655350341581,0.9128429630054912,0.7562495406907469,0.7954488847865763,0.7410689425848646,0.7025561166523115,0.7576292744174753,0.717235006083773,0.6403834386606837,0.48607927245743177,0.3941448484835808,0.42381776830080387,0.33032073320787897,0.23724513845905834,0.11593080415188449,0.10357191626668308,0.04600369182636873,-0.03881592104956618,-0.15692794485456807,-0.19574305961531346,-0.2173903886210304,-0.2511030174075553
-1.0832359703174081,-1.092562746975612,-1.1238148597961692,-1.0956732040588912,-0.9470185465518661,-0.9816028876302254,-0.9995540241708171,-0.8799469301904376,-0.6894597270244192,-0.3027679948506903,-0.21438024456255214,-0.15501624406871406,-0.21023400698042252,0.08208347672418305,0.3121582650069406,0.34016643362224813,0.45862633169828987,0.6031676255735683,0.7993000458973167,0.6920727523710805,0.7249446822732122,0.6553264643350682,0.8389737790981417,0.851246432331023,0.6400712178918011,0.6165347813233848,0.659396967405482,0.5661453702412288,0.45006082386412355,0.5011743400713004,0.4696900777958855,0.47149063569071864,0.28372730148205894,0.2047351978929819,0.110419713668943,0.04806638055954081,0.06180894586788667,-0.05416512685032172,-0.1583441146367352,-0.10363869905012588,-0.15472481274162458,-0.21277234277953055
-0.9980334512918196,-0.99021767753481,-1.1572764247722325,-1.106695998281824,-0.9436720650316844,-0.8571775621326285,-0.7494076620325911,-0.6730196432630912,-0.4732332885802189,-0.5088057698165821,-0.12396345883786375,-0.32419721444004346,0.09748510855408636,0.2990884184279478,0.18602708722215172,0.5174036793927806,0.450937431901363,0.5920716915034313,0.7609932580285761,0.6898249949290766,0.7215394157859073,0.8052343978605682,0.6349693174887953,0.7625945989697827,0.6835611796060941,0.6390142763469971,0.6460113603782254,0.7077545416633216,0.5842015543984436,0.4467000249697841,0.4687724620084422,0.3007504507326961,0.2526790737811488,0.2439143343162908,0.18945744563417646,0.17786995081756224,-0.06591426720110531,-0.0518880300339658,-0.05492397663982359,-0.08635517116700017,-0.16970622923251197,-0.261146289045575
-1.1254330144507916,-0.99109342855492,-1.079544292869415,-1.0809358826310196,-1.0025235536241843,-0.8187981350523152,-0.8133443749391399,-0.7265691776530041,-0.5091100464349938,-0.3764665524947909,-0.39756436173578635,-0.2545901148392111,-0.06640127664936663,0.26542725238100895,0.3854968731488838,0.5008148657701857,0.44719305107591467,0.5001874177561947,0.6770034254805977,0.7658376514224472,0.7938667750480589,0.8320615609311057,0.8083898466855476,0.7600984894874908,0.6937073153710659,0.670281462841755,0.6988178582682363,0.5571278388938828,0.4553447620298149,0.3871234372966285,0.45581779887652146,0.35690467480555654,0.25567113148107035,0.17941664938490018,0.07040603344418575,-0.016321342399464606,0.024253733299417757,-0.10973600763396286,-0.09823721025051085,-0.10049810965859013,-0.24444889879612652,-0.33185813791867486
-0.9296412894938307,-1.1585180956816445,-1.0215559854274014,-0.9215789973476971,-0.8631232461956261,-0.8970591571508849,-0.9091303259380342,-0.8550188870059898,-0.50937143211314,-0.4936045765565265,-0.4276014244684875,-0.016723660762596095,-0.05031417944813526,0.15022313869614695,0.44537550939247916,0.3316531563894183,0.4750676050552096,0.6473490398651212,0.532013618043321,0.7732508596406278,0.6956227848014563,0.7047898779640951,0.6382256739671234,0.7447156284581283,0.8055649005376259,0.7207571743901562,0.649201616805591,0.5931677237333681,0.5443839283684566,0.37923250258241414,0.38156323910033524,0.47383381447603057,0.33887367113653843,0.2973612949598698,0.070519155630703,0.028738156730052505,-0.024770818290111473,-0.01205603786403544,-0.08800332307189929,-0.0945982981328225,-0.1792073796761172,-0.19274470609419309
