gfs-wave-data.json
{"header": {"parameterCategory":2,"parameterNumber":2,"dx":2.5,"dy":2.5,"nx":144,"ny":73,"la1":90.0,"la2":-90.0,"lo1":0.0,"lo2":357.5}, "data":
[rows 36 to 53 of 73, columns 0 to 41 of 144]
-0.6402111363000064,-0.6122702801753677,-0.6353771020594818,-0.5178600235737186,-0.6076585800640661,-0.6625386427059862,-0.6294114261900868,-0.5858238143785505,-0.51859708940966,-0.4050115311369333,-0.5017540214009367,-0.5349911870039872,-0.5491967571231381,-0.5549526940269077,-0.5662692628600279,-0.45180758128857773,-0.5518327510643072,-0.737689086906558,-0.6629967859578957,-0.9042930220905457,-0.8251779474762804,-0.8366095343339566,-1.0077987736080063,-0.8988054519610721,-1.0043640462923829,-1.0182170000312427,-0.9050512552818101,-0.8418103132585316,-0.7324596583906391,-0.7591328556803074,-0.5914617261632221,-0.5313013159701295,-0.5557193624582611,-0.4254701628908269,-0.3723066437320364,-0.3213045002480756,-0.20242262658654528,-0.2637259585285574,-0.21209231746039686,-0.3019628194599915,-0.2344057628097963,-0.3078419644050622
-0.5606712392771044,-0.5871007986734847,-0.6601271855882747,-0.7460316106562122,-0.6563075848921156,-0.5095293920421042,-0.5987934874487607,-0.4984319427893495,-0.5574374076248746,-0.4700225699741728,-0.5389738398616758,-0.5025805976020357,-0.37801023424737606,-0.3930904132076538,-0.40383895510039525,-0.5332873810202111,-0.6629796186043648,-0.6168682312126198,-0.6311671350784264,-0.8570546933557891,-0.8122948433786928,-0.8369812361202719,-0.8981106121797402,-1.0186500817944837,-0.9101854467140281,-0.8332335723138891,-0.8476811218352223,-0.9039314777420602,-0.6756331305746947,-0.520260348670872,-0.6601837140610334,-0.5102419533717022,-0.45268606026347136,-0.31069383714002313,-0.4238628519085573,-0.21252196387040403,-0.24336220193741245,-0.37678370432178293,-0.2562135203948211,-0.3290922364941382,-0.27422419048315755,-0.27361047156773816
-0.5261708969457183,-0.5681128115084851,-0.6236251952873484,-0.7555690616456157,-0.6669234928369877,-0.693803019108433,-0.5889025803540848,-0.6401258647294991,-0.38156045319181814,-0.37791030545631116,-0.6509249271652144,-0.541243619030109,-0.3615955881877451,-0.62274625338352,-0.40154435069774785,-0.4513094636259836,-0.5438802278169893,-0.7195825145362711,-0.8501034847022947,-0.8835418336736538,-0.7961742150469447,-0.8822345494496321,-0.9383473796776985,-0.9694827858718581,-0.9527754411634949,-0.9620014644177581,-0.9480237080733794,-0.7732712192062033,-0.8313864868556483,-0.6580207940475823,-0.617145732120739,-0.4497424000892972,-0.39975080289177445,-0.34164428572219563,-0.3731273054197625,-0.3836485858556909,-0.3941553895006246,-0.23562986341152956,-0.2601345789570272,-0.3383025246382459,-0.24626038610354456,-0.33879587311175957
-0.6249271963132128,-0.631271317718527,-0.6073549257136722,-0.6403750621491413,-0.6346348178563875,-0.7480523588083843,-0.6548475448297664,-0.6002059800873181,-0.4410775754356437,-0.46673528668404024,-0.5126816479622854,-0.4189682683482161,-0.5270301029126643,-0.5954321932548988,-0.6097687488679282,-0.6815952413777876,-0.5152309905603641,-0.6158946272511004,-0.888632633779619,-0.8608327195685355,-0.7700235798650427,-0.9384691990162162,-1.0345719257153287,-1.006283096369194,-0.9316928744699549,-0.8828055272201665,-0.893896969006504,-0.913001423465499,-0.8516114620142504,-0.6638983641555691,-0.6068998202911604,-0.6421038514702013,-0.48914883743237525,-0.5381478667475897,-0.4307108991503769,-0.3136239034708726,-0.38327414135976373,-0.3616795901466715,-0.28742887277105955,-0.27904019356467874,-0.27061279538646166,-0.2614166052190216
-0.5296706575588447,-0.6623845269549102,-0.5852252176019566,-0.6190981713272514,-0.6875157384975025,-0.5101831016095446,-0.5847744823343461,-0.5979940348054344,-0.5886391357628052,-0.4944475853425641,-0.5445889652869349,-0.5166555623821557,-0.503666616132032,-0.5280628828357619,-0.4426559171609599,-0.695319102884201,-0.6582151431574915,-0.7343260020065993,-0.6383414462420015,-0.8024469384816384,-0.8798332565898609,-0.8551880734499333,-1.0051388637442524,-0.9090463887507635,-0.9288449272145621,-0.9770586413752969,-0.8295873211880597,-0.7381629908131861,-0.758203531000402,-0.6582966660636564,-0.5875430444609104,-0.5727762801857758,-0.45709291841674915,-0.282192806634811,-0.48121047832027786,-0.29570377710458207,-0.3663000255026284,-0.2872791584769931,-0.3332238818365837,-0.34566482643416013,-0.2700792624721276,-0.2287904598279446
-0.6200722536370096,-0.7194547788725483,-0.5799269951768454,-0.5899392794931082,-0.5678522742964436,-0.5461822489802457,-0.6510750352211455,-0.6666104410858995,-0.6256962326733122,-0.5545310664092087,-0.4612543429755843,-0.43536609974415724,-0.4789929434174233,-0.6018194609607633,-0.4254355773954952,-0.4425872065743425,-0.4670166398242777,-0.6584083807549103,-0.6798810727500275,-0.8017082270177888,-0.7259468165108183,-0.8757982553195864,-0.9771993169879626,-1.0002320445676054,-0.8731426144674387,-0.9136674924615339,-0.7728918196578944,-0.8398504073577244,-0.7961342670775493,-0.7354308085806638,-0.5902990643190409,-0.4845254849203384,-0.39060891579178675,-0.36036967679526144,-0.4007477677678485,-0.26516947492917103,-0.26200480842884405,-0.34668459069322893,-0.3900482275270865,-0.3205249073224386,-0.2619837885451101,-0.30439925304005966
-0.0010370372505542002,-0.0018932491755143579,-0.017121607455790628,-0.007428326853279891,0.005010527678385449,-0.0029998639740773845,0.0022487496340678325,0.005031885705874695,0.00037103476746454565,-0.004354887822148986,0.003689951781492894,-4.247407581018934e-05,-0.005632835722102096,0.005117310301847758,-0.011659371722830885,0.009589998443635991,0.0008466088401111711,0.0014190498608737804,0.01324246197420253,0.002258375987349669,0.00975988428320348,0.027561481967346087,-0.003959120416906324,0.017061701585481755,-0.022935520126199104,0.012377884177777762,0.0015414695368009355,-0.004712182214836236,-0.011537142650581284,-0.0061768453042909234,0.019739440524682975,-0.023215386658067456,-0.001676519862162161,-0.005451938482126203,0.012498202124760823,0.028729183134175416,-0.004587701630243279,0.007802660889991106,-0.0033782516170419294,-0.002260629699874945,-0.01613809743679362,-0.0031037414945397895
-0.6880477409121918,-0.7104573881627577,-0.8536317158351869,-0.7511526671327912,-0.7578370116652864,-0.7049931605685511,-0.6854050199561446,-0.7866881581275729,-0.8835549987218893,-0.811584203358356,-0.798896913526047,-0.8841048814856642,-0.8521267297287638,-0.9172786700668825,-0.9323091258080715,-0.9288078399859281,-0.6401418889662023,-0.6940698769158127,-0.6762089988407686,-0.7311037125125595,-0.847777212975429,-0.8163423679869123,-0.838943208176644,-0.6499327709863422,-0.9061057118185276,-0.8387712411465508,-0.7494490909746754,-0.8242173111940101,-0.5799434703615151,-0.8231969095982591,-0.5824296597107134,-0.8454926598300362,-0.5564168749946814,-0.7962908779567074,-0.7380685075507172,-0.6219952011444997,-0.7004256018451941,-0.6319809917226711,-0.7068759861027261,-0.6713176447783278,-0.553439505992357,-0.6029852831071091
-0.7653491068318099,-0.7907020893349344,-0.7491958818493528,-0.7612710231681737,-0.7916889558796277,-0.8116952103128511,-0.7722558975758055,-0.8855497400547551,-0.9088036476313417,-0.6839117561887107,-0.9682150063887373,-0.6884658421949995,-0.8045929115182704,-0.7112936228012229,-0.9067985112492352,-0.8547893431438788,-0.8808037523179703,-0.8744982628605886,-0.8045000270545196,-0.879699894704256,-0.8776213261802874,-0.8620987932575539,-0.7666897989581785,-0.7168976968525571,-0.775281891100482,-0.7178948976337685,-0.7641532544298659,-0.6954791476534534,-0.7211571184839302,-0.8185081508432231,-0.6316864103315911,-0.8974121372164102,-0.8411342526188585,-0.7228332771430741,-0.5890061716923549,-0.6657992397281626,-0.7955666062318675,-0.6970756584365642,-0.7621646559981103,-0.6247932274320268,-0.5304133521178759,-0.8338993793364391
-0.717242923328704,-0.8098954623570425,-0.8395682884425921,-0.8634296732874426,-0.7742068603937399,-0.8693755718845444,-0.9479713610447155,-0.7989066399170265,-0.6847314731172256,-0.9021881710668899,-0.8613790876903911,-0.8137020521308901,-0.7237994730977504,-0.687350094595247,-0.9439686192099909,-0.8038467980190934,-0.744910273317048,-0.7865033871611629,-0.6453653005533533,-0.8699038311427076,-0.8701448534850743,-0.7877566512051237,-0.7323500488926722,-0.6217481302316944,-0.7955034672389782,-0.596735769812819,-0.6224951953319323,-0.8804820339927744,-0.780501557178482,-0.6964402006897898,-0.5627674518859498,-0.8514355786144642,-0.5910285873035166,-0.7803760807031969,-0.5989301223609089,-0.8384870999283149,-0.5138016550806473,-0.7323439957569805,-0.7176968252775674,-0.7576759968140868,-0.5545182635298964,-0.7623895955898141
-0.8074917691523528,-0.924960356235112,-0.7686090446933272,-0.8856956238841581,-0.9148027038434601,-0.8143343884116897,-0.7445277975297465,-0.8384865778371008,-0.6872826253678795,-0.8591611549529847,-0.768148868757071,-0.8875686456448355,-0.9023816188830296,-0.7426674216490604,-0.7955963118550777,-0.6765584867672604,-0.7575930311283995,-0.7625500723138057,-0.8413150935085443,-0.800400777404016,-0.7187761205836831,-0.7466998366849096,-0.9879505302356567,-0.8270156235949012,-0.631595818674055,-0.685625756336268,-0.6396416255193148,-0.8397074392758618,-0.6770554401505756,-0.6911494994143306,-0.9013307266949335,-0.8580795702418462,-0.6508214026375367,-0.7773034523986071,-0.681243198249566,-0.8401664954402188,-0.6362636218208252,-0.715023428586566,-0.7354344801245668,-0.8495518430025006,-0.5310006366852053,-0.7657452176080463
-0.7995570364500725,-0.7992089666198443,-0.8177488626121314,-0.7844365796364275,-0.7966255480763875,-0.7707687416097103,-0.8209908586144071,-0.8583172529058513,-0.8807300817682439,-0.8207496459250848,-0.8747124179369772,-0.822095148090272,-0.8881467945888933,-0.8590956061578281,-0.7758321205250936,-0.7513264330515766,-0.9143417568319638,-0.923644444535995,-0.9073182074516513,-0.7779229274156958,-0.7472816329840815,-0.8614210818256438,-0.9018777950544208,-0.7973085924539237,-0.6905264848319438,-0.9504068694054058,-0.7852475211994532,-0.8288215611309165,-0.8233172782556598,-0.8528036822255564,-0.6189607374469493,-0.6843143293288865,-0.8324574986397906,-0.7362795399775338,-0.5842195455842167,-0.8908903305932772,-0.5887242286166752,-0.6644530262995385,-0.6933919721261025,-0.7284453628025204,-0.7349350984829643,-0.7168736096002669
0.016522726695655875,-0.003809309491062375,0.015991486157458174,0.0034577998379154195,0.008841116830092881,0.02263223629124639,-0.02640514156458185,0.028783421672254655,-0.01586517157836023,-0.018454943260701868,-0.01267518871238544,-0.018979517145381396,0.0114354483597262,0.015152275125148435,-0.020467573966546474,-0.025803922510439697,-0.009264181727892203,0.0006765141080425165,-0.031401476249221155,-0.013529424277721087,0.0162879427262332,0.0003908074794535454,-0.010353439948176965,-0.016677727181824628,-0.005723729818231676,0.04526422970004406,0.026321976901566315,0.03743732956564656,-0.007925700764791143,0.04060664378219389,0.008649838033759872,0.0017553771669252094,0.01506384197462806,0.010922420462438936,-0.01561032689496641,-0.006194784700832015,-0.004859795127320086,-0.03873496458469655,0.012125546643174438,0.007825056693502657,0.009832239737459508,0.02868516204585247
1.620531352157163,1.6697920094277003,1.6719786526691565,1.6471379727444522,1.4988749109462955,1.376708213773211,1.430748578128292,1.5266761058702145,1.5236682916180506,1.5189505677800283,1.2062268559011482,1.273501257740256,1.3439719213759898,1.2170429898052677,1.2683915549452263,1.1482257631445991,1.175017675117749,1.190659476682523,1.0999667312938546,1.131677589896745,1.0422691331487164,1.0817475750323562,1.0605045370356863,1.0845339464925858,1.1240908567595587,1.0199877935289312,0.9302928576251218,0.9885506234057809,0.9532129476259165,0.9553012946496409,0.9546869316041127,1.0491735928455117,0.971507487927113,0.9024647948242522,0.986538430099718,0.8964230034953752,0.9400925470555417,0.8376137513418948,0.9109116157328901,0.8351337984160728,0.9101590489458057,0.6874192366534169
1.515669623244111,1.4931874823391924,1.5779648772272605,1.5203233836297285,1.461949915725335,1.4773216401951124,1.493839762647343,1.5216114414192365,1.472950052830397,1.4402191352133586,1.4666746340507015,1.3704854359933072,1.5087797949231163,1.356171042334333,1.4007068340635334,1.2533306789491532,1.366227751569012,1.1183277765347215,1.1927344494575178,1.1283906854036558,1.1488472531405565,1.13966488071458,1.1270864741190645,1.0749335083010847,1.0502247196900065,1.0368482453209467,1.026777583315155,1.0881757419875961,1.012079320751361,1.0759055039551038,1.0438038603291673,1.1010612888459108,0.9717121810310272,1.0071781934252713,0.885524037210121,0.8875718967959569,0.8519222613653737,0.8654290793047654,0.8052693956888874,0.7719344987262234,0.895514705468212,0.7264081491040152
1.7058916291664934,1.6341499655536391,1.5913771256803735,1.5754312433404938,1.6063995682002916,1.464235660601008,1.6558324161298497,1.4107536491953034,1.4434928971937457,1.3433140430457657,1.4183415926230927,1.348141554652126,1.1816115180712954,1.160393849868155,1.3064894423675946,1.2167795695636423,1.1630788457971288,1.2886702080972245,1.2544765761204941,1.0320967058932204,1.2504494720539538,1.2551145008718885,1.0784556609994667,1.0494401719841924,1.0899645544394696,1.1894542423521806,0.9937817915214071,1.001361031329206,0.9413183187222394,1.0351984462556527,0.9272744178814627,0.9997166856198347,0.9967777915211488,0.9442349843206934,0.9985670846576736,0.9872189067176489,0.9440758551080212,0.8726701386944976,0.8790222001648973,0.8490911302062928,0.9058144253117931,0.8495160364072114
-0.03385235377957804,0.0025516506947142457,0.01659531522847573,-0.005236323839463836,-0.019735570045803338,0.02469702971100267,-0.025718935545356154,-0.00986810887858168,-0.012269211985199317,-0.02385030153481507,-0.003582179710813214,0.02850290483858472,-0.036049604775632044,0.02305663344377022,-0.01632893284041188,-0.006324647497385069,0.008223091253023397,0.033326525864069624,0.030741967562042522,-0.013473021510753459,0.018931663011208796,-0.03333801609411246,-0.006524047232710504,-0.006182043736038845,-0.016659579262640865,-0.009106044405760313,0.024778443516904218,0.055328339544014775,0.015170498046419612,-0.03097517721111897,0.010976827023747386,-0.024850627173619168,-0.012621168272068835,0.044311523367789284,0.03549071085146673,-0.02571814240373255,-0.02258905058674333,-0.02693573278814683,0.031268879185131146,-0.018509330368319643,0.006196608175898997,0.023628020135748298
2.014626904276789,2.066291315296578,2.070565050540451,1.979196801332036,2.0325859723663386,2.050700903744663,2.1141310035584215,2.0006397726274385,2.0546163942846003,2.0687841704965804,2.0163598810037575,2.0571166581560862,2.145729160374993,2.1627506973297557,2.0934802171833935,2.018346225794888,1.9012017370125538,2.238198496862227,1.921180392174223,2.4145919273136993,2.306840171147812,2.3135670974620335,2.1991198980675692,2.386875357127567,2.3165842925205706,2.197342041717888,2.3940179828884696,2.4595392554305167,2.5983965382750402,2.390099610928243,2.5809530316967684,2.645754042019387,2.688004729177433,2.700109639200983,2.6238488342365143,2.717743600099474,2.790158131009062,2.7032696674524344,2.5743596896439693,2.728900881048542,2.766224190083379,2.684451036353471
