gfs-wave-data.json
{"header": {"parameterCategory":2,"parameterNumber":3,"dx":2.5,"dy":2.5,"nx":144,"ny":73,"la1":90.0,"la2":-90.0,"lo1":0.0,"lo2":357.5}, "data":
[rows 19 to 37 of 73, columns 42 to 83 of 144]
-0.24655706626814988,-0.35162632109912395,-0.3480165249935238,-0.3099103099448237,-0.27663412894348915,-0.19282316079380873,-0.28258835892658074,-0.1936268588616427,-0.22309161662697347,-0.35669762037278036,-0.3518446064817508,-0.3608049618077038,-0.23406080926823677,-0.3367550316011983,-0.34740683968911207,-0.2754857556558703,-0.3079417331123904,-0.3301593785842285,-0.318704964258132,-0.26598096145016537,-0.21638380296447862,-0.2887828094617235,-0.17291564554158645,-0.24909642911877808,-0.2326640141762779,-0.21026065195302954,-0.2407528111443212,-0.1772207174630158,-0.27051241424353106,-0.1910175037269171,-0.31803860406234413,-0.3277513755124475,-0.21746698008408602,-0.28952092090593873,-0.16919513386532145,-0.25178166197913276,-0.19508298220114703,-0.22608882095090105,-0.30681448011782597,-0.17867630926014208,-0.1899914670325386,-0.23055486242536552
-0.18405827903281435,-0.20932480469059897,-0.30272622728584114,-0.3064623792575112,-0.30080362011240314,-0.34616650626207746,-0.2349459621753815,-0.17712206099728706,-0.26725064964640727,-0.2855611544216362,-0.2035766556986183,-0.3321034241584375,-0.19831594438033678,-0.17775920724775932,-0.237922717633848,-0.2563113196200177,-0.3051026150328803,-0.19670909377789916,-0.37282818090102177,-0.2603885362167239,-0.2501745372248129,-0.332444002153987,-0.26318181308594496,-0.3607644481991956,-0.24089251076635643,-0.19191580748202486,-0.21871646433777536,-0.3017786097437384,-0.34645299922839595,-0.24758491427748253,-0.26870701990239226,-0.2749892004734049,-0.1965785153218382,-0.18233677687385957,-0.20506854006114594,-0.2619298065270538,-0.3622477322646646,-0.2588070417326391,-0.29744545661601335,-0.3069157386272179,-0.2030064968085716,-0.3110535970688347
0.12780260417899741,0.1523420301172681,0.3082702258831448,0.32936175652470745,0.23264433345441704,0.44548122623199404,0.23555858089060946,0.552012148498637,0.447861962502648,0.5801584935259835,0.4811639219157171,0.37240711024885753,0.5422286361947086,0.4458500199203012,0.4996945081125343,0.43040681432254796,0.5278688524969135,0.4552200744928266,0.5480174296470192,0.32666551685547646,0.4180116314963416,0.29910909906259625,0.5150401680648342,0.3248676078413696,0.2902378584494691,0.14358817332329113,0.37398862548443235,0.29489867978878354,0.15999852669245299,-0.11733419928625659,-0.13446084784298576,-0.1682663807739956,-0.2481395147996078,-0.3010488807624511,-0.013430586083140739,-0.43374413204225615,-0.38578529817677903,-0.3690869917095078,-0.4544429291904471,-0.4156102650525475,-0.3725982650755305,-0.4772841966999228
0.27955048723992065,0.2368599475833523,0.40523014268238855,0.38608369667638437,0.4783425821896763,0.3967283642710938,0.5376009248699197,0.5209921848365401,0.5048281071221058,0.548972919071659,0.550004379673697,0.41518736647004073,0.614242756218923,0.467302088777419,0.401516467688584,0.4615294612306703,0.47606776281959046,0.5456013927095064,0.2815557034636112,0.5104662815998965,0.3266541113823251,0.2403660862621568,0.2418629069372008,0.46914428805372327,0.3998063233329357,0.09394669201871707,0.34008889110728613,0.10599384860923224,0.1310988648959327,-0.05827037740497332,0.2070908222714969,-0.0411188102563142,-0.07423341509814059,-0.10560089248091135,-0.3826977261760095,-0.3489300906961253,-0.1274219651739167,-0.18024374840554155,-0.35622422625637107,-0.2830417177350752,-0.32123524794497754,-0.30554540729971985
0.11217746551961576,0.447463421932585,0.23479618576259711,0.31743735117683836,0.25246595500024466,0.48181077899244884,0.49602374926815035,0.4293741951368948,0.31519326232839,0.5489322696818951,0.5027563709089681,0.4894628578477668,0.349944669770386,0.53329412895161,0.5152481054701834,0.40422268724192484,0.4594032311073391,0.5317664985067551,0.5014453650259955,0.3849888539826116,0.40125457373653517,0.24318967322071133,0.4097937294063784,0.4658017926338506,0.4657373907316994,0.14313149632843641,0.3120170701385656,0.27328576513963065,-0.029215476772950184,-0.10202630019468387,0.1223615106576417,-0.22295100812916097,-0.025186170415840523,-0.14187602428170912,-0.04656223723129604,-0.23820768989904462,-0.21615987866581762,-0.2748687018283146,-0.45467591007887204,-0.3648817326281153,-0.4543017537050649,-0.40755177671278464
-0.2580217394280387,-0.2857925197115879,-0.3053473845761038,-0.2756846284790337,-0.3471090699177057,-0.3306679637733126,-0.2512726079200688,-0.406985822896887,-0.41920057528179167,-0.2502931464805924,-0.28991241434692705,-0.39924222394132325,-0.2842699746531118,-0.41494193292924053,-0.3658632373500553,-0.26493866550040923,-0.29956505036058473,-0.39756085585487083,-0.30908402923758366,-0.27747719267517734,-0.32922248057117026,-0.4051701565746214,-0.23488988227136293,-0.39667030934801234,-0.3721552480116947,-0.36239026845266165,-0.36063463204811275,-0.34156782598618846,-0.28337711200793403,-0.4067003668255279,-0.24610573213950765,-0.2572898017288703,-0.35185549564478763,-0.3635574399334337,-0.36865025966501364,-0.24037803553598985,-0.23148676700057264,-0.2556466887217433,-0.2467712471251895,-0.35170462495070565,-0.3907850355319101,-0.23090384016489424
-0.3734315884103287,-0.295910809425689,-0.3487993678358951,-0.3509055511230631,-0.2055509449156995,-0.3172266511558168,-0.12093700692706431,-0.1662041146105386,-0.3471880683725601,-0.07665324793249163,-0.1832530548794769,-0.3599148354637452,-0.2131288177859976,-0.16687510200720554,-0.3244537604310791,-0.2780982793859016,-0.2825398438095395,-0.43301015154323125,-0.4012300848945576,-0.35042394082930794,-0.4396376513216448,-0.4501240378903867,-0.28451000170377067,-0.4179763416181764,-0.36717896448855847,-0.4509545332838868,-0.5390816634077864,-0.28624917461213084,-0.32091597316020243,-0.4171585764845713,-0.43342435672569873,-0.6601192998389006,-0.552285773957055,-0.8332315125359109,-0.8208959283652352,-0.5755108789623802,-0.7455463651511982,-0.8888115369051888,-0.7027542596712942,-0.7024776610226182,-0.8695391415356011,-0.7335362730963275
-0.05037013334382678,-0.25887184823091725,-0.0730905592904887,-0.11854257412710412,-0.16380931439702545,-0.41890706752251256,-0.25779414316826055,-0.0700981205259915,-0.25481409833579977,-0.29505478104865696,-0.3501476038394171,-0.3589508831101753,-0.2855613710656043,-0.24636520923500205,-0.13986886675899315,-0.30265887865068974,-0.40846933260435025,-0.42963435643967685,-0.42114918361380776,-0.20704282879172015,-0.35612009300071135,-0.28849975464822053,-0.3908773122156159,-0.2781080954129474,-0.25883179472819023,-0.44733647192223147,-0.37231738560162303,-0.26927324572707984,-0.39469735011215623,-0.4223367826521292,-0.4730808937610904,-0.8301633900878315,-0.7908605943652949,-0.8266815287463771,-0.8746825387933663,-0.7182291757888847,-0.669318740731437,-0.9293980770627054,-0.8581027720042821,-0.7918378012699273,-0.7540714120274944,-0.8948002541680833
-0.40466891365184793,-0.046396753083009556,-0.06503338230500273,-0.1341632622811395,-0.11170260575704032,-0.11994547218681031,-0.23592283280501034,-0.14598707288619217,-0.17565931850744462,-0.25935552308948706,-0.12955355682194392,-0.32782938347512697,-0.43096773099107427,-0.2632607724050334,-0.35052107848503283,-0.235949323982152,-0.4458030721948198,-0.22695373282374734,-0.4417045822811257,-0.27577356673857223,-0.22885809604191748,-0.23296176020114848,-0.4678877755989798,-0.4298380307832155,-0.2860671760337256,-0.24365301252803181,-0.25454516596358984,-0.5022364199463054,-0.4374677142598718,-0.3217400373248828,-0.39320265260626547,-0.6490200857034211,-0.6914385478020931,-0.6670275988946647,-0.7512719519928396,-0.7086735913895241,-0.9193384736162059,-0.6561366918319461,-0.9214147776286724,-0.7752280997826871,-0.6613772842889024,-0.8206517477741625
-0.2327312622003306,-0.40412928195604336,-0.2060357722000904,-0.24832559683966748,-0.06768904462408079,-0.37343233734551384,-0.32469264251112445,-0.10261863806107763,-0.2943761677806054,-0.16376349002255433,-0.3111147599044988,-0.4089470549817941,-0.27993505154087683,-0.27689087127578227,-0.31787230453122467,-0.4034042206055751,-0.46726752864177346,-0.3833733092797083,-0.4029202297445964,-0.47097188500643566,-0.2785983956207536,-0.43905561526292536,-0.26804602522774795,-0.47335147793854687,-0.3063438074669197,-0.2710726745983331,-0.42982069194592154,-0.5389173164226864,-0.3752911411856619,-0.3215629563646915,-0.5145493239086335,-0.7350971913677344,-0.6896155458022787,-0.7739085669411846,-0.8489425670875541,-0.8263799078086602,-0.8591902484952123,-0.6641930734705548,-0.7800958612219635,-0.7580221184200827,-0.8474360718578288,-0.6994434607807136
-0.2405102874593518,-0.12389013866665644,-0.38137818732386275,-0.1899145003508824,-0.4056678188217779,-0.2506986306991603,-0.24631677199736102,-0.08800644455185574,-0.1473628718662433,-0.40111072556974975,-0.32128602004524676,-0.1733218933498361,-0.2401589833780309,-0.1814445675143449,-0.35905741812887776,-0.3755673763267489,-0.2920277702212262,-0.25612618574695917,-0.39766949737175017,-0.24288344724741567,-0.4256978155731546,-0.29545633746479494,-0.4177188726502388,-0.3217971736988857,-0.30281867005161706,-0.34283064326899304,-0.36197052161721355,-0.5379102241262234,-0.40362315645052116,-0.45428713068748644,-0.4480293761929419,-0.8559562632433534,-0.7206038801263254,-0.8669969189320227,-0.8021690672008577,-0.8533790503624662,-0.9945643505023748,-0.8067423414969166,-0.6832193080412249,-0.8487357546610567,-0.8246519858255494,-0.9218131286645797
-0.3214854090039144,-0.38727704739160174,-0.43129029028783583,-0.2794036267106843,-0.45854322123946367,-0.406657643047705,-0.3241430133411383,-0.4031426249033021,-0.4251905616809615,-0.4262151372131027,-0.30198283264836023,-0.30290502576754175,-0.3731498826481467,-0.2979040097706972,-0.2922128377402623,-0.42015158313366113,-0.3668351114081973,-0.4472853857591044,-0.29333585093761955,-0.28677167842553836,-0.32160632496486635,-0.40985385653893175,-0.4638071160594397,-0.4180430901760104,-0.3926163940899736,-0.32175399314436065,-0.38702594110882754,-0.4507547266391064,-0.4663037581506301,-0.4311948154816355,-0.27953915497168214,-0.46411333070940597,-0.4524859695532173,-0.2879264464311006,-0.42542013188185174,-0.4223531473772265,-0.27817758225603956,-0.36113625685356104,-0.331376211942158,-0.36889256392611114,-0.4409772911872965,-0.3406997348855629
-0.5297219709310081,-0.3380506169953593,-0.3820897913809598,-0.19063622773349406,-0.08522004707994904,-0.16102737268487874,-0.0768350911441449,0.10318994898615284,0.0927118090167688,0.13059766702015294,0.203470451212853,0.2991468593284221,0.2962647925095901,0.2858499630335954,0.3486668514525607,0.48321514320081005,0.4021663395450701,0.5362523593529622,0.4525447418835789,0.5296862961000994,0.4355379808664335,0.4397534061931938,0.53260686994486,0.4461948078422872,0.3880406437688343,0.43243008081706397,0.3433670220925364,0.29868988508481537,0.24216054584174393,0.01014987045714287,-0.08174322189152589,0.0003034895608825208,-0.36126412592085244,-0.3319053981685129,-0.4437572555771909,-0.5761619062285356,-0.7857197631511439,-0.7376483533778063,-0.7803440142208308,-0.9621580463540034,-1.1356152091135976,-0.8775776633770992
-0.46167188319135644,-0.3643542284701549,-0.27968311188065986,-0.21760710375202552,-0.18126363924874364,-0.14809404973517276,-0.09259776684742496,0.08853460669171485,0.1311735439673349,0.2593556081163155,0.24034256699889678,0.2968987624129036,0.2943145348971565,0.3436531975811447,0.4659552817797954,0.3508319948486492,0.4549168699700906,0.41997391265603434,0.3564780617678131,0.5144627451528991,0.5667565855409281,0.46394977865000253,0.4444105091509813,0.4554160231725132,0.4827369871037732,0.4169458266877722,0.2854637153650019,0.27287411532773714,0.3173819698438135,-0.005130860463317968,0.08465042403689857,-0.05712464312900849,-0.3535657432213939,-0.3608504275764973,-0.43972076745578886,-0.6765400607101782,-0.6034786608782643,-0.8579034145368141,-0.8333477247136131,-0.9040753517788417,-0.9668864893654917,-1.0841098739852097
-0.5340933247977254,-0.37022530814492294,-0.2736781406313409,-0.28251860951264174,-0.1434464363608433,-0.1421810735380399,-0.07870460035269104,0.009460947740838638,0.17362207944177213,0.2610375477528428,0.271307207239771,0.40197283583309873,0.41245862690737645,0.3915242950606397,0.2949256943407905,0.5143020751487934,0.39783462253130925,0.4086626854467552,0.4377552849960505,0.5528099994570065,0.552559194261039,0.6015012105596391,0.5012557394625602,0.5931063755027072,0.44603594602869245,0.33326430288113446,0.3184229137184689,0.3838972109927636,0.2344083480368217,0.23739371867098913,-0.014319187379095391,-0.1360711332042273,-0.22600154404194386,-0.42982052780663516,-0.5616772881404085,-0.713807948325798,-0.8939250619969387,-0.7859324379893475,-0.7834455116762193,-1.1532879022854279,-1.0843719495275503,-0.9823171700023059
-0.45704849677482184,-0.36923597618123716,-0.3230838821163666,-0.24343338396283534,-0.11921583139234286,-0.033490088484405545,0.09025695769394836,-0.015785565300581325,0.049661595052676887,0.26507845033466587,0.1589349602667511,0.31805847055207775,0.3005872242021759,0.27203831677698914,0.38670047655947387,0.41951740845101315,0.43635735103229434,0.4653490356040145,0.5967456033661341,0.481669786979508,0.4685957528961203,0.47306766356286695,0.40035182517978063,0.610151080479487,0.4654174530453033,0.5133814780039572,0.3415132715802576,0.3941729003103263,0.09172693419142991,0.11977676941979358,0.016676713534717103,-0.04082908060314519,-0.4136093038200792,-0.3058666062802551,-0.7168891856270302,-0.663281251104489,-0.70170447435566,-0.7850634643976739,-0.9444433112601435,-0.9485602505350909,-1.0630631299643651,-0.9954396173130655
-0.45434168771051386,-0.4915131174313359,-0.3402523798240808,-0.38047159119220236,-0.1758579882802578,-0.07055034769481747,-0.044524204634118575,0.0729674303045491,0.10631515536942397,0.18994306574737346,0.3644787197914921,0.29812795697587613,0.27279659116859817,0.4453083698902835,0.40171784727057364,0.33319479597155843,0.36727851861550204,0.49042979319973956,0.5580621426779864,0.5362944307821061,0.4805647748993549,0.5679444200931661,0.5832334669660315,0.48216433438416323,0.4798062447737757,0.3269442581298845,0.3449461482109901,0.20365569701497227,0.2814879184439665,0.2352245297273298,-0.11524391600230607,-0.13703174346934271,-0.1851757371977781,-0.30818900521006737,-0.5049351066115504,-0.5154549296983802,-0.6160731975538066,-1.0217629577240968,-0.7966319132459482,-1.0002860122239259,-1.0079722086419354,-1.0760182068428938
-0.4328287560103145,-0.4748743136844901,-0.4118118180681188,-0.23085249078127498,-0.17562877182031664,0.00377589915155384,0.10940924721648555,0.10242334665010976,0.19106885559464237,0.1404168454910075,0.267166584823437,0.2606450547959218,0.2889407173626634,0.3289113032030232,0.45481201520158165,0.36329679176273094,0.38465957629447634,0.4007632404807046,0.4842595320233553,0.5770535091161858,0.4074481002122961,0.5509130888404463,0.5010393102511026,0.5954372055643303,0.47984063415587885,0.4348850705804588,0.4600374265521016,0.2565993639164613,0.28906109056181123,0.117466623078197,0.09926743055925794,-0.25544157216614294,-0.2767720183567899,-0.2529711763554751,-0.5173631278815786,-0.5496930230302958,-0.6910240114780465,-0.9335150398456057,-0.8476045981115465,-1.0369577205244032,-1.0423718149559975,-1.1371101177863978
-0.5185830756273209,-0.39997583016036786,-0.26882871731749525,-0.12849065303560508,-0.1903672252853216,-0.05935020598474462,-0.04851754894538962,0.07705809509257737,0.18320201614627085,0.18406606860066776,0.23416334226651433,0.34264781355834595,0.25342878359862075,0.39749942218741835,0.4009146990191114,0.4454066417013389,0.4038945041612601,0.42455180646468776,0.4872056232814892,0.5783833270641201,0.41210245125486894,0.5873717029312565,0.47896567834185366,0.4662826560089725,0.392810003253139,0.3412607448015741,0.2932834820664945,0.37721900488269433,0.13274299133621628,0.1484307853610934,0.06557147789439001,0.031729459297717824,-0.16386526421409647,-0.4229639151474661,-0.4773588372880589,-0.7928923344156286,-0.7337284505054301,-0.7461277339285564,-0.9264374899317775,-0.8776921324054474,-0.8925522914600169,-0.9711661559824231
