gfs-wave-data.json
{"header": {"parameterCategory":2,"parameterNumber":3,"dx":2.5,"dy":2.5,"nx":144,"ny":73,"la1":90.0,"la2":-90.0,"lo1":0.0,"lo2":357.5}, "data":
[rows 0 to 22 of 73, columns 52 to 103 of 144]
0.0,0.0,0.0,0.0,0.0,0.0,0.0,0.0,0.0,0.0,0.0,0.0,0.0,0.0,0.0,0.0,0.0,0.0,0.0,0.0,0.0,0.0,0.0,0.0,0.0,0.0,0.0,0.0,0.0,0.0,0.0,0.0,0.0,0.0,0.0,0.0,0.0,0.0,0.0,0.0,0.0,0.0,0.0,0.0,0.0,0.0,0.0,0.0,0.0,0.0,0.0,0.0
0.0,0.0,0.0,0.0,0.0,0.0,0.0,0.0,0.0,0.0,0.0,0.0,0.0,0.0,0.0,0.0,0.0,0.0,0.0,0.0,0.0,0.0,0.0,0.0,0.0,0.0,0.0,0.0,0.0,0.0,0.0,0.0,0.0,0.0,0.0,0.0,0.0,0.0,0.0,0.0,0.0,0.0,0.0,0.0,0.0,0.0,0.0,0.0,0.0,0.0,0.0,0.0
0.18882832518961506,0.17247573508895214,0.21533457871314207,0.29006641627444774,0.3067118594482119,0.36770041310701473,0.3044859254963958,0.35070774500702223,0.383068515411077,0.3008854789914088,0.42522641557501645,0.4285390814908662,0.42099157569694245,0.28845707289854955,0.29632121424770347,0.26677472288892384,0.28777419771101853,0.32362482437633294,0.2222952086538563,0.2666683153652833,0.18973493794256682,0.2893958636190999,0.2294270362985914,0.24455744474123406,0.29044597770644215,0.4695586985416378,0.4641908844471607,0.39659517525893995,0.6272000340390829,0.6776241996165394,0.6750825455371949,0.8164036160715835,0.7942781479451028,0.6286522435638968,0.7696164974550348,0.7069277626393536,0.786001429608762,0.6413764764093787,0.4752915443900548,0.5107869453656257,0.5561905053889251,0.4180546028501181,0.47465974157535745,0.39959191818418366,0.3423757266578669,0.40258778502355397,0.41489670293532294,0.4483624712144399,0.45531945624782433,0.4581253962701697,0.412293211226391,0.5539395537121836
0.24978781434297878,0.19931054419816696,0.11863832673810404,0.24251273573090448,0.2569428537430103,0.34963723229052684,0.21723416127494696,0.3090657248528849,0.28262006280932117,0.2706957944439927,0.2623600786035615,0.3801302014120543,0.3811234469841938,0.37157209748578846,0.28783433210359216,0.2788047676062983,0.29193582462004525,0.3120247058362874,0.1911627350685833,0.2109900137081443,0.17984627178876994,0.18063866423255667,0.29279377764350834,0.2299470381689988,0.45325976998217893,0.540386301992397,0.36060642955830147,0.5340236026462236,0.5005187066275156,0.6773099569997035,0.6744606652494625,0.8285859772205828,0.7314939288651404,0.7067650888837956,0.8241023766629952,0.7211212900485003,0.779455377750779,0.5564473676850429,0.6482591196773717,0.4390941470370161,0.35594028476988976,0.5235379065366531,0.3229189382818118,0.4534316070918004,0.34601884135417427,0.3386522611787978,0.3419604589294228,0.4688401566007354,0.41597103870566626,0.4593399918455238,0.4272593142965796,0.47691132711956397
0.1196121303658561,0.16639517659692937,0.16792718870577833,0.22350042056443067,0.26100378867169777,0.21924409890308322,0.305033570248754,0.22513475522286844,0.4027699665233801,0.34784876198759973,0.3677756745487228,0.2833597086335365,0.3728167842715903,0.32291976849049203,0.41867393185328644,0.2873506060506052,0.381481081493939,0.25102478626175784,0.3466653703658465,0.2574110568660389,0.16906052654656553,0.3608641102871849,0.34318843702422197,0.3915675330657658,0.36022361997504015,0.3719351700483253,0.5054009723370964,0.4516548872318394,0.5455531720631022,0.6892943948347978,0.7990744798463566,0.713384502224754,0.8645658266221314,0.7185922520426542,0.6666343922211515,0.8221650509990641,0.6922475749303806,0.6848393724033608,0.6350212680637388,0.490789513105482,0.6149809112807699,0.4032816036610652,0.4459641544854327,0.47375341589912534,0.28294346709001644,0.4514528943865851,0.3489335788277556,0.3924163018731861,0.3559855250104539,0.4647883211134984,0.47291703651571,0.5582895490668661
0.23923470376024536,0.18159259349309845,0.1575403877201381,0.18099565215674482,0.24547364953365847,0.3180801622681982,0.3165124860572906,0.23273994126449254,0.37948191620152405,0.31808705442247054,0.3966132671279378,0.3776141240114181,0.35026802489893216,0.3019543320344596,0.22000136505273973,0.2748362718543795,0.3673264315151876,0.20486933238391686,0.3553467217754403,0.2122700376098478,0.40534267092132653,0.22634053754532923,0.33359670620875737,0.46560755745655247,0.3784754033314027,0.5126147551649259,0.5105326521552456,0.7015510871029631,0.644303131097791,0.7625019882444972,0.6701680960045281,0.7419771473508178,0.7338591097378374,0.7083940056353419,0.7920603381904338,0.7109812046180397,0.7393321484981724,0.6263129852789311,0.564911487701724,0.599455387634957,0.4868572889450167,0.5131414846377205,0.47145277669086955,0.25672074233810027,0.26718765003132106,0.5126618233472616,0.4515439615017987,0.48009884771760775,0.48153045091350244,0.4224384094361668,0.45926921490667505,0.5079460392714702
0.2075092295962109,0.16395604538595304,0.27322728873859053,0.3017012012445798,0.3070751108530052,0.3270034278997453,0.3435291884956547,0.4181873112513502,0.2669755849188891,0.34957422200216953,0.3338643142602567,0.3429148316581766,0.3778648928106974,0.3814412553815915,0.31719084475769344,0.21057036166132692,0.3511213081793273,0.2877163531796179,0.3444964715371455,0.31586365950445916,0.28599522895719154,0.3974241127937608,0.3360301782339341,0.43862814239988185,0.312475753096272,0.4742525791511308,0.4835007622372506,0.49621278729619267,0.7152622767141287,0.6181088721653999,0.6359774510379302,0.802022458088945,0.7630276881672899,0.8450354759146922,0.8823252838529227,0.7387437375778294,0.6936842964257908,0.5896330125525832,0.6079463292191409,0.4233354775597479,0.63072074435785,0.43829084037018046,0.2746237862709174,0.42335305554098457,0.36126599338546267,0.38641253779482887,0.4091625671894204,0.47077608811042226,0.4991108552144103,0.5322786126532651,0.47948544696715784,0.510444562521544
0.0,0.0,0.0,0.0,0.0,0.0,0.0,0.0,0.0,0.0,0.0,0.0,0.0,0.0,0.0,0.0,0.0,0.0,0.0,0.0,0.22681388909799252,0.33422660180951164,0.2764905080410854,0.3514074887557011,0.46149745494721806,0.5357095468388696,0.54357890608813,0.5115503073006324,0.5214953928182028,0.6484392710126952,0.743186751956435,0.7330243625029572,0.7930231405062147,0.7204984116113563,0.8267451806222154,0.8332650776174443,0.6463472890111562,0.5988801643837305,0.57745620317294,0.5011530577952252,0.5647057308751134,0.4945224284144543,0.37202793100523346,0.4840452887776556,0.39965482377091244,0.39900227262167987,0.41471112464592513,0.489285555575368,0.49747253627408555,0.3738800184011007,0.5977776818737967,0.44998874965850605
0.0,0.0,0.0,0.0,0.0,0.0,0.0,0.0,0.0,0.0,0.0,0.0,0.0,0.0,0.0,0.0,0.0,0.0,0.0,0.0,0.2915820071460631,0.256891398019508,0.3655369097333502,0.30569616145345757,0.38027454065765,0.0,0.0,0.0,0.0,0.0,0.0,0.0,0.0,0.0,0.0,0.0,0.0,0.0,0.0,0.0,0.4687928278841696,0.33753955662836305,0.3817238914348524,0.42860799877644595,0.38045766509172313,0.4758952391882629,0.40929290182245764,0.3900847894939911,0.42141792199094397,0.5071781708072223,0.4171931953794948,0.6148348900243309
0.0,0.0,0.0,0.0,0.0,0.0,0.0,0.0,0.0,0.0,0.0,0.0,0.0,0.0,0.0,0.0,0.0,0.0,0.0,0.0,0.22207349274432966,0.3882374119645504,0.3751531638533049,0.4282252600769268,0.4994908939358779,0.0,0.0,0.0,0.0,0.0,0.0,0.0,0.0,0.0,0.0,0.0,0.0,0.0,0.0,0.0,0.5969456713558593,0.5097474105726711,0.40465036264378285,0.424271446130137,0.3878812793948299,0.5316992009526798,0.3290582617978147,0.38812912947917205,0.4530299471225575,0.0,0.0,0.0
0.0,0.0,0.0,0.0,0.0,0.0,0.0,0.0,0.0,0.0,0.0,0.0,0.0,0.0,0.0,0.0,0.0,0.0,0.0,0.0,0.24135391194642944,0.25211658514695084,0.39523819182970366,0.3228602334017288,0.3401507878994518,0.0,0.0,0.0,0.0,0.0,0.0,0.0,0.0,0.0,0.0,0.0,0.0,0.0,0.0,0.0,0.5784634018393885,0.5197057826433679,0.374776685865845,0.6019679282635729,0.4521766209301763,0.4847426979157007,0.5440217838820552,0.49969722828317104,0.37451170489069313,0.0,0.0,0.0
0.0,0.0,0.0,0.0,0.0,0.0,0.0,0.0,0.0,0.0,0.0,0.0,0.0,0.0,0.0,0.0,0.0,0.0,0.0,0.0,0.2578083354911906,0.3100942397657068,0.43114788093077244,0.29728510439230194,0.39480093277790046,0.0,0.0,0.0,0.0,0.0,0.0,0.0,0.0,0.0,0.0,0.0,0.0,0.0,0.0,0.0,0.577759882464575,0.6034271610735101,0.4816126388297483,0.556290022984413,0.5206237630781845,0.44655071209093866,0.4711086035964385,0.345178855202985,0.5072262109015356,0.0,0.0,0.0
0.0,0.0,0.0,0.0,0.0,0.0,0.0,0.0,0.0,0.0,0.0,0.0,0.0,0.0,0.0,0.0,0.0,0.0,0.0,0.0,-0.46531841690372233,-0.28726643751592124,-0.3129292201255051,-0.433935385322178,-0.46882483832212213,0.0,0.0,0.0,0.0,0.0,0.0,0.0,0.0,0.0,0.0,0.0,0.0,0.0,0.0,0.0,-0.40643989722962887,-0.3906356420093539,-0.47287708505605613,-0.46760172205556494,-0.3858076685634867,-0.30399789309255243,-0.39048100765229005,-0.44548791217449574,-0.32812927700256633,0.0,0.0,0.0
0.0,0.0,0.0,0.0,0.0,0.0,0.0,0.0,0.0,0.0,0.0,0.0,0.0,0.0,0.0,0.0,0.0,0.0,0.0,0.0,-0.346121223862117,-0.3710751426138034,-0.3384616530659506,-0.3471622454657771,-0.4767328181349034,0.0,0.0,0.0,0.0,0.0,0.0,0.0,0.0,0.0,0.0,0.0,0.0,0.0,0.0,0.0,0.0,0.0,0.0,0.0,0.0,0.0,0.0,0.0,-0.3278854544790079,0.0,0.0,0.0
0.0,0.0,0.0,0.0,0.0,0.0,0.0,0.0,0.0,0.0,0.0,0.0,0.0,0.0,0.0,0.0,0.0,0.0,0.0,0.0,-0.29209680329868787,-0.33551590666334447,-0.3923161979410948,-0.4291637742106299,-0.40439121622951185,0.0,0.0,0.0,0.0,0.0,0.0,0.0,0.0,0.0,0.0,0.0,0.0,0.0,0.0,0.0,0.0,0.0,0.0,0.0,0.0,0.0,0.0,0.0,-0.3339143335372593,0.0,0.0,0.0
0.0,0.0,0.0,0.0,0.0,0.0,0.0,0.0,0.0,0.0,0.0,0.0,0.0,0.0,0.0,0.0,0.0,0.0,0.0,0.0,-0.3611561866658936,-0.3163190721728529,-0.3919453991888919,-0.3134576863721325,-0.36091284079611463,0.0,0.0,0.0,0.0,0.0,0.0,0.0,0.0,0.0,0.0,0.0,0.0,0.0,0.0,0.0,0.0,0.0,0.0,0.0,0.0,0.0,0.0,0.0,-0.3341821078241229,0.0,0.0,0.0
0.0,0.0,-0.34271739703455917,-0.3429904806685197,-0.3919643341468409,-0.4159470655990224,-0.4824011331502896,-0.4446314787713375,-0.3123033910431258,-0.29758685328174544,-0.3203963365673248,-0.3723854592835345,-0.36909030081913996,-0.34190552018705817,-0.37127078436719385,-0.40320121561482275,-0.3338942249700412,-0.35661538107892554,-0.3609296788566655,-0.3961144041391278,-0.4125243507368195,-0.3665018842809664,-0.399485268300116,-0.3872716910252226,-0.3425539036463128,-0.4732311588291152,-0.39885044719941026,-0.3108097266012193,-0.4302272631073821,-0.31035815824036284,-0.3659453373286846,-0.3964154114368263,-0.3681042779859069,-0.4018947937288431,-0.3771663796512441,-0.3843648020130865,-0.45667145603800885,0.0,0.0,0.0,0.0,0.0,0.0,0.0,0.0,0.0,0.0,0.0,-0.4347671687629162,0.0,0.0,0.0
0.0,0.0,-0.3658695630723944,-0.4458578300062034,-0.4805326973038827,-0.4083432921924835,-0.3320305631985398,-0.36630210463021096,-0.30911436514381924,-0.35019049976723365,-0.4764168541263806,-0.3228918229780923,-0.48071135640176565,-0.4668938700166346,-0.3091963447210491,-0.4205589154664454,-0.4570716603364385,-0.38139801158293474,-0.3534003736650123,-0.3684649439847611,-0.4966304105317243,-0.4104438506786585,-0.3449551009875541,-0.3451617852133943,-0.4809082618765485,-0.3291217538343062,-0.3734422861231389,-0.3421571778564632,-0.36112678880487936,-0.4282225322825965,-0.4865326104750454,-0.3861962841438532,-0.448071125519089,-0.31691046585704874,-0.41906483649915865,-0.3298176161297342,-0.48688499242339583,0.0,0.0,0.0,0.0,0.0,0.0,0.0,0.0,0.0,0.0,0.0,0.0,0.0,0.0,0.0
0.0,0.0,0.0,0.0,0.0,0.0,0.0,-0.41133160919863354,-0.44402147024644906,-0.4701551910023552,-0.4868399587873073,-0.4782282791306094,-0.3988836181123296,-0.39071393844820884,-0.4418984660309783,-0.4162694537039511,-0.44166492228077087,-0.3848409867554333,-0.3430240389607596,-0.45042904290673363,-0.48016541110230354,-0.34929780134742194,-0.3169447681169147,-0.3819736879043173,-0.3317411026918197,-0.39657993278963954,-0.46811981323582447,-0.46130125416390033,-0.43102587489113203,-0.30926393068127217,-0.4878476181438787,-0.34677328828204423,-0.35901115687493806,-0.3719070745710978,-0.3706482888103657,-0.42592798978437496,-0.31136110364173164,0.0,0.0,0.0,0.0,0.0,0.0,0.0,0.0,0.0,0.0,0.0,0.0,0.0,0.0,0.0
0.0,0.0,0.0,0.0,0.0,0.0,0.0,-0.4744741995889774,-0.30496989006342307,-0.4436039699229125,-0.3800897086316507,-0.396401445007996,-0.32357221249445245,-0.4238238953814486,-0.345262137469958,-0.3579813358712049,-0.40061914078957706,-0.42720713235033114,-0.4497919548859913,-0.34877677587784534,-0.4355569100122329,-0.4813708831918552,-0.42965596922260924,-0.3007038640076503,-0.4177573093559555,-0.46070231849293813,-0.3608302510691188,-0.380588706000415,-0.31519002650479366,-0.3743382516428696,-0.3784514721516326,-0.32174566191883625,-0.4496319729793226,-0.37647611565560185,-0.4823206644239755,-0.3336093680161328,-0.48924098121006143,0.0,0.0,0.0,0.0,0.0,0.0,0.0,0.0,0.0,0.0,0.0,0.0,0.0,0.0,0.0
0.0,0.0,0.0,0.0,0.0,0.0,0.0,-0.31668731926887395,-0.38252209038948004,-0.34112357859609377,-0.4256635664027251,-0.3619167253518465,-0.45607669240647525,-0.3682086003290799,-0.38654610800027095,-0.39949753920534575,-0.47192871573345385,-0.4045119696541416,-0.4243952681355296,-0.37358147171699563,-0.39519751139351844,-0.3776517139182685,-0.41723831490900587,-0.4902112160036665,-0.3905373616255424,-0.32234599360787974,-0.3960168161684364,-0.4257763843067053,-0.4837961078652776,-0.4802101268409203,-0.3742342896548413,-0.47041038372478855,-0.44092477914335604,-0.3855849237021253,-0.4733674541208251,-0.38742143762323916,-0.4837614972683357,-0.3794826212682193,-0.4511828741290419,-0.35156606171889343,-0.4648956847389877,-0.47943986359580576,-0.47640141599616737,0.0,0.0,0.0,0.0,0.0,0.0,0.0,0.0,0.0
0.0,0.0,0.0,0.0,0.0,0.0,0.0,0.5039557087050244,0.5713262418863624,0.5085256710755717,0.5707848339224004,0.5651829861723097,0.46144530020057367,0.5023509786491552,0.23312507403987517,0.1415331547560414,0.35414070821559085,0.19541131824001506,0.26161398297609084,0.10772669579086981,0.05732207656007569,0.1416594017004484,-0.10930791032539337,0.03184719853107475,-0.04901549757862741,-0.26165641088802427,-0.4098152456701845,-0.5617801790651389,-0.28214358055715283,-0.5223313145675592,-0.5595596018273377,-0.5066590940636118,-0.33495665664623114,-0.34256320548045854,-0.501083429488827,-0.5071397022081977,-0.6151143593440006,-0.49928180622593044,-0.4309657316019218,-0.5062038812813275,-0.38577982609422257,-0.40536590090619584,-0.3409405841188464,0.0,0.0,0.0,0.0,0.0,0.0,0.0,0.0,0.0
0.0,0.0,0.0,0.0,0.0,0.0,0.0,0.6008630815049034,0.3251684979484201,0.5148705176897029,0.5690965006654991,0.5376894758388614,0.5508826624904579,0.26531602979711244,0.3486455423277398,0.4639598507380918,0.11412577157604986,0.08667190156288697,0.34844454209723846,0.10843584557381927,0.03412555934249088,-0.08682390166058525,-0.12577040656157798,-0.10909348312025295,-0.41916713744073403,-0.11743038782325523,-0.2993934433556431,-0.2556902859996144,-0.3092633023049611,-0.2238263915519796,-0.442516329811097,-0.31317610794738715,-0.5263057487498041,-0.6424627031730795,-0.5619716594055416,-0.4718746355202947,-0.5967306793933143,-0.4296475118023343,-0.6776829859153155,-0.38481456922838353,-0.6662939995186935,-0.5127515306561966,-0.4635245520157423,0.0,0.0,0.0,0.0,0.0,0.0,0.0,0.0,0.0
