gfs-wave-data.json
{"header": {"parameterCategory":2,"parameterNumber":2,"dx":2.5,"dy":2.5,"nx":144,"ny":73,"la1":90.0,"la2":-90.0,"lo1":0.0,"lo2":357.5}, "data":
[rows 36 to 53 of 73, columns 42 to 83 of 144]
-0.4725039751057803,-0.4882914123658769,-0.5396891834856163,-0.5696883419256412,-0.5279614526759254,-0.5155796507759229,-0.5242631703282713,-0.48492594670234074,-0.3529556108989985,-0.3377178496092715,-0.4481680196446019,-0.2891363047760704,-0.34906139223756655,-0.3407354283371201,-0.30237351491725506,-0.3131570783388419,-0.26461364054937225,-0.34436887959917745,-0.19576907152025672,-0.223520870120173,-0.21517954064397096,-0.3945173825265376,-0.3755099530338146,-0.4264740744353265,-0.4432450166675541,-0.5388561185460871,-0.5220842937714654,-0.5938731054574797,-0.7317314645984174,-0.838737195610825,-0.7497522607579032,-0.9455687471940484,-0.8305762013754688,-0.7961540579319889,-0.9248465556733789,-0.7406341173431407,-0.7831950291708265,-0.7588398064073156,-0.48969473429913785,-0.49701680161758277,-0.5107864187300425,-0.5965948070034996
-0.5092428928246717,-0.4535111653511126,-0.4523887787581881,-0.5903525178833005,-0.5185725493267673,-0.3888029343770802,-0.4039118305194009,-0.525767208594567,-0.4937977423129426,-0.3845671235918918,-0.31266238761418036,-0.3289653198195183,-0.23626154875057287,-0.3134816801952343,-0.333675158560894,-0.2956749063410016,-0.19982099467700945,-0.18609316955116686,-0.18079310824783143,-0.37323347623958747,-0.29261868057121215,-0.2592561064145849,-0.4582265768420025,-0.29189625777443784,-0.4508979317238119,-0.5029775016689003,-0.5305442176674785,-0.6023196349238183,-0.7302363486661795,-0.7503845982434156,-0.88509272238742,-0.914285852195624,-0.9006781730214286,-0.8437798278435055,-0.8289561110788255,-0.8214068938364374,-0.7595225347055461,-0.7587167921708201,-0.7375288235339764,-0.6649127038061737,-0.506726892556556,-0.6432410605223047
-0.3852980335236109,-0.4519207597965017,-0.5053769418432346,-0.5046042649042607,-0.5590673025149834,-0.38339766182675306,-0.5172706462538287,-0.4132976817188169,-0.4569464305864508,-0.3136318520818144,-0.4340148681617065,-0.3818927496182676,-0.26391058596905675,-0.24465939148147703,-0.2004353604243635,-0.22420693426651514,-0.24033623847097313,-0.2511956212338525,-0.1866876064998155,-0.29474364851657303,-0.3352522691508585,-0.296592633292984,-0.2987886979183337,-0.44770100080158154,-0.43709206607922146,-0.58478058607615,-0.5952144145816852,-0.5637881775321691,-0.6280556261545933,-0.7531755289616501,-0.7138281549767471,-0.9273378966058443,-0.946128709958693,-0.8608848758801284,-0.7229137721053724,-0.6566879967494297,-0.6832797150914315,-0.6357639558199593,-0.5389494297099022,-0.7588499915867265,-0.45898507549629447,-0.618192145735151
-0.3202311180265198,-0.3836229183753974,-0.5437632671524126,-0.38030096217508913,-0.3846175917804835,-0.37117142363551886,-0.38925389326861454,-0.4133758795090759,-0.31467168421082437,-0.2696720758832445,-0.38568857577205223,-0.3647104470051812,-0.3318696450480034,-0.2918309252456271,-0.3348011642417728,-0.23057937170302995,-0.20054358445104414,-0.19073047211339242,-0.17205765709277612,-0.20799949288337288,-0.23348045403198933,-0.38541759169992723,-0.3556159304637417,-0.441697042302304,-0.3868233410608146,-0.44920901110823425,-0.5218413573228307,-0.6384327569173347,-0.6792305067769355,-0.7941028069136203,-0.6980019551688288,-0.7045661134514086,-0.7260200770624596,-0.8553557088024726,-0.8714476770048175,-0.7486722907765074,-0.7855338446105622,-0.8020933041818179,-0.5935207756016091,-0.5901133345696209,-0.4274179907675553,-0.3827624912338788
-0.3955018576401537,-0.34958851708346816,-0.46678312314467285,-0.5460471468991998,-0.36859142643617476,-0.48454472535681026,-0.41246636747673926,-0.3766033464124777,-0.386093541239775,-0.3543390296041877,-0.2365119123187284,-0.30007424994542187,-0.3322023454914037,-0.27613422276466265,-0.18543980419655867,-0.16742666129797093,-0.11874913455099863,-0.20150818018341254,-0.23248146049480445,-0.2029488042588829,-0.25665701525937507,-0.19042862954330245,-0.3121246855727694,-0.38778467401009525,-0.5176107918175739,-0.47166529711413674,-0.6697505250546236,-0.49234167403233314,-0.6901875973134309,-0.67375250175571,-0.7379442338349488,-0.8953804152394643,-0.7726054622781772,-0.7855375015631145,-0.6760382182976685,-0.8499308031627968,-0.7069289088964208,-0.5214237260090513,-0.5501360998218524,-0.5667705129694208,-0.5608776239904125,-0.6682531706036979
-0.4110773799377019,-0.5015080077448857,-0.43854337933229065,-0.4599096754446897,-0.4610707318487881,-0.436991456677547,-0.3746720698635341,-0.3360854466273071,-0.42810225254250284,-0.34076282677921477,-0.2848010564960755,-0.24184630776071925,-0.31091174795339743,-0.17615602541487538,-0.21607382623436386,-0.27686132051451,-0.15464972873964503,-0.19867537844161978,-0.16668061859812155,-0.2137096158723576,-0.20691998938302927,-0.26401076662168105,-0.3131860851797644,-0.4603060497445457,-0.39582579675641244,-0.47538734482320316,-0.553898477618698,-0.6639973779412057,-0.6737216734604435,-0.793799545433188,-0.8074454855883295,-0.7046952282596788,-0.7672320443530903,-0.6950315552829428,-0.8720763016571854,-0.7153514873119076,-0.7290401963176935,-0.6476716227264778,-0.5399193946693428,-0.49622982146850514,-0.5370987014513043,-0.5474906074741754
0.034132960349535946,-0.01601107199215328,-0.00674801611615302,-0.006235731438940273,0.05162783725608024,0.026414788346063554,-0.030682600900121444,0.04132600675803536,-0.020172963629846264,0.022372982032277253,-0.020621402392571795,0.02939277389523384,-0.03440755207029239,0.03693489471832034,0.026017117307787985,0.027064560465617414,-0.0194640604823838,-0.0328853397991223,0.015281394410677537,0.014648990302462545,0.02579336810714362,0.0440374956253515,0.012448349446688094,-0.007511869425679736,0.007624375116779243,-0.027902621334178195,-0.04621385921415179,-0.005914268679703129,-0.02725111525004012,-0.02192561997149872,0.02790246759328915,0.014587746080792928,-0.016376302615270608,0.02038688839343017,0.01615677569522231,-0.027079296961168422,-0.007638019132842789,0.03371243098641282,0.009773385287380887,-0.023078347897672023,0.027196902896985148,0.014803737072731778
-0.6911372836106444,-0.5216923782227612,-0.7899006755353235,-0.7509378926827038,-0.7655986570473435,-0.7021098991701035,-0.6248557938608829,-0.6806205014938319,-0.6967692457247299,-0.6127948022397761,-0.6583274101858678,-0.5313182269969201,-0.5579347915625659,-0.48452841925604,-0.5869223321636898,-0.5268097642688818,-0.6581648912187326,-0.6620674744438307,-0.7194086989033718,-0.6658998822848963,-0.7170777578247951,-0.6150651749116082,-0.6603056655761943,-0.7233432776846405,-0.5465764779824671,-0.5968311292537463,-0.5531648686197751,-0.6698152496917308,-0.6347581258087107,-0.6970796287025874,-0.7228368960122707,-1.1032132406089181,-1.1059110335040774,-0.9914548171822899,-1.197236837085351,-1.2362663541483343,-1.1228020441333377,-1.0612324972029812,-1.2567132077233392,-1.2385514872913408,-1.073498728987542,-1.1686318211019793
-0.7230402134534092,-0.778588875867798,-0.7134530215675835,-0.6314607008850225,-0.7163861113694534,-0.814985045540024,-0.6726018862483799,-0.6815345725994431,-0.7413637545533766,-0.6350178926522113,-0.7700822017234462,-0.7316791532029819,-0.7567223865209386,-0.6743278793989999,-0.5756119393295493,-0.4983055106210084,-0.5725248538787613,-0.6353560862341717,-0.6550126254841573,-0.5667298240852264,-0.6431199371171622,-0.6379013691042938,-0.6371492615175546,-0.5163633842044812,-0.6148084130527622,-0.5028555345078115,-0.7048134519929349,-0.567012134357352,-0.6637191809865953,-0.5901539279663085,-0.5735156420457056,-1.1231182756042277,-1.030358225453926,-1.0487730950280536,-1.138517551149455,-1.146384656198716,-1.082082247668085,-1.111559607214337,-1.0115903003102031,-1.196014427361636,-1.0905822218040992,-1.0732226484421847
-0.6166072430645952,-0.763342958470969,-0.5751516450405283,-0.8540928455202466,-0.6686163093758094,-0.5355904498141197,-0.6838068997748374,-0.6817717824817173,-0.6841131446629299,-0.7675856720903202,-0.5431741582164284,-0.6220209931818381,-0.5955048408504348,-0.5788864113543061,-0.6830536204141751,-0.6748471430352272,-0.6796710197776468,-0.559905320008557,-0.670060593381101,-0.5983889053578502,-0.5564602290494463,-0.5938435374381114,-0.562121563365472,-0.6496193688142307,-0.5787687351086874,-0.5947966615193229,-0.5861505230819913,-0.7268218577023811,-0.6375590150140414,-0.5805234340320105,-0.5425533338768973,-1.1160100867447889,-1.0977814330589883,-1.0490984317449372,-1.1883040790832582,-1.1821404089394978,-1.0381926903020993,-1.1549838464968665,-1.1095229728870721,-1.0903862575926895,-0.985266181419862,-1.200307476890011
-0.504090675660497,-0.7136648903661471,-0.8007900723596185,-0.661956171447328,-0.734035636972202,-0.5826025529239088,-0.6998933862978575,-0.4989105678755574,-0.5412663422379211,-0.5729273869488181,-0.6010585635211624,-0.6812848920248733,-0.4866322608623083,-0.5292558177233329,-0.598641296146222,-0.5805610272555125,-0.6650178561298894,-0.5856813371432116,-0.5523805003728627,-0.590642336356686,-0.5459286284175343,-0.616407718687021,-0.6167252137135631,-0.6469036070047445,-0.7197166290126811,-0.5376497532410215,-0.5069824542580159,-0.5976686862117832,-0.554924066218941,-0.610529332210184,-0.5070526396686436,-1.0404679980997895,-1.145073803960048,-1.1267627285374697,-1.1858743267812595,-0.9720958963747434,-1.0876026147342328,-1.0515516864272858,-1.0162827929214509,-1.1293099685506718,-1.0207214734803112,-1.1361332410817693
-0.6811842070761222,-0.6892887660559401,-0.5611484175821101,-0.6897397351477733,-0.6920301539678871,-0.5814572591786568,-0.652974467580116,-0.5858413707757516,-0.6946829043151204,-0.6425906469016844,-0.5772446848216118,-0.5651445764553094,-0.555006279680427,-0.5770059530541815,-0.6525055001188736,-0.7272647750313386,-0.6584805849104832,-0.6688823760198241,-0.7314800123999925,-0.697635870302079,-0.7022182144100365,-0.5187893537503926,-0.5674913875317973,-0.5234794021237111,-0.5608466997142973,-0.6675439872808084,-0.534744812268121,-0.6223576229531288,-0.6404520770207207,-0.5462622990430077,-0.6440364491268074,-1.0206398386296476,-1.0400726770914042,-1.1148830251388566,-1.025929684884636,-1.0840583637584293,-1.049895495920896,-1.0916093604981876,-1.02103278370202,-1.0331453794084549,-1.0407211896732613,-1.1348363191423456
-0.029571947020803204,0.023915007356825724,-0.04283349751424218,0.030315596960382135,-0.007428422587538416,0.0075986613014912725,-0.0014898842736686042,0.007407034719651801,0.00019452437084865128,0.0209442843885705,0.03295210594131223,-0.00835734688847461,-0.0018121950195077096,-0.013068121987030551,-0.00839389700344739,-0.007362851593947479,-0.019097983222755743,0.00920578116376414,0.01813210335973393,0.02752118357479663,-0.014214089612849519,0.005583988882691633,0.01346422646349153,-0.024866306523863475,-0.007342602344776553,0.0043017653298868,-0.003691873233071994,-0.016711139734823702,0.0022739555577858286,0.00026104767155898576,0.01973117275774403,-0.017657807251860533,0.01045849814900953,-0.009344243361336586,0.01014309259543781,-0.02391942304404416,-0.004556924589208098,-0.02253611379885789,0.008083202718067981,-0.0016584040379684472,0.010386721968921729,0.004585783164866127
0.7207864590820229,0.7829381721482465,0.7023129966815073,0.6866682783024582,0.7296580617900446,0.6717741248813418,0.6918052248492047,0.8144575008588433,0.7209969041717491,0.781858412841341,0.7777904554044142,0.6441274026029541,0.7248385238062348,0.7856080494913997,0.6911944941384909,0.7397974202938389,0.7689864125981717,0.7465059148744942,0.8942590787938878,0.821464006666423,0.8549884583980718,0.8986259602599964,0.834685572257042,0.9626094169094878,0.978263118589277,0.9632969033808995,1.079324223548277,1.0460289719459,1.0431285546618716,1.1453836200948255,1.0844773191788384,1.1998890427749045,1.1544430803454695,1.1149651468976167,0.9767162532285921,1.0865879762637258,0.952263318303548,0.80286816978598,0.8580803359766387,0.8405591439112201,0.8738458275860282,0.6761490132018841
0.7790678519625578,0.7896783268618296,0.705416970435258,0.6792408125850226,0.7579046959606696,0.6877527577130896,0.7231754258184482,0.6681532391348163,0.5996826832160991,0.671722552665496,0.6231279924680931,0.8039799140659966,0.6646192562267548,0.6430415731956636,0.6802163799873726,0.7085892888301455,0.6782250832247572,0.6764377980944108,0.751370326253325,0.7456852510997849,0.7091924276272965,0.9558601561948581,0.8906661034661906,0.9092027780796393,0.9781418819193698,1.0384543794064849,1.0413630133547545,0.9718446350193565,1.1128242851475283,1.1713660198807652,1.2240801354848398,1.0451125143153475,1.108130634976824,1.1373941853258664,1.086373948004054,0.9755219974373242,1.0301087556420065,1.0201075461582376,1.0028182821245553,0.7752022373953269,0.8442648155938179,0.8984104486121193
0.6567004098232399,0.7514590248963616,0.6814221924249863,0.7247157033827222,0.7688543279884055,0.7381996979220595,0.6751225589706039,0.7383404455246446,0.6839902735902144,0.6842617943010216,0.5747342171792691,0.6907744326692673,0.6673705610605396,0.5530206871946473,0.7111548389986735,0.6195897883011708,0.7512360790767362,0.6747562714681306,0.8568096121954469,0.8033305281084734,0.8494458143859194,0.7859917527858697,0.9019871007683643,0.8605708373578993,1.0155793175721228,1.0292616528049277,0.978185585167478,1.110176836063341,1.1629133788660109,1.0341508876360652,1.0378095337694924,1.1677525561978783,1.1743168034335534,1.0356674020760932,1.0956090174270294,1.0334850592634504,0.8991750228102295,0.9210914169814086,0.7836767100802532,0.7989562069523964,0.8259639959963412,0.8071272038873062
-0.013973046053160182,0.005318491134871312,0.032816224014088395,0.022536249838551025,-0.00342780032455068,-0.015285141504686432,-0.005495904146880686,0.016008271831261436,0.006527229814606801,-0.01612351895574896,0.027128655918842733,-0.030228731111396786,-0.012049646830019212,0.01472077085009403,-0.00044674575058506385,0.018936180809730502,-0.020788603162799332,0.012618185946553884,-0.00039807507496865955,0.005353969069400708,0.016158049393682098,0.005181504192808295,-0.031087207168460817,-0.014916469137605979,-0.009149690466480082,-0.002879576373652963,0.008946518733773398,-0.027505665962811853,-0.01916338455471587,0.005882860120526332,0.012596670744630405,-0.02078576361435587,0.007385837617768668,-0.012667817343725098,0.01872593568003883,0.016215156480185,0.0038747697821898373,0.010289685146031874,0.008049946122740998,-0.025058277373899995,0.029058322676969055,0.015032393950314516
2.611861951755488,2.3285537682621595,2.5094409668455993,2.3986749654054447,2.3722686441432246,2.3088975853711884,2.4257413024800285,2.1939304158242035,2.2249037257874735,1.998351172942972,2.3030040559959906,2.218879355625975,2.3377526310712287,2.0114949021670014,1.9150066174000835,2.025502485300384,2.1808812734860794,2.174281300786105,2.022364428480124,1.9897895497877354,1.8635451840202466,2.078925596262568,2.0756042188135564,1.93010484862704,1.8754957274827095,1.9591675835479805,1.8749516826855221,2.0497687755481846,1.9009323780419183,1.8794283159882588,1.9184962874438019,1.8616944150108137,1.6921832034833175,1.768053842395446,1.5475784708256548,1.5727383103687949,1.595620654722381,1.6037525144661515,1.5660208907394215,1.3943811746562313,1.4353773894624275,1.2736398119833903
