gfs-wave-data.json
{"header": {"parameterCategory":2,"parameterNumber":3,"dx":2.5,"dy":2.5,"nx":144,"ny":73,"la1":90.0,"la2":-90.0,"lo1":0.0,"lo2":357.5}, "data":
[rows 19 to 37 of 73, columns 0 to 41 of 144]
1.5030145457331054,1.7812240867275864,1.7953024149399948,1.6764297082318742,-0.25101752168195696,-0.2115934233491658,-0.28381376920194673,-0.3311881234934363,-0.27803828719294554,-0.14233772516293547,-0.1907836783066239,-0.29074607709047884,-0.2331266228833999,-0.2104731012295293,-0.23304984566588144,-0.14167353329451698,-0.1600073623690181,-0.3269369363039037,-0.22215653516867737,-0.29659922573995157,-0.3006789928440039,-0.19953757602116579,-0.1952889333689317,-0.2648616161479802,-0.23875630450831084,-0.2080620356178064,-0.25291784075124024,-0.30684330234686746,-0.2341786930156468,-0.15614144393169024,-0.2072672695483881,-0.32418791254928764,-0.25357767004342935,-0.2540751951454533,-0.2562430178420005,-0.29715512532452676,-0.18237925494392854,-0.2667825844653621,-0.328639048070909,-0.14047304620202875,-0.26873779587328345,-0.20541807728337302
-0.24860493592038327,-0.15166435023148128,-0.31875762468988333,-0.19269413706398797,-0.2699356072376504,-0.30959878079882014,-0.23196180962614832,-0.18635378127604885,-0.2630808247640944,-0.2355512452105407,-0.22960902233456199,-0.13211086438470776,-0.23524629879197417,-0.20256910388638905,-0.2749025416319602,-0.26213366034615443,-0.23753031581897385,-0.21253996857001817,-0.26762652396596515,-0.22286099024043649,-0.2920460130246412,-0.21979993703335632,-0.23911304945506512,-0.24807605151460993,-0.31937621538040806,-0.2702650144658859,-0.23308568708800828,-0.2140288786169486,-0.209733870062288,-0.24165958453372488,-0.24168890620050384,-0.14857837827116235,-0.1709374679250107,-0.2850564613094489,-0.22811552658399606,-0.16102885011443835,-0.27850511938493394,-0.22133634253500342,-0.21120278169916648,-0.20854135042746055,-0.22483566044729575,-0.22091788237968343
0.17180988739110706,-0.27459896470669637,-0.0036998934699900387,-0.05218628167662817,-0.41597733099427353,-0.08623203207859836,-0.36582706292024497,-0.45875271068992884,-0.7223195394405401,-0.5067398794725627,-0.5412475686496444,-0.6280006210647536,-0.5374666510092868,-0.6977244906672386,-0.732985852922553,-0.8829822744808782,-0.5040760312950986,-0.5204085623322257,-0.5643002988215267,-0.9156327083275478,-0.7602496536361744,-0.8126246055295586,-0.6927864543788309,-0.4897335372946475,-0.3488206971574163,-0.6275396232921963,-0.38012892089472333,-0.3812064713855831,-0.34722121531177363,-0.4893379021872479,-0.10191989147404763,-0.240097452361963,-0.018430091705791664,0.009362641998737422,-0.03987066314176525,-0.022507269395722996,-0.02252338959787395,0.18394339097094656,0.03671255060250293,0.2310868330814989,0.18832576084394986,0.07477341145493267
0.09537760242368973,0.06380265609000134,-0.03663251476996673,-0.3864271083851465,-0.18154669717417746,-0.3996494001088828,-0.25501024328206684,-0.2205321915430452,-0.7804968932852573,-0.7862841059633523,-0.3339859030837619,-0.5901724428738082,-0.5524935148168006,-0.5993529949428028,-0.7194853938407039,-0.5468782250481254,-0.7234298912368238,-0.7856202184525385,-0.6166293348005301,-0.7350820203576712,-0.48122957997025967,-0.5133760978428978,-0.5624836552973493,-0.4037543042300218,-0.6375626551496709,-0.5766025309905668,-0.2836631410772341,-0.5047728960771788,-0.36349645562741567,-0.3354457944581988,-0.14498031817424195,-0.10951605561282474,-0.18598106699815053,-0.027641064174474074,-0.10304065862197197,0.077812873168578,0.007195262645679234,-0.08630410784380707,0.058912006194195336,-0.014617778667771095,0.2611590226680206,0.19136831222785325
-0.008080322964824244,-0.34905983639794264,0.09613072071454694,-0.28277131279055556,-0.25120850899927843,-0.29126801875737257,-0.5255480374064556,-0.2334358510909335,-0.4358735071609326,-0.6747447890859906,-0.4711723091997223,-0.4139418265114197,-0.8114109877366031,-0.6402721683031208,-0.7725853236074015,-0.4922436864185342,-0.752577466544603,-0.7014755059385265,-0.4767225670501326,-0.7817638274911926,-0.48190469334322683,-0.46204783067500854,-0.6941545227172582,-0.4737234931929731,-0.6614030910904609,-0.3745395586209743,-0.4896054413784794,-0.23691237332839027,-0.20712563785793472,-0.14771091520890411,-0.31450987079161874,-0.06609721337700718,-0.008930232382396814,-0.08446343124259907,-0.1338280166103647,-0.1758231664547294,0.1212025532011161,0.09217008299076425,0.1517249830869911,0.09454107237927209,0.2677800723605106,0.24244087170693568
-0.09482169629010728,-0.1527478672650342,-0.25798931732892927,-0.2592676299298546,-0.1751516187135102,-0.23157260954970957,-0.13290345547379673,-0.12867674513886465,-0.2706004371569839,-0.18775217666984037,-0.10646008951994602,-0.17612861471968186,-0.20760647129286025,-0.17173343470818478,-0.14399543315213273,-0.22266470853416082,-0.2316503428013522,-0.14301374998731167,-0.13936668312615963,-0.15161237585586332,-0.228305494764394,-0.13412655569488455,-0.21897814591459577,-0.07819163919531585,-0.21832893363098355,-0.2185458247006427,-0.10344210496669899,-0.12632478945894327,-0.08462026758581906,-0.12197100873092759,-0.10405344780259092,-0.24422267995321173,-0.18390324740631975,-0.12693023507911647,-0.13384758947817532,-0.22097697045009548,-0.18932814783413246,-0.22735087052296651,-0.16776884990232913,-0.1363889912096875,-0.20053941071396306,-0.2308385318724058
-0.37306813865531935,-0.5379768006694652,-0.6133579209934475,-0.37761009551605335,-0.5825541246187698,-0.5908641390625502,-0.5484517675997862,-0.4438338572340359,-0.31371590544167716,-0.4897218225965758,-0.513073957322542,-0.2312788206690199,-0.20360920375330627,-0.32075042770830003,-0.2039673893973505,-0.33773704677880534,-0.4813691748655944,-0.35678577112396587,-0.41701993062132553,-0.2445254948177403,-0.4005673575910772,-0.2748750296845173,-0.41817487269673914,-0.12189965885480498,-0.4381741776993999,-0.26289611568085425,-0.37364103137042953,-0.13759468100358943,-0.09515362972931482,-0.2133386459784755,-0.14924103103286618,-0.32811924345295834,-0.29722059823989994,-0.3561257124343592,-0.29827996643638705,-0.2955943657897419,-0.029761294372121983,-0.13653215706708943,-0.2501840363142664,-0.07754557796240107,-0.17786661469313902,-0.25880218674288413
-0.6117082540103631,-0.37498408412393874,-0.4558069429611177,-0.4434505949236862,-0.5743087657533321,-0.50107098227343,-0.35665014121625543,-0.37803761357538374,-0.38723002279475544,-0.4788860813449163,-0.23187561532819254,-0.27279247699466763,-0.5401660860547494,-0.4478506951088242,-0.3184706414804994,-0.35017814201025466,-0.28792078449655123,-0.15514713394890964,-0.37942910015709685,-0.20512215648188759,-0.44040970847801564,-0.40269308751769156,-0.16598591686360908,-0.2912513059297572,-0.07739024303863054,-0.10265923656878076,-0.05852824740888563,-0.20416009753410794,-0.07622009194068571,-0.2535259723574336,-0.3851181495022052,-0.07728625409287061,-0.20681433749461467,-0.32964482628807185,-0.21086127001076999,-0.2933851357886211,-0.17301799230306011,-0.32540690221358287,-0.2577614420973545,-0.02861775339059504,-0.04182371185102352,-0.296291082501526
-0.4374257040537152,-0.4410619041824913,-0.32364344389219823,-0.36088862941951805,-0.3499355144901314,-0.32012533269063653,-0.46730148537332383,-0.5452941689475006,-0.5129628738660136,-0.33768322279843316,-0.3816525187865148,-0.5073655442466511,-0.5181899914027441,-0.25885496968780247,-0.5448619777218182,-0.3128270833686083,-0.3564266787971437,-0.26006286563893766,-0.3365874293146563,-0.3998108206278915,-0.3317721059807729,-0.13775285122331052,-0.28715206495097334,-0.06279817710914161,-0.18044186581315863,-0.4542526475676017,-0.2656049412406658,-0.19426723007006755,-0.3570830647283217,-0.30460545187453825,-0.14701013253674153,-0.3532698079994326,-0.32024178446611784,-0.28059434127321126,-0.3079725476678619,-0.21256173157591537,-0.043805777002610416,-0.0827494838468391,-0.14456628006391903,-0.26571445947930256,-0.3331553328136476,-0.1787205006062549
-0.4523374875988723,-0.427920758472968,-0.4998377873953664,-0.48408986241365787,-0.49899862381004645,-0.34206845289175725,-0.5651571150502043,-0.4709190649538599,-0.41129513594228934,-0.4619504678343462,-0.4292471179613451,-0.19666655409403672,-0.49162302231140265,-0.2545771733515052,-0.33340019652951436,-0.44568696262919133,-0.32867476866943596,-0.1620981948824102,-0.12541314106200815,-0.19784963082719123,-0.362629494403128,-0.1573897871125063,-0.1535248041502359,-0.09829907398828445,-0.3418957566120919,-0.06382591331268161,-0.23553798047761237,-0.20568487726818394,-0.08874416477964747,-0.030250278165453757,-0.1552785449055746,-0.3066581174132912,-0.09817443215926394,-0.35706548446573777,-0.1517143693745581,-0.13476213576628004,-0.20568049160626917,-0.2340816158217786,-0.08613305596527912,-0.07872067916346784,-0.24926323818584048,-0.24038404893695428
-0.41638110005014695,-0.33404280364047134,-0.39301053294420357,-0.4928084556360043,-0.5084679854386737,-0.5672335528217273,-0.3300095106757488,-0.38544089282617205,-0.46046406217886243,-0.4871772078939433,-0.28102450299818726,-0.27547923170320515,-0.5151555743750078,-0.21361930199993792,-0.5090665564183341,-0.2913847139826412,-0.4618485881462885,-0.47091935223411463,-0.23696722412569723,-0.3236792902571496,-0.3134412149178685,-0.467885272961445,-0.23700934274790308,-0.3541518526200293,-0.16493304224838579,-0.04769131789654274,-0.27087907865408317,-0.4029553927124738,-0.1022892833859609,-0.18498622224659553,-0.027086247210864573,-0.1263732865080839,-0.005755106498541102,-0.3031363911918342,-0.061165577944325554,-0.16799077593140918,-0.3317839818331325,-0.13411889124361412,-0.1640975615389454,-0.22526253951059796,-0.16565957882153598,-0.3241673562015936
-0.08232555493288131,-0.14189115482883924,-0.11612325535492041,-0.13620729616777846,-0.05832801701108311,-0.06404721318982741,-0.1791037253653187,-0.13421321864905672,-0.15374085410605054,-0.16372471545239098,-0.20022274563068432,-0.10530247577359832,-0.11606450333883143,-0.16330178770960205,-0.07618357425301737,-0.11033775215132488,-0.0731164457341743,-0.0551084656882094,-0.14799346896054186,-0.17903275265589583,-0.16907490946729692,-0.0432217901210648,-0.10689473957546403,-0.041442636107587555,-0.17995369351228435,-0.02249971676966036,-0.15645705902017046,-0.14733929836190854,-0.1386439202782508,-0.08135524858141878,-0.13935665837234226,-0.02819361369212706,-0.13980812961051514,-0.08336648467648244,-0.1295595320726723,-0.17228099175589412,-0.16321257944408601,-0.11093438734474,-0.2107234768021132,-0.07794382467062233,-0.20526126678167445,-0.045150958896977005
0.03537336621356173,0.020571441173993114,0.14313228982468942,0.3489202860796518,0.3906557778897619,0.35825688564948543,0.4968350158006118,0.5399005400910527,0.6708427321247654,0.7173816274818459,0.8130345352063453,0.7413001787621073,0.8653290495603067,0.8230877609345292,0.9426861259671827,0.7334362305997659,0.8214600527348037,0.6909505226051271,0.7030947114470237,0.6662584763368475,0.4088494347135655,0.46161228876192595,0.13242044594543548,0.03371786821676486,-0.0972287903774387,-0.23991886309799745,-0.33514990626982794,-0.20478402897963682,-0.3985535451544559,-0.4169040966909184,-0.6612041046961994,-0.600894611539771,-0.45493371091865087,-0.5699925563541953,-0.6058843594777641,-0.5403692087070522,-0.573707408868998,-0.5688063696657537,-0.44415983814594173,-0.383672373373072,-0.44111981745811557,-0.2791855152681898
0.07061331392365208,0.18429396821517505,0.21870527690997968,0.1943281421092921,0.31618248369072827,0.5499638218388809,0.501922230474051,0.6378262838465467,0.7084712537300922,0.5668666696216196,0.6800527500446829,0.9471899914602694,0.9467213431871091,0.857611257167427,0.8368649391028795,0.7476969313958475,0.9367105447298183,0.8495796952319027,0.7342737663485116,0.6709996322837052,0.4573464383747523,0.5629937032814312,0.21763324051773827,0.2618196552351525,0.1620642371441861,-0.026806162464293664,-0.37987758752318096,-0.44604455000741333,-0.316523089198407,-0.5348061303678238,-0.45051993227561116,-0.5633268362770144,-0.5465599534773237,-0.5641255504785203,-0.611887771935105,-0.49513055679183143,-0.43212896637661613,-0.5772895324937646,-0.45246531176604166,-0.5152358608884245,-0.3459396138958249,-0.3142216473079512
-0.02667066673803264,0.12741085510435976,0.2623293978062114,0.1597888047388977,0.4024046559340376,0.4501595735414191,0.5623497967717344,0.4712350004486751,0.7323429773657265,0.6819811468942739,0.6537889588761048,0.7686285841942447,0.8715184829699824,0.8596928515844033,0.7483116077550713,0.7968234659593537,0.8221389269624736,0.7260324828118481,0.799806545737409,0.6027789507771376,0.5542864274578146,0.3164758097425148,0.29900076297625977,0.2956998340233962,-0.15778663547116492,-0.10965841711105205,-0.2578244364211302,-0.22978944339103394,-0.5215008131689199,-0.5112621320744196,-0.5618100859994244,-0.5891814555053341,-0.5163764543479791,-0.634530616351224,-0.5060437123484605,-0.6600388152034597,-0.4655280957872879,-0.600039351147106,-0.41804412735267327,-0.3311176800863045,-0.39118722955150953,-0.30104218807441047
-0.08854603859338424,0.0006633555099073443,0.07664897819037293,0.30824356725537916,0.36238667257207063,0.44162556094842353,0.5583124122327142,0.5606038022316842,0.7021835339413797,0.6287348470076857,0.8310299904714445,0.6527456353129082,0.846962638892678,0.9402266162020455,0.8446329381850086,0.8452435804785723,0.7498060651439866,0.6050021845138465,0.6333161252755014,0.5684309505447236,0.5675050383245928,0.2796791171838689,0.2855606933001407,0.2528491792164294,-0.16357466615985,-0.14972082315868254,-0.2922112781627305,-0.43731462624611683,-0.3043100764528186,-0.572423518178998,-0.5979079237229025,-0.7325909176045576,-0.4701813100980288,-0.44838574448733354,-0.5883763720602023,-0.6657049607729534,-0.5395087210804941,-0.5218034728897144,-0.4498832657071669,-0.4264629904246859,-0.30985278632440555,-0.2825263664450227
0.018865742833066624,0.20741329360085592,0.13829330127312475,0.280455593713982,0.2840971767460286,0.4364832349222909,0.6329251738010413,0.5454501770846427,0.6216305309496958,0.7650512760009873,0.8409344185872951,0.7877469107326992,0.9138461677029135,0.8321424850375103,0.7476087299304749,0.788646295676286,0.6850159269174577,0.6841001129223854,0.5683473992302527,0.634116358408188,0.4775745647002603,0.41132436858606364,0.11783332700377523,0.21682858391903087,0.06105114281556577,-0.24989872661084672,-0.2711606934676745,-0.39692968633946446,-0.3066106713947803,-0.3646759146615906,-0.4647900884830841,-0.568834200198078,-0.6468695263453791,-0.5498943575275909,-0.5004372089858864,-0.4350904680341986,-0.5644194674232593,-0.3916691385845523,-0.3878264117884012,-0.4301901503300045,-0.3088374069414609,-0.22600575544864787
0.017913120317054183,0.009590445874779968,0.0751828912812293,0.2735891389195013,0.4372147186092633,0.4167047291016236,0.46372191809229,0.6433126985648219,0.6628778634128478,0.7174587864251921,0.8463893102136204,0.8723390359466091,0.8917424921026871,0.9766244559618326,0.8108343682153325,0.8227943294773066,0.8233182323322354,0.7978464347245102,0.5410220027682576,0.5540081261115996,0.5929672876564561,0.3037689761614139,0.3096861621891306,0.04627767135802495,-0.15593621832473112,-0.3080258835416441,-0.18645869115097694,-0.31233339570439317,-0.3553426442104823,-0.40639365062629124,-0.5008540518177076,-0.5644983990104184,-0.54344577108385,-0.5924528304793538,-0.551536563328087,-0.5178966218254347,-0.4728397673381804,-0.5329461771904679,-0.3998961025288852,-0.3480601581947498,-0.4539959974805553,-0.34783825163193244
0.0012659425396352004,0.12479251160651271,0.2579375540328135,0.31934482111263957,0.23575804735400302,0.4540923895450986,0.5321865082787549,0.5907006634491263,0.7206634071252973,0.6086709015357369,0.8378912746708147,0.7348384449959328,0.871011004042163,0.8519435075794177,0.8151489309669402,0.809111149450138,0.8600979276941179,0.7795750886243952,0.6182306653638757,0.6948034353542255,0.57134793620125,0.3416788929649914,0.18838048727351017,0.1880891523977417,0.012134034417284638,-0.0857376868801677,-0.15526286821298008,-0.36097982603263984,-0.3491854061020987,-0.4783260180125489,-0.4650324071520437,-0.5395250193413689,-0.451914183570439,-0.5005091541916991,-0.5846874202302796,-0.49750176105899097,-0.4290417077627945,-0.5995064797384699,-0.5341247110641552,-0.4798224692554753,-0.34368928253611,-0.3551283125210238
