gfs-wave-data.json
{"header": {"parameterCategory":2,"parameterNumber":2,"dx":2.5,"dy":2.5,"nx":144,"ny":73,"la1":90.0,"la2":-90.0,"lo1":0.0,"lo2":357.5}, "data":
[rows 36 to 53 of 73, columns 0 to 41 of 144]
-0.8593015446817623,-0.8293299937500409,-0.8461222853569529,-0.9058561934108266,-0.8992283310850792,-0.8418902094669274,-0.7030026893258444,-0.5994134685415257,-0.7406157207141627,-0.5846982279222345,-0.5807229405495618,-0.40638784930697835,-0.768913916091052,-0.7301193826641954,-0.6573690943604222,-0.5799933626508741,-0.7623821353962839,-0.9221652974047834,-1.0752215440161497,-0.8269074006090809,-1.0976822836337399,-1.0476895454939392,-1.1162344048358428,-1.179913423604983,-1.269414987447218,-1.1130355732797717,-1.1737658837058518,-1.0502594807815844,-0.8867788557867108,-0.8432647252894742,-0.7978565547543603,-0.7391353310917924,-0.5713589139281154,-0.5278322830381721,-0.49407383103869423,-0.38388753677170623,-0.36094611408203947,-0.4052038375288798,-0.2751794139392282,-0.4282576476520582,-0.3242589838409855,-0.46504320162244533
-0.8139529322312953,-0.755744748866989,-0.7916413008883236,-0.7358364103005536,-0.8220206572893909,-0.8135152461568329,-0.5946627352865679,-0.6194693797972434,-0.7270061711272764,-0.4802410175280351,-0.4875431502010518,-0.6452597940609581,-0.7276398368695995,-0.47362202478922266,-0.6953765418699618,-0.778394244926435,-0.6281416220044129,-0.7562740539743243,-0.9710727322606127,-0.8790433248176741,-1.2041958763790719,-1.1428165279322648,-1.1914676661084915,-1.1120253091496795,-1.0832069868914214,-1.141924356032525,-0.9985320412494278,-0.9691667281357208,-0.8743294833686354,-0.8848021682976236,-0.6292500906601437,-0.673891510018208,-0.4940038328736405,-0.4142061659464146,-0.36784179448862175,-0.33892979078594215,-0.5028047892200757,-0.493088694588595,-0.4438192949419252,-0.3281086382661161,-0.3295799394697002,-0.4132791773459647
-0.7545862028345455,-0.8886000419420408,-0.7939731133996596,-0.7958130146793756,-0.8082532624225397,-0.7432547151386433,-0.7809466304294014,-0.7045261148507063,-0.5102120463619878,-0.685202449051742,-0.5696744486086773,-0.6487567501959378,-0.4696012617713144,-0.6457828449689944,-0.6960436354366395,-0.8318429456443266,-0.9408456452930236,-0.952178064436957,-0.7479664026605704,-1.071055650996754,-0.9982584708388758,-1.2110042054361756,-1.1165750168868145,-1.0367106783980842,-1.0582876255293565,-1.142471360663299,-1.1491884973526725,-1.0307206938953,-0.7759261843835745,-0.936178831126712,-0.6062444413232057,-0.7185706326953569,-0.4262560146764733,-0.47753157159870235,-0.5749673298973509,-0.30644344200355367,-0.4587339204507654,-0.3512697026075787,-0.3350381712194241,-0.36520407552268996,-0.4152588815016079,-0.383435970657419
-0.870307857340215,-0.736368218607978,-0.7899353591473477,-0.8435658097510412,-0.7333064743653741,-0.7978176001272025,-0.7064958675542522,-0.534638281880244,-0.5252882772619996,-0.4775419138639928,-0.6845441573233421,-0.641228957959851,-0.6971290912754319,-0.6511547456716391,-0.510842640802959,-0.7523580294816832,-0.7123901439065286,-0.8079031425136813,-0.9902831170241111,-0.8624645873912143,-0.9141027293338767,-1.1062209545955621,-1.143245422463931,-1.0655825486818515,-1.071393520990308,-1.0155025872798495,-0.9950274732950302,-0.9303024205583875,-0.8868653469545194,-0.9570241637755679,-0.7327192621151032,-0.6484394182927828,-0.4947058027246677,-0.4091201936499371,-0.37741357905288525,-0.4999355679835869,-0.35520670986869557,-0.38209579234466035,-0.2792813693783398,-0.3804892866231896,-0.3506994473340226,-0.383550534943256
-0.67989374420963,-0.8146224025865039,-0.8077184133721561,-0.7627988872779917,-0.7942752745620124,-0.6186577491292138,-0.7884476769574854,-0.7913740439090025,-0.5823824553845918,-0.5977957312637505,-0.7440231714936743,-0.6681457383546642,-0.6958486460963887,-0.6072193868059051,-0.4611414709948322,-0.7119743924616616,-0.785096832954384,-0.7006556821878956,-0.8530932395008918,-0.831032269074342,-0.932306722405688,-0.9128680089565874,-1.1264533039182203,-1.20634591045933,-1.0709593422448238,-1.0212055673847542,-0.9820965930052181,-1.029649792158488,-0.9757585334764983,-0.7809993651043233,-0.6002006759608641,-0.7833276883415198,-0.614514963188178,-0.4555967484712972,-0.3668332315615352,-0.49106807213031256,-0.3455878012271677,-0.35671868390498607,-0.4480936073566908,-0.43248420950130984,-0.4252512416095261,-0.4384362752161779
-0.8429300716388494,-0.6719094863641099,-0.7434048305465712,-0.8590765427610356,-0.8979223823265757,-0.666052385999173,-0.5443663399861539,-0.6573470778009873,-0.4760144687003671,-0.5123166916946261,-0.5575424167228075,-0.4814094243848397,-0.5615993327552193,-0.5971889764620649,-0.5188854343463941,-0.515454598902371,-0.692936853884827,-0.8912761793228564,-0.9255428740275966,-0.9939655536548593,-1.1026426075735565,-0.9572350475711594,-1.1056145357265121,-1.11020017131367,-1.084108566104688,-1.0179016265335712,-0.9393997143007045,-0.9343512772038409,-0.8108078970062851,-0.7884382826380796,-0.727393301331217,-0.7588058665353067,-0.6093151372910569,-0.4384364065780544,-0.5409089784458381,-0.28733026213247354,-0.4322905118973293,-0.491823974689209,-0.4274773440326557,-0.3538489510280627,-0.44284185713304847,-0.3415054262528927
-0.01765967200534449,-0.0264486264876751,0.0031724386152022464,0.01817944670723299,-0.01161118682019523,0.04058307821546485,-0.028855911135959953,0.043667677302874436,0.0032161894369475536,-0.023417600632083157,0.012496962159795106,0.03763319313901199,0.02455528300398867,-0.013697202066312447,0.011688819921924911,0.019312704814972513,-0.006299414745603883,-0.023887528465100068,0.012213838679316876,0.031075569785846184,-0.04135439404709177,-0.026526403824186036,0.030116434086527054,-0.02849573879190764,-0.021684319755554668,0.007875157588611773,-0.030493816229888993,-0.030547921988490635,-0.01617443725191022,0.030486502045842554,0.00013708999869990748,0.015149629186463162,-0.006143735868654785,0.004029966958116176,0.020757011854698675,0.014740698951616553,-0.02571193727668954,0.05383584573575581,-0.027818493563853817,0.0019144254380700292,-0.03751523010469369,0.0506272990945617
-0.958110884749532,-0.7119168664099029,-0.8726084628463932,-0.8041205193672306,-0.9851143043120919,-0.9688732605785041,-0.7160286606961965,-0.9346089733741261,-0.7405831749138582,-1.0112921704769475,-0.7978811909937914,-0.800576532972538,-0.8819212994480199,-0.8587769830558216,-0.6858826804092666,-1.0414366758105078,-0.8862897560281254,-0.7697236743580392,-0.9151218401907567,-0.994006527857715,-0.8943978557324958,-0.689597650867839,-0.6954927979072145,-0.9377582814425229,-0.8867096814825095,-0.6956972264396303,-0.7785799055144917,-0.851110616444569,-0.7922289961448715,-0.9181683622913719,-0.7514641480664913,-0.8614357273863589,-0.8644374524529976,-0.7765804848771073,-0.6441243167633935,-0.665387499130681,-0.6865180801346014,-0.642823443277952,-0.8363758434575107,-0.7575948294824005,-0.6337109574292521,-0.7631667170930073
-0.8139681253535205,-0.8210335557432549,-0.8041858909380829,-0.7659751453148402,-0.9224601253088617,-0.8357021220761462,-0.8529044529329934,-1.035374519470362,-0.9004400027356891,-0.9024704684056643,-0.8440016923928292,-1.043675057555939,-1.0519961870157148,-0.8747655455932489,-0.9365173669019129,-1.0511864927288161,-0.9579365020526237,-0.7588427467475537,-1.048521376878381,-0.8861095195289899,-0.9216193031321087,-1.0380090525487302,-0.8996893433077239,-0.8967156489631894,-0.6774509835031672,-0.9122504352281883,-0.8507754336068458,-0.6294888621434996,-0.6667537503293273,-0.7060566724510238,-0.7068268289456431,-0.6942676756535928,-0.6643145115855579,-0.5523491486508985,-0.7274843054661101,-0.5652038278112623,-0.785707453424988,-0.695901272314628,-0.7993023628114524,-0.7403130402444722,-0.5888258524219444,-0.6117554420846302
-0.732479626637333,-0.7829740929533647,-0.862405201592249,-0.7359951732244036,-0.930021032961835,-0.7884356631137018,-0.8196133549873487,-0.7406004647843014,-0.8359110378058406,-0.8008189976058798,-0.7936737842658321,-0.7470815689994292,-0.848246944800717,-0.8289962374112917,-0.8530430057857661,-0.8372003668237223,-0.7891896979204432,-1.000788397019437,-0.8431967617231929,-0.6659296151454203,-0.7810136224600813,-0.7628502674832228,-0.7232585083472294,-0.8967310363217736,-0.9317506681143822,-0.7042589658809948,-0.8454906030771127,-0.6485657248890906,-0.8844704322728367,-0.5976170524725805,-0.9492701318895476,-0.8567127451560684,-0.8985139600232341,-0.6630656032773872,-0.7779338321323632,-0.7693572208109559,-0.7713278355171744,-0.7320073936176802,-0.7109878473030001,-0.6543633792126958,-0.5629692092994624,-0.7445567866608606
-0.8091780263927002,-0.7561624640152389,-0.9012765099494207,-0.8669852085797563,-0.8228546104127888,-0.7975820823475602,-0.7578264344239375,-0.8018729806975857,-0.8052906402190003,-0.8969788959810346,-0.9696907005587742,-0.7472160863193705,-0.9763248760092674,-0.7848496193237269,-0.7119966674839744,-0.9904516146100172,-0.9019336028210391,-0.7276709967427301,-0.7742002655125457,-0.693955566356834,-0.7790350002543192,-0.8761396196446712,-0.8433183519153945,-0.7947136945405789,-0.7647311441866692,-0.7774414247767896,-0.938700055674026,-0.875151369812621,-0.7465869697384658,-0.8538017388236511,-0.936449487792194,-0.804614977400388,-0.866492075145891,-0.6945113711746278,-0.7932585604999074,-0.7859350722393214,-0.6115872869405332,-0.738148390899442,-0.7938271218576469,-0.8155324066990134,-0.7074058832050275,-0.7538517661639399
-0.8411629237928553,-0.8953208541295277,-0.7262069453439711,-0.9240131434313308,-0.8920540595628441,-0.818482418514799,-0.817705833562998,-0.921499510045214,-0.8980611663326344,-0.9243674025854559,-0.7777734137536473,-0.8519555748463264,-0.9303397389687934,-0.7695379909559218,-0.874700468200079,-0.8625062879299213,-0.9053174780524719,-0.8873223858235407,-0.788165645439441,-0.7394114568775841,-0.9265054447918558,-0.8434533411531726,-0.8786590848274008,-0.6949376116656673,-0.6811707378020959,-0.7471381667739307,-0.885774700106631,-0.8994490668050742,-0.7074927674130459,-0.6498439891760216,-0.6942447349019992,-0.8913725970787795,-0.9160740260497598,-0.7934282872771117,-0.6641545377796982,-0.8314961220936429,-0.7932776661176903,-0.6003406769841139,-0.6039034620190272,-0.8652546530034931,-0.7729516390524055,-0.6786539786841743
0.00045094860108658085,-0.005452045313094499,-0.02029674577712694,-0.026375023930091474,0.03603205477325907,0.034016465978919136,0.0017976606867476804,-0.008984034551068526,0.006905756337531367,-0.027944773578050055,0.01727792423118697,0.02607326174736163,0.0042949018027201,0.0067040719344091705,0.007330740952714606,0.016996629592950046,0.012746857467019618,-0.00353240598861501,-0.019912113347755504,-0.008517634198936037,0.02028262923460738,-0.006905958830412139,0.012210914662179943,0.020106962818176786,0.010494310920928236,0.038697621577281745,-0.036621165592550076,-0.0068770929679300395,0.03274323656781368,-0.023563420901440923,-0.0014596309689744065,0.028592527731470557,0.01154489552186461,-0.003519166966599782,-0.010202445381236895,-0.0049251934192717575,0.02146849779938359,-0.017695972293410474,-0.01439231500533136,0.00576619809399211,-0.015065938564782385,-0.011237191754955514
1.6261799820182488,1.5207251024634656,1.5277771343778064,1.5700244526885534,1.4695758267125383,1.4457279280164912,1.356614199543179,1.5184269619704789,1.479047435144678,1.2957917794112916,1.3402705502064947,1.345514381253047,1.289202632871111,1.1699213798720927,1.3344993798226137,1.292541749205335,1.078807064722531,1.0639971932860408,1.3021687895029563,0.9995246596157195,1.0149744863187415,1.0197551977730535,1.1123433826625837,1.0609296456482786,0.9151446786510745,1.1183876584404502,0.8835180381740099,1.029865176285742,1.1007588765514933,1.0744452095154478,1.0203015432192022,0.9081822848090212,0.9948222190863283,0.8964919080556671,0.9474308454906104,0.8183119012024642,0.912216038698981,0.8182106518702184,0.8980333400455767,0.8639737420890937,0.6823600598081312,0.7729444669929366
1.4798732488313462,1.4628473591358686,1.5829736434168975,1.3992949979752323,1.4540667949133803,1.4957535201255772,1.3574899108167435,1.4748456928793758,1.3826053254988193,1.3740375020344555,1.2480308395765007,1.340162410510485,1.2977269144820054,1.2194905154559514,1.2772622629207386,1.2402397826808973,1.1610201611865245,1.3120552771230407,1.2785290510820455,0.9407673857185794,1.0815059170477122,1.0817192443937789,0.910358332515709,1.0074453451190868,1.0379111341543756,0.9195192460587978,1.1195293330300313,0.9482212434241098,0.9636116476389287,1.0179479082209637,0.9039847706534799,0.8901472997000094,0.9933091099941644,0.9958161485621331,0.8910916519719408,0.8426378962403949,0.9255906530756441,0.8980704589058047,0.8274506580217328,0.7533181737422893,0.7761016426632558,0.6948586217890258
1.5965727627851063,1.5444696809009164,1.4222194271670228,1.538572194993565,1.624730938915838,1.5301985903453392,1.345813205535689,1.4202792608468773,1.4246556618011073,1.3793069362580506,1.3112739290528344,1.3311625313800715,1.2814972196909682,1.1300013284856183,1.0626066376039813,1.245354403953088,1.3388861473141946,1.2076440703433373,1.069729467057506,1.1458302664928572,0.9714965804840932,0.9790502898151731,1.0037596560448674,1.052169808904148,1.03257650102059,0.9640890016035857,1.0021143271724458,1.0362869436441087,0.8651470482131479,0.8441296379756341,0.9939285672236079,1.0067289892794358,1.0049664635906235,0.9930596975605832,0.975184095853908,0.9337881323500923,0.7914364988384307,0.7557356379415876,0.7169163713145636,0.7174325583175517,0.8640729198310221,0.8606300145818164
0.004603968619344412,-0.021988961758389672,-0.03156322890431987,0.011324729785866003,-0.0040302398043613455,0.01573150246986542,0.01177608574246454,0.016685475317044892,0.006604163818985905,0.0186801259848773,-0.02667530692918021,0.01807007234826342,0.00917566201367287,-0.014613451548440421,-0.009092859489009654,0.008519942146852796,-0.007590893163422438,-0.022906509941678754,-0.022221045046093638,-0.016432492968255948,0.0057434307361740825,-0.010638070250542008,-0.015046918862656451,-4.277869758146024e-05,-0.01386526192225747,-0.02357387924206818,0.003198734442783529,-0.007335252456829379,-0.007707333763764137,0.011881437292318973,0.02647139134770114,0.006490753623302133,-0.008982991101426403,0.010467254991298388,-0.0028268160826308564,-0.0005752123589644664,-0.0006462959371398658,-0.014856501847409291,-0.006554759023209372,8.464481860737564e-05,-0.0034307048854600565,-0.012207306976280547
1.8683327836240586,1.930700266939715,1.9013074698040446,1.8825026105331795,1.8965083269778464,1.8366053510103226,1.9176756041407814,1.98507790593814,1.8836346497229162,2.038165329554369,2.0242813386940455,1.8443265662138129,2.0530671068264903,1.9144470311626665,2.0393086412272843,2.13341335898068,2.1051935641977657,1.9517134912082514,2.301197997623634,2.20358286760957,1.9335591505055225,2.1587380528908557,1.9854583907622634,2.044512814752894,2.2518773227167523,2.4805361527317813,2.25040466886369,2.426708134397447,2.3405646096693586,2.392080394597346,2.5526525833634395,2.4312333752076096,2.5702437695031835,2.6204412944790976,2.544740119137314,2.5643144355325966,2.5593376391929197,2.523452614781337,2.645110811804519,2.590403936926457,2.3892853034313197,2.6846804671481395
