gfs-wave-data.json
{"header": {"parameterCategory":2,"parameterNumber":2,"dx":2.5,"dy":2.5,"nx":144,"ny":73,"la1":90.0,"la2":-90.0,"lo1":0.0,"lo2":357.5}, "data":
[rows 18 to 35 of 73, columns 84 to 125 of 144]
0.040748886941294304,0.013087814474495595,-0.012609154432339672,0.006971842558151168,0.02175658698873704,0.011531447402348445,-0.04859854761009834,0.017194202695426243,-0.044813367252726784,-0.0045910790477723664,0.02270817534845377,-0.019176890829478984,0.03406559467583488,0.026501102775822887,-0.0008132286334614175,-0.043256768387262806,0.01224813769958458,0.025279868528925845,-0.037599397955796636,0.01137540107838209,-0.010661038200449297,-0.026529894797502847,-0.0015856228954434627,-0.0041535282530604945,-0.005765053514150182,-0.013699835656544762,-0.010064685630217547,-0.018336998225632565,0.0137585898740512,-0.03678077423804796,0.048019987221977464,-0.037437540224999274,0.016141204658765566,0.004513192635646839,0.016894373913529864,0.025440056140869347,-0.03482029050817489,0.8591190852571572,1.2494109069803292,0.9546272938388277,1.1660852300557052,1.2907017496636974
-0.032722558243758734,0.005334907838434239,0.0190050902427143,0.026912825597751017,-0.01812386519407733,0.02089558801918077,0.03786431466473437,0.017495980097284185,0.024581927178280883,0.0051937798899520035,-0.036151583600770566,-0.030808647121346917,-0.020078262198386137,-0.0014946023665507564,0.012381132700851623,-0.00012961657765271758,-0.03060519083047178,0.014562732848249577,0.03546789559716571,-0.03038172195708907,-0.00953487392588877,0.010864407037957739,0.030214651533479762,-0.02118410758718568,0.024908569303294423,0.020126822684785613,-0.013559900712042348,-0.023129130152982527,-0.022007904222058526,0.03964095532018455,0.0016511568300707647,-0.010100399763638798,0.022233439265752834,0.002491363013883895,-0.013380975882958905,-0.022190058500146145,0.004338780236688199,0.9701676686978571,1.0177347164879784,0.8861750950675704,1.1919350471316423,1.1904178821175795
-0.019598800843971042,-0.02116838727757615,-0.01522363024095516,-0.01585309095479276,0.04906424231662598,0.017571602674935072,-0.038584946842267875,-0.010408123643486962,0.0065129660927892635,0.0033599004228338225,0.03166629419205249,-0.02213363616124766,0.016988433907061645,-0.0015261507961582203,0.007252409435345891,-0.0020686482711851184,0.001911757687495968,0.035990258677497396,-0.019730733627575645,0.011425086538241987,0.03916549126928365,-0.016419877862095318,0.01189365287621035,-0.03505866510659926,0.005683782126210867,-0.010245300143384917,0.024276551631830953,0.00017717595903554435,0.03261956974053582,0.03004637005700008,-0.0024338593675462916,-0.01885887063929083,-0.0005706025646555979,0.012454230631423136,-0.014068569656868117,-0.03563835579163027,-0.0220102982191813,0.010193935355655208,0.011267242990910982,-0.003618493037070052,0.04532939906742508,-0.0020792385981630444
0.8887564348255972,0.8566397213714259,0.7797773998697064,0.7847578462985509,0.8898122228531192,0.6438009635730151,0.7600854720081583,0.6089047584426049,0.6832527480782802,0.7246306827809912,0.7022803284481273,0.6198117793868892,0.7833013589003599,0.8709723613623087,0.7558749525010144,0.8032051506979881,0.7744781934421453,0.7962159962505064,0.8183233068937937,0.841239213096286,0.8491525430666573,0.8472629435442968,0.8022078335138373,0.8139535750029431,0.8959994411403173,1.0096368004006118,0.9590002321543876,1.061168211691423,0.9899763116062921,0.9726777858571379,0.9701701878327718,1.1244082855201012,1.1134953866231085,1.1305340967473696,1.0275940470461498,0.9707052147396318,1.044945617973853,1.1831461831080246,1.0187446379445586,1.1121533076085968,1.2300959477116278,1.1833224906563344
0.7386090824770253,0.8916712087963096,0.8645801093514924,0.7479559453407351,0.7136037278201303,0.723106847346366,0.75780196340362,0.6498754035802891,0.713414821001527,0.6778487712575332,0.6562670470078106,0.7432747859771144,0.7262413608692696,0.7093591832253671,0.8227083188794709,0.7463147440633928,0.7852908546034678,0.8360270823515078,0.8766817657784867,0.8767405443263624,0.9042376266192563,0.7982788413125186,0.7955303407852647,0.8794274119166013,0.898985468478159,0.8883167675241926,0.9859379597277024,0.8923575380728952,0.9618602423709279,1.0997595416729333,0.9850816593694981,1.052753181903844,0.9972834731035127,1.0923266894461108,1.0581268207726642,1.0608160909176594,0.9037466255796603,1.106422081887726,1.042364084870342,1.104453550854617,1.1162519722658628,1.2512123867866045
0.8620823834815304,0.6407363676800264,0.8328353499101279,0.7127147226920177,0.713574338241451,0.8327549117849097,0.7419864230721596,0.6972462861335008,0.6455549257241225,0.5984061609408803,0.5876952849655993,0.7166271017183793,0.6548687707495111,0.752032651454177,0.7265419812965073,0.7990488278940757,0.7905986180428314,0.7151543712262586,0.7800841755085878,0.6981387153405105,0.7446861488917317,0.947796656297782,0.7969676375074435,0.791539412979859,0.9236179694044382,1.0128184522201702,0.8423365920629587,0.8786009023190628,0.959960009004779,0.9236437212755781,1.0151996870633635,0.9502149333708851,0.8698467337741191,1.0887385384676451,0.9777470080735475,0.9937047791582632,0.9397284398421819,1.224159903838561,1.0860552975768998,1.120658712831749,1.104158864000462,1.0322301615198042
-0.007005797951092807,-0.0011329610718291228,0.023492067923152966,-0.007836642309815215,-0.02385137988252443,0.0025660025497136994,-0.020707610907909207,-0.035455953936191435,0.004977692778540159,0.016385743266284555,-0.01173283391024038,0.0017531081567760233,0.009154511910752403,0.00811838858501666,0.02543734037674409,-0.008681056638573664,-0.0010678449396799665,0.02876994203727475,-0.006090118405445637,0.015763452544861854,-0.03745815236078861,0.025844438290569996,-0.005060976859403272,-0.04015706241319721,-0.019934390003761668,0.010093922537481755,0.018952112920439135,-0.020393106559822526,-0.01560906181933526,0.028538076410742325,0.0027278252064584342,-0.013680632812831817,-0.0027471026557956586,-0.02546476192235935,-0.008067558006217366,0.004554616577909588,0.0416341508288948,0.0018440940632359804,-0.014960617939593374,0.015322174556586705,-0.014316652184384989,-0.024814703476333064
-0.8551163248858907,-0.8329930580715069,-0.7291131992464475,-0.8922359163048054,-0.7854852645105657,-0.7956962194797914,-0.6397765264402161,-0.6101550733814042,-0.7395449818917847,-0.6833177391363211,-0.6485811582250494,-0.7685690867185423,-0.6636610725780895,-0.5505792069173684,-0.7381320183344238,-0.6813902017869772,-0.44067272998822893,-0.6256003119176022,-0.5471647450365574,-0.40834954293782394,-0.47957216739523756,-0.5514255018798928,-0.4690135349946409,-0.40986316747036095,-0.4385712562981154,-0.45347138648832414,-0.4366752650607025,-0.526211101713374,-0.5957882766753928,-0.45908605761361015,-0.5021191072784581,-0.471593916513839,-0.4303220942552689,-0.37408550296629967,-0.5050100565147895,-0.5416789153190472,-0.5165072628431003,-0.447851897357151,-0.5155263092434751,-0.44044436284172894,-0.40460781321047634,-0.4953529226366692
-0.8712987883442118,-0.8541634170883283,-0.9056371977070226,-0.8953117573330944,-0.7288393112882915,-0.7704184787040318,-0.597347762685376,-0.6203792417382904,-0.5456448935199177,-0.8223675195526747,-0.5624184524898974,-0.7392133213838055,-0.7387963966482572,-0.5072084160408958,-0.6519787971437212,-0.5784565918272038,-0.5567579812475463,-0.43654336587320874,-0.5398560311759834,-0.41949590256673397,-0.5867915218088318,-0.4881983876760101,-0.5330230326010602,-0.40987616494927986,-0.532430106369193,-0.37465541246486633,-0.3644674876178355,-0.44834046988931175,-0.4277169566264977,-0.47910929124581314,-0.5123466098499694,-0.5430082537890549,-0.39393600342095614,-0.5470516446163903,-0.44251869675941496,-0.3899165600580417,-0.3836788205767637,-0.42093229367951884,-0.442478172687983,-0.3795487767285225,-0.4169317113088131,-0.5679173074154478
-0.6335697070443896,-0.8191914050442832,-0.7623714527987338,-0.7363484374691669,-0.7555122039934947,-0.6979789480686183,-0.8186372379151329,-0.7229663243265008,-0.7953755676482402,-0.6188211407074589,-0.66464833927873,-0.50598649249526,-0.63998441242995,-0.6839355870693431,-0.46120505021932623,-0.6850924570036233,-0.44362823368234194,-0.43149048720463995,-0.628181209528843,-0.508252550431085,-0.5729099231056163,-0.5057888128656489,-0.49020071958119626,-0.4592629843452721,-0.3837751534119484,-0.4337386959155884,-0.4160415737766614,-0.424506656534732,-0.4329338932986826,-0.41260916621455335,-0.4354981798440894,-0.3634471542746776,-0.35567895825178547,-0.43884541108823427,-0.5653322501586632,-0.5549272343486437,-0.3193406496310271,-0.5376297463988722,-0.45954633206993056,-0.38735702788372334,-0.3625652384630494,-0.4737513837157987
-0.8564857244846025,-0.8550088993094009,-0.9168854031066044,-0.7718083197550487,-0.7105732198093919,-0.6578567859282454,-0.6146593975801878,-0.6471902647430197,-0.718448144413463,-0.778414282635028,-0.548443294644322,-0.5689073012583621,-0.5302077190319704,-0.4492709032673896,-0.7419466017928172,-0.5671662712373474,-0.5318872657579236,-0.48953426015185575,-0.6160791745409115,-0.5643597739098724,-0.5197551622841291,-0.4082092426705833,-0.5450149354941413,-0.44181943147639174,-0.575907138004491,-0.43952641734687686,-0.5531715449173296,-0.32281533782471833,-0.4655689284520802,-0.5291259098032439,-0.48409943484568235,-0.5781727980173796,-0.4355536187995312,-0.3511068514427597,-0.4254311691003995,-0.37855249650047473,-0.4708272027224771,-0.47485470483848835,-0.4233415925017347,-0.5135872927198991,-0.4817008702705344,-0.4827553435401018
-0.6184786215054519,-0.7479352608811848,-0.6864258710696587,-0.6466329061716127,-0.6702537587975776,-0.7292543766757875,-0.7759805278070244,-0.6265463877506301,-0.6306784499623015,-0.729793750420205,-0.6138246172668661,-0.5800321481420954,-0.47767037570748466,-0.6450941818461434,-0.6190809131628112,-0.45407772932914076,-0.5852393049768831,-0.46589106988119294,-0.5295486993211691,-0.45137485848985553,-0.5533316326409602,-0.4326272523481846,-0.4855433073421123,-0.4263238201429967,-0.44354214030116357,-0.4859890780452995,-0.45395292783805935,-0.48187337863560775,-0.38891337810311216,-0.39663916609886357,-0.3544715592894052,-0.2932249546723116,-0.4873997532988398,-0.45159717996886983,-0.5036032052876008,-0.371318419394183,-0.5582033147536316,-0.43487280446561827,-0.5032303586964846,-0.4851723610447735,-0.38072063263096034,-0.43548056370444654
0.0059320086175980264,-0.003124857907609169,-0.007610225178840835,-0.00017763055976190137,-0.004177531203379029,-0.0056542339938995215,0.0015012032685313471,0.016569774217804284,-0.009784494165268953,0.0047402605863349516,-0.01853116551753476,-0.030989711573044476,-0.0012298045352173849,0.010549269295838135,-0.000403338077169675,-0.004762841088329605,0.021098782332301762,-0.004881578804594323,-0.013598952669139712,-0.010898800522067174,-0.010944545653969448,-0.011402620345520875,-0.0009556563949010894,-0.010361603858978712,-0.00510039359180086,-0.00565844496588,0.0018731751334877514,0.03133710257222301,0.009518833415504028,-0.001707628260206325,-0.00340069585868231,0.0008312599443850295,0.0014065275705423084,-0.02175143069241122,-0.012759614215086965,0.014237848029564626,0.00081295973719051,0.008168627634734736,-0.004556156481100927,-0.00017171306903209028,0.010537051998685903,0.00917877993230171
-0.5500479007318072,-0.4881479822003936,-0.520328048660392,-0.5859747340597964,-0.588966202107586,-0.7220926300778507,-0.7759737440620741,-0.7304264231757951,-1.014565557283543,-0.8614832559949105,-0.8975711030291835,-0.9878887037683286,-0.8962078174686234,-0.909629768752641,-0.8950991938408047,-0.8258367632923741,-0.8290306511914501,-0.5223766171808245,-0.6077441264141354,-0.6078432346404165,-0.42307360447090325,-0.36369111771448726,-0.2497037558874146,-0.2711802108410375,-0.3356766406403,-0.2464170077720413,-0.28918394342740655,-0.2663209566964073,-0.21905905390882652,-0.3351056080687572,-0.24462978245112665,-0.3430592775512681,-0.32476645199177023,-0.33323748134167386,-0.255556945613348,-0.3465903109178927,-0.3117620900424594,-0.21310538607071183,-0.27421629367077044,-0.18274793772172299,-0.09841545798135438,-0.1471288780865958
-0.5111791552784762,-0.6273625044703984,-0.40313860762085535,-0.42290577787612355,-0.674179667087588,-0.6640423344791798,-0.7548510512387022,-0.858756221637687,-0.7797700471769594,-0.9261635300684815,-0.987583658900637,-0.9640440020511208,-1.0083599651887114,-0.865317442322944,-0.9869167830311314,-0.8232919824394465,-0.7082524778675514,-0.5695562955898915,-0.7242280720741879,-0.4849843508988798,-0.5350263688907606,-0.4316265489363644,-0.27573286321201496,-0.33638341717804593,-0.3235905594117159,-0.2670360295439676,-0.2761780549186614,-0.3572061085548884,-0.3910296175621207,-0.3121526594836543,-0.21683147846890582,-0.38627230089217585,-0.23684652727675076,-0.3850014583141281,-0.28079393950042825,-0.28159608266235064,-0.22716176956004938,-0.16688999708787527,-0.23883602035233356,-0.2790351079804195,-0.13856728020653128,-0.12703265803845726
-0.3939733820569594,-0.5470714473844712,-0.6186840372374699,-0.5446527571772132,-0.5715845097152812,-0.8510644326503632,-0.8043590799277764,-0.7546584828248759,-0.8026513535828504,-0.9124008646359912,-0.8740865442296281,-0.9922804533579407,-1.0093814888098942,-0.9024730674466196,-0.9713696982692989,-0.768975837155927,-0.7588479893779961,-0.5626637875391635,-0.6408110474996646,-0.49540643312473437,-0.40108922939210123,-0.3925199948177431,-0.25633670763686367,-0.29091305391314976,-0.2655753245510654,-0.34250116048593265,-0.17035139916037517,-0.34116005775063096,-0.271206778897691,-0.29284935981033877,-0.3213353789289502,-0.32254336324371174,-0.36314420372380346,-0.23408107025643232,-0.2052155837365898,-0.18631408348690467,-0.1805808207688442,-0.20735536568039212,-0.21447913360113033,-0.25641898415333075,-0.2532103410022149,-0.24773028005863224
-0.5232372799975337,-0.45042828257081974,-0.5641462975529092,-0.5647980589711402,-0.48494999083242313,-0.6944284730758977,-0.6631715386108704,-0.7519837029954637,-0.7992923935229658,-0.9267902412232969,-0.9125961003615429,-0.9971616992675264,-0.8774532853147036,-0.8236974639626713,-0.9698733849460034,-0.8257534131332579,-0.7855982996033903,-0.7679074867577129,-0.5098134409343045,-0.5103088293499047,-0.5853546840719797,-0.32920447578358025,-0.27879638705045456,-0.24448308041517275,-0.2343723735816578,-0.29542252844692674,-0.3020029238587298,-0.3467570420576993,-0.2772715113401623,-0.1909122888085213,-0.27721858624116585,-0.37092023472446883,-0.3367526980233538,-0.296659780923774,-0.2563886981673464,-0.23005309962662013,-0.2613405276883589,-0.2358243853373446,-0.1860145298554078,-0.21173734878080183,-0.1782104252666591,-0.13172734179361353
-0.5892663596577684,-0.4202212221199433,-0.43844198317642363,-0.6449537132879077,-0.6131057301355858,-0.5816835658652748,-0.789230652483509,-0.7548540331100677,-0.7630358795705996,-0.8402889857195034,-0.8819458087382795,-0.9595006243222975,-0.9050891581313254,-0.9600979107683587,-0.8770107121342036,-0.8200824355082436,-0.6201406701596822,-0.6380264914954129,-0.5263266846562834,-0.48901658239225926,-0.5307951993073958,-0.4176215220768703,-0.47037324915495105,-0.2535054523120897,-0.40336590704546094,-0.28708749228474284,-0.21828405186956903,-0.26807703595787785,-0.2886701894599931,-0.31797393727636175,-0.2574258597531793,-0.3681317917690051,-0.33930216499855886,-0.24146520109525582,-0.37386633943214204,-0.3442797064669395,-0.288127552309671,-0.31562628926942454,-0.16518764426995713,-0.17983619839951284,-0.20841928229531093,-0.14459071725922462
