gfs-wave-data.json
{"header": {"parameterCategory":2,"parameterNumber":2,"dx":2.5,"dy":2.5,"nx":144,"ny":73,"la1":90.0,"la2":-90.0,"lo1":0.0,"lo2":357.5}, "data":
[rows 38 to 56 of 73, columns 0 to 41 of 144]
-0.964549395550432,-0.835308428907369,-0.9272215053265337,-0.9051583847057147,-0.8727872228321594,-0.9429202625484823,-0.865004934237068,-0.8171178321571041,-0.5823933509849258,-0.6071309045833989,-0.695031913810729,-0.5877065941922166,-0.6401667003482314,-0.5222996717749889,-0.7312683343663661,-0.6841844550844132,-0.7054748677493369,-1.0671655170274554,-0.9747017382704222,-0.9560332290783469,-1.0882292717654414,-1.2932486548404194,-1.228588833452549,-1.2800453682713016,-1.2581213980314285,-1.139733023302637,-1.1630792646904269,-1.0872270731774551,-0.9438633039877966,-0.9010371350285019,-0.7098376291168369,-0.7935960309327291,-0.647880819148545,-0.5037825802595878,-0.576093554889817,-0.5870053315802324,-0.5853540741991656,-0.48437789536156434,-0.4237550249589335,-0.49422106590217385,-0.502233711962903,-0.49785304637302263
-0.8388480001825096,-0.8587245140575511,-0.9642552001355211,-0.9727436323548658,-0.8007375411463511,-0.9733125503383113,-0.8553103006432217,-0.7772151389986893,-0.6550327743063,-0.5485744214972207,-0.7663700314868502,-0.6408800749582039,-0.5499806274193215,-0.45577035149949807,-0.558285482829628,-0.5368318026176854,-0.9176612375026453,-0.862830519791029,-0.9223441454970723,-1.2072023730534742,-1.072903136942993,-1.0382654173252859,-1.1440314250930668,-1.1836363304168067,-1.3091191162940568,-1.1913914375695684,-1.2536672871026362,-1.2198649027182578,-0.9451684647170074,-0.74118845686628,-0.6956823286015209,-0.6748246292604003,-0.6551992375227662,-0.6518929460222073,-0.630187221868063,-0.47649138127379553,-0.3299368213799406,-0.3516645718110717,-0.4548023805465062,-0.5178232745011573,-0.5517954725942306,-0.6266615226467893
-0.8700013796935057,-0.8631813815124045,-0.8279677252860516,-0.9363319968699816,-0.8481899028304977,-0.8369939099622847,-0.7371580018151533,-0.7617455084004409,-0.6943500473113282,-0.588632882444615,-0.6585240350504583,-0.6110399650635517,-0.7233052050452901,-0.8315063040322708,-0.5368420087254987,-0.7757778254361859,-0.8118972782867759,-0.9468953126730297,-0.954833868149297,-1.1897430549553378,-1.05876915665748,-1.1562149682813696,-1.162764430500938,-1.1229633829359402,-1.201283385606216,-1.306360269318131,-1.1594635635413038,-1.0233070572178968,-0.9244076949237282,-0.8684118499278742,-0.8799703962463299,-0.777659261814619,-0.4744296204143196,-0.533209178976676,-0.39323248094180535,-0.597078174056069,-0.36671617886665325,-0.5339650887213632,-0.5146596365129079,-0.5223761017317147,-0.4565905785476061,-0.5068656213904361
-0.8575043754022356,-0.8995350252764517,-1.0075384365749256,-0.8196275549099015,-0.9111939524697071,-0.866197536585904,-0.8833319809335362,-0.8669480525380197,-0.6432080417361062,-0.756859459295976,-0.7160400278902564,-0.7500218974808427,-0.49337308181901685,-0.6599685887219053,-0.8320656988756633,-0.7288652544593156,-0.6948918125341746,-0.9883640089832655,-0.859057310276319,-1.0423233069900817,-1.211462790091504,-1.1551816622561215,-1.2982836172886183,-1.187857532853699,-1.1516009426893818,-1.234339244694959,-1.1926303106036698,-1.1763501340867886,-0.9155407249240128,-1.039941459578071,-0.7677274154834101,-0.5643853150297755,-0.7633248969318231,-0.5857459839960897,-0.4830237117426964,-0.4715259600117145,-0.4676818977596955,-0.4599854877942349,-0.5029308786973912,-0.45862248434304437,-0.5235665432230231,-0.5051022436653884
-0.010793594233015976,-0.0291308949527297,0.022555539642970458,-0.02438573384093985,0.020984927664659467,-0.046912783156631825,0.005920278420215785,-0.05388254593561426,0.012120420755679144,0.05304787929115996,-0.038166145248229116,0.04223127533499802,-0.03349218684372151,-0.055507244517102615,0.035192327974650675,-0.021657406546379227,0.017221503685136138,-0.021560491894700103,-0.053287800428430135,0.07186377308184742,0.05996348292843985,0.024135520902966147,-0.0070193003220924205,-0.059946610636538326,0.0397217433929016,0.010691343483853047,-0.06054346940075005,0.03585691498392346,0.004595425598061652,0.051431525313521215,-0.0006064383344370182,0.02992749918964133,-0.06027380112414713,-0.028829974644685924,-0.013657812216388319,0.03659854095907809,0.03461865517645687,-0.025818491450210517,0.04637032241237578,-0.003371438993590321,-0.005169816017832128,-0.032073277393324405
-1.146339227619348,-0.9653508297327519,-1.0832999073891325,-0.9650604863527643,-0.8948763084050373,-1.079712554549126,-1.0494650168253454,-0.9525872070792152,-0.9243098944770034,-1.0824000367152573,-0.8861163263887645,-0.9028928315972717,-1.0565574911743105,-0.8941586030677052,-0.9651278765481841,-0.8209402105673944,-0.8415271818067606,-0.8428495793192566,-1.1126243836830545,-0.9365407887327616,-1.1743767798696991,-0.9361335881656552,-0.8758679353325015,-1.1287420152319096,-1.062401301598207,-0.9486284667782524,-1.0332823858317193,-1.0073058864879898,-0.7285070042013089,-0.7822608457581245,-0.8191462737099304,-0.9127366961630234,-0.8389351972128807,-0.7629050667474329,-0.9763961156655622,-0.8279719353132701,-1.041167919512576,-0.7098349051120219,-0.9476274005304797,-0.8020381327423493,-0.8938515932214797,-0.8634553023728878
-0.9411964549291457,-0.8586065473050313,-0.9873362618825002,-1.063812907527928,-1.0453732032615355,-1.0304772145787107,-1.1127560476561182,-0.9788762864014007,-1.0030362569076177,-0.912860258757856,-1.029800256643918,-0.968698354582105,-0.9576936950335739,-0.8856335698619971,-1.00819721889509,-0.9945305062184444,-0.9701641063087084,-1.0028006743090798,-0.9087294314829877,-0.9233282529488517,-0.8374234363537938,-1.0142895705841546,-1.0552722177005633,-1.0514780736439213,-1.0214100369125743,-0.7696094026923123,-0.9220162425643508,-0.9191756223867171,-0.7976454796275019,-0.8745567397090763,-0.986023339371641,-0.8329124256627265,-0.7383617252016962,-0.9206317694417459,-0.9348367743439461,-0.6416358184027783,-0.9730045113271019,-0.7809703125844963,-0.9640954196693611,-0.9050742527561593,-0.6247568611713291,-0.8544948429667071
-0.9123743898214307,-1.0320767184127297,-0.9445130720597046,-0.9956894563730831,-0.8984360074947833,-0.9150791910446634,-0.927795948175642,-0.9873766266298764,-0.9850554477480203,-0.8519286172068755,-1.0763179721276845,-1.013164842899682,-0.9974237031174157,-0.9834205224334336,-0.9639449024831191,-0.8565956786383387,-0.9726535353534485,-0.7867516790896188,-1.1202983540131368,-1.1005463028611902,-0.7622006391334345,-0.959277832521051,-0.8646503191986322,-1.0201332485779107,-0.6839504689928267,-0.9277228362402027,-1.0378916022866895,-0.9863101863407603,-0.7562103083641373,-0.9971076131819595,-0.7309353871684809,-0.822735792643291,-1.0223663129623621,-0.9724466691304408,-0.985654133324947,-0.8600731995758963,-0.9213813490444138,-0.9783969059149776,-0.7459938919271453,-0.9475732849852623,-0.7495728152725806,-0.7796092096395897
-0.8375952194227744,-0.9034756881497822,-0.8902499553234987,-1.0330278488753128,-0.9540768735437538,-1.0620938252398702,-0.9033125415562528,-1.058398840127319,-1.0755373012255052,-0.951051851128327,-1.1477084367026038,-0.9828538831762151,-1.116416316367281,-0.8684087073699394,-0.8758442567045236,-1.0155489746934452,-0.9677495547923388,-1.110857216265336,-1.0290621950787608,-0.9498858626680767,-1.0378898855942453,-0.97648794642666,-0.8507460813416695,-0.8743506183654123,-0.9787627341330397,-0.8387457222608277,-0.8258447738935967,-0.9602972965175458,-1.084159808457859,-0.7999429087653628,-1.056468996347446,-0.8228726567370108,-1.0463169653411315,-0.9334144430882964,-0.7334546963634039,-0.9876378587821919,-0.782038591578066,-1.0109672974357558,-0.9291128933428424,-0.8954430784663351,-0.6597631658793094,-0.8943561274418111
-0.9508828104430591,-0.9119192748098187,-0.9165713367465625,-0.9180369624935938,-0.9274511438219871,-0.9863877926744441,-0.9280809586848383,-1.0621154717113537,-1.0026035796193387,-0.9857734160274421,-0.9647929900764047,-0.9832756180671679,-1.0022566225608025,-0.9060067565673552,-0.8602933584844352,-1.0487213913486717,-1.0730587961221818,-0.7615589929747609,-0.9538548067039382,-0.9335799373119924,-0.9575490303027239,-1.0589248654473602,-0.8413429080728123,-1.014139179202667,-1.0710154399132024,-0.9114237410288041,-1.0539178734561208,-0.6887515823710675,-0.6523004227288678,-0.7750913728016131,-0.8702685393523264,-0.9430825550401982,-1.010430974196201,-0.6982622558268055,-0.7382815947494157,-0.9259592730807233,-0.9143035538656683,-0.9050980293394848,-0.9047314496691428,-0.81932911392832,-0.6886626304645754,-0.6157019703728471
0.03684529791951724,0.01355216443550512,-0.05175782462610269,-0.017829444048796623,0.054675173102158435,-0.008290737178937838,0.01661564839575029,-0.006376812389038365,0.025527411197845178,0.022408875252677093,-0.017108461412264513,0.05252280334881686,0.025936694083020597,-0.017608810897874853,-0.038771055163388364,-0.020838673176177745,-0.02077249836161153,0.0045192893827289155,0.03368367909389121,-0.0025392567406169715,-0.03441534484502358,0.05247435450288728,0.03143278086407764,-0.004427337289399095,0.015522419408906475,0.03195431843610387,-0.03552857205796188,0.04090628633712936,-0.03934098629546557,0.02920388053429433,-0.06071837049152466,-0.014932536881888494,0.009875803903558465,0.027145349547429518,-0.05905584131482275,-0.035143091538147646,0.047244588846090285,-0.03721040931561402,-0.038924558843107714,-0.05193969991051407,0.034193059095241285,0.003488806108260698
1.6766329877369797,1.7874928765053326,1.7735697191081023,1.6456506250547194,1.765970486342018,1.5165163071202015,1.659484230667706,1.5896632594776157,1.5979363878848099,1.5317431679778555,1.609592903947133,1.5138273255220556,1.4290754446839926,1.4930562199162978,1.209179448265175,1.3665786683262313,1.246088773301059,1.3410586240438507,1.3600955147661133,1.2595642640191282,1.1872725987231236,1.1943798700652652,1.1517952164991425,1.1565190577081828,1.1427133341373097,1.12846276238048,1.3082282160997003,1.1034237685284416,1.2849545563218399,1.0315798067002613,1.0540776864445516,1.0216027980759605,1.165812253532873,1.0701700010922195,1.0365194114290246,1.0450748458270396,0.9413735306852665,1.0355471249602617,0.9327490930651837,0.8980581427959873,1.027829170010409,1.0023653317580554
1.6742424942798608,1.6182976749070017,1.7514677563079832,1.79248644978919,1.6515549273056955,1.6753482753622957,1.7184076249294398,1.594006988302146,1.4442412034043108,1.567156207996045,1.5065874711495195,1.4356517934203374,1.3081977141607635,1.237284432132199,1.4779860840793482,1.4482459707454747,1.363932764711061,1.2680860708399717,1.3255770560134639,1.3654155931731728,1.186785330583823,1.2478875917239785,1.1397461645059945,1.139226052805955,1.2459966416841906,1.2082737860255526,1.2734712871726124,1.1438049858060533,1.1491884780925925,1.031560039727182,1.157768762204353,1.101108752932299,1.1688107059059916,1.1471773778245338,1.059841052798187,0.9846594732845059,0.9399859900843259,1.0812903145718036,0.93764057178724,0.8718200848414431,1.0194071839620331,0.8275451423069798
1.6119553408160228,1.59893238577133,1.6993965104350066,1.599032101386462,1.6035167949171878,1.5638160126192058,1.5971033281293,1.5105233396940485,1.4243454595409997,1.5453000414334086,1.3307252194247778,1.6139590191303368,1.289614602257301,1.3404166590675441,1.2650962961022494,1.2952629589447375,1.3325328496833246,1.2777683121694081,1.2484125794093113,1.1465443482521853,1.0893374241846665,1.1857682934468419,1.2544536193817333,1.1229552170266428,1.1655506204133552,1.2026695908756568,1.1281800622643108,1.0326626120314548,1.2563416413117365,1.0496123589391113,1.186806358013541,1.121337195911384,1.1010648637463323,0.9546479483784382,1.1383794020841447,1.0319606055623167,1.0824777356545288,1.06962192299154,0.868285820346625,0.8995558777551715,0.9779535370126727,0.9386342126036878
0.0017010470292566531,-0.022647497304476093,-0.05415360819788483,0.029242764881412607,0.00982969854924823,-0.004260142160807151,0.026812777458554395,0.04612978878779556,-0.01825757788690608,-0.021839198546533975,0.02804481614812379,0.04886262179555261,-0.04619827154050387,-0.013467368951313223,0.029155145394841656,-0.03911305792852908,-0.026236903753662826,0.022482917073609183,0.016005769185385196,-0.04455694267600414,0.031567031786395375,0.008328604905479283,-0.00011261263115326172,-0.035121125692161866,0.03424548147013978,-0.03719371127488828,0.01142908275727262,0.02042859460108282,-0.010261270670708703,0.005214628200618311,-0.010013745701828208,0.014018285247779485,-0.009883699076977606,-0.007956583142714115,-0.004986130297180729,0.01595741756591826,0.01230645453238554,0.032703838615542546,-0.03667285562592544,0.03370603522307106,-0.03965526551055345,-0.004043414668838142
2.0098825099461006,2.052702713724666,1.9991952953379253,2.0441575066065902,2.1115219746378586,2.115875625541505,2.183793477549487,1.9744705992295974,2.146861905616911,2.1285565855118387,2.2637657223424594,2.242802700888513,2.3411122423730055,2.1192314489808344,2.13316999581845,1.9901988307253498,2.1203530394314916,2.2827831929065683,1.9376021514493744,2.0305793754064223,2.3790671793648097,2.2556648564239756,2.0619356682091263,2.515922068005042,2.181745701640122,2.6321786914221006,2.5296023493752227,2.499082511997859,2.5780087846097954,2.5470026696124295,2.7748382980550526,2.7922640799115164,2.7184334421576475,2.724590096154435,2.765007343634619,2.8217854885418605,2.8073138856728552,2.7604388285706705,2.71181222203289,2.659408223280456,2.7390868559723347,2.6551879547143753
2.0245307235423335,1.9673047992586654,2.006166066694018,2.1270849980463122,2.0320488201461497,2.064095460734349,2.0787515525804006,2.2238377304160033,2.1841603696431213,2.0531819129865343,2.2121449927266443,2.0169528405343082,2.2145128909309424,2.0544563817631287,2.0711696802771873,2.1761105591939165,2.0360635974741963,2.0064348091426223,1.9491559312413504,2.344712501754325,2.2922829538009495,2.1562273787735755,2.378975491949026,2.2531766194456524,2.341090554499222,2.3556373493024076,2.3640834008710963,2.3140672191881104,2.6382226346592024,2.416929415367664,2.4992151809105834,2.701345206562893,2.7099796459507535,2.6013108601997987,2.7845815864234367,2.6998337894435966,2.676797297901716,2.8062683442025365,2.6870453770749747,2.6339213502942718,2.698618203382351,2.739258338577007
1.9277992198807954,1.9333473659754008,2.064917851997202,2.026013547256421,2.0504672159120454,1.952748694344951,2.1760357638323287,2.0447348030174104,2.0900812264201054,1.9232320865120573,2.0958321374113074,2.199465064670411,1.9316493526051475,2.2493583233019327,2.1510336104976044,2.386029364155025,2.186223410140603,1.961817791946801,2.39312552802378,2.0065499752942633,2.0426142219100902,2.10711497794158,2.0611482698778207,2.5105897600180405,2.115295816993884,2.344620285356192,2.585614550089268,2.408594463922651,2.564018527296692,2.6494418354929885,2.666707958959283,2.659057319300115,2.536194464891681,2.720211110549288,2.7562281269193996,2.7714715305707713,2.6261717704339724,2.586905574075775,2.8274616783783224,2.6508429327541583,2.6494309329106516,2.7546105549070834
1.965855406720636,2.030050318708358,2.0695279105904962,2.052595729338523,2.1040505094780184,2.0719253119359338,2.102911550986769,2.1593039206074027,2.261117817147708,2.169320871441317,1.9686735299699536,2.002887134610543,2.150769622706608,1.9207926402445237,2.2993191915031597,1.8466905207336675,2.092006051888908,2.1089397037489186,2.0872876851467415,2.2566094023754095,2.0295807714462044,2.1544169868334877,2.093587884667363,2.2771750914127735,2.48300669344832,2.251477487146816,2.373747093063185,2.5453806106240138,2.636636307789077,2.74311831717738,2.602449559467048,2.6977104784319965,2.692750852397699,2.554912664747385,2.6399093009843555,2.731143052462303,2.730777909255425,2.6897466859814507,2.7772289841745095,2.5768465381932084,2.608917841005914,2.4841342819297276
