gfs-wave-data.json
{"header": {"parameterCategory":2,"parameterNumber":3,"dx":2.5,"dy":2.5,"nx":144,"ny":73,"la1":90.0,"la2":-90.0,"lo1":0.0,"lo2":357.5}, "data":
[rows 19 to 37 of 73, columns 0 to 41 of 144]
0.5699519167001382,0.4126153292209552,0.973236562645004,0.9049341794065073,-0.03508851680141121,-0.08216355124268644,-0.09770189273748255,-0.1900064614932241,-0.17644380770010135,-0.05419502018617273,-0.11649920641628136,-0.052659314227565174,-0.13672407899941047,-0.005678937827216652,-0.1158418944335674,-0.05218174228159802,-0.057802367763423734,-0.16825533436112872,-0.16422057677961904,-0.030390208097414,-0.056581761908357356,-0.10553469766156749,-0.04103085654505011,-0.05650445786926393,-0.052618261289783544,-0.03141006665755628,-0.06164714795839004,-0.11239196102194476,-0.16209085853797917,-0.14980612437224466,-0.18170259341954864,-0.11634036564979379,-0.16922420907087063,-0.023640718524204782,-0.06438571396810104,-0.20062743849674253,-0.16183923619432203,-0.08019825628670614,-0.017423640647005016,-0.09333043055265176,-0.08281709964857195,-0.08107363874335291
-0.027727516098086543,-0.005592205691166775,-0.07686499628190382,-0.007949235635956255,-0.1378634112436526,-0.04836408754149855,-0.17350546844862433,-0.17318661607112912,-0.1811470431170517,-0.17079591877856426,-0.19868351684677538,-0.07863797044576176,-0.11496709952837036,-0.08376658100488357,-0.056910346286023185,-0.09797132582112415,-0.12259818544372526,-0.02573477000968045,-0.10286716686775575,-0.01798275701710737,-0.08365144152454113,-0.14190032596749982,-0.08311672319252757,-0.10764653093901265,-0.14066327874374343,-0.03979483117559744,-0.08249050610019557,-0.14963128608838555,-0.05890481117117414,-0.03745247135840779,-0.05922906436127156,-0.09485385781889565,-0.1816394959433745,-0.006100814708307696,-0.16009916182366152,-0.07109452835959182,-0.0899417225626675,-0.17723958727253364,-0.1255965662142605,-0.11369101819541937,-0.05749266845238694,-0.18290266614974907
-0.027948840205301095,0.07620470315315948,-0.007027173543844935,-0.3591151024039035,-0.0590059443235711,-0.501564112048367,-0.38326104325760557,-0.6405944227234506,-0.5846874119336388,-0.6693944107812675,-0.345844673112786,-0.5646620414654877,-0.6103496785404553,-0.6542436670676732,-0.7012156744892378,-0.5947718305861336,-0.6133155084064075,-0.7158107602999337,-0.6710600575874709,-0.573940806419568,-0.6704115069742536,-0.3900426830088647,-0.5486877773798412,-0.5853968558433449,-0.30398099325115874,-0.3868457521143496,-0.377647304351402,-0.4240751306087498,-0.41589739661836667,-0.3179197422019551,-0.24701794453047887,-0.12919302790377962,-0.32179353869939603,-0.1197987179740588,0.046906429098134986,-0.06166196014281774,-0.01657924363384347,-0.001127969310476634,0.07827892155492538,-0.013671098059801073,0.035962049292184224,0.10545142162060542
-0.0858389834190123,-0.2619484136783765,0.07734170398654151,-0.24124423640535747,-0.4551794016992643,-0.4680586354650488,-0.1359220632329167,-0.49691158215528963,-0.5013383509153252,-0.45203477963435845,-0.3713170437773022,-0.42151123861370926,-0.47727489860424643,-0.8268571094965081,-0.5110987940109328,-0.783957307656325,-0.5120894792928081,-0.667890365823564,-0.5962594428078923,-0.7493607397889238,-0.7500518161012234,-0.47682877249880473,-0.5473345293016851,-0.4204420943166178,-0.3186646347603345,-0.352270314396666,-0.4977083094268141,-0.25025311356242025,-0.3882042576054538,-0.44088026003621406,-0.28830678646884433,-0.24731487926141763,-0.011234211056640783,-0.12859021301972534,0.020271913371729858,-0.039649223720410735,0.1382930381235303,0.11060988790387587,-0.008054425833257382,0.13467317237883547,0.040027833818149755,0.27317199721424223
-0.15941643901996735,-0.016587165549022922,-0.24379449279567222,-0.44559016666659335,-0.3341194857359056,-0.3468615406663381,-0.1914361838783181,-0.5637755129548653,-0.5038960455469667,-0.5723420238332594,-0.741797555395195,-0.41039485228710004,-0.762385916299634,-0.4581564318608973,-0.6921343557283701,-0.8591430265952842,-0.6511422813951885,-0.7911525549580603,-0.6320278271750925,-0.45138510877914495,-0.6353312808848284,-0.4936233176416074,-0.6016343000588223,-0.5642715006224365,-0.46309220808389956,-0.2788036892223263,-0.3237869585173429,-0.397528499783858,-0.36861648157275073,-0.4121611258070701,-0.29905603182565976,-0.05032882309170133,-0.19535822028902594,0.0005664898929116489,-0.02105522349449582,-0.07509234984409814,-0.0774232224018652,0.06425097422746226,0.12304562989868492,0.19489766513289225,0.07941577194221834,0.21933882689943254
-0.026882037961075793,-0.09079226858241471,-0.1754003584198013,-0.06594369523154579,-0.032801883892415694,-0.022504882120252576,-0.006440478080130423,-0.071762270730998,-0.0768628997050655,-0.02628675774277509,-0.19904670534574292,-0.1481141186396822,-0.17196111116683233,-0.09954221624374648,-0.13076500757965467,-0.07438437492594209,-0.17537706016133622,-0.023030565044801134,-0.1450195310426776,-0.036340275432007886,-0.15079625590725304,-0.11391713856085961,-0.05444313995755287,-0.06861737509511683,-0.008740253422008477,-0.176931549453005,-0.09608942687697303,-0.17862737849829854,-0.1537572274335098,-0.052824155705891336,-0.03700888273280436,-0.12995853058518542,-0.08720556016689436,-0.10734606489892243,-0.2005367192513132,-0.12335594600825801,-0.1562995907635932,-0.06570016231188804,-0.009579108124826253,-0.17011069483967692,-0.18285002544753762,-0.14864733831042273
-0.27787133608878467,-0.31220224900602295,-0.30996483491734406,-0.3889182606911486,-0.3733872864937035,-0.3606712616239603,-0.3626120012575723,-0.3225404328366004,-0.48202169869149,-0.287453342195592,-0.37845648470886867,-0.3436493916090083,-0.4267426468014032,-0.2133094126066905,-0.39937864446507126,-0.26421367234659315,-0.2731211002597617,-0.3235195178815677,-0.2352483941947134,-0.34613880790392254,-0.4043679891176198,-0.23812949949573642,-0.3145111446133414,-0.12199017623909914,-0.3348642781132764,-0.21136859752399467,-0.042263484740358896,-0.144970151605333,-0.10820132451683265,-0.4027500773756785,-0.3811033295035365,-0.2202142536466604,-0.06908383921377219,-0.14755800209089567,-0.0039905128009179395,-0.33018467642885513,-0.18774914117960617,-0.040790564842843255,-0.038866723741296086,-0.011925386270806682,-0.28937803505498266,-0.09352525768032141
-0.516199100228686,-0.42182935529282856,-0.3706115565652814,-0.5750082807024146,-0.5203857676224756,-0.4874096165276571,-0.4379384902847978,-0.24545739673304495,-0.25225732575931503,-0.32999384843456653,-0.33033644018944147,-0.2354449603574156,-0.24623062409673618,-0.3092308487718722,-0.39395750157894044,-0.25083753020611566,-0.19913023346377146,-0.2695134127193087,-0.44240060127052677,-0.11053459555989963,-0.3511591085254051,-0.29012648652045336,-0.3126870889970865,-0.1516173096973016,-0.11056140369530408,-0.3101812592756787,-0.20433063543914393,-0.31195882748642856,-0.21449761176891657,-0.054183983629461516,-0.3421608997591604,-0.39924146632840257,-0.21575598522899284,-0.22700880419920574,-0.09452961325365379,-0.14362683011858157,-0.32541143724178545,-0.15940396658471065,-0.26456030040135964,-0.13791469807348902,-0.3266885972711097,-0.21843411607619204
-0.44607234054133593,-0.46622222666772517,-0.5368235479482426,-0.4481938473108411,-0.29228507699341894,-0.32064797778962806,-0.3415903511996409,-0.3903742598819106,-0.5131967681237204,-0.3697843617687146,-0.4379157069117204,-0.3347721628300485,-0.23251602411027034,-0.2690619062295615,-0.30730431384263457,-0.434813985894289,-0.3890503237481423,-0.4381455163754102,-0.39827252304268224,-0.28035692867762696,-0.4092314811897513,-0.28640699534197694,-0.36289664522787696,-0.35269802905428954,-0.3733882852807628,-0.39232542112461477,-0.38054598413309004,-0.12394812993767892,-0.2423164581670458,-0.04650320124719506,-0.17683228197363743,-0.2486418434648883,-0.0970873956265485,-0.07729107851490388,-0.06790225265045462,-0.04741096495533489,-0.15482382190718955,-0.2916912996225347,-0.23902155823639123,-0.07415241458866317,-0.2175318713815142,-0.03872369719231834
-0.39384402347338515,-0.5562603562490058,-0.5053604833175932,-0.5620997650127975,-0.522063527150046,-0.3040387477606826,-0.4592807498619837,-0.4551648319067953,-0.36050730889781135,-0.4554250312239329,-0.21693318939274425,-0.31309889760599374,-0.3885040121341163,-0.3937712529328036,-0.3192679907310317,-0.3395649091772072,-0.4742313732534178,-0.23790666676072064,-0.4401504974668126,-0.36733630966629105,-0.42382417767083774,-0.10694688038905846,-0.3325363618971432,-0.3828557166455785,-0.10297751453801213,-0.19822163332338777,-0.3454336306191378,-0.4011993517070602,-0.024116524755655146,-0.13965618829032833,-0.310187238018313,-0.3145115474591345,-0.19795173868953655,-0.15316986772395128,-0.23213754894306213,-0.15161069889961462,-0.22819352631333276,-0.09846582154778127,-0.06122350352449726,-0.28202639026236015,-0.1006875461197737,-0.11408198330649982
-0.4756254257887829,-0.42304798020067724,-0.47765526864843927,-0.36095315622174917,-0.5566376304681234,-0.2942958914750419,-0.5857384750947462,-0.31694535054639383,-0.4954906145238517,-0.4955001850296129,-0.19707659635635721,-0.3475996978753693,-0.47565145473819487,-0.22305086553733813,-0.26888575359679256,-0.3762550468464147,-0.3764258189741153,-0.4792943360195766,-0.48579207441619815,-0.3920147299687152,-0.3893815069233248,-0.2871729002967828,-0.28625562883180505,-0.29176793250756244,-0.19757238990329637,-0.26891120368783705,-0.28482418448267977,-0.14619140725756724,-0.06291479866448899,-0.26151187922228997,-0.3542065254649901,-0.05406026680234596,-0.2957039354070772,-0.2942057192885714,-0.12797149885099723,-0.33010789997776524,-0.2584165381212253,-0.1085677540992335,-0.2182115332803144,-0.14584816196313746,-0.3026951865452943,-0.2994172120394548
-0.12573566909870362,-0.24375224902406104,-0.2272469077581125,-0.19934777484798205,-0.04951300737442753,-0.23282604114263677,-0.15992624734150657,-0.18732851750553522,-0.23544451588712126,-0.1326480616593229,-0.1910644411114276,-0.18945642438212873,-0.20169905946151584,-0.149939641442722,-0.07780522292465375,-0.13382925739704774,-0.15336791800612165,-0.16090988468966036,-0.08710158715283134,-0.10929349589052355,-0.18768367503106465,-0.16289385449808874,-0.16311122797807825,-0.1766243982590783,-0.11534126687202897,-0.055580480663080446,-0.11374694412804767,-0.22923877188230862,-0.24110048334203038,-0.18144336284737397,-0.22727355937154775,-0.19525886678098706,-0.17291410285676695,-0.15107916641604227,-0.06299615973884463,-0.10949056125650357,-0.1514965443435549,-0.15295178368293916,-0.19961438713016916,-0.14185718280215995,-0.14746369595807332,-0.08449523803265047
0.06131622005759198,0.0583423853936492,0.2638506105491952,0.18362950214916862,0.3852859679907477,0.5875518237053093,0.5960907792828269,0.6678317519993463,0.6616017784396118,0.8101601448749854,0.7432791059384645,0.8828194039351568,0.8414322830360401,0.8998966522824366,1.0386365905137078,0.97857376449454,0.7435248528889892,0.8272221189562065,0.58223439410628,0.5222915843050048,0.3691693169330446,0.5647951356008691,0.1996150471043116,0.22125163086945307,-0.05316280331659685,-0.18757191923530517,-0.09641868408245594,-0.3787963140576808,-0.5339556656553089,-0.5566017957344088,-0.42545336010326806,-0.5548699282358058,-0.6884477802464589,-0.5590950445874882,-0.5871759529728422,-0.5742567992673353,-0.4840338750372972,-0.6019559057316957,-0.44961342838105045,-0.5782857148332425,-0.3594547300595082,-0.39942620924536754
-0.04904609335461477,0.19725424246520645,0.08800943527480336,0.2625212863393393,0.46130192708809403,0.42952242251382133,0.5912781030530148,0.7444471818667512,0.5911064796365899,0.7335080179089392,0.7392940811929953,0.8904109953266247,0.8633833895066765,1.0261548359206423,0.9801747254739742,0.7877198763495716,0.6672552252733988,0.7109054986492518,0.616017087206833,0.6917287161898994,0.4946736193154403,0.5007066111714168,0.2743287486953801,0.23357178985884114,-0.16308812771830294,-0.0003999619516581031,-0.20790056884013722,-0.44271097845797563,-0.5639338722775028,-0.3900571700092012,-0.6550216528308791,-0.6036239837330024,-0.5528374793386801,-0.7438797411065893,-0.6130411550329613,-0.4913214566182704,-0.703012239727491,-0.4799860132785994,-0.45816003216104184,-0.4560746476809245,-0.37439370789363163,-0.363476880130275
0.1154070131907432,0.00890257963120175,0.1670552261772724,0.3804303650757332,0.44407776801606247,0.5476332078604347,0.7316750377129817,0.5890318389091632,0.738900147895988,0.7815901955881653,0.8778600009568566,0.8333922934686046,1.0158778503802972,0.8390742769103681,0.820841711949866,0.842090613835414,0.8882667666129984,0.719363374177291,0.75334475660386,0.5121855843084941,0.4866712726687667,0.3352228666348191,0.3051155543443562,0.08928231170217138,-0.09605451043175867,-0.006009114996704743,-0.40838927067900593,-0.41652937804707724,-0.5176344911392372,-0.5710788721244862,-0.670190040369629,-0.6807232093675598,-0.6901515685203122,-0.6470325982154331,-0.6130371423726072,-0.6354017159456956,-0.6054708464751211,-0.5415674249500875,-0.5552147278639219,-0.45659855728964316,-0.4257399286636891,-0.32703196344972524
0.0679802103530636,-0.003857996195153417,0.18012938447424284,0.3441843852876204,0.27666396741302446,0.5811494911393638,0.5515859101803635,0.8142337079972854,0.7313523730495832,0.7862780172115743,0.7263828667726252,0.8851728727769235,0.9980212052362473,0.769929524824286,0.8762667338182414,0.8979164471517512,0.9940381454100361,0.7124586008039882,0.7470338067154297,0.6503608148721758,0.5372596890136416,0.5880031418058173,0.277365719739274,0.09161724379528792,0.10973866869645615,-0.24412587228008198,-0.2776052890987948,-0.42717482181052346,-0.5328419201798754,-0.4554962317021156,-0.5732700353944147,-0.6504626731927023,-0.7235169172279239,-0.5707219843687997,-0.6109028366422117,-0.6255079435346619,-0.5825202638224319,-0.6013503753121189,-0.5800609960510408,-0.41520150798960137,-0.4345229566059335,-0.4581337412748435
0.0067727361812318235,-0.01708537229323637,0.0822387809361573,0.2748310941970347,0.5601792976759755,0.566253434969913,0.5203807161012217,0.7621675146005512,0.6183018662928673,0.8647364011727074,0.8252749943369849,0.9895101350580239,0.9441896487171159,0.9157357040816881,0.9890852934381683,0.874210035048268,0.9023475104052369,0.8735283455481109,0.6507328244828426,0.663829913315578,0.4727025215708781,0.5230987963357528,0.44415987067597684,0.13167748928030273,-0.09627300445074717,-0.22423565810609675,-0.19466511220299598,-0.31298067623483805,-0.4258401842743153,-0.5785418349592291,-0.6462120907593467,-0.6627854505856696,-0.666589599640413,-0.6397430172393817,-0.664238587551563,-0.5723386603848906,-0.5768893408739802,-0.5908961147711264,-0.5031943408411824,-0.5037475468465525,-0.3140845362438081,-0.31372086111594144
-0.10409225634835258,0.16471608699619178,0.16666173138273008,0.4663086267488087,0.5353839141573977,0.5041217097955579,0.5231324461976347,0.6345399442533494,0.8559900617047305,0.8539885434242526,0.9111587262645121,0.8513938472399977,1.0454665396846405,0.857581123590329,0.9275456735516483,0.8225117306107387,0.9182942546584104,0.9466321482599832,0.683922243968238,0.5498393848714861,0.4070095386817318,0.30470224225813175,0.15098696336304868,-0.011154078435753051,0.010391956245646415,-0.1174483543341175,-0.4056735379538708,-0.38667253889728787,-0.6099325301500129,-0.6551383527970779,-0.551933242466629,-0.7446356805097802,-0.6782342185911084,-0.5924593028932851,-0.6160717131058908,-0.6101024544543926,-0.5919365425780901,-0.5852006311225095,-0.4907643242070229,-0.5120342817730925,-0.4742532316869803,-0.3939229238383995
-0.024580468477450913,0.04723679812878787,0.2282409845756418,0.20302198145894537,0.3539516728908922,0.42154867368413734,0.6336935052090713,0.7349986593573963,0.9202588891906354,0.817174568132366,1.0276643635413343,0.9949719687950981,0.9114265082251729,0.9043095543424593,0.8491971418626371,0.8494607300410227,0.8926710845316335,0.8410222531919379,0.6361503574626391,0.7435180366815283,0.3821918653500799,0.5132413093371724,0.2995001871488674,0.0010933839983417834,-0.1230910019628558,0.023847691827868632,-0.3797131517789394,-0.31372730352939265,-0.5852053963523478,-0.5576895415213329,-0.6870498527911515,-0.528010454017928,-0.6849122790407888,-0.6295238337656315,-0.6364448782325502,-0.5883646310531021,-0.6933870345507955,-0.6074282787751464,-0.5705219246619233,-0.4907079843769231,-0.3776726774472019,-0.5013469094151566
