gfs-wave-data.json
{"header": {"parameterCategory":2,"parameterNumber":3,"dx":2.5,"dy":2.5,"nx":144,"ny":73,"la1":90.0,"la2":-90.0,"lo1":0.0,"lo2":357.5}, "data":
[rows 38 to 56 of 73, columns 42 to 83 of 144]
-0.39876470724843177,-0.4353804401074092,-0.23453762270296183,-0.21804873524971485,-0.19238136592466926,-0.015347232170422075,0.04939798840858871,0.12832560383299102,0.10145415703494241,0.07797469632556249,0.12499068558011066,0.2525342728866569,0.32852298928636453,0.34677698840454907,0.3580115551651409,0.2683717114392619,0.32549975109234225,0.3944335899177269,0.3302770142092516,0.4307122639285024,0.31865577567995135,0.4667533430383183,0.4580568467428436,0.44532580151504303,0.3564709893933551,0.3937494570335877,0.3181836819564993,0.17137733828726867,0.2596012671851452,0.05824574737407808,-0.009204776091763298,-0.23814674699857982,-0.27037118876464833,-0.275593515071135,-0.5176262672530004,-0.695759737233876,-0.5243604232617101,-0.682079807294499,-0.9550707759302853,-0.9144828177790233,-0.974925579015648,-0.9245517944034545
-0.4347842836659812,-0.2795816936072435,-0.2889645453195888,-0.19809716696007892,-0.1059386272558722,-0.13208001127487298,0.0627031263340115,0.08887908588766819,0.06121737498871,0.19301973906112993,0.17830068881600405,0.17528654875457303,0.25558393318463424,0.25823516604087154,0.2977984535892005,0.26726451799365725,0.42296449469086833,0.3769965769070526,0.38326313729216455,0.355728270416119,0.5141637549107679,0.40192868713306507,0.4342215789878921,0.35016031156641325,0.4662523488648865,0.3892777201131415,0.25361128829793167,0.36412365061935625,0.1580598543640067,0.017990289631989675,0.060401386428070004,-0.17190187892067427,-0.13194560982703213,-0.31721113665928546,-0.4084757609848321,-0.41689109341072444,-0.563673310363924,-0.900802625212975,-0.7474334385177368,-0.8586472230249483,-0.8349139423789866,-0.8671413559259811
-0.4074404788731175,-0.3233852385342121,-0.2763986069546319,-0.13150312920674415,-0.20637625788469166,-0.08219147620430549,-0.07847380369850462,-0.0011930040541623399,0.08955377493022681,0.07022176557047066,0.17388223418790702,0.17640046702284065,0.21279904355834908,0.28960660490502016,0.24381745854425352,0.3520398476577393,0.3472839307982851,0.3906921866489727,0.3102098944010408,0.3411339914619838,0.37119507302903293,0.3678936996355715,0.45266093826479076,0.45370030802711975,0.4114783009356402,0.41099034143759533,0.29363523305935535,0.29236128299410863,0.18395789499612644,-0.028600731068876794,-0.044441633829756924,-0.005823825222335264,-0.1141660756040505,-0.39142865820871153,-0.337136929178165,-0.5670332659997348,-0.6831361354117098,-0.678187022078915,-0.8792099239384918,-1.0260111079063496,-1.0201973273635232,-0.7909888464045204
-0.3861796743009847,-0.2570007009190861,-0.2974023405485865,-0.26216112760209753,-0.11978519349117364,-0.06113993474275232,-0.04686990871477636,0.04805539432103579,0.07494605862552134,0.1563107014541253,0.13803574386011183,0.14072171533012903,0.20818076199846858,0.20655405129901228,0.2713131060171279,0.30939105858641397,0.36689235245781787,0.36395333195301216,0.3963426240815678,0.36163613034153724,0.35384253458625137,0.5192754304965007,0.39951300590709315,0.3030099627418015,0.3139247382573305,0.31411344537001284,0.24589236113588944,0.2631696106359541,0.24152533386839287,0.2178184363504835,-0.05132724248462614,-0.14608815618121987,-0.3529449247745131,-0.2613839154435035,-0.3980533243644669,-0.48217010441386216,-0.5166230774222594,-0.8200474092328497,-0.6458297179158682,-0.8466039872199693,-0.8818294806468374,-0.9252515882117178
-0.27348405910343104,-0.3262582338511336,-0.3443223781862628,-0.2609622838720048,-0.23781406473044772,-0.3288577635691734,-0.16869936025699053,-0.24398849898196248,-0.19819299851274297,-0.2176655753161622,-0.25742588128896005,-0.17339704542697304,-0.28879149122287084,-0.3188134709111125,-0.20315748529410668,-0.34261141922700733,-0.3336120046090213,-0.3123739645163111,-0.3483379841452177,-0.21932132779826996,-0.20218925387850722,-0.2166202135603363,-0.33161164131292,-0.343823269624395,-0.23363243417401017,-0.31088485140191,-0.2826012914405315,-0.231679363349449,-0.2493420012990038,-0.281175776397227,-0.23793343510769746,-0.31964578126944987,-0.2767940248078274,-0.19029393910532694,-0.153437459719486,-0.21907042859626435,-0.3056901141623027,-0.30087387089095496,-0.21062821326484082,-0.2611015301555925,-0.18082624838283198,-0.19714176189396249
0.8324353247787214,0.7477132967711895,0.8159231052639547,0.8668261843920182,0.8527849109506562,0.6327385591234875,0.7024174865498741,0.7190579337098412,0.5502441611383688,0.6374997693667002,0.6998591129230006,0.5971019663821486,0.5915954511363651,0.5952018038587813,0.6115126986324156,0.46709507490760277,0.5160210051996665,0.5111285016558151,0.6043065371604369,0.47154053994525325,0.5960471047390526,0.5175459460020143,0.4125342737828771,0.4133555305138584,0.36203150181261784,0.4903816406395404,0.3092750954878159,0.280253445541827,0.3443583063337779,0.38298164347848807,0.3963134259542956,0.5451728903665608,0.4898739244563292,0.6243563819610568,0.35828684512334735,0.6549006401212908,0.3779663820897948,0.3295387461885512,0.44692248871791584,0.3550240057993047,0.6304791352169016,0.40577036535003796
0.9308164099795495,0.9595625249317072,0.6991125226113508,0.6752299470385377,0.6239159349179789,0.7712858715732466,0.7160416670478587,0.6821181380194572,0.7161516574834363,0.5774677916578271,0.5865100416910534,0.6095069793704977,0.6490996515140807,0.6024330146716665,0.4976845124367831,0.6309446144509603,0.5091400071214822,0.5041004751106682,0.525067448781326,0.5888910347851346,0.4884292563687539,0.4486104264502915,0.49217766189768863,0.38008681686483303,0.38152123712537234,0.2870221229818041,0.35859002861844513,0.414540472116555,0.4005006474610212,0.343773694780831,0.300594863412898,0.7838184379823594,0.41342870354878164,0.4929967577415806,0.5055382743042828,0.3478506388822824,0.3565422603856669,0.538623721579472,0.6197606047630536,0.5883956371736471,0.45829315325438613,0.5556250734729824
0.7199611759590705,0.7404454233972381,0.7589013506252752,0.7548660261847919,0.7584314734319296,0.6955908756108227,0.7032228393085127,0.6643642538372473,0.7201820823885918,0.7104505386533901,0.5552678986668614,0.5516822501731404,0.6212744261289943,0.5941162987710245,0.5271736789525389,0.6365444054332118,0.4528206147353354,0.5621934798482582,0.6043372495340658,0.5328039526260053,0.3946580869224893,0.3865806424028038,0.5434733344630545,0.5551315483381941,0.44119117957851584,0.4773703468477192,0.4527080257375109,0.37050002813811056,0.41479385301780886,0.3714128001194603,0.30847344389557546,0.7870357733071206,0.6173565236034616,0.654118947585601,0.519540381646375,0.5796672537432228,0.5270141419047167,0.510696582661433,0.436213334337203,0.33324193642699534,0.5474617702477697,0.42209846764975456
0.649187174290687,0.6999705676893578,0.8010542162376312,0.6755352959148172,0.6766575956791929,0.5956435126760267,0.6883068945362254,0.7567202885681448,0.5273616167509564,0.6350799756676502,0.7251844369493462,0.7148556135389771,0.5992989819212887,0.42497736291092475,0.5173446621581573,0.5706251179578486,0.6194614611100526,0.5764803013216484,0.5184152449083896,0.4189885995553531,0.5150301923438504,0.46653568388300204,0.5239725601314427,0.5187556595582369,0.5041085601359945,0.34406319005207914,0.3900435814086068,0.32856995882988843,0.35460619456985926,0.3747310143419164,0.2757042002268109,0.6492569644399004,0.7064380420986751,0.3343457631004326,0.34967478754004977,0.6578371060295516,0.693113400622641,0.29994309378224276,0.6238744883589503,0.42410091245237563,0.5405559877066027,0.5294296868855654
0.7995509313477459,0.6553661694045138,0.6764704074330289,0.7525351993730086,0.7379077517598795,0.7103210961125378,0.6714562800810078,0.8250954695213183,0.5690002067534097,0.5466160247905206,0.7155562414649143,0.6055222085974185,0.5949390595012134,0.5149508154594256,0.4880191000546811,0.6433158198883808,0.4332117928772132,0.35187781234053395,0.5503447470161464,0.5755810649323518,0.3358800452354775,0.35860272886807015,0.37459074108886287,0.37358132671824096,0.4106673239653281,0.3700217435544248,0.40087727828541636,0.402009726583687,0.42767285854452436,0.4160469720290294,0.4196820220694508,0.6891388460617989,0.4477407162978235,0.7601392890690105,0.5888579782514023,0.6181666000196561,0.41909844595572227,0.598544192177633,0.6044229849949272,0.551027216969777,0.2839445246524203,0.32639495500367804
-0.09842971370976952,-0.09162541187573364,-0.15401316128251233,-0.26157496519986145,-0.17857308133654404,-0.08476635528580631,-0.07522742016734896,-0.21696030807923447,-0.24266286613900853,-0.24800301034669148,-0.2158214743489495,-0.1170133570560512,-0.16800206430197076,-0.18765626382413395,-0.17289035523678828,-0.08775182490218163,-0.1929206642542549,-0.09434649314703145,-0.244723688299832,-0.2712948078766483,-0.16277456148477,-0.24474263132256682,-0.08985529320878007,-0.23996690044708688,-0.2247205961210914,-0.21265791986848862,-0.19008205975295733,-0.07701574469430776,-0.22060166990248495,-0.13340779551202386,-0.09454966032269707,-0.15042147705907366,-0.2368882260735483,-0.1542277182431727,-0.07935733363848192,-0.23825035404320538,-0.21290384601494444,-0.18312407000400033,-0.07752311538936074,-0.10385719931637467,-0.2406437986974193,-0.2464848119111172
0.15790390477372898,0.2908262451533333,0.3433470563127292,0.2874824219304489,0.18415948194148735,0.35760990206769105,0.3630975568441962,0.28144594348612695,0.31710818800084184,0.5096904138541971,0.4228970331946987,0.30718188821802583,0.467475758332859,0.5227305669567078,0.416960965813851,0.27970492465145663,0.3822304895999695,0.4576070019536517,0.3006925207794203,0.34640249626386843,0.3581665321112629,0.3647736945315985,0.44159250952851287,0.2786788228952436,0.22924088012933985,0.3316767448234598,0.057797601921986845,0.3134999788319579,0.19985275971477204,0.022267272385879146,-0.06797069424661324,-0.2401051377875707,-0.20632598514857028,-0.30686612611397074,-0.08972271303573537,-0.30977225294340793,-0.3423271827234949,-0.17279515336643933,-0.3873718648810956,-0.36854127874205,-0.303837841649482,-0.40102442206340755
0.3167120105414188,0.24306479272356368,0.3217885232973273,0.33862224532241547,0.16889486006160428,0.2776721103135221,0.36250081089576125,0.428984900388049,0.35462489891654314,0.3800106977026363,0.44164186160601626,0.28222208896619555,0.411617745515658,0.24554263638352622,0.5053857172304601,0.32554023304624663,0.4493240403891193,0.4093506252387182,0.33096669622069624,0.4896982251351269,0.3506531880771297,0.3874800186097316,0.2870765146490396,0.16164141692475897,0.1824664858399643,0.3181642893681276,0.1927407314490908,0.28684733262121936,0.05755945886481769,0.2406043010854196,-0.1758603861128903,-0.10839179616622018,-0.08455462734731076,-0.0157993534716774,-0.20124011592672625,-0.23904824955724596,-0.366128467746807,-0.4356509588309944,-0.3447592411343412,-0.4017294166843522,-0.34040035168408395,-0.37835628208065436
0.17900271217800245,0.25072329923775805,0.23791762317075532,0.22416341363108702,0.2628160275784985,0.22192589448189723,0.3261679134835572,0.4271760405404549,0.40209115751431235,0.4340181427154423,0.39382901068062137,0.3366997776165986,0.2689282246516208,0.3635358748081044,0.4634208360712979,0.5065389996798126,0.47178614255940904,0.4334276076906298,0.5586737186481225,0.22112182400999106,0.3038902836510149,0.29848773706320814,0.22546080568465698,0.22615033364626516,0.40603669061542114,0.19608752224591514,0.2008154151168009,0.2480548352640023,0.19001808183978916,0.0039960513767752625,0.10102036726556354,-0.18198028482393538,-0.05692324296904789,-0.15139783321111383,-0.23247043255591038,-0.3671390562770248,-0.34335313389510963,-0.15038383507362182,-0.3856186392653503,-0.2641802840552203,-0.35256010791871367,-0.34915743841773256
-0.14684298063361143,-0.1394955600576749,-0.09635732183674356,-0.11260560504843353,-0.18626629418432256,-0.08627676541145345,-0.09839178979256294,-0.06841743795992995,-0.07852617875264388,-0.1073152566787229,-0.14439662663131822,-0.10948167107541429,-0.11684460002457195,-0.16282629010573715,-0.07887141374720569,-0.09175468012673246,-0.04843529599347807,-0.18884089865614043,-0.16495104152966064,-0.061807553914799675,-0.20948101310054873,-0.10219738239351132,-0.20373053216652862,-0.22178706043973812,-0.10399581812156483,-0.16675836819698417,-0.22798473659487137,-0.23380646840152422,-0.21235573659776943,-0.13294816239827462,-0.09910201739054963,-0.21151559093451675,-0.17757998320685214,-0.10292654764552195,-0.15949537661311403,-0.038655454858839707,-0.04984652196631736,-0.22065272782920237,-0.14434425673163917,-0.06060071548507698,-0.10920117182946379,-0.2228502598032456
1.0113651201594778,0.8595270539497917,0.4297563191692415,0.9369556058661733,1.227477103328805,0.8673910700695082,0.7209063555750503,0.824958465014617,1.094359124705327,0.8621962283997338,1.0253638017928515,1.5569093350019234,1.2997841235433711,0.9186796050602379,1.1602514070741798,1.2314155468707209,1.160383186634367,0.9349231422005457,0.8953011590128873,0.8796393906489949,0.5771766839983313,0.7504582734695198,0.8732388439115949,0.7621927503907819,0.26205770622945934,0.12154042180505836,0.5687611403133102,0.3734838353424162,0.008789229737833911,0.18429118903274655,-0.1643003230004038,0.1389261203128818,-0.45935111383254074,-0.4251039663339383,-0.4571860215032823,-0.18103594419719515,-0.4342266690902833,-0.5277847712177524,-0.2797219242199655,-0.4279062508908963,-0.6536968977206172,-0.5663946319253709
0.2187973975734948,0.41163176662783907,0.5818303883160408,0.837607553247288,1.102752599830063,0.7214048473056388,1.4372237752692198,0.9195006186023732,1.4131030229473796,0.9464570241311441,1.2032516392449748,1.518559883376978,0.8453554910053318,1.3924953597617005,1.4598192743400935,1.099695341589242,1.1967614838760412,1.404505912413225,1.19262544550001,0.6805736431630562,1.089771353021437,1.0699106256765736,0.7886870454216123,0.6622222936477224,0.36441444188895034,0.3120319806855746,0.4593118441170313,0.4006088963449165,0.41872542171099403,0.07729564100898145,0.07328754397173894,0.05542147363586331,0.10592665230877801,-0.4236698270283829,-0.5390942600365932,-0.29526296804869234,-0.17440756180911407,-0.39907470747648627,-0.37333195754940557,-0.3677489405707086,-0.4510328941385932,-0.42149687821961507
0.7520896949839289,1.1410354495770578,0.6303003669387828,1.095791356568474,0.7818996208107822,0.9364707899422127,1.3204509166246872,1.2872080057265065,1.1128597915682528,1.4123226611632267,1.2748751167311947,0.9674513867053798,1.0471978015151884,1.400100898782801,0.8857519191517207,0.8267825614007673,0.9515267267692724,1.2215492556765757,0.8971381917147997,0.9198458413320911,1.0525371135375539,0.589201993264705,0.41549425781340105,0.5258516443928363,0.35813355769712457,0.6102207126299344,0.21527935323949088,0.32380670497035763,0.13350776581364115,0.2892090002820796,-0.03846243709471766,-0.13609631467504235,-0.3397687475755042,-0.1278519752774301,-0.39945142082211965,-0.6685762050472102,-0.2108268687179794,-0.5106681931486302,-0.3486206399621277,-0.5183446264157631,-0.5087090708687593,-0.5408923877762359
0.6302371147463859,0.3332597464348588,0.8036139967212975,0.889149406307532,1.2703363108948722,1.3003389066592081,0.9462907968697282,1.4456595167332298,1.390123226170114,0.951211965770126,1.4098596055808361,0.9495545283068678,1.297298419797514,0.9363466187142865,0.9889324722139526,0.8753098925223773,1.3522061858162702,1.1566603495050705,0.9546110692002231,1.2038600270828412,1.1491151269762918,0.916910702256056,0.8592380751234033,0.636371772673743,0.4478436597693035,0.6744977925427743,0.09928788022715698,-0.061245758275002234,0.33664236670916825,0.3306545448894813,0.10197797133682669,-0.15548498407691566,-0.17550598994608388,-0.0002092778211922289,-0.3942550880839887,-0.366505399523192,-0.47358607085042465,-0.22066936637927126,-0.7038471976298565,-0.3704806814401183,-0.4052376431604871,-0.6220794038431784
