gfs-wave-data.json
{"header": {"parameterCategory":2,"parameterNumber":2,"dx":2.5,"dy":2.5,"nx":144,"ny":73,"la1":90.0,"la2":-90.0,"lo1":0.0,"lo2":357.5}, "data":
[rows 18 to 35 of 73, columns 0 to 41 of 144]
1.1952560358821533,1.2689457436024623,1.3063198061171857,1.6248090310347376,-0.005580787062774021,0.03297052831074442,0.0032943822478327333,0.007607978446082098,-0.021162832985795396,0.05069117416820827,-0.032662776337192924,-0.034396726760257276,-0.011194180076557165,-0.03048742702875734,-0.02696527767441097,0.01638958025752787,-0.02644383446775091,0.013911173858076312,0.04510508230423581,-0.01882042091731396,-0.011047752717237486,-0.03410964434386755,0.01620179382527438,0.01178364137824171,-0.03860132107876466,-0.006883218602574013,0.02678141487181371,-0.009207459843751193,0.015321234868920135,-0.01765334831258967,-0.03285336858783785,-0.017678069473543643,-0.020941707972867086,0.014235933161654554,-0.03270629482857489,0.036399919676646,0.011362332330882047,0.02491499300732249,0.0007525457778632531,-0.0008584285028803489,-0.01688798182625878,-0.017307602991197168
1.6874468525244501,1.3836642601045668,1.35287613903535,1.4271431592024855,0.026913135984583086,0.002156105053701626,-0.011229980872705665,-0.046885445615453464,0.027312946004128893,0.009423914278414894,-0.022227040801524704,0.01837674898951959,-0.03411586666799393,0.004171532761150924,0.010575500563694606,0.01776623614978651,-0.009424719630343392,0.0244588775823853,-0.004607477326424754,-0.008582994225732938,0.03322534760560834,0.02541341760869232,-0.01645926933333731,0.0049740217112183875,0.018776560147047153,0.023015592011525435,-0.04233153491176776,-0.020344880400029793,0.030635859910203435,-0.010332751543353736,0.022943975363171082,-0.05546665182155962,-0.028741985316169318,-0.03754233016655278,-0.01892407236866715,-0.04022228015772661,-0.028716047009446778,0.03806097308392077,0.04423995177122785,-0.023363158235443493,0.014260669302612501,0.0213205348497842
-0.008861374385994965,0.012334301971184177,0.025799829899091686,0.02939292013700208,-0.03482684982341527,0.02179552899485579,-0.02193921116314776,0.002220617781945237,0.02043916608704399,-0.0316797952687489,0.007558036436894029,0.01191452486667278,0.02591401023750019,-0.01688360709747013,-0.013146047678362683,-0.046219944387113666,0.00999845655617867,-0.020821676743508148,0.008104956652284286,0.039126709709022336,0.04428382152220729,-0.012409037928090698,-0.0012485295889766391,0.016070517748549524,-0.01894797250999856,0.004887297979261472,-0.032098556018677026,0.008865535980765796,-0.0034120860208114072,0.019189113692534725,0.01711089770142553,-0.010691964146003723,-0.011689029767548853,0.04513985136034368,-0.009545636868814414,-0.016814743425281015,-0.0325840099369851,-0.0005799129959071418,0.03688736901083708,0.03071338105594478,-0.030812242175662787,0.03472004662613075
1.5632949876351945,1.533931461751356,1.5870028260328084,1.5439250751880365,1.5078019599545829,1.573419955991143,1.4981634057815858,1.4529187202984986,1.4089785698579733,1.4541404585322937,1.4108327217387058,1.4181161573306216,1.4070114607619435,1.3974446828168827,1.3093541419218424,1.2220093903435283,1.401984225936226,1.1959346041532188,1.135240791501587,1.0982061936164995,1.0712109228258995,1.1136329927997948,1.0776287965055034,1.0448702533769079,1.0690641406485133,0.9604269905503555,1.0076551389849635,1.1680921615291315,1.009954164815905,0.9859984290802941,1.0804476750004919,0.9491181779334644,0.9161129931119099,0.9519763776399326,1.0622557452167705,0.9600875022322285,0.9822427116153418,0.9548615498157242,0.907907774580228,0.9366925452910125,0.8024508846215929,0.8572696394269351
1.6371371561752917,1.6478754353282163,1.6704989180105057,1.5797051180936346,1.6460644852791257,1.6214618699360153,1.5145579019986803,1.5055680304542218,1.4351901086045644,1.3836584631458084,1.3816997840254968,1.2986575752949816,1.390946942919204,1.2977031697301054,1.2702493549271805,1.2199607382945648,1.110346002389932,1.1348450559334406,1.2462295723340873,1.032934815519177,1.3103598265258918,1.2114685871099804,1.2271952582353998,1.2186101778437282,0.974567716729697,0.9469937302785486,1.1694341569961526,0.9449484331922465,1.1020498739367368,0.936853825879369,0.9822586205934692,1.0283466588561798,0.9837352039415909,0.9227048659312723,0.8596403459107327,0.9893445350062217,0.912222729364935,0.8370211080546719,0.8017660642171367,0.786979599273309,0.7666254480738982,0.8953427616237335
1.521992579454254,1.6011992422550165,1.6674725620625104,1.54528357683762,1.4752686830442392,1.5283501247406883,1.4961837919818228,1.465394297574129,1.5024518960692506,1.324499251453175,1.3579245875637331,1.5111415803672699,1.18268516661047,1.264884084800784,1.2293510869070376,1.2383478075137564,1.0553277752365195,1.0519590227856643,1.2770255389049374,1.1627921944227895,1.2347984567504302,1.1733557508633734,1.1174639745126485,1.1347582923508372,1.0183581103373316,1.118549518087874,0.9421782958301989,1.0698460905609082,1.0243161832386545,1.1166534688132657,0.964906556467827,0.9464854181172928,1.0849658089698528,0.8982011823010175,0.9255803884294397,0.9347224252544813,0.9355037033555524,0.8443584841329825,0.8444243617044309,0.9116800320200118,0.7714131302868404,0.887994802876694
-0.0020906618510906534,-0.02582915508438983,0.04470268153650502,-0.013806031414079031,-0.008587521436780113,0.010785999823958947,-0.0013237702017102142,0.015068974062766055,0.011070820620361792,0.0074512934958465005,0.01779294071222869,-0.03072398759443859,-0.03125531338883054,0.009455030033439695,0.007020946030591941,0.03393353729489786,-0.006824236964039099,-0.021120282042202614,0.011147069693528074,-0.004748431279551575,0.03769809779340804,-0.020887396456117722,-0.011900605371708438,-0.005222783247674182,0.00854996971059582,0.006510385963464732,-0.010825736814138969,-0.0042630982260275065,-0.012366761613171547,0.011328449687829052,0.01616789225119665,-0.0340474448643875,0.021278330751951662,-0.014198872884444939,0.0014064590864047918,0.016916035672701713,0.03295629949848275,-0.026657442418125434,-0.02187024144255462,0.021121814896927514,-0.0022551182324002,-0.0367245158187149
-0.8321070084859409,-0.7293513532629454,-0.7905964165150735,-0.9447600885373183,-0.8338777297965714,-0.8984338143740455,-0.7943509262824315,-0.8948615692573177,-0.9760189202526216,-1.0382777617760874,-0.9355424330602187,-1.1177878682056883,-1.0962225287966734,-0.9599712691526422,-1.0602073447765523,-1.0505845299827845,-1.079071889889683,-0.9956516264769392,-1.102743501051567,-1.1624352077519922,-1.0546428609299532,-1.0770188279145703,-1.1881826547693717,-1.2054933883302719,-1.0639697463961992,-1.170251659239493,-1.0331870327804953,-1.0545851393759123,-1.1190401301680264,-1.0294296293727931,-1.1320567952798823,-1.1225137489708612,-1.1314974689197697,-0.985235867526123,-1.1154736826599487,-0.9702757589542593,-1.155942132870204,-1.1497729836336803,-1.0329859066857083,-0.9543692679178295,-1.1249435928016027,-0.927475679496287
-0.7584813343236547,-0.8871845000391817,-0.7236766599177463,-0.7900624166557569,-0.785374249973021,-0.7315636604292335,-0.9634781912477357,-0.9769448876246056,-0.9993424152295574,-0.938834046994185,-0.9273331756515845,-0.9803532567159934,-1.0068873624911545,-1.0078653216135274,-0.9519396157530081,-1.147098791357661,-1.1050320473915034,-1.0905597811017598,-1.1384556420088177,-1.1112481242044763,-1.0089002154247029,-1.0511960194341834,-1.0576884348088265,-1.084792850463745,-1.1443011800080958,-1.2282849948635437,-1.1951973077018747,-1.20336266488048,-1.1228573705069673,-1.0716452291998,-1.1295645411100126,-1.029659133942748,-1.1319133550143352,-0.992743863021707,-1.1828843260088144,-0.9840938520306315,-0.9966956301729473,-0.9587164409268711,-0.9813576185281849,-1.022884042652465,-1.0196013723888537,-1.0079212864249703
-0.8397111755859936,-0.8392659451316593,-0.9004345316045094,-0.7703874769063267,-0.9400834792756042,-0.8781189954890956,-0.9808982426556347,-0.8803991053902746,-0.8819922818345469,-1.0500608328797754,-1.04951262038638,-0.9109385493063922,-0.9688745141896051,-1.11220076174656,-1.0417234652995846,-1.1190209390868926,-1.0480887702189206,-1.125500248933913,-1.1215183251082226,-1.1470738959883193,-1.0554773642459672,-1.1206118052182337,-1.0832909366099894,-1.134874213917811,-1.223714893365493,-1.1510602798126461,-1.078601426769565,-1.215450449314975,-1.1714044159723807,-1.1139672226942896,-1.0923276391590877,-1.0709233165239926,-1.1346343422593503,-1.0097355354469568,-1.1158590586694892,-1.1338123213338718,-1.1023374910508126,-1.1429950418701367,-1.0533008765351293,-0.9013696894143386,-0.9564622796788902,-1.0101533066284494
-0.8422545578881976,-0.8796881920131844,-0.6763132086711684,-0.747511396767591,-0.7801323310890227,-0.9801136184212949,-0.9091115393226281,-0.872391891583703,-0.8128153651727953,-1.0194143141392238,-0.9783640929513319,-0.9520275367059238,-0.9271168731091236,-1.1023105418678456,-1.0989169731038644,-0.9083917958674165,-1.1026530913842274,-1.0724352761123177,-1.0285713876344196,-1.0830204639336658,-1.0357353744724596,-1.2043658990113142,-1.1869494637947016,-1.0360424001888506,-1.10783014628851,-1.1489620339885336,-1.122728441650331,-1.2088096224261071,-1.1727616160293022,-1.1938163036454086,-1.1542540239829227,-1.08898427321367,-1.193652755674067,-1.0661143238711241,-1.0678254636324187,-1.0243206053365388,-1.095425538643719,-1.0491953513779346,-0.9781030801470647,-1.0491726001694868,-0.9360616178157178,-1.0503074945802293
-0.8177854812191572,-0.8480816205086489,-0.8281108396587694,-0.8114089433194235,-0.8145137650857004,-0.8271543748429178,-0.9136174308944117,-0.9385157373819494,-0.966256666315969,-0.8430009310434387,-0.9941225167145407,-0.9385568184687344,-0.9513223653584736,-1.02530390637512,-0.9834263659609676,-1.1334859112860984,-0.9196067911802605,-0.9991749590677711,-1.0844324209346194,-0.9865834987459436,-1.1640238281541133,-1.1239133266945898,-1.039613199442812,-1.1036327866285291,-1.0313033183750668,-1.1647851016935926,-1.1529819027032857,-1.0507447590414205,-1.0206371341166922,-1.1459391873257134,-1.0640747748917323,-1.043478186562898,-0.9946895399800455,-1.0250501094242177,-1.1627910118760771,-1.1422183252031128,-0.9568170454274859,-0.9653494676414233,-0.9252227279178802,-1.0879899434760438,-0.919317165905448,-0.9450195033671828
-0.0009408538371835346,0.020884940548392312,-0.016857688985996468,-0.007432474849453558,-0.0011781681621314674,-0.008386348041918954,0.011286198588841785,0.017190202515624083,-0.02163818105022302,-0.0011337461486686067,0.034164222097799776,-0.014195032233265747,0.0009172894783228134,-0.0057115498566404875,0.010263286661266384,0.012610704220338671,0.007442305205838841,-0.0017288238404721647,0.016014884098804912,0.027413840437731738,-0.007720876868547878,-0.0029821291404646985,0.008657762667841318,0.00041575710365245044,0.02058477935310985,0.002195061463313817,-0.00012343722436180095,0.023793245869613833,-0.011282019193798842,-0.004449396736124492,0.0045499960522016126,-0.0013512375699232383,0.02409746271910483,-0.010653527496042344,0.005383154771248,0.026532184854486534,0.005086095211364829,0.009858079620695742,0.020091360007253548,-0.00624316711314635,0.00042483042704513744,0.006625941530311596
-0.5916555732854116,-0.5675154111776598,-0.6853401326390617,-0.5405201471400093,-0.6207747398645546,-0.6440806894408497,-0.7312772032229985,-0.6925006704391258,-0.6171270851333216,-0.37732989927912,-0.3435837371813269,-0.5166846201198769,-0.4389811599310785,-0.6691693091653985,-0.4290926523997952,-0.7208577266043874,-0.5264545104553913,-0.8436855015918898,-0.7552993966610418,-0.7745524190543811,-0.9363970336346213,-0.9043458006330383,-1.0360508926889909,-0.9696462987217275,-0.9651654630529427,-0.8402042864794049,-0.7925686698475608,-0.8680176790573091,-0.7940048811211405,-0.7273599931758086,-0.61623341185856,-0.43370150393152,-0.4831660187287793,-0.40058054225045886,-0.47422856171022865,-0.3346876223925566,-0.40014640051630274,-0.2240424957512079,-0.2607897328628197,-0.3745359472621165,-0.3201727383890831,-0.26495267897296443
-0.5746664409551633,-0.6178315310405272,-0.6761456394594294,-0.5918977285017375,-0.6213822175704444,-0.5852498992262501,-0.5687428582091433,-0.4709331620803798,-0.4340537041927865,-0.5557066956505681,-0.5669709042103898,-0.37917925673722075,-0.36499495618099365,-0.4626217792478679,-0.5369802289539405,-0.5025384517903663,-0.49989495485231766,-0.5822309676064256,-0.7719134598808367,-0.6435404539240245,-0.9709256583636916,-0.9148697782924794,-1.0234340142663172,-0.9488278108924316,-1.0004032719574,-0.8723755817316756,-0.7973741482860291,-0.8073804283747253,-0.7163978314760396,-0.642467845981333,-0.6578231653057294,-0.4154123590467221,-0.4585420394934079,-0.332628661960809,-0.3021454181382107,-0.2699956419513384,-0.2694932395406597,-0.2985953821831894,-0.3480559811981228,-0.2658510183393791,-0.2808190863846253,-0.20314953760224128
-0.51753826107661,-0.5401543766993593,-0.6076520670761615,-0.6764141642654733,-0.5663145364767596,-0.6816355020582313,-0.4621575666500624,-0.607314809612558,-0.582243766366305,-0.6046574762110578,-0.5641624229160532,-0.405822824443726,-0.4306581152517703,-0.33818243973612894,-0.669688447369471,-0.4660161871194195,-0.6567022904323835,-0.7046201685046587,-0.6321789528717872,-0.7000488515616393,-0.8191502501618304,-0.9070444262674102,-0.9907238479381301,-0.9406379045620207,-1.005598424494393,-0.9030722083751137,-0.8638546014984064,-0.8580741413527643,-0.6703072289621346,-0.6329920257351727,-0.5249282508140274,-0.5799697288442822,-0.46617881150224943,-0.33929637937438634,-0.39395322645148656,-0.3173062735794907,-0.24373996718533936,-0.28079194998106105,-0.2110163850169498,-0.2757019463020115,-0.22383036574259657,-0.25928989107368683
-0.5030783470371913,-0.708272035562325,-0.7069057137093309,-0.5887901113219711,-0.7246763581482017,-0.6994004527394173,-0.6845159543451919,-0.6464468120632297,-0.6065947308176167,-0.5138603331109843,-0.5447888565303808,-0.5256178091820239,-0.3696001812312482,-0.37124880585581327,-0.3796643259703428,-0.6607437533310974,-0.7181143050499962,-0.7587815261967252,-0.6509284252884167,-0.8935605882322417,-0.7997788175517565,-1.0456435615851634,-0.9509924868166231,-0.9199893425183862,-0.9378013522977373,-0.9644068102240639,-0.926113740392552,-0.6913864955915068,-0.7028037569810855,-0.6343661193590096,-0.5159966150978244,-0.46540495322647085,-0.4994510571250387,-0.42825662237750484,-0.41178244899835,-0.2900170053588231,-0.19820494197074964,-0.3593088107339838,-0.3476111632185773,-0.2685628236177096,-0.2207891698268045,-0.35214060524554447
-0.5351170337311685,-0.6813626703645833,-0.560666203238058,-0.6258499309072819,-0.6974349459920658,-0.7241932459467333,-0.587456875930674,-0.4976149873191031,-0.46160082562991256,-0.6058678659335834,-0.5256083460723371,-0.47508537372416604,-0.33752347499639257,-0.5313616412356316,-0.5193799130306731,-0.4898153705284779,-0.6024156853860347,-0.732697564633996,-0.749191919426412,-0.835543592187722,-0.8315781583820895,-0.8169051145785245,-0.9513032755361323,-0.8677967793547086,-0.9456896460693568,-0.8679485359336939,-0.819250864601199,-0.7289996365582007,-0.7056307174275842,-0.6702981359411472,-0.6461564766014887,-0.39480130855888307,-0.471162311753958,-0.38260387230742454,-0.3139614267620872,-0.36045506082920953,-0.40592604289895,-0.2578768472774366,-0.19140898708202894,-0.3230272815131564,-0.30938188779349063,-0.2452034145644711
