gfs-wave-data.json
{"header": {"parameterCategory":2,"parameterNumber":2,"dx":2.5,"dy":2.5,"nx":144,"ny":73,"la1":90.0,"la2":-90.0,"lo1":0.0,"lo2":357.5}, "data":
[rows 19 to 37 of 73, columns 0 to 41 of 144]
1.9645650131383021,2.084899203929395,2.0093091130341003,2.114037167577854,0.01976036581970255,0.005368971659641483,-0.0024237976974500696,-0.010047131290333395,-0.011344100861044107,0.007070561984821164,-0.000403247240237257,-0.002807424841956093,0.004606667964473374,0.0008421216697330776,0.004965714054782868,-0.0025288631128156267,0.0006884062481166301,-0.015289562618727921,0.025477543431954196,0.005521321573347805,0.007524007325594845,-0.007684609397947306,-0.006053999152318098,-0.0006016491360920941,-0.008929997117900355,0.014445139198637394,0.0060849711349808605,0.0034119844006650275,-0.0024755007214601536,0.007522665568099696,-0.02529468426791773,-0.008394885829160509,-0.014092015997807612,-0.013086319263953547,0.0055884672613427345,0.011949103337893405,0.0021256414801657736,0.022009593609314208,-0.0007625431997633433,-0.003620273330189025,-0.008464111159816275,0.00244338082674442
0.004427286216281334,-0.014616538260626448,-0.006867192168616733,-0.014879129463144592,-0.02088702594008412,-0.0032727647282272078,0.0076003126611569995,-0.008752029339025275,0.013797403647136997,-0.01210156809661459,0.0066478078612387005,0.005055032200807912,0.004969424069894958,0.010849534802061491,0.0257961808796325,-0.0012571628902161751,-0.003827980241934273,0.002959325940417872,-0.0028023119454605367,0.011145248387806573,0.0031458101533401103,0.0011595714407761919,0.009673897681822632,-0.012194751869275053,-0.02327746906388221,-0.017456572392866177,0.02124786162862409,-0.0030271846179717034,0.0014090650700709598,0.000822648053719201,-0.007174564983785286,0.00025980967031857534,-0.0008951219780969814,-0.009096921408641634,-0.008400754951987147,-0.029751657080106197,-0.019530131851969154,3.27271513057154e-05,-0.012255551322299817,-0.007293000572630652,-0.003687601128040221,0.005441848306854309
1.584701368374156,1.4683418702295112,1.431120771678771,1.4555669829876776,1.497820330397042,1.3652762115144899,1.3920676628267714,1.4073185668539852,1.3735830852644315,1.397812995223371,1.426434900902257,1.3429167491245078,1.1791789705552618,1.2074201220376635,1.1009150092820583,1.3063923975308496,0.9959508643604348,1.1435794053002977,1.1513231555537085,1.0610971139770544,1.090284325774967,1.0139375643535398,1.0856085141074339,0.9379986683235454,1.1286685154983458,0.8729444834235909,0.965669973333841,1.0300712808302988,0.9118739567782174,0.8413671379708535,0.9274872291066514,0.9347934804837059,0.9618278274834332,0.8793991698573183,0.8887701798072305,0.7984930525851416,0.7438703626262994,0.7105755695979686,0.7958555737572262,0.6760208174314475,0.7609082173669796,0.6216450105079144
1.4797872028518977,1.466381281229612,1.5069801163806633,1.4215648062247224,1.5424073892189532,1.408275871420263,1.41813757955116,1.4924539971124329,1.2535300960396976,1.244081237832986,1.24264868313129,1.2610722435381128,1.2668021775535727,1.1239403269784958,1.133907636146472,1.0401754498994293,1.1400191117189915,1.2082534475352036,1.0975657440434838,1.0896111149238032,0.9996272308862442,1.0296571097578708,0.8418978950536994,1.0868609093824992,0.9902261367604436,1.0240315144773333,1.1213967797860473,0.9570519331356319,0.9281222376350092,0.8823322506168161,0.9624313138577031,0.8695395703542197,0.8184538903815088,0.7977785173162519,0.8137421893667961,0.8857172204997098,0.8952942258778899,0.7587022911698194,0.8310956197904539,0.8099646158113232,0.7473033955944897,0.6696682917105219
1.5008698666972415,1.561219751640128,1.5076800345253798,1.4283188703281116,1.4737180209549607,1.4325266002017445,1.3578781725007183,1.3631185327615225,1.4875708694816119,1.4260555029924236,1.2369109116394947,1.2405385238698932,1.3477811321367055,1.2068998029219529,1.060466829309676,1.0497872026250619,1.215385980249275,1.2676767613462534,1.082339568741557,1.2263098611993577,1.0634784718958488,1.1333538384453525,1.0228556085606033,1.1269277534297566,0.9241754989696409,0.9081775972517219,0.9941819977442058,0.9379879040777016,1.0214802193050776,0.8715185006450678,0.9204494756958017,0.894013859457215,0.8556343203264969,0.9815538365105011,0.8016538744931738,0.8156839332881357,0.7805375428461334,0.7041774438605437,0.8423808199364958,0.8214074238352208,0.7395551749056427,0.804429765880699
-0.013993939714185343,-0.0006464906977947291,0.003057309424644855,-0.028047766011243834,-0.005984421436557484,0.01388021100705149,0.014387198067656332,-0.014124814831610124,0.0015544007080171198,0.03570559672364669,-0.0012970219464454099,-0.01261660977759934,0.008372121588758863,-0.016184709710502614,0.01307995664434402,-0.007074889357676215,-0.008195422860182731,-0.005121355543585059,0.005201693715318965,0.0077498526399760095,-0.0008706925204917882,-0.008504958905728218,0.01636743219870248,-0.008035932395520707,-0.006307982770244951,-0.02914375755293727,0.0034505424879735843,0.018561212389288064,-0.006742780314270098,-0.022764023765103877,0.008802905007646715,-0.008418774831548776,0.01510281380951276,0.004461447077294994,0.005040029805596528,-0.015617056926972668,0.00026724569594229787,-0.015569846183505832,-0.0038546903988304288,-0.0026448808775499217,-0.017426184592565782,-0.02079158630640402
-0.7714409063424478,-0.7380712797853096,-0.7400624364156503,-0.7259628398850967,-0.9640148769914999,-0.7603804365371493,-0.9619314405319009,-0.8321229486572643,-0.9235033204483064,-0.9125339275052589,-1.0442241913360675,-0.8815798923003307,-0.9746764186793068,-0.9412422311905053,-0.9262320476314589,-1.0344957519559435,-0.9299564409514434,-0.9988138770332357,-0.9702568088823535,-1.1768597883918763,-1.0718694432093896,-1.0161648896638036,-1.1273208914610413,-1.0554069737216982,-1.2094856336669584,-1.1647202117183697,-1.040759904009643,-1.0358465550679692,-1.0475067171328523,-1.194151469923644,-0.9915736944727084,-1.0019243914414415,-1.0062209969368727,-1.0560693212497756,-0.9851081315650687,-0.9665516728624859,-1.0118467331503342,-0.9522894050812764,-1.0604909616633236,-0.9985542006239112,-0.9272990128357135,-1.002636185315808
-0.768840523624262,-0.8167014984435437,-0.8550699798727085,-0.8556582223910458,-0.8079060778398678,-0.9031520462946321,-0.9393816010036984,-0.9264600419217501,-0.831049997812547,-1.004475157108238,-0.8499387746241253,-0.9576466853845952,-0.9791383701651312,-0.9521270637504735,-0.9661602059073492,-1.1048720403234902,-1.0378184007904627,-0.9630216042589725,-1.0348825695542174,-1.0687941671559025,-1.0603558338866648,-1.0861441762015034,-1.1000274058946726,-1.0903638990671978,-1.1177175784987656,-1.075694067005936,-0.9995822727531282,-1.1803917180056014,-1.1315265223271083,-1.147094789946259,-1.0889300766848606,-0.966415948724026,-1.1825299893226273,-0.979779011787247,-1.1107597579599753,-0.991053887500794,-0.9671340281671263,-1.0560024366437826,-0.9720277360696905,-1.0164000126849813,-1.032105936405131,-0.9814659763600242
-0.7787658013726702,-0.7710864416827883,-0.7655915545661022,-0.8204524766582666,-0.894176855073626,-0.7503213687751383,-0.9100621385696213,-0.9609572887788845,-1.01651197581504,-0.9948987936968021,-0.9237836407986734,-0.9620424064132772,-0.9998205878912864,-1.006826073400429,-0.9934968649810295,-1.1081026874728355,-1.1782200934304337,-1.1041035103308818,-1.128947111235771,-1.1231874530814703,-1.121070220836342,-1.0884672783664615,-1.0776274625607036,-1.1382290222824065,-1.2193186334311727,-1.057008245809928,-1.1826339771934304,-1.2140097704254238,-1.2113608595641698,-1.0654762855465365,-1.1346116155055244,-1.0319931053081373,-1.1285141362580493,-1.1322299041820536,-0.9824925731452699,-0.9928591969337235,-1.0400861847370593,-1.0844056932795678,-1.134660896022513,-0.9426921685957182,-1.017171049295399,-1.0915962699838195
-0.9284717174429173,-0.7684724303331647,-0.7541661586746528,-0.8380647155295523,-0.9272821997879654,-0.9123554025678675,-0.9089547216261551,-0.9057435196593958,-0.9921407614383272,-0.8585625430847336,-0.9555502835695845,-1.0336726688392792,-0.9816612877910952,-1.0424261988320376,-0.9205558887607792,-1.0059393918802275,-1.1934179279972361,-1.0442959457682215,-0.9803017605559758,-1.1674478698644093,-1.0617942237557216,-1.2156909069190849,-1.1102559744721285,-1.0451508915272003,-1.1653316909250118,-1.1945095018515481,-1.0378961799010424,-1.1441805289541318,-1.151244022352994,-1.1474313572593322,-1.0479154223016698,-1.1727390929957626,-1.0495293371857903,-0.97075671386016,-1.1937245880831002,-1.1089935506567734,-0.9875883018652253,-1.0388700909068496,-1.1189389122603846,-1.12460907860334,-1.0742064073777253,-0.9943956025585825
-0.826676191502806,-0.8574579732255689,-0.7389763750248521,-0.7940593442634348,-0.924598439519591,-0.8546716833030639,-1.0115890748628567,-0.8973138578792486,-1.0310688379702588,-0.9843845289769656,-0.9858041135795879,-0.9778919225788973,-1.0513784949831004,-1.0278136130112498,-0.9674202160153451,-0.9723768541802207,-1.098354324576386,-1.0214097334709016,-1.0966792521047484,-1.1796253813246338,-1.0640837670394871,-1.1334886516567675,-1.1640043006017466,-1.194236528928815,-0.9990282106060255,-1.2526022405821302,-1.1771362937298175,-1.098626173913822,-1.0583142265649834,-1.0800099337326332,-1.0465501742161607,-1.0217656832305417,-1.2048595741789057,-1.1173210771849529,-1.0400465671428236,-1.1638531172634077,-1.059059454330056,-1.055238781505366,-0.9849062695433726,-1.041581877973262,-1.0659288280017618,-1.0070956649793856
0.01520408412477822,-0.009354731635116428,0.026006258062832868,-0.005809338902946153,-0.009405723233576807,-0.0008578651907969106,-0.038303539631129764,0.010227811916842324,-0.034083977406322935,0.01004008451904966,-0.010335573187533751,-0.011788686452667606,-0.020002083753365915,0.007577999313319464,-0.019729174287784465,-0.0272347735664566,0.008002065358995076,0.014887740484516063,-0.010157893511282748,0.028250997234487995,0.01705312096898892,0.02366916456324051,0.0015945834811801987,0.02977820436124259,0.005315281075650989,0.006602107323842734,0.014544941913756425,-0.014545315058445243,-0.02490555625336664,-0.020264517414375124,-0.02000610918265315,0.0017925096567473987,0.0043916005442439275,-0.00149091766965785,0.008285718637072444,-0.009026251419832383,-0.002553582974157828,-0.011334518312570275,-0.0082274406819207,0.013149010996332639,0.04501749949092827,-0.006471133611730174
-0.7733434681051375,-0.6750082664134142,-0.8302171276645594,-0.7120396339951024,-0.7428164148849691,-0.6416144767762793,-0.6350814028982642,-0.6177234528793423,-0.6016985629795905,-0.6789837039625715,-0.41587858293112445,-0.48144579572836776,-0.355561552701295,-0.6298860872883708,-0.6629922337279335,-0.4905843915852173,-0.5585223604774257,-0.8294844979738003,-0.7044903545554584,-1.0222363753097865,-1.0176590100197491,-0.9497280691784231,-1.0880596685878914,-0.9684357732846018,-1.0192271991033075,-0.9421245248893559,-0.9646272715603754,-1.0014966219673396,-0.7413943641977448,-0.6239544983105298,-0.6884424116118545,-0.6946917780302402,-0.3636242591138855,-0.3676179440969315,-0.44855182169596336,-0.4085460564006545,-0.2579152773083267,-0.4469693615111181,-0.3991060064031456,-0.277106313091565,-0.3027497964426154,-0.36935872840275846
-0.7766710471588203,-0.7810792049652525,-0.7237648568588693,-0.6556890125730628,-0.7619076646369701,-0.6740694937079769,-0.6125143740271638,-0.5455476410487624,-0.4493211789062765,-0.47399330814118684,-0.6079207006965092,-0.3879728196198542,-0.45926554866066016,-0.5194519959004,-0.607427727178838,-0.6450503873789587,-0.8125524717778163,-0.6014374481162416,-0.7082460331123797,-0.7957315059525437,-0.8952144797255618,-1.0866137083334897,-0.975959786043962,-1.0784370280441857,-1.139311275973576,-0.9863299335423488,-0.9934566809109714,-1.0225606918840946,-0.8361526520851748,-0.828741036607999,-0.6693997798403031,-0.59201442732291,-0.4299112585279859,-0.42221558305493184,-0.3391657931957218,-0.3078997644379325,-0.2851882693941583,-0.37540308323124877,-0.34513253774577773,-0.3921266239163036,-0.28102203277110016,-0.4237775895744618
-0.7301100858119102,-0.6614879687763904,-0.6779028771600396,-0.8403227877589589,-0.584586351159429,-0.7272221728861458,-0.6305183872490849,-0.5694023318285997,-0.5986944970671289,-0.5404190096980733,-0.4512930496668745,-0.48835495550226593,-0.5622151058208233,-0.535528141170434,-0.5807096231589931,-0.777630265123553,-0.7449242175868883,-0.6841745596100927,-0.9234822659588534,-0.8553097692878222,-0.8388691026007443,-1.068504416248798,-0.9924290665035619,-1.1200915331874692,-1.0500475113770746,-1.1241028248988918,-0.9204474916578227,-0.994739793385045,-0.7243893935294217,-0.7011843916709535,-0.6704935045403584,-0.6387095901668851,-0.5882836540092583,-0.35808829068644205,-0.31252168181075096,-0.26222967192966884,-0.40496051718995413,-0.41935740935733684,-0.4299009001938721,-0.2917389679860233,-0.4128881915908516,-0.3291160638154852
-0.75978500499147,-0.6872990045095672,-0.8690346930125755,-0.7985589461552247,-0.7509062556454621,-0.6633361833649712,-0.6340305231763042,-0.6899730142743496,-0.5227210683650497,-0.5954240957122622,-0.4222476553278449,-0.46155818307838753,-0.5851304643902866,-0.5938060940153561,-0.44498928481805106,-0.8272065484043708,-0.7286694844628021,-0.5783846167738866,-0.8561086626391206,-0.8219757209823856,-0.9430325636019442,-1.0454452750039651,-1.1106634255836334,-1.0006953633926297,-1.0341307114679168,-0.9412740581704561,-0.9968813521103932,-0.8743216415688534,-0.7955315173781817,-0.7342840255638781,-0.712427801088511,-0.49611216724550783,-0.4507879280459376,-0.4283572970812558,-0.39839913680379374,-0.4515905477322993,-0.3283938352481246,-0.42250577485737667,-0.4412446950508278,-0.4143494514285073,-0.3467296836474591,-0.3725883836891819
-0.7247835869862087,-0.6929312669729699,-0.8655435811492175,-0.8961386733359566,-0.8656951317297152,-0.6852330132813786,-0.7419178624129945,-0.5664465164428047,-0.7052055411065592,-0.6502831515993145,-0.5780910795293812,-0.6277094941900209,-0.6275109191797542,-0.6235738462516406,-0.5652372887971118,-0.7034213659402746,-0.6936363695063966,-0.9070815168267612,-0.8374630553489876,-1.0141580244796247,-1.0764716003495172,-0.9441315956665475,-0.9352421374034741,-1.0370707058226072,-1.0980338611921128,-1.109563467510889,-1.0500449736660342,-1.056813653843608,-0.8784010690896928,-0.8107077976062841,-0.7475177838403093,-0.48734587870912627,-0.5028935488403891,-0.456085047618392,-0.495870867833215,-0.2811728585553611,-0.33644437724824355,-0.45155097937157884,-0.4039341321527843,-0.32133910999587867,-0.45580770620946975,-0.3424501295007737
-0.79040186050918,-0.8837884699867984,-0.7401702555674479,-0.8905667627363979,-0.7201397004234689,-0.6646694117238489,-0.5535798877905286,-0.6229270969307457,-0.5805883760531766,-0.5627842347063314,-0.5703134541361985,-0.5134345833565996,-0.687916086896716,-0.4319938565574114,-0.5973507253906409,-0.6345411887826635,-0.7686111672553533,-0.6987334338832049,-0.9095421056257603,-0.7949222085972764,-0.988659451350382,-1.0156522422612129,-1.0537105932464093,-1.137350167498573,-1.080812583621,-1.1229984757578455,-1.003736621710409,-0.8424632565602928,-0.9402917143658054,-0.7350367075724181,-0.6396397502334414,-0.6857302052650354,-0.4856371004666136,-0.37751587878172643,-0.3873879102034452,-0.32103077938750824,-0.2632178342334045,-0.29037289305674285,-0.2248045916437493,-0.2493856649909653,-0.37248758996097275,-0.3765339453863057
-0.6914717244595798,-0.7855576125082612,-0.7796739707389478,-0.8661944811927789,-0.6187970725067613,-0.7115341557467302,-0.6234401060091737,-0.5817124408574548,-0.49987043962439964,-0.6472254154459628,-0.6926714255534907,-0.5851613356648075,-0.6269251433217654,-0.47423429437362535,-0.7430027829370999,-0.605097584586576,-0.7047435950772648,-0.6082935616358535,-0.9436797468622101,-0.9990523353032152,-1.0573364364748525,-1.14837351276197,-1.0206719307861563,-1.1129682667244296,-1.0949220328637788,-1.0288728213071654,-0.9159818703807152,-0.903547845840182,-1.0059402020398203,-0.8268154902481524,-0.7083004121644384,-0.6060743280007739,-0.47412386217415287,-0.5821716034548251,-0.5646433378073973,-0.5107012224072595,-0.43784073494166004,-0.4134707308545905,-0.34870307792406346,-0.4743541251142475,-0.3821057801347433,-0.3124056277051898
