gfs-wave-data.json
{"header": {"parameterCategory":2,"parameterNumber":2,"dx":2.5,"dy":2.5,"nx":144,"ny":73,"la1":90.0,"la2":-90.0,"lo1":0.0,"lo2":357.5}, "data":
[rows 0 to 18 of 73, columns 42 to 83 of 144]
0.20011876237668905,0.21623949695184783,0.19683189158212813,0.149476647403121,0.13400716137747365,0.07550230572792252,0.19287399769507726,0.13746027236070368,0.031171536351327103,0.04938529753141157,0.09545984045566927,0.06366310101634425,0.018439882271931586,0.11595829059219642,0.07444877766120937,0.024662502570079316,0.0354827796105894,-0.004478957971011797,0.0021473033805725,-0.002369846345403548,-0.03151724664846295,-0.07042040689913243,-0.15256466026680823,-0.07738755905965657,-0.14505568687161874,-0.17874405982424146,-0.25242766286294,-0.1771780486152044,-0.3028842633643837,-0.30403385736844196,-0.32041572066215884,-0.22694763137907545,-0.30870211348427434,-0.3109962384888776,-0.4412977750584647,-0.40456429321737664,-0.25978853680169267,-0.28264363744242604,-0.28199759321391504,-0.18710853485426973,-0.19054627954758235,-0.020139889788544363
0.09935766685549485,0.14743119310574093,0.1479302181465679,0.21380952828568522,0.11484566946687025,0.10891886691561346,0.07900770276364563,0.10465064645927755,0.033412864090179115,0.08999574551153414,0.12879576599743991,0.03215761220765623,0.09505207833526838,0.012166668606736694,0.05933946171799874,0.025626619353609374,0.00777427332151198,0.023283215026539617,-0.019968927290804753,-0.001723335980162171,-0.03416715268272757,-0.06845199776827514,-0.05671837368272372,-0.12711782558542625,-0.14526760292925603,-0.23145252918783543,-0.20468668983221186,-0.1788458718508346,-0.3257310553963225,-0.27588359806778284,-0.3705121423973681,-0.32894233397396644,-0.33355812320019085,-0.3318066458196093,-0.2860859044726596,-0.3486714476904166,-0.23436588174266512,-0.38527216566082406,-0.303092736172008,-0.17232573571050294,-0.12428665985353761,0.01229700283504072
0.19065408765726335,0.12809109652743847,0.17823781709861736,0.11328059539234728,0.06824362278240231,0.11416759277378839,0.15103574207346462,0.06906593441830972,0.15621669130822474,0.0993728565683831,0.07937020353515482,0.1610170020430625,0.014126359664451273,0.0471822302575364,0.048701478396137664,0.017169936586947113,0.01749979310413511,0.005434637162099018,-0.0018861362547091445,0.0006829082079202161,-0.026940241073996656,-0.13955144070349354,-0.11712217242239115,-0.11310724180097781,-0.11230632222315141,-0.1285584469385826,-0.22511621472580298,-0.18169158343060796,-0.28739912109158605,-0.3236714670919161,-0.3530861883536902,-0.3370261824777228,-0.2564199233959878,-0.31450155549127723,-0.32722263331731355,-0.28405949567553374,-0.2505087338660078,-0.28369452224458247,-0.26043355625443815,-0.12984375281677915,-0.21437777030961952,-0.02525119764618068
0.15054927109225552,0.19469401914761855,0.13337006765119166,0.0848822389710204,0.09009155855193351,0.09119988207032868,0.17017796886923345,0.09474266829064269,0.08239608885758884,0.1109213049927186,0.09362611180841647,0.04965661073157791,0.06356731680036037,0.029893338968734168,0.026738147230392705,0.043220305053073074,0.021648422504006143,0.014804828381058153,0.013620466598574032,-0.015971403908818002,-0.03541096964606437,-0.036012353837226625,-0.0944000250120835,-0.10625554435017681,-0.23171724602662908,-0.12677364790631973,-0.18734246920942266,-0.23129477638486706,-0.26738206745871324,-0.30219409460560487,-0.21254327015998134,-0.3941348597147187,-0.24896280455572264,-0.3213324769629149,-0.35631799290452526,-0.4183815010834564,-0.2828569589050055,-0.3647140711165232,-0.28180861760430126,-0.1894858450008524,-0.13778089529285056,-0.009495904884655475
0.14411345593565833,0.11806510098538288,0.23773064491858023,0.1831197155239821,0.14677709916932635,0.21123906373281065,0.2217267266318215,0.19271185599557072,0.058148318882281815,0.10695670892005567,0.13352099336771364,0.03680667977998249,0.028553200087248008,0.008285149258873295,0.01269364465712842,0.03690697424926426,0.09128689289598042,0.016563799283072198,0.0013451849103063387,-0.02161698293205623,-0.0823833156354859,-0.08563150735628754,-0.06724976169804041,-0.10099782077355263,-0.11524096537779276,-0.2662980552547936,-0.18636183782201993,-0.2514429873476297,-0.3559633597223859,-0.3209953595862952,-0.3300441641995916,-0.3910587277530896,-0.2883315163989567,-0.4060607083457042,-0.4295486663253555,-0.37259092041275554,-0.2553628052345986,-0.24670366876977015,-0.19373839174961227,-0.16412759363093088,-0.09139995574626918,-0.04523379453528241
0.15632580955357286,0.18158399496101343,0.19363272826107758,0.15173734215566015,0.19917452201438554,0.06217378270325569,0.0844825824146614,0.15122037608942396,0.05028314141074706,0.16473893023941594,0.08145568924122035,0.04095283901410035,0.011605363359413126,0.030178861452179944,0.09537915336343236,0.03332386856054677,0.05061245338581167,0.04441671151407607,-0.009206485346948904,-0.045855898080919305,-0.02231800736014688,-0.09232092553337015,-0.06729676731556108,-0.163702309961424,-0.17562887478327266,-0.18512243306986467,-0.27678425787916977,-0.16982601076013987,-0.3618387989514484,-0.22163876425294748,-0.35097895771712284,-0.35931817456125176,-0.4281124040093416,-0.360622567838088,-0.45741238943352647,-0.2925653153783506,-0.42467766965956866,-0.4042347079262999,-0.29849321567874054,-0.12866479066928618,-0.26302323673107,-0.15343601567589474
0.18335227428418316,0.20111687416791993,0.13940202730748083,0.09783060994212905,0.09039559900940466,0.2004640094738869,0.13751359812842248,0.1770656065759283,0.09946424734550144,0.039855757724582205,0.13482660657645287,0.026002208183968256,0.01590641203055657,0.06623903060710576,0.06731526316556666,0.07237534454637835,0.028540526872849577,0.006971668972071535,-0.006852854423455012,-0.03901694779868927,-0.049835407167666566,-0.0500434971976696,-0.13021903439214458,-0.10724503239781968,-0.20935686189081568,-0.23728656436705847,-0.23371658057665176,-0.17912747336949375,-0.2373004348883672,-0.22293034731337047,-0.4135130189844927,-0.3231437134740432,-0.34557569300557095,-0.3338066833496698,-0.4250448191987759,-0.31198452065866966,-0.4122285624363619,-0.32264657851384415,-0.2701007327750541,-0.1931391990080765,-0.11449005404398165,0.014080471670730576
0.16457063850791098,0.1448794965796948,0.11127855410507602,0.18031680020781804,0.2030839956642227,0.10920825157058055,0.1578863184179397,0.0728988565266678,0.10600481827656419,0.16949686388045845,0.10002020316425049,0.06378962935363312,0.045498667672690056,0.1411903455705678,0.10287774460763238,0.05127442321267246,0.026330735311053493,0.0009558020902787346,-0.010263891912931917,-0.047480970217809296,-0.04617648036615365,-0.06147290938862064,-0.13254580587621936,-0.12001378359116732,-0.17029996309506043,-0.13218126187385543,-0.21270862684059835,-0.18572599596704178,-0.2302823398055245,-0.3200593192757672,-0.31391804618987834,-0.38107291644879415,-0.38745539077643937,-0.2736258951330035,-0.3284755093267223,-0.4497087236481198,-0.40051182295354526,-0.27039225992872484,-0.26153483957112733,-0.16508844464213826,-0.2044114011175192,-0.15689787378418898
0.16958225784897896,0.20984630255712686,0.11424641251454985,0.22881061350129347,0.19349308038337093,0.1543025883653675,0.12266701283918041,0.07430095808374301,0.12677190621457246,0.1000254600709726,0.15270181307850786,0.08500220289831915,0.12654578812847508,0.06773287757927628,0.05191232628594391,0.0435499751625926,0.0640929103279785,0.015920205557477037,0.012863790106352071,-0.014861492826169574,-0.04928102764974321,-0.09699312881281794,-0.12443621665047747,-0.10260530351328437,-0.17693570722314136,-0.1432093872347761,-0.17557952977412647,-0.30442690092745756,-0.3697068510895215,-0.2429625216049478,-0.35898516398191466,-0.260242351435996,-0.3478595321378383,-0.3298940862171289,-0.2661366232842113,-0.38469876457202223,-0.3111072253669614,-0.3822122970030134,-0.40094239120918057,-0.14749366300768416,-0.1732185140177771,0.015356814115847273
0.11455344163580629,0.12377413173792205,0.15148715172556712,0.1780142045040967,0.1886496042217567,0.20828291549252065,0.19624292844728647,0.1388073414596334,0.19058208627017886,0.05252461700571551,0.13817451550502208,0.12352894462916413,0.10593962332557384,0.08315969259180517,0.0654564290586503,0.07189701141210908,0.0934011379310627,-0.0008309625353342416,0.02872957958451957,-0.03845037751125355,-0.040010092357402265,-0.08598353356326816,-0.1498399462418047,-0.12553157855273847,-0.22811979034230517,-0.2900146047815943,-0.16013783094237183,-0.19924392587452283,-0.31093305870335936,-0.3989260563743009,-0.4172461094927906,-0.4764925812142155,-0.44938377844966015,-0.3794472578118831,-0.3651704824405584,-0.42825744242240493,-0.39123889951107804,-0.2773426664748623,-0.21169462072937686,-0.32202751992771306,-0.21614558494033967,-0.13579235255418023
0.154294332758794,0.12852177528154157,0.12618132908675522,0.11360900486587772,0.11349758674977233,0.10574077370610435,0.14237467897904377,0.20260491034476708,0.19812545245346339,0.05076216613780128,0.20035047368765976,0.056020617264927394,0.07547601052132721,0.12568838046165517,0.07292245592672512,0.07963851990488785,0.03773416907646162,-0.0016517458318905166,-0.004250738615779706,0.0038942813314845775,-0.013577333750409842,-0.1356863279881868,-0.19282422597340285,-0.22421285804542634,-0.2005009750073914,-0.21223255964887117,-0.3226259927065091,-0.3434814225956758,-0.2879581656172341,-0.35455680950833407,-0.40728998594385885,-0.35556929726149444,-0.41308410506475185,-0.3479213241916347,-0.3482667172218112,-0.3258522368745781,-0.3877547495938737,-0.3844116717306075,-0.3240408393444597,-0.21339745144867134,-0.18874982158978593,-0.09824250594582623
0.18166546140482398,0.15052598118927157,0.14503031180534515,0.21842445812533803,0.11297606675235138,0.17313923660237743,0.24118331356484757,0.14462381171626615,0.10595141417656166,0.07496028949839244,0.20922333846179134,0.14336300678120126,0.12461856534268934,0.10631005820661187,0.04629488444971307,0.05042538041152931,0.014476334247908213,0.06788544206752176,0.042494542938959975,-0.016990115478152757,-0.09569328852392887,-0.09550460084912431,-0.11390902351364175,-0.13682980247519028,-0.11078297298042637,-0.28534811454609144,-0.3538591106179898,-0.3116456146692118,-0.38802241328953024,-0.39773110128277894,-0.33592084852757575,-0.41763610000066803,-0.3706932936088206,-0.39763029699651764,-0.3978334509673071,-0.2876639996633266,-0.41058234893810325,-0.4701027850298202,-0.24543301502514267,-0.2653941430220013,-0.12535292904690895,-0.03335221530461217
-0.042466136325921305,-0.010732132216523405,-0.009194689780164451,-0.020697921273462785,-0.015065374569549048,0.023520981272406778,-0.007652536530237731,-0.01850895904082822,-0.0038260467396813856,-0.022150577178535306,0.014280449023180855,0.00023735454748621178,0.00955281509344734,-0.012286206101669896,-0.036571268053433165,-0.01721693499083646,-0.00020945294867867072,-0.01897122588983739,0.02216198463893729,-0.012256450737957388,0.0065378682415172685,-0.012554143081579002,-0.006464220194182161,-0.01866982739156333,0.025557254034540917,-0.026168112759826685,-0.007126983792939238,0.021706760222531617,0.026046205691721558,-0.001615115201536942,-0.01741418878250889,-0.014452828392093026,-0.012400674990077533,-0.005296207394008114,0.0041474970422036295,0.004356753362022513,0.0348303355331387,0.015762606993722478,-0.004553173856883318,-0.020699101076671344,0.042809241065118686,0.012568626643326782
-0.017156836156546586,-0.01061499377193732,-0.0032625695704556826,-0.021458413657869966,-0.04638749035472845,-0.0021611891168615807,-0.007858824775691275,-0.03589340313608529,0.027480921951250206,-0.03758269824415732,-0.020664887050981764,-0.015039912405488342,-0.00995501816676089,-0.01640971258382202,-0.005495662311056896,0.014231823093302414,-0.00046163009098845205,-0.02307743972396957,-0.03597120563094266,-0.03275645311246229,-0.0016108981730530607,0.013005548619846307,-0.0005102829233710891,-0.005444465654435745,-0.010206162395616744,-0.0062675783596619385,0.012534134460411694,0.023464856237607093,-0.030830701649742668,-0.0363937914941276,-0.00899646407244018,-0.0355369200179409,-0.018854978887333507,-0.001944827967570167,-0.012804570405311643,0.0049052052054440985,-0.005572737158452461,0.023806440259877718,0.006790497177987944,-0.0011098248081337031,0.019125635210410927,-0.010670871529291085
-0.0007113974176860021,-0.009298917696894003,-0.02783688700249439,-0.015490320171982291,0.014454517793439217,0.015838022868850925,0.033392102964637675,-0.03419683274612337,-0.04741660107749725,0.016795581599050147,-0.01174924661449608,-0.039002368957123223,0.006078699275981911,-0.007128908938559024,-0.016355529374057685,-0.0025674265340125033,0.00035044116473440234,0.04377225980612983,0.010271476302853801,0.02168805204844325,-0.03371687793106121,-0.03586790359152139,0.031078265482505703,0.03668532045538009,-0.014577079557633982,0.03635406999681136,0.004316320532435247,-0.018248935060933138,0.019527707294231873,-0.02669391409336179,-0.043236985709695974,-0.024999179525865882,-0.008782218647869728,-0.023186328821033,0.015797282427141002,0.0008954828955543507,0.007081356029993661,0.02647139200009467,0.019007735751320788,-0.03792658397851345,0.016595526888992646,0.02458776771802616
0.014329664818852204,-0.0014590990418271077,-0.017349418637433146,0.038650416353961235,-0.0074700627217038785,0.010859053992052937,-0.03204145315844843,-0.01881523323214638,-0.00985424300119259,0.014498396231301815,-0.013350955945119113,0.023729656950562415,0.03799736826636318,0.00345357611721605,-0.021784955721302797,-0.02851867273518717,0.014290649484721986,-0.012228143562646166,-0.016863068097822346,-0.006485096291475011,-0.01771068356128192,-0.012772875682002655,0.00039963041824332213,0.008076630112526156,-0.0023003655627228635,0.014113374754753608,-0.027355877661677668,0.012553187657913543,0.007167532238572051,0.02126258916891544,-0.02886120804918129,0.012213541440481517,-0.006427899619177433,0.02125956473515281,0.026568089644849063,-0.01282689940671541,0.011746282292505404,-0.029647666947487356,0.008488849161902345,-0.017644237743800823,0.011064209521170256,0.04392254808385768
-0.01796665721882857,-0.0062993025417623855,-0.001040664451283184,-0.03188787420731669,-0.024886249047132922,-0.023126314408411123,0.012681299943158817,-0.03263391421680284,0.03990551914640462,0.016964324479095277,-0.015680002305722595,0.02587730032961248,0.012879418332893544,0.02404578692909435,-0.00014310892153234295,-0.0009056309187576576,0.0036928000827002165,-0.0034596850163981295,-0.0490601619436239,0.02733770436692491,-0.026004124970172047,0.02725841857612293,0.013227932010776574,-0.014800235067886828,-0.01370993416039455,-0.02296099444023925,-0.009042314150077698,-0.00018270908507838192,0.016139380109366712,0.015792152966842225,-0.005474133145840195,-0.030834242725637336,0.008882861484534672,0.006301328198183123,0.0166038858595863,-0.030226019915499825,0.008351841550360587,-0.0014194005017774392,0.007349298195681605,0.019795860577175715,-0.02398385375186633,-0.006011833278542783
-0.028177296251599083,-0.022592247145015492,-0.046242097951877156,-0.002870401183019722,-0.03879524076612169,0.025751585862375456,-0.0030770778023288727,-0.018206092377712316,-0.019793406003123407,-0.028270397998414118,-0.019139896162356403,0.033737459594398576,-0.024409928956482623,0.008310775784705161,0.04006872723273736,0.02770660007006934,0.027357309120628295,0.03804707928860054,-0.0027125185206785443,-0.0014083873658766563,-0.031175370368063355,-0.028517216400405495,-0.005149495367251581,0.0005210189521022232,-0.016586470492379362,0.004612441166575025,-0.021571321480826442,-0.023473373821356953,-0.04538325759776704,-0.01086056136333169,0.03979511336465919,-0.0248831433460428,-0.011072194085527742,-0.040651955447449005,0.0012557222530789937,0.03688836591741739,-0.03783838503550984,-0.020401086575768574,-0.027512747229179083,0.021135734622332054,0.0280664094282846,0.030540755086329318
-0.02438769410415566,0.020727297001321615,-0.024616007604179393,0.024058603036685725,-0.03839659844150362,0.012633243987253018,-0.0015479198368268249,-0.011309252470833439,0.033397903946398716,0.004361262789983203,0.0330076164746964,0.00859967950290927,-0.00813149020433695,0.005078962985102394,0.027945443755790614,0.017152886837624108,-0.03571945917884853,-0.018020777795236722,-0.021867469483048723,0.02840687647644267,-0.03230667168657854,0.008782743977338367,-0.012872737545144113,-0.03248664989675485,-0.025014089767114413,-0.01307458879799185,-0.05980315791568425,-0.0387806493349257,0.021782128465519354,0.026112096278256194,-0.006771699647060137,-0.02997717869070671,-0.001614355081819351,0.023819937208256255,-0.020681196092915723,0.008510969729194321,-0.015802937236538056,0.04831412043790689,0.03920200225807621,-0.04336121892183485,-0.000918275623844898,0.02902815412361176
