gfs-wave-data.json
{"header": {"parameterCategory":2,"parameterNumber":3,"dx":2.5,"dy":2.5,"nx":144,"ny":73,"la1":90.0,"la2":-90.0,"lo1":0.0,"lo2":357.5}, "data":
[rows 0 to 18 of 73, columns 0 to 41 of 144]
0.3255897622372953,0.23302345560224214,0.3746997701274009,0.34713650554406655,0.5032065213534194,0.6407571822599635,0.5505431903562026,0.6765136385740788,0.7018985922509401,0.710972678650103,0.7692445830041418,0.8991159228621609,0.9137525335427584,0.8263877181542588,0.8681545179936974,0.7671346973756333,0.8179298553760187,0.8004748485025578,0.5895662451879651,0.6075691820300235,0.5197837919326698,0.5526883930025279,0.3778306273259967,0.34025875309138837,0.2884066470376999,0.5446798498282377,0.5681808961722746,0.33296221014308386,0.5566473936314636,0.439968084492201,0.5040844276547517,0.611488647205258,0.6471102666368941,0.61486713597173,0.6372172396415133,0.7217927121535135,0.7414407501093587,0.5906922754458165,0.5853143859666133,0.42791106445581073,0.5186669716782258,0.3964339437975961
0.3529857807061953,0.33684955991960475,0.43756401380006543,0.38516716094444264,0.5531168510306699,0.5858273723261875,0.5929840255224513,0.5570987729790091,0.635938317303164,0.760854436372891,0.8325584671003823,0.7721365355423633,0.8271611141181419,0.9119408353667011,0.9054810879255132,0.9426482468531818,0.7618715073047677,0.8757544451689321,0.6900587942736099,0.5661911328915068,0.4227409387813877,0.3692964078208823,0.6138168590293068,0.3856293152570277,0.3552603188379055,0.5063848345868104,0.525329941077414,0.3311489890425845,0.49300270803366897,0.4258355388485797,0.5626197752510661,0.6258550126021744,0.7411430735542777,0.6842233003264877,0.6857296443306479,0.7374193173759286,0.5725231167936932,0.652190223189789,0.510007244393403,0.5324559245418774,0.3777649200392433,0.4718499970688377
0.3209520988347458,0.3061044482737195,0.4471809624543286,0.2876094845650338,0.3587533023292943,0.6499809120393437,0.4725334337117323,0.5831301775885703,0.7805724548803182,0.8304322111825921,0.72541928847213,0.8871546432707477,0.9417642104701678,0.8805114606884888,0.914320041361456,0.823771654563269,0.7502533568368804,0.6576464911161299,0.6752910503275419,0.7002815623974226,0.501712089192151,0.4852868242111754,0.4784078580935479,0.5890356043630148,0.5046952938592603,0.4023172845231227,0.5048341547839038,0.4918069471352176,0.5801288925947584,0.6557892271029045,0.5229254010603631,0.5904308396070486,0.6888022107766523,0.7097772773905068,0.6060715339879439,0.6195185751382891,0.7186307801974771,0.54840955774738,0.5458132589738949,0.5150237859874984,0.5986330387049363,0.37430401125021173
0.25273479070965427,0.3448517420878206,0.36141562536083316,0.43169221611549324,0.4544300892273427,0.5145421424545074,0.609819078532236,0.7040591263898348,0.7053828010290518,0.6924358973720046,0.7986812959794289,0.7662045202183988,0.852197995125239,0.8415443691095316,0.8735514493275447,0.7694100802060528,0.6989585143313578,0.7611560183304079,0.6555158509639052,0.628865854667655,0.4414068649521122,0.4552876640183154,0.47025947196485074,0.5142512701417302,0.43791950314197203,0.4934646417322542,0.49941978100953405,0.5508288049398616,0.4365670749529308,0.5000035287125202,0.632547589739439,0.5418228591121079,0.4990633651302965,0.583660202979955,0.6362964432497203,0.7365766587297833,0.6732913130188983,0.6034638399637043,0.5796526910483764,0.5188363290155511,0.5233814835378735,0.4398867833517906
0.2482783818339377,0.36222503321302413,0.2744162656492151,0.3213691046945133,0.40647303995985407,0.5054188107682044,0.5923033613338459,0.7284735693908679,0.8228333735079326,0.8175234397109179,0.8363850036673304,0.772440687287127,0.912575742885093,0.9512283256146964,0.8974737803536186,0.7534151487873849,0.8451277783546505,0.7068109498177877,0.6117388139525308,0.534281512131936,0.6173209953912013,0.5193681450251147,0.32013301325731114,0.2881115902690722,0.29870656698041315,0.44300588962089743,0.4261242694519433,0.5187221645996276,0.5417262715558556,0.4361045961528019,0.5544172298775482,0.5736351540050042,0.5823168779272921,0.6335000564163223,0.5654601460177814,0.6470539271499154,0.719117678955693,0.556539718964334,0.5228400128514827,0.5531513928182085,0.4455252922948727,0.40117611612823656
0.37052467156074215,0.3833144493735599,0.24956726369887527,0.448929013941969,0.5795909584551338,0.475296887164453,0.5661758943229653,0.6911020237538091,0.6324418801086165,0.8217446905039583,0.759203734265567,0.886474144786765,0.890902976119658,0.9167254469316005,0.8297560446998584,0.8896171807632677,0.7203034899888011,0.7896535893703825,0.7973878171386368,0.6305782994013254,0.6349808444554131,0.6008277212887461,0.4010711698191956,0.4859146603971687,0.370378307317691,0.5258693302383719,0.33725173721780455,0.549616147883866,0.5084953007968602,0.5331477622667166,0.431072780554043,0.5545980818486131,0.6634989180926091,0.5964042093365287,0.615182983416886,0.6079865230709125,0.6060595841547333,0.5762886313192147,0.4707218948178536,0.4799804098357223,0.38632076581750646,0.409974454238969
0.22708496617357687,0.37372927984868,0.3673975403437695,0.34250528465342506,0.581049709824139,0.5033751329554508,0.6474697336396528,0.6185164084030771,0.8205774151689478,0.7506195103434466,0.8684333285335427,0.8392660558169157,0.7676774534834626,0.9094570909341246,0.8306420124740994,0.7677759901458251,0.8290075494596831,0.5847322440096443,0.7534334969889241,0.5472559065857281,0.5861680346024599,0.4577433146855108,0.4129322856264589,0.3777346248925389,0.36627173842923655,0.3280401893842914,0.4190743421086114,0.39887214991854864,0.6197284193746272,0.4326372148287488,0.5277325298753959,0.4995230546647379,0.6448558850453571,0.6207378956472603,0.7388875903053369,0.6046419184905414,0.5530559644382713,0.5205436533606395,0.48210534398439703,0.5249048121477911,0.41762449171171806,0.4315559040410592
0.2997392023973815,0.3332304828068784,0.3962722990728188,0.3629493958585607,0.5371310411944333,0.40853409358354753,0.6378076593709332,0.6207186720859809,0.6865879320771581,0.6412443006209294,0.7885907853990829,0.8696243245997616,0.8170660930954937,0.9400252562903126,0.8745611065617533,0.8269845502283262,0.7701305637486109,0.6392035997873067,0.678666613983903,0.7292569322329561,0.6012028528084036,0.507825420024661,0.4660637430043003,0.4278404677360079,0.4013348241240313,0.4506868989119115,0.37644334277358077,0.4412398267288098,0.5385839228140665,0.6251556407573342,0.5050545892469888,0.6983012660249929,0.7302497877975399,0.597229397478008,0.5968593869543809,0.6093787572980515,0.6631988623919765,0.6846929667416232,0.5941194087925475,0.5321873363855351,0.4761265291466764,0.4023677305274151
0.3395727027695314,0.24794272996343325,0.32178495720061967,0.4508924776588832,0.4100531869143413,0.47232869836864977,0.6791860429153878,0.6522400798479018,0.7335985045377581,0.637057663316373,0.7367446868672624,0.7626644180094944,0.8369985354603672,0.8424192649648393,0.8809745363384397,0.7859390949560978,0.7382006338433461,0.651345655732835,0.5665266196738437,0.5485303755617582,0.5102516281073828,0.48600292678384843,0.3561126040334544,0.4944352329570601,0.5186899868082343,0.40123461162725194,0.48437578105989443,0.4790718612206986,0.4585777417733113,0.49773158993114736,0.5571847154832829,0.659602184377866,0.5399629298934709,0.5566240553415638,0.7416996891982677,0.5633564849272421,0.5322843963170932,0.50826227355098,0.5147453149624794,0.5255162996217232,0.5225901406571716,0.3691580631985711
0.2609236377063313,0.3713981787206795,0.4007249625151482,0.4013728999638109,0.5531306930796975,0.5019811340789645,0.5237287748148716,0.5680153717962501,0.6738419178007935,0.7231319081832572,0.6716929051062822,0.7194361862662393,0.8320495029449883,0.8298585773092758,0.7984098344031728,0.8261304139785604,0.6576683885307609,0.5519423428442208,0.5150833561732255,0.5159247685130086,0.4469011652461747,0.6003349652205526,0.4733806450908321,0.48115398182126534,0.40060811284469944,0.399311727044982,0.34110562797649374,0.5771944895687866,0.43210971965280043,0.46846520310058737,0.540486385730148,0.6275105297298138,0.5084874784273287,0.5653044828570707,0.6202848603783889,0.541044023260898,0.5724128267157071,0.6165097390269829,0.6103317100294935,0.43820201165202666,0.4219337804669763,0.38036021386553825
0.26739478368878294,0.4399269000658013,0.29417756886001856,0.30946131537891647,0.4222095855162868,0.47137460330743114,0.5082915288912528,0.5560362815198331,0.6792401200941366,0.7418087095477861,0.8506949326960936,0.7936319052322344,0.8572143757609242,0.7852322900060565,0.8315449782071809,0.6903290098295009,0.8060011249775849,0.7476504454280949,0.6588794670240743,0.5796441269791288,0.4101217522411273,0.4410984817233736,0.4268583088007856,0.5435700379489299,0.3183019025975746,0.36724306890640945,0.3750447233962553,0.3106814522007549,0.416479057598235,0.5488806668691424,0.549902975497619,0.49678550354637624,0.5395275566303492,0.6141840636353028,0.5054839767480316,0.5579256738493555,0.5276607195530353,0.5793184521947263,0.5506181134685091,0.4868900607148701,0.39413902161432457,0.3798871440612277
0.20497192174291534,0.28824001290592577,0.3775355693204505,0.4733246392891784,0.5117328017484516,0.5410857935317102,0.4233430263127671,0.5197476186891035,0.7242346583157989,0.6848678909381093,0.7438033775022279,0.8620779066974529,0.8510921534225709,0.8661815030602508,0.8436422345504149,0.6979355372505006,0.7952120733826169,0.6206391494058976,0.570134525249231,0.46342640786717637,0.615289968842386,0.503663678348545,0.5516598965861869,0.4033446055810184,0.39753282648730626,0.5134075778026703,0.48515660662922977,0.33401421120815655,0.3658802812179785,0.4669927641240119,0.4474919156397037,0.5053237814036428,0.5697791221652245,0.5953453818582221,0.5811990892852591,0.4965708082217587,0.5704527725019143,0.6351648115093995,0.6097653072094494,0.44464224085734333,0.4224306252963092,0.32887499360011063
-0.39647627299057453,-0.3879501447592651,-0.3350815786772011,-0.362970477866662,-0.3410648897280454,-0.37993777338490575,-0.3072370653118846,-0.2736710150723204,-0.2996073026400626,-0.2887524562845189,-0.3228140898497659,-0.24097318619421298,-0.23485094822045252,-0.41057489105736006,-0.30694193926305413,-0.289552244627496,-0.25960759058852434,-0.24577707430094375,-0.31048887345022863,-0.2767365429549353,-0.3115436774962043,-0.4096958585494903,-0.2435237482581282,-0.3954636072405935,-0.2834635777584924,-0.3738590122800419,-0.4164562655708474,-0.2523012806556841,-0.4122619154956178,-0.4164669225124394,-0.38501977704566165,-0.39425793632393685,-0.3353162215435368,-0.22427200738447334,-0.28652091188446216,-0.3408362448098775,-0.32419104466201254,-0.35862934961133397,-0.32976936931376033,-0.39054576264788676,-0.41201320400105973,-0.37340950606779755
1.978068560511214,1.6523027835641402,1.7578988417052515,1.6908143672701486,-0.3942109748749467,-0.36764758556704435,-0.23381228135291446,-0.251848801885532,-0.33110592928415983,-0.3502364311703239,-0.33895973438182625,-0.36175623143276764,-0.31174781403808577,-0.2478349555011572,-0.24153964354875943,-0.4111491362330927,-0.22330143369966507,-0.36478031573542213,-0.3061972642364334,-0.35386519596669813,-0.3767123973968391,-0.3484184719472261,-0.3397483677439715,-0.32493086692487727,-0.32782729635671665,-0.3342553781266991,-0.27842099154983585,-0.23693305681405677,-0.4030120395450163,-0.3748863010028021,-0.26875444643284246,-0.33963205519114287,-0.22299890589299104,-0.3638229381182382,-0.389828099844631,-0.33105344689782257,-0.3518701455104404,-0.3125837892874599,-0.3164917662375586,-0.32001150018026514,-0.2755839675757326,-0.2164852831859786
1.6740904456687715,1.5364193617792221,1.981351035719323,1.821099063257625,-0.24966752497117264,-0.2905256415969235,-0.39890954512519955,-0.3618534604830253,-0.3519003899541112,-0.356893921891239,-0.2654509825679193,-0.2117789490861124,-0.22377671288239012,-0.35486755493071725,-0.2509513281201163,-0.3022142731418766,-0.39040139726059403,-0.22105091119310205,-0.29652393747322936,-0.3519558367953438,-0.25571913294226045,-0.3584890513796422,-0.29616094766820705,-0.33691082779431064,-0.2037151684966276,-0.21940490576816737,-0.389142696182176,-0.3129270151966345,-0.22777535467513926,-0.3989890162557015,-0.36071128246654904,-0.3496788262783185,-0.31173158664529016,-0.2190508096095059,-0.3717082942556346,-0.3278480067859251,-0.39633169428589593,-0.370342522037275,-0.29984196758644954,-0.3927679383188722,-0.24229716220317635,-0.2706101108595144
1.5263106156222637,1.8518576818404748,1.8737306773250857,1.5274571528630592,-0.2872034510142102,-0.3417619431603233,-0.28400166063707843,-0.2750463671503764,-0.21557670273613333,-0.2769848368353171,-0.32630205027810305,-0.38621548321852844,-0.19838494105250157,-0.2623267933418354,-0.25910130684331534,-0.3514579965783899,-0.36425018405084536,-0.29707245655061665,-0.2879312829554604,-0.3691524518937803,-0.28859204237420266,-0.386759830294245,-0.3117477871702908,-0.30087118803669205,-0.23917537463883295,-0.26094885565844594,-0.21126571090554225,-0.2975198184622166,-0.18976820834681846,-0.31113162355601165,-0.3528684499559336,-0.2550540814371602,-0.3175560517721957,-0.3743992964469809,-0.35444928501743334,-0.3415573135026663,-0.379569837583072,-0.2796279492077918,-0.30195100266316743,-0.28793304547065957,-0.27411077979792353,-0.24627281878396437
1.8480030684167672,1.482287913028904,1.9024003064166872,1.5599841844188465,-0.2612223500096356,-0.3350315353583853,-0.35211854164094497,-0.1925370306339584,-0.3456415621145006,-0.22630552769481924,-0.20005742512725286,-0.23745615745669954,-0.3287380917578957,-0.34967992967046446,-0.24015448760672484,-0.3259835300481409,-0.2053717056192199,-0.2658463139589539,-0.365905732806642,-0.2606449375936621,-0.3268399016928264,-0.2446808077902474,-0.18402250139235252,-0.3410343999621364,-0.2785819513481041,-0.2267313786109236,-0.203085185519111,-0.21877607530021653,-0.3613348557841035,-0.30895266815052913,-0.2749476978528927,-0.1815545750204464,-0.369679822034864,-0.2622432155929186,-0.2419799272886317,-0.1896150679975008,-0.2764488091159442,-0.3110642824937282,-0.2642339122493026,-0.23860804949161657,-0.29632476108192896,-0.29165283175259205
1.7722958932077888,1.6397529948723557,1.8645246500418957,1.5691611570773136,-0.1743375158987854,-0.16531646999371485,-0.1809528792165495,-0.33909954222619876,-0.22556897821003838,-0.2039854560078062,-0.2675325093904494,-0.19021799756601582,-0.1969012002627571,-0.22047022610313347,-0.3080227475113299,-0.33497326456151216,-0.2670731438645731,-0.18249608428421715,-0.3207881322631227,-0.1839234027461143,-0.34623639491300734,-0.3056787820461385,-0.23835821571737106,-0.26293295367404973,-0.2947086789818547,-0.2668681721883985,-0.3257366969006653,-0.34435631240797016,-0.29504882684097994,-0.16237170890764974,-0.2899610401565964,-0.29237444320636546,-0.3544261224210706,-0.2749917200550918,-0.3536375329438348,-0.3088248565946299,-0.34903828957044025,-0.3035540011295093,-0.33440792859233104,-0.22691735382883443,-0.20239981039064855,-0.21573889503445356
1.8106950871095413,1.8959078420770779,1.5901547204561022,1.6012176423407882,-0.3016669629236626,-0.2811577034767254,-0.3254474843814482,-0.24699880113299455,-0.3434006611550305,-0.25950244232759867,-0.3276531183134021,-0.27116241120579293,-0.20820301728781673,-0.17077381175222908,-0.15926906701594362,-0.3395224189542109,-0.21408975497970995,-0.2253604724965255,-0.20701031039022566,-0.17182905676435156,-0.15332046804026372,-0.1552172166636701,-0.26316092207532077,-0.26914426101231614,-0.3293720428661665,-0.30452449984964614,-0.19734598430890626,-0.2088161704488932,-0.15485352384330353,-0.21496052970606103,-0.3236412398087871,-0.2837911566838319,-0.2490167974538969,-0.2392719753073834,-0.1530891544365422,-0.1865373378157564,-0.17739771277464061,-0.1582350975641447,-0.2645023963842758,-0.1715174118371441,-0.2824326995403468,-0.19090782121264657
