gfs-wave-data.json
{"header": {"parameterCategory":2,"parameterNumber":2,"dx":2.5,"dy":2.5,"nx":144,"ny":73,"la1":90.0,"la2":-90.0,"lo1":0.0,"lo2":357.5}, "data":
[rows 54 to 71 of 73, columns 84 to 125 of 144]
1.3324037946506262,1.4932104108372253,1.3314783756670434,1.2555182212566594,1.4245652745860236,1.087825553508882,1.3024573742247847,1.4080928866481175,1.263271220534182,1.24727796879632,1.238384727938692,1.1045428831435185,1.2311046504189116,1.3300460283878663,1.255553440448987,1.1242960601885894,1.3172321762297396,1.3280911622959082,1.348339202212325,1.230850023654261,1.2243263903458215,1.1808548656248288,1.1672007943126281,1.212823333124777,1.2676561679705658,1.236765291570042,1.3185082247443207,1.1686490213248806,1.2681367404996007,1.1641710877041576,1.243613566335106,1.2512465572085087,1.2445821654280536,1.33373596900277,1.2703475601434038,1.099835820786974,1.264769095809498,1.1249136724244604,1.2359489525177776,1.245510218874815,1.396648858746996,1.1590741586690936
1.4487344631280514,1.3173658533529453,1.2396691505554147,1.3466422484290588,1.38821274590781,1.2452404740055418,1.3503200194487643,1.07451170953974,1.126415282026776,1.217746377511521,1.2387477001518137,1.1358667878669557,1.2073862406925606,1.2949815983805917,1.3097101442377561,1.294357427547998,1.123354036744597,1.260329588694421,1.1485481300674023,1.27462001544644,1.2416809515235236,1.1902752494663535,1.3137324865873539,1.3577125029255965,1.3230621031542007,1.196814967613271,1.16888178903991,1.1981584083667258,1.2338771905847905,1.2633551827884753,1.2958776806925956,1.2540095515724525,1.1991671542269742,1.1756151013165177,1.2798868472990486,1.2885204100937218,1.2968992450669934,1.256912738659535,1.3272823980540787,1.323028486425431,1.1642341628778254,1.2490358060894868
1.5155995988745377,1.5547954552733008,1.4640493563415415,1.5201259320127334,1.4267690240617454,1.2356087329476517,1.4572195517946094,1.360316618189944,1.3526632915654262,1.322730037342491,1.1560381480071076,1.282972509301034,1.3310390094374067,1.2080094113840898,1.3537558267986332,1.2951262088728295,1.288541608092665,1.0994952911702776,1.2387963731058773,1.3756625767292956,1.2519830797807505,1.244969710569697,1.2051726468864188,1.2121814431830833,1.3485169504778114,1.1823787415117872,1.2147997128431836,1.360977270670954,1.2198193159092434,1.1886595109285125,1.1615056218854547,1.1479175065918643,1.1724681798577232,1.2156630658616099,1.178345664371425,1.2780329171232194,1.2496893720380786,1.2192636823848764,1.1109443146560973,1.128145568773321,1.2461290409556918,1.250724964979558
1.6111598237020568,1.3510806842453211,1.5868554120560707,1.3852781950473272,1.2317281486491278,1.1983462600198782,1.2593444459637917,1.2066200320871543,1.2139287306704227,1.1404645267709739,1.348252235711846,1.146916161036927,1.1276847650260673,1.1657980229670641,1.231600865774027,1.2521030363368608,1.1441867731269595,1.3649474608293624,1.1735977914024844,1.3525971038367774,1.3934913744046007,1.2268905315264538,1.2542345231859708,1.201926738909502,1.3801474516271106,1.295847031404412,1.2168258785243127,1.3620613907775274,1.3732332832414562,1.2372205770572184,1.1997401882349588,1.3328419183486082,1.1297462548966772,1.1650372153115345,1.140728219957627,1.276172363688974,1.2519533118260127,1.2102143380453934,1.241998776223016,1.136515287961144,1.3288259295132683,1.2196134031235935
1.3110955658780057,1.3593983243405288,1.270732936697357,1.2523604324290791,1.3967762211283814,1.2874841647429542,1.3310402558344512,1.3555281466525988,1.2158513500639279,1.2104459192094985,1.3166615629011347,1.2482397383144122,1.1779565261552845,1.2599410080838043,1.2652150940006957,1.235392622301158,1.1793330427753383,1.302663191838806,1.2451051758145786,1.2492721652349776,1.3743711819827074,1.3414457499947814,1.2112464388144528,1.3873286401879186,1.2079625906568618,1.2447926651151893,1.358654304907942,1.2364559176978116,1.3229019639414932,1.4141264120424042,1.2005970971910955,1.209102948539941,1.278137467920309,1.194285979387533,1.2400539994496655,1.2841568906341088,1.2017865848949256,1.1740500160572003,1.1774775669410178,1.1320734486111512,1.0903820717687556,1.2772645381759224
1.4498430087644905,1.5592142342690327,1.254038080546269,1.4626520091465258,1.2747444532955718,1.3835051556068487,1.384530279769073,1.187339769330363,1.3172428859978838,1.1643790798791296,1.2954836539520724,1.2162362989293871,1.1518115483440439,1.3674361874087861,1.4366761909077783,1.3267007350669349,1.3329536264297437,1.2539168004083088,1.2511990672081994,1.3054833436233222,1.226733248588503,1.2200868085690875,1.2526150691054716,1.3179879385911586,1.2800948913549242,1.4069654063015897,1.3344601331137762,1.31318255848676,1.3334493234153555,1.2915149010064824,1.3799590134328619,1.1613938336525342,1.1614448782496403,1.2711984193583725,1.2245767474421245,1.3351285102465118,1.4092027198657764,1.3300872348107287,1.2470277173463191,1.3718672601409845,1.2960306157021095,1.3015298980911525
0.020620535453778045,-0.06504716652135277,0.011719249260998633,0.018246443541814032,0.006908670711152401,-0.02877642838086665,0.016569796565594635,0.024659415853303727,0.0037486263096767926,-0.06842608047413197,-0.043015558796629216,-0.025857081531972713,-0.020732936408317464,-0.022841328939886912,0.03747045177445625,0.03699557689659451,-0.007209419757585968,0.008969403046326386,0.02054451714831703,-0.04922479861594669,-0.033844884144944486,-0.04382043786735286,-0.016557376072966704,-0.03574192718476893,0.014458375052602267,0.006143912625693189,-0.02438918807455283,0.04329065451596516,0.05699269083403842,0.005624672168448037,-0.014319544505105471,-0.0020201544363405138,-0.004369648322226036,0.045807568308909676,0.0486648504767315,0.0029432458829176814,-0.001805455995377606,0.035925728815798,0.042240001691772736,-0.004720676299915102,0.0024927347513582494,-0.02716586442768115
0.09203773443048964,0.14130224244797526,0.15410212764573133,0.4686523845136962,0.3221976694876669,0.6038849697177555,0.6157115464718173,0.5735221253045387,0.6870999267546108,0.6663023128671802,0.6813925553171858,0.8088768586079653,0.6876920865254798,0.6333522853732647,0.7064703368658725,0.5595565508758265,0.6722248542818757,0.6180567134954649,0.36745305293109437,0.479394900695639,0.37286045894654396,0.3130932830426889,0.10272985867186715,0.025582592010428677,0.08796044203971727,-0.041698844042226825,-0.1568092138469553,-0.23782794279746589,-0.18855771372131408,-0.27767981380834156,-0.352535375191252,-0.271663148179052,-0.2917977774554791,-0.3489116414066585,-0.342364774404167,-0.40954695024003085,-0.38867166886195675,-0.33728612464265634,-0.22672583023689175,-0.1990262781500852,-0.20990404486994862,-0.19041215605360276
0.007073999224892401,0.24738238065681603,0.3484959774479121,0.21758916232299674,0.41265078635328895,0.44018794122166693,0.7253179484173399,0.5326857511594618,0.5736319839785474,0.7411165485745973,0.752318872374211,0.7202385942182559,0.6966261751042944,0.7895904301501488,0.6215873895829498,0.7100576357554511,0.6116286747738257,0.4909420762348402,0.5921723646334314,0.31959344529281647,0.3560028241255742,0.286060899038322,0.10538356751950066,0.14348565588654127,0.03724665538987132,-0.062340300469534725,-0.15296067684459158,-0.3241195973898062,-0.21321800618177061,-0.31884754238561097,-0.2778499079924711,-0.35025913376470913,-0.2823538883427434,-0.2519769795589138,-0.29788776699317115,-0.33152325724726633,-0.2819342421371327,-0.2870338378742789,-0.34648567035256334,-0.2575102666419424,-0.29426464119344364,-0.2528864728438879
-0.14110884152516132,0.16258348762211688,0.2740378303466736,0.217291700264393,0.5262089811179803,0.648950559947392,0.5622895879770214,0.7214948469290648,0.6357969876180566,0.6531741661883192,0.7161906250450909,0.672800596615807,0.5844474446713905,0.7771501945817718,0.6262365880067758,0.6670956003150993,0.7285818023878557,0.42565393579181626,0.5904527960407439,0.5027417550986862,0.43640769971970356,0.32169336225959244,0.10391726716672327,0.1245585630129344,0.010796304510914668,-0.18866879342304416,-0.1199204335699078,-0.21905701668397454,-0.2517217180164071,-0.31938649249363904,-0.36312319729719456,-0.316629005305248,-0.3516576208730133,-0.2722138007503667,-0.28393695277584247,-0.3353061446490018,-0.3738915629398298,-0.3059242106762084,-0.37450405355065036,-0.21925738831536157,-0.26301026755906004,-0.20871431739069576
-0.07714507554478581,0.19069847158201503,0.14126296533494642,0.20260509063073137,0.33232427748432414,0.478780693338415,0.6189932892779391,0.6692806745453587,0.5999922558428814,0.7266211998017584,0.5932101243264792,0.7164646771958271,0.7029111144268287,0.675408050588164,0.6298922245821165,0.700615466419904,0.5541469004882301,0.5700243045385303,0.4605586580781075,0.33221362608763544,0.43355178804157063,0.23181888073599952,0.06139323663717601,0.1173135244079081,0.06789167123711372,-0.04018881208804388,-0.19677992912088701,-0.2591143446429571,-0.21139701583987566,-0.20224123915398398,-0.3088684497209509,-0.30823840208431397,-0.346332113353816,-0.42123972848539143,-0.4270743350430604,-0.3618177752728166,-0.4022871745300685,-0.24722235214602015,-0.38435288217173524,-0.3109240188070809,-0.35884569605977135,-0.21721974791600104
-0.020641554419125466,0.21511338174248193,0.15302917330850224,0.3128921406047538,0.5396536029917958,0.49135122964815736,0.4635831471801457,0.6711837599489663,0.6700840497650153,0.8061201228140216,0.7302116409494448,0.7743813668388088,0.7709652448741833,0.8288962950082441,0.5582916196768322,0.5695716350816846,0.5669919585752862,0.4941112000592041,0.5799060357993956,0.43053454642043176,0.33681433183837367,0.31430142538566186,0.2970703309190745,0.14849606664026366,-0.062197944005614604,-0.12597717130240416,-0.2593754079709778,-0.227518789269335,-0.25111373957599703,-0.3602946352704421,-0.3424231476767609,-0.31750372857206505,-0.3338752849193173,-0.4346484959280297,-0.35615657302648596,-0.32270742044007406,-0.3512421148749469,-0.387517297141695,-0.26297617186166056,-0.40171343777583635,-0.2966206318542539,-0.27577325845938966
-0.1412898513473283,0.12294584396959582,0.33192053111987896,0.38906636402987727,0.5309584475066561,0.5590363505667317,0.5029503412094241,0.6914525438258919,0.752037091781396,0.7114121816370872,0.7429049205917602,0.7021443525017281,0.7203903659482188,0.7969239835528409,0.7158086362996885,0.6762611665791991,0.5959143270719068,0.4948212217580289,0.505087374761378,0.37535195553329237,0.23942723392599174,0.3072125837079751,0.19443551852401844,0.1844362595431885,0.03271601867695716,-0.06663783768627059,-0.2623365036782078,-0.25192294900048595,-0.2596832719878771,-0.24092418155881662,-0.36620024205134943,-0.4674827457185029,-0.4248072401666231,-0.3171507738737774,-0.4063928329159251,-0.38044355098706467,-0.40160648058492404,-0.3415219697823203,-0.347344929044501,-0.283908349158072,-0.28801203251913426,-0.22115107885137059
-0.13804884982068416,0.11045990884031978,0.11986132029576518,0.3874580682064905,0.4123733512161028,0.5186314851785998,0.6778741480922472,0.544035754505643,0.6097125814972907,0.7525275034464975,0.800893127297289,0.8113533502784162,0.809172402105311,0.780475134350341,0.727354478806479,0.6535873270851201,0.4795741887448169,0.5464017504978335,0.6351359812048871,0.45670242337076455,0.312086946602173,0.22713051807511983,0.26683763542246414,0.06636603531298395,-0.05767487851765173,0.015018080863444229,-0.10218715624873441,-0.23426978854063274,-0.19684982478125473,-0.3149820555990277,-0.4207850104447706,-0.43436628147092704,-0.4191340899180974,-0.4470757507366375,-0.42057372746842264,-0.39729932526391587,-0.31258200902327676,-0.3655345346514093,-0.26621500241002966,-0.3774023770089227,-0.27694020606455666,-0.24383462924329805
-0.0903028573361221,0.11123430833444417,0.37150267690094196,0.41950248763373366,0.43450632039542203,0.6080801371960444,0.6450829961375164,0.6380809085449568,0.6922647770580039,0.7391669210962118,0.7308870673111699,0.7904773478181578,0.71115300682891,0.7070504782842162,0.7851384724543508,0.6646189672807699,0.6062819555233848,0.4858727750618484,0.5754376204827208,0.49071690888806746,0.4360512505700387,0.17232196684595824,0.31067443608448697,0.035899158827555996,0.11616960564778575,-0.02656319349209692,-0.20758924730496225,-0.19592969755273903,-0.2870301492538059,-0.3137369110790398,-0.3944501843058735,-0.36346815047199327,-0.37908549131363417,-0.40015529145424517,-0.34991478751775434,-0.3662314906176752,-0.3733614950291313,-0.3556010107820616,-0.3155483216511598,-0.23384627332765492,-0.2955092381912803,-0.3039415402931747
0.031098209137850004,0.21656503128015323,0.3319493341190916,0.4502453116173559,0.4839708493369848,0.42486420793862945,0.5723371768290425,0.6198618832827862,0.7894844827228495,0.8269594191364031,0.8147432906279903,0.8411947230440873,0.7415504924074064,0.8001200620561824,0.768762173603689,0.7537397976451468,0.7042431632892484,0.6108773504947815,0.4247067165174309,0.401957743369532,0.4495641652576757,0.39052486121412017,0.24841328492101983,0.1977164874131852,-0.09631863826254934,-0.1781237064572075,-0.11858190500005664,-0.16294290254651178,-0.2816634493731712,-0.2460330109778014,-0.3003974670676731,-0.3563556319880815,-0.33653803986866687,-0.40205622486802267,-0.4378389793924866,-0.45246867367020654,-0.39805319655661414,-0.2921094854703599,-0.37421220663579796,-0.26441336772006296,-0.3058307798956274,-0.265738228856498
0.0895239332537438,0.14802078985008654,0.1645725968039264,0.33082760720566046,0.4920793814983392,0.4629953373934719,0.5938706793678581,0.6369927949338092,0.6830864574176996,0.7693183745179828,0.7681194382673497,0.7412035826337318,0.8067366401512864,0.697319019012592,0.6628226910514947,0.7068002645966049,0.698908578139059,0.5574843219188641,0.4979472312940249,0.39847906761448953,0.3686952272017574,0.34022906984302254,0.12245307865692548,0.0773027862584996,0.09447353661036897,-0.1501629353776582,-0.2879288550783588,-0.20623921839779866,-0.2860632950034608,-0.34038524541109805,-0.3559515887664105,-0.41240957431339426,-0.38767928256741974,-0.4904565170159164,-0.3773785032113739,-0.44978163180401903,-0.4251721302013954,-0.4124731363962504,-0.32892849279929864,-0.28192924744637815,-0.3169730346988295,-0.3769916725724523
0.0030588865469418822,0.06728191683331378,0.19692448365555001,0.3013454069259448,0.48341520832670815,0.4521618458094601,0.453632072727456,0.6453047036869317,0.6301695023227797,0.6814501219642017,0.7279170198540097,0.7446559987272405,0.7212409409932768,0.6169941476333582,0.7745377776939785,0.5881389832669605,0.6013131671045443,0.5997430553403322,0.3745723988766044,0.4914170019872524,0.43121535832105795,0.26984639874151545,0.17673651027046147,0.15245686790368826,0.07084415234411247,0.010714524299774406,-0.1649150737114596,-0.11801161153958886,-0.17299710178320618,-0.4658918615416753,-0.3694174394826933,-0.5024669694538989,-0.44928156503261313,-0.3602940490407737,-0.3860978877892804,-0.4289183857895835,-0.31228857725516446,-0.4039378484857739,-0.33075048091995946,-0.40594654562350085,-0.31582574297317795,-0.2829123025615239
