gfs-wave-data.json
{"header": {"parameterCategory":2,"parameterNumber":2,"dx":2.5,"dy":2.5,"nx":144,"ny":73,"la1":90.0,"la2":-90.0,"lo1":0.0,"lo2":357.5}, "data":
[rows 19 to 37 of 73, columns 84 to 125 of 144]
0.000187902024052697,0.000355159072950603,-0.007913560256993211,-0.013345800668973385,0.011072614577147392,-0.001963036042183094,-0.0026242357478982216,0.01106565278993822,-0.0017084450974337445,-0.014240622972794074,-0.004935589078637011,0.008647219081987664,-0.006267535230407226,0.002216978939658609,0.0013432628807557836,-0.008454143938613153,-0.022069774053348427,0.003353358224763674,-0.011499168823108273,0.009998454256739859,0.00044061144878771894,-0.01841233149083139,0.0013944890806781977,0.01115811462997923,-0.024950089132270054,-0.011626033515488857,-0.005983282868394887,0.0015018531527986718,0.0038121721862057053,-0.003830766442286682,-0.023340327003729056,-0.0005797828722482328,0.0062663379166139985,0.02483114626116245,0.003154319311108024,0.01085323814589579,0.011599283085203456,1.2549822692978603,1.340171236953354,1.424750185636457,1.4058945498904176,1.3487932950293913
0.00999467478186924,-0.015528619222382271,0.032574536806143944,-0.01346289485251298,0.01897760326385294,-0.009039502010120664,0.00405622100606764,-0.001963555111002155,0.013293353499256843,0.01217210277252557,-0.0004563094074180431,0.005276665237054463,-0.0007319963513727918,0.0026113362140092167,0.01078216332390641,-0.0022271290716716534,0.0016134427587358344,-0.021900649385171535,-0.002977009479082251,0.011634280163052244,0.029547300291230892,0.011013623963386447,0.0019286038900325508,-0.005905297684653765,-0.010918977827371062,0.005480868173472165,0.015980232867198914,0.010448614108554341,-0.01141098474042451,-0.019944502955100654,0.011098358682568537,-0.013490280400002353,0.0014855270370439599,-0.006217222094132424,0.014800170079457078,-0.012097070085134923,-0.006835573034724257,-0.023230355127796143,-0.006876567603415897,-0.03188797244959338,0.0001601827868993207,0.006914357710574699
0.7164270129500705,0.6604382499486122,0.671744769589584,0.6818029746506211,0.6412060979831401,0.5476514201144225,0.7115315111790996,0.6146788857296924,0.5503036778550148,0.6202849044148717,0.639403833142475,0.6464358889628469,0.650419112748768,0.6212182225903929,0.7003643767817088,0.5965032621344581,0.5725187070491193,0.6606538501796093,0.7001973348267484,0.6705571102589875,0.833571214757387,0.857546459197483,0.7618985665321648,0.8694494435414698,0.7697664628980205,0.8021304050713669,0.9195843361283672,0.9053463944053429,0.7926167868926947,0.9541927627601821,0.9386316688478707,0.8637512001884339,0.9621163719688404,1.087855036623844,1.0326994492119381,0.9891382129056192,0.9969199659945711,0.8858567034545696,1.0012037787593489,1.0811450915922838,0.9519641231428547,1.1819442040408175
0.6644191169426783,0.6584253980267993,0.6085931655251496,0.6881603121128083,0.5934393420480956,0.7487633347257374,0.6418428728992185,0.6596787313977758,0.6351569384301777,0.7125089410653922,0.609461747323311,0.7353683984797632,0.6241257219976805,0.6403512877685756,0.5983415034336432,0.6230564074959257,0.6438047297844758,0.7818169911222557,0.7551770402434026,0.783523759008825,0.6636897458632137,0.7178558262668937,0.7703061245356553,0.8648302547721967,0.7996835380715106,0.8365964988670723,0.7992334754737732,0.7766597116836328,0.8536987367543538,0.9113385606603155,1.0108935743625538,0.8506343915836283,1.0410086767043452,1.0431988047812053,0.9888017882813398,1.0014847769133837,1.042331020243601,1.0022623841126717,0.9581902562937216,1.0340929110324,1.0795280968923098,0.9906372475094497
0.8581192006233296,0.5996016561736388,0.6333083334305588,0.7029868599423699,0.6475392112381779,0.713211817292242,0.5767687515901199,0.6905825617616187,0.5631067267873093,0.6539028599439402,0.6795305061179201,0.6227655678815102,0.7054504850528902,0.7631664576361,0.7195322122571097,0.5568277654778184,0.6970856048115478,0.7142515693654963,0.7262798804395472,0.6426687590730796,0.814737502915819,0.7056916543431699,0.8791373160646543,0.741567970934645,0.8575976278270642,0.7843761506926193,0.878310438615429,0.8213638022716482,0.8402196669068748,0.9068188863926467,0.9068189224390589,0.94333385467505,0.905269254880494,0.895866869488723,0.9288004227559126,0.9161914772820636,0.9943085708607932,1.0675235040950297,1.0778227538004628,0.9184415909438447,1.078797091554896,1.0889675431788366
0.0006617290739307822,-0.0012037056821076002,0.007523985649298809,-0.00042143160338616915,0.012741535056535084,0.010605667488584134,-0.009791151302235818,0.004888327802064688,0.011536433471304118,0.001652835261124656,0.0015108089690991223,-0.013918305255011466,-0.006422289125101796,0.03234708188594334,-0.026167934801479234,-0.011689110601679112,0.009744987036507344,0.011510284771610172,-0.002968772140965843,-0.013327045066695726,-0.0005464491077598948,-0.01626021906514237,-0.0007650644811451742,-0.00871117067367424,-0.004725933875654263,-0.008045884569318472,-0.00033542608613572507,0.00897019575609998,0.0003253944450658445,0.013052075311157941,0.0007965858434394282,0.0024418680593469907,0.020203439692984288,-0.008982067322280515,0.014615000201984236,-0.023591568435339005,0.010468726143840425,-0.017045599610729382,-0.022202561795528108,0.003463651355814584,0.00607053490877713,0.0032518371944743984
-0.6037592700976407,-0.7792475989323994,-0.606214246852215,-0.675807824676062,-0.6704159123420917,-0.5520536959783018,-0.7218101896058721,-0.7422880725451483,-0.7016507799163426,-0.6173523708368115,-0.49656016412970616,-0.4639035874228368,-0.6734388881725563,-0.6670567770310216,-0.44609884381529163,-0.45699515425701676,-0.40676937032479693,-0.5164299094486513,-0.3666276130542623,-0.4879065348642115,-0.45189386429663525,-0.39130409930835847,-0.3214204313169832,-0.4406989335055238,-0.43051937235539695,-0.3654542358628457,-0.3654549666994468,-0.2855378987543546,-0.5191694784667961,-0.3650917988876029,-0.4260583952031979,-0.36350716695569635,-0.32249954644950496,-0.4167899792905566,-0.3875847816265368,-0.45909623439011904,-0.3455411319274141,-0.3825311558967766,-0.41485437240337936,-0.41182182090685066,-0.39061375784867547,-0.3475802186625876
-0.8834908291060553,-0.8022931385291673,-0.7014852815952842,-0.6536909020223169,-0.7201303644687342,-0.6210935077084757,-0.7727077629150094,-0.7846773931577976,-0.5813653670566453,-0.5602528729745921,-0.658475718767336,-0.6397270735062037,-0.547563923090102,-0.569537686404436,-0.5807024206896167,-0.5522146637250779,-0.6330549935105138,-0.6475287998331468,-0.44397465628232635,-0.5153770962543951,-0.434853609898634,-0.4540023537662398,-0.4793545861134782,-0.5099668639744511,-0.42436259176993907,-0.40440140916406536,-0.4890610442428235,-0.4380553403186801,-0.34343366063094144,-0.39745761905655325,-0.4195308750714259,-0.36957464718398036,-0.3698810179430908,-0.5331924876290182,-0.4231098147403662,-0.40948070553560667,-0.31947475361708405,-0.40151915200914323,-0.42133734333898026,-0.520858767755982,-0.4208937159119971,-0.407738613339595
-0.8159035150401831,-0.8342732850584423,-0.7731397521180738,-0.6755336547175863,-0.8040284513165916,-0.5381564263721073,-0.7270860873213633,-0.6463415682107507,-0.7473064456502091,-0.6210827893883084,-0.6825270305672397,-0.5248291996802484,-0.5022010891297182,-0.4930475871154244,-0.6994447242707824,-0.6144958915875147,-0.6525896415159432,-0.43234363537031434,-0.5174240246027674,-0.4068953018082052,-0.3745354038829432,-0.5236184091579003,-0.5219540106357898,-0.5713853023750599,-0.3494934144087723,-0.5519651302735555,-0.47876324590944724,-0.4172358142235949,-0.436875481532721,-0.4891818077535881,-0.3359873851582202,-0.3881899125822756,-0.3605639005277105,-0.2981907048455663,-0.2970116347237548,-0.40956618942094414,-0.5040418482685582,-0.33393084500362713,-0.3932477894722572,-0.44159451684344325,-0.508098119536233,-0.35711422210961
-0.6983743183906418,-0.8369824820457018,-0.6725070919082666,-0.8619415352457128,-0.7275506519563364,-0.6137262329605712,-0.7991236606443584,-0.6954340216752505,-0.6230001681164624,-0.5121542766911688,-0.5081399130545073,-0.6554870024536849,-0.5912785074414914,-0.5069636343027824,-0.6749357842997261,-0.6231430933950709,-0.39941399658989746,-0.37358329808628105,-0.46606134528987775,-0.6391301938993285,-0.3984551249336036,-0.4406151389578256,-0.572051019972183,-0.4732295321023487,-0.4288032118442103,-0.4794018829977336,-0.3543432029286913,-0.33307266864124685,-0.3645400938497393,-0.3574671445110811,-0.5304566701106664,-0.44907449855051657,-0.3861994504967505,-0.38816381525969645,-0.45587526479552687,-0.4304729971525051,-0.5499120640934918,-0.5398880903893473,-0.4568373508062089,-0.3563408848861148,-0.4195482236051671,-0.41986564600347476
-0.7604215260353194,-0.6567435333822155,-0.7081622518858298,-0.8166431292092543,-0.7654097184401236,-0.6941935384577048,-0.671003458919971,-0.5545905374007839,-0.8095911554876054,-0.65621663930376,-0.7800303527373535,-0.6629851384864826,-0.48768853405582224,-0.4926231575654523,-0.6216279413374115,-0.6646855884430303,-0.49232128834509703,-0.6614901026438919,-0.5464148227559825,-0.40763245373975027,-0.5358725255107898,-0.5644661303546448,-0.4957919587181931,-0.41709894906020023,-0.4858535865054397,-0.5050427369360494,-0.37226864159455647,-0.5032726055976497,-0.4526118947445739,-0.3695287064032823,-0.3593231527063169,-0.4143785677039979,-0.3660338403899635,-0.3540538056544573,-0.3751324692802919,-0.39065341935877834,-0.32194335981544686,-0.4381200826910936,-0.5044528252775661,-0.38621859243070933,-0.5011975357242089,-0.47533491342112444
0.017628075813314457,-0.03658606743507101,0.03735535149716613,-0.015531244685053996,0.033824803391037335,-0.02230438297001896,0.023400932237369967,0.021016525833477642,-0.014979738969639408,0.01733732725317033,-0.010101227272004609,0.006442572632381285,-0.003102849282065208,-0.007947899097450091,0.006578899441618768,-0.020304380645166077,0.0004409908456716138,-0.030177487979098243,0.003215331402600158,0.0010052569337425593,0.017465029013951142,0.0077182316610662615,0.028406197998229868,-0.0036025573597491096,0.002731673139772695,-0.007381547029483136,-0.0031902400669504617,0.0012283677989900295,-0.00485363627317804,-0.030465723781026462,0.0018502420242914736,-0.010450487706838187,0.005462004181185151,-0.02123366708865612,0.013382438930943496,0.012072618192629718,0.015910780099559457,0.016045298467544513,0.0158253865552987,0.027936256985581845,0.0075689881873341105,0.03968700307738708
-0.4991589097918325,-0.5192954623471462,-0.652007642824206,-0.5237331822903135,-0.5372781872950213,-0.6678492742819866,-0.6507388789785394,-0.784356346839903,-0.9635858038910694,-0.9456428606653328,-0.9336592436098867,-0.9576551544770626,-0.9617315803837994,-1.0293654119291007,-1.0141264998573976,-0.8877153767713862,-0.7289171230917891,-0.7635866599352122,-0.6148137955547102,-0.6155317014223163,-0.463817283617765,-0.39371660720876595,-0.3416806519937612,-0.28740209462870053,-0.21402786431102444,-0.301705313436227,-0.2700267091909044,-0.31099703275555174,-0.2614377596477047,-0.43093727685124206,-0.4102964024913955,-0.34868899153845045,-0.34829175013689506,-0.3773579130134343,-0.4068995383394639,-0.3773233648966698,-0.3315128005417455,-0.2022361312987072,-0.32057785139042394,-0.32478011592288125,-0.31396292971113127,-0.1464128642961278
-0.5070275092742377,-0.4375281160200003,-0.5608057043076853,-0.6512997281051136,-0.667694922079863,-0.5960201964203126,-0.9332874579922182,-0.8343647816154423,-0.9101285044660787,-0.950614246330918,-0.9660050095639806,-1.0504794355391625,-0.9316688201677479,-0.9213687802097678,-0.9048127957065514,-0.8917395662115205,-0.7332515412592766,-0.6468037719871742,-0.6729755614789562,-0.5311113733578597,-0.4833403453089448,-0.40688099371005443,-0.34728403844003825,-0.3228201681796855,-0.24485990074632752,-0.28791604988641556,-0.3500301583034013,-0.24408775634616653,-0.23422948861233533,-0.36374020099702975,-0.28339143010803386,-0.29064623985551835,-0.3884471156913126,-0.38587718090322065,-0.3998613396740542,-0.4227433167757601,-0.2816365514938326,-0.2069645441630926,-0.22929709387830377,-0.27247691426342396,-0.26635117256225227,-0.27985645386136276
-0.5246144760525706,-0.586377735417717,-0.5339147857197253,-0.5965122139422886,-0.6621876012311743,-0.6449963922761277,-0.7137784839197556,-0.8871845033179008,-1.0220755163177266,-0.9682638792309923,-1.077697149975164,-0.9027647836370365,-0.9867038675077653,-0.9891497778104129,-1.0098133237657616,-0.812491051967239,-0.7176212170064376,-0.7990229825850756,-0.5933058911256729,-0.43465634780707163,-0.44835527093352123,-0.3868515927271903,-0.4261300417634814,-0.24890377463572178,-0.3139727742691713,-0.3566536883909828,-0.321108994317515,-0.2366183639038143,-0.28215527253612915,-0.4110608005332502,-0.3419972117044751,-0.3413400721345598,-0.3408883962565194,-0.4136249259335166,-0.43176199206685806,-0.29091446802402865,-0.227407943742238,-0.33230042798447496,-0.295015074956867,-0.2554857242999303,-0.18764357158867817,-0.18489562228598316
-0.536314851104314,-0.62661727614228,-0.6319212597394284,-0.6553485187962437,-0.7125259080019413,-0.5940019183658383,-0.7816298382441953,-0.8240250552137239,-1.0750074803324778,-1.0503956156453942,-0.9111685046214862,-0.9163111894733025,-1.109818438797391,-1.0743741236698798,-1.0093279263895039,-0.9699812847374013,-0.8224936071632347,-0.6460386396058015,-0.7039821970215423,-0.55949806373355,-0.3706017386049772,-0.5646843808357105,-0.5374780482558589,-0.3315797235916753,-0.37219472595146424,-0.3293583705508539,-0.3514047250224908,-0.415757066569885,-0.26988150534159056,-0.30583225957939936,-0.3543603948388332,-0.30331911813100787,-0.4276836219231351,-0.40036481468098806,-0.41698975314647085,-0.4114101654271297,-0.2603463713948982,-0.3612078959586104,-0.3569964916999805,-0.2505731221464727,-0.31840161734044364,-0.15842381277336465
-0.5379548012059444,-0.37301950313366067,-0.4632341323102032,-0.4676228846019952,-0.7115521324893288,-0.8644477324463732,-0.9045398690066436,-0.9100680510494064,-1.0375769328873257,-1.0419904144550138,-1.1396293503664554,-1.0450603443755084,-0.9407963192420588,-0.9814174103600554,-0.9461500137914544,-0.8510695340314882,-0.818025774465588,-0.7731451394697478,-0.6299573671642488,-0.6714149397950665,-0.5122158890297102,-0.3660329935253684,-0.4952611482299137,-0.4014753782713054,-0.44738213261049253,-0.34190764851102157,-0.36174974132606513,-0.3645674903635988,-0.459776676229796,-0.3233043545098918,-0.4415208621360587,-0.38204849709287836,-0.3942159383589477,-0.3626600073454815,-0.4157127443842844,-0.3823108325963747,-0.3746206238444338,-0.3015941273597728,-0.35385241970830456,-0.20057265619607756,-0.2748558051866996,-0.27137911970404516
-0.4879911938020924,-0.5975974336869655,-0.4375894870890189,-0.7304376334543077,-0.6412881463281842,-0.7155815861231273,-0.8750974251452859,-0.8234708654844084,-0.9071344719016746,-0.9670370989223254,-1.1022288712477157,-0.993862879200267,-1.036542393870942,-0.9850890382913569,-1.050042515020391,-0.8950730180973562,-0.7583647193546569,-0.7377389740724901,-0.7239869914092183,-0.46441981867501403,-0.5740975899404948,-0.4488935694870941,-0.4669964714139265,-0.38937568171605913,-0.41396206066787933,-0.43525626013498,-0.30525357100358175,-0.4018548047323514,-0.27002618504209686,-0.3697626944626196,-0.34124659817673686,-0.28383975969632413,-0.2814080139730836,-0.37458284474902226,-0.315242574269424,-0.46621781437031756,-0.45323400261867375,-0.30909568745457594,-0.42311331524092166,-0.252945917877792,-0.2875020600864227,-0.3091842445480388
-0.38147142279729285,-0.46672706457179197,-0.4399340343270584,-0.6107046620669799,-0.665105493860893,-0.7817634011058996,-0.7938763883394327,-0.7717477604863948,-0.8485807661595852,-1.0923807782324868,-1.0698547623919874,-1.008877402934572,-0.99439384885125,-0.9402541180753414,-0.9962440880066686,-1.0498461176105018,-0.9030092184306914,-0.775305423514547,-0.662982154570346,-0.5289076686216523,-0.4868269022932311,-0.459398265477582,-0.48837340327814865,-0.510368740958121,-0.48287726146582644,-0.3644559064945423,-0.45314861801703216,-0.3739754441631011,-0.4301629894519576,-0.3368662310203588,-0.4343205774109348,-0.37209949220095057,-0.4570628548288114,-0.40762967104532294,-0.2896045001271936,-0.4551628975817157,-0.32330066162409987,-0.38876160611793187,-0.3987450708814049,-0.29781981266913826,-0.21382954834298531,-0.19519220445417756
