gfs-wave-data.json
{"header": {"parameterCategory":2,"parameterNumber":2,"dx":2.5,"dy":2.5,"nx":144,"ny":73,"la1":90.0,"la2":-90.0,"lo1":0.0,"lo2":357.5}, "data":
[rows 19 to 37 of 73, columns 84 to 125 of 144]
-0.0017439108121135474,0.0025864311203872455,0.0031931728591793177,-0.00014213367863406446,0.01466137027265532,0.006965436950475129,-0.012864517408820586,-0.006471203089157473,0.012206141188453637,0.011172869146654411,-0.019872139122324935,0.002802453367429416,0.00015262500538287512,-0.002411768585565712,-0.0022115742953330545,-0.009846391157220068,0.00020040565176992846,5.1564184512349995e-06,0.003920727307533967,-0.027087846831894358,0.03037449580129465,0.0010719204849025529,0.0008297851263364058,0.007627994086989943,0.006838783129568972,0.015392083272331755,-0.004860487681022404,0.013145005051556665,0.005403301471390481,0.010663150945974286,0.012799572143089988,-0.014077721303212939,-0.006365179363815919,-0.02088306635658133,0.0015039486562793832,-0.01170710734206193,-0.029674461939786886,1.3119288718855533,1.2767829621490758,1.504908624493189,1.5100302784244013,1.3811059341357703
0.0015792557883203744,-0.010927883593469995,0.014142457784377989,0.016260549260905255,-0.016033740420494453,0.011395899648752806,-0.00568265741052614,0.012176961064595293,0.01050310653483621,-0.011968751504523862,0.003435463863484257,0.0024181190580261883,0.0004859185117319078,-0.009860129516787752,0.003366607721982046,-0.008442773501596303,-0.017575425769940492,-0.00014891301913079683,0.0009320311328154182,-0.011714978388524271,0.00282046457733758,0.003892650597398681,-0.0035200851301123,0.0020352483530365617,0.005194231401412977,-0.008513328139061057,-0.019012543276100313,-0.017481766876733515,0.022419006542817397,0.014700125047651532,0.012399188892935396,-0.01314427740419461,0.0033447128609433428,-0.010713736558625533,-0.015631606694594794,-0.013669407565982622,-0.014153493802874478,-0.0004587161020719213,0.007381656154559542,0.015122915430233294,0.002292461371511034,-0.004620507495594605
0.7399610248615971,0.6248606638600155,0.7350724773034094,0.6910843657997817,0.6152143114933138,0.6322870013815873,0.5796694320063803,0.6813742504301991,0.5394315851095991,0.5597112674419926,0.5598011464893768,0.6524683572928208,0.5837790582400167,0.6908244891466963,0.5988595429703145,0.7101463683320612,0.6787059979108011,0.7899039344704928,0.7282005850939667,0.8053506117450234,0.8120609032981195,0.7665981494715011,0.874910055869726,0.8228198780463942,0.8442085073908444,0.8442841240246637,0.8865276673800554,0.8850174753147482,0.8390106863985937,0.7988214232656164,0.9603691337098457,0.8926579271704419,0.966698198790655,0.8395454925763182,1.047011620440402,0.9188017965343754,0.9381777200805819,1.0232661160457348,1.0255892712191759,1.0539171018161355,1.1890131925243117,1.1082739825029724
0.6507387383753778,0.6796264581159543,0.700473433185046,0.7029977128275425,0.7127375839855824,0.5040621088096939,0.6811230550537833,0.5489440600332745,0.6429411675459933,0.7119029164465803,0.7207591620469174,0.5356613722297502,0.6377875435965453,0.6636674393957024,0.6467885635747916,0.6982406383223424,0.726925657923058,0.6474218129429274,0.7003338181911878,0.7768283503696597,0.7758372771541274,0.7131066280174362,0.8171246814932946,0.728501300335122,0.7243171415626395,0.7644154884368312,0.786223514382269,0.8794106764184396,0.8610069827611729,1.0196326214946032,0.8706769087377408,0.8181604122798432,0.8899049836654402,0.8903784856270531,0.9727560977849904,1.0129185591953582,0.9503998008399251,1.0735884270586824,1.0466597388953398,1.0501692763450061,1.0389285266374422,0.9339178839391398
0.8609222742284601,0.7592207835773201,0.8063352263719291,0.7421351123580548,0.7041485116900036,0.6170884585323035,0.535582563202751,0.6850809778543161,0.6235531545993247,0.6115168417703658,0.7232258134047954,0.5520673310191379,0.6704460121855429,0.5562114330494955,0.6744013774171518,0.7427786783232042,0.6315219865489331,0.6270666772561848,0.6256401066935368,0.7107550210606896,0.7199629311496037,0.7079218963673864,0.7210851329010258,0.724992733962943,0.911321149470456,0.8716960834406249,0.950925923663002,0.7614470784044194,0.8330394118537773,0.8897024627356876,0.8609954919380567,0.9233741714829405,0.9147005214320985,0.9972007205350398,0.9419703049275013,1.1222246326266414,0.9327624986189799,0.952509792998195,0.9556003963825077,0.9026392806774498,0.9658829082277239,0.9096358283571024
-0.01725762493672159,0.0013125015887113587,0.012886658607661765,0.009458437323996196,-0.03274990330995394,0.015238319132719337,-0.0008593489837697723,0.011844694080588474,0.017562757662247436,-0.012370314080846927,0.006469838019607361,0.004312667102133805,0.013448970382680614,-0.005987836403078909,0.014967549103550562,0.003258664144863561,-0.013203342456651649,-0.003636184465221529,0.0009049856005483258,-0.009665414376920946,0.02303330016494784,0.024574459781031937,0.018160754356246648,0.00022563939446277465,-0.0013929508117291266,-0.026511785798077198,0.013859859899745698,-0.015138856236748342,-0.0016144652347913607,0.01352708647095412,-0.013886601166633717,-0.0014012754455142264,-0.01140092327760042,0.001664044620863571,0.01516487315797119,-0.011897236104546289,-0.006010943430757624,0.006824687558044079,0.005725498278141395,-0.0027148159230357973,0.0014071275339819574,0.0033753412802545193
-0.6800458900463183,-0.8663629247428181,-0.5867313344322023,-0.7523839835259313,-0.5855429091668843,-0.6171711024152432,-0.5738960217029698,-0.6389843829371102,-0.6678630389144125,-0.5019211194608681,-0.6704367361311816,-0.7025320033538849,-0.6156713646547619,-0.48511400402520044,-0.7002003812427622,-0.621842675569322,-0.6033785813620388,-0.5346949832092245,-0.5536266955392273,-0.4374866103309598,-0.4925528967690889,-0.5729043522841525,-0.46707012942566806,-0.4167273820659319,-0.4067842573454437,-0.4489207639435455,-0.42806635202675314,-0.342746118115,-0.35044179438382556,-0.39376180407614936,-0.44368129455366007,-0.4956417001645344,-0.41731627265957816,-0.356312579659037,-0.3925763677095145,-0.37153227683056406,-0.44821749902398206,-0.36104099242443605,-0.4054924116919275,-0.5183081472960342,-0.3635704759823429,-0.38757284813833703
-0.806550259536588,-0.631293270593078,-0.6775087307519212,-0.6165411142593522,-0.6917045358490671,-0.7908510374539288,-0.7095654512889304,-0.819439789094679,-0.7474232148736031,-0.6333638519791691,-0.7783506666859682,-0.5442282802359193,-0.6760037675274327,-0.6139284361692195,-0.5234067252820771,-0.40279617088421565,-0.5446780618152423,-0.5587323904377838,-0.5442248459648433,-0.503533365648465,-0.36159795353277036,-0.43241788383329965,-0.41126553201721916,-0.39866565863992215,-0.46097085525430975,-0.5203216692207161,-0.45660266918730325,-0.47594666357436316,-0.48735663764307546,-0.3891516643053271,-0.29093603713514027,-0.37783455180192155,-0.315577696107225,-0.485112334132264,-0.39588607465218606,-0.37726114405332134,-0.38193694961262536,-0.44145392275472106,-0.42668378551294467,-0.4503321440900056,-0.3848860916959038,-0.4456127598423358
-0.7783274596108195,-0.8222756214840671,-0.9093951309267929,-0.6328064801333149,-0.7224808323926201,-0.7857352767152569,-0.6761630973010575,-0.6787684102709244,-0.6097267627297438,-0.6591834919919628,-0.8024979089628168,-0.5481771526324298,-0.5447329100184768,-0.43539237545285797,-0.6278118113746046,-0.6602195934241984,-0.5461172301689213,-0.39860999286783033,-0.4581983020557543,-0.5953554846865831,-0.4779704545195636,-0.5517195280016371,-0.5585116576946836,-0.45450844312890165,-0.45997056600595737,-0.3981514154652856,-0.31587730196979663,-0.3969664591340967,-0.42080164130790315,-0.44272249519904516,-0.4542227990847557,-0.36784212384215836,-0.46149406039787155,-0.4096116745925243,-0.4276915065940705,-0.4733801963336014,-0.41819544125526376,-0.4647533323294115,-0.39500660671343557,-0.5297053707741632,-0.39368598037755975,-0.34927312102311303
-0.7656234384277631,-0.864992332439515,-0.8708606756107836,-0.7223269535047072,-0.825785639209411,-0.8402740241637221,-0.5785302085758793,-0.7287625219796584,-0.5850735094015505,-0.7513166873151614,-0.6611666501559565,-0.6424880138086099,-0.6375165347210667,-0.7198077910493379,-0.46258983488540795,-0.5387987278396481,-0.6425587760000337,-0.5343334931424295,-0.589518626765934,-0.41816115960751227,-0.3545433112271537,-0.4355639323452903,-0.5439278692654336,-0.38710494515020366,-0.331349167803887,-0.39856244352069653,-0.45919106840670143,-0.4154472649429626,-0.4311188052647909,-0.30887766816212825,-0.39040846458776673,-0.3517017815825697,-0.41844341898828546,-0.4341729243292832,-0.4013141432966254,-0.4105102057067416,-0.43435878412324636,-0.40639676526862767,-0.4212202687998788,-0.384994279305887,-0.5328331925389698,-0.5419569965496175
-0.9562171460733861,-0.8101181348222369,-0.7531982120371501,-0.6992970987970425,-0.6707527176498632,-0.7014935205865693,-0.6220996208034242,-0.7221140201906047,-0.7224128386693531,-0.7062631610535375,-0.618606026450706,-0.7205985750879567,-0.6617542494115795,-0.49326610043022884,-0.5819399426391405,-0.5465529375519776,-0.45693941571641195,-0.5853583003588533,-0.4411114942421043,-0.43408415827119645,-0.4526156329217407,-0.40234116162916495,-0.5863416396581818,-0.3929698418571751,-0.5350077421226717,-0.33962617843731224,-0.34390016376594157,-0.44641592103367295,-0.3752251801923777,-0.4804693638466409,-0.4601337925412509,-0.4697640621492384,-0.39787825756086886,-0.5594995892010565,-0.3848675624478354,-0.4662220183062965,-0.4316502764985324,-0.5252194542524207,-0.5532747930665107,-0.4905249470794676,-0.3527935808464635,-0.4187854487945809
0.004375372735110682,-0.0067923961109674505,-0.038342206724915055,-0.004117178649135856,0.008021585165051172,0.0030172180322479178,-0.005983754658152724,0.0014624212020109871,0.007804588289655442,-0.004554747848127054,-0.02165246024493399,-0.010686995248743345,0.009339477963941864,0.007028582086454855,0.010090883454438317,-0.004672482886555925,-0.0004388857169796599,0.005261948287805245,0.003301364052672649,-0.009961893162699057,-0.014797474892599733,0.03525377894803132,0.028095504370336612,-0.009266744310861977,-0.007219509277164641,-0.008113142918060397,-0.006921841216094858,-0.006196232749965217,-0.03339832693777372,-0.017184645061780843,0.008337057514608842,0.025308281263497403,-0.028946962679029534,-0.010029714323049313,-0.01136933572195332,-0.007940708239347135,0.0026547294571116083,0.004223646483264513,-0.022874458473579957,-0.008602049230317588,-0.0037779718695544915,0.011677002574312971
-0.4582046028383334,-0.562060493498521,-0.6916749844270427,-0.7676130962164645,-0.5368880944941097,-0.6738126738930574,-0.7590682203684125,-0.8330972869846135,-0.9628552863373241,-0.9950753108511792,-0.9268570811795567,-1.10515007408693,-0.9280685022353139,-1.0057376050590068,-1.0281085670237942,-0.7438710495217421,-0.7634643008589536,-0.746514170889863,-0.6550175151926428,-0.5915002099963172,-0.49500740549784356,-0.3611807355023782,-0.292744393875439,-0.26716588617510684,-0.36491444252572675,-0.39268112681857675,-0.29998792319128526,-0.29705151314127864,-0.21393110800552548,-0.3719834960339656,-0.38064334226783264,-0.2908826824373471,-0.2715356370006007,-0.2486070839161643,-0.31496817672100946,-0.22642145322005724,-0.22024461104379398,-0.22074133291669643,-0.2606609118816747,-0.2450076372246659,-0.2784175528366031,-0.21691651285353072
-0.5808220644204987,-0.4997741881264216,-0.6658696547919841,-0.6079433820130475,-0.7210750483958018,-0.802530366311764,-0.859057558095311,-0.8212125579566548,-0.9473895252227188,-1.0734776639048,-0.9619999750814641,-0.9811339830437209,-1.0005462873721094,-1.0602084537199927,-0.9733057868110793,-0.8575227174255217,-0.7842178733613087,-0.611509587377414,-0.5989892542715799,-0.5889959879723929,-0.5103267982711955,-0.4730301947611419,-0.3464312118404644,-0.3756329832681387,-0.3681905502129956,-0.28702178173426385,-0.3486577825646329,-0.3345047612375771,-0.3113176081965958,-0.2877300304297871,-0.3393671055440439,-0.2940629745656167,-0.4452005631328541,-0.26182330796664555,-0.35764548600443713,-0.29922236308187217,-0.331030210416736,-0.2676428423582758,-0.24451857987071854,-0.2695714341961914,-0.32369441554492007,-0.2903758843936055
-0.39598992013305423,-0.4282130110125571,-0.6052472413362144,-0.6155878180651554,-0.4801760253004159,-0.8008649909809022,-0.6367113476045773,-0.8155069321413425,-0.8412199432105706,-0.9124569858847564,-1.1202000325288093,-0.9437529717585275,-1.0922268871982237,-1.013029537568647,-0.9216339004284423,-0.8483879761821527,-0.9216309621858867,-0.7835954065530278,-0.6504250797466227,-0.6154622831084681,-0.39093643164828135,-0.431923314036369,-0.5197351123406584,-0.3536097325460754,-0.4081282274819558,-0.2162135685901929,-0.40452821772183023,-0.24617628136272413,-0.34326080918704543,-0.32228705706352756,-0.39047475763631234,-0.27983856697027903,-0.33270960091246243,-0.26914534429319475,-0.2742766298630672,-0.35093989714952845,-0.31325083233604134,-0.25260087647438145,-0.2045489671999152,-0.26254191335732213,-0.1701950203320457,-0.19810936239842805
-0.5718679212986355,-0.594016564459167,-0.6914848665295344,-0.4609415861796352,-0.6032894087889185,-0.8067413087775301,-0.8396505327966005,-0.9526951512545513,-0.8578488895474252,-0.8798776820641969,-1.0619428442177796,-1.1196458767761532,-1.088603891081365,-0.9179768665607487,-0.9574869694583729,-0.988507073640085,-0.7954114514832255,-0.807386699999908,-0.6510734492563321,-0.6753320463704064,-0.47407581975502155,-0.5748868742075673,-0.3652506864738507,-0.398265063667019,-0.30131323849132957,-0.30130418925341546,-0.3945667010762971,-0.3727946534843358,-0.3724740804494486,-0.38974570629332234,-0.38340604339952594,-0.38578932006202443,-0.3972601005831347,-0.4184545201359049,-0.2994925722946309,-0.3235480115873169,-0.4197571324755487,-0.29155563653117095,-0.40128158215506665,-0.38125338535195863,-0.29875702670457743,-0.22232857607940015
-0.46486152071133063,-0.41824882143808945,-0.6394735447031089,-0.7475086344362787,-0.7035962560897192,-0.7043737535280167,-0.7783403508441522,-0.956155127544854,-0.8712307647583621,-1.0769675625066972,-0.9921423096382352,-1.0515655075605628,-0.9539142587481106,-1.0217238056565539,-0.9986671010819816,-0.9578981494739612,-0.6741876036410829,-0.8064094834056377,-0.5228201497749091,-0.48274290730232344,-0.5429598562922361,-0.5110453005344519,-0.3405323306573762,-0.38892306171888297,-0.3222221091607586,-0.3526974821215563,-0.2818435585099439,-0.3109765372581347,-0.31726683078517354,-0.34054057186352543,-0.3822592868897914,-0.3886979927914552,-0.3523855649088966,-0.37807696460637025,-0.3915846618133468,-0.2966788863238021,-0.3683898551663993,-0.4022651580870486,-0.3178477384714334,-0.22352768686812186,-0.17608904035817813,-0.22985265972022279
-0.5127354982065534,-0.5040255688729683,-0.6694989259106044,-0.5233846357059498,-0.530827594713552,-0.7636860494495067,-0.8598394632329168,-0.9950492059133542,-0.8973443936836082,-0.894506540434853,-0.9789011519832103,-1.0604198592277216,-1.0314096736860325,-1.0415387831149006,-1.0359252520818267,-1.0523476781286447,-0.8961827513263403,-0.7101653198005035,-0.6769315809442045,-0.6196443657959394,-0.4703516768735769,-0.4496748270628392,-0.4918151059297096,-0.42304459238255926,-0.38211463903379445,-0.3004727300081892,-0.3357431562050159,-0.33102516028201195,-0.3514905791417297,-0.3741951908974197,-0.3161567519231564,-0.41696911090078065,-0.3345000932797558,-0.46358408812501783,-0.30229083725693734,-0.4351846127394274,-0.3423580584346852,-0.2495983490394259,-0.23798105420956614,-0.33218925154867324,-0.2948649678679826,-0.2946630759441696
-0.4769613630532621,-0.48941588224751037,-0.5596745383062864,-0.6425407530030047,-0.5381853608631709,-0.635720884762638,-0.6834084393744072,-0.7390474777132858,-1.1368935131347513,-1.1339483450071868,-1.0161851701836404,-1.0276531115904326,-1.1210146362766775,-1.0031355263348078,-1.0822631644017544,-0.8735929250623237,-0.8413679021160859,-0.8547084818803694,-0.6051280024564548,-0.6078788454984264,-0.5227743799984236,-0.4182651482203295,-0.3196089661283921,-0.46563894623916874,-0.2308690849901648,-0.37654177491773855,-0.2362135793825894,-0.29320126357771253,-0.42232134034923435,-0.37769526458522323,-0.2921927597589053,-0.32735991175417417,-0.47968798111776845,-0.36264134890352173,-0.404432947275525,-0.4666948086140482,-0.34989917505447354,-0.44293040626323604,-0.36144270029150394,-0.2924082631621273,-0.33593782135992384,-0.37051207983989515
