gfs-wave-data.json
{"header": {"parameterCategory":2,"parameterNumber":2,"dx":2.5,"dy":2.5,"nx":144,"ny":73,"la1":90.0,"la2":-90.0,"lo1":0.0,"lo2":357.5}, "data":
[rows 54 to 71 of 73, columns 0 to 41 of 144]
1.9504625173871997,1.940886424024174,1.928727337925524,1.9591721863287554,1.852741577897981,2.10746556635749,2.0559702363600927,2.022765458543685,1.8663385476277952,1.9772213214436667,1.8811464948381185,1.9900884590858252,1.9350241772902628,2.088086625226373,2.104678283760186,1.9994791859441488,1.8581714630442914,2.158072149242798,2.048151417642723,2.1030120870282425,2.359734359673604,2.0611269871909257,2.192526907066172,2.1223545259449663,2.435312504777945,2.281683756187417,2.3829439272785917,2.3753614337588513,2.5096231785857586,2.583926378555501,2.6267922258473284,2.4151863487249017,2.6165444182375723,2.515604097800274,2.570507684627346,2.668648710741949,2.6700921633414145,2.6778426946854603,2.5483468244478784,2.691666031769659,2.553694077724348,2.455278537188121
1.773315098353388,1.9444413251645256,1.9344426433476092,1.9057457294265736,1.8152677395038779,2.0306393311270243,1.9379370828768012,1.8702431964779362,1.9672038111767636,2.132935856567148,1.8728570996245835,1.799898003072032,1.990981989519697,2.007707100916758,2.146582650458173,2.0001408162398477,2.0680891668406196,2.029595045742987,1.9057985287765746,1.8879991753956364,2.0753297041359153,2.2406724812575725,2.069976491802776,2.0200241600439908,2.252059987511354,2.4158791049465536,2.2878228362356134,2.2931679013894293,2.6084256840963795,2.5874329054273546,2.43401990528347,2.5138872166336026,2.428480478721527,2.664421811588594,2.683015011951938,2.5516690046664703,2.691679850510629,2.5678166704451417,2.7090412574351728,2.4794277834083216,2.647891478689005,2.53766957654218
1.8804678752701063,1.850609428866498,1.9263907812220868,1.9368676868621861,1.898932741590206,2.033612528556942,2.03728444765079,2.0738179821819798,2.053264521635861,2.145857127165239,1.9114809949679312,1.9662615679238724,2.099687049218857,1.8815457435385323,2.1136228844698355,2.0711030283401195,2.107617207749587,2.1239019052350936,2.2996736352045004,2.1997801595706536,2.315775159632056,2.1939392790683105,1.987928094187272,2.001781273098276,2.0816743582265453,2.2003523803875686,2.1493992128049904,2.3533842155455833,2.4280499123378174,2.406894356056454,2.4063070151272092,2.5883445783613728,2.476482974461981,2.5318531663804555,2.6107539765592285,2.5072591380209484,2.4786371107520786,2.5054090808824094,2.554773504247512,2.494818402061625,2.6306137284360305,2.4586995643790037
1.8253584536554956,1.8587720059775492,1.846513053115274,1.8592396914965368,1.992674231898037,1.9789976790794643,2.013115961391855,1.8284054059810637,2.068873540121581,1.9711183255358047,1.9308247747362604,2.0913083318875003,2.1376559321602446,1.8410402137403477,2.2168223784496237,1.947864641741048,1.8909047598836402,2.078010224945171,1.9957881167988032,2.105027930820138,2.258014062638283,2.2295508159982216,2.0289081751889375,2.1350522579933893,2.380744402604233,2.1696202044425563,2.4493511834693757,2.481363596336383,2.2382257369078165,2.4381031135489404,2.439805342241597,2.486768834390265,2.5206728656316297,2.492113228509347,2.6286208852966433,2.5666525068255477,2.530730298261957,2.522223308737686,2.632049193355441,2.4822998708709068,2.4699325631929288,2.5288099693912005
1.8099582947673132,1.8033792623559683,1.8554625736139798,1.913645848305091,1.9262037645140622,2.081855779967999,1.8198660533347604,1.860715124862858,1.9840532964187891,2.0714727793745076,1.9952112889686076,1.89962617072527,2.1863497103484226,2.1576546343934275,2.096302762028675,2.0784010757746323,1.9314867156126234,1.8917480047491615,1.812884583087962,2.116165627976501,1.9495955491416619,1.924445702285949,2.161537859859061,2.051456923554449,2.3382758122657443,2.3249128249406117,2.472531931975636,2.440010244509557,2.385362131433762,2.4242392762395486,2.5339242461531493,2.492554877814718,2.66080845466914,2.683006748397117,2.5537506413130036,2.679005602427418,2.6634826429782748,2.5706443804698518,2.5770048155139396,2.628688599596622,2.5832322473431346,2.5306019773683035
1.9408745001494627,1.878331926559692,1.947005440610734,1.9290383183680107,1.957671732249648,1.8258179933047545,1.7979136213381754,1.9483305710132979,2.008468779438052,2.0183503838848886,2.102378512053248,1.8671017590573147,2.0280621427097962,1.9821653407111541,2.0899811121866314,1.9300332865218195,1.8736476261935402,1.9561368889589934,1.950889018809136,2.216364266675148,1.9096889070309309,2.334055644868769,1.970661828280467,2.2166945719797755,2.3257058092230194,2.428736567757777,2.3468833206897486,2.3151442327967744,2.4692498638995772,2.473954615527026,2.401117095049034,2.5343913414108763,2.6240955528852425,2.500601855470701,2.613672751109409,2.5665666147639126,2.4796370044037475,2.582239171568194,2.615766518473283,2.5700038067988227,2.663892056485363,2.3538067554663575
0.00807795691112902,0.01199644648080709,0.001837962654510292,-1.764884814699041e-05,0.020226767169280922,0.01350636357958589,0.0008373478304655747,0.0020505644967310638,-0.010116248806112069,0.004979329788123368,0.011155247916767582,-0.0011560034630604353,-0.02492090630235774,0.004835464787125676,0.006663652199191381,-0.00641705051182327,-0.008341889689027117,-0.01571451412725699,0.008659239247436104,-0.004832955134337183,0.0026723878238878542,0.00954598082297386,0.0019389785133082772,0.004728798817545118,-0.0037463488930797604,0.0026775260784009827,0.012507293688586938,-0.0029314854451127125,0.023147345604505046,-0.015682789535098038,0.0006580086911211007,-0.005457473550954783,-0.0016367827406064664,0.011219763105469734,-0.01494122112543276,-0.013655256476192071,0.0012406709033862629,0.0013086477439240424,0.005237720892725579,-0.008660341184706674,0.003716136497511293,-0.01813245489847052
0.34243547324716717,0.34802146288204405,0.44901599193874003,0.41799407551625095,0.34022538193071145,0.29884945959406367,0.29222953620763276,0.2320234472504017,0.1630582892616611,0.20158217522844973,0.15192271468066118,0.1412737492220796,-0.008264559662849946,-0.128695148902236,-0.15389882077396613,-0.24825005119551283,-0.213930890473477,-0.2784473734434764,-0.4740045466467228,-0.48702442104101884,-0.41949758780548463,-0.4715403482744527,-0.4539253341753345,-0.5768422561078902,-0.5122556206379775,-0.41692108677177037,-0.4795153686971549,-0.47603233204278583,-0.4612012289109569,-0.360221002404267,-0.30698519115651096,-0.2642148212612519,-0.210867932271245,-0.11694456399386005,-0.12769597651694878,-0.04210537944705077,0.0015635080260566075,0.015909879475208322,0.053109754819473616,0.11604081109471916,0.09949858302035935,0.1325219295621268
0.25687882149056873,0.36287705111663043,0.34668786388953676,0.4199862614692724,0.28691268786814794,0.3631491919221786,0.3205510666907135,0.24572187861913175,0.2466990730717543,0.159337258038333,0.23091494301747217,0.1474000553202217,0.07888536624715006,-0.03573891782973594,-0.12012233285926595,-0.2951735995023751,-0.28491153789043133,-0.2872345302960287,-0.4247794099413938,-0.41019738124623917,-0.41783375726051175,-0.485853975354374,-0.5246842231932002,-0.4336441385192477,-0.49602672655091073,-0.44987660955316006,-0.4252939412390704,-0.4896952610577461,-0.5239294819482581,-0.3535145396912722,-0.3337752782282615,-0.320937472857961,-0.18114951624156178,-0.19088390082455237,-0.0733341618768702,-0.05858516525508074,-0.04687343601401759,0.037074891246545096,0.02672626682815478,0.15062957310567213,0.08044007726486216,0.13209098703855116
0.3835930441554905,0.3237385535216939,0.2606267450219176,0.38758146120127385,0.464310653754951,0.2779016482706292,0.3156442939660102,0.30916566753266134,0.26356267960226115,0.21339235890512673,0.07917589491490731,0.03869296444851297,0.04487388330679721,-0.023197316324962237,-0.05350850665516069,-0.19709623276712754,-0.25971013303446633,-0.24496523059668432,-0.3608525405127483,-0.46366499979324255,-0.3882936616994808,-0.3986981311932718,-0.515383329860506,-0.4174716232815116,-0.5862650322578232,-0.5672478451791011,-0.37385835340263746,-0.40669580669976785,-0.4677789342930123,-0.3431300482377715,-0.26342518699004497,-0.3018996261991802,-0.26690861455398246,-0.2031784834171796,-0.16329279383401527,-0.00618434041327842,-0.00381144619847684,0.07661725159723963,0.05128938632403508,0.07133209657069974,0.116004283999789,0.09020758278294372
0.3566126198037012,0.42564249565052314,0.44510608663723145,0.42234703138305296,0.35668465891264556,0.30753228625829626,0.3399596468355399,0.22280129337506133,0.3822873855056129,0.21588171289440125,0.1752980129984072,0.04248423180786571,0.07915146286792879,-0.062496107350603826,-0.061541141479783686,-0.33306558075567055,-0.2034992697279888,-0.3796353988968505,-0.42032763775335036,-0.4416990543849605,-0.3817239764200767,-0.4887463655846515,-0.46218083195952697,-0.4299333358652965,-0.5353458516722025,-0.47630771651444137,-0.35631274836833066,-0.5411179078154736,-0.31356836548153266,-0.26117643568690063,-0.30745223774895497,-0.2588990545802142,-0.22611876424552185,-0.1716882893967154,-0.15639960981658999,-0.07616370969111978,-0.0177360451408405,0.009865934922244638,0.14660246517448694,0.17418509027172432,0.15258567360852782,0.15171925541761774
0.373665306765589,0.24868818248649482,0.25985974668581524,0.3744880504408539,0.27767636334942897,0.3062808648361791,0.30666524695538544,0.25925217359378033,0.21620314680097932,0.24285464345516328,0.10447791217186224,0.12686202433975102,0.06286089336686754,-0.091290834632057,-0.07274823781856486,-0.1951855178180799,-0.4143535681801475,-0.3731568094569488,-0.4792484837036587,-0.43806759303665244,-0.5674338575591932,-0.41492037319873665,-0.5616555839358207,-0.5810120493274529,-0.5095755411324511,-0.4300850322870087,-0.5106951708646652,-0.42725624140390406,-0.4517680384390048,-0.2788087560492607,-0.40004039203616343,-0.2847335592010331,-0.22109967417166934,-0.22630498343932198,-0.12400139173317493,-0.09815275950582009,0.07113748008631572,0.08750533175991468,0.1381065526763536,0.06295073826428876,0.15989186451067705,0.16006361937115268
0.3291259076978604,0.3065321711380243,0.2904470928500855,0.3433200526964476,0.4184484161891823,0.3461188000491361,0.39106738704918786,0.18667557147602395,0.30045540414905203,0.3054912182012343,0.10732081619525739,-0.011774370398363477,0.0837825126870487,-0.18524356617969354,-0.13588271796349605,-0.25335385015292966,-0.32584985705059477,-0.34357958607666544,-0.445539144686517,-0.5377862868692971,-0.4551145400350011,-0.444052560612771,-0.4722910664260485,-0.47138890522681426,-0.4527608049202391,-0.40711378456225117,-0.4334156000015174,-0.4350096515169983,-0.5363630348347759,-0.3814685147000583,-0.2942934888795917,-0.20423426386523297,-0.2521463990225443,-0.12826640557389235,-0.12899084400473307,-0.03564208392355556,-0.0436578447045021,0.10302125692625458,0.12302250282424954,0.16720582592414365,0.20365513681778116,0.23657619498150198
0.398431968118597,0.34107841615287354,0.39385001417645543,0.3205845327202235,0.30931873656769937,0.32068709619949654,0.3221628183125092,0.2307156365945149,0.1818832477979414,0.13198716501304117,0.06304715034926152,0.12117782259571509,0.016723145807690173,-0.05215819665746333,-0.1997001294401315,-0.24896430434551658,-0.3119359872534689,-0.40966933637368125,-0.4139963779783267,-0.3946811407168474,-0.4826852131269882,-0.5495389266188822,-0.4353685848078674,-0.5455187850067665,-0.5683943998285618,-0.4417701887214487,-0.38679507314104045,-0.39274679782874083,-0.41307616537413167,-0.41378024862326557,-0.4386952263503594,-0.1817226089027935,-0.15680171564028078,-0.1848956180666119,-0.05855737375469728,0.0016878722143614051,0.06755221787738633,0.03152898425056562,0.13323413266313303,0.12595498268714816,0.15444586236756627,0.10962552195637415
0.3267132360129551,0.3542640536732883,0.45904049066648034,0.349717997008902,0.31205490479592385,0.3013400059524493,0.38471550299058593,0.33892392736090526,0.2378089395648134,0.24851248803813708,0.11392974668581674,-0.002170707237450146,-0.09798758131219089,-0.01056276187477146,-0.10697309734531853,-0.16916462118567646,-0.21810893069280923,-0.3473209871127925,-0.4373941305341516,-0.5529596495340985,-0.4681143501655599,-0.6257909836773409,-0.5109791909116562,-0.5084267306604352,-0.44743704166796333,-0.44235692023087747,-0.49461835367078094,-0.4420295878257489,-0.5223892724542318,-0.4391640333177145,-0.41241013951580174,-0.24632199437894534,-0.17879045693558282,-0.16689368225347234,-0.15178684769959613,-0.06670221436613501,0.037220813335906454,0.07955246541481302,0.03812960632557749,0.11690408543774447,0.16459590820758302,0.09703769001161572
0.40445121855462196,0.2620798925258641,0.3197918153956547,0.27719461533813033,0.38579840674063787,0.34576412713208027,0.2766308118214181,0.32231653928572146,0.23482532695610336,0.14041637399609208,0.14172466689230273,0.08401077464388866,-0.028205593156768353,-0.14968890771308438,-0.14653210176639994,-0.16479730519361047,-0.3390383678969815,-0.4441373073719022,-0.36599401621275107,-0.4585686177111486,-0.4826653090811061,-0.4725921353478888,-0.524433250762541,-0.6452103634840541,-0.5316291160346465,-0.4836721104469225,-0.570283608271018,-0.49755295684971845,-0.4430461309766322,-0.39561768288740096,-0.40359895988606653,-0.3451138335553786,-0.20530915970349936,-0.2545313876685868,-0.14562614287637574,-0.01253532908490148,0.07325063637718648,0.02516026814927937,0.04669133533760822,0.1558805161245916,0.17391121780642746,0.18257248002895135
0.3628247840894118,0.26854146387055383,0.37893097629516004,0.4456641608232579,0.43233085328943516,0.295188607437747,0.35488229808020977,0.3809646438991231,0.3027492603256029,0.14695677560775752,0.11190191689608028,0.1259938983846275,0.013741359936210363,-0.03779735950344087,-0.2541749665675448,-0.1659785429853277,-0.31847304236608426,-0.39860416426701956,-0.33505044343287027,-0.5541446196422848,-0.4773642241015575,-0.5197368408785382,-0.5274434225218999,-0.48124531324161174,-0.5450711339403045,-0.5300804440291026,-0.42407615938906995,-0.5215809842159748,-0.41808189919607597,-0.46242646439489904,-0.4796709061805684,-0.33207995021169895,-0.25983659771200074,-0.25477739848690184,-0.1867279544109317,-0.11240612393883076,-0.03865343811406173,0.039989642864402535,0.0876122284549261,0.12392216046998158,0.20225974407004788,0.16784839848014718
0.35885661678727815,0.4498418730106721,0.33354704582325295,0.39257768917552477,0.37684787201430725,0.30257715959624965,0.32086677557021714,0.35526372516100707,0.3136652818724087,0.2843186214157809,0.18520165761010196,-0.00013804403175282434,-0.028412566450770293,0.0033018581349927487,-0.19168796927343218,-0.18168222087054117,-0.38519706169441165,-0.3281653925855522,-0.47472623609694375,-0.5937287614424879,-0.46293658702823964,-0.4161075903032099,-0.5749384660530991,-0.5365622724977173,-0.4365448945867454,-0.5114902318381433,-0.42454380695395755,-0.44608821298969414,-0.42243877557862114,-0.49143872416871875,-0.39609350184740894,-0.26424018387570974,-0.28428100109481963,-0.19031420012263073,-0.12310109870405507,-0.07860363745743712,0.04824863277673483,0.042778258421670746,0.12786975360215144,0.12676587335741707,0.1004133780965846,0.1455326907520504
