gfs-wave-data.json
{"header": {"parameterCategory":2,"parameterNumber":2,"dx":2.5,"dy":2.5,"nx":144,"ny":73,"la1":90.0,"la2":-90.0,"lo1":0.0,"lo2":357.5}, "data":
[rows 0 to 18 of 73, columns 84 to 125 of 144]
0.02452924800407548,-0.01207890574205511,0.0772762282955118,0.36918365368700057,0.32328584802821825,0.2612211525826758,0.49661085463866855,0.49545570563424507,0.46137503121058676,0.5811726097948497,0.5556767163658761,0.4289238435526651,0.5296020698978048,0.44588904063477924,0.47192153516247043,0.33968356418504103,0.3874239600575748,0.3299819086430947,0.23689058963154713,0.20114675125909717,0.2815379640767748,0.14828262592572977,0.20426885257886157,-0.005572142052257358,0.04269827308861466,-0.0007234171939244777,-0.1521020822254595,-0.06877092194033442,-0.13272059013497922,-0.10517099566905609,-0.1705539775761977,-0.13577918484817744,-0.09370900969450774,-0.13960847094836745,-0.1198408612899089,-0.10879025764886915,-0.1745058858362049,-0.1462957257925506,-0.06969654914603474,-0.11328940329705593,-0.15795029285011988,-0.11989925420848711
0.008128045190607312,0.10543436445236366,0.24836264029385113,0.22689183048409692,0.3063288005180568,0.3337717895253758,0.3957870742050459,0.38766158691364777,0.4728619672692348,0.4852256038759672,0.4453485115782317,0.5140112783766551,0.6065695777870668,0.5235334317708643,0.4449720141091834,0.4436219335746812,0.38718541335315665,0.3748569033911126,0.3417519908102326,0.3473693029744567,0.2582983886906653,0.16929562046963975,0.137569671087774,0.10107732297829328,-0.07252683362498333,0.004361837812384443,-0.10776338113106469,-0.1691933859651619,-0.11582396412088149,-0.181691198942097,-0.23067431334529254,-0.11336237026253058,-0.24251531784546698,-0.19796440321190306,-0.14419442133804936,-0.16259068403388371,-0.07522597082737817,-0.08415497821111766,-0.11049114133516012,-0.05214878168852515,-0.1142933964306086,-0.09687436951364749
0.0316624410351622,0.14478435953279672,0.07815051777585746,0.29078263131383314,0.33184767966913253,0.34403720672950244,0.429003500612694,0.3923693987971746,0.4354924676703485,0.5229607882685148,0.42041809807324704,0.5169847379759288,0.4079227969106072,0.5635718708037356,0.3738263778606436,0.34915624194160466,0.3150522261437473,0.458765302279756,0.21771203788337562,0.2814125323537605,0.21076730833338725,0.23322575479796126,0.17824874582178352,0.08810914129864829,0.0015802137701215258,-0.08121677222072901,-0.04532740328847033,-0.1095640547660539,-0.10165659296297797,-0.14660520982626452,-0.0989467515287651,-0.11390083158727377,-0.2002391174845818,-0.14232336709917207,-0.12430644472406122,-0.13824361582119088,-0.10976676263028115,-0.16288642039902892,-0.18004882818732174,-0.07408454262981191,-0.09363062193484377,-0.10641515042512767
0.021955804688758955,0.06400691424560377,0.27160074913625903,0.22485984105183612,0.3276257524376471,0.4779904234140627,0.43905160835012896,0.4231537597991562,0.517028056636692,0.5348930473728475,0.4102559266573297,0.5260798390132447,0.568280403527786,0.4495401905258141,0.3941770212536228,0.33125651938944617,0.5021492657042401,0.31168918444558946,0.3804435692915303,0.23946120432797222,0.2433654033375413,0.13570649121684739,0.07236174767001786,0.011107064295854495,-0.027118082189706856,-0.024987816909856325,-0.15034163266692802,-0.08118330689011755,-0.18651257190414147,-0.19067136543041546,-0.09971538622058977,-0.1951318698325933,-0.1493402761183427,-0.1754791643508018,-0.10681365085284655,-0.15450048862606405,-0.043372719436378694,-0.07971526932852797,-0.031110110434221825,-0.029725015955811944,-0.1074372307004134,-0.11988089875526473
-0.03572250630908108,0.08688056266520744,0.17068356513558067,0.18563929512475227,0.30509284206259624,0.43877129347734156,0.4162583787578758,0.4293523499825457,0.5278981926680186,0.5093599199205384,0.5567316217765742,0.5299626904253375,0.4928435948540988,0.4580998643456077,0.4927067056028294,0.4727025307023762,0.3676176910836846,0.4231949599304813,0.31875684255372533,0.35995102955473773,0.23396957961699835,0.20630768746068684,0.13093516978719744,0.09694541954684112,0.03696843471285803,-0.10127087455569247,-0.11561392604722959,-0.14308428290785144,-0.1278430754787706,-0.1551553224408887,-0.12717600346071803,-0.20811082330409836,-0.10360292317030527,-0.15444213784803848,-0.13471760404022912,-0.06206585561006965,-0.2201140778195029,-0.14626529886604855,-0.07551444029061222,-0.12445881732168625,-0.05167686708920596,-0.12035391697050911
0.037566652701964784,0.012726826915148436,0.16278255237465736,0.24171366931111313,0.28421865342411284,0.41764899978395503,0.5069832908407943,0.5035332150454254,0.43841121668958727,0.44771795407938947,0.5609383043162767,0.4835814655667497,0.5307843052948903,0.4488957580843992,0.5477153312299818,0.4539053868829578,0.4507226820433382,0.448082115861596,0.26548992958633666,0.18775031344572407,0.18208387019203734,0.15540684198641824,0.12464773572770702,0.06555101864406634,-0.03468841779511977,-0.04127205944696174,-0.041599819157609026,-0.10925607337810056,-0.09849743680164298,-0.1274434219144469,-0.15049554794928588,-0.25253252690371614,-0.13225756790704643,-0.18608461458718348,-0.19319159707531178,-0.11013129221587123,-0.15480176224448755,-0.19838912182093685,-0.11077796343906596,-0.020017137177634797,-0.12726864842657995,-0.08405151674618022
-0.04119438041641793,0.09427088450385775,0.11048839373616313,0.26097348481497434,0.3905991359323548,0.38864556120776833,0.4159136893101855,0.3589824393945008,0.4329637855942811,0.4720654458978685,0.5760685712130733,0.47126485284814523,0.5878019902538824,0.5207648077516626,0.4491254050163826,0.36508023545888035,0.3269152573914587,0.40109580760413827,0.39586667631718814,0.3299178926673819,0.21166607785530672,0.18710916670331287,0.11943343161250795,0.02842948009581929,-0.04163838460175924,-0.06594624823701069,-0.10781456649293295,-0.12288946359041869,-0.1559870960257532,-0.1082320740880696,-0.11890455392220449,-0.26145416997737375,-0.24451998919613532,-0.17765085050233229,-0.21355830060797926,-0.19210455532813756,-0.10774223831007128,-0.18932665618218741,-0.035115418357535136,-0.12802786502439326,-0.10736953562264623,-0.06819075999025041
-0.03017945821795564,0.14793090180087565,0.11275144200871187,0.2798374611479793,0.34393963233021374,0.40954843216892994,0.5118964189154678,0.47332025587777005,0.4512133928140164,0.5208702275879513,0.5351749148621343,0.6208176268889628,0.5040094939205885,0.5929024699774293,0.4628101686024875,0.49795269759293204,0.3570929714314977,0.37676035865649066,0.28290770159861733,0.2948683410031943,0.16091652287450292,0.0985882504794192,0.2031227157671402,0.07930174495667942,0.06458175302776309,-0.1002254341878129,-0.04806088444722643,-0.10734407337931277,-0.09108834471989607,-0.16770101216537261,-0.1420657620667626,-0.19745372680481396,-0.22104970007788977,-0.23166696956369473,-0.1077301291339009,-0.2056893682529432,-0.06648096872248635,-0.10733859852982836,-0.12916566319294054,-0.1785165759668208,-0.052820045990399085,-0.04796760095079507
-0.05499936272762797,-0.007956957751450545,0.12218099485730265,0.20274237164657133,0.19730720285759112,0.4606372218049071,0.5426192600476426,0.4849939499767202,0.579310024613619,0.5497033882802855,0.5541716417479235,0.5677147295890771,0.572011169949577,0.580721283517554,0.4646306501654694,0.3852011626721232,0.3653992944443968,0.4590315178072017,0.4104302918144789,0.21828909087371137,0.3096488174973105,0.16772686193731973,0.18627519430136677,-0.01528509824948141,-0.017573405678199074,-0.0915223915654731,-0.09784158239584406,-0.10063213785083398,-0.18901142919211117,-0.22023047231072115,-0.10633966342329998,-0.12558920754968056,-0.21682952871085573,-0.253299805227885,-0.09601323014269385,-0.10556589705398418,-0.1310315245563991,-0.15597809078407746,-0.13109738290998693,-0.17182047880018805,-0.17997693209015633,-0.16365174098538743
0.014040337252670875,0.0952149727270953,0.22718911246129347,0.23011634681268905,0.30060443953053684,0.5046490298588127,0.3278411671591069,0.44328575896735367,0.5698557350093761,0.5008748949123966,0.661987461894266,0.5763627699526539,0.5060520498808,0.5541019588380275,0.5521320176358253,0.47429193181422036,0.4416950844613329,0.30888190445646857,0.2644980070322661,0.29523030807859074,0.24327514172642473,0.2165931115894748,0.11004105011889015,0.06455512440652543,0.06821477000594928,-0.0568009838685213,-0.038024826322839586,-0.12221898546499592,-0.21574794417901008,-0.24615563700802276,-0.21687240638917465,-0.271913508836445,-0.2334957060332918,-0.23098509466589134,-0.21655754225292356,-0.2269730452367511,-0.07644539760076721,-0.1413704935943264,-0.16685751317023695,-0.15323816365807852,-0.12519028001214696,-0.06990619875866964
0.008952570290506579,0.07120607988138368,0.23155676653002263,0.2664376196135128,0.3218312862785435,0.2577013707638253,0.40162625000801455,0.4465502615365988,0.42296436270693216,0.6426653958142563,0.5304004057085157,0.5623311549374105,0.61589959257639,0.5842764891346088,0.5881026691472575,0.5485492546808907,0.35524084056917704,0.408794209896673,0.43564744719381043,0.278840028610912,0.28912884845980813,0.20951214389407194,0.06723313764365145,0.046904504363676124,0.018619462484167956,-0.04134982888207638,-0.11195914467515848,-0.14042328215718866,-0.23442041495084637,-0.13294089145830926,-0.23466833801617923,-0.15012420361675183,-0.2193362831941316,-0.16532049305705498,-0.24654416310395355,-0.24733737461175861,-0.11522842973735029,-0.17856361193729453,-0.20330130571023625,-0.06657018107954372,-0.17681512140053365,-0.18308290044921208
-0.05484333787375724,0.12657178216327974,0.06475072712820007,0.34184982185211205,0.3818206650044756,0.44999403454917947,0.38181893586183513,0.5232704155307303,0.5627542448426565,0.5411547350427494,0.4919475557823327,0.5180312127732756,0.46459761759384666,0.5286985996156451,0.4855970074188822,0.44786561633134425,0.46728748362848443,0.3438843936725919,0.4058639726773265,0.28500427966938574,0.23500733447195185,0.2266345054862569,0.07263812437508828,0.05662211191922235,0.023217229029285955,-0.1283414133952991,-0.15839750161375038,-0.08696271636881055,-0.12732332652274234,-0.11275815054369452,-0.272867999524664,-0.2538775216445703,-0.2560463342859936,-0.21021715879604438,-0.16501687949197646,-0.09737402463088476,-0.14832267916409045,-0.20601667779855432,-0.15263471578013904,-0.14014576802556555,-0.08274930704911494,-0.0545315102402461
0.0010161541020062218,-0.011013506098399321,0.024504021139483405,-0.00973495288605426,-0.004902384618910888,-0.002175121622107625,-0.004201527691953736,-0.016584202690766048,0.00417871180968172,-0.005813394216704608,0.019751814742963503,0.028761159242174768,-0.0070994154939604355,0.006896607429017241,-0.02846218654748395,0.03625793155029483,-0.019820579225665748,-0.03101751613670933,-0.004365851497167549,0.013249255212856043,-0.014061222390269941,-0.034552857044608636,0.008825478862260013,0.01041765418872355,-0.0049158594622155365,0.01166359666124636,0.020321822707968087,-0.008303626283296279,-0.01771311838665123,-0.024636573087222863,0.004469908043778079,-0.03536725036621028,0.010150885390354785,-0.03150925231872347,0.015246204556598952,0.0038581485723868155,0.00822323087886814,-0.02707904621549126,-0.01566444925419268,-0.03168583459261394,-0.040478464543020974,-0.0016297902050146785
-0.01973401842384855,0.014322367736467974,-0.009880281404872706,0.008446158800447157,0.01730983034846827,0.02366071122442331,0.01751667574425067,0.005801321426831726,-0.021945267062517752,-0.014729830110826394,0.019173947701575992,0.0028141826552938887,0.0036644578107184536,0.022654334086919144,-0.005591999303287536,0.0003286203691393372,-0.007382546186211787,0.003002103069257456,-0.019957979084607138,0.030878174252244494,0.026753100659518077,-0.015245633532582945,0.022545602702682632,-0.006805657218133017,-0.0077477905732459195,-0.0108034073805817,0.028550035227031853,0.017525033190326677,-0.012630436580948128,-0.004466474760404699,0.00420004438954081,-0.01651271598042801,0.014130659368645928,-0.006005368798739196,0.002736237203842426,0.0015721095277238134,-0.0007116826553706209,1.298298306470044,1.29298296415289,1.2693329898684707,1.3417675303675283,1.3213246462366564
0.001492857553293349,0.019611376759135195,-0.014191449690662182,0.016391229786723784,-0.0018309428037915601,0.00555198671557285,-0.012907756533644753,-0.03509411377780453,-0.01890920900623215,0.02632276319725657,0.01605610606919467,0.0444655615371934,-0.004484504696609192,0.0011394479659701774,0.01958099745655313,-0.000756577822256329,-0.004410724005714702,-0.03467109579313233,-0.012798976603259408,0.027355766240982786,0.013393153977129871,-0.01222148258438353,0.026915655166849736,-0.0125529363858858,0.03493583381726681,0.025513521903965553,0.020597159490818837,0.007396144557434543,0.010204197216234825,-0.01336766185398914,0.00016244588881231836,-0.024514460436206715,0.006119581384058264,0.019732545695980628,0.0168270421695012,-0.004020960538356081,0.001099811442422243,1.1907419743521688,1.3098174313590536,1.3487241884103052,1.491538115857382,1.3308408473696411
0.0021194086100276266,0.0015279846211050947,-0.019723367064570355,0.029738609417296374,0.024384409547909065,0.021736052408467186,-0.030934815205558883,-0.020209661997256063,-0.004669697752782729,0.01815247668813363,-0.01185785808493585,-0.03873119825127026,-0.039379022442921914,-0.019642603824105542,-0.017771377735711205,-0.034356445265665655,-0.02279328210760614,-0.02982788161758896,0.010831586638066342,0.014750596008611692,0.009664966878573314,-0.012778065703545144,0.03074119935572843,-0.0230988600170413,-0.018063253231117123,0.03149314833674066,0.035358569941840355,-0.0014581588372444437,0.03097474903107792,-0.00405319153928077,-0.011268259486840612,-0.0008027198520772444,0.015222290653173152,0.030664905630872385,-0.0005806165718522724,-0.0217142625476216,0.00772892798821077,1.3029644662004896,1.4013872267892928,1.3132292199831777,1.3339394310206742,1.3442376109084095
-0.012216531919562968,-0.012028472374206383,-0.026824048041872894,0.026291177648963566,-0.022531953508177743,-0.014876656778712494,0.004520330029861303,0.023730295899033527,0.008961920142657816,-0.02833693582449407,-0.01158328427844794,-0.020317875100275648,-0.027695011232957745,-0.020919266440891926,-0.03811200152821865,-0.006452400595755232,0.0057073642925190215,0.008549960454172455,0.012792657053087074,0.028130566643940473,0.043334427469505096,-0.041643932474728876,-0.007252178207301523,0.021763790704367188,-0.01020563978077471,0.016763017391352168,0.03176479399779605,0.018053176886319817,0.019742051845873503,-0.018447629017779292,0.0009952547041335142,0.012798534903291792,0.019965597630070105,0.004601892146292782,0.03562738403156313,0.023354845987609806,-0.011452621765728557,1.2783214324391736,1.2365254688095189,1.396280252016259,1.3519435982663752,1.5762470656415246
0.03644751360482277,-0.0241161673358211,0.013773791331238051,-0.013838452199859118,0.03692805698755941,0.009413078591400717,-0.0010141717919802773,0.0027140610777718456,0.004833228996525193,-0.010912743310181506,0.014655148204912557,0.012615908591527555,-0.03338642465996676,0.015689853946735416,-0.03202694443001362,0.019514853620113303,-0.0045370285590165755,0.04135562634546683,-0.0008968948169888085,0.05548697303207703,0.023162442302864638,-0.00494394432580187,0.013854775584681685,0.036235828349464254,-0.005422699498720235,-0.04728789174843345,-0.014592911968564097,0.03772261812494258,0.015444744147287777,-0.009627235246031509,-0.0033015801066903533,-0.028484299655606365,-0.01744740848384541,-0.0420054790135281,-0.009399306149107433,0.02632843522528817,0.0011563322614202166,1.4422805072102178,1.3584714581730488,1.2847369609075097,1.4764596215533143,1.5866942680986884
-0.01605326894659585,0.002675435625601565,0.014474177301987079,0.03601426487717493,-0.014628739546311593,-0.039612303258871766,-0.01461404927752452,0.03179138982780548,-0.02962745102939434,0.011575921325601507,-0.026723233917633274,-0.03125964340181938,-0.007846836026286212,-0.008891274821605052,0.006207423300211466,0.01626872297936746,0.02078198937418632,-0.026037875103847613,-0.006549432355294256,-0.02081631644822191,0.03756259238404382,0.011214699678645594,-0.018765000720283618,-0.008670070339552896,0.035323810975260606,-0.0076058635731259235,0.04201959711659752,0.009163118946430397,0.014423839761530246,-0.014664190943570885,0.006630785181734518,0.022113900841307967,-0.02297919907634202,0.028513085980646054,0.008891716410077374,0.036908011723748156,-0.024063317044507437,1.2159056888574407,1.4241338299911446,1.401710950854309,1.4885431230635735,1.4491127472530805
