gfs-wave-data.json
{"header": {"parameterCategory":2,"parameterNumber":3,"dx":2.5,"dy":2.5,"nx":144,"ny":73,"la1":90.0,"la2":-90.0,"lo1":0.0,"lo2":357.5}, "data":
[rows 0 to 18 of 73, columns 0 to 41 of 144]
0.2686203104226001,0.1533142672382523,0.24485700952619843,0.24422252521240187,0.2539031698464794,0.3282437618052523,0.41785230017691255,0.5427034390724541,0.48451970480347845,0.6106087793263087,0.5170248417278926,0.61533688269651,0.6478851413277037,0.5860412582823935,0.6280088141635576,0.6599111111466149,0.535214670744672,0.5501164321066904,0.46639834930541657,0.44417648763683276,0.4222056643113557,0.4154011719933624,0.24321197776226908,0.2276526367566769,0.3644689831342587,0.34193262532062185,0.3559746516179759,0.3897404919822079,0.43995847579290637,0.42303630883580573,0.32750811984847317,0.3426899766432123,0.4245831037013709,0.4672799821574542,0.39390620736286086,0.36170281603892057,0.40139791123014146,0.3702682183811188,0.2790054729825322,0.32868786480448287,0.32388406106967865,0.31624089319406007
0.25073561754121854,0.263867503675925,0.2674306481131322,0.38588453788813354,0.2470140864706302,0.34486304237961724,0.5341463905941363,0.4881193901783432,0.4570144502637516,0.5077947748232273,0.626341384328483,0.6412751837598399,0.6860005985816007,0.6623854716571965,0.7326100429642223,0.6115432737528472,0.6385396899859299,0.48999272593084264,0.5079029658835434,0.46520241156954384,0.3648546775313798,0.36513727955743863,0.2713279819210987,0.34428020757989136,0.34315156811440845,0.3763353843881865,0.43319603489919767,0.397517933093909,0.3674711443761666,0.3163498790881258,0.3470302004608768,0.5369061496345101,0.38292962878827924,0.5206986037837268,0.35381850113731433,0.4074743513536672,0.4755073608659222,0.433802323499121,0.29221800007808474,0.4094581879470541,0.3632073962665799,0.33011101335344684
0.2319548689273093,0.1759515154787782,0.2673042758301936,0.2517631700462116,0.23136287918660658,0.3015261642546676,0.4171746651353864,0.48827890828892906,0.50362109487026,0.47087967963957916,0.5677913999480464,0.7093018488434543,0.5775877275164952,0.6118211883729715,0.6502376646123131,0.6737337434402695,0.5366324084568402,0.5503223810638798,0.4248439776098359,0.3695050217166924,0.4787474307383654,0.28077755493533346,0.493269408527391,0.3476060380926289,0.34552388652963684,0.3705050646418086,0.45605960785617017,0.32824780332965514,0.4081511594463165,0.33298961621631884,0.43785543327314164,0.4739312047624885,0.39996305321456604,0.44583262695855946,0.561736975952667,0.4735162096291943,0.4504985746618415,0.46127202691105573,0.36437964436909714,0.3044501223894296,0.29324216404991504,0.39028264495002923
0.29265338142089814,0.2870688984096379,0.23363313960050627,0.3350908426205445,0.3157486408719374,0.4054474509636439,0.4606033419445963,0.46703103405142316,0.4403724839318876,0.5959342883151648,0.598129576856592,0.7373781625967959,0.6978565126555932,0.7612272028401534,0.7308518530150601,0.671558388983133,0.6241495213517202,0.6079213891925244,0.5045814367754322,0.5227221999322709,0.4685176948005116,0.34424060782940813,0.3462098650046627,0.3637675186408184,0.3292033195071842,0.35737986785210435,0.3858978860390183,0.34724755390613316,0.3010572412416721,0.44824859417570817,0.44402010000981534,0.5162771992781381,0.3836916134846982,0.540312990655946,0.4146463453803085,0.4569712991183061,0.45054577717749905,0.49837668006302005,0.4278792487480066,0.47000147644670287,0.28643864311699835,0.28983288424421877
0.16113042593619087,0.3040147638174317,0.22807056724865074,0.2309312319614721,0.370232776761803,0.32959431571107256,0.45316301289754807,0.48306423461523257,0.6410668273345648,0.5063425457462628,0.6671176691877967,0.683548713748367,0.6141214830038234,0.7016560566359823,0.7507094873687129,0.6129386682469862,0.5873630299916157,0.6102004962197638,0.529990576709347,0.3900629966246679,0.5748816735335849,0.41817352711602884,0.46480447338828,0.3895849346818315,0.2618971433136836,0.46173049035959174,0.24668522348385008,0.2672724201307386,0.3906337744917264,0.4290080623557958,0.4299039450859589,0.5076951707548387,0.4397779762658811,0.5576681995030275,0.4268294040530744,0.4579168197411537,0.41550597135931555,0.4054929144710532,0.39779889635560106,0.35026078540137856,0.3320647638022404,0.3583139741321583
0.19424853826474747,0.23217932274927985,0.274655731427112,0.28791425412888927,0.35999720791791134,0.34301371326728425,0.361928702944685,0.46721939364780884,0.6618687693713302,0.5456435892622029,0.6719334797969542,0.7489716099749834,0.7969255676708832,0.6601574345103997,0.6298347633371681,0.6820495052015776,0.6612588274607473,0.5376681746170952,0.5760205204361857,0.6307692262053266,0.5295823301417333,0.41280689736682913,0.3577226025337226,0.3838456610453183,0.3577339400817512,0.30877881992189304,0.265847128913941,0.4874312531696308,0.5073639725305136,0.4553561539105586,0.5133708109560141,0.4289297205478861,0.6054538866971816,0.613377952903415,0.4018494308323201,0.4245461021614378,0.4487770527858356,0.42833713525028727,0.4286875566709405,0.32834353299145336,0.2860118280112119,0.24775452490366842
0.2366341765372375,0.1888684325459395,0.27777569323763907,0.3374889471437969,0.3953985295138778,0.37231282057444914,0.41252131367518585,0.6329915143538805,0.5471523993326388,0.5942140451569063,0.6753338590174528,0.6612857797081271,0.7187207821975701,0.6916132562061326,0.7314490765909887,0.6986564680087172,0.5493738688406542,0.6269016933205916,0.520824235418409,0.5667269790031243,0.5321837812231601,0.3385260985786735,0.2537222156802034,0.4517451496333416,0.30757076954889123,0.5013404817272011,0.3335179721547336,0.3236089004952963,0.3823126536233005,0.5263358563754926,0.5403186400153004,0.43898751388595314,0.5073029531931467,0.5366823226422907,0.6151098709533858,0.45772391936645807,0.518708232639937,0.3834749075808052,0.35986823609535484,0.3878626515934377,0.37059846037210814,0.21923809855381252
0.21075836031824494,0.3513974217071498,0.2758777081869952,0.2831946411453459,0.4185703969188302,0.5044097948276106,0.4009760440772697,0.560012612603005,0.5666333414947482,0.6250559013923069,0.6281673985575439,0.6649579317954477,0.6319892811039829,0.6547889600341602,0.7179898182125045,0.7201198826508854,0.7073045737807501,0.7208598321889748,0.5401526698460436,0.5877727271179478,0.42474154795741864,0.5399060783532661,0.338887554127981,0.3722052649750097,0.4976787402273951,0.4243399579464483,0.4051876206545971,0.36618241370066984,0.43962016807903087,0.45989829895238443,0.4931382916996436,0.4828218511513765,0.4253463850149477,0.4949510636102563,0.5258933272442257,0.5482751042421613,0.5411407208611476,0.5600202444632121,0.3404448043132535,0.43654600135072413,0.4760040548398749,0.31724428278664435
0.2730710620489912,0.352268676892771,0.29094659007199436,0.3065880869983297,0.4086705776461272,0.40460138324991446,0.4908948070654513,0.4677123065005059,0.5232271721457311,0.7140678442796373,0.6437161211863522,0.705509842712633,0.820349194002076,0.6908358300777159,0.8211339218813933,0.7387395711786876,0.6263613966427761,0.7623758194303866,0.6090765535129867,0.5863229286270372,0.5613712985570399,0.3482251665797281,0.3845821707858149,0.25318863737632163,0.41214855098798586,0.3100196740956532,0.41230245007519206,0.43357291235004647,0.4410591081606563,0.511371611609994,0.5960516961146048,0.48478574631883725,0.4348155636917207,0.5111578939867504,0.47904043224964327,0.5161783425252112,0.5920540236634468,0.5203654550183604,0.49357412789796445,0.3473163647795255,0.39391872713598686,0.3452001958667817
0.371835341629319,0.24044786767295376,0.385009392938385,0.39213813275769466,0.29221189262280584,0.525239426562513,0.5566751013026048,0.4518503560488216,0.5991386401221929,0.6303191323831205,0.627943666484321,0.6633786799461965,0.7758086580250956,0.7592253799806163,0.7168353585832327,0.6932294319858209,0.6305665557293394,0.6575972677625066,0.5912314259595265,0.6240066974927556,0.3403260656814446,0.40686846828864137,0.44863954954097673,0.27346644991953717,0.3570232016625353,0.4428850701350308,0.3306915464579667,0.36354728392751295,0.37657574745146005,0.5202695538017654,0.4402085687636153,0.5671757496140011,0.5214344545568916,0.6087696878852282,0.6261491764550651,0.5546265566756985,0.4793417181518192,0.588354968804585,0.3830619939713284,0.47041113117812106,0.40511554699095587,0.2563567040049069
0.2619151246006315,0.2158490516262732,0.21930567077015023,0.2898823709642126,0.3796251598320341,0.4506466480491307,0.4428221677978042,0.5567567181888509,0.5100273453914309,0.6445005933225714,0.6590524151102064,0.8113175113137017,0.8096918323841817,0.8517478330453205,0.6731417581816432,0.7384870898788558,0.7255403966287411,0.6219845203501855,0.5604711567588314,0.4688345764721091,0.45981432788124904,0.5221164980979506,0.41186488005581484,0.3117576068927381,0.30142977910027435,0.3162964996129485,0.40508027308326805,0.4018353997649919,0.5174228572749926,0.4552066788354613,0.4939757526431469,0.5577611966629865,0.4891858449421706,0.46915097613953305,0.5944766457812931,0.5425385516685176,0.5414445229666582,0.4413927842654741,0.5141133498607422,0.49070571623766623,0.37456148526178007,0.35993634889364867
0.2704274498012068,0.26570779493825114,0.3528926070242645,0.2865772564553001,0.41753848023952106,0.5082985777266763,0.5476112817000444,0.6329493530939565,0.6327877869301672,0.6380369684195975,0.7587804499936253,0.7606469088739376,0.8400557712717349,0.8776947836043721,0.8329637685646656,0.7930593303748277,0.8066579685231442,0.6035842650794504,0.6199965240723218,0.5817981010218191,0.48314995174797026,0.5620400691082632,0.43221109659135115,0.3882565740554189,0.2609810005383435,0.31595624789338905,0.5711930892707333,0.4642788195919084,0.37825401569640293,0.4376446145126764,0.5071316813953433,0.572014249238687,0.5043736966940754,0.5834094701654596,0.5631555260168678,0.5038655062590387,0.5154804750614992,0.5377154529898286,0.4821748094438826,0.5238369130633345,0.40185655889774474,0.3934053644988684
-0.3745706728591406,-0.33308835792909935,-0.33436287919849167,-0.35013130107795276,-0.3113358358131924,-0.3089624133247932,-0.3413210924120699,-0.273324109969763,-0.25831998093845326,-0.28824049188267764,-0.2863549953633975,-0.3528684329885569,-0.26121746950389985,-0.2833958066436387,-0.38949071825267134,-0.399190995262909,-0.313540417693267,-0.32520703067694473,-0.3298840585919204,-0.22714293124725504,-0.37595123754732557,-0.3666824021375262,-0.36424685339751867,-0.3707066499695709,-0.39975772126795506,-0.24673755309187584,-0.2917530779222308,-0.2505497233868051,-0.269573080322401,-0.3963724782570632,-0.2394796802178061,-0.38432694019956937,-0.24122308633671435,-0.25627162074235443,-0.24905496850522402,-0.27228120935860084,-0.41058303214948255,-0.312898680884297,-0.23019590640794807,-0.40573756406033934,-0.37914877090725724,-0.40051574132294665
-0.7727044590111343,-0.6121710856061591,-0.10318886271069977,-0.09762039351110441,-0.3271093991356872,-0.3314790547607701,-0.251609249452783,-0.39208522379378963,-0.3979913988247061,-0.42967054558496026,-0.29479164297906657,-0.26132316231422703,-0.32792228700293385,-0.3686321785914259,-0.3889986671320126,-0.31416725562567477,-0.3449422944197254,-0.36767068522932117,-0.24604441334482088,-0.31018457078926753,-0.31649825895944095,-0.24924863103736097,-0.31335780200747915,-0.29194005032821635,-0.2538768989041762,-0.23652124908620684,-0.23926557393161763,-0.27274833711307284,-0.2912114578527687,-0.38475107773051553,-0.4342415597937889,-0.30710508612997567,-0.40389953129335193,-0.24509909943792918,-0.28026702287310107,-0.31573191388142274,-0.23845426816696205,-0.35080906677616785,-0.36562387911794975,-0.38695360436579923,-0.4222381818506551,-0.3729502945598837
-0.42237730081790714,-0.4451397834512542,-0.18786010562988203,-0.40641113421245634,-0.3151482691579143,-0.31382959902608387,-0.4293494970390076,-0.35480616200706677,-0.40622430421775885,-0.4123857005425952,-0.3688412621563822,-0.3378677965503473,-0.33664667475665,-0.3954833640563541,-0.3080691364956201,-0.3715359346014042,-0.34506312133158334,-0.3493241167269983,-0.3207961495629774,-0.27794689176770865,-0.32062003067375594,-0.270155856753609,-0.3763196988097039,-0.26045598550615373,-0.32691091871736827,-0.2631499247975799,-0.292608792668706,-0.34655718408736264,-0.27785763182237255,-0.29231794626183405,-0.30118337396381617,-0.4028740684873776,-0.3414417322915981,-0.3232247448868503,-0.3376653532028721,-0.39806095194051827,-0.2602202553535841,-0.36949063191930065,-0.34564272829601256,-0.37214448561065894,-0.4024190536770758,-0.40905829442088165
-0.6455965225204778,-0.1281126633123958,-0.764598482374557,-0.06389565479319376,-0.31988328863920185,-0.3850527980400255,-0.36638513581492316,-0.3883496942934922,-0.34409935290530336,-0.289886404538453,-0.2557117993096586,-0.3759492112583454,-0.31284004640029006,-0.29425770623009717,-0.3117313972117353,-0.4348388537024065,-0.3511981654490091,-0.28893640138849375,-0.2920180835506117,-0.38355559584651566,-0.31345993638659597,-0.3582066424090013,-0.29113098283136196,-0.33091682376341736,-0.2862711088015401,-0.435804968682718,-0.3283848314481253,-0.43414763120686356,-0.30740435857581283,-0.39317967185705865,-0.2916148008596474,-0.33527348807833657,-0.27913715258862826,-0.3756639990922588,-0.30871206024405734,-0.30705433549134015,-0.2785378515972655,-0.30563601891844816,-0.4069907117261415,-0.3318752589514776,-0.2689501049026032,-0.36564360857172507
-0.02350034375837845,-0.21459244916150827,-0.5196792432904785,-0.4577913217604472,-0.3123461679684621,-0.31192685112232527,-0.4316451710539895,-0.440177346266452,-0.420999880231999,-0.4246223584857849,-0.4615136108576683,-0.29941888300187064,-0.3948184869540571,-0.26707642641017026,-0.3848191844300782,-0.34826639418242183,-0.4054133495694306,-0.4231661282056498,-0.2619777268909221,-0.44192207114055776,-0.41897074612557433,-0.28216585084003887,-0.3422155255768988,-0.3086313301316077,-0.3463458337060396,-0.3143045103813722,-0.43196058855613045,-0.3142677817961292,-0.40889571271225195,-0.3481802783851606,-0.4080590391581123,-0.34330211252958676,-0.37912121558236067,-0.3634279009626954,-0.3221895049481125,-0.31528449729930547,-0.45020770824037304,-0.27581497574524216,-0.45411210271858893,-0.33520386251032397,-0.43746704099160016,-0.3347969623201463
-0.7867145104656027,-0.32559345444021554,-0.1872726972654672,-0.025185165214918325,-0.4177514812095078,-0.3779231571097679,-0.2771327888211174,-0.2742334508073538,-0.34404372048386117,-0.3688942136811535,-0.4574952816091595,-0.33850699921203625,-0.33914618785363326,-0.40755730554043634,-0.27455520991170856,-0.3536831381134508,-0.41914685133762375,-0.3292322579151025,-0.3549331134671498,-0.3476605335065262,-0.3400963390781949,-0.31925568500859874,-0.4023039428528867,-0.44362856748787477,-0.3825338626111357,-0.3078292760239268,-0.3298119190254034,-0.4367858412690851,-0.4218048375870074,-0.30353089877015127,-0.2891276578665866,-0.41407051034884457,-0.37790987354126615,-0.28069925657954725,-0.39917970097051053,-0.44396931855763455,-0.4175226246406418,-0.4283597569407674,-0.36361984675361586,-0.3981375339380859,-0.38246381204551055,-0.3102183979203079
-0.6613127475964594,-0.7768363049652235,-0.28325898610106653,-0.007369672778735827,-0.3672311860140969,-0.2955935186442282,-0.2965071332466446,-0.42626400075351356,-0.3463099000722492,-0.2955105766908138,-0.44976423248226655,-0.3368349586865992,-0.4421022044949097,-0.42815547161788065,-0.4065609217969789,-0.2992648253187898,-0.44371737293725505,-0.3897893255401778,-0.3147470447198886,-0.308440459690868,-0.28239659090560854,-0.3880994163540218,-0.2915466840804538,-0.2887402013359387,-0.4042414476493071,-0.33633501188702886,-0.30415497264657576,-0.3263400038685441,-0.356651962430795,-0.3116517260798251,-0.43771378461909427,-0.39142410499461044,-0.45534662753913163,-0.2811072381286076,-0.4144198355188406,-0.3068929756931403,-0.37090877128161076,-0.39701022498757366,-0.30461244712768876,-0.37723474641956534,-0.39024913681756784,-0.45086472043691617
