gfs-wave-data.json
{"header": {"parameterCategory":2,"parameterNumber":3,"dx":2.5,"dy":2.5,"nx":144,"ny":73,"la1":90.0,"la2":-90.0,"lo1":0.0,"lo2":357.5}, "data":
[rows 19 to 37 of 73, columns 42 to 83 of 144]
-0.1993950896615436,-0.27845839119196436,-0.25507594273281176,-0.2977435751503658,-0.19317599146016,-0.2897397988943164,-0.18045157431947487,-0.14165464664533164,-0.26990231555909217,-0.276734058034036,-0.15775622527989547,-0.21905228085870287,-0.332380324265115,-0.23377411557257485,-0.32688517499474845,-0.15373837214674457,-0.21719288584621824,-0.2906283103396359,-0.28784199931862087,-0.2266830514082819,-0.20473509195108025,-0.2978266732567512,-0.27755204624155955,-0.21811132355331006,-0.24450891360759178,-0.15752634486760655,-0.15756189956841538,-0.14643210990790376,-0.29988905091469387,-0.23356574770841784,-0.2632022291018778,-0.29186833991266264,-0.3079270525497329,-0.28009308166699004,-0.21170879472115428,-0.2579826477726279,-0.19415262983846787,-0.2332041135795481,-0.23590504863061448,-0.2481331389906088,-0.13954537309833906,-0.14718307763534952
-0.3151749646514925,-0.29644070419058677,-0.12722616387883315,-0.21829744948656044,-0.17231913029049217,-0.2002252743175654,-0.303037771895426,-0.16338013772729318,-0.20643772909274163,-0.1617776337174971,-0.21355821687780852,-0.24819800522358107,-0.25648847854811696,-0.20070955632349338,-0.18000209489581726,-0.24625987114027523,-0.17626663932138642,-0.22523811169626393,-0.20138315759125133,-0.172595785837536,-0.14792233441861347,-0.31587774642329414,-0.27802950695686374,-0.16584837463542096,-0.2540623651198243,-0.21661194550066562,-0.2751864418553454,-0.18715889036506161,-0.17479125369390022,-0.27608445718625485,-0.2901879355583206,-0.30419516772222743,-0.184853509122726,-0.27431670971697153,-0.28418631398900457,-0.18001069797199387,-0.20085967937850024,-0.23830021511500218,-0.2328332766766676,-0.18816489235065248,-0.21416531190034144,-0.2322526578055557
0.34304185843820384,0.3070236693619275,0.3391326920709527,0.4203584286566891,0.39788657527972954,0.2766145468803831,0.3551171613383917,0.3315708801360485,0.38067169285934205,0.45091505986831315,0.3405042223803974,0.5723005995154664,0.4776645389032637,0.3457762017457126,0.3671820785304654,0.5849848287410121,0.472939068583397,0.4380377870182821,0.2838367746714629,0.2722832999051109,0.4731093498787228,0.44543167172234127,0.38013631666150577,0.17822900082935983,0.3964656504368727,0.0790253647023636,0.04467410644135232,0.3600747068883646,0.03973563651153502,-0.11623094038507807,0.12879018609649617,-0.10059695401009466,-0.09349699688592347,-0.028063138026483896,-0.10903823154163511,-0.10608838696977586,-0.20733838388097073,-0.18208066838736642,-0.22454557558796137,-0.4322312049207009,-0.33442652392383926,-0.43690182375623
0.32438422911053555,0.3514599222281953,0.26610853897946174,0.23923088654999108,0.3196365086102968,0.28609570774454396,0.2624380116613784,0.25411902721719903,0.2702554508565416,0.5186422303507423,0.527209081861115,0.36241842730216156,0.32491341778058785,0.4529274258057378,0.48505183452070594,0.4075594431102102,0.3623570017831419,0.411529099099286,0.36388884204493943,0.47100566090288387,0.4081659235704778,0.401675518358015,0.32038774973317186,0.23407341372741,0.10548138574169241,0.18449193627599153,0.35730160766473024,-0.040629162824415775,0.06899462070972852,0.0908817055498448,-0.15057897314072172,-0.191511274671897,-0.27540802697600697,0.018978510552616065,-0.32409552284756116,-0.11067514583118242,-0.3294524018473923,-0.3382866640528308,-0.25945275891985103,-0.36182088725590905,-0.40936344705639893,-0.3079908313858514
0.27999686200374707,0.3389340673675467,0.37871026325189683,0.19344976338088388,0.23015273824828356,0.3167662377672694,0.33402563921320116,0.378847910104032,0.26663193332469015,0.452358885747152,0.29931166778624935,0.3338011714738056,0.4412654375329108,0.5034915437393898,0.305200403947848,0.5696907678788761,0.5144074551044702,0.36475492606123394,0.34168073380336517,0.33439036490323903,0.29797318649637067,0.3076718745964865,0.504548159848448,0.42521134838912317,0.22183097321813328,0.257740804020784,0.24132488814260458,0.25560457521479774,0.2663464740115094,-0.13136202339918732,0.11133124161449826,-0.0664500519672688,-0.27438330255278215,-0.1185634408797296,-0.18460774505065425,-0.2036838094989601,-0.14960681782959456,-0.38081618678492346,-0.175681582962729,-0.4786797630486341,-0.5081257681412827,-0.4050302563765115
-0.1894869047228577,-0.21566504754583124,-0.2526439832412197,-0.08397480314235142,-0.2685065829792133,-0.11724315209826941,-0.11363698534114781,-0.12727043326047421,-0.09822014526882826,-0.2516256445748617,-0.14981593530432866,-0.20367488325803418,-0.0831709043487244,-0.08578120197327108,-0.23754202392047583,-0.19181392857745527,-0.18473489862271134,-0.11063017264875877,-0.13634677526917172,-0.12234446476622676,-0.15040125483973288,-0.17151054536093116,-0.12500108964399848,-0.23337852303277326,-0.16002224486646674,-0.22965165899895304,-0.14886018121156674,-0.260076191610865,-0.13843381304169378,-0.0766951744047597,-0.22814152665569895,-0.15881954113249772,-0.18485549429043432,-0.23024062629056555,-0.15152383917212306,-0.2559532349955673,-0.15126514647635023,-0.179294782116243,-0.12017072033185586,-0.18746625898057956,-0.2703239210861584,-0.26416009328805984
-0.2584729510503451,-0.12666788580751134,-0.24582422916839114,-0.11430402095435156,-0.18760605400222136,-0.3138503654031337,-0.09553341672259578,-0.07191708609326582,-0.19891213577550873,-0.31113501955645034,-0.3172292345513832,-0.11074650550202136,-0.23295390475400654,-0.08971044939111794,-0.16360503644640628,-0.13954572974539348,-0.32340015604475586,-0.15228695767585657,-0.22468482066192105,-0.3228113610248889,-0.2982924248995317,-0.2743490501190762,-0.2111965242309417,-0.17272252746669886,-0.2547022802649627,-0.3376972465008913,-0.36656994770711326,-0.32859890567637473,-0.22923009496496657,-0.3001730529816607,-0.42129716164599446,-0.6424476814368226,-0.4638175454123504,-0.4435662165859669,-0.8102138201272195,-0.7318821330851063,-0.4533965768761831,-0.7996824069541221,-0.6896677935594167,-0.7096215750197237,-0.696073416026709,-0.7502080019306179
-0.029930640312903555,-0.26721153904088435,-0.07192570853049444,-0.3211261206504462,-0.1500663460995132,-0.29945097144363514,-0.23023379278492867,-0.2790216223840306,-0.3062960368410368,-0.2720674446589319,-0.25232264717424435,-0.3152969902838114,-0.28951939237486807,-0.2710186218400984,-0.1532865527602315,-0.33398050704192733,-0.26845802371483246,-0.24015665893261365,-0.2520022582657279,-0.2545561727619203,-0.2800613887686176,-0.26661681701470463,-0.2952071411522935,-0.2019130973051446,-0.22709460180453617,-0.28363555194305823,-0.21929865084967096,-0.19824582934876256,-0.2413186221206077,-0.2480019813213386,-0.3362409705459843,-0.4918448130008996,-0.44961059331107733,-0.5308934317685111,-0.7509717765428497,-0.4809497673321315,-0.6826973871266084,-0.5455932994737802,-0.8287982680008189,-0.7074213845052674,-0.499220535806543,-0.7894748814273463
-0.1310365408969531,-0.16968210806702394,-0.22275098217647712,-0.19238491033044483,-0.1313979424298974,-0.1832962266020237,-0.19610047768404784,-0.28693867269949846,-0.06396204481815816,-0.07607960173984304,-0.19209114534145108,-0.07805802416217371,-0.20067976944692767,-0.13687901112805362,-0.16548188807616876,-0.3285230866225573,-0.2930486850857638,-0.18265835680525297,-0.2870010188396688,-0.29688485367411177,-0.3027853658931949,-0.13737279632207433,-0.19038555185053996,-0.21541486451638614,-0.30180292623106636,-0.3138222786440736,-0.3330552002511447,-0.23574761574855813,-0.2966147410322247,-0.30999228688726993,-0.2930680455852398,-0.6711511667837967,-0.6799802209612055,-0.5331845728982143,-0.6150643827987431,-0.5793631854140657,-0.5330921760009739,-0.5666570970872062,-0.8035690654177374,-0.5057038407786331,-0.5138428331439465,-0.5729000420513524
-0.09154942654457116,-0.08679174351909069,-0.05201115851806636,-0.13670207925308972,-0.2563467405835701,-0.12446056601455277,-0.24758668225568292,-0.104845205025315,-0.10871475120762467,-0.07299628701533888,-0.13851459774708422,-0.1339019325641012,-0.2892392743680787,-0.277784363233145,-0.10662288993412679,-0.10852787708220113,-0.21980318954628678,-0.2428860866076502,-0.3383227606819647,-0.17779988758853207,-0.1820214648409329,-0.3180830108921517,-0.32172623443399456,-0.21739558825793653,-0.18321396928221304,-0.20324376812263914,-0.269782994634753,-0.3097569124799898,-0.25024303827790007,-0.3273759585074662,-0.34776185279757743,-0.6381482502201807,-0.7573834315264687,-0.4619080445123489,-0.5050423062413592,-0.7733267911347619,-0.5535159459443795,-0.6132923764878124,-0.603263661655791,-0.49469183750294715,-0.5934790893928692,-0.7361121914291459
-0.09588029173917524,-0.3085493785753985,-0.11331278147820108,-0.13659674073079478,-0.2264605712119819,-0.3163099227673227,-0.15490763348414396,-0.2722251679405805,-0.20943511064649667,-0.0700262659165001,-0.2387671489225643,-0.2664081305019852,-0.10102243605561312,-0.30453523431722707,-0.33856601929270264,-0.18163675604978308,-0.12865527864226883,-0.1760250074302048,-0.24168035661383352,-0.19181691838889167,-0.21065611245844962,-0.20165712925041346,-0.2293238654805693,-0.17174755873046935,-0.18902703140162264,-0.19874238484875303,-0.18061055023869674,-0.40585180312648933,-0.39792639582685485,-0.24896947122004304,-0.35982813908921046,-0.5728264059682835,-0.6931349020368606,-0.712942253242278,-0.7810072086094884,-0.6457881838324551,-0.5593228999654708,-0.5959700268320858,-0.627326315749922,-0.5090907314990288,-0.588055986307909,-0.5259827703922787
-0.21046160514287549,-0.10059803596885582,-0.2019878366405528,-0.17529525179368455,-0.041494385969886145,-0.07342761432842622,-0.059887435359177024,-0.07171605265469772,-0.12366938244852403,-0.15654426101233454,-0.07383034353569828,-0.03196093320066362,-0.16315452114011192,-0.044772928835446965,-0.06106266289307858,-0.20387039559312825,-0.12027363134181748,-0.14880730799872546,-0.08130196026326353,-0.09809962445158263,-0.0433955283281186,-0.12743207742540702,-0.14517033069345023,-0.21594987789306055,-0.06386180098389384,-0.1103541463025753,-0.2168621634187407,-0.1834521549338364,-0.15258966246994388,-0.1269579360282742,-0.18462073072788193,-0.08122848930530771,-0.18214225366149375,-0.2101914216225544,-0.2013511988923107,-0.08898044693491525,-0.15794979887889385,-0.09405877488255282,-0.10417726706432799,-0.19430569473784812,-0.15273566570608343,-0.17962145612507574
-0.31611831192274975,-0.15343379624224288,-0.1822502921498293,-0.1295204473383244,-0.07696615893814564,-0.03931176462896124,-0.008562711928403778,0.02236021055540124,0.08487509454771795,0.07003361169403051,0.16217639880572993,0.13099765048129472,0.11643368035027973,0.16775181543968853,0.16815566844425997,0.10010628730557404,0.11579045364401787,0.27131503822731456,0.2853189789412297,0.22812683302000344,0.2868141193249712,0.28344185334600874,0.2863205991338613,0.23932309593897416,0.20462035597833328,0.2644635457037933,0.1905473208412777,0.11585565495568456,0.15240246273050478,0.1260388292784425,-0.03961721446706177,-0.18505345388310507,-0.09629565310859195,-0.32251847199163447,-0.47182525923281554,-0.5931079292118375,-0.5728814765667802,-0.6086872204868402,-0.6871979082254547,-0.8328721628260697,-0.875311624217098,-0.7793747221238262
-0.20612189651445045,-0.20304436054713704,-0.14109034209668142,-0.1377723664980174,-0.03395356749699154,-0.04146875622750036,0.020979135180946504,0.044835233173031175,0.06222782272546378,0.03977596527471828,0.14864876946708236,0.11559066191933791,0.10726489231633327,0.20767281462738899,0.11771952179705707,0.16131027714457494,0.28728039986862647,0.20115899983828234,0.20607357969959622,0.262514343163253,0.2320063924004393,0.2746306038216595,0.20842648752782192,0.28312859270579716,0.3119110608803595,0.18140310159129377,0.1875892556934081,0.14270181814724464,0.05919312722755689,0.17204727945602308,-0.017533122860058682,-0.08511772626958254,-0.16369643370520345,-0.352257191243835,-0.3947339082350578,-0.37592921206058105,-0.4435792418480548,-0.5663441717904661,-0.6474036895294697,-0.8103624738925752,-0.7752198926179307,-0.7943722790027286
-0.2309664295964105,-0.2999962033310934,-0.2636121382142692,-0.20648177066126333,-0.07444922213458315,-0.03472343506135512,-0.006396077188310918,0.035286065609285995,0.045101881365300155,0.04332938715154503,0.09734380887627495,0.10189945949660625,0.17303295640912592,0.22032621858911136,0.1999903419995754,0.1412947536651228,0.22362734652795346,0.25516380268594385,0.21915871344328378,0.3025771995770686,0.2886338880700712,0.19520102290417662,0.2608657380252387,0.24101093439103408,0.23584677456027894,0.262835033295834,0.14898673779524763,0.177210341458382,0.07264090928896193,0.13634650314914382,0.10318848742052501,-0.19270020312508335,-0.28726158061869245,-0.18229756297598662,-0.42387117747307973,-0.36852448709275654,-0.6045084927288745,-0.4982731669266257,-0.69115860308352,-0.7773114452996938,-0.8504677923445942,-0.7347162606130655
-0.28732044834782916,-0.27942236657165215,-0.14547597719988722,-0.09026842613793747,-0.09382509008093325,-0.0026446245261764053,-0.01377990606597945,0.004881125725277951,0.07450017655465659,0.14512781131552496,0.0763927251111109,0.09915485798537467,0.1966399170290986,0.1532391963711842,0.13539778846428355,0.24192968120205546,0.2904318916049915,0.22131981630706402,0.1672464148232746,0.21767741776870175,0.21358212164878612,0.3350638294195988,0.2867536570666602,0.3324323310646818,0.34136779471179696,0.28420552301026586,0.27228793290610126,0.25691069956375356,0.06411199170576605,0.16586136361107046,-0.0012244104543820255,-0.1440075034543395,-0.13286151145220024,-0.33686371725529146,-0.36165136042961354,-0.5316659878610424,-0.5608706826174205,-0.6743193546099292,-0.5955157439761537,-0.6843894431474905,-0.7405843302415938,-0.6680220837762687
-0.2356625486313846,-0.2489818429056512,-0.21273647337132875,-0.07262601339024291,-0.15378306807590492,0.009567473927064371,-0.005860079542385785,0.025499103140100107,0.04303031178351384,0.04423448280440382,0.06039309707980658,0.11138068062274868,0.18931435325348903,0.1060329901812452,0.1655797083197632,0.18737438503777987,0.19975939268798956,0.25369173563750497,0.25557071061022224,0.21260636109287984,0.26472733371317697,0.31836950663632746,0.2896856682322157,0.30428103666792533,0.3593649937552674,0.22556938587957834,0.24675383477335205,0.12121069000610786,0.1389236404406638,0.1883720417638245,-0.054109543742388966,-0.12689382872456303,-0.17357305287169827,-0.3639521925607039,-0.4234898456628628,-0.525217008782305,-0.5366055541747143,-0.6890751889334775,-0.7081996412215629,-0.7649163248483813,-0.7358765508472692,-0.700408529554561
-0.33468552341183866,-0.30027491500423875,-0.24245793188602024,-0.12237817935152152,-0.03456381388061386,-0.004759204231231482,0.005249419497708489,0.07710098289269324,0.10162511599659385,0.14204675383088475,0.08689932632865785,0.18701989794070195,0.06342458122852408,0.15284472967422852,0.1939994332196457,0.16610848553831353,0.17620857731887857,0.22733851948889233,0.24569850205092075,0.20444303036937594,0.2474477009143195,0.34338534042837804,0.2509541111410434,0.27211857360721986,0.3140786829508056,0.2338631405440694,0.32908186078785584,0.2841557744396895,0.05385861088611736,0.17329553682657103,-0.05769468429612696,-0.031298226389495296,-0.17115049095717164,-0.316696657245766,-0.4348346865075242,-0.3671477865219234,-0.47455522075879547,-0.5658105238653076,-0.5846772746140347,-0.7203172916673097,-0.7368022652519803,-0.75842654043754
-0.2888350926717843,-0.25929976221043854,-0.1317844651897559,-0.16204853394435037,-0.04873586604391471,-0.05367370066281337,-0.021208545789134593,0.031627372403733096,0.049215912447762515,0.08497357437383854,0.1115166703464946,0.06702637063609071,0.08575698654648632,0.07133836465952163,0.23259114616736218,0.11777120466537626,0.15280490341363595,0.27254688058268006,0.2709972136298852,0.22839805540261995,0.17716198906208955,0.2715777916109633,0.3359018884965936,0.3610184447396475,0.25498058368541543,0.21109503620448028,0.27119483621711005,0.19408970333914127,0.21028812289417848,0.01898196097594775,-0.041451359139217776,-0.13135377770159484,-0.24894070944654959,-0.17359379263412358,-0.46257689412956715,-0.42186823552070596,-0.44928585520290254,-0.6468379235366779,-0.6307771607257444,-0.7120652380999404,-0.8531707043208515,-0.8087999847880893
