gfs-wave-data.json
{"header": {"parameterCategory":2,"parameterNumber":2,"dx":2.5,"dy":2.5,"nx":144,"ny":73,"la1":90.0,"la2":-90.0,"lo1":0.0,"lo2":357.5}, "data":
[rows 54 to 71 of 73, columns 42 to 83 of 144]
2.5430085707437913,2.5253610136915365,2.525150496429525,2.5340716266464396,2.507528910848533,2.2527626052457124,2.3628713097009033,2.1876830268441085,2.342428974093173,2.42817592256146,2.201493909644084,2.215220889113272,2.2627557258424966,2.0818266086007466,2.226800330817082,2.2738612407364296,1.973018931353887,2.0268349372476697,2.065899845627549,2.003916710912443,2.037218976263811,2.2229199552586536,2.055502854823915,2.0129340992700167,2.031095514214667,2.1118660356465035,2.1061493871833092,2.0953294893157697,2.0569873436348383,2.0482439973216056,2.010896812332818,2.0399875661435996,1.92459887634059,1.8804299680868848,1.7680910130310483,1.6849413333419812,1.7436807457942844,1.8032198095185976,1.6616204878272138,1.6307379228457546,1.404286914943859,1.4445212850795408
2.7195733034649865,2.614974155272634,2.4582234188978846,2.3234113765109683,2.399823081726337,2.344978372892849,2.4299840743314345,2.2202812111607697,2.3969832838744782,2.19125184705712,2.272093315491763,2.151509387214229,2.052598467446882,2.4147317428120676,2.248896779687681,2.28826063929471,1.879463458759143,2.290996886703816,2.0118069319514977,1.9647538429061082,2.1938023339821204,2.220527040340971,2.0220798867448533,2.1503312231663307,2.1394983306836846,2.0884730944407233,1.997622086142782,2.1820417546386874,2.103525427904463,2.0861022477243334,2.007998429415636,1.8872930232923824,1.9208249797212493,1.9836599678034554,1.7485322636179885,1.7273228109088297,1.7748930000950278,1.7730760715213043,1.6363329761033698,1.6413491982301527,1.5536596414672377,1.565891436752526
2.4604592144088753,2.597748844898282,2.735268610537665,2.3495757203487058,2.5508281316706114,2.3573711180318444,2.273831235838376,2.3393370785997587,2.2820766916306097,2.145615825722003,2.4399184740994633,1.9957373631091786,2.011362054760597,2.277593564419003,2.2431234951391157,2.145293571463154,2.0614478534462704,2.0761904991158397,2.140065568243363,2.2269340590406106,2.2707912384804456,2.094925091659735,1.978336858568811,2.261885526553585,2.004160189222377,2.2752023173869107,2.1173354062539063,2.093259997090099,2.113753023113589,2.005634685827549,1.9692668946858056,2.036662732144917,2.0117778478201163,1.88317757419329,1.8238557114821008,1.8230960862632264,1.9013708403568295,1.7520122447671433,1.7480085893164503,1.6506396963871723,1.5204760664770902,1.5293060428231744
2.711934662922683,2.461310830950396,2.460060911524914,2.650931510644091,2.4329124887347904,2.2302879183211477,2.240519961640608,2.5485889870500795,2.3161188215064907,2.4384364485002545,2.043527003268342,2.16149391317641,2.025203671584161,2.4035533707103087,2.1855084477798252,1.9975206170543218,2.315165082198527,2.116340290367179,2.037767603625145,2.0215052918110765,2.163402381588626,1.9921422795665147,2.2827613868539705,2.241483875401708,2.1842120555196836,2.1850610476904833,2.1131683498248606,2.1284242675917198,2.0300883948094532,1.9747994250659584,2.107765771455306,1.8879376970005128,1.9960013562537258,1.7833451400927103,1.8688337301899494,1.7651472191193849,1.8760126773866006,1.7121026619865918,1.6614375910116903,1.6057995435084145,1.7060051573540937,1.5092726970537074
2.6517121878682577,2.747986965318699,2.7663514182126754,2.49955486562568,2.620278685678461,2.4295457255406308,2.587611389669081,2.15313437820891,2.476193340252036,2.530359102240806,2.1157014945897,2.429591893479827,2.2556338730604395,2.365871273300172,2.4124829412157025,2.066934906580433,2.1597712280399075,2.1033620910285173,2.206878444028949,2.024235516223991,2.214558171467222,2.248803633811924,2.149446017836596,2.153413588858906,2.3218848353374346,2.2662860852774127,2.0707891925659143,2.137530088734017,2.185489901692237,2.094647190234242,2.056051805743939,2.0638018427347222,1.903214969464374,1.8497128312689277,1.7403667469926303,1.7056705729589932,1.756045680744714,1.5501164190217303,1.7346419315606147,1.4593918143551383,1.4765874303670166,1.6236022204045704
2.6245523350160336,2.766331768016397,2.485385471501143,2.5233687386726906,2.5477315717388858,2.3254603500424853,2.621028976007237,2.3110151987690313,2.4743625344668434,2.5152967083194944,2.2706513587586827,2.3344400613361964,2.031461635284596,2.00015775401133,2.1780241116540946,2.1420524080288654,2.04839136997559,2.227112767548999,2.198767573505054,2.171554771562342,2.056411341536973,2.2078273291396173,2.1408161734143603,2.0895191163136517,2.190797052542506,2.226324717531141,2.0890984762283873,2.0528718809200406,2.1118541566426785,2.0201904413388085,2.13324854672666,2.080102748349884,1.9822270543971203,1.7994465525436716,1.823501776539022,1.954034972338903,1.8912554461358446,1.8227010544630582,1.6668623109880365,1.7626617947617638,1.637086825355312,1.615912012434826
0.019884355931857486,0.009030421969891143,0.024178033549925773,-0.047126329502950634,-0.05505168017296072,0.03434398284250333,0.005495666052303857,0.0013476964854259703,-0.048331829253345254,-0.026139421599232156,0.012950041310339073,-0.011747974841156143,-0.020406081993709614,-0.05665700026017516,-0.008588665374525373,-0.002849180096327358,0.05077157130728832,0.006440448832705518,-0.007306838866795173,-0.030996834553438428,0.00899470844664132,0.005829752301477631,-0.0447171839046369,0.007096564976928427,0.04932276512693138,0.040573839709339476,0.011911564933016443,0.05502030158556834,-0.0023215253111672648,0.024716943083148663,-0.04330129171424997,-0.0442039375434787,0.0015516513051357518,0.049708235367177056,0.010714798119189186,0.013263226759086037,0.04032839369010788,0.05021794336776957,-0.057925058841190126,-0.03133296112086698,-0.03450467027754014,-0.02015627309014005
0.3908295552159339,0.44101432581587263,0.3190492889194641,0.309023564228393,0.34519602986964887,0.3331683755951902,0.3161126022731005,0.3114060446004733,0.311166844041899,0.32642998000126666,0.18960017370727802,0.2762331830684887,0.25063891994520715,0.2548683834102744,0.2639292891383709,0.07695657852744833,0.04876995158252584,0.08515816392703822,0.03340601126157613,-0.019473396063572547,-0.08906571668901096,-0.1425458955733271,-0.2258821934798067,-0.26857718681234344,-0.3174931747053155,-0.30240847982631053,-0.3428212093759488,-0.37222312813564296,-0.4587995754047707,-0.5296846499081733,-0.49775071159446554,-0.41027599826147626,-0.46772254659716034,-0.4826424483819781,-0.4910448051677307,-0.5266528136665587,-0.4491193347265984,-0.4551463560178563,-0.28122522541043626,-0.3473584299540975,-0.2132974592156083,-0.21171405806127744
0.25806242117354616,0.35609329091952874,0.3399351199664093,0.42585521444984675,0.388053609457403,0.27159327314599707,0.2901037582465134,0.36977243588993275,0.37854031346098,0.33844267206178785,0.22944749332577452,0.23198242528379054,0.19408781462501512,0.14124306433652803,0.17440812330969324,0.10833400478769643,0.07739151248128294,0.0195838973642103,-0.058674586547476294,-0.058520920598643805,-0.06360080515647219,-0.11502253261875735,-0.1789048632627294,-0.31563357256484537,-0.2546142675955998,-0.4690733885515743,-0.4876327334804224,-0.4951064069729717,-0.4284658835973807,-0.4576653718280324,-0.42058406702225865,-0.5291637422619656,-0.516258529069075,-0.505062546985325,-0.5314764135937361,-0.502600302415026,-0.6041037823499608,-0.5420569455477141,-0.3118876800968384,-0.21915986445136063,-0.32285829855107995,-0.09243195041724776
0.2933220315283664,0.3150645719543142,0.31830070295314794,0.2923645030722715,0.257650974112466,0.3985454901190246,0.26926434039571956,0.275622379210053,0.37324436140493045,0.35664375429871015,0.3337199643992774,0.2039396406517658,0.2075493002996639,0.1592688997316173,0.278356165208746,0.20300708370024895,0.1550257821898947,0.007982409594374181,0.00640057782804486,-0.11119912306653904,-0.055295004928895844,-0.2416702088757488,-0.20411434335856163,-0.21916672831580752,-0.26222007730949326,-0.2922902047684595,-0.36653718460045936,-0.33175119624987115,-0.45575463602100114,-0.4453311493715106,-0.5928877150394597,-0.5921449421806927,-0.47581329873697314,-0.6715478780628089,-0.48248710980654613,-0.5463336536333362,-0.46075525565918146,-0.3950712588102807,-0.34780359706294833,-0.37280352247804904,-0.2154965868681182,-0.041837747987125466
0.2678109213049029,0.4115342030588861,0.4227322679774333,0.3866372693805818,0.44698086938100634,0.3171596113464413,0.34047304121638144,0.30133272455427773,0.3150038998683335,0.3435598708436225,0.30987316026242684,0.2605506073549915,0.19482393664198347,0.20859804472503987,0.23252411908508744,0.1464975368995159,0.10720234472607557,0.06428604795676775,0.0019100186164529049,-0.11734373067152197,-0.12064572875953025,-0.23412194851175586,-0.17228981012682038,-0.19068481092479794,-0.306895537321533,-0.2999875824673171,-0.522041170500147,-0.3862784257413448,-0.5042540390537067,-0.5767087512079967,-0.5235071732134002,-0.6478910326015015,-0.5848254960086375,-0.6026297801422845,-0.5623370218401652,-0.5638290359864806,-0.5527773155047734,-0.31239452599641,-0.307136434607402,-0.2742497919765163,-0.29083943139731744,-0.15299246697809743
0.31498835295093575,0.473300756603045,0.2577083362212788,0.4266817545775127,0.3554583716032537,0.4032933642000444,0.26492604924355484,0.43465338631262995,0.3198885645180998,0.34920061435154426,0.3265243363433262,0.29651115182648996,0.2645710496302504,0.20991662566962924,0.14085936143547953,0.1323450187603783,0.16623154607833304,0.0038416584863717757,-0.005387745704083259,0.014434745132372827,-0.062337040693084635,-0.1771685920232484,-0.1538358581746251,-0.3642784949169339,-0.3792819994197935,-0.3852823699198277,-0.4188315457519824,-0.4915363951345346,-0.3909115659160675,-0.3976138031719865,-0.5765847630194983,-0.6043193333615858,-0.5704898553239627,-0.6105091973466074,-0.5809763405859956,-0.6784227389199387,-0.4469734301142934,-0.3620231504650551,-0.4533531756103989,-0.32431232235551016,-0.30411033420176437,-0.20706379405004555
0.33412033312249867,0.3278209781435137,0.28008406088037013,0.4071950690203767,0.30988132976521027,0.3997780250498668,0.3381845047640256,0.3269495181086121,0.42514799743066434,0.22459576207409254,0.22543543519960432,0.26391289346640406,0.21171576686437943,0.2351409015071698,0.18604459083925443,0.19907913545662206,0.16050216316813612,0.0018132632674230298,0.05975944662519331,-0.1139950185812807,-0.1852052539136525,-0.2316474117352207,-0.14184929409135508,-0.3142235363039149,-0.2987093629227512,-0.4152844035559045,-0.3758572189160818,-0.4638380235393345,-0.4991127252744351,-0.49241421996245327,-0.48703431973178474,-0.5770921722104576,-0.562895262230124,-0.5872464509733951,-0.4936602046331226,-0.5396406489005534,-0.5525954609296037,-0.46308766675907653,-0.4321030312015846,-0.28653090158978217,-0.20429892891558563,-0.23938001438697976
0.30509765141994083,0.36356767266285395,0.4621302254649786,0.39411550171943827,0.390053464845968,0.4228655303753204,0.41784566255533345,0.3983978184610392,0.30508679718375414,0.33520539347888456,0.29563205729627,0.31530109129445666,0.3304875862842293,0.208659986430505,0.18083302391732534,0.14395514059627937,0.11908417817727532,0.11051816588181426,-0.020085514610235222,-0.005773318701385981,-0.047744841472225207,-0.19408049305557062,-0.28816714570707946,-0.2495937940076183,-0.39741531322185797,-0.4135826733353859,-0.4187992964249121,-0.4739768753473868,-0.5705475526637138,-0.4288183698877094,-0.5979075324182661,-0.6031291277290204,-0.6176663191641103,-0.5325593220978695,-0.5908766876111058,-0.632676866228561,-0.43283048541940605,-0.31921259703552324,-0.2958720139983635,-0.42736599203929376,-0.22163255589862416,0.004776677427972995
0.332164741203852,0.2947071636224138,0.432133025151055,0.4104410396163088,0.45862400867098585,0.48382304197190495,0.2675641044880113,0.3040210581761762,0.402271266629445,0.40036071996135947,0.35287555354437494,0.24476673022555154,0.30102105530660095,0.19028754611553894,0.13731083607068825,0.1382366594122848,0.06805897053904614,-0.0001666574015654535,-0.07142661703219978,-0.1319194734541348,-0.13657721553718852,-0.10312041026913402,-0.24260620733500024,-0.2915427667487405,-0.37218853047091394,-0.37758098601275414,-0.3972819557620686,-0.5175413520197651,-0.49249050813929,-0.6168623611365224,-0.666432956554769,-0.5272696792703686,-0.6944446766202826,-0.6425171762216046,-0.5961474525857446,-0.514726486587943,-0.48520530297907655,-0.461206819665645,-0.5081280560911995,-0.2352432417732246,-0.10322621716132555,-0.056284058938642925
0.407530420848895,0.3041523522810822,0.42993775760094,0.3240855808664433,0.5047067906708919,0.37111931775455126,0.3473778536088094,0.4193591968907858,0.3185743982237229,0.28162871233929465,0.33512846976129107,0.35024615899158973,0.3184160984323529,0.24217969611661494,0.2443767117678692,0.22459406431644005,0.09382561288383494,0.06242806874743869,-0.020060819609149367,-0.136184128757487,-0.06630263862365088,-0.2726593386043696,-0.19254208949423116,-0.3647358560175021,-0.3037538006862699,-0.42933336447359727,-0.43253349364012705,-0.4510220994284627,-0.5837202894997329,-0.438514095060808,-0.5994164025304773,-0.5289626335180917,-0.46577990183621987,-0.6647403042336315,-0.5679601197181455,-0.4572870121134066,-0.41981807662617027,-0.3515327182848739,-0.34760465886522546,-0.23307245902546053,-0.08443864498378942,-0.10065634216178537
0.40684709265073743,0.3565833128897879,0.3980729008164296,0.43087745190961074,0.32246105142637127,0.41344158714661783,0.27738736124510077,0.3382411143310005,0.4304315923309657,0.34265265893995706,0.36164736147274523,0.22593451642224194,0.2660936294811446,0.2637263890558951,0.21332770484457966,0.1661155348501551,0.04274955649670188,0.08763484428708916,0.029861331976364223,-0.04401656676280736,-0.08495972026151918,-0.21206719860459772,-0.29161411833998185,-0.34791204769466527,-0.44349058672763714,-0.3685320769018636,-0.3642994560530918,-0.505823833210795,-0.5726244662206117,-0.47473269324641976,-0.44956705241901573,-0.6210430758161567,-0.5479072138404228,-0.5277821272244209,-0.5674496488333842,-0.5500439684927061,-0.5127927509466957,-0.4754175422625548,-0.39771671859044216,-0.25591190018547594,-0.2151633002780463,-0.22560463193875283
0.2666346530201479,0.3654419013193737,0.3331225118599125,0.28352654176488196,0.4128646777339341,0.3485489994986166,0.37523425451496567,0.3360139543521257,0.41381632758964604,0.30495794386379027,0.2947498048763963,0.25350748705881687,0.27727765830132545,0.25241052016914367,0.1950192573091353,0.14681151047641222,0.1353079837787177,0.021796213948311098,0.04654207165274973,-0.006549672258908191,-0.09524778183407916,-0.24929445257856261,-0.3310082244870989,-0.2410722674545115,-0.38116215980138557,-0.345565521946869,-0.3915263642327409,-0.5012792216846187,-0.47544772975436916,-0.4907086450378611,-0.6142095775006697,-0.5582352804262873,-0.6157677237876773,-0.6595770558605522,-0.4596086873466482,-0.4781762415551032,-0.5174882530807922,-0.5480907854884728,-0.43672606022234023,-0.35903744347543054,-0.34278737747122007,-0.18624306967155912
