gfs-wave-data.json
{"header": {"parameterCategory":2,"parameterNumber":2,"dx":2.5,"dy":2.5,"nx":144,"ny":73,"la1":90.0,"la2":-90.0,"lo1":0.0,"lo2":357.5}, "data":
[rows 54 to 71 of 73, columns 42 to 83 of 144]
2.736975057227222,2.4632127692994383,2.631186923994524,2.6061647107246966,2.3251509754344637,2.4391645857414592,2.240803073431922,2.4713372354944387,2.189857410097895,2.3856279916550616,2.0632772715307968,2.016493721008086,2.1581344572770913,2.270095142562367,1.872935130345651,2.1745905996344668,2.1011383087912407,2.2485164783275877,2.0859529437603346,2.085985799649619,2.0758394478599276,1.989959667686252,2.071222824379126,1.9508089035649123,2.0110869507087554,2.025112844276292,2.03658443865283,2.0627791344262243,1.9923574916338131,1.9304980804763254,2.020942671738746,1.8643021957541757,1.8482859941182426,1.8786375421364656,1.917085895001379,1.8258804802606645,1.7557962909931022,1.6207731661803926,1.5063396539032423,1.5450372443835023,1.3986599271588298,1.3505845803597365
2.69371845708121,2.4898962505769306,2.714751626538222,2.5253165096856205,2.332507028289079,2.63146200354363,2.1954235440893224,2.143897995817467,2.2346562741613907,2.2597679833578326,1.9905343740562664,2.0756326495912307,2.450074182708865,1.986175839517825,2.2406453129881876,2.007476052770335,1.8600271285362524,2.042686527955539,1.932499364530998,2.072258494690032,2.14144187902204,2.187697366852878,2.135366313004284,2.134169311349467,2.0822204737323746,2.2113646627786903,2.1733257427617048,2.045571246776149,2.027755182026627,2.000291636851061,1.9838612792199284,1.8886869128933954,1.9019653168475756,1.8059029847736838,1.7965002584539533,1.751118651060666,1.7481122869060208,1.6075489827185738,1.7129534105793158,1.6929762986402515,1.402128471741463,1.3556236750114936
2.597818466345218,2.7142047827597873,2.744970553512787,2.525184737174895,2.7095771067979086,2.4901598668325042,2.2286402185920537,2.275938327712595,2.422235115517939,2.167699416514388,2.298753430653487,2.251864779985959,2.0285463399070593,2.144112172378277,2.364133248540588,2.069112339163215,2.172648890323226,2.0569519234226408,2.152627770595433,2.3481572812367526,2.0582518185360814,2.273761171100532,2.2846959742647286,2.114126688160272,2.1752615882033894,2.0314426598011153,2.075427646318744,1.993178741371073,2.1575048302662547,2.0737933185795643,1.9822455513770738,2.0108722754965713,1.9508651284016663,1.9769910886332418,1.835692870967806,1.8465769805605707,1.7598073589337422,1.6504404260417203,1.5423332415108688,1.5217178233137814,1.5869487007919898,1.5310066746731277
2.8068245143589055,2.6442568770675625,2.5489998144384582,2.582230504121484,2.562737665628697,2.4159987063516613,2.517375381900835,2.33078726175971,2.372418683002879,2.126731391068977,2.3388111070043656,2.4403499529269297,2.000873796945096,2.1374961876092073,2.2235162211808763,2.130110308583468,2.3486708645927505,2.329836515721852,2.2938644453854957,2.0316622140336706,2.109804609101749,2.040878961593726,2.274129985692932,2.0371749856495147,2.085691067923125,2.1191370412272543,2.0716672944441705,2.153243597270773,2.107626133184324,2.1269757237178757,1.9753771977094092,1.8872544903479163,1.9334328781990306,1.87257603388797,1.9517268255486029,1.7989931843381712,1.7959851202105677,1.713715711779517,1.6513102651133578,1.6152005461974508,1.6733670931596463,1.4623068946222193
2.6492641595919952,2.7006250618094265,2.4687832917716244,2.404802938617331,2.474143088892434,2.458644467519336,2.395059546632709,2.4884716067927006,2.4821942545807816,2.3996763302050006,2.408286610416181,2.305761878669175,2.2478294888556096,2.2510783739563216,2.125552171944254,2.2634614209384605,2.2397324228547553,2.3088396158629636,1.9696927472364631,2.327981441828612,2.3239965857064298,2.2128578988763334,2.0785728225418545,2.219378461112588,2.1178195487954032,2.0938456497146283,2.095693811657309,2.036795053269086,2.1204960201250493,2.0232145777782153,2.0073763284927555,2.0174951571923927,1.9654782594745515,1.876040162936929,1.844257353656945,1.8622834643366935,1.7710374526680581,1.7261500571094737,1.7687840577150693,1.6702134116719385,1.5783360463214333,1.52898505934563
2.668651317480655,2.753160192701549,2.6031802843932836,2.4962504957907456,2.520946301548701,2.323600236728779,2.4481655518489998,2.6027104777322014,2.453284704026862,2.3063107512475507,2.0712910657739876,2.445371977643703,2.2560144116784295,2.2875214374267174,2.4302048650281436,2.0653710202512783,2.1759190098736125,1.9570628291099446,2.0276942585833533,2.237219863233984,2.193031456607945,2.076939913474216,2.3053900150452447,2.262142967345239,2.217617138358907,2.1234804794887654,2.2004750184889055,2.198415484706051,2.0731212708108875,2.1659346620267326,2.1128333710101708,1.93479830329092,2.00925160443728,2.0183495053718237,2.0070950591579892,1.7648257372626468,1.6706273001312317,1.6885013209432864,1.8612957565772665,1.762529621729082,1.5957338125954417,1.6799817143663918
-0.034940955838665806,-0.047027719731974206,-0.05057470519420066,0.02666379262813316,-0.04590777897006566,-0.04679503331691458,-0.019598236342251153,-0.02669771748950277,0.0027838779540721175,0.0011955539719662707,0.048264219908841346,-0.02206391903240401,-0.03346630486631885,-0.03127907456647508,0.03566083734362446,0.0329241711156436,0.02822614851421502,-0.04079223088281549,-0.02453077756383189,-0.0004854528379099048,-0.03664188722283399,-0.06164650769304674,-0.039485195690767055,-0.013952554896049907,-0.04340396809011252,0.018188634567752958,-0.0370408761506359,0.032437126481997446,0.06006300461620388,-0.04673416995059094,0.012716243554403551,-0.036276344531862015,0.0010876310587325235,-0.036765407113099294,-0.03180929091536705,0.050365156126891304,-0.023951499330771644,0.03060928221621256,0.021301518774649267,-0.015907976259789847,0.02453886503191864,0.05752743234706502
0.4224466273850479,0.30330394808997135,0.3477483709219761,0.3141407227765144,0.4139486659651589,0.41936848670460913,0.27226778457062306,0.3723501863245287,0.3407708896811358,0.30349134882507006,0.2391096658594267,0.23343956878866642,0.24926754162967038,0.21926086837159875,0.1606650268306884,0.15381853605665557,0.08078218140271919,0.07325104758775088,-0.007864305292346978,-0.09367854974689564,-0.14548804497184645,-0.14406216481407672,-0.15855385437271147,-0.23270924092571393,-0.3687474337621612,-0.27192852488934144,-0.3528170715203849,-0.41044997975421693,-0.4079625403226444,-0.4764896393863645,-0.45673008040140034,-0.5260966064966783,-0.4827895335333859,-0.553786318197885,-0.48217705650600196,-0.514978261527371,-0.48668417473084347,-0.5104881061089639,-0.4841410516235363,-0.18307356780125683,-0.1993588247151391,-0.20744488342998618
0.294955260294128,0.2852835759311291,0.2694977457135194,0.4296885674431883,0.3296120120379447,0.23870521524847854,0.32507559292999494,0.35841038691787397,0.26577750887794493,0.2998066261629145,0.307094114886181,0.20623735529276072,0.22484726778310615,0.283569134472195,0.12480274497957874,0.2288599111567461,0.08473586050650549,0.00566048309418442,-0.014916075740504018,-0.0012613123056141912,-0.12823063965966847,-0.16383574644991006,-0.21202834422949685,-0.2387448458213108,-0.32189508095530417,-0.25988532829649286,-0.4684983412690572,-0.35294836271356106,-0.43657362648650466,-0.5088031464881256,-0.5211319082283332,-0.45288873206088864,-0.43360800334824795,-0.6297939612511112,-0.5559624050463686,-0.6110726497699133,-0.41370883848594103,-0.31069856825339864,-0.3716399181113613,-0.22221302730082043,-0.2918711098828125,-0.10951945401411066
0.2391442530482723,0.31005752588717694,0.38197907909307155,0.4317015439579062,0.4018222977709906,0.4311899689230164,0.26730313102671105,0.43580573231952974,0.3138808254384711,0.30892815381684735,0.26807916526992337,0.21677355095817416,0.2559512077494964,0.23787980340312095,0.12345131269949516,0.1290096256856441,0.054916378549441605,0.03028135071381139,0.04921784034968797,-0.04677387221210025,-0.11234454562062621,-0.1397956990142541,-0.2599833092105412,-0.2861237325578062,-0.31991626581823485,-0.3134639799006541,-0.37404043752502614,-0.534642450563631,-0.5062561521088876,-0.5690757241587121,-0.45471011616856377,-0.43981945902113867,-0.508141410900837,-0.6565613237997004,-0.45889172033299913,-0.49645959369213477,-0.44377293269583107,-0.43089477877430454,-0.4631243250335718,-0.346672668474166,-0.19190476814254842,0.0012439317596485717
0.3629494457973469,0.3728232211685534,0.4221966889375263,0.34866035725508565,0.321904206813857,0.32130037794387023,0.34649396689598083,0.4158782901493292,0.23465786152830218,0.25577074530955024,0.24846985952006115,0.2768570708550584,0.24981899442828034,0.14126719190326073,0.12402978811326958,0.16103098504210572,0.05109846312768722,-0.008992620937486238,0.0249475522849483,-0.11642735843284957,-0.05682820129896687,-0.10235100101267243,-0.2369548182794069,-0.37121851408592976,-0.2572267537061755,-0.4770157903457206,-0.3812347563057069,-0.388000090952052,-0.443417730938811,-0.5277259907196571,-0.45107002787766315,-0.6004698553147598,-0.6166644918050855,-0.6160955709453194,-0.5291829388316935,-0.6254596839531783,-0.3847614050485475,-0.44952628761275343,-0.4284974969005396,-0.36258045745273143,-0.13818995861678227,-0.1296003879779871
0.25405080164942095,0.318924721569706,0.4579604148908894,0.3190126312547652,0.2514789779957677,0.4478914066944585,0.3520929468843197,0.32562019993657904,0.2678534771213178,0.27483447302682174,0.24666385197186377,0.22509135803969407,0.21077881519370864,0.1613305310213021,0.1311254789156186,0.14093578872093238,0.167260082018856,0.07776341743115722,-0.020910545980145197,-6.858262721051992e-05,-0.09356869892248486,-0.19918033111756797,-0.2080298555258471,-0.3604661182824998,-0.30859909385281364,-0.400779067973513,-0.4393705936091297,-0.417593333945314,-0.3877656207086972,-0.5211922618859197,-0.5922011537069493,-0.4579124266710347,-0.5517127323441756,-0.6138388355260541,-0.5789791495064966,-0.6376077837125057,-0.5481379586082483,-0.3235984261428724,-0.4180632340309384,-0.31800632756487696,-0.12644007152208117,-0.22284907776181584
0.24003734083177908,0.2759078458154758,0.29268687252277853,0.3333715138931982,0.346327888815174,0.33901484217782113,0.28335858436810896,0.3156942014524281,0.29088858431213743,0.3315637488481224,0.2726961417253752,0.3130221733408426,0.2526417603062773,0.20447693283196883,0.12340226443161387,0.07352835423241491,0.09959795228840669,0.06379112528833412,0.08400708236033723,-0.02729215798828902,-0.1242645496364057,-0.17112653523278462,-0.20556540800202386,-0.24877661622409583,-0.34377432313066797,-0.29080473740001217,-0.40387462508767935,-0.4744102544415298,-0.561006598909247,-0.48177914634197905,-0.5029642225718894,-0.5265553962304066,-0.49282842977418845,-0.6471253677622447,-0.6663329412433381,-0.5586238785530082,-0.38515563831947586,-0.48494376268264017,-0.3408262590987123,-0.3884183239784284,-0.12040674905892164,-0.0166209781922993
0.37582968110846904,0.3978688288272764,0.33528345913482793,0.307633379709233,0.40308847349372157,0.30142802648014516,0.35630357277673547,0.3796568608616542,0.28643006641876867,0.3223646303632763,0.3724745111724754,0.32343963529601977,0.32804148861489385,0.2892606406797311,0.13621081323799827,0.1502397792029211,0.14697936168668105,0.05400274893526232,0.04808931821886168,-0.016439887400768315,-0.06653770841053415,-0.12696135997264874,-0.22360732158437965,-0.2376620303091535,-0.3303560087685578,-0.2909015951580856,-0.43333890773100436,-0.4141946275677167,-0.5802641797757719,-0.48457599226218884,-0.6238784766206473,-0.4773609107338908,-0.6409407393049927,-0.6927461558582279,-0.5798744518016974,-0.6173715329501424,-0.5984359865276925,-0.4663113720937469,-0.2631096769515425,-0.2494222879221324,-0.30700301850688344,-0.22520504947558614
0.36743297843909634,0.3707730128429057,0.3390893823385277,0.32226199694161584,0.45522814257520755,0.2898182940342681,0.3574984429204109,0.35804280538868155,0.34068662522757065,0.3743433736621298,0.37842826809743874,0.26463358529790704,0.24082686822361812,0.19914001298155137,0.18534621520818012,0.1051449142815245,0.14253462120680618,0.04265132641316895,0.029049286606288204,-0.12039846145012328,-0.22363028441384675,-0.13500986874005186,-0.22938359913488646,-0.30635772549154394,-0.38287206821774217,-0.3943313832468891,-0.4703185481441993,-0.4839277952888492,-0.4083229970558958,-0.4979581441560879,-0.5578792138513914,-0.589382125380021,-0.6862703021815137,-0.5435118786415086,-0.6182989794042513,-0.4291607587942429,-0.48355566360449603,-0.5256922228678115,-0.4525100931176053,-0.2607599530870565,-0.22077263220341148,-0.14141000212114202
0.40955270673529365,0.30706551683273947,0.46578215174548776,0.3620334563547829,0.4086777423076093,0.31729194126240834,0.32383082711829203,0.3846605556752845,0.3532815588600923,0.2949877671328534,0.25924134855403175,0.3551613148100138,0.23265181719984038,0.2755273438172521,0.24623455931972754,0.09827673553950575,0.0755002065720575,0.05531200806199283,0.021466468304032045,-0.10086909702547626,-0.12191799140065607,-0.1532149620023691,-0.2771034738555009,-0.302654379894707,-0.29845670825722387,-0.42822286786663266,-0.4931854280996585,-0.49650955696259363,-0.45913060636017117,-0.5574872498580887,-0.6667647731054348,-0.5373239225859979,-0.6087603130021445,-0.5426500397979586,-0.5586604718798621,-0.5452799714334645,-0.6561880820671961,-0.46921509841797054,-0.37835130816029733,-0.4419994567208424,-0.24034666232773744,0.004499678720069869
0.31598715096187846,0.33175085391962883,0.38872074534322976,0.39158097630505423,0.38966690458743586,0.4076608689891341,0.35112758753152135,0.33489973791195016,0.34227543635116264,0.3354024507672572,0.2781474337381578,0.30061548091541,0.2567155351465472,0.24132885689360647,0.26325868611892167,0.16142362334333937,0.15970405752430392,0.03780337590043272,0.005407691582488401,-0.012514468726732859,-0.16319355151909593,-0.1214167632879992,-0.24265904324322268,-0.23666974805964464,-0.39746771987759644,-0.4542431391241299,-0.41858112592216173,-0.41160525042298346,-0.5563817028048706,-0.5180474318804549,-0.5227214547734101,-0.6004323414989886,-0.5387431856737394,-0.5709251043869804,-0.635693777846442,-0.5611336417962334,-0.5847658394522338,-0.3844753611288134,-0.3837731488544112,-0.2131054950999072,-0.3336575848138912,-0.15290151734420035
0.3291515125422009,0.3314217230807847,0.3461199163694484,0.38602132550020324,0.4025925802312527,0.35018531597592034,0.4070821599714472,0.4122901802529212,0.28774364570048433,0.3713193249388529,0.2563551579009731,0.2122082347401331,0.18751544432789494,0.20119437290745998,0.19910030002807055,0.156954290336274,0.04946139645214588,0.06675423265709142,-0.048413519781410286,-0.018890970468909318,-0.05248495590759335,-0.13416498699936655,-0.1964339520059151,-0.23246293108306967,-0.3491094105790799,-0.4055050160106615,-0.5399045649083887,-0.42932464627523204,-0.42437496921885504,-0.4960144921024037,-0.49831650206874634,-0.5489336254901888,-0.696383726627469,-0.5921007386603969,-0.46681182465474996,-0.6719708908425875,-0.5079216437069212,-0.5018695998395493,-0.44943493241576066,-0.24979114735251368,-0.10240822385095937,-0.06689034999455458
