gfs-wave-data.json
{"header": {"parameterCategory":2,"parameterNumber":3,"dx":2.5,"dy":2.5,"nx":144,"ny":73,"la1":90.0,"la2":-90.0,"lo1":0.0,"lo2":357.5}, "data":
[rows 19 to 37 of 73, columns 0 to 41 of 144]
0.4314446765756728,0.6791312284339963,1.042451447329821,0.6558123545681913,-0.060949866274714756,-0.15224149548013394,-0.033403718926710776,-0.05732206912077636,-0.08468648637071591,-0.07121826306422982,-0.18753379308262702,-0.11052048412200903,-0.04520390187675847,-0.05860132734657845,-0.18980049611804803,-0.1797275851477724,-0.16956135044543208,-0.18457877095467567,-0.008896853859304412,-0.1926500173150792,-0.19731091062930597,-0.1447659124962697,-0.19514121301216986,-0.09105784423130613,-0.1805405991581631,-0.025078899845892982,-0.040231730932037316,-0.023971913025399177,-0.1302968718008922,-0.058660944595279374,-0.09838863148614878,-0.16377828160244876,-0.09584376257446518,-0.03696636218226788,-0.04049209640889591,-0.061978402775391815,-0.1707232403513816,-0.025714304666751415,-0.0924704885592525,-0.136933134387202,-0.06964834435302007,-0.021396751338195522
-0.1230332898594758,-0.16018960191840248,-0.11456605047276473,-0.10304800523903883,-0.0698134668628985,-0.16271226790928683,-0.09900702075332878,-0.17409892949340733,-0.06625222684134693,-0.0761244439635829,-0.13884936462911415,-0.10947208281825659,-0.09314966007370842,-0.040742535302004876,-0.12101061306932961,-0.19651861299725482,-0.0007081105334992193,-0.05955761453220355,-0.06654387191833079,-0.013342015681470133,-0.10270715233613067,-0.07365298500364365,-0.13206508554340723,-0.15550358160509076,-0.026179690705474722,-0.06913425334966711,-0.14995365307309216,-0.020382539512261256,-0.12762518594675876,-0.01656534669822952,-0.038153741455171274,-0.09245263675406475,-0.08223724818057294,-0.1334137854638901,-0.1284255044732188,-0.033721287576869555,-0.06804552462212757,-0.15077591151506986,-0.1303713666807976,-0.026904848031809876,-0.14099451299475832,-0.11910853925093434
0.1416205229354642,0.1836472850679981,-0.29871411199788267,-0.399862629712328,-0.10458965525712496,-0.4841656363617611,-0.1327459329528632,-0.20230220471371924,-0.5681311760808226,-0.5784740233966896,-0.4757498703623611,-0.7097847070766473,-0.49793411235304325,-0.5622434992515194,-0.48208836109247477,-0.8405439398408867,-0.7717035519315779,-0.4247034070084198,-0.5926648614161575,-0.6550391610151429,-0.49690096647067883,-0.6569936150188195,-0.4019355204028837,-0.5377678832399976,-0.5173326340272549,-0.5398154892703986,-0.35055236193357003,-0.298946190255831,-0.35162398588844473,-0.4215243241724704,-0.4195093416324802,-0.29939783241183887,-0.2584370377261668,-0.10044071835941974,0.03655980119831229,0.05685812695564983,-0.13476050982954543,-0.08479612835918199,0.14645555180864545,0.16292942052551912,0.2719689890447358,0.19818214830243971
0.048517186721216736,-0.18336423899282098,-0.18078850469228464,-0.21403828489927199,-0.327055391822138,-0.10342923390847152,-0.23246274322826188,-0.369275749151355,-0.366949067423978,-0.4222674616611296,-0.7023746442504301,-0.5507271591026338,-0.5280726637009674,-0.7311585128422583,-0.7204819555484623,-0.6863195995429759,-0.8335785783222643,-0.8425609745274494,-0.45330758510719815,-0.7134964355483424,-0.5098751571047531,-0.47785299054621144,-0.35255901954192914,-0.679615033843581,-0.5318562605695969,-0.5448082358935556,-0.29579488110166674,-0.48325399505405603,-0.20152593151493156,-0.304081288361127,-0.3416870172701053,-0.3683474981365706,-0.22772310749647456,-0.13778321097459256,-0.17534777329743625,0.04965534910716997,0.01252226846759994,0.14721560775409304,0.12670788565814206,0.023672556109834163,0.23873057383683016,0.236190499813354
0.17434429639689691,-0.09117102486748993,-0.2291277313272008,-0.04693620744062145,-0.23729419164735543,-0.09684855082598941,-0.45510793737330973,-0.34657101551000824,-0.4521052733647301,-0.29137051996993146,-0.6560457211294071,-0.5625241313770116,-0.7253420959665541,-0.6793661336579104,-0.4581495842585837,-0.844498218950243,-0.7723935061781371,-0.6385976002545354,-0.6429126662082596,-0.6148272334390896,-0.7090559089744154,-0.5505795679659548,-0.6697766053587872,-0.4492295113248061,-0.583600478547661,-0.4585724667248072,-0.4459683355637798,-0.41375524486361054,-0.2357473025577059,-0.13816364417085977,-0.2152998326427587,-0.1522167559938992,-0.2907635050516034,0.025758092355702686,0.06590237604544465,0.04773293192106698,-0.017485477719382497,-0.04367621436818658,0.15951028045418583,0.14081120748210058,0.07304964759654319,0.0979252900945242
-0.14879796925271635,-0.0718125461498045,-0.03612866238374028,-0.03308481379916134,-0.15595772510642011,-0.14466556912417403,-0.030179793598987554,-0.03515330847095126,-0.1345264028516538,-0.06298934027955339,-0.1930970630347719,-0.06703647132190714,-0.08362758210519888,-0.14010373304195387,-0.1579221849425768,-0.1865986921530275,-0.08628643654609373,-0.2014531576697318,-0.16272730068447172,-0.03617010331855345,-0.17642758459796268,-0.18455560507627528,-0.1490133528682476,-0.1264833712183865,-0.08340838475548099,-0.14529238336916747,-0.005987011412714613,-0.07567051564133628,-0.007374610967641041,-0.019400468364613826,-0.10158257686778094,-0.17120746629377742,-0.12746615725034394,-0.006523002761584893,-0.17862677512639538,-0.1980544426325427,-0.10839183579267933,-0.10639733384070248,-0.1160081110552954,-0.17966832410083666,-0.06678136808631824,-0.05636818074816816
-0.44668613164602516,-0.28357912583371747,-0.5246729315352038,-0.49744476341952865,-0.3394588284833912,-0.5068615318016728,-0.3399259150328294,-0.2964737978183617,-0.4587046409448586,-0.26799763020221373,-0.43104825575508005,-0.33260333637191963,-0.3393822825316277,-0.17988228459076747,-0.3772677934168436,-0.4873752688900629,-0.41580987481909454,-0.3505005529144098,-0.4443139731753484,-0.3851600156271918,-0.25198713779838394,-0.1539757727571163,-0.308447994589219,-0.22806182783669818,-0.29825386623147543,-0.28579431124431137,-0.29948627860424093,-0.3262905563343996,-0.07853448841803544,-0.35078403102310435,-0.18212613944635983,-0.3439249660007282,-0.13523056379844542,-0.10331559517642915,-0.26521882313013506,-0.19280281551191222,-0.0440127581194747,-0.009976834391235027,-0.23463432733842055,-0.10604124972214973,-0.20165996631609312,-0.012251518970612463
-0.5429706683021341,-0.34439459217908863,-0.5070142076106263,-0.4863473053591557,-0.4068669587015615,-0.4088103562353375,-0.4138450238818544,-0.4085119023830894,-0.33243429174713934,-0.3623411664348365,-0.2819315357837067,-0.26119748492797734,-0.3200164313149388,-0.27878975829967156,-0.16946870548462534,-0.4949240556269648,-0.22150364237244752,-0.2990761804834233,-0.39244277992968757,-0.48303476798497375,-0.1266557428812524,-0.2548599471967078,-0.07547631895716479,-0.2774060400826281,-0.2782164625097962,-0.350031747601004,-0.29036673928095114,-0.4243771568818393,-0.06286617617347606,-0.24498371075736475,-0.182583213489652,-0.19523609367282105,-0.24459958783671953,-0.317255834755499,-0.15948979752989412,-0.36502750967820363,-0.0371058076608825,-0.012043554946890729,-0.22035760237488333,-0.11791488746858854,-0.05546132979867949,-0.312468167388995
-0.3922193007171104,-0.5118431267180743,-0.45517222030994703,-0.28527006232235647,-0.5026340472103493,-0.3834409294915739,-0.38178909687981893,-0.3877608918078067,-0.2866943226997165,-0.36393546369483165,-0.5073281588876597,-0.4817505695198369,-0.41242198880308845,-0.2326857196188118,-0.44957234339348096,-0.2870500367232736,-0.342399377689923,-0.3908803082137441,-0.4090066118460369,-0.10596890490698718,-0.4627058960618339,-0.1413276312666026,-0.3307283358158926,-0.43858186986997116,-0.057083173759727754,-0.3391322550964785,-0.07518864061505483,-0.26350286409040163,-0.31954371573084833,-0.15818171751224144,-0.26860524107725187,-0.12743603074451704,-0.2169574712237377,-0.020664321486677375,-0.07645203893342963,-0.14516561912253687,-0.030538728017144346,-0.24435456101977582,-0.3023551047832957,-0.024108598137759358,-0.22430850940659203,-0.22721212736770274
-0.4147677867136652,-0.4758931076663123,-0.5286445873251874,-0.4403807237590585,-0.40308079226452215,-0.5606618373386972,-0.5705895137202747,-0.4117855831461187,-0.42307754616674487,-0.21870636397241314,-0.28078260396733135,-0.46043347541474144,-0.31401154432379164,-0.19270896246353955,-0.21582451998467458,-0.3847340747668698,-0.4012556115482451,-0.19723830590101774,-0.2200918139313555,-0.24290958755371606,-0.3201144713345803,-0.21042403229186182,-0.08949257099157334,-0.21536365362282542,-0.09412148698330208,-0.22951768138296125,-0.16099456767585069,-0.43349712787946587,-0.42996019011714187,-0.12280416084811455,-0.08475280578109141,-0.24268190429420147,-0.09259187453415182,-0.2637068168271831,-0.193181842820001,-0.11340173266114977,-0.0011677972304931523,-0.26605358341401564,-0.03629577508750662,-0.132110405000016,-0.23273598272244556,-0.13620046951264705
-0.4471477705778958,-0.4236528402776698,-0.32802985965219394,-0.311688958284018,-0.3810082552968882,-0.4058629171618499,-0.27501903689109397,-0.2628360068138301,-0.3709769565435728,-0.3374096933159822,-0.40718044635383494,-0.37229416971754087,-0.4450454325837497,-0.39113078616710645,-0.3126704009237681,-0.4073790866042873,-0.1950001442898317,-0.4966301276772817,-0.37989352047221603,-0.4713512078464336,-0.28680062148577423,-0.18750141825048933,-0.1685984339784695,-0.2028084586332711,-0.06500347434944129,-0.14349282314608894,-0.1272340251209306,-0.3606195762318569,-0.14758906427950427,-0.05614594908094119,-0.36023083899020075,-0.3740129815084622,-0.26828351999279565,-0.3802915703202379,-0.034568442446892805,-0.024559748150411925,-0.13365233744885385,-0.13862959051824594,-0.1922921028731073,-0.10787918645937654,-0.11435557635022336,-0.15388155601554857
-0.15383635448091973,-0.23765353732942937,-0.12487420400030647,-0.22714123490848778,-0.11592479038731378,-0.22121300402640354,-0.23283456895472332,-0.19418854126272833,-0.07079371389860314,-0.09724870641090569,-0.22132926034615932,-0.1888207050284175,-0.23625195273908542,-0.07919791599570802,-0.12497454151287964,-0.06524135320996648,-0.20140442388482557,-0.08029624177003451,-0.10715726805908185,-0.053007055626028116,-0.1505851438759514,-0.1692637149748549,-0.13400852920581946,-0.18535114783648543,-0.2356581179817455,-0.12269612450980143,-0.15717695264432338,-0.0831917600751895,-0.174761561344695,-0.12025138528352623,-0.13866580722377247,-0.21110377819050186,-0.10203459012436042,-0.0981988965874144,-0.12085785702281947,-0.18723000690153738,-0.0944489101064426,-0.21821560210979127,-0.13200087224334828,-0.1319065257801525,-0.14388265762362543,-0.11265058246731531
-0.025378615285993836,0.17476888964043213,0.21384301644429446,0.4188727396455466,0.3382104888606182,0.6282870078748402,0.451046196280714,0.7570916418768239,0.7171547705708328,0.6474402125260257,0.8950208170562126,0.8134679954912303,0.8715434054842867,0.8227045295760478,0.7783204082993102,0.6958308487372568,0.844872136829151,0.7990768298604267,0.6199571827470736,0.6434838929575991,0.46441262653128956,0.5008111982733277,0.39876270494665395,0.10133947789195956,0.034654170965452785,-0.10502685292681353,-0.32418150035887017,-0.3918765691148716,-0.5307095289004924,-0.47332780745210384,-0.641025232001054,-0.6301510972584047,-0.5871361153121092,-0.5965523476354697,-0.58400474324243,-0.5746758077810254,-0.4646682589125676,-0.5817911661285314,-0.5369852568254695,-0.4025586524734178,-0.3541219062480962,-0.3304289236579326
-0.02106550731159706,0.20408513958434019,0.3465846373292584,0.23713159818406004,0.3324925546454513,0.5947859784963176,0.5090638842898789,0.7524643971694539,0.8027047020291732,0.8053992467506653,0.7905863267800246,0.8777312420507948,0.8522373451210467,0.7897952503701346,0.9557139207890112,0.8593814008906917,0.797130715520962,0.6986145275191074,0.6027642399690609,0.7694552125640867,0.534149360179309,0.439758307639809,0.32548766292928205,0.24288895060163818,-0.04562095944614378,-0.18700850182257533,-0.10025320553158981,-0.315333175442757,-0.33298466831437584,-0.5421365968166422,-0.5499375787050644,-0.6147975881137597,-0.6644029515340728,-0.6165117576430034,-0.6065534346977259,-0.6349924942296838,-0.5911067267675888,-0.5233214950348617,-0.5164363547444507,-0.381686010933702,-0.5413494894718334,-0.3207204047376502
-0.10651615355641518,0.16837447282801396,0.18855217409384312,0.3279768499866519,0.3639024542476472,0.4345490442147368,0.6273864281207157,0.7921142972042389,0.6867405204164211,0.7929784462009323,0.8348758729771981,0.9309442259919228,0.8837263825853302,0.920804726758162,0.7668949322111838,0.8042748083723041,0.9039958113174802,0.6946437038298229,0.677156606685155,0.6100976890328415,0.6391648972981673,0.2559018305074284,0.2976745763871985,-0.031559590472714845,-0.04094206825781329,-0.24765526007601563,-0.3177350485509772,-0.29708732287991346,-0.523415546194099,-0.5251563648860225,-0.6381962042513495,-0.6756822497083428,-0.6730719449726512,-0.615687482311703,-0.5418884920794854,-0.6003012578586737,-0.5789437028866996,-0.45337318547213384,-0.49254560683236287,-0.5230725777515101,-0.5284507076071184,-0.41080206155549576
0.10474353222516727,0.1757105173648298,0.23893255507088237,0.23146082666973367,0.3200553314068048,0.4984796111770846,0.5252542079651636,0.7755750549548351,0.6927030357441895,0.7422163422179097,0.8403450269339058,1.0001921099230535,0.8290902804063829,0.9598694968148346,1.0239590257264308,0.8926512290193807,0.8253915738308412,0.8520342866314787,0.6343174415607339,0.5720163483979835,0.38381161329786456,0.4403033316111279,0.33942501276451,0.19827497998352075,-0.12971192104782858,-0.12214532617306578,-0.399076128767121,-0.4191034303331149,-0.3826215668818468,-0.5106100284573856,-0.5227584300428907,-0.5361821655978902,-0.6987826212635748,-0.587656292859573,-0.67540868054733,-0.655379071438969,-0.6521644114079176,-0.4583696430033251,-0.5956600992091668,-0.45366113111572154,-0.44730763969663206,-0.4379811251165896
0.0013971254346664306,0.10929532913908697,0.17788915236306346,0.27426955752792065,0.5343511041343567,0.6111586261780736,0.5583892760583635,0.7971127506423412,0.8073996199480397,0.7918588130858214,0.8975672867182605,0.9867021339513536,0.9956635811375838,0.8240321388592698,0.9728965448550391,0.893730280628403,0.8697601921698548,0.7904178394777602,0.7386707881118866,0.7940086648872215,0.6139047288929009,0.6142508200021226,0.46083834058485595,0.24587808672382566,0.014764805910665407,-0.15451701431835663,-0.3239357985478536,-0.22427094948794743,-0.5782316539418398,-0.5046089666693071,-0.6320080288932651,-0.5670471646050566,-0.5852839707991194,-0.6843702116576317,-0.7095065308163226,-0.5816951197572644,-0.6928269869125669,-0.5976605195310472,-0.4654297151309925,-0.4384500510613035,-0.4894778709080227,-0.31065877412710846
0.07603498938080609,-0.012122087073200527,0.28629724630681974,0.4744340273911304,0.3281543764860391,0.4994267672094439,0.5440753347857116,0.6272532508859283,0.8648853310917598,0.7039993598781219,0.8828497020555978,0.811600665007102,0.9930297551463007,0.9945104510701221,0.8246102451251964,0.864847998748117,0.7610786634830357,0.9523597928465819,0.8931434405502013,0.5960853746066169,0.5983630926999226,0.5364770563685394,0.1456863594106241,0.20380438667640063,0.13952632546466096,-0.25564769879473304,-0.33204100410101045,-0.5516850726445844,-0.5965630878865394,-0.5699892137935424,-0.49397854628081433,-0.6818015664340568,-0.7379434246150408,-0.6770812768665374,-0.721769464637175,-0.5842882286387371,-0.5215557747949369,-0.6096469707596475,-0.5556595669489538,-0.6109430751583963,-0.4051892304146571,-0.3669301483990278
0.008405744593350814,0.2424221528126785,0.0999083836006263,0.400246574983506,0.355601739331142,0.36868305517684113,0.6409997813332304,0.5798589544651639,0.8293519386995148,0.808041081166922,0.7868655729806876,0.8806189552601961,1.038781448570741,0.9876649120331259,1.0748365007592373,0.941221157192852,0.812451541542426,0.9116080592505206,0.6554853207124065,0.7578864629852061,0.6273450423147036,0.5136350737442524,0.34654331989416265,0.2842607287182699,-0.12429647285947414,-0.06418500090628734,-0.19012745057148298,-0.3498207070487886,-0.4280933411870884,-0.6869140872775589,-0.6149704692361609,-0.7788896087006449,-0.6940077560409711,-0.6335233687349047,-0.6894753490853035,-0.5577823523082456,-0.537964953984278,-0.6374903287999242,-0.6140190395864586,-0.48818523592215063,-0.4964724891008433,-0.5058379778978216
