gfs-wave-data.json
{"header": {"parameterCategory":2,"parameterNumber":3,"dx":2.5,"dy":2.5,"nx":144,"ny":73,"la1":90.0,"la2":-90.0,"lo1":0.0,"lo2":357.5}, "data":
[rows 38 to 56 of 73, columns 42 to 83 of 144]
-0.4121208260663029,-0.38262799174887674,-0.3618809270063626,-0.23309442676565612,-0.18730821850763546,-0.11613532569727858,0.09890698933288568,0.13822967088958105,0.1804759942261787,0.15091291011891167,0.1907312636428924,0.27154760124003074,0.22443507073860117,0.3120265743473273,0.36526319528785667,0.42011354886008667,0.5214088071927684,0.5086100953555641,0.4625161593563242,0.5272097962475618,0.5940742271685684,0.5123889334903354,0.4090320451279674,0.37550115003220735,0.45745319719154737,0.35421136488737287,0.33538704622206933,0.438082981277545,0.2180794738538354,0.17577667399688457,-0.02053645879760324,-0.201618306028396,-0.27584327815153903,-0.24157450813830986,-0.6337308109649028,-0.4991650025440835,-0.7989566812168286,-0.6710787684302411,-0.7980407955422821,-1.0075742608105838,-0.9469438780474914,-0.9697967946516389
-0.500319181535464,-0.28694408952004274,-0.28454115508195216,-0.2001685743156236,-0.09447866564458966,0.009958038160625205,0.06210626304578258,0.11482645236541439,0.15487865589809766,0.2519342912725573,0.1917804792158653,0.1919585000307633,0.3823432840823131,0.3720878655982587,0.3998871568613849,0.329518489980564,0.37107077335279676,0.4718210502232486,0.5761217212248543,0.5646100368558685,0.46961613408603387,0.5258788719194608,0.5614493532549649,0.5376463081131597,0.3524781244455661,0.4779218504257041,0.4104376701128141,0.2195099732421499,0.27032698171926356,0.19941737508657034,-0.0688510911005587,-0.055581442232242824,-0.3749548029542726,-0.2806321023273873,-0.5647461619869747,-0.5657964878270263,-0.8177889602394712,-0.6978757008300137,-0.8586010364532127,-0.9649190323875265,-0.9855689045879463,-1.0677954223064037
-0.35691951099756575,-0.5293148124530922,-0.35413848311368,-0.250874226159534,-0.07305640182136892,-0.08507382294947165,-0.0756297901854033,0.033850092123591496,0.17062987742753888,0.20588135156000745,0.33875392438271,0.3246091083784432,0.35341831275883445,0.31154114729395,0.38659620122145655,0.43080487124780326,0.388036938923094,0.4085213458221925,0.583145354651314,0.5529770210397269,0.624329084377237,0.5155919686520316,0.4256481319381656,0.44329151102308595,0.5180372030362885,0.4858790388678293,0.2778313669548572,0.31608463181680213,0.17704712126522268,0.21813386647229524,-0.12111734848760253,0.00856336730834776,-0.17490881645722606,-0.34492032486962537,-0.42083901651847905,-0.548259009191138,-0.6549414747836327,-0.8216682349479871,-1.0266763728338713,-0.8509898380466275,-1.0124577400508035,-1.0106847233615892
-0.43678434572520464,-0.3473473176658953,-0.3354844597952912,-0.21317580695086394,-0.13938741693670853,-0.04190988936651329,0.07320751861811536,0.10442893698447403,0.1359241622985485,0.27063407660185157,0.21733320415439633,0.3136020038264094,0.28778445387679147,0.3266527979560872,0.412544460026608,0.3578390608316124,0.3818571901489708,0.335541379295582,0.47904309307617654,0.5738577091540771,0.492092468868365,0.4038503907980514,0.5286057480611039,0.470315983567685,0.46097786281889785,0.44940016458518106,0.4051086187067025,0.3477398067507016,0.2088720211730357,0.1414753524256346,-0.005091852388445975,0.0127828393536393,-0.3970024863462197,-0.24470434675312003,-0.32452531609382673,-0.6738492200524552,-0.8992920743516791,-0.7993370498670102,-0.8278353289717384,-0.9286544231573023,-1.0120472911888982,-1.0250462088508574
-0.3299452484995686,-0.3393926087062159,-0.4747965287876581,-0.277871760148034,-0.366552495813367,-0.4476905660314376,-0.39937826923335895,-0.34861729742184566,-0.3261672260344262,-0.3218720631580955,-0.3478380363952989,-0.30460163642998045,-0.35063067490711886,-0.451771695189867,-0.38253980991311404,-0.3459366494492616,-0.38449766739403524,-0.3565451256212595,-0.3479722206679926,-0.3131297514405895,-0.33409294766261177,-0.3035089835557538,-0.4664057003588177,-0.2957204866302496,-0.3492182717368035,-0.40146094505764035,-0.33591711397152507,-0.4677015925440482,-0.448092786123472,-0.43611764988893403,-0.3180846358505182,-0.35283235108972316,-0.3365911051013361,-0.3464989498386931,-0.4287568264358818,-0.3198092270986984,-0.36188229651910514,-0.31209929886720145,-0.4696604742638131,-0.382752398953779,-0.42980728178378474,-0.31155991802092103
1.043079503453059,1.0177796182221348,0.922580049022007,0.8954559874998014,0.785070881311316,0.9814778325429723,0.8137159612674395,0.9143799908844606,0.7345798363746792,0.6554584098264815,0.826414678371317,0.7612856991484234,0.5869412033530377,0.8686988369556904,0.6788817986483963,0.8171400398494229,0.6873499888834289,0.7000275941164087,0.7100735090799987,0.47684154666042466,0.5491191222229762,0.5966445642382373,0.6115015058736847,0.5284109893519243,0.46453193826404243,0.38876209816833956,0.6565586020206018,0.4730348774438232,0.517715629879775,0.4494098364968479,0.5118956144262452,0.4702591134326576,0.7692146647499065,0.4642718577000341,0.552685203075607,0.7837801068246447,0.7280483835793131,0.6156775657223135,0.4012452750858492,0.3178161282498613,0.5138748634720719,0.49610258140522273
1.0617409190082367,0.9528984148607057,1.0307158568601607,0.9662938593286973,0.9687566333333505,0.9200061924173406,0.9046670889822207,0.9442954490738801,0.7170311252308326,0.6412190161359829,0.6291269976184429,0.666003477499545,0.7341797391050041,0.7446147111619813,0.7611037320647482,0.6777017859282761,0.7087127532915772,0.538506633203593,0.5067551831542616,0.5064159822730506,0.5279730542845172,0.48695158201048755,0.6411904163822846,0.45707201059662994,0.4383417488984726,0.5130889755972238,0.5328345400829012,0.5199799946019179,0.46856872178160536,0.4652022544326333,0.3291593103465145,0.7571180196639837,0.857189817771018,0.5817030390370013,0.5221306228503246,0.5253858076700058,0.45332775044247164,0.4084904763481809,0.653617405850655,0.624762169393552,0.5051812086500836,0.30993992951119453
1.1089106265114963,0.9872319567266079,0.8690496042643491,1.0309724834858824,0.8129654568836284,0.8575785575028928,0.9375083301144294,0.6895542916470404,0.6116988265127165,0.8201924020225327,0.7174449235653737,0.6497178627161814,0.7464485872138706,0.7386619535957872,0.7229122574542733,0.7269890264784877,0.5379593257593713,0.46970399423101716,0.7460332078958237,0.4827477996955301,0.4094599279062113,0.5041345166115134,0.6165885066110529,0.42051356263991235,0.5288182717244099,0.4070404578927837,0.44080046179206706,0.547092841667825,0.45641717990264175,0.4739078880431449,0.44707230722950225,0.7424202960770379,0.7712322204298313,0.6995063366933456,0.4673463517075887,0.48202691571407813,0.5446988931740359,0.5152893151448654,0.3365287427507645,0.6408680274544778,0.5284458931836934,0.4740324268146144
0.7784324577780644,0.8215334223135927,0.9200145420286614,0.7288731635176446,0.9373436522630347,0.8829817771635471,0.9461628265678038,0.8250999439862234,0.684573427297164,0.693158831239842,0.6596673028235183,0.8841226029967949,0.7470348211046752,0.6190023839479019,0.5650741760529525,0.5844412142441296,0.5981385389940682,0.49907344699077427,0.5932615176268675,0.666651159424114,0.5239968451805127,0.5185029847667743,0.4536527334934611,0.5342275761993055,0.40141874048802023,0.5433586180210636,0.42426740595967766,0.5802229515093154,0.3989035476596138,0.3231562212299225,0.5145355649236104,0.776041153790765,0.7387990553021018,0.5262670231024758,0.5505841786597204,0.6524499792255992,0.5455547086912076,0.5436716673645675,0.6695436274041892,0.6500945403643065,0.31915910819572946,0.5125189412812234
0.9730489052004565,0.8176617631909662,0.9512828857773508,0.8986761562356252,0.9119017567630225,0.8386195902475709,0.955882442782893,0.7975465242852429,0.604773786602874,0.7842457703492863,0.8555951958677489,0.7383373101077273,0.7324347493155091,0.6616674198437091,0.5907104910581467,0.5687567347134896,0.518379226609715,0.653526039586491,0.6945422674099305,0.46531200571982717,0.5543022551028429,0.5903164393394892,0.4372648963858127,0.48757796671031706,0.584864850409324,0.5857960265396789,0.4312093369448992,0.5834151615978294,0.5037197103878457,0.5100625863664356,0.5079265379399378,0.5502474562553163,0.6259756014908976,0.43595544102411327,0.6226108012261662,0.7169987987625132,0.7181258501870845,0.7619449192051957,0.3401647732186833,0.31908495168130135,0.48990313773734706,0.5478857790210141
-0.3834375053867755,-0.3070733811831121,-0.27321983247981374,-0.3573278824085034,-0.3147057574543332,-0.37527244592489845,-0.28487429805469333,-0.2837089262056623,-0.3384812085156938,-0.3777411804356283,-0.4194109268087674,-0.255535312087798,-0.41127286065240853,-0.36268257067986526,-0.34359284359980374,-0.2738257349234918,-0.3447193367796219,-0.23451982680370254,-0.3892491897778403,-0.22802025285686917,-0.42085229167132615,-0.36120375710794,-0.2640636796479304,-0.3929292477664861,-0.27140894043374786,-0.3340003347125059,-0.33019656247299384,-0.3490314382688671,-0.2967294601577645,-0.3208344926699682,-0.3346559240898521,-0.25185815981562326,-0.2899130955364702,-0.3477127328945762,-0.37720298917315076,-0.2614917668587088,-0.383888141293451,-0.31345498593579857,-0.2750665404681392,-0.39332225378924285,-0.3201688764010552,-0.41011615056766665
0.09073119068537118,0.36144189176093044,0.27251923805297623,0.2984992070226615,0.26788787666595415,0.46606710413928687,0.5271101523771637,0.5553754191009098,0.41669802512051224,0.4293404180731714,0.45224972580729655,0.40364030529175465,0.5508264809313266,0.5578973432037011,0.5974994288001592,0.5922110236340008,0.49752339841620785,0.5214127227599336,0.6093010951997372,0.44667482137820635,0.5333667607238339,0.44398419317305854,0.2122840630555741,0.25951568992978075,0.3140392070868995,0.19762226409808187,0.0416507213259737,0.23498067439996986,0.307215033019463,0.027834974943120868,0.05598473186671555,0.10182892765994962,0.04419846268149332,-0.228336940532434,-0.394157830907321,-0.317824391601952,-0.18642515744862662,-0.3111121227029671,-0.5162542539772268,-0.3536564737506632,-0.5278505672824266,-0.2639155204581323
0.37914378713730934,0.22478035892279385,0.3132116347517923,0.4155693481005408,0.38792408064208966,0.3486511461847787,0.3149242157887383,0.2844955712886519,0.45362011781250205,0.3349657295680589,0.389922352896505,0.4367796070821007,0.3902681676195422,0.5647340399417887,0.3258870270914114,0.3424036659284128,0.5831965734916583,0.5050634296639386,0.2909202012816753,0.4962025043394535,0.32745359659778206,0.3872705849925372,0.4595863220973652,0.30025009989771795,0.15497946632718126,0.10205524731028674,0.15123385006809403,-0.04231328209687046,0.05954511775546065,0.05465827005018682,-0.22924329434960192,-0.045312865299334426,-0.0869127560876276,-0.20631319671239956,-0.11131618947679353,-0.3513519692602262,-0.473351712475365,-0.24898790664496864,-0.19171928706086494,-0.26554835078183336,-0.37711207288801607,-0.3518838067429126
0.18220507972940445,0.2654537839530406,0.3245958391071727,0.22510729608875976,0.43243721880472097,0.25713720672065143,0.37265935787132415,0.3228582364167922,0.3863541665608377,0.46150046116837706,0.35824311794981034,0.4177875882522995,0.615421316476117,0.35073681667019846,0.3679176015302401,0.32538606145541943,0.44808962553418147,0.30302273685051206,0.36092327435699767,0.42975685466354513,0.27611101890306095,0.5444924382220679,0.2173989611902689,0.4549612015231573,0.29489675542661176,0.35803594921773413,0.17922130427308086,0.333717289461591,-0.05618471521292627,-0.049159896586205926,-0.05731630940101434,0.01964068923441179,0.03166851938476859,-0.22144456490049486,-0.19721005869280556,-0.3852322822750417,-0.12757835526550462,-0.2865484216701821,-0.2390874156611536,-0.2325741802769263,-0.4456120594675678,-0.5544849234118893
-0.20225053231675166,-0.31338777029671305,-0.27224851624878166,-0.28707368380427856,-0.3716996227347837,-0.27587224544973665,-0.2770049893952912,-0.2247308137617973,-0.2687729317715195,-0.36316077205525277,-0.21534974202106777,-0.23641599975498606,-0.32883261029131877,-0.21094640495634542,-0.30145873855047717,-0.18837358911505006,-0.2943157909323424,-0.2112661789070605,-0.21467559779972842,-0.22364988730282315,-0.21998238998293362,-0.22257908976199034,-0.1835109322451588,-0.22572696182085494,-0.21140437720209257,-0.24257904343382455,-0.36891940038206317,-0.35139040475861366,-0.21018198629970694,-0.17760183635019533,-0.26826364165909805,-0.25796517748005016,-0.20193967030317192,-0.3599256912773214,-0.2830152923088969,-0.26523341391926586,-0.3615177021514522,-0.34926511639852514,-0.3184218651395479,-0.3113487473104635,-0.24875680830793542,-0.21255340928705513
0.3031348193225706,1.02408017193621,0.7096488547068535,1.0488075536062476,1.1759263978649135,0.8433653389771576,1.3505573374384932,1.2010593262722065,0.9982824300664781,1.2829183958276553,1.4366924045239802,1.002768119012686,1.4924181072104146,1.383274809240804,1.231562730255622,0.8750523390135336,1.1871051948523683,1.3383269929658608,0.7371676321852535,0.5956715583312019,0.9846263375484021,1.0941711594417938,0.4567113242885393,0.34294704464226394,0.31041178595937824,0.7349472208472455,0.6494543225357929,0.051018650669227984,0.31353475854177354,0.43983759308260617,0.03794458012120205,0.18694314549709104,0.007471491319871812,-0.4106898357960904,-0.22952894667538387,-0.6590622744693414,-0.2973776422624192,-0.7245314382642248,-0.6278894861926563,-0.9005042262491254,-0.7534829843403674,-0.6882855853262437
0.6305441996406492,0.359640774733185,0.6063424566503928,1.123116408842317,0.6146679685448102,1.3176122294843047,1.006103114445359,0.960651929223756,1.047164855567786,1.6515182738043412,1.5342178336326697,1.449239528546235,0.944744450459593,1.5984381823697056,1.3003237644739067,1.302841256791914,0.9059638652444455,0.8159949763959129,0.7311436595221553,0.6394247445462844,1.249750599333661,0.9552199700673177,0.8378984799458051,0.4962211130434399,0.503868839594125,0.40401629644495385,0.6778301378619375,0.5102473135341039,0.4724721929775628,0.3724290911613546,-0.07905031762976328,0.19771439954520093,-0.37547656636539894,0.0615392421314939,-0.1765488589202197,-0.6974201811139698,-0.7565279637902925,-0.5477821533765828,-0.7387874126290841,-0.399033110003392,-0.7144795502015369,-0.47608397675679465
0.8211693916932308,0.4848726005890059,1.0832552710371985,1.2746319466165525,0.8468325172608798,0.7042746016088145,1.361802300218831,0.8197104625682261,1.337649659892774,1.5325469981592452,1.0527608881884785,0.8938594065103785,1.157987777167835,1.007717001445734,1.0694443663949467,1.3708587937690049,0.7428654408580372,0.7493218453098839,0.7052426137376319,0.8043485747120266,0.9767725782856003,1.0715011644450207,0.6059609666377828,0.8916639463050665,0.8583344152503288,0.252566601673044,0.3363237772338804,0.5356151347840796,-0.12197962600825665,-0.15195309329098378,0.21620711101229004,0.05764759080529841,-0.4942838805334288,-0.4659021596959549,-0.09629258417804737,-0.4994136520195069,-0.737948180724371,-0.24091167674311903,-0.47401697937912446,-0.3832703559501795,-0.7284177695369081,-0.8116098849247603
0.8290831227015827,1.0436628967776733,0.44086490743638385,0.5241455214540849,0.6766236137831635,1.0876295510381835,1.2694473837341764,0.8816127396343386,0.895558026396436,0.8255847018277616,1.3903561031979514,1.5147571135869453,1.5094834990122186,1.1571727099264615,1.270884636045404,0.8196849412175573,1.3314649716331652,1.4415636644025178,0.7776508924748314,1.0208219884273482,1.1187443878395311,1.169611006660868,0.5555724548794964,0.7263523304595684,0.8836764170357782,0.6725186406236034,0.7071513533935425,0.21453193871873835,0.3998484288698727,0.1962970601994983,0.15843122849970054,-0.06681836584755818,-0.16671971227799018,-0.2663818469220382,-0.6470160616636141,-0.27430354464228285,-0.17177366778338335,-0.47105300771604164,-0.48363793629045654,-0.6750918575641014,-0.6873632125540444,-0.7875295382343181
