gfs-wave-data.json
{"header": {"parameterCategory":2,"parameterNumber":3,"dx":2.5,"dy":2.5,"nx":144,"ny":73,"la1":90.0,"la2":-90.0,"lo1":0.0,"lo2":357.5}, "data":
[rows 19 to 37 of 73, columns 0 to 41 of 144]
-0.9743086708565133,-0.8409089931339742,-1.15475818138435,-0.773707691771828,-0.39475609841548737,-0.3722624448599224,-0.3423188049902294,-0.397620631374186,-0.2738910303449786,-0.34141954928230966,-0.3252467874621567,-0.2308322468189322,-0.27565525392036555,-0.37369602850193934,-0.3101855174755847,-0.3395427585613453,-0.396240648005753,-0.3175165310877642,-0.255614544597,-0.34593726240431344,-0.36865443099312745,-0.22352051238570939,-0.3017081978250654,-0.38836406769022624,-0.33196536414737626,-0.2730785681207575,-0.3010632015979788,-0.24410344895658562,-0.36158264472163754,-0.32579026299322694,-0.23786967647756516,-0.3100592883174787,-0.3736357527550043,-0.23683290816209854,-0.32815811777574283,-0.38960713055541657,-0.37692535511244685,-0.24388789217150283,-0.26013750028653887,-0.2715397373050682,-0.2585162393540791,-0.3631971939809425
-0.2627498795981151,-0.21554240840574132,-0.3617817287900444,-0.23177656983239667,-0.40693630184653634,-0.2619477737633892,-0.39220722646297523,-0.330021654880879,-0.40276071345005804,-0.40713185678294617,-0.347518681083945,-0.3941288275914125,-0.2657492634592198,-0.3548939480395861,-0.28146135613986367,-0.23072525352119602,-0.34077678840356823,-0.38970480228791426,-0.3275186303104964,-0.3183053488952284,-0.34944018188076564,-0.37040864143773755,-0.2644749680441378,-0.31808020371369405,-0.2326844497298329,-0.38859466524828196,-0.24305050911252324,-0.2507853910162508,-0.39436657630774563,-0.26202819659606086,-0.29368405228818095,-0.3894290138495661,-0.28413912213011394,-0.2691138863776463,-0.2772642656148728,-0.3880127999830715,-0.24050621144912906,-0.3082875837645158,-0.2835543260306625,-0.4100603339485313,-0.23801710956452996,-0.2560292604308336
-0.01311314905298904,-0.2974583302307788,-0.07471962080512622,-0.33997330398306175,-0.3337484172704135,-0.4470086771237547,-0.5189656748017772,-0.4658679519663365,-0.503100407012786,-0.8533263005177678,-0.6311185166644699,-0.5998926555392554,-0.7441289845001945,-0.6249962296061371,-0.5806088847179974,-0.6499515939714416,-0.670467664179585,-0.5779021674939713,-0.5829725690686679,-0.5966937058021252,-0.5446415830773914,-0.4913490689878312,-0.4826687294039059,-0.75311374997845,-0.4787276848166967,-0.48404554206202927,-0.5429575812475511,-0.5496637385359796,-0.24052661348973706,-0.40795500372712773,-0.23292783671011802,-0.3733642183427244,-0.27269344883266305,0.0015668012467536503,-0.14199233643470976,0.09962452732877221,0.08660691288931467,0.16536740570857628,0.06192141693636376,0.13606909681384313,0.06053430758960022,0.3411136871630475
0.23920663069821657,0.09541189505477476,0.06511338024062578,-0.14831639843349845,-0.5920644012259693,-0.5429994169159407,-0.693046188089035,-0.5821674024259489,-0.31993722621017245,-0.3476436506752237,-0.8372139107513152,-0.5383305350074449,-0.8070546233717335,-0.9355807092119727,-0.9114196285153393,-0.8618683557054442,-0.5325149634715332,-0.6257425550653816,-0.5737665577117197,-0.8461560091258825,-0.6978376483081375,-0.5021132546830589,-0.6930943780081367,-0.6615330906356293,-0.6163483080561404,-0.36816057538427777,-0.42165397353918654,-0.31569288856852584,-0.26389258509411295,-0.3805334070614966,-0.22406599075785322,-0.39832414338833405,-0.292371709406415,-0.22403779764870208,-0.26749829691137206,-0.0027589868255552324,-0.09034810093035231,-0.13073851262121802,0.27707807004982327,-0.005048880704566715,0.23545209538939865,0.3541095636057969
0.17204084412350776,-0.37482257264895175,-0.18970992328003183,-0.3024085503015703,-0.5756053904330647,-0.42103724445315804,-0.22245234237330763,-0.6946344549392799,-0.4926630543230153,-0.7727519537284314,-0.4614080840223682,-0.9118555779828184,-0.7327386033737513,-0.7454972891856262,-0.8634196728653086,-1.0047983384448735,-0.6062346245004842,-1.0050746375671586,-0.6832639461867083,-0.6231955838122494,-0.7151318897341851,-0.6217221468849242,-0.5106026007849547,-0.6717942521672768,-0.37020926427154927,-0.41012146272283756,-0.7135079821962611,-0.5789848171602934,-0.399366486952263,-0.4667923855532341,-0.32653664282032013,-0.31868926302487904,-0.2725515297497997,-0.18301721161533807,-0.06599322964015247,-0.22978768395130217,-0.02576599164629005,0.11623930923325557,0.04398915819085841,0.2235130960370596,0.05714420361163697,0.13221969307365194
-0.4210536164380189,-0.40122522615840134,-0.4085707674997169,-0.3482096361011481,-0.3841317378599745,-0.26376468584642854,-0.3403855761165751,-0.35717778215886126,-0.37252635030480036,-0.4351310906505963,-0.3691086302246073,-0.34809469247589275,-0.3953514731701566,-0.3638406945462967,-0.3664384777664023,-0.26583883436850997,-0.27227379023987436,-0.3341213967452388,-0.4082904392927579,-0.27748261655032413,-0.4348742232808084,-0.4429659640404863,-0.2945419699562068,-0.29949004116821976,-0.4048747941219214,-0.2990271453626137,-0.34459408111988776,-0.25908901757994535,-0.3302087920675024,-0.32070677059463776,-0.4464004110720238,-0.3664477946001676,-0.44138062747678203,-0.4353306672982984,-0.3585391830018306,-0.4295137942871376,-0.3192083191431527,-0.44887079480758363,-0.28085367711815384,-0.35790056526157044,-0.41082241560602684,-0.4311096438478051
-0.6394805768231853,-0.557597437252622,-0.5169523543947049,-0.36617626578394663,-0.36290615796166625,-0.5566130324731364,-0.4690151180571183,-0.6212711938655961,-0.41384332527721013,-0.34462085140207127,-0.613354404589266,-0.34888599574999385,-0.2996671328055608,-0.23451512884629108,-0.5218291364232723,-0.4971385994061286,-0.4993837755224844,-0.590071988228203,-0.4814545017101619,-0.19957219421798447,-0.14217995962653232,-0.34115772601118893,-0.37826876219437583,-0.1573302115727217,-0.08880639213655522,-0.273345626029544,-0.5195725290184413,-0.41805463734037196,-0.1328410205454391,-0.27748633659540345,-0.2380897098342532,-0.054124076136875504,-0.13126138863597167,-0.16849166191785447,-0.3905127511764939,-0.2272870169738833,-0.03396469869482023,-0.17671672056352844,-0.05384843196148973,-0.1419883505359217,-0.08049542363769094,-0.4169857189966422
-0.5033857487968739,-0.4054172595933373,-0.5480223385843008,-0.4865636425529606,-0.4064250351771049,-0.610985464754205,-0.3225393612439003,-0.31957367176321344,-0.7022920279281385,-0.2905053170813481,-0.31701778485253895,-0.3587459541574006,-0.3582379944229109,-0.4651062506902669,-0.45587223933937066,-0.3189071645068456,-0.1657748575739464,-0.5633271650298914,-0.49759336479738286,-0.2880875887581954,-0.4585680606575098,-0.2716806552097232,-0.471366429361288,-0.48799036808232493,-0.25769223900029525,-0.185182849900518,-0.17819732413632253,-0.483444109733565,-0.11927837400076345,-0.26242210383552533,-0.06922427000908259,-0.24910548186304296,-0.4323785431938639,-0.2268983993485253,-0.36934465494277396,-0.4123272894019411,-0.08058555644677498,-0.024795196170232535,-0.10730822550226765,-0.23818045306193844,-0.21243205344107438,-0.3421033946210795
-0.5006904777691497,-0.41772639665318034,-0.40508507417662104,-0.6930973253575158,-0.6575973181451608,-0.46852911226270505,-0.5793867363120377,-0.6361345580086756,-0.4992208112035554,-0.39817328888930437,-0.625120830511073,-0.5934600432235402,-0.3411054008660364,-0.6245051163429406,-0.41902224196378074,-0.57763693147243,-0.2892320673936718,-0.45714704090806096,-0.23962666493195897,-0.3217710355316983,-0.17377968919944087,-0.2340878541042248,-0.16220212979253126,-0.3998800480273974,-0.42425257104068875,-0.20220184456409027,-0.4016992368925606,-0.07302190147546928,-0.26860186442329403,-0.44721087771323503,-0.4139102914209986,-0.4538719457224656,-0.28306050582664327,-0.23000851019018823,-0.021611784438918306,-0.3997733115178764,-0.20501423834383634,-0.03225544708422191,-0.14773607132502212,-0.381881835123706,-0.0804747766365098,-0.24195203760765321
-0.45685153695993375,-0.6978122412239353,-0.5614003586335669,-0.3852524726283675,-0.47863909446078085,-0.5112003773504223,-0.3366667142053899,-0.6075211941608593,-0.61053123476332,-0.3823323909626565,-0.6341402845935714,-0.3365465490547044,-0.600678682144956,-0.4522480197277325,-0.44623286581968274,-0.5216104767612958,-0.26282976970130256,-0.2204363972811573,-0.5078044019085298,-0.2934678440526694,-0.15201406282737517,-0.48587438292529717,-0.5127071331594221,-0.1200608944859611,-0.5529711238045487,-0.4695378930366032,-0.32411772304522,-0.24320455822654763,-0.18662951135753927,-0.3521304792438903,-0.3689323564125034,-0.41757911585054347,-0.10465348445289804,-0.43283624543994503,-0.09963976152641055,-0.08887779780787451,-0.3822097805848136,-0.19359128547721202,-0.4120257221331288,-0.3242399609912745,-0.11325555926019513,-0.39988674759601733
-0.570072468909671,-0.6485939279054337,-0.5675315918087017,-0.43023083104902055,-0.752680014338864,-0.7016016840675886,-0.34005878245248555,-0.6587200467217469,-0.613829814036878,-0.3710229900165979,-0.6072567153468794,-0.4511839379324887,-0.43777737816308676,-0.4960024005039859,-0.612786184475053,-0.2963658500711125,-0.46180155583517596,-0.2764830789021076,-0.3345318116338111,-0.39959891101886214,-0.25380616434426995,-0.25480097585659106,-0.16050309677310837,-0.44712050396433234,-0.4357140970526264,-0.2756732551120216,-0.141534946400382,-0.2941112934717787,-0.045733286581984355,-0.4304418471494505,-0.22175565183170487,-0.3570329140352224,-0.42039877412131504,-0.3850066823750882,-0.20892041891329102,-0.2155495726350811,-0.07442891481988105,-0.24460025374447766,-0.32051612170892313,-0.03274742651686926,-0.31906360225053537,-0.13418514937602116
-0.4786327688728992,-0.4650900487376408,-0.48755512152700187,-0.4530490980121798,-0.30084824074392824,-0.3559981653315314,-0.45325573622398346,-0.4135811663569201,-0.48713011915297894,-0.3554679490925728,-0.4726808273963984,-0.468412143726328,-0.4130985593472312,-0.3382810907988723,-0.42411235787696516,-0.3984869114638304,-0.4278758244287031,-0.4539606010417095,-0.41367102265190037,-0.4649039305369878,-0.42426263414751303,-0.31172496345374223,-0.3802098605370503,-0.4584363854633717,-0.3363674126079724,-0.3080676174841528,-0.3705913454905418,-0.38918495766931116,-0.4505801935974935,-0.372756346377186,-0.34511774368808895,-0.4655313414434663,-0.33385355962441926,-0.4237580036352309,-0.3128453336888957,-0.29625339376555554,-0.3063132514231837,-0.43416145682314256,-0.30515596429699743,-0.37203108817746966,-0.4748174316048444,-0.4140101599208822
-0.012174214850011068,0.09477722915162508,0.4104745229404603,0.5799639685886442,0.6549864041723339,0.6488951712865539,0.7840533536554466,0.8662618498317098,0.7668030147801992,0.929225383963696,0.9772887674762174,1.0759072048041418,1.0592169783743108,1.0539988313191022,1.1645785708774692,1.111881445857536,0.9044370933137318,1.0787899728289685,0.7058466014678374,0.6613713580983791,0.51453967212049,0.44330042571003814,0.39401209187212566,0.09883914499726522,-0.04986473426927959,-0.3573738787994038,-0.336330308907898,-0.542386789335835,-0.5890997335459346,-0.6094623045059071,-0.6432266823352334,-0.9352691332880406,-0.8186307866937076,-0.8237990548459564,-0.7402118118915125,-0.7089840030016368,-0.8511111238232557,-0.7606748569700215,-0.6668181499535455,-0.7106494076789694,-0.6512276766301024,-0.5192436884305774
-0.12062679963620955,0.026134053709703783,0.3841549386531094,0.3835619379616018,0.491187180224804,0.5127079015217445,0.7207572649399032,0.919508428781103,0.8783869632612162,0.908612014498053,1.1249905134734224,1.0048243896203628,1.1180514045708347,1.0305139967059767,1.1627664181194175,0.9356480896518233,1.0556555555189686,0.9215215862994638,0.7512994805711658,0.5810734037263463,0.7619443871717716,0.5601706451804349,0.3630166666753763,0.30375238780970004,0.195086194786299,-0.03252968027801065,-0.30311117921271646,-0.4479750531477628,-0.5285921602120527,-0.5675462019358671,-0.6659784903800766,-0.8258507057646887,-0.6456634411284284,-0.6760784654085257,-0.9254937441292548,-0.7884194348722579,-0.8612648611304371,-0.6421950844511553,-0.594216686189561,-0.6962946765316164,-0.7492040812284848,-0.5130959178003447
-0.13974663474038046,-0.01334494785669131,0.12044963438709329,0.3602741570957331,0.4772573680361472,0.72275714138667,0.8278240898509353,0.6843792372422927,0.8660067927989553,0.9315083216410326,1.076485154561687,1.0970530575300677,1.0857952515626816,1.1230121282239707,1.1312239016391807,1.074754245927023,1.0841130017903207,0.9248176273485617,0.774335641814655,0.8495020434755648,0.6885903679400315,0.6158624465396043,0.1929555219297285,0.2934556842989976,0.19304693879260093,-0.21940170837555825,-0.31862223282015534,-0.47570366824390586,-0.4307905325449213,-0.7381883394710198,-0.680279217584952,-0.7495996836423217,-0.7541537197554649,-0.9180362552233864,-0.758197836890516,-0.8643514468168388,-0.8474749060211674,-0.7955268790975469,-0.7443229443360746,-0.760346426597109,-0.6265252380305365,-0.6477008155198474
0.003451660490972466,0.29492338179791294,0.32434175525202963,0.4688413420572556,0.48282986754104507,0.5973378202650497,0.8206976313748566,0.7803021441805351,0.8706890954823727,0.9640753444244963,0.870700255934129,0.9542403743993171,1.0978016780333866,1.0443786690412624,1.216217289954054,1.2322316184172486,1.0416500867695795,1.1087121524851578,0.7683239903608813,0.7332999340142597,0.454809534744193,0.699180386049845,0.3566392355241919,0.29210813521783946,0.06558958108827244,-0.3437466744144958,-0.3822594577754008,-0.6221367389667886,-0.7565025626903363,-0.7617189929179569,-0.7991834670683401,-0.6419375124864201,-0.9169242976767287,-0.8115425630370869,-0.9048526248794707,-0.7031838775962955,-0.7905895457131796,-0.6604964083698159,-0.7976998973374279,-0.567095381668924,-0.5775113899819228,-0.5126999555355991
0.08795649249352726,0.1067760826494471,0.1136385046653301,0.34820547822420694,0.5033840525166868,0.4701879360734287,0.725814450693053,0.8327720003673817,0.9337972535858116,0.8787138931253049,1.0291644876809494,0.9671711134016145,1.1808924362880504,1.2313148133161484,1.0174028518262705,1.109433889440045,0.9824397727322811,1.083489196794689,0.710591802299748,0.8178875262024634,0.7635044333097356,0.47827796032376346,0.40533221326550445,0.2598951394502486,0.0774666763936208,-0.042288197782446024,-0.3226093024624357,-0.5409549964599907,-0.40242923035085515,-0.871977873347311,-0.7389904511624225,-0.7381644263714472,-0.812214356748781,-0.760558220826844,-0.7963858967681623,-0.8048868848877142,-0.6864117726263924,-0.7021292980847502,-0.6656324981239364,-0.6588994305063272,-0.5958251427731068,-0.5796130595664241
-0.1601117048280062,0.17258014577712635,0.3811811608985765,0.3471556732468041,0.38834826380412274,0.5508648637767599,0.7206508852645302,0.6898667479238274,0.939935548836533,0.9330646687689551,1.0223414386584497,1.0263242096653005,1.0305375762066205,1.07377120095072,1.143794997505006,0.9518050921985665,0.9644807432265899,0.8974743767411852,0.8843533124418004,0.9540200022911082,0.7976426595649684,0.7184765001783275,0.3917537909972582,0.26717368678386383,-0.11946199316658809,-0.07173630370267751,-0.14068321423781938,-0.646102155261369,-0.4506791623121087,-0.7204364091932454,-0.6141267786412367,-0.9024410361659141,-0.6771378061440444,-0.6730657269126652,-0.8968399585403368,-0.9250318797226899,-0.793156406230084,-0.6714655652006161,-0.7106932890577119,-0.6561667672251679,-0.6732889121881329,-0.48360913058094196
0.14248017054236117,0.2531960096477514,0.23346313944269315,0.3760325264834443,0.6613797833475116,0.7418167159588905,0.8797535871490442,0.7308921594524261,0.8305416050300245,1.1060767089892407,0.9267358227896884,1.0520149375082872,1.017099258876475,0.9968071046245534,1.1769890803392156,1.0377498793149047,1.1269607240777324,0.9985806535428184,0.7798151404223187,0.8670818615120051,0.5505976411013169,0.2970087336517259,0.3751096774982747,0.06057663731784191,-0.2199170626050281,-0.2048341677994114,-0.4617507347835152,-0.5523082521724608,-0.6843463578714507,-0.650393531638746,-0.7321725975368822,-0.88993133526748,-0.7804563755221092,-0.7564714764822122,-0.861338665576636,-0.8025355003923575,-0.7182741577700075,-0.6577199404236265,-0.5922196434855813,-0.6655558745886982,-0.6517558627117629,-0.47980772447129616
