gfs-wave-data.json
{"header": {"parameterCategory":2,"parameterNumber":3,"dx":2.5,"dy":2.5,"nx":144,"ny":73,"la1":90.0,"la2":-90.0,"lo1":0.0,"lo2":357.5}, "data":
[rows 19 to 37 of 73, columns 0 to 41 of 144]
0.27819080079430764,0.5636619131760511,0.3696572992508013,0.45344902086802585,-0.15390869440159433,-0.029127800293437506,-0.07445430250772808,-0.023314194161674327,-0.13317551110601228,-0.07152474582885088,-0.16083917840373127,-0.16423809724374372,-0.04323395252208379,-0.01630890878539715,-0.1489420131278715,-0.11197367911042579,-0.10812239122354891,-0.13776852675554965,-0.09519902964151307,-0.005673596953972387,-0.035363303632061034,-0.04249224886843474,-0.1537287678381316,-0.028514221375719198,-0.10588609043750509,-0.14218386342127545,-0.13759599957504537,-0.09706630002171758,-0.08679608985126662,-0.07227513712473832,-0.09589297342394616,-0.16708467390903992,-0.15529113972806274,-0.11997334242920316,-0.11544831214922077,-0.05915438608949196,-0.035076111439091597,-0.003577281566729756,-0.10636933709764777,-0.1242816868117992,-0.07262796532562904,-0.024851132696706427
-0.13604198692942593,-0.008287386200677607,-0.11353253747424799,-0.15942558784991964,-0.1747355367639723,-0.022743071181368212,-0.19303710391602955,-0.08352020022986317,-0.2005634422706947,-0.05426089100349571,-0.014248096477982655,-0.15118993104247908,-0.14874041379375777,-0.07087230190857041,-0.07245998065935767,-0.1839819467720024,-0.02798344485546251,-0.03548779765139211,-0.1951652410215252,-0.041726145772097524,-0.06718338863528696,-0.08013172931054169,-0.037752402817324386,-0.20113752597390253,-0.170111434578336,-0.016246659509824006,-0.0688509821603277,-0.04296605743895556,-0.0034454902260690743,-0.05825922172716561,-0.15816679370169917,-0.12203811347905032,-0.03508154610913893,-0.15100856955384104,-0.01084276730004474,-0.035111811893302425,-0.08489474259899843,-0.14475966807302118,-0.05017001172292158,-0.16776675099398894,-0.12191410213909602,-0.0676841027255945
-0.17652424335404437,-0.03269444305368856,0.009176875570298887,-0.25868241462268327,-0.2260959214994065,-0.5762116290413374,-0.6409273367453713,-0.6058961489366078,-0.6287248555597013,-0.7503292911034604,-0.766493246586579,-0.7004926135603051,-0.5537503142980552,-0.42664824222290676,-0.6090334213528069,-0.5385030483246227,-0.7348447078986865,-0.4996833717599873,-0.45593823639084863,-0.7068334581025113,-0.7701598518730675,-0.5160683312027694,-0.6560142955464504,-0.522665294634346,-0.3095084431095566,-0.37560783939450376,-0.5602263095014176,-0.49967576298231803,-0.15060901619770511,-0.2716618260352938,-0.20280376851428097,-0.13190426571286207,-0.031094864782435023,-0.034626985094795136,-0.09656253751137517,-0.06447799408934067,0.050108623342210785,0.0282437444228931,0.14807260500111916,0.2550850210154998,0.2614253312848374,0.15478986521586224
0.23945491735949623,-0.20674219819052445,-0.08604388115976397,0.03262719551568205,-0.12042990301561364,-0.33380898669602804,-0.42507289862449715,-0.3335542577310323,-0.5809726389212488,-0.6491150961242046,-0.4027106418774119,-0.7229815562193952,-0.6452230852625127,-0.616371861232566,-0.8506107359429416,-0.5021779989568618,-0.7769517944605792,-0.5750176544150469,-0.8032314084570251,-0.7197679552021041,-0.6706418382572532,-0.6283104146316164,-0.46987086044965604,-0.48561024174292894,-0.34149902929844,-0.4243567315414283,-0.5346832635644453,-0.430346222190502,-0.178461923184447,-0.18203387095548004,-0.2823255878051122,-0.25606438005271825,-0.16023605710394903,-0.08149082811951096,0.05473127558597387,-0.17156646267470807,-0.10532738062371912,0.06350486208909774,0.12961873648120636,0.17630870813059102,0.14798012997829216,0.19583665435700098
0.09011255743326882,0.016893715576067395,-0.1396126203232462,-0.262882610987306,-0.407622860787247,-0.25233940924221604,-0.33485196055549094,-0.39098357508048964,-0.3418466354112023,-0.5499103721975453,-0.7117369179648281,-0.5022231166844927,-0.5398472316847474,-0.59741442203099,-0.40963665477845373,-0.6479298097557037,-0.7368932686791675,-0.821070875699934,-0.7546753914584782,-0.5214454174383385,-0.5857710679654202,-0.39243992726896126,-0.5476711428102243,-0.41473717841824453,-0.44966721360533296,-0.6177234078644234,-0.3100770254996343,-0.22245874783716804,-0.4443441438561889,-0.2932268228689066,-0.1499546732856971,-0.114253119674734,-0.17402711176272714,-0.20646004870085172,-0.0421518153009967,-0.17602262592733597,0.00969516856698992,-0.002247679175936318,0.11128727525085197,0.06704281111468421,0.13568032410322486,0.2083489743381797
-0.17744657760703625,-0.067836814162054,-0.034605898569395784,-0.16332277704159215,-0.18362714601138624,-0.06281489060857624,-0.02370260442401501,-0.11501055653587897,-0.040353556438259754,-0.15953450337977504,-0.0778060154881409,-0.15541365543600907,-0.11952415506037764,-0.19444434403380878,-0.07469429142588899,-0.065843081721516,-0.21404226811496038,-0.19417012792926064,-0.06845671601747236,-0.19061377112497288,-0.20329792228760327,-0.09736189324563373,-0.1534522480886062,-0.14783174455309,-0.07625170710262641,-0.13134026353468717,-0.08833271421452682,-0.04702325142721622,-0.05455711035591701,-0.19376438824521613,-0.1118499295946709,-0.040659766277422016,-0.10967432389139126,-0.10467399162664162,-0.11884199965070924,-0.15279524348652787,-0.06373487174854034,-0.07415416194967622,-0.1650592477125811,-0.21511876408385802,-0.17948544942953465,-0.04113295362776549
-0.4642510012628467,-0.5806344587543326,-0.49817115975496934,-0.5410874243967322,-0.4849008272025779,-0.35668147009121715,-0.47839800972242547,-0.4088553751775992,-0.31401392814661877,-0.49025576250164016,-0.4538528017320653,-0.3129409167426453,-0.2751972514496908,-0.49024831578368727,-0.3604355106611303,-0.27385728994201586,-0.16664685297189696,-0.27817566835245827,-0.10931250745117727,-0.4677854715819863,-0.30724321194273163,-0.4137314198253768,-0.17137832772479175,-0.16762803481328808,-0.3513795075894847,-0.30889412972191826,-0.39335482517613063,-0.19991332390828723,-0.03184594627756471,-0.15308161154495872,-0.371684074112242,-0.24778132590949695,-0.16087821293073643,-0.04017847290745529,-0.16344045659023887,-0.13428798712008377,-0.15216186296642947,-0.22296576601874732,-0.03732651679928823,-0.1775844000704583,-0.19597039013265502,-0.04789894950055456
-0.38799374109686424,-0.5851725761605284,-0.3360954394196285,-0.49076937551972555,-0.4937528418684142,-0.3333827663067698,-0.3020962352146344,-0.31212738261900963,-0.39091094152885375,-0.4712696317175549,-0.45334134446786345,-0.47608055196062543,-0.3119928307174505,-0.35505475266155795,-0.22536022052706137,-0.388825680367155,-0.33097899869978636,-0.422746036710814,-0.4097654454609235,-0.41435377787809374,-0.3940438778942302,-0.2669280118437449,-0.236932918319961,-0.22517786062867765,-0.3612886033557625,-0.4334718480569498,-0.25998268543315256,-0.29401589357340885,-0.2925871172144776,-0.37418299017854484,-0.07209737542773428,-0.3485135858095558,-0.06565263431679934,-0.02173698929356988,-0.1792682483451125,-0.3234073312491874,-0.18194502608913588,-0.16319656415174794,-0.17708605942009767,-0.3255027085358081,-0.18338641677455159,-0.2433214552210179
-0.608191672969835,-0.38703755761098224,-0.30474577431261207,-0.607002780710888,-0.33231530024770667,-0.4069842866027489,-0.42087184386420085,-0.23185826537116208,-0.5843214476275876,-0.38734932176507786,-0.3539967444356709,-0.40499245563306935,-0.3939493367442235,-0.2175945941775757,-0.48431465480406355,-0.23256821952158568,-0.20184369942029662,-0.2015698166642983,-0.4739519590779628,-0.31702314167021045,-0.31330532844741876,-0.37880529669297214,-0.47017218131897,-0.33375672131224476,-0.38620319748579773,-0.10232884441153182,-0.1883491801080238,-0.2298517809586041,-0.34067586439148645,-0.1096588818551394,-0.017756565608960703,-0.1695433322652008,-0.32290000660152923,-0.06114750814504752,-0.07993627170708156,-0.011035635997188473,-0.3709886005490946,-0.2745709173257738,-0.29711145741790806,-0.28346891844162814,-0.19838327834858788,-0.22116845657623538
-0.4021680844722147,-0.5214272609528127,-0.6135586547473317,-0.365875788874469,-0.32888288972635765,-0.5182424604442514,-0.5301422203234781,-0.28312261310427833,-0.28389718404360625,-0.25219379311520973,-0.24196614288715376,-0.19701252238860983,-0.38973792020690823,-0.512388567057882,-0.2313068968278985,-0.4142558697605945,-0.23291205709283383,-0.25661122643237855,-0.3855992860418617,-0.12610090819650108,-0.5154912031229814,-0.33201100358604035,-0.1783342508341648,-0.3309994532070167,-0.30689016934658,-0.4077506784612769,-0.20862146171809345,-0.13282274198242908,-0.35103573652792447,-0.2306673003354639,-0.03135796509964166,-0.05859436460511171,-0.059776183537428806,-0.3467778846881893,-0.23062139147791566,-0.020197144767651436,-0.13951345852239735,-0.2713344931659833,-0.26409506320842974,-0.3170508173323006,-0.25133149782389486,-0.15571501072298252
-0.5465413687789699,-0.5955508289297572,-0.3388033853068855,-0.3188381841491732,-0.6075135648152502,-0.43943396257722633,-0.2888692803300977,-0.5177858872373436,-0.4533413397554117,-0.524560903913171,-0.4596014862806502,-0.4906746577318834,-0.2589116078626208,-0.3994018227135287,-0.352059192971497,-0.2823146952736355,-0.47603092180917383,-0.3585549189159923,-0.48322494799810467,-0.31150980104914183,-0.37906633568878967,-0.3194423312599831,-0.3151385511492176,-0.448083217625592,-0.22006442898561995,-0.3848912133848984,-0.14402054150841206,-0.2335932056395182,-0.13871431462602446,-0.2346153738633388,-0.38354395867577407,-0.1302946823151812,-0.2945379627832821,-0.37521303150056773,-0.19230589221598143,-0.19541602407390862,-0.317137142061782,-0.22605142221066418,-0.3838472524719434,-0.35770320514981613,-0.01854748866385274,-0.20077020923284083
-0.23702697430139583,-0.17626479112392895,-0.21272432976258535,-0.15804803823185395,-0.12595935290776022,-0.19368198995994718,-0.08665588020947784,-0.07958231750134037,-0.1783897646646964,-0.21389259692615903,-0.23366087270342503,-0.1653465187274751,-0.2364271072313204,-0.10602647071306454,-0.0852394211060918,-0.19061242363545194,-0.1140211783593785,-0.2576538089456066,-0.17108794712027983,-0.26023492150086863,-0.20643839596444463,-0.23382553320965344,-0.24582103715010156,-0.26746879881917324,-0.18318043159078742,-0.2508237772387712,-0.18932640204636175,-0.09732435094991819,-0.16967140720331778,-0.2728240154787839,-0.2018163841562405,-0.10444528841438176,-0.26711217586049746,-0.13310269293361088,-0.10711046456828319,-0.19721789872400303,-0.1854135651823451,-0.14933899137420817,-0.0926514956574213,-0.17792667797417652,-0.10306793623166277,-0.17045246039704443
-0.05667763612045365,0.0011652960348230085,0.3325698030770964,0.214878233624848,0.3015516419099095,0.39259484586729615,0.6207414619127377,0.6304452658696869,0.7060783426170261,0.8678965873622781,0.8351975315064337,0.9349377928389879,0.8841803659713282,1.012677830807929,0.9612549423687893,0.852566080684914,0.9121495976557611,0.7377753255112394,0.7174571197653294,0.6227825958666457,0.6038411394435172,0.41574844312206394,0.4178294813341539,0.26299858536860626,-0.16160141535565725,-0.20068534407172295,-0.26258761128639596,-0.3354197036463688,-0.5201345675240386,-0.5922092747207403,-0.4775042057988782,-0.7249552053993809,-0.7626064172316939,-0.7719883626081039,-0.5958052518217923,-0.6471918569581275,-0.6472496527329153,-0.5444094065727634,-0.5345128968550787,-0.41367482151549667,-0.3528220030045484,-0.503859147065995
-0.010794043236268426,0.042264712690465236,0.12856333027333808,0.24218303170770125,0.5495736345453869,0.5904945605155519,0.5175448644804846,0.7328210689735374,0.7728997467873537,0.8325969947359277,0.7301135630806562,0.8925114306319946,0.9686749126195705,0.8882365160726902,0.9413827857834752,0.8334954635944424,0.803214531569641,0.8800337261072017,0.6274716682903736,0.6823076928560297,0.7402109243705698,0.6200971123856768,0.2629527754464741,0.11760552613680265,-0.13928771957126027,-0.07898422177848632,-0.22925258132353538,-0.4553991635990909,-0.4368997366969639,-0.6992431234786485,-0.5299399802505577,-0.589241624470059,-0.671411451727161,-0.7227818024588177,-0.7235397834861615,-0.6494937692026941,-0.6534154596592511,-0.49352653104993016,-0.4905763288701314,-0.4459021713339745,-0.4433364618177817,-0.4457575431398889
-0.08666683417347688,0.16234084478407684,0.2383153145814234,0.3287815288963176,0.3873281985071143,0.3983184306362657,0.641559253564589,0.7952797069618319,0.6597100146183856,0.7902208488889527,0.9086139136016449,0.885712241736077,0.9933857505530554,0.8728384354985456,0.9191488993816153,0.9176341566762997,0.7481347175314025,0.9247109099355258,0.8321254948649007,0.8192025154159661,0.5581097300474528,0.42618959644481713,0.31494733737133374,0.12187412436985064,-0.15869634896190662,-0.21246820278703912,-0.23329501269109512,-0.4697654890134481,-0.38546008444249885,-0.6142583657988598,-0.612884563233895,-0.5769905110556681,-0.7546436876704303,-0.573024420912365,-0.6639051546251006,-0.7326761566195266,-0.6514590220136368,-0.5523481793261237,-0.5199829427785052,-0.5483570694005102,-0.4629855431530437,-0.3729168813071165
0.09371325680433028,-0.019002949671195764,0.19586341318695774,0.23764734683553282,0.3827836522532644,0.6117348370124287,0.544112491334456,0.6105363645123525,0.7253810719653857,0.8886627468880781,0.826167510654421,0.7630576693053526,0.9697589023807547,0.9915054963200788,0.8348179077890341,0.9429777511927928,0.8870266878652734,0.9030159387950562,0.7879954520439609,0.6357711633174891,0.4989340777146066,0.5023931432591621,0.21796937573354996,0.09204119520852982,0.058853476273288,-0.16561238151500257,-0.280241239863367,-0.25049291451067635,-0.4333700304366644,-0.590852233944722,-0.7482636641020829,-0.7261564931968961,-0.6758346871200298,-0.6782176499766043,-0.7528803442877731,-0.6451547063976316,-0.5440061643848733,-0.6099061757495997,-0.46999091226130985,-0.5919058003491302,-0.5405662523458871,-0.35123997941463836
-0.03746392942166256,0.06846526394297006,0.1794861269462618,0.4352790376185214,0.4803917624552534,0.7141636235388656,0.5756720172709975,0.6452744567170083,0.7966226711191915,0.8641195974865098,0.8164959930774883,1.0364666338379886,0.9758101605877977,0.7826057031902618,1.028866374066054,0.9146283060712009,0.7252794599926033,0.8538041079073467,0.844976847092716,0.7766703091105192,0.6201780743872425,0.49434493795427026,0.48507493722030554,0.14536371929159944,-0.06710679901572304,-0.23058699297529048,-0.4111620654647432,-0.46528840118684833,-0.40844299870329465,-0.5872620134556992,-0.668096221053081,-0.661337669949252,-0.6467815904566538,-0.6487534837216404,-0.6776175025539387,-0.7580410301848142,-0.6441221977755103,-0.5391479655710312,-0.6714352090180989,-0.4308758974881391,-0.3526378177981552,-0.34033128379161715
0.10760531142323314,0.04098114352832186,0.23193731322158745,0.2672291979334716,0.5574486568439189,0.6885038974718568,0.7381826270060168,0.8462351805012385,0.6475024879556504,0.8410725282648706,0.8855668209103277,1.014563914327857,0.9628251640213633,1.0659976769763053,0.9832010247698084,0.8931938216724974,0.8569805060780824,0.7732123008807489,0.8204996276278664,0.8022985751764632,0.7628209966185368,0.26794929752375185,0.43973166667940833,-0.030909618650043647,-0.14356825059267167,0.016375418402632486,-0.37054079314091026,-0.3455168199817596,-0.43612847726559484,-0.7137640295826843,-0.6091449048567624,-0.7045566029009672,-0.7234261891140195,-0.6673045071009187,-0.5779541550154996,-0.7593492211445951,-0.7552928230540692,-0.6579244705799735,-0.4941236731482941,-0.5410739216460546,-0.5457624390524682,-0.42866863270357064
-0.0750135392905062,0.12875382056062445,0.17254809409658908,0.38907822786682256,0.45553169468045357,0.5505496112624545,0.48193037697101804,0.7691063880994173,0.8100743862965235,0.8815938924828685,0.931375812700272,0.9382466290836191,1.0319461160461578,0.9083184204296522,0.8631540855065037,0.889667995070832,0.9172216438108528,0.7863558765368543,0.6431686420445147,0.8085401944413682,0.48675478979844633,0.2915129911941141,0.3638548993594256,0.3635908472587702,0.008419025723692795,-0.0840522517396458,-0.28737838713978503,-0.3620051727764173,-0.38752455764935667,-0.5761590610073348,-0.6983391037791674,-0.7342738312024798,-0.7138077449281206,-0.7368462065147817,-0.7606000648589548,-0.7147782854072918,-0.785255086982259,-0.542894859148301,-0.5945720123549402,-0.6107035403663912,-0.45580359855008673,-0.46124751650875767
