gfs-wave-data.json
{"header": {"parameterCategory":2,"parameterNumber":3,"dx":2.5,"dy":2.5,"nx":144,"ny":73,"la1":90.0,"la2":-90.0,"lo1":0.0,"lo2":357.5}, "data":
[rows 19 to 37 of 73, columns 0 to 41 of 144]
-0.7202761282240837,-0.40961123287558804,-0.3758242897772857,-0.5452420906376308,-0.3957370595176564,-0.2847824882096191,-0.3452361145180842,-0.4516584486611736,-0.34924161960666367,-0.42224787288851096,-0.3189329870372452,-0.40747341989457636,-0.43302963113052106,-0.44850823380568655,-0.33708624564897605,-0.3100855112470167,-0.41622923296834613,-0.37578806332484543,-0.3602244690638622,-0.32238362550756444,-0.2867387267316956,-0.4255268021235867,-0.3765928090512243,-0.44569219473116606,-0.42040638604299424,-0.3041626494798626,-0.318148734383595,-0.28732225257254923,-0.3907042420004397,-0.31682340873893783,-0.31460973819019683,-0.325444658785364,-0.32643837540883763,-0.32841526997769266,-0.47934608146182234,-0.3950579803528781,-0.4745007943353557,-0.3929650992203503,-0.36897389049811763,-0.4489532941736827,-0.3246425273159007,-0.32491710265432017
-0.4393168893688844,-0.3061994315798244,-0.47426613707949533,-0.35339385338585505,-0.39384603851769096,-0.32072222925852706,-0.35298084354698944,-0.337040580765611,-0.31701623688015657,-0.3431193588922388,-0.4616664500408621,-0.4295547286469581,-0.3098802365166895,-0.2943477683245699,-0.4107960977228165,-0.4041534669382387,-0.42367283205360357,-0.3381976093652899,-0.38960003994861636,-0.473486627025003,-0.32684597711840785,-0.4571085839459759,-0.33289214399742495,-0.40394514730859093,-0.348148977337881,-0.3087099657409432,-0.30692312001601774,-0.38406558097430765,-0.4518444395113828,-0.3388947881034215,-0.4326322890865677,-0.38488574623550353,-0.38801558011073306,-0.4163074128960627,-0.43031030462373127,-0.4160815741689576,-0.32727333741245546,-0.4452133618951937,-0.29253786725515646,-0.3052307370334689,-0.3741049457361968,-0.2935613947690399
0.10867529601137006,-0.07918327921695269,-0.039702485826334025,-0.30777352447501893,-0.4878666020861864,-0.2941700845448404,-0.7113342311294807,-0.4214903271683021,-0.5131800734415641,-0.9041555636537862,-0.7081473404834864,-0.48739175221772985,-0.550298736892314,-0.8031717837612883,-0.5792016408925887,-0.9107451169353237,-0.7638014813147385,-0.821861053651299,-0.8906906648788224,-0.5944088025346799,-0.8626283650215577,-0.9070733390461384,-0.8638088764261947,-0.5870373687954592,-0.4173375977491801,-0.778720298360664,-0.7071580035896956,-0.5035710002198261,-0.39405922602944443,-0.4386356176481536,-0.15246498606244144,-0.35946081506536975,-0.02163364321406388,-0.32341036928131156,-0.20721953712884986,-0.144659123186584,0.02596166365028845,0.021118255102322864,0.09821742037319077,0.18218570367996584,0.23020053075844216,0.05536488944450821
0.1330100537765462,0.10815321676896238,-0.17824694246388753,0.06432138261965331,-0.5685052800131521,-0.5126925906679956,-0.37015450943818456,-0.24786826040932575,-0.5575130554991812,-0.3924288757257329,-0.9546371219595108,-0.578363593938969,-1.0169970261976138,-0.700018202693635,-0.6407662284099032,-0.9424720872757223,-0.6601255295799072,-0.9160567180037127,-0.951535316518477,-0.5596920037128907,-0.5657145416929849,-0.818504764904577,-0.5682692792707884,-0.5564963992648096,-0.8397094539550276,-0.4330661662148413,-0.6182512442162175,-0.40059579876443335,-0.5934040483554535,-0.5718535431398997,-0.20042596802771287,-0.40114018921084754,-0.10867518863708607,-0.15285612814422672,-0.0232412202722497,-0.1539936933242416,-0.1530640573967603,0.0936538737443221,0.2292726754939856,0.30651416185129077,0.05406480542478986,0.35409030458079815
0.09089717216167094,-0.03717359793935363,-0.06459161733867831,-0.43322569460770505,-0.1220908768830114,-0.3465156968183774,-0.4504293725896323,-0.6095257642596342,-0.3512793475332974,-0.7137249610062067,-0.8415225999273466,-0.5379143671467288,-0.5777560826502975,-0.6621565462095221,-0.9844037908323833,-0.7991819244588009,-0.9210006972215958,-0.968052233790506,-0.5957869683771415,-0.8902027749964304,-0.6732016891533045,-0.7400088688296929,-0.7647606744761223,-0.5460729139232171,-0.7384223779610614,-0.45686903005877944,-0.49826060191693705,-0.308359319323553,-0.2625228563478167,-0.5374017290325704,-0.19149493534888537,-0.41590425248438,-0.20078844415137193,-0.12923462276722472,-0.06162401318978983,0.14541177436095645,0.08730889256838448,-0.143898086929991,0.19651320960925775,0.18573536113263553,0.013109921910249669,0.06515491915161276
-0.3295023104698983,-0.4881242511627829,-0.49374874744072245,-0.31577910889900884,-0.4667478335378745,-0.32142039917824183,-0.395647793802502,-0.41023214015322557,-0.4305112415304569,-0.40076002823751794,-0.3094297958033551,-0.4564896415034693,-0.36637401582107515,-0.47411838308889137,-0.42747352871013145,-0.4456674321062872,-0.4050627859753458,-0.38323060434104916,-0.4903910487669567,-0.3037543792394954,-0.4399203605401463,-0.34109003858812387,-0.36359875177263007,-0.4464633137966179,-0.3900833569231374,-0.45196758130468534,-0.41248611597788,-0.44330834558527804,-0.3972848089524384,-0.4484160252032827,-0.32852469485670727,-0.3313004333527811,-0.39998351772238105,-0.4775984492636371,-0.3375484991657567,-0.4668631596006759,-0.4910385953091546,-0.49311597064562807,-0.3368987886915299,-0.48628368858040394,-0.43179648791519315,-0.4210201279445763
-0.5886506287838503,-0.6199652977162123,-0.6088679869040439,-0.5577225313371426,-0.5026443540989062,-0.4957160699600029,-0.37021421083659456,-0.6076549718576989,-0.6255623761247063,-0.41187501452731934,-0.3899768122058369,-0.4073880711658667,-0.6237885434813615,-0.2732780509855872,-0.3341515952309155,-0.19086072147315974,-0.37987440977810755,-0.5217950460879028,-0.5399108696922731,-0.35646682763620985,-0.4690616436423086,-0.2502720927802797,-0.538232911143115,-0.20653834326465656,-0.43382866782979934,-0.3585403794833097,-0.26053653916116254,-0.28671406607368244,-0.38154214891072535,-0.425638224144071,-0.34519816835681466,-0.3092872634720763,-0.10639640206064176,-0.06440597774735798,-0.26812511921528137,-0.0024456047556505587,-0.4128774455996227,-0.16117252244128905,-0.40400110298468467,-0.3343188666098994,-0.2155716171231993,-0.24179109317707495
-0.6714912795205209,-0.6744805924992942,-0.5616446740644135,-0.6808938042177186,-0.6487243857380709,-0.3514263352180094,-0.583368832882434,-0.67421643256698,-0.29828010025995183,-0.4608171790410864,-0.5230519512863657,-0.5673993119075091,-0.2870204598993633,-0.3745839144182441,-0.40911891612893386,-0.44917262476005365,-0.23346034274116717,-0.5350505631123573,-0.48405915668427485,-0.30522842058803396,-0.1771362645624904,-0.10370999367120332,-0.3497726372983997,-0.4707490222806627,-0.1090969296534986,-0.22137281429584946,-0.10568470095636452,-0.08626449664987318,-0.5192878803723586,-0.4625543777691195,-0.23460234670535404,-0.3089850110362044,-0.4044484158986997,-0.05230825780864789,-0.01821913168519536,-0.29962633092787505,-0.35502449206020703,-0.04632968955169573,-0.3662580914155375,-0.014208014842415961,-0.25827718762348467,-0.16632617438827058
-0.6597579577475423,-0.7321520514233051,-0.4498023807179556,-0.509692307409381,-0.6368925755735076,-0.4256097074544803,-0.3802465488218674,-0.5865010617014691,-0.5559985769944595,-0.45761518185693406,-0.5788765801794573,-0.28520149368672115,-0.3109016589829593,-0.24912775422103317,-0.5373654529065718,-0.6409651602667624,-0.6097950468810835,-0.24366641923403487,-0.557128162469716,-0.39313753080948166,-0.4065660812488199,-0.4128535169145576,-0.08537560493252082,-0.31496397748539257,-0.15539799444769006,-0.15011381213280586,-0.3696118074414588,-0.4772560696956105,-0.43176668479204894,-0.4916470246873304,-0.2229634381595249,-0.22310693711743346,-0.14921048195642467,-0.2228528430305568,-0.4223457242377495,-0.39026507860604287,-0.3743604384878962,-0.16187908502590828,-0.22425818074993542,-0.37749453659462057,-0.187540393802648,-0.3247753040494953
-0.6630474888927577,-0.5717102914729777,-0.5334331417224849,-0.580852111990611,-0.4225855432524177,-0.4893352626775708,-0.4685873806345495,-0.511609170242163,-0.5092089086936482,-0.562255687691131,-0.4564654541253739,-0.3352663063158025,-0.43828117678560585,-0.3407048887174964,-0.43100352919739254,-0.5048677618947508,-0.2005415953821462,-0.476374493931524,-0.3053005487487388,-0.5077834747981952,-0.2206944699870535,-0.4659561205675407,-0.4157466743491589,-0.10752745776305153,-0.15488716164339505,-0.06805401641018285,-0.1081165894771192,-0.3712118169324931,-0.1845439174209905,-0.3981522878357678,-0.11364561292697488,-0.2040663740296848,-0.3838669771938071,-0.38544102520323287,-0.3091758484817076,-0.25965138119593195,-0.4170721660433157,-0.135540097682127,-0.412920079036589,-0.2218337950896433,-0.45590703656413484,-0.33490362207546576
-0.5406342073561258,-0.714660685370844,-0.629308755883672,-0.4613919285597653,-0.4589186586828961,-0.6103074637976981,-0.34514158311339616,-0.45939478196058336,-0.5305004223876189,-0.5143820543631805,-0.2962841093832001,-0.47559376027836126,-0.3636693609296139,-0.2604988755175765,-0.30693804017363474,-0.3902856786638431,-0.6179033108261225,-0.47802215613161325,-0.18245417334441905,-0.2170743888742738,-0.34260272130728625,-0.5109195652203596,-0.3672865864531899,-0.2640819623632112,-0.3826305193853311,-0.12290248648996438,-0.2549043335770671,-0.322601848811022,-0.4801483995359487,-0.42246754200529096,-0.16788470450961224,-0.26328289008781297,-0.224722115041554,-0.0704346945432553,-0.4447603351748413,-0.10672735812071392,-0.2790293994740722,-0.09916115423270432,-0.18693099591826468,-0.16025795301278892,-0.2915944176868622,-0.410428816130112
-0.35113389384472415,-0.3547486811236465,-0.35049479205438766,-0.4044650598927659,-0.3536750512796077,-0.3994399108521698,-0.3491067331540224,-0.38324998067264393,-0.41307869140596654,-0.41527084508891415,-0.3401160212615511,-0.40915950273965274,-0.37220455240357336,-0.29234910955074356,-0.3784814379534603,-0.3279984607621032,-0.4540854200353333,-0.4376527295055958,-0.357334648860097,-0.47279177225486857,-0.36946727073227287,-0.4131054248536668,-0.28804438694702783,-0.4119552288840667,-0.3006142873389677,-0.34186092662612827,-0.44839193869275423,-0.3807071483903521,-0.3050766949624229,-0.33072555506329987,-0.36097541759925317,-0.29021548510439454,-0.2780141810795511,-0.4719407469036081,-0.41300480418557534,-0.43891505765887967,-0.3698727471228704,-0.35960913104781683,-0.3130961331904044,-0.31751804442149206,-0.33824995473255515,-0.43558333498228313
0.11592595659772663,0.15485410431356592,0.41562024146436904,0.4320404613469407,0.6086942972667865,0.5450737123224931,0.600870684108432,0.70618046598175,0.9816942712795139,1.0657400732818683,0.8672314321257508,1.066288614216719,1.0505332459646963,1.0418852429971528,1.1015223600878221,0.9803668029512248,0.9993097597760916,0.8138729420470655,0.8319264567148033,0.8225040579758562,0.6396041152865679,0.35971938467014397,0.19384193492660554,0.209415227333023,0.10051753254028488,-0.06858128779759426,-0.12642993053666934,-0.4523490679058944,-0.6993841452072183,-0.5963181217649013,-0.831765032213294,-0.6873201308059683,-0.8033897905574493,-0.6995270877128923,-0.8507396452121757,-0.6805490157115868,-0.6784682823361525,-0.7413372576061428,-0.7110491109226279,-0.5765915337940023,-0.4797659780117738,-0.5713497975641968
-0.06340531366424404,0.26809113068417717,0.21537749435248144,0.36600872853042254,0.4596041745541283,0.5175797378662723,0.7441863884202735,0.7783484885181389,0.9392149971053416,1.0299667063056266,0.9076082126370175,0.9402382587169958,1.1771859466683883,1.118506800597135,1.0335748329487413,1.0287183485292404,1.0948057732123497,1.0881479291262002,0.9692572481842961,0.8442524692121861,0.5163573439191284,0.3182731594498819,0.19435179573359534,0.21206839071463376,0.07758137903152897,-0.2238959467505996,-0.3720199853657697,-0.443601331655513,-0.6214702166671552,-0.6456465282321149,-0.8625891631759922,-0.7105427564592157,-0.7622587514573381,-0.9651202701970898,-0.8445640088675171,-0.6877824190912145,-0.8582923492809257,-0.7864424938710044,-0.7142195628192842,-0.6523750479942338,-0.6958875952085065,-0.5806748768360698
0.11746800905287258,0.19005030569594825,0.2764778643929419,0.3248454744749845,0.533632534591438,0.5414983559807758,0.590949532058425,0.9312259749010919,0.8690774169968688,1.0080045954001546,0.9138488132840169,1.0211090182746345,0.968759355512683,0.9840761795770175,0.9355455235879916,0.8249023104527502,1.0384006930119016,0.9535363873254618,0.979636706210184,0.8777853478858131,0.6728718446333055,0.5282291638387369,0.2813395720389547,0.25218039385839613,0.16695739134977125,-0.30434883013363423,-0.4473122363207211,-0.4504514721584603,-0.37938208514385174,-0.5389626336380628,-0.6885774322125723,-0.8676412124337475,-0.7471364858037174,-0.7640007320413232,-0.8788360547527503,-0.7105679097933001,-0.7615840491458734,-0.5759441433845228,-0.6172378065682617,-0.611093832670556,-0.5875128382404403,-0.6115064354987974
-0.03673162778415369,-0.034167173534915725,0.09791877650748039,0.45193511645558015,0.4107132555279075,0.5737664603298128,0.6537136590641225,0.8022304601436803,0.8887730622104859,0.9282207066060074,0.9679950882408797,1.1594315653742702,0.924611643456819,1.0777181708175514,0.9262692333506326,1.1469289001052252,0.7880214303711145,0.88303723075058,0.996492598654439,0.6297787584139644,0.5137795250398771,0.5510142870790611,0.14648040127517975,0.08509369328462478,0.06589527687756219,-0.21267078324427974,-0.2350530920836195,-0.46585560856514896,-0.473961086236012,-0.6899961536084839,-0.602806997138712,-0.7084837154243382,-0.8048000448039792,-0.858168531748193,-0.8023860256112378,-0.696517517334944,-0.8278587902798595,-0.7408539296111454,-0.5876747302591737,-0.7034819785463837,-0.45380562853248174,-0.4132346990349576
-0.08059572127611535,-0.013646555736021788,0.4024053743344436,0.45664759378111314,0.5693845355461814,0.7459715335897732,0.6354274377091345,0.6717114260116405,0.8831209964701641,0.8628827765107013,1.0323609905774946,0.9635420705778495,0.9876802065530266,0.992076393122008,1.017170201882275,1.022780817885382,0.9025336218025874,0.7314284376804945,0.9194608245084446,0.7064095931209278,0.5599006586593172,0.4040849177509038,0.48180773463627946,0.016439134389065833,0.10924709860783495,-0.22081940301523653,-0.39930926883183665,-0.28074094896881374,-0.7399050657712714,-0.5790082686442655,-0.8174613712085587,-0.690842135441708,-0.7885931169481817,-0.8302834049915185,-0.6715688753676335,-0.7123292233098094,-0.6994247069220468,-0.7024695116128391,-0.7747940354544219,-0.5987091761501699,-0.6650630523523973,-0.5123412815871707
-0.013286679098091527,0.2127205314505953,0.2807348408078202,0.47488918603975866,0.3713798876075804,0.693465369836324,0.6727051590270752,0.7965264915545182,0.8042853016510751,1.0142196383004116,0.890649734994019,1.0901055343251311,0.9589341096812555,0.9327214181003576,0.9871747968184751,0.9528493819117294,0.9939632678479013,0.9604580804825276,0.8068774414725587,0.8657513009710458,0.7536851999442294,0.4279662898110856,0.29358264524903993,0.01674083277907708,-0.11605727675643514,-0.3195748325297445,-0.13498937003132377,-0.4345302757181225,-0.4864485310834422,-0.5406673741193323,-0.5857051206883765,-0.8682333992244657,-0.689830243523969,-0.748641909198734,-0.7497894531270412,-0.7358456056786752,-0.7361516729428422,-0.6938029777520379,-0.5889348480912797,-0.5131605546403875,-0.561302956875748,-0.44474346895335937
-0.005192155608191569,0.09250484887362767,0.09746456514017676,0.4197856351511639,0.5114825237360227,0.48858745299198647,0.5853341163058345,0.7753925304346693,0.8720098728402867,0.8646387140056052,1.0687913144235444,0.8512694707852795,0.9579472703795742,0.9506953605641015,0.9970318415020127,0.7932542715064165,1.0576775992566159,0.9775825383215325,0.8382656957881776,0.7561940561657674,0.5941636425539291,0.26034799094951383,0.5272153563557271,0.3234297282592136,-0.1314277634092728,-0.2648819980577334,-0.4606401366008151,-0.5476318588138945,-0.5294016196431345,-0.625976183431703,-0.6970479590279239,-0.5867482935218511,-0.7856549056406141,-0.636439117070964,-0.6845977311293346,-0.68700757827546,-0.7347437337887327,-0.7088833738510061,-0.6366156507767108,-0.5714353517774928,-0.5673749628499005,-0.5308496352040715
