gfs-wave-data.json
{"header": {"parameterCategory":2,"parameterNumber":2,"dx":2.5,"dy":2.5,"nx":144,"ny":73,"la1":90.0,"la2":-90.0,"lo1":0.0,"lo2":357.5}, "data":
[rows 18 to 35 of 73, columns 84 to 125 of 144]
0.028840452911305752,-0.027657803013052283,-0.07583897586327652,-0.013435302522642785,0.027877515122568666,0.008611239809083892,0.02121153020953268,-0.034563617385227466,-0.05271340891034865,-0.041896983774100796,0.012465707370837702,-0.0600281162039808,-0.02661621913363186,-0.02948306585646976,0.0306542738964883,0.0306595871148291,-0.03309574543575183,0.05440132744532048,-0.019954326804069233,-0.009897360285482165,-0.05080874915307927,0.05722561679550866,-0.029477345444112017,0.001549792728850954,0.03583943035068703,0.002327947501404913,0.01223926472285284,-0.07303976816108407,-0.047320904922283163,0.05904766030866698,0.07257006342262881,-0.022878140844662775,-0.004180128021960213,-0.014089272010803015,0.06364724371452238,-0.004596806062696879,-0.046346934622101946,1.620336836963502,1.7406892554091171,1.734837898784239,1.6489339784242354,1.8658810607595901
0.01866351523279601,0.018771374691847406,-0.05490929642174137,-0.04994470282162731,-0.006859288459475279,0.00564758980442672,0.026678773108793415,0.032455589067865366,-0.025237556418181574,0.06859421655547909,0.036468253508406566,-0.025738585947844467,-0.0012107821848893166,-0.015175252664805782,0.032858603453442735,0.03405043040741727,-0.0004284359241341019,-0.041053611878707444,-0.04563361864372615,0.008782021458017925,0.02500271223270954,0.06499107687304499,0.011026247882503035,0.0018420776731413895,-0.053239617034558345,0.0024530431708303067,0.07344227615223703,0.05827110423628919,-0.04070024853898181,-0.04389392380603694,-0.019603373964071445,0.027904068076820193,-0.039940499869420526,-0.022460922808424398,0.001530516080198924,0.03209390278579335,0.05543327884849909,1.5178929868851603,1.680437778172978,1.7689027635715642,1.6712917918693726,1.8407252830596905
-0.004355086648306666,-0.035597184434066405,0.020183981086592338,0.005602030672766305,-0.04461812622779039,0.01795601166684144,0.0007001002113750424,-0.016253051184759157,-0.05563802693016198,0.05497731620907406,0.002421834775245753,-0.007273033216564659,-0.0004589684120551578,-0.009841295529910494,-0.05832043216721206,-0.00528280725366816,-0.06411402375484389,0.038355552453304305,0.05983021308993742,-0.0054062373414642305,-0.0044215700084447454,-0.028153526325472064,-0.02262423421043135,-0.03884367953389289,0.07227129878510266,0.03715838644270404,0.019814974205892337,0.05141612504604222,-0.05038481527962393,-0.028645112837724022,0.008210232366099182,0.05877413846557396,0.007878218611574072,-0.013686707917613705,-0.05196499398738153,0.031881264269597046,-0.016137716627344815,0.05708489482225612,-0.045656302237607416,-0.07018930943742262,-0.03451210323994541,-0.016913944185768675
0.9702692212965558,1.1037249231164854,1.044305453858357,0.8814518215184888,0.8345191067239658,0.8729025332782286,0.8763555987874703,0.8750393389547627,0.9602213699233745,0.8878887664716284,0.9979446155747742,0.8271299836711269,0.8644692438524904,0.9030384644570668,0.9086732925168485,0.9048715422242467,0.9992315704442498,1.0054237422617525,0.9452094917765963,0.9969327356424825,0.9836452788665254,1.0473558317805232,0.9906127116697174,1.1170813697222852,1.031109591766701,1.1264805280419572,1.0600162166443992,1.1649949548987035,1.1941920486062947,1.0465381130487075,1.1573730136067462,1.2880918530656613,1.290870783754227,1.1502392970610287,1.222700148612908,1.2455268907865753,1.2599330329906853,1.2796827405787212,1.1028715830279885,1.1628440515207916,1.3275301715715704,1.4150017923587908
1.1258905656183786,0.9203402350587597,0.8381032521660298,0.9681486248374582,1.0152883491868951,0.9396436466248291,0.8093317815910925,0.85463637798532,0.8537518949165884,0.9238360220931704,0.9666344082975669,0.9219255374688673,0.8846107534822263,0.9092317938925889,0.8851873235171083,0.8403173223283076,0.8869334334700492,1.0379094409418628,0.9489147657082208,0.981973388364661,1.01201131798107,1.0850089639418679,0.9682871293076614,1.1910729008973293,1.055570661513218,1.0835081787198693,1.0835741563836234,1.1888733808865466,1.293913753546482,1.099721223291146,1.0910029621376605,1.200882429009812,1.1211940745418463,1.1396068572676812,1.2513387452031721,1.106663437358044,1.35186397805379,1.2880255967402756,1.3510713098377454,1.312138418773057,1.4704553789862094,1.275534866492884
0.9018909614735764,1.0367588535175756,0.9319868002735421,0.8402016578558124,0.927681011592496,0.7722152630139192,0.8197415218914412,0.8509959371071455,0.8811499450218245,0.9288082895681086,0.827154921887613,0.9252539181594455,0.9062725447587333,0.9593493720908411,0.9116173085591788,0.89873752928873,0.9628000072394087,0.96897885901154,1.024473187847012,1.0478112349383288,1.017679316552879,1.0809511424238287,1.1053411781068698,1.087354942236844,1.0206634386830327,1.0783177484343753,1.1192099367574877,1.2256540262369982,1.0995243693136953,1.1558257012926152,1.247569565287111,1.2547216718324763,1.143313180637123,1.2399240376519942,1.200858527986059,1.23429024231267,1.2736549315895431,1.1249443839968682,1.3853385166279613,1.225472934314677,1.331436526933508,1.379537184958218
0.008280339422665694,-0.04857296462761486,0.04640169487521643,0.013882778525647725,0.08536479606190388,0.022915549964963075,-0.03179975571835515,0.001771271935071723,-0.05233744263291812,-0.024401057342255283,0.04189627017499933,-0.009559114762628874,0.0329132680683675,0.07886019197190455,-0.06429167145077816,-0.06474689354958728,-0.041834683052000395,-0.02081750233520959,-0.03286670497256927,0.01757156598945306,-0.06054000494106368,-0.03453833199679753,-0.016932703890171562,-0.008267819476613836,-0.041854075963486434,0.01664992941328426,0.017572795089516674,-0.034254330406142265,-0.030647200372860305,-0.01597916131245849,0.028434601461307985,-0.05756387249636281,-0.03790843814041775,0.034061413709219064,-0.016058033608553905,-0.006814126737094075,-0.03936198349243692,0.005829033795288149,-0.029028310253198443,0.024130913655864866,0.039127521044494275,0.020545702484542103
-1.1157684357724837,-0.9681324308674305,-1.0530913770576775,-1.012800532224158,-0.9855628975029445,-0.9816823516364994,-0.9506644157245812,-0.751825797945286,-0.732770453731759,-0.7671450221808225,-0.682566474447416,-0.9917577705343735,-0.583661966548876,-0.6559351408326213,-0.8133942935502989,-0.5983537931206034,-0.6837878164685456,-0.7723026372431148,-0.6562819952654056,-0.5804156405789095,-0.674989229032938,-0.5617385174553394,-0.6125979462309304,-0.5910998211197467,-0.5241560991861275,-0.5411822565532157,-0.5783307906896434,-0.6376231237279346,-0.4536879380180375,-0.4378775384464844,-0.505361577396059,-0.5967944201522162,-0.6152559121014386,-0.6630481763570992,-0.5485024484162875,-0.5206509556518097,-0.4533916848104015,-0.5065645756761091,-0.6728969018767972,-0.7045162811160904,-0.5100474190417982,-0.5829067194762497
-1.0488729423631566,-1.0552151312908773,-0.9926499594300124,-0.874837322276761,-1.0292929590600506,-0.8923929006215129,-0.8558159397858801,-0.9192151114580457,-0.6840879674701119,-0.731098461944725,-0.8010494409629785,-0.6681953468902374,-0.8815385806732261,-0.6885129238156997,-0.6184327138041268,-0.7118578095870849,-0.8124555033377372,-0.610608657384041,-0.5591861623343236,-0.666276413073095,-0.5615699209512158,-0.6400552425788,-0.5934438218551015,-0.5592105902973721,-0.5902000777026778,-0.6797352979518759,-0.6128259332988113,-0.7374996946882338,-0.6832984833911306,-0.6433014597917305,-0.5924675268205922,-0.5674385759132392,-0.6284912003840761,-0.5125643105400058,-0.6485648886413844,-0.640233840046058,-0.4652198171408057,-0.645508899737841,-0.5269740689385659,-0.6098466374541789,-0.6423352721929073,-0.7837268819596259
-0.9664807919886358,-0.8494003247228824,-1.1001698369462583,-1.0056174545215053,-1.0518971795879783,-0.9801477183262871,-0.975557880710581,-0.8012933981805695,-0.821499466176169,-0.8878928606458805,-0.8267245344716645,-0.9328211961824715,-0.6201364227358894,-0.8508960083289733,-0.8205814060934771,-0.7091592072398966,-0.6833774183036868,-0.8505146514493431,-0.579611931079068,-0.7839781682204776,-0.6189353793571256,-0.7090816102815103,-0.475925199440197,-0.6077190891797628,-0.5973940485563535,-0.5943083716544266,-0.4704108173494008,-0.5033454489983986,-0.7462902389861408,-0.725726467616212,-0.6315743959328807,-0.5880068336742679,-0.5850062768269562,-0.6160327355297395,-0.6329798418927834,-0.6288254523860284,-0.5275298489428409,-0.6328208071225833,-0.6643754700424724,-0.7433837897837351,-0.5457897774268626,-0.6901697574219585
-0.9804730784234483,-0.8372855468445323,-0.8503290002627224,-0.9084784756971345,-0.9825208804109286,-1.1070603984201774,-0.9299176009745134,-0.8823754171987699,-0.7967151618792252,-0.9244561861433721,-0.9824103400209049,-0.8912902898692215,-0.6685098684812886,-0.5664646597957869,-0.8268122980112068,-0.7459998100410393,-0.8651766994266858,-0.519710018039235,-0.6948283260911303,-0.6585475384978899,-0.7453859080590604,-0.6049396641015132,-0.7307455148873433,-0.692168821367454,-0.48245774326622654,-0.7519607364401057,-0.5792617799483136,-0.5727856104070279,-0.6284057688455423,-0.7015076835613286,-0.6725821730958693,-0.4910176564358078,-0.726303923730763,-0.6818443219810431,-0.5285583570153863,-0.7590006139912195,-0.6387380029207379,-0.5127332568746833,-0.5396653641699221,-0.48591871975915735,-0.6142480763383757,-0.5869742852271161
-1.089292503266163,-1.1033780789787155,-0.7889356439271837,-0.867530580564937,-1.1119711620698622,-0.7748612035301988,-0.7562067161343813,-0.918031519532635,-0.7701587269194875,-0.6710287650559604,-0.8834341423223669,-0.7751569017183716,-0.8605156926748074,-0.7473830214658754,-0.8215621098423617,-0.7825719405542583,-0.6196729616857584,-0.6817014826982843,-0.5151409524502238,-0.7424776420423196,-0.5116307966479516,-0.5291239325632784,-0.5771109020394125,-0.528538134955094,-0.6322392522210346,-0.5258985105986945,-0.7293215643180916,-0.7297364444205676,-0.5777959595395247,-0.6217234447070403,-0.6474861828346176,-0.5214454640575081,-0.4876384085508053,-0.6332399567333589,-0.6376185649391173,-0.5245205302917009,-0.67404813165159,-0.6819231831533691,-0.5159348305311865,-0.5258517852113705,-0.7356584981947323,-0.6942516686913353
-0.027983592196310834,0.025996793221603608,-0.05338872377084178,0.0511847117090061,-0.029048841387966925,0.007867676384810734,0.01266558598432263,-0.006619540876401424,-0.01849807163081515,-0.029391956445784042,-0.025618559746725486,-0.05069623292022084,-0.003830235071704759,-0.055343705082767494,-0.03759786678727286,0.014982346345918711,-0.030788983674633393,-0.06291231347266031,-0.002547678036785047,-0.036777528515338914,0.04100699405557829,0.020036230865963026,0.004086576569555363,-0.02614132226667494,-0.00229674150473697,-0.07751415654140298,0.054761722560533126,-0.043451361262095166,0.024641666407318737,-0.017670358797231275,0.03933022629007043,0.0005259058935134121,-0.004178414440305876,0.047834481749620086,0.005364587450125626,-0.008421749965319074,-0.001996323305166363,-0.029677502619425068,0.01259132529801347,0.00903729040917955,0.041202301892564006,0.0002239753284348115
-0.534155681473655,-0.4658273011264959,-0.5778403977640587,-0.7419949005994867,-0.9725965343908071,-0.9295724791084679,-0.9900653956383824,-0.9983443087040896,-1.1209589726697489,-1.148687709542669,-1.1752664378419289,-1.1766939145787934,-1.1223996471341797,-1.2653589377288361,-1.193779355456055,-0.9914849925771202,-1.0128508655533623,-0.9629746811086788,-0.9421429238682897,-0.6009095548691099,-0.6850439346175413,-0.5859118999622147,-0.5416954108556241,-0.4083336070137794,-0.39426385005892756,-0.39928596730995686,-0.4428500033353641,-0.45831841277579377,-0.43346183630539376,-0.5049650923076757,-0.4859078582623505,-0.3824952380099882,-0.48921336902258955,-0.6095429059247097,-0.4826014470813491,-0.45018300017370155,-0.5911807387732576,-0.5405611392895832,-0.45013417690111207,-0.4520076506435169,-0.37685020020231913,-0.43738007176202276
-0.613262233618569,-0.6669012430769646,-0.6348662701064365,-0.6967186392181496,-0.7739131466478334,-0.7447743082534871,-0.9407530388476903,-0.9156267711892675,-1.2542311648646158,-1.0277535643491311,-1.2990444870838769,-1.2455807581524685,-1.179395458238626,-1.2361493149962488,-1.20538230460604,-1.0809707650917295,-0.9698779094101595,-0.8418460737818477,-0.7698292397841856,-0.544740909666841,-0.4412725270999646,-0.6672833046455412,-0.5027930351280107,-0.3466522830987357,-0.5757573555649025,-0.3801267030748532,-0.5059457491828204,-0.5305052941108777,-0.41196071431817133,-0.41962373769158023,-0.4688415456271126,-0.5259405388916827,-0.4966630591216826,-0.6031293767877861,-0.5003064286965648,-0.471898088875955,-0.4296622479218045,-0.45937079240620127,-0.3947844719449341,-0.4048313903824781,-0.46458157677783657,-0.32412456463665207
-0.5418886478667061,-0.5041903265972738,-0.6438051514869592,-0.6438086126124691,-0.5700248060460658,-0.8445564212754174,-0.9233760069313576,-0.8363744399021996,-1.070865336170943,-1.1552757725528586,-1.2076149240894507,-1.2783466613274184,-1.2190916396160905,-1.1452214628807134,-1.1115673544324303,-1.0464724055091181,-0.9484431586693162,-0.7644834346396454,-0.6825899746434319,-0.5571900457140484,-0.6647428723238973,-0.6618945573603429,-0.5460583778305413,-0.44499111182275947,-0.4470095343418543,-0.3648317971810915,-0.33630941196250447,-0.5019833564531304,-0.45065118937682463,-0.47741254065832106,-0.47023345677721196,-0.48325724416701277,-0.5943799999239588,-0.5013292232519334,-0.5671838203940551,-0.5446610204405047,-0.5849887100513093,-0.5274979547587502,-0.49724675550643854,-0.3689047290051802,-0.4442973707620617,-0.4318754390327629
-0.7698104356902483,-0.6714692988894136,-0.627137759475301,-0.5696472084231109,-0.6827680216149122,-0.8611756121536278,-0.9802549724443578,-1.127825408295148,-0.9889067377296726,-1.0230539014022988,-1.1111419178804949,-1.2147604921119306,-1.1937133362967256,-1.1224107947619633,-1.1783347111305646,-1.1099097448073496,-0.9200671299849846,-0.9821856787267399,-0.7230766466935482,-0.6399734732419008,-0.5507413501976024,-0.6076154506162698,-0.3808602345246539,-0.44739234880726914,-0.4033829713484501,-0.5451709020515884,-0.43015669582908705,-0.3525519041031648,-0.44007368558067206,-0.4594761007094022,-0.498323491840894,-0.5129570595136439,-0.43375903495868906,-0.5635514263749569,-0.5606864992071428,-0.4280487747908145,-0.45130134264697974,-0.5323273351591137,-0.400072944065249,-0.4053151809445632,-0.3360493938689462,-0.4076137594347419
-0.5780868109154443,-0.5408107718974839,-0.8194066668366999,-0.7350132316431195,-0.8868131235239188,-0.6803975597330654,-0.9487446817594507,-0.945041023306952,-1.1484597702712995,-1.1540938084992596,-1.2196561274041786,-1.1970557791146126,-1.2174469878667966,-1.1912243816775505,-0.9790130262298071,-1.028091283872052,-0.7863096218529964,-0.8429630522529382,-0.5773468606993454,-0.7725096919778991,-0.5137078340430997,-0.56486898612037,-0.5434494235215498,-0.3970104077423322,-0.4425801646022783,-0.29696175683600073,-0.4017948434131791,-0.3591390976871713,-0.4409680614365198,-0.45874433438654194,-0.3673202118693748,-0.4316847508738221,-0.5423356956963078,-0.5248145183776994,-0.4881896802109885,-0.5151447223842449,-0.5402443220274921,-0.3879412453488464,-0.3547108793978461,-0.33286631104410835,-0.4313721357922679,-0.37115478797173457
