gfs-wave-data.json
{"header": {"parameterCategory":2,"parameterNumber":2,"dx":2.5,"dy":2.5,"nx":144,"ny":73,"la1":90.0,"la2":-90.0,"lo1":0.0,"lo2":357.5}, "data":
[rows 38 to 56 of 73, columns 84 to 125 of 144]
-0.5114067566321399,-0.48509042035478545,-0.6657435108701795,-0.7183502671224267,-0.5329482742648719,-0.918383695653283,-0.7456530860279502,-0.8574295475812539,-0.955842161672928,-1.1673856684267072,-1.073082791896654,-1.0360576679304656,-1.1143974516684216,-1.1484026544615642,-1.0472167308030473,-1.0668718057235416,-0.7742959982608745,-0.8274423681545465,-0.7702695693110224,-0.7419185126562279,-0.5874402077493405,-0.6034190358616024,-0.6204663303816849,-0.4886397001210134,-0.30228421728944704,-0.24399710878461373,-0.4931512777299844,-0.4281494838827148,-0.42951736938562335,-0.4235724918087049,-0.384947720031938,-0.46106811420982124,-0.33893723952263494,-0.5368380574533921,-0.51203998028746,-0.4028329106261208,-0.36914708688491393,-0.40904103627830884,-0.421934534884647,-0.37233419703348986,-0.2849310681870083,-0.3826803037064837
-0.560511243529975,-0.5666399218609313,-0.4343066861722482,-0.6301801960515055,-0.697184994217866,-0.8187907679515771,-0.7584920483253286,-0.9530317073194099,-1.1037431456340958,-1.0236342985796076,-1.2571467906672837,-1.1407002317635424,-1.0371591495027668,-1.1311959314580358,-1.0720383026420328,-0.9672276225380565,-0.852674929447937,-0.8675395960490881,-0.6871952460275919,-0.6247427585217307,-0.6161786260300262,-0.5148051226308372,-0.43879090236356116,-0.4064671972753432,-0.31238599255561944,-0.3905928800867577,-0.2605839708583577,-0.40594224341542956,-0.28335152790405355,-0.39524098666792706,-0.32277562457307274,-0.4906109998687828,-0.483073982639065,-0.5651389527784949,-0.3738932760420007,-0.3914775305545783,-0.44578774819030803,-0.4574002369344022,-0.31565076289981825,-0.32560211115039656,-0.4367225401752922,-0.3242145986972115
-0.46017934526331944,-0.6568756278128768,-0.6290063551200751,-0.8075479693128798,-0.7627561918007134,-0.9489978147209264,-0.9287805619772805,-1.128905843921451,-1.0601223728124995,-1.142482716337085,-1.0802055039459149,-1.2003314276341845,-1.2149761769564986,-1.0408376392750542,-1.0474817736340167,-0.94851485341141,-0.9106584595042612,-0.8981610042638654,-0.5831286145834503,-0.6928576424843361,-0.4727624825415358,-0.4161323250899917,-0.31206359104084175,-0.4288390844174677,-0.34164503468573487,-0.25352563378905174,-0.3602190407038847,-0.2744513403792501,-0.5330593342100036,-0.43441556313371343,-0.4678449720335407,-0.4017947102185116,-0.35505043010713944,-0.44347847785300193,-0.5012517328648324,-0.5584379181632149,-0.4658685033895939,-0.47906680237620225,-0.330584092752375,-0.38196044542035024,-0.44361715107023386,-0.33015151794579634
-0.4706760063184934,-0.7584750763169706,-0.6421338781738722,-0.7008279839109888,-0.8006158270837395,-0.7394896216033326,-0.970710139565553,-1.023117939056148,-1.1032564334479251,-1.126633643535106,-1.0622713008226774,-1.0442662259625684,-1.1894662160899692,-1.1492931995144189,-1.0449006863950696,-0.883897778129264,-0.9534510775171667,-0.8786040942189733,-0.8996321563656023,-0.8129489942100318,-0.6223671672440152,-0.5083360228057533,-0.5124084091580514,-0.29914093104554035,-0.4223577681157007,-0.3293141183922338,-0.3330141906345205,-0.4619020428247471,-0.5005837436903602,-0.303612807180317,-0.3215849965932227,-0.40669902034907496,-0.3946252762887503,-0.45083145665943447,-0.5283606805205922,-0.4822992641420791,-0.4613724604645741,-0.3697717444691669,-0.4251293897815305,-0.4393570022327498,-0.3275508522901221,-0.433294798993328
0.04015300669436698,-0.012737437083537457,-0.058473071155406016,-0.01766871313531228,-0.030132234604258647,-0.012647056832568207,0.04632135146398383,0.0016074462668042402,0.06016543746630422,-0.0007964323425259709,0.025415491523215428,-0.0205653864615798,-0.019916584896711293,-0.0316538310840992,0.0014053854442758252,0.026635315642591265,0.05103097675661094,0.001033698396243792,0.011546848311114796,0.014181879402276857,-0.006194683904881935,0.010709481269063069,0.03418854279319262,-0.030866609194228966,0.028218476373891785,0.016449327283991882,-0.04034181706388383,0.043065103799097525,-0.053364392856359376,-0.03654667726378597,0.049297093704084076,0.049464409686581196,-0.014331974141894847,0.02435511022968341,-0.044215634378604304,0.04036251246104488,0.046142980942433624,0.020742794352290518,-0.04770651870997291,-0.048926558299909856,0.03104840512580071,0.022780262266742825
-1.2094512954643417,-1.020679937700226,-1.2358463226839755,-1.2321156564678595,-1.2572601781501316,-1.1315154915867998,-1.1510740881304236,-1.2210741409584052,-1.1750185312783445,-1.1502221892415785,-1.1453722141018141,-1.0197484349871124,-1.121876879658078,-1.0472917281018075,-1.0938991122781223,-0.996789904085073,-1.0266635235750283,-0.8782973652623246,-0.8932009850796316,-1.0431389694101325,-0.9895578821819059,-0.8188072025505024,-0.9234625415659761,-0.8745503659774198,-0.8208258304913058,-0.8378945737650996,-0.7856653704905304,-0.8820633781257218,-0.8132595585527211,-0.83214553347646,-0.8608778212921983,-0.8110307561983121,-0.8597280769974937,-0.8885194941110323,-0.7246952708765664,-0.8001536672247025,-0.8410773464477604,-0.7683270500127567,-0.7255313126451934,-0.8576729086280562,-0.7218741198264883,-0.775529534386763
-1.1302115958975405,-1.134864020001074,-1.2299512320413366,-1.237871772352853,-1.1797572758155925,-1.2264474150156712,-1.2302260776164466,-1.2463503376847371,-1.2050961469287567,-1.1535892188465902,-1.1244681095029143,-1.1115072337819039,-1.088139373840982,-1.1683101031088634,-1.0279477581616083,-0.961823953605669,-1.0733719345023558,-1.0176245449355525,-1.0674226155118436,-0.997415917317896,-0.8461015669024211,-0.8686995788559883,-0.8988112801280715,-0.9652995860489056,-0.9741507230166494,-0.9230009174842431,-0.8744072971400351,-0.7430386998925498,-0.777155196560729,-0.8606387287442006,-0.8936469555891593,-0.947311773425475,-0.8988464775209536,-0.8638004336273291,-0.7687073839327278,-0.9066178345600612,-0.8468128299504604,-0.9316398310635803,-0.8376643495670403,-0.7587634041067154,-0.8287079284847024,-0.7288567165635608
-1.174604715695451,-1.167162624754431,-1.1972919219514713,-1.2786008932233468,-1.1866306193477014,-1.2720549876587486,-1.0929080512031173,-1.1143333524544228,-1.1782472939500646,-1.2204006254482673,-1.0491597499583096,-1.1158275505019808,-1.1068189742101116,-1.120072811456554,-1.1398288345236889,-0.9754412705218541,-0.9899006560249213,-1.0250168893123022,-0.9404407472330276,-1.0364808273468467,-1.0698278431941546,-0.9288476093835144,-0.9136374330439349,-0.9828023146711297,-0.8000520915946668,-0.9078216592040435,-0.9535133581972394,-0.8112621123699291,-0.8711474894393447,-0.8752074505548908,-0.8414266481182139,-0.9122591386637486,-0.8236564816613657,-0.8708521836114588,-0.8096396739869162,-0.8923544978291055,-0.876632463849709,-0.8047450483411371,-0.8656386350639549,-0.7633523130475255,-0.806951896216299,-0.8275451584616409
-1.217441325847546,-1.2065251956950076,-1.1485382017785137,-1.2066135114380225,-1.1640412385108325,-1.239571796452753,-1.0979889632579933,-1.242415504166177,-1.1262420344369943,-1.0377007319122868,-0.978457887132146,-1.0927478539890867,-0.9978787727612775,-0.9489039281781314,-1.0674815380948288,-1.1267528574663137,-1.092985347503579,-1.1070587423730212,-1.0872021490385406,-0.9062983526768558,-1.0462797235817376,-1.0057466038802658,-0.8838934470249223,-0.9605344718627703,-0.9304383334528208,-0.9510705735950715,-0.8731153690861185,-0.8641130445866392,-0.8598246055604039,-0.754744068159251,-0.8533716911648368,-0.8524830473754913,-0.8697202973270024,-0.9209282224479745,-0.8345281175700602,-0.8911625936476336,-0.8092506708262491,-0.8480412196678437,-0.8238596058292046,-0.8048703043010954,-0.7675036334398683,-0.7675474181888684
-1.33143931388612,-1.135798547353635,-1.2166519727939253,-1.1344999861852405,-1.2027816118514658,-1.1059132619216596,-1.2349725316974016,-1.0664092558182978,-1.0092420796902994,-1.2386092877110555,-1.0536959421122276,-1.0875202534934005,-1.068273322473123,-0.9546456556761673,-0.9985217979062726,-1.0708312074413215,-1.1150823175608908,-1.0919394381567427,-0.9500092408305499,-1.0549489383857233,-1.01616295968982,-0.8730401434240298,-1.0482574786732182,-0.9014460019406163,-0.9884724018846722,-0.9901261494472311,-0.8850722891385772,-0.9689211478893146,-0.8952897311579471,-0.8758980419281431,-0.8098317671909334,-0.9669226445225302,-0.7919545490628901,-0.7850398548498416,-0.8048127655592126,-0.793016131299999,-0.9280404386079686,-0.8387200997879279,-0.9569166244299652,-0.8878932475821724,-0.7918437681368414,-0.8284517991269585
-0.03902126463589332,-0.034798395555896186,-0.05321563811899326,-0.03471961381153359,0.035834368104955175,0.0447208544084614,0.005994733061571026,0.04819681103699645,-0.020461530602050342,0.017630347840720085,-0.03980209284115651,-0.06727280928645371,0.012521728198652339,0.004502431562575081,0.055361756074739664,0.044819601821634074,0.028090492555421707,0.014231044575123494,-0.015173643465236046,-0.025052135282379755,0.03325417910267686,0.05636272670526819,-0.028332077049241237,0.030057495379825824,-0.02979938592584045,0.022574752157982044,0.007827022033148091,-0.02488737876425595,-0.03674581546418638,-0.053169604780810203,0.06273925744666932,0.032003743098735236,-0.05060090320359674,0.04056758586944267,-0.0074690243845882565,-0.023507729290034692,-0.0033422277855326746,-0.012563041849463299,-0.03485968453155961,-0.05010110275093288,-0.008502687980539159,-0.033502155679098734
0.9918332819809859,0.9403204847106141,0.8652423462152724,0.8810597644151316,0.9053180633649897,0.8708052905189008,0.7920681260565762,0.7375902747003423,0.9894491244455806,0.9459043701513674,0.8895679575958362,0.8917617217940567,0.984970038108884,0.848008853152729,0.7873343674436304,0.957510234320605,0.8700068685956264,0.9485324144987053,0.9133237751358005,0.922298242178162,1.0095151758960226,1.098981989079986,0.9859287237875484,1.151536341217815,1.0898844461965822,1.0472365165147242,1.0601354618457774,1.1131375962072714,1.097277142950861,1.0571906403705327,1.2309403749727144,1.2022699243720592,1.299199000242238,1.3146339430936476,1.103455697864367,1.2719626235409267,1.2802986344340708,1.3453642897840568,1.1863182047708372,1.2972468760467721,1.383483776205562,1.296701642753537
0.9391492759258538,0.9158932969078504,0.8058173638803039,0.9908928311130735,0.9704882666777157,0.8956890267281411,0.8811002827965627,0.8536386102132371,0.7353482293126883,0.7418397432096882,0.9355636972252934,0.8397758393271751,0.9019826165299569,0.8871956500153555,0.8744879872924453,0.8550423849435842,1.0271447654180361,0.9641878272541098,0.9815795948793796,0.9584530478118812,0.9101979948710415,1.0090110204107987,1.0616737153093856,1.0501242589655042,1.1813873737867813,1.1378473471127426,1.225685912494997,1.0906584775824857,1.0913156449555093,1.1386739696493833,1.1421406944423977,1.168755046390695,1.343739832907255,1.1006582503990228,1.2150676130991231,1.2947497577904792,1.0838761963509072,1.2188317881583177,1.276253165350591,1.3538253771214017,1.1697398933077217,1.3083126099079934
1.029445244097716,1.0116726717106383,0.9564161574835199,0.9941444390329932,0.8879233616004981,1.018559158662976,0.8248663967510597,0.8551429739495586,0.9773483451726876,0.8935083056631314,0.9197296616967027,0.8401663282162655,0.9397476478606398,0.896420202354762,0.9033304147617258,0.878169798081189,0.9280126753375276,0.8724778252639238,0.9033447300470883,0.9926993298592949,0.9482308362867925,1.0811831482308905,1.1020233150356058,1.0081462874796872,1.1609761894479045,1.1254516389425187,1.215281229015804,1.2094017234664696,1.2254553692956327,1.2104731764815144,1.2046747528239015,1.1507384430209988,1.262063568715796,1.1426295970131637,1.2700097649716182,1.3526344497692515,1.2015858195766402,1.120559877549933,1.2804061106122504,1.3109374922465236,1.322987700633603,1.3447795124295647
0.05919890629728093,0.07884589077550876,0.04651715084407495,-0.018560624509980677,-0.00442337512698573,-0.0239308470190529,-0.007542976473553371,-0.011630647362802985,0.055224816599885984,0.07237987471464484,0.04223506263295399,0.049692289721881985,-0.049999209764697336,-0.0017907345462500235,-0.07175016193447484,-0.035062105727085964,-0.018719752403164182,-0.042078033594272306,-0.004944567521903209,-0.00898447899038233,-0.04538509044023489,0.00557628911075993,0.023562788380558246,-0.054132913985955176,0.033914631660459986,-0.045610646965482136,-0.03836803432034575,-0.0497502183975943,-0.05344844444163734,-0.012742505918462549,-0.03862439572699375,-0.08445443728055942,-0.003447397199247947,-0.04332579366346848,0.006129681338209402,-0.022385656343611386,-0.05246156768198058,-0.05322634913626178,0.024219381690133428,0.02692855571300778,0.008117634589459966,-0.03597338282739053
1.6089748717931724,1.5403769939644614,1.5337384183570653,1.6185766313322243,1.4149551753723337,1.3274388847422107,1.4190126097202993,1.1946484553311394,1.2826551903869292,1.2782504719700212,1.3617804978184298,1.511398875299025,1.227704764163627,1.2969638059347397,1.3218565333803105,1.457902538278349,1.4907879253723348,1.3486172383887554,1.3157140444856184,1.3935548805063451,1.4984660366881914,1.3824130386822606,1.2766860272977412,1.4247846338433106,1.451894107980484,1.4818945319820758,1.3683030974528096,1.462329242737914,1.328333134640669,1.262273748385282,1.2838226132588508,1.3660309804651811,1.2855941194682876,1.2752566819731792,1.3192372751702666,1.340639646915497,1.252691754489357,1.2685634594498352,1.5356601683694557,1.4776421491565666,1.4723614237926081,1.2512964473263697
1.5970905028267792,1.4548975773278598,1.5428612351045297,1.4752542970986136,1.3528587318539151,1.3439821087964336,1.5825425885086752,1.5440012752603327,1.3852438207678577,1.3058249736394572,1.33548493529356,1.5020324396090459,1.2713148809144768,1.3579060825556,1.4614121838697123,1.1760892406021932,1.2021581706138347,1.4837072040830037,1.3232308096156704,1.4361028917459908,1.3121829878847664,1.3235994180051067,1.2885763111344124,1.329848877830638,1.4291501211153776,1.4033485865327069,1.495042246482288,1.290809892048065,1.483702457779794,1.415781287601617,1.250507785551361,1.318569203027949,1.2770580721639666,1.444828687582769,1.2426279573221488,1.4104143353099974,1.2006097051836795,1.148589321744618,1.4339047974204138,1.4072461758786328,1.4913484982167189,1.5322348227690579
1.5165509015554284,1.5435817641174923,1.589695129150703,1.5028404233482182,1.387272015690139,1.4276117455635442,1.2984628972042866,1.4119364833837702,1.3432267947162237,1.2802723189464107,1.4557789330572706,1.4120666265672253,1.2722984006753362,1.4838336514334933,1.342268092289081,1.5030871150761156,1.20172594362048,1.3834849503037787,1.4740412829512963,1.3276787926029399,1.448097594726309,1.4626387715674236,1.3201036467693132,1.3234005967623657,1.3535776394137558,1.4392388853580833,1.462532816096626,1.4097151459476536,1.2820245921459656,1.4404342007807065,1.4476324241097003,1.4254320505453122,1.3112177735202364,1.2458708009741957,1.3116351896722445,1.4259344958997882,1.4974534012895393,1.2918852409175337,1.349918971943231,1.3949287912591766,1.378607442777864,1.4387414696448506
1.6057919133744345,1.56839933186364,1.5237576243203912,1.4609833016848086,1.2816729837121634,1.3443222680396842,1.339228077199351,1.349042250010488,1.412514240041714,1.454534444671843,1.3386786077448076,1.4035625734450967,1.4138233832879366,1.3351540674860378,1.3794669110149071,1.5006340389634873,1.2185210870730032,1.4348969949775103,1.4202046592405198,1.3465614338980174,1.4160482707124382,1.418828720388989,1.431404352272937,1.3262488279046525,1.4059552876361132,1.4707316234608945,1.2906097840350261,1.3113641318048679,1.2962795133787421,1.3350264773214027,1.3602307894364634,1.369276638929676,1.2870053678200983,1.2916529356255815,1.2010274839701884,1.3065614591058623,1.4565300176641187,1.495562193949725,1.3781690794310584,1.4220060848710443,1.1595250550112743,1.3519476546609215
