gfs-wave-data.json
{"header": {"parameterCategory":2,"parameterNumber":3,"dx":2.5,"dy":2.5,"nx":144,"ny":73,"la1":90.0,"la2":-90.0,"lo1":0.0,"lo2":357.5}, "data":
[rows 0 to 18 of 73, columns 42 to 83 of 144]
0.3045419213792963,0.17198581700046037,0.19949728898708627,0.19496706640949238,0.1555260766702129,0.16349301506705313,0.20978581250782313,0.13811752174143774,0.1662270330201791,0.09423009803694041,0.24882974598785576,0.15454592173717555,0.2765606562742377,0.1798001430990808,0.288206852116183,0.20052724262953017,0.37651029029090594,0.2806852827939528,0.2954709613857875,0.26628099134516053,0.3161104600385044,0.2715498236915241,0.416420671818335,0.3632147416564745,0.3597056495403192,0.3662906316183859,0.20213767068804908,0.2675694095235552,0.2564273107443577,0.3036559083144029,0.26007081194012954,0.36779364185117863,0.3834628506539948,0.36374101383745155,0.38631733890144415,0.42351178301558146,0.4035246413586351,0.4893769789211501,0.5861126815975892,0.6232421200788645,0.6452466924193244,0.8284408123177567
0.2701154843960052,0.24420048275203,0.24916210389673407,0.28883253399940884,0.19235751915479102,0.1672776902729633,0.12583296517987544,0.12960943283846765,0.15605442839177683,0.15287678188100998,0.11110121821148326,0.13587636103407508,0.18298742953694314,0.20195705987765816,0.18908986177048104,0.2775128891417599,0.272480345808128,0.2989201342503432,0.3021157164367767,0.3111559087694459,0.23954060722333015,0.2973152773924797,0.2908831358506851,0.25184819144555093,0.32305964993625746,0.2791834520413795,0.28708676307964287,0.24859046082996972,0.37441914846711455,0.3657805816334493,0.20699847605823207,0.33945585614385243,0.2404649051579622,0.3815369163667817,0.31661417126390085,0.33337441178480065,0.42825006491135104,0.5293818826688887,0.5365000095397785,0.6699667082066875,0.7354090098019728,0.7101306046598885
0.352714509100699,0.32568313360237994,0.14607642674986443,0.1213270889262113,0.1700294940821315,0.1756313153259638,0.16374130802669948,0.20899263720272335,0.21243416059207312,0.1809265243313902,0.18173650352912676,0.24137908419158877,0.2572962818610548,0.27658764712703704,0.15552583640414291,0.1999750076970065,0.21618543693181524,0.3521897232114116,0.3029167242899325,0.39137287786154884,0.2083026268568839,0.35252109009009247,0.2863088341006315,0.3029816624434313,0.35885072312163707,0.29589060912756526,0.22834747810668712,0.2650828475527908,0.24246497644361037,0.2734432069981962,0.20634960916480538,0.3645181718876922,0.37460875440991914,0.24252188559530036,0.47119395013635945,0.41683644569636724,0.37335938691227993,0.4648333453003333,0.5168077972987462,0.6150126886118135,0.693613711357241,0.7685357920319056
0.22917297052097757,0.21230272631488376,0.16060970951501624,0.11125521711307743,0.15502255045133673,0.12202527803802216,0.1871776758863728,0.17255412012538307,0.16360166807576984,0.13883271047975349,0.15983638612454912,0.1549788403885096,0.1898959142865056,0.1966391470456443,0.19669303961002038,0.19470433149037245,0.2526829189999506,0.22991695752738006,0.3055002479741111,0.316914389798385,0.2609859461949048,0.25114430956638706,0.25409651730907507,0.29326617540404076,0.1970016024789656,0.26796590449145863,0.30862259519313,0.20925432948245762,0.18798206887661018,0.21381772449453898,0.29856799129040595,0.2620621448659009,0.2153985113124979,0.29047001113113813,0.3447748591845432,0.38458458989326205,0.3918113452101142,0.4548694085381443,0.4827348987797309,0.6495423915534638,0.6277407572960844,0.6495524157349002
0.323665136672657,0.21437926598041673,0.2730794752569203,0.09890426900466068,0.1394295107930217,0.12852002872157992,0.10130086542983459,0.1593964336169742,0.19613541552106958,0.17658236399503188,0.18709997340963505,0.1122789195699817,0.16768309939331053,0.1614804388430048,0.25280611746669124,0.31488736484825186,0.3305269291649863,0.31343497573455636,0.17427354261166772,0.1960424509962734,0.3055913143308768,0.24671888821915258,0.2936537224637471,0.3134970388768593,0.34441070302935656,0.28447934873713354,0.22835204881215976,0.34081372980033336,0.3151664238025805,0.14975016747765402,0.3156312099740555,0.24592095270931694,0.34902162448552426,0.27540466520886286,0.2727078983960828,0.4817274713995941,0.36634576321079054,0.48243854127334634,0.5479542334427475,0.5724504232143984,0.7362819176359615,0.6942776318591637
0.3408342424181622,0.2484163862939006,0.17071223278743547,0.1389791958441044,0.12228878216058006,0.1163129652187146,0.14088170481226792,0.16486262623223205,0.13429586494596102,0.22020889039980743,0.15334209429265636,0.24686158680667963,0.14120573331319658,0.24626410799421442,0.2608329127271608,0.2576951898382215,0.3182103667438357,0.32873886786374185,0.32962820193158027,0.35631203160909475,0.3087896075805815,0.22875040399306504,0.33910234761400987,0.296390313154824,0.2515804629155457,0.17052872628820337,0.3351498728183293,0.24507593837251263,0.22848019705363945,0.2043355393429147,0.2297550712747049,0.24041778542474726,0.2597992243727474,0.2485098437521994,0.2488309845433432,0.38895533116947395,0.4405562525188325,0.5011150355534472,0.5867973033221535,0.5121830515814325,0.691612357349697,0.7145898847002321
0.2798988634663806,0.2251097794304725,0.20190862100021456,0.20151283285505536,0.17764347191916535,0.1325763814686103,0.11669816991629227,0.20882938980016633,0.13479649227200058,0.08694852192539629,0.1713219895687926,0.1771258705865708,0.13116718434794714,0.2198609023798291,0.14255725496685678,0.2507502133973058,0.15890731777802783,0.13892058581289848,0.2577595841730892,0.2492929865573593,0.206250134934248,0.30998368573140556,0.21254995363224558,0.25720378088089785,0.2792151232962108,0.17912092251962902,0.2492904440753822,0.28899155174817454,0.14117566550497873,0.20963899569619163,0.20238580940358591,0.3683603881957436,0.28475881619398186,0.24049207207445814,0.32220289873961,0.3177488833114589,0.4177708562812652,0.4352192426141268,0.4212724207901553,0.5044617692638632,0.5780797319364617,0.6256581549641372
0.2409015059108585,0.21628187514191946,0.18583590618863194,0.10551367789334208,0.11632307276761426,0.12368186319647737,0.14053425368073308,0.08852282756134816,0.1253621468837196,0.19396431637466016,0.16141375814469194,0.0957691755627827,0.11990837482454614,0.2134199750465146,0.15536374740047862,0.23060069690922688,0.29144907229389594,0.20546442634503934,0.23250091791528024,0.269702992328695,0.23605767578478573,0.1974490667621612,0.30958682923646513,0.1759102525836463,0.1893704255559974,0.23669027284412208,0.18042080883750483,0.14906890608295453,0.17965408165423843,0.2512502828837958,0.280820907337478,0.15055725291378827,0.26027473162924114,0.22700321809587093,0.25994526289224207,0.30035721267930365,0.485485033437856,0.4541596535030696,0.43351650070623093,0.4743494070166994,0.5150628554336396,0.6937062302059361
0.2605241320213926,0.15920160898768262,0.1260895573860219,0.1342902770822508,0.0811303805868575,0.09082734611032692,0.05822877550601459,0.058625252396393115,0.10847021547718252,0.07231853566579426,0.0774349345447034,0.20485637946394972,0.08945536756067782,0.21802068940039568,0.16029308077131893,0.18590015357446069,0.2387391286450409,0.30972239204465474,0.2202925371326995,0.26212594248809085,0.3061664743682847,0.2980030845384301,0.18420651738845545,0.28271517171579846,0.1748780500725631,0.17373642833313693,0.1281402153674847,0.1944937127811895,0.2381990942265865,0.21035652621969925,0.15298830693675478,0.2691931778953958,0.2401152201483862,0.2954374877148419,0.2797332926871535,0.3875500982894408,0.4524135463839897,0.43127910409594167,0.4915048525093256,0.5365094612779109,0.5405402277245527,0.5684226113239447
0.23862093279029017,0.2594926563875111,0.17521841620832332,0.09205526763163052,0.11377953507426329,0.17284059506332822,0.13581795034444127,0.07574899896211634,0.0722166311898829,0.03878710559737232,0.08683632136229394,0.050699459823537796,0.08025302847072939,0.07451142976659893,0.23337350725649866,0.14030457630736828,0.1067671582287284,0.10412917539058145,0.3019428613699551,0.28365296005242013,0.21862407779257556,0.15555257705156608,0.13973936693188496,0.30494668628135807,0.18411592132525845,0.26806021471185054,0.14361285862440723,0.18277918781121685,0.16838748256786243,0.12474252643833547,0.26078274250803624,0.32884291008387767,0.25464684319466363,0.2525087808996728,0.3130671009073466,0.39044831498974547,0.4698837788588003,0.39786142184992385,0.4685553631493509,0.5351122674565695,0.6618750049288291,0.6495331907123673
0.2476473604290039,0.173081188101589,0.16899316212518303,0.20670151191188,0.08719003598956185,0.0666495322181721,0.09835015414537099,0.11364158543817167,0.13355229097702906,0.10871798821168366,0.06316793072549504,0.08130056516371134,0.08797827977168529,0.08273797162174466,0.11201685008586777,0.13967125544765627,0.1751906619594266,0.1616427706704505,0.1512706899146863,0.22632540493458336,0.22313809226876566,0.29541500981502106,0.1368890906333973,0.23858939146900862,0.283197635401518,0.15583170668839644,0.17210172909268248,0.2508620916546375,0.2033461647162286,0.14707686825014385,0.19435445932617265,0.15327608700899167,0.18347594181605437,0.35269018501683297,0.38812031433276684,0.28313774444705103,0.4089731990346027,0.44838186384006357,0.4135006061006069,0.6285782985960718,0.5752611914671447,0.5545017815038568
0.22935177080980418,0.16182976415329536,0.10813999127017043,0.11497700733035496,0.13789142680057853,0.07200184559826191,0.08976082771117116,0.08962795363684728,0.03988753287361146,0.10689755029718107,0.16690091766359613,0.15864870697605396,0.12431147329046693,0.19239331247872296,0.20877939080573737,0.12144482881243686,0.2082726611011941,0.1618666485254217,0.10927887909137346,0.16092928997819975,0.2329531488707902,0.19113015443695208,0.14939530328954423,0.18340199135856833,0.12877933564196634,0.22997672946747713,0.24809340271888894,0.12145050589720353,0.168106829258278,0.18662718608889994,0.2066051431270127,0.19598456567396635,0.35063957756549496,0.2614745396978833,0.36249644613753235,0.38895930759979924,0.3552878448316281,0.43738184678178277,0.5440127324518351,0.5278872987923354,0.5776191945730739,0.5600189759628362
-0.24214754663953883,-0.1959905463291882,-0.09067841662073038,-0.09896440755880576,-0.23693376993059254,-0.08582986206584398,-0.18164705618552754,-0.11472540118013384,-0.0575746142471535,-0.18784933903054757,-0.0663166276085601,-0.23325344547133187,-0.10445129662922903,-0.11161684478011605,-0.13773400932095514,-0.15864677772641897,-0.24102855791901906,-0.055442563882687666,-0.2416051534636619,-0.10690493220463206,-0.05234665322011048,-0.04586321750500458,-0.1681164708246087,-0.14286200705781513,-0.24134486597320773,-0.15108519730987474,-0.11351675838413201,-0.16685755088991905,-0.15181026057560124,-0.18695062729536466,-0.15970334161897565,-0.178643921394295,-0.09641632874994656,-0.14381566110220761,-0.23161487755057897,-0.23229254126572527,-0.14843855507806597,-0.054872145725552976,-0.09645612729778516,-0.10740299033456671,-0.13703159148561092,-0.08001308953875884
-0.22584396484284933,-0.11164015931512135,-0.10270758616296162,-0.14150495757211248,-0.07373828788279721,-0.1490333780213527,-0.16838067698784615,-0.09710088434559731,-0.179756869716892,-0.13441754512519918,-0.03509597409603672,-0.16279930394399286,-0.17500312055222736,-0.12751883617028442,-0.045707722838978906,-0.11730268488860521,-0.15181328649854578,-0.13249583299926135,-0.20097517454918795,-0.12234616856843489,-0.1786255936533259,-0.2014644612593896,-0.23275243451927877,-0.10935255006818628,-0.1284720773815378,-0.1962707652736811,-0.0591123957543554,-0.22856305161504348,-0.07982114121733846,-0.21447989427136005,-0.04816165595293175,-0.07681716619593945,-0.08658515806921559,-0.20259207165103307,-0.20048564336644614,-0.19809506980596506,-0.1554104918018576,-0.1656201859935703,-0.20311869607473998,-0.17160150664796212,-0.07568810110098165,-0.07813426209911259
-0.09806624223866105,-0.09912215994927007,-0.2244775261072013,-0.11852058074852316,-0.18641731418207608,-0.1619510772304369,-0.03264484352155659,-0.10094042167934525,-0.07569051470630905,-0.16065130174286027,-0.1810827791828868,-0.08662301483173168,-0.06863176336187904,-0.07322658883208819,-0.04734565826151857,-0.12421078729491854,-0.10897517591515142,-0.15863886265584612,-0.1419017949897899,-0.08281038370595373,-0.04088391706906706,-0.09928057631969947,-0.21785571195351003,-0.05461912766005697,-0.17155581411375256,-0.20539945652658317,-0.07521305542166923,-0.2215636323736437,-0.03983382650288153,-0.1271484974736573,-0.18283148747386227,-0.1353011870283731,-0.11198015268738111,-0.17656243285227302,-0.12136026245755809,-0.1877153790879508,-0.22438202838181612,-0.07619943849470405,-0.09697411525809219,-0.07211352119682694,-0.04311381147294866,-0.0729917098452949
-0.04313957692410921,-0.20506170045224745,-0.17427974503893556,-0.19154212644451415,-0.20068589139359452,-0.10228865161114487,-0.17472642903915256,-0.12465261537443044,-0.14844533437906346,-0.021147176238617067,-0.15937089850331587,-0.12161537421746041,-0.04438000193148603,-0.1236584040510634,-0.020464000456349916,-0.20882660518638857,-0.17895785329632496,-0.13119174184563623,-0.15544997287704923,-0.20517140449109084,-0.05248821764339945,-0.07572004492419371,-0.035175330066385346,-0.1481499073291862,-0.11326462421854962,-0.1670584686699228,-0.08224333039528686,-0.118671765385811,-0.21277777609044843,-0.19196918790296283,-0.065085131446178,-0.11964198490757585,-0.11529154583273345,-0.21851899668021332,-0.15997730317381423,-0.20166706579010074,-0.037516597836071676,-0.09875539742830527,-0.045337737838865175,-0.13837055554519959,-0.1999441065894317,-0.10282469388249925
-0.12303934168224805,-0.11572911098651815,-0.19788939711906803,-0.10091056513998936,-0.1349778659156214,-0.03783240557296341,-0.16444557637862486,-0.19968482844258825,-0.1924109703546668,-0.03454411041350506,-0.1978954997959218,-0.20684866053856127,-0.16499556807107113,-0.028903577139232695,-0.1536345915540865,-0.06583152424311751,-0.09437313399910502,-0.07801314760145249,-0.14856316486391083,-0.14547207452754635,-0.09434792989756817,-0.18355223196788675,-0.13113725433165363,-0.05170449061339081,-0.1308096873973283,-0.058194627885482894,-0.11852844105708105,-0.09246729519258064,-0.18075653644403972,-0.0730057145553216,-0.05565481786112126,-0.2040359443100408,-0.02495003960607762,-0.03695762590758373,-0.1430187958738405,-0.07112856249634764,-0.08677089277422989,-0.17301438611560885,-0.023567634572971872,-0.11047677556114516,-0.04160626367677453,-0.1596158736526242
-0.12435439719351284,-0.13629145827365594,-0.0534943006830781,-0.15932556455844377,-0.03058526548131304,-0.06250470769319677,-0.04954324571223577,-0.09056107818156442,-0.11519102013892404,-0.16803789917783427,-0.01465364947728915,-0.1877543096040842,-0.055533482485717205,-0.1133686845263731,-0.15832930861801905,-0.1293775249064394,-0.08171773194515483,-0.046663458894624074,-0.04949841044094923,-0.02415421670803935,-0.15128473733404324,-0.08549338101440539,-0.15839129266933694,-0.01170852026608684,-0.05125431291291642,-0.10016800872208044,-0.158532517350286,-0.03817592381315049,-0.022535785245559395,-0.06141849769301997,-0.051539326725388086,-0.061300136386370795,-0.1410817402812793,-0.15388056635957903,-0.08866696888932883,-0.09391046077049521,-0.029913883261804577,-0.08217037567930253,-0.12940366641126272,-0.07876781989660334,-0.20539566536347037,-0.07664412356714739
-0.18292141772594955,-0.18042895200787465,-0.0434845084215416,-0.13755441554581915,-0.0177038957226372,-0.08080646292310742,-0.11974074588963592,-0.1395792551550314,-0.09290534015367474,-0.03940580093087832,-0.1292708276376835,-0.12119491121097876,-0.03971733996988549,-0.006850017288718729,-0.0698716763068316,-0.0820718334344122,-0.057012470398389026,-0.0897560109877501,-0.09424216469368901,-0.20067528937671106,-0.10246923888157013,-0.009552235032623603,-0.13346127183312761,-0.09180657356767821,-0.08130550217208624,-0.10963844436236458,-0.05931225839629858,-0.15679580131274423,-0.08903506670467415,-0.05195853217374224,-0.14037977226345194,-0.17128058575674637,-0.056458924676843276,-0.18256124317073225,-0.02471228525984534,-0.10542650491920882,-0.11439743443521976,-0.00525270835310291,-0.10759967638737233,-0.06025540084351271,-0.005667547635647846,-0.1431978035167184
