gfs-wave-data.json
{"header": {"parameterCategory":2,"parameterNumber":3,"dx":2.5,"dy":2.5,"nx":144,"ny":73,"la1":90.0,"la2":-90.0,"lo1":0.0,"lo2":357.5}, "data":
[rows 0 to 18 of 73, columns 0 to 41 of 144]
0.3351957358083702,0.37212150139805494,0.32006077137001027,0.293932780114409,0.448435027920876,0.3731069176390596,0.5497876782138346,0.6252802163769458,0.6912941760503601,0.6789323449544964,0.6468820538213871,0.6610952496075092,0.7952813565771274,0.7094503856559448,0.8256185777058822,0.8399918166669771,0.703518979084634,0.5368238766426614,0.5893019808563351,0.4835395407705112,0.5419377550644271,0.5263053139114481,0.42746548839389165,0.37682910846597395,0.5132482444247957,0.36930225036025066,0.49412725243785877,0.41033562619231967,0.411052187006222,0.5304431261175805,0.47316054192139034,0.5108442305632348,0.6545774428474957,0.4760334025589097,0.6274360201852336,0.508852494073581,0.47754991217345094,0.5642830291793483,0.48275111290241124,0.3680919849072242,0.3012554803672707,0.34332164905016804
0.17521663965990328,0.26466227079256943,0.22664426852629357,0.2826277233345159,0.3932554771804469,0.3552565519673954,0.45964464082188883,0.5023864448763298,0.6203532096243319,0.5599775396190311,0.6229406836964435,0.8190638715240178,0.7327960447322777,0.6294311857513004,0.7186789245680048,0.6954842272202926,0.6324716935697923,0.612885284752203,0.6184890063460188,0.5286918632921144,0.43385814240421433,0.49397214910101817,0.4820282149256613,0.43035803825905095,0.4456873594614833,0.31669782789243767,0.462731066723222,0.3086181948760256,0.4428374271746496,0.375627717707837,0.37425175137406613,0.5146558659896803,0.5669024204236415,0.5302620425214204,0.5269117386444299,0.566580690492726,0.5826777294101924,0.5603007550945859,0.48188754106126885,0.47424366336660384,0.39329919187414214,0.274469010923139
0.1871781552080291,0.2884353439062274,0.2839362287382007,0.3600651905825091,0.36226281256256,0.45528312420496314,0.3971665853600101,0.4669785578741016,0.5402539684565191,0.705166708009462,0.6985034905754973,0.64632297008112,0.7470938268301012,0.7103896747232418,0.8061554384461899,0.7347478917325252,0.6754867781326833,0.7214715398690064,0.572085665864195,0.45737460754914455,0.5200206099809773,0.4560294171731296,0.4851395747731301,0.2734196742346909,0.35895611158126167,0.39547020416315276,0.2771288850655878,0.33883557250089424,0.4159761206272688,0.33261482986973945,0.5509666690094968,0.4733154042695651,0.483433361747844,0.6037998314023125,0.6389249087449407,0.44927703881811043,0.4466958913415056,0.5479336733340123,0.4292949381257198,0.33759432679448004,0.3885782532477474,0.2603177336825721
0.20304009117817398,0.22598095397667975,0.2943004588741405,0.278537321855093,0.3103133877092513,0.29451548004358125,0.4986867122316218,0.4162176954721303,0.5132659756324823,0.6997420065222796,0.708414963278639,0.7272160993816257,0.6625188742513697,0.7409219564458575,0.7309519517200186,0.6334373455469925,0.6235507462512004,0.5941635569172418,0.5555189995069909,0.4254512525283567,0.33859445797816784,0.38437372406395287,0.3509669521461165,0.3327942752949988,0.47838445205451613,0.2687367051224483,0.30560856867250985,0.2826211558118509,0.3918765123279548,0.49050995681360055,0.39804675365139225,0.5202509706700275,0.47649304138429677,0.5089514927283368,0.5737620000311134,0.4522086534029145,0.5264787335354016,0.5554874588228315,0.41770488576915166,0.38893849867291513,0.30743869725780265,0.2883167884003694
0.24056396506929315,0.20004101877478506,0.35638799981809904,0.2975584441382586,0.43039920398995385,0.43664586783176346,0.4754992404652784,0.43070413871233804,0.6451685577067378,0.5703547556695531,0.6019010197763238,0.6038340824963387,0.641042838120438,0.7747807889255456,0.7474231427828953,0.7123643811129499,0.7041915783093562,0.6264416656447507,0.5671128634764621,0.5512202969265557,0.4861404252900192,0.412538788416028,0.3375106895905178,0.2486643834482346,0.38493132107891675,0.4252373820656886,0.43961097153975537,0.3768134475882233,0.46484700449174665,0.41027758002397874,0.5215496267505518,0.3949355910890872,0.4500975143948735,0.5189519139385664,0.5516357009400167,0.4867865204143591,0.5074891308114549,0.4932794965280153,0.3797914983445364,0.3464097862677556,0.34946407759279624,0.21346788604999056
0.2963131876565601,0.26306541583905835,0.23075863418877773,0.24359352328043568,0.39988634566172376,0.3714882028743504,0.39312849230003255,0.48771795338233975,0.592796452090931,0.6046483067515673,0.6398432215416566,0.7685454802495036,0.650905165769259,0.7493521312091392,0.6511570574121297,0.6160238761042259,0.6243155230210724,0.5436481467590368,0.5652882232779656,0.5112061282714454,0.4645283343862963,0.4461162251910889,0.333445718403512,0.36187803787789063,0.26220911366395383,0.37040021884699925,0.29637925414243704,0.4696439148478027,0.3326861843534486,0.35092336234446553,0.39232128208887546,0.5825156139164752,0.5062672350322173,0.5665925547117922,0.4913299291302804,0.5778825988759703,0.4625121706774961,0.37601068662006687,0.4455617702972005,0.3856807464085899,0.33397511125424756,0.405702863112207
0.18834226642061894,0.2626635496534849,0.28120407555467775,0.19880079845842943,0.27575890251591306,0.3720252642444504,0.3636729470616947,0.48370406606141786,0.6242721062521025,0.533840158008996,0.6189936725991213,0.696175575209137,0.6512088272808069,0.7492484179863146,0.7014440165706464,0.5912123430346095,0.6649000190492725,0.5916135355988593,0.5917273038704928,0.45864555208246,0.43744055812384275,0.42423164746975467,0.45735367450764564,0.2795735350518525,0.44402710260471456,0.3947043270433717,0.31826108218207944,0.3151314476397986,0.28893678143965906,0.4897842104606571,0.5349799312179595,0.3487515824997366,0.5325554279598302,0.5535370888802468,0.4080365898275655,0.5169883617876333,0.43962046464447746,0.5134501838189532,0.4080479394391562,0.2961061452435043,0.36450651351994195,0.2704332784150339
0.29741688846291076,0.27453707011734024,0.3931128456611855,0.3609637116364972,0.42261586996793965,0.3215260291140818,0.4720633460647584,0.42750768083380225,0.5376600061910479,0.5349303677790016,0.6395624569880558,0.6032870130141502,0.5689875895890762,0.7210481035710896,0.7362281493048984,0.5725380204183725,0.6343235377474912,0.5563397858372645,0.5549202899017746,0.4107551961353523,0.424872224929539,0.46830666342651633,0.48732571501386424,0.48332302881454947,0.2695781807071798,0.30933353148057424,0.4409261614005642,0.3942918261594948,0.37040867822077855,0.45295901824869905,0.4908694061515484,0.49560904288989144,0.4107523061587975,0.4705770415658288,0.49711975082377236,0.38045205602454496,0.4653256460913483,0.4242635014990815,0.3300409551657339,0.4318062836089185,0.4014346787546014,0.357174872880883
0.20399817767768438,0.20737967301413315,0.2640201865767566,0.34516779559753563,0.40896635992610497,0.3664671283360499,0.3917077164912102,0.3920368118737763,0.5006911115723123,0.6237128024262695,0.6957862832037647,0.5862796346155612,0.7057816501524014,0.6826176225890142,0.5655939756040894,0.5194553602879245,0.5073509680119059,0.6438203141112909,0.4508597217800303,0.4661464024892724,0.5104631188470187,0.40018928254900993,0.3600477559134212,0.4071799145383077,0.39688574588013453,0.25454001159941636,0.2764313686019139,0.2865654351524936,0.36718288221494744,0.33454826376911206,0.3270464321067108,0.3793452789788512,0.4363628102982671,0.5169216446014335,0.5168851739093943,0.3668567660933695,0.4232258564984393,0.5105509824699397,0.3314389023533309,0.445020842552715,0.4074345267010437,0.2575527045744674
0.19641054998743018,0.28206385747756096,0.29919389837628113,0.22393149535265494,0.3473961467738847,0.4585998115821586,0.43710415602713143,0.36616592070649384,0.5010231918146775,0.4756583449117935,0.5496220893760287,0.5293023609539136,0.6465193166860138,0.6772910807393784,0.5971531000986037,0.5897753500200177,0.6113180230934969,0.4449481087292937,0.5252726361751464,0.4339886982558645,0.4752084887377368,0.30259012238916105,0.23356470540679355,0.3871455719981293,0.31377541862717656,0.31575899671295926,0.3135335049676224,0.3722100879453621,0.4244912078459223,0.4805518111813197,0.41069574975708106,0.3749488887608251,0.444848811782596,0.4036088514927119,0.4937273495865182,0.5198965312401702,0.4128649178024503,0.37391387690077466,0.3685031143840062,0.2841413722277198,0.3605339778820833,0.273040570663094
0.2599149517471376,0.1961932002291182,0.2645622653853997,0.28225957833150594,0.32821761609206984,0.32394570404594736,0.41329169730677867,0.43642643299980904,0.44053320391165096,0.5090643184265384,0.6209571937752472,0.5719168573906163,0.6345046426495778,0.7081278259008507,0.5382571862697522,0.5623332788140133,0.5829435665801861,0.4198267910927784,0.5124437155072469,0.5416833619939367,0.43508432684712556,0.32441064875958325,0.2409535816523946,0.2800138994188519,0.45494537864163537,0.31038754891884845,0.4173955976848962,0.2766296811955059,0.3369899799143524,0.3679513821984276,0.4429687118417605,0.4325568150222165,0.3647438234328841,0.4071404656506923,0.39275137509332814,0.41373990482686374,0.49086647457462435,0.4796871076736269,0.37440145674546477,0.3518299514164577,0.26788386108286,0.20725953208657216
0.18608466721217823,0.22734577118836324,0.21627130423532331,0.3237141535206567,0.30642644197511976,0.2773803225974339,0.378773421610022,0.47488186038813507,0.47644656321829393,0.4755697645979785,0.5673143362508393,0.5793440358010726,0.6793170324327186,0.5814998452491568,0.6491135588279923,0.5827271188659715,0.5199722917564649,0.5211966557942804,0.5137161468457195,0.46390441966415547,0.3245642713773517,0.4709939552889499,0.23016761654280765,0.35350144091015573,0.2332457252395082,0.3201946896848919,0.3022950648046517,0.28007764055857004,0.27621096576075,0.2997460337156339,0.41392499611510963,0.3961874682227955,0.36445083621038765,0.37643373803072955,0.44084463126925766,0.44739270408600157,0.4766821570023414,0.2858809334662496,0.3261160696968169,0.22833821147676742,0.22474737092560973,0.20655700811916958
-0.13114530697988117,-0.21545988397514748,-0.09210821500317298,-0.20932834199834183,-0.1505876979042925,-0.10985212691252576,-0.13634728805176066,-0.1282628930754334,-0.17357611531946981,-0.19140300350149364,-0.18378173675490603,-0.19472748140942173,-0.04820861400361177,-0.18664911649719318,-0.17494499523257198,-0.18578015432917933,-0.11708962324253708,-0.20767083239431355,-0.08087316147648833,-0.1270635057361161,-0.14467070165500479,-0.04797924767942307,-0.21808857365675183,-0.11433634683639096,-0.18271916393907003,-0.06264790232588646,-0.06373480500036914,-0.17988106424502326,-0.08535526015106917,-0.20815320812643717,-0.12341337011133735,-0.13951405211154042,-0.1620444300632194,-0.08738778113498351,-0.18247780567881994,-0.21492940841791347,-0.11672841054785672,-0.2315913453774128,-0.15346579386534356,-0.23732831960871703,-0.058529558137021896,-0.1250888949931406
0.8496106962095424,1.053950429107313,0.9089621025305986,0.4219221495230394,-0.19478246599614987,-0.22707145227084102,-0.06685242936533609,-0.13133036080553737,-0.1521483048663361,-0.04692978012480734,-0.043649394591386004,-0.10068391380411253,-0.20966911229147228,-0.14605054667666226,-0.09131199627228168,-0.08189002633010664,-0.06712055509012214,-0.053190901650124765,-0.06271915770198719,-0.03854777525345877,-0.1501091980172392,-0.16368138089923426,-0.18122342966029376,-0.06132015715267662,-0.1929537795625334,-0.17995391705261493,-0.1693960267585562,-0.1878896764383655,-0.18394453035380545,-0.11822462926659848,-0.04150934262816479,-0.15048119556651393,-0.09337954337218984,-0.13900056803205035,-0.08873645281453438,-0.12140170308234836,-0.2202674161778447,-0.2259555483949614,-0.07143594560843834,-0.2325835627430719,-0.1725417811411619,-0.2163936347748317
0.883113195579097,0.7288004458066737,0.9950346462402433,1.076174106196977,-0.1668168801949136,-0.21930486980265965,-0.09649267609261432,-0.03764115025528883,-0.046781645902726945,-0.09110212160964552,-0.17005989376538894,-0.09496575916628583,-0.07123811168569376,-0.18495804586956885,-0.1333019256430759,-0.16193560559532497,-0.21163010039063682,-0.14984809964182907,-0.1854379561793456,-0.15698885749097904,-0.05370851053404832,-0.10346814249913638,-0.17153738379311687,-0.09412507734554944,-0.04883729473999432,-0.19249018466257273,-0.22108583223767977,-0.1745915796880174,-0.0273921647051627,-0.033719072867318296,-0.18446923922218603,-0.1529794571609648,-0.1577802548480615,-0.12547999938097917,-0.07913495331173387,-0.17589131731407132,-0.2118385052091311,-0.16962682741001317,-0.14388431179370742,-0.19231281609420608,-0.2193585503395133,-0.16259543715904765
0.454293682415995,0.9865126044463954,0.4043904509726092,0.7682419019614036,-0.030981721200069024,-0.09308743374922039,-0.15523144461962432,-0.08332025011446094,-0.2139836546398056,-0.19905192876650696,-0.1714467998518737,-0.08274910469185275,-0.17277146884075564,-0.1909069135188078,-0.12365163321315781,-0.2175922663124219,-0.05413620491841634,-0.15048093138304988,-0.08272703763320098,-0.17044029302238234,-0.18188943090710605,-0.08690124839814423,-0.07625932203828835,-0.13184667612533646,-0.09200740962538297,-0.14455656541643352,-0.1427414371578744,-0.1726251848331032,-0.16809114030163952,-0.12788006732032384,-0.032546822600916354,-0.11950332217184527,-0.1096492986358269,-0.21507627129895154,-0.10078191968903671,-0.17463696023318312,-0.09238032183504394,-0.03678594801967243,-0.108591435160321,-0.10464527473108672,-0.12661052996615574,-0.07265608923070659
1.0272450510783273,0.8274354182342124,0.67778751381493,0.8528270635126797,-0.079027028593502,-0.01621592428472414,-0.028485551731550256,-0.024387462976747112,-0.08717006511539545,-0.06162443857262988,-0.10382252610476268,-0.18583262863099181,-0.05156793717177171,-0.15557626718368442,-0.19186830381712353,-0.15071854444852034,-0.1218931418332076,-0.08424581995802125,-0.09774523891669822,-0.10531983985024097,-0.06863376189883956,-0.07260046579437031,-0.07015838123625384,-0.16306951899504804,-0.045557004791947325,-0.08265892137299359,-0.1512111038446271,-0.19556904420097093,-0.12561086847013653,-0.2136267736415991,-0.18170249863121024,-0.1299098145182075,-0.15967221292270725,-0.20451096915806516,-0.0693483843092904,-0.1992737746259564,-0.0975526293284856,-0.056524389309213566,-0.03461123525413357,-0.09718439319273335,-0.14210447935157958,-0.2016826040121265
0.4515330414203647,0.5580179505674696,0.5974529098855292,0.5970438138140535,-0.07766855212993433,-0.1382500269740677,-0.19791281779208791,-0.10248442992292468,-0.03495745265540325,-0.11358136463094298,-0.14149841425482934,-0.15701850708630802,-0.02579153933289037,-0.08384029974568143,-0.09177125594684238,-0.07607455694083365,-0.09605836447235812,-0.03186247408205585,-0.11709199379062354,-0.2014189215354524,-0.08047752375123887,-0.17382102771765892,-0.20273663742491316,-0.17991318658483166,-0.11452766848903284,-0.04561837295069184,-0.04820056269889211,-0.19331753327438694,-0.10317224998864673,-0.12240186403141776,-0.0855561109552413,-0.13317402430211017,-0.03359748607234661,-0.08468101325487831,-0.05956390719348512,-0.1908820938561732,-0.06689737452222916,-0.17460248006643542,-0.14642560448226635,-0.20144077941454566,-0.14465980799870498,-0.016793763509928023
0.5205061267111304,0.921365631800303,0.4570598667582708,0.6111637762498183,-0.027850026928764714,-0.026439493501894753,-0.06476329796948314,-0.18084109782661206,-0.10356393037327628,-0.19096002348894836,-0.01683518271327769,-0.17912994126237597,-0.08502995954559572,-0.04959151081521644,-0.20111270119944208,-0.19143023380427962,-0.11319296591127916,-0.18617930281839704,-0.08141015292263014,-0.015403983738543629,-0.1278149904427553,-0.1291825491344553,-0.14505455575483503,-0.18061600403209646,-0.16142467844469272,-0.1802299163149715,-0.16356104755713047,-0.03669592773702971,-0.04916275524417729,-0.1513267678413951,-0.13683713884246246,-0.1201385944750127,-0.08761732733673282,-0.01174054454512872,-0.06627641186302115,-0.16147150766181323,-0.01511464048030544,-0.1922851475993838,-0.14094071981141829,-0.014485523878756958,-0.1134181808075866,-0.19751396416703726
