gfs-wave-data.json
{"header": {"parameterCategory":2,"parameterNumber":2,"dx":2.5,"dy":2.5,"nx":144,"ny":73,"la1":90.0,"la2":-90.0,"lo1":0.0,"lo2":357.5}, "data":
[rows 0 to 18 of 73, columns 0 to 41 of 144]
0.34927741838604975,0.3752828385750011,0.31022408695090353,0.3038750336987115,0.2647851518774034,0.3321286359676331,0.34453300791544933,0.30777358593617776,0.32156710995573584,0.29378018699690256,0.2392340888656995,0.12420938000226991,0.03193186503451039,-0.14067662444964688,-0.1496354872465013,-0.2835786470804444,-0.3894940239560754,-0.3533616826056265,-0.5127714886908532,-0.38521123443783756,-0.5475548609101092,-0.4970131020120897,-0.5888691872076558,-0.615177684845001,-0.5539647762080998,-0.45592454849988423,-0.4717622412573235,-0.42841212104550425,-0.288683257026016,-0.37005612606836685,-0.31669115742579756,-0.18599382040528584,-0.1825229469860844,-0.08603980133795024,-0.12596710212210857,-0.07834879842645362,0.010648317842132616,-0.013457662235897927,0.045231242017724604,0.07497125936899597,0.1495574807086983,0.0812560892844452
0.26614588461204264,0.3704539642984308,0.26900796851611963,0.3670199324861574,0.3486731687179957,0.27887798137537667,0.412213632653833,0.28417428960585334,0.2193602514987095,0.24343028665436955,0.08600840177016998,-0.019010460970571064,0.043093464585346866,-0.13340259491535034,-0.20363173908799903,-0.26950792454828065,-0.24287610750535044,-0.4695467402344377,-0.37366189166018415,-0.43485591865493284,-0.4797221632989478,-0.4968245013419305,-0.4568159694267364,-0.5064617642829671,-0.561236619582517,-0.5655605868971151,-0.4766126765474291,-0.4015072800857572,-0.30451535146950315,-0.36257434364479796,-0.4017699029825448,-0.2632924784315215,-0.28006169640876494,-0.20676506988800356,-0.04280502501310835,-0.06485579806011434,0.044379776612462916,0.012626497706335758,0.10963284617770297,0.10482153393104789,0.12265121923830061,0.12266025830301533
0.32685891907114123,0.30145873102355275,0.24636510801646277,0.2295606376296907,0.2804858742353041,0.3033670035458922,0.3626819290552461,0.26623906652638407,0.23473957704583612,0.23716844981232962,0.1294635855523757,0.1471672463953296,-0.03662342906534429,-0.027365721856797198,-0.1216054181177183,-0.20488854250172578,-0.44395837399721033,-0.31473516476741487,-0.38292098053801843,-0.36825632091713956,-0.4514391111093125,-0.40610093944031284,-0.44367972364777236,-0.5804236430938038,-0.5050650149947908,-0.5732516497521104,-0.4305383643003177,-0.39690888845515493,-0.31021152445316585,-0.34997592373351627,-0.30660958908828756,-0.30191471348499854,-0.18763140363130393,-0.12574634474476445,-0.1283463425844179,-0.05493183855906289,0.03348554227423589,0.018082642799570465,0.0409098292470662,0.12345363152294563,0.19070528514162,0.15539620288294959
0.28898345696111943,0.25938414206345406,0.34410817924409765,0.3675919618099773,0.3817486166514462,0.40155959184729995,0.42440223157441026,0.2911940525779795,0.30091406384667385,0.24385355929260927,0.16967819347836835,0.09299128900731264,0.11091233828252976,-0.09288146393533907,-0.21492743556153793,-0.19426083033205666,-0.22096696157134535,-0.3274187128227473,-0.4948899819064574,-0.4359283143414447,-0.5902535642757442,-0.4922353579756894,-0.4746311548665829,-0.6024517128892256,-0.5873532678989626,-0.43158695485719223,-0.4313581086368849,-0.48997544960588013,-0.42358378144370196,-0.2978605340877372,-0.24794926788591123,-0.2586829785722085,-0.1785311562855008,-0.09783862581560845,-0.07880806737086266,-0.040276510045574816,-0.019696127122548986,0.05824922545331625,0.05621200128540128,0.17666397180015025,0.19965642402198427,0.19107437742148561
0.2508665673091586,0.4023966728757681,0.39100754636644447,0.413806826934797,0.28276302709943163,0.42653782212726943,0.3042034231952202,0.3402432437323903,0.1830306030709953,0.2287848377689938,0.14339370167783724,0.1441694862643171,-0.011804085030602466,-0.016200628669407757,-0.0868545657166342,-0.2976506963877333,-0.23388002173094052,-0.3089935939312105,-0.4695204552640057,-0.3820420851341644,-0.5309187697441112,-0.5340185758178093,-0.6117347149397422,-0.4443955656961921,-0.5426067199998651,-0.569764439384235,-0.4218375609930469,-0.43829365566508416,-0.3776594270037772,-0.43526173420783165,-0.27084705032712547,-0.3397438026495573,-0.25810348533638977,-0.15232213050429774,-0.13365602014621955,0.010612608238965553,0.016474348800268424,0.01989663133319997,0.0858734282992993,0.17297697375655674,0.1446092354576963,0.22489622408127452
0.363346874451867,0.31363454560107235,0.2328821500443198,0.4672756881452837,0.3920833151104601,0.3751617515219881,0.3278487555212814,0.2134479389419289,0.33611790613771647,0.1430960525946875,0.07457371920899629,0.05935041718756654,-0.02865937590447083,-0.1732725204982976,-0.19433519093067628,-0.3147988037619645,-0.3831200186678198,-0.37853470924397076,-0.43268691396598924,-0.5686751141542175,-0.3944010750488995,-0.5115129148240614,-0.5052758672343378,-0.5414267646410872,-0.5448975388943257,-0.5161845186723399,-0.4949521867257417,-0.49620442810724497,-0.41734404800359026,-0.3922129138764338,-0.25203997838287234,-0.2528927913662628,-0.1766851675333195,-0.13710259816688106,-0.04923220068849556,-0.013026035139365932,-0.06534005809157092,0.007390596235978476,0.08259373850047046,0.15399288928545643,0.10220045376277657,0.1355169832348257
0.2846255330483013,0.34041454469804244,0.2971890780588585,0.30688049542256923,0.36590254481825435,0.3546945583796916,0.2724161802973828,0.3256863116465943,0.29230150910402447,0.16425630399580085,0.18105862005862294,0.020088897566913587,-0.0820111859886257,-0.05584880171483568,-0.2640694082715787,-0.14670930956009445,-0.28860179643337863,-0.3627674390326048,-0.4354775040628122,-0.4037034147563853,-0.49627409245023935,-0.4603161403915589,-0.48661293275181616,-0.523725473604856,-0.5826484409952557,-0.44148173730693724,-0.4277087574124584,-0.345788991099772,-0.42593449472809375,-0.3501578806378794,-0.3659653473642916,-0.3397032789996335,-0.20715695726827613,-0.11373740956925105,-0.12927011725884227,-0.024152884423983348,0.045301145650813404,0.011632198448451952,0.1430141945235756,0.1079313295005441,0.17507703742640013,0.1817421521744351
0.35168936107378557,0.421150234946331,0.3978770328184502,0.29257948275855195,0.32642266628213923,0.3033683976123984,0.28926298369062853,0.254162756084312,0.3166281157150738,0.18008517933850715,0.12043277586191387,-0.014881982821560153,-0.020054976131000896,-0.1501926001121644,-0.2354578806648593,-0.2078435980169958,-0.29379218667771895,-0.3229294443682808,-0.3520447624820321,-0.4128496989366089,-0.4273303096831911,-0.5953500695349798,-0.4827187453991557,-0.6164187322626253,-0.5182273724036596,-0.5641941930420953,-0.4577038953722439,-0.5496214008994356,-0.42986161977373594,-0.41555124703662516,-0.4349323584498417,-0.2622137569120523,-0.2503149872158003,-0.1600384244269507,-0.10244136612718856,0.00861843683242283,-0.03285873184484345,0.052801324280147,0.10368628849202761,0.09744670688829253,0.09346690773361278,0.14913806445718777
0.3634568912812564,0.4133159877573568,0.4254315191987797,0.4008929433083832,0.26643329040815183,0.3136642573456581,0.3008660792277278,0.2733407833190537,0.2306902734994794,0.24981417632386507,0.1524657970689463,0.10566846915408458,0.016980089993324527,-0.11336742903737193,-0.20197237910354537,-0.25456661717479245,-0.3129994407794579,-0.451347999520104,-0.3607745043518828,-0.49288832526340554,-0.4774257576222469,-0.5342942480521112,-0.5546863893190115,-0.48443201742343767,-0.5469004339380588,-0.4964091450555652,-0.38362064975385707,-0.3979826794977479,-0.4098027404310904,-0.40136358975167463,-0.3277977849580453,-0.3119988298518981,-0.273196762967661,-0.23184779533096966,-0.07440641208003822,-0.08500932991338074,0.05251241516929682,0.07426418417360252,0.14129703449203104,0.06104228899116107,0.11933700583865137,0.15667843053760774
0.36692107185129713,0.4163843919818517,0.35925440120576935,0.3143058628536402,0.4051934997929433,0.3423096876498029,0.29525760082415825,0.413455787921103,0.17056944485300787,0.1382948163287747,0.12646651184104962,0.044645871360593024,-0.02592196551902855,-0.18190763565355864,-0.12704653240701227,-0.19545077423708937,-0.26294390770200826,-0.3168997721502409,-0.32200146299833876,-0.46293914264099617,-0.4125712928426584,-0.5074129340135365,-0.5656164939349235,-0.5301204259668689,-0.5714064878548418,-0.5164966856816894,-0.49982942885629905,-0.5073154447484097,-0.43376644211676296,-0.3422289953332316,-0.4147183695846838,-0.20221364149357113,-0.26502165150345935,-0.18788546108779833,-0.08302518780119715,-0.0587110576140347,-0.05312710964828498,-0.011927714595953135,0.1108045013592559,0.1090154579319555,0.13610761413962622,0.25041675082375925
0.3976634561193392,0.4016946783189168,0.35545673119724336,0.464157418810382,0.3715883109096912,0.2998623749538159,0.4923058504786137,0.23054479730369046,0.3637933816248977,0.2657750700899719,0.21369003921958202,0.012685631811300797,0.05598965753909316,-0.00852479149053908,-0.2058607849092042,-0.2829630526607843,-0.4135754520540641,-0.46283390931905827,-0.3620965682737936,-0.45968269417618507,-0.4382125637601728,-0.5741913219455191,-0.5729127781722928,-0.5263584049023294,-0.47210162607786077,-0.4371812567293567,-0.5063263784115284,-0.5106922904332405,-0.4078601637748942,-0.37639831854309674,-0.2600566586666261,-0.21098588302661322,-0.26386359316483127,-0.11986770492957861,-0.10719366822021105,-0.028846759943736276,-0.03521981845926921,0.059109336914401164,0.10194813438370254,0.13905434274728923,0.11756503786916091,0.27451590937078924
0.39651439413379136,0.40104763198384574,0.4437623565616349,0.521443646711927,0.4458026974453662,0.3442414471586437,0.32976968047103256,0.31951506560460563,0.24828715214957628,0.2609792949687804,0.1063193005269881,0.09102681712201252,-0.011513949316904047,-0.12743327787192485,-0.23202983857197118,-0.16268814387678296,-0.3590504802626853,-0.5317379686982879,-0.4849629451665882,-0.5461363007573706,-0.5567173381576822,-0.5089795554065207,-0.6200975895965227,-0.5916646209615342,-0.5618299842890778,-0.48053372012149964,-0.5210053342654982,-0.4528137529123029,-0.4992239119210603,-0.3708282094130541,-0.3111349751480025,-0.20967418548832029,-0.19178827858118871,-0.143925028148772,-0.14946331525037249,-0.13571490659179486,0.023176916763150816,0.08506905830623097,0.10680024170697562,0.12276525792452718,0.16142444197351027,0.20683774081849762
0.0004215837754376536,0.03365361180804825,0.025026960609818034,-0.009596483974081185,-0.014528127196528932,0.024882784332842432,-0.03512241521839343,0.0014249882082171172,0.0009643224901264199,-0.015453999301509112,0.018318880746240922,-0.005657565492824805,0.018702803469647734,-0.015026418745075107,0.04156843063116909,-0.016961835754336324,0.023562129888474222,-0.02857850293807343,-0.01361383171280058,-0.0025130777094742405,-0.042640927682946674,0.016125861637257207,-0.004056880288362499,-0.02990097870918963,0.01503212293353536,0.01275917481430945,0.008295096973524476,0.00789032081645644,-0.00041617842198468137,0.03356399309182213,-0.002754127044619962,-0.006619440798570729,0.021254861600723266,-0.02007918544307867,0.035388845823659296,0.005236236675462715,0.01639348331374296,0.023119977619903868,0.01524091339445558,-0.024161256898612017,0.03148258507771849,-0.01630791970952601
1.8350982563992135,1.698387076585445,1.944288335954388,1.9785186677079847,-0.0422034965690107,-0.00990947322609708,0.003984062172107792,-0.0015857472176083224,0.02191367002378564,0.03779545187040674,0.021115051437406728,0.0051975278997405195,-0.00061501676281006,0.01848104260613421,0.0034280978860919743,-0.004640186094017128,-0.03015911249399942,-0.008908662186547048,0.012796288621851889,0.0039039250565432665,-0.01720388225385182,0.023197802686610265,0.03766284177535732,-0.017725706075758785,-0.018292068217230898,-0.0037102724521604832,0.024183219775145957,-0.03127631900998312,0.03175516797462933,0.018116619574623842,-0.011216874762450608,-0.004193295489807049,0.0061704226638538045,0.02960803123603391,0.04307566993141397,-0.02003388576452618,0.017856874749605196,0.010327556327242898,0.01061512404718695,-0.009008097884712065,-0.014203611893431825,0.006125155541935512
1.795464978961425,1.822814445069357,1.937759387141741,1.8891330224631946,-0.0020663062120635815,-0.02355909088731576,-0.025796586939709234,0.026745735776991002,-0.008140195072411722,-0.020793458818331813,0.006719490978918216,0.028923265158723153,-0.006745510608989786,0.017654339815956988,-0.017123897485695965,0.04451740127904754,0.010066611316039004,0.008113331269035415,0.014464575540708947,0.007535465164209224,-0.007433885835493863,0.014358644035997906,-0.007214417473226383,0.009368868164554112,-0.026341068537736354,0.0013834565835823816,-0.02357437854888844,0.020267304484198497,0.0005014659059259884,0.017856881696102875,0.026621620610097943,0.029360187654518026,0.013138807897051293,-0.002623724372180321,0.017079999174931526,-0.0012420220091857084,0.006897282892526586,-0.005032641049504935,-0.03319991028780724,-0.016983836510627584,-0.023899559653991022,-0.01450538708367813
1.9204566794392115,2.072748825505519,2.078016320218928,1.9873415965239136,-0.009187316589945151,0.024942860090343105,0.01029934494818921,-0.03941505556399675,0.0115714691918013,0.018429144973668432,-0.030710520013774684,-0.023457174425771287,-0.02977918142068874,-0.032044160135960925,0.03999919756553675,0.021265306719460888,-0.007743866821694449,0.007426791144192303,-0.034948616950572824,0.0428454799587569,0.006550044883196372,0.033107087125658824,0.013876320951728104,-0.01149564933477637,-0.018986954506437538,0.00616423332289185,-0.003542088438388773,-0.019290123598739748,-0.013997369263742553,-0.04573739538649877,-0.022182456083437524,0.018549762916415614,0.0003574474707490662,-0.008406734266734644,0.008050400460148112,-0.004500185352925654,-0.025491670241517824,-0.025663635795596555,0.013639180105147513,0.009946242131588416,0.02304560534930253,-0.0037796552641682912
2.010131513186901,1.8883621157546173,2.0374723973180178,1.7432434143414193,0.016743026853268613,-0.02556432938156112,-0.017560060731451593,-0.05076691722401319,-0.038339266715013046,-0.02456747433797292,-0.02251658502622951,-0.03111685952678835,-0.007395046788562193,0.009323804790806021,0.012112739583423841,-0.019782662953878944,6.805126343069691e-05,-0.027479218134161612,0.043754389892156915,-0.004451080624137096,-0.021455467015465562,-0.028419260316524607,0.010470436906076314,0.0032639632758399402,-0.019543880493193156,-0.025417818578072984,-0.012958610373159131,0.00987448611550796,-0.006636064584476856,-0.008326444715393806,0.029823880035011786,-0.011196250889002932,-0.0189599266630536,0.009668994185431393,0.026036221669208146,0.0001952539933722248,0.011281265077197842,0.016032706576843275,-0.021977899729273973,0.00410488460350237,0.0058678166577879115,-0.008948026654172924
1.702495069026206,1.999429808613356,1.9871912641823448,1.9611480649334048,0.029115913455683144,0.022738442054791946,-0.03208441823907882,-0.018587002566639484,0.014280734249062248,-0.008389387158248785,0.0019381229690669868,-0.010441260357435833,0.019984512380778856,0.03501778494282604,0.001652260644627069,0.018360329175547373,0.0033419228634223043,0.024194700908434272,0.009988125619031918,0.023178328332428794,-0.01936538559895444,-0.04754593749763749,-0.0017305798241472347,-0.03154213524587988,-0.024386906740867784,0.00827231958933622,-0.04446214189733603,0.015440496127474362,-0.010615283927491028,0.029127050477641202,-0.00014553794978974563,0.02479577595935032,-0.008115789942895127,0.007308327212213561,0.01751514331207305,-0.013696464748656744,-0.03027683121356368,0.017340411732138822,-0.013347457830974123,-0.028169339554209513,0.034479619950102396,0.025807331254303276
1.89690331963491,2.0797007673807895,1.865941769371086,1.7285226326388934,0.022220103388239185,-0.015773945476603914,-0.023857670548493762,0.018866030054482997,0.010385415536453307,0.021844183955314324,-0.013331801114573615,-0.008163157142518963,-0.04415909159739655,-0.02696368174092622,0.008043469515748107,0.0067912537430236675,0.021927109576476398,0.0035337333783535922,0.006527087868257987,-0.017704673681846674,0.05682430432441717,-0.0330110695524874,0.02031273021897505,-0.021611787566011748,0.017517552757784292,0.012500434443386782,0.005265643537874252,0.007376032046965667,0.0466841399030848,-0.03434073550803021,-0.029668622303916,0.014841598026693674,0.028341882030267867,0.0428997793149728,-0.012487279816439396,0.007989172841738643,-0.0074060157268982275,0.01142140010723424,0.01858785285458301,-0.0014891563166373092,0.025865182148892992,0.04939893771993337
