gfs-wave-data.json
{"header": {"parameterCategory":2,"parameterNumber":2,"dx":2.5,"dy":2.5,"nx":144,"ny":73,"la1":90.0,"la2":-90.0,"lo1":0.0,"lo2":357.5}, "data":
[rows 18 to 35 of 73, columns 84 to 125 of 144]
-0.005127418235585966,0.031770144913682206,0.024256319261923193,0.023072918117325234,0.029765209837929123,0.03879147268526434,-0.03897510323067823,0.005489886746345316,0.016097472872725616,0.012175859836889392,-0.0372610781978814,0.015952386442892527,0.04738398874204459,-0.04766687696805568,-0.010698308455051568,0.02837196796872026,0.07009149757206871,-0.007280601962560835,-0.033698469313951256,-0.03576515731870245,0.05841898131329747,-0.051432518156824494,0.027555544007840355,0.04669876617881088,0.0034764813621538156,0.013287249366040553,-0.0017171200895304537,-0.05488711874784449,0.04705167490928228,0.005559176603241784,-0.0017456587783188152,-0.05106663870250553,-0.012253079283982067,0.016692233975624107,-0.00808261350762244,0.024632181170117454,0.039185877502733064,1.521592677610234,1.767863512044497,1.6028010694533,1.77606693031441,1.833822997824677
0.058546898955972565,-0.06023887822406829,-0.020869655468103973,0.006718045547587672,0.02767757986458224,-0.0015985741495783618,0.002069568610442919,0.020149665851679915,0.030330987454590883,-0.05212434201445794,-0.0014488427321902489,-0.03821607500539497,-0.0037376323859277492,-0.015702091290645346,-0.011702755630485324,-0.06198111050538056,-0.017448218815425433,0.03713168227947228,0.04918090526728004,-0.03425535697210789,-0.022880855497461165,-0.05803189528598129,0.06251123086522106,-0.0652747467200875,-0.05338830346757528,0.02558738403387138,-0.06401902830302718,-0.038083442660649676,-0.012793036538272998,0.018941141345818698,-0.06889203543614171,-0.046506161073015626,0.019459985682208174,0.032735073172239094,0.020056775082092845,0.01480588365217434,-0.02884425896241349,1.625348827785742,1.7576716943088713,1.5822701970675688,1.7192529429634282,1.8823092243397024
-0.01745812956664146,-0.004608400945562122,0.05668596336593574,0.05851729111005175,-0.0564671369371134,0.04836365827028934,-0.04620358761540051,-0.019612438639860057,0.04671085728140781,0.004249732797534606,-0.05208727073185662,-0.05049817688093537,-0.05977857683390282,-0.029472059281060718,0.022774302966429266,-0.05283187517964313,0.05366842183891717,0.01020891523741636,-0.014840925861740299,0.030891474704809792,0.038986169299297074,0.04273218573330833,0.06803050913873485,-0.026748159192174926,-0.031239377828119058,-0.057270559890671785,-0.06650851469774864,-0.03010838163833466,0.04933108086247596,-0.037974496103549006,-0.046797502813325946,-0.02991772234719743,0.001679018477681394,0.04387006813281676,0.0218812246912168,0.04830064948883616,0.034993138244371835,-0.03893402876762914,0.03387244079656216,0.017754792695308042,-0.0280110335470512,-0.0689605209878916
1.1085703083013405,0.9502961154567482,0.8513400934682014,0.8999480102925206,0.9310417318186074,0.8987441633450276,0.8992132657988172,0.8017096654371298,0.8558208210806867,0.9019384981055939,0.882579873029774,0.8927477779097552,0.8697456698646141,0.8693115630260516,0.9450672983901013,0.8260193567256492,0.9661080592108316,1.0250828058597852,0.997284142474571,0.9479275684338012,1.0005216449948515,1.0782541312176606,1.0806811840093862,0.9958839914045955,1.1241311638491585,1.2019475468452332,1.1970114662967508,1.1960420978568744,1.09967203625525,1.2378378798270722,1.3200496605318772,1.1993615430490343,1.1677748522454807,1.175430778593285,1.3363266573395116,1.3653510379583131,1.2369022617441552,1.190062763384284,1.3874522724314857,1.1746059508583129,1.4003658357296187,1.434443387146087
1.0053716692256676,0.9765239453415981,0.9771012258381486,0.9959591240514919,0.8750704727028707,1.0013176981522043,0.7953090975048186,0.7993826564091957,1.0154910341907526,1.020480596172599,0.8118362038567725,0.9213695167025304,0.884079471757234,0.8194154870894294,0.9039950912227239,0.9082860961390689,1.059434382873538,0.9016389867232995,0.9956647540250254,1.02630037175244,0.9636906419151213,1.0082267670422835,0.9912541787696376,1.0087107794683479,1.0871085864338699,1.1718500912924275,1.187989708601036,1.2097699441451895,1.2544063950880076,1.1529971775022516,1.238042648625112,1.2076215742928271,1.3322088570767694,1.3339807780441522,1.1181794919791677,1.1309671028713721,1.1678161877836255,1.270808962567295,1.3944266846135167,1.3546528324859186,1.3433763037829678,1.266035908867176
1.0871829307422163,0.9024343758499594,1.0519644917306916,0.8700784020297803,0.9388875174753901,0.8697223572079235,0.9775258187120401,0.8086946055697896,0.9283502875760402,0.8228814326804723,0.8024716552032153,0.8922394248477564,0.8547281519912326,0.9933615169556399,1.028013408094206,0.8396362284710016,0.9601540232116637,0.9257470551719109,0.8871347927420313,1.0859903948823204,1.067872869565153,1.1286061597433945,1.1004146744161991,1.0572027325668665,1.0914207102579567,1.1710628302445942,1.171921403031813,1.1236272905188267,1.1729566658321267,1.2164544433763167,1.1505085541859132,1.2410177609394004,1.3544800033402282,1.2824565437153248,1.2579653015370704,1.2582860903707414,1.3301646139374508,1.2548904651846575,1.3286630943503213,1.2260093303394872,1.3740228201986395,1.4771282875427911
0.010176427251107657,-0.05579886725446963,0.030383673980286827,0.01970627976129893,0.019253823575783202,-0.014828013826324503,0.06887656319312581,-0.009227565661565613,0.06597480344216937,-0.030849060546388016,0.05028458031058573,0.04752385635029482,-0.010690859912160696,-0.041371649070514806,-0.02722462414681887,0.0334564500873816,0.050093267032994424,0.06098833875939258,0.06681520555489343,-0.05492846509145836,0.024917043235514615,-0.04024076563056235,-0.03225571109823308,-0.0351036603267464,0.04621162413496853,-0.04781852340191117,-0.014262991693166293,-0.027699937072228342,0.06681432493086635,0.025489487608853542,0.049627347960541544,0.02431057164121432,0.04040656958774645,0.05852056618730763,0.009961853141296344,0.030049626690544288,0.034182531915540895,0.021318538762489334,-0.03794584762120328,0.06575364214945795,-0.05315873425537165,-0.04480721374571069
-1.038199042617984,-1.0451935014671767,-0.9501326787267159,-0.8582142626271066,-0.7587120656604056,-1.01011877444466,-1.016827931657437,-0.8365215669235287,-0.8652036773292822,-0.9527332800145797,-0.8061429645915645,-0.8138760163839361,-0.8039706538572334,-0.6827422311405945,-0.6661257942679378,-0.5809916102191935,-0.6610177138498575,-0.5414813690968324,-0.6129144940079055,-0.6498698065430041,-0.571903225480521,-0.7463111543298679,-0.4559575168084381,-0.5667575239298895,-0.5921029626691919,-0.6391414399677198,-0.4996918808187691,-0.5730963176969142,-0.5606916217933635,-0.7644751476544001,-0.6439988987041407,-0.6199821713397867,-0.6417426917193265,-0.5546856426310649,-0.5795461558442058,-0.5532764961837529,-0.6396485509117759,-0.6770103005984544,-0.7421209863254474,-0.7981107668153475,-0.6548349110238106,-0.727222209109357
-0.8827813582686874,-1.0510606687497792,-0.987344967234793,-0.9557969903098448,-0.917879102911782,-0.8035084568767241,-0.9074405521980698,-0.7767550910973493,-0.6897655274389843,-0.8915111548400271,-0.9003177355677653,-0.8699520624981473,-0.7324865908304866,-0.6907683702215943,-0.7774742810282899,-0.6120695071870323,-0.6076602044023205,-0.7192828030703977,-0.6317817369603906,-0.6821732458984244,-0.6006508610434064,-0.6569644518078638,-0.6946234745922277,-0.6194598749839045,-0.7404852435849755,-0.7446852736325124,-0.7001873357234858,-0.5218775799455319,-0.5922277140375252,-0.7396527221109033,-0.6214588386095358,-0.7375791729035588,-0.6581468447911241,-0.6016431607958718,-0.6840863257122187,-0.5814737770887306,-0.5300697625967098,-0.5589143683226505,-0.5955945731303356,-0.5884097594870614,-0.631683738012875,-0.6639113472044026
-0.9825333662656865,-0.9526847627539224,-0.9742387660525847,-1.0425336373827483,-0.916709354839963,-0.9474998363616148,-0.7243481621822523,-0.6902103611308931,-0.7675107129115006,-0.9570849177168708,-0.8769022732035269,-0.8595005612466828,-0.7398818307644568,-0.609561424121246,-0.7437036616208761,-0.7250914166637386,-0.6447068522548965,-0.7517946163716114,-0.8306833724207708,-0.7197614767606039,-0.7573254208389606,-0.7529366610358744,-0.5727562139960917,-0.5206768009317395,-0.6563463246590936,-0.6751006206133386,-0.6006060972072358,-0.5691763303791207,-0.580417694390332,-0.713630067256247,-0.4704613169225525,-0.47256658707153426,-0.5770875957552247,-0.7434601295212644,-0.5359240386008284,-0.6076592458276763,-0.600626762846257,-0.59894490218808,-0.6620915163192225,-0.5849868768693353,-0.5303391718622784,-0.5654605325700823
-1.005238029668863,-1.1751126099532083,-1.1166849580305787,-1.0099241075753442,-0.9769091364881408,-0.926551168479522,-0.7165877232976221,-0.9890382580994803,-0.8372211383195449,-0.9119440032600602,-0.8026843270987372,-0.78969606702464,-0.6356305630192672,-0.7473136930535019,-0.891027530799735,-0.72883916823406,-0.800094947386064,-0.7714032569932253,-0.6995282784388464,-0.707648214681289,-0.6254977452787369,-0.5448108554299588,-0.5285034679424213,-0.6234793696713464,-0.7022813500032976,-0.5806353000984669,-0.711767812949856,-0.6679282589641651,-0.692449995622379,-0.6392848704762426,-0.5485047627585374,-0.594660337539545,-0.5749151393799737,-0.46149798328101316,-0.5022474828896278,-0.4802978148277476,-0.5881286739061444,-0.7453990623590311,-0.6282610389279503,-0.6066518197798432,-0.7257295069651096,-0.6689060452170159
-0.9962850552272198,-1.044587360301205,-1.0877850582419035,-0.8932539064943017,-1.0786094725783288,-0.8851914145960963,-0.9168250936681457,-0.7216754370175001,-0.8287798604661731,-0.7473367640059974,-0.707922101356264,-0.7267325415813775,-0.613664795059445,-0.5986836288402696,-0.6909386678670606,-0.8172331735336007,-0.7010592417391285,-0.6548678128178428,-0.6559406354535339,-0.6715314059055902,-0.6213505884509605,-0.5863729219946454,-0.7755779522995483,-0.5491105202557421,-0.6252890395374247,-0.6601710136733792,-0.7838170269905963,-0.6260110098968461,-0.6679929186715096,-0.47282071248659696,-0.7147247843178488,-0.5511502461747514,-0.5666848527018254,-0.5566607099033082,-0.5331109905356474,-0.4646284582941191,-0.6205582562278004,-0.7599610794813085,-0.607710456445197,-0.5545862879013989,-0.7885304496558824,-0.5953522933570177
-0.04653982921958045,-0.012881017268391273,-0.05977524783163328,-0.019816042349418927,0.03794936186192823,0.02275467905965893,-0.02503831584350119,-0.008896108113679356,-0.04253653110119145,-0.04028277769287571,0.026442426575144038,0.01032825768984862,-0.04153836335984588,0.051879281204681556,-0.04304853787434651,-0.043226432510381024,0.03387190269959259,0.04972291681287027,0.04180370077301172,0.013933087803397576,-0.038950397808684485,-0.05049901802757925,0.049413668867287215,-0.04248879701345912,0.016924930421219432,0.01120633120724385,0.05328497980045555,-0.01644786864841533,-0.021473949643804113,0.026034552667486187,0.06274730048220079,-0.029147075551458346,0.030104430540472245,0.028058559542666037,0.035608168493668255,-0.031941473287647106,-0.01931286500044957,-0.027465645803595822,-0.047058090234605,0.06603492408031293,0.03830335939456469,0.018102062844079406
-0.4707035174571248,-0.7472632457474773,-0.5745347295085987,-0.6792819247384665,-0.8334293901971265,-0.9508502079379145,-0.9933835967575945,-1.0979915970873995,-1.2108939174607707,-1.0981562304814299,-1.1841157863069574,-1.1791807035140476,-1.2255333660914738,-1.1874536194190692,-1.1119267704885594,-1.0718977493943724,-0.9314809183081459,-0.8307127568421835,-0.8175686969607532,-0.5929923560972695,-0.6995996883806702,-0.7137466860020619,-0.48948777141565003,-0.5798103817530577,-0.46705721849719006,-0.3991367898210034,-0.48404958106839796,-0.5398736419837854,-0.5806284824844226,-0.4507180626771202,-0.46634696757740507,-0.4974548023528598,-0.5393567817168673,-0.4946935261980086,-0.5608081459798959,-0.5948914295630768,-0.515952896053364,-0.5584008359230727,-0.41899616049619626,-0.39054030997048433,-0.5017661606274602,-0.3912219412767284
-0.4123826150782825,-0.4252052158847441,-0.7105366577610218,-0.551823250472711,-0.8128423555232149,-0.9021686581101392,-1.041787598427598,-0.8438630798295548,-1.1301899549244234,-1.1926191546858669,-1.2349539639430582,-1.2066248861377535,-1.199235930749786,-1.1621278301371405,-1.1531821468714532,-1.1016332766462535,-0.988195671939157,-0.7805945373000084,-0.9379181172407978,-0.6090723544434697,-0.5677354318476814,-0.5608125481011375,-0.6124868223816141,-0.4728428351684688,-0.46991578756805097,-0.3910472866956038,-0.49536355511664193,-0.44482816520474994,-0.5027800342151568,-0.3696045644943153,-0.47391509355841166,-0.4237833866101596,-0.4957593060446171,-0.527224345938715,-0.5684488993311004,-0.5012775853925621,-0.5307301695222242,-0.42000836071023623,-0.39580876360625955,-0.4580793911628267,-0.46436198458929057,-0.32620299521213075
-0.7625086643057863,-0.5476298225073591,-0.5736778515634503,-0.742322319660435,-0.9093590195019922,-0.7204812500128794,-0.9843828609153018,-1.1253668920587645,-1.2059130446560207,-1.1433967160522174,-1.1801451326309784,-1.195463478197536,-1.2538340058965964,-1.2015936975713108,-1.157728997167627,-1.0618166131309703,-1.029587973602817,-0.9253898260190127,-0.6312606913407345,-0.641008643816267,-0.5466140062615452,-0.5916772562885657,-0.5233643807767677,-0.4517603246471574,-0.4502309615019421,-0.44395108849443154,-0.34835789384905436,-0.33757469590516453,-0.33352441206124667,-0.513328543517226,-0.5062076742256169,-0.3924198587377197,-0.48642347634666905,-0.5362720428832999,-0.6236547123258626,-0.5478144834843997,-0.4925022719978901,-0.491587435299832,-0.4745426241979532,-0.40603526798898953,-0.4475763681729581,-0.41274127077208467
-0.47412530693776345,-0.4990696459298724,-0.7496646433787875,-0.5265522072570163,-0.5977600113921867,-0.8572146590259689,-0.8951232491344348,-1.0268609009319032,-1.2100230385778417,-1.1178282107196174,-1.1838890641793414,-1.2279923535205768,-1.272330999264263,-1.142356807058968,-1.0620173939237598,-1.0706689500113888,-0.889616344749281,-0.857760697645067,-0.7055520810887638,-0.5819135193849663,-0.620667142286954,-0.4710521222796555,-0.5350100121380474,-0.4823000652188546,-0.42665786277899,-0.46774229297891046,-0.45579294044067925,-0.3935866584017672,-0.3510132013675516,-0.5119406746594825,-0.5207352311998478,-0.4907563332636837,-0.5153616742112217,-0.5094882788525938,-0.4430730822328648,-0.5443974676248897,-0.40363481085993075,-0.5203618267417017,-0.4041365880497631,-0.4306437642681977,-0.4316947728668448,-0.33358003580330997
-0.6059146047212999,-0.524183086420892,-0.6165851120485758,-0.885603316341584,-0.6825803065503945,-0.7847311199911455,-0.7200743223102121,-0.9520754070156294,-1.0629013081917964,-1.0341507991116374,-1.1467907745580135,-1.1564778286467425,-1.1464464940179337,-1.1661670377119708,-1.1027960992576207,-1.0326334622548785,-0.9898865598885314,-0.7451073744342754,-0.6868034154912566,-0.6949890190801815,-0.7463962609224876,-0.627034628647652,-0.5661576410326475,-0.40528568008811866,-0.5281632583913011,-0.40900296486700616,-0.35838295704755374,-0.4483209911196123,-0.3542732351699355,-0.4658544632658444,-0.5207041989215241,-0.5245818677125414,-0.5161786387097953,-0.532502399585405,-0.5134537622952833,-0.5738165241602641,-0.5442807811507331,-0.4899538104320647,-0.5440408733296324,-0.476838047329718,-0.38180250229514545,-0.32057924438639185
