gfs-wave-data.json
{"header": {"parameterCategory":2,"parameterNumber":3,"dx":2.5,"dy":2.5,"nx":144,"ny":73,"la1":90.0,"la2":-90.0,"lo1":0.0,"lo2":357.5}, "data":
[rows 0 to 18 of 73, columns 42 to 83 of 144]
0.21674456529314767,0.1727358187363404,0.11595175267118736,0.10302828365712907,0.13162798995315697,0.08424021673887272,0.04198325269080575,0.04594609868774111,0.08367143950945076,0.03857767206457642,0.06081544138923042,0.1352455078187734,0.05635760655565757,0.044445138349326715,0.029714685678753273,0.06136966809105147,0.17429195473469342,0.1413113189964622,0.08584224778266905,0.17764283325819002,0.20444408622548854,0.21849051821771062,0.12332702463905992,0.17051590988709592,0.22062636425050047,0.17958867579164586,0.20383669041435445,0.14660074043317187,0.12672551127069265,0.10140700135567475,0.179313795412706,0.1670880531929313,0.23817254226455864,0.2495947005350676,0.22204722597545046,0.3415786462431038,0.4044026491369617,0.4435590201152734,0.43178959362445235,0.4376205222468376,0.48851628991665874,0.5890196984232909
0.21451786108633353,0.12830153088978494,0.16407580676225558,0.07593123859193561,0.04881800433057853,0.06590574763164032,0.07649401990789444,0.03347045654969722,0.12196777717909325,0.09785560829537406,0.09387788149797441,0.10212245949667637,0.09540103282184804,0.07796877961837471,0.04765890060407905,0.054177557062110006,0.023426698023414193,0.10955043019945104,0.21864501971333652,0.10863007810862776,0.18790977354915236,0.21216524571943984,0.07961572442867733,0.16361939951002952,0.10952287447114524,0.1111537321983878,0.2574727207717531,0.15489507546171116,0.21188246211765324,0.1305438342557556,0.15841963895996214,0.16855906852382302,0.1951360317449407,0.2497800814591973,0.2950440941666276,0.2905169796754616,0.39701590237823137,0.4791644758132306,0.5011199235645452,0.4570452896014693,0.45689832999693897,0.52358086553819
0.13443294715168597,0.1791774533377635,0.04385654657508784,0.10091372629223225,0.04715489935952746,0.14553219592819885,0.014821561641487171,0.09594001904046505,0.034901203964884935,0.07978758044822531,0.08953820857325727,0.11973040974726788,0.09923667496154324,0.015672591550403445,0.14855820577502957,0.08817879497205952,0.043788622180227624,0.09109230977300214,0.18315727235437043,0.2340426426904627,0.22226625410847214,0.12887393722824686,0.18122156585479676,0.12069443339135807,0.24303093823308008,0.14491396378091367,0.13909038604938534,0.12456549818514265,0.13033490676666148,0.1434774770030295,0.2677862538906751,0.15670659626341105,0.13671421735089917,0.26399226838822343,0.21463685427555831,0.43666845709912866,0.3838725737989182,0.30060894759429346,0.43381335669103704,0.5347691213682934,0.4726686648951382,0.5024938896777934
0.17573106892515128,0.14796275919090912,0.12784860531359143,0.08126776384209235,0.04582347792161994,0.0322657546347163,0.051716282031089945,0.034362943400181714,0.1216910666979088,0.11195071391384372,0.11531978358194221,0.07720467397462771,0.11608042365546759,0.1458009288970916,0.17202936983458292,0.022380956281245278,0.0481991969962548,0.17444282099905398,0.1360888436395318,0.1965386771773593,0.1668739982599649,0.206020502852921,0.1090354793757148,0.20249248977549775,0.15497781745701475,0.09936549678821266,0.12708718307138217,0.14607212568273495,0.1213839679949091,0.11625402857909546,0.1419995228318369,0.20013301322374874,0.28037967768990824,0.23958863282235182,0.28100465832130034,0.2151057241230692,0.3418908073622075,0.3074413816409172,0.4849229492701499,0.4460595883586505,0.5692069613805799,0.5565460446789031
0.16694056272661698,0.19031034395898683,0.15078489633682035,0.11388265866132173,0.07211598893059197,0.06916109505357898,0.04697253904687524,0.07323294617121807,0.01359507502528572,0.09354592831984555,0.029585815516811196,0.04934577519707538,0.07819800656795378,0.07288159981082398,0.1681623799752486,0.17190570158433474,0.03501114948164784,0.050713777286443336,0.09581176256009197,0.1989093389128317,0.09699948972425508,0.2122942052665683,0.17914514412382668,0.2076850882614946,0.09852549932461992,0.23655444803331926,0.24388198932739721,0.1514084886221151,0.21913303026311043,0.16272041904484183,0.2455342721855822,0.12456784705391025,0.23239003470977507,0.18794297484044303,0.17926627215406407,0.34509642058443607,0.4170487325995717,0.33155327231401716,0.5457695400489176,0.4914239550559537,0.6008305060557996,0.5531203545137388
0.24421680919237804,0.21323019697884243,0.07446482053472502,0.11717176115603427,0.03927767584377487,0.05931754639307808,0.12256414335791505,0.04030225880152387,0.029262958161593817,0.024500994817221615,0.06487546854398975,0.033686171799798666,0.05997311469873845,0.01982690261167255,0.17083048949608082,0.20143788393326062,0.1654060796194145,0.2081540845794444,0.15381289946920895,0.09862596342257203,0.07376909881843473,0.19046266845283794,0.2666106859333736,0.24969807814074402,0.1364839173864627,0.19999821826121747,0.12401297642945741,0.1418146198215969,0.18934474950523109,0.1429630805793391,0.12030744091611509,0.20359073323386925,0.24153579255549762,0.315394508037356,0.29025605778911034,0.2803917258952923,0.3654497461092659,0.37101030883759467,0.5196887329956192,0.4733656940894099,0.5268595812255914,0.48934119522830255
0.2736107325059996,0.12329675404882748,0.1266074267009619,0.1343624969601056,0.11489168519914833,0.07525765824645525,0.0809930322208572,0.0603661962706054,0.07862114748368906,0.05532891924609315,0.03828008171118252,0.08932834289280933,0.04335072461702823,0.035419092100852714,0.062474532986957154,0.05335199083395566,0.1471874668758802,0.060894092868219195,0.15655003846192223,0.15409216337069903,0.17623333062604757,0.20695704213602148,0.1217061477526191,0.2411289260288835,0.24674966192865014,0.2032563158040756,0.123235272364553,0.12381378045748799,0.13175751775693667,0.16950321711102295,0.14435354957446478,0.2924230038790327,0.2509085504399957,0.25451865187436873,0.19187132162646764,0.32221674853307475,0.26674899325228024,0.42715214456536466,0.4353296588318085,0.4755293052519713,0.5642883298682198,0.4893640834171446
0.1782573930455178,0.16289561367375224,0.10604665336074787,0.10066790505919414,0.05621231417111806,0.04403222465346214,0.07248422119580068,0.14872295102784372,0.05684387987153685,0.07476045510435667,0.07659270786571598,0.11190942995787745,0.1457619243029733,0.056966338024805836,0.06558715721792387,0.03482216484138016,0.18534726673573634,0.15463819255372782,0.10650714628094055,0.20010728957475293,0.1433809744489096,0.16149264585830164,0.18289390634681085,0.26256868084925433,0.17568201644559517,0.17505595668280036,0.15254493635637836,0.1881585148326178,0.14363621632944384,0.1454145034390003,0.13461613140879092,0.17369971054822617,0.16052332274241926,0.33554792590164706,0.27524059831235503,0.26296820614627836,0.34095572311850547,0.42399024386937745,0.5413091322211391,0.588966244584891,0.5418446764634957,0.5502781660532958
0.15346460564501666,0.2312543901923193,0.1481863548193598,0.11223187871990838,0.09125466242843544,0.05122865512632847,0.03450286989921642,0.07468891154310338,0.035022138513778896,0.04857772542290236,0.03665639278393467,0.036257784822018836,0.11743477720895708,0.12631490125306544,0.1873569268837921,0.18517829686940915,0.23363504771287416,0.14281340167157977,0.17823894794839826,0.20146935799491678,0.18189449083560344,0.23667687852523608,0.16653273995210335,0.12002313183433201,0.11427061894821101,0.1911462564086421,0.15788918510215483,0.17848510218151878,0.28680891935166836,0.12637105814695285,0.2691611666593005,0.18699924102291873,0.27295965987263354,0.3059976450798264,0.2614282859744152,0.3153273158870515,0.312502962212651,0.40114431227474034,0.44234820479891096,0.509612557158863,0.5945729650142173,0.6200455095562565
0.23125032137523213,0.09446891863998332,0.07263480706154195,0.16272846265633786,0.13406050141939507,0.14284934829101453,0.10218628124207607,0.049594966357499236,0.10928007396423957,0.10794836803906217,0.13747909262692318,0.11554222933401842,0.04250210160753597,0.08676884964422232,0.16120844675656593,0.07390071506792213,0.1254664193178055,0.2370165688422253,0.16599605380131977,0.2656551422905755,0.27851824051659696,0.17059210918023393,0.26634397314057096,0.14449786826036023,0.15716200771102853,0.1326837439049259,0.20773471605518462,0.2165807797226701,0.2274168433915045,0.22822507749837478,0.14188162326827158,0.2871062813077175,0.28495501812369783,0.2804787773148703,0.2290451143429214,0.42328676054732683,0.3016993441375361,0.4456133965735586,0.5734886629746808,0.5106409230743458,0.5774649896052364,0.6529194017306982
0.14272422193248033,0.19400081942679823,0.14233451961844015,0.06221129445859604,0.0988124212081175,0.06458102387048768,0.08317972642248164,0.11657016942931168,0.05823513511363684,0.12913841668569404,0.0902578358978682,0.08806182142834991,0.03693267995883301,0.18086863472823458,0.11014528472724161,0.06559381650385011,0.22712847892725568,0.11550406526055008,0.13892508057026276,0.1715687865855675,0.2958239970548904,0.25773629822503624,0.14795698065102234,0.2021200264840611,0.23757728244580076,0.13225775863654124,0.28120329502559477,0.1636411788434147,0.1629117664094378,0.16590942623732383,0.2016323651959081,0.20702946849795345,0.1957657400649966,0.23840039613537992,0.30316197335669115,0.29918795744767823,0.3159074789986179,0.4814652098678321,0.40721349102228527,0.4862003968497279,0.6127506800796065,0.5548416210735573
0.16265324514227608,0.11847213511276944,0.10797161748946572,0.07589462784551265,0.10820063478426718,0.10459920385810224,0.12214373032378356,0.13473884702130137,0.10594295442074651,0.08560271229774809,0.16464733982300295,0.1874435220467889,0.17020965849411748,0.15326767989743875,0.19770610061718283,0.21291608120852615,0.19922587768411426,0.2203612295195926,0.1307984884818112,0.22699793093512938,0.16185708068188157,0.27841856332875137,0.19515580048615794,0.22136415308694918,0.19652158731138142,0.21524849674071658,0.20900638826786966,0.23579185324293153,0.1770364107671419,0.1624136764105475,0.21817129823097797,0.12258452967380465,0.19099368471739586,0.25265083947297545,0.3006325556804206,0.3987230829084471,0.4206488389462197,0.45727605499911833,0.6078666564761658,0.5010211142929782,0.6395694125599192,0.7112046097350255
-0.15243092754538404,-0.17619876712926558,-0.14753374612734646,-0.09855015487534949,-0.24463327467007334,-0.12379165376327891,-0.22524098107003554,-0.07875262458837605,-0.16987311133791064,-0.08413219017872829,-0.1911939070739193,-0.10524609289561257,-0.0988188341063837,-0.0982701142658287,-0.1790797823285042,-0.12169138425645029,-0.1308836226476842,-0.15229969854019076,-0.229991157758211,-0.138357721891993,-0.2572865784696308,-0.0757904392427657,-0.14409264466577196,-0.11747782685780038,-0.17960237138886623,-0.15260825431893352,-0.1835170906061889,-0.18936112896724971,-0.2140445299017808,-0.27063408221149454,-0.24598700893973707,-0.20458299914456912,-0.26256465952841546,-0.26780116939207377,-0.19722858437747495,-0.14098511448342538,-0.16524528552953333,-0.19195656672150904,-0.14224969532877776,-0.158996780750215,-0.1547150707873121,-0.21929940290174058
-0.15495328167117445,-0.15420691082449048,-0.08950184561475251,-0.27412856615271897,-0.27405802039730115,-0.15274927837773492,-0.09038158240224643,-0.1306684335385435,-0.1033846597089216,-0.22694943177425408,-0.2576503759183201,-0.18182907652882627,-0.20485838494809563,-0.26341533094715663,-0.14774396295828926,-0.19974841379215713,-0.2495734336623824,-0.21436236924821306,-0.2603330527316117,-0.09285311395349537,-0.14531168290842814,-0.24522425573483564,-0.21450752870379597,-0.23007851366425658,-0.22095832624555245,-0.20072387937447153,-0.1465588200085616,-0.22706301911270652,-0.1544764743262884,-0.10798688240415943,-0.1623014334855268,-0.22613570510240505,-0.21084137490549595,-0.1768844292497609,-0.2738477428034467,-0.11804714060038998,-0.20631579666813152,-0.26805558671949803,-0.10106967955344885,-0.12783426883273996,-0.09775648379726534,-0.2799785904835172
-0.23918901036913492,-0.21301333346695797,-0.17514107908795717,-0.17106297690273073,-0.14216727736453474,-0.18722226152205731,-0.1876599097606044,-0.25229659131453014,-0.1369212767026182,-0.16892989763930952,-0.2038813685558726,-0.21179342154169664,-0.2273049118386313,-0.25687485933922444,-0.131107983219107,-0.24947644929048254,-0.18506978803456922,-0.18978632129775494,-0.267875259462572,-0.29203857181585113,-0.16449172295096467,-0.19328752592449713,-0.14068462038553234,-0.168819802278891,-0.2532881081194671,-0.2725628777144161,-0.1318068615272568,-0.11867278907315154,-0.11303904128748972,-0.2397870917820124,-0.2356198827253634,-0.14097687648548704,-0.20298145747891133,-0.1289493792731517,-0.21087845934935606,-0.117736577889191,-0.2428900840438214,-0.22375655241503659,-0.10522690540388766,-0.19037807662649403,-0.13423501494299134,-0.19446640750269525
-0.22676029944814904,-0.19654779256600088,-0.17362471254341558,-0.13731577610100235,-0.24549041962092702,-0.24174069369898127,-0.27192002385973296,-0.2607233598823486,-0.16036383177955568,-0.1286381517330324,-0.23207680211244391,-0.17161099258454832,-0.2654075123993729,-0.24315813233662634,-0.2622928815894389,-0.2514415944088598,-0.11236868356669241,-0.29647791313660515,-0.20302052000842938,-0.13113755137205954,-0.13956412342988106,-0.23976053337189707,-0.12146839512701443,-0.21722063250580134,-0.21027900875844355,-0.2333825688295768,-0.14437485319066545,-0.1450136514887595,-0.18710379547985032,-0.28603596609689946,-0.21301372502674823,-0.27741100999587476,-0.1805491690243596,-0.12454490164715477,-0.25615298861197167,-0.19780553877805568,-0.1681558802267065,-0.22110205284819415,-0.2928571963594784,-0.2733331098926946,-0.30126550930791574,-0.22744435540570115
-0.17392916819598303,-0.3162574239049531,-0.2231230321781087,-0.1913933788797204,-0.3074808275799614,-0.19671441683414545,-0.2588041289687519,-0.16785045654735933,-0.17265643829040264,-0.29975557986011964,-0.26759904404459556,-0.19081076262900393,-0.19954441984043156,-0.16912028911882884,-0.2854296319696301,-0.2835090614942795,-0.2808026427352053,-0.17851193361222722,-0.2853408009817023,-0.21016949901892376,-0.3187830890105835,-0.26233257406926697,-0.2843421788476996,-0.2224254485076695,-0.25659434752927957,-0.15858622754520246,-0.2887399320912405,-0.24153367492657443,-0.2270953447270485,-0.19331706337874618,-0.18093695712353525,-0.14657001613342602,-0.22696821388800434,-0.1390092067500528,-0.19726904785300683,-0.22920706964372228,-0.19086222894482885,-0.17278412462145348,-0.28155960414975545,-0.17340781578456899,-0.22584207516598445,-0.2750948593426247
-0.20694561304873188,-0.20954660966311822,-0.31449152442598677,-0.24609779245341262,-0.32394400082012015,-0.1749256084540248,-0.2113726501455847,-0.2655941293087907,-0.15370509177515618,-0.24602916325681135,-0.2967032341952436,-0.19928805606977057,-0.2252784842733847,-0.3074643207848203,-0.31668771381008026,-0.2587867387962455,-0.2066880888723391,-0.3155567045753559,-0.16108764289668415,-0.31181453729580827,-0.2840071966600656,-0.17600600433647923,-0.253703979263322,-0.2051371642569335,-0.19629484951925324,-0.23198496493322623,-0.19956737695186108,-0.16181520406666086,-0.26537105196977995,-0.21723886419250504,-0.27617189006524356,-0.14824867008102702,-0.3059606010559802,-0.2092344151373583,-0.14139221543528815,-0.15834474648084831,-0.24708195048712123,-0.22768672488332725,-0.25553867614676123,-0.2914675462714435,-0.15528335398993068,-0.272186120356573
-0.3131323202912159,-0.22622806139599277,-0.3432407603803275,-0.20350499987315177,-0.3335804690770954,-0.17769975647777472,-0.2049669959046212,-0.34584392569997147,-0.21963383531574676,-0.2725870842061555,-0.15729732923550852,-0.25202987776409086,-0.28079471983073934,-0.22101505155308762,-0.29113055380709374,-0.32395401116192973,-0.3081411078591776,-0.2969489619052241,-0.29427242541969645,-0.3357293077449971,-0.26660406786908886,-0.25936618952492974,-0.17240593642145952,-0.24237119213543173,-0.19516778066671878,-0.21257730819234305,-0.31190664555841346,-0.19595314951410156,-0.20945618148134493,-0.18019127251459804,-0.2887331543267519,-0.2598002882554517,-0.2536951373863156,-0.25004692564668823,-0.24688939381250194,-0.21222215002794484,-0.31370892640622017,-0.17754846798486446,-0.1907105424585319,-0.2648710922178009,-0.26392918149563793,-0.30378399200395645
