gfs-wave-data.json
{"header": {"parameterCategory":2,"parameterNumber":3,"dx":2.5,"dy":2.5,"nx":144,"ny":73,"la1":90.0,"la2":-90.0,"lo1":0.0,"lo2":357.5}, "data":
[rows 19 to 37 of 73, columns 0 to 41 of 144]
0.941549965678955,1.0389857741528477,0.7706596666711801,0.8422975786293037,-0.1704466830856379,-0.012389770931672104,-0.019811448913366482,-0.08413903771390802,-0.157068737552729,-0.06215930078412979,-0.09246376582136824,-0.09748484324100765,-0.020640486997539897,-0.10265488208040803,-0.17910859445254432,-0.0818783060516979,-0.03815161151545657,-0.055467717864696474,-0.08257205042637368,-0.1847281850036895,-0.12155937172233261,-0.18209931999652318,-0.13800114257683285,-0.01166675670787731,-0.02501113742521015,-0.0439954114866915,-0.07143597746869766,-0.04902783074179116,-0.08770743532289431,-0.08759213416771353,-0.13173902933902498,-0.14202181009594703,-0.17144305516563246,-0.04452650341548422,-0.039878408305229325,-0.18814491423818894,-0.06309419318135237,-0.18046355379449408,-0.09247776231574871,-0.024451119585401453,-0.17815942769768597,-0.04867873648860708
-0.05095652942738531,-0.19000971617012716,-0.18947768851724794,-0.010433468517489414,-0.04100795150636966,-0.0168011482003977,-0.017839871186739617,-0.09730671616759753,-0.05103350996660715,-0.11496156685313481,-0.1651750550229847,-0.0757805000281014,-0.07999290405445796,-0.030510344652587944,-0.145832073662153,-0.12118688717729992,-0.19258716987954883,-0.07703631036949998,-0.16264747931250476,-0.17971895398945872,-0.17211668268652297,-0.0786040869359934,-0.14575806500976385,-0.19163596255845172,-0.05300620607879054,-0.017229765874953708,-0.08383944077155084,-0.04330454152925513,-0.04303187830424052,-0.027933109959636677,-0.0357007242059467,-0.017736473229065693,-0.17420709420661187,-0.07708304243049267,-0.1326786570856795,-0.11327435073941874,-0.06013039994603772,-0.11562464523826808,-0.15067065847884853,-0.06049354288043248,-0.060503319237678876,-0.04562023316492027
0.023284403257446108,-0.1284786748020261,-0.19400045118663564,0.02833235153967705,-0.11708114984931269,-0.46510732887983236,-0.20169366621410798,-0.35312093569345115,-0.713428550181461,-0.32106332893628936,-0.37054759284889827,-0.7327946391075685,-0.7705777903209583,-0.4788723325142091,-0.5774841343582015,-0.5303719430799114,-0.7565243641446688,-0.7788631224400683,-0.5730585583513299,-0.6236950678221573,-0.4253130602291955,-0.39808900790475826,-0.5857060631003713,-0.5335335832641097,-0.394543300374129,-0.616641500752674,-0.3905195236719554,-0.3698030310515803,-0.3167125441144631,-0.13867323280841135,-0.3412692529187625,-0.12581847179347552,-0.07502663703807116,-0.20904888514413011,0.06706683118344489,-0.03559299859813923,-0.0384276752054435,0.0763252161159222,0.04742965576270735,0.15196891618172761,0.10222802060885963,0.19657148890666462
0.0954675832218053,-0.187811123505801,-0.28177929069193947,-0.3472278101156659,-0.20764443978864636,-0.4829499959229823,-0.2085966414848998,-0.4041373371541047,-0.6519269201494833,-0.5762249688995302,-0.545634045095413,-0.5376556145133435,-0.44974984200539314,-0.7842716738766046,-0.5708735776960507,-0.7335555598100577,-0.4379505065446912,-0.7782520435153778,-0.4629875519989927,-0.4917354128602991,-0.49210103606973615,-0.7698503149574938,-0.6318039302736835,-0.4705520599754791,-0.513094803013302,-0.3343227218778858,-0.3134786731648324,-0.28153231726911554,-0.3185225525995773,-0.32511264964740066,-0.2716596598051422,-0.060789850309205536,-0.06450549213512476,-0.1052269581704859,-0.21909418820824497,-0.038957817958211106,-0.020945812660591197,0.11480522516258809,0.002901410231482976,0.20386563630838817,0.0068516522057721595,0.12293559488422212
0.21711940028902613,-0.29822118974522605,-0.24773146127854537,-0.37644211095850383,-0.3860640062778872,-0.13766004801330847,-0.5182300398756235,-0.3879507722921952,-0.6032428272476915,-0.5271692179530884,-0.48800396849644107,-0.68583620882715,-0.40270889051462766,-0.425125654456026,-0.5552428144523803,-0.8455447513020388,-0.7818202035435619,-0.5807101612887814,-0.6703616007609565,-0.7514664615230845,-0.7008124823685983,-0.7206966952587323,-0.706867944802511,-0.6634245700902092,-0.5958831207042312,-0.5180615101672857,-0.5279819765287211,-0.48933318313732466,-0.45544128126281397,-0.18235120489959297,-0.2946892355625332,-0.33932651896105726,-0.34147392707065766,0.030749624165254768,-0.13099398062231352,0.07288577031269096,-0.09399364730079139,-0.017979218083137283,0.020358547942862803,0.023757825268339725,0.13983677948442305,0.1889946432393664
-0.007372633485340027,-0.049472758616293966,-0.1378009369858232,-0.03807327793099853,-0.09503411271461348,-0.09946389949908023,-0.06950141848617046,-0.0151366813263447,-0.07868790850423052,-0.04173720616004437,-0.15112145068078764,-0.02890971003308249,-0.016023876407194874,-0.17324048479267565,-0.05379802599269604,-0.1645330347211497,-0.1408080518679005,-0.17381210992877016,-0.04668081352679804,-0.18481246200948878,-0.03104516955734448,-0.04091118987718818,-0.06127234615528952,-0.01631378766501865,-0.020207674809275065,-0.10334368542014268,-0.1828036440004152,-0.10403493359318343,-0.12751972526535502,-0.06588319674098862,-0.038363123903169226,-0.021190936386014658,-0.05052053472811075,-0.04913329573028295,-0.17735460737612582,-0.19118759962636725,-0.07449230003624649,-0.09231452755646335,-0.13084117303564846,-0.14115055011410085,-0.03154937554322407,-0.1648411361081675
-0.40619016175336636,-0.3257063253155019,-0.39493267199849,-0.4432530089171492,-0.24513757179467152,-0.26132639505025285,-0.5176244993726946,-0.2399919680644591,-0.23656571998085682,-0.4101166588399926,-0.395324156689959,-0.43591675175241906,-0.2949937266324621,-0.4397033786711271,-0.15849275463838555,-0.20934632760950075,-0.46703792216974427,-0.45977310334758276,-0.2938169425219843,-0.27209931057717174,-0.36978666742423827,-0.07962057433168704,-0.32273027994757364,-0.07583739063764487,-0.22650577360754276,-0.09642049878359062,-0.13369911588272826,-0.04969590679630913,-0.21878667385480993,-0.13799998763494314,-0.3297357953475282,-0.29886752655752385,-0.1958713213472686,-0.25251887530823625,-0.14806647360181174,-0.2803948344720566,-0.15278393396841558,-0.2416910591849883,-0.06900653632338899,-0.009614549350412947,-0.16717524450264715,-0.04081233329654121
-0.4552162510467611,-0.5052953812427206,-0.41821029672725235,-0.523695369389826,-0.36866651977099496,-0.393307175342388,-0.5365670899780014,-0.4826769547496951,-0.2602307819892379,-0.43153031444392687,-0.3297928357462637,-0.5140932961428666,-0.42220054034930976,-0.36899073086192496,-0.34655543469981626,-0.3087850611935654,-0.3773355172218089,-0.3458878831401465,-0.14412991040754058,-0.30596662405217645,-0.38182618210575786,-0.13220094451559544,-0.19831650445189147,-0.06800947404193582,-0.08638337662210187,-0.27208772870148307,-0.22248819372451895,-0.3811193547616193,-0.42367886030684904,-0.1913637545644303,-0.36741608628346406,-0.37779691575080077,-0.0707945248751863,-0.1997468562051272,-0.3473068591946473,-0.03483866154430453,-0.32020299883480013,-0.242493521753147,-0.3204612383939579,-0.10901964560589567,-0.30547206408540173,-0.2473202761665522
-0.3157059449175827,-0.40842298196846366,-0.28198170954324053,-0.29729348999694133,-0.3006192352750593,-0.2429594326198999,-0.5122760782855497,-0.49979291019786176,-0.2584681026760056,-0.35828404210434284,-0.5528403982727254,-0.20442860897423756,-0.43488473065383415,-0.361743737091626,-0.41724685251979,-0.2583553264310221,-0.2508640152987527,-0.21019261302460773,-0.3051460311531354,-0.30137084691869764,-0.14743776415913853,-0.10070173382475736,-0.1648965133251097,-0.08484533175835832,-0.1322248154769239,-0.31703577564641694,-0.0980488423937957,-0.2870212732379073,-0.2840292493712748,-0.02639879373246591,-0.18937119921075027,-0.11289386019597321,-0.09836769781503671,-0.3726614380516554,-0.00860076496801213,-0.015124781298168162,-0.01768922274226883,-0.35230691072904924,-0.08783578235005567,-0.006303358051077559,-0.20520341239308337,-0.10734200695326232
-0.43952978855319724,-0.4359825545072114,-0.47455073209402676,-0.49084066876696947,-0.5894595836764351,-0.5601703296811794,-0.29096484198237443,-0.37053479174854953,-0.5592938666297362,-0.24295827093563763,-0.33828978693694056,-0.40148764880501336,-0.5682321945968933,-0.4092732912827772,-0.21633186143697847,-0.4371426381191509,-0.2774773156974622,-0.22233399023643943,-0.1820313443381923,-0.45306031595513774,-0.4258155828098861,-0.32726894605657675,-0.11187613557378435,-0.13387865290498077,-0.21014073501088076,-0.3146430787872398,-0.3182688017580186,-0.2075189840663519,-0.1996482887308746,-0.24352790750615833,-0.15911515992362044,-0.28237971297533515,-0.18084481474798678,-0.3326419047855218,-0.09833542638206756,-0.17266346361691556,-0.18001199808991405,-0.11202899868632146,-0.10771289338922793,-0.11992074513292517,-0.36394278069356434,-0.21975884719540434
-0.49267122166674066,-0.5034712543741089,-0.42627270984640364,-0.43424247428584617,-0.36198523942496125,-0.4558046165138309,-0.2612513556202478,-0.4746202012935499,-0.30535156291490684,-0.4055904466308102,-0.3260834729230778,-0.415130600392517,-0.4636808596326064,-0.30966166325162603,-0.31864042152875616,-0.3104636401879635,-0.5120122822736537,-0.16127699170991028,-0.2701761455851199,-0.2502117774605391,-0.250503990883803,-0.2462482240875583,-0.17937694907248392,-0.16021867812607724,-0.33878765684489176,-0.22130241172837395,-0.1930027280839396,-0.294183061052226,-0.16795500126637114,-0.34687342188123177,-0.2314586926702769,-0.21542086185225737,-0.315445413203684,-0.05386697086348347,-0.22428443352003338,-0.15596447941973324,-0.052430897009088824,-0.3020878050003215,-0.04379471429297072,-0.26653603239234663,-0.29772385322472017,-0.056005487259677585
-0.12230657849717295,-0.10652601580984825,-0.0619677337822022,-0.10250123547306146,-0.23545128346434355,-0.1506083443649468,-0.043706114311416334,-0.15407434431784137,-0.21959923326659664,-0.10679160912738593,-0.14409125075981583,-0.15162929111357,-0.21709754721312402,-0.23182184713571444,-0.21564466246175903,-0.24240508919772352,-0.09794160406556761,-0.23618334199962487,-0.23944395457428672,-0.18708925501805018,-0.0705700880045684,-0.218670300812505,-0.1971613488398326,-0.13484303301983291,-0.20724297051811633,-0.1407455532104079,-0.049556582655747264,-0.1475386246352052,-0.16450819367453945,-0.08503432157964194,-0.2213648139316784,-0.16562170112563218,-0.11096406712101847,-0.17018512391826585,-0.050677809117322004,-0.1048405278062217,-0.07032849206467373,-0.18152429545785723,-0.11417028114139698,-0.0469397702396849,-0.2201381697900178,-0.1152324159881147
0.04332151075925125,-0.019599433581262912,0.13582810972911244,0.23192950884055985,0.3613817360677313,0.5549718229220476,0.4843319739846823,0.7329987917018039,0.8494694317189705,0.7548423987853574,0.8557668696665794,0.9403576357148724,0.8467579019060215,0.9787822223521271,0.9098825227926867,0.9581365651231947,0.8075875636606539,0.8636130033149666,0.7030614886296199,0.6696277454266484,0.5290938309415455,0.5568238182846543,0.19292451352281972,0.01203164728660199,0.1626499516442797,-0.3221930100112043,-0.24156655611933073,-0.3210588542877099,-0.5208901042273204,-0.41238016998986204,-0.670909009928391,-0.5775800658991809,-0.6526593870367146,-0.7120203308182771,-0.5882476438984241,-0.6056581942405895,-0.6268638841792128,-0.5117841065490623,-0.5470817808097114,-0.48288658909486804,-0.3099021280686588,-0.3423983764273987
-0.060426563175494684,0.12391195127279357,0.07893438853367658,0.42334669812015624,0.4371082450971548,0.5763841237060738,0.5015195386730068,0.780853041708658,0.7001804910208064,0.7508575458275678,0.6816012268042707,0.8923800941516231,0.988198633962029,0.7987853161912546,0.8593808059494791,0.909615449040854,0.9715317811081281,0.7933231217160339,0.6625878789622809,0.5612976926582682,0.4449818365370644,0.5384269119226499,0.2701459405244599,0.14597729702517068,0.10658753201620726,-0.21132256246490294,-0.4021131436533414,-0.2461809893092278,-0.3219656605477377,-0.49522312732574536,-0.6890101764164193,-0.5296882059833558,-0.6895356718464343,-0.4905239150877061,-0.6859889464710063,-0.5482125243038879,-0.5455452119187975,-0.4769957777708075,-0.5408293930658173,-0.3881151748815876,-0.4931222133051887,-0.3924073021066758
0.06870998204122021,0.09539768893336402,0.14525890715591133,0.20777386281259422,0.2906348284748526,0.5239065807829025,0.52890661468239,0.667619456977534,0.8103476189291456,0.7781043525362997,0.7297368460559146,0.8621903301838423,1.0224383259019707,0.8896317785205466,1.0560851131572007,0.815328122002293,0.7520346813950128,0.8671663489398849,0.7103951218681888,0.7765141549387687,0.36905400006176214,0.5155849452474421,0.4388007315858713,0.1837835020577115,0.14755251647272527,-0.14591890234377736,-0.11283316155364974,-0.5263587537589757,-0.38374011270045916,-0.5202416900972952,-0.5911165000436621,-0.5452897848578975,-0.5750395393256361,-0.6054856186615099,-0.6880954933026942,-0.5442787528371824,-0.6027915678579054,-0.5277120551486751,-0.44256520819217204,-0.44322456614129585,-0.35842634150042424,-0.3985516288080307
0.04574093370700489,0.04271347144757648,0.12641497856140715,0.23310971730079122,0.3135365963650577,0.41841107522052895,0.5438007757405349,0.7219491478476683,0.6501063700441597,0.8186291126125816,0.7785618175039137,0.8891796852811023,0.9162226367293393,0.9128125041237248,0.8435831947392253,0.8265590722409227,0.8231868730830998,0.6586701521321973,0.6914380472263889,0.5577918646234886,0.4805675968658414,0.530939996584233,0.3302740494386218,0.18407327346349603,0.18382509157585208,-0.054660311909724806,-0.12886848255429573,-0.2695996132757787,-0.616059614521409,-0.5349040557205107,-0.5167454976465823,-0.5102035107347784,-0.6512377665131948,-0.6767980451703856,-0.6494411417660251,-0.5906992786100997,-0.5732624146472258,-0.6291193607612463,-0.6058269213079108,-0.3985937521263296,-0.40863998692917075,-0.29326346854924906
0.0746269360996618,-0.009240742771143541,0.21268709907876546,0.2052643509141087,0.5436989000763911,0.5669356482775809,0.7203273372018569,0.7516304669376174,0.6695655696308261,0.8581027395701358,0.7755231173824633,0.9489993676156874,0.7952357584955262,0.907635684307185,0.8860070880562037,0.8311662877362939,0.7425159984224473,0.9123878746697193,0.8299897932010841,0.6186742170074393,0.38112636116308585,0.3532403008569055,0.3427650203899785,0.250469861469301,-0.018122877166724456,-0.013616541745087892,-0.4143744096251624,-0.4274869257582607,-0.32329740910269456,-0.6263711491373344,-0.643444143042302,-0.5061677805754109,-0.690810753075048,-0.6338244438255718,-0.7729486740027547,-0.6416950479100414,-0.5321059649933034,-0.5179406519086424,-0.4792852618515275,-0.5019887613702748,-0.4164129404517051,-0.3591402819346121
0.05268397108402806,0.1602739581175278,0.25621520005511655,0.3277609608092854,0.41609637398246446,0.6248589379654675,0.5068673459938349,0.7025628156268587,0.6036558027191345,0.8487395307897231,0.8466341331517844,0.9706689653962605,0.8727622497526588,0.9178536531728272,0.8002454780233197,0.8779795512730647,0.7016545104970507,0.871505826488104,0.5864889460969773,0.7353420411690917,0.7057472850917139,0.540527208822996,0.41641627799700714,-0.0006435830917497123,0.05815026793997759,-0.04987729191899758,-0.44084755429215383,-0.24087719549632053,-0.4704580637123837,-0.5986156584623106,-0.5200523876197455,-0.6359256034561839,-0.6975479722779468,-0.7349645930632835,-0.6032727835352465,-0.7270315508141441,-0.5460306332230958,-0.4475991745561853,-0.5357530861069686,-0.5295957692856306,-0.36429639518461504,-0.4657097098549797
0.0015454566196637018,-0.012750899325262228,0.25573503034936085,0.35868459297390004,0.29220633068112234,0.47881029730853747,0.5876045554782062,0.5922704358872216,0.820497693212934,0.7456351695053601,0.8466054954441262,0.8765332865462345,0.9806367346273177,0.9122119956595951,0.8143964032529298,0.9174581355766369,0.7072411406505498,0.6728215207268429,0.6099785312829876,0.6509781734952986,0.4201535719993589,0.5856397676031455,0.325089805711935,0.302719825949714,0.09280050588457209,-0.24684484667569875,-0.3692308489299629,-0.3119713673309204,-0.3855936306520215,-0.5138147927712651,-0.7310529349201816,-0.7770938421901336,-0.654580214772333,-0.6558533863220742,-0.7315621654377426,-0.6375977279989777,-0.6724881206159811,-0.5982231225150797,-0.5155936882891526,-0.6434496998777804,-0.42558576667820874,-0.3968525201912214
