gfs-wave-data.json
{"header": {"parameterCategory":2,"parameterNumber":2,"dx":2.5,"dy":2.5,"nx":144,"ny":73,"la1":90.0,"la2":-90.0,"lo1":0.0,"lo2":357.5}, "data":
[rows 38 to 56 of 73, columns 0 to 41 of 144]
-0.9397796206725929,-0.8800650281582,-1.028844568219487,-0.9643072044225265,-0.9064091299228638,-0.9035546811977581,-0.7886732172730181,-0.7609429877526993,-0.8559015369295183,-0.516004265471801,-0.5519614110090569,-0.6638754724047553,-0.586312649075232,-0.5327395141350616,-0.7540859056493106,-0.8738049088471155,-0.7943963374210143,-0.7754252832282704,-0.9354871998755425,-0.9138697697040987,-1.194315422379764,-1.2832048671457112,-1.0911647244475864,-1.181599117446919,-1.2300191477113651,-1.2256876189050356,-1.285881491451421,-0.9825020477593938,-0.9198284927348416,-0.8630175465875519,-0.6949480590723436,-0.7735983110163757,-0.7663277571741645,-0.6391290105701165,-0.36479678089112666,-0.32005188417593855,-0.6218159287234292,-0.4668458601469237,-0.4836160749852218,-0.5901108921296754,-0.4917611727566995,-0.4872214364341939
-0.8722919543899327,-0.8814069252999571,-0.8825343414743303,-1.0526849785172514,-0.8769271963605476,-0.8731646400662979,-0.844955933502639,-0.6581819819640224,-0.7679130344299583,-0.5215376365092899,-0.7278249266892433,-0.6384063229607383,-0.5802597848138902,-0.5628419421311093,-0.5732254206408708,-0.8549497943108959,-0.6364560323740389,-0.7077093609443594,-0.9281827441205467,-1.0221744689276797,-1.1223506328872184,-1.1325260970433544,-1.2405275326390264,-1.1376245124207949,-1.2715192337257604,-1.113978045848693,-1.1336521065088232,-1.0940140506633738,-1.095709551464448,-0.8168435193163718,-0.6361597549194155,-0.8607594856854186,-0.5623812256910415,-0.426148428717624,-0.490329595337478,-0.4715239801987679,-0.3412854082215157,-0.34346928293258183,-0.3933162809595773,-0.3993813447444124,-0.4892753721863159,-0.4591712071216701
-0.9520540205776483,-0.9204024860382494,-0.9907465230602039,-0.8541306958586748,-1.0192092672707442,-0.8605353349729034,-0.8783944986085048,-0.8143000961358949,-0.7768828559597382,-0.6263997175777832,-0.7987779452776677,-0.7658215407993094,-0.5007526300096865,-0.5448902962989247,-0.6215350782627095,-0.6571247370330147,-0.6851319148157842,-0.9413195551558576,-0.8705417349760864,-0.9808540212848561,-1.0509301941147495,-1.2788492060422934,-1.1952912926471915,-1.2105270100441405,-1.2589796141867806,-1.1431070258628822,-1.129052123948932,-1.2170929143544955,-0.9654289981196635,-0.8453526652281829,-0.6968267850624135,-0.671523360783645,-0.714495327109717,-0.7563153178613743,-0.5541297293755678,-0.37501240432871275,-0.4789150201580396,-0.4282212051167104,-0.4972415185763992,-0.40355621349032833,-0.45621663959538883,-0.4907184780163811
-0.9356300168196109,-0.8957423040279656,-0.8122319612879941,-0.8183302356106961,-0.8664225944648594,-0.8342118490044251,-0.7132936145715939,-0.8870492467139439,-0.5028897810372736,-0.7201269421866541,-0.6113020558308173,-0.5977642551640704,-0.5067351154369337,-0.8640585268718343,-0.6385325100174241,-0.6984718509568283,-0.8262421774460873,-0.9431384279394637,-0.8376713888949067,-1.109272508971801,-1.0926733243172442,-1.1149880958328708,-1.1541132149450815,-1.2821555140307537,-1.1738226727659915,-1.1377512592561585,-1.0500511197701279,-1.1624911617877145,-0.9308755895488006,-0.7691352103307636,-0.7887831337230714,-0.8515362913745937,-0.7307529326469178,-0.6044520838736974,-0.36956012672924954,-0.359858815183981,-0.5110014462509304,-0.377180743278551,-0.5967963251928082,-0.33878050022501405,-0.34731814198569966,-0.5799960996794786
-0.00807777812510389,-0.0013571291160696618,-0.05901044361405341,0.05810857265647175,-0.05062011981182549,0.010963535675198307,-0.06685444628229996,0.008908324429837345,-0.012703817305441392,-0.036086765671145514,-0.01429979666557675,-0.04613704322593931,0.028962604085428285,-0.02269443217417274,0.05003616511354191,-0.02468664123777139,-0.042781516457393524,0.016377872880548597,0.031981061173091185,0.01791944297759635,0.04512911942068717,0.03929075727226821,0.05432652291056883,-0.013556839646570373,0.04674544834850088,-0.007282760595745293,-0.022831660918151194,0.06209400800404114,0.040999516367031155,0.03969071264532133,0.00983108220611151,0.0014892852648913746,-0.05009992298058069,0.03913432317967849,-0.04169901542047084,-0.07108879072548441,-0.008224365031839638,-0.000852455096140359,-0.0338198680741749,0.04749232940038576,-0.03988809848934869,-0.023167007741325657
-0.9114744088358526,-1.0072157464702265,-0.8565476586038371,-0.9453515488922393,-0.886017410255305,-0.8962992754803594,-0.8595313946615932,-0.9695501326067576,-0.9544766479769178,-1.0037219386652896,-1.1370735559626433,-0.8490044802458977,-1.1241672768788666,-1.0225368518578688,-0.9697543250338196,-1.1863630600742856,-1.060296088714346,-0.9579596406498795,-0.9300581327509038,-0.7584491678775401,-0.7833260157578849,-1.0948995853357075,-0.8163342836734218,-0.9277336767640056,-0.808534569592323,-1.0427828499881653,-0.9463516025017201,-0.8011654713906977,-0.9754754744488072,-0.7437493934915417,-1.0647796320278096,-0.7089364849550303,-0.8124290113671041,-0.8326515337010464,-0.9392323673279666,-0.9735852166805534,-0.9975048814816575,-0.8507429106182316,-0.8255903698748857,-0.7503558308769417,-0.9963367753096143,-0.8572252288712495
-0.8459125998700291,-0.9101519648531526,-0.8697660146778541,-0.8705729914842718,-0.8059632240469534,-0.9913612049288518,-0.9039238971364434,-1.161266676853076,-0.9243242777629983,-0.9923755197680905,-1.1903563662803853,-0.9905209879276247,-0.8640797583117844,-1.134354700430997,-0.9828332295913471,-1.086554125774366,-1.0906833027114102,-0.9701610076282734,-1.0182278750818397,-0.8855517596095306,-1.1346310611169628,-0.7884809532782318,-0.792611411417461,-1.0354423668115225,-0.8299432956516838,-0.7326714961632166,-0.8470388230044511,-0.9869764529662467,-0.8558269422504795,-0.8114912308415994,-0.8878842736890951,-0.8264753190162921,-1.0502104418134444,-0.938254127386407,-0.7145184950451697,-0.7352490257943005,-0.887242293536079,-0.9157947984689803,-0.6310538565387389,-0.8852304236109438,-0.7733622565941697,-0.9283197539044027
-0.9711744921433818,-1.038915863792039,-0.873205934212242,-0.9786281864815055,-1.0894777099726742,-0.978970488213969,-0.9080376117039066,-1.1071891221419945,-1.0085853823322446,-0.8288947150979125,-1.056436259553447,-0.9120307412073287,-0.9315048669962642,-0.9202447373448303,-1.1106859316056885,-1.034987933341128,-1.0785913155346214,-0.7983289823604565,-1.1443768466828765,-0.7923416262556273,-0.9882667968573325,-0.8336639160006964,-0.7568670035867289,-0.7684156071853538,-1.089060618715039,-0.8269744264385007,-0.8202265897046889,-0.9580039491999941,-0.7448348793824427,-0.6569081867984624,-0.7570290448168566,-1.0267697224850976,-0.9048128430881028,-0.8555276946227022,-1.040076707814997,-0.8056230177281131,-0.9266656622905586,-0.8880936765490894,-0.8343955735848886,-0.9143448926871929,-0.9068584141684859,-0.8743462077156986
-1.0456059644902451,-1.0098225100217124,-0.9552155430586444,-0.9517312998795886,-1.1296189122776474,-0.8807508126715284,-1.0694170957098152,-0.9775985633335498,-0.8564174884844896,-1.057090499517767,-0.9714429110283131,-1.1302078799667845,-1.1301359887740219,-0.8674592125489224,-0.9355961263904701,-0.9722185726951745,-1.0005117939025,-0.8068731330802775,-0.9278942211764578,-0.7547724159216351,-1.0660056818599049,-0.9331490094058155,-0.8727552542421491,-1.0907048687803267,-1.018207338936459,-0.9088679795311472,-0.7689926899392551,-0.896303979268257,-1.0113921863598454,-0.857395637371042,-1.0050649845033905,-0.7822625537939313,-0.9351894518899087,-0.9046297700476135,-0.7087996879509529,-0.6767690307900458,-0.8282578278646474,-0.6681739730017157,-0.7523811974120644,-0.7798344205199438,-0.8936408985700541,-0.6218426423112886
-0.9112279325411204,-0.85516991187209,-1.062633328999139,-1.0153758346082375,-1.0849984422933094,-0.9203551918359625,-1.119246949952628,-0.9322584610519515,-1.1064884580768617,-0.9231999199288277,-0.8809722653702283,-1.0849172585136022,-1.0431027044310686,-1.1098419329527323,-1.019708169977504,-1.0505680254387701,-1.004227345795045,-1.1414264077826815,-1.0169966607451806,-0.8526512994452955,-0.8018690553612922,-1.0182259121644632,-0.992172504490771,-1.0908050180989246,-0.998208642483906,-0.8456715522658305,-0.8355245104018976,-0.9909547399990032,-1.0640034313818363,-0.7129152694109442,-1.0365731753310554,-0.9705301182211717,-0.7015786005758119,-0.9631620629884906,-0.8924071932239687,-0.6810838197767578,-0.8894347614853869,-0.7601226517573055,-0.7271516743544594,-0.7327858357585525,-0.5968752606089878,-0.8945107646813922
-0.04970486146011943,0.04188924854999402,-0.017698784175229788,-0.016535414626056965,-0.04065137048013373,0.012898201277307349,0.01838677246350524,0.007560347848882777,0.02439354981090471,0.01771420822065631,-0.046461346755272435,0.003014216395220218,0.03266703820423031,0.05198244834887251,-0.01386228425960401,-0.039777493276290085,0.03675809797191737,-0.022060676763429703,0.0347775104854887,-0.04689339035135871,0.026797513159590173,0.004671016867606913,0.017207900670928044,0.03640365481754987,0.010049929915572582,0.0033903989179500564,0.029671124736738302,0.04969069708037488,0.058333560104270425,-0.03258182464375867,-0.042760535058008614,-0.031404858023138846,-0.0011499281159602658,-0.009879907053264666,-0.01774382268706791,-0.03349467149746752,-0.0402191379933082,0.030672116275722444,0.05461591144803027,-0.017594090882952176,-0.04672041787177129,-0.056003754557593294
1.7911994611594695,1.6657181357156847,1.6929655464347086,1.6867882947620167,1.5823337355922986,1.5603057038443602,1.651709267222786,1.451006591324127,1.6509472471556326,1.5593269538006487,1.5919145554471479,1.456691895758946,1.434116538902029,1.4828457200964664,1.35070360706215,1.3091536639481078,1.2942535050945874,1.3472249825247309,1.2190541193325264,1.3339776458377288,1.1819403104754265,1.2192414997779921,1.1555369529243342,1.2658029675646563,1.289942379131921,1.1674658161606148,1.1936134180388385,1.2452409922394527,1.2629665488257626,1.0373484032649987,1.0876137635703458,1.0027168679097556,1.1655535155316255,1.0025102219393789,1.0250059876644366,1.011565810291099,0.9531632483027213,1.047118070793126,0.9959823114705751,0.8973424693129913,1.0408259277735772,0.9013840748472927
1.7045869398543625,1.6068688834322393,1.7337501819930234,1.6446734709428512,1.5822622800148305,1.5845391515870784,1.6752054387496345,1.5818452822053137,1.6795608736929943,1.5842382316386712,1.574052304914244,1.4371050191714734,1.410101884432385,1.455444336806426,1.2678128216127995,1.1429230150902236,1.3334577945963093,1.2435067839490155,1.1757450302545676,1.3427030774946547,1.1895329449278815,1.340209599075366,1.2022902813748506,1.1939766455096057,1.1227524784860732,1.2922834315784795,1.1493476463300178,1.2118599141989868,1.049820990960023,1.0674191444147987,1.1714775079310185,1.0944740571615743,1.1084269200001147,1.04677162752189,0.9668535746077648,1.1120719589033907,0.9798801146499787,0.9015036702063819,0.8802377417419575,1.0533123997252303,0.8567121792935439,0.8318668532596325
1.6351889690814374,1.5890203221890127,1.6834968826584447,1.6975353641996471,1.6128819751241428,1.6171058356281764,1.7165772384559683,1.5487337091224813,1.5241393909923266,1.4423852449207544,1.4561661638596988,1.4715160986329574,1.424671851174023,1.2444506444018326,1.3910654487858052,1.2828848612893846,1.3697913890054743,1.1564183691380687,1.3354974223792233,1.2150487113834876,1.2780530954209286,1.2975287567407432,1.1931033231959696,1.0834626807659034,1.227807961475537,1.1941108002794596,1.0209314968156622,1.0789323090414376,1.161571817036115,1.0830298710660577,1.2128885748367058,1.0623639305076285,1.1728038174684117,1.1190748382362765,1.0258529505439093,0.922474708220234,1.0572873556393947,0.9700657629131239,1.0625192884616819,0.9125916187781292,0.9193349884472392,0.9602363496466053
0.05527677616657875,0.004725279281120043,0.013222646602436187,-0.0047884959768868625,-0.03470819371678944,0.02387099485662119,0.00292711543925827,0.029368885134777832,-0.012127190903305619,0.05317029408711421,-0.005484106170276189,0.039704586691360295,-0.009925637909848252,0.006820908411485011,-0.03208546027388411,-0.0129576896546247,-0.006822179369153492,-0.013329412586463177,0.050976477445150194,0.013925953424455167,0.0221110812327976,0.024266388204032215,0.0014620764863019784,0.003373314277474405,-0.012879467977390738,-0.0011324373032473608,0.018785474541059374,-0.023613502312363272,0.03822685016864742,0.001577132395319141,0.013432718573969655,0.030452209420514787,0.05211676036522051,-0.0012219939727171176,0.0075851402704164165,0.0029225048357830034,0.046503508883855654,0.004793294057868631,0.032160226871450766,0.0006261249385505208,0.016047336607912015,0.015501445641055479
2.081757124211808,2.022581649814258,2.103080504845677,2.048934551160716,2.0043522698629905,2.115715729050314,2.028244863837644,2.0593745030103845,1.9576043900061002,2.0405819712196793,2.1273609547651993,2.0994867485068847,2.239850205092147,1.9896029469050815,1.8870575158560585,2.202746050164015,1.9946687318618694,1.979755939669446,2.4217635472327994,2.1217658773496137,2.154459494885166,2.1552607984101417,2.5679475844930484,2.1596637051054324,2.4103355929978383,2.354046125885008,2.4662945673552823,2.5497511038281124,2.5262288002186577,2.7129110231555025,2.6770204178808914,2.797176616653814,2.638159739174949,2.655016047197075,2.662658748694612,2.6943145788936764,2.81412213238133,2.698764898588994,2.5794316890688522,2.7947203058984447,2.6461171116634334,2.75640713379523
2.0241879020716382,2.0844461554468783,2.024825414808872,2.1338283448308855,2.1339789298330505,2.195389119514544,2.037202152766871,2.235183760402995,2.097615346699767,2.097797908363865,2.2389463573663044,2.2643289956894304,2.045439020973386,2.031809845334404,2.1332973434757334,2.1084417396988497,2.0118535614951782,2.358478014716122,2.3606606201298614,2.3920544406729247,2.0961893364950894,2.3803698771744184,2.465842736435872,2.278114833540702,2.412795875769679,2.481300521025774,2.482554430266994,2.4180028124494526,2.5135565953043923,2.3712850811346993,2.5150366247710885,2.637289778847413,2.703088974639823,2.673528585601839,2.6534734949069865,2.7701048877706436,2.7221099872922014,2.6539707132668062,2.7307963076495776,2.73724409096066,2.570931920440917,2.695326042642719
1.9756629403154147,1.9839512857249457,2.1365948518890345,2.0740968908657758,2.067731671806884,1.9935863933798086,2.068737011406752,2.2065844052096897,2.1502535707011154,2.2374753797763947,2.0277363585624424,2.240282460064824,2.0317912823639173,1.9841011811143938,1.926010213635055,2.183605038924202,1.992756242001348,2.1577703222085503,1.9995824134077633,2.344964205636241,2.1513303168252604,2.236056152502312,2.1668589575729635,2.4034236664232402,2.3463217211490743,2.447630165572773,2.431639699689826,2.5262115465812074,2.4763954924229172,2.698119359233371,2.481450855172718,2.644065963487764,2.78972731867355,2.6557156996883733,2.636765633390497,2.657911641823874,2.669959779050204,2.764263502475791,2.751360745558904,2.6696866774697052,2.6475157997090975,2.5355957769320168
1.9344387250892834,1.9856498342380224,2.0764416197247995,2.0120076789942534,2.0725557138127253,1.9624141879226478,2.1245524170313903,2.0018280004426274,2.1424905233469453,2.1519643098821075,1.9978182349838163,2.1232875218662346,2.0331386252295003,2.1922534676353176,2.1539876092034147,1.954349320728424,2.2104704488809173,1.912271852945812,1.9639631856026094,1.9154707778085613,2.3175310945613696,2.3082353995778093,2.3283432287663794,2.49523648121414,2.4249720729074418,2.3614342711283562,2.414853789111059,2.5305785176509157,2.408076849607259,2.706825075353938,2.561763394811419,2.5957758949861365,2.6720360010946935,2.680429506311352,2.8114883228014342,2.671351028170713,2.6432133156851005,2.674670753653604,2.7871431019981032,2.6882390637631,2.7178327974482213,2.549227412015179
