gfs-wave-data.json
{"header": {"parameterCategory":2,"parameterNumber":3,"dx":2.5,"dy":2.5,"nx":144,"ny":73,"la1":90.0,"la2":-90.0,"lo1":0.0,"lo2":357.5}, "data":
[rows 19 to 37 of 73, columns 42 to 83 of 144]
-0.3428122967624798,-0.2781333417641845,-0.23944670286872216,-0.2838306279278256,-0.34755534435116947,-0.1687565889980759,-0.32563147303872414,-0.3242036760430864,-0.28689799306504554,-0.26796870669315154,-0.21571752570937774,-0.31761652740350405,-0.35769302629443467,-0.21076760758839422,-0.23529016229870353,-0.3460721319308608,-0.1698045476970729,-0.3575089118632717,-0.2012962061892648,-0.31419340896799963,-0.16704925832881426,-0.23555443885317343,-0.3476709355513553,-0.24655894036022466,-0.3339503627966697,-0.2852478387092953,-0.3262098614263418,-0.22612271258617656,-0.22178983249594042,-0.2783825022222231,-0.2366470753967551,-0.18380585712677328,-0.32472473760309484,-0.24284136748665364,-0.288605848641956,-0.32888481342503917,-0.18871588184937182,-0.2974398660281218,-0.3199552341817999,-0.17776412820396018,-0.2504992602960684,-0.18910911478547607
-0.19357474092268206,-0.3077480623901363,-0.36143411702858697,-0.1804203251352291,-0.3297677804782899,-0.33149921927762516,-0.1960376458973135,-0.34727057647582993,-0.36464149300729437,-0.27126198020896497,-0.33687728472459916,-0.21952980551687434,-0.3246511365360995,-0.3112688083804845,-0.20966897673993146,-0.3554025113555159,-0.1859339471090133,-0.37335442543629854,-0.238951352459899,-0.2570658939463355,-0.19819871445939485,-0.3365652958745027,-0.24288128944116025,-0.36083824344884163,-0.21630708430360274,-0.19974659650209864,-0.23387286872452953,-0.24092868369822862,-0.20180861840471032,-0.18742739432878114,-0.2209858305211419,-0.23447843582509104,-0.3584892910940844,-0.361950507833912,-0.21247267853161783,-0.2500154437726909,-0.34964904181526374,-0.22749339253328016,-0.36665989813636596,-0.36516595065800966,-0.3341399732063431,-0.2524251976664945
0.10918896392866245,0.17014222542373167,0.38792052824377277,0.2574489374242167,0.23713850919901314,0.23797159980201502,0.418704612029958,0.4196581634148783,0.46354013455883136,0.45694154030517453,0.3817309057805076,0.43563772581325605,0.3774884361258229,0.5296169542218381,0.4351922196489801,0.5201014009681896,0.5869652337219297,0.3275899496757055,0.5517007745659784,0.5392060775845345,0.3437830446143074,0.4105766227113771,0.35737864580605694,0.18583794129869152,0.23917020307183418,0.13295613236095266,0.25741192984355266,-0.012346519492428073,-0.08941224889278508,-0.13775420040684733,-0.06658303752727456,-0.10010184149600349,-0.1855093748106125,-0.038793092572579214,-0.05173882677686711,-0.16062601934005924,-0.16029431449455137,-0.3512402775809016,-0.32874748794113906,-0.26478855865984535,-0.47946540805726695,-0.35109934060845766
0.3516528534116727,0.38826666732678533,0.24489694174700932,0.48379392101895174,0.43245145701310467,0.46097635756682875,0.47925662861407986,0.284879310599684,0.3479863772095369,0.5138556516803732,0.502040232828082,0.406517975449427,0.5082549775460007,0.3385764849578776,0.32421187144644303,0.34825554383226587,0.3631639293335436,0.4653628830204283,0.3222420353810659,0.5742214038761319,0.45285407782629405,0.26146165862009035,0.3991966900303342,0.33764652944136775,0.3628616038000335,0.22264348240860327,0.2852427661140504,-0.02008450007605063,-0.08642032506751361,0.1462455493027868,-0.07131935301990448,0.08068420798665646,-0.32642006607702617,-0.3400341315680925,-0.2273648929121033,-0.06117283079212826,-0.298726790385537,-0.2994852008655837,-0.2620188539383067,-0.49872111026218435,-0.4166534944679743,-0.2674207073656237
0.18473378500633822,0.15526112887119362,0.413794563197603,0.22841702683652668,0.3365325871837501,0.5139966339507869,0.5609159504847626,0.38671261472695156,0.47636985866863873,0.5223477923891556,0.41581788058777136,0.45654763757359645,0.4646839135418852,0.4588863963534852,0.5350087359108193,0.426192611418563,0.5927146094528197,0.4341207670147746,0.3574662016440904,0.5370413885889538,0.3587214666860269,0.3844424008722406,0.46449366362601885,0.19599451667835177,0.16854500507087997,0.1379227169948181,0.20306158825611628,0.3237990475341147,0.148582810833604,-0.04744665442187636,0.12909793900189145,-0.05340687076022456,0.04976560349446548,-0.34135100653290085,-0.3321548154828183,-0.21210383073181785,-0.14272005256843426,-0.5014702762718638,-0.39684634968100035,-0.44611582196566424,-0.45784797687676515,-0.5301494428213185
-0.31103327089534366,-0.4142000759854207,-0.29782893276506894,-0.3251500817091756,-0.3927309389844422,-0.23668108917845307,-0.25389252816985936,-0.37877271792764783,-0.3364544403716587,-0.26148544874075064,-0.2408947546893664,-0.23894649005158422,-0.23298267885280696,-0.2357242977351993,-0.25249873342374535,-0.31880624361296306,-0.3001589236024549,-0.24240941115980957,-0.3125199951219623,-0.2363252071387896,-0.29713632186127575,-0.3982919902893191,-0.3085402922265609,-0.2647668608478213,-0.33661882265480786,-0.3372710599208616,-0.3405739273044216,-0.3616552530778466,-0.36997707824830084,-0.36071289365291515,-0.4031503691005588,-0.3908757018192709,-0.40008099622464044,-0.29128486209078397,-0.2771873415444148,-0.22914111457048503,-0.25315852551803425,-0.22796019283249622,-0.33468842145873634,-0.28224685441791514,-0.3871704489198489,-0.28080120711976064
-0.3754084021122267,-0.17067598191586142,-0.2586657908867301,-0.040411529455078844,-0.1325094991935929,-0.1530391865827623,-0.32042457234618243,-0.28939320121940504,-0.07291207854043258,-0.4381817565787602,-0.279235429621157,-0.2412448596679997,-0.14289625152857338,-0.3420321415770971,-0.2961175924010607,-0.43698025583031946,-0.1565814507126576,-0.14029648349031298,-0.3406645441057769,-0.4573991765929409,-0.3964507944947995,-0.3514145110629787,-0.49553027515459835,-0.24066544965583211,-0.4546015553584871,-0.2999899723105024,-0.4662730313167725,-0.29004024550917656,-0.42063901056843717,-0.30838683473570355,-0.4000672125063828,-0.5040344255157477,-0.6787453723620861,-0.8720439397491122,-0.9402870604455698,-0.7733345848398231,-0.8116230070839121,-0.5479556307868902,-0.8872708896275366,-0.6591609299561789,-0.864014322862964,-0.7144958931133787
-0.31597047410551793,-0.35874009074982177,-0.379227276606932,-0.19068203380764917,-0.21436908626083626,-0.2171828998507241,-0.0555141579700943,-0.42771148042050067,-0.38924369042048945,-0.2605030002557769,-0.3365247579041105,-0.1146107047804521,-0.2673976835427226,-0.24015941650604694,-0.42664045308586995,-0.38072324511863387,-0.323920062846638,-0.2344181774185309,-0.26754009117464006,-0.30248753361199254,-0.2090587800402221,-0.23560000091960598,-0.2868213944535005,-0.5024042839935774,-0.43601519054770055,-0.2850527942541431,-0.34277073204218605,-0.33817336425026273,-0.46884052463169157,-0.32061837240068164,-0.4789064076637116,-0.8694895264460277,-0.7271708772665831,-0.5716090127279604,-0.8356002867732255,-0.6193529484595779,-0.7559031840412068,-0.5525378398787996,-0.8607579188209172,-0.796716040219788,-0.7995086121829007,-0.7289801882285585
-0.1459427852969358,-0.20037034558688654,-0.2744299140720292,-0.07970767216349038,-0.2350981701316858,-0.21353955076867137,-0.19203520331643567,-0.3879310814615991,-0.24946799961975227,-0.12435974870338055,-0.4386262918806596,-0.31478217374648404,-0.44299259940162033,-0.21152803079148247,-0.3840679100270072,-0.3915676905964888,-0.4837760466640359,-0.23927730390377747,-0.1672862008369867,-0.2272346634360074,-0.20532613315857376,-0.30486783060481915,-0.4053518668245389,-0.22031484389061132,-0.4966225726492947,-0.25936682331187816,-0.24770266921796955,-0.292966514958226,-0.49620359772667777,-0.4084098885717861,-0.3720656470019707,-0.725207755280246,-0.8387292701793949,-0.6267457946853471,-0.7593370921217191,-0.7921394911948249,-0.8167688985374161,-0.6710653665327534,-0.8183041853923655,-0.773692559848947,-1.0023374205666868,-0.800720825584346
-0.22090216339952087,-0.179559195845052,-0.39847201126437437,-0.11342286141347388,-0.3710433944592679,-0.23893606693047598,-0.3190779984944708,-0.28524333321001377,-0.16254650961587103,-0.31542152621160247,-0.12495578249935863,-0.11724508780302524,-0.19489557077749037,-0.22343443504112037,-0.12811788575944058,-0.20135427702564287,-0.3303361724070515,-0.42165043353019943,-0.18949955833081758,-0.3094715544424676,-0.28880934974395184,-0.49025118045653887,-0.40492117555616663,-0.32408825598208607,-0.42810191531580954,-0.24520028311343833,-0.37029949946040935,-0.32798261232254106,-0.5303036322734588,-0.4764423419915896,-0.47216696098010447,-0.5450365221220292,-0.7793328391307816,-0.8512419772937431,-0.911777050632052,-0.6624645483329938,-0.7604958613772473,-0.721906159273473,-0.8020311415008,-0.700022077046006,-0.7392301251856793,-0.8708857909688766
-0.32561282048456824,-0.33444702004220256,-0.09995162359186481,-0.05150059136985246,-0.4563399495205457,-0.20063568884067803,-0.14692209978688786,-0.06202281328050496,-0.3922745051637563,-0.25064379490688543,-0.3391165804518439,-0.2964616855102364,-0.26169308188867824,-0.19795082769233135,-0.4552720638630195,-0.2671765354089192,-0.3391165020229224,-0.2781500299735645,-0.4540151025233336,-0.351343924452177,-0.23562685989152138,-0.38412226043470205,-0.4758113894498972,-0.4616376066755343,-0.2077240552176393,-0.3948251113736216,-0.35736713480667076,-0.3519755088017066,-0.5214476919211231,-0.4247736265755361,-0.5528953022131009,-0.8081511349563675,-0.6534660138061321,-0.9400219713171599,-0.6217770686655167,-0.892755374372802,-0.9021896351469424,-0.7360358074854727,-0.6927570647471196,-0.6985458224627568,-0.7092539018442663,-0.7449634059422718
-0.3749562329981649,-0.28430942470993453,-0.4469939702732472,-0.3036227722990402,-0.2924429429676257,-0.34784366250503324,-0.4348244451608266,-0.45159041057096133,-0.28806036295622195,-0.44317789721156237,-0.3040450376093587,-0.39296097449381523,-0.3584668133389223,-0.42691148889766606,-0.45738629259070707,-0.3305125646561371,-0.4706451586773962,-0.41588055656952283,-0.47461959365903106,-0.3245677241899772,-0.37306511889059085,-0.4678754769815615,-0.45542914845330507,-0.3024608186887894,-0.3191804099075879,-0.4027785277652737,-0.40961640337347316,-0.4770306947015763,-0.4570496109997774,-0.3495490595839332,-0.3818480765936392,-0.421482756725716,-0.42638952116347895,-0.41648395153859663,-0.33309750666463717,-0.3432683337683003,-0.33333397870615866,-0.3980657847768654,-0.2954383464898247,-0.3657673166599922,-0.32064038577838977,-0.4490326281898368
-0.552084055980057,-0.4178911122826511,-0.2384303799047852,-0.16249142680483863,-0.06379557130655736,-0.03248753718159815,0.0021347598330075644,0.005437479739317158,0.15427509003813386,0.1725409629010408,0.20306988004339915,0.272401818282012,0.3114255611668309,0.3454663888649912,0.33304252586158706,0.3435684439392217,0.47438525285267136,0.5074863104732334,0.3673094233227696,0.45545882594431997,0.4653230863703543,0.47166976015672407,0.49287286888644743,0.49670517116063495,0.49356743510308704,0.48889825850087776,0.4824245429710919,0.2628443435906718,0.2266498519338561,0.06018182233410747,0.07689436045992903,-0.13406203482554982,-0.333957507707208,-0.22949170765676902,-0.5418901431005829,-0.5527068238897622,-0.6334516139783961,-0.8608298616516723,-0.86373988825069,-0.9540352325476369,-0.9206518691821381,-1.0054991002865843
-0.3881761319072445,-0.42801887773283553,-0.3229224844715979,-0.15465278706967733,-0.1696790180405597,-0.049748816673833414,-0.04403586559369235,-0.013080026959265812,0.15626237322059452,0.1713836488467379,0.1573114965042197,0.28454105844710925,0.23543384197053033,0.33927616176997405,0.4122918036035675,0.4596478404516085,0.3861931561004893,0.4435007158267415,0.3717468745720069,0.4892729278168576,0.4258410162022584,0.5331212316865516,0.5541037527455251,0.37831504335453564,0.4831825383586033,0.46571840931586467,0.2573194469087803,0.16334313856966218,0.3235954565619213,-0.012155086872118533,0.0763091257864962,-0.20798839425286228,-0.2570055279010568,-0.3879306007344514,-0.5545666735600052,-0.5330063169327213,-0.6675765709377885,-0.7376310490129521,-0.8863782322252559,-0.8540150185993474,-1.0142098095446719,-1.0130890531784722
-0.42858331582542825,-0.2929312129934004,-0.2587934734869252,-0.29843529415665,-0.144183399654067,-0.08071947068874549,0.074113707382742,0.020766659052899736,0.12803474686520103,0.23068470618499648,0.19333769989754468,0.32187595862355184,0.3312083424802476,0.31104959935596266,0.3885578426098924,0.38664304481740597,0.3964113362580745,0.49897885783871704,0.4506089042546626,0.47573973378905954,0.42889713538020013,0.6095192930092069,0.5803461708553216,0.5131762459141394,0.5025934322753702,0.4846596972625478,0.4335646034067022,0.24330772757080749,0.24852592161759415,0.06165431758220687,0.09011610734753679,-0.013334754423257303,-0.3756583703307691,-0.5248985026160845,-0.5877213898992365,-0.6699104862541622,-0.8164847463669718,-0.7736860431325862,-0.9680318154075697,-0.9587447907053691,-0.8972835793918978,-1.17308325579085
-0.48833550113126556,-0.35396530356407724,-0.349314537910931,-0.26790044375078687,-0.1291393889647153,0.009294364128848941,-0.03676181376979387,-0.0054180624238010355,0.06787109179282982,0.28941999755612563,0.27564130086498223,0.2577119218696834,0.27296264537746723,0.3620255756360475,0.4047680401346025,0.41749638594858957,0.46512775970070913,0.4133181382218767,0.4272926209912089,0.4758739893882303,0.5863453090288223,0.5569590050271428,0.5597191910611669,0.4327560122091934,0.4702906882222341,0.5267588505405721,0.3724945183538007,0.41301591686653,0.2537935731460968,0.2254446818982604,-0.05259517345110867,0.010151081427911067,-0.29890995484069766,-0.2668182545777528,-0.3857697445089346,-0.7573217843276396,-0.7730694527415948,-0.9244892353610907,-1.0011509569169088,-1.075359460199823,-1.066187386827469,-1.144012626863601
-0.3554625354154807,-0.3393689383873479,-0.3722049007898055,-0.2067766302277755,-0.060406900894133864,-0.15818456372040096,-0.03974418821164957,0.05280748388964205,0.18417517110133957,0.25190767399288155,0.26170607800299733,0.30799350312806484,0.29634999958410924,0.4109529990437539,0.418804295623962,0.5136923966895951,0.39056191997310796,0.35842306318420003,0.4410484849884189,0.46183336992345436,0.4084515906141886,0.41892547599809005,0.5244396821150401,0.47484189268280724,0.5060594542025774,0.44914996719001277,0.3131595716898034,0.348192497294176,0.09970562522837705,0.1026035974229393,-0.0341087642811938,0.03343113980634086,-0.18319812678608174,-0.47003718642301706,-0.40607995366680166,-0.8437451195998317,-0.7465654786684366,-0.9821309968466899,-0.7628039543375836,-1.004292959060101,-0.847961742440581,-1.1031138375170801
-0.48659252497804645,-0.4260238667078355,-0.3510924128656214,-0.17647267546056541,-0.18694373080083546,-0.0021866599526422555,0.07949626844132024,0.050375209722919284,0.051951614469149844,0.2289752872090964,0.31408460653945475,0.2200504742362103,0.34540516531256527,0.36021519063701424,0.4170329845862968,0.4190507442185466,0.4485343592600164,0.5920420901343654,0.47514333197140773,0.5926472574783481,0.424772184241874,0.5125170615515412,0.47581837611201955,0.4894113321364234,0.486611900382021,0.533355839069301,0.3001250551986907,0.3159133397630104,0.16145958587461262,-0.01898369217245455,0.0700053903740463,-0.30226845361363913,-0.2796574903677815,-0.361420780113016,-0.45718116659204994,-0.5765193330246137,-0.8982708656600185,-0.8299374342751912,-0.8540933544845165,-0.9813677557813166,-1.0288978924439256,-1.0427173212948222
-0.5824872056967425,-0.5175668384133997,-0.38432942696810735,-0.33701263949053933,-0.17302987885533075,-0.1005749743749039,-0.017820565040302605,0.09436026291004267,0.15165852214135547,0.23842783932954495,0.19575845213259857,0.22539436408344435,0.38364460347079526,0.42567834543017,0.3729791195313293,0.3314462131875498,0.5203980167161844,0.5423015062380752,0.5657343647240936,0.39895301329603056,0.4195556284130433,0.5229985080333668,0.4394842723148837,0.5326742423265775,0.4587121370073304,0.29091405397573444,0.39993303468932406,0.20650680499040167,0.25691634889440146,0.24430430373558965,-0.084411812153928,-0.10621774998794123,-0.38993305667906863,-0.40819357636610726,-0.7022348289031661,-0.7123512101413523,-0.5833033089917009,-0.8176119545864279,-0.783989943999256,-1.0045676521972073,-1.1280323391387743,-1.0937719064251326
