gfs-wave-data.json
{"header": {"parameterCategory":2,"parameterNumber":2,"dx":2.5,"dy":2.5,"nx":144,"ny":73,"la1":90.0,"la2":-90.0,"lo1":0.0,"lo2":357.5}, "data":
[rows 36 to 53 of 73, columns 42 to 83 of 144]
-0.269559955186691,-0.3366529300691088,-0.34338814844088117,-0.28407887138628574,-0.1808669330840342,-0.3369880403188805,-0.15580914300923251,-0.259053790888748,-0.13831107444685775,-0.2569133095608456,-0.154461914989244,-0.15049839257723294,-0.1153300692132647,-0.07588295429592061,-0.19949097568342491,-0.1774905723495507,-0.07896116412051528,-0.15106796672581568,-0.10098833511219271,-0.1709323950175101,-0.15474747021216811,-0.19392863833297452,-0.1767255577640483,-0.27971350352866153,-0.35569004873824606,-0.3463691324564692,-0.4286982372006175,-0.3892345254564007,-0.5409105305179233,-0.5426405347203019,-0.6580352238567027,-0.6852502950783643,-0.6407479395391295,-0.6359962369165172,-0.7654415757749686,-0.7203134017455214,-0.4871358141468707,-0.4388259748062574,-0.5275706744456071,-0.40777468048148574,-0.402543123774291,-0.49237007117301157
-0.32023459325653075,-0.22185315128148464,-0.22018242337087326,-0.2635002428143408,-0.2845575066975537,-0.31840371625892244,-0.28334664516982144,-0.2664458197413229,-0.21742917289602068,-0.15473032661353622,-0.10458777692184475,-0.18812921308981975,-0.11176942959468533,-0.20889701772772762,-0.0899479423788659,-0.0710601055150665,-0.08679228232637144,-0.16780431812973814,-0.08018770205488587,-0.14662980398884917,-0.10860980070040792,-0.17525377578446094,-0.201928491415583,-0.2665529251403029,-0.32555221830052883,-0.3120559436831297,-0.44652667280547037,-0.4868584583229021,-0.5630493918475137,-0.612268705971852,-0.631342063467552,-0.6951272277842804,-0.5477934071441162,-0.6650754849260704,-0.6868473921697682,-0.5313872957702648,-0.6072656412575901,-0.5276629892851737,-0.5430400456511196,-0.4036151753926933,-0.630857612653926,-0.6348916077091871
-0.3408871023315695,-0.2448206499442895,-0.2847290902447285,-0.31871334656470335,-0.322300182574799,-0.19056622084051605,-0.24322375230450397,-0.2890428640549007,-0.15477239013874816,-0.24963340040767776,-0.17903160754925193,-0.215694619414954,-0.1823268736468575,-0.13340232341044939,-0.151425980233703,-0.1270062670043436,-0.12410263786908117,-0.08430933030133389,-0.12507953617234288,-0.132527637940036,-0.16278380318283306,-0.18246266665621566,-0.26691110975726684,-0.25502576959964185,-0.26366877373114533,-0.3239197298700864,-0.33634489712328425,-0.4965360961971681,-0.3967610610134604,-0.6061453766168917,-0.5033325466139672,-0.6335109526516924,-0.6451765509070082,-0.6503488907047648,-0.6922508635182703,-0.6310128084572156,-0.6159308782030757,-0.57446231519095,-0.5499629635726064,-0.35238690881483675,-0.534269192789041,-0.4806753458591133
-0.29890416420734534,-0.3246839134103004,-0.29896037262744907,-0.22547100691291666,-0.33589366189033965,-0.22842109891555787,-0.24802849259352924,-0.1731040007791437,-0.21350964061403718,-0.18662859558433642,-0.21886016129369104,-0.15708004099374412,-0.15708006746152003,-0.10793546258325697,-0.10099647185203679,-0.11389489269300607,-0.09855128766041076,-0.08622660468051943,-0.16675901425844317,-0.1747846574437829,-0.13135947155329933,-0.20005389110259675,-0.17064680763187792,-0.2826807309074807,-0.22140347623004986,-0.4071618230975848,-0.3383363978764494,-0.5509268739982685,-0.531815060059667,-0.5417737290257207,-0.5972408456487568,-0.7004828933247415,-0.5785615813093362,-0.7449982577845208,-0.730159995507833,-0.7655567123136375,-0.6682432724249077,-0.6120840517581535,-0.6373038373818821,-0.6373098602977663,-0.44541949852835216,-0.5544220232116529
-0.35350548926404635,-0.37658641452375907,-0.30699423048363517,-0.311666208758396,-0.33573880136184076,-0.2993240012237997,-0.2591000356258657,-0.2428699561701586,-0.2840331975383565,-0.11383750345870619,-0.15204449292971192,-0.13760470035482028,-0.16173480284602076,-0.10636898202085517,-0.20701768652366212,-0.09634368733314219,-0.15687903049447902,-0.14215362589791147,-0.12903063207718757,-0.12099749261721332,-0.13018086512115398,-0.1396138786672482,-0.30048597289219825,-0.22607014343307577,-0.2631726256952303,-0.3983147313054271,-0.48207974688600924,-0.4096271315166462,-0.5464761744645232,-0.5354130802443177,-0.612716584392546,-0.5406025016279544,-0.6697128751599228,-0.6498440077830971,-0.5762803499207623,-0.6727271980809816,-0.5887015648858841,-0.587999143474992,-0.5345998990155336,-0.36782138366305306,-0.5759020291056471,-0.42852598908607914
-0.41807384842316125,-0.22976790371960532,-0.3986989717507604,-0.2042406109030563,-0.26658826370862254,-0.18693667689816104,-0.22649208092760384,-0.1730708928777791,-0.16160525944227372,-0.2860108904699777,-0.2823648547201161,-0.19930543841566395,-0.12984595886437736,-0.2021148548680017,-0.15711095825137936,-0.0772369513880825,-0.080897239950512,-0.11455765212302241,-0.09161753747933929,-0.10273889213526602,-0.16856039341072745,-0.21371592253646074,-0.17381258569329214,-0.2682311795178797,-0.2667505422405987,-0.24617519086689535,-0.34979164736151397,-0.3877923196548939,-0.5566755081193933,-0.622006872685069,-0.6747339984845128,-0.7352542059149229,-0.6940270322261793,-0.6551417001579495,-0.6824483965324004,-0.7429157862970444,-0.6802772328512924,-0.5913051722162043,-0.565781226521325,-0.41050013579416367,-0.4549807312774279,-0.6328864252847477
0.01993378375294986,-0.0032306928143826918,-0.01119946869971715,-0.013664988022644934,-0.019858570782187706,-0.008782291971503191,0.0199466989284241,0.019873476230900144,0.005381797943160241,0.010329324326071783,-0.0025067887227282273,0.01447877536969583,0.0033484339721338526,0.003093832735731481,0.003724543259659159,0.003950556989491726,0.011717656443806231,0.0058193654804636185,0.002580213629693225,0.007581149899775693,-0.0048882843526733225,-0.01956498874245622,-0.011639929900739074,0.019813731744982074,-0.01785253220693721,0.010249170960243605,-0.02301467057384575,-0.01550977291264465,-0.0038596736693428404,0.0019390845989514652,0.004091166200382059,0.0038960105063300665,0.011366827634224863,0.0017930235395059604,0.005618767177709221,-0.005205782691696829,-0.009183177794747872,-0.032382715988773514,-0.004264606532558053,0.004966267831181381,-0.0037663321284961645,-0.00364380414083237
-0.707967352468772,-0.6421965003802645,-0.5225711807726174,-0.6999486834611021,-0.6934083827898366,-0.6192642380838241,-0.5500162150235486,-0.6368529307218074,-0.6126486366610108,-0.548581706547133,-0.44281006434140757,-0.5501270995811841,-0.5166007660720525,-0.6128888993075521,-0.6601497868473438,-0.5739840311016148,-0.4339694885465749,-0.5343479873139586,-0.4430934956415789,-0.543988630786554,-0.48737079560225655,-0.5494467456482575,-0.4413378868795246,-0.41658025483406425,-0.5025252546765964,-0.6057968045865747,-0.42605990277918593,-0.6052368731164249,-0.5335015089230591,-0.5048201321577884,-0.4534643469471412,-1.097942463221307,-0.8580147368309711,-1.1305116030448021,-0.9890522378737201,-1.0920886786228137,-1.0498532526255024,-1.0143501080121604,-0.9770028256363227,-0.937171092331256,-0.9142362004509101,-0.9747433529879675
-0.6101729467100346,-0.6184681347806605,-0.48849925519409143,-0.7154466482584884,-0.6989986402897651,-0.6683799603390967,-0.7127325520999371,-0.5882463185065472,-0.6275105560445272,-0.4526300432553439,-0.7111893028010542,-0.516155015481739,-0.5105030879953348,-0.5167485874892411,-0.5241397178045848,-0.4745479240635402,-0.49166277020015803,-0.5342832529691616,-0.6532559165267986,-0.524364559854905,-0.5402049239609005,-0.5948133775460893,-0.6290448257977052,-0.5686857669187658,-0.48196747641884785,-0.5275471270348152,-0.5552095927630655,-0.4394958124558023,-0.5158462200403473,-0.6682093600406396,-0.523786810702505,-0.9595251818856446,-1.1533521111169127,-1.0033021509672877,-1.0694686879705144,-0.8870301931703336,-0.9637098110801433,-0.9671838202029408,-0.8949092828759163,-0.9837343027934247,-1.0253918588192226,-0.9450648518231887
-0.5988875338851851,-0.5808948064446128,-0.6230860826790549,-0.7261274378423943,-0.48477134304439173,-0.6411160202222502,-0.7004931516087385,-0.5395112853788572,-0.6349130647024719,-0.6226647394697221,-0.5753856632168161,-0.5613142150992229,-0.5359869669727586,-0.6223918319483371,-0.6404284278438912,-0.5373123786389435,-0.5532192044352591,-0.4932356390743261,-0.5083307395155228,-0.4580506162661177,-0.5043238397341189,-0.48697036977044,-0.4644621854908841,-0.5026918236974854,-0.597169901085072,-0.6186495665413705,-0.4663829811098953,-0.5033688659021773,-0.4626268063309243,-0.6766636705281717,-0.6791923474332369,-1.0579521177212312,-1.0131410931392288,-1.1632319052177844,-0.9496982499878455,-0.9543480469996345,-1.16075128032236,-1.0057333567430222,-1.172109603797815,-1.0011321405811342,-0.9796880350942547,-0.906396536525917
-0.5088994471595423,-0.7637169090722279,-0.672785108673652,-0.6310276299700476,-0.6866603975035683,-0.7602949894709918,-0.6082711744880418,-0.6088066029518776,-0.44332635674463,-0.5756775683794596,-0.6792301539862148,-0.546609394250178,-0.4337462169754294,-0.42946872139070236,-0.589458068300146,-0.6042151494707432,-0.678096196103366,-0.5144231473448804,-0.5201378933165116,-0.5149208032673681,-0.4944882112709242,-0.5983927846550908,-0.4675170453800042,-0.44496875728788393,-0.5459609501217421,-0.6412155058739943,-0.5459273613723148,-0.6072363080950093,-0.6215135899846312,-0.5332904199373087,-0.6136597443363601,-0.955345640743509,-0.8795257069373766,-1.083904604897561,-1.14789928362255,-1.1122156778667514,-1.0390072294250596,-1.1021332906817203,-0.8898216250042019,-1.0081707170303795,-0.9351523249302253,-0.9653550889183583
-0.6094822229787656,-0.6209640970920369,-0.7612373926176338,-0.6580851510673872,-0.5902250203281373,-0.646595640173172,-0.59821650106506,-0.5587779029252143,-0.5630442842183185,-0.5917233748296934,-0.6279467817897689,-0.5177299690828259,-0.5464114062641227,-0.56466363117277,-0.5887634283823874,-0.43921077682347764,-0.5112564849528007,-0.5245194653307982,-0.5070944818601191,-0.49358693804236003,-0.42823143639328315,-0.6491110515727546,-0.6027963055511177,-0.6641918065808544,-0.4782425842919486,-0.4421649238670634,-0.49950194261795733,-0.6397144012522157,-0.5837389712069883,-0.6633871246464285,-0.5645641478685514,-1.0588360056047774,-1.0538841466740394,-1.095386139964522,-1.0587438239867764,-1.1510812604849734,-1.1149124000442945,-1.0305108299049237,-0.9816958265093334,-0.9258089754797407,-1.0859949227684043,-1.0652842708093195
-0.011635446810156085,-0.00860011523669413,-0.009646819511383135,-0.03387974216034384,-0.0013040930362240907,-0.0047783325755123476,-0.018223720683195166,-0.022853762917932147,0.0445993379586736,0.009842823406595806,-0.01301031610893309,-0.02657876874634113,0.01079143266088695,-0.021112308443340014,-0.01222899257341007,0.018369432180562077,-0.007070611857087677,-0.023722936276916212,-0.006532889380825896,-0.01444483153025315,0.014067498958752532,0.006711407096386298,-0.02720260486143293,-0.014980194110227244,-0.0014592203229296184,0.004392578272314915,-0.011585047444483897,0.03487772282342219,-0.04283582948310067,-0.018929713833356163,0.0007163966753371943,-0.00018988606752241353,-0.020235765087949373,-0.01044128213522396,0.02803190713633324,0.03582524425144513,-0.01843371364504169,-0.027044713337870625,-0.03474818911737037,0.006802927322503547,0.010812361894428383,-0.014320436845560803
0.7859534607352453,0.8142433546560954,0.6989562553772128,0.7692444661027157,0.733413692169558,0.7047352481026906,0.7118475880440783,0.767176836119425,0.7094583729654448,0.6819479531530693,0.6776823970735744,0.7266809333501952,0.6311800044393512,0.6575146482333979,0.6549522115253442,0.7085006143003351,0.6554451375170985,0.904564994911658,0.7536354969881747,0.9171148066093057,0.9787098621118037,0.9081885933940443,0.8502977402036914,0.9942818090224029,1.0499652567412854,1.0500761218312094,1.0996562755508497,1.119252593043539,1.0576713710458026,1.1869171633297642,1.1903471767659608,1.2185819886950957,1.115835189592594,1.0701730656317394,1.1503935505810758,1.061463112672354,1.0220775284369656,0.9358559039864076,0.916939932947575,0.7724070978139923,0.9299742212237387,0.7285169875588844
0.8104312742753628,0.8800768384116555,0.7061086790931562,0.7773804612880347,0.8165296479858759,0.7525958513294692,0.7600219696132073,0.6722639342723935,0.6955470871893369,0.6046855392994479,0.7620217566176987,0.8624956497963806,0.6260763660132657,0.8506829016822295,0.6804586848159384,0.7437998871302918,0.7073034509145273,0.7129911827869658,0.7577987089328219,0.7520202479062233,0.862296569984003,0.8714056734653617,0.98763310778454,1.0477279013518663,0.9421232041374684,1.1118627764725149,1.0491343805721132,1.1442387316528249,1.206605611923704,1.1143227845385781,1.1432843267265032,1.2193992156417488,1.2119857318950435,1.0083956372588216,1.05504657387112,1.0323717402188204,1.0739185184308742,1.1046389565649881,0.9343090459312187,0.9202813078081206,0.759763886310202,0.8726870029290842
0.7760181574518779,0.8178440633394477,0.7434335944641011,0.7149700715382787,0.7098626979696459,0.8230688474165606,0.6808910945290284,0.6954712210160977,0.5978674165271253,0.7461766696953761,0.6432566686358044,0.7107398521466824,0.6497426644875209,0.5817763410849255,0.8118584695713449,0.7839808617942108,0.7010232581989523,0.7625810626131811,0.9664455698300981,0.7996386516087381,0.9331962794843348,0.9323013414125232,1.0073045996594059,1.0829783449211907,0.993802846505882,1.0608793183339957,1.066799828786429,1.1902549037631036,1.0309154911142873,1.160498230558789,1.1873024280419875,1.1692859008552317,1.1843632855708723,1.0431026110367594,1.1944242836093628,1.0145061432325435,0.882695692953548,1.067226577175108,0.9786040461552991,0.9882724052145212,0.8242890865838346,0.8764154165461719
-0.002769836573750628,0.0023733804280814457,-0.010347439517295524,0.03552746811106313,0.021147775159301243,0.03574789903937509,0.012567906487817523,-0.018001382321163578,-0.010473164183501256,-0.0167504869983216,-0.0306419242833745,0.00829593503851691,0.02658281858631207,-0.011923582119980264,0.023656697292545263,0.039685360787924985,-0.036365439358621014,0.03993877034449601,-0.009051039059706808,-0.038824234024179664,0.031198071868880385,-0.019515111650810685,-0.007252653496751097,0.0026613224379696855,-0.012359181180083873,-0.009806590525099346,0.013397229122187802,-0.017962542248388377,-0.04181166637293513,-0.02455883812766533,-0.040417322053258285,-0.049316451019445304,0.018328955978863345,-0.015435883288680076,0.011619008280977252,-0.011967374072066992,0.013786096810566232,0.021900753255529783,0.02603806633296517,-0.02947807950905541,0.00571062913743573,0.031314198299586114
2.5741318870596834,2.53855771560794,2.384771484484431,2.37611351496878,2.576043928607056,2.4048653564826385,2.36548097421895,2.4777250271958704,2.336397735470953,2.170495269982828,2.1126031649989434,2.401098651841506,2.1906444716413196,2.1479213663431502,2.062364443681462,2.082312710844608,2.074394080347556,2.3425444116778453,2.2622340139378077,1.9051654070245079,2.021878648482866,2.2859549960113386,2.221478409189187,2.1050823055443795,2.201319618812441,1.962850325707231,2.1414094186660013,2.050211293723662,2.0800726727717964,2.1051870064170983,1.8966543147413624,2.0365167926665952,1.9383141988563402,1.8672403526139327,1.8049622173162283,1.732429808058207,1.5713529251019676,1.5774730343417263,1.7335135237028023,1.5918117194730452,1.5398244920061412,1.470849309868103
