gfs-wave-data.json
{"header": {"parameterCategory":2,"parameterNumber":2,"dx":2.5,"dy":2.5,"nx":144,"ny":73,"la1":90.0,"la2":-90.0,"lo1":0.0,"lo2":357.5}, "data":
[rows 36 to 53 of 73, columns 84 to 125 of 144]
-0.6610575964631497,-0.49095635874982335,-0.4903823938364438,-0.6346863598816375,-0.866448823844727,-0.8986809600877129,-0.9456788258786681,-1.0825842490668767,-0.8969797538913968,-1.1191864136139933,-1.1275723050667357,-1.1623216844022775,-1.2581969455507556,-1.1003217720550413,-1.0389160911445419,-1.019823881113928,-0.9591133629838031,-0.8454592957979621,-0.829150270062144,-0.7020528859817619,-0.5747589342296995,-0.583007018685504,-0.5140096332486944,-0.4824742246116897,-0.4242459276441776,-0.37754335751098517,-0.5011231678052871,-0.4302479777378504,-0.44626199997983407,-0.440820542442535,-0.45578312371073254,-0.5118071707966456,-0.4641556874961191,-0.4172701513840893,-0.5425877601684453,-0.5096925067586695,-0.5651873309821506,-0.4451905561584837,-0.34233638110660436,-0.46427497243444354,-0.36609583348204805,-0.328604709377227
-0.5100280128362656,-0.7132775673386825,-0.5616325935858834,-0.823794347989947,-0.8442901087870183,-0.7493311083159798,-0.8876298268567914,-0.9925249556017867,-1.050344542178443,-1.2213878158966818,-1.1198197338167226,-1.220337727950793,-1.148856451680449,-1.1789267462701964,-1.1460147380829961,-0.9930534412424428,-0.8688989021744272,-0.8311894542998881,-0.9088535684863016,-0.6124740976156124,-0.6174541692084248,-0.6672427507269735,-0.578361565230749,-0.5024131702710928,-0.5656098187336326,-0.4515483493781093,-0.38348730790243685,-0.3191403036304618,-0.43491427557038387,-0.5104231016353122,-0.5190498846490762,-0.46238827749721384,-0.5789669498441996,-0.5768935431866827,-0.4127156113149541,-0.4118318049768747,-0.46877718148870967,-0.48140428530787605,-0.4820284353634409,-0.3586638210800672,-0.298185350579036,-0.24726031638520773
-0.3745449658545764,-0.6190776435108777,-0.8163402438262839,-0.5247970231475346,-0.8395887514082838,-0.8788222987621631,-0.9775216826300103,-1.0722380295518736,-1.1185202799312035,-1.036410155794284,-1.2426946669107666,-1.0951632937600715,-1.163175085506791,-1.0743008996140073,-1.0259969178707773,-1.1497334260472747,-1.0130785348511675,-0.7114107613894488,-0.6297215488924426,-0.6945491674091616,-0.4730106995602953,-0.3762988351044359,-0.5204255250025911,-0.352590852910633,-0.2730162202119668,-0.5038412897038747,-0.3735528741557407,-0.29661089883707986,-0.3652326976188508,-0.395582844685155,-0.5061737557859348,-0.5391080081449928,-0.39908684285171414,-0.4255157674950016,-0.44683865050314237,-0.43842451226777485,-0.548641436455934,-0.42601051093069003,-0.36358694017265425,-0.42840059634626904,-0.381309926918906,-0.36720668716717114
-0.5369142329946816,-0.7750984362919118,-0.6176876837135861,-0.7303909910725899,-0.5412015181735159,-0.8603863284396316,-0.8881797973358831,-0.9775112331162238,-1.0253235728672232,-1.02687221326919,-1.2001358782337501,-1.1328696392380875,-1.2136787743093878,-1.165146947732994,-0.9746401417358233,-1.001373588171558,-0.7609940455039392,-0.8249019746664678,-0.7466058268002331,-0.7089997414478523,-0.5426124774894698,-0.5703994178103282,-0.47635239895624526,-0.3752193556455078,-0.41443062564653904,-0.34527482361345874,-0.42299749258297087,-0.37853182765228327,-0.37700856878160577,-0.3340247602879078,-0.395579676688816,-0.4760043054485552,-0.5075535371434396,-0.3937328141105421,-0.5143277920449643,-0.5455168331547247,-0.5067048575056705,-0.41060475759351545,-0.4740513518386213,-0.3104657038220572,-0.3398647653842154,-0.2781884189912041
-0.4653988873946775,-0.446066714248215,-0.5601502065498626,-0.6077703055456901,-0.8378833690123966,-0.7093326599722094,-0.9444944771276326,-0.9826862026724537,-1.0547602226884503,-0.9361967729862343,-1.0520027409358272,-1.0604660756615996,-1.0258420360750917,-1.1007624428390363,-0.9364422363448366,-0.9343288950903123,-0.9389042422769308,-0.856718846777261,-0.7885709759522701,-0.5688814569529816,-0.5972405499974519,-0.42543258599481676,-0.3868731570434393,-0.3707798489155867,-0.4265136068663116,-0.5273448576816732,-0.40160867076681867,-0.4171513264155374,-0.3986184258633965,-0.3750885627740026,-0.48552896481324315,-0.4734174187689621,-0.49278877682657973,-0.3844775716694974,-0.41804015143926826,-0.4220397357257772,-0.404280895078062,-0.4562470943735888,-0.3125222420216754,-0.41542193803776056,-0.3824305547308065,-0.3861053452856792
-0.6754207355964063,-0.673915740578678,-0.6329195057795611,-0.5145146252852006,-0.8608643147746076,-0.8275304253335927,-0.8073356400078007,-0.7645660120641173,-0.8821517612311788,-1.0511374411826908,-1.0712929440391383,-1.1155444698042691,-1.1098304328310813,-0.9946653491237223,-1.13083338010398,-0.9014275991636606,-0.9236546954728037,-0.7523602271415318,-0.6765551531742027,-0.5765457484729158,-0.6407211067564688,-0.5962176537644477,-0.3327742911756412,-0.473961832446088,-0.47868585076460457,-0.3418607647584273,-0.3829874326329586,-0.4605475399573466,-0.3461239663566361,-0.34738451711697077,-0.32960430636778515,-0.43460364798709666,-0.4958232013901155,-0.38847293796785526,-0.46412781681523446,-0.5119694393683158,-0.44651995199359923,-0.362157678782555,-0.2960318867718423,-0.27504642765255505,-0.2382362638697999,-0.37117179443775405
0.01701282976032599,-0.0035095014780800087,0.026540151072257885,0.02380213575873061,-0.034479446570466345,0.005844547554982705,-0.022312027423769268,-0.004162392682233085,0.05754124893039371,0.005336688562623294,-0.004185712936391946,-0.04142691636779259,-0.012885602112219294,-0.042041727810179993,0.02618949288328729,0.030489861619982475,0.022777788805153753,-0.009665993442403882,0.026341097694735114,0.04926639199287652,-0.009757618394027624,0.01597561256032137,-0.0031476293338609353,-0.0162134162606384,-0.0029648095385365484,-0.04210471261500063,0.008931531018642254,0.0033325284725463826,-0.057107527606723336,-0.020766518716929635,-0.008044731481314911,-0.035253624783921605,-0.010750935455940339,0.010203239222257804,0.045955986202608316,-0.022722017866812372,-0.008008241353955085,0.04756707415100444,0.005584963447179442,0.026695118942334662,-0.014137855301177022,-0.00957929362306221
-1.0186391942443715,-1.0925344646734294,-1.0263788097222326,-1.0547780530401996,-1.0838456441354163,-0.9174625526662862,-0.9834737174200117,-1.0933470149052955,-1.076973331999471,-1.0157564703354824,-0.9989149394760073,-1.0263107286886293,-1.0034158607841817,-0.9011067260431301,-0.8354268585357241,-0.8980688940678064,-0.9636752640317515,-0.8679292750693146,-0.8863953847286262,-0.9060881990366397,-0.8473109367101682,-0.773663748196444,-0.835071929838443,-0.7488716306152767,-0.7622302437386251,-0.7220102250289178,-0.8397365467815242,-0.7809327895865322,-0.7522334285610455,-0.7696644293940247,-0.6528778581408602,-0.7675866837763412,-0.6752048675616482,-0.6570454827726482,-0.6917291050356545,-0.7090551305425908,-0.7213711466001974,-0.6953136913519258,-0.8148463336243416,-0.6910342122677884,-0.712655665760302,-0.8011229209712776
-1.0460034830319058,-1.109055740344764,-1.0967431890885542,-1.0563682699125756,-0.9782144445720019,-1.0365592988895735,-0.9789019298101155,-1.0158464693479343,-0.9454252767530219,-1.0356556243411144,-0.9421552042916326,-0.996528958643984,-0.9980993444600708,-0.9606338015734984,-0.8404175402377803,-1.0048061582938148,-0.8034562797983381,-0.9388464270260565,-0.9415688787234648,-0.901533677705306,-0.9071493456672768,-0.890011835167472,-0.8415033283024171,-0.8205770737987937,-0.7840113157978899,-0.7790393922794515,-0.7827217375111489,-0.6525690137356392,-0.7254482725965972,-0.675810871827808,-0.6767621662158438,-0.766107381417694,-0.7537825645489686,-0.6061597627279541,-0.7558493355917028,-0.6335550892284074,-0.6971566991561101,-0.6522992828338692,-0.6623654064098438,-0.7799774538584119,-0.7397190145687067,-0.7177111364315624
-1.1242262020530165,-1.1219297552896368,-1.0107980840517397,-1.0247380833975925,-1.0294474385715418,-0.9472919747310977,-1.074774824092275,-0.9586487402196763,-1.0188455139323638,-0.8647578035971907,-0.8352790005654703,-0.9020270035254383,-0.9030326615142457,-0.9936409825208408,-0.868155645387935,-0.9255294438728319,-0.8004053017790002,-0.8886765827326958,-0.7921424204737724,-0.766859743825113,-0.8874046906750269,-0.8487390879788753,-0.8167937862409309,-0.8740765962203431,-0.8457910350614665,-0.6888605850897279,-0.829639295855678,-0.6325827156651439,-0.8373092336445113,-0.7001053029694558,-0.7696236615175471,-0.6447469854859482,-0.6681733028698014,-0.7683212126212976,-0.7721503866431129,-0.6565292039371723,-0.6045028281648804,-0.7446804350783902,-0.7372408522230861,-0.74557775886057,-0.6772129247816562,-0.7830409949431469
-1.0085960168445287,-1.0371458475286566,-1.0793118884885318,-0.9811264553210051,-1.0820863533067457,-1.0970661414765908,-1.0197274274792825,-1.0292786526513173,-1.0801091047263884,-0.9500606559459691,-0.9089632310618231,-0.9184414792499185,-0.8220535707398505,-0.8371339570707002,-0.8223824865743308,-0.8360899302489656,-0.9502763821001767,-0.7657110225591206,-0.9231678250368409,-0.8670928490196884,-0.8012978583740983,-0.6726699309617198,-0.7651699539476967,-0.8514452430813257,-0.8259026238493103,-0.8421511962443183,-0.7042450151478825,-0.7310028589334001,-0.7070702071915557,-0.7639126882993703,-0.7557946017346953,-0.8068492233683315,-0.6779420989138186,-0.6431791872386718,-0.7217567697571761,-0.7495155324421863,-0.7780812522906494,-0.7489823861546714,-0.7287853352776943,-0.695488670775867,-0.6984776816926623,-0.6470223629627603
-1.125314624291565,-1.0608520172624587,-1.1595335279535364,-1.0550130267289681,-1.0305191245734273,-0.9901068003157943,-1.0171844095634028,-0.9832792373426682,-0.9561613739901001,-0.9826493510506727,-0.9457147757430405,-0.8652001246697131,-0.8640509295149132,-0.9792529232527071,-0.9381342994869749,-0.9607011199736978,-0.9490123229038628,-0.893134266456083,-0.7959752548995795,-0.8771718036065395,-0.7737453668496551,-0.8153316067970747,-0.814620960597504,-0.719191470507428,-0.758362780091858,-0.7696683808868248,-0.7449125913334133,-0.6606603732860704,-0.6170056827988915,-0.6893191392109478,-0.6628027418099962,-0.7677249792492782,-0.7258143480671442,-0.6796409935571585,-0.6535857838461206,-0.7682124300279264,-0.6401527516711112,-0.7296354399612089,-0.6659318749525442,-0.7323896043321041,-0.5877090276677785,-0.667680630461823
-0.028234393856115904,-0.025869206281678204,0.01504164061259252,-0.016672449342871272,0.009582189711362495,-0.020827459842677244,-0.014350562320808086,0.002307738771687869,0.005400341788739479,0.02895551111644938,-0.018395402090970174,-0.013085907154695731,-0.015362486571793881,0.016295103658399805,0.0170163526624977,-0.008390844048167923,-0.004619033665152924,0.02380161263685789,-0.01774797166450963,-0.012252896058965054,-0.04201459489610885,-0.02197515969163947,-0.0005295880733792429,0.019436407854581676,-0.011668708409104485,0.011148657446630935,-0.009766751459435036,-0.011080773696275846,0.003418186696690477,-0.02896041159696781,0.01210612045036111,0.018558305316998175,-0.02008148726140687,-0.0033257543489763073,0.002928822019112714,0.021621496853359873,0.0050378118821455126,-0.008981637493457147,-0.0363762547336758,-0.006210302464178096,0.021251473976099892,-0.01801150439802242
0.7093005363751281,0.7685913913479541,0.6346044952470119,0.7444620991331171,0.6518331251325435,0.7992735400926883,0.6670484084435471,0.6793445726505001,0.6872143576039904,0.6645493893699361,0.6812592024331688,0.7204126255527994,0.6763867560798746,0.8172700900935358,0.7885482474490606,0.675424624521996,0.6723009447253167,0.7547483285529228,0.79251515149713,0.7607408802734099,0.8753013434763341,0.9225769698899986,0.8176275914020998,0.8616803763819818,0.8062918903927124,0.8377267014825007,0.9277363156504146,0.9688543255943551,0.8783309135947648,0.9653039242930724,0.8968154786331354,0.9452457158981343,1.0567117219962436,0.9377200607363539,0.9856112122272699,1.0676677239231194,1.0629206411256176,1.194949964647971,1.136118677599135,1.2497352406078173,1.058530200864677,0.9720653313456605
0.6771262668457368,0.774786211683341,0.7912402412383945,0.7239163398236779,0.6097059061851455,0.7048937138470402,0.7827492246176377,0.5889405777901471,0.7334835877835102,0.7486992022456054,0.7439480743750307,0.6082511745111463,0.5983487795634661,0.6442903194803806,0.6556650506098024,0.5989424697512501,0.6050061485335507,0.8117672444771677,0.7904309742628809,0.7603245734760014,0.7349883963491902,0.7234362311066257,0.7980635999438276,0.8668900358298364,0.823533506671891,0.8983702426179186,0.8645000854444571,0.8604678295700223,0.8893233762220137,0.9068548469999667,0.9380948459763531,1.0189705970490073,1.0003871180313726,0.8805116688890812,1.0269270552435277,1.0182625167675379,0.9802914352868659,1.168135251079043,1.0527668446514373,0.9159276484528857,1.142179964022972,0.9593245133086944
0.7778840701839971,0.7806465506328748,0.6717376631852546,0.6101494308275963,0.6548469011211179,0.6671298666455047,0.6894326470784283,0.6886747160136218,0.7345574563378029,0.6717190347658104,0.6293157336009925,0.6387057593827291,0.7011554369377554,0.6424813865897793,0.6040657497718105,0.7790173461657937,0.6791402514980485,0.6176840342301005,0.7443532990548407,0.8430260265978442,0.8056062962158381,0.812478626615597,0.7261006456732669,0.9107537085072266,0.9558783939561966,0.8735793961198798,0.9589238709376533,0.9975150595916453,0.9771827680645683,0.9606054282783889,1.0190070873562782,1.011766835572047,0.9710231025443926,0.9142197779770872,1.1153078428026886,1.076060185028443,1.1282171368890301,0.908064891233542,0.9670141683556637,0.9689683363329173,1.2292926151289223,1.2401953740381693
-0.023343033861569946,-0.010004256387414772,-0.0014910057712017573,0.014497677024481891,0.0011192621500787584,0.00396212920263012,-0.0029405906150531485,-0.03609131150986305,0.007271695033879502,0.01442645424708766,0.015293786130224894,0.012534352763089519,-0.004166518584531317,0.015606337563214345,0.020777085064119644,0.020225182397563005,0.006350447741136529,-0.0062637378881291615,0.005823685570846347,-0.013188814612151894,-0.012906176800711702,-0.0025429083927749627,-0.006166681947832692,0.017555000996561626,-0.01122255139522856,-0.020232475532862552,0.004633594774371258,0.0025423577360662464,-0.0242773175129398,0.005557243082461345,-0.008215768231443163,-0.004178217837836081,0.018222449623086417,-0.021435523891958696,0.007383689602732065,0.010335911165215289,-0.012093739125854135,-0.004135563528949752,-0.0043192308851056,-0.009447602245917924,-0.02531300349135385,0.00412597968972908
1.2443697410344474,1.3631476803114844,1.2206115583939865,1.3149287964060608,1.396586624168914,1.0051897650483368,1.0798847236622697,1.1692022721550404,1.2790993817925753,1.0533870480093517,1.2174309099686682,1.239067466910649,1.1583618364635344,1.1279714844567783,1.1093709856158545,1.1636699580724617,1.1918357465837264,1.0349252752759985,1.077599549126047,1.0472994766739419,1.1439072432391932,1.0966293653693127,1.1727403897112267,1.0438358166223616,1.2010066444101615,1.155306027150432,1.1240334436367956,1.0048096665699935,1.1574893531269703,1.0833759047961433,1.113855401868021,1.2245559325597228,1.169507642761139,1.1083024247027162,1.0614570443536069,1.0594951403584105,1.0350198388445861,1.154383596366554,1.0623774076242667,0.9998478392142582,0.9951943633414869,1.2696198347212972
