gfs-wave-data.json
{"header": {"parameterCategory":2,"parameterNumber":2,"dx":2.5,"dy":2.5,"nx":144,"ny":73,"la1":90.0,"la2":-90.0,"lo1":0.0,"lo2":357.5}, "data":
[rows 38 to 56 of 73, columns 0 to 41 of 144]
-0.8404012772159019,-0.9529490163544314,-0.9116052892831741,-0.8884709034992907,-0.8946052460002867,-0.8608150212021352,-0.7321241123229988,-0.7030867129874689,-0.8748495244039363,-0.7368033819402813,-0.7546534473702328,-0.5395006093704291,-0.5137780020506627,-0.5546583597060278,-0.6205320008559798,-0.8135209927967881,-0.7665372573975218,-0.8189892153097559,-0.8571841253367347,-1.2024855076285232,-1.1033407549117984,-1.2224542454750502,-1.343964342670553,-1.345624636924009,-1.3158700393715739,-1.2279880825514777,-1.0194257089870358,-1.100428357443767,-1.0322428309874558,-0.8281284769879718,-0.8879169614572029,-0.6457568979830366,-0.506235088364526,-0.5652957016993346,-0.48392776234276563,-0.6159800036341684,-0.33071414941855515,-0.4519561854552398,-0.4554335861908531,-0.48519595030451723,-0.5717292566914849,-0.3562780820168715
-0.7971067131527584,-0.9839753044832431,-0.9849711575093939,-1.0119775657530838,-0.8857728063601034,-0.8751797525705779,-0.867305457957786,-0.5894031837846977,-0.6021986894141786,-0.5964807403061233,-0.4835736328343896,-0.49453164740899674,-0.6772078763924109,-0.7913451392118231,-0.7574033122592521,-0.6359606089709626,-0.669156756201545,-0.7925763078948608,-0.9696832637876719,-1.123263603321723,-1.2842780644675904,-1.0676992242153147,-1.2649346677696303,-1.3216916368687632,-1.1701123857219426,-1.104565158074215,-1.2065294090822976,-0.9838427615663706,-0.9523166060262777,-0.9040796193350905,-0.8430271702606711,-0.6212511320691853,-0.6374880257563802,-0.7001205266027039,-0.5663919174788661,-0.36512422646034554,-0.5650183052127381,-0.41810772788295353,-0.6053234309370974,-0.43216570596297804,-0.48537710725406946,-0.5353930715361714
-0.9448181920575781,-0.993480465623108,-1.0004249232680182,-0.8035738415723711,-0.8814057287949469,-0.7462565718255688,-0.9231875597877413,-0.713031845810509,-0.5971627181160362,-0.7611113548823285,-0.5240600904027505,-0.5301602147541514,-0.711633207236958,-0.5634278141126878,-0.5655359235527233,-0.579023723374917,-0.6829744639680343,-0.8222936928479277,-0.9066088318632484,-0.9097485463631229,-1.165534532151134,-1.1999316025820257,-1.336726156964964,-1.126362109412658,-1.3274556792872765,-1.183195598472546,-1.164583421237339,-1.0319401028721846,-1.0021894868266636,-0.830350321898972,-0.9288259584097388,-0.6669592168591416,-0.6787418175833319,-0.5711451182590304,-0.6659035953521506,-0.36576689085773567,-0.3416816291623048,-0.4013838586737232,-0.3594731032592748,-0.3148440563016335,-0.5497743159205583,-0.4416051159499114
-0.7987241383974265,-0.8285272686555003,-0.8544499104110376,-0.8472561068315488,-0.7511431916672614,-0.8580435653740632,-0.7879071630445196,-0.7239503557934086,-0.699919397992444,-0.8134064679323718,-0.6898878868510036,-0.4803961130668123,-0.5470017707173102,-0.6878167321419011,-0.7638866407955862,-0.7257502354487895,-0.7286508792036323,-0.9065247311941829,-0.989069726988566,-1.0535317338545878,-1.0997530826329318,-1.0726213654546541,-1.1582493715192583,-1.2157708112387904,-1.1411861844499867,-1.1847392337941836,-1.0675829158821422,-1.1671244112164658,-1.06025083488686,-0.91054229096031,-0.8994841262544713,-0.6560817124867895,-0.5972281275682192,-0.4837958901144472,-0.5995232832990001,-0.39348822974393854,-0.42368755493103893,-0.39217413060238576,-0.4823779705348406,-0.3810617337544301,-0.4954542368959406,-0.40989675615184573
-0.052024118359700805,0.04666355782002229,0.05596406519910071,0.032496070152604015,0.05595853576748039,0.0714630018671017,-0.004376933206982764,0.011114972054487218,0.013295099848948196,-0.001028042002112089,0.05172671000713442,0.002150630876506465,-0.060321860123383225,-0.008831492283016055,0.06798137340772377,-0.053466809601513524,0.0492805617159456,-0.053215043836123244,-0.027138433545232696,-0.055341574201861754,0.027897277859835198,-0.027956147523302756,-0.04992626518360067,0.024453062040370902,0.01886723329108684,-0.018718686074589857,-0.023489483847251524,0.04348537638412163,0.04744705789736552,0.03638057898186722,-0.04193110874556152,0.023475027772733335,-0.0027914829242318942,0.03219398523999386,0.023934156903457092,0.018130723544717085,0.041930033721341436,0.030225898211591648,-0.04554128274996496,-0.023760044004226585,-0.060250523629460186,0.051545612155625004
-1.0506447675557267,-1.003376710192187,-0.8915891259790107,-1.030625179095749,-1.0292759204965598,-0.833178586031069,-0.8999598594974909,-0.9957724418586331,-0.9724054985509452,-0.8750051917698287,-1.0401756799522868,-0.9841742304547363,-0.8682102075834076,-0.8594413668452706,-0.9374973751084114,-1.0408599047197482,-1.0981647658797207,-0.9713619309863798,-0.890131813823944,-0.9712159440742066,-0.9565805589917716,-1.014948077406171,-1.0234910601938232,-0.9973957422370339,-0.8379086364686559,-0.8634214592210188,-0.7390120987567537,-0.8648001236803498,-0.9874368634485394,-0.8856213039235609,-0.8559710856992753,-0.8811443468703478,-0.7753754065246364,-0.8722899750225568,-0.8589983541817711,-1.021170148741874,-0.6948236930212596,-0.8675080230390266,-0.7210856997283132,-0.7393360580807287,-0.8225229895490046,-0.693529432897929
-1.053807385438267,-1.0125446165714294,-0.8871649016788102,-1.0337110257539925,-1.0100236417637973,-1.083678525911671,-0.8673069639316493,-0.802725742330173,-1.0355182336850273,-0.8829105157365001,-0.9151849721961282,-0.8612701078244865,-1.0300893001066727,-0.894511200029458,-0.989360332555399,-0.9500702277252229,-1.1210922839977762,-0.8865700142859012,-0.9301879697645927,-0.9702665619641406,-1.1362925649036277,-1.1329991058927387,-1.0176459897034433,-1.029709528238133,-0.7668893754454948,-0.7608491839291895,-0.9517471849327173,-0.923869845013201,-0.802320584044296,-1.0626314051441843,-0.953796300338978,-0.8605693058848897,-0.7323333603816758,-0.7504543921357998,-1.0063619860966107,-0.8107412345752699,-0.9874165567986445,-0.8301171648722279,-0.934036516373104,-0.8434056471774072,-0.6358048473062615,-0.7722704147981019
-0.9395138224775116,-0.9856439640358324,-0.9954873118028399,-0.8130054469565082,-1.0398049466643406,-0.9082372043897152,-1.092726662441289,-1.0517614338628674,-0.974112067039066,-0.8428609426902712,-0.9185666469322195,-0.8840878550148076,-1.0524110678560374,-0.8500363591937388,-0.9535800822099585,-0.9252726276217444,-1.0231968849096122,-0.8521853734548087,-0.8368836959474937,-0.922931520435579,-0.8519608684790295,-0.9186708453189526,-0.7813346822661971,-0.8287015299930351,-1.0442898876626425,-0.9821787804821478,-0.6934362651372092,-0.7687780681945874,-1.0201551714578718,-0.9385918773400086,-0.6945394957972261,-0.8286197502620373,-0.7471641876472445,-0.8407994905226455,-0.8382453635158235,-0.8385565025270743,-0.871320595139358,-0.8117179895502971,-0.6057497917653195,-0.7777286568796258,-0.9860394992717741,-0.9580213224760011
-0.9821470347656936,-1.0804066105454633,-1.1185171670547385,-0.9374618007547356,-0.9355631830378518,-0.8283764638666601,-0.8900559393163568,-0.8996579458028784,-1.0884760238117452,-1.0425465041487159,-0.8125279814923652,-1.025444411557203,-0.9044204181927145,-1.0457520617234481,-0.8981220890747987,-0.7552543614487379,-0.8434836013605084,-0.8377502664767126,-0.9287455968789561,-0.9387469786626459,-0.8039865199739948,-0.855036640950315,-0.7971931693588629,-0.9578648213551831,-0.8710803705864009,-0.9776957121216635,-0.9715136386126294,-0.9146062761603279,-0.7487495800976961,-0.83879297319572,-0.8314332284875351,-0.8031229707326295,-0.9351256485757367,-0.9640956701041384,-0.6723005547081192,-0.9040549729544739,-0.9140650592801092,-0.8172489527793207,-0.8110680974587963,-0.8905413133441662,-0.7720517632777889,-0.7279384614211811
-0.9453377542540401,-0.9190540995406923,-0.9084201263741484,-0.8715157365052073,-0.8031994862625308,-0.7934657305004028,-0.9219950401544501,-1.1155372747972696,-1.0575388888499013,-0.8298605653043288,-0.9338658349019482,-0.9097952240056425,-0.9132276517840533,-1.0127776103567236,-0.8099578479290676,-0.9746215717615662,-1.1243451485439522,-0.9685319925585858,-0.9817542461292025,-0.8412092129955292,-0.7324560992788423,-0.845041882523561,-0.8334262142099081,-0.829577437054627,-0.9234633234955262,-1.0544395091033991,-0.8263751530389296,-0.9033610658028114,-0.9772232672540909,-0.8195299659811781,-0.9687044981840629,-0.8252398560995501,-0.9727332697993815,-0.773850116842806,-0.8764823214760071,-1.0354310732136984,-0.8460931238706706,-0.968531006610587,-0.9052836123462589,-0.7742274234985044,-0.7776844965737356,-0.7951819031279855
0.026474303478310254,0.012200268282628341,0.02479580327452612,0.052637154700293926,-0.02697850995813432,0.008240651417037554,0.005520959488087672,-0.042828110828652226,0.013384825420242226,-0.016198369471120945,-0.025424878885121273,-0.026637115752826356,-0.01817192956693893,-0.0039507516279382445,0.012627823508019626,-0.04903501698200775,-0.022458128269448593,0.00476698780904204,-0.034865274459998846,-0.010706847536619006,0.014063157545575791,0.038354986489367214,-0.016670953533744162,0.04390717393355393,0.010353856485259074,0.054576793145924965,0.04232443077367651,0.01863503960910396,0.020404067167997773,-0.05800270639886793,0.058753273199911096,-0.03955351799832429,-0.005156765736920482,-0.05549199191732781,-0.0011162055098277303,-0.03750919538943872,0.02387138315397661,0.04457779158702288,-0.01293708535998151,-0.02265630507013799,0.012767020247323478,-0.04773165406586618
1.7314374523612865,1.7505190115692235,1.6156560957193864,1.6797328573986718,1.6388427146992004,1.600259473487715,1.4945919755969614,1.5415290831951383,1.5906537353686585,1.659808886160174,1.5186554794846607,1.4023028696570035,1.5090607247804326,1.5495811737566973,1.479094841079516,1.3641445863737385,1.3654029024183028,1.2817395914852747,1.1170669640420703,1.2392837538189296,1.239833930182734,1.0135614105335058,1.1613889698113207,1.17593667743537,1.179855920092016,1.1197849676453053,1.1701887231508328,1.211570606214308,1.2486961007742212,1.0781633789241782,1.157880709256249,1.0334581497711939,1.0417294316115635,1.1508679744610488,1.0389350246144917,1.0716597409341504,0.9998211740120803,1.0061154871376345,0.9831721742258821,1.001226101616936,0.9573905923053275,0.9195126302051488
1.5937894966708013,1.7595903524071776,1.6534724099249027,1.6845818558361982,1.5695484083848614,1.555478946480549,1.5906755389493041,1.4806652452993392,1.6220763703774517,1.3784134092055436,1.597870932510257,1.3055086701911969,1.417231005120804,1.3510543033431155,1.4494476878022124,1.177723935702526,1.26669422894713,1.3634292661563974,1.1504241681686391,1.231070456556507,1.21080500734432,1.262870034513255,1.1638859695812767,1.1211669566592952,1.2128643269737465,1.1592230932909502,1.1603385983157113,1.0335556612045997,1.0436198901510605,1.081808339690218,1.1471194747270612,1.092907842299526,1.021587870566967,1.0093447895192202,0.9622897691644658,1.0325940235948259,1.0782468544634225,1.0419895818907225,0.9557424435135418,0.961847498106966,1.0086645990433636,0.9342297826248843
1.6805991066698738,1.5796650011034197,1.6896463300465356,1.6779114150352423,1.6981277163968929,1.5631452164331823,1.6460245354136438,1.6929225947057205,1.6903812530376845,1.584516233871013,1.4077094445826275,1.3635455823382776,1.3681074940414157,1.4348113805688139,1.163876950300344,1.2494693776703258,1.2208829808923511,1.3178378219261615,1.3507798522638381,1.1834130977277386,1.3337156404890878,1.262445514585174,1.1327569382805913,1.1850292046131725,1.1000604939367036,1.0818398249820131,1.0914418513833886,1.2168246984527844,1.0020747270450898,1.023276453487214,1.093602178152743,1.1029850500067737,1.0569092242369493,1.0676499846000858,1.045465042999786,1.0659318163239666,1.0025455277553825,0.980780686060452,1.0193772239358965,0.8612363459409602,0.9790376985758693,0.8897997661880213
0.03084334408260591,0.026173232088776734,0.03339624430352133,0.023756006758256627,-0.023278840610143806,0.013415422186833581,-0.009082949859547374,0.0020686613848494915,-0.0031429319160126965,-0.018684058496227302,-0.03305482191537231,0.00799570711463083,-0.0514049561929648,-0.007710911964513445,-0.017578227311562625,0.024162924756986236,-0.017395947857916955,0.0029160920206121534,0.031031510843438297,-0.028591849670318144,0.02235690496521406,0.023207576320863427,-0.0034782392800849432,-0.023075740208966498,0.047472533203986936,0.009603773890161392,0.02815589694514216,0.02689814869475713,0.03448341415673931,-0.003278107001798368,-0.012870830217498195,-0.03213256761485122,-0.0027488916292428348,-0.02559860546930114,-0.026858104343532377,0.04955439368104906,0.008947359122284953,-0.04121350701935937,-0.01889537689299265,-0.005898072195795366,-0.02571790423811859,-0.05716884488405361
1.9786224535743817,2.0983096722517347,2.156143125001664,2.111616547551672,1.985697700314911,2.193907435174009,1.9893588703864724,2.1689643977571706,2.0694200494266917,2.2456084029490264,2.229554505693123,2.14060682666459,2.3064331720764457,1.980436554267891,1.8707011832968423,2.013106974381147,2.3495279456515714,2.1661371717827373,2.276894575672078,2.361089336818348,2.299369316419611,2.3582930768327945,2.29132438952532,2.5519992351781817,2.624306910456866,2.319484849874271,2.4241202445674905,2.4616543480917463,2.68537371773079,2.7516020778523917,2.698644289630947,2.7283916990467265,2.7647199959881434,2.6344911879617245,2.675453321211162,2.754982299047165,2.64477674739608,2.7403005223758368,2.773230168611882,2.766745449491097,2.733397012501588,2.6986562954844096
2.057196361635826,2.045924300386784,2.071578587258714,1.9619132224007945,2.1886491211271157,2.1076918654102696,2.1067031852082114,2.100114798450957,2.18733558980957,2.2530346384889612,2.2501602960750615,2.0363024478835765,2.305585843896992,2.037713319397408,2.096689322218618,2.2109811855292,2.088919277015552,2.2568832082674106,2.2638459009135077,2.2291573631857786,1.9640443669476668,2.168523558251265,2.3995487018387576,2.3022571274351544,2.1933253389344505,2.4874855440826353,2.411659443327321,2.520109144380474,2.5900876433323226,2.53917473538051,2.6328752639240074,2.710872353352485,2.4945911325186816,2.8213131333230557,2.779105894711737,2.768523844050215,2.746230880101393,2.8165900231279912,2.7586446378109493,2.624141970802126,2.800352654894254,2.707632339181957
1.9134686688527047,1.9272290057973096,2.003271346920184,2.0635100121298997,1.9745070542077732,2.10182471604068,2.156878606273502,2.080492111928703,2.084334782299652,1.9691203323161814,1.995068722743892,2.1964617195434064,2.0942325164908393,2.1959090934550143,2.224257456267517,2.080068847919656,2.017389587731692,2.1921287213756266,2.006964282015919,2.158323912042202,2.345119273212795,2.413166784106952,2.110954545333185,2.0540192196814084,2.409211728485111,2.4981314790537112,2.394318316834642,2.575193910891751,2.4634622875621126,2.5202401104925523,2.737921803021012,2.508465711551018,2.791944719057523,2.7280570936856865,2.66115033534769,2.663482611744763,2.756837423269423,2.737100122532827,2.6788722175917137,2.6778255327122396,2.6751640817444127,2.487389826380673
1.9982941948724224,2.042244687211223,1.957061345637079,1.9932835150177377,2.100608020445738,2.0656687871197397,2.032340079010238,2.092143331847522,2.055453800846844,1.994476661154162,2.253630019063297,2.009165540100852,2.033826129262305,2.2088014571339065,2.0513901888956783,1.939519197361988,2.2786648435389036,2.2040389790476147,2.0215077513198043,2.2137254692349138,1.9783477803452323,2.362633406496243,2.4401660871948816,2.4194891933034373,2.4019112423742492,2.401585411294946,2.525182773490407,2.601801154041227,2.5269587634775945,2.635260975565864,2.5118957476811126,2.623835131944152,2.679023881974769,2.6564965987148463,2.8071417100290192,2.7543495524881045,2.804584702582299,2.80687960626838,2.7867678219441614,2.6918886025592688,2.6876531983210987,2.6833595700075104
