gfs-wave-data.json
{"header": {"parameterCategory":2,"parameterNumber":2,"dx":2.5,"dy":2.5,"nx":144,"ny":73,"la1":90.0,"la2":-90.0,"lo1":0.0,"lo2":357.5}, "data":
[rows 38 to 56 of 73, columns 0 to 41 of 144]
-0.9309967686324029,-0.9789648488099687,-0.908865272034444,-0.8528317158982237,-0.76674769463014,-0.9887425745710434,-0.7108293314087011,-0.6413423954993959,-0.7867992335264665,-0.7722334020293501,-0.8248462149420044,-0.536950948441785,-0.7978157919143053,-0.5858543583983231,-0.6698021431142824,-0.9054449329208247,-0.60808717796931,-0.825501942542156,-1.1402310868898626,-0.9824372645074692,-1.1861323897768465,-1.0562500906851302,-1.1773891682935198,-1.1999686119924708,-1.2930001520650125,-1.1717474298763833,-1.1226344956568821,-1.1037451531673461,-0.979736272608101,-0.9013164300630894,-0.7483382886395058,-0.7556481936925915,-0.4904347550246648,-0.6236286515035453,-0.5025904153508285,-0.450639825764175,-0.5783656815019131,-0.567648663666201,-0.3535466569292636,-0.33692433113817355,-0.5427112276307445,-0.562010175585412
-0.9062009643868977,-0.8230773751385527,-0.9927125154133549,-0.8921942350201683,-0.7897475195521204,-0.9037314488647682,-0.749227190236616,-0.6709378730234853,-0.8351961682951002,-0.4952489958013662,-0.6007287411191977,-0.664120899574202,-0.4839450064839328,-0.746560722775388,-0.5498966706070126,-0.5979796908776858,-0.9433875895294321,-0.91072615713154,-1.028332642059365,-0.9109186574436403,-1.033150308699369,-1.288839124510659,-1.2996296502672757,-1.1508885985908082,-1.168845529486391,-1.2395780486873127,-1.0956331058774558,-1.0246419100376487,-0.9575094261893591,-1.042562951750916,-0.7676564482134366,-0.8683418052752832,-0.7738601008556476,-0.4249565404746065,-0.5682543478869009,-0.5370801520397337,-0.4284336652577481,-0.4762471791872085,-0.3856262467149997,-0.5209811647537413,-0.5612692206083038,-0.5161851704729307
-0.9277986423534147,-0.9137682315487192,-0.9586147784783252,-0.785095403562296,-0.9462235485423646,-0.9132818110496133,-0.8648681761282071,-0.8628489515066335,-0.7192928218550106,-0.759394860573561,-0.505568034520641,-0.6589349725418026,-0.6053265452240958,-0.5898097098067956,-0.5702669683144335,-0.54755851232479,-0.7669630877770892,-1.0799770048836426,-1.0821014930732855,-1.210311846244711,-0.9880423199908974,-1.1390535052958994,-1.217309542710388,-1.1697380783513405,-1.309100627746217,-1.1989553391432137,-1.1041186175598556,-1.1471971659554365,-1.005822988522412,-0.9959730751835814,-0.7615275811859984,-0.5315219204828888,-0.6032214156540853,-0.4800678409650339,-0.48015401576045813,-0.3895719917411313,-0.5012318300249707,-0.4241602888388699,-0.4332027647697995,-0.425206235853073,-0.5710859336847403,-0.47666308464055207
-0.95706479110477,-0.9340737167573054,-0.8824982071295128,-0.9280434405875135,-0.7654569862022643,-1.0123469247270593,-0.8629044877893731,-0.7556617639098817,-0.8025940727707565,-0.6136303943918321,-0.6778925322315477,-0.7032161426802547,-0.6985686825068164,-0.47817143623106056,-0.7021561622748923,-0.8197397166361339,-0.757414660053262,-0.8592275180694086,-1.0061819835086319,-1.0905091268095222,-1.0027894702990994,-1.0577566535167369,-1.20563949000539,-1.1458940705236718,-1.2041299647193462,-1.1068954637895738,-1.2287016376744966,-1.0371326771981861,-1.0138219514607345,-0.9009889022381223,-0.7242335663847796,-0.7262752114082405,-0.7286496779609047,-0.6253337375411141,-0.4252842313691658,-0.3200701818957038,-0.47811815856734524,-0.37186574000985423,-0.5536316026232527,-0.35041834522269333,-0.46327498714411514,-0.41130722638073136
0.012244019589940713,-0.006542263939242954,-0.034473848083367786,-0.05327037729052442,-0.007146204157495675,0.005803695960838817,-0.01892945422832271,-0.021413976103281735,0.029942435626282883,-0.02091711955694924,-0.002132192052367703,-0.020130795076536315,0.01752917437443445,0.03302294143091457,0.04214610530042685,0.06833432994862759,-0.06337478199211981,0.00488644892685441,-0.007997101405003966,-0.045695097853596975,-0.048041162724429314,-0.06584883267964466,0.029008783499138407,-0.0502110106120759,0.041456308725612845,-0.026541003543336023,-0.00877669474533392,0.06382241153174638,0.030228145553995982,-0.06842857149311729,-0.02067583170807439,0.048624900367958294,-0.04022894706343582,-0.05957580108868306,0.041188455883725626,-0.0006851626813888835,-0.03932891059882273,0.0027806694660411743,0.057864313558633515,-0.02679098936136457,-0.021587942204199576,0.007955495583987664
-1.036527812779432,-1.0590622431793038,-0.990117919748588,-1.0916811381619071,-0.9000076998854446,-0.9734358298734026,-0.9004581916065089,-0.8789281245227538,-0.8495791420315305,-0.9086392764488559,-1.0899808031445761,-1.090475778469882,-0.9805811892934261,-0.993296308440658,-0.9255605020785926,-0.9258408432300055,-0.7956064959143019,-1.0361584479026624,-0.9386506775141474,-0.9992574344537065,-1.0488811378382912,-1.0987520446647587,-0.9766634673125587,-0.87255527378878,-0.9298171464831352,-1.116612443012416,-1.0783832940275884,-0.8943796217067065,-0.7441338807704846,-0.8757111502980752,-0.7884527574168018,-0.8050268646163659,-0.8765570616356251,-0.8862103887367516,-0.9539498196068136,-0.7491175930539015,-0.7551367899323145,-1.0068845907522102,-0.7823519464646079,-0.8078720565798503,-0.9113596873720637,-0.729418165903726
-0.8940494660210916,-0.9252308735694246,-1.0585465904737055,-0.9145324492236748,-1.0327287960591385,-0.9790713851843044,-1.1639840579939218,-0.9660936762478648,-0.913144210211353,-1.01888126869126,-0.9752095771411672,-1.0811196374136849,-0.9850603045091355,-0.9546518579374061,-1.0163100932904239,-0.8637809457912123,-0.9708668056231162,-0.905369703625828,-1.0990433782049187,-0.8109110145166236,-1.010810376855799,-1.0783201650569785,-0.9776472979701145,-1.0652356712136286,-0.8061483712905186,-1.041923174678458,-0.8753661262201051,-0.9136140664993645,-0.7695386353579106,-0.8176846287780115,-0.8070808861640897,-0.8907452866464187,-0.8112277308096563,-0.6530893370363745,-0.8708245462520595,-0.686022638024428,-0.9126157633182025,-0.8665249441788072,-0.8739902729045157,-0.79519237041714,-0.6762187849437169,-0.9003413357292747
-0.9755783679614749,-0.9286093403255403,-0.9260815092064486,-0.9552536280953018,-0.9993566193410256,-1.108047672462319,-0.9122400152012179,-0.9563406060856148,-1.0351124930949134,-0.9897188417595132,-0.8456140138390398,-1.0590325443617898,-1.0618912105174867,-0.865422610557416,-0.8048874251458236,-0.9367790092145376,-0.8970954804262224,-0.9964037944070554,-1.1151262701199407,-0.8299058121548435,-0.7713076398396485,-0.905995031362633,-0.9842983814430006,-1.0274764587770555,-0.8159786385914026,-1.0314909980831792,-0.8380545514017229,-0.8063652095115018,-0.9630172621861615,-0.6809668144379758,-0.9236064122421972,-0.8660359828476353,-0.9323660261977124,-0.6946045453140937,-0.7613895753417362,-0.7327549290397165,-0.9069114161790012,-0.7158875200628024,-0.8488496105644081,-0.711353247649424,-1.007239102713396,-0.9520902181298493
-0.910442364821786,-0.9071526873234962,-0.9509018259438663,-1.0935525074107233,-0.9725506201965181,-1.077045864570944,-0.8570053108665756,-1.0915980082537646,-0.8896238402186544,-1.0511020355775937,-1.1290727089096373,-0.9956462674844396,-0.8999995201373844,-0.9218999745660182,-1.1471684879824673,-1.0113193204155335,-1.0891110628233014,-0.7405341157986828,-1.0534344879055115,-0.7492140172447441,-0.783738146994418,-1.1020316826827863,-0.7214883261506456,-0.8448139988915766,-0.840592039433976,-0.7958981213960804,-0.7741223519327425,-1.036538301681739,-1.0013211958402903,-0.97467996873174,-0.8814561820960564,-0.9009991919872321,-0.8205528606667672,-0.8565273255656155,-0.6212675734337413,-0.6667291482207824,-0.7905666827334832,-0.6972281874446988,-0.7865665534569111,-0.8674998725538967,-0.7625308255792824,-0.7004461271029944
-0.9270261128042255,-0.8402350227619585,-1.03080295475123,-0.9478544833530411,-0.9714686709399389,-1.0566709015818385,-0.9733472634690569,-0.9790945041713649,-1.0454259201709346,-1.0188273476258112,-0.9885541780205526,-1.1055821115358229,-1.014095756675953,-0.8548997867698651,-1.0377098201014445,-0.8931958449158015,-0.8914635398615899,-1.1473454751682999,-0.7974624378939223,-0.9147550038278731,-0.7298374399686204,-0.9687220576721672,-0.8949720405582836,-0.7504353004300525,-0.8658811607201709,-1.0778219387139125,-0.9063456972464714,-1.1016086741940818,-1.0729857575202926,-0.756318961703037,-0.9117335939818528,-0.948307304571986,-0.8780252372656379,-0.8088863865612719,-0.8728226993282413,-1.0236162307575856,-0.8762228750897004,-0.9563913126207375,-0.9181400514253328,-0.798561226896902,-0.8485896290819881,-0.6621551351308907
0.039095597308801064,0.02413928615810838,0.03833444020432472,0.056144764664496166,-0.006492284275060819,-0.03386799027615981,0.049079523355922236,0.02098188031982321,-0.03086113049971689,-0.022674592393136295,0.015354040626183882,0.04530020240575553,0.03609023390577561,-0.035272614812832365,-0.01293048766444252,0.03196927654792315,-0.04188044797059458,0.0349232109027962,0.014277859008200717,0.0501187335893227,-0.03896380352737573,-0.04081786182979173,0.03842847932999023,0.0009109663601200521,0.011295016511529487,0.03466714955452182,-0.009510466340993508,0.02898558099144726,-0.044910064694752345,0.044926475250320154,0.02552617051114929,-0.029016839321461183,0.04603109574921545,0.056258277980429615,0.029350832234307588,0.04936077080893973,-0.019237041332126097,0.043706515416161516,0.01839961078364668,-0.05661185429964284,0.03923858019121653,-0.03385586039562993
1.7896755791964318,1.7271796991497244,1.6396742474820374,1.64021332023761,1.6315943117566785,1.6537651651060337,1.5415502644138792,1.58773070840854,1.6069387256305523,1.4002918911570392,1.3611736784711366,1.4788729324301293,1.4889996946769108,1.4065742733480902,1.2070252078143826,1.49368950490847,1.3113975632984034,1.348411997685274,1.2628995714883846,1.129753913679537,1.2617203927283547,1.2047719028559103,1.1173075091793416,1.175995865775335,1.109913538865483,1.0387306567292023,1.095276026985458,1.1802698036714045,1.1048595598223914,1.0833833653927385,1.1192811639315192,1.0548092097951225,1.1801003309799305,1.0901986596232294,1.0264351394044422,1.0990280789545013,0.960837964325924,1.052173769256135,0.8900906536644759,0.9538338005513894,1.040131199015941,0.8770396951219421
1.7534189066604753,1.7229940006762583,1.6907811515729358,1.6728736500354549,1.512841754592988,1.6379799932231125,1.7343065626476524,1.5982141164143917,1.590103899156567,1.6308793052121224,1.5377577479410272,1.4501503357605714,1.5092104546516398,1.314487773874624,1.4194753523599615,1.3149190326307414,1.3112174847956497,1.3905035026705592,1.2257971485698538,1.2782470351957433,1.018549504779846,1.3163832258742965,1.208904966853053,1.1985520574242734,1.3264210487031105,1.077513203779229,1.107964280740309,1.1666972272378118,1.0798201363939424,1.1636059751509653,1.1772546175237566,1.117982987886882,1.1311009455631353,0.9513943526738381,0.942294558356065,1.1142723364359968,1.0978679307183563,1.052069236396002,0.9655680008502379,0.8908270568457292,0.8615481718589365,0.9967052254587284
1.7665420791836222,1.6300678790602354,1.6354139419530795,1.606769752451816,1.688685698244021,1.743151090384682,1.6642383520180994,1.5128526122303914,1.6365364505497015,1.4667098867732855,1.5384842620925514,1.4197394917174262,1.4192152287321163,1.4727026182312402,1.3420994297832056,1.391520876322042,1.3332377440843404,1.228339793158834,1.2235473163518757,1.295391343814828,1.1582598545743432,1.1216659014905483,1.0617425084044958,1.1975071643072277,1.0989840101058854,1.1359492373524585,1.102559968940503,1.1352987074190335,1.115765783587538,1.12691557426031,1.0385427243809466,1.1045791367300526,1.0835608428945684,1.0028193363477111,1.0535307806435845,0.9662841926977241,0.9701516956269296,0.9115822429858977,1.0249051359481698,0.9918130512803974,0.8489741027792527,0.8906809102499571
-0.043835490575071905,-0.03115860583972,0.023748221837403046,-0.030877732037597694,0.03278605786248532,0.00829551510909934,0.04214239908003846,-0.037472593882435234,0.01329351634379882,0.028249883546264478,-0.0028867084049158664,0.018379767473532774,-0.024769234692063036,0.04607686510413702,0.033871712229289926,-0.038264564015533395,0.019566095599743843,0.004493795437979512,0.04190140671916258,-0.032117887216167304,0.021141117682660433,0.0060079082794472095,-0.04338888614881435,-0.041843702486593436,0.007269126729331393,0.023566826692486772,0.010071949174383792,0.023444192247266706,-0.023599372950325676,0.035505251264335846,-0.009952140547733046,-0.028692943125960338,0.016477053991340838,-0.028057029766664632,-0.024562166261242184,0.014499425798958,0.0421096401646481,0.00811333248833161,-0.015714902784418592,-0.03861633805446245,0.0146625088644589,0.006475100200973614
2.097246690053598,2.0511968392276616,2.1116898795926256,2.052386192388446,2.0983770083770086,2.194152181747836,2.201441117330338,1.997875706687404,2.112138188530121,1.989934821799638,2.1224781689599115,1.8857228357791338,2.2126843069898277,2.2850004237935675,1.9626488876359038,2.2065298167780494,2.108361191583663,2.015721968815375,1.9932932320359436,2.1794301514846155,2.3906413694110835,2.362199598841138,2.517219675841195,2.446246502289209,2.5042438344895595,2.3231724536104448,2.6163405496031227,2.6408315133574045,2.56942477341533,2.664319043960792,2.614825694123416,2.7830087996250326,2.7481410572080383,2.699147316548964,2.710605725888958,2.778039994904713,2.7834688243668544,2.7863218578474633,2.7648918541767062,2.6866644407014717,2.771643342662162,2.5205162364823757
1.9143143645669516,1.9571269457106737,2.0295675686175287,2.0760794555694595,2.1214517492803475,2.052819397508057,2.0438099189546293,2.14058876353408,2.297876326463637,2.0547367967222483,2.2562234842397406,1.9781837328174665,2.365971859597145,2.2787101230679614,2.1389421292175386,2.29989719104188,2.2878302153966596,1.9865265771764533,1.9872138825352048,2.3486766908196626,2.143154311058362,2.2201051965449885,2.225894355620112,2.4822304839978617,2.4211599364038108,2.3646482846007646,2.4439694197878956,2.649886396198073,2.4891245017026566,2.5898344859547846,2.550541214814315,2.5510047112485332,2.682574769056872,2.7786594462734806,2.6995055904366856,2.840595031777453,2.6950126019012566,2.771141669638554,2.6355043729390295,2.689997880357894,2.756102831745138,2.5532407372949733
1.905364092154891,2.095258335434064,2.0871089355176387,1.991883152780798,1.9786588750768492,2.012853622150923,1.968866207793129,2.041308619637474,2.1707110428283714,1.9762961633329794,2.2736494195358947,2.044317756759698,2.3440078289524817,2.0353053351072683,2.248588363938167,2.1254396491064886,2.1822678285108856,2.1937291481864216,2.223828539540129,2.017532517287531,2.092677171079412,2.1226311267294333,2.307033559600328,2.4354144733655785,2.3638380402026073,2.3180114550099282,2.5640900510682196,2.6771136015471906,2.477568490403062,2.64214442693511,2.6975783788506287,2.5958598811046953,2.7896925777689656,2.7106473296278932,2.685290641392001,2.648003501357099,2.7872134883742588,2.6499474039652196,2.5941718021904374,2.5841479345950398,2.634507960963224,2.5964993980796627
2.0124099244460085,2.0091919593583194,2.055426985753679,1.980309363949564,1.9093969586255648,2.1979778107570773,2.1036983395122113,2.120197765485826,2.0186252946060383,2.06970383127427,2.0371170199316166,2.0735356011882637,1.9254541707813173,2.0870189170094973,1.9462093705371204,2.2906268009338886,2.2733050237004395,2.18855699740302,2.145148694720767,2.2742085775641767,2.328189920395362,2.2872502149975165,2.1161068554340736,2.507580639592282,2.2104171739402636,2.4866362067193535,2.473735000161099,2.674485263768595,2.5033833130476264,2.5390180738451087,2.585892472455564,2.474207261565255,2.7196259726084677,2.620926022694678,2.6776561298340975,2.729880441095273,2.762166524694977,2.7254413492928276,2.724560262010647,2.676950322659855,2.6423238514192113,2.530896742237284
