gfs-wave-data.json
{"header": {"parameterCategory":2,"parameterNumber":3,"dx":2.5,"dy":2.5,"nx":144,"ny":73,"la1":90.0,"la2":-90.0,"lo1":0.0,"lo2":357.5}, "data":
[rows 0 to 18 of 73, columns 0 to 41 of 144]
0.1580653427952817,0.14112656761109918,0.2357431032905315,0.23453872832237213,0.23070705032406305,0.2997466955538701,0.30999259965339315,0.46019455823542954,0.44688138352228673,0.4570438119318905,0.5385191234121223,0.5052955354152722,0.48583390121897013,0.6010195594941177,0.5172186484323346,0.47832054695127535,0.42277272686731043,0.45656384575687275,0.44094965124930385,0.546900115590684,0.3534997350403631,0.3204868711594295,0.28543969035362216,0.20960758380447664,0.26763464977085266,0.16834397101129808,0.38182360588479763,0.2921702141169598,0.3382461789056825,0.2581991036328346,0.3467616499419844,0.27409053106582126,0.4637861961809795,0.2856036345469189,0.43834451582972983,0.34848807368101203,0.32651871862589354,0.30685950841955095,0.25687292587903815,0.30117390521319254,0.29167405009098946,0.2636157186444252
0.15840936967819375,0.17190334874298005,0.17903038192150675,0.1962611782580724,0.3283280721342005,0.28091060439889326,0.3971149264805338,0.40701407173285165,0.41688355044663894,0.46473430138931804,0.4222821086485162,0.6323227548144924,0.6309994304754627,0.6070953620806243,0.5007401325164044,0.5356590218522971,0.5558379967093109,0.4908302206377672,0.45165704377577137,0.32347398891713686,0.2950739306373407,0.24492345760311943,0.4075745773419172,0.2743157362726834,0.26673189079844534,0.2879007689753326,0.19636273106551555,0.22557443846566796,0.4214070130242969,0.4230958352794135,0.25935432754629517,0.39938309135174604,0.3431960634490599,0.4048762072019691,0.407291954623962,0.3685706365939024,0.44622408628344445,0.307319333549296,0.35976311991949406,0.3405990152618209,0.19097143872187983,0.2029424267534596
0.18506564582171034,0.16792553695337747,0.20195202691059752,0.2524999597155052,0.2541852060076515,0.4102255043432441,0.31829683967371275,0.36405133947010565,0.37678465246150683,0.4400902473191716,0.6212529666874066,0.4717068831506373,0.640351344771568,0.6674394245703826,0.45469728962924993,0.6417256145531334,0.5888020687337299,0.5290774654993543,0.41646990896743463,0.417683743786056,0.4177349465144901,0.4290158515828949,0.30838018422236735,0.2103463465572017,0.38606745320898694,0.33702099825276677,0.2785269138301705,0.23211933131063742,0.3679795615186327,0.33056711864049526,0.3075891102255364,0.4253924045284678,0.4050531784956077,0.4321002420376867,0.3829567696566071,0.41754009879803194,0.380849785830543,0.3010278340167252,0.24493945180578375,0.2834549352877858,0.16126556086398602,0.2733259222078845
0.16453029053008084,0.24335607965749514,0.2623843160269052,0.2024850161704743,0.20758423497029674,0.3051281137698287,0.38981717911292574,0.34321949992569445,0.5700623901965258,0.5900252088908423,0.6063958401736729,0.565686040726836,0.5127694772040332,0.5405575683847479,0.49582017042365334,0.468319036306436,0.455333399642986,0.608317269801547,0.3419939415911845,0.4252071293448836,0.3157043091400788,0.404470209818287,0.28308124459043854,0.26364318354319316,0.3494513870249005,0.3834450588706172,0.37418591704972876,0.2693568976923845,0.37504756111558496,0.32374219002979765,0.300759474572684,0.4286848206602204,0.44187444724734026,0.42519860850730407,0.43874934200768395,0.282708144350527,0.28835885033630765,0.24936358264242528,0.2923872507068892,0.2701530850979281,0.16845224932344385,0.1912225098871976
0.2693238265439548,0.11965507871063877,0.15471360341540136,0.2729184701333615,0.3149293213446852,0.2148747793472636,0.325391848597423,0.3531497873216541,0.3847496988792118,0.6000407869826091,0.519853700547301,0.6150726553884073,0.5901493448067208,0.6728394734425315,0.6297012289551356,0.5804391649576123,0.4613285301900982,0.4300767594580744,0.36962696261250316,0.344964666724936,0.30695474677515955,0.2950087919389818,0.3205527702927368,0.29751935617704467,0.33899208939861675,0.20847886203186608,0.25211179098548997,0.2746678143625685,0.37983570732975563,0.3195938133628159,0.39942768611580826,0.4927344181959646,0.46413758119791526,0.4473013117388056,0.44090730743711143,0.4322355633503742,0.3634517160547329,0.34775488786703884,0.28473154110551224,0.20683695936194985,0.22371279518264386,0.25673306683510905
0.14091618670194042,0.14545994538232626,0.2486452921232838,0.22431931232874625,0.3227882197852305,0.29590782981862646,0.3550780078746964,0.4626513466568282,0.3801788255428105,0.4584520790127082,0.6499597221527961,0.6389945803769042,0.5387280917564943,0.5080671740209144,0.5971863062245911,0.6233127175435798,0.49418180337337464,0.5083688552593209,0.40159065217085754,0.3206148809568544,0.30007700469984844,0.3201730906011228,0.2522432912654767,0.3694255158061167,0.3459557860870987,0.29580679296995915,0.263755077509942,0.2589317230431484,0.21518492941704687,0.30368017053984775,0.353577649714836,0.34857081802708295,0.4200942032552432,0.3701617936365514,0.3078933556130278,0.322065167187107,0.37365226443577754,0.2489360339951853,0.2540162506004541,0.20887800918110488,0.22576328981087024,0.20734549649450826
0.13418110956916912,0.21823271388523396,0.15624920744803042,0.26607776406966616,0.29840714336844215,0.34968632623870755,0.3457445954795403,0.5292577202114281,0.45699250234400707,0.5215938735653829,0.6162795940299787,0.6423928616376161,0.4986171593469977,0.5536017437308934,0.6151988655330853,0.5330439342421174,0.5919530526307029,0.4887260234623075,0.5598166041828888,0.4527261721910668,0.3071062995883273,0.2906045735416334,0.27871064963457476,0.3414072762815974,0.2840399280536578,0.18955008326241543,0.2436513904823618,0.23235691981246884,0.35054447614619416,0.4490821152054425,0.36622494848677817,0.39601090209047685,0.43399188896524693,0.3690204506764833,0.42578325040618975,0.47130854496431884,0.27691698064058795,0.39570406497777255,0.2738051452242617,0.33878884057458647,0.1907849725087761,0.26561316748790764
0.17679977879865366,0.17381943352633206,0.18535930061200606,0.2431727493380211,0.2496132549423296,0.4007356707452889,0.31496044155390507,0.37136677905113835,0.44193713886469665,0.45449870374415197,0.5754887210758717,0.6147200588048737,0.5474060553757556,0.5269302597556145,0.6661049686620384,0.517932990543236,0.5076532580124411,0.48557485451319476,0.44405680282157345,0.4058501705488341,0.36998953250188565,0.3691290824256707,0.35227666153887965,0.25940516326573193,0.35159128407595674,0.21548618605204875,0.3257203442521794,0.342675881637283,0.29797712195179077,0.41934335535652767,0.46555156621534105,0.3875754133551456,0.3355031657353958,0.39717396389079107,0.48728809854934557,0.4278462232227862,0.45670888142100535,0.3865392036855244,0.27914745832647914,0.29373377941359735,0.18748419401913413,0.19779376680072325
0.15386785165305564,0.14384785423572977,0.24481034689142794,0.2555507879901107,0.38910278311214025,0.3385226794416119,0.38887377133108014,0.4062791232347147,0.4925060178039407,0.5189147958641147,0.5149961182163135,0.6217644329001748,0.607733707765353,0.6650372007547708,0.6538160179434273,0.4911772647295589,0.5297007840696696,0.537549881099449,0.5571937728304376,0.5094458592700367,0.3587988148883062,0.3077486477434656,0.2319761576576174,0.3294294151412041,0.23010462726897077,0.3579453889674954,0.24561026309962147,0.397303394426252,0.3513977252317246,0.32894754382110136,0.34016937015705434,0.33586415855858104,0.41351345394821404,0.5103605000814629,0.4713478863239587,0.4522073411027305,0.29303778805752434,0.277492175778463,0.257506406191504,0.23429975244586637,0.23118669673443557,0.16188398061661408
0.14711941647669113,0.2538446216576993,0.2657844213448914,0.38578143677848764,0.3668142652705628,0.3724461082435639,0.3714220695176852,0.4625482479805479,0.46745858362272363,0.4212289602948506,0.6283153891353696,0.5632587347493699,0.5456361906667082,0.549426483962327,0.6124765451543849,0.5074006300777774,0.43516228799641116,0.60287637257324,0.38998515662728944,0.46433238007918964,0.332474361552957,0.38522870766783285,0.2523401036034687,0.341268019204461,0.3144022143852826,0.22599682859793413,0.2826870444336912,0.3621678847041827,0.33502295283867095,0.4147405051409379,0.48070742262029126,0.36130187865498753,0.3741398808645817,0.4192646237153638,0.3998178753841713,0.4290361097671988,0.47125780321249044,0.3349108156814091,0.325488336801274,0.3423803364068939,0.2816462438625189,0.2820573538497345
0.2659978372319285,0.282304401308128,0.1924832066493639,0.20084601694934198,0.29469671945091974,0.2863073792347499,0.3633401924314722,0.3384784759332443,0.5886537634105937,0.5985177005689254,0.6318986902491815,0.6452537516062896,0.708078068344303,0.6022684739777084,0.5849708565342578,0.6040665858528681,0.5347247047479252,0.5554663503637554,0.5187014256707617,0.4217189847282171,0.32422303976347994,0.381923921878873,0.31979534944431026,0.36518551925583,0.39941194748386794,0.31356698234679875,0.3749436786647769,0.2731070634521641,0.36455067896870325,0.35863867061300597,0.39136335310784215,0.4042976662089088,0.362225680776208,0.4025048917827421,0.41628535725736177,0.4033143452780574,0.3152725317102002,0.4401257382111334,0.25751921975363523,0.3101564480149651,0.2830304077585307,0.3120177327975546
0.25809903535457157,0.1541799464219333,0.152307858969481,0.179013814362796,0.32828760545828223,0.42986966486535877,0.4766222984287584,0.4400074735448109,0.4578780320405902,0.4933963995103273,0.5265129635204037,0.5993821394348403,0.7106213627468971,0.577691467100075,0.6657571836713748,0.5846666775126763,0.4660145333975922,0.5075161064328799,0.3701483755775604,0.44423108654975013,0.31986523861815114,0.4190294410648274,0.3314567533918598,0.43437250023678814,0.34381066802795784,0.24110870484093125,0.3294521137003661,0.3244410641182568,0.34714554318416097,0.41053434901324676,0.36394889096106525,0.5057546245994918,0.36804156036343916,0.5560624407475256,0.539593348759536,0.4510931060259604,0.44357770632307425,0.3630354946125312,0.4169752490938873,0.3307413260294961,0.22989818735080322,0.2611902588704276
-0.27470844168756353,-0.14295941398384077,-0.23208172342570882,-0.17044586551043467,-0.1812914133471926,-0.09873008491144501,-0.15521120621896253,-0.12192298546172237,-0.14536034824294788,-0.1795751458383751,-0.1407715489731729,-0.16106746094026822,-0.2692248528727164,-0.2487607249034326,-0.2581809028538069,-0.1425539775201669,-0.19008952916065097,-0.14893336882340302,-0.20268378138162496,-0.23863862633705898,-0.23319867441549516,-0.2720842891376967,-0.16796560042879272,-0.11165692333550896,-0.15830945823299566,-0.1132040749712913,-0.19045867313700313,-0.14560254376356388,-0.2235638385903234,-0.17456097275165225,-0.11848274421307185,-0.22184707479958166,-0.2692036457128337,-0.1524415882371472,-0.11340620212203013,-0.11495957633428894,-0.15095630958903222,-0.07538729979813742,-0.17218283250406474,-0.09018861172338674,-0.18901929750207702,-0.20807021580433796
-0.8105341251745849,-1.083100884972345,-0.8776490869694904,-1.27512855887112,-0.2741751801484456,-0.14252875096611983,-0.10163902555668039,-0.2788396026421631,-0.24971512297429888,-0.19831988973019618,-0.1740173637218571,-0.17619408673155976,-0.234107344865706,-0.11568235664681296,-0.11626647025711434,-0.13171095116884068,-0.14915003898324963,-0.2714553961650544,-0.09477325033809557,-0.21922546307456423,-0.21472208372138316,-0.2572666954031366,-0.21618597853009283,-0.1407939366997655,-0.22528641210828795,-0.09846466022960476,-0.10817473844094636,-0.10597059800060045,-0.27748415717646074,-0.11919992407182033,-0.19660843217021948,-0.14448303672331725,-0.12544166800585754,-0.21438433969536969,-0.092882703635431,-0.14663073495895826,-0.21532557699011545,-0.10832351371360756,-0.09395736031913604,-0.2673027536409031,-0.2722926831538661,-0.13232934662706694
-0.8298173021413637,-1.1340640895945204,-0.8198215360298121,-0.7744187669287824,-0.1932960263964959,-0.1353004785143357,-0.1614596993511803,-0.174357652212414,-0.16109827324480447,-0.2626471745326078,-0.254959829789432,-0.15136414123084477,-0.22201058215874506,-0.15347241507029008,-0.29176210374333705,-0.14628138833649926,-0.20119065713849754,-0.10176095938170512,-0.17931606293341662,-0.23143057666869007,-0.2188967765610134,-0.15450841507297383,-0.2844557422963118,-0.14730132021230294,-0.11425679234663733,-0.14268124251639372,-0.1980423490738051,-0.18527507474852992,-0.21281820820304487,-0.27800475963466,-0.24899784250000512,-0.2158333115355456,-0.17234653588445598,-0.1786859986976062,-0.12677137125554078,-0.1146038680134627,-0.17884161456833983,-0.13546911884142962,-0.26045393158080327,-0.28201750428185923,-0.2273548556018431,-0.29609628231715274
-1.2532971937893422,-1.1166022885354614,-0.9736851526050947,-1.3018002909337092,-0.25112898490534497,-0.24418266492794533,-0.11453852843562412,-0.15478176869943475,-0.29941421851215916,-0.17499993545857143,-0.20782365581865297,-0.28726370734359996,-0.2303770118661438,-0.18100181318493022,-0.19373023724131472,-0.2052346581519115,-0.26479590491570465,-0.2936840308989935,-0.2262731274129989,-0.15234018676898195,-0.26994809098061273,-0.22656350696007024,-0.15527111554297743,-0.20448131292151417,-0.28837663876606157,-0.270287886004845,-0.1258244067210555,-0.11253491208113123,-0.20558297210212742,-0.21370209148010422,-0.25458806076000856,-0.2380099522506347,-0.1359254093343138,-0.17545774365990896,-0.29669750419137497,-0.18095913385826923,-0.2587857098216063,-0.20434575092223473,-0.30684728839792547,-0.2574436959851638,-0.2358286457325687,-0.2157848257502948
-1.0238582667258993,-1.2347513182506455,-0.921332867627282,-1.0009220476339713,-0.2257067720936315,-0.19722982015351498,-0.13364311298033923,-0.2677510866718927,-0.12401659637724274,-0.2803815654278077,-0.2076524380380619,-0.2510405001776168,-0.1275638581231742,-0.2895297304875237,-0.27083758749214115,-0.2625200751633225,-0.19718828750257567,-0.14041453919519697,-0.28002234759487105,-0.2553254383129811,-0.2260487753551947,-0.18367785339692497,-0.20544786422666547,-0.24753372741601354,-0.23002075576644251,-0.12794109099409098,-0.14299774304990917,-0.16295381427805772,-0.15703194073131085,-0.12599360532711293,-0.213757546595937,-0.2958184567245587,-0.2508351866315699,-0.29090800284578766,-0.13655533342353482,-0.16748212403088011,-0.2453938950532276,-0.2389043660237022,-0.24377457789097293,-0.32171994172434987,-0.2885706620349333,-0.15284708340584824
-1.1182786008278804,-1.3215577507484493,-0.8661948942322286,-0.8214601620253759,-0.2238382467405297,-0.14166669209037494,-0.2611325148267365,-0.21436804915842572,-0.31581564064246415,-0.2263626089815391,-0.26749068835376244,-0.2521405108333077,-0.15031471182934147,-0.190307817102264,-0.28029266457969476,-0.1871303368210654,-0.18850162809045554,-0.2725460513750189,-0.21708748883285214,-0.26638550723987187,-0.18875112767542965,-0.3045660704880643,-0.22399111274932348,-0.1989751061159144,-0.18002465385627944,-0.2876200848008515,-0.26983223344867185,-0.2957552835584521,-0.18743551403751638,-0.14074577304296365,-0.22233186056662918,-0.3106660291253299,-0.22734846367512276,-0.27618029552083445,-0.197672220048135,-0.21702859332830968,-0.16726401734403176,-0.16252877154279788,-0.17072913594003863,-0.26014885337284477,-0.155540176708434,-0.3151809977576887
-1.0137653367634527,-1.118243439696658,-0.9745526157298948,-1.299820138563287,-0.28984336287562906,-0.198690311771839,-0.2392737631906779,-0.30561837882757065,-0.3129636832455324,-0.19780273207400234,-0.29048093760011295,-0.3396722166040361,-0.23705818704969106,-0.27778421772031414,-0.29178023609136805,-0.22867578887804285,-0.274915070579594,-0.2967623619801244,-0.23389812564072177,-0.3115777076218945,-0.29552481968105,-0.2172369009815795,-0.2912989817357003,-0.2765518073006017,-0.31243997938926127,-0.20593452512987745,-0.27218538074786036,-0.30957504252955254,-0.26108982727840024,-0.15453245771828253,-0.2297225441256397,-0.26646581916533535,-0.21505016186361967,-0.25505253196535654,-0.32569236589490835,-0.21916356411207238,-0.3097430410153135,-0.28386022383666537,-0.27518713267790834,-0.2843511110713923,-0.2121737831548903,-0.1867508831368923
