gfs-wave-data.json
{"header": {"parameterCategory":2,"parameterNumber":2,"dx":2.5,"dy":2.5,"nx":144,"ny":73,"la1":90.0,"la2":-90.0,"lo1":0.0,"lo2":357.5}, "data":
[rows 54 to 71 of 73, columns 84 to 125 of 144]
1.3850275617634917,1.1651260529289227,1.2890675928187187,1.166428631587468,1.2068625059306137,1.0657412003354048,1.1550325382217361,1.1169844525335586,1.222882754034288,1.019167594225647,1.142174958098578,1.1134786693682648,1.0401413150313596,1.0310037855856997,1.0682210878088858,1.0050825311644247,1.2087620136932908,1.1691927779279647,1.0550722561304964,1.0923052664217896,1.191183033248469,1.14248953266735,1.0832421574671351,1.1046242759276526,1.119831131036418,1.1393681426048465,1.174662169659897,1.1367935431295093,1.1138348644570548,1.0518497042887764,0.9588644635783058,1.0159908884098168,1.0379465783679545,1.0941930504200983,1.0727949456753936,1.0913776659882002,1.0046955851003088,1.1117453001228714,1.1807188467502194,1.1501027436423437,1.0022242094631368,1.1872685045777236
1.4326991253059527,1.3474834003699212,1.2187930850662654,1.1972296484021319,1.2363984512236799,1.082308994687881,1.3074521639793875,1.1155200226217319,1.148218549451987,1.0186048346270764,1.046197955731787,1.0916853118888992,1.1402654898109998,1.0828421758842548,1.0722868882672898,1.1015185883171414,1.1337151285599294,1.0629461671980236,1.1188035677229202,1.1137912554597493,1.1345000038746182,1.0524997360494284,1.0391233267995756,1.0170248984519528,1.0540205242892737,1.1686193843839616,1.0637196249690106,1.141713047841513,1.1577993331433176,1.1652019745562203,1.1843714394949911,1.0888311234077737,1.0450953640386829,1.188314528206431,1.0909286380400554,1.1376707377972295,1.1830001865849187,1.1004540111106913,1.09684251562841,1.219225137905159,1.2518595152669576,1.026567166420742
1.2882824710347307,1.3614349368632161,1.2160177359508844,1.1073538826273146,1.1293977351901585,1.359881910867313,1.2155642461671416,1.2372871628810729,1.0165588628415627,1.1864933669457511,1.0304933851902789,1.1599566389813332,1.179027181824103,1.0957629804081794,1.0901403464657868,1.1289928671388745,1.1485513289343885,1.0120232635280229,1.1997714011650602,1.1301205283821438,1.0835925171892182,1.056652953654204,1.0503301552831599,1.0752919007239834,0.9960858015360504,1.133651915487135,1.0387292059489293,1.1406796930726004,1.0397008512534354,1.1486074568110776,1.2113149090729327,1.088855918719674,1.0893617844671923,1.12398885358383,1.059849132914407,1.0650614310241913,1.0074898066857079,1.1533060604234568,1.1349589233950141,1.092533872486138,1.143231967829622,1.1720281962485426
1.399378580709076,1.31356619050288,1.2922348661309857,1.1549846191158952,1.1959369727999232,1.1955751841449518,1.1984806280894869,1.0398296013605357,1.0679669369716727,1.10260909361312,1.2368278978390423,1.0835428296996799,1.168013797408586,1.128057266299177,1.003658359955242,1.1257461269653806,1.0770023389375836,1.1093561653533959,1.0295014537480764,1.0230318123053874,1.084430152387588,1.1298830631176378,1.1639469049179754,1.1090922109441004,1.0872177057032317,1.1871792407065236,1.165573556294524,1.1845895102182586,1.0080636122795634,1.1753522707086654,1.035278586693706,1.0386182784467055,1.0769846748112502,1.1357920888782267,1.1035983336818387,1.2282866204450957,1.1915520748095898,1.2006350676817839,1.12690492259752,1.240907852365662,1.0246906808023934,1.1055477068654758
1.257724973338431,1.2898864313072267,1.2497625753703845,1.2141754084391168,1.2618103121069872,1.336965006561991,1.236146990897094,1.2141902521307235,1.0583991961085548,1.0685708790014126,1.2089947730151813,1.1593701038173458,1.0778981385071493,1.0771018144264661,1.0267085181868743,1.1127786962095991,1.134544377810527,1.130909802684989,1.1748419209089132,1.1774170219162037,1.0440347204919036,1.191745549520864,1.1468411781892731,1.0199280592867725,1.1152541116892438,1.1588305350019836,1.0262320464767107,1.1698416889889698,1.0158995665420674,0.9913415440785145,1.1629155119436465,1.0100013872891511,1.0660789475951813,1.0821858980841925,1.0312106709469422,1.1110154028088854,1.1710231310474277,1.0711538417292765,1.0007877244025791,1.200626697677634,1.0230235275970438,1.1614568783795038
1.5110269275125097,1.2844728099042335,1.2820043555068639,1.3091818416727736,1.157782602992164,1.227147075956959,1.0838031709894391,1.1164716687568859,1.2588993233217403,0.9248360277376607,1.1240595336782024,1.2165599024078906,1.0761801834649427,1.0953802716946353,1.2035001523737183,1.0769469657338717,1.1024706622579425,1.083124022846654,1.1719758969131462,0.9544157431680621,1.046078515700903,1.1110199288299487,1.1192643319693563,1.1251902874111084,1.1842850376635816,1.0226879108047204,1.0859686032910452,1.1237486159712073,1.049686011939937,1.18316718678851,1.0614695524328397,0.9622048408558876,0.9883415685697703,1.0366766734880455,0.9909794776605589,1.0312798081479375,0.9609520973183059,1.0096771821363704,1.0551525008257345,1.097239138844777,0.9805451632725768,1.1926171177511835
0.0031539674049776934,0.003949210946960895,0.0011597715902942262,-0.007302474928577964,-0.017763020150624233,0.003811375383603237,0.0019821920591201006,-0.004510277051800725,0.005075753934896514,-0.0016226334999464086,-0.016223488885431868,-0.002344246731005251,0.0028407396610297224,0.0036703016803642497,-0.026266799704876855,0.004328799244490057,0.0005508341467815177,-0.004630005347265257,0.0024374023625711974,0.01346435340984267,-0.009383915378880664,0.006957390449325741,0.006791211165446434,-0.008952078604833788,-0.010035570803513123,0.001588873934587978,0.01172878135632427,-0.01993717409925839,-0.0163144691354584,-0.0016433312146749994,-0.011506058056085485,0.0033394910507539254,0.0037729518531764484,0.0007598022860794141,-0.00038204838906241717,-0.008770700021149066,0.009641444114671464,-0.017548229116168386,0.010149298998102976,-0.0046315678334725545,0.006788246392162139,0.010893636291307136
-0.049798458073056856,0.02361684151545724,0.16076742516589657,0.27836411322933197,0.34869543522053426,0.33247118612066756,0.40420343170075806,0.41332368717323653,0.4567686090430304,0.4096964506104919,0.5974122476052685,0.49940827588594233,0.49516161351267246,0.5435863316952668,0.4048291908639171,0.48764297781248866,0.3610365459802426,0.36518722659987635,0.27156884614069954,0.2745963841805978,0.26398386217633285,0.18462282996409407,0.09421308127276605,0.03167611582310756,-0.037090708546167826,-0.0799157663632101,-0.14980377475548093,-0.10221148905692092,-0.1435559184158984,-0.10937495860566551,-0.1568697978112999,-0.13845508225458528,-0.17660441802708632,-0.11842688834984758,-0.10324314449419396,-0.15469062692387317,-0.1143261509703944,-0.08551678940529504,-0.09543441204661235,-0.04563450240033851,-0.07567724680171502,-0.15928646687615025
-0.034059334884080375,0.05752267348704677,0.12565699308271588,0.26790357969583267,0.32164947300788027,0.2679219692892818,0.38532402682448824,0.45455270730856884,0.5000125151133655,0.552950127475732,0.6067078654129916,0.5499843896312909,0.4428659735704164,0.3889456884784534,0.4931098220704648,0.4027659101606782,0.4486159644932861,0.3271688075766834,0.3473222669298967,0.27326512263520064,0.2905502220627309,0.0896480227940015,0.07369219970941611,0.008290892767698288,0.046962608131572256,-0.09715709621004638,-0.10443452752861662,-0.052808066590994775,-0.12521587934261613,-0.14769329369569273,-0.14137442911519174,-0.09342811279357428,-0.08452482658891737,-0.05885485937821249,-0.13886418753109345,-0.09642890546454641,-0.19470583131865513,-0.07327729470344584,-0.12547967395543716,-0.13886097213238688,-0.04454185881344409,-0.08241249658128025
-0.04223144246970432,0.02917703799095514,0.05850181308569835,0.19806322651228025,0.23842295195247665,0.3286103173737869,0.4486524218115217,0.4355038915272568,0.4775225250397171,0.4979367323630661,0.5479453032038175,0.5663269199965112,0.5668600404075674,0.4878664497522635,0.5295782065726291,0.43766615111087787,0.29870574967089597,0.3760950094728956,0.30856039157561976,0.2377695286978385,0.2503652266169955,0.18895419509609698,0.10234150619298854,-0.01103229052100227,0.03644281629979493,-0.11466266393888165,-0.04975099495954743,-0.10310114053965184,-0.09800182873905716,-0.10836392120089715,-0.16065794397383587,-0.18721030591661156,-0.12858049755022288,-0.09451862545449573,-0.13922642312684902,-0.15689600740420148,-0.15630590161667385,-0.06941004591110536,-0.08056810200183377,-0.15132996292099812,-0.08434676868748808,-0.0067291573460505575
-0.0050964419505722496,0.10737322942233507,0.14364153817430275,0.18137971014145782,0.24512227815049734,0.384647522912517,0.44636000300292783,0.4453114188517157,0.4568692902867841,0.4951240811576701,0.4612597812002936,0.5532573646535569,0.47053805765498513,0.41578152775580135,0.5213415683182518,0.34349734842388924,0.37486412983489414,0.3641680866913823,0.266339960084585,0.2787232448260264,0.22907622030863212,0.1622479497329359,0.0862913471859215,0.11708634033797426,0.04857785930730761,-0.016857694481544297,-0.05764784661160561,-0.07951125519899718,-0.13089870243375623,-0.1804682452978118,-0.13316574818711913,-0.17849533492017433,-0.24218078435578946,-0.11430831083071491,-0.14910808912163087,-0.05933905995981462,-0.12604874454515247,-0.15758130024289888,-0.0398442193936343,-0.1510082416413009,-0.14834687989485376,-0.0748747983283607
0.04932902772321444,0.004893268913730303,0.19025776369277192,0.3011366680391321,0.31774937007602505,0.24858230101486117,0.32961558141442315,0.4806186795988412,0.4816359439628149,0.3667355755482956,0.4610530540285038,0.4908455533550534,0.43481571808847813,0.4366371000871211,0.4713656533528054,0.3283712505197643,0.44675258168187054,0.37723870532549664,0.2285582520564594,0.24607334426127944,0.2731272311168459,0.14421381420868368,0.0779175034328609,0.0008026688645112824,-0.018125623970083493,-0.0525652574665683,-0.08369679281308198,-0.13304204554155516,-0.0943909875615604,-0.22097441556243744,-0.19407921216833537,-0.10815823492779908,-0.10280774404198188,-0.20807814038525882,-0.21252513395187364,-0.1356901183230344,-0.09884374596193868,-0.11521886679051516,-0.17612113168122862,-0.08061960421523674,-0.06061309894391959,-0.05777062242293935
0.06468598215305331,0.1179084727091904,0.15584311678557972,0.2065890157951044,0.3208514200821806,0.3173810509345254,0.4125118681396185,0.36963067533469834,0.3989014555490899,0.48685163696964495,0.5801788694833999,0.4028948656600164,0.4461968215048529,0.4786977279860591,0.5095707584372171,0.58314347742818,0.49066696308619157,0.387923435185514,0.42040082819714436,0.3201269317801944,0.2421419375176354,0.2044343331617613,0.09693091418865547,0.025122413489295968,0.029602322494757673,-0.015284303644175105,-0.045881539270340006,-0.11147740320744434,-0.13774376760186227,-0.16531594505628278,-0.17609831267300652,-0.10384461875081273,-0.23463869833159673,-0.1851140423342759,-0.0707590519499414,-0.11493754823925341,-0.09292542828249478,-0.21977920850127233,-0.043484935283272734,-0.05066015442382298,-0.044147673388144924,-0.12731068840065066
-0.022031017876140393,0.03060226635159576,0.13663777064470395,0.15862178651842335,0.404158257347961,0.43314882671536614,0.3276612028399342,0.42528185582142075,0.44476690503254623,0.43940896336170426,0.47491466093800305,0.5632156910899543,0.5052555587781239,0.43685423689593145,0.4477775788938218,0.5714872682862258,0.3922478475479843,0.33840694016868933,0.4312281132614806,0.2616640401607423,0.1590397633334002,0.09088369731362907,0.06845367019549116,0.1139469495161968,0.049016921725373794,-0.12819557099787043,-0.025349950557897544,-0.1612206946584284,-0.23905597074886,-0.16622313579420242,-0.13521286526110146,-0.10571982149055187,-0.13205987941066208,-0.10735064405214259,-0.0845649229128323,-0.1717247659671002,-0.08193488000939668,-0.08998062346187942,-0.17558149422939193,-0.11379132531482236,-0.05579999454063841,-0.09813575540787366
-0.005982812914507292,0.12898402596277325,0.1221296349900775,0.29916421961057493,0.23620091106688773,0.37161126742208495,0.4442496937840282,0.5178649625185396,0.49031981028678,0.45939175594683757,0.5527946205299299,0.4501395199793926,0.6290897668950712,0.41544643764472233,0.43485372299096436,0.5373151973145006,0.41151384804524466,0.3694521405619049,0.39527557678315106,0.3349226741626517,0.1685332568237029,0.1567614940666674,0.15789559949809623,0.04504174428221992,-0.04218372997347302,-0.0813718063578201,-0.045188475531485355,-0.09770069341710348,-0.10565579067582513,-0.18048111506043557,-0.17231447219453602,-0.11413699061678594,-0.18488602420333972,-0.24059192823666395,-0.13552178399632386,-0.2035963787511177,-0.2044497072557593,-0.2100997422057461,-0.07407490768365792,-0.10540288656614635,-0.1463887228664096,-0.10857157327935525
-0.056747988827223005,0.1909230369090221,0.26598937788766575,0.296687635041587,0.41497420166535454,0.3380322954420997,0.4025533299246649,0.5349036225961813,0.5954807204187498,0.4745312665308991,0.5407594386754747,0.4648247831294499,0.524126559508916,0.4026570175126644,0.4314236555877658,0.4784523655856887,0.5185874591386243,0.3869600101036506,0.42073271190563893,0.29440959269820455,0.2324691368086079,0.1454740524957103,0.09827535128013358,0.026878123996286564,-0.007103621771831797,-0.11511213169623255,-0.03702589706591581,-0.19237900468283778,-0.12028931316377417,-0.13543392661697562,-0.15881046263379028,-0.11226406650605855,-0.27377021810651325,-0.12067355518113866,-0.10475292927898956,-0.2550808748998373,-0.23370035583960938,-0.1863549388293208,-0.2344358374770784,-0.1088666077298865,-0.17114698220135655,-0.06905024487978008
0.03395612492862177,0.0473317417047283,0.15269509710624013,0.27293466724523735,0.3718689380225656,0.35705591133967024,0.46558145895083286,0.49171149376782314,0.42842463466753566,0.4695505917245412,0.47356405466652596,0.4299744524789459,0.4715427793961914,0.5579889164936468,0.49020102245272873,0.42714507557229414,0.4736090380427866,0.3720935010385691,0.3232823707690146,0.3605684446035026,0.29226625401936995,0.1900985565249039,0.18917336990200964,0.10093015007240325,-0.03349160043795299,-0.03999348916542848,-0.06567202507402962,-0.11524186351748411,-0.16877070197077387,-0.11634380865327358,-0.1690649333986578,-0.13990986199518576,-0.15903390002089665,-0.17913432699721124,-0.23403168868812915,-0.2354086669645528,-0.1083032102354366,-0.1941310465208949,-0.18473427202338102,-0.2295209606043023,-0.059632244817625926,-0.13745590774493993
-0.0033458306615513716,-0.009821278183952939,0.16321160858053807,0.2006093525257088,0.3056723311993317,0.4624058790135537,0.4505701889753858,0.3670655558956307,0.4136764209652649,0.5850137258990998,0.4412008911769162,0.511630144086527,0.5361691083194006,0.49210247322616096,0.5479073702934874,0.4222068678057449,0.5082585613373074,0.3595630654387644,0.36290418013871567,0.402313644932911,0.2095435696574407,0.12728975745960797,0.054619989759425495,-0.000445002798816889,-0.035148624397745395,0.013234366961964996,-0.16796732729900601,-0.1579805137960029,-0.16592244878198842,-0.1660943194279472,-0.2670133415092032,-0.14978178423287258,-0.2483190127723279,-0.24225368152296967,-0.14851238154376376,-0.1608746231752659,-0.09723944773729991,-0.2521936840383967,-0.10113973317199575,-0.08643487710772775,-0.18515111635440296,-0.13918716170610196
