gfs-wave-data.json
{"header": {"parameterCategory":2,"parameterNumber":2,"dx":2.5,"dy":2.5,"nx":144,"ny":73,"la1":90.0,"la2":-90.0,"lo1":0.0,"lo2":357.5}, "data":
[rows 36 to 53 of 73, columns 84 to 125 of 144]
-0.3779287975373061,-0.6358244280752149,-0.5196583457570749,-0.7108634516427266,-0.8654861252805105,-0.8183964963721979,-0.9630112037560743,-1.0268058579500579,-0.8696537516637856,-1.136838425819322,-1.181928659384445,-1.0582980986295611,-1.132079063072903,-1.0595710391960225,-1.0087630365114315,-1.0131442410792935,-0.9753713041806824,-0.7130252565506903,-0.6765280519563996,-0.6819435940819946,-0.49516861271709445,-0.44747769430346745,-0.4194659104811939,-0.45111177617970005,-0.4395146311212339,-0.33678586179102776,-0.4177891770184845,-0.2971087485234674,-0.3319478671801725,-0.3079062709578255,-0.40361886814833847,-0.3175848689031951,-0.49038532110598204,-0.4904989521918193,-0.35702411658688216,-0.5147821383945318,-0.5011868895098409,-0.30925349101869143,-0.27884888224616367,-0.23540750799965793,-0.4012037972804138,-0.2564078519193057
-0.4648519928773476,-0.5398875423486056,-0.6367882532697968,-0.6659646653444704,-0.7005689676971705,-0.6696486806567905,-0.9095872551338211,-0.7665956652558611,-1.0321385597837043,-0.9368634629484759,-1.1189526596698123,-1.111444668858812,-1.1203182575432389,-1.104526459319761,-0.9429308564206643,-0.9273869272961422,-0.8022951638352721,-0.7602215555302302,-0.7375808330223054,-0.6402505823221459,-0.5592836022355681,-0.5111015691552695,-0.3706647891138582,-0.43140441529725093,-0.3534089045139166,-0.3640490871963068,-0.3775823082164856,-0.3880332410551238,-0.35762619661973893,-0.370116316017849,-0.38023930217069263,-0.44556509335769345,-0.45099166501640436,-0.36382892958898105,-0.5034239894202986,-0.3139761422914051,-0.4168493154421122,-0.38944965273727894,-0.397743211053648,-0.32802716677153504,-0.27253478573430606,-0.30405942205770325
-0.38447934124312144,-0.41224725948319807,-0.5303793836288089,-0.6659053163301527,-0.5397486787863719,-0.8783981862279747,-0.9739181328339321,-0.9207577847470356,-0.9347563891950029,-0.9490121762302162,-1.0349083709454703,-1.029502269072631,-1.06647519072523,-0.966505330659527,-0.9467441189191631,-0.8869981694893755,-0.810613182700729,-0.7810826539286875,-0.6613956118582959,-0.6650070855772695,-0.5770141029028253,-0.43148189782671703,-0.4598749079864596,-0.5307211709115238,-0.2817491720823936,-0.28151841014456563,-0.2807412998390163,-0.36202042024845027,-0.41835250906667376,-0.40467762853472417,-0.41276777630278205,-0.4231203958883482,-0.38657411216738946,-0.46169281632375125,-0.46854374988471215,-0.372400858405483,-0.3399353894778071,-0.4293260835536908,-0.4398866472431371,-0.32054380224559603,-0.313307382963624,-0.27492003010912913
-0.5144378746840984,-0.5306595242709411,-0.4710438101277025,-0.6962073476298877,-0.5377669008041289,-0.5869544880635902,-0.8722303902871757,-0.786798318270808,-1.006970653170505,-1.1334780647439695,-1.0231880487675746,-1.1022001618982757,-1.103383300847958,-0.9260922199198957,-1.0459028956501641,-0.8715918065001587,-0.8539060498999971,-0.6908282897605698,-0.6162154315515137,-0.5810693819125438,-0.5878889998208137,-0.3510018314306097,-0.5398980968581725,-0.4745307718056019,-0.4533716137382742,-0.2673200006113586,-0.3946107848599206,-0.3194370071489005,-0.4478197650862872,-0.3368568156369296,-0.2867799212422002,-0.3486916796991917,-0.37573779421832965,-0.3937417878894126,-0.36813714474222836,-0.2876480536427689,-0.2642123691369975,-0.3443989155041056,-0.4099178422017211,-0.2786843153857809,-0.3333954631936526,-0.18096078548349753
-0.44349899706679985,-0.5138127987442401,-0.6177531647760895,-0.5609951229108473,-0.7043491260295045,-0.8051650616580793,-0.769269094256499,-0.9528418364818367,-0.9190008124377544,-0.860438083704005,-1.1121324689031324,-0.9860039373563818,-0.9711203815258418,-1.0742172282547873,-0.9424617779437684,-1.0362117864293414,-0.7698061367962611,-0.8893160578811918,-0.747792271607399,-0.5423713047481792,-0.356364053066733,-0.4685774349240944,-0.5335933803165485,-0.2701351872233484,-0.33177220117554784,-0.3693321895217255,-0.24283484252979337,-0.24194052562623478,-0.2646849810508839,-0.47318187602402295,-0.3090832596092908,-0.40565822540739094,-0.39228144207245697,-0.3858333129563258,-0.41621619579139346,-0.2860549441767064,-0.42524555366688566,-0.3803110718020006,-0.32846317556072174,-0.3265097668913374,-0.18794651081980596,-0.2281195055960669
-0.6397702507292792,-0.40747844491507007,-0.6745648894358697,-0.45202709956389475,-0.6345890583308532,-0.8088660013748193,-0.8481059990808888,-0.8616553122272327,-0.8289838238474682,-1.0280295872785135,-1.0238896821952088,-1.014635040799931,-1.1064217144515038,-0.9917241494652954,-0.9873941953450405,-0.8964965385419551,-0.7262040258045094,-0.7124741152390214,-0.6106429855080256,-0.6682761653049769,-0.5250870661522207,-0.4368254624039814,-0.40495715072586663,-0.42483294071055966,-0.4418317154123741,-0.26372439820341315,-0.23512693285011954,-0.32323736583349966,-0.35754490385594484,-0.43100971594659077,-0.38029424725515765,-0.3773272871194289,-0.33802970530207294,-0.4334550618316516,-0.34914653079165303,-0.3192573360602374,-0.3939150108607706,-0.23727163536930812,-0.23471489399616044,-0.2065715866596206,-0.21073451231388665,-0.17570947974789494
0.03332509610239125,0.02440625820375901,-0.022239732762939054,-0.0004594039290414605,-0.00019552438665169044,-0.01879825208263983,0.012558883979020196,0.03201326323126748,-0.011517899036712305,-0.021946580804793205,-0.01721348795294606,0.001205703020683962,-0.028099990956670196,0.03644839374602129,0.027346511957789404,-0.005739148649795748,0.02246134913057138,-0.006026221797180097,0.005907427956554586,0.03500373627061944,-0.0240494376160125,0.028685903758868012,0.01277885480615308,-0.020795023496987832,0.030456153780822257,-0.034680226953490705,-0.0169990411088415,0.022303001397490953,0.007163263373539349,-0.03673529642846964,0.0030437203495751394,0.017862011855164398,0.02548244043257289,0.014272384699107361,-0.008552351841752827,0.036511211250673754,0.011198558282875278,0.02688777761229586,-0.02349273004557103,-0.010932826826281447,-0.0009198478299504008,0.017603014847101788
-1.0669552158846787,-0.9272227782150886,-1.0705797549536655,-0.9964661464137786,-0.9954248142529067,-1.062107531568068,-0.9399158877172875,-1.0085308827363548,-0.9161947373345872,-0.8577382629725536,-0.8743234094072936,-1.0022762053433356,-0.7671148465401239,-0.9156159301374147,-0.808081988292539,-0.7690213855866841,-0.7360663574333115,-0.725857921325233,-0.7963711731996846,-0.7608016658971185,-0.7331400689413107,-0.6888022620794069,-0.7635004528451139,-0.6808604856847371,-0.6659022755299019,-0.7519075294391357,-0.6688959975635501,-0.6676092067547612,-0.6468028224820531,-0.7293088592408624,-0.5677876099112924,-0.6974122218308001,-0.6618236801187481,-0.7283059678687603,-0.728418728235677,-0.6409898771807089,-0.5716281214920091,-0.5786745947818043,-0.6255972262449256,-0.67051659395043,-0.6472099043221743,-0.5716813629547404
-0.9765668881888647,-1.007157529219343,-1.0667208282939395,-0.987154820157935,-1.0919701819810104,-0.8632395388299849,-0.9500922317115021,-0.9620454662354931,-0.8928757938566999,-0.9614768695489192,-0.9077190297415046,-0.8355818342322352,-0.8387535186005359,-0.96401806213426,-0.8655150220611804,-0.8848463069247884,-0.8872136098510536,-0.8058984728577967,-0.8885465990448255,-0.8222590264043246,-0.8273692245971632,-0.7362181629224007,-0.8238520772680964,-0.7781858102939821,-0.6193925048137975,-0.6296082410903644,-0.6624711396443101,-0.5858289866046026,-0.6361135593671783,-0.6327068458254572,-0.6631922145316598,-0.6908736947886043,-0.570628817442847,-0.6541926340320586,-0.6924632288166565,-0.6203016268883361,-0.712689516739662,-0.568627002979829,-0.6056391810797432,-0.6572187339757686,-0.6134828691102128,-0.575898288737684
-1.0766256999172228,-0.885843954494202,-1.0300331742594786,-1.032466262013996,-0.9701092317557642,-0.9626346168415427,-0.8571969771569257,-0.8723377433233519,-1.0146627906228793,-0.9321169727717729,-0.974866002364642,-0.7730214604295554,-0.8140416686878502,-0.9170990579055865,-0.9369473544767657,-0.810886006896098,-0.891553905712773,-0.8187506968505537,-0.82221549778467,-0.6656496092317572,-0.677699328972195,-0.6375085642065234,-0.6619003026733035,-0.6654310348075265,-0.6702472129856442,-0.6337849775919361,-0.7232785167916493,-0.6569385857573262,-0.5728552111243287,-0.6778994403190366,-0.6797152697167325,-0.6770294257951327,-0.6267464328722008,-0.6549391938694793,-0.6713856984976987,-0.6314777902069427,-0.5904619149064247,-0.662905304051517,-0.6290106028794326,-0.7076033457379659,-0.6389908490755889,-0.605494231691162
-0.991155944936232,-1.0258792900134563,-0.8804380414625984,-1.0286159178432766,-0.9297267793494214,-0.8656461321591475,-0.902434320333685,-0.7961609547189409,-0.9660219199079959,-0.909195805784953,-0.9298124107149663,-0.9520460994410948,-0.8473290315444245,-0.8919101417066918,-0.775792905717136,-0.7452188282707503,-0.7121457681266529,-0.829697915103095,-0.8104766996796553,-0.8167179371005366,-0.7886377849109245,-0.6760659102030873,-0.701307081086381,-0.6819822450294343,-0.7744181304464463,-0.7003731788157576,-0.6546292217003817,-0.723507530035395,-0.7053595153411508,-0.6492947213764879,-0.576668880302833,-0.6480646984429764,-0.7141498496573107,-0.6684903856053329,-0.5512407849937029,-0.6756374941904084,-0.5622535547482663,-0.5997175421353342,-0.6959279285114264,-0.7000456050577396,-0.6191157484165816,-0.5603611446393941
-0.9222447763512127,-0.9875528448083283,-1.0293233351970508,-1.0831479571744924,-0.9293443083818271,-0.9120815257972136,-0.8408235040463619,-0.8945965144789143,-0.9659813647417435,-0.8432679224622442,-0.8528194728894696,-0.7628629913069666,-0.9324249362334838,-0.7999849089594389,-0.7996934537341489,-0.8801815651563362,-0.850264852560863,-0.7272805525138518,-0.8591784689460037,-0.7375461606418585,-0.6789524623115959,-0.7592848950283659,-0.6586331982690155,-0.7940399773208294,-0.6229867345790662,-0.7483709907473522,-0.7405717617467391,-0.607434066025668,-0.6190062147409459,-0.5819223233878819,-0.6351928330182666,-0.6046104194700372,-0.5815238301321946,-0.7080205369110849,-0.5354094524995655,-0.503533375761833,-0.6781663706880652,-0.5360148230566321,-0.63555692440584,-0.5608112545081778,-0.6909473319308088,-0.6550218445747387
0.02236133101326743,0.002692618638377263,-0.007580112708774114,0.004071266049854876,-0.013094288872081451,0.020854022113111804,-0.024078272636826638,-0.027953794487624303,-0.01647867332477754,-0.008808439722893737,0.005975754992022235,0.0013913175726946822,0.011053050575599419,0.001129328027435523,0.0030068940963894116,0.0029329521763705874,0.024781546277194942,0.004096127708585045,0.017946804093298768,0.0045636280315273755,-0.024624779415031033,-0.010669998697472498,0.015252683887308957,0.01904913379288783,-0.004573846959904757,-0.0032521994596111277,0.002259416768082274,0.001182296962259518,0.00958810114426778,-0.01758080179398687,-0.02574845187631177,-0.005045271364074045,0.010356912586462248,-0.002211034149784653,0.0038663163480925893,-3.6242207208196906e-05,0.010180943504506833,-0.019711573894899075,0.0011135798170015163,0.011707713920458487,0.022971973190662326,-0.0028401983534789323
0.7247092286741548,0.7066326013325955,0.6779620007635853,0.5866158004140843,0.7166740807684928,0.5980001903307701,0.6708016599937587,0.6536229891291927,0.5577938607324322,0.5951262347461134,0.5911334789784249,0.5881105247011675,0.6103386193527732,0.5885279890786319,0.6148849513123676,0.6938937346569343,0.712169526003545,0.724035557293204,0.67166100632016,0.7678929123796434,0.685776734470097,0.8146965224970787,0.8102816478072947,0.8652823810524078,0.8859308544400237,0.7965961118473871,0.8854877036220824,0.974909635143821,0.9817560538507856,0.9777656845067015,0.8679919758385661,1.0356120039665775,0.932903915817549,1.005354979329351,0.8874668703910948,0.8685034670160788,0.9611845152833833,1.0725312815800578,0.9661053881214849,1.0989682227332696,1.1123594131399352,1.0990116860255084
0.6924919863814951,0.620017411789382,0.5777542168788957,0.729022291411616,0.673329396480784,0.6721931176761733,0.6861735856858546,0.5945082198977766,0.6842884315256146,0.5825721647929176,0.7590702505601487,0.737994771133999,0.7003299325561844,0.6289603316932946,0.6619405396461778,0.6118963593100583,0.6584183291826387,0.6657480726138285,0.6142826508506901,0.6628080894870806,0.7805718032848753,0.8286260421930287,0.7773724004726894,0.8908912328494281,0.7462549551235222,0.9163338900454411,0.7867589372882013,0.857948139315202,0.8856412059821377,0.8120087169170808,0.9090375140014141,0.8341982219141211,0.8357800428600692,0.9974034403065385,0.9956284113072231,0.935469153566448,1.0327425357121838,0.9897260578704645,1.0277311873796537,0.9704731811341013,1.037821038332997,1.1198805795187607
0.8080143913799539,0.6660373081341028,0.6114243970677261,0.6955884147637114,0.6023383537691065,0.5726264739723963,0.6022279525075616,0.6513106486564149,0.7200600838733116,0.559037318467992,0.54716413004578,0.603037959974883,0.6685526852722617,0.6076013802274902,0.5747205478350806,0.7043236976849887,0.5774812111456273,0.6390286375959914,0.7498085833623441,0.7311214242679152,0.8068478349192326,0.6909502460950492,0.8023966475954859,0.8128241752826224,0.8163533193666926,0.8182255065220978,0.8274326785697657,0.9618343156795615,0.8558185158880316,0.8105528294379811,1.0212687170966388,0.9854813499219093,1.0768396377867677,0.8739700370857384,0.9347120036596379,0.8636869140000631,0.9738445858255426,1.0590483585113948,1.0662048649176312,1.0685062330730895,0.978629014929008,1.2082790615287369
0.0013370247830545821,-0.00354323442957814,-0.011238362916573595,-0.0034541038837700906,0.002433484828625667,-0.005779185005702995,-0.010615144479039097,0.001420252211066368,-0.0028031494188122653,0.005450338691944765,-0.0005551088206727273,-0.0075637208968524815,0.015179147297323274,0.008447430821401477,-0.0050044816855809035,-0.009258547503504723,-0.018355764247244232,0.009872087999976966,0.0017666347780594571,-0.007429893299269327,0.0029151660094370296,-0.0019761438191711125,0.00011088705502036711,0.02112086913211041,0.005675658912549596,0.005003325677253752,0.014247505205754392,-0.008554373494177621,-0.0010127080467668172,-0.006595999509527204,-0.008880242754366401,0.021039500976385926,-0.0015598435846672866,-0.02432881744973984,0.01497500349452796,0.017314645917748388,0.008341008866809236,0.020142688687356188,0.018494581770392683,0.0002137572950368672,5.840730165077021e-05,0.0023396105263658
1.3182335251124329,1.2621553158809498,1.0999352434227914,1.2433936199808993,1.2436351088109396,1.0944951725713759,1.2655796100234147,1.2100251113364466,1.064060835925617,1.036163733400628,1.0046557046913378,1.1953032489302353,1.064849380320476,1.1780652585512565,0.9297011012094095,1.164580241230669,1.0155606322900292,1.0934383829041607,1.0545025795360836,0.9505171439392587,1.1314355306529853,1.0066069488895704,1.1577856649621738,1.1774728983072895,1.1216312458164044,1.0395146775741517,1.0400557346093489,1.0787272604083542,1.1075639637107149,1.0080057607275572,1.1314525666079347,1.1359287499739796,1.0056976793824555,1.0862613454214896,0.9229819574654056,1.0398774195365947,1.065453782267028,1.0612466731190142,1.1334127954049402,1.2317894644956064,1.2462484085023824,1.3052244913043483
