gfs-wave-data.json
{"header": {"parameterCategory":2,"parameterNumber":3,"dx":2.5,"dy":2.5,"nx":144,"ny":73,"la1":90.0,"la2":-90.0,"lo1":0.0,"lo2":357.5}, "data":
[rows 38 to 56 of 73, columns 84 to 125 of 144]
-1.0016337946350493,-0.9857734428405556,-1.0691947810312128,-0.8582545236927304,-0.868771352743176,-0.9574309757234067,-0.8017279084909215,-0.6900890795144248,-0.660580535822933,-0.6501091904406686,-0.2911490691692373,-0.22156624356766522,0.14320953010913037,0.03769271387446103,0.36128635214993227,0.5668618592050539,0.579461524017375,0.539976519537372,0.7076276540226847,0.6766143139252175,0.7538185063333147,0.7258617452596039,0.8595005382043294,0.7293835885810377,0.7308890690915772,0.7316862278992178,0.6994926247239793,0.6335534399160122,0.4034674895327323,0.385390772729047,0.3973767182058763,0.26945071787259034,0.19418417659826379,0.24608563359508795,0.16403634486355195,0.12409064713688808,0.056892938074606415,-0.049755649503411256,-0.0708793184997682,-0.12426570384298843,-0.18258158685237932,-0.2573424786515024
-0.9143332007678897,-0.9874405379259302,-1.0792867582367476,-0.9247706402388147,-0.8351191898386193,-0.9282973999360415,-0.8619397670533085,-0.5785404344619121,-0.5388529591407194,-0.3822444680334725,-0.5081948429691112,-0.25992905636926955,0.12979033084890104,0.04055974899941934,0.23474027040118609,0.3550919720985121,0.5593240886273904,0.7415567745400338,0.808178872213563,0.5800296349033944,0.7215893795506036,0.7926386251345727,0.7142750001665653,0.7169308118759278,0.6914288800045417,0.6444101629041742,0.6143381619671737,0.6450835859478358,0.47126544355578476,0.45360695372938065,0.35966156513957204,0.3808707388884218,0.2624939828008187,0.21594087471787266,0.04504444221609236,0.1269737642465636,-0.05842210697588301,-0.02759060902549931,-0.06164228508656718,-0.17083383575891115,-0.18661152675063652,-0.23032200369512967
-0.9660324356003503,-1.1014057214805393,-1.0405234431240493,-0.8733486185144367,-0.7960922741479148,-0.7944235387566493,-0.7328639318823756,-0.7447100114982625,-0.5858035881817039,-0.431558243367378,-0.517746426992086,-0.2797630539278346,-0.16167094581832042,0.1255142202574497,0.4901078878804135,0.5489644517287363,0.62494654275934,0.48633705009099776,0.47495450686881246,0.7168235856537382,0.749944858379357,0.7911188483256572,0.7372693661157133,0.669408556930338,0.7108738204935113,0.524366462162056,0.6741759696302536,0.5466309722501326,0.5328557032958646,0.5480890230964242,0.3790696564453594,0.4251397615625413,0.17336939277577276,0.2106752579278083,0.21114440403480558,0.07505993650110007,0.05347934403787216,-0.04156691945904628,-0.0713171319937987,-0.08779243520398337,-0.21091978028419367,-0.2250338293929902
-1.0572365613956647,-1.0242291511134216,-0.9743059415805141,-1.0624747725706374,-0.9493375249473737,-0.7054833386643738,-0.7474340327677325,-0.6959142405723884,-0.5160874945812673,-0.34054372080961487,-0.3947262280459269,-0.1998215899567005,-0.08023662714611601,0.1306394299607256,0.18294115213527476,0.2856260801153115,0.5778449114712629,0.7369711523370528,0.7745101512321134,0.6585677289290389,0.8602218139281645,0.6664404014988163,0.6971069927207546,0.6159803325417095,0.6761956032960927,0.6212270152300151,0.5871995673750682,0.4682145237428001,0.5552741506411466,0.45068952503584236,0.3573208496383136,0.3281270593370309,0.27824315810068223,0.12427690393650793,0.19999273568087034,0.029214226040047486,0.017477524233255413,-0.04147248003598336,-0.13796222388507065,-0.17237188725206354,-0.24440647057924053,-0.16743984495896982
-0.1980486293650822,-0.20683251694990118,-0.2982556007470223,-0.18180133183875383,-0.2775775610660251,-0.2197444805326216,-0.16370402080060728,-0.2097476825665118,-0.21328466390256176,-0.2815034299066652,-0.22266505046729104,-0.34301187983280135,-0.3241450739923599,-0.2799812512266956,-0.31813168694926935,-0.32807201946495723,-0.29465689336600687,-0.2525350652023805,-0.2659385481346356,-0.19747862332801608,-0.3302680984043858,-0.2687594425811605,-0.17488273622599015,-0.3078021498221984,-0.17596871512935203,-0.22297433100899078,-0.19217274376756568,-0.2960876114264947,-0.2940299899182825,-0.2100421402071893,-0.2699547382672783,-0.23310072510954405,-0.22308357500413245,-0.1655710541334287,-0.2551545428894351,-0.26645391989093586,-0.16012950678052762,-0.17805587611236895,-0.1672817870469795,-0.20718902746871604,-0.2662886004474091,-0.20573238425094606
0.5323872168551024,0.24456031421037353,0.2530519386671191,0.17553045534655853,0.17455229036677294,0.2941202660003772,0.45003563564434634,0.4732206541780449,0.40203387029817134,0.23780176278248147,0.08019080944003235,0.2733466923908608,0.16108034317017403,0.22624202618017403,0.3216162298803308,0.292377569718372,0.14323584410507598,0.05678170796166388,0.20612206498506258,0.287647963272196,0.0067988209971277915,0.08582342436081943,0.2638638095331135,0.10833483724748076,0.26324372907299837,0.019737692555840472,0.2603744528849137,0.052037393345899734,0.07020199592134703,0.11651087119802973,0.1117484992059009,0.24083414484591995,0.21430994399613565,0.08365926254763263,0.24238851494866634,0.23579582240131416,0.27495460260102433,0.19171144842029816,0.21669234100956206,0.06678411277966476,0.1913985159473544,0.26886971363587037
0.4731932391129528,0.526192928500485,0.16427882451941628,0.4489579910155012,0.3912400953480564,0.2994012859150662,0.21513247370007568,0.3641113123799286,0.12101713420078869,0.31512947759982024,0.12546111415504033,0.269914219845314,0.19904392610558339,0.13277240677316737,0.20153605116975876,0.16188581347956538,0.02215053984640628,0.07024489262553495,0.09543570095644537,0.08245078523624202,0.25821576303743976,0.3059563007518464,0.021588573294822378,0.19751500999344587,0.24177907450344988,0.22970006393576198,0.11882617363350553,0.21785344137597548,0.06768708792002012,0.22174034702406148,0.02957828484925575,0.10776678189055187,0.10885410153137273,0.03587489397833029,0.0495578383907073,0.22949565899820382,0.2736148199618796,0.1580778449414513,0.24950209776317217,0.2614747211977039,0.27035179025082023,0.22258828235201034
0.2620016450418121,0.49188106249426466,0.4703592701134593,0.4798693268978418,0.18411504734043488,0.47476897955519576,0.167304486350495,0.20908922834947366,0.28935987143478115,0.19387360266532624,0.41212357384392706,0.15003482632876738,0.21483471854457134,0.12131368715651444,0.11301155042827662,0.16985719313800082,0.16974982641872924,0.20904803693455262,0.2533917131592317,0.2943886662815616,0.15935647484558416,0.025883495518216865,0.1796510499147787,0.03642405416465518,0.05960007779879726,0.2128665782294581,0.020918369952842155,0.18464999154514145,0.07864686077572122,0.06893229707518019,0.24820360595280974,0.06646760680951962,0.06967243099478367,0.166784246859726,0.20599925419968154,0.18687819075276252,0.20947743991860368,0.17550059973086504,0.06044647986661106,0.08641102703447019,0.07274967160981223,0.19636283738013444
0.31058555072751626,0.5263381527567567,0.1664043680098524,0.2571012367120529,0.3212390515393076,0.4588017330641694,0.14062869238455597,0.36130225512684844,0.42343383068098633,0.15149581820337873,0.339054725551284,0.12037751354695227,0.29547334351759846,0.2787386989198408,0.20326533009311631,0.03631899460755114,0.29249163730586575,0.3042952605687423,0.2139407825171009,0.04220824623699285,0.03134637333260505,0.057742741497763275,0.09290798222280859,0.08745552429049891,0.081972534171295,0.19809476829493858,0.06021444260362833,0.025441908961026747,0.25264984453732503,0.1577537636855652,0.14492414559493624,0.11921686866005526,0.11765752066695177,0.03156238578362368,0.2431149277152859,0.17106513337536233,0.1742722374910451,0.04696206051908201,0.05965942712175376,0.15101193915074448,0.15368012210851603,0.26379425562283054
0.5043368089842736,0.30907493121889945,0.44564123438311065,0.22033248951421874,0.4975606929275394,0.4910268515311711,0.12447526750187306,0.1298202039865226,0.363816515855061,0.08326922629237604,0.3052202100788926,0.23298091108649902,0.1198669140514926,0.08348821229711258,0.31744884292066977,0.15787359755606506,0.25637675672908894,0.14923546364927961,0.20680627459145715,0.016990989538884515,0.18505342684198198,0.060740306658681596,0.1255329337812813,0.08736002251745363,0.1497972583223773,0.15716104420634122,0.005877936837680651,0.10690806508968224,0.18211272450470176,0.02119594625022932,0.1900115501953981,0.28432735435492723,0.11008031553575948,0.21408749432688023,0.0537842162416315,0.1357788351801069,0.1143379027178754,0.20877628708028506,0.07862997402431034,0.09578579432311271,0.14558099761566126,0.12123675793614924
-0.1514094088180976,-0.23682204555718384,-0.1392659825185696,-0.13957108526832682,-0.23879026599507655,-0.07489007841233158,-0.08927824818303373,-0.08757817231126698,-0.08575992690197994,-0.27313374840154037,-0.1881260481701372,-0.0903265142682093,-0.22727431338035786,-0.1642189770265392,-0.18590544999316513,-0.26206049216890087,-0.08776098331687691,-0.18718534393368136,-0.24915599039584613,-0.07726541232546091,-0.23757242873594903,-0.19830264571921818,-0.25789368280280867,-0.10391632590612662,-0.08790956372861998,-0.13054810030603178,-0.21395541470301152,-0.20878492494155568,-0.14324987302650133,-0.24236554031743016,-0.10006192418208745,-0.15308800205874776,-0.21914542904421455,-0.08213503683318393,-0.16882001204891414,-0.26129045151794633,-0.2609945188772036,-0.2555687373081167,-0.22852868869019574,-0.08309731037881296,-0.0787283526374774,-0.15696843136222588
-0.32476789064274436,-0.40623164724573063,-0.4275217282551478,-0.47013708686337824,-0.5023236549847115,-0.5023572579689223,-0.43946765289769074,-0.2963011241278904,-0.3950693776208801,-0.2676508684083406,-0.3868138804508312,-0.4412077490984032,-0.2101269302095479,-0.27928083979843854,-0.2173473136007644,-0.4069573134252435,-0.34444460817757205,-0.11674992156224176,-0.34589001064523295,-0.2259122457124456,-0.030421179279076154,-0.06607525741926898,-0.17103040092275326,-0.061568190957403665,-0.10895526378430738,-0.03372132773058057,0.19005930139347876,0.16899132407449438,0.058925472990283785,0.28772033402176395,0.23651288835314876,0.3054609376776836,0.4076621450260111,0.5408033513530212,0.3574025354737716,0.44385354010383604,0.5884210631682,0.5318084824362865,0.7285427566577408,0.6395240728053445,0.6915474113451952,0.6026575746416805
-0.35653264691350184,-0.40770534454883584,-0.29890843069813916,-0.3186385381923882,-0.36034047087215587,-0.33689818329587834,-0.47454990916590784,-0.32200596016512106,-0.4856539233838091,-0.3944585930750209,-0.44342406378249394,-0.3180838455902978,-0.3494822461280847,-0.2156823571972821,-0.38721552683649213,-0.3502917598963996,-0.23095949017283532,-0.3056163720301614,-0.2091274020497316,-0.21586230643209106,-0.14721535198413294,-0.03365714920914444,0.06377890348441435,-0.09794377783686069,0.08776385784398537,-0.09350973193312462,0.1828772452249663,0.040980490003192344,0.19305118884477457,0.23962317465818087,0.3225283782506059,0.33895671549054995,0.5041618019465453,0.5043157372446786,0.5498102980893111,0.5255805273252967,0.34587406942997806,0.5464866179733059,0.5549697553719863,0.4845286669756396,0.7351077783007883,0.8098463057168056
-0.24023548406139208,-0.38494479335935344,-0.32524849221597607,-0.4540951102554748,-0.39133339892761104,-0.25492650551434615,-0.32605729064080247,-0.433570631972599,-0.2828946777945719,-0.38019380139299624,-0.34854512266054094,-0.21132987132905573,-0.19759054406357504,-0.27307256302624794,-0.4170001747211839,-0.3332563203251794,-0.29269775407335896,-0.3042376611817546,-0.08996400213743865,-0.13953739728676706,-0.08889212505000398,0.015080864073619587,-0.14673219101669305,-0.1617364610419786,0.05767280497237864,0.14973227970788525,0.2334026846709354,0.30440826580915703,0.06930259421473811,0.21838886516740852,0.3472917037063451,0.24897308989783157,0.18061256061771694,0.26812061793530706,0.3989414516239205,0.5283612863124014,0.5589710075821636,0.4384125938357439,0.738566992247472,0.6907751704374212,0.698748047258986,0.8591505459650355
-0.13205052778654303,-0.08464267713597248,-0.1549499914193627,-0.1486218691947956,-0.19023486006669874,-0.03699837797890498,-0.16642213883684032,-0.1607648225592096,-0.04118381188340267,-0.1583278807289065,-0.08410980194375729,-0.10514868016035336,-0.18494638662614224,-0.05887191317916087,-0.20912941724466994,-0.09457965298101889,-0.12302615346286874,-0.14158284404842833,-0.14805399328903104,-0.04206135852650737,-0.07966386110318456,-0.13759368172313555,-0.18295439611921285,-0.182145066123808,-0.2345030357545357,-0.21066178333476424,-0.06545107156600921,-0.05072172005296347,-0.22472987375496456,-0.12156615380708286,-0.15702435169427367,-0.18837163778703947,-0.11726555351427834,-0.18154344671017886,-0.20734348757585308,-0.10363150696145886,-0.03888761397367381,-0.17927791466737078,-0.06393141064572055,-0.09318408101980984,-0.1082413668829098,-0.21443547969511007
-0.7556837271770298,-0.760407910360641,-0.5135900187222491,-0.6242079924156981,-0.6024472877442179,-0.6795119172651362,-0.758997522944612,-0.8671205757202135,-0.6718334361882442,-0.680167208151414,-0.7715100880812078,-0.6057667292367062,-0.3844277688544704,-0.5154556378056387,-0.5999036706877388,-0.5755582139960557,-0.545460133402433,-0.15824076733151587,-0.3797861882759325,-0.3501913330101009,-0.2038704812823104,-0.2277124468293446,0.008742511492642378,-0.022939225139414217,-0.06106811164391911,0.019557868517974964,0.08442740701618952,0.3604278663391606,0.18122116460831225,0.13386118653015905,0.20430154019209873,0.17243425483505487,0.3483658148491982,0.4608695814746494,0.558002071074163,0.3899389081468846,0.5875714499419048,0.4434450822084032,0.5192558039974636,0.47275180157925567,0.7566652490350873,0.6455147777214675
-0.8806312329912642,-0.6994826705276798,-0.6029649919775688,-0.6803204324141569,-0.7538588912503482,-0.701165545647588,-0.810126774651141,-0.4969091418427819,-0.524476675817725,-0.6829753610559476,-0.48728711313860784,-0.5215403535078853,-0.608632810451752,-0.5273315263414129,-0.3585798826136501,-0.6332325081137394,-0.2778024603845128,-0.2729526668156842,-0.33561651877514076,-0.34836223222605256,-0.28528135429853063,-0.08665913615054133,-0.19681713315934862,-0.03942014837527931,0.19106456783110082,0.25928105794328027,0.16189209499445442,0.02587916060643755,0.35782670203897504,0.3387194965019643,0.18832658228947116,0.5155985446223159,0.38673900034723346,0.5084273154463796,0.38407069244122155,0.5687125125115724,0.5147426992992392,0.47300609236583246,0.5717902717423645,0.7501837443849396,0.5188146657573433,0.8577291995162087
-0.6318499240343047,-0.8176370743882739,-0.6967993076792809,-0.834185802496483,-0.6059834188706703,-0.7585568901113939,-0.7236374923966926,-0.7521214412021505,-0.4698044609732748,-0.7838577976568343,-0.6643210273534461,-0.6513006858989607,-0.400638733296936,-0.4395920816617705,-0.34164553418829874,-0.4106044260743532,-0.3820043745970164,-0.46436713621964465,-0.45201458984283915,-0.4301899950516016,-0.04196583833965854,-0.04446833339926967,-0.12998297184239246,-0.21354028797842792,-0.0075656704016835215,0.06876442012798352,0.14006613255621084,0.07962199404707691,0.23822876955329642,0.14960483594739862,0.44967100608895644,0.39058234575463946,0.27836058970995525,0.262088159442192,0.5759766779325647,0.6862733532562589,0.3525009289308476,0.6915995737820454,0.4107826507153758,0.4059466194310561,0.5020488970816455,0.5787079449523995
-0.5424556674709432,-0.7136950960841064,-0.5803005364476641,-0.4603411665873141,-0.6398016902531947,-0.6882626877004886,-0.6571721000415592,-0.7325958454781611,-0.7561409431974415,-0.6395948628679714,-0.5035506343890361,-0.6723339151721626,-0.587519561270188,-0.5683133496758501,-0.3778189856050653,-0.29651967031072124,-0.29489340632090816,-0.44503022314462237,-0.11022575648731621,-0.05792709703109315,-0.3200795510988675,0.022446516610692285,-0.17323604719209335,-0.16135367921674762,-0.18660495420522602,0.11827773816226379,0.13405403955817977,0.2582823525925566,0.08650503986642188,0.10608112935701536,0.36557697017101726,0.26113253046307416,0.2282934197538648,0.40806501541567164,0.534875385892687,0.5263840156903785,0.5018720822842226,0.45285284371426027,0.4438866759555855,0.738476992862495,0.46876535514787737,0.8384881779076534
