gfs-wave-data.json
{"header": {"parameterCategory":2,"parameterNumber":2,"dx":2.5,"dy":2.5,"nx":144,"ny":73,"la1":90.0,"la2":-90.0,"lo1":0.0,"lo2":357.5}, "data":
[rows 18 to 35 of 73, columns 84 to 125 of 144]
-0.018881518387034453,-0.015997281327481502,-0.02156380488881905,-0.02131028150654449,-0.03176898023960974,0.01010071392156492,-0.031094971815837643,-0.021027465793555692,-0.031944134940616715,-0.023405290613716156,-0.05165181373006599,-0.03876143246337981,0.0226782259995824,0.03547345305362178,0.0069981116527268504,-0.026514245529229,-0.0010174399336552906,-0.00545225729713094,-0.04341163590596927,-0.023793579034028706,0.04283887805670363,-0.003330794328593588,-0.01018324769634988,-0.037329054681379835,0.02385999442196321,-0.02617495807918654,-0.019309514235958385,0.02578453393470737,0.05363521079694848,0.025006596408897762,-0.01611195206672434,0.01637460879805216,-0.0019399820834244423,-0.0031735914986340324,0.029505298165359118,-0.005612167601962672,0.014604830335263271,1.1950456826999771,0.9165527404405664,1.0534525001326982,1.0453568230723407,1.0559661163525618
-0.014503923983456794,-0.004439674436582266,0.007560305099268932,-0.02767773599928247,-0.013427492776715374,0.04523954679096872,0.03312751896932416,0.02337402908203625,0.03215211227845894,-0.026865497583790317,-0.016605576409495736,-0.013066716820209573,-0.028247581436367672,0.05286521946224721,-0.016610205838602864,-0.0051319933070419505,0.021543797656796555,-0.030793444315292087,0.02763227202264096,-0.0048084296915786775,0.014317470882957657,-0.02238939220752939,-0.001671711831725728,0.03023458972687343,-0.002246775201730319,0.0006353881710415082,0.03319439059322147,-0.007552810010309187,0.009981311698847797,0.024701409083601623,0.04386007563940087,-0.011570295418946814,0.004835402509632516,0.014081770610768568,-0.01858888805361117,-0.047245614109199155,-0.02020685388583923,1.1462146544149352,0.8909577080296622,1.1712988819167591,1.128447628689666,1.2461228213142785
-0.010885656229736366,-0.024865277718817788,-0.005039410587186715,0.012930624190111744,-0.03791287343054428,0.006107069750274186,-0.023308703449500392,-0.022639884637405187,0.0034796258617966172,0.05202824951205297,-0.009365575299751017,0.03162451976380179,0.01421130651784601,0.04980901176741859,0.047632836039573564,-0.0022494018548004624,-0.009026201564011902,-0.039633447260945455,0.019865149911153693,-0.009112132707852398,0.018608909575321454,-0.031832348726126385,0.005169292801332022,0.0010130124811045245,-0.04548974179574254,0.005287736592369882,-0.03720545704825211,-0.03843704659351174,-0.017907132220083496,-0.0032702075085707496,0.01715305905037279,0.028629060030459424,0.007987367346066764,-0.03430297626874494,0.02457356593878997,-0.024512237151741348,0.00366186176337861,-0.012845466191117679,-0.05132478990287686,-0.0002047001700151216,0.007321151588400049,-0.01984772721164244
0.8876763157178098,0.7635460166846632,0.7613647702859383,0.6876511374230492,0.7164880577969043,0.6559493780262159,0.6263795339646229,0.8188434996750052,0.6538859280614184,0.7346536342910119,0.7539689719261959,0.6823053381951775,0.6580451853602812,0.6436159643321361,0.8466718362364025,0.6292490804934355,0.7304908795699155,0.8522230518081014,0.7693395493319702,0.8487433454091372,0.8052860959504209,0.9503302290796712,0.8237098564110916,0.8654562621844023,0.9297924686618823,0.857233688834007,0.9201277581186426,0.9090999867814249,1.0399832338829438,1.054223196748092,0.9971490057331654,0.9314690954545967,0.959250049622888,1.0683440799836548,1.0104633489752723,0.9955888678907028,1.110858622994954,0.9885725461983866,1.2849248134864377,1.1533177872894762,1.129505841850698,1.1674820993331845
0.8892261361098982,0.887385358265608,0.7687763498596606,0.7384416192182619,0.6549555417172064,0.7004527364310856,0.6852623972562866,0.8318573963436996,0.7837083362034519,0.7027365887195173,0.8153064358650223,0.6742183898201582,0.7002116645159363,0.6872466521650873,0.7944319999781854,0.7462296934362465,0.7314333303849472,0.8068267959895865,0.6802064265456965,0.7566245253865813,0.827500114873268,0.8785531715442113,0.8987027710195132,0.900306232146608,0.9200948548076983,0.947868907331205,1.0117892900618934,0.9904317026149846,1.0719467831201654,1.0551057845149283,1.0810304662148893,0.9841410639296017,1.0696788364984526,0.8930733050235483,1.0604966072906095,1.1354297681596937,1.0299838768536889,1.0532728327811258,1.1443372163934384,1.1303226457409494,1.0917946944354437,1.2206616643631862
0.9385691799145872,0.8547381599738733,0.7798338206731299,0.7016933472955684,0.8474137685435015,0.8004711605646407,0.684164611951274,0.7666876609500928,0.6655483247803874,0.6727237593533789,0.6885778055490261,0.7130156423392192,0.767125291133586,0.7495411230186763,0.6167203512160682,0.7096461739386699,0.8044598775934395,0.7475767130050093,0.7591515024103769,0.685344611442131,0.728615902193479,0.7492734867321488,0.7755844374161345,0.8590160670255051,0.9895579625034199,0.9662568361093725,1.0167434789021728,1.0273084940723054,0.9404394364342467,0.9927967008461009,1.064604777821057,1.128459707325956,1.0293173792111305,0.9750910274110174,0.9093506572853027,0.9652307718117196,1.0740511264245716,1.020914184291057,1.0997088982571364,1.2189927486597678,1.1916518141319903,1.2384269926557852
-0.0013017865837177654,0.030495306199128457,-0.006310788533894004,-0.012373258399225895,-0.012249952412694954,-0.021650585881828034,0.01829071777950926,-0.004985512517283372,-0.01297298574288276,0.009267839468950973,-0.013603264725219142,-0.027783633840261186,-0.0045234751787932865,-0.011815057298979031,0.01848924117217301,0.03857204080722224,0.011700706027619218,0.02217006064754817,0.019826293884467983,-0.0022751273132951056,0.01771293933199306,0.008572985508605477,-0.019960698508453223,-0.004129373769087173,-0.000626311262552876,0.01356951364187719,-0.024392740545920027,0.0027037870563697214,0.02864205505325384,-0.0023339378959034173,0.01124963712779627,-0.021360219443678573,0.03673861164369147,-0.020286621179581507,0.013490303224590083,0.010635567202802128,-0.01097673535624468,-0.014096938429128951,-0.015403913288430694,0.013282190440643745,-0.0018740118038150923,-0.0415047871587926
-0.6899127857857406,-0.716224431150637,-0.9212375854228574,-0.8106583487032106,-0.8792777618884544,-0.6821474279037542,-0.7714136334039703,-0.6346284467293319,-0.5603153469422546,-0.574902023526008,-0.529418490172098,-0.5307420937123348,-0.6217226314288717,-0.5933654014977647,-0.5338250867054664,-0.4932831625169111,-0.6396324822320921,-0.6521662048894139,-0.451985547654157,-0.5513616366882573,-0.3897636255488424,-0.5801041328739224,-0.5043922029537671,-0.4557772143362618,-0.42521442457101954,-0.4554831313109878,-0.38916471226673294,-0.44884136164685107,-0.41330123892073956,-0.4623967269260578,-0.4413771631382758,-0.46163373458390716,-0.45373702577429165,-0.33324551853518103,-0.4294306369708054,-0.4499965886417569,-0.5190866965007178,-0.590831954621398,-0.41221851200597115,-0.404882890517218,-0.43388477359213695,-0.4260546207863655
-0.7748411098081147,-0.852341803770816,-0.8805424474463808,-0.8526716715356152,-0.864887782389923,-0.6674405295391767,-0.6112705742929998,-0.6041010838361601,-0.6880117762867576,-0.713043415670388,-0.6946605911418066,-0.4936992447646238,-0.6342960027791246,-0.5186688799428231,-0.43931080336777006,-0.4870304661730684,-0.4991640762117399,-0.4733203980205451,-0.44229857717555054,-0.6047708456913212,-0.5406723496979974,-0.4314317904020846,-0.47185309610270965,-0.42000712086760994,-0.3345065487688078,-0.5865039098914067,-0.56270773162205,-0.49003331682596674,-0.38031289548946506,-0.4545182669001717,-0.565763319013096,-0.43252040005466763,-0.33377394093518925,-0.3502683929671717,-0.39995259139398126,-0.36344383412360814,-0.5245623688306601,-0.49107756264806357,-0.3890021810258895,-0.44942677136573805,-0.48701240225816017,-0.5892343577864118
-0.7406352951405176,-0.8634234740978691,-0.8435544505483872,-0.8124912861070634,-0.6499866217473772,-0.6375772332861614,-0.6564145726025113,-0.6357302249141141,-0.5760072380383716,-0.6403861868883122,-0.6395774322765853,-0.7454445751828828,-0.49973988377747336,-0.5830377200652389,-0.43649216947797653,-0.6341803218709304,-0.5005466532191292,-0.4612926915422362,-0.44807041525780816,-0.5463728923424789,-0.4789880516079541,-0.42142205024378654,-0.5099528834585463,-0.4904971708639936,-0.37920697178853274,-0.523738611499293,-0.4929473108237103,-0.45424250003864935,-0.5199179970802048,-0.38547487269801256,-0.42448640590356995,-0.47890902026438004,-0.40496572158076605,-0.3346628039198424,-0.3752746379332713,-0.381921223331135,-0.4924474762518997,-0.4695568059546358,-0.4269734017435537,-0.3975223710289663,-0.4258476767519984,-0.6078233829598968
-0.9068177808504592,-0.7713895644216432,-0.8728872806248554,-0.7605778403466552,-0.614388752447001,-0.7769906477272693,-0.7834404715078562,-0.6852142038746328,-0.6139992275996716,-0.6489207887354898,-0.6866621050945041,-0.4805058506336738,-0.596557851745386,-0.5753853872865383,-0.5276514650371135,-0.5593128509504193,-0.433565883280837,-0.5512751421531199,-0.5469586265234377,-0.5135605836817245,-0.6060375584652928,-0.6348931891111618,-0.4546784751381681,-0.4538186312462049,-0.4151414808784558,-0.3941035271000076,-0.466237733184923,-0.513095930961892,-0.35773139234869916,-0.5236818612260528,-0.4051136539919636,-0.34047234117980535,-0.3478602229172699,-0.5088847839871061,-0.34497231197496797,-0.39196237554432684,-0.43833431466381695,-0.5097374922647451,-0.5064434765908813,-0.4470172445725433,-0.4800304746327239,-0.430929644434374
-0.7499149792836576,-0.7719248252421055,-0.736129526889398,-0.7139896804341374,-0.7059023984513572,-0.6118680985906347,-0.6720528544212053,-0.6493994108405501,-0.6604843445871531,-0.7497269916620236,-0.5778091302593706,-0.627124828420291,-0.7586764121333003,-0.5427286789376151,-0.6638915654693236,-0.5862471798285108,-0.6932541966428549,-0.5719268526200019,-0.6443202367975083,-0.4542630532603806,-0.47090708705696116,-0.45158377525736676,-0.4512966117326976,-0.42064926220768695,-0.5481112159430594,-0.4252583336803219,-0.3617405911695407,-0.4592540382208404,-0.40886385241033885,-0.40150713738193794,-0.4120631662795138,-0.37675540791093654,-0.29263927224823766,-0.32113543006055184,-0.4451578799412144,-0.35516704999610393,-0.538538175247282,-0.4289295741197497,-0.3683884382230311,-0.48778931860908553,-0.46003797544134845,-0.45617257744871936
-0.002843792424062183,-0.012150953573795243,-0.009604052413078533,0.013580003861849115,0.007885679849084158,-0.0198943112015144,-0.02265852360254667,0.0012802498300361306,-0.006648046445960867,0.020365349378109323,0.014680068462882126,-0.0015864213100944657,-0.011015817090463356,-0.011139839154404464,0.02019384182806901,0.02536263876817497,-0.03089350995762859,-0.006201633035458443,0.01580182434374783,-0.0036580499116782125,-0.014632818355201176,-0.003974772696409921,-0.008673578208901979,0.0009336117129091187,-0.033219231596930736,0.005323951888526865,-0.0006341032079749661,-0.01843391764640356,0.004649536907415543,-0.022259764226033894,-0.010027884571509405,0.01519613546375158,-0.0005612325638314388,-0.008012047585094086,-0.009153539082467627,-0.009311777234407667,-0.007841896170390668,0.013710964650642784,0.005280951235863856,-0.011925382462214607,-0.02723763387920786,-0.0074346401774330224
-0.6160590366698051,-0.3537764352334019,-0.35389789097949925,-0.5395892000376935,-0.6229221256505759,-0.8114310581837719,-0.736193326392737,-0.787190754373199,-0.7820178625120138,-0.917051263431018,-0.9358328017159137,-0.9450601518069286,-1.0321929466135804,-0.9069912959241156,-0.9194262273743297,-0.7081701908702179,-0.7471108390293253,-0.6574032181562508,-0.6471249837606998,-0.6020415305214708,-0.3451641438707174,-0.3811620055443957,-0.3460840977285067,-0.32357291974679325,-0.24504735958431587,-0.32723304947177867,-0.2662637348765507,-0.2888188031283487,-0.3226161515719948,-0.3744325563151141,-0.39819823113911884,-0.3279072941049494,-0.2318482566895395,-0.29914999761066535,-0.26445728395755536,-0.29093835918485733,-0.2435858873106578,-0.2864064504220068,-0.21425925875934573,-0.23272859318785574,-0.24084704414552177,-0.20109646659649097
-0.5352677357541483,-0.6683660500220605,-0.36166885179500174,-0.5410608827834008,-0.5422894230740788,-0.758233698968606,-0.6787417274714799,-0.9730430365490742,-0.8834554704956739,-0.9827581892163726,-0.9173733885233725,-1.0368786273910149,-0.9946664331947975,-0.8901363930071872,-0.7993164347399208,-0.7831040425340758,-0.820816633632065,-0.8237516306535734,-0.5882632517309982,-0.5195745967139737,-0.3896736597180646,-0.49956547005497626,-0.34040089956008956,-0.3885276527762609,-0.4128106382487725,-0.23729154769148392,-0.4047315609305473,-0.22218538466283685,-0.3581399791801374,-0.35336425300600477,-0.2593700288499908,-0.3480766298008808,-0.29478509127285657,-0.3474081656387362,-0.36325396794472825,-0.37991847248266414,-0.2995576495507275,-0.17084142249905376,-0.2690486364362331,-0.24244474296957605,-0.2402146454081992,-0.16174819480007974
-0.3615950185483558,-0.34301923031310627,-0.5395638814786506,-0.6016294704560157,-0.6177100880497608,-0.7133549758504814,-0.714445840272363,-0.892888857837974,-0.9071790155172538,-1.0303400036089907,-0.8520683065145984,-0.9235226167174424,-1.0022755059630406,-0.8803688453210665,-0.835949769684969,-0.8832988961677264,-0.644004011459817,-0.7054774222426247,-0.45104232136554157,-0.46056603284569764,-0.5710152967438625,-0.397889710489321,-0.3850656991286938,-0.42287399771319895,-0.3271696471100262,-0.34826269263581505,-0.23161714719071222,-0.3015080580308614,-0.3812668740814371,-0.3553106595983698,-0.2528072427083341,-0.3408812627021589,-0.25277180964897,-0.384893557745557,-0.3184584548953745,-0.26087539841889,-0.26124197974996194,-0.21380520540543058,-0.23395283220235852,-0.14705376297512385,-0.18045270226857568,-0.16114083938232016
-0.5405686768524567,-0.3979919168856478,-0.6606915582249095,-0.6339095216597105,-0.5577208816077159,-0.5966729174368582,-0.6005620368026385,-0.753491165666083,-0.8316321210782286,-0.8470185969983578,-0.8752337206504542,-0.9098394382784223,-0.9394735988428063,-0.9815821113593745,-0.8089422296447655,-0.857972177857409,-0.7320515821119941,-0.7071190552607015,-0.5553231086350076,-0.6119158841559189,-0.5327944625513522,-0.32059001850796304,-0.4299680539463687,-0.29482499323318073,-0.326855751155226,-0.39398208986064853,-0.19952542774511414,-0.27844692645647917,-0.37655494310887355,-0.28838083831938816,-0.30288018505396347,-0.2982407542470407,-0.3563833081875552,-0.2584946721845542,-0.3401082542990885,-0.35619672570569,-0.2066209376266535,-0.1764216446635126,-0.1302889004390507,-0.15701736318913134,-0.2014622506419457,-0.12321866677538006
-0.37827294379820087,-0.3433211016921452,-0.5805122135779773,-0.5899476258280842,-0.6348053908553734,-0.5286547553715308,-0.7898238964317734,-0.8226532811996558,-0.8951460518433856,-0.815327127270842,-0.9824649414720579,-0.9082440514124938,-0.9319158132875461,-0.8958537825682739,-0.9224128152249097,-0.8326069659082317,-0.6201392645349278,-0.7903613325257516,-0.625816812905063,-0.5639601796207381,-0.48746493237969146,-0.35378857852754353,-0.28212936476424777,-0.30838175240719945,-0.3512433212016279,-0.3267426837028544,-0.2574993266996264,-0.18215938152958153,-0.3164312647360867,-0.3212234862405455,-0.31725979442390906,-0.3519278929459338,-0.368215607968049,-0.23508580146998145,-0.371465816623819,-0.35652747217128244,-0.35230100628468886,-0.26784763064756056,-0.12612348225496153,-0.1414420650571705,-0.23799757123371945,-0.14448277878481267
