gfs-wave-data.json
{"header": {"parameterCategory":2,"parameterNumber":3,"dx":2.5,"dy":2.5,"nx":144,"ny":73,"la1":90.0,"la2":-90.0,"lo1":0.0,"lo2":357.5}, "data":
[rows 19 to 37 of 73, columns 42 to 83 of 144]
-0.007214593141436721,-0.007456015437042753,-0.13136575297273143,-0.02132355855481195,-0.06380560994302971,-0.16208634553841328,-0.07713316826140251,-0.030034448363199934,-0.19272622069343828,-0.12165390510710311,-0.1820159960399707,-0.005043728944234922,-0.1375645702686746,-0.10871642650583901,-0.01967749400672681,-0.18195006000126118,-0.17509169267054983,-0.0151856509323129,-0.05838695230965114,-0.08531156158528816,-0.14439877646438534,-0.047269996694664314,-0.03666601117540461,-0.16423578111920142,-0.08347387984305733,-0.07568355707438268,-0.1363515866697889,-0.12336055344247594,-0.001661949990530352,-0.06300126857539302,-0.020853557095240307,-0.0986662383848502,-0.05696787143666479,-0.07601934509683134,-0.18869466148179298,-0.19956110765393828,-0.014842389184960987,-0.08744113156528305,-0.12790763317047385,-0.12418002281157363,-0.0273265265910738,-0.19318566797419628
-0.19100902758774266,-0.06400694249705093,-0.009280310549744625,-0.152374969535124,-0.18301247393804523,-0.05006324024393656,-0.06978754467842033,-0.1427139283932561,-0.08675196642517637,-0.10234230379198465,-0.01824338960633361,-0.03136537603308455,-0.06537226485010676,-0.18764872353957218,-0.14965476167719755,-0.10198719786361826,-0.007481605107030945,-0.009480795553430198,-0.17533845912437118,-0.12436266379949194,-0.15509888914115288,-0.0926064230110981,-0.09044006844363943,-0.05474950938935136,-0.008446399047763885,-0.0034508090357355703,-0.04588892249339596,-0.03321601361167856,-0.005444644557767956,-0.1884527944836185,-0.009075373835872855,-0.1156820977876973,-0.15225344067326488,-0.07467582957811798,-0.13540777457038827,-0.1876083254648383,-0.1857254235067662,-0.04727259886290701,-0.09701990597947412,-0.021326638104514763,-0.14998108628130757,-0.05138338000065774
0.240987545001776,0.09432225102132723,0.20720781715946857,0.3401319346902463,0.2189161722385774,0.28794317077675596,0.24813124105584142,0.21099254807278559,0.23210640805885496,0.2893419426559996,0.32726628894370363,0.35312717248395936,0.4487495977299959,0.4203238962930288,0.26517994144810025,0.3779486365251761,0.4151865983986023,0.3811299124032731,0.48561656942348225,0.32909102355339426,0.4205080387749566,0.3638964704644796,0.38057432811651637,0.29409264276759256,0.13560130247537427,0.21022218683896599,0.12500350539327862,0.2108476885076704,0.1927205522297315,-0.04283887534885888,0.1305797810738487,0.12655156154974093,-0.06690480630640211,-0.1844891832881625,-0.1372200997228874,-0.1306205277621569,-0.19074830673356308,-0.24149286559441194,-0.22777708823987847,-0.4426310160413588,-0.26096972067378055,-0.34645250071425704
0.11438318532741233,0.2434046874224807,0.18748672722313806,0.28614519903753405,0.3984510051999016,0.39354787368715705,0.39134360936613777,0.4330463425255059,0.4368723180028679,0.3631748302821676,0.35382538649850087,0.40615969462079443,0.2806117450162579,0.3404368735230334,0.320513289428187,0.518148695590309,0.4299495933767585,0.46655993560566317,0.21432070229871308,0.38803501666757156,0.41418496907836116,0.26709507704212315,0.17399707231082595,0.23703399251789226,0.09543824812516616,0.08309945991917493,0.2254034689827549,0.0754749597340215,0.0637061171219051,0.12500719586145786,-0.015592866660746264,0.03396066613469731,0.06986747233564272,0.008449327958534819,-0.0808986814286507,-0.1187183033136981,-0.15941693662861064,-0.28440107997469677,-0.21306231731669725,-0.3569154849237895,-0.3405690520232461,-0.4038325987180694
0.2031554563611154,0.13249335544172394,0.13068781645891445,0.2765659020168948,0.33490776666446936,0.24468274694218975,0.35632687387066375,0.4093507885117659,0.3849033477271667,0.3186605799206698,0.2919760665688956,0.4699501524676054,0.25004508052584845,0.3313722125988006,0.3970844294042856,0.5056606251174567,0.5435065205957703,0.26112386341934524,0.4998848686263822,0.5038212722570202,0.5228868982293876,0.29204868155625435,0.3504198387571832,0.31138011561777273,0.28615604407978623,0.3836026950386367,0.06221624897895859,0.012487835539440285,0.11439966015168661,0.046026233193156345,0.19703706924407444,-0.13987237303250727,-0.07536786026612555,-0.005470118092576983,-0.22493253796320994,-0.18741997992250023,-0.21107921274488675,-0.1600638679029099,-0.16469461110504516,-0.4104265477832597,-0.4344472420712494,-0.2652204987726621
-0.1393677762890183,-0.0758161493732173,-0.10013900452160845,-0.17509732638497008,-0.20733688552087284,-0.14931894571244067,-0.1007728753868801,-0.18796876826539535,-0.14721940827323166,-0.12445191678091085,-0.11206876228986114,-0.12244312575813021,-0.2178967294979065,-0.16111985857914643,-0.03717526896552952,-0.1617884922852444,-0.17047180812928736,-0.20563870918430954,-0.11680745095844389,-0.10484241548727376,-0.043231949703235385,-0.046285705493789846,-0.09262072568540447,-0.09111151102496041,-0.059803738267663935,-0.1619405675081475,-0.171674411707785,-0.1233922361680028,-0.21881514193239646,-0.08042821350715731,-0.12087077154962736,-0.043485458652998125,-0.12673337763669443,-0.15337331522487227,-0.19020282790150558,-0.1173018999771648,-0.0877808200772927,-0.06098310368244146,-0.1286049239153725,-0.18350874971770606,-0.1838950813159399,-0.18404164264660774
-0.08858226053544571,-0.3176673085143066,-0.21369762758722224,-0.3359001523437876,-0.11211918044827451,-0.24726273040071903,-0.0947361697486096,-0.21036077561010408,-0.28449313958701067,-0.32331303820557783,-0.15786555405213926,-0.23886811393253393,-0.18287211179059742,-0.08873712210977182,-0.14120521406886372,-0.300507657659826,-0.2568381715292359,-0.1374746400560592,-0.13182931971505568,-0.22415919962342712,-0.20522331301557267,-0.3575317696032564,-0.40570368078311864,-0.24606901389978283,-0.2638466131893083,-0.22206527444992996,-0.22158038983686068,-0.20393016092532348,-0.23621133186464593,-0.28283714692681466,-0.25721732116961693,-0.579588323981283,-0.5979043653242566,-0.7467788430173202,-0.4838157209368625,-0.516619310079551,-0.6384351354284366,-0.7045895078113025,-0.5360364753221516,-0.7508163543266583,-0.5236939401476897,-0.6063646870106262
-0.21837142077319638,-0.136747259811935,-0.039028412411283575,-0.16562391720993505,-0.2261695614843749,-0.25616013494745654,-0.08862796062090503,-0.32051890250662696,-0.05616811262745382,-0.23648432764572808,-0.13686794367772312,-0.1272178840871291,-0.18272223519872025,-0.21419878017244634,-0.2444035312545464,-0.2365749074293115,-0.3093765520982422,-0.1420858588280415,-0.18109019258839312,-0.3881044384349421,-0.29785694519467254,-0.2519713585493211,-0.33437884056600226,-0.16069126604886955,-0.21706538823992425,-0.17852146168001956,-0.3737493683142849,-0.2742556777631966,-0.2623636645222432,-0.36735350120936355,-0.2215438216505277,-0.7278425449637592,-0.4649534905890675,-0.6355135105559635,-0.4727361043179337,-0.5019880249241612,-0.7056537633100004,-0.8138568922334912,-0.7639094184832985,-0.8016548111961315,-0.5992365854795644,-0.7233391103320563
-0.22103263600782408,-0.24704608068648834,-0.29749385806486695,-0.29256144957003083,-0.09097396057149718,-0.29827803893147375,-0.16833883854835574,-0.048589584091321046,-0.1898893607395891,-0.3558026664999112,-0.1365715696455802,-0.3336379671762295,-0.09907311908682914,-0.25951561686061897,-0.20124143859250157,-0.20584380662767068,-0.30003882753648203,-0.21470052692811928,-0.208696261552202,-0.1980529887605457,-0.15489633218686602,-0.19065852433908187,-0.1721325259654274,-0.3650857535560856,-0.17553819739377724,-0.29174980696287345,-0.31446214343744544,-0.3159097961770096,-0.295594592623888,-0.3605150906057871,-0.28211877787309125,-0.7092705475621234,-0.6673038656739563,-0.7166087053742334,-0.690555033933248,-0.48177774436927523,-0.7752395457806557,-0.6057476433550903,-0.8265544181520504,-0.5750549365843959,-0.6662497475823945,-0.8171736284928353
-0.2398512376402034,-0.018731410825857202,-0.2384130427803202,-0.0732933719369471,-0.24035375537411524,-0.2176196741869909,-0.16409355258626487,-0.3525085933789416,-0.3327188552436651,-0.10531001518843147,-0.37487069710617893,-0.20852211302384974,-0.14356923565068958,-0.24071277205905184,-0.2674477159830731,-0.1356136013435831,-0.16296950379251107,-0.33658546293948577,-0.3594220244898113,-0.18507450654895927,-0.35293589846181916,-0.3352882018165057,-0.33952075541739496,-0.25294967140396196,-0.26191414647912714,-0.2133580644004021,-0.26624175832076763,-0.321070147870594,-0.2441005025383961,-0.338393105073949,-0.2435928350659711,-0.5759510359327804,-0.6616089543289727,-0.6420079707976536,-0.651561924115879,-0.5501247980322557,-0.6997255233207302,-0.8567578975858111,-0.678005432178645,-0.6116238037514364,-0.8408209202468688,-0.8047615649301828
-0.10554368404931037,-0.18834945006282072,-0.14477141453762885,-0.29640731598522985,-0.24068837326692552,-0.22305942357516895,-0.21339155907013313,-0.15919318700081472,-0.2420127797950633,-0.17355093327251758,-0.08632094032487866,-0.2688071337179357,-0.17030553374626722,-0.3434032460868166,-0.2728547499206594,-0.23227872493238286,-0.25329840394186787,-0.19975137790857625,-0.26206107081436236,-0.26436371037073453,-0.20411323226150524,-0.342733109365121,-0.3261952966452331,-0.31101742338311855,-0.32141384020796593,-0.22448818330540332,-0.27255057844177283,-0.38625494694767243,-0.22198271290286983,-0.27745911263125367,-0.3685147925273457,-0.643342425027944,-0.46945623516523677,-0.49191891320492726,-0.7013775674731738,-0.7539186817306601,-0.5440205379379923,-0.8417023973906319,-0.6803346410708083,-0.5314299289542024,-0.673195868097362,-0.540073318549208
-0.23556087967574138,-0.07819995487307772,-0.2412877387859915,-0.17756162324542396,-0.14243653034468495,-0.10606049643908204,-0.24677304642212147,-0.14190873702840368,-0.13143210338977002,-0.2354900649343411,-0.2678048020437595,-0.24839027970736904,-0.24375438556843193,-0.11091403256921988,-0.2163715123186188,-0.25090697842473025,-0.15493662012206844,-0.23948182602782578,-0.2080081655948798,-0.17439898035696164,-0.15068547493360107,-0.10667112176510317,-0.24762825979479228,-0.16866411125341255,-0.2648303781880687,-0.08621677020728373,-0.22750574234928747,-0.24477629689167382,-0.23906022140829844,-0.21744074471623479,-0.09318787096989987,-0.22982024909195287,-0.15356853625443648,-0.16241673138327628,-0.15218042947620947,-0.10528855641041263,-0.1858675475032926,-0.2381344271059056,-0.1649836403278671,-0.07972755454519696,-0.2548604571908385,-0.12387445651454154
-0.3015345165644437,-0.28806226085099834,-0.18737715580345835,-0.15809477216483236,-0.04566937470546404,-0.060983440271036256,-0.006467482187815041,0.03803960777067027,0.06596138532786552,0.10914761844248576,0.1483605735176002,0.1574117812995755,0.20334589601085995,0.1955065868119832,0.16663107133032562,0.22223081626357608,0.29453376062572945,0.3489416599694726,0.2524364363078803,0.2888649889405154,0.30591719997299,0.34679023325531333,0.4415133044096668,0.30716216332057206,0.2630024232143369,0.3192366254104454,0.19327937573496315,0.2445323888379973,0.20416023621213986,0.13396628478971212,0.05012344359976956,-0.06925552237050112,-0.2608060558496896,-0.27645337000334047,-0.34044156176571083,-0.5169494811814582,-0.6301739342794591,-0.72346400599115,-0.8827467178232979,-0.7800026480848293,-0.9101280523749321,-0.8874987763142834
-0.3767885098387592,-0.22308928871700054,-0.20923106803230598,-0.1289249638395043,-0.10707133337213255,-0.0004225820609588665,-0.0362639453175879,0.017988018983357883,0.08319032353173905,0.06112480458783356,0.18548458497462733,0.19085609644761103,0.19567878739290848,0.18310596089236164,0.3300095699639383,0.23561049634846998,0.2707355708436587,0.23614699412817416,0.4171002605277366,0.26080053289305216,0.3747128856541079,0.37656569754644503,0.2838530372974129,0.33517765539868477,0.30836103286748334,0.2355004665747304,0.2573813920925689,0.18508988293685913,0.09642117972980556,0.07097786239592323,-0.06606381443456892,-0.047619312963731716,-0.10044276065447251,-0.24290659331002468,-0.3524732753214402,-0.5144103586935429,-0.6461184837668452,-0.8238330589177069,-0.7213718152731414,-0.707605897870135,-0.7107270296763586,-0.919357920418484
-0.38638080306114425,-0.2962214563605874,-0.3052418627388002,-0.09372515868471136,-0.2069130367821602,-0.08267548912299966,0.06127195511632219,0.09717029946663296,0.096962980637722,0.18721205535322571,0.0782390024796874,0.1786439969364931,0.1403136342798104,0.25139267894078,0.2587646695531362,0.3260541251255668,0.319667803907823,0.312660160779505,0.2739830416161586,0.2865167047669061,0.29324189389499417,0.37227247996485363,0.39624252854790337,0.30255672653910726,0.2535860510139253,0.24561610896986613,0.2956973480255874,0.22286129137409325,0.2449314774839502,0.03715589883086809,0.0730650812603157,-0.1734580098131647,-0.1195016339493192,-0.38682742737381803,-0.4730250269881218,-0.39938728435921844,-0.5096866338810707,-0.6111868551467056,-0.8985810838078196,-0.7342771079870095,-0.9006100884192936,-0.908736919119015
-0.4151156636957426,-0.21099422501764412,-0.2815546384302463,-0.25221686001829685,-0.12290142181609227,-0.054247998468013627,-0.0039788939115637375,0.03174669316580841,0.09751463295105342,0.10108892235356255,0.1841902608825387,0.1334326207102659,0.2082137102952042,0.16246759183182377,0.3293321985229913,0.298829597398445,0.2807629238165437,0.3540037647964424,0.35246479651477514,0.3862935507928147,0.3971371049558993,0.4483168725988108,0.3107816475542646,0.4216151385001517,0.26810065578834125,0.30350809183755445,0.28527731455006594,0.16163528166828753,0.11725449832291646,0.031115284091213582,-0.07346380402741892,-0.16326012665975656,-0.22025142757142732,-0.2165041148016874,-0.5759948762862044,-0.562171388259487,-0.4545720972757943,-0.6777595551352192,-0.6568606781146291,-0.7195237863875058,-0.7628711094558764,-0.9476961187321887
-0.27093350351000894,-0.3084893048218941,-0.16675198192114649,-0.11869079310297007,-0.15688475582836822,-0.028639594642550524,0.045787095408204075,0.07553550479327924,0.06604903336354413,0.11190044278305011,0.17366942689538747,0.1739382245517717,0.23777717978313662,0.28491504126055867,0.3403281583107055,0.3803102220459371,0.2899175997169302,0.36595203849184005,0.30281101528717447,0.2828023732646547,0.31674740982660377,0.3930588283258687,0.32439416788575315,0.4787194244798413,0.41994921101007016,0.3060190290593368,0.36657993966511687,0.23829132274647008,0.24343029824217244,0.028908623027150904,0.022556796077217757,-0.08532291896257496,-0.176178084475252,-0.36746093550635933,-0.37148596045442234,-0.44797057188050543,-0.549883990124887,-0.7782235775408306,-0.938473772073705,-0.8713430450713623,-0.8940437657059154,-0.7900652555276008
-0.35791209287605463,-0.29672670898745046,-0.2832053824195833,-0.14783368542546724,-0.06474838960000348,-0.015002864482601023,0.010142842914998843,0.06592782723904064,0.04615049818504079,0.1537426664840595,0.12414887727311033,0.21561971352305034,0.22163702304029265,0.2780143252304902,0.28469945097208404,0.37081118316971207,0.2952437102635077,0.3485733064286765,0.3916003523848849,0.4685529302199046,0.45451530796845696,0.40784623079106863,0.43846855033054194,0.35764748305599636,0.4835667133573577,0.24354431697409756,0.4235020506795851,0.23382242825428043,0.21503658386622998,0.2235425383510523,-0.1280657561715482,-0.16232859671293492,-0.165613616210668,-0.30548548220148675,-0.531533290498542,-0.6078019820326656,-0.4895735883211154,-0.7689870364961439,-0.805382576342406,-0.8047268734974408,-0.9402840857313228,-0.9203961512851353
-0.37273033214851753,-0.30274009598516893,-0.3723712064797722,-0.19258723765837896,-0.10978595562801881,0.001126350083085841,-0.03679221990309116,0.08832607668482308,0.140683469724402,0.16290934723044,0.11168129427549271,0.18265019663473928,0.20851377682775407,0.33112846186539907,0.3627586894854023,0.256454139638421,0.4059649416650843,0.37453998011318623,0.30592317246903006,0.29882981012827337,0.42028456216137633,0.4173589476286155,0.37280256240018245,0.38086896412575444,0.43213165834854006,0.4389609890468977,0.32482583066102966,0.19865050939403697,0.12169368913000196,0.03558350538864369,0.08501052396668954,-0.16129758257749474,-0.32072563911481805,-0.31563078100843694,-0.39772421012708054,-0.5575938144755648,-0.604105556722942,-0.6546085230178726,-0.9745550631426714,-0.8670586241954975,-0.8816489228533615,-0.9839236512511068
