gfs-wave-data.json
{"header": {"parameterCategory":2,"parameterNumber":3,"dx":2.5,"dy":2.5,"nx":144,"ny":73,"la1":90.0,"la2":-90.0,"lo1":0.0,"lo2":357.5}, "data":
[rows 38 to 56 of 73, columns 0 to 41 of 144]
0.008443064452540415,0.13145436223845267,0.35155671268445404,0.3995111049338816,0.38709950890992195,0.6911716777727819,0.5654346926231287,0.7503181860963204,0.6248500214880665,0.8210718876801669,0.8493204272548747,0.8698011770482523,1.0325311627388163,0.8142945636054798,1.0126777437296124,0.8546632871759614,1.0076559667190397,0.9678120649220463,0.6768553530753182,0.5240479617772501,0.5386223097001261,0.33102546808016287,0.3519461215784568,0.015287720109161927,0.04420176428879141,-0.14702453755681022,-0.28477986749381295,-0.24355574300999117,-0.4489943999044665,-0.6320943295961662,-0.6502363726821704,-0.6482451820810465,-0.613363253775205,-0.620832365176141,-0.7326093844555424,-0.588978126485599,-0.5944400305316875,-0.5195014568436339,-0.5054311486046159,-0.5321441839466021,-0.4638646180032812,-0.5060699867101698
-0.08720793683696518,0.053345071609034754,0.11308784311680183,0.288089165668503,0.567786848077981,0.6116597722426329,0.750770581926939,0.724837909838534,0.7566462026805765,1.0076788971109094,0.7243853260253156,0.944063387864813,0.9526722694329284,0.8199299473175647,1.0454968163326785,1.0273287594500995,0.7760790175984451,0.8112691888537199,0.8960214310026803,0.6795684818312515,0.5534831355322912,0.3973153575768925,0.36548373716443405,0.15084894206803434,-0.1740828221988195,-0.1374258890341545,-0.44121409406844253,-0.2744077919003969,-0.6087865832582605,-0.7671766824298304,-0.5684653079740467,-0.7758640952807634,-0.7635249437502922,-0.6406942564322962,-0.6787101764180252,-0.7712124751455194,-0.6680961097562732,-0.5201023724593464,-0.5558512990819753,-0.48047236466945503,-0.44935473024365674,-0.4571646765770949
0.10215645235891047,0.07854854645635623,0.17671546996919588,0.31749855130878774,0.3845306323456846,0.4977204342590924,0.6247033810972903,0.7565408612629045,0.7366095843289671,1.0320776113527221,0.8584067406960018,1.016699327482128,0.820300183327338,0.9796070292661295,0.8362720484569224,1.0061571121352546,0.7645136522872882,0.8469214991634058,0.6379002470946674,0.5896324988850717,0.4979056445663507,0.46538427270689153,0.32926523382877904,-0.013196363216522629,-0.19089556503730812,-0.13874390471896408,-0.23914665841065894,-0.538130314673463,-0.39867000875560826,-0.5242558421269705,-0.6096277697910311,-0.7861742111260246,-0.6787208579870239,-0.7659998843680161,-0.7006904827666182,-0.6478036890796722,-0.5610157079022322,-0.6165939241265012,-0.6019400683263123,-0.6567210714649473,-0.4699837851877548,-0.4784825227628031
0.06753352559050696,0.14818241216161257,0.29349598548437145,0.4380130555489066,0.39749867975509323,0.5060747987441292,0.656674514162469,0.8349568793172937,0.7555152714846622,0.8500157448984292,0.9488084353779821,1.0987749999913172,1.0160912016502373,0.8985722888538955,0.9746171581484767,1.069657058418145,0.8323349690093854,0.8067777511795048,0.8458935701281023,0.54985640191674,0.6618315083901037,0.4512890215032866,0.12516246702010525,0.14025313150383317,-0.010712124555960796,-0.02803347755767846,-0.43563445254683947,-0.36302352819274786,-0.5046087952849576,-0.5202446735390366,-0.5851549964367196,-0.6034786088304593,-0.7433615001116542,-0.8187859941880453,-0.8379042059507138,-0.8068385435647539,-0.6571408491701989,-0.596787620043389,-0.5205451369276081,-0.6311334366275484,-0.5769171925392994,-0.5274836646369919
-0.2667393988177913,-0.19799071273216054,-0.21075158199242924,-0.32748688659832864,-0.33194973432758185,-0.3019530296646541,-0.3598037522509815,-0.38796885229452366,-0.23088576462792676,-0.2776441179020307,-0.309612619984412,-0.32719412739200704,-0.34529117636711476,-0.26767604698620684,-0.35692456194479116,-0.34893964493873453,-0.29203780836780724,-0.2939237489934204,-0.26613225648390615,-0.20590053075849643,-0.3629313804910301,-0.37073832023185377,-0.20507607920476445,-0.35625812576539295,-0.19429487939008078,-0.26865425437302387,-0.36842207101530605,-0.262130531116129,-0.2865758592582724,-0.356906565226267,-0.2876974961713332,-0.2535716940412584,-0.3505920919320592,-0.32717960718814987,-0.2772889242370743,-0.19902384236815354,-0.3594795883544694,-0.2689893026561854,-0.32857868837757814,-0.20873640063887525,-0.3083776814518713,-0.20278516256234871
0.49363216351623657,0.4952935359661308,0.5083096369219869,0.39207606176804716,0.6034075526472398,0.6672501771625622,0.7136778951771211,0.8056064823679768,0.7364591784582638,0.6200617954321757,0.6573001928088442,0.8264936073717399,0.7780776825662064,0.8934777606197828,0.7920649046237781,0.7875518644903559,0.9278898967442507,0.6837762034274353,0.7340966406214368,0.9786797675457103,0.830137248106524,0.8875347331526925,1.0247041973994189,1.1456404684062649,0.8365382839914947,1.116317489902151,1.0351119487471543,0.9902117103073457,1.0924706722350535,1.0784806447505957,0.8477631138245834,1.0641932054355439,0.9914604990944517,0.9932948028811438,0.9391009871978319,0.9309112887528413,1.0058382083888062,0.9384325089331982,0.9610564891647475,0.8648012028262677,0.8845744664502819,0.7785164752586228
0.4635357299847914,0.45440147488077065,0.7312709813717334,0.763738587580184,0.7099467592994819,0.787289865485885,0.5361481575049178,0.8248207890250171,0.7538618283826266,0.6832539869612674,0.8038240599798403,0.898635697262108,0.874930951447803,0.7551168608317167,0.7980498921056423,0.7867530411047775,0.7143502177673233,1.0180688799259852,0.7777723018861891,0.8210066496761749,0.9311122172900106,0.9991014964850016,0.9231011398855677,1.1027084649812509,1.036667741261004,0.9926193730254138,0.9770375187756163,1.054558783567663,0.8910688898604552,1.0149611692731975,0.9255948435212417,1.1321071036728372,0.9327083249582296,0.9200131913997379,1.0140307661240693,0.9981561478861971,0.9107796988150231,1.0086220399901245,0.7687444070324541,0.864872995390576,0.850700336609808,0.8094682878152194
0.6936091572803229,0.6257518806821493,0.6764205296127881,0.679729096055781,0.7262026771125201,0.7119521584634816,0.6275129831789639,0.6595134398611662,0.6471918160623232,0.7535841842499585,0.7876097686578314,0.890301393102017,0.891274818550018,0.7942841630301667,0.7457624694147424,0.7486620092093934,0.8791884559063572,1.0079684883832558,1.0221671777762684,0.9790058583652463,0.8159122778698458,1.0483887067007978,0.9735099909616712,0.9574871144773588,0.9074561253779059,0.9979090901003383,1.0090660760510883,0.8628067694323919,1.0145089721126184,1.0358362348415844,0.8204118864871424,0.9597882855185206,0.9039826467386678,1.0058544401545169,0.9291690076215435,0.9549169141684155,0.956901966364581,1.0048868295158113,1.0632892822564013,1.0768245542750523,1.0261204377879745,0.991770252492175
0.4809252086915839,0.44672334081456894,0.7309637866853342,0.6510624110013999,0.7293891470487217,0.6403875395750417,0.8417022438709705,0.7376911551635004,0.8328268061000748,0.8782066839527679,0.5881290031942341,0.6495732522536459,0.9932683480516777,0.7595461016745234,0.7440839539327643,0.9032389659419119,0.8047785564057972,0.8262320630428877,0.9734630614166109,0.9672281286370479,0.8193758424523238,0.9600383255791316,1.1511257134154604,0.9938471893880099,1.0107420677131447,1.1465601346212013,1.116109891939053,0.9513524824096233,0.9605120141683461,1.1180232807960282,1.1260635089368185,0.8101267092216093,0.8490212578813178,1.0719985291303644,1.1121404005978661,1.0300542192990616,1.0594829113483066,0.8315838327723241,1.063689192719145,1.0020741572965601,0.8947589020766633,0.9218423444913323
0.46699246871626865,0.718842628065056,0.5546342995260162,0.4249835468174429,0.7101418485564196,0.6427296027279993,0.7141895648789667,0.5710420309775964,0.7350082796909068,0.6759943494259969,0.6449471405210697,0.680299326900323,0.7652110360162085,0.8336991248612239,0.7580364133984253,0.7923381604060759,0.986123196532345,0.7928196756002633,1.049951599579865,0.8713483765419834,0.9929909547391055,0.9447194328389507,0.9653580299559311,1.1393223422177152,1.1086865721242385,0.8887215743989569,0.9244521239844296,0.8910967255060139,0.9202260480553509,0.9775767360487563,0.9155294390991593,0.9751871415800779,0.8161930600558386,0.9251311935723411,1.0622800557968812,0.9466957936988,1.0717210416282852,1.0780674011830886,0.9984425411616118,0.8890378295845752,0.9811457805583664,0.8402959133040593
-0.45228906407037894,-0.3403529875811176,-0.408323723926528,-0.2576526414664125,-0.42456416142633197,-0.2756960348172311,-0.26273262268707864,-0.45384708323244133,-0.3135970798273694,-0.28163499734364034,-0.3856324137109661,-0.35184631179325915,-0.27104099401557774,-0.39637409455659417,-0.39222137365057697,-0.42604444888313586,-0.2644733492025685,-0.26741788816707557,-0.3877754125574351,-0.3086010490181377,-0.3570791360024527,-0.41192476585680077,-0.44069799500572615,-0.35610365227927276,-0.2955413215334513,-0.4317481782523685,-0.3259304611082599,-0.37686295110974,-0.4519746941596045,-0.44024314268787496,-0.3527408548867499,-0.2599573033581348,-0.3938978574213765,-0.28621736685823707,-0.34275480763212185,-0.44897783647223977,-0.26265712000394237,-0.25944745960023885,-0.3799804294631354,-0.3448659193111648,-0.3368363472155195,-0.3780756112796476
-0.039920675910274435,-0.14514050328084374,-0.20094333490760202,0.01705841326049525,-0.2504546803262681,-0.413759982496963,-0.27343502424225197,-0.35447125183270733,-0.3749520483522042,-0.35307029860341815,-0.5967269342899928,-0.6220080103799047,-0.4593579211309952,-0.8362348879136099,-0.9383589133609851,-0.8782073960240075,-0.914377186379191,-0.6124086113759595,-0.953490324449461,-0.7704343990906939,-0.7798374381272124,-0.5542789222428101,-0.6570817748022937,-0.42114402155268993,-0.5634894255557743,-0.5183128889131075,-0.5616669231339941,-0.4016069896885085,-0.41083643338204817,-0.44637362431839356,-0.29320716132422053,-0.3000368101241828,-0.029132864790528644,-0.2278072111530543,0.07141500472239067,-0.026368680363697418,-0.13766683712673103,-0.08296979220890324,0.21940515323752047,0.10187826154908397,0.2723668975570703,0.27616455770725595
-0.07937811194724319,-0.08246991479255594,-0.12560094401218908,-0.27467713873327704,-0.3497858218278109,-0.09113667030163156,-0.4364994733411181,-0.71977248507932,-0.7163757492930309,-0.47908830686587495,-0.4277285933908875,-0.6212549110767511,-0.7035182374187211,-1.0182081259415643,-0.8543362915301649,-0.8464844249469604,-0.9057314608078786,-0.5467549137329603,-0.7870803210321065,-0.7196178008769734,-0.8685322672188519,-0.7087004655999546,-0.48801919548125766,-0.49726883413657724,-0.7720237031928948,-0.3676174684127265,-0.5514457878201596,-0.4426973135993543,-0.29225351892179163,-0.2856831836133314,-0.34989882903396746,-0.25487850702722126,-0.36634224848999297,-0.23981401277120423,-0.09710696768627207,0.09874423932256779,-0.05345454716271967,0.16547022999826913,0.08319282883534586,0.16576961039449595,0.3444379232707822,0.06315268115445342
-0.09506882821937249,-0.1722579816898292,-0.38293312242928956,-0.39794066891182994,-0.49711616332627206,-0.34239944223478475,-0.2538636011524808,-0.6224282083964316,-0.7840875481621242,-0.6773415236908754,-0.43251819014380516,-0.508631957393665,-0.6299451189253906,-0.8345684890804888,-0.8916486260300343,-0.5672470233269428,-0.9534295883201878,-0.7625889675301115,-0.8871333735151047,-0.557423517159928,-0.6983756116173151,-0.6151238315281533,-0.65369808833711,-0.42547696184954303,-0.6499615934118641,-0.709526051438208,-0.3366934026426565,-0.5786473694712229,-0.42088438729891114,-0.2734404698849346,-0.37604370509123536,-0.45299549350442514,-0.2460466396166041,-0.02338447232967558,-0.22294039443675706,-0.01564201762028521,0.047164976309168924,0.06525739038385663,0.005223220016568071,0.057641350396508896,0.17871354045625035,0.3109005692255244
-0.42434299155428956,-0.288445088206403,-0.44568904926503655,-0.4094714557820337,-0.4489659006463177,-0.35473095602675514,-0.3548722162923394,-0.30059746503627244,-0.3587341623990164,-0.4233251286344069,-0.32801104793858005,-0.3923204060488505,-0.355011634125725,-0.3605694481700003,-0.3349491977933664,-0.2872464235595761,-0.3560910599345892,-0.3801162759413805,-0.3776794537173526,-0.4504758131030741,-0.3876428940307668,-0.37929110755320666,-0.2981054661428954,-0.31433323073029507,-0.3525954488315658,-0.4628116737979704,-0.41721401280684706,-0.39528066467250805,-0.4823141595659261,-0.3200152711205405,-0.43762337561298764,-0.31433771896351004,-0.2991136808767448,-0.36875811216449533,-0.356403514262297,-0.4561187767802295,-0.3119670940405209,-0.3127232561888957,-0.3090773524563217,-0.4695836571547706,-0.2943755743569504,-0.46864460892338217
-0.004444056386603402,-0.3133010590801686,0.13166214269617083,-0.33641678797661523,-0.605029592154611,-0.3933120491493661,-0.7771219571198902,-0.45434590575792805,-0.3753530384396566,-0.999944294303577,-0.9943228428653914,-1.0410287295055867,-1.3537223213578906,-0.7664758954836345,-1.4318484612452693,-1.2283315438733804,-1.2365799809296574,-0.9151756047103372,-0.9454255327500828,-1.2143573398724874,-1.5548133091525316,-1.2624371063459596,-0.8823433088515582,-0.9211587830391611,-1.2255093017356469,-1.2228452159415988,-0.732657004162031,-0.6262059364597711,-1.1786813744634057,-0.45566033086376967,-0.4565715344101914,-0.65553841709128,-0.6715290757662244,-0.8389439340128491,-0.30060183195755336,0.3217598936700666,0.26957717488569016,0.5795822942566835,0.5040140307476623,0.21818277773946607,0.5716695762731928,0.24034326613945625
-0.3487221028714266,-0.430819524500634,0.1251084644307047,-0.11384180682865781,-0.3944018559557219,-0.9151882189665165,-0.7232427034953218,-0.5093504117857947,-1.0747786766413778,-0.5840756567940213,-1.2396844872379236,-0.7957515095434989,-1.1867952186612154,-0.8969582711837752,-1.3174523528640671,-1.361487280883681,-0.974622061890937,-1.5753008378111841,-1.059557244021135,-1.5029963798124146,-1.4480327083080273,-1.2456831747327937,-1.1265355841680482,-1.1071724323420218,-1.5067376338350225,-1.0768558445541754,-1.0720506352064632,-1.0917519184243445,-0.6440999312807226,-1.2832548271998458,-0.620107273780443,-0.18598555736868186,-0.5603910104883613,-0.3223462653938498,-0.3239883226035508,-0.14665626637283685,0.1504530475541011,0.3326628714659293,0.7366026483880946,0.5146216197250728,0.3984758219584479,0.646351758873817
-0.36824398794538293,-0.21995700016138708,-0.5498570460276057,-0.24062548268474745,-0.5964371929113499,-0.3584350971093022,-0.5854286793597938,-0.8730812299313121,-0.49286957216415955,-0.9497185819561188,-1.2980357079035898,-1.2751826864472136,-0.9754203825894411,-1.1525581094174866,-1.3183136787117409,-0.88229712723155,-0.9741769404119434,-1.4753240462587227,-1.1530824576176204,-1.4758452641018878,-1.6233569877328535,-1.312002502554622,-0.9163193422110212,-0.8449194998531951,-0.7948868975348201,-1.454592092110186,-0.9526490438187696,-0.9679110992924287,-0.8442175598143361,-1.0434084372447647,-1.2120420834934436,-0.7014087195132918,-0.3709669407278327,-0.27285197840517833,0.09458189053155831,0.040837748241662614,-0.4276900359749865,0.31072041000951645,0.155862941295592,0.6921656231029568,0.7401334165005035,0.2119768687973319
-0.3589404525853276,0.026594785360114784,0.0065677971645711035,-0.36104432209770726,-0.19037530424315444,-0.4658952142584205,-0.24400158349543716,-0.7503251640823551,-1.0652024190780451,-0.9884848874490384,-1.1580903770345312,-1.0502885002812858,-1.077254136966779,-1.308557080618479,-1.3881473207954453,-1.6120422996299602,-1.654725192523666,-1.4883406360480016,-1.226794659066828,-1.2420155636544785,-1.415569167226387,-1.5867560915818275,-1.3224231540582034,-1.4207920357275827,-0.841978330616449,-1.345047547265254,-1.35791044848114,-0.7979882386699977,-1.3666581532384012,-0.6145134135017253,-0.6140593191985458,-1.0542671321014976,-0.8748750930427446,-0.4374733398211581,-0.18897332957537513,-0.3453247226896096,0.08532030230816605,0.2214651636490639,0.7299180531409039,0.29696418736746083,0.8440881297449002,0.45186069095472253
