gfs-wave-data.json
{"header": {"parameterCategory":2,"parameterNumber":2,"dx":2.5,"dy":2.5,"nx":144,"ny":73,"la1":90.0,"la2":-90.0,"lo1":0.0,"lo2":357.5}, "data":
[rows 18 to 35 of 73, columns 84 to 125 of 144]
0.02690589823825255,-0.05860101635103281,-0.015730793280401206,-0.037697119698691814,-0.024885483024137726,0.046377074891220525,-0.04475387766243108,0.006478120110081139,0.003498415735558085,0.03020581198725232,0.043975160386039734,-0.013013666230815318,-0.048942839335872054,0.009552748314583892,0.04301273902291193,0.009550072060310387,-0.03016998317790773,-0.015440042329534604,0.03442056520109068,0.025337793806680095,-0.05875046169352087,0.06935357206053161,0.01533040855048923,0.03033859363692548,0.01828698475500109,-0.004785729992764556,-0.0041206644967466954,0.039136954182829815,0.012053423335593054,-0.01780375783133666,-0.04020278241316401,-0.01674752218922789,-0.07467100770794736,0.01095154725028336,-0.036175332005128874,-0.02413477762662214,-0.03918062713871908,1.560968319728088,1.6607725005278684,1.7695298848367322,1.8575797260555815,1.877079866066365
0.033753253787763476,0.013989877628450543,0.012505103797558417,-0.004640236520260988,0.06906926685635857,-0.007204512164491967,0.03401981178000744,0.005222759916416139,0.019080731963851908,-0.05982455904657781,0.05304853314435277,0.03881245642564391,-0.026478091670063885,0.008595640341528462,-0.0034268062261667218,-0.0003746861246403087,0.0007384565603248969,0.04442772365486958,-0.045498440720640486,0.036410847679316585,0.05253878420041189,0.027990497930908135,0.013918918940998079,-0.07283533976422375,0.015384237960698178,0.02928293466751863,-0.0492226575592902,0.044642874636186214,0.042281761836249335,-0.05518928354274665,-0.03202148025852836,0.03337180077947661,0.02793747659831259,-0.010223481915672029,0.019222910035414032,-0.017401872570392024,0.03189662372818564,1.6064138259284628,1.7050430598668167,1.686941578598708,1.766837497532169,1.8002442389612718
-0.05831998044016098,-0.00543979193114767,0.010442429825556026,0.06597899341455586,-0.03400469790923737,-0.02667495770477878,-0.014880557884578387,-0.03053214061488954,-0.013351236658466227,0.0576517019583594,0.051305326568347395,-0.03265716798893831,0.048611180883436404,-0.02766310959472524,0.05647418060196521,0.013259773422678338,-0.06628548666499404,0.031724622960149246,0.018960643281539662,0.05312197392043146,0.04314987066781505,-0.052140624462229355,0.027706680291788563,-0.03139408794771079,0.019849960861471637,0.04083374109851298,-0.05620129934971318,-0.011388073308408393,-0.036643390589879185,-0.057608641763416374,-0.011874225296637623,0.06993767821259864,-0.0791038662484788,0.022714729750166703,-0.019307276581530457,0.03867665376937341,0.02161239057067731,-0.02575388260352629,0.07324348355131095,-0.03442872847847275,-0.06755484915721266,0.04848839808032659
1.0187866213323682,0.9406095020482066,0.9944457552931132,0.9279576267909908,0.7613791963201877,0.9471865836684764,0.8342653647855235,0.8424525181247845,0.8112937585869203,0.7178651976344274,1.019650880948843,0.8465198108774304,0.8623988346528608,1.0087649750455578,0.9117248463449603,0.9787836565763515,0.8414756225576987,1.0654847316432885,0.9285365284369486,1.0172689924222684,1.005252457524766,1.035422292290773,1.1623042102886336,1.0992731159351334,1.1047347754609218,1.143394224208688,1.2082688333172364,1.171528223504304,1.1465066155671675,1.1512959955058286,1.064406531685162,1.1700671931537436,1.2419667707907296,1.1955503390513367,1.2356407590489429,1.2247315102950584,1.2798056407136347,1.2852890821907172,1.3437547582228708,1.4094723263746936,1.3631632761222119,1.304788077365497
1.1322858427859397,0.816527089576163,1.093468516820476,0.9382548046099319,0.8980005373138089,0.9684561910362061,0.9159575317384628,1.020074898479736,0.7563390464586044,0.9837866416971895,0.931410883239042,0.9311928833641371,0.8833527000977558,0.9410244310118988,0.9307065070510053,0.8744311500119604,0.8666264198656245,0.8893208067167149,1.0297796132459869,1.1140056719928972,1.059351254965356,1.111745530394214,1.0160587961765368,1.129987747949925,1.1727895673465911,1.152524083597288,1.0521990946365725,1.2369773597058327,1.1756635632700922,1.1735537712768684,1.2470823229307988,1.1800270539814632,1.1757914587352953,1.2494483860406367,1.288559037164269,1.3412231621960997,1.2679175711753554,1.0865473288790155,1.3104257485793753,1.364104185071359,1.3649373094854875,1.2763096713396247
1.010505355026528,0.9408409302519367,0.9070129427776807,0.852197889334986,0.8627012037017978,0.9387778535515776,0.8876864193640115,0.9004487364540822,0.9599923201002339,0.8622508618624666,0.7722784848089097,0.8800881250213984,0.9155375073068311,0.9996715623551492,0.9233625547026667,0.9703171079163047,0.8817511917497703,1.0223332756617116,1.018287862924344,1.001291814521896,0.9871584847531056,1.0804032207477836,1.0349620571409526,1.098829595015298,1.196365411331338,1.2019387715816239,1.157929420619901,1.1602165669974793,1.1031580359245678,1.1163686634311287,1.1605755004634393,1.2633599779287616,1.2359191001736778,1.265180145492624,1.1147249241115922,1.2781405602568812,1.1983542122452613,1.2574859763796733,1.3085056250209284,1.2346518964599884,1.2594024158000057,1.2581095930951436
-0.00799315294368032,-0.010882638750941045,-0.055717934061765055,0.02184968477762447,0.037068739081377665,-0.003416369762778605,0.00824149023669536,0.0028462719065375217,0.006064434558696921,-0.015871125983508417,0.05590202283685118,-0.04040919347631809,-0.03271661142441809,0.0009978163136162693,0.04527916943685353,0.056886458235435415,-0.04247989361864964,0.016953998580085283,0.0039055827797095342,-0.035998876935468015,0.006960417923949986,-0.018992111116124456,0.05211583723081854,0.027973687340826996,0.022664838748571177,-0.026550164185191173,0.04259949917389223,-0.025952457320638094,-0.010496881079948481,-0.01749653731290731,0.0654029996495762,-0.048768824993327985,0.006366692899943161,0.0320432368181458,-0.012084490235795121,0.0007364994098463481,-0.0088824554847615,-0.0007424050552364772,0.0418930886193019,0.004076449272683706,-0.03849890333757582,-0.020646661415195035
-0.900568885928899,-1.1006546838283824,-1.0464402080712731,-1.0075942422436464,-1.090320558897067,-1.006968266867124,-0.9425562094165567,-0.673955541732678,-0.7697080029402925,-0.718847540072218,-0.9119427628946644,-0.7891628484206235,-0.8500485796939777,-0.6233478288589488,-0.6960764085311141,-0.7965286713377033,-0.802661631932087,-0.7888387687500124,-0.6033090974737157,-0.8275846091692595,-0.7004971120188258,-0.5026874447204966,-0.5965302025496199,-0.663765632052325,-0.7419004002317291,-0.6040487234537454,-0.5128021971847136,-0.6482831601918541,-0.7351196852064861,-0.49721318812364224,-0.6314621965954251,-0.5229101268972246,-0.5498746826996754,-0.7558231957826916,-0.5602379121573444,-0.608591971400415,-0.6248962320426839,-0.5486649720338408,-0.7471984422136989,-0.485688672270223,-0.6657698596803396,-0.49389940289390927
-1.1092242216046568,-1.1382396297375412,-0.9553769733450878,-0.962789237292258,-1.0570285980965433,-0.8624545669755167,-0.9256009402218662,-0.8711115891657558,-0.8938221977961888,-0.8219972661885564,-0.8102755646904753,-0.8801776875981262,-0.6746277560550921,-0.6876180771014018,-0.8676814204257085,-0.8214591960795115,-0.7091762277860179,-0.6621590344683013,-0.7302561838426886,-0.5404983496754148,-0.5425344617399686,-0.5283973811575403,-0.5212492772962293,-0.6658556468996464,-0.6054196341951446,-0.7305264417695072,-0.4910766833221588,-0.48151563068787584,-0.43961246810100396,-0.6202052314359972,-0.5762663602119773,-0.5179569268653428,-0.6848113441791451,-0.6015999256746013,-0.6883461935883312,-0.5480279743291401,-0.5761950233216473,-0.6191625638354051,-0.5765894094688668,-0.6815384954823236,-0.7267778513868792,-0.6855073930821036
-1.0457816140873268,-0.9627133399536068,-0.8105204025638759,-0.9794736480916535,-1.0045531619290529,-0.9716119639508501,-0.8666979830697765,-0.9519527872081238,-0.9650289974637882,-0.7467365081659483,-0.9029277544324581,-0.7736171181906355,-0.8026832792173954,-0.7010224638646945,-0.6743027741356009,-0.7407524724541504,-0.5582365595545546,-0.5565457853688842,-0.5831598218555705,-0.7578141980481957,-0.6862654666397965,-0.716604424428186,-0.61111158536662,-0.6767909401846457,-0.529683655106681,-0.6578869120933389,-0.6139886831696854,-0.6554404725427188,-0.5240604116269678,-0.498353926491387,-0.7025059337808898,-0.47846868908382106,-0.6715418118782662,-0.6791654692096263,-0.55254255122183,-0.6013091818126478,-0.5886306249935087,-0.5777892556126741,-0.5837400245973376,-0.483510183994499,-0.6197993382001259,-0.6896411811252738
-1.0946566909222135,-0.9617960042015198,-0.8956499527036018,-0.8100560067404022,-0.9626947376265884,-0.8829425488575289,-0.9199935255959364,-0.8172450922598798,-0.6703264296684008,-0.7386720862357147,-0.9253642458532163,-0.6457346376614876,-0.6223044938246234,-0.8919428429390499,-0.8262825941268631,-0.6084424920415474,-0.7330007620192143,-0.7662441824089439,-0.5934851828229852,-0.6899045821179262,-0.5290328730237156,-0.6620070919576728,-0.7267480289954923,-0.5146342075960966,-0.6396263233716407,-0.7088090537495864,-0.5878927376929687,-0.561958324243472,-0.6881187132703243,-0.6796272806869776,-0.7107007582849506,-0.6657727491489517,-0.5803410769329501,-0.6349447405995894,-0.5953320930047846,-0.6012281573045123,-0.585737274686297,-0.7374482334958856,-0.5715342180972752,-0.47806330205716313,-0.5456008734041654,-0.7513972173467046
-1.0694173792861548,-0.8598046115426922,-1.1381608944171162,-0.8826770535532553,-0.9883226335072932,-1.0972213323317126,-0.8824114669159348,-0.7593401562506163,-0.7153420355438099,-0.7196277251298568,-0.9728767863602978,-0.8779802286331723,-0.607591917156478,-0.8631470065383539,-0.5875436968158327,-0.6529587705090263,-0.6906712069337566,-0.8270567105701514,-0.7917212318319241,-0.7762857891029511,-0.7878236705927881,-0.5692531557795443,-0.5187844612774251,-0.6090672907862181,-0.5985981639187639,-0.7002818570425838,-0.6335724743671232,-0.6082753110564052,-0.4203366383992379,-0.5925301376662575,-0.4730561902260814,-0.5249830644397077,-0.5733056742438535,-0.5893882780657637,-0.4451364087008663,-0.6231856875617833,-0.5002646790308177,-0.6040773455941408,-0.6161338860297468,-0.5420711965980305,-0.7712439138413159,-0.6749349463790978
-0.014428791735398874,-0.059712436375381595,0.05280833257719075,-0.06779233394593095,-0.04226737927603018,-0.051679803393035566,-0.047253197068883576,-0.047535689771944376,0.030346937009342673,0.02120452103222629,0.04541522864766556,0.054758435072284325,0.009571319428429249,-0.019862329806661493,0.01381907615080613,-0.014512283641470088,0.01935084631346617,0.03322679570016081,0.02213256640837435,-0.009189983423616557,-0.05404835787999981,-0.03858714141439451,0.058166047059656084,0.03644069752364366,-0.03999240019790023,0.038290254762960906,0.06776071276159133,-0.0013053938969709536,-0.008751002042798058,0.04031357812174018,0.015734763318876483,0.04119015331351849,-0.01473159796219384,-0.07161263294623393,0.01787237025662983,0.052566812228996625,-0.04982984420461864,0.06905361375357655,0.009301648605915104,-4.10193081336886e-05,0.04466961574287405,-0.027716528799962573
-0.635121131752673,-0.7625747530598045,-0.6460229963450519,-0.6394089763203694,-0.6357188597972178,-0.7655027439783136,-1.118466286428022,-0.9568635334865617,-1.0455120546933783,-1.1657982849514996,-1.1862567664235997,-1.251979024406307,-1.2387729288046545,-1.1930518106636077,-1.2240462560602319,-1.0877720057667943,-0.9017010598430051,-0.8968789095238839,-0.8899801564190062,-0.6857327809149165,-0.5850327190333183,-0.6178231862188195,-0.46411223339965707,-0.5237696218036653,-0.4972120365037426,-0.3787078125532365,-0.42726273481624594,-0.44297174406652573,-0.4866648596417192,-0.49775445898349896,-0.45045689680113427,-0.4856015807247218,-0.5248263104902688,-0.6126825471643104,-0.6265589723083407,-0.5082143021321335,-0.556934726346776,-0.5069036743566814,-0.3937646950432065,-0.4504313802370518,-0.40894540565996057,-0.36423946759452075
-0.3964528414530048,-0.6905760551633415,-0.5447596847447651,-0.6235711575159624,-0.856098914377937,-0.8431836448708911,-0.949886284688381,-0.9636480644059288,-0.9600419216699877,-1.080354642344531,-1.290700823414994,-1.1993170038362366,-1.2573949661124633,-1.069222475353158,-1.0147911893258452,-1.1357602533918425,-1.1161185394310342,-0.8187474831453398,-0.7426956902766193,-0.5828829692915181,-0.6316593484425735,-0.4032297477761706,-0.5978719279237074,-0.34808981452615156,-0.44498904744459855,-0.29422461701232633,-0.33379592366585314,-0.5081608854921946,-0.4091827880484355,-0.4479874146434898,-0.4723847798198095,-0.5160195784335014,-0.6194862618705512,-0.5180961573487691,-0.5484070858283557,-0.5907439589559338,-0.5129107134342887,-0.5220489881351732,-0.4221581014488545,-0.3961372091701731,-0.396035525401543,-0.36549127048111435
-0.6292967981810307,-0.6154031177978666,-0.7162588875616397,-0.7301981793641537,-0.7363016314405461,-0.8327990722176474,-1.0193078392986104,-1.162205935190127,-1.2463764981590124,-1.0289701341648982,-1.2616905305808865,-1.2954433954282436,-1.12501150420405,-1.1925296513725336,-1.0866248299179841,-1.0702664623867182,-1.0179329301266609,-0.7328798481071108,-0.9062111918487428,-0.8595159505553198,-0.6782979844487671,-0.40076123458137547,-0.5247580675676126,-0.4488171127174395,-0.563893616002523,-0.3335108437169047,-0.33815113876945824,-0.37051297234501235,-0.38724465543551484,-0.4703443909437129,-0.43258079406019767,-0.4948180694160108,-0.5362333493612488,-0.5825662111246611,-0.5700952869712604,-0.4516811835294756,-0.5314721606251758,-0.5291942064491196,-0.3944344521447845,-0.36262976821359477,-0.3673616037715791,-0.3677987251409375
-0.4351679331461813,-0.48290254291987594,-0.7222653416835764,-0.57632314207614,-0.7421117868873202,-0.6799071556707893,-0.9394869756424242,-1.0929398647493753,-1.1038713876362731,-1.1286450385598903,-1.2875152731228827,-1.270037387898922,-1.1803278999781814,-1.2532459334220516,-1.091553151567238,-0.9083064287205996,-0.845337337235635,-0.8311148090840885,-0.8262541120731056,-0.7385760453155803,-0.6531009752928124,-0.5778053245736035,-0.670591664809503,-0.5353801302641171,-0.43653976783445236,-0.32216024809719984,-0.5056369035567951,-0.460509281953938,-0.36432099562266596,-0.4043502424019772,-0.43442482628036094,-0.5048129948221022,-0.414364713751583,-0.4321153999687546,-0.5907594550763187,-0.6162736658128962,-0.4020577529629245,-0.5594997403979043,-0.35880850292969074,-0.3975778282719288,-0.3882770308078401,-0.3192396331801441
-0.3971407420311503,-0.6426061714679114,-0.7829788117004746,-0.8178324822673869,-0.6481555006762724,-0.7808607181301689,-0.9711501502661184,-1.0847924018668222,-0.9700825311119176,-1.1524735165418085,-1.0530984264450067,-1.1941478724594832,-1.2498019566069587,-1.1048007836519582,-1.0387130550385564,-1.0050440469082613,-1.0641394920179157,-0.9106261716694155,-0.8816985031933543,-0.5988828622925104,-0.5305456037812627,-0.6938111507112112,-0.44582635925868863,-0.3771265875043414,-0.3133068100854279,-0.5525744216375806,-0.27147280626012654,-0.2853820920643241,-0.32224171801125506,-0.35761414285776805,-0.4975523143813915,-0.40990919029413675,-0.4468019972280414,-0.441312258673282,-0.4851648112922607,-0.4816929251319479,-0.42836912940428573,-0.51542258536044,-0.38615618928537937,-0.3630217089041268,-0.3063687572770563,-0.29439086693298216
