gfs-wave-data.json
{"header": {"parameterCategory":2,"parameterNumber":3,"dx":2.5,"dy":2.5,"nx":144,"ny":73,"la1":90.0,"la2":-90.0,"lo1":0.0,"lo2":357.5}, "data":
[rows 19 to 37 of 73, columns 42 to 83 of 144]
-0.038603044888022596,-0.19321752839669795,-0.17191579211272875,-0.08185349562415702,-0.08266319984486281,-0.13938773781502978,-0.17487717079947815,-0.11776703045760874,-0.16337601465176665,-0.16454453445546985,-0.16990020537525694,-0.05273249949116635,-0.09335172461368925,-0.18360589246037254,-0.16266990111880356,-0.004793286054817383,-0.20144434834919778,-0.020626405654650088,-0.008606553221543177,-0.10336402710716346,-0.06316338506492392,-0.09819211206731195,-0.010574308257294985,-0.04170892455002755,-0.17364620169563402,-0.05639954300354106,-0.04450449986505919,-0.11333136769167879,-0.008483051040833512,-0.18828744500308858,-0.19587083706320724,-0.12744025378226007,-0.1358885229304644,-0.005841768457933432,-0.023335362597405776,-0.19965622973152136,-0.025532400717298637,-0.1522760584568576,-0.030708998592741954,-0.021497235677219867,-0.16229633336322855,-0.025354093492045093
-0.0021489780405466712,-0.052467799380910264,-0.10652462588429323,-0.053922815809098884,-0.1274407785050785,-0.08510007965342935,-0.13802871185032553,-0.11106036744650781,-0.11935201712220253,-0.0970847411531925,-0.07700962749639789,-0.0956158084925914,-0.09574947701791821,-0.04733361940610902,-0.03160452242865378,-0.1820160485592753,-0.09281129532976329,-0.01974215813176095,-0.13788208724098336,-0.18608862731313083,-0.002489331195865853,-0.058445090488572445,-0.1809842095478079,-0.10397593589728567,-0.09912596854705127,-0.12411166578237046,-0.14996373617965808,-0.13383477149579445,-0.1645442446255924,-0.019365858474626532,-0.0768831948874336,-0.1811077846382774,-0.07657483561073586,-0.18277802667054383,-0.167908600180097,-0.014917339701789455,-0.11227316117275583,-0.1675468513874506,-0.13214677628501467,-0.06405754478414405,-0.1356719584064142,-0.04270450442876088
0.12634324157031787,0.12474508311368215,0.2707866809904357,0.3245713219618048,0.15384390347241103,0.24098796341422252,0.27278593545463387,0.3654658497292441,0.2875806613267667,0.3857006793423422,0.46399408925763175,0.3938457560139799,0.45922446974654985,0.374551164924808,0.29327666669921554,0.28132430504157224,0.3567255922636279,0.39681929862928894,0.26160364558461097,0.33935749495136264,0.25974091838978514,0.20956443878578326,0.3280656680316333,0.27658429212790403,0.2969917046539105,0.3376580331382416,0.1336686884108067,0.043691486955544284,-0.07878779336992554,-0.10882026179254477,-0.20005487240509304,-0.14649821091130755,-0.011712585460755898,-0.038270410976408056,-0.24236614343367743,-0.29800115220431245,-0.19983757576070976,-0.128361876540977,-0.23092671660859304,-0.3615858773140472,-0.47183734641501474,-0.40864020448486565
0.07206795242527796,0.18541166677714974,0.2392879047559062,0.24512441651171257,0.36984513194648033,0.30956494230081155,0.22434302519179547,0.40784597779237564,0.29971858586397526,0.3245780784335181,0.3350815983924444,0.3410755996880816,0.3771105710072069,0.25836484174087343,0.34271887605274015,0.3805295745699164,0.4913809583251671,0.4641603013962142,0.36788029479591533,0.21753761996508134,0.27346517831620476,0.17605928851630653,0.2839352575207972,0.37603228566025176,0.2859610499336837,0.3530984636139774,0.19156664984200014,0.29254902851526815,0.05214866062152073,0.18408825746785087,0.06950979476996691,0.12265736701767992,-0.11227724970168958,0.03398231724166549,-0.20352231427968223,-0.1142578462368782,-0.08365753420856956,-0.17104701603081351,-0.2507909206723714,-0.20938660318204422,-0.4389695976338388,-0.2775649746985063
0.1731000408447325,0.12501925855622575,0.19491110971573045,0.2155417775467212,0.3886524485339745,0.33689788107288776,0.3589853862606108,0.3153741977334048,0.356039158970046,0.44608861940604544,0.4405474837655706,0.3084774407646157,0.45876414491983797,0.394058087872953,0.4583323139163741,0.41709498522424354,0.49457936510638334,0.2870260566299768,0.4294741365634374,0.29024835027184115,0.42324229740923186,0.37591927671918385,0.23478683169254125,0.3422771592015543,0.17435083253125477,0.30454770350057403,0.2752212508871409,0.264217260090337,-0.07181713561638504,-0.1248100729726097,0.01898031506439925,-0.1534085289493847,-0.18485151976186082,-0.13230426531868233,-0.10261838814989756,-0.07537987754483154,-0.3526634381757737,-0.3966919001886434,-0.2815567317525059,-0.24694098295536487,-0.362108444741498,-0.2830029030327479
-0.17146741959911072,-0.15514356144502225,-0.059745666591756584,-0.10519512138708087,-0.07638245384736757,-0.18197513761043127,-0.15579912221152703,-0.024402217993114608,-0.020847108743203262,-0.12180142218989677,-0.1814875986570752,-0.01971260498138141,-0.16495607600865397,-0.09571049620599656,-0.02181439943253374,-0.0399898242715284,-0.16509891995619128,-0.06430425769852184,-0.03973258607986811,-0.10499589523940789,-0.18411727463751842,-0.033760110735814496,-0.19832494976789983,-0.19260854929433419,-0.060232385808641806,-0.005844881899283978,-0.03271974954290296,-0.1492145229246375,-0.15601312796121186,-0.07142831098834587,-0.13670816784632767,-0.06812845503581465,-0.14109771313765196,-0.1482425120052615,-0.1918378474915928,-0.13298492989104505,-0.11105420473664182,-0.1538888128686302,-0.18497676550937464,-0.07052416322659989,-0.008319703938141661,-0.09052213630942878
-0.20486231843275482,-0.34655445494829257,-0.14917032357171928,-0.18616262502436356,-0.03221223773602882,-0.2710969111031737,-0.09149712512362301,-0.1503074838835347,-0.31184528880657636,-0.3005874081848933,-0.2733995433597803,-0.17399231240259713,-0.25401200592994594,-0.31071004913284705,-0.09975251654049391,-0.17044399867921137,-0.28150506081786425,-0.21802904863905956,-0.3666688461927605,-0.33275357292992125,-0.2686731506238292,-0.2731034697561432,-0.1909806481650753,-0.28492314304957395,-0.20361647886489895,-0.32265532965300336,-0.2071803728638073,-0.2046593427514437,-0.2662321238053057,-0.22064018002395827,-0.34556207621487545,-0.6579523952579325,-0.4299469248046199,-0.6582424422931518,-0.6530458658876434,-0.5589163018095212,-0.7220217735050278,-0.6213030290621476,-0.6678477314010893,-0.778792619992917,-0.6712349602366818,-0.6467206024040776
-0.2759664850147856,-0.10433455572348904,-0.02609386953943765,-0.2738817718407202,-0.1662853105473089,-0.11045981568578492,-0.15494167353332555,-0.17883676124482817,-0.21889494404029777,-0.34777778326974085,-0.30939389884290663,-0.12236209726345783,-0.2097990534575138,-0.27997454543462397,-0.19664411332972775,-0.2321150543691355,-0.17178945844551474,-0.18364618456001472,-0.15862665484562413,-0.3669492435414804,-0.3422949722755469,-0.16388742881050503,-0.18277076051726027,-0.28742790846847416,-0.2663575178853242,-0.27905742907651526,-0.2627824304161382,-0.27333318294284104,-0.21528754680488435,-0.3067741080376382,-0.4472798348974338,-0.6492837056689189,-0.632637990506692,-0.5323962820882756,-0.6845852638696954,-0.5016753242605143,-0.5624395600909913,-0.6520189828887341,-0.8480310603501028,-0.5395032213457258,-0.7475337444548955,-0.720644059283981
-0.13602763209076973,-0.1683768527098647,-0.06945357857098673,-0.3144822343302222,-0.18600361993985148,-0.06462039034854852,-0.10102092604424237,-0.194268476695277,-0.25284072393910717,-0.05777302355807912,-0.1556817570397813,-0.06966613196994519,-0.22570440993515714,-0.09722852953781953,-0.2129710617082977,-0.21529521066720958,-0.2949116138012875,-0.23269430863651475,-0.25628883637121297,-0.2909634486350939,-0.3862878164711101,-0.2954686970136421,-0.34803344705159,-0.3319963279027585,-0.17359656978998203,-0.34427770630664417,-0.31837570570913126,-0.20442342037101963,-0.350201979931959,-0.36025816418521434,-0.31988896079583545,-0.5942465334831009,-0.6574960157765993,-0.6090449973481917,-0.47191536787767085,-0.5757399428571336,-0.8117827222794668,-0.5930946490968125,-0.5416766924026918,-0.6985398835370233,-0.7108178363051514,-0.8320287735156507
-0.28056352331258555,-0.016243515774167862,-0.03228172433123173,-0.026385061570431734,-0.16430133579814302,-0.28920289603032107,-0.3407227201927297,-0.26253750756803257,-0.1668487992220591,-0.32784147761053256,-0.20648085117295786,-0.18158286676200902,-0.29645791929833204,-0.13427124923769054,-0.11123038904876073,-0.23545828287628412,-0.12032806656757533,-0.16098255153849308,-0.2817627813241191,-0.22462508127207725,-0.1739591637992208,-0.3521412318450349,-0.3217938860760077,-0.22153013460660834,-0.16535221954504412,-0.2698078179562231,-0.24330464119133138,-0.36655250126030103,-0.19317152961639014,-0.20339992965048898,-0.35024537644657217,-0.518609335558746,-0.6465625694556335,-0.6253735520985331,-0.7318550977662449,-0.7279552165274312,-0.6976075555442681,-0.5698019128516819,-0.5893711910454584,-0.6182879408533817,-0.7267822182335006,-0.6377999541715184
-0.19670775619266892,-0.2196136294721367,-0.028120547865270004,-0.2518472350617842,-0.24931242359194292,-0.30747758040945544,-0.13348769663728474,-0.12136502777921586,-0.28836769827634806,-0.09671624980790683,-0.1322746900911842,-0.28202489461199604,-0.21876182553415896,-0.19832286253376755,-0.13481293690764617,-0.2606492191333885,-0.3083318798263394,-0.16735696251404947,-0.22015199114000217,-0.23671017177731551,-0.17077983592785545,-0.29197291988361246,-0.3440938164168611,-0.32066360009212624,-0.3053751524847062,-0.3748338831040788,-0.1976040130685748,-0.3408834678318609,-0.3118069931860533,-0.420193682833213,-0.30608782314895433,-0.5922946036133857,-0.774308084602062,-0.567339208401055,-0.6569463362088479,-0.7883694093127591,-0.6716565908128902,-0.7809273890760945,-0.7746152181605045,-0.710350546380406,-0.5097908894609974,-0.6509526408173768
-0.2234426366726189,-0.22551434571694187,-0.22818321139708672,-0.10705739554575754,-0.1551934244070277,-0.18030525351521265,-0.24046738464063677,-0.20037355596634415,-0.15768167628747554,-0.23016100629005107,-0.05503509657911963,-0.06863072986076199,-0.23076558979210013,-0.13312456942567596,-0.06448916510461489,-0.05204194702046095,-0.22245879063204968,-0.2294799953355042,-0.06621092522058471,-0.11424331275031215,-0.06489295370278352,-0.18642537257886233,-0.09903157342797982,-0.18442342956907332,-0.2385189631851949,-0.10876661532527385,-0.09256523754150793,-0.045962344342833236,-0.16046651447024288,-0.06379398903923296,-0.06051901667609454,-0.2241468890540756,-0.1724751649847102,-0.08373647187183257,-0.21788453314097225,-0.057372298275571325,-0.07058537441806419,-0.17376972528570916,-0.17717238337216454,-0.15264502622272239,-0.09973532851097378,-0.14409482439787671
-0.23447597590545605,-0.17715636843478677,-0.23336456129928843,-0.24519310200923108,-0.060108971017769915,-0.0027180429741539827,-0.024499490245355325,0.1015206131609084,0.10306120261264201,0.11947643825831124,0.1853118049589833,0.1068067398122088,0.2025076153454835,0.136131059369779,0.28362199342591543,0.21438168695648935,0.2726703778695866,0.3167651132606088,0.2310301601043767,0.3141869442938221,0.31174800773564587,0.28548730624147295,0.2975895046516964,0.28376520074392203,0.23552122527297942,0.30538427745258157,0.20843302296175217,0.28770020028045024,0.15245343485043855,0.06270704523909389,0.05584544067356535,-0.10284461394055588,-0.19971885879300685,-0.34870091826911825,-0.4152222194529193,-0.4865022414394398,-0.6486734689367426,-0.5927583581955113,-0.5990526014812083,-0.8549622273398715,-0.8429932403391006,-0.9755461182771055
-0.33796054992035507,-0.18571402291005143,-0.17985028555826688,-0.1322985478344916,-0.15956671091951574,-0.07427290305117701,0.027336736417324477,0.05865013938708981,0.03558306711223571,0.2048080891322703,0.1635702702143566,0.17007842169681775,0.2067229277231867,0.2906330520087694,0.2250610049788419,0.20259798216765051,0.171061105573693,0.29026131863757265,0.24341054270128135,0.3442292868201716,0.3748190197816719,0.32809422866889515,0.2646879617910043,0.35836288634676217,0.24255056330593674,0.33909348517923354,0.2701844310859084,0.2095171068751857,0.15048974460851017,0.11367334034646089,0.057440399491162565,-0.004934298092764955,-0.2517091917834347,-0.35814607521089675,-0.2649314749056801,-0.4173710927889735,-0.6198858949440434,-0.6850770425874699,-0.6465936888531498,-0.832883247607719,-0.8232243169094143,-0.9023650904084508
-0.4002995378041126,-0.2697624785718747,-0.2029296406044462,-0.23390807239038325,-0.1393967542080407,-0.03847432768952454,-0.014247511840909161,0.09822781440114749,0.16460679991902877,0.1872778913348252,0.11564449080293786,0.23472907904959353,0.1989209295711626,0.20174559790032137,0.15606102155720153,0.23086865502466902,0.2114865549344097,0.27502234180778234,0.30485730760946733,0.3479608794142989,0.38853018670746803,0.3881066010245449,0.3216364816333396,0.34592142807958004,0.3346677694553219,0.30923739078279405,0.27972945728674536,0.16174865204289565,0.25461026278402815,0.05513058822422627,-0.10317723908171549,0.0019449657487667373,-0.20963053996256045,-0.22082371096236975,-0.3522685294203541,-0.6124683415041993,-0.6366258708086159,-0.7892417605626911,-0.7471062134351424,-0.6724792184582618,-0.8508038825874144,-0.9053994583502868
-0.40172604489638236,-0.3309168580788571,-0.1539828625285943,-0.21113390743597746,-0.11426579343046192,-0.07946883367479068,0.05388210727913401,0.024414292137089108,0.03567909770175385,0.13131932957117287,0.19061119378338331,0.22496955611150007,0.19363413429526663,0.22545257400153604,0.24123921352333325,0.24547230098609787,0.293053226493899,0.30006096791636494,0.3009711571397026,0.3505876772469938,0.25724467948363255,0.2616603683477091,0.34570938524937844,0.2976260899795388,0.26808648802286916,0.32219724721987403,0.2449787939080223,0.25414939508793266,0.19459197996298858,0.14600659410610964,-0.01209838188582106,-0.18645379298998158,-0.23005495334499934,-0.3717663440631097,-0.5659966519416693,-0.41278707643288765,-0.445940447741715,-0.6139958261147438,-0.6487563406647171,-0.7747938999318165,-0.941558968315259,-0.8807240338946604
-0.234220543772108,-0.26740478786621175,-0.197305586990242,-0.1791334530219037,-0.12446935904622411,-0.0699199652617091,-0.02174348399332779,0.04302268704075494,0.09907086739194818,0.08389064425433476,0.11705088654662696,0.14132199715580115,0.20272697903558437,0.2608971285000265,0.1948321059767345,0.23891810569014763,0.23288630962377563,0.2764180508197904,0.33737606075195475,0.24062386357646787,0.3538122788342621,0.31036742233832787,0.35979067390766417,0.34290717713155455,0.2864563880672341,0.3602964732358143,0.3004792858410707,0.17072709933484445,0.12159708455082796,0.1798914293309347,0.01734690215671389,-0.14013151693948195,-0.24030965811536398,-0.48150627452042394,-0.5596867067943606,-0.4514984021538065,-0.5157291604425766,-0.6676312709421744,-0.693798103122751,-0.7886644657152961,-0.7946379697344453,-0.7870837064392522
-0.422205403491057,-0.26480361556339144,-0.25764734306286907,-0.21924902218719833,-0.05070235574422526,-0.07756840139147454,-0.032795509297189544,0.05461282140793617,0.16545306979209076,0.18239049557618311,0.1506922566416583,0.19280653205622003,0.21950667953815814,0.24932321050734965,0.2239375755183262,0.3347655638464966,0.31748344746184964,0.2693647187448014,0.35417207223883485,0.32539168133351953,0.305886084502421,0.39227786093514205,0.2915516211143691,0.45131377353820123,0.3528324480537225,0.22548430606547457,0.32364762807132796,0.1683471564683916,0.27489397677340066,0.006362757320846246,0.09901338723239873,-0.08607038417889475,-0.2866344844168916,-0.3337530655542008,-0.4449097240141249,-0.6091401446105936,-0.7706563712266458,-0.5804678906543532,-0.7345709075534247,-0.7728044460908309,-0.8859721916553586,-0.9255965968629706
-0.2730106547691162,-0.35212895811808476,-0.17732343441684453,-0.09816820848481254,-0.1373027439937763,-0.02164575105021962,0.056294494154514686,0.06788081232901941,0.059949298522347545,0.08709597408808831,0.1978186981929052,0.19112875761613085,0.24584449442606887,0.20035047410330162,0.33585180496386546,0.2870961976318517,0.2904685525925847,0.27668143451619853,0.36423418679096903,0.2543386777474909,0.3357415608072408,0.3834379320545989,0.2704065511507071,0.3718668384301279,0.3012645296469213,0.365637928722386,0.23575343396671858,0.28677796168367864,0.09671393961654104,0.1438287533215219,-0.037318487465942345,-0.09303271200473333,-0.10509374087597839,-0.39414500699006433,-0.4888910477317733,-0.4963883041319292,-0.4975044541292142,-0.6450681247657329,-0.8301976913177437,-0.8307283468258463,-0.7708826028460197,-0.8425778447810651
