gfs-wave-data.json
{"header": {"parameterCategory":2,"parameterNumber":3,"dx":2.5,"dy":2.5,"nx":144,"ny":73,"la1":90.0,"la2":-90.0,"lo1":0.0,"lo2":357.5}, "data":
[rows 0 to 18 of 73, columns 84 to 125 of 144]
0.598928189727452,0.5696383264916021,0.6684925039022147,0.6520372265964174,0.5764267652973161,0.55605887918724,0.5010416141254956,0.434402652394609,0.4507772014026266,0.416124955816361,0.37456357265963053,0.24499398534513966,0.3512653715953274,0.31704728900937423,0.3697524290800556,0.4232157256592089,0.2789020937279837,0.4255984439528593,0.509333554537225,0.4608577186933542,0.38336948726585063,0.545026782090663,0.5063125658225631,0.45359384913077405,0.3987786157321187,0.368215478824605,0.3249515676740128,0.28121781145187313,0.23777811468188656,0.3394143189742157,0.25994279647808355,0.19309029194680058,0.11893917696634092,0.17440125787908356,0.13707278299097828,0.10130751232301087,0.15533467427188205,0.0996211967384155,0.056496598770318596,0.11726624640899483,0.1795645256106726,0.14029453269125716
0.7286627643424465,0.7385634984325145,0.6889595799220127,0.6962881130714684,0.6656955121924735,0.5033798841969492,0.5505513431565235,0.42030920178985876,0.37836356204399924,0.3214688014860671,0.32690663121206764,0.2819184976878525,0.2890883443117887,0.3103527436556105,0.3503018275054069,0.47053371137156547,0.31147534576984265,0.4450907808854899,0.34830923671373726,0.4636590345944658,0.46409420497695125,0.407596184976275,0.5447037148348755,0.3577137420889763,0.33556993199170754,0.46455695768402105,0.4497943097294509,0.27785350818111154,0.29213938097219183,0.200353780588085,0.2874246503844951,0.18729345149067989,0.1101662022230318,0.18819195553961912,0.07184508663619886,0.1373366148360236,0.10107872682178769,0.08056807642151789,0.15762878694065524,0.12306094185251372,0.13616872067501448,0.1820247094281393
0.6120150644040921,0.6498222699903965,0.6941200795288283,0.5840092033869816,0.4682411537526214,0.5803795524183838,0.5118530363271798,0.618554260143163,0.4186238740364934,0.41000905955232636,0.4152878543501028,0.34942974920751557,0.23751300306506173,0.24944321711348372,0.31501350070201156,0.34832796815578887,0.3336516439008594,0.37410089017591036,0.48270860582245606,0.3744595849077447,0.4655338511621851,0.4203182565799957,0.43956505746340124,0.4705726450202764,0.5276826375790602,0.3816689220051203,0.3537931061550563,0.26147305511286983,0.24975322861267513,0.2910660338326981,0.29662845877444616,0.15693844177298977,0.17228811840185634,0.23437430316443486,0.07136371649670306,0.2087025645704866,0.08328502855559443,0.18480194816982998,0.0812561291511453,0.09742511834436617,0.0799065844738387,0.1444150255843665
0.7065944849858309,0.7342236114566543,0.6839204902766116,0.7001726236611436,0.6173730692093073,0.5725249033842826,0.5573105745857807,0.4376588235154803,0.5087589010476552,0.4245389515405265,0.29606421075123396,0.25759658322551027,0.46039188650998364,0.46691896318766996,0.4398248041112451,0.3412527601996815,0.3182934396214652,0.44240162678672623,0.40266106762642473,0.4251921280187796,0.5881446383988489,0.4014932837123383,0.4392300573390946,0.582683105993907,0.3925503522063673,0.35141524073934255,0.35110995544857093,0.39833640311020463,0.41742370021930225,0.39333781494062564,0.2381845376405638,0.22359959188407583,0.12229582036290086,0.12271748141999078,0.16965717290591809,0.1441998131778024,0.17586570997609136,0.06689953462677807,0.1417312323822306,0.16429269681456746,0.15403799889599237,0.13187341995448687
0.7044309929011761,0.6231249418636305,0.7581069315831452,0.702833471872102,0.5470046105887787,0.6349692358116151,0.46687136060776013,0.6048159745564058,0.45669372775771777,0.4584303764835251,0.4654762571110591,0.407707436876959,0.43900362665518766,0.3273890458965102,0.37313908000321844,0.30183297765009776,0.41686823027117326,0.4969916016086641,0.48980344401855463,0.44952792483554976,0.42145754875979574,0.4674026425710881,0.5464128837345257,0.38022823239862613,0.4020579018445851,0.5049876738936743,0.3293585499319919,0.3119011756888324,0.3410113363598977,0.3443025322705365,0.18794813708835081,0.1993699930150897,0.16004560261510012,0.14993324122087062,0.17354285898739485,0.12301070230290995,0.11877204993665466,0.14089229268543738,0.11903670429759498,0.19230977756689976,0.17147863475796593,0.0822188096988524
0.7847998705468866,0.738589740310057,0.6409750495022373,0.6267668304231095,0.5689405743137633,0.5937761849458981,0.41221299137767675,0.5005140256412647,0.438843351223239,0.459483012690431,0.3182961421845632,0.4653546468287404,0.3135317373723992,0.3107095410062613,0.389053488038479,0.35758728929817407,0.49368959567300197,0.33963186297202386,0.42271385885792295,0.4126191383764393,0.49631669631178466,0.41920122724614883,0.49368436113618863,0.566457449299819,0.5205609728154373,0.43964322877015577,0.4028211244302156,0.34016272300263567,0.32244429157274473,0.25851495118319034,0.17981233422850162,0.23271108002494115,0.2806127797352287,0.23016798916594183,0.24800998804521632,0.10649647965068335,0.08284944459736797,0.15749111957655987,0.06936206522449204,0.14499972681084916,0.12383472494239739,0.22259813622289923
0.7315334951933382,0.6998709719721763,0.6492833706481321,0.7337756619338254,0.7816917953978575,0.502963378375223,0.6664840287453198,0.5637147304743472,0.47829653118730503,0.45026947243817916,0.47730863540630825,0.29723283814898416,0.27257421237974216,0.333040750131326,0.4531602092117742,0.4336601590830522,0.35867596619493386,0.4734855134444773,0.542791856453511,0.5364935095258886,0.49008780804784663,0.4485177089779156,0.6175160369785522,0.4258470207125391,0.5117769486040205,0.43190717662835904,0.3654530012910799,0.4447208270653313,0.35062385601145746,0.27614444629901036,0.2591796134273147,0.20661031096752958,0.15414423068320912,0.2825307840170079,0.19779410718519871,0.17886758084205576,0.1591751076982905,0.11972402318226348,0.10593483162433928,0.11237942984592156,0.08888960725806641,0.19198131224690204
0.6595392507701932,0.658313293969085,0.6307224071383232,0.6635477695671618,0.7079839295787005,0.6716951814049145,0.5589402985474039,0.4492083976204363,0.46944459131886057,0.4047148338733643,0.5001783391068151,0.25187367928989074,0.3534016994460956,0.4868424370116304,0.31575617227621344,0.4216427490865981,0.3272692808023179,0.4222650615574768,0.5278823991907637,0.5771001895795077,0.4509770692866003,0.5723659816042591,0.5119288445477321,0.541640209090997,0.5892559166960047,0.5255414398240863,0.3583427345855322,0.3179953576073486,0.36247097816907764,0.32696571201369223,0.32419995438728233,0.1733705788210488,0.23405125205877209,0.1513673436645054,0.196959682298314,0.14575678431592362,0.14029375373188985,0.118485672286528,0.0932153931464386,0.11989394419921019,0.1319234122760631,0.14094964879795682
0.6699744961674287,0.7543241308082724,0.7964365618358914,0.7585416442298301,0.6802047074390467,0.5825151623115423,0.6193208890881465,0.6000152241634262,0.4675659675060792,0.5284859817199705,0.335386970669598,0.3929315966226839,0.34018944361149245,0.3584475790269115,0.26192888085163035,0.48173272689860347,0.40372502700190616,0.5044856675552343,0.5038625722656072,0.4258775720345487,0.5516264690945493,0.6004579424269864,0.5177958104762322,0.5249376292292587,0.4989633990833905,0.5395314252767558,0.37671378731007726,0.47502334441814437,0.3145804861516213,0.2898170257869226,0.37340316995676776,0.22082680256119033,0.285911331977664,0.2820932942662216,0.11741344402600642,0.1338485141918453,0.21798266960133353,0.14503344985489686,0.15283123213443858,0.24517469302215247,0.139678668995182,0.10758887804299457
0.6521074489770516,0.7635617335580241,0.6987567220686268,0.7865746466515399,0.7401828939255048,0.5616408628733839,0.6268929948322352,0.54233709303043,0.509687451872278,0.48971201669151126,0.5276354630215402,0.460898281256205,0.4076109389600049,0.26857059108914133,0.3073767810579083,0.49323642873267465,0.4621994555088502,0.5267566274226213,0.47969594827102,0.4759186710890883,0.45212384265182975,0.6295463400090628,0.6474727310444804,0.5515058176242795,0.4803611313466168,0.5765379245549662,0.46030668267212016,0.46344353942950534,0.40663385066734403,0.3028684682058026,0.2437946904941108,0.2884214890653479,0.24507589841177285,0.18791225380323492,0.14982657292412443,0.1758975068339987,0.18223090929062435,0.1424107012734349,0.21318228286184068,0.2372733788996856,0.1583113269108292,0.13973300730272675
0.8136639739216216,0.7049362083683879,0.8127567360931979,0.7628875838339084,0.7374732156519593,0.7522828663236165,0.5816391793123914,0.49102192687666246,0.5934126765305501,0.3734123845542741,0.4743832467789989,0.4229402803316294,0.2939424122900228,0.3510256963490221,0.4589663456233133,0.49771278430582144,0.4947336803228641,0.46483927296862526,0.5427426473363332,0.48373746644503995,0.6011600860811329,0.5805950900880105,0.6168572391542876,0.5230969812365363,0.45975528924155695,0.4329636071235613,0.55728251324812,0.5094933961635147,0.33156143203536814,0.4171823068719129,0.2392841605658843,0.34900483254914183,0.2391836958211208,0.15248808502315087,0.16663085161363247,0.18511140024681003,0.16425389243334607,0.11357258012665315,0.1776258173998954,0.2595117766138463,0.1569592215679631,0.17037349851214859
0.7022131745458561,0.7451867939083016,0.6942323468336499,0.7643973946422058,0.675494476051163,0.7527760078778775,0.6924325539413103,0.686608106456355,0.5806699594136767,0.36457914008260706,0.41488115007732185,0.2809664100880799,0.516630963680821,0.46536104374241766,0.40616845218689,0.552571027432413,0.48180169714542087,0.376522632347569,0.5413378342809576,0.5196750333638555,0.6498215282438677,0.5837423635278739,0.48586939040653826,0.4745852734966164,0.5250325370312199,0.5670293800141589,0.44869420289482215,0.40053721403327147,0.36931186744118366,0.4755569815626702,0.36556316656180743,0.20996461038478068,0.27431714227090503,0.22331257107842906,0.14103817453848688,0.2527833994312977,0.1887788951652299,0.1462437109001727,0.2184599956006768,0.16589166243077377,0.19130408594439288,0.13094007874324365
-0.3098770471535276,-0.22687382092097086,-0.35842684191374413,-0.3144846439850168,-0.32891420180595177,-0.36265596001842115,-0.23873536520024183,-0.38283952447384484,-0.2759670940905648,-0.2344219477666312,-0.40358707275675776,-0.3778645084618973,-0.3184559959718608,-0.42004227444709563,-0.34646373655918783,-0.3226881056312492,-0.41748620881493403,-0.26571962619229256,-0.28965852585480084,-0.2984022298094986,-0.2561047770798026,-0.30138449017096464,-0.24054122144414267,-0.2825967136322129,-0.3370944999101815,-0.24006073946571072,-0.3745494878103872,-0.4162824228420907,-0.3991180250952203,-0.36959587636398367,-0.4064499612100191,-0.24500293769969847,-0.2542576632856929,-0.32136988805920313,-0.2745300594156603,-0.2850564865848129,-0.3086942233769949,-0.4063653648742337,-0.30403106349879133,-0.3475435404950712,-0.24764101148985251,-0.24916546282336421
-0.2778298268349191,-0.31585496661486373,-0.30327728956059025,-0.36909985081616636,-0.4147393604805746,-0.4106858749542487,-0.25494201307833547,-0.34670770317670996,-0.3417352216746062,-0.39784344642200137,-0.39691986620145103,-0.4329253704618741,-0.2690118376295017,-0.43024431233077537,-0.2852680875209589,-0.24783846442720656,-0.24937775327031755,-0.4031769723682961,-0.3573359945142784,-0.41462313364474496,-0.40874969464069744,-0.3928727217909886,-0.2989615104830313,-0.2945091178960569,-0.38532292072568924,-0.33408290164282983,-0.3792363933305904,-0.3102239238446727,-0.31778304576726923,-0.27507879783326666,-0.3183007749864158,-0.28786834007029694,-0.2569180200888401,-0.39164525765458336,-0.3824668212376232,-0.28862216410959635,-0.3954027165404513,-0.12165052115770283,-0.3586874039259806,-0.0422336936432325,-0.46673314182524134,-0.10999529170258972
-0.3899717252733054,-0.31079018385321655,-0.39402303257585974,-0.28497739192783034,-0.3100215494931736,-0.3718879716474757,-0.3819702870797296,-0.29653945689736333,-0.26066077647760233,-0.34995056528720625,-0.3757107689919849,-0.4415078118785786,-0.3188285661479371,-0.42154747564250206,-0.29005484030604867,-0.43867256782330366,-0.34528963755813386,-0.27432656295690033,-0.4333029855498199,-0.33657000120141284,-0.32797796554584346,-0.4260440006975188,-0.3858484067704262,-0.34438505573052675,-0.25166096392875337,-0.4057740470710739,-0.3298467260724522,-0.3244295508634424,-0.3940284952057613,-0.36016711852813404,-0.36228065368713613,-0.38392099481304676,-0.2749777246005562,-0.360277047296802,-0.4375335660090622,-0.4350115209343961,-0.4314144036343737,-0.4531139671236491,-0.42695065669405413,-0.39084399144741105,-0.560419091723435,-0.45089945765576883
-0.3178496282779618,-0.3978273594116249,-0.2994612909720087,-0.37706694085119263,-0.3536090747687214,-0.3974430485017638,-0.32065768749150025,-0.36497087830097746,-0.26544713540718184,-0.41804025243686027,-0.31609245506593575,-0.3199504994825972,-0.32354063373073955,-0.282080410607348,-0.2678897465180057,-0.35570732464865884,-0.2890665392663117,-0.4240706487619788,-0.41877451023643425,-0.29904433302795724,-0.2823871515118687,-0.3332177471009821,-0.37282704544587875,-0.31655538480046747,-0.2558733913297713,-0.3098229339952252,-0.3034606039435152,-0.2908725854633578,-0.2556564834229962,-0.2568109481717831,-0.2625432448308471,-0.36828350972778867,-0.3696463013477726,-0.31818787185887026,-0.3918134648484956,-0.315232076620409,-0.3605357204932409,-0.06774836276175486,-0.3808979413220038,-0.37127776097525855,-0.013118637886109005,-0.4454917291555808
-0.3051859618464676,-0.341805121154449,-0.3324783857806334,-0.2855032551851687,-0.3758174246226491,-0.4636811580432085,-0.3409309802462072,-0.27429092872349825,-0.33345765933290417,-0.42396714857967843,-0.4342163908254156,-0.45612286257862716,-0.46442509269072885,-0.3357746819192287,-0.3467609813557746,-0.3251536727588705,-0.39686385961748905,-0.29781216801021415,-0.2717389522846888,-0.345648732805267,-0.32227339444597575,-0.319915435808094,-0.3816087428248465,-0.32480454067785147,-0.2842361557543845,-0.3997393827703712,-0.2754103626898096,-0.3271682021845343,-0.3961707407891372,-0.26753577002961987,-0.2816063309164097,-0.45802614242512274,-0.44193317359556283,-0.4335809918825155,-0.45678761356515307,-0.39478708101293425,-0.40906202517803825,-0.1870066164845092,-0.26667789738380354,-0.5580659483745226,-0.3317623929455251,-0.23718280902927533
-0.35400014556570447,-0.46375529993822556,-0.34988359497330096,-0.3560661809553175,-0.37916208446593264,-0.439333164233219,-0.2998417953092019,-0.2786527407642208,-0.37278350437471774,-0.4380803906900911,-0.3649974662749511,-0.2895101673790282,-0.4423996777072066,-0.2933753601355894,-0.4417362227888879,-0.4008199093787815,-0.3787487665271687,-0.3481476249641897,-0.45630387020848134,-0.380486557827212,-0.4484699048134594,-0.3211182987883155,-0.43859453818502314,-0.3722938042051647,-0.45699680874155935,-0.398951550210325,-0.45308723150196467,-0.40845210456455217,-0.33975478350904453,-0.2843894164051592,-0.4630482887521856,-0.3985190960850977,-0.4284466158466807,-0.37444887145562616,-0.30965583399314467,-0.3320285231327929,-0.27688780691392495,-0.5025333936053024,-0.15284659497202494,-0.46942483997109596,-0.2963517932893082,-0.2978852732330944
-0.42243173137006873,-0.4756233535984434,-0.42982062997886733,-0.35427192501048643,-0.3194006820633615,-0.385849355707073,-0.392681339704344,-0.4546166122164901,-0.3306250527933644,-0.35950000004990623,-0.38402318676240177,-0.43947966371600045,-0.42424113362341337,-0.3739951428356848,-0.3556951888454938,-0.3357592325885474,-0.47182673377556617,-0.3102949304496597,-0.380586657969407,-0.2906159708695326,-0.4439764591777627,-0.41862514512129556,-0.3154427151138603,-0.2799641099545718,-0.38361673253223194,-0.44694741639040175,-0.41568268546666676,-0.3830654350411999,-0.3039949793225002,-0.28999769921707047,-0.41856184192463775,-0.41834536732673877,-0.4158258843115357,-0.28197945170366917,-0.41063864661448746,-0.34060452428784826,-0.28067951848006495,-0.595971910780608,-0.2554559608472334,-0.1452752327991205,-0.2735404233795958,-0.07843065666340873
