gfs-wave-data.json
{"header": {"parameterCategory":2,"parameterNumber":2,"dx":2.5,"dy":2.5,"nx":144,"ny":73,"la1":90.0,"la2":-90.0,"lo1":0.0,"lo2":357.5}, "data":
[rows 0 to 18 of 73, columns 42 to 83 of 144]
0.2834018066366737,0.31281222866030733,0.18604894690426294,0.28207320963433036,0.2509659140140766,0.24370064550750475,0.29520405346046114,0.16839416664024925,0.17303425472524142,0.16165174091038748,0.2837824489282184,0.16286034991518983,0.20768384976355486,0.22857344470211136,0.1297866780652919,0.10955264268569313,0.08269589788019868,0.07363320860577867,-0.016226499222599288,-0.04650264940292514,-0.05805889282316288,-0.07685697283953175,-0.18110307557626687,-0.27290374861340605,-0.2849310192448019,-0.24397455114607067,-0.27791498851360413,-0.3860549354660129,-0.4369241635981781,-0.3730423389206081,-0.5557866585527766,-0.5040505107540819,-0.48725274901682103,-0.47212988332794753,-0.42667735798267764,-0.3641780101144904,-0.4324363535102103,-0.34874387391856426,-0.3492004438330243,-0.21150140712545576,-0.18690152921320935,-0.1368824434742437
0.2296803957062835,0.19777457623916014,0.284636059942924,0.17946672610939146,0.2287325559660173,0.247747128396518,0.2590047116493524,0.25066509363261796,0.27999270525608355,0.24770486976849884,0.2564301721237224,0.1799490764314555,0.12001844962784453,0.15753994563108864,0.16632211422874102,0.08069691539330646,0.015569668378075033,-0.004253485778310066,-0.03588481395874145,-0.03125768136393671,-0.11764377634462814,-0.21151994785311096,-0.16745524492420266,-0.15291988124143624,-0.17972686365386523,-0.2852711178472601,-0.3106838894812387,-0.32812362211164364,-0.35369957832359566,-0.4188406310750363,-0.42739335038501713,-0.4603519004476197,-0.44602188103823864,-0.5205105117242234,-0.4427038264346505,-0.517995277046429,-0.36632680121097794,-0.3805654659087354,-0.3326983094010759,-0.24444317473614138,-0.10253747874311589,-0.12649761556774072
0.3081263957984738,0.21799338428644616,0.32666776260101166,0.19805941389863516,0.28576550274871,0.2938595383262156,0.1973010203828027,0.2494037144985447,0.13424268602291461,0.19898754610368646,0.1791080557794735,0.18487172260363385,0.13426633090835588,0.11989401641526284,0.15017428662199642,0.07019479439251747,0.06543920574539057,0.07925655532274009,0.025952431594478586,0.0064594114319396845,-0.13694807657616892,-0.0776450910649365,-0.09745437709029567,-0.12973846543731313,-0.16880855739947223,-0.20498859902959568,-0.3125662620060606,-0.3681106990208346,-0.3646755001156224,-0.38201357520143425,-0.37286336783870616,-0.44049033678311833,-0.5504613233937758,-0.49512202745434136,-0.5331371990379208,-0.46561291605344757,-0.2890305968478292,-0.4995220752291783,-0.306809258589458,-0.20705637656974862,-0.1713995364538785,-0.0006889601669786805
0.2694073333810853,0.21933855229121318,0.18006540067498303,0.2627685508471732,0.1919443925231223,0.17295665643812183,0.14715428203944841,0.11888359112617251,0.19760062624008523,0.22409035115932852,0.10815870290295648,0.12381283480991895,0.09319725461131534,0.12315004775564725,0.1306473498689742,0.14607085628924704,0.037664202530198254,-0.00313761458722512,0.029982359852470192,-0.02227240387030854,-0.04846605836675823,-0.08628191814591457,-0.15766378513703724,-0.19709367408953904,-0.22907335716951635,-0.2416875415379563,-0.257458784551236,-0.39897547983046755,-0.3400256414572545,-0.41765547720735186,-0.33168385025295916,-0.4130110561819623,-0.45891980092362883,-0.34576801527495415,-0.4463243025605425,-0.4301641673466078,-0.30888003448997847,-0.3356645638039267,-0.27470322159126925,-0.23741260818729498,-0.09215548630949547,-0.04642084474183791
0.24977569745715036,0.251744171013633,0.2899221955419651,0.17747344772542675,0.1688861286682548,0.24084015480437718,0.23334573625949542,0.20649965490800978,0.18293543905833476,0.13640817670757088,0.22084084370412715,0.12349965081674147,0.22407647131651318,0.11358173967888607,0.1163921427935087,0.09875563598661026,0.061851976313107924,-0.008997002433847242,0.03952987249615778,-0.02315927493566148,-0.06511091831607997,-0.10162775704597508,-0.17859017481360268,-0.1343842550834304,-0.15988577464981843,-0.26877401215693175,-0.36366959907908253,-0.2959379400732818,-0.3713086286174494,-0.3201448581414973,-0.4211799237690325,-0.4102841328020858,-0.39752465670445214,-0.4158515764736773,-0.3747993021604938,-0.36322600603078276,-0.40318173232214544,-0.4713920148481773,-0.19644111507113038,-0.3120212826654766,-0.10965160626577763,-0.17824573846869948
0.17477163059939413,0.30860740859125685,0.24421249829139816,0.22145627649051894,0.20593142668465456,0.21361714333040688,0.13459883622250204,0.19272253213170382,0.17730834055147163,0.23820630510093643,0.0950991931525609,0.1056132755876907,0.10803482518464755,0.06406366940598153,0.07756622301838852,0.12231697141146045,0.06554236503586014,0.025393265316128524,0.015158956879891439,-0.01748961829714239,-0.08951473815788664,-0.058914665340125044,-0.09301841796332234,-0.2240590874469565,-0.28131406592128455,-0.3002582774100989,-0.2019855663363881,-0.3070755518829374,-0.3269890489020008,-0.34751197150833796,-0.32108376805062727,-0.44675016252248323,-0.3710796963426404,-0.5228449873077818,-0.40096782497528155,-0.3220172605793725,-0.39022095881334623,-0.42892341481373975,-0.22461144617743464,-0.1559462775253053,-0.07202079916186849,-0.14225128652874783
0.21002519719852134,0.16003026155335986,0.16910969842124324,0.2726613175609312,0.13477730305223795,0.22083450936488655,0.10074084785792828,0.13660892052496562,0.15789641960621223,0.19890977498261658,0.1831977201645578,0.18689923102167277,0.11763472772481248,0.08419343368096566,0.1324740476464585,0.041565460201422294,0.03367535080823839,0.02079185576049408,0.029289183024230364,-0.05516753522012789,-0.019411166394766508,-0.1363439352761385,-0.17280095899166048,-0.254665230091421,-0.22357690006517142,-0.23984217020537535,-0.30422156059061684,-0.34446678970143035,-0.34598350354088114,-0.3003911855291663,-0.4841716649088044,-0.3979082539661677,-0.48664014119534443,-0.3439837301382619,-0.30058257541014116,-0.34008266193923037,-0.40413049277067514,-0.4551985484104455,-0.31989770864937894,-0.24386728262616833,-0.18994355397553664,-0.15904237923848352
0.19302259165696,0.2247042142527854,0.17222729600314668,0.11139077424150554,0.1375802234481982,0.1325735223368881,0.22159916978807837,0.23092129405829787,0.1984909815478357,0.17576592522437604,0.15433010695193716,0.19757257915205848,0.054125630429684615,0.06546757809719526,0.07850455427065926,0.05956236144204618,0.029416573430306653,-0.009011965912346443,0.025863208456206654,-0.07406114481573514,-0.11770234932942854,-0.09668951183762321,-0.17342698460301123,-0.23935976266660303,-0.18123770284008026,-0.2184477042735152,-0.21427226427936527,-0.225171445601196,-0.2089478522102893,-0.40320289273667664,-0.3581167389018943,-0.3211577598343218,-0.48306980600483046,-0.38301929107153526,-0.40106074931683117,-0.3278671439311414,-0.2706007224699079,-0.3244178860873388,-0.30187174417789503,-0.25309872259622096,-0.08766149825386137,-0.03688767964228863
0.14307782045419146,0.26181801648009956,0.27938210286208476,0.2615126606561765,0.17329626438580137,0.09568282431789615,0.1509232134974099,0.2178712400292744,0.18715990966142584,0.14982580019597802,0.17535608526098806,0.12481020847712594,0.048434535909859126,0.12198297182320984,0.07535123578979787,0.046658118954995595,0.05146360680726666,-0.0005379982476044435,0.011383227819843217,-0.014810653785072382,-0.11007861571753738,-0.13651518374877436,-0.11610814722097548,-0.22365167160741942,-0.16406640039346454,-0.262868312877406,-0.2069332233234893,-0.27030722274557845,-0.3745298039593803,-0.35341746873618485,-0.4088170728169956,-0.36329644755402846,-0.4240730716781508,-0.36125025694173796,-0.35725280623264977,-0.41544418467479166,-0.3738653536461683,-0.3548119215642608,-0.265913142209631,-0.14330895833150356,-0.14391378483052278,-0.12597179438834755
0.21476879812966185,0.2046680501832507,0.19460599215267474,0.1710402813470059,0.19594252882850338,0.14007836844007995,0.21995511278538465,0.08324633575387626,0.1645369923757492,0.07835664832320352,0.10561962139972417,0.06995801118884513,0.15108508791192657,0.12384660475464729,0.04899003373147307,0.04065530310272939,0.03949416058706143,0.014403299934562273,-0.011096272485201751,-0.04683289640630831,-0.045821407690745324,-0.041740468657437135,-0.09379624772395984,-0.10562919290281199,-0.17478289075550713,-0.27782922259935144,-0.263531990760571,-0.27698443214361795,-0.314686662738862,-0.3447958784168598,-0.3566178139844279,-0.3799184788339636,-0.3087521835218529,-0.37633208953757874,-0.36066554993745487,-0.3577642985445237,-0.2958568232146538,-0.25110795925273227,-0.3070144413853715,-0.30680956789785135,-0.20505718498497982,-0.03800778474856616
0.16973366010287233,0.20700522718934447,0.22831038062290257,0.2463974883827696,0.23348680559899232,0.19136839702286262,0.18458194786287768,0.17211911646787353,0.1981283013952052,0.1311884435539234,0.05719991404149598,0.0927931049140134,0.08458137455748618,0.0352250777256152,0.02493467810923461,0.03599049332943976,0.0554008278440046,0.014990153303451602,-0.02844219965712556,-0.017964499659721512,-0.02386870015208681,-0.04795401116266109,-0.05249882216894581,-0.178236375529705,-0.15218588145814382,-0.15849053576938987,-0.29446343114841644,-0.2178753887231136,-0.20190785784425547,-0.39806744732002586,-0.32280380019198884,-0.435438700006475,-0.2838717979095167,-0.2931028072447059,-0.39063832002604365,-0.40597762815727617,-0.24375120657498284,-0.39906730043007727,-0.3739717327488599,-0.1864266200809012,-0.17741563687301246,0.010371228190890612
0.1374894467258013,0.08817784754971494,0.2442946737574101,0.22912731513526463,0.19811669626931372,0.2163407162989029,0.1307687909777605,0.20066740795264756,0.15342558746477208,0.21078196769651816,0.05377082790918215,0.07945187912891712,0.03651942773886453,0.07088973622920132,0.10060420590273382,0.06390648543071661,0.03145055479705764,0.01762023200936721,0.02807093748897911,-0.07766168739297963,-0.03849061118148237,-0.10215112363244996,-0.1380985340873207,-0.11878114799813769,-0.1311190509295883,-0.18080908412177712,-0.16759549931807952,-0.3373073214189576,-0.23852480559915645,-0.3390963112597836,-0.3008414897612765,-0.25635350317454797,-0.2833686998788943,-0.37996882576937513,-0.3461707738471029,-0.3617034240842579,-0.2850019189252586,-0.2704770534420202,-0.3327392419056035,-0.11524898033575166,-0.08684518565227968,-0.044231273026436944
0.00799378752323083,-0.006372355378652509,-0.007616803916496667,0.007994677405831792,0.0029831102451087577,-0.014039444554103176,0.007765168823947466,0.009256407481354279,-0.004321138679515606,-0.005485765364993817,-0.014632021146121174,-0.00477640687793774,-0.0023067846396998275,0.013081439697286642,0.012372918550098554,0.030536823305785474,0.0020949644767076724,0.019061612351601174,0.018775490005536685,-0.027578569563533592,0.011161063644408527,0.012513437894162245,0.009444216936105306,0.011229094942476883,-0.003563747241689707,-0.010429945701396454,0.023256329570369796,-0.0017594573619420823,-0.0037122400467542865,0.005273030323315402,0.00636224494371191,-0.0013387048545195114,0.023796676770118968,-0.00040411327764458457,-0.004000793678666344,-0.012701122531788808,-0.004344289393712007,-0.010001741761028476,-0.02514941000561535,-0.01717321070297125,-0.0018284563733166766,-0.012710315464263936
0.004461452486111654,-0.0030655884333833554,-0.0038614355565359604,0.0005436114558718643,0.02398977591660968,-0.00021260470217198584,0.0039956533243878335,-0.0018819717767610152,-0.0006110936157323961,-0.007839558397923403,0.005656306260459942,0.007486532237685149,0.013028191422316827,-0.0030998086026461915,0.0032763995283772492,-0.017133016257682043,-0.005497767569874635,0.011906228214681685,0.020453026520983842,0.005127334568617398,-0.01004861688420309,-0.010566667004281462,-0.01705691657379854,-0.005503770810190201,0.029485416403417945,0.004307472215715194,-0.006096697148765515,-0.013338899157042648,0.000556242406742506,-0.014518730817205143,-0.003510885079645338,-0.0022738179481693248,-0.00589515273382849,0.01922765144512763,0.01784117813651818,0.02571876143634878,0.013154426608912478,0.007077425979127641,0.003990555110486875,0.015542413885302017,-0.006971462794766751,0.00013800629792545666
-0.006199593972186224,-0.010852840345308057,0.005477596886193454,0.0053096024939589155,-0.018907928859464893,0.006865884914921959,0.0037199500159469604,0.0071442396106931,-0.014697546653364516,-0.0006777593831708297,0.020214944894816476,0.0013814824177198785,0.0019544341631124854,0.022924096510275563,-0.021343368135978705,-0.005541834666262843,0.004033870839140295,0.0019751411770722272,-0.0016973131969805987,-0.005343657176524551,0.01781991104472544,-0.01787043122862421,0.0068197901108423276,-0.018076387645876272,0.021354637235939535,-0.011571464054366954,0.00672731299588408,0.017733490372538657,0.007567743841804131,-0.026015733427807653,-0.002236307060646834,0.0015714991239337685,0.02529206459855882,-0.00044984590133579684,-0.017335838592266634,-0.005207108420467273,-0.003435256853060784,0.004728651853081227,-0.0020706627447407725,-0.016502462745159326,0.001633248587689713,0.010781219765876706
-0.00273112720540887,-0.030455751639897822,0.0019986905111013284,-0.0006232889018403485,-0.0008257559255980184,0.006587806625580361,-0.003553033714522513,-0.007106703712383425,-0.01407165116264714,0.0011658681475149625,0.011862071214607112,-0.014434672952389444,-0.014322385954376703,-0.008124017997760268,0.013153738427978338,0.00025179612623796164,0.006144361354418259,0.00026691118607170844,-0.0029325607436832607,0.002842267267823987,-0.0026004943390648704,-0.002088417682107883,-0.004485109662857223,0.007870502378769885,0.0019719586111930924,-0.026310233768216982,-0.0023210656577284878,0.02038884942045728,0.01265408397484707,0.0048841369330764805,0.02070362683471699,-0.006373426944451718,-0.006131742750297231,-0.021286314149471245,-0.0024290299926855827,-0.001545928347068209,-0.02577680896877918,0.0005311684628350879,-0.0010881777054117408,0.004607136979000088,0.008299927244195641,0.022173106583583433
-0.0012536772024773087,0.000684405968772128,-0.0026670285371064,-0.004650277951305459,0.0009035784475503154,-0.0004070737254728643,0.002888724944160546,0.004630225122653434,-0.008523226921577854,-0.0037932521146414465,-0.0019063514792681485,0.02802517556677315,-0.0022349365797310833,0.008982955582035483,0.02356437329045541,-0.005336648971787686,-0.002525432885868796,-0.0008676712808182496,0.009077441750614292,0.0025183472552008763,-0.0020954903801789575,0.008688850960968345,-0.000588025919106467,0.0012318370756526126,-0.00030440765791100733,0.012634737090362268,0.0011285427208357437,-0.0009994229780057862,0.002419743687354958,0.007274873002686279,-0.0035435125416812627,-0.0027027537871913048,0.0011525379652052407,0.008116734460801132,0.02479578586670035,-0.00901341744222471,-0.0026055093763458726,0.004570966257530951,-0.031497852877263824,-0.006762463819331698,-0.004324203654451754,-0.0024916441293212303
-0.0018902707547803065,0.008859715114172367,0.014100700870065533,-0.0036792931696829267,2.5967178205765337e-05,0.00037769197027057925,0.02053944100550947,-0.0007830173562014612,-0.010058053721067162,-0.0189940322968318,0.006813110914341493,-0.006308917632761419,-0.012245393661008162,0.0010313294295160702,0.004469873055418047,0.0007723515168265722,-0.0015614148643891595,-0.012666317365551343,0.014625423051721627,0.0076767302833676485,0.004302536529501594,0.02120864638202605,-0.02505853534381362,-0.006499439152433749,0.011572685284822052,-0.013567221544048966,0.02461979102456259,0.016687944090490882,0.0004236099541828738,-0.0037959009651541403,0.002820773322849931,-0.012885176751085631,0.006293379073860092,0.00804876591757365,-0.016110330909199312,-0.0010775429388306507,-0.0007677761841678772,-0.0021450932177498627,-0.0006645918440766661,0.012907321086485029,0.002280988277443674,-0.0028570608684940543
0.0021432447635398527,-0.017269704979017978,0.02662018202720415,-0.017836995671465367,4.711407835897689e-05,0.007941254625616491,0.012220436675118459,0.012847318291333435,-0.004893168605045182,-0.012499505815616202,-0.004338864568164268,-0.014792905804954758,-0.03341458382620936,-0.0009320892126092625,0.004161442415621813,-4.311729861754719e-05,0.004215630959902838,-0.01912185987881515,0.02441977862436826,-0.0020306352879758973,0.007513735507845183,-0.0032221938915673147,-0.007500503277820892,-0.01243251782337023,0.001325946324853998,-0.024288151338889598,-3.390874138216073e-05,0.011209105276683723,0.017126915636635678,-0.00040954118355056453,0.0015016868525491594,-0.0025753186911788104,0.02329952700640188,0.006052293244296273,-0.011296274255069395,-0.012051879021328567,-0.024178460908531832,0.013195716955060806,0.012740808614162408,0.00253524155017164,-0.004746926903164311,0.0018082981330441587
