gfs-wave-data.json
{"header": {"parameterCategory":2,"parameterNumber":3,"dx":2.5,"dy":2.5,"nx":144,"ny":73,"la1":90.0,"la2":-90.0,"lo1":0.0,"lo2":357.5}, "data":
[rows 38 to 56 of 73, columns 0 to 41 of 144]
0.06791353643852058,0.1091674313318417,0.23047154629841113,0.3753457444858975,0.46466043300856874,0.4660462562351381,0.4484514113876498,0.628178298570456,0.8154723307515088,0.8223968722604387,0.6903730633159483,0.8108254812025125,0.7947836825561341,0.824685824897863,0.8379260747268813,0.8518676771195662,0.812403323251099,0.641622690461203,0.6023167599319947,0.5156029972579519,0.5343599568394037,0.5291928373117293,0.17088430444472688,0.2621499627343965,0.10985115869727036,-0.08078454530946264,-0.16520536048243953,-0.42155383767673477,-0.47504905818106674,-0.47832136018661897,-0.47968925455114225,-0.5394130597472803,-0.6924240642665221,-0.5365423028305942,-0.631988773440781,-0.6517395548210393,-0.5059152466788944,-0.5042938256820788,-0.38670886577315605,-0.47011047952138196,-0.42790385796568364,-0.33123651944259075
-0.0864886717600737,0.08999694323129327,0.22372340368697255,0.32353911617144837,0.3284774122087208,0.37855385883175496,0.4610905241845956,0.5577576587873344,0.6705167685827668,0.7077871387672424,0.7580039268707881,0.7187219676868312,0.7434597334729189,0.8597347445692742,0.9430377438382388,0.8214267912934198,0.7677601252965501,0.8715575663698271,0.5702664850227573,0.45834550005693936,0.5447141836627429,0.4136930283644889,0.1946282181679689,0.0033509139505625064,0.15114814600995735,-0.03158489939318166,-0.2814002909178616,-0.3655987777318877,-0.3940784735308067,-0.347570435737633,-0.47420755416799193,-0.5385602477640176,-0.6559785265085476,-0.5868620492296363,-0.5193026906760424,-0.6695108456456098,-0.47880391557144153,-0.4753334908716739,-0.3891527220360819,-0.5079192689838998,-0.3740771051148811,-0.3518229829699296
0.06553971809709505,0.20983956514071847,0.1435207019310548,0.24385891409906746,0.3154092645293532,0.5326710909881747,0.6669490571791407,0.6206332273481376,0.6581732175153524,0.7273130504700054,0.8435412416305168,0.6598074655193749,0.9053326123491596,0.7795495884200586,0.8517971104275732,0.7394756292994239,0.8862002568030686,0.808897753821135,0.8165563076738831,0.47799243854634615,0.35361973151636267,0.4029533433171018,0.3749435001877397,0.03186344656048641,0.07873975703220618,-0.02587446129280468,-0.2017511883296505,-0.35425463501559884,-0.28342031370810156,-0.4727912382426357,-0.6613017069253215,-0.6650420628290916,-0.4905453585364306,-0.5460614078607396,-0.4535861166088877,-0.6428259426047632,-0.5768418449809941,-0.5542006459690224,-0.3885379773207406,-0.3630580814919767,-0.38777937977107313,-0.3567909382087842
0.011967273525178599,0.07131440358622079,0.2326326724642691,0.22958419155340384,0.38706033165131104,0.49278540820529204,0.6255023716483006,0.6369126005610928,0.7171615099103974,0.7270467357836866,0.6794352426953545,0.7983654728646774,0.7157701730527641,0.9479822746817775,0.7853711958896733,0.742487098396033,0.7786352781029171,0.8108521980705722,0.6356715806341395,0.6165564420802404,0.6717683953970107,0.278611289721606,0.3852013746766891,0.2830975201202146,-0.045754053681964175,0.012181276311570859,-0.2764416395898484,-0.40644402057498197,-0.5337108362542599,-0.5567689682538912,-0.5953361832511085,-0.5398642842982281,-0.58678818752266,-0.6685187763424877,-0.6871284519215698,-0.66613711128298,-0.5383140886502015,-0.39873582106711847,-0.40199557356379534,-0.34968839587884265,-0.405348365918852,-0.31362681371797185
-0.21145464854534357,-0.0843594472113419,-0.05344595969492316,-0.08734830091607994,-0.04041280394504078,-0.19107086775760274,-0.1699773592737579,-0.12844088254055433,-0.11550526864494462,-0.10126795897325706,-0.07958639976508847,-0.11384466100111568,-0.20573082241501003,-0.09595253197215163,-0.2014439126048098,-0.12023329290755684,-0.03795347417277967,-0.09425097548873064,-0.07460506728431288,-0.03391127228772014,-0.12330732776378883,-0.17758327222391682,-0.11518374030291278,-0.07167459600743963,-0.19529336167753425,-0.2039486223252685,-0.1390822646986913,-0.10997162978272021,-0.15041511060057144,-0.07392344351695006,-0.05787661475361855,-0.03471395271693512,-0.14012363460108893,-0.1266776582316015,-0.07055371746734533,-0.08562673851307942,-0.17332844713743162,-0.14945303632575033,-0.05033708929156727,-0.10382670265404045,-0.1446465499806081,-0.21942106416007198
0.5044819934794124,0.5831353431980703,0.554777084544528,0.5051188383834769,0.6404434824860571,0.5125167348915908,0.5095981009446867,0.7584369988782625,0.4916392937369421,0.517787875262322,0.7484333679504537,0.6950566551843793,0.6710253540283744,0.7129846763814581,0.585639158498518,0.7920686457563246,0.8189570938379283,0.8393685272869897,0.6987733428480233,0.757507909547624,0.7685056538506133,0.8652882743334537,0.8067867170637522,0.9157374245722079,0.7530020928322484,0.9009954938519344,0.6650899576686783,0.8734858573019357,0.8080722948864372,0.918486533557083,0.712550555624206,0.9180890450169379,0.9055270075267021,0.7768065414776372,0.9237464491216817,0.7807248129047678,0.845764515123524,0.7347847547898607,0.8526112163948317,0.8333624256232952,0.7482286223049409,0.7659239528153039
0.4710205277066907,0.5908295199987711,0.6107853654516252,0.3480184569624041,0.5697968641666049,0.5764184210877846,0.46799908086613284,0.5601515677126704,0.5300860504666212,0.6042060985215498,0.7366694660045101,0.7527375970613975,0.7651047955485104,0.7361868530665053,0.6545147648815391,0.8139066609886024,0.619664965492762,0.7504682566273453,0.6414594235725241,0.7425716974223655,0.7430851411494637,0.7676195277753349,0.7852098512697823,0.7663027940530287,0.856983962593241,0.9932394582119104,0.7596318224923626,0.7374066072251735,0.6663278803500956,0.7973262080387021,0.8229249506591426,0.8668904075633301,0.9024583864961035,0.7731808170128267,0.8858999164876153,0.7563390123195718,0.873478161249165,0.6708870764974573,0.7067520430726483,0.7820881210135066,0.8471675590618357,0.8752787189523845
0.43887048799411826,0.3828195851282571,0.4926706361146853,0.6708518551915105,0.5033322359067136,0.637278236007309,0.575616736141102,0.46790428809402884,0.8028149017220003,0.7048744977887578,0.6143211930195607,0.767176758273736,0.7673024459839765,0.597978555651805,0.8184783809819707,0.8719403063398069,0.6264432880614835,0.8578394614723109,0.7041483083409676,0.8562062112563142,0.6560073120190837,0.8021690332063751,0.7564896424161798,0.9987737125150561,0.7526236231803775,0.8317211801823415,0.8556121649810351,0.9799059756390155,0.9578786936661007,1.0046204856629795,0.8402826919639916,0.8682798140102169,0.9641008049374999,0.8733063729087845,0.9114063575305987,0.7306263566256148,0.7087865917622898,0.9577376358266251,0.6753937585650174,0.8108329111997291,0.7795514795909476,0.6732639579806772
0.6072457949703441,0.5427704314717133,0.43899653117032583,0.4811096685015382,0.5557277024252469,0.6100338686777743,0.5815672163974298,0.4652462104339248,0.641584774404542,0.5654431264276244,0.6710935545572043,0.8621403066964918,0.6022421440471671,0.6350951862207784,0.815117584774686,0.7441263441416337,0.7282261281469514,0.7132840227303602,0.7253433452552587,0.8547442005036315,0.9012749865017463,0.6708268242022658,0.9471090487654136,0.8852646823015053,0.9439642872920306,0.8806804360695758,0.7641376433190328,0.8442330683781,1.0090528103084282,0.8794516382694996,0.7864489976534478,0.8798651616932062,0.9687173755199181,0.8293905829642314,0.7501409458460475,0.6990514349936974,0.7306509581368279,0.7872064147809729,0.6786257325071838,0.9252238797451687,0.7636244138587603,0.7717809054958852
0.3937305983124172,0.5241455752866191,0.5931154178093633,0.47974553000832726,0.5828675868373866,0.672152670993614,0.5041407675788432,0.6042483661724778,0.5820393057176103,0.7709370309674738,0.6341312499584594,0.7760396510553389,0.691009970805093,0.7008315415887594,0.7394251508246682,0.8475167080367497,0.7028775944096098,0.7370876583212431,0.6541340232756183,0.9200864710228261,0.7741457973400436,0.8704246696013695,0.7243754095203558,0.8669496805046791,0.7940561420986384,0.923034248654392,0.8949333891467909,0.7838296026483972,0.9133728563422789,0.8079583135090972,1.04476923932987,0.9111833908961192,0.9318711887393272,0.997528083186303,0.8371039100715469,0.7492052866545118,0.6923755981754091,0.6871323222659184,0.7220534966492168,0.8277655282928987,0.8192772552812737,0.6867765530804296
-0.1988785229828193,-0.21633015226046115,-0.12930240396759268,-0.15416634264131449,-0.24791604643342816,-0.2403539355537127,-0.14079916037768025,-0.2198331462942521,-0.14328939288900852,-0.12814504019519796,-0.2232223144982914,-0.18069065276208188,-0.24777102757649924,-0.22288319878082846,-0.12217226469188311,-0.1755415846723763,-0.24738965437996796,-0.10566153517073479,-0.18982694765412267,-0.07622078761931787,-0.15298397178358358,-0.25453963012322983,-0.09138845735860804,-0.20836500202885896,-0.21775324017260006,-0.14351256801320125,-0.07991434651433735,-0.26622676460854156,-0.08284000832022112,-0.24166667375578346,-0.15482626929393567,-0.13183431806399395,-0.18797411914223783,-0.13465131876761113,-0.23983653833294985,-0.07628972262218237,-0.2565684514855003,-0.08993345205050458,-0.2243466148680757,-0.16099647701070494,-0.08912998825299687,-0.11523277436265943
-0.1662929523228224,-0.12909810068103447,-0.14761530322697375,-0.38952072555932565,-0.46902856364842305,-0.4583240716057336,-0.44010630579804544,-0.5431469654908525,-0.30380525458070107,-0.5105561091969039,-0.7180750814073134,-0.830577983952942,-0.5611089950970893,-0.8971560032665297,-0.7663182197902766,-0.8208210200377168,-0.6551222706133878,-0.7270039537725451,-0.6114172552572471,-0.631795253867015,-0.4961813709562794,-0.7381259274945738,-0.521284232600922,-0.3987177645165386,-0.4096192265646349,-0.48118234212020755,-0.556407594055451,-0.34916348357626137,-0.44045006575290535,-0.16791827786607177,-0.34068133843813614,-0.27449348146370167,-0.35052798896571224,0.01719065627433439,-0.20682417933420955,0.0768750204035424,0.12439127640197903,0.10928469499271788,0.05813775996255065,0.11350212096302537,0.028666549413734314,0.04114935810146258
0.17910184660099807,0.08564177531730272,-0.16903121560691037,-0.38698987081988445,-0.5330882830757976,-0.131270359028909,-0.6116059913201555,-0.6447326462809954,-0.34910857997529504,-0.442550894103521,-0.7427748926379015,-0.5126396522682184,-0.700355272870715,-0.6507443445704174,-0.44991886229405414,-0.837306019317112,-0.7088090916996962,-0.6712209096251162,-0.4690792064482969,-0.7933153982681801,-0.7972253781722962,-0.4099947504669078,-0.7096497133822823,-0.7194639426641994,-0.7117754882326742,-0.39278261821155114,-0.26442637858886225,-0.40579891084704567,-0.2967892767537943,-0.3073053942034746,-0.3796501917786989,-0.25414517919307617,-0.2694052350801483,-0.18006723913236727,-0.23398434896537934,-0.16630295670767783,-0.049295959225226046,-0.020737925868110185,0.08605171679848177,0.07204728278870419,0.07651735953995821,0.15626263384013553
-0.17489604089741242,-0.1905332691933067,-0.3172633350116038,-0.45016324686169257,-0.08496992606150862,-0.5929911713167773,-0.17445641780711008,-0.25955881174642714,-0.7075852070292118,-0.49569518024305387,-0.7874466144847945,-0.8026422428431773,-0.7634658514702125,-0.5194834630463997,-0.8412342513514801,-0.4596384300161531,-0.8031665755309747,-0.715569942620629,-0.8561506425447795,-0.8650043530785323,-0.5851696690619522,-0.6298220315907487,-0.7952491599597327,-0.7001642495800755,-0.44948756394445144,-0.4690250902798276,-0.49852330573983283,-0.45126408278344743,-0.5341902741754218,-0.4445544306107331,-0.24294392413361188,-0.3456149105608653,-0.034790378283310476,-0.19612033509143567,-0.11090218013485399,-0.09633023300698712,0.09219170378123406,-0.10699043928597395,0.14165974002806414,0.06091186767451109,0.1457185166660883,0.13991593751745307
-0.2737133694649478,-0.14675055727930486,-0.14088054784975362,-0.29174960844471104,-0.24344300758791143,-0.2947586230747583,-0.25984554409263255,-0.24415791423962413,-0.26023051261874947,-0.31755675469134526,-0.28503115249863575,-0.2030567555568489,-0.17119926911341377,-0.28564487872328603,-0.1326591371709738,-0.20883586473014912,-0.23130883068569696,-0.22503454947656887,-0.12574450115790467,-0.3127320991251342,-0.16524427132764877,-0.3001011159211316,-0.2085977211803133,-0.14862349849553264,-0.1374596074609243,-0.2674814772320714,-0.24878635887000458,-0.3077031378447779,-0.13142132820527122,-0.29396434462161514,-0.25727764921746904,-0.13305662748091784,-0.22782388964080488,-0.16967858112454395,-0.17312649159207683,-0.14719174597943518,-0.2397217798284835,-0.14327812283205985,-0.2035475818795811,-0.29548419195947895,-0.17745388371385673,-0.23018318067298593
-0.0016838122260482001,-0.22736941920265752,-0.33802543132653085,-0.09122260419576865,-0.15661108562336973,-0.5077371851165755,-0.43079787749396625,-0.7531141730216713,-0.4168028753468819,-0.525291459654169,-0.5230409010191042,-0.7327953505807678,-0.9904701038227021,-1.2139268760608053,-0.795068458156151,-1.0902952660201133,-1.452875880978764,-1.4653076249924464,-1.1356523488785968,-1.0050817344236966,-1.0917304705453028,-1.4940526900676876,-1.5902571950808662,-0.9817830806844332,-0.942637764947686,-1.0272793228791537,-1.2912859629868076,-1.232423531337183,-1.1667957591366442,-1.0371084776691175,-0.5897995803396212,-0.7319941819298967,-0.705389253684359,-0.0712473937165696,-0.5769005395599157,-0.24505045571895015,-0.41613389315267957,0.2763733893120202,0.03308505173765972,0.35827345155452006,0.4899233348070588,0.5018665041742628
0.31179466046863424,-0.2631532189195927,0.15520952518444273,-0.11042196403064998,-0.2406865028426694,-0.7530365731064362,-0.20098154750047068,-0.46882737621252246,-0.609433936952791,-0.9307355629162859,-0.8445949860881773,-1.1827287243217495,-1.1342698939009117,-1.29347045996388,-0.878475806845907,-1.2564833508211897,-1.5794337319125316,-1.1066459034000222,-1.4890545142613247,-1.045544287044611,-0.906599882980882,-1.3969555964392708,-0.9803474430109087,-0.8398583509257306,-1.0685664780833288,-1.4736005130797873,-1.0360416495694171,-1.2592531004596488,-1.0510844819716718,-1.0864941810640116,-0.4539778792899327,-0.9331398788235915,-0.12275063923486869,-0.07308860401846316,-0.40032561823664564,-0.5146883627711144,0.32919327164218265,0.31484334087677335,0.6883250623173768,0.7484478961393216,0.274006507389538,0.4024253990886053
-0.2398062798186233,0.10649417905829381,-0.4849385758998809,-0.26683049825323524,-0.07461296019920173,-0.18282941444290218,-0.2598146974226158,-0.6456309455979288,-1.050885215830747,-0.5001467802815749,-1.138171377584885,-0.9442893362763626,-0.8790692312287188,-1.4507331107506356,-1.1715103192320588,-1.0946214951497055,-0.8576262386243093,-1.1022433273315937,-1.1007061664447169,-1.3867666206154707,-1.6236620283532583,-1.6575728164583279,-1.528836496714612,-0.9203827201445935,-1.1669145977268194,-1.3911728454290206,-1.2012782884795028,-0.5872295777346739,-1.2112174228188937,-0.9003714990670327,-0.9482101628357673,-0.9787401092564557,-0.1000785975540915,-0.329283608104738,-0.5669194396914806,-0.463854708946541,0.17376078151701255,0.5525588266017905,-0.0049456491175002455,0.18679745835157757,0.3274741614620405,0.9580823676531928
-0.11878705307946344,-0.10530130941342906,-0.24444593013833987,-0.4257600658244727,-0.31059659290189157,-0.5892316649365237,-0.9174668799161168,-0.6037782833711247,-0.6789865406919562,-1.0439634482052043,-0.9268365938446527,-1.2552642882250455,-0.7372730267389069,-0.9424482741474722,-1.4650199036336513,-0.8935538318524642,-1.0635890546261173,-1.6316097471600783,-1.212182450338367,-1.697936500192525,-1.1918482957470202,-1.6208092344648284,-1.5136473208227124,-0.818203359763644,-1.4254488670335277,-1.1377449148905732,-0.7455101687817111,-1.316450746077245,-0.9978791445315818,-0.8188681930782977,-0.5627803935792981,-0.4806073698537955,-0.8335093059797061,-0.09708269425037132,-0.5777230031651717,0.18319158111039963,-0.04468217908998421,0.2810544542992874,0.35148716142414205,0.6133325639414666,0.688592552095254,0.4601361492366981
