gfs-wave-data.json
{"header": {"parameterCategory":2,"parameterNumber":3,"dx":2.5,"dy":2.5,"nx":144,"ny":73,"la1":90.0,"la2":-90.0,"lo1":0.0,"lo2":357.5}, "data":
[rows 0 to 18 of 73, columns 42 to 83 of 144]
0.12738363575021144,0.19954988864014744,0.05552720767958054,0.11418442101320038,0.07468190085110772,0.025962886300648955,0.04776315063900735,0.06254897652495059,0.10801727616283727,0.030464530318279736,0.025154359392389383,0.010295136289148212,0.0377622898685117,0.15687889116847742,0.06560575252078717,0.1662729603710903,0.04113492810117501,0.1049710704114841,0.061508804801373655,0.20896521099586338,0.14265027399335442,0.22646465382460018,0.20195823113409747,0.16393770450742126,0.13652390930887387,0.22539329292538876,0.11703097156102932,0.1669930542581493,0.18843308549261228,0.18932016562009135,0.10586521629341013,0.28377585854358567,0.21682648269783666,0.2506165942443744,0.23886902939609556,0.2863709809027454,0.31514369350000004,0.32666703841919503,0.5418092103085461,0.4162547662138884,0.40287006521984625,0.4588469230435895
0.18777739350305458,0.1304125153637125,0.14301458176406173,0.037112499744626576,0.061361412529992804,0.0734834057597466,0.07601138770424387,0.036023771121571214,0.11451155827916588,0.02246249766958928,0.016325092673599908,0.046668879006098764,0.08170525611563943,0.03785557531870497,0.10063804030027076,0.1261360475490217,0.09706315109709716,0.03278194369810107,0.06802050127149349,0.2416157424812222,0.1638359521074049,0.18681610763987314,0.12195401469902274,0.19398932580241868,0.23424820511852554,0.13181791420110997,0.12329651815944725,0.1763367576884014,0.11409162263355327,0.1271435312603225,0.13728936710485465,0.2130344652789423,0.18513595699948868,0.1532593328492783,0.25689872153091076,0.30749989577912795,0.26828059740813526,0.31089058055781055,0.5206148892040244,0.431131893641879,0.5821900655229865,0.6214628387435378
0.1586474370815693,0.08635556230341254,0.17203080271114105,0.10960934070860967,0.14461693685624788,0.06293308640245666,0.06933748903852649,0.0994584521611631,0.05165557184179482,0.11815575333252008,0.08784380957640853,0.10489315341657787,0.11377483099176898,0.0071085538466812365,0.04828771519899263,0.045929602488162934,0.11027196885668679,0.22373622246695077,0.08246690365179786,0.08003493027295815,0.12353439674395722,0.10959986008062685,0.13463162275309146,0.25519061433985624,0.22028312821179238,0.12921665925853731,0.18390615730357693,0.21748552691206108,0.18916682717195746,0.11797030374968275,0.12994645334863184,0.20195679509537665,0.17523167327418354,0.21916666628637682,0.26141716915445523,0.20865625694160528,0.3831508517336969,0.4016448715130613,0.5253096050204265,0.5304040512133633,0.4460745686174911,0.6491754580034755
0.1750114367486851,0.1468380799096111,0.16183687045053158,0.05507622476649037,0.12057674671106468,0.08292445932747344,0.1368814747229672,0.07479860108695421,0.08932065735681541,0.059272924723257944,0.10546377370548515,0.07437541039243477,0.053606485527277946,0.06404215849075003,0.12259629425385898,0.1889504360964485,0.021355085463989208,0.22339961817758558,0.11039229539280784,0.13532917212754994,0.0681995904006746,0.1436077321706315,0.2091051299237084,0.12641206224468324,0.12513964800652075,0.14464557522324234,0.1267289134348267,0.1821576206017691,0.11642975154718226,0.16814235021647772,0.11360141212272004,0.21115697739243852,0.2114720842341712,0.1771848220587771,0.2800952756531141,0.29409836258417893,0.3534329312974596,0.3079367726821649,0.37479020834034354,0.5392254363185992,0.5208031410345667,0.48826952481991154
0.215201587250771,0.11179996591127504,0.17394354394155995,0.12487077512686783,0.059332092433929055,0.044061613730366246,0.04242645068276602,0.06250005062186088,0.046678760313921965,0.048558111410718995,0.07555917700571917,0.055951323178279756,0.02462356311268828,0.1016317760915894,0.16301929194628936,0.1802577481734676,0.19427128067072952,0.17403459741992364,0.12747589735136208,0.1735595658729799,0.19400194438640875,0.2304785388130053,0.09983261100176669,0.14714641008673784,0.21027453826383852,0.17510595900244705,0.11624895864622256,0.13072690050919683,0.23420514623774352,0.15227857344397172,0.2287410583796032,0.11399208000149456,0.16936140359369378,0.18199669467283966,0.3159279448351105,0.21494563429445387,0.33744211872136937,0.44877815085860373,0.3942796872794254,0.3864311610775104,0.4414047244395609,0.5183253122731983
0.15378192085585174,0.09317699759891152,0.1686599757105881,0.19651093542085715,0.08741796632012777,0.11926291820060436,0.06012362985239021,0.017926790604673812,0.033752785320075536,0.0544987420015642,0.036098035789657694,0.010645269164812269,0.04183050540675625,0.06969318427550339,0.08778430649576727,0.03584652278769731,0.09471517710093864,0.18561575940195338,0.15756571463544952,0.2419366846925816,0.15890778883381626,0.25375378575546875,0.25216152639796613,0.19675445970853142,0.11177914551137004,0.13275423049863125,0.20854955667074263,0.15725515329782994,0.19635698478439712,0.14261062930581633,0.16156873017544518,0.2822806098478378,0.2609805046032279,0.32107260146425903,0.17118540111575783,0.3303697830005494,0.34735852290858565,0.35168469754058385,0.3750177529147159,0.4327839850163533,0.584806172459979,0.640044326651914
0.19733601727120217,0.10393157011142265,0.1374251666130727,0.17558776486036495,0.1654247502332394,0.07400814526300993,0.05614651571579751,0.052996809047471366,0.04620061765840056,0.04036471656630349,0.117379755060716,0.06884634294093876,0.08594861074590457,0.05478996831577978,0.07056264877797112,0.10375271955781458,0.1762169086561541,0.04335251437460737,0.2394103365812138,0.24092941379241586,0.21460031213409966,0.11969874892041728,0.24263606771966592,0.21888600552790383,0.26095096806398527,0.22193210685417628,0.17981644355303789,0.166115613130554,0.2238028352278861,0.225707546265236,0.18170580128086541,0.2138581567016488,0.2783987358765896,0.2555132072077159,0.30947237290525204,0.33270914310741295,0.25306304198724605,0.405307080232636,0.43455111813122604,0.5403391891541056,0.5649477599778601,0.49760889479320697
0.1665727324906301,0.18272567183556662,0.14364412379807273,0.10126593713562249,0.16034337485730094,0.051084009478697553,0.05372780681694107,0.06858643161835665,0.0907874478515522,0.14709911429767134,0.1387217037365006,0.11149423837648464,0.07320762758349454,0.10117700044026183,0.17853527791103133,0.13947670769570295,0.11110209174643414,0.18685658780702705,0.11333144090017676,0.23024500328917227,0.17840981228678,0.18521348479064303,0.12154741001321111,0.1890367875375392,0.28949012929976753,0.2518444196233127,0.17721000579486174,0.15576720533165228,0.11357527477105427,0.14000436630193994,0.1603214919657374,0.2060681313181346,0.28000096080523207,0.23830541966100535,0.3499937019516258,0.43813114410507265,0.3995239204884607,0.3837075662195999,0.4613314233765974,0.45631518598320786,0.497659102904083,0.5012296830044609
0.1603265934542748,0.13620086558077174,0.10032763975282144,0.09659771631962767,0.1422029500354722,0.1037857170650123,0.11824414946253596,0.04906966303804827,0.04130941558591759,0.08555462100123426,0.05070089984924783,0.04016241976447123,0.07216093714615263,0.12048925918397999,0.060399335559933306,0.15373470594150315,0.18449840676066587,0.16677567549729044,0.2216647843100077,0.26401511482364465,0.20051780686778628,0.15821076054602012,0.1901296378257705,0.26904707887712853,0.13034032485920632,0.17717398946517962,0.21747391489805235,0.15043653848448701,0.23258925855123566,0.12864127443484064,0.1780253204592749,0.16303424764792196,0.24559828104285159,0.3468027815953691,0.27242108934453535,0.2959973968068217,0.3379204821192738,0.5175713155673792,0.5907942725314055,0.4633231738940271,0.5982578228983988,0.6686911406837682
0.24735428791529707,0.1973426186133935,0.13588522471418457,0.07241678289130514,0.1540147432208469,0.12418260211391209,0.15180098253424357,0.13285939983680276,0.05340457967573988,0.04096537535576061,0.11535541818633897,0.14631238617705808,0.11056986392686449,0.047751266382435105,0.1944524237053551,0.18311593784215446,0.06863952764104538,0.12882756705461168,0.11490834196312585,0.2847683887833328,0.19048036624923229,0.18328784910295964,0.2771287364440315,0.17143376826117307,0.14853001485211198,0.21647811951916193,0.22783052364140938,0.14314566920675137,0.2103818036683633,0.19247990127457487,0.1807088699871155,0.16920676520827813,0.1633999437089515,0.21349440664171937,0.3433883401183443,0.4209069597305146,0.350713279320898,0.3655950490063315,0.48967765825317905,0.5194769668462276,0.5057272362403484,0.6499277135685034
0.14010055406651883,0.15002822559082254,0.12307390178710038,0.09287013204352011,0.06380013263816335,0.049884054395949694,0.0533904108201349,0.09689752311524037,0.037233020250057786,0.17492013272288645,0.17646319787241044,0.14569776613534013,0.09635251446485549,0.17909608807466798,0.12612381719840085,0.18749292611300225,0.08926269807594675,0.25316157086091134,0.24344940177881583,0.15211835740201887,0.2614646503408902,0.15527371043011678,0.16244832021908287,0.28070171565136437,0.22169662512238347,0.21619798890883998,0.22222777823806236,0.16999669656642755,0.1505110134408854,0.253825298874501,0.2264553615641479,0.21996922776598557,0.2322944982815027,0.2992698821374512,0.20294582935717662,0.2946564164791434,0.4072573526611153,0.33803598372150384,0.4903327378208568,0.47672928886441385,0.4915889811495064,0.5122976561938816
0.30552461562794186,0.18111870023392584,0.11082530515484906,0.11266386265868018,0.11224581993618211,0.14107296780180506,0.052291554675848596,0.07595350873357526,0.0740885068529135,0.08628436706528136,0.06739320206377067,0.1221111887068362,0.1695920483649,0.1379883761951286,0.20002406333730244,0.23259696537120395,0.08598462916819231,0.21893088354272522,0.14795185361965277,0.15833576769245716,0.27819300702561195,0.13785774000501522,0.2343853726763945,0.1467147779760327,0.15686977201020505,0.19112592295637532,0.27718295206974575,0.2197919406465123,0.1925881271655287,0.1676768976888316,0.2858304022619526,0.1739023537141629,0.2625156933354372,0.22504107647875665,0.28266367067664866,0.3689554517206861,0.4487405400317244,0.4487807960292133,0.4467457408287907,0.5251863883104095,0.64218715313318,0.5460061064791406
-0.0936789032268847,-0.21844425039960355,-0.26236480881703195,-0.07685161202376517,-0.22415889270151715,-0.10776686597325982,-0.21138624840242495,-0.09695166683203364,-0.10685689428533109,-0.22545680454555045,-0.21987308358302354,-0.21875745221870233,-0.07507230642228185,-0.23414258751435005,-0.13158748895490802,-0.2175562594572029,-0.09242153622668645,-0.22427470834548677,-0.18464022089168833,-0.18096285107367985,-0.2218268659994478,-0.12505873544329563,-0.19199675194664262,-0.1388451996864189,-0.1274960778684123,-0.26307068846000603,-0.2088073393361332,-0.12774093796465014,-0.22875110407643465,-0.11542553315445994,-0.22979466056904788,-0.1869019756875985,-0.08010512947824541,-0.23510806822603705,-0.18072160835968057,-0.2684465525536669,-0.13049247052393698,-0.1868987965484803,-0.16969792432241812,-0.19216707411905184,-0.18731553300941417,-0.26975426775942896
-0.15098783429375276,-0.17901751866794913,-0.17103110524566,-0.16016953695347838,-0.19730667488350492,-0.20159339352780606,-0.20508461697355307,-0.12992113285899956,-0.13135435049283167,-0.18384165351787343,-0.2155502224648769,-0.2719882859544187,-0.11938785609097433,-0.21904339213725776,-0.25818532229141944,-0.19065218059401326,-0.20333968025756838,-0.17942680146963608,-0.23183501454860128,-0.2112217829123449,-0.16127674669987763,-0.25567404867763954,-0.14036727535767765,-0.2631108486892754,-0.1159707700595555,-0.17294633845112511,-0.1540534121651342,-0.248622667525417,-0.2715946029766662,-0.16464939633773457,-0.09625490582082429,-0.15627393625824765,-0.14742610804049422,-0.14723844162295288,-0.21916065502331344,-0.14769127613223912,-0.19016077556564928,-0.15329536602316676,-0.1294082687617959,-0.27519981292187823,-0.2411094300673238,-0.22753707936986445
-0.29100744793818395,-0.12986339481938872,-0.26924898746115067,-0.26396649256139626,-0.10003222127741411,-0.2740888638440303,-0.17274690248721372,-0.21069699674249875,-0.1099908268022379,-0.16646044626687215,-0.20159409464712194,-0.16952140400772994,-0.10743098391489987,-0.21929882798991465,-0.12822721923091002,-0.2193530922738934,-0.2617897998494743,-0.14928755889422024,-0.2025481421640268,-0.2566772750983951,-0.12986798538428973,-0.12023400200754461,-0.2688538718562097,-0.28014040458219647,-0.18584856991404583,-0.12095277929784069,-0.10838027842587104,-0.14997988903366236,-0.12659357753791775,-0.2800622940971499,-0.2757823041757342,-0.1409037692384788,-0.14872075073667637,-0.13493741503972065,-0.2313120835300204,-0.2825117712889886,-0.20682588743189864,-0.10550457530519342,-0.14679777419419987,-0.2825144399736681,-0.2091784629304278,-0.10696770008023306
-0.12063147657782175,-0.1727661015860024,-0.15783596578849787,-0.29575146141648684,-0.21895962542356723,-0.2615916724694115,-0.27140025016179453,-0.27387119291916007,-0.18855895511444448,-0.24213384889463338,-0.16088291086157253,-0.28630037807417735,-0.23389446925842403,-0.1364821094720194,-0.19037686853744684,-0.2879198062527288,-0.27394205851525016,-0.20888635492748678,-0.1139346098219089,-0.2682870138838793,-0.17858016080219638,-0.17408931222313112,-0.1670390690407396,-0.20407654529959923,-0.2955151177322585,-0.18894462488377525,-0.3091792935207449,-0.17219896766164988,-0.2162222145788217,-0.21643814157493899,-0.2008817504300066,-0.12460169518498466,-0.21575559383629048,-0.19162283995669835,-0.29156186685932667,-0.2790306274509285,-0.285610949284062,-0.17046580485662424,-0.2830929814609717,-0.16565286591965692,-0.29283846057420526,-0.29683460852848265
-0.2584419585045451,-0.15037270035697384,-0.20983950720749067,-0.21887537451147354,-0.2247756422795233,-0.12831484472903468,-0.177260201300463,-0.1572227110128116,-0.24873658740544832,-0.2832689210721632,-0.3167931807319864,-0.31150787924350326,-0.23266046373386257,-0.20142412922815406,-0.29836535154771215,-0.231188244797995,-0.15110725052755028,-0.21140209743972854,-0.3216150564316387,-0.23265707283003342,-0.2288847286186107,-0.20260937707461085,-0.28735679952894666,-0.16918925508600677,-0.21110843964683276,-0.23106264490298206,-0.14790802620989793,-0.2972462155012618,-0.12858505327931952,-0.22972259097430786,-0.1756343258373835,-0.288910508500778,-0.22116750253852507,-0.15764652615379196,-0.3133766443420982,-0.23120422237750618,-0.3228938847730004,-0.3022446829590451,-0.19121732112670786,-0.2885102803202229,-0.1499915734988195,-0.22812903855229347
-0.21355243121621895,-0.16670867666440298,-0.31772358822271496,-0.23342648816243786,-0.26296194757652425,-0.23428572679876572,-0.19609298274065748,-0.17973911739182588,-0.2813995436239003,-0.31477085208475686,-0.20091813569812184,-0.3132511539282844,-0.16736191362898126,-0.3126510915893728,-0.2204146968282744,-0.2672292395736017,-0.21619776751137015,-0.21892218045524658,-0.13865166562604095,-0.30970341447056865,-0.20076524459886813,-0.24370240419854833,-0.331372234340349,-0.15322436269326004,-0.2309001440113482,-0.21944716245325643,-0.2122507896948337,-0.19387578696115054,-0.20687945122113371,-0.2915257696745796,-0.32684246383175786,-0.18736795157212613,-0.18513749215380104,-0.2856692440918422,-0.24347297370079857,-0.26274085808277303,-0.30602015118870324,-0.24250876934413754,-0.2080788567052014,-0.2776992628778059,-0.28616358575072065,-0.27012520147920877
-0.24763734157332998,-0.26735652722378234,-0.16068175000413007,-0.17883676580616567,-0.19196667964061276,-0.20109245658745206,-0.2401515725777151,-0.30209831311145235,-0.19720140692138396,-0.16263318849873895,-0.26647284154445927,-0.15029419960020782,-0.17093420815682994,-0.2157627804859944,-0.21258297646074986,-0.29192603427789543,-0.2491307772188605,-0.15119028092331654,-0.23831891513071288,-0.20039313003511944,-0.28153556414361564,-0.2394355454304277,-0.23223193247630805,-0.15296108832536648,-0.18548462179257194,-0.3368454647182599,-0.264163705965566,-0.3121442650750865,-0.2815853691843536,-0.19191303994497041,-0.2553373334393275,-0.22411065467292643,-0.23915102145705466,-0.22677369111625179,-0.2056112608044418,-0.21472990058414604,-0.2246871563500719,-0.2254715177475245,-0.3245161227782354,-0.23813390829279038,-0.22596991529201285,-0.24380809942688253
