gfs-wave-data.json
{"header": {"parameterCategory":2,"parameterNumber":3,"dx":2.5,"dy":2.5,"nx":144,"ny":73,"la1":90.0,"la2":-90.0,"lo1":0.0,"lo2":357.5}, "data":
[rows 0 to 18 of 73, columns 0 to 41 of 144]
0.2923086698035053,0.36946168987505523,0.27872988545531974,0.2912882734446583,0.49666957618628743,0.6170640988789817,0.6366724712767041,0.5112064871305279,0.627524754016167,0.6945164837870323,0.6900064729609616,0.880334076340985,0.94916311084034,0.820711524264396,0.8815322685487912,0.7281239180973351,0.747694269528641,0.8175712523108251,0.5491848292052047,0.48683045597213237,0.48856377686120034,0.4181040690453176,0.4066929653786461,0.3574285373360827,0.4368397190083659,0.3176084035631793,0.35588913686184226,0.558251200000219,0.48686400111948547,0.6058911675371447,0.561424598899521,0.5469862394003934,0.7432460262986755,0.6666128067357708,0.5620304358472223,0.5656349103799131,0.7392511295751586,0.6483101659159248,0.5221903139026768,0.4805390811227202,0.47109080391311137,0.4553039810594538
0.3116391513049207,0.3206595962833557,0.3957624690983297,0.4061452650355855,0.3780359733925712,0.5890992352354886,0.42544251447998804,0.5908269457077661,0.7659221962471996,0.7362343487592584,0.7645104595398888,0.8797356078534954,0.9379762610646912,0.8477352958523539,0.8394555308738924,0.7662419589593168,0.6657743446734329,0.7071135022655389,0.6871794567186972,0.7504559022452835,0.6365663946677005,0.45662740068009566,0.5848962842841046,0.49991156843802026,0.3289159957596212,0.3772182103927639,0.41632306581760553,0.4782776660041129,0.5347528247463252,0.5776830792497842,0.6471098583055909,0.7111740570210474,0.5478395565431676,0.732226167058485,0.6746419250038567,0.5713410617867284,0.6950194828727845,0.6851918406537892,0.5765300425252384,0.6242094224219125,0.49364959222152627,0.35620302938973725
0.21689432198362035,0.38812360914068017,0.29881165516526104,0.3576526798476705,0.4073555273285627,0.44881644910409013,0.5071062246407285,0.6786713855685567,0.6251154131494127,0.7814985844661864,0.7491701918348775,0.8537953179062323,0.8100368959360421,0.8694196329470978,0.8907053380490894,0.7937757943976783,0.8283979235533995,0.6991924531978074,0.588918524056684,0.6002110673015969,0.46905577942795584,0.4610422720268283,0.6303435227650575,0.2945129417390268,0.2774893926424128,0.3795606703191432,0.3906056129759414,0.5188129298336679,0.6129213561348111,0.48261429153618357,0.5623545699123714,0.6065201552288617,0.5111062421507249,0.622071241723012,0.6687850514053393,0.6614604327239655,0.6408584759398147,0.659171538211639,0.6706576477427036,0.6364867450403465,0.5874276794572826,0.5380348479179689
0.34779884660586946,0.26640617393316374,0.3895093920381706,0.5581255774863076,0.33149637165226137,0.5868635084646493,0.5712281856977534,0.5451618647349278,0.7884758009172986,0.7236389743668401,0.791080949353715,0.7969437847260451,0.8575688196236875,0.8738884375385325,0.8362620969244136,0.7741682432615907,0.7154487156955491,0.6401116726192387,0.795501569306941,0.5529869715945395,0.5887006963672577,0.3985288851960855,0.5120470236294684,0.34443345312236023,0.35174382895806267,0.6006033942457343,0.32905270379833523,0.45917070804515614,0.44452579184078894,0.452346177240769,0.47546158197422295,0.5928421205287023,0.6431511933458953,0.6252642859269287,0.5591374881740037,0.6070459936696,0.6355479693695325,0.5857749488660674,0.6128602395319201,0.5511944059582119,0.4161921876557489,0.45027598151231574
0.3068905227987673,0.41374584996753233,0.3407777205411064,0.3427851208920329,0.45011588447491196,0.48618826651902786,0.5001180965207173,0.6340189562693375,0.7443101924967328,0.6906025443102553,0.8573588983824767,0.8539773598214806,0.7977992067791723,0.8104061693476752,0.7970016224557875,0.7502895256124138,0.8821427189114449,0.6164427515930742,0.5499596590483312,0.60048971875106,0.6208367277714965,0.4431815526509184,0.5623374301844637,0.3611956221245056,0.5042983423634819,0.35190584904562183,0.32319472210488737,0.4771720696371195,0.3565253379047314,0.5020483006042696,0.5648696292469946,0.6061012198178571,0.5911688728949923,0.6180903080989991,0.6679053031416184,0.5630809793535765,0.6210371850165155,0.5447774049058539,0.5390600871570831,0.49466359844307,0.5208966185825648,0.4506201017280129
0.2801814133636037,0.363667995198449,0.31270645511507034,0.3367818532985382,0.4729759838192807,0.3861802696079507,0.47790981882629835,0.5819365203959233,0.7999075703082213,0.8010875876416659,0.8671698974246108,0.8275862275753766,0.7837953876525005,0.7619082953956537,0.9144109501019653,0.7931731647530759,0.8595598631761514,0.8271777892203487,0.6977758903850197,0.47164751646731334,0.505050605655858,0.5458882244988232,0.4721618091926414,0.3515011765389362,0.49850706993814226,0.4601225667473403,0.5276204086248845,0.4019451062448535,0.5405104670856721,0.6571495101201864,0.5943535522822622,0.6536103023909617,0.5077023842537812,0.7265496270746504,0.5962066017631613,0.660932506717161,0.6030083742158954,0.7083595327283081,0.5247505896799965,0.5135370664070754,0.5569353506973118,0.36375673446465895
0.29955847767012167,0.33858104971115177,0.36319075316109745,0.31645543333707643,0.38113719957933556,0.4604252318599694,0.5690100210658283,0.566501891973239,0.7461716432487321,0.7522432107868648,0.7182498230478196,0.9230945369478922,0.8920141294073184,0.777291085959019,0.7390547503009788,0.8380439912609202,0.7489076554042714,0.702456820794403,0.6280394184862323,0.6594720008342495,0.478267081347221,0.4258362761462111,0.4691926892338804,0.5087566306859511,0.37531038502755276,0.35722118799534597,0.44141456248630273,0.5817062662784575,0.565129596384126,0.5194850715056797,0.485522029405099,0.5339376781983067,0.6498754278010656,0.6435623106283517,0.6818034330365107,0.7337636821192558,0.6891025310385657,0.5995017742264221,0.5521224154772743,0.5301042432280277,0.46940055216099674,0.45559076565593504
0.27635758299133917,0.347122699582744,0.43960499644877954,0.33417091490778517,0.4482014305375976,0.39514085995712134,0.5643678683391637,0.5418369216890517,0.6770955350123243,0.7365902207165697,0.8376941305548203,0.8290909572777571,0.7703633981989559,0.8463294941041987,0.824696110200025,0.7334715051659815,0.8012066917824804,0.6318438758613725,0.6484531526595236,0.4991980687751044,0.4721019847640778,0.43378598703883614,0.4241248347334491,0.450926572957244,0.2858171149543839,0.3169765165483012,0.41595102689000213,0.330177449406371,0.5411789898766441,0.44747727168149604,0.5750659236745546,0.6211745347406192,0.5880328389196873,0.5500887632221845,0.6200439518795267,0.5412168517457558,0.5491855232812775,0.551635737644492,0.48492838886507045,0.573430062196035,0.4322115461083205,0.5119905473254585
0.25824486428817206,0.39564534813836155,0.33755286640743,0.3703396528584776,0.4741070343422641,0.4890606754522616,0.5848624689481925,0.5895195498977308,0.629291539797644,0.7142007026571624,0.7084146842426495,0.8520233689072084,0.8107925253300607,0.7991133352610288,0.7382072678002559,0.8395397380713442,0.6062735860740228,0.6408150271304265,0.5860415953765529,0.6723212911366169,0.5752025985855285,0.5935510379726772,0.3243369552226027,0.4812684938812859,0.4150589160626829,0.3587815784373504,0.44862077228054165,0.46043936763258786,0.5236212226828774,0.6092561159015897,0.5130480362250365,0.6196737291987818,0.7376285445579281,0.6789684942304114,0.6126954008556542,0.6828852720413422,0.5643703466889871,0.580540658529252,0.4344305702271051,0.6015251227866145,0.47154584760207885,0.3546748065991635
0.33892701654295165,0.29142965728116493,0.3948528594898346,0.2481940818308964,0.4807134245787167,0.48418214855993474,0.6404642989712735,0.6758752352138185,0.6584881365805576,0.7727685859726032,0.8030324087634908,0.8100377315306286,0.7753905750361817,0.903498661346011,0.7998977924266671,0.7942376477490853,0.8386963091171122,0.763869805008175,0.6363457801148101,0.47287508113776544,0.49018013940293453,0.5086468166287772,0.5082218180786092,0.4047185970722565,0.41982352276177265,0.35823347545939094,0.42137916871351877,0.4370230560973751,0.5722863509083295,0.4468868823500664,0.5076085441878204,0.6285539577194741,0.6564616618956024,0.5833620690246569,0.5306901860306763,0.5616135605930198,0.6389122710891899,0.6242928478401593,0.45598066254713493,0.4391734476414635,0.5203100242295023,0.3576127573601369
0.3159292034457748,0.2961148264641153,0.4763127777538531,0.3018160791393957,0.47129301590280354,0.6001252031017085,0.44088801310509784,0.6355470930171082,0.7374137395376936,0.7036642605825176,0.6467238977356111,0.8575182521697784,0.7997964250236382,0.8366235231340324,0.8753904909715253,0.6788980306429098,0.6850012383672448,0.6656605897005835,0.5380982256688999,0.4715692816470843,0.3957911542417601,0.5035461952417168,0.45636382541818404,0.44550117213574425,0.4163548732811099,0.46526869241664737,0.5594742977482245,0.4571639705995446,0.5443086951790207,0.5662651173804482,0.3929407869316984,0.6017634329089796,0.6415199521301318,0.5407441586290253,0.6814430870374075,0.6552484036496323,0.5402926609982847,0.5561477671579066,0.5531995783437288,0.493935626479691,0.39406136695389743,0.41230747673346113
0.330159425088272,0.3335452797871213,0.2459231276776165,0.303651642888953,0.4887588216166284,0.4992687415015516,0.6027637722702094,0.5153876463475859,0.654612506864646,0.6575491858654868,0.7769784194364823,0.8821067128990342,0.7959684006502354,0.882245989048009,0.8785059312594568,0.8532706237545327,0.7575455650912656,0.782158076783749,0.71062287964146,0.5370108466355075,0.4172457679157553,0.5653268764225627,0.27853091268691266,0.3089322059126837,0.3667614871425262,0.43158111092923174,0.3925729810002366,0.33177167656022555,0.411421058270787,0.44382052968460944,0.579696293123179,0.5832603894239358,0.6002473456114531,0.6451977090344431,0.663773324443764,0.566403931270476,0.5192797997908685,0.4791221947402958,0.5570724619901799,0.47390367874325107,0.522435008756544,0.43634772261005506
-0.4186565782249394,-0.25195665924749655,-0.3937689144630385,-0.23387188727280295,-0.27055417035966883,-0.41894350725675067,-0.3616190595987622,-0.245816338619104,-0.2914140327999155,-0.3723727430128684,-0.23227223455335347,-0.25816149136845734,-0.3417692394705405,-0.24389376644272784,-0.4086029321465929,-0.34820934823664795,-0.3158494333524185,-0.2437386875157573,-0.34657310797226953,-0.3422182813132236,-0.36162392277604877,-0.23808507390822203,-0.2916220734793152,-0.30241883937595637,-0.31431757339163485,-0.3558782050156325,-0.40993383100143466,-0.3157746992335776,-0.27345149915195566,-0.3534017682540976,-0.40334317997810576,-0.3365810073606741,-0.23899783205618125,-0.3880209142484466,-0.3574426445310532,-0.2505546524788096,-0.40263990202158173,-0.34070212991394866,-0.32405717903630116,-0.358708492944751,-0.30557621262477663,-0.2866832588639446
1.5857886763212348,1.622253728071597,1.7561167851204447,1.9245078023789828,-0.2790911727009972,-0.3205563519942808,-0.27428153291790097,-0.29252080005343806,-0.41302060233643045,-0.40821564827699686,-0.3364415785290622,-0.22717506714011504,-0.2855287352189618,-0.33627234780219517,-0.3696077920442946,-0.24697947939095746,-0.39174843284619504,-0.22864798903255262,-0.3978057519044502,-0.38059343254041816,-0.2287763332797481,-0.35115203053093763,-0.2982732104016154,-0.3259917968117735,-0.24360928285911065,-0.2510336760468955,-0.38438335448140415,-0.2965000014791372,-0.28992175396792685,-0.2968348511552583,-0.3339174549564217,-0.37715685037496177,-0.29586796909115987,-0.33694923123735926,-0.24696050007731615,-0.215678565197313,-0.3596752902611881,-0.3434128679880526,-0.24517730744154828,-0.3033367754966092,-0.3956210776724952,-0.3697670807448608
1.5345615977913807,1.617431338265719,1.7291674703830744,1.6214572925843713,-0.33922948279688436,-0.29833463433080554,-0.3969167648665256,-0.20930151876524758,-0.22252098741056492,-0.21070316323304555,-0.3312363090392496,-0.3811607005869689,-0.22572679397630294,-0.3011619412016916,-0.3523393797625996,-0.29738366618295015,-0.3645005194201342,-0.3593157984578359,-0.3179699009836499,-0.31924732898111113,-0.2970870083503488,-0.3721139515056277,-0.38435247242670517,-0.2274326708077994,-0.29044487671532776,-0.33940510578505434,-0.27440993491429816,-0.2123451409769659,-0.22877614400763943,-0.3743472907731012,-0.2650122520071558,-0.3791097540781394,-0.22424549340576508,-0.2691039261788401,-0.2814146206084773,-0.2340769431000276,-0.36164012751985425,-0.24885895984759618,-0.3457451255157278,-0.2945792581821354,-0.2230795368524979,-0.3807324016254448
1.4943648042509696,1.9833337349201419,1.5201908575674357,1.4852992062914132,-0.3076945470912876,-0.2075109342437757,-0.3371686834331615,-0.29515385161263546,-0.23422326583599704,-0.36326846764010007,-0.3446964621804175,-0.22476863599945685,-0.38305738306230436,-0.22172296779792575,-0.2885652312499971,-0.2850404921664691,-0.2908244916653458,-0.2887817559971815,-0.29436525679817505,-0.31472278132047726,-0.29509545656998365,-0.3732795205499594,-0.3407056617556308,-0.22901150445743682,-0.35912113818616614,-0.3604502296409653,-0.2970307815758073,-0.27377847922103415,-0.20890030006608548,-0.2742704013271256,-0.32288799794784456,-0.2850055744980368,-0.2160380366893117,-0.34317937975735796,-0.19690345831778056,-0.2992724891213026,-0.2171371169412968,-0.3576159645579906,-0.18928928716458712,-0.3318737326617446,-0.2860146852190043,-0.3655408359134722
1.9407161433850186,1.7683307733849052,1.9980429375840907,1.7691574816545776,-0.17493717601475392,-0.27695555868107624,-0.3339069382515321,-0.21626258582169144,-0.33889044485559733,-0.33226420869574275,-0.19575180375119705,-0.35283256214790326,-0.33637419867525525,-0.2472994825276268,-0.1953078530769173,-0.25245622371472426,-0.2869174212836804,-0.31623000670909346,-0.21267701302494224,-0.37007711648272235,-0.2862529120655433,-0.26777978318755735,-0.20090074980471656,-0.2028855410164818,-0.29341279757712246,-0.237271462936388,-0.26063600892702243,-0.2141545347813061,-0.3611916724405755,-0.2657856119516027,-0.2795257280301097,-0.3348312044532827,-0.2610778279163738,-0.21400613402755256,-0.33755083806230335,-0.26244699064528965,-0.1981238993902696,-0.3415117277829472,-0.19734667543591305,-0.2274876593590516,-0.3100569247988825,-0.36081901146489753
1.8825343161234604,1.7859931532541224,1.6815536961252733,1.9114893335118672,-0.18236438015908707,-0.19259727066775748,-0.27922209740725956,-0.27756542448109955,-0.18190901799988984,-0.3117379885530645,-0.30821363673549607,-0.275575655668302,-0.19060406800938653,-0.32089324407307923,-0.311696366298486,-0.27376395302376944,-0.17154937330984113,-0.22991285634239314,-0.23410860300745814,-0.16174387793683184,-0.2897568163097095,-0.35476262192118435,-0.3241420678340289,-0.2757886373170089,-0.2797162453933659,-0.22255464051799592,-0.3485037434555771,-0.1694014395429841,-0.2592599512037784,-0.2663981635747368,-0.3192640146869627,-0.2516122803793872,-0.24612994408696978,-0.30731974496746195,-0.3170341136039779,-0.2793709360615719,-0.23128863741193392,-0.2349146711377484,-0.3438230687285437,-0.20590121067191916,-0.2722852531902262,-0.2520928037408334
1.8501137432546222,1.7571174415340367,1.8352803483859887,1.6112026440157625,-0.18047832088167,-0.27813501222894005,-0.19985687248346057,-0.271990691482694,-0.2654825453000619,-0.24321179374454385,-0.2892375825063654,-0.21552607879044913,-0.15556537869179426,-0.1856112640683719,-0.2563381141713625,-0.22248107488911056,-0.23360891910389986,-0.29480945880233256,-0.2736180015823494,-0.215309662236768,-0.3448845048165451,-0.22673555314545332,-0.28648997371257634,-0.22972275277185852,-0.23857709844859473,-0.21701188351507575,-0.1962150400991599,-0.15126196284149587,-0.3200764420308342,-0.33132066035142144,-0.19069056177332133,-0.23246337565715383,-0.22777320887224037,-0.3225399223600139,-0.2733694675368955,-0.25909733281797814,-0.15825493019269016,-0.24030798260852376,-0.2003477631852441,-0.23543543094441957,-0.3357981933495453,-0.34527066256279254
