gfs-wave-data.json
{"header": {"parameterCategory":2,"parameterNumber":3,"dx":2.5,"dy":2.5,"nx":144,"ny":73,"la1":90.0,"la2":-90.0,"lo1":0.0,"lo2":357.5}, "data":
[rows 38 to 56 of 73, columns 42 to 83 of 144]
-0.3894641226054782,-0.3275309199591358,-0.3518454877720797,-0.13344730090759452,-0.12907381419911368,-0.002610484368482632,0.005725304906481633,0.031493873062297666,0.06213199877101438,0.20616764619065658,0.2700598705578946,0.22623737138646474,0.3416609898509064,0.3349384350305799,0.4004353277593801,0.48657372842221597,0.4495368161765912,0.48397811719111977,0.5638516181029876,0.481777296062362,0.534631773697032,0.5179693137629234,0.49991352939597494,0.43855968189503447,0.5612009885059988,0.48890386206406344,0.33065229218547265,0.26810426729112113,0.11069914582312902,0.13860777262198412,-0.14276006357898907,0.027701366108181302,-0.09878018301679449,-0.26894915433263905,-0.4579396809432967,-0.5170990212757708,-0.7893351326954083,-0.9462328405900872,-0.8159588118344473,-0.8868314663070862,-1.1073419315108848,-1.0095157197307996
-0.4274267420628672,-0.348675442204604,-0.29920325599711217,-0.15713425246863158,-0.22815543332007318,-0.09005614180424097,-0.055836688945738365,0.024088186419439758,0.21013382397202304,0.11304137175117385,0.18501866147045687,0.25227190886724976,0.3410667135065568,0.3818225722986024,0.3625593655473924,0.4709481721375962,0.4927180681448938,0.48577474511446916,0.4555367034799077,0.44407988615851995,0.5418614831714583,0.4919379247800792,0.5448545877673044,0.5521943523133941,0.5361587006342282,0.3958496218547832,0.4568989957057018,0.3122244943203134,0.2942412774331209,0.08715052360172383,0.06568276954782516,0.008130710058437442,-0.3309859906608826,-0.3827834873310963,-0.4886710299448769,-0.5282625555878898,-0.5827818949011854,-0.8170042941323764,-0.847047715567878,-0.9136005862738947,-1.1068912319359414,-1.1515199160130323
-0.4212573930235805,-0.3626316367611567,-0.3729476343397481,-0.2826448325242181,-0.24255457684044335,-0.1408120909614139,-0.00954839658762895,0.07338348970850761,0.1115867313604172,0.20545633986718553,0.18936473986680558,0.3065978869703015,0.38679992038743666,0.30853064088245774,0.387252334915096,0.3714113681600668,0.3693127109452005,0.5246630926823665,0.45721766186169954,0.46280988660128974,0.6061676015365586,0.5336256123013662,0.5690464062239907,0.41973718525540354,0.49361612079966916,0.3160118615015411,0.3395710588086451,0.3598472295214176,0.1420950607217274,0.019916103736416262,-0.08071957047605657,-0.19258119930541392,-0.22323938115348516,-0.2774940455261328,-0.4538412519383785,-0.6039297721773023,-0.8965890129385182,-0.6813116801168432,-0.7449558499053281,-0.9591518736888808,-0.9972979460772085,-0.9827828146752959
-0.5696039661828288,-0.45825906703584685,-0.28501875118716946,-0.3520829573627143,-0.20872845094028467,-0.07201081436091263,0.07243866586832179,0.011520580619072742,0.10746251236262037,0.1269292901474192,0.22225660530760732,0.24732804087444407,0.39318185219262397,0.29035155080106234,0.2944530071581052,0.45815186530551,0.4212548769067658,0.453792744956026,0.49635981265465007,0.5115675504977582,0.4182410235923439,0.5029154867623639,0.5600374622603902,0.4002857963858124,0.5463767228281825,0.3787806043959022,0.35458270661970126,0.21353669512518672,0.3088236062731608,0.15616262436295056,0.06601190632305617,-0.09349001499527866,-0.3366071049611892,-0.43530079883274186,-0.48100188596598403,-0.6496907412592008,-0.6189556689937313,-0.6922609055383793,-0.9264242573903541,-0.91424132194371,-0.9302879937683084,-1.095419701435531
-0.33403591890453127,-0.3776736174132817,-0.4557164521634658,-0.463900969907995,-0.3670199345340434,-0.29445804417109145,-0.3902734988626358,-0.449642896052413,-0.463823537710487,-0.46997753185658425,-0.3610404458374278,-0.38421763964598804,-0.3006623853793964,-0.4190658221900417,-0.3225070219796908,-0.2936968694452095,-0.4280772135674943,-0.3410685434987333,-0.2941097602225266,-0.2912859138262992,-0.4580332508460337,-0.2795818313260671,-0.32702317060137326,-0.4349972541985161,-0.32427890468502846,-0.34610576735458404,-0.4307826353240705,-0.4493244142058212,-0.32771992171498016,-0.3663615521741438,-0.34025269105237327,-0.3930542072963261,-0.3570422796015351,-0.4591090700316828,-0.4025529474457583,-0.3285828783902589,-0.38679285340088665,-0.2844451283457531,-0.2912437661640326,-0.3630595808220268,-0.440273505940575,-0.31046997338693655
0.7834906469367582,0.8076262761277866,0.9538902155027827,0.8771243644431287,1.00145816661851,0.8191274912606754,0.8008043496244014,0.8035056515696306,0.8561818555924614,0.6758776216064547,0.7518740687062839,0.6868238951272544,0.6074933739739621,0.767424574504296,0.7768910561257539,0.6427849612686564,0.5703912654214441,0.6078245939410405,0.5824274957231914,0.48883045089894195,0.6559791228007261,0.6973042541028411,0.5761215713320533,0.5251663431899526,0.4139545617508144,0.37205128454125885,0.5614513447661755,0.4430918774336795,0.5215378940342639,0.3207642264380245,0.3938593113669555,0.7877453288529344,0.7501965165201999,0.43895828215103133,0.6095992556161608,0.7003494511394991,0.36809736304836294,0.6116904846763183,0.5794403073940582,0.3674754811922365,0.2731131203972657,0.5014764787845049
0.9079491946231661,0.9501341003605472,0.9959416509868557,0.757215526866198,0.7799172212832153,0.9762362043951732,0.8370841231814637,0.6825653761371399,0.7922431940192198,0.8800479892084043,0.7915600770429967,0.6511487225574036,0.6637030470012594,0.628880558396737,0.7218361441778003,0.7981302622589811,0.6396726119868619,0.6485718264805027,0.6821908715441126,0.6200112704790605,0.5542973084735462,0.6427750669420598,0.5137697043609781,0.5917409907238854,0.5413645639249911,0.4060280518748967,0.4643019768730678,0.3868281720954101,0.3256114131716257,0.30900680263833735,0.2793421663060943,0.7289762134641875,0.7116988121279789,0.632080054968752,0.48333303648652454,0.7781326996054959,0.3421032901594418,0.6137879226917571,0.5379770616576324,0.48856736532922107,0.4114152767084686,0.43021117008680365
1.0131668554147133,0.8947081009005596,0.9301766162381115,0.7101821734789147,0.9843402110040983,0.8604897703374321,0.7227795632656628,0.6433924737862731,0.7726253143318169,0.780633096367016,0.8232969864743851,0.7014714626597124,0.6661932221098038,0.7222062804989798,0.6249610231538973,0.6198112533735868,0.48885174582413854,0.4588983329608189,0.6743923110686388,0.5661321215642369,0.5227872058042127,0.4926521679740994,0.5840631341002407,0.5072732613755444,0.641553594518487,0.44596340025931763,0.5492354906725128,0.3093664631665856,0.4328768160188057,0.510560505717416,0.2607142001949977,0.48976133702366853,0.8468448340836184,0.7886616707884022,0.6744554581496258,0.6077848343666177,0.7475384526520568,0.655343153628396,0.6063233869772137,0.5194508485384568,0.5243946862071155,0.3470135867423276
0.829281848028025,0.9468617507779413,0.9416660660278701,0.7743726660718375,0.9826466942747613,0.969064248305039,0.6971160576471017,0.7917349174981153,0.7555067197031299,0.8107255809311495,0.7504457598645979,0.5601162539061126,0.5473629750460391,0.675151282020797,0.6379517609196488,0.6654745166882112,0.6173968386483677,0.6231076344666201,0.5563911568059,0.5939444358587225,0.5702332460531471,0.595190149104135,0.4470387993662918,0.6015399485645038,0.43567541617888944,0.5567677906038014,0.36430295754538894,0.3178790556960742,0.42108739920745236,0.553995228959887,0.3787066171031112,0.7264028620234055,0.526096636563125,0.5973250549900463,0.7412037323062006,0.6151036334011968,0.6936859086543601,0.3266255112945781,0.5657796962442474,0.5672335852764812,0.40403640165748095,0.4829989017440821
0.9197273088433394,0.9219584870237252,0.7268624369429684,0.8840488970272703,0.8398741380135177,0.6400376088045623,0.8361576441932563,0.7105211315881931,0.8042252819088929,0.7078977705744378,0.8284749242992391,0.5555663299737631,0.6511063670754099,0.6769829779646842,0.5931653150994062,0.5064973591049813,0.6511841731541732,0.7580344609612265,0.6331649466227236,0.5976556258644256,0.5200878630265249,0.6324505238856594,0.6736509576776604,0.5529711574229396,0.4920423560974574,0.5231665756739959,0.4501159590673828,0.4662160172355118,0.4115824310692436,0.478686055885604,0.30475341646250287,0.6969656869128417,0.5598048433519545,0.5947411471273625,0.7171180086623238,0.6899055636765449,0.7059232209099011,0.5540541943614505,0.5519055947631683,0.6472057812911881,0.6116303851949969,0.43797682083648726
-0.40599675623998926,-0.3161947521437467,-0.31788877540914795,-0.37635417767332646,-0.2705306632689326,-0.35059829327053227,-0.3461951204236924,-0.2476293772053164,-0.2916013414784816,-0.28168571270071624,-0.3704845978599022,-0.3303211498658497,-0.28386614820141454,-0.3144573861730987,-0.2347471617903136,-0.30208567103870787,-0.3932096806083915,-0.4036257249397186,-0.29496929993447263,-0.25271923592269796,-0.4016297203433914,-0.36977927108189124,-0.33883139689936187,-0.24301251587072592,-0.27618693990185605,-0.38119831538364524,-0.41583052780345725,-0.331307563315129,-0.3837686608900233,-0.3906324765203108,-0.310248224125594,-0.34280027810528785,-0.23874787575237044,-0.2773129366542495,-0.25830832768241047,-0.2892885461643013,-0.24207326808105778,-0.22717889213317188,-0.3272440337073457,-0.3139480979973211,-0.3744719875301919,-0.3857305424005843
0.28383027865739263,0.22720806224343285,0.33919184227200455,0.4587780850095312,0.4761260340485402,0.34469732647147766,0.31871038415210073,0.5522139769069839,0.28666646103851556,0.5140648347961823,0.43838465493997536,0.5300698099384106,0.5580416362909385,0.4536807399850238,0.5260929902151757,0.6079157656493768,0.5074829713685125,0.5811939824638013,0.3079294486641573,0.4814778953011887,0.48383351997287566,0.32313903830188184,0.42105143528859196,0.26210418716589323,0.42160024074058655,0.3857246977250807,0.3510567238584729,0.17363388276284186,0.061537530380394605,0.05495056936600046,0.09414499992350946,-0.21997529442329553,-0.12346516274447382,-0.07557861220854951,-0.3794720426031549,-0.36189649882845637,-0.4252298508361798,-0.27824784949746845,-0.5293073976169962,-0.26248325846682014,-0.4789198524119868,-0.38929421256562396
0.1733991795793262,0.3411827204895362,0.3684866506125471,0.2116878922011705,0.45785476980627055,0.3696672366516058,0.44659081337769463,0.38473770602718405,0.44740162077851653,0.46093251797206686,0.4174777401991529,0.4685833203035314,0.5280253315427221,0.6194427610522555,0.32271563393083613,0.576206414180768,0.37978710147538425,0.44848333624276215,0.3967143835986212,0.5378939543612458,0.5371697414762207,0.42453511858329884,0.41828496839668944,0.4858763558446213,0.36730665156200726,0.3974428519446083,0.3373423882934919,0.1741325008469306,-0.05987181920319045,-0.009317892538096579,-0.09474515707810072,-0.21629269507710855,0.08616388134606688,-0.07604881911128064,-0.321298978307293,-0.16795522944642183,-0.25860294861833566,-0.45732142009421245,-0.3388067505616062,-0.5335961002454666,-0.38422343242440865,-0.34700850122785953
0.11884605538977253,0.39112767003175936,0.1761661941601007,0.34606137845979906,0.3599667545030742,0.4596905666739815,0.42711869212586917,0.5075985192427425,0.2882729591934666,0.4276651324648591,0.3251109014112524,0.5763405230834814,0.3649117617773755,0.4522517071997696,0.5274551131254758,0.6548191482961659,0.36001310915455487,0.2873422325593059,0.5423775548235001,0.2722699666337127,0.3481503525188282,0.32122893624502824,0.20518729909225608,0.20183178083385805,0.3328485237418783,0.1445236031802227,0.3884946470526841,0.2840726620577099,0.25017047128100356,0.2313023677372915,-0.23485784738749374,0.1411740207561836,0.07523048044454435,-0.22873849493776166,-0.01650756016833465,-0.3076100405376264,-0.2002559775717258,-0.38778894285978793,-0.1790596025928973,-0.5207525326082799,-0.269419979900776,-0.4902772676661115
-0.2583436331365758,-0.31314248729903804,-0.37156473275164326,-0.2597434832848017,-0.21375513674104585,-0.2030828125534939,-0.2892470728477887,-0.2042885773908709,-0.3269425716315455,-0.24040231078441043,-0.2171365998756853,-0.35646974384729657,-0.21678689385227526,-0.29984165356170817,-0.28434858830803766,-0.32086731909733074,-0.18512632046157326,-0.2150787430697328,-0.18077241077831852,-0.24162748469689746,-0.30702785988193065,-0.3435920536921663,-0.23719862276337267,-0.22637785786624232,-0.20728093567436107,-0.33669151840168315,-0.31876087443351414,-0.19240156177207868,-0.2536952595105455,-0.3125462010235664,-0.35645123783012683,-0.32478646258585064,-0.36424973875553535,-0.2300599727846918,-0.23630559653067176,-0.2788822793534166,-0.20345864499133556,-0.35684396245665234,-0.2910380885240076,-0.19548587632796735,-0.20973292347370734,-0.24501048085618646
0.8341513197345328,0.84905651829622,0.712914405521807,1.0289300563973898,1.1379229132846342,1.4363701699562113,0.9044387460813054,1.4234828035154232,1.3903755775489528,0.9883636081021795,0.9581557233113159,1.124254182039037,1.0119737721011197,1.298709924329901,1.494772190635223,1.325974424043717,1.4144276355764172,0.8296020775367431,0.7338370048079979,1.1022421439654853,0.9931430145343246,0.9077069606091774,1.055561466343269,0.9171788108640571,0.21355688827406147,0.3288280942108637,0.10647206342491858,0.561454963611374,0.15284312799920058,-0.22672517740942041,0.1247033964819576,0.2392939186464861,-0.4291333862427281,-0.23009886864070025,-0.38173655194572226,-0.46706352469133444,-0.5009793680391985,-0.4345180840713837,-0.6090226727731629,-0.4783871233495299,-0.6813130953608779,-0.4218377878295621
0.9244793751114062,0.6851139785361894,1.0907857198543025,1.3463934593505817,1.241051280029417,1.2294452199462889,0.9337417008510579,1.2578467377247926,1.0788997462074437,1.5397292004888126,1.3048041089363696,1.5481056680849472,1.0131191334052985,1.416444481586544,1.2520300101410549,0.9494333276385811,1.3371232191794424,1.1855916570647702,0.8538432034342219,0.7698038216537634,1.0546113228239633,0.7165010668174137,0.7894530406224527,0.3028188645503889,0.3549860822625182,0.6182056169570532,0.5207042947148434,0.16131239710270834,0.15619137523371987,-0.07641191505289625,-0.2553153370273885,0.16814858161127585,-0.43514127642270994,-0.47710655041813493,-0.2282990287647888,-0.24140825612264558,-0.4292414550720868,-0.7854052296045692,-0.8256470736488556,-0.7736156316764753,-0.646865748394669,-0.7690544820555659
0.8722372756273212,0.741798899248088,1.1402736639644029,1.138028570003814,1.3747245529171375,1.3847251351810443,1.0404959023898301,1.1234143873424798,1.048159272684333,1.4211674565334844,1.177987892644191,0.9965472959752858,1.4493852614909022,1.3102060604267787,1.5367610776522393,0.9501085239905948,0.8219206838546967,1.3806160669324083,0.9878192707457408,1.0832090086216755,0.7338032407418668,1.1867817888176977,0.8805548652684821,0.3737919036349061,0.41034408768700537,0.208207011777336,0.594062136320147,0.5426105043589233,0.04850800885302504,0.38636628323515737,-0.23425650248384863,0.19531506553857392,-0.49879340631740343,-0.5707066109494968,-0.13867274480241065,-0.41982510799005507,-0.7192555395446601,-0.6042195387439945,-0.3437391272791693,-0.4810845090947683,-0.7447905592760179,-0.43809573493828946
0.6027494914878577,0.7373501218587938,0.5079336399016456,0.6962511530447857,1.440814315750532,1.427232466319876,1.114517378254122,0.9243313798472829,1.147120508097065,1.626030516163107,1.4144934742982704,1.0488749845259986,1.411393604538947,1.5430701169324859,1.2754958520509885,1.3436764665804053,1.43847563582462,1.375656467901298,0.8066552717443709,1.2500589604298367,0.9256126807908374,1.0093724724775728,0.9217800164314666,0.9548228914327563,0.5799545877638005,0.12996513279333619,0.2655686837798933,0.02232598096503114,0.32980377627271495,0.19541696969642752,-0.20445754755272216,-0.12065729507928102,-0.28616557263686504,-0.0585156790186909,-0.28152480731302837,-0.39197628550495994,-0.6967774984396374,-0.6583158117701005,-0.30213552410956207,-0.6518335164042393,-0.4467158161433348,-0.5345654735611942
