gfs-wave-data.json
{"header": {"parameterCategory":2,"parameterNumber":2,"dx":2.5,"dy":2.5,"nx":144,"ny":73,"la1":90.0,"la2":-90.0,"lo1":0.0,"lo2":357.5}, "data":
[rows 18 to 35 of 73, columns 0 to 41 of 144]
1.9858424524448788,1.9677401526462002,2.0418942866924916,2.099684476931373,0.0289651955851565,0.00020411291597011963,-0.01940786733356136,0.005120029412494367,-0.007517544549709752,-0.023180512914386824,0.002243167425331387,-0.0017522492753136228,0.020722571782413032,0.007129265127646214,-0.0012744861340380944,-0.010564368255913855,0.011782202221074387,-0.003610993060930489,-0.013337464741123992,0.0186314769378144,0.020228920577939152,-0.0013215507275605642,-0.014517632065743375,0.004195225358856458,0.0021774768833360044,0.007740858299054157,-0.004453506646225621,0.010149874872274565,0.0017284492052707294,0.009941722656238675,-0.026838064398335304,0.0003558318532906459,0.005249436197714199,0.0027367621148265374,-0.00345109026801131,0.0034966462072045577,-0.0235996395139448,-0.024557612861826637,-0.01065337712746177,-0.005257475058593406,0.007782671809056212,-0.02569164728457939
2.025686161566869,2.0700516761964347,1.9433558821959473,1.7659078676602997,0.01945499222506576,0.0071622059833309154,-0.0003920693428517263,-0.0009123641727679845,-0.01748779064560676,-0.025114485635856477,-0.005431316794463478,0.0001995300552199715,-0.012243504623126476,0.0004045983041410767,-0.001343098969993569,-0.015456103785901272,-0.026996571938461222,0.009477075578816945,0.004932201927335818,-0.0008683713533632861,0.015931833544788467,-0.018590154177595006,-0.0033760799245458077,-0.0008604599117516184,0.008129079897245995,-0.024202666296659826,0.01976382192698099,0.0013806893194779424,0.0022520295340170415,0.0060859500456936135,-0.01037554234155085,0.00935923935717052,0.009029909706948168,-0.025142456043160413,-0.008054809903080131,-0.009013076296426096,-0.025532692594811435,-0.0005114695674200851,-0.013817162517097198,-0.007888179170524721,-0.009760629482778524,0.0036507310513100547
-0.004519631918634851,0.005681945397059704,0.0011084850073150728,0.00793696009192602,-0.011073742993825329,0.028487379971442555,-0.007155435263472139,0.006582780475479296,-0.0010053131929197991,0.008516621856918255,-0.010198902238475773,-0.00962061778242387,-0.00026392462521993996,0.000926222966312886,0.015139601055677921,0.002167163253835641,0.005102991334978404,0.0075822055178393554,0.0011987366184842171,-0.008589899974073693,0.009829497577845521,0.005321319961127111,0.005935324399131854,0.009223314073685774,0.0032927114820085267,-0.002465267943120037,0.00936781405517769,-0.0017574871766132794,-0.018297223945831005,0.020766925002495027,0.006327034243302756,-0.008599293221531164,7.55073285782295e-05,-0.0005248583286078719,-0.00098066631965113,0.010699484812357437,-0.0071195625577231865,0.01929708246258324,0.0019886132433054697,-0.024965309940453324,0.007384181644004229,0.008165198420770585
1.4671902118364648,1.4742681692728412,1.4582385168686578,1.3915704063619332,1.402250438571926,1.373244705045927,1.4716794470725378,1.3980598123661896,1.3241357372912728,1.335829985904668,1.398748592047893,1.2267477253706551,1.223240142184611,1.229552518837526,1.2089236039195277,1.072618040327004,0.998561406933852,1.1887532126861768,1.0172987747289415,1.0997361043343346,1.0037521908760108,0.9876833401998122,1.1196396045669608,0.8986759696974784,0.9411716478003693,0.9551093370783753,0.974608422728392,0.9241793254400736,0.9349958941190717,0.902851205339738,0.9741634878797086,0.819176794927282,0.8147712653424203,0.9026955730962224,0.7991931259744106,0.9074591608138145,0.9054141109166577,0.836011026725077,0.8236093100722454,0.8151283056034464,0.6386203970879709,0.7851532550225023
1.5891994000845666,1.429905592025061,1.4610269174599106,1.4964134168174215,1.4274446523460007,1.3294927611330554,1.3645743775386299,1.4976557273100986,1.3368325555991103,1.1781881135556793,1.4260717129634255,1.3186884291537793,1.236327514140006,1.2893971797088553,1.177489096349573,1.1597458096875353,1.215083500510027,0.9706084128518855,1.121663383854403,0.9559422510157688,1.1583983503738065,0.8847608338448867,0.9873808484401204,0.9370941993914911,0.9901270991083572,0.9601409123807807,1.059638712126556,0.9488817886720606,0.964579651505299,0.8755866180125542,1.0073824671432716,0.9439137079774526,0.8441755397536775,0.8678418223565348,0.8804747896900152,0.849071376902143,0.8257382195430689,0.7076700353718504,0.7884752227576938,0.7515999284930324,0.631117202156966,0.7788355218342848
1.5310008596800435,1.4658558910858768,1.4881167098721078,1.4720680079975696,1.4659239139300346,1.4775072004997714,1.2795268595556653,1.4488406481720906,1.3042140028200657,1.334045287034587,1.308367358292919,1.3296735066266512,1.3692025691273997,1.1883449472589065,1.0974802177911467,1.265849387490013,1.1356150022240419,1.2605644396397842,1.0958877806509602,0.9442579598700261,1.1684997966585273,1.047871842047693,1.0275346160456713,1.0600974194182837,0.977159369851966,0.868765846595673,0.8780739299899235,0.9205386666255652,0.9487850702687358,1.024150291328031,0.9553158845209667,0.8501683444069394,0.8421198282692764,0.9345927316710664,0.8357751425193762,0.8871656881933412,0.7398944891842775,0.8705100003844893,0.8424172892266133,0.8273063308019906,0.6889386465036942,0.6334154368372229
0.0010913419730268813,-0.010239538527035706,-0.003174070452368294,0.013918140425681154,0.025663361738380405,0.02292614272960738,0.008710756041674128,0.027972189335959054,-0.01497427074634591,0.03110331832173007,0.000959655900813294,0.003237410275793396,-0.013698412207921328,0.009667160921149238,-0.01559831359436687,0.00831901360707947,0.0022728579449044304,-0.0035357081174164076,-0.015039239783548231,-0.011439950966111641,-0.00014258398207956145,-0.02192027866666047,0.004950908909674944,-0.0006178133896685917,0.003672603322908206,0.0006842332485343237,-0.01700836741593162,-0.002076073108724671,-0.010904681506510097,0.015924627450013062,0.019719158303581535,0.0047621455931398235,-0.009476712095670215,-0.007996957188428933,0.002683415530092541,0.010274371073744324,0.014405128206894255,0.009555156521557227,0.005838290595096158,-0.0010394585837268711,-0.018721528063658815,0.025443774101197553
-0.7482195613263957,-0.7787483136881121,-0.7679897601376634,-0.756951310281717,-0.6743431008564935,-0.8615433981554265,-0.9362405357153145,-0.8680924360871637,-0.9601418551968628,-0.8819929742160176,-1.0555146941395106,-0.994118669885059,-0.9846873162806336,-1.0825879974990997,-1.0862523248131992,-0.9502786723519805,-0.9473008894667995,-1.1261498641188923,-1.0902202822643523,-1.0852113286761405,-1.1010463129438521,-1.128755928767551,-1.0159773642349073,-1.0122877514300699,-1.1339758436567011,-1.002306544995637,-0.9476893283881237,-1.0408848956958219,-1.1019999530128184,-1.133091405832877,-1.0626215410102842,-1.1402186372105896,-1.0461615494675105,-0.9942293651061317,-0.9745240531496148,-0.9912269514532508,-1.0307511116729735,-1.0077488082868011,-1.0476540890802708,-1.0195321212091701,-1.0241309987111074,-0.918744201112403
-0.7733613421461044,-0.6623182731468765,-0.8373810669065912,-0.6639944579080106,-0.8731482552928994,-0.7899501718176251,-0.9707890632594558,-0.9968645841965597,-0.9118018453978357,-0.8596368423440115,-0.9656878512932697,-1.0237934427675905,-0.9015122806072835,-1.104618356271258,-1.1230147940178707,-0.97595827928897,-0.9344906322163922,-1.085468162510996,-1.1294464324934912,-1.0217460673784613,-1.0562310418038383,-1.1565946077585931,-1.086040580230958,-1.1489860974274744,-1.0609868603701256,-1.1262431991226358,-1.1931977872550275,-0.9874925104132357,-1.039343545968836,-1.1014465405842924,-1.05000457832591,-1.0125319129813402,-0.9828375975893481,-1.1232166539608002,-1.0247723477591781,-0.9356583660124773,-1.0694777743591855,-0.9681137492676108,-0.9731863798782695,-1.093814230417042,-0.9167816776156652,-1.0495176835791227
-0.6156553416730304,-0.7092947739117091,-0.7798417155859422,-0.8478607162758774,-0.9511800081117678,-0.7396918066704278,-0.9512186458941375,-0.9313728546405631,-0.9343160934706313,-0.902093810315019,-0.9811913559739351,-0.9627598715953495,-1.0320063167052695,-1.1035753359413139,-1.0747303556590653,-0.8929388630745447,-0.9564115675093158,-1.0626328486426744,-1.1636368632715062,-1.0779134504112946,-1.0431870332349231,-0.9548997392970938,-1.1363620543630082,-1.0145109433505368,-0.9931802868548208,-1.056629826871667,-1.155279990811147,-1.0637257980188177,-1.0859350885198094,-1.0195248991997976,-1.179543158189257,-1.0502630684796306,-1.0269729979688886,-1.0985251132863856,-1.1400410631411528,-1.0054849122558596,-1.0210293988988035,-0.9945158807498042,-1.0125026859742197,-1.0847658558438598,-0.9006537268434041,-0.924105757059181
-0.6785447223720755,-0.8284081720204043,-0.8168387037444275,-0.6684651315634027,-0.7994406378156697,-0.7800077182377002,-0.8334769583262245,-0.865740644116139,-0.8940720858277745,-0.8081881759785006,-0.9662997540287162,-1.0121937766222528,-1.0393612406834662,-0.9577792635950965,-0.9106423824472052,-1.129534002670557,-1.0061564815955404,-0.9914319570556653,-1.053877277001903,-1.0474650199119104,-1.0539292592182452,-1.0534345788004753,-1.0011630903014161,-1.1858376204745522,-0.9974654640333629,-1.1106593274277603,-1.142454137806541,-1.1429285501802304,-1.146554534016762,-0.99769774817849,-1.069683652837235,-1.1263295244527105,-1.0007566479419723,-1.040611275076128,-0.9909179023739274,-1.0859602779062565,-1.0872230676851613,-1.0155563084512385,-1.0867394109604818,-1.0411847265744683,-0.9468833152807982,-1.0191191146513012
-0.7504358521264304,-0.7773473602596147,-0.714997683287196,-0.9124650248939307,-0.77756407031682,-0.8752132699700416,-0.9086431516454344,-0.9220871018245356,-0.9060819573456301,-0.9901663776459524,-0.9903196665669222,-0.958938604016836,-1.04836011216013,-1.0953586262420807,-0.9847920824002337,-1.0784502135259606,-1.0864572547794231,-1.0290771034294288,-1.1497334495240252,-1.0082467041905352,-1.1065986869719961,-1.1296152449639985,-0.9708119155382258,-1.0363388785697794,-1.0870261641664245,-1.1290166002075999,-1.1635504850081608,-1.0491997184090038,-1.125889394889594,-1.1383711388230906,-1.1764349370847904,-1.009330290537898,-1.1700209050507175,-1.0426317540366348,-1.1278326718581317,-1.0867917807618823,-1.1144817389528374,-0.9787187661140019,-0.9359243729856039,-0.9666811535357335,-1.0845873896264995,-0.9703252864363239
-0.012579381597567656,0.00934674715313416,-0.01030584952091762,0.012158089776831657,-0.012103142325478029,-0.015688785922503456,-0.007957629814348345,-0.008815287089054134,0.026188228434269847,0.02606959591417551,-0.001402835510096387,0.0007188161713070481,-0.00017151749019717356,0.014431505388694695,-0.011898420240431215,-0.006854990733643409,0.04219268687467225,-0.03563558464022093,0.0025918896883103944,-0.006019053485336309,0.006755011703529936,0.00020336181028938344,-0.01723580813030878,0.023438454176787343,-0.02449317308110229,0.004949111448210199,0.01799358303405887,0.023409065389775892,-0.007292262955422343,0.014017226817762067,0.0244461684336213,-0.020025313969722323,0.007913733569859893,0.007226928570304615,-0.0010705481129808935,0.019724860958931674,0.0038417935826542764,-0.029100123798408435,0.009651291539595007,-0.0035096827878295825,0.008198413663152165,-0.010067051075028187
-0.5739556775680086,-0.7306512492338719,-0.6165885560260205,-0.5702457533197871,-0.6027168987718373,-0.6391067880000603,-0.5716019792658409,-0.6865103186705107,-0.6010979291163049,-0.541632300961268,-0.5980929006275479,-0.3514996943882449,-0.5157238600891484,-0.47975726633005406,-0.5106201711269559,-0.4749431264870036,-0.5542614314309795,-0.7036060479970458,-0.8211682644410795,-0.7712726591474776,-0.9270943143477516,-0.9592658800742822,-1.114817182544938,-0.9939426576288918,-0.9116511207046225,-0.897985483332703,-0.9309451755064945,-0.9119925647774225,-0.791256195860806,-0.596727715675305,-0.5040831669989602,-0.4827903236437273,-0.557618650945826,-0.5152622480492611,-0.5003185681429995,-0.3396606473834103,-0.406464355038648,-0.40236322990964385,-0.30385809134776265,-0.2668783493510633,-0.29930399429600224,-0.42868319706210517
-0.7296509371024313,-0.7305518108012309,-0.7211631212829184,-0.6650983976368159,-0.6738497851502515,-0.6552072442207771,-0.6698844690433063,-0.4922718799495867,-0.585000805004045,-0.5337599783808343,-0.4231588930448292,-0.344961728582482,-0.617757702549142,-0.6645239128134117,-0.6993997878388925,-0.677644184980589,-0.5446680875501935,-0.7823282688754483,-0.878455084052364,-0.8445983909749123,-0.8868228710655441,-0.8573468760354036,-0.9805013933489698,-1.0630212972322004,-1.0263584503525034,-1.0570778169153443,-0.9334145431797718,-0.9014639650462373,-0.8364005632028066,-0.8586254686692701,-0.6626327902483311,-0.7155085217089675,-0.5022658395794712,-0.5517275080207159,-0.35904607081529066,-0.3432669764297509,-0.33124757170754476,-0.3800846019806239,-0.3228662370669674,-0.2809259314894417,-0.312758081075789,-0.2886734956378697
-0.6098057398697356,-0.7222851153535897,-0.6931969726210397,-0.731860165491634,-0.8138043285366745,-0.7966627268127406,-0.5845017918164472,-0.7525084783619596,-0.529021097414077,-0.5071193481082915,-0.4070197637430159,-0.5355721418652771,-0.7144539876630143,-0.5200243802471849,-0.6480365916792447,-0.6127652447221412,-0.7309271173211151,-0.8183093040606806,-0.6039952893094255,-0.977517857233258,-1.048919599326768,-0.9698324030668469,-1.0704400581684554,-0.937358155192468,-0.9311971179775576,-0.9069061330159737,-0.8148664681661782,-0.9501677655267123,-0.8592610536373202,-0.6913973361778599,-0.7685610637246528,-0.5786665513158016,-0.4971303816606539,-0.34174651930201144,-0.4471012338361981,-0.4766984343198949,-0.3057586873067616,-0.3063960972280738,-0.32381301288620096,-0.33106787683513766,-0.3182025105548305,-0.38861800448927863
-0.6880116288450685,-0.6510222606151097,-0.6900151153835103,-0.7752039466369669,-0.6851244442336731,-0.6055766301976353,-0.5540368619883995,-0.5013448774502762,-0.6413839306948164,-0.662029970207868,-0.3785796279027691,-0.40073925297181,-0.5898789208186168,-0.601406488064899,-0.4989322049417812,-0.4252529456291679,-0.7308386154019182,-0.831561768152673,-0.7281498937009242,-0.8005172625050684,-0.9524764144312644,-0.9648421349492328,-0.9813717316098421,-1.0769676494738536,-1.0165316833056717,-1.005287052680725,-0.9296033034050629,-0.7974081252042147,-0.8722608837126578,-0.825778805568216,-0.6394430107390433,-0.5203844793977176,-0.5874191795015258,-0.5615274426819223,-0.2534973135652092,-0.36994435540280163,-0.39264851883042634,-0.38161206404616493,-0.2632099875041407,-0.2817530369975579,-0.2814679278353153,-0.3038886634830843
-0.7747957753538707,-0.7977360422959401,-0.6442146562953667,-0.8383113032087383,-0.7085348007507254,-0.6269451729386334,-0.5383056584974457,-0.6079904561822416,-0.600928312476116,-0.5491819152568478,-0.47192291749559623,-0.4983739301893825,-0.5618975802134268,-0.6489652603130269,-0.5478288248092601,-0.6616002620741214,-0.7500887489533351,-0.5840307296395704,-0.705548186510785,-0.8798189857897614,-0.9032458060428926,-0.969724649656255,-0.9276878707453274,-1.0213261136281426,-1.028708627021009,-0.9719860348101044,-0.9856764284574638,-0.9496361697282132,-0.84551996881253,-0.7599583246880689,-0.6670075319100233,-0.5887449767973932,-0.4552580318537322,-0.44000109406656646,-0.3223800933074482,-0.43247968558314775,-0.4772659306018302,-0.29607918450251813,-0.41904372413948926,-0.2749633551092315,-0.3865177836823478,-0.3578472666263716
