gfs-wave-data.json
{"header": {"parameterCategory":2,"parameterNumber":2,"dx":2.5,"dy":2.5,"nx":144,"ny":73,"la1":90.0,"la2":-90.0,"lo1":0.0,"lo2":357.5}, "data":
[rows 19 to 37 of 73, columns 84 to 125 of 144]
-0.03750545412772772,-0.029306382325575777,0.03631157533579103,0.010823142449290488,-0.056765426430240414,0.011384771864391954,-0.01486546679135898,-0.044999451574149515,0.022028009156355038,0.00010828419740219509,-0.009571704031387209,0.03724459443454811,0.0278039114533435,0.03144419342336798,-0.0028354980490434014,0.05222753717778669,0.03164830541588106,0.044799443348414764,-0.0269837295591186,0.025392947740849558,-0.03200711994668622,-0.004603810420996506,-0.0020417554267534123,-0.014028084812736567,-0.014946183761756522,-0.04146920066382696,-0.037767062588116296,0.0133578471136491,0.025986184752205595,0.031113725506271804,0.0460909428364213,-0.0540952160512071,-0.027645654338196362,-0.018786546840347973,-0.02783157234171755,0.026194160150660208,0.026218912182953007,1.4887126050121127,1.5852108216242482,1.364767464098734,1.524762486554252,1.490280381707428
0.02042618540470036,0.006627274297534222,-0.032739332817779354,0.004925515086783265,0.002036837860198832,-0.03181697677330327,-0.017711481706592022,-0.03301539731967209,0.002258429736713914,-0.01893775834550642,0.009287450807725712,0.0626975007665842,0.023240844632973726,-0.045931980409456924,0.0381871882363461,-0.005650745935514891,0.027342460952469325,0.05314710049988245,-0.05660586383661036,0.03246395199153975,0.020078627664013755,-0.050566351868839586,0.013534305577427961,-0.04106392778752755,0.03327982320058846,0.025561048779764006,-0.012522212457594209,0.020037556264878614,-0.04714305979727528,0.039880617925736134,0.03562716880055022,0.006044021320022586,-0.010707499867548318,-0.0441855031241896,0.02915844992593759,0.0011926439788071666,0.007865646391810184,0.043752852417627885,0.014508540559331384,0.04101921144828606,0.0026139177287134844,-0.03644750332824108
0.8631751142523386,0.8607716433785527,0.7962757019744574,0.8496549338102877,0.9297334694511563,0.8858209078956955,0.8767904198730228,0.7067126896655216,0.9441181614809591,0.8789220107469153,0.9084416162115254,0.8663166661549578,0.9142138707800654,0.8724810792234383,0.8091282006592269,0.7538927048952668,0.9062828171925634,0.9090330652922584,0.9614973865133652,0.9225124890429587,0.9593513936596265,0.8812310195288187,0.9639978693435618,1.0532971830736968,1.020495958033069,0.9619403672022175,0.9946210611066488,1.1709936849315248,1.0220814965785774,1.103112940508386,1.1982937592551748,1.2149704397223222,1.2160545415402186,1.297003911788295,1.1977734327025646,1.3178514843189917,1.0398878434973176,1.019005186072779,1.268008802158827,1.3121168860675256,1.1593457069598483,1.3945612126251543
0.8559433144818651,1.0529276415733884,0.7896719778303797,0.793286287285587,0.9016746490962484,0.9366178073498287,0.8278646654424531,0.6820149955245408,0.9126938645789497,0.783127153872122,0.8187911166237838,0.8442069543317158,0.9144939120853809,0.879675006661273,0.8845418401026229,0.8063029795665434,0.8799316729316954,0.8464872782436986,0.9560904727475479,0.8891957072803678,1.06181035586283,0.9862820290255578,0.954202128359765,0.9463963839250537,1.055900943101863,0.9946322281878582,1.0697662987140544,1.0665917847285498,1.0420799961096385,1.089154019576673,1.1599932225345015,1.1481286863875155,1.1312905456243245,1.1004331699128738,1.14754845620579,1.1383841153340306,1.1674855476926198,1.066687956592097,1.355467240579755,1.2848156399609516,1.26357105095376,1.2439927429514703
0.9455452715868131,0.9016561372566612,0.9906196711620888,1.0098427134013868,0.8481688414028025,0.9628631325601045,0.7963241703515095,0.9393292813099653,0.7886197793876755,0.7478156948241614,0.8365990519661907,0.9137912735177419,0.8377022101275778,0.9351930569122813,0.7879231287839292,0.8434092189982741,0.9457250379139605,0.931269712929542,1.0548228911611583,1.0367564809026508,0.9425623987568131,0.962044428885384,0.9439286250456644,0.9515986869398967,1.1386293297286565,1.1624895405567122,1.1937024455104959,1.1407697270573585,1.0281391454632014,1.0886446780142072,1.0838258830198033,1.0372440955769242,1.1262190134366705,1.2085734358108202,1.1416855501803922,1.1366649071964907,1.2275082647058098,1.2375749709851969,1.2053807276684094,1.1728799900674969,1.183373894592782,1.1698074967047334
-0.01097697518654383,0.037475565728055785,0.0007645264418911524,0.038580465099229265,0.0181044175285347,-0.040968620713061024,0.04975547603560595,-0.0609392680671332,0.05821366178474055,-0.03670402048171929,-0.051086245008181576,0.012115378504303114,-0.04285612533954583,-0.039051593105475194,-0.021824893841374423,0.03848553419849115,0.034665810182607164,-0.020040533304744926,0.06636125532836554,-0.05881704950024103,-0.04320982766865956,-0.06348142627067806,0.013417396623858652,-0.009812971903755182,0.013247047469912577,-0.02810684627303263,-0.043538005158840466,0.056681447372483866,0.03382062371459523,-0.056581091860553163,-0.020325270133811725,-0.007853970991250746,-0.05039160658808469,-0.0405081189826096,-0.028583452321849605,0.04732005900287683,-0.017150529837909715,0.0017055861384278228,-0.0037738144803663286,-0.005405468854970498,0.04786904879153579,-0.02020643629188409
-0.9482760768580286,-1.0678123345542097,-0.8497178477944833,-1.0084175872292753,-0.8683965310186347,-1.060298944568184,-0.867219769105959,-0.8099351648651417,-0.820678146450023,-0.7339711346725595,-0.652971186302752,-0.7380433494955501,-0.8859654189254345,-0.7523605440253893,-0.856960167192385,-0.650313640050591,-0.8149681767575844,-0.6385804878975636,-0.6514414506928811,-0.7431630786613218,-0.6862112962730856,-0.49210930340723663,-0.6414757700122732,-0.5927747472079514,-0.5135524565577991,-0.5979587548395731,-0.669896866817047,-0.5832929369906521,-0.5623899130329756,-0.4730772791695732,-0.47103102274964787,-0.5814332571833701,-0.5496540528970292,-0.5614520715752365,-0.6039105912098371,-0.6375783052762948,-0.6569456179490092,-0.5612079265066203,-0.7549265506904196,-0.5444121747701006,-0.5726554965693816,-0.6005551230429352
-1.0791811346906104,-0.9303668559621238,-1.1384106660533206,-0.9244319398707279,-0.8756903415840079,-0.9168524976700706,-0.9004448299012173,-0.8745337015505714,-0.9014390339735292,-0.6846927353328068,-0.791817803049759,-0.7804563742823339,-0.6275886846317594,-0.7534574462183262,-0.7680456422487032,-0.7208915253711277,-0.5572327223362575,-0.803793164613758,-0.6456362094418882,-0.5838884617455856,-0.5902942411468473,-0.7019515310196295,-0.49843923886358393,-0.5692197238250201,-0.5159725482248456,-0.7346232371448834,-0.6194712681730682,-0.5322115569079673,-0.5751667226905286,-0.6513949040929533,-0.4829007512825327,-0.6091322891402063,-0.6447195461034332,-0.5682021080991008,-0.5805249886800361,-0.4975501419481399,-0.7203280453612596,-0.5428143586054947,-0.5521738851006502,-0.6182766081526674,-0.6918383694000999,-0.5612107505684152
-0.9447879826562756,-1.0255927162144112,-0.9665946941584675,-0.9199894624747563,-0.7982643249573673,-0.902424786846429,-0.8425694166576895,-0.8741715723341039,-0.9127485110603971,-0.9325018624232697,-0.7501529864922748,-0.8715219900129951,-0.7403963137304895,-0.5829879247074465,-0.7343104921609669,-0.7716750674962727,-0.6657501007785737,-0.7341827901998225,-0.5944299792106194,-0.6963871067428902,-0.5922627664856549,-0.7270448718853618,-0.6750953773438017,-0.7351889272836603,-0.5117083125340053,-0.6846246531710343,-0.7494020869440915,-0.4954250338535301,-0.6412834878187698,-0.5948925216361252,-0.5650638134746797,-0.5527514159570495,-0.6402775938127909,-0.6218175646224856,-0.5710650657024023,-0.7143870230599224,-0.4376377967303117,-0.6203648651062796,-0.7054763414832046,-0.6188300756464733,-0.5578779169610607,-0.617354353518988
-1.0443646695053934,-1.0746532498424717,-0.9121383258639557,-0.9312883663405953,-0.9478066132083377,-1.0906291610380974,-0.7357091203748605,-1.0539084860176466,-0.7508780130253025,-0.8691213004012712,-0.8675510549273656,-0.7855753556837209,-0.8726158496623756,-0.8628231168622197,-0.7503510228891367,-0.6684230778504113,-0.6671837477721094,-0.6361686987920888,-0.5869525891686282,-0.6636987620666521,-0.7371543117510263,-0.7239578788853119,-0.5565536779361759,-0.6221337517691117,-0.6548938156530285,-0.5299053275525255,-0.7147259301821254,-0.6317874796693629,-0.6830288062907809,-0.6635512224392046,-0.5892276482819885,-0.5843131349257401,-0.7074908244019262,-0.5277476382936956,-0.7011006365892288,-0.5369829587764059,-0.4773648290077293,-0.7449147333983419,-0.5488453884924088,-0.567128720752476,-0.5298186864190361,-0.6711931882681398
-0.9984622626658592,-0.7654172248635754,-0.9247387161977924,-0.783075987504205,-1.064065148604562,-0.988376988751379,-0.9888687357062347,-0.8701806896611646,-0.795231524859589,-0.8431837014272725,-0.777363805721836,-0.8801717381507566,-0.6291071031087369,-0.8326679898448645,-0.7860789669316113,-0.6815005102483509,-0.580412193105034,-0.7063109591315664,-0.5724407775666703,-0.5646093473247508,-0.6689592068946585,-0.7234460610626177,-0.6686222935478461,-0.5234724339848805,-0.5973199365842258,-0.4771747016493066,-0.6183016353530489,-0.5094649012402683,-0.6021462230420894,-0.7078617084035824,-0.6708090019061252,-0.6053074928334116,-0.4779219854883295,-0.6952045040383232,-0.686967577948706,-0.667105882479004,-0.6724759674397948,-0.5186409814616005,-0.6664781680978665,-0.643372869755052,-0.4983761858553244,-0.5925760846677971
-0.06079597622758185,-0.05453019792385271,0.028341279752229963,-0.04720526971362331,0.02961204445886787,-0.04296412512589511,-0.04874056275466417,0.010221448850798629,0.023987233057690682,0.027660109489395686,-0.03040998038919922,0.06258714834647952,-0.07400319730063555,-0.022269670591915876,-0.04851272765873558,-0.056390838657933,-0.009974851482307093,-0.07117967278080377,0.04019826344190789,-0.03658809664156782,0.010537430664992964,0.05162680013044683,-0.08041526349550962,-0.07586247608215975,-0.009177583718845427,0.02646373343002364,0.055816563668302364,0.05448580371017361,-0.03972448642837837,0.06546298619128811,-0.052941081043749325,-0.014526118921547627,0.02586632896409849,-0.033700356746881176,-0.03688575954012527,-0.03781619168944589,-0.02078768322695993,-0.013211314239924226,0.07915770117206655,0.016895424858884765,-0.053247239714612635,0.016071822426338197
-0.4764406394219086,-0.4841975610028297,-0.7981245934109992,-0.7840618935034749,-0.7529211642410513,-0.9253358515363999,-1.0903391275421122,-1.1342729195824597,-1.0966969451144213,-1.1672263734102521,-1.2409144561589913,-1.2312855724764076,-1.1826995529605742,-1.2239525538438243,-1.201808451806435,-1.079348986852602,-1.1305314384647527,-1.0593293916051048,-0.821488422472921,-0.719468136512424,-0.6433014415336986,-0.594400432856642,-0.3841790109969499,-0.3933714278746489,-0.3996760516883753,-0.354151147552299,-0.5101471410423535,-0.5598896787297903,-0.5404961059017871,-0.5384995602488595,-0.4402752343364236,-0.48873469855618606,-0.6139654512696919,-0.5645413898470681,-0.6288400479841721,-0.5511951814461094,-0.5956260650304968,-0.4470068459088799,-0.40444024070425355,-0.3885275338145179,-0.34958358004882645,-0.44165697988221986
-0.7027403153564658,-0.52258653329863,-0.6178620811464687,-0.6330277009371957,-0.8469207651424824,-0.9676066169407646,-0.8677242555043176,-1.0256831360202872,-1.003164108344954,-1.086092137606557,-1.3201457209664476,-1.146504023886477,-1.2538097146869243,-1.204210504575275,-1.0209401873211965,-1.041259746944029,-1.0098610577711336,-0.9382943111703237,-0.9267537487671544,-0.5852705147629148,-0.680254915192414,-0.6775891009615469,-0.4478091279971761,-0.43295539633506314,-0.4814677694892012,-0.42613087855460846,-0.3899144129963215,-0.541390581358328,-0.47544141159743253,-0.4301918630595566,-0.5243964703038418,-0.45434901808431954,-0.5278838568546365,-0.5873896771389333,-0.523376357335503,-0.502788213323279,-0.5215738216452114,-0.5329692912573756,-0.4367088265993063,-0.39391677867933156,-0.5026103502129736,-0.3681992611023014
-0.6376436596239996,-0.8249002331580187,-0.7679610486278416,-0.6072796863922082,-0.8502195107615683,-1.034154098761035,-0.9121853856044387,-1.0263681887003926,-1.0799419895928075,-1.197968319742867,-1.2842845383666255,-1.2160543306039973,-1.2552072973310244,-1.288949277294244,-1.176395436735766,-1.130048881354186,-1.0100608481773001,-0.9320334010793311,-0.7534004426905657,-0.7901807098211401,-0.6597255984315871,-0.6749819099589054,-0.3597347860831221,-0.4267977686088149,-0.3757000667182905,-0.436418869361312,-0.39949719113497895,-0.4500975693114094,-0.4814246549499854,-0.6466344697861126,-0.5074134718688224,-0.5229324211481959,-0.6190964435814619,-0.6287233410480075,-0.5119097629172495,-0.49926478130305424,-0.5220180653811219,-0.4841570178336099,-0.4722258271707662,-0.3961334408642052,-0.5232151460614353,-0.3960420985287335
-0.7496510563323696,-0.5019848913290391,-0.7177425086667913,-0.6477490659898439,-0.8877036780231454,-0.7576233576582271,-1.0412844658479863,-1.0707156126099573,-1.0880676869443895,-1.1108739347420677,-1.2453861233087578,-1.1835130695700034,-1.295494044440001,-1.2423499312480608,-1.2452313777507138,-1.0831323274605535,-1.0126070279754067,-1.0071711697082613,-0.8637596550669043,-0.8377403258103322,-0.5103507003730021,-0.600349934862389,-0.48705426225516857,-0.5115848332300869,-0.352925782386283,-0.34089522347079926,-0.5459282732089372,-0.5172987082085718,-0.5997561711330757,-0.5378625446947115,-0.4436327650161782,-0.4949751834426968,-0.5398905451373461,-0.5180520885293859,-0.6425206381405879,-0.5488506829585728,-0.4692825645538053,-0.5299714206555174,-0.5494519850142874,-0.3900603847832878,-0.49289498801377274,-0.4114612952574321
-0.5740420184348328,-0.43020449454439463,-0.6428071222884806,-0.8277417995812698,-0.8169860593234497,-1.0474598977617975,-1.0136337940976492,-1.070540136633128,-1.2046641794201136,-1.1043493164912368,-1.2333141774600578,-1.1889688241248997,-1.2685209652081963,-1.230443787798955,-1.1268432467184384,-1.0758599454749629,-0.9114536752579238,-0.9157688066936297,-0.6152227164996487,-0.5266973549793488,-0.5642684568968026,-0.46043505490097175,-0.5586091603006964,-0.495998457098284,-0.34176522759583383,-0.31469203613467284,-0.3669222920601007,-0.49262059365391575,-0.5710012044328934,-0.4664502571168902,-0.5584830690695581,-0.5124210943310646,-0.5175548905470595,-0.5783804001693491,-0.555212327423665,-0.45321119189326176,-0.4969577409486264,-0.5094514518924437,-0.5514400036388842,-0.49126357448273694,-0.40392783042528696,-0.48148623252479145
-0.5159590467965469,-0.5020385979217658,-0.8046396253064888,-0.6519544999747845,-0.70461037897673,-0.7419965907923041,-0.9426513141365384,-0.9376775437817314,-1.1465562427460472,-1.1674537161160203,-1.216781080889824,-1.1870088301395432,-1.2325974732440965,-1.1725294069627745,-1.1703343150743235,-1.0243377658970285,-0.9988669958102245,-0.9007472564227779,-0.7380049471631093,-0.7242345718518304,-0.6825327008797678,-0.4657305624016784,-0.42808694391914404,-0.5094341503258943,-0.5201354838125177,-0.40221959133464324,-0.2966249002113642,-0.47414368174446436,-0.47879026131848257,-0.5280525908627391,-0.625474503143138,-0.4453840188228946,-0.5173050153764294,-0.5235455371221702,-0.4850834969832445,-0.6059455506962655,-0.5383016011408744,-0.6257895293706941,-0.44172727907453296,-0.5159033941783019,-0.48064998022509015,-0.3977364935957875
-0.5595591088605564,-0.672147296476862,-0.7231952839708322,-0.5860654285633335,-0.6709848341177354,-0.7737669361652246,-1.0365209227747418,-1.102566434326759,-1.1906564933493053,-1.1591264632064726,-1.2789792522219587,-1.284209030580489,-1.2634649894204733,-1.2627156636866161,-1.1840353311694642,-0.9486827100230725,-0.9855199525878859,-0.9950768480406758,-0.8633082447757463,-0.7294961738505645,-0.675259225594002,-0.5822076579084123,-0.5200133888741367,-0.46316784924132803,-0.5068062425132012,-0.33302280207234364,-0.4563859709629652,-0.40952169845043823,-0.4365730871312987,-0.5528302276857364,-0.5947684717000029,-0.48239151558980453,-0.6163696352108391,-0.5069089078427285,-0.5424053915043014,-0.6128439330726986,-0.4716646823093375,-0.5662296837891762,-0.4293773249424179,-0.4130082836192362,-0.4742341725780084,-0.3741836170109667
