gfs-wave-data.json
{"header": {"parameterCategory":2,"parameterNumber":3,"dx":2.5,"dy":2.5,"nx":144,"ny":73,"la1":90.0,"la2":-90.0,"lo1":0.0,"lo2":357.5}, "data":
[rows 19 to 37 of 73, columns 84 to 125 of 144]
-0.04945146918006986,-0.03428957067032037,-0.10697696466490951,-0.18214821926661534,-0.07463719232129704,-0.0437636208638128,-0.09527320154411419,-0.011341095490775761,-0.16487755152028644,-0.17804594362534976,-0.16403676643558512,-0.08456450495519882,-0.1376953059941335,-0.10561609126500464,-0.05640508003662056,-0.05056995321687824,-0.10672796676191867,-0.1725315969392263,-0.1632369657363975,-0.06979826359741302,-0.17521691113505272,-0.18917506834530884,-0.0284676234092288,-0.08561737415862536,-0.020098195390741813,-0.07335153579228523,-0.13528671896076067,-0.1386248313329786,-0.12933898691486534,-0.19946577955860995,-0.028435386764328014,-0.16401715820730375,-0.009391906883479831,-0.06172947678438838,-0.10639779113004676,-0.16895007486993985,-0.14412526457850072,0.0015271427000343174,0.41479633923466797,0.17447807852213904,0.23341230762103898,0.03373464319431123
-0.15530530570022563,-0.14402401721585142,-0.14724957788650153,-0.1694541335423909,-0.10613969554054017,-0.09801451934606514,-0.03240587215323424,-0.07813990878207677,-0.06466789037802828,-0.10346104181532818,-0.08389946830323088,-0.185728921643725,-0.17560711995035178,-0.01899699560359355,-0.14086997529535775,-0.19047052371555653,-0.16666922205816478,-0.12234276000514026,-0.024868313397729266,-0.16699156102298524,-0.006274468228244771,-0.13453881462060774,-0.06357377585268444,-0.02638293962304762,-0.12879015262742907,-0.18717454471179984,-0.06736158478623057,-0.00802378866236937,-0.11593877388642505,-0.057973391787567864,-0.04017752560449393,-0.004133420817614693,-0.06466767354743401,-0.043596284038376704,-0.07907383439050215,-0.03342182087660691,-0.09183640959533847,-0.09018961922111504,-0.12149807033730833,-0.11384147226695741,-0.07287888197649622,-0.022801664334721854
-0.4685404393748622,-0.3854329367306952,-0.28648645746487694,-0.42014298478584017,-0.31032984444364015,-0.2579664183432204,-0.32525355814630524,-0.38260677270060506,-0.4636986778174879,-0.24583149621619518,-0.42155138235009504,-0.42310181236111516,-0.2869097798111405,-0.3938266458107801,-0.19926874564739572,-0.26739754633605084,-0.2871575726126764,-0.1407794139802026,-0.13253076543954206,-0.255899622288457,-0.18389458127417638,-0.08541557292765482,-0.19410718166562574,-0.12052638424060565,-0.12307117014443464,0.05295605537358595,0.12639820192125448,0.22136671316691559,0.0682139337612924,0.24019228640113577,0.3198332437898603,0.4504041383560094,0.2318355619754272,0.22638248060235588,0.4299791078118176,0.4980903068905082,0.5225281570591569,0.39542581450831615,0.5427823400962449,0.44638136874381323,0.5697474724895167,0.4426769905413674
-0.44959247429962934,-0.4660099432103891,-0.39413044425872906,-0.48908868720907367,-0.46561349258701434,-0.3059489033579913,-0.4762711778706576,-0.37017475045859277,-0.3968118876849007,-0.3112058994070796,-0.3170777291307665,-0.333798621938555,-0.32321557500971415,-0.33839413869925883,-0.2241443024954166,-0.21175437891323357,-0.31258093927306374,-0.2598438719805176,-0.21816136301123068,-0.034562903041684294,-0.11479926116550647,-0.15786120374709736,-0.06356455243371079,-0.1544286343072439,-0.06381852817930042,0.0578871149064021,0.21689543886866083,0.2409378807007195,0.11047925497357038,0.09216298518749436,0.2511070858093557,0.2555550413953394,0.4144462388930642,0.41012241026383417,0.5703028336764344,0.3993462515886707,0.44129031640292565,0.4616400061357198,0.535813926744014,0.607054315049181,0.42424381772422065,0.6669864972498772
-0.3254043647496425,-0.352952573908122,-0.4813519385437463,-0.5427692905706448,-0.39393389868197815,-0.3042606943207857,-0.49302771330582157,-0.36026628652150505,-0.4334849197310392,-0.3527957639571231,-0.3759695006671584,-0.3669612851498101,-0.4016760547816012,-0.281439985568121,-0.21183346836386646,-0.24179908895931626,-0.3729212709843379,-0.24335539123069733,-0.29548006041784114,-0.18445673427461215,-0.0589060650620744,-0.13330911604328818,-0.17409924858803022,0.10856591172964375,-0.11682138174059634,-0.043516962665908016,0.07378667600208931,0.22756469447505898,0.20034082304158166,0.14941359719784883,0.2821980927448473,0.42643854869499515,0.19966916489535164,0.3785014485993568,0.2799602756336849,0.3936451893195893,0.525407993791699,0.672638463190714,0.6333660669681637,0.6490832633717925,0.739831796013196,0.5976930281586402
-0.21336945617731964,-0.1293719145508841,-0.1742588672041102,-0.12845678193754376,-0.07169201069495133,-0.07405156034767518,-0.20844235670151037,-0.11493454868976435,-0.057211249147469584,-0.020996821348323022,-0.024076632508494508,-0.1471296500919286,-0.12865147124186227,-0.036533869005667914,-0.10173053407608484,-0.11315819084191883,-0.09025410150340478,-0.10826647531155008,-0.1476731421448168,-0.10159512005648615,-0.16927402450532658,-0.043948592131389526,-0.06928871585717726,-0.21577412209386299,-0.12390933617496763,-0.03658535429418536,-0.033424524718937865,-0.11006042582917488,-0.07500729933632938,-0.21362214376662406,-0.2068099765955294,-0.13570836293544547,-0.20167561060656497,-0.08633980989627478,-0.18653289285508276,-0.039620094349920865,-0.1268113091669413,-0.12656577192148769,-0.15839001174890582,-0.11226293798010675,-0.07908626737583586,-0.020169172451942014
-0.7531419656193312,-0.7336724163973822,-0.5838231343719281,-0.7080415278668993,-0.5294933788813141,-0.7687012743102593,-0.764439644383864,-0.5561564506591412,-0.6854440978361319,-0.6633898687637486,-0.6635172659417885,-0.6042295656293059,-0.7188049732364112,-0.5940836975893954,-0.7720366598992429,-0.715941757378721,-0.5712479093079879,-0.62465677047859,-0.6763524451998031,-0.5090381157955044,-0.4563985073011609,-0.5012190574746307,-0.46752503206256824,-0.5493238055236269,-0.519740485197031,-0.5522387357673526,-0.40257002595082075,-0.4012834335427823,-0.4993080757184496,-0.4508959143833698,-0.4919769913350423,-0.45783053495774934,-0.44442505093386225,-0.4691565099043419,-0.4342341158680085,-0.4415469259634968,-0.36549563961630366,-0.5390615335714573,-0.4082014825124066,-0.5109550434809157,-0.38729600000771786,-0.48961592200312853
-0.6983406121062156,-0.6846209935591041,-0.56717192014959,-0.5810754874506017,-0.8433244700682472,-0.6386588933138073,-0.5534056301130785,-0.7888871452447733,-0.7365730174498764,-0.671265893356942,-0.5818752720313787,-0.6843939601217398,-0.6795218182544466,-0.5982328057746363,-0.6746249811598878,-0.7050019077908067,-0.5729482719246493,-0.759023228868349,-0.5370757112430994,-0.5664032541531707,-0.6288766893678756,-0.6308305338521184,-0.5138578860341693,-0.6190871890832562,-0.5473830781052369,-0.5332030250557072,-0.5431644050990045,-0.5935663116464678,-0.5013377115583394,-0.6094290292765666,-0.48278107637612755,-0.3827317510963861,-0.5338433491839262,-0.4490772894432349,-0.5360452375374275,-0.5769321208410318,-0.5339558206473832,-0.45698569046591536,-0.42944259346764807,-0.4970432711545948,-0.4277615319209454,-0.3501871409965713
-0.6193402142024654,-0.6668671770897215,-0.537373032157686,-0.686504762110767,-0.7107479838595626,-0.6517580891709964,-0.6354315750710835,-0.5362060773987258,-0.6938063780864565,-0.6728484742145474,-0.7397046374431486,-0.5458209495592143,-0.6184682448277458,-0.676210073532478,-0.5837655804223176,-0.7058728219993201,-0.6713796991508527,-0.4652180093350423,-0.6697401127703341,-0.5634596737560773,-0.618582575092619,-0.6498790841431389,-0.5554556665399707,-0.45496776884081236,-0.6035072701541143,-0.5202444482975291,-0.5562239885787534,-0.4608503307400514,-0.42776596490609897,-0.5908451466742675,-0.5631168379938172,-0.5080823398339637,-0.5887889259014889,-0.5002764299811124,-0.42417571233491336,-0.42264114092513627,-0.48062801312596853,-0.41003164931832026,-0.4043123473294048,-0.43530957896897865,-0.45915962530562165,-0.3475809394520929
-0.5898479427890275,-0.7155140710425347,-0.6661210650368999,-0.7347775763459834,-0.5479247854758986,-0.6149267490780764,-0.7378879531156866,-0.5620414392460892,-0.6014889659131013,-0.7986760747991172,-0.6789866905400167,-0.7114947435016404,-0.6799022436872503,-0.6497100398774949,-0.6650905890053063,-0.7418609740446079,-0.5270819203322189,-0.6686592751127182,-0.5190396855230096,-0.6174341478138027,-0.6512149612374185,-0.6719049464264002,-0.6500695141683505,-0.5111273279354388,-0.5090662111183079,-0.604163756359837,-0.61484035496579,-0.46379181278969445,-0.502267484487511,-0.4981575635849421,-0.5950072649890197,-0.4405784343074223,-0.5170785461574688,-0.5225280136536756,-0.5348994763848312,-0.506960371331218,-0.5461637943676824,-0.47766266298372106,-0.46303744430820076,-0.48883564759310166,-0.4049183442062803,-0.49908889983250493
-0.5330737881579687,-0.7793303795419197,-0.7750181789019707,-0.8153318212285872,-0.7262131408206526,-0.7697484929288869,-0.6395039827892662,-0.696240733056852,-0.6075490047222262,-0.6394128192336509,-0.6291268426803465,-0.6702706735936891,-0.7963417165603909,-0.5616067861117412,-0.7273336581628641,-0.5848836276020167,-0.48857976804165937,-0.7089663042499056,-0.5725495500170433,-0.552727777331157,-0.5787420886497961,-0.6741293779535013,-0.4377712004014707,-0.5806430715918314,-0.7128207350758271,-0.6174905615928091,-0.5843212956054177,-0.4988791537119674,-0.5883909418598471,-0.4741910873334416,-0.4836068183877504,-0.47086880973324596,-0.6317989765833415,-0.5516707419862561,-0.4457281223474177,-0.47887635575202925,-0.5299191643281682,-0.4881747017986017,-0.45401377503744633,-0.46670954890275823,-0.4534503312058078,-0.46407723139108076
-0.09243517164717335,-0.16887538579061045,-0.12243512091046983,-0.15117006392293508,-0.26643875948317003,-0.07882535411653217,-0.24977503590321973,-0.14506126618136161,-0.20419441628819496,-0.08352547878337857,-0.20806952465096284,-0.21587210066590581,-0.14146559343164944,-0.16504946959995007,-0.1812404376987268,-0.11277581577217452,-0.09159995429281885,-0.1883004452358545,-0.2608665605574703,-0.13256780851881603,-0.12856895601934495,-0.2160011325744532,-0.20666457252472806,-0.2663956621109585,-0.23857718753700752,-0.13477086588910475,-0.2253282486878445,-0.1859391137583316,-0.15297869603748102,-0.2574047508753431,-0.2431093391847795,-0.22124375105801283,-0.21965544096207268,-0.2621894215887857,-0.22934663224147606,-0.20703996569710073,-0.26146371726762957,-0.10748402360483719,-0.26220991449975156,-0.2118242092698372,-0.20855132450271632,-0.21530907915232794
-0.7914724787945995,-0.936685941045973,-0.900796158473166,-0.8846918436481497,-0.8630532741111243,-0.9366058962126783,-0.7185151416040155,-0.5088585537825919,-0.37335743536547583,-0.5417092044413221,-0.44894883837565824,-0.31672094404608153,-0.09414004904088458,-0.03747606937533464,0.17514573043734527,0.2102953525942852,0.36298638445383935,0.5989946178264985,0.6214165994290851,0.6517672728534716,0.5752268093163867,0.777627253522552,0.6150196346353997,0.6339894746570492,0.6049972208857513,0.45844310731040583,0.5403691855151184,0.5219574784847382,0.4577535241333218,0.48310105369451783,0.36303793543319185,0.37952438254441284,0.13624418721126333,0.19165658480159975,0.09759780490419549,0.022585430942795623,-0.006434931134420857,-0.014537556458921722,-0.09537659745230574,-0.08648888309776807,-0.11837766447787754,-0.19918213996111295
-0.8608900692488463,-0.940776763038547,-0.7963384420044679,-0.9324044188042457,-0.7594375057645425,-0.730107737166725,-0.6148454761262868,-0.7185035759139285,-0.5309841544691102,-0.5688023240576354,-0.25151230460203594,-0.187308537556747,-0.15637683376382588,-0.02851377998229655,0.2937936975232204,0.39269610226074664,0.42043232352964444,0.5439723342470595,0.6800345337339944,0.49749672679603757,0.6086913859537039,0.5592550299926745,0.7753655196057317,0.6322040428343515,0.6678457216846203,0.5695296000663307,0.6145500733440781,0.47856642329409593,0.4567160900388741,0.492592861436228,0.29828846377567003,0.3118111918488045,0.18521812163401732,0.18658531686166485,0.09554998601178859,0.07171229971196036,0.025762252035823566,-0.006781469569992302,-0.10660474430056756,-0.1299061307020538,-0.1611699062406779,-0.12064599748674296
-0.9965317961338953,-0.868016018024886,-0.9582536357820249,-0.9001717970096642,-0.7903540544364203,-0.7418427340138927,-0.7200496779427307,-0.779177027018305,-0.6751072549325319,-0.5145836645438139,-0.3304387829037138,-0.2624893334491658,-0.13253010071164978,0.3027161221864082,0.19411792463064825,0.45721712111293455,0.5622835564090881,0.5151787657763535,0.667484657887535,0.6113088090545904,0.6619890749742636,0.676279311808992,0.7934809889846013,0.6115836290585378,0.5486655267576795,0.5257915795954733,0.6182894580062043,0.3983227028823597,0.5361799760311015,0.317769846421905,0.310592425879786,0.22968125610109827,0.23315428100368152,0.10450015317885428,0.09164949503341999,0.019604650393248865,-0.05084332108210705,-0.03794275906952601,-0.0994370775060892,-0.13879203108094718,-0.15849361704957443,-0.20007742810640816
-0.9144061173486302,-0.8126552793723671,-0.9971563602657998,-0.9904130064662408,-0.8756385188518068,-0.8001658108887585,-0.9434275627055497,-0.7535717393914745,-0.5423777372102245,-0.3478302450484212,-0.13442077864373586,-0.19906859024864265,-0.016682492265287154,0.14953036683020768,0.36834459895191013,0.22754506764617996,0.4985079759547373,0.7028658066097785,0.643557487309139,0.5644889913590871,0.6716035540011439,0.7038594368003945,0.588708650452317,0.573194508960138,0.6499341888493567,0.5900990781899365,0.5020315337905967,0.5449437985631049,0.36403890031096864,0.4028570351022789,0.30767639130569985,0.24271595007133012,0.2928224111155146,0.2662633720218566,0.05302155432067632,0.01389529419952647,0.030850397513977536,-0.02882808833633778,-0.12534216355413344,-0.10664891386347344,-0.15278555613419817,-0.2677255094191959
-0.9286120586722191,-1.0777673886351244,-0.8295049268332707,-0.7557425750920344,-0.8787012318219674,-0.8601444817815272,-0.8951989133852364,-0.7873480412549733,-0.4172568936611175,-0.5859705983922192,-0.24588712015173028,-0.17724196591469835,-0.13687495612671743,0.10639136611341182,0.46354521547240546,0.5278028612526698,0.3167941819397983,0.638184670059156,0.7097478749423872,0.8385212543581795,0.8219124237090566,0.8197672310040739,0.604631112780405,0.6042859068714929,0.6448869157286575,0.5709611865725077,0.5999977512420758,0.622285509231361,0.5114400331345588,0.46548697372247727,0.39812009083574884,0.25593585711431105,0.22338910496118095,0.23201325680348903,0.11748127590466663,0.08865818701625731,-0.0070446108413306585,-0.004113828777132205,-0.11518682370376188,-0.08416423290413683,-0.17961613525432826,-0.21688062546477468
-0.8219255083833723,-0.8521434139161,-1.086240646788928,-0.9066921333560071,-0.7701065934607135,-0.9166730850511049,-0.7685619802629737,-0.5642866502972351,-0.42497296213063235,-0.3033396520889982,-0.3288773617403388,-0.13950933588456035,0.09228186139463677,0.05935158078845915,0.3608652137722988,0.4740391174937887,0.6307843544676168,0.5299523876150228,0.6735136824419103,0.7575425486630238,0.6912476753863773,0.606121881738587,0.6503859638532505,0.7523889770961826,0.752677110352738,0.6376394438106795,0.5472828601967034,0.5276771814704442,0.4947749479517781,0.42290315252792177,0.3534741222457056,0.3025360272852258,0.2556213383733566,0.12800426511116883,0.14884411731392455,0.005895499349452931,0.07221482910058698,0.00021460119951084583,-0.13936299668306631,-0.1211939165108583,-0.21207359954727142,-0.17077879725779774
-0.9597445699829829,-0.9121596809029849,-0.9468016016435862,-1.0288598428868871,-0.8842271048017596,-0.7965072931201469,-0.8686076827598601,-0.75348927091906,-0.41826683230287487,-0.4076407889497973,-0.25582199811694,-0.010177712937924818,-0.13367524930757008,0.013740500057803964,0.2103093841673088,0.3452625345352179,0.5561814133619501,0.4700412798495539,0.6907208790748612,0.8038108396425431,0.7998235115986837,0.6962711749309674,0.5554389675718588,0.6302078343529477,0.6587225849869558,0.6395298743744035,0.5705359011814936,0.6377885724777607,0.41381059970864464,0.4062734414705548,0.3395887903588406,0.22297943640268425,0.25859622975405877,0.19369856609702135,0.04685118123162209,0.10115086854682256,-0.004631514563780162,-0.10370548550266141,-0.17302051002065327,-0.08770671211535899,-0.10873862479505671,-0.1877269505502702
