gfs-wave-data.json
{"header": {"parameterCategory":2,"parameterNumber":2,"dx":2.5,"dy":2.5,"nx":144,"ny":73,"la1":90.0,"la2":-90.0,"lo1":0.0,"lo2":357.5}, "data":
[rows 38 to 56 of 73, columns 42 to 83 of 144]
-0.38702615637366705,-0.6030337197986667,-0.5921904233197646,-0.4986027740938977,-0.5365902454727399,-0.5581725040403267,-0.6329639832017476,-0.4445719552699544,-0.4457265229051664,-0.5251514903216898,-0.4392729887486023,-0.3801707613019645,-0.2954989197313651,-0.3439332374873191,-0.2938844367877037,-0.23726485855681514,-0.2638556657023489,-0.2803786016293576,-0.20197190444637855,-0.2551920099246143,-0.2685816595501838,-0.48659505300308037,-0.511335470286879,-0.4838074260657529,-0.6537426831924896,-0.49149932591807033,-0.6956392928916436,-0.8248750505430248,-0.7073951898063429,-0.8300540349272213,-0.8963603514126127,-0.8440054814913521,-0.8408143808768467,-1.0485148509606799,-0.829277952107738,-0.7925515491611831,-0.8816789013640974,-0.7319869516589869,-0.6532623379156166,-0.5095546911066933,-0.7701929125850906,-0.825924234143334
-0.6223778626566734,-0.48714409780604934,-0.5077662204791579,-0.5873496652793725,-0.4570844901468689,-0.5924809624238331,-0.5029658121844266,-0.45037690571002303,-0.498468248454641,-0.5384685129052299,-0.49759052341013266,-0.41799590962826993,-0.4004806596149256,-0.3023048273440665,-0.2497361135789185,-0.3099758803751284,-0.21067560368703075,-0.2573823030379187,-0.2773750746426944,-0.30389961573550184,-0.328173171285872,-0.27234003274117774,-0.31820099757533343,-0.4257125769090724,-0.4731477696889294,-0.6683376708382385,-0.7268150189285802,-0.8477586304929103,-0.7253636043581597,-0.8276217962812773,-0.9367675587671034,-0.9356824695265844,-0.9243809769392581,-0.9127771553825036,-0.9820576085205337,-0.9488440893006367,-0.829557966637757,-0.8238931258800828,-0.8992670464655508,-0.5818611551011501,-0.8333890903888068,-0.599880402219541
-0.37610317360564016,-0.6212507468728639,-0.4737912784827628,-0.5631762822075816,-0.6689919557002679,-0.5322283988236036,-0.47551980542908,-0.531014412105278,-0.45639598718694524,-0.48526681581481496,-0.32768895879212134,-0.46918097193834973,-0.372778264879284,-0.3770220566969238,-0.3779705454945353,-0.30864166528392095,-0.23136141772948385,-0.31564867473127073,-0.2222593363551735,-0.3003543740751223,-0.38303942876411096,-0.3396086442081108,-0.2780462582544607,-0.4557001316763202,-0.4999389661795295,-0.6216128930787678,-0.7562944127709172,-0.6690746425754261,-0.8652267512581854,-0.8346506555798099,-0.9737491140423772,-0.8143221261751225,-0.8726197779691305,-0.8884461574657327,-0.9318068934515629,-0.7529220776825669,-0.6797660842645487,-0.8814031920610494,-0.8372895421557771,-0.517932727137995,-0.572032372728196,-0.6570673140369001
-0.5695772264878819,-0.6260465223559375,-0.6287038276422409,-0.6280541638483246,-0.5040462393344057,-0.5544883250009243,-0.5808795896747384,-0.606077681554093,-0.5390968485445192,-0.4233120555810231,-0.39545904214983574,-0.4238386574859967,-0.39470006238318295,-0.27461981416054043,-0.37619317067685465,-0.1982438202937156,-0.33596406445637594,-0.2274118976156519,-0.21948337309357624,-0.3087629184823704,-0.2681460225012117,-0.38072676125028737,-0.3257616970764528,-0.4122294579625165,-0.47027053542834296,-0.46837031518297967,-0.7418813874173462,-0.6323126433937551,-0.7272057518090792,-0.9048864019839894,-0.8494546237950065,-0.8150589290110147,-0.8342612312593615,-0.9780618265462111,-0.9075623740771495,-0.832499756215271,-0.9545850565049214,-0.6481633810201828,-0.8274066448933804,-0.8482018681789872,-0.6749269085936311,-0.5175468531809225
-0.04245601378877561,-0.04990982183526456,0.041547536551115545,-0.016372792494966405,-0.00870637550670429,-0.020142757511652495,-0.036211920637976035,-0.020639544084787076,0.05180671331981016,-0.06149462137366057,0.01289122835153205,0.035026657688418776,0.03057177552900033,0.017608923872393194,-0.00041410754433857924,0.05457611661775909,-0.0133314114859562,-0.0629989896573126,0.058977817089073244,-0.04758682682222599,-0.01471952709969622,-0.04104059594241118,0.07061864047736693,-0.042466542315661784,0.04688911359366256,-0.0088909281839122,-0.037578204001106646,0.04418610123629121,-0.04984246207591962,-0.023739905162083064,0.00751487064145716,-0.032244418058641706,0.016658580589053076,-0.045169077539252936,-0.06734385402515843,-0.073572472946206,0.06165206045391911,0.021898359649486405,-0.03890860955333798,-0.054612041841323324,0.03669855252892256,-0.03996409260117018
-0.9232293643175863,-0.6818041672207781,-0.6593436057776821,-0.7841878744393257,-0.7116933274337198,-0.9263116114918154,-0.8124037695149008,-0.811838123029128,-0.7506684497559991,-0.7868281282203597,-0.8215805653080073,-0.8765409851155674,-0.7461872893640542,-0.6243934065109946,-0.7693778452756084,-0.6955495408256996,-0.7659647560443923,-0.7442967733235657,-0.6923470606668429,-0.7840510087503455,-0.704977034674961,-0.6658387096155259,-0.6808061337784755,-0.761077409875424,-0.6629845049572909,-0.7989312742557974,-0.7245132424303442,-0.755210932920437,-0.6944035749553565,-0.7642128605004236,-0.6051899799514243,-1.1684740079073703,-1.0652154815704449,-1.1583212492093096,-1.3383753384599244,-1.3111658311013463,-1.187253859530379,-1.263041766387399,-1.0899319762762913,-1.0860855052682563,-1.3300519070072505,-1.2499181770620154
-0.5918755636713484,-0.6239441305774059,-0.7533732410746222,-0.6372479983936287,-0.6006917738255102,-0.8584962601098792,-0.6649993807511344,-0.6201862404814333,-0.6360634859921888,-0.7109431586533331,-0.7164484576150598,-0.8424615289510757,-0.5545358394150346,-0.7279698971834595,-0.7547641359464955,-0.854440693071717,-0.6705836087299535,-0.8174676868628398,-0.6516773720053206,-0.6697663400579669,-0.6972359274591869,-0.7585739575056888,-0.8635101486219754,-0.7237647312152946,-0.7876263086985329,-0.6417425261395276,-0.7609520121436127,-0.6990310263495265,-0.7566225929725593,-0.8446475340135123,-0.6447173925504037,-1.2587869318940246,-1.237643683336205,-1.3716766973546308,-1.1687118076618508,-1.1873572180259644,-1.1323017392983226,-1.1844170389524817,-1.1829853367381031,-1.307634511742384,-1.094142614360729,-1.2077364489798559
-0.9389407396229553,-0.7216011482408639,-0.8729123092620896,-0.7152283563707936,-0.8739905370639249,-0.6590839505945708,-0.7607390722099312,-0.7337798127427935,-0.6340008367236663,-0.8100027406559155,-0.7028419498810816,-0.7436726716897709,-0.7245377797532022,-0.7153134446327523,-0.7260297014856795,-0.8530180197301677,-0.7757137140573279,-0.597000578033998,-0.6511908182551942,-0.7739300649844667,-0.7287666141174144,-0.6521074847615761,-0.7360111016717563,-0.6421224630264123,-0.6841818131808792,-0.7519069320508226,-0.735640642317634,-0.5697808351971015,-0.6612342470922246,-0.6032844019589325,-0.781763730654408,-1.207209876434003,-1.2605912417613954,-1.2107229727049238,-1.0853321155765427,-1.1943017170692116,-1.27454550300353,-1.2430479088552195,-1.2633160693079009,-1.2974638363985334,-1.0963440345608746,-1.2706661650215958
-0.6758683294610278,-0.6236207497445967,-0.6645012366605372,-0.8392712983377758,-0.6127164266387001,-0.5682409627938437,-0.6674299655991363,-0.583560738029658,-0.7454160545931939,-0.572553139611359,-0.6181558224370044,-0.7399776487573025,-0.7048560560760048,-0.600393463589992,-0.8437876890080926,-0.6925309087568378,-0.8305377682985776,-0.716153633885918,-0.7058584690488416,-0.5918319259285709,-0.7922640489412647,-0.79021813653122,-0.6259576763739793,-0.7039658851688276,-0.7087062990176618,-0.7053442129775499,-0.7643761981656229,-0.7430219989245194,-0.7158284497891491,-0.6611578969036157,-0.7127264434062454,-1.1516928697980675,-1.2137816687076601,-1.1369395425314468,-1.0307371804158743,-1.2981761560290475,-1.0176145811633068,-1.2300944084801446,-1.0347252165324676,-1.294762495265796,-1.178464764035584,-1.2729231985871565
-0.628507194424638,-0.739808815351894,-0.6198127505559631,-0.700039583175699,-0.7972818101611633,-0.6524339953262495,-0.9116920873590687,-0.6162217081370952,-0.7314441328313795,-0.730293206660091,-0.7672419688997812,-0.7273270352527621,-0.8702714213818992,-0.6917047100612819,-0.5292547764847232,-0.6921834500805042,-0.5949061437327813,-0.792037094962654,-0.7319634676173339,-0.7935157769197465,-0.6310274448975671,-0.7133456164497993,-0.6202548614640894,-0.7614399268665302,-0.6011366139078871,-0.6550608642795895,-0.6737095556778763,-0.8678992234991887,-0.8260462617333443,-0.7739700437978854,-0.6753330115400905,-1.217947596300505,-1.1924436256562176,-1.244764116939086,-1.3080810766247097,-1.254101470273925,-1.2553219987191817,-1.1609888898816696,-1.1991540979786866,-1.0816958903275118,-1.1388089639740582,-1.1666903000823983
0.0015446458954719833,0.04238262756150077,-0.046216770633963775,-7.501668332857333e-05,0.02809171418683811,0.007064604693286211,-0.027650154413911176,0.04786272786192748,-0.01630758525786409,-0.027836467897075494,-0.03657459631083031,0.014527644101098162,-0.02280883109787647,-0.06519780831658341,-0.02456998255904709,0.05357328311436094,0.04022384347546553,-0.028078865913019585,0.014538885280554619,-0.03361708225564561,-0.037537515908457664,0.013338518393093697,-0.035024823015572706,-0.051214767407292444,0.01683067042211436,-0.018721787748891723,-0.0328660975043106,-0.06333596005992427,-0.028344777206050525,0.0025113713794739294,-0.023918869791865686,-0.015729265770470135,0.0031245899419811924,0.03457652609130193,0.01591206511900312,-0.03856205952605802,-0.010963556799563885,-0.017079800625983785,0.01894698057916486,-0.003637434766613278,-0.00322330333567171,-0.04286569291619692
0.8216838009009424,0.9397359017048951,0.8717949908070285,0.9157883045433036,0.8782048276586348,0.7808173625607607,0.8117383399619714,0.7551545448718614,0.6572680153334557,0.84721596397216,0.738406133118232,0.8503655798726854,0.8469935930137976,0.8924805458680689,0.9443658039453721,0.752288870439835,0.8989297642192178,0.7895133950328541,0.9696076289486056,1.0118194951665902,1.0448711900701573,0.9965741615614755,1.1547385481551666,1.1455073799291893,1.0697959123814165,1.0963245148007141,1.2480003937087345,1.3198283640340467,1.2694699579545021,1.236525515226251,1.317864724213721,1.2747971588120333,1.2432942203215789,1.1686464790448279,1.2671906359616285,1.0875457021282038,1.13381954586901,1.132905388956009,1.0711647426466826,1.1253584721908463,0.9439631411504613,0.9412360027013928
0.8746685695494781,0.8294437740497447,0.9349452483030772,0.858171393746116,0.8676731279103586,0.8304960957421953,0.8254979370245654,0.7502327272651886,0.7045028557787583,0.7710272620167687,0.684441885319717,0.8810417670433361,0.7851035639948636,0.7944323164531311,0.7745505315488174,0.8651593725495617,0.9445832225288004,0.9633539628155848,0.9479045025862354,0.9153483546410772,0.9890110314641573,0.9472568115153763,1.1677110127381132,1.0259253326836737,1.2130554956742372,1.2062131859040144,1.189505802506518,1.2790400804493887,1.3330634933783774,1.1830227359514973,1.3650113288708334,1.22529760323273,1.2200551899979677,1.1965998421109871,1.1276082270086936,1.1097767659500386,1.05423930475196,1.1000525883450594,0.9695253329036503,1.1079622320373428,0.8216325358524235,0.8323466270931826
0.8895693632760573,0.8999344599511346,0.8096250069613642,0.7982539653672531,0.8081582343953609,0.7723498569992511,0.8644039451376772,0.7917168698671616,0.7135325892199054,0.8791492519997258,0.881460270668293,0.8938089940233442,0.7538052963358086,0.8154007376799434,0.9745984169717682,0.8691887239008532,0.8442515719354681,0.9708959232694597,0.8737700157991197,0.9525846187337207,0.9027936128532539,1.0089810585342824,1.0091397769693464,0.9590906363912278,1.1625284663879745,1.1061661493452475,1.1278918006753171,1.1286768311536475,1.1514619296819295,1.3036621128754893,1.1853930011599731,1.2090092449663823,1.2722202997130003,1.1351465222105614,1.1872064722185625,1.064467294789645,1.081139626835573,1.0890346311022787,1.065792232939458,0.9192028386507279,0.9755674781790181,0.8267454957602395
0.020694616348404478,0.0004727837476117479,0.009562016993181308,-0.03596985016189137,0.03627805934417426,-0.003182064499425887,0.039093493376895584,-0.0034297936077097063,0.050085192272524136,-0.028534068024495155,0.01736845131532423,0.00758241355062676,0.024310239506376695,-0.002043292074646305,0.010159777116157618,-0.0012855724462221927,0.04142911621314284,0.029756611280421497,-0.019686439349897302,-0.020714885890311698,-0.017760411427962416,-0.00719875559779815,-0.02707064141532352,-0.007680309113361039,0.031063939236521017,0.027251029573729407,-0.02229565850798174,0.037640206931976145,-0.0010005540308200595,-0.015797585682406617,-0.026236320359237928,0.05990726194281341,0.03562865440663976,0.01955570646955606,-0.0025397501474732024,-0.04286620225655188,-0.0030404031977929093,0.049474176658247666,0.00467293067201561,0.032339297302561104,-0.04211963520316069,-0.025968109667242698
2.698419968658275,2.64263406232245,2.714076397052021,2.698488049590338,2.3398302948897065,2.3674675114638903,2.4818703296792433,2.4179538816970263,2.332674879798212,2.0282297010027777,2.370289965025551,2.0853412031964766,2.3143077698793344,2.2110736578296066,2.3034246304081636,1.9361601312059162,2.1002548124277807,2.3810127897571602,2.2502004869051424,2.1800035703107308,2.1620520071960496,2.1315762958463274,2.0137023238427076,2.1764314847665687,2.1376135862183685,2.0361394252003624,2.141794835861697,1.981317175777415,2.1510955864769388,1.9865680252568256,1.9974445008003043,1.9071546485964055,1.999854034646012,1.9754693669798276,1.808725640651682,1.8812686785048867,1.6477124075102199,1.640241158335264,1.7427920954999594,1.7275452019208273,1.595636781946546,1.4372836788925072
2.6326603300411024,2.6125864573474744,2.507565582449914,2.327764045750173,2.481796757804001,2.293860336886203,2.190217137092914,2.4394336904049814,2.2614976257786394,2.047041210592023,2.1048730197198022,2.213515169012473,2.037535348538321,2.0985299703654317,2.150648816443351,2.255083712836803,2.079237764766649,2.196872459146502,2.0501584564228796,2.1972257841416702,1.9941495123832873,2.238416700240275,1.9550542946893366,2.2697982781101813,2.1031242247873965,2.1461107924074136,2.0761298986267964,2.1466046879799507,2.139952633014233,1.9955465390776455,2.029262626486416,1.9094133579301744,2.002161199916027,1.8967531447575823,1.7340512120819884,1.8813074958003326,1.8665461641355194,1.6457890681834737,1.5764424392942955,1.512660427886945,1.5858842457116993,1.6473378565927537
2.478531278567662,2.408534590739132,2.529729706382329,2.509716155244493,2.509275190874964,2.358790054700582,2.1899875704888236,2.4069760238745004,2.424001246585619,2.43323250217128,2.158703122309581,2.055668293324162,2.3221366713370353,2.034496774595632,1.9203079841530075,2.065705749903715,1.9278313417595667,2.092934080204214,2.1947201250615667,2.062305453206686,2.1468045016589663,2.2103708337839465,2.0261381189560246,2.0675776497182423,2.0373818528650274,2.2114093447202974,2.104570077592709,2.0178420474382692,1.9583992222271782,1.9126839555197515,1.9563971306372854,2.0012577840255594,1.8319342500154776,1.9133775136340423,1.749216630628632,1.8115510150724814,1.7693959570358802,1.6405916412162171,1.6248489076240895,1.73767102208672,1.5324950125345635,1.517600136617071
2.759846069709268,2.6323987126725084,2.429025241427025,2.539524802347765,2.236214980781968,2.3796427180823976,2.5047062372315674,2.4340144645415984,2.1532862945123408,2.4678235550592245,2.042197094274351,2.358631726289582,2.020346193819013,2.1174276831852095,2.378000491703684,2.080523109329614,2.1166486586177737,1.91372925749225,2.199570206815665,2.22074377402361,2.015074654938774,2.0196091657323176,2.1185968715047805,2.083973374974687,2.1865353966436105,2.141447550788846,2.0110571276424873,2.0424947364183295,1.963946220036513,1.9664627202047382,1.9864625429142537,1.8807327521489696,1.9204083688094324,1.7607708207055741,1.8582742650945407,1.7245089753380565,1.699026488274365,1.7607138025086537,1.4843429217013702,1.5545629889863992,1.5957977841051374,1.614347299621046
