gfs-wave-data.json
{"header": {"parameterCategory":2,"parameterNumber":2,"dx":2.5,"dy":2.5,"nx":144,"ny":73,"la1":90.0,"la2":-90.0,"lo1":0.0,"lo2":357.5}, "data":
[rows 0 to 18 of 73, columns 84 to 125 of 144]
0.06867039621160614,0.08249253642582338,0.07152767542724889,0.37636839690495316,0.48267453516252373,0.5651144383614692,0.43878169333747524,0.5472477901834945,0.6524208150717274,0.6972864778141814,0.6747330318741541,0.733211802032189,0.6597426046497573,0.5478906406619161,0.6058896186226507,0.6724261562777994,0.5137000003145781,0.4228917238628577,0.4538430904860947,0.5117921218117519,0.22717255565393374,0.22360373085674365,0.09356987736949011,-0.02121380029712663,0.015191386280879952,-0.0447890556353493,-0.12668826331373365,-0.22947784420641362,-0.2921846138350887,-0.2843889911043489,-0.22703558439137822,-0.31480417837294467,-0.33389949147082626,-0.2706971238220158,-0.21526351852637374,-0.2193512509856583,-0.24917812301552017,-0.3198936484206,-0.28515621227516985,-0.24626142268334747,-0.2693726962784155,-0.268258481542301
-0.11913285148347078,0.046365455917253225,0.12169046388813777,0.25116908948382466,0.3301536678183432,0.4744980088982455,0.4329917112844268,0.602032610399518,0.5539652526093883,0.5810927849068018,0.5371968452548158,0.6788389674874082,0.7324866710391033,0.6837735333977027,0.5953518918731667,0.596791319466167,0.48833426228969096,0.5819978341878886,0.39612646253890904,0.3237070967300623,0.31659175144312496,0.16754681754755926,0.192766392321945,0.026882410576650695,0.030718431535909887,-0.10749523481304576,-0.09307288616829484,-0.13838211907195266,-0.22414062944022736,-0.2179394438909208,-0.30948096400571773,-0.29427475697152466,-0.2865126925822899,-0.35158271800316754,-0.22005514232794846,-0.2865223065839105,-0.2067321848761677,-0.2873037591239493,-0.21786526135045836,-0.2780710863162552,-0.14621809845993722,-0.25236059886832063
0.006378724899471747,0.0888954709433955,0.06473527917768121,0.26262303322471436,0.3237127771021051,0.4596881802974353,0.4681324472755855,0.5322886710719742,0.5282286854268814,0.6240814838330317,0.7339621732999433,0.6110766091696983,0.6307427422127183,0.663562448067402,0.6047970002355162,0.6363311006745709,0.5845027696864888,0.4339063173009166,0.5121435813167953,0.29942146317754065,0.29187944535636146,0.265853371508667,0.19907748941704562,0.1479174705740493,0.01900079203249364,-0.004106571646785813,-0.07783772965104487,-0.23726214189732683,-0.2997973089724101,-0.301687665563504,-0.21031477767408777,-0.2971426678080314,-0.3132739690673899,-0.25913140732559914,-0.2496952367068255,-0.20242412541577895,-0.20903800063817782,-0.2182645002719347,-0.23862719899120438,-0.20632037106573486,-0.16323105145457892,-0.22083041518377255
0.09043344643133316,0.08246723471300012,0.3092297001913359,0.3060049598307904,0.44319487567810545,0.33611430373737516,0.4474912807195626,0.6207197697094746,0.5412400548398424,0.5325171014366115,0.6566664244396806,0.6125321715302388,0.564288328486289,0.6185040463814837,0.6589196951824094,0.5198431433875796,0.5430919975255796,0.518333372630269,0.4292730907828663,0.3452418706353214,0.2871245353385045,0.21939247631829098,0.09427511878205092,-0.022576494893781725,-0.08462996638060151,-0.092048601728247,-0.055749799433814855,-0.22455848377968154,-0.1536079465711552,-0.20542220202293557,-0.2869375329470061,-0.16183723215840554,-0.2697000770504796,-0.2581839851024485,-0.19965973019711053,-0.2639131026281485,-0.19212902839617346,-0.16819722833727513,-0.2488457653813148,-0.16952779243438426,-0.20752513354001767,-0.12511599494777212
0.04660335202780454,0.16182939523805254,0.3004336275307008,0.1953914159233931,0.2963603233192534,0.4567549865907862,0.4063153985313028,0.588274908036405,0.5628032699719985,0.585160836158276,0.6050836407139518,0.5679944580886087,0.5825722132540126,0.4879320900752066,0.5221085895893168,0.4514816998671152,0.6352494843980541,0.4263345516845858,0.3364407863893739,0.33102559377953794,0.2532056668707686,0.16597357176640617,0.18352670539592233,0.10168782145570862,-0.015387366639646316,0.014577535823628158,-0.12486154289565264,-0.10458356901704687,-0.18721481184370142,-0.2421348127972277,-0.21665088505398497,-0.26964913001107327,-0.31623717942304264,-0.23301331694777025,-0.29618074558401414,-0.2662949924947839,-0.26879453250745605,-0.19184155101570513,-0.16896891152746202,-0.2544343245913744,-0.20486502893243502,-0.19835039100615687
0.08522485104487079,0.14806431157380057,0.132738715950221,0.3088349841325685,0.3858790416861431,0.40192768655354333,0.4541823487633666,0.6001190325027389,0.515653099464243,0.6614890715103431,0.6622047357047773,0.6426036507975094,0.5448530818161998,0.44469199711600893,0.6927832981101377,0.5828655852931298,0.6171204790699878,0.4094375632028761,0.355365970810637,0.357051181536699,0.39891845899533523,0.22856053240435692,0.09903056581728059,0.1531435198788765,0.0743153723739113,-0.14554832586279287,-0.17246677760323215,-0.2128034837865863,-0.20740469046239274,-0.15370199675264654,-0.2935940427473425,-0.20155456625834178,-0.25186638856014565,-0.2310798900299804,-0.2529434976364212,-0.222972178484694,-0.2112889919775217,-0.2985195997630555,-0.23381544065496276,-0.2462556810774111,-0.21012789399186854,-0.18024849426939402
0.0651589037847541,0.12521994917619125,0.18342702355685922,0.2894554052822895,0.283936786998785,0.33341302783203286,0.5547892698531648,0.6242009907427226,0.5026594994869557,0.5638595260295208,0.5735245990394688,0.6539415159449736,0.6027516341408898,0.5533501938392937,0.5246514796164917,0.548946560341691,0.396829671752811,0.5288590918926689,0.32558347387330344,0.4042054313406806,0.24505870675791866,0.24300324005199783,0.11601664975430344,0.15363388836850994,-0.028802139730753552,-0.054229443158061344,-0.16297247892219954,-0.16267416188510725,-0.22038223933608656,-0.2147421886334389,-0.17698558210110768,-0.15634416629444084,-0.27938527726875056,-0.24125690457966273,-0.2408344353238476,-0.2744571862964246,-0.16132119670191972,-0.25224708559848974,-0.16122553954042684,-0.27928972440460664,-0.1583812801399057,-0.12305451883470794
-0.008855440855204772,0.12491310657269619,0.15191431584670745,0.22822692876191267,0.30354640100858493,0.48934648331582775,0.4873460465916236,0.5256824128462033,0.6000912118724524,0.5232158245877546,0.4694146490055472,0.559280578371242,0.6203684626448381,0.6621862466417631,0.4562404717034777,0.5221457149763453,0.4140162411133399,0.35769497485465496,0.374161781790654,0.2809700105441149,0.2371929320786661,0.2030544525737601,0.1559153815677779,0.12918184534379915,-0.0591426959938054,-0.07303315437439135,-0.1214732750397513,-0.21211681230446325,-0.11184351587901518,-0.16534123618538787,-0.17689361268583323,-0.19063089856481005,-0.2302780952212838,-0.21281585096263073,-0.13898486587067044,-0.12675666197267157,-0.2798487650049124,-0.15245462395592602,-0.17779789105070695,-0.1818704639105046,-0.20020398984521448,-0.1609963019776505
0.0043053929708943344,0.10204940658398923,0.10363144509259696,0.26541073689064715,0.4575613306270653,0.4860041055811272,0.6165434696103993,0.4760100471773238,0.5931127534135995,0.5436735509680671,0.6670960533155798,0.43669822962182697,0.5397730617092141,0.6565502828025089,0.4110567456332509,0.5161838893095833,0.41909061376543977,0.39504410818372554,0.47862711910609,0.27555900223094393,0.193687914292257,0.24390467166518393,0.21941507265397664,0.1400923498277711,0.009988224679300247,0.0004164508945454356,-0.1167633328236955,-0.17915420059853984,-0.15756926768315166,-0.1848544701871568,-0.29693314481513616,-0.19339912597299705,-0.2229058477772572,-0.20095855412356975,-0.15175746730926226,-0.14810740850421242,-0.140664785912822,-0.15731845768624395,-0.09816611593243678,-0.08564576197650128,-0.21896990489385004,-0.07576486421933007
-0.04472266229637592,0.02614046327277156,0.2173929361033769,0.319134560060645,0.40265209822446585,0.44628088251550824,0.3421388747444953,0.6283563371463349,0.6729745573777715,0.5673054251946645,0.5408142569258438,0.4657991369514512,0.6706748242373695,0.5472053294785406,0.5004861453514555,0.493018011114697,0.40033055034993653,0.2926013753006991,0.3359189621781244,0.21682936913904913,0.16063379083351212,0.20761744905687904,0.05427188298705026,0.030857068419632608,-0.05501516222984349,-0.02348173225466966,-0.06432091458434627,-0.20470608789429048,-0.10742474216225532,-0.1515391404676429,-0.13817930257663497,-0.1643980738295625,-0.2831331033280937,-0.14686017583813232,-0.23088260189798368,-0.21839698629990884,-0.18904641916642784,-0.0914162495320808,-0.1122341903451041,-0.09390750024491826,-0.12758842391135247,-0.15716738430479138
0.0098460170498574,-0.008120872314372182,0.2068070931272505,0.29720351636697645,0.37603828480006646,0.40123809935358445,0.3636819241185829,0.4686631384725281,0.5047427257138988,0.5150461825181035,0.4645397563306993,0.562653475228282,0.44139370853128734,0.4463768656942553,0.5219896960034095,0.4886357027759344,0.4573252984680505,0.4758576465077625,0.4508344208258038,0.30254442735397563,0.31353274701719136,0.24015339252353102,0.06974172979132309,0.1188970874476775,-0.013507911370749344,-0.028580275526557068,-0.13899948897640785,-0.08243995023850476,-0.1580488961280566,-0.2036026514029815,-0.13420294682982364,-0.1487588833551315,-0.17365815530477793,-0.25983748751473257,-0.16954205551504234,-0.2461513592466105,-0.0915470110102859,-0.0767479036582735,-0.19992762189969113,-0.1109334285034633,-0.05843270949131067,-0.10530650915313028
0.043795091921120646,-0.020592663543957574,0.23342766077511287,0.18295718153803578,0.3959306072231698,0.37953085933869835,0.4704915789338029,0.6090362047101894,0.503320857731713,0.6373344041149642,0.48941283795764806,0.547509807577867,0.4744320341220712,0.5225312785195053,0.427069497275914,0.47861816587489237,0.39940288915855804,0.35424152023427674,0.3560392078897039,0.310217769279354,0.2435416508458551,0.10375858568605678,0.1051363265490319,0.051279430740503104,-0.04363798252576096,-0.10429058978915177,-0.12470998836142796,-0.21731830878185474,-0.14543326461657238,-0.1175395371749815,-0.14616664066644933,-0.19372572905322444,-0.2600726142522032,-0.2167764425611152,-0.25081929002216546,-0.19878041423476045,-0.1248427779510737,-0.16378565690092503,-0.12511082642351778,-0.18540420589649748,-0.129227706847404,-0.061031619019205424
-0.027139837659634323,-0.02325212442374589,0.012611432916704673,0.004775999227246527,-0.0020195775269549908,-0.00653533380360618,0.012742114504469415,0.022933281956473116,-0.014180602642198068,-0.017379631896898673,0.007875744338394849,0.0025199748501219497,0.008325272630612737,0.008225502493872758,-0.02339131290497622,-0.01602664308498498,0.002114788222019549,-0.010534979339850809,-0.026014046973047735,-0.016950201178275566,-0.0018543958348698644,0.009154601902088826,-0.018226387219197723,-0.015635315553757783,0.015274866009916463,-0.03136373134126887,0.00036807904069450923,-0.0011355265002531481,-0.006937665453767926,0.020209386740608293,-0.02626071344060647,0.025210026481074305,-0.03219848919354765,-0.0036111883847416717,0.01825820602353348,-0.008443934405089818,-0.0079971173211264,0.00449223488339712,0.008065813128097447,0.011313777802750346,0.006458032201180719,0.0015725138652222467
0.00042198039090152146,0.01840624526317619,0.0019046647680837554,-0.011316752685563803,0.009359791891387859,-0.010360940618408128,-0.0037412916886646478,0.01950840310041078,0.03487740997645858,0.003051707516657153,0.006864739268043867,-0.019634856924631957,-0.014960029525403894,-0.0009406023236790382,-0.015907236114680326,-0.005885118774647803,-0.0029449504403904034,-0.02807253096376251,-0.020526447180481865,0.011728472734383264,-0.021283530507930516,-0.008234390737939091,0.010385354091253893,-0.0063717369765372706,-0.022206340677993618,0.021319981372145913,-0.009230777611509864,-0.02395283718442258,-0.0011235622745971157,0.016493395723617115,0.002007137155949631,-0.003336883293919694,-0.020059700556069635,0.012556832563963345,-0.007226966000758966,-0.0009731538338512874,0.009349714762487195,1.3230404440409802,1.3893648931799114,1.377474369002769,1.5169071169807558,1.5517033409725802
0.005302342029266927,0.01012565181816174,0.0018854336140514169,0.008086392332462052,0.002432696749776344,-0.033481578186717105,0.005370846857148974,-0.014822201296095303,-0.010353191819902624,0.019759661327862027,0.017145056732415214,-0.01616803043631324,-0.028249940931342272,-0.004460410177677875,0.010542170478066513,0.010082769498665333,-0.007307285452325355,-0.0193271356375103,0.013356462522899985,-0.028278048650383587,-0.006371266531257456,0.005234471268724534,-0.0038187622578034017,0.013979049784805114,-0.002769752467827491,-0.01096288273774446,-0.007984309633895466,-0.003667485988373268,-0.023640516189373743,0.017155277580630117,0.003645912540817098,-0.019476397060414204,-0.01890523905606935,0.021011704057357944,-0.00131131078890598,0.010761066307476627,0.014744629206895883,1.3824427365813214,1.3483796862022703,1.4787857244633664,1.3191209724523556,1.5046413747411176
0.011011339657797596,-0.007411673883234554,-0.0032029343233653845,0.025437872564762737,-0.01598883813006984,0.022414218976803124,0.0032661498498861834,0.0019559730618415455,-0.03387917471040634,-0.0035548688751866654,-0.027037607344331225,-0.0037911086770297357,0.012030126011076883,0.007197380201507145,0.022087540783064675,-0.0037283671475251226,0.0009604383692351715,-0.01820914478297127,-0.012397320737309788,0.009089804584270455,-0.0005370404922882343,0.013354373094364914,0.028906700580405856,0.01080533122553212,0.021282838725455284,0.008044662971945265,-0.009189000931828877,0.00011283360429963302,-0.013161294409839326,-0.008193170292208962,0.006984062095551987,0.014123047305390844,0.016821202949835943,-0.008134039001963678,0.00033361524051043123,-0.004218993087132849,0.0136802276682564,1.2552884392339863,1.3960283872427806,1.4331032222170723,1.4847059552303559,1.453823073830487
-0.002376788599762259,-0.026400112637424675,-0.019476277069252677,0.02028021818658285,0.005956813976813377,0.01619027356942547,0.030980111270716357,0.004251938538455413,-0.03497313017712694,-0.010502358216484528,0.01155990037737939,-0.010394276925653454,0.023768312424690543,0.012994933760839336,0.02273705180226397,0.008522235260398211,0.015293409450096032,0.0033733583391792306,-0.01903781233147584,0.00385881632387315,0.009395086120580612,0.013701919840559039,-0.005677659835599336,-0.006400407094312797,-0.012498392813181011,0.0007154440550012986,0.0003084310179776376,0.002392230989963914,0.01847108003251193,0.017428282113654246,-0.0005109828370715504,-0.0005032402348338123,-0.005322870535667085,0.0022447410482936757,-0.012678431662333914,-0.017769745937503422,-0.006665481854021935,1.2651651794439749,1.2586131766401456,1.3573133222150549,1.383501816482204,1.3775518512684974
0.0018177214867601775,-0.011789541263566789,-0.02612620274177367,-0.011163398976490109,0.0020439965650915076,0.0019767414322558016,-0.006815764176497384,-0.016927175521116566,0.006790837485077053,0.001198366489686994,0.026024695673675317,0.012927309719842434,0.00799385509448422,-0.010319621293392511,0.0034908604894005302,0.0147671505316031,0.00314023985037041,0.0005950838345217892,0.008280083599653655,0.03135224445426267,-0.008524621344344457,-0.0012146643394574364,-0.01224760888245487,0.0036330200362257583,-0.015305596142222504,0.004744676336684186,0.0034288508461269847,-0.0017428348872545528,0.002602232394936999,-0.006829680292258308,-0.008225362680474831,-0.0003575388185924632,0.016763435633319453,0.02878726918987773,0.00220831307667351,-0.008123372022003283,0.004510899088316982,1.2767011033521303,1.4483331318815114,1.2592438993673345,1.4347591401702018,1.5833795335898457
0.003063692360870434,-0.00379165418845965,-0.00027769824523932965,-0.009259426550889157,0.0016512744001304198,0.0036096605495697792,-0.010050486808600741,0.010518438259453408,0.007138836563163777,0.016859123750989417,0.007793129420066634,0.009921455400712029,-0.018329780954083216,0.0018177572851015805,-0.0007892021772120645,0.010015773884865022,-0.010110143239488554,-0.009294578553182352,0.014742337606920857,0.0025119551472496887,-0.003607185888057679,-0.014976292426232411,-0.021777817145130798,0.013840175932613247,0.011666537295703588,-0.0127048952037103,-0.004079158386460506,0.00835062895056014,-0.0005289671015241483,-0.007713529426802775,0.01740520390788363,-0.0015795421466074516,-0.008194338938182898,-0.017460190155269777,0.016126861925954847,-0.002276830698471288,0.02771508151991193,1.3055180292441289,1.3614736715560523,1.2956754320123738,1.4294476149178916,1.491264283120123
