gfs-wave-data.json
{"header": {"parameterCategory":2,"parameterNumber":2,"dx":2.5,"dy":2.5,"nx":144,"ny":73,"la1":90.0,"la2":-90.0,"lo1":0.0,"lo2":357.5}, "data":
[rows 26 to 51 of 73, columns 0 to 57 of 144]
-0.0,-0.0,-0.0,-0.0,-0.0,-0.0,-0.0,-0.0,-0.0,-0.0,-0.0,-0.0,-0.0,-0.0,-0.0,-0.0,-0.0,-0.0,-0.0,0.007167358990906008,0.007167358990906008,0.007167358990906008,-0.0,-0.0,-0.0,-0.0,-0.0,-0.0,-0.0,-0.0,-0.0,-0.0,-0.0,-0.0,-0.0,-0.0,-0.0,-0.0,-0.0,-0.0,-0.0,-0.0,-0.0,-0.0,-0.0,-0.0,-0.0,-0.0,-0.0,-0.0,-0.0,0.10284377644223659,0.10284377644223659,0.10284377644223659,0.05966299011695612,0.05966299011695612,0.05966299011695612,0.05966299011695612
-0.0,-0.0,-0.0,-0.0,-0.0,-0.0,-0.0,-0.0,-0.0,-0.0,-0.0,-0.0,-0.0,-0.0,-0.00802688424157522,-0.00802688424157522,-0.00802688424157522,-0.00802688424157522,-0.00802688424157522,-0.0,-0.0,-0.0,-0.1299676544637541,-0.1299676544637541,-0.1299676544637541,-0.1299676544637541,-0.1299676544637541,0.03486229709906326,0.03486229709906326,0.03486229709906326,-0.0,-0.0,-0.0,-0.0,-0.0,0.08628732259524059,0.08628732259524059,0.08628732259524059,-0.0,-0.0,-0.0,-0.0,-0.0,0.017172809583889042,0.017172809583889042,0.017172809583889042,-3.4700531724494925,-3.4700531724494925,-3.4700531724494925,-3.4700531724494925,-3.4700531724494925,-0.7382379760633185,-0.7382379760633185,-0.7382379760633185,-1.279501746298892,-1.279501746298892,-1.279501746298892,-1.279501746298892
-0.0,-0.0,-0.0,-0.0,-0.0,-0.0,-0.0,-0.0,-0.0,-0.0,-0.0,-0.0,-0.0,-0.0,-0.00802688424157522,-0.00802688424157522,-0.00802688424157522,-0.00802688424157522,-0.00802688424157522,-0.0,-0.0,-0.0,-0.1299676544637541,-0.1299676544637541,-0.1299676544637541,-0.1299676544637541,-0.1299676544637541,0.03486229709906326,0.03486229709906326,0.03486229709906326,-0.0,-0.0,-0.0,-0.0,-0.0,0.08628732259524059,0.08628732259524059,0.08628732259524059,-0.0,-0.0,-0.0,-0.0,-0.0,0.017172809583889042,0.017172809583889042,0.017172809583889042,-3.4700531724494925,-3.4700531724494925,-3.4700531724494925,-3.4700531724494925,-3.4700531724494925,-0.7382379760633185,-0.7382379760633185,-0.7382379760633185,-1.279501746298892,-1.279501746298892,-1.279501746298892,-1.279501746298892
-0.0,-0.0,-0.0,-0.0,-0.0,-0.0,-0.0,-0.0,-0.0,-0.0,-0.0,-0.0,-0.0,-0.0,-0.00802688424157522,-0.00802688424157522,-0.00802688424157522,-0.00802688424157522,-0.00802688424157522,-0.0,-0.0,-0.0,-0.1299676544637541,-0.1299676544637541,-0.1299676544637541,-0.1299676544637541,-0.1299676544637541,0.03486229709906326,0.03486229709906326,0.03486229709906326,-0.0,-0.0,-0.0,-0.0,-0.0,0.08628732259524059,0.08628732259524059,0.08628732259524059,-0.0,-0.0,-0.0,-0.0,-0.0,0.017172809583889042,0.017172809583889042,0.017172809583889042,-3.4700531724494925,-3.4700531724494925,-3.4700531724494925,-3.4700531724494925,-3.4700531724494925,-0.7382379760633185,-0.7382379760633185,-0.7382379760633185,-1.279501746298892,-1.279501746298892,-1.279501746298892,-1.279501746298892
-0.0,-0.0,-0.0,-0.0,-0.0,-0.0,-0.0,-0.0,-0.0,-0.0,-0.0,-0.0,-0.0,-0.0,-0.0,-0.0,-0.0,-0.0,-0.0,-0.0,-0.0,-0.0,-0.18595203516590772,-0.18595203516590772,-0.18595203516590772,-0.18595203516590772,-0.18595203516590772,-0.006457390381794886,-0.006457390381794886,-0.006457390381794886,-0.07070663706551934,-0.07070663706551934,-0.07070663706551934,-0.07070663706551934,-0.07070663706551934,0.07839634745074009,0.07839634745074009,0.07839634745074009,0.12802500789158705,0.12802500789158705,0.12802500789158705,0.12802500789158705,0.12802500789158705,-0.22218812871808644,-0.22218812871808644,-0.22218812871808644,0.6289641833924866,0.6289641833924866,0.6289641833924866,0.6289641833924866,0.6289641833924866,-0.2614083236658664,-0.2614083236658664,-0.2614083236658664,-0.5576501746419311,-0.5576501746419311,-0.5576501746419311,-0.5576501746419311
-0.0,-0.0,-0.0,-0.0,-0.0,-0.0,-0.0,-0.0,-0.0,-0.0,-0.0,-0.0,-0.0,-0.0,-0.0,-0.0,-0.0,-0.0,-0.0,-0.0,-0.0,-0.0,-0.18595203516590772,-0.18595203516590772,-0.18595203516590772,-0.18595203516590772,-0.18595203516590772,-0.006457390381794886,-0.006457390381794886,-0.006457390381794886,-0.07070663706551934,-0.07070663706551934,-0.07070663706551934,-0.07070663706551934,-0.07070663706551934,0.07839634745074009,0.07839634745074009,0.07839634745074009,0.12802500789158705,0.12802500789158705,0.12802500789158705,0.12802500789158705,0.12802500789158705,-0.22218812871808644,-0.22218812871808644,-0.22218812871808644,0.6289641833924866,0.6289641833924866,0.6289641833924866,0.6289641833924866,0.6289641833924866,-0.2614083236658664,-0.2614083236658664,-0.2614083236658664,-0.5576501746419311,-0.5576501746419311,-0.5576501746419311,-0.5576501746419311
-0.0,-0.0,-0.0,-0.0,-0.0,-0.0,-0.0,-0.0,-0.0,-0.0,-0.0,-0.0,-0.0,-0.0,-0.0,-0.0,-0.0,-0.0,-0.0,-0.0,-0.0,-0.0,-0.18595203516590772,-0.18595203516590772,-0.18595203516590772,-0.18595203516590772,-0.18595203516590772,-0.006457390381794886,-0.006457390381794886,-0.006457390381794886,-0.07070663706551934,-0.07070663706551934,-0.07070663706551934,-0.07070663706551934,-0.07070663706551934,0.07839634745074009,0.07839634745074009,0.07839634745074009,0.12802500789158705,0.12802500789158705,0.12802500789158705,0.12802500789158705,0.12802500789158705,-0.22218812871808644,-0.22218812871808644,-0.22218812871808644,0.6289641833924866,0.6289641833924866,0.6289641833924866,0.6289641833924866,0.6289641833924866,-0.2614083236658664,-0.2614083236658664,-0.2614083236658664,-0.5576501746419311,-0.5576501746419311,-0.5576501746419311,-0.5576501746419311
-0.0,-0.0,-0.0,-0.0,-0.0,-0.0,-0.0,-0.0,-0.0,-0.0,-0.0,-0.0,-0.0,-0.0,-0.0,-0.0,-0.0,-0.0,-0.0,-0.0,-0.0,-0.0,-0.18595203516590772,-0.18595203516590772,-0.18595203516590772,-0.18595203516590772,-0.18595203516590772,-0.006457390381794886,-0.006457390381794886,-0.006457390381794886,-0.07070663706551934,-0.07070663706551934,-0.07070663706551934,-0.07070663706551934,-0.07070663706551934,0.07839634745074009,0.07839634745074009,0.07839634745074009,0.12802500789158705,0.12802500789158705,0.12802500789158705,0.12802500789158705,0.12802500789158705,-0.22218812871808644,-0.22218812871808644,-0.22218812871808644,0.6289641833924866,0.6289641833924866,0.6289641833924866,0.6289641833924866,0.6289641833924866,-0.2614083236658664,-0.2614083236658664,-0.2614083236658664,-0.5576501746419311,-0.5576501746419311,-0.5576501746419311,-0.5576501746419311
-0.0,-0.0,-0.0,-0.0,-0.0,-0.0,-0.0,-0.0,-0.0,-0.0,-0.0,-0.0,-0.0,-0.0,-0.0,-0.0,-0.0,-0.0,-0.0,-0.0,-0.0,-0.0,-0.18595203516590772,-0.18595203516590772,-0.18595203516590772,-0.18595203516590772,-0.18595203516590772,-0.006457390381794886,-0.006457390381794886,-0.006457390381794886,-0.07070663706551934,-0.07070663706551934,-0.07070663706551934,-0.07070663706551934,-0.07070663706551934,0.07839634745074009,0.07839634745074009,0.07839634745074009,0.12802500789158705,0.12802500789158705,0.12802500789158705,0.12802500789158705,0.12802500789158705,-0.22218812871808644,-0.22218812871808644,-0.22218812871808644,0.6289641833924866,0.6289641833924866,0.6289641833924866,0.6289641833924866,0.6289641833924866,-0.2614083236658664,-0.2614083236658664,-0.2614083236658664,-0.5576501746419311,-0.5576501746419311,-0.5576501746419311,-0.5576501746419311
3.551475717527324e-17,3.551475717527324e-17,3.551475717527324e-17,-0.0,-0.0,-0.0,-0.0,-0.0,-0.0,-0.0,-0.0,-0.0,-0.0,-0.0,-0.0,-0.0,-0.0,-0.0,-0.0,-0.4349385447756858,-0.4349385447756858,-0.4349385447756858,-0.22245534487237786,-0.22245534487237786,-0.22245534487237786,-0.22245534487237786,-0.22245534487237786,-0.1068530374108651,-0.1068530374108651,-0.1068530374108651,0.33339986814016165,0.33339986814016165,0.33339986814016165,0.33339986814016165,0.33339986814016165,0.5100000000000001,0.5100000000000001,0.5100000000000001,-0.0,-0.0,-0.0,-0.0,-0.0,-0.0,-0.0,-0.0,0.28936089340305937,0.28936089340305937,0.28936089340305937,0.28936089340305937,0.28936089340305937,0.1350623043503296,0.1350623043503296,0.1350623043503296,0.17048758647056275,0.17048758647056275,0.17048758647056275,0.17048758647056275
3.551475717527324e-17,3.551475717527324e-17,3.551475717527324e-17,-0.0,-0.0,-0.0,-0.0,-0.0,-0.0,-0.0,-0.0,-0.0,-0.0,-0.0,-0.0,-0.0,-0.0,-0.0,-0.0,-0.4349385447756858,-0.4349385447756858,-0.4349385447756858,-0.22245534487237786,-0.22245534487237786,-0.22245534487237786,-0.22245534487237786,-0.22245534487237786,-0.1068530374108651,-0.1068530374108651,-0.1068530374108651,0.33339986814016165,0.33339986814016165,0.33339986814016165,0.33339986814016165,0.33339986814016165,0.5100000000000001,0.5100000000000001,0.5100000000000001,-0.0,-0.0,-0.0,-0.0,-0.0,-0.0,-0.0,-0.0,0.28936089340305937,0.28936089340305937,0.28936089340305937,0.28936089340305937,0.28936089340305937,0.1350623043503296,0.1350623043503296,0.1350623043503296,0.17048758647056275,0.17048758647056275,0.17048758647056275,0.17048758647056275
3.551475717527324e-17,3.551475717527324e-17,3.551475717527324e-17,-0.0,-0.0,-0.0,-0.0,-0.0,-0.0,-0.0,-0.0,-0.0,-0.0,-0.0,-0.0,-0.0,-0.0,-0.0,-0.0,-0.4349385447756858,-0.4349385447756858,-0.4349385447756858,-0.22245534487237786,-0.22245534487237786,-0.22245534487237786,-0.22245534487237786,-0.22245534487237786,-0.1068530374108651,-0.1068530374108651,-0.1068530374108651,0.33339986814016165,0.33339986814016165,0.33339986814016165,0.33339986814016165,0.33339986814016165,0.5100000000000001,0.5100000000000001,0.5100000000000001,-0.0,-0.0,-0.0,-0.0,-0.0,-0.0,-0.0,-0.0,0.28936089340305937,0.28936089340305937,0.28936089340305937,0.28936089340305937,0.28936089340305937,0.1350623043503296,0.1350623043503296,0.1350623043503296,0.17048758647056275,0.17048758647056275,0.17048758647056275,0.17048758647056275
-0.08048691671609323,-0.08048691671609323,-0.08048691671609323,0.16372815464473262,0.16372815464473262,0.16372815464473262,-0.0,-0.0,-0.0,-0.0,-0.0,-0.0,-0.0,-0.0,-0.149178284305241,-0.149178284305241,-0.149178284305241,-0.149178284305241,-0.149178284305241,-0.5199757521261629,-0.5199757521261629,-0.5199757521261629,-0.4569389012418739,-0.4569389012418739,-0.4569389012418739,-0.4569389012418739,-0.4569389012418739,-0.5664085572996057,-0.5664085572996057,-0.5664085572996057,-0.6691306063588582,-0.6691306063588582,-0.6691306063588582,-0.6691306063588582,-0.6691306063588582,-0.40266927664504226,-0.40266927664504226,-0.40266927664504226,-0.1984413551916066,-0.1984413551916066,-0.1984413551916066,-0.1984413551916066,-0.1984413551916066,0.3823324444912522,0.3823324444912522,0.3823324444912522,0.5152305668963209,0.5152305668963209,0.5152305668963209,0.5152305668963209,0.5152305668963209,0.16219732431195866,0.16219732431195866,0.16219732431195866,-0.3442697121466928,-0.3442697121466928,-0.3442697121466928,-0.3442697121466928
-0.08048691671609323,-0.08048691671609323,-0.08048691671609323,0.16372815464473262,0.16372815464473262,0.16372815464473262,-0.0,-0.0,-0.0,-0.0,-0.0,-0.0,-0.0,-0.0,-0.149178284305241,-0.149178284305241,-0.149178284305241,-0.149178284305241,-0.149178284305241,-0.5199757521261629,-0.5199757521261629,-0.5199757521261629,-0.4569389012418739,-0.4569389012418739,-0.4569389012418739,-0.4569389012418739,-0.4569389012418739,-0.5664085572996057,-0.5664085572996057,-0.5664085572996057,-0.6691306063588582,-0.6691306063588582,-0.6691306063588582,-0.6691306063588582,-0.6691306063588582,-0.40266927664504226,-0.40266927664504226,-0.40266927664504226,-0.1984413551916066,-0.1984413551916066,-0.1984413551916066,-0.1984413551916066,-0.1984413551916066,0.3823324444912522,0.3823324444912522,0.3823324444912522,0.5152305668963209,0.5152305668963209,0.5152305668963209,0.5152305668963209,0.5152305668963209,0.16219732431195866,0.16219732431195866,0.16219732431195866,-0.3442697121466928,-0.3442697121466928,-0.3442697121466928,-0.3442697121466928
-0.08048691671609323,-0.08048691671609323,-0.08048691671609323,0.16372815464473262,0.16372815464473262,0.16372815464473262,-0.0,-0.0,-0.0,-0.0,-0.0,-0.0,-0.0,-0.0,-0.149178284305241,-0.149178284305241,-0.149178284305241,-0.149178284305241,-0.149178284305241,-0.5199757521261629,-0.5199757521261629,-0.5199757521261629,-0.4569389012418739,-0.4569389012418739,-0.4569389012418739,-0.4569389012418739,-0.4569389012418739,-0.5664085572996057,-0.5664085572996057,-0.5664085572996057,-0.6691306063588582,-0.6691306063588582,-0.6691306063588582,-0.6691306063588582,-0.6691306063588582,-0.40266927664504226,-0.40266927664504226,-0.40266927664504226,-0.1984413551916066,-0.1984413551916066,-0.1984413551916066,-0.1984413551916066,-0.1984413551916066,0.3823324444912522,0.3823324444912522,0.3823324444912522,0.5152305668963209,0.5152305668963209,0.5152305668963209,0.5152305668963209,0.5152305668963209,0.16219732431195866,0.16219732431195866,0.16219732431195866,-0.3442697121466928,-0.3442697121466928,-0.3442697121466928,-0.3442697121466928
-0.08048691671609323,-0.08048691671609323,-0.08048691671609323,0.16372815464473262,0.16372815464473262,0.16372815464473262,-0.0,-0.0,-0.0,-0.0,-0.0,-0.0,-0.0,-0.0,-0.149178284305241,-0.149178284305241,-0.149178284305241,-0.149178284305241,-0.149178284305241,-0.5199757521261629,-0.5199757521261629,-0.5199757521261629,-0.4569389012418739,-0.4569389012418739,-0.4569389012418739,-0.4569389012418739,-0.4569389012418739,-0.5664085572996057,-0.5664085572996057,-0.5664085572996057,-0.6691306063588582,-0.6691306063588582,-0.6691306063588582,-0.6691306063588582,-0.6691306063588582,-0.40266927664504226,-0.40266927664504226,-0.40266927664504226,-0.1984413551916066,-0.1984413551916066,-0.1984413551916066,-0.1984413551916066,-0.1984413551916066,0.3823324444912522,0.3823324444912522,0.3823324444912522,0.5152305668963209,0.5152305668963209,0.5152305668963209,0.5152305668963209,0.5152305668963209,0.16219732431195866,0.16219732431195866,0.16219732431195866,-0.3442697121466928,-0.3442697121466928,-0.3442697121466928,-0.3442697121466928
-0.08048691671609323,-0.08048691671609323,-0.08048691671609323,0.16372815464473262,0.16372815464473262,0.16372815464473262,-0.0,-0.0,-0.0,-0.0,-0.0,-0.0,-0.0,-0.0,-0.149178284305241,-0.149178284305241,-0.149178284305241,-0.149178284305241,-0.149178284305241,-0.5199757521261629,-0.5199757521261629,-0.5199757521261629,-0.4569389012418739,-0.4569389012418739,-0.4569389012418739,-0.4569389012418739,-0.4569389012418739,-0.5664085572996057,-0.5664085572996057,-0.5664085572996057,-0.6691306063588582,-0.6691306063588582,-0.6691306063588582,-0.6691306063588582,-0.6691306063588582,-0.40266927664504226,-0.40266927664504226,-0.40266927664504226,-0.1984413551916066,-0.1984413551916066,-0.1984413551916066,-0.1984413551916066,-0.1984413551916066,0.3823324444912522,0.3823324444912522,0.3823324444912522,0.5152305668963209,0.5152305668963209,0.5152305668963209,0.5152305668963209,0.5152305668963209,0.16219732431195866,0.16219732431195866,0.16219732431195866,-0.3442697121466928,-0.3442697121466928,-0.3442697121466928,-0.3442697121466928
-0.15837146616253217,-0.15837146616253217,-0.15837146616253217,0.12329020614352058,0.12329020614352058,0.12329020614352058,-0.0,-0.0,-0.0,-0.0,-0.0,-0.0,-0.0,-0.0,-0.20695496999635585,-0.20695496999635585,-0.20695496999635585,-0.20695496999635585,-0.20695496999635585,-0.36145913083312414,-0.36145913083312414,-0.36145913083312414,-0.218892891728428,-0.218892891728428,-0.218892891728428,-0.218892891728428,-0.218892891728428,-0.5868986283848344,-0.5868986283848344,-0.5868986283848344,-1.141468438799942,-1.141468438799942,-1.141468438799942,-1.141468438799942,-1.141468438799942,-0.9870007331374357,-0.9870007331374357,-0.9870007331374357,-0.37622215765823563,-0.37622215765823563,-0.37622215765823563,-0.37622215765823563,-0.37622215765823563,0.24434111455566435,0.24434111455566435,0.24434111455566435,0.2931107584357882,0.2931107584357882,0.2931107584357882,0.2931107584357882,0.2931107584357882,-0.0,-0.0,-0.0,-0.0,-0.0,-0.0,-0.0
-0.15837146616253217,-0.15837146616253217,-0.15837146616253217,0.12329020614352058,0.12329020614352058,0.12329020614352058,-0.0,-0.0,-0.0,-0.0,-0.0,-0.0,-0.0,-0.0,-0.20695496999635585,-0.20695496999635585,-0.20695496999635585,-0.20695496999635585,-0.20695496999635585,-0.36145913083312414,-0.36145913083312414,-0.36145913083312414,-0.218892891728428,-0.218892891728428,-0.218892891728428,-0.218892891728428,-0.218892891728428,-0.5868986283848344,-0.5868986283848344,-0.5868986283848344,-1.141468438799942,-1.141468438799942,-1.141468438799942,-1.141468438799942,-1.141468438799942,-0.9870007331374357,-0.9870007331374357,-0.9870007331374357,-0.37622215765823563,-0.37622215765823563,-0.37622215765823563,-0.37622215765823563,-0.37622215765823563,0.24434111455566435,0.24434111455566435,0.24434111455566435,0.2931107584357882,0.2931107584357882,0.2931107584357882,0.2931107584357882,0.2931107584357882,-0.0,-0.0,-0.0,-0.0,-0.0,-0.0,-0.0
-0.15837146616253217,-0.15837146616253217,-0.15837146616253217,0.12329020614352058,0.12329020614352058,0.12329020614352058,-0.0,-0.0,-0.0,-0.0,-0.0,-0.0,-0.0,-0.0,-0.20695496999635585,-0.20695496999635585,-0.20695496999635585,-0.20695496999635585,-0.20695496999635585,-0.36145913083312414,-0.36145913083312414,-0.36145913083312414,-0.218892891728428,-0.218892891728428,-0.218892891728428,-0.218892891728428,-0.218892891728428,-0.5868986283848344,-0.5868986283848344,-0.5868986283848344,-1.141468438799942,-1.141468438799942,-1.141468438799942,-1.141468438799942,-1.141468438799942,-0.9870007331374357,-0.9870007331374357,-0.9870007331374357,-0.37622215765823563,-0.37622215765823563,-0.37622215765823563,-0.37622215765823563,-0.37622215765823563,0.24434111455566435,0.24434111455566435,0.24434111455566435,0.2931107584357882,0.2931107584357882,0.2931107584357882,0.2931107584357882,0.2931107584357882,-0.0,-0.0,-0.0,-0.0,-0.0,-0.0,-0.0
1.3371809890952953,1.3371809890952953,1.3371809890952953,-0.016056213922300798,-0.016056213922300798,-0.016056213922300798,-0.0,-0.0,-0.0,-0.0,-0.0,-0.0,-0.0,-0.0,-0.028268592329025774,-0.028268592329025774,-0.028268592329025774,-0.028268592329025774,-0.028268592329025774,0.42261826174069944,0.42261826174069944,0.42261826174069944,0.5877852522924731,0.5877852522924731,0.5877852522924731,0.5877852522924731,0.5877852522924731,0.8069526056583239,0.8069526056583239,0.8069526056583239,-0.25309490606099483,-0.25309490606099483,-0.25309490606099483,-0.25309490606099483,-0.25309490606099483,0.2251262126365073,0.2251262126365073,0.2251262126365073,-0.4636797731064123,-0.4636797731064123,-0.4636797731064123,-0.4636797731064123,-0.4636797731064123,-0.5222387204936609,-0.5222387204936609,-0.5222387204936609,-0.0,-0.0,-0.0,-0.0,-0.0,-0.0,-0.0,-0.0,-0.0,-0.0,-0.0,-0.0
1.3371809890952953,1.3371809890952953,1.3371809890952953,-0.016056213922300798,-0.016056213922300798,-0.016056213922300798,-0.0,-0.0,-0.0,-0.0,-0.0,-0.0,-0.0,-0.0,-0.028268592329025774,-0.028268592329025774,-0.028268592329025774,-0.028268592329025774,-0.028268592329025774,0.42261826174069944,0.42261826174069944,0.42261826174069944,0.5877852522924731,0.5877852522924731,0.5877852522924731,0.5877852522924731,0.5877852522924731,0.8069526056583239,0.8069526056583239,0.8069526056583239,-0.25309490606099483,-0.25309490606099483,-0.25309490606099483,-0.25309490606099483,-0.25309490606099483,0.2251262126365073,0.2251262126365073,0.2251262126365073,-0.4636797731064123,-0.4636797731064123,-0.4636797731064123,-0.4636797731064123,-0.4636797731064123,-0.5222387204936609,-0.5222387204936609,-0.5222387204936609,-0.0,-0.0,-0.0,-0.0,-0.0,-0.0,-0.0,-0.0,-0.0,-0.0,-0.0,-0.0
1.3371809890952953,1.3371809890952953,1.3371809890952953,-0.016056213922300798,-0.016056213922300798,-0.016056213922300798,-0.0,-0.0,-0.0,-0.0,-0.0,-0.0,-0.0,-0.0,-0.028268592329025774,-0.028268592329025774,-0.028268592329025774,-0.028268592329025774,-0.028268592329025774,0.42261826174069944,0.42261826174069944,0.42261826174069944,0.5877852522924731,0.5877852522924731,0.5877852522924731,0.5877852522924731,0.5877852522924731,0.8069526056583239,0.8069526056583239,0.8069526056583239,-0.25309490606099483,-0.25309490606099483,-0.25309490606099483,-0.25309490606099483,-0.25309490606099483,0.2251262126365073,0.2251262126365073,0.2251262126365073,-0.4636797731064123,-0.4636797731064123,-0.4636797731064123,-0.4636797731064123,-0.4636797731064123,-0.5222387204936609,-0.5222387204936609,-0.5222387204936609,-0.0,-0.0,-0.0,-0.0,-0.0,-0.0,-0.0,-0.0,-0.0,-0.0,-0.0,-0.0
1.3371809890952953,1.3371809890952953,1.3371809890952953,-0.016056213922300798,-0.016056213922300798,-0.016056213922300798,-0.0,-0.0,-0.0,-0.0,-0.0,-0.0,-0.0,-0.0,-0.028268592329025774,-0.028268592329025774,-0.028268592329025774,-0.028268592329025774,-0.028268592329025774,0.42261826174069944,0.42261826174069944,0.42261826174069944,0.5877852522924731,0.5877852522924731,0.5877852522924731,0.5877852522924731,0.5877852522924731,0.8069526056583239,0.8069526056583239,0.8069526056583239,-0.25309490606099483,-0.25309490606099483,-0.25309490606099483,-0.25309490606099483,-0.25309490606099483,0.2251262126365073,0.2251262126365073,0.2251262126365073,-0.4636797731064123,-0.4636797731064123,-0.4636797731064123,-0.4636797731064123,-0.4636797731064123,-0.5222387204936609,-0.5222387204936609,-0.5222387204936609,-0.0,-0.0,-0.0,-0.0,-0.0,-0.0,-0.0,-0.0,-0.0,-0.0,-0.0,-0.0
1.3371809890952953,1.3371809890952953,1.3371809890952953,-0.016056213922300798,-0.016056213922300798,-0.016056213922300798,-0.0,-0.0,-0.0,-0.0,-0.0,-0.0,-0.0,-0.0,-0.028268592329025774,-0.028268592329025774,-0.028268592329025774,-0.028268592329025774,-0.028268592329025774,0.42261826174069944,0.42261826174069944,0.42261826174069944,0.5877852522924731,0.5877852522924731,0.5877852522924731,0.5877852522924731,0.5877852522924731,0.8069526056583239,0.8069526056583239,0.8069526056583239,-0.25309490606099483,-0.25309490606099483,-0.25309490606099483,-0.25309490606099483,-0.25309490606099483,0.2251262126365073,0.2251262126365073,0.2251262126365073,-0.4636797731064123,-0.4636797731064123,-0.4636797731064123,-0.4636797731064123,-0.4636797731064123,-0.5222387204936609,-0.5222387204936609,-0.5222387204936609,-0.0,-0.0,-0.0,-0.0,-0.0,-0.0,-0.0,-0.0,-0.0,-0.0,-0.0,-0.0
2.2269438625027,2.2269438625027,2.2269438625027,0.186992815469014,0.186992815469014,0.186992815469014,-1.0112712429686845,-1.0112712429686845,-1.0112712429686845,-1.0112712429686845,-1.0112712429686845,0.8955635565541162,0.8955635565541162,0.8955635565541162,1.1031969143670988,1.1031969143670988,1.1031969143670988,1.1031969143670988,1.1031969143670988,2.5176893011852792,2.5176893011852792,2.5176893011852792,2.4768293179442615,2.4768293179442615,2.4768293179442615,2.4768293179442615,2.4768293179442615,1.8806783727895144,1.8806783727895144,1.8806783727895144,1.9326177142979863,1.9326177142979863,1.9326177142979863,1.9326177142979863,1.9326177142979863,1.2507061812093359,1.2507061812093359,1.2507061812093359,0.668345526852995,0.668345526852995,0.668345526852995,0.668345526852995,0.668345526852995,0.5664245964156281,0.5664245964156281,0.5664245964156281,0.7047926214301625,0.7047926214301625,0.7047926214301625,0.7047926214301625,0.7047926214301625,1.0505350519834076,1.0505350519834076,1.0505350519834076,1.2915526746359531,1.2915526746359531,1.2915526746359531,1.2915526746359531
