gfs-wave-data.json
{"header": {"parameterCategory":2,"parameterNumber":3,"dx":2.5,"dy":2.5,"nx":144,"ny":73,"la1":90.0,"la2":-90.0,"lo1":0.0,"lo2":357.5}, "data":
[rows 19 to 37 of 73, columns 84 to 125 of 144]
-0.19974104555545502,-0.20724103572769456,-0.14125147061564533,-0.1459203624170799,-0.30504502861186245,-0.31514354627562036,-0.20872464348977468,-0.144526544508134,-0.2336349555888868,-0.15389520343082327,-0.293632603122816,-0.220966649346853,-0.25565593140065523,-0.30659723208305645,-0.17031169396334025,-0.22743797655666365,-0.25896801933039826,-0.22041790857096286,-0.22778094477125918,-0.16251753561291382,-0.18244977879051483,-0.22626906347959877,-0.2065537006798953,-0.2557243904868448,-0.27357474254459174,-0.16975576131071807,-0.21555934001312665,-0.22193209892198776,-0.24627636192903257,-0.18497614343254973,-0.17200845335382836,-0.18932577825894542,-0.3097045780209294,-0.2662407882640778,-0.2146319467636639,-0.24319353782518588,-0.16006393307635383,1.2883217509593383,1.1108214748491592,1.2501604798979087,1.2542608043918262,1.2193548424466658
-0.21499811394048382,-0.19507563985342793,-0.17679932394387585,-0.1447234423593677,-0.25915009385400267,-0.2810347615952418,-0.2611541330732705,-0.3045903275888024,-0.2585789307740511,-0.18828738699363773,-0.26159965643165556,-0.1901467900318311,-0.2999391729693231,-0.24393506832814896,-0.16034688482487347,-0.24606987054482965,-0.2197456301979744,-0.20053465079851565,-0.2806992575708067,-0.12676561647549212,-0.265632511888855,-0.29686436333688443,-0.22455783068405824,-0.17375988361761596,-0.126319793736921,-0.31061946730002127,-0.15020622239166584,-0.3108824684036965,-0.22283960789928614,-0.3040231407879104,-0.22918319500797052,-0.19977023853213527,-0.28936921838910695,-0.17365033864417956,-0.2850128815939897,-0.13689826693393722,-0.23245360022773862,-0.3031655552525403,-0.24156875234745773,-0.2284789177902034,-0.14961503514779761,-0.17646432486338542
-0.39894045878017587,-0.3003419669403465,-0.323911414116923,-0.5155375779513842,-0.4983455474763407,-0.43845137326982697,-0.5053657970049275,-0.3904448273432963,-0.4045554062455756,-0.38291813464942204,-0.39695238244498066,-0.356914531431331,-0.2416918669269678,-0.410104674539379,-0.2096460693642671,-0.37058386546219874,-0.17933164725297301,-0.24507574697442622,-0.31341891841031383,-0.2800869345068048,-0.24132900262754234,-0.03967555605038513,-0.10078792800417244,-0.15975328069994074,0.09377822153263268,-0.10105861683573866,0.19994448654066344,0.06493397764789606,0.2768795170655694,0.19772449679802054,0.1273673488683937,0.2518455217834073,0.36133249079062324,0.4777564289162065,0.3809140014882151,0.414280450242636,0.6632999801337027,0.38184194258979864,0.3974109563825372,0.6787099419392998,0.6699838771681421,0.46327736344171827
-0.476719888816338,-0.44819659142713747,-0.3777624477303134,-0.35941292587461343,-0.3611512477412539,-0.31255090660790646,-0.36641950300303877,-0.38211520135801325,-0.3387354746531295,-0.5004528284242127,-0.22932590064220096,-0.36419742048752735,-0.3176299081389872,-0.2531165957405261,-0.37250066831235606,-0.1669424272888335,-0.25272980535954037,-0.2981850072640767,-0.1462198207456616,-0.17283529087403793,-0.2285657831939587,0.018327766827983875,-0.02226034178772863,-0.20943735826486234,-0.07114054929367288,0.0033486816382532554,0.09113773963062859,0.2435577399417793,0.012960859030072496,0.11008910209851337,0.23317314393219737,0.28603747324361034,0.37434556028056937,0.45035591622859533,0.5778032321255855,0.45112140165016273,0.4601340401699561,0.5068815422844216,0.7955606397677144,0.7685361846525959,0.5900566621307181,0.7881407134420374
-0.2790565950563926,-0.44558133086175505,-0.47863924445492223,-0.32558972691036453,-0.45077142777983514,-0.40122251165751577,-0.45899048495280015,-0.5141696394948955,-0.34166680517286946,-0.4275814333705409,-0.37055494218915336,-0.27731691014627663,-0.2574155090281473,-0.2107301042139716,-0.2359367256095202,-0.30832188193840643,-0.3515595239469005,-0.31145337809721535,-0.17797019300515654,-0.2468943017149003,-0.12290389197843697,-0.07313354518954449,-0.007503932117606913,-0.059127172253650634,-0.08145985792831396,0.15796342556335058,0.1959299242229995,0.20872667548287183,0.19490743590594095,0.14062173970553268,0.14513005237763707,0.2017840168051123,0.2919286249595685,0.45117130065013483,0.543583780146671,0.6797038424458696,0.7217437233381623,0.6418261990038001,0.7703357286764598,0.5603801998584611,0.6689787615874255,0.5298010499301531
-0.2703663888731376,-0.25241720802721873,-0.18189923297640995,-0.2117639361753732,-0.17790049780627093,-0.2618786762681617,-0.23505053592908767,-0.25555254050457094,-0.1346847554549907,-0.0838768427235141,-0.2629068884447192,-0.23951071127932333,-0.23770393954976,-0.19767663698857765,-0.18452571657202618,-0.13725375764066036,-0.19185713542032365,-0.21442609832321421,-0.2140895440741642,-0.09763850734537217,-0.2670037377746137,-0.15746404472835013,-0.24054830094197438,-0.2098308449817213,-0.154513532601849,-0.25818819337128124,-0.13859293058193653,-0.09313406667095168,-0.17198464116831433,-0.24848812320328742,-0.08987792413371636,-0.08262689477112488,-0.24475984259399475,-0.15669209897894848,-0.10028796877861491,-0.25881692280013313,-0.19395560414418478,-0.2582690099247051,-0.16533111510349568,-0.23605218027151265,-0.18567890832102488,-0.10905739146802307
-0.733718789891989,-0.6910778516568599,-0.6815021925631765,-0.6199677464029641,-0.8379109798688572,-0.7716858123537725,-0.7838408415869692,-0.8099233143921188,-0.6639604212859438,-0.7607361784287436,-0.7785119600162574,-0.6115971183622653,-0.5983221782210969,-0.6902801959017087,-0.686543398774072,-0.5842128730351156,-0.7652429194151321,-0.6722037977598374,-0.5905334122848466,-0.5790043525851485,-0.5467759614829262,-0.6315776692506607,-0.5529536728926399,-0.535975009183714,-0.5377915651818628,-0.5670301484060815,-0.5264389181549252,-0.4258976181033046,-0.5452021124568891,-0.62627509790571,-0.5448537660695661,-0.43308437424083485,-0.5954880267759193,-0.49374976422744515,-0.6055831131006442,-0.42267839514348116,-0.535665834239466,-0.5859733555799297,-0.42616934238773835,-0.43479959131532864,-0.4625196746749056,-0.5934593291498897
-0.5748765056568873,-0.6325054117729133,-0.5604072204080842,-0.6260553377483508,-0.7415729231407895,-0.7567595491378913,-0.8269037816546474,-0.7016014103469586,-0.7166873082524294,-0.6648984938495279,-0.8089600470236162,-0.7181116613573407,-0.7589996770564101,-0.6276307129195507,-0.6380778623956708,-0.6663519660155336,-0.6656074875868295,-0.6955702709370319,-0.6618046539367107,-0.6434522790083541,-0.5388830702186851,-0.6817804332746925,-0.6299890937129329,-0.6726962353339706,-0.5179423899015716,-0.5366867840487682,-0.48258625474159844,-0.5200302164228624,-0.6006239354516891,-0.45161279179216357,-0.5298553511335236,-0.5978881267048798,-0.399530220758593,-0.4580023713897873,-0.3864769293530229,-0.3554606993986182,-0.42174405657461234,-0.4347910855066953,-0.47076792553046887,-0.351507901435514,-0.4698068395052602,-0.42920210823006266
-0.6897933451624201,-0.5576334705892998,-0.6372317220158247,-0.7234041240588678,-0.7388019824582617,-0.6555515787589561,-0.7015698607850729,-0.6060209546759534,-0.6510155681545874,-0.7486476431957263,-0.5577681462802566,-0.722135027714666,-0.6528271575835062,-0.6318796055894138,-0.6565052945568386,-0.5938419087088861,-0.5357169201647167,-0.5591187296959899,-0.6931438151901419,-0.6547314668142645,-0.6265828825397419,-0.4586040147272937,-0.5898014251296132,-0.600213066331628,-0.5322588427912758,-0.5549150628641587,-0.5795533150516571,-0.5716961205929155,-0.5685753104225003,-0.5370435213614971,-0.4759749728948772,-0.5237623818211803,-0.48287870069973526,-0.6070424914156152,-0.4653926900700941,-0.43527570529911297,-0.5393325701717793,-0.4193317716095106,-0.4255467029091061,-0.4975761525114983,-0.40798142649651625,-0.41058273624789765
-0.7149733447420275,-0.7809769739157845,-0.6730116131198765,-0.683930808851575,-0.7223027602170468,-0.5916692600267633,-0.8106570696258806,-0.6772745944001397,-0.634169117510604,-0.6440413911430019,-0.7209352177460678,-0.7579190171898436,-0.6455021494622873,-0.6954254086428033,-0.5099310136732632,-0.5365026057414966,-0.47242533750292726,-0.7150063546051362,-0.5743612774884149,-0.551462063086445,-0.5363571557755901,-0.6136146072097947,-0.45202670866394457,-0.5978951579929346,-0.5265200969235625,-0.4838554900869815,-0.47376114901910166,-0.560836927234056,-0.39508224986826307,-0.4662984073803854,-0.47168451935225,-0.4600622658140401,-0.4863878253990264,-0.539347158943739,-0.4508677392068669,-0.487456824721892,-0.48467504093563146,-0.46873471748689827,-0.46846632392007675,-0.49809741038043986,-0.4299858980162701,-0.4066609664224154
-0.5773016092577075,-0.7372696705847749,-0.5546844126865774,-0.863581656505808,-0.775793390032386,-0.6834501855790216,-0.6578481772958181,-0.6341846854377937,-0.7430671819338608,-0.6225384660567244,-0.7326375128880145,-0.7194587328224237,-0.7308537963548295,-0.5893643906567713,-0.6079454771089635,-0.6755817128985405,-0.6838522059145662,-0.6232040541830888,-0.6313539298933515,-0.5597496036499864,-0.5188512974203388,-0.6669621619888918,-0.5699967260413132,-0.5031189742589289,-0.5356594184228882,-0.49077894531288757,-0.5773355054677366,-0.4148882477771261,-0.5261082906434473,-0.48973514928897677,-0.5173328302359856,-0.420442742978114,-0.4260614780036943,-0.542013558751117,-0.4407716353586592,-0.46239982338318264,-0.5728098434030839,-0.3751099850637066,-0.420982716996537,-0.5235081735146442,-0.5210966931253205,-0.3939288061056682
-0.06503612576360776,-0.0908458010423915,-0.1396795779758777,-0.02531032605106496,-0.11115052304201457,-0.08485974357789706,-0.1389342569867947,-0.21957551053496152,-0.17755661353489924,-0.10713757051588044,-0.03826064674513315,-0.1224822352205691,-0.03191803193449906,-0.09724727976025618,-0.09001416006715425,-0.07168775165797706,-0.175396173237176,-0.11347928271611044,-0.023082910401487387,-0.06266612563857403,-0.040905777008701676,-0.02382540855228097,-0.1531071975908108,-0.2048064156835151,-0.11337613000062444,-0.04700282214013978,-0.14971184647089403,-0.10784099070529908,-0.035922083822869696,-0.19710108933014453,-0.14748283937466883,-0.20489034758273852,-0.12304605125676797,-0.04840672148754794,-0.06430845632721058,-0.18557455683253934,-0.16903650584978364,-0.1494563839862521,-0.039976124303827534,-0.11930694583987973,-0.07350395284105131,-0.06815954112961532
-0.749082205928805,-0.7067805406940989,-0.7776145848352732,-0.8533524954838434,-0.6937620164699527,-0.7373015115800424,-0.628976404324219,-0.6645100248803458,-0.39308981311812846,-0.41361286233539646,-0.1472350159126878,-0.030173999350702523,0.1066293997446557,0.056805022459183716,0.0960491645336292,0.40783976508395575,0.41726375325028064,0.4827861305271084,0.5802673179702846,0.5178316476754554,0.6216241319843607,0.5861602536793338,0.6224732448744896,0.6393525941675732,0.5896984718452027,0.5039874229778185,0.4153109489002976,0.4354323845340733,0.26881027257101925,0.3412819007519903,0.34318083248955333,0.32667658186372467,0.1538756742761416,0.1824804563398901,0.0591903419751394,0.08055868489895777,0.00949531444857621,-0.06384455334919596,-0.05148334028621533,-0.10486650776829307,-0.13837319522014588,-0.09292406888078034
-0.85529463180427,-0.7295279182796982,-0.7035215664882406,-0.921023454935483,-0.6415986273492656,-0.6364776526536283,-0.6101024412239052,-0.6769319560535733,-0.45817529609308316,-0.37189265286955314,-0.2870332266308636,-0.2123263591807971,0.036238740569038974,0.07861060447773491,0.2410734547501099,0.26901760069775293,0.3569717739210584,0.466181504242335,0.6390933495886312,0.5758126572441093,0.5839991231070558,0.473448272712585,0.6413761813330893,0.6575728582365383,0.45340814410889835,0.4864411871469362,0.5066731526588616,0.3626473042759725,0.3983275155575159,0.25706414648869275,0.22870407694564096,0.172898657650794,0.16495901669827406,0.14213171436692856,0.10026534282667793,0.07908853385564127,0.025515708658110037,-0.02157732313226827,-0.07581469070938023,-0.0774311666811379,-0.16711438778236717,-0.06342119591772853
-0.8913869669083516,-0.8222457565584784,-0.7265831124847015,-0.8343339777482771,-0.8040088946104699,-0.7157374234067305,-0.8039570712288002,-0.5462237627436323,-0.6173328417663992,-0.36830294978566597,-0.27602865574704266,-0.026113603193664566,-0.12703621394584352,0.15368749257578454,0.290221072680659,0.3190260164100675,0.49869325205897047,0.5306187332663151,0.4681771666892807,0.6288373855804164,0.4968126744306365,0.5838816251553911,0.5603096968116521,0.5072866810358198,0.47500751491028653,0.6023195084676992,0.41437015937731814,0.49792198505194657,0.37469629628935425,0.2724488793417016,0.2328419094611341,0.1889321144005664,0.15701194183104922,0.0970794407131088,0.07265806928596427,0.00010055251028582128,0.03686234177026024,-0.06818090102441339,-0.07964519512081084,-0.13921957071392582,-0.12575496831035524,-0.07021828945434065
-0.7059382813675181,-0.6987397860057523,-0.8880565537399538,-0.6994108950293899,-0.8939319600078314,-0.8076628215273788,-0.8061795993145311,-0.6312333392903948,-0.6556845591142482,-0.47337699817990087,-0.33159474686107676,-0.12392841588116874,-0.09586319248007939,0.2325755831398052,0.29482195661035593,0.3136557444375348,0.4812974606673759,0.5868331738968275,0.4839152225755422,0.4918130759382008,0.5050378940423101,0.6239339334721661,0.6012873210926934,0.4920999880231489,0.5354971065533989,0.4428267928344031,0.5617958386704873,0.5185324332208058,0.3561595362762731,0.32921713759824545,0.19645251545464587,0.19893794853396676,0.15285603228639177,0.1942973444084048,0.07085888561177403,0.02253777706423783,0.044101152497214,-0.07263704826372575,-0.0233144318635297,-0.11047996573144903,-0.08656897541476116,-0.1456823211990949
-0.8645485397096,-0.7144720614676084,-0.8724381064214076,-0.8648902276225455,-0.7400414019275795,-0.731725300963961,-0.6836709570468165,-0.5851286419805566,-0.5235383744813953,-0.2987611234865194,-0.25823917964381693,-0.028765327603134626,0.007802369575995811,0.20147611694516576,0.09747366131190126,0.5235016251218598,0.3261872721056433,0.43862224338659,0.4238125596260324,0.6147584216274108,0.5859037858659726,0.5134750449909352,0.559391872254973,0.4688449657886523,0.5700665446583258,0.5185262065988901,0.44353944627165703,0.4394993905064994,0.415603109566516,0.364598311571705,0.1750028761465976,0.17913239908002748,0.18735970125607165,0.15933805574840323,0.055102054265786814,-0.005454232225409096,-0.03784480830101112,0.00296614407592018,-0.0524078934704362,-0.08767920242426538,-0.12940829978234922,-0.14017386539680932
-0.7888097582606441,-0.7914887829818532,-0.7667461674065058,-0.6850548367283533,-0.8239318151606795,-0.6852203039102255,-0.7678164079608547,-0.4891843593782245,-0.49562779642395133,-0.31338772278503363,-0.2295248063747636,-0.2746344935533685,0.0014009582042743226,0.1250621229568453,0.09043046153120858,0.3797024987277794,0.42852352377883407,0.5082089467781293,0.6068430129344701,0.5347212353139662,0.7116201948271559,0.6304814161595885,0.4643812328210226,0.48837469271802164,0.4813026421456232,0.4410933163881281,0.45522865139509494,0.43212906362066983,0.3885616913476762,0.25762289124331117,0.36456461155467523,0.17315881327420848,0.1818094405295043,0.12854015457582424,0.10874111758292554,-0.004198252828191255,0.030625534579916434,-0.0028972469334455977,-0.03453193157080349,-0.07456244034229892,-0.11966108614863996,-0.06706470100519413
-0.8392818257303607,-0.7276509509125894,-0.9420426795113093,-0.857800510683371,-0.826175083020042,-0.7239870416475982,-0.5540566752026927,-0.6914806367294752,-0.5286371477972994,-0.22344382437507346,-0.19922607051773022,0.00956808517317171,0.12907735233163767,-0.031573278023256976,0.22606578729157886,0.34454832662265134,0.40396905835326136,0.5569560768808499,0.5384812025207657,0.6047992386010194,0.5250000449714555,0.5269377260563349,0.6518363025722949,0.4831138186177361,0.46497225308724427,0.4314129250085183,0.5085960663277214,0.43376178181570446,0.30126055531918816,0.3461620839982387,0.3350121722641697,0.20798625739250867,0.12620121445735266,0.1862013603502764,0.033644196747984384,0.0303488349363617,-0.01102061795847028,-0.031137677466673005,-0.09910279107800812,-0.026160254221136225,-0.18216384738159525,-0.0719106536006989
