gfs-wave-data.json
{"header": {"parameterCategory":2,"parameterNumber":2,"dx":2.5,"dy":2.5,"nx":144,"ny":73,"la1":90.0,"la2":-90.0,"lo1":0.0,"lo2":357.5}, "data":
[rows 0 to 18 of 73, columns 84 to 125 of 144]
-0.011616865127847015,-0.02148547959679378,0.20735037267613024,0.3008314048432054,0.3948015502302882,0.3730382493398673,0.4906232015347394,0.4887607215669,0.6116291408252741,0.613599995642628,0.5837254325982635,0.5715207921917173,0.7098449952858892,0.6738509776394135,0.5283892557935699,0.587977864542529,0.5024097392868144,0.4742790807260338,0.33765951424274776,0.33469869586155165,0.33751171697472215,0.1941437651083043,0.1083965763642992,-0.01508236312744167,0.0026445077383442056,-0.05090473949220147,-0.19202818370318592,-0.23289418678725446,-0.15795670711624882,-0.2213566375183569,-0.186318264888643,-0.2227332181452503,-0.24891016104315145,-0.25394464526517485,-0.32238135838669957,-0.22198583353096332,-0.1875607041513524,-0.2509165840523693,-0.15772230381583321,-0.26450421088092385,-0.14047550445443432,-0.14862922669206435
-0.10632320761379334,0.08790407343647558,0.3103472021566072,0.3763546654213128,0.4086860130395905,0.3640500337172576,0.5014657063094788,0.5649667807678046,0.5706433531922165,0.6555383932034129,0.6825845638053452,0.5806803707560154,0.7040778040796608,0.6135890044844443,0.48568579137089557,0.4909409908717087,0.5586622088988784,0.5262354441921495,0.3335245147591164,0.3161522633127572,0.36587003296451875,0.11288758751913838,0.12490442042733238,0.012564834815830818,0.014439461348547648,-0.11342416515801593,-0.16026255247539697,-0.22987323173814597,-0.228380872208665,-0.21345162772322582,-0.2071785557695835,-0.24265110579828458,-0.21826345347949358,-0.2541901635605764,-0.2107577760780809,-0.27061451854937557,-0.15396579892094261,-0.15815596416013553,-0.23540822165980926,-0.15273290713697232,-0.2334848673478247,-0.19679265506393498
0.028743864304112014,0.0758357542351626,0.2135330331928482,0.4021859877506963,0.4983772746722223,0.37483044348357486,0.6140118774136806,0.48059578019146554,0.5321872439194634,0.5399091375746834,0.5915872507738664,0.4766155100216844,0.6499383689900874,0.692238703159612,0.5045446788389953,0.6683444070916382,0.544162374392448,0.47351759511948904,0.5048442241951762,0.39052970085656635,0.32559742937806746,0.28018611733306736,0.07158011750202459,0.016565569378515683,0.023609926715179516,-0.07072389224470332,-0.057799422603909516,-0.13997132999598588,-0.22493641190824631,-0.12836288996816325,-0.22527591728717913,-0.26868735853984155,-0.28620378265485613,-0.3057043694170749,-0.26485181867012786,-0.2673419980875645,-0.26369281133548494,-0.16873897938080518,-0.20256426033423094,-0.22854421959971769,-0.1818055612544274,-0.17315070532072357
0.050446971701747494,0.2025148275369828,0.07207074735620839,0.23277284669789206,0.2655658027221492,0.4170127035205219,0.4143566490153592,0.4867748878654804,0.6275574236672269,0.5875155245784981,0.5538119652233273,0.7034495790091789,0.5425293593823663,0.5450621054387516,0.5467995146370105,0.6203411927139932,0.3950775619402128,0.5062950525729473,0.4208467084876699,0.32042486499552153,0.262207651255884,0.24667647155538833,0.11388294929808873,-0.0116481113877969,-0.01912509171385694,-0.155015442229593,-0.06231089503629853,-0.11184519265570037,-0.23759415520504865,-0.2480432082836291,-0.2130827166154184,-0.21607968074089995,-0.19872615932671547,-0.23580977799359948,-0.23150887325222258,-0.317384402573594,-0.1907577852979357,-0.2424329153167438,-0.16294387383479672,-0.141834353689005,-0.1982347316745075,-0.12835600905241773
-0.01841735878374119,-0.00633965146037187,0.22578035561054532,0.22766317086551627,0.3472655709134605,0.30282910647573363,0.4263516949572496,0.5372532457490373,0.6598807471233621,0.5178131902596161,0.717418862247929,0.5250130951325287,0.5680005665219542,0.5919353695043539,0.5492277936426281,0.5198112593195878,0.5325569877342993,0.38521895632125963,0.5209347576525852,0.3331500879520489,0.26936248002042396,0.17997283912682666,0.17773308854151912,0.06480379110883651,0.04274943371173511,-0.037642626164083544,-0.13642864630065016,-0.12069716302092512,-0.19245663314390343,-0.22364696417358448,-0.22119587738843682,-0.1658070395678888,-0.19613228997507096,-0.19682492889185418,-0.26690438391402477,-0.1750642037928752,-0.11831410595552344,-0.1769941512276995,-0.17840233044314155,-0.1871150067692136,-0.09793258665081761,-0.15503687938409297
0.014807180367798451,0.19406409135101416,0.14259309917542057,0.36585575973841594,0.3553766358080604,0.37044849055186674,0.41706349813442495,0.6288725953416294,0.5164125923242989,0.6010198854808096,0.6102252189037791,0.49018630274146024,0.48626163471126416,0.5352811342104391,0.5926973486577278,0.4524020050480688,0.429294746754677,0.41498984379241377,0.40726575733574877,0.26894232236979304,0.3217124798136469,0.16621998268527038,0.06334605738154603,0.06638378654387908,0.04613174038084588,-0.026924573901538986,-0.11098131267124259,-0.09062214200559057,-0.20551219006164234,-0.17251717693427704,-0.16683663192815285,-0.15570812440118298,-0.22286907695690136,-0.1839283546951048,-0.29420525146551235,-0.17678578989848703,-0.17112165941284926,-0.2247672199799526,-0.16821910473547116,-0.16520808948209045,-0.24093224458161958,-0.11011131522625606
0.07531531463172193,0.1609801215349706,0.1155286736520112,0.3681226639448474,0.3524465408950429,0.4358480108310085,0.3894425355557137,0.5184023622880329,0.4772246046906059,0.5257811892104938,0.5242040291324404,0.6251264375035372,0.6219356109075239,0.5356797689102243,0.5331054780804567,0.46654308355874347,0.4209284074792715,0.3761120197409288,0.3782652629361802,0.24422432514082618,0.265388571406291,0.15324675295233037,0.14159738461842014,0.08048234516074794,0.005207280351511952,-0.020441438012819144,-0.12362840930190802,-0.168596109272439,-0.1859248364414313,-0.13268315087725757,-0.19894467290118498,-0.17813296506992746,-0.2896260382680386,-0.2460166909162668,-0.21607428732364867,-0.2512106547705573,-0.19464527001537008,-0.10850465134734201,-0.2208098977931814,-0.08681957574394772,-0.07327228835167492,-0.1713722176748957
-0.0344342842994912,0.0010479329053927316,0.29734285004971506,0.19864204772652755,0.22849114801121614,0.3915518717062596,0.44225093297671375,0.4432077919353988,0.4858275903656459,0.5788425560315587,0.5561911969652424,0.4786792143758193,0.6573538023012555,0.6068156064217878,0.48274838526087893,0.47809650621647276,0.3961977949972429,0.43590067740561717,0.2768334058632616,0.3079597025,0.20359828944030084,0.20987209235801393,0.04555312584789653,0.055304585772210806,-0.04752963757374177,-0.00444540857475393,-0.1267075391936643,-0.10227268168857716,-0.17800828186233975,-0.18548692121155644,-0.2090581971149016,-0.25375518670025327,-0.23267036390503956,-0.24672744163971322,-0.24839545500705226,-0.18321385020551653,-0.164582538134317,-0.22788907510726966,-0.1866206902000575,-0.14195785687924523,-0.11819871134627088,-0.06239785607428443
0.002992449700130453,0.1515300802241043,0.2875191201292146,0.154923783037757,0.2614427190585959,0.27757166304681025,0.440791066807555,0.48098067803648487,0.5462116246878668,0.5193813248749235,0.4426743694004645,0.46473504322818393,0.5901374237602202,0.5681567004482168,0.4550291431408848,0.39848987365841787,0.3276328192489107,0.46177025548148637,0.34795518181405444,0.24756393806546254,0.22251931784162438,0.17153065716607346,0.04444401368905882,0.01548671938177555,-0.05324933979944395,-0.05520869427682164,-0.1472196038553498,-0.20128109299177632,-0.18939442033683415,-0.1990452945793112,-0.10587789047791407,-0.15662672180667694,-0.24762275194667616,-0.20955182976606704,-0.10337684329067552,-0.10080939845302515,-0.09002083558403358,-0.20373290039641315,-0.19447103492663215,-0.16905699804772625,-0.14314699330120942,-0.05497409662453613
0.01805961126501328,0.14085794542040542,0.26185694653883546,0.28393330066829287,0.20168747516203453,0.36891255349363933,0.45758076924814217,0.5198176762631002,0.46730906683793694,0.4449950369595153,0.5363492183952349,0.5964090500610583,0.4866979248151531,0.39670587326794676,0.3934840827900052,0.41740905166364123,0.45065338191026033,0.30894976351593195,0.3750703328516499,0.3174117980622321,0.2434811792091381,0.19973641980762452,0.1466850290523493,0.10419978354228415,0.04804939887639474,-0.05093689964557856,-0.05951599858494203,-0.17978821142727017,-0.2052851802121233,-0.13004965030924945,-0.19051093961794927,-0.14596485308689217,-0.14944610538983596,-0.12350564704363678,-0.21754544174965637,-0.2130804100184593,-0.16566563513955287,-0.20406503190366354,-0.12542742379839805,-0.1862233819425539,-0.15535217798951534,-0.16043731858599172
0.015517406708347697,0.16777420858195624,0.25739432980087035,0.2355256688571282,0.19441009623488864,0.39337712128123226,0.4845233963936061,0.46702488269943737,0.4718556040839163,0.446754216902499,0.5387596383238101,0.4914404617947206,0.45964090070394303,0.5660896673232231,0.446415077170281,0.39573691551680723,0.40445847265729107,0.42776171415664765,0.48010185017724555,0.37701590556701825,0.19451573895447008,0.12055749446319278,0.05614767428883545,0.05843356266909739,0.009930726792748463,-0.034097431063216624,-0.05004668738725435,-0.19628101672751655,-0.14079777772309948,-0.10563029211660713,-0.11133751607389353,-0.1214745741990725,-0.2230176863870717,-0.2260707814072555,-0.14742612967748067,-0.16508759260349765,-0.14263028541949987,-0.1020242652325852,-0.1175715009009938,-0.10110089935071997,-0.11103706840514715,-0.03416684726761915
-0.004276274237715024,-0.008518427033435052,0.10233688145452254,0.25922447975422314,0.3083805853511813,0.2934729749581741,0.42816694876366634,0.483640955553071,0.4809346222255842,0.5441399595715732,0.4721206455832264,0.5277400137678078,0.47904109782312476,0.46180950146019933,0.5301795994784265,0.4715551115705055,0.4445657121441103,0.2664632041734571,0.362561229094902,0.21711721423315739,0.2414606027953644,0.14697180630109008,0.16733844705860415,0.04444737149612862,-0.013715766941807537,-0.06504025101519582,-0.08061955728152274,-0.08237010803112346,-0.14860135797669916,-0.22959023405038723,-0.1545217740188456,-0.178512804673499,-0.21521054043155954,-0.17834975759704425,-0.08255392662289468,-0.13217122722244212,-0.10062202717223603,-0.0464951492898761,-0.18135199726515458,-0.10794345982041674,-0.03981455423713004,-0.09539367028649091
0.009029631724988586,-0.005282233540970141,0.007799376292978908,-0.019315745427464316,0.011394695293949016,-0.007746755517336246,-0.003047987681333979,0.0015792238918122005,0.01796498836058867,0.006648337795488707,-0.014170883354677779,-0.02164232522795819,-0.0033435186014644366,-0.009077371694121096,-0.0036070851828681094,0.01074406996716191,0.003987049363494988,-0.004010391894517871,-0.007265247695058257,-0.030611050437393532,-0.021961020514544766,-0.023514460956304693,-0.008444665514088958,0.010818923489365726,0.007272120799068982,0.0012109033920427897,0.018735910069197288,-0.004624924741736474,0.0046427745826984465,0.0044612595468744845,0.010171547769586713,-0.007614910650493885,0.014782858411530065,-0.004424952055804831,0.03722723832530243,0.0023887200350508238,-0.008659667408918164,-0.022333720792607564,0.016124870328358142,-0.025427591290579737,-0.022624981108814207,-0.006210355945877741
0.00793603400323318,0.0022910625845319827,-0.00851937231149937,-0.0191657353650033,0.010530338171885274,-0.005400528156956069,0.0189000530256545,0.0025683965460071103,-0.00761362352650364,-0.008433731620258827,-0.01167186008950274,0.021887180410715936,-0.016767078895223487,0.0017707221644277934,-0.029338052077666155,0.004324832477803072,0.0026379594421977104,-0.0032883374315016314,0.0009740529518953662,-0.0020434305882772795,-0.01574934673056292,-0.014664066068644448,-0.012587457729003056,0.010579648532384555,0.019844857878351017,-0.0035001122322895727,-0.008003474864539154,-0.0006882248596932606,-0.019215761614434848,0.020182211521532982,0.02335078716510294,-0.016648940564130143,0.00220842337186069,0.002027540970312783,-0.0034089798771634785,-0.014769724875433328,-0.00567767013531051,1.4429555985304523,1.2942968742402237,1.5169992794342757,1.5497285544978436,1.5753804224365462
0.014890630271232434,0.00308967075961881,0.00224099372463669,-0.007043151858676063,-0.002030992901810215,-0.0005190575618134526,-0.015753441066087646,0.02439549712666917,0.020674636162955132,-0.0007570877701090298,0.011339940577644326,0.00527394118643038,-0.001121199769086654,0.012284116816950592,0.00886395479152436,0.016610878642664632,0.01228761568493375,0.002924078678111256,0.002816408922261004,0.0033827584145760103,-0.004856219236577171,8.852873882381264e-05,0.005567355276666705,-0.0019417755332739382,-0.026284998251498184,0.010630063080425089,-0.0073917009299896514,0.007551236445034694,-0.0010239088612844817,-0.00046585008541261125,0.00721344131192112,-0.01927597779666573,-0.027430909784032464,0.008868565974397393,-0.005292745992926529,-0.0021091119912221385,-0.0014367692521620723,1.2621826616100498,1.3528189107843964,1.466793744692131,1.5104974347516382,1.4951526751695696
-0.0028350309933328935,-0.025393950096323517,-0.001811400455863063,0.0013773303792131261,-0.0018194694381760397,0.012672076338527714,0.009592992726987437,0.006919953008669608,0.008120765388883386,0.016585976884049693,-0.010673801236671636,-0.003467038042578876,-0.002880314538113212,0.00666469846778373,-0.013974623991993621,-0.026094480317496352,0.0034431804723154213,-0.0202274647192554,-0.010195895601178092,0.02555196666552347,-0.00868274319071536,-0.01808770687568132,-0.019905934113610146,-0.002465238916323155,0.008132708370019101,-0.010528710534018144,-0.005947687639502946,-0.009266050937952797,0.01874373945076094,-0.0004822430431225059,-0.0002790384903261297,-0.010845225042931951,-0.000163563281052597,-0.010782152058845966,0.0012312906839516671,-0.0016822789765635466,-0.0030133900650603195,1.43273213984342,1.4888670662922783,1.4676448442451206,1.4523502242856143,1.4657539926280894
5.5847746662277534e-05,0.005122653994058841,0.005545213178727599,-0.0026064675439782105,0.02722023025924904,0.009378469348161233,0.015058368588224935,-0.015064182255747894,-0.024423212433812968,0.010851004428031346,0.0060729965026594885,0.009479720206243167,8.347081222113797e-05,0.019907078865922953,-0.024410039089847006,0.0019168666889912034,-0.013626660306439059,-0.0003053491744796997,0.002972903858431287,0.011233055966942023,0.01153413969367329,0.018853605744374415,-0.02252743840387868,-0.003719528162840405,0.015081514224415825,-0.024351239923048648,-0.02217765600050747,0.0008215508129558361,-0.008438322333237581,0.013643414827716893,-0.008370922407534911,-0.005190320508141044,-0.01779464578929823,0.018716879785331108,-0.008145617094000204,0.005041625232321742,-0.0005092303271248733,1.39659935628053,1.4353958381205763,1.4302338928031357,1.4653975450663066,1.6030416644949483
0.005260928885470617,0.005548193508785096,-0.0013591178336694832,0.000338482298462939,0.026233063571706912,0.001350660856299823,-0.0031361270990319995,-0.00909360875852366,-0.004655337518941208,-0.008418380176137708,-0.013457283877900936,-0.0009786292160264538,-0.024229050379783703,-0.021657085121141704,0.0012917252284423725,0.006343945568091416,0.0043791306173488,-0.0005058342446708932,0.018701930123661815,0.002868909170376224,0.01750703374694437,0.004582681921740867,0.003434992567726873,-0.0015102165138784548,0.0112760910797017,0.0005064674463057499,0.002568460674786102,0.0032098547145634555,0.007785381728019275,-0.0010553549591213363,0.015439192664042468,0.025377430582145574,-0.00022377538768969405,-5.819924627847513e-05,-0.0014520053283444494,0.006427364291980941,-0.012448780358292423,1.457091806771648,1.4068628995180517,1.5098932371454485,1.4133889778234023,1.5734553973478904
-0.01736426138018439,0.004128200793303891,-0.02035151890305069,0.0046617050360598785,-0.01246746042407967,0.029259161674212213,0.0027752914837663135,-0.018902710527067115,-0.0030884216349970385,0.017528900569309898,0.01925801127743117,-0.01026928432917108,0.020825526927395883,-0.0014509137506932227,-0.007036070255645254,-0.023611762033003303,-0.0006096626325564799,0.02467254425249263,0.0013838555324849414,0.0018609389069938812,0.004056787189896263,0.011745796149860878,-0.015781215431053663,-0.006161532459026098,0.01591759745954209,-0.022355457319301594,-0.010950705797627212,0.00040882444714624686,-0.006901751522720997,-0.006285960814388513,-0.006964598003421564,-0.005502642883749456,0.0016329149854002495,0.0012451500366972448,-0.0005823334751590533,-0.01074600660687895,0.00868606972958424,1.3478661646506989,1.3927201207314617,1.3666869024461024,1.4598444569086013,1.4732770906561836
