gfs-wave-data.json
{"header": {"parameterCategory":2,"parameterNumber":3,"dx":2.5,"dy":2.5,"nx":144,"ny":73,"la1":90.0,"la2":-90.0,"lo1":0.0,"lo2":357.5}, "data":
[rows 46 to 68 of 73, columns 0 to 51 of 144]
0.0,0.0,0.0,0.0,0.0,0.0,0.0,0.0,0.0,0.0,0.0,0.0,0.0,0.0,0.0,0.0,0.0,0.0,0.0,0.0,0.0,0.6291573096551424,0.8638201561750362,0.6714530940672239,0.867843602860217,0.8137772362154134,1.013221614312801,0.8821342577140324,0.7149557423841756,0.7767554029777244,0.9143179642995591,0.8249143980009264,0.8875742742033702,0.8614416774093807,0.7102086684705526,0.8767188670280767,0.8077870586715968,0.7193202965955331,0.7762041426070092,0.6456910843171054,0.621541829361632,0.6707688691752369,0.6273506247589522,0.6877954328343815,0.8204603676274898,0.6513887831290802,0.0,0.0,0.0,0.0,0.0,0.0
0.0,0.0,0.0,0.0,0.0,0.0,0.0,0.0,0.0,0.0,0.0,0.0,0.0,0.0,0.0,0.0,0.0,0.0,0.0,0.0,0.0,0.7353918344437251,0.7015512318070534,0.7614198145475446,0.8274864234596758,0.6816420900845854,0.9060907204851213,0.8781209124632099,0.8168850396964535,0.8326542689401261,0.9718347815609286,0.8372232585926642,0.8034672478682341,0.870977946208552,0.720773665035414,0.7654743705897185,0.7788714029216913,0.829912053195538,0.8178539414692295,0.8535256763966964,0.7975671130789632,0.7700487780191555,0.704640052317771,0.6966911083189411,0.7248622014954788,0.5763240466791745,0.0,0.0,0.0,0.0,0.0,0.0
0.0,0.0,0.0,0.0,0.0,0.0,0.0,0.0,0.0,0.0,0.0,0.0,0.0,0.0,0.0,0.0,0.0,0.0,0.0,0.0,0.0,-0.06751604378921337,-0.15080353519870246,-0.20025325931489843,-0.03828565858333927,-0.03852701040504195,-0.15046739882259272,-0.17665999456938364,-0.12709116472036922,-0.1918527215698768,-0.08976893498331048,-0.20519548936823634,-0.1972716289637183,-0.10717537826104576,-0.13566361799526164,-0.13653020660858994,-0.0592404843180076,-0.05384992952762572,-0.08781289856712608,-0.16724939106148223,-0.17646160251806106,-0.15706805007669175,-0.11663613175795048,-0.07687601163478934,-0.13933784878145977,-0.02010802146155024,0.0,0.0,0.0,0.0,0.0,0.0
0.0,0.0,0.0,0.0,0.0,0.0,0.0,0.0,0.0,0.0,0.0,0.0,0.0,0.0,0.0,0.0,0.0,0.0,0.0,0.0,0.0,-0.3935501410443026,-0.6208815632063343,-0.39183349497342834,-0.4034692992898694,-0.5730788751749201,-0.4806596798656711,-0.33450771377818783,-0.1827417305054633,-0.2059016876205628,-0.21632394021857854,-0.06368589006385444,-0.23952963629915797,-0.17351141040914206,-0.1532306798943234,-0.029246499444233447,-0.09165674347837091,-0.005255741871309577,0.031127241431740327,0.17051268018834806,0.28231424237702896,0.23827015102237614,0.29990273507811055,0.31049369355698375,0.1483283343167331,0.3407516211558333,0.0,0.0,0.0,0.0,0.0,0.0
-0.09221389003333816,-0.021461447351718673,-0.3328386202902878,-0.000667588362433944,-0.49168528812329565,-0.36331233438060545,-0.20634192857125552,-0.5238764391719665,-0.33216585338230215,-0.6654284788869513,-0.6128365209504973,-0.5788682751505079,-0.6596861015581635,-0.8632913645941347,-0.8169028924029446,-0.6836226540529465,-0.5039815285240486,-0.6799874023424001,-0.6611880575195616,-0.6772760695390797,-0.65914790366686,-0.537144980352964,-0.41042390165964854,-0.5924621011668264,-0.589604084417909,-0.32685632701753586,-0.23845408059597986,-0.23040203815057375,-0.18634045083849876,-0.12689320909000046,-0.3612281255736903,-0.17638642281639816,-0.03190516433152905,-0.25721952569904283,-0.04340922206805462,-0.15497501982998838,-0.10184927131165374,-0.04134906666770785,0.031709365698602845,0.18368595828197531,0.17042191468867995,0.031676706368248146,0.09261760965273645,0.2339559549422532,0.1746331022397214,0.24482752094402682,0.0,0.0,0.0,0.0,0.0,0.0
-0.2542279918577256,0.07631955450666596,-0.3276791760781656,-0.34810691206273997,-0.032116729480421734,-0.18515987863419583,-0.4705509712604951,-0.4642171952218054,-0.501946972131285,-0.5744854594963423,-0.6498883130580054,-0.7711890464790558,-0.5763160833603352,-0.6001507962481387,-0.7483693070305152,-0.6074299554667235,-0.7281071003220304,-0.5587410462246803,-0.5709340805791795,-0.7244546069857158,-0.399425931120814,-0.536156854087758,-0.4170120199883644,-0.5507832581547071,-0.6577870481308933,-0.5034340835489586,-0.4321981219361307,-0.3307902564262992,-0.4076738801510193,-0.1320263439973011,-0.2785165833024997,-0.2853111234364173,-0.1727268845265579,0.006500934391016938,0.03864721960052645,-0.051358804934110394,-0.004815073230664566,0.13050567730785037,0.18006166769294996,0.1839158139981088,0.1616495677318265,0.09201396761688194,0.09715601338254135,0.21395186917792522,0.18127706099909557,0.17685492663855149,0.0,0.0,0.0,0.0,0.0,0.0
-0.11743677235361585,-0.15827359822443865,-0.09876371633768077,-0.16702288728054393,-0.09921882053427264,-0.1285699659907636,-0.13172261491364456,-0.09598128133221417,-0.17209982907095356,-0.05071562414510702,-0.09398606342624662,-0.011083436886382237,-0.13785553946612986,-0.15669654181099354,-0.11550479504143281,-0.19518053952197967,-0.15783848318874263,-0.03414405774397913,-0.04479347923588712,-0.03226141842043245,-0.13889275885580724,-0.08007574081619213,-0.07989292283759944,-0.1797355988294691,-0.016695748560643122,-0.03530255290342524,-0.04990824232236398,-0.12961583351480221,-0.05881520517286602,-0.0042094408524616335,-0.09188151094133461,-0.05631875077318941,-0.13256862652392323,-0.17880201199767667,-0.07146839228003458,-0.11909154949008462,-0.003400006257643978,-0.03840495878034378,-0.1727132240352192,-0.19151054002680035,-0.18227845133855194,-0.06854732223759734,-0.1490239811513502,-0.02927580347454448,-0.03449014587523438,-0.01306992950495265,0.0,0.0,0.0,0.0,0.0,0.0
-0.11167730363825847,-0.38681768795132143,-0.3104097863715319,-0.5155387591418533,-0.7029146864093366,-0.7567302380276736,-0.46060502505639694,-0.9178323422939144,-0.4359266576558207,-0.756017030414859,-0.6075764462635757,-0.8830919444273224,-0.6545450035476736,-1.3351781740422546,-1.0129390249736008,-1.2444335440610226,-1.1760676323691044,-1.4507369305961453,-1.3748901137102791,-1.3125532691954558,-1.0580020273409745,-1.144870476285236,-1.3176311479376603,-1.4235437804154183,-1.3237018541792116,-1.2556798298378553,-0.8501532389483942,-1.2722069015560546,-1.0211947335390898,-0.7233966776906828,-1.0195821148939184,-0.15495660836581884,-0.7097022620680143,-0.3221316216366434,-0.15034781746072398,-0.2184010446399905,-0.11710408488533851,0.508558287430541,0.4294065272519191,0.38606664865762547,0.4098889040458006,0.538240056613266,0.8214551872201916,1.0264122768296655,0.9045976931779792,1.1892741210373645,0.0,0.0,0.0,0.0,0.0,0.0
-0.2489537004822713,-0.1344967526793442,-0.41940544454900036,-0.39519658308771444,-0.22046397901123704,-0.21057061845305808,-0.254515875070927,-0.8382362689472483,-0.4067957089998213,-0.6690630675588924,-0.5589932787130291,-1.0461589655868457,-1.2265578669462476,-1.2997394924545513,-1.0514911001211549,-0.8776794124561024,-1.2612705542463916,-1.4365749820220755,-1.5422431785720923,-1.2959139198276517,-1.5226792842834185,-1.1355282716374175,-1.4546063897952415,-0.9651303112599244,-0.75887046525799,-1.3963251479303456,-1.0428775849239764,-0.9891511020083602,-0.6720555995778318,-1.102196281451013,-0.614462539445402,-0.7982196806729375,-0.036310665145235566,-0.32160071237658683,-0.1416521950148098,-0.2435922380905156,-0.3176666568838848,0.3436039622325167,0.006844904541466855,0.37182210565725476,0.806460548958452,0.20201964327420757,1.0912305385525796,0.9182509725694598,1.0656945563002842,0.8436542306359452,1.0277034376655834,1.0790035836300365,1.2975412364428516,0.8786412917600358,1.3812088440472863,0.9143648901718802
0.15056558253232305,0.2152696083259852,0.09897721332157773,-0.0904999130130777,-0.19776347897861365,-0.17822955761503853,-0.25477373674733017,-0.6411037939147426,-0.3479080341774367,-1.0572712277340002,-0.5071929931757512,-0.6448350029586656,-0.8955781183021334,-0.7504533855737239,-0.75410906804725,-0.8963365578596749,-1.3026568456207028,-1.136664890376163,-0.8359166960957217,-0.9789493288296031,-0.8252236028181786,-1.2220613621180123,-1.3054306908787823,-1.2068412902351815,-1.3823853747768549,-1.4334390286619405,-0.9150026590170611,-0.9340841926012181,-0.8398739256651423,-0.3696143397095606,-0.620205409815438,-0.24208552250298054,-0.7707743605377341,-0.40123896853761276,-0.2079490888533475,0.08582590146841479,-0.36935023000908734,0.15106268256389144,0.15202586571626606,0.20947147746444358,0.4699586198311263,0.8563009602101048,0.3054119006685853,0.6079026478356053,0.4484642361401398,1.2478797424683035,0.7898655468462222,1.2666442905109323,1.2731969909512417,1.3736218428357259,1.300524312914998,1.1124561506653041
0.3143156884221373,-0.33167876090069476,-0.05400152297437107,0.0721690508528632,-0.3249313078017961,-0.6017372363276906,-0.8204741142456974,-0.804856851696923,-0.9727472286451379,-0.8390646039252413,-1.1935319057180307,-1.227489589657193,-0.6114056686721788,-1.1252212289645263,-1.3646050620650219,-0.7850259450546411,-1.4687453602558622,-1.4306925053541086,-0.9272421534499856,-1.058443915997695,-1.008957584590893,-1.3613646978351712,-1.3412915655125912,-1.191680575374422,-1.1786351824927355,-1.0628183839742373,-0.8850340955404558,-0.8256808131726971,-1.0794250173610214,-0.6230642474365478,-0.8864325027656116,-0.4372334064261673,-0.8116836113631758,-0.11606403059291948,0.16021122165463575,-0.32613026905790415,0.05282157519792392,-0.16778276306727416,0.43282110040698946,-0.044992084365047494,0.03212042103074356,0.8332671675616438,0.3267015645129634,1.0062347110552243,0.6779480993843936,1.0739372705730579,1.166161434097742,1.4446831976775052,1.205650986762245,1.3364360930302726,1.2219462227585165,1.1536633736465458
-0.08354364238648643,0.18614511682896592,-0.11303070937641498,-0.606211220085923,-0.6372268388889348,-0.42623775709258815,-0.20882098972241986,-0.4162680785915411,-0.7251902824662168,-1.0662650152625026,-0.5763811486612551,-1.0101855090075358,-1.2611009687744423,-1.087997436778964,-0.8759285740564116,-1.4652237257357257,-1.440593959154204,-1.4726901628185962,-1.2897843458372849,-1.4630346190503631,-1.1928467324374508,-0.981458885422894,-1.0497460318076046,-1.1934651714653814,-0.9406925077105145,-1.3798084193440687,-0.9102730084433392,-0.6216984738635073,-0.9951204550828138,-0.823063481695873,-0.4662165472556353,-0.47074729897451156,-0.02540629158847625,-0.2937946493608971,0.14624234756072357,-0.24222752119673327,0.14475407633640341,-0.11690681725756914,0.2170773491524577,0.5312386105212804,0.23185471413749412,0.8639220191599036,0.34991123387725576,0.4411656557525874,1.0578260121882908,0.8818135331807617,0.7485769690128021,0.9309773467460831,1.0287134419599033,0.8852260704541391,1.1053000618912618,0.9740924353052054
0.17120704860225552,-0.05023790648651669,0.01945152874314636,-0.08924806083545349,-0.5293312159700199,-0.19509870607057725,-0.43637837563280857,-0.6876954820468577,-0.3395453406163807,-1.125005329951058,-0.5083285972090544,-0.633068014420908,-1.0316050363356173,-1.2444414112121274,-1.286243337477522,-1.181954778308729,-0.972594798651014,-1.3338351863104423,-1.4586640030836422,-1.1198530733777852,-1.4869645206610662,-1.1194927459653221,-1.464967954536531,-1.1265078741106942,-1.1951570041759516,-1.1304951518032471,-0.7007087779711544,-1.03824205660743,-0.8112161983840261,-0.42399888693028887,-0.9976324352106063,-0.8178482227489673,-0.7373279269699011,-0.12948867393498623,-0.3319949110032371,-0.22562071329167968,-0.44132648132948227,0.01628435556231061,0.604613208787294,-0.060578830342463724,0.33797676048968994,0.7747740176056483,0.5793342974719633,0.634415885707818,0.8074794584026154,0.9915071028717491,0.610499805253852,0.900202045553927,0.8831763323742289,0.8937879275012913,1.241141727184686,1.4586569031368521
-0.00569075678237369,-0.007832085774148258,-0.2606775540033284,0.06667774667536809,-0.012784340543061034,-0.2841679113028482,-0.7354869571748961,-0.6496661034539464,-0.5414835706887363,-1.1012180422600872,-0.5334685720401084,-1.0257676294140068,-0.9463552554344102,-0.934361152390454,-1.3903892257025492,-0.763077404718294,-1.1768011006990449,-0.8438314286804475,-1.0796146194682636,-1.583672936581747,-1.297882913456718,-1.3710092070942361,-1.308655322334803,-1.09732902202823,-1.28459408865119,-1.1978609200455665,-0.7391297937835939,-0.6624745032577247,-1.0028252587437099,-0.5378799484754215,-0.7339119241655522,-0.4747040348834418,-0.5799445728948296,-0.564357533435401,-0.5402857273016397,-0.2712776924718238,0.36171620277417804,0.2718378878142895,-0.026288557357931723,-0.022148053401378487,0.45907903950432816,0.966968750852247,0.5795244208933482,1.0045560517713605,0.623279081345701,1.2498006594304802,1.3546125884908211,1.3971333594198068,1.3231857213475646,0.8365761479849819,1.4939451974904014,1.2233967009351165
-0.11105975718583294,-0.1342363389664153,-0.1835045252594061,-0.14519971139831725,-0.11634259982849988,-0.030014505845809412,-0.08959197205920612,-0.16003972163255412,-0.14450345137752632,-0.1258864278039051,-0.1183661649926355,-0.03564891596377194,-0.036349288634601414,-0.1952929738699402,-0.15027654964029874,-0.15863100437756839,-0.060100140973679904,-0.1185174224012313,-0.032475807689715204,-0.05418066965822797,-0.18489979834156062,-0.15634024097776894,-0.025051694547027433,-0.1500603441359484,-0.04242150552330535,-0.030213113250592043,-0.1485043423446765,-0.03284092309565706,-0.18001181583460035,-0.03990601856834388,-0.17118600439097184,-0.12483026560936007,-0.07455219935603637,-0.06587912040099682,-0.20025562768759872,-0.07223299786781903,-0.0769496256469352,-0.09345244261344658,-0.102744567580452,-0.09561708088452717,-0.057674823992138746,-0.12975807048958712,-0.07652220679661745,-0.1093617395804839,-0.1406881648470244,-0.13900291284338348,-0.08364529788008036,-0.046651956507937346,-0.1058669938786575,-0.1800688456469426,-0.1985735731546084,-0.14434389214179677
0.0,0.0,0.0,0.0,0.0,0.0,0.0,0.0,0.0,0.0,0.0,0.0,0.0,0.0,0.0,0.0,0.0,0.0,0.0,0.0,0.0,0.0,0.0,0.0,0.0,0.0,0.0,0.0,0.0,0.0,0.0,0.0,0.0,0.0,0.0,0.0,0.0,0.0,0.0,0.0,0.0,0.0,0.0,0.0,0.0,0.0,0.0,0.0,0.0,0.0,0.0,0.0
0.0,0.0,0.0,0.0,0.0,0.0,0.0,0.0,0.0,0.0,0.0,0.0,0.0,0.0,0.0,0.0,0.0,0.0,0.0,0.0,0.0,0.0,0.0,0.0,0.0,0.0,0.0,0.0,0.0,0.0,0.0,0.0,0.0,0.0,0.0,0.0,0.0,0.0,0.0,0.0,0.0,0.0,0.0,0.0,0.0,0.0,0.0,0.0,0.0,0.0,0.0,0.0
0.0,0.0,0.0,0.0,0.0,0.0,0.0,0.0,0.0,0.0,0.0,0.0,0.0,0.0,0.0,0.0,0.0,0.0,0.0,0.0,0.0,0.0,0.0,0.0,0.0,0.0,0.0,0.0,0.0,0.0,0.0,0.0,0.0,0.0,0.0,0.0,0.0,0.0,0.0,0.0,0.0,0.0,0.0,0.0,0.0,0.0,0.0,0.0,0.0,0.0,0.0,0.0
0.0,0.0,0.0,0.0,0.0,0.0,0.0,0.0,0.0,0.0,0.0,0.0,0.0,0.0,0.0,0.0,0.0,0.0,0.0,0.0,0.0,0.0,0.0,0.0,0.0,0.0,0.0,0.0,0.0,0.0,0.0,0.0,0.0,0.0,0.0,0.0,0.0,0.0,0.0,0.0,0.0,0.0,0.0,0.0,0.0,0.0,0.0,0.0,0.0,0.0,0.0,0.0
0.0,0.0,0.0,0.0,0.0,0.0,0.0,0.0,0.0,0.0,0.0,0.0,0.0,0.0,0.0,0.0,0.0,0.0,0.0,0.0,0.0,0.0,0.0,0.0,0.0,0.0,0.0,0.0,0.0,0.0,0.0,0.0,0.0,0.0,0.0,0.0,0.0,0.0,0.0,0.0,0.0,0.0,0.0,0.0,0.0,0.0,0.0,0.0,0.0,0.0,0.0,0.0
0.0,0.0,0.0,0.0,0.0,0.0,0.0,0.0,0.0,0.0,0.0,0.0,0.0,0.0,0.0,0.0,0.0,0.0,0.0,0.0,0.0,0.0,0.0,0.0,0.0,0.0,0.0,0.0,0.0,0.0,0.0,0.0,0.0,0.0,0.0,0.0,0.0,0.0,0.0,0.0,0.0,0.0,0.0,0.0,0.0,0.0,0.0,0.0,0.0,0.0,0.0,0.0
0.0,0.0,0.0,0.0,0.0,0.0,0.0,0.0,0.0,0.0,0.0,0.0,0.0,0.0,0.0,0.0,0.0,0.0,0.0,0.0,0.0,0.0,0.0,0.0,0.0,0.0,0.0,0.0,0.0,0.0,0.0,0.0,0.0,0.0,0.0,0.0,0.0,0.0,0.0,0.0,0.0,0.0,0.0,0.0,0.0,0.0,0.0,0.0,0.0,0.0,0.0,0.0
0.0,0.0,0.0,0.0,0.0,0.0,0.0,0.0,0.0,0.0,0.0,0.0,0.0,0.0,0.0,0.0,0.0,0.0,0.0,0.0,0.0,0.0,0.0,0.0,0.0,0.0,0.0,0.0,0.0,0.0,0.0,0.0,0.0,0.0,0.0,0.0,0.0,0.0,0.0,0.0,0.0,0.0,0.0,0.0,0.0,0.0,0.0,0.0,0.0,0.0,0.0,0.0
