gfs-wave-data.json
{"header": {"parameterCategory":2,"parameterNumber":2,"dx":2.5,"dy":2.5,"nx":144,"ny":73,"la1":90.0,"la2":-90.0,"lo1":0.0,"lo2":357.5}, "data":
[rows 19 to 37 of 73, columns 42 to 83 of 144]
0.017187068360917344,0.012418972244580466,-0.01525231027119747,-0.023769795761169835,0.03228215766271062,-0.04660317820679609,0.03270929983706654,-0.028812161755760755,0.016763232394233846,-0.014697859565227917,0.018763655085554644,0.04736834998765439,-0.02275754190160636,0.0006631148197459829,-0.011675434948350395,-0.0021065021644506203,0.010768616223655368,-0.02996001055065833,0.0385222153974556,0.027919333669762507,0.0015605363275675384,0.0289820627299814,0.020477772180085188,0.031449445830403024,-0.006179588611846713,-0.03566147131139561,0.030407384589144538,-0.0004420082724043571,-0.027805123281360523,-0.04224051372002692,0.04575249787967136,-0.03655163260648761,-0.010818760506407352,-0.007254992681209551,0.014545947649852361,-0.016305062896371066,-0.003981673594984974,-0.012316754646968235,0.024389721184869307,0.02222127533680927,0.04818031474022388,-0.007332687939565629
0.011878178704694913,-0.005170784370366503,-0.03567390680555412,0.018028128668795416,-0.014752721384010885,-0.03707206880808663,0.004093963738000823,-0.028452256385580278,0.0070871175121630945,-0.025345537636519817,0.008818785327337987,0.0477097392792794,0.019241602613883167,-0.018796350957695072,-0.036896733714825394,0.029960974539130946,0.0045925435222379215,-0.012692192296657774,-0.018474516680112886,-0.02089382636581812,-0.04347732684512855,-0.022841579972634245,0.03434419793632294,-0.053559564109610595,-0.03914419550527044,-0.0018805776448571625,-0.006933054679076008,-0.0322075528661374,-0.039903039597371466,0.002902043574745009,0.02772629785081906,0.018217414482965853,0.019522872323853864,0.0204268754951441,-0.03577339742327009,0.030175138717131757,-0.021397175137575556,0.022053440189204025,0.007863021260297112,-0.01072159450587742,0.009340280884842104,-0.022496022116001043
0.7851556658362592,0.9791762469253079,0.8287565437529161,0.8178192203588529,0.7687903971677315,0.7902717000284452,0.7316808666857001,0.7248833837028448,0.7411770691657781,0.8163003527444403,0.8813628582815706,0.7310890518424592,0.6857394887948116,0.8125272045391129,0.7570671463879792,0.7914393381060775,0.9152277693215054,0.7630478906244076,0.8389615151918555,0.9597680452008848,1.0462737734894878,0.9356140987515652,1.0318299174104435,1.1841106727522275,1.0291127125351958,1.018637140926961,1.1141900885428224,1.1295451367844669,1.2961914311284577,1.2049731433910673,1.2062246658129168,1.1801182310999194,1.1396619151827845,1.2061214735009966,1.0586086968118278,1.1265478087900889,1.0596343538083348,1.0755378767405985,0.9227764101459445,0.9374672892009395,0.9436808058430967,0.844261748468454
0.9998656261512233,0.7872409783691302,0.9452418671730829,0.7457725029520419,0.792971017880472,0.9227504528758982,0.8150869064722667,0.8238497881585958,0.8163718987772348,0.7198128741748723,0.8158995873901894,0.7955523342920687,0.7396115656932584,0.7815901954394504,0.8319299642162366,0.8364951275264686,0.8732595370305715,0.9231817036316701,0.8784526626314609,0.9665217083637938,1.0423087047714734,0.9402737463000801,0.9751818636053143,1.146256326246383,1.1163538524896597,1.1483682014631524,1.0747076819233368,1.2704227344188752,1.30770248286435,1.331077675045463,1.3539067473647133,1.2338590552339381,1.2607412000949327,1.1810553701074493,1.1663189497716246,1.1581030378303496,1.07951843346421,1.0249047723131772,1.077362871265667,0.9320289185531653,0.9636015891920368,0.9322446342805616
1.0214527666948028,0.8710689676045618,0.839052411636683,0.8797308091986035,0.8968056686848551,0.7832595403977908,0.8717529514387474,0.7793621297642442,0.7781235318658892,0.8486246719256251,0.7539799243503004,0.8121923868019119,0.7849841327136632,0.7319299183510958,0.8679907078967775,0.7982886876141599,0.8999293319738019,0.9071828604178703,0.8438966108049173,0.8554335081308372,1.0862405845746317,0.947128323148174,1.0567133776536624,1.0277199480177566,1.077542190470114,1.0392954466072521,1.2415394331950595,1.1251965081871862,1.1669302450799144,1.2301491886154035,1.31790273005765,1.2443673515943365,1.2991152006740303,1.3000848818755133,1.1570227665762551,1.228409608426912,1.1468802647024345,1.1446863186878051,1.0944369521774857,1.088715849309668,0.8866693346086104,1.0339239004496925
0.007093851459564845,-0.02097792429898966,0.011628998652495625,0.022212785283361815,-0.040686885336867144,0.01728027831527773,0.020546242993413216,-0.0068359153212631365,-0.009190730465674153,0.037463260319861476,-0.043098111528486506,0.007014590227244454,0.05245084867701601,-0.03984834388334236,0.027089871051327888,0.0055902300966315654,-0.006672815683796921,-0.045363072121027026,-0.04378445988560434,0.03254289081080934,-0.051548040087016425,-0.011042669292774598,0.013774106697967088,-0.005374004568211575,-0.04571973120775818,0.03136079395299241,-0.01823499942715794,0.002098842269035916,-0.034256955005211684,0.04088700060870391,-0.041084284748226986,0.03432625755685424,-0.0509137421758306,0.024944798430177086,0.02408816521013046,0.026436487774919894,-0.024396174504653787,0.01417707143255908,-0.04835417071865269,0.034589645670723715,0.012747014207959755,0.038495933238476485
-1.1214968823249905,-1.076332060128738,-1.0973099633177352,-1.0935828916233137,-1.0755854052533016,-1.1376872517326704,-1.1235132561137036,-1.1531629158713381,-0.9626515867045745,-0.9325113076614575,-0.9733620044531458,-0.9869196858667589,-0.9763070307112398,-1.0411221389791165,-0.9401698041937606,-0.8511381284741503,-0.8510415990906153,-0.8426692979336348,-0.8002627955975058,-0.9052282305360948,-0.7902641537480186,-0.828575994290074,-0.7135208053818961,-0.8156907829479892,-0.8558712512071418,-0.7016592244111759,-0.7278152703530508,-0.7425085227778035,-0.7695682580554353,-0.6375881405405651,-0.6791633862848531,-1.1204281449080111,-1.1865683684008863,-1.075551459613387,-1.274523684009214,-0.9076619566684522,-1.0005820358802349,-0.9616015396330857,-0.9995079854579941,-1.0021532429199946,-0.9281025761882484,-0.9656771671346565
-1.2245097117089718,-1.15836367658186,-1.1707492652951623,-1.0909736496480757,-1.0101912204178374,-0.9957976502986539,-1.0699148226269064,-0.9644454057866544,-1.024720302957389,-0.9919032893310816,-0.9641764572670778,-0.9142700704921582,-0.909954835668927,-0.9949997243813993,-0.8742770325676417,-0.8762783155286714,-0.8975568385653742,-0.7380188411553106,-0.9860720840199692,-0.8555874736433142,-0.7832001115864786,-0.8590959766081088,-0.7592778658606729,-0.8255657024828648,-0.8014582013881325,-0.7282818529983482,-0.6466556579362899,-0.7321875160808053,-0.7696556542947687,-0.773408762569257,-0.8629969612595924,-1.2922935926749217,-1.3072206066505483,-1.2352845601712117,-1.165586837128148,-1.072163886353037,-1.1769292065068282,-1.152276040467129,-1.0281050261878717,-0.9298230415341308,-1.1579951026489301,-1.0699749254255748
-1.0995975675427128,-1.214416813114925,-1.0374139668830267,-1.0742752082850147,-1.1732990934768521,-1.1386310474308448,-1.0566262192522047,-1.087919946415341,-1.008744886162574,-1.0622411395196811,-0.9088129674663019,-1.0004423521522,-0.9923029899228085,-0.8512815676808342,-0.9805117197686721,-1.0256158567521563,-0.9043491585379341,-0.8873721841097421,-0.9839217774312286,-0.8190325454902724,-0.8249964527735683,-0.7892197862863836,-0.8167512995135637,-0.6762550955422204,-0.8420134225218244,-0.8835852387622183,-0.7101368807956046,-0.6853411727384758,-0.8649487469858442,-0.7381725120621477,-0.7147198206659989,-1.2034771005710565,-1.2163814170911456,-1.2812933913818187,-1.0628248614616362,-0.9640295402551061,-1.0402447992670114,-0.9888089867451063,-1.0975737217736206,-1.119660272649283,-1.062161309653534,-1.1139612985682772
-1.2596864640980605,-1.232618979529177,-1.100226187619752,-1.1798257573122242,-1.1555033047978784,-1.0844798383987895,-1.054585631721495,-1.1318581799939769,-1.150882832273707,-1.0422267917196268,-1.0807412094496185,-1.0787369310903498,-1.0170273528547924,-0.9810994947255385,-0.9000661976462317,-1.027576317792555,-0.9582633591656166,-0.8611416582324612,-0.8578494787633396,-0.9325754218016347,-0.8448292519831735,-0.8286006640441725,-0.6841990439704723,-0.7752047636839384,-0.7950513276755058,-0.699954038110284,-0.9124959654534384,-0.8618729527796841,-0.770486240160871,-0.812680863598419,-0.7234125327964503,-1.132491372871443,-1.1645565143243464,-0.9816929633611308,-1.1121622081819749,-1.161911504605114,-1.0232164116033091,-1.1110239297232258,-1.115390538125626,-0.8615615322842699,-1.1244123372492405,-1.0041960044516263
-1.194274303613362,-1.2215245792618736,-1.2268940752075046,-1.0962153727451258,-1.1206253345304218,-1.1147093732286264,-1.0594283024840838,-1.1030725345908066,-1.1218406877251696,-0.9718112353136114,-0.9477346437400674,-1.028365460351626,-1.0158037411349985,-0.9063820284353161,-1.001885573207294,-0.9183706014277325,-0.8223740933372186,-0.8160300555814287,-0.7670481383867435,-0.8640637262485469,-0.8185315873468598,-0.7628789198725564,-0.71787372494136,-0.7502679566671484,-0.778763170723283,-0.7810403777968158,-0.8332212863836911,-0.8109560708986463,-0.7501412858307336,-0.7386720909647327,-0.7934839192526237,-1.2097063102972783,-1.1180564833603064,-1.1283941870636849,-1.1013649494947686,-1.3051613079663855,-1.1201506583949108,-1.250716368494412,-1.0911409194722685,-1.0419084183115024,-0.927461541615245,-0.8853666366219333
0.036662450803074995,0.04213573069712921,-0.018304983391801626,-0.04288098745832698,-0.03987205591532349,-0.023022698689073137,0.032256821973751494,0.008488431837625678,0.001378914856801705,0.04682350068765254,-0.029435727974421053,0.012496401949194609,0.04295417975774634,0.07273185690357271,-0.0011801533697168153,0.03446718236262265,-0.04823353097019985,-0.04501994442798286,-0.011564842325465539,0.04565346779373508,0.06879362802977367,0.034645625679755016,-0.03392802450831552,0.06251016965279405,0.04947535784817474,-0.03498068484872412,-0.033855259517031784,0.01640441393721389,0.037000738871409575,0.05137426646668407,-0.018941430308735484,-0.027481954576679415,0.041091518581857334,-0.04054717747865667,-0.056702032723519626,0.05947824996316184,-0.017305427792494686,-0.045698697842345544,0.026280288475325906,-0.04579438703125232,-0.032200307303456445,0.07383020454565785
-0.44920737712924697,-0.40226655469810046,-0.6539825422933813,-0.6533428811728366,-0.47481978762328353,-0.6052119428772123,-0.5327489370544339,-0.5152233918613791,-0.41887565846467184,-0.4440631749431528,-0.47955582419408566,-0.46165908630894187,-0.3413972661817179,-0.40109272251847283,-0.21757293598059985,-0.2328849228309757,-0.28015191938949213,-0.26071172955778926,-0.2710141019081905,-0.3013785707942623,-0.34934000341567123,-0.4537444126018544,-0.37243122595300937,-0.42287931647045524,-0.5111777506620664,-0.5818300092199318,-0.6763818214556953,-0.6994157682312407,-0.821022220410552,-0.8190389008460792,-0.8697989424841502,-0.8925093004762554,-0.9689268065214917,-0.833359980273522,-0.9522630134227723,-0.7694808251563562,-0.717824794392025,-0.7687079376057356,-0.6429416534477346,-0.6638678976263035,-0.5426215815111584,-0.4565019453035071
-0.40285146017424023,-0.5273567418599168,-0.5015686832921924,-0.4751163825149571,-0.5512744631090981,-0.5274695540741949,-0.5042239582267309,-0.6195941993635301,-0.4480881145010271,-0.5137662068171568,-0.41400208915909353,-0.3526103824605438,-0.31891403325157314,-0.36328243638848035,-0.2205477860241474,-0.25852863505166157,-0.23822474455181228,-0.35739232648202574,-0.18966623285609605,-0.25634821525892576,-0.37785997001038085,-0.4045924450204268,-0.4052916199323465,-0.4573149330592358,-0.4743135995752276,-0.5609977741283477,-0.6650868837322584,-0.7134922144248923,-0.6994147840872474,-0.7971169626250653,-0.878724012981205,-0.842399082565637,-0.9624036817462547,-0.9060163611622976,-0.8419942145811818,-0.8978416438634008,-0.7716352523571665,-0.8632365750543277,-0.8667500437598511,-0.6250130858672469,-0.638460981053034,-0.8153096133841152
-0.4141521937510279,-0.5544824788111063,-0.5183930066670759,-0.5863546237840371,-0.5725773538201153,-0.6577157942634594,-0.4558523907721953,-0.5612437247819035,-0.5383090557618841,-0.4051835050893394,-0.43085102358648214,-0.3680476625268732,-0.30807182007578726,-0.3810301078763072,-0.22303238060678096,-0.2285877055819044,-0.25718626935596806,-0.2530287659797366,-0.2921043280208136,-0.20517459117467549,-0.3733981926862726,-0.30225080018634937,-0.3970337170322663,-0.4313452983754182,-0.45400741809844514,-0.5292170151348986,-0.6741124605321381,-0.7494450289491688,-0.8653238884660831,-0.9449623823772287,-0.9671502149694324,-0.9270078065336801,-0.7986371991656777,-0.8918162697862945,-0.9197488092583196,-0.8263306048463642,-0.6607075067073449,-0.8459186929722617,-0.7570316371984209,-0.7607979123379295,-0.5907157855304994,-0.6462364695816313
-0.4856834775528692,-0.46690491218617125,-0.6528621793693812,-0.5513750777255633,-0.4952010511657847,-0.6331765684560074,-0.602371791022288,-0.47736453040071325,-0.4156921770348462,-0.4376725536997123,-0.34133634186060474,-0.3877391519360807,-0.34642116134011475,-0.31964958185632236,-0.4061511130633619,-0.20465922784004784,-0.2849225855872274,-0.2532572672596099,-0.2634839609146365,-0.23506229800709716,-0.19513555070146085,-0.38184775955624134,-0.3709047706763258,-0.4412756671209327,-0.46735923788764316,-0.6125984418343239,-0.614917628297631,-0.711559870400529,-0.9181582526138294,-0.8172156785508562,-0.853047001422047,-0.9605219382015788,-0.9293064458048825,-0.8755601557950408,-1.0078994744341214,-0.9850897719397897,-0.7746509943958123,-0.7652761991130085,-0.6422179858908611,-0.6951845578688337,-0.8153809389476591,-0.6450736749955537
-0.6232049545635262,-0.43456950025312374,-0.5709126694731036,-0.5664636501427844,-0.675893813686067,-0.47023407639761006,-0.6079655079787741,-0.5702328806306084,-0.5570856563795284,-0.4559333054359246,-0.3950614579322922,-0.3785053699486927,-0.3531056379300298,-0.30749875876989297,-0.2724158346431074,-0.32819215157822346,-0.3776465305317864,-0.35902774775632124,-0.2185421430826542,-0.23520520719470592,-0.24529510471682497,-0.3668380205379191,-0.3297744736113211,-0.5196088163383112,-0.6195323373070408,-0.5497613231274505,-0.6441582962479298,-0.7141502126099321,-0.8494479891367978,-0.7952359428551706,-0.9587001967814358,-0.8527286747003403,-0.8477465556585749,-0.8203794950274201,-0.7967701313859531,-0.8578207725871578,-0.7396891453042066,-0.5785145091468014,-0.6254078517339298,-0.5130286956437977,-0.8048404389083907,-0.5354765245040903
-0.6180325930933424,-0.5169155508920223,-0.5387942009596539,-0.5206049679991818,-0.5662691439671601,-0.525565670003589,-0.5484529452244006,-0.4738479579528846,-0.548952315605605,-0.39032191705322017,-0.5403346307487117,-0.4097017303435022,-0.3438822995803458,-0.38969720011983844,-0.25610363921095225,-0.25683261405045943,-0.2838732316130114,-0.22441089093776515,-0.2289545393576485,-0.2939296201347478,-0.3302504293671107,-0.33953828267252406,-0.4470767821480714,-0.4742535099426122,-0.5133189525362227,-0.5685836587710129,-0.6434771828978555,-0.6236849445234828,-0.688774648942422,-0.9315262824883741,-0.966167111003435,-0.8720896898829165,-0.827451585308868,-0.8217549798640814,-1.0103828044278607,-0.8764309296268387,-0.8312398153109054,-0.8590738903195182,-0.7287343237736478,-0.7439913004425401,-0.4921493425633206,-0.5464250223719297
-0.4396231980947321,-0.5229714037589455,-0.5429027068991854,-0.512853297869645,-0.5431907251072541,-0.5720688545835123,-0.5113639127502658,-0.4705743053206761,-0.5110484769971454,-0.4238616353714991,-0.44176631567642977,-0.3910433906098389,-0.41243078657910737,-0.28480487037686847,-0.24144776403044552,-0.23841286102111184,-0.2118614070832197,-0.2931564625644328,-0.27798291039773826,-0.329532752081651,-0.25669610522556024,-0.2775753823789057,-0.41197596330919667,-0.5496816595143161,-0.4854515424879472,-0.6593057103780265,-0.6342706269832366,-0.756205447075621,-0.8704910146744251,-0.7568748861358633,-0.8025726226343218,-0.8288197880552467,-1.0268301023150481,-1.0163949963044392,-0.8668985426018474,-0.8891874718147588,-0.7273068557291781,-0.7407847770057095,-0.6294607307065617,-0.8504704492265773,-0.8313532912116864,-0.49739682348960623
