gfs-wave-data.json
{"header": {"parameterCategory":2,"parameterNumber":3,"dx":2.5,"dy":2.5,"nx":144,"ny":73,"la1":90.0,"la2":-90.0,"lo1":0.0,"lo2":357.5}, "data":
[rows 38 to 56 of 73, columns 42 to 83 of 144]
-0.4465362929114342,-0.2965273354480232,-0.32768908206289915,-0.2540973782286001,-0.11040219410389748,-0.023348359479743893,0.06915614739823904,0.022141282927807125,0.07841244650446114,0.14335076422088694,0.16519735166638694,0.19024518327478918,0.329652583617397,0.3486391447712683,0.28579713395086426,0.31581462674155153,0.3074251970024687,0.2700032437668652,0.3206677540454491,0.28073294675711824,0.39527476056455607,0.3320165676595566,0.3685915412275699,0.3079910166789229,0.5104915532107521,0.26891371294155086,0.3437544116094997,0.20616374337301413,0.1895850525066463,0.1337472454013001,-0.07439537409237502,-0.02370677110026438,-0.17629592092672616,-0.3058092970429632,-0.521284854897445,-0.6817623532742134,-0.5310090604450421,-0.5675212430577574,-0.7460448817833621,-0.9836943470528957,-0.8238268381997352,-1.0737954366942821
-0.461602939086511,-0.38433269948983784,-0.3510546964215024,-0.10464813946094463,-0.08122085650062771,-0.0909885513636016,0.004240248547168916,0.036584130130881964,0.1718291638584631,0.1258205170797084,0.14331918186761944,0.20204291790039186,0.260374988130993,0.29092753572317204,0.21987200200840815,0.30356280187813767,0.39746777427523305,0.41051934826298514,0.3700899005613073,0.3918887603978647,0.41127393301923354,0.35399675784829254,0.40073160540903324,0.42581474936767283,0.3844198384002718,0.3499254761866677,0.23463182422312812,0.39252073400830045,0.26303500121181256,0.16889405750373007,0.0033462248223392614,-0.20347129745180934,-0.1177185402942584,-0.26643157773677256,-0.6097864957998147,-0.5548213145295746,-0.6259724436731368,-0.7174164436806478,-0.7869499483534556,-0.810658196767068,-0.9797672113780476,-0.9334171179551876
-0.48584178354739604,-0.3107629357712221,-0.21978659613488394,-0.196710144623873,-0.09946074673552936,-0.0819296439045189,0.01949261066244352,0.128408434959436,0.1234371358820566,0.18272826647839566,0.22109958971244367,0.3127796659365575,0.26747900342856806,0.21897649207672829,0.31515612690870237,0.3834732753991832,0.35309933121687564,0.38464272717537684,0.47497478590010717,0.3972716733112184,0.317735139975241,0.4580191534504453,0.5366689470667555,0.47874905701666076,0.3947314168207018,0.31786288697884535,0.4050446849986926,0.3489515931002657,0.1744260489571024,0.15847415464175393,-0.07396170466921932,-0.19268532695600424,-0.13397273071319868,-0.34773419130319405,-0.42220499148435553,-0.5377316808499844,-0.6775790881817962,-0.7363168033518969,-0.7677506323372596,-0.8799836495037897,-0.8636978602219846,-0.8416079265475602
-0.34108072632508407,-0.4588167420001405,-0.28874488745815735,-0.2660974141212362,-0.1516915476366041,-0.041493852608828194,0.03426260750787078,0.06034709156612181,0.04541026298115955,0.13375123069858716,0.22951853257516028,0.19404182085812482,0.24495458112214583,0.24807437268765192,0.2918663993629218,0.40853665281483786,0.32382958442052956,0.4125648844445905,0.3832344767879704,0.36091021678095186,0.3861850896908039,0.4863433963905496,0.33185884129053084,0.5252167623048809,0.5121641039189423,0.32865805007632043,0.40134839442928766,0.23957261062990437,0.24553365336130564,0.1864702170822432,0.10881635322439491,-0.08567902919017513,-0.31640524989458485,-0.2481357660268892,-0.6050907765356268,-0.7166059015780575,-0.61396847706811,-0.6591726781679081,-0.9001654817181658,-0.8301861501313783,-0.7873226769684808,-0.8231583904272886
-0.33372111434486895,-0.3397758056010698,-0.382533164936818,-0.3569094149494683,-0.26028828104058127,-0.27978685082934857,-0.32910027185264196,-0.2292877408208459,-0.32105782261688304,-0.3443348314593442,-0.39872804124877337,-0.3037693750180983,-0.25825200854979086,-0.36007296671900746,-0.2554058340827751,-0.2905473977573417,-0.28238120075572665,-0.3150174408043625,-0.250169160548585,-0.24172123482920801,-0.390078087244659,-0.3914868581820067,-0.24382967179022264,-0.3616140666042257,-0.409990473618166,-0.34644378766193995,-0.3877725238649367,-0.22814017792662877,-0.4126768267564837,-0.37878168091967385,-0.22854348411318495,-0.39573293038238244,-0.40589886827762706,-0.30256856124196974,-0.3187198172625251,-0.2305385088496589,-0.3545819728393915,-0.3845822548057544,-0.26822803954313523,-0.3386544322376162,-0.30455561884726245,-0.35928655594607417
0.8138111710248883,0.8481236011564685,0.9355717218225705,0.7449171518383618,0.9191935554231708,0.8465714207114017,0.8031413542395149,0.7593654067253275,0.7840008189473179,0.6503532896514487,0.5421847642264732,0.7089236504752202,0.5721065777799643,0.5966025744933582,0.7051926201104358,0.6724278034179114,0.6874584908528336,0.4769628555524096,0.6923627936411243,0.6043103519902833,0.5220350867721698,0.4914230257005331,0.42928372993959635,0.5343485273104466,0.5930795371691826,0.4552692975100108,0.482089456561781,0.47096852936074135,0.4638286718094882,0.30677866457907477,0.3564841067802049,0.6948071705939746,0.7635075892082379,0.6640240163827068,0.5051671367346817,0.4898603709036604,0.6923129050888304,0.4381462986259203,0.4036280852457933,0.5897216949140095,0.5267072198051679,0.5074675641302216
1.0472521844333862,0.8997637357781796,1.0654999130438545,0.9605903600144955,0.7403614119433805,0.9203417730840304,0.7715890163998086,0.7968320893861677,0.8152127273230685,0.786828580486424,0.6603061276095531,0.7145601612562227,0.8185551693895693,0.6375540044662265,0.660773750256365,0.7212836907693326,0.646164116641353,0.48704463784089774,0.5445153334195328,0.4634659120206136,0.7028947182670241,0.5373583458928779,0.557100046569821,0.38436471592108656,0.583567838906392,0.49073545293167126,0.48991362511780817,0.5614020293735585,0.5597244648952946,0.39494718620741726,0.30125409814428616,0.5581939556175848,0.8364826794650599,0.6673295693135939,0.7369071946256792,0.77078701230194,0.5601107095825321,0.6967714458243718,0.6862861204445245,0.29584076843514534,0.33541189427735457,0.6266976623395117
1.0304616194088423,0.9056002557561161,1.0262954167855345,0.950736447143789,0.7695560353021872,0.8901209329084289,0.7767021535471369,0.6848481558820118,0.794420806392492,0.7287526563161599,0.8151996223611949,0.6258278448149743,0.6327314082870806,0.5876045166196457,0.8002240483086315,0.5010338072966876,0.6631997948912463,0.5348743331922067,0.6332394421864664,0.6581303717841699,0.48286332256367165,0.6012395929876726,0.6102477023394404,0.43348550447321127,0.38167462916767997,0.40624986448078093,0.34814395853131214,0.5175747761193379,0.5508090107111359,0.48712761421393935,0.38437138023298306,0.4707481563679973,0.6558269163545523,0.49386687808777296,0.5774107706769965,0.6854971115424758,0.42505103977902886,0.7336039941974636,0.3806009724783928,0.410380629672751,0.5456430051536776,0.6376807634244244
0.9647095747481603,0.8701280857728316,0.8239305336619813,0.7746267834537646,0.981919885382612,0.8471860100439764,0.9394976688371772,0.7320633384594718,0.7988045864525375,0.7994746977620164,0.7308806268213276,0.5946930614903166,0.7706923859993701,0.5958675738219318,0.5242716344171101,0.5961730408350477,0.5554836101813235,0.6624669927037818,0.6606372156098866,0.6352815673405325,0.44616463133444056,0.6604815941858668,0.5325906725246506,0.42901803725864435,0.4623044759721117,0.4986320003464332,0.6230105347726529,0.4310776588514393,0.4955848464203154,0.5061992136624756,0.5134262649283089,0.5582034116006946,0.8067056696799223,0.547273138570014,0.6644507950258923,0.6452114606906922,0.5672883595209067,0.42348136152892396,0.3929884303487784,0.559882144349688,0.5023120171139536,0.2910674599938761
0.8469182319675119,0.9246902232860091,0.7714970581508577,0.9770110003181215,0.9051405333692624,0.8468391960730903,0.8435909949717809,0.61959980231808,0.7745114452814771,0.6397179026133317,0.7911997583247862,0.6986589683694678,0.838425431097214,0.6068528097240112,0.7887985300043653,0.6360180895222758,0.5437306300246679,0.5670809480052145,0.6847968744005138,0.5089297533537238,0.7239842633249692,0.7027320228860907,0.6047691352664727,0.4192988022514805,0.4207045838943065,0.6534020394025815,0.5101772751805191,0.42156862135746537,0.39426049784561873,0.3609034958120405,0.5666356767121341,0.6220314944098257,0.7066928532102611,0.40684375632322256,0.7834176614488799,0.7139715214523659,0.7042842032197631,0.3384855075118784,0.4312317634144006,0.41932086250827955,0.663424156356809,0.2885306402585636
-0.3943492052010444,-0.37856514511225137,-0.45152213765279675,-0.2947861669076001,-0.460358822144341,-0.4585769281177694,-0.41579805776732914,-0.37111289582638907,-0.3753123659955692,-0.39526893245394706,-0.4257031053484487,-0.3422409291498467,-0.3290759344202847,-0.41663906093302505,-0.4351164593812361,-0.32209755687082947,-0.2851615213416881,-0.3303890309763757,-0.3879476012940648,-0.3375438823308184,-0.4634101699052721,-0.3518551564588935,-0.3493722757589595,-0.3205461408617974,-0.33415149041411873,-0.3201415310627593,-0.3576947977499831,-0.43285073147322056,-0.3703256671637148,-0.3642597489362332,-0.28064338623133017,-0.36482894445559744,-0.41311179386787483,-0.46481721866834647,-0.44370390056399295,-0.4594624010082757,-0.3560314616592542,-0.40824475285902073,-0.34612508117922564,-0.4350415494591771,-0.4207447514334495,-0.34608805184361363
0.38756772382826504,0.1433678477733754,0.21695625339342392,0.4020372022669979,0.41777186210917516,0.532708597410905,0.5546406093428826,0.5497054314587527,0.4299815797799566,0.37875937504713064,0.4074060701973568,0.6646342711861828,0.6072565693021694,0.6172007539019836,0.5942804386972991,0.5618960451897812,0.40055809416490756,0.4085828364265568,0.5577079591383843,0.5027180666733805,0.5591798986603272,0.3460070447326253,0.25537799838888875,0.45793437124965264,0.4286543320322987,0.3910635045213663,0.24751489035393948,0.3141692904918063,-0.0872165919264021,-0.08059095336022518,0.07530781123280922,0.039531703807189754,-0.0653115029558479,-0.23094012771161257,-0.08071042434229055,-0.3533502862860751,-0.2244575308780904,-0.15507657196277608,-0.3943705014573472,-0.4172340912772889,-0.29943584996025174,-0.4911722895837898
0.24936983304618782,0.2570856274541583,0.46756434646555917,0.36666435892221455,0.27889719871366275,0.34132330710367953,0.3575259425909212,0.3930302993562308,0.3786198544750105,0.4379429369658652,0.44719906163276907,0.5788432100210529,0.40797818971633526,0.49800432440636483,0.5958063352401088,0.6410792181939822,0.4954512067658165,0.551475585294451,0.4908563024877927,0.3520943563633885,0.4484459422879411,0.4517606363706023,0.2699370544310344,0.27729412017890154,0.3532912538090528,0.27430626878088865,0.09424099023271913,0.17307543951299126,-0.03987529524611837,-0.13045390611406782,0.09149455180756128,-0.26806686670353713,-0.18681015483955063,-0.19183953483697014,-0.3269408912433353,-0.4233819939684807,-0.40794309636886333,-0.33424706268394666,-0.4708692857034563,-0.5379257766857576,-0.5325561686288223,-0.5774353401945153
0.36978685233772596,0.26309135197717815,0.34938562405909535,0.20770455204149108,0.47146413177380925,0.333433537643777,0.5286542984287254,0.5031783352812983,0.44688274020326985,0.4657518753543164,0.5645636402459676,0.551932921218303,0.6895080960000748,0.5925357277893989,0.4455406535765691,0.6601812144262394,0.6198713202412004,0.5421506735882171,0.34440542027727106,0.4853350638293212,0.3973794158536062,0.2373570739126808,0.30216164536262097,0.3571562822725914,0.25946635815006314,0.4974624220981738,0.3288308993120007,-0.043795927925478755,0.18800707184386523,0.07342769370426813,-0.20731380527589716,-0.10498655349651402,-0.17347038978847354,-0.11291141954571993,-0.24805266130049716,-0.06336297301035865,-0.21668177447448683,-0.37600483676514235,-0.5845818582885836,-0.343381704132888,-0.6137907379318868,-0.5361642292189623
-0.34429423512596935,-0.40828193964995846,-0.48076543225742696,-0.47270195502203566,-0.3300261326651405,-0.4822426562681861,-0.31317916936271345,-0.44722186547987897,-0.3008559659623345,-0.3449624340783837,-0.3494192864162982,-0.453406237884709,-0.37383896821328383,-0.41491428925353613,-0.4527438892353559,-0.36305273549090056,-0.46329901191413014,-0.3142451148884608,-0.47927972623076137,-0.4093607300817639,-0.39779882836426167,-0.2962871466645664,-0.44123455483791363,-0.37233192535309323,-0.3613066991910516,-0.4858538508774083,-0.4698766370826054,-0.38786950216906063,-0.4026114492372062,-0.29741528968857267,-0.4900780488952675,-0.411857958219978,-0.3408742995040812,-0.40099551729884586,-0.40462156583448633,-0.4875525154688452,-0.3893692844142778,-0.41556723419240654,-0.3096081069775572,-0.4723123137033172,-0.3143650631460095,-0.4891586919728974
0.5754826408698683,0.7252774266021024,1.0980207543261966,0.8601654304930857,1.1947645449715711,1.1746329992518358,1.591821000317767,1.009656820509509,1.1441088454799078,1.6400248096560583,1.6636842949739705,1.1951703933150137,0.9175982488378531,1.581484918187949,1.408167904742151,1.1673743243009804,1.051797880667108,1.587907567195786,1.4394617038265418,0.9490889126089279,0.9766774603032777,1.128963061431926,0.8228757984215876,0.5419343978896842,0.866115965115442,0.28070761919763,0.5012785521037839,0.3390387283936457,0.5093930018928363,-0.027857900723946435,-0.07854673428274506,-0.21418102431185806,0.09945036166433116,-0.2652256667437798,-0.03899408333134712,-0.6813544041694967,-0.34330486290863216,-0.4209002819458436,-0.7610499798395819,-0.6821567437139461,-0.568419402460838,-0.4508335630126642
0.2956422936496751,0.44321925666667333,0.706831561237427,0.923404381857731,1.3055723667351338,0.8397521216682227,0.8921388257182172,0.9826003666886498,1.591688463253959,1.260177292635389,1.1554902706702186,1.3433725548145452,1.3049952062171113,1.2029614897954501,1.4089556823016682,1.2392030930910967,0.8018765594672145,0.8440183285025668,1.2405641223299704,1.1854254394309987,1.3077174162951992,0.7968491824479581,0.505250208127719,0.7457182183131956,0.5241600642881818,0.34241907609007094,0.6922984796745937,0.4494983286336484,-0.05907752996791476,-0.19150190808777537,-0.1437484862435264,-0.2890836631492397,-0.42628115714548176,-0.5023015782448387,-0.10549028608384067,-0.4228576486994776,-0.3065903481627033,-0.3956236528913004,-0.6912485278428586,-0.5211972110230323,-0.5266208239040061,-0.8947955231769394
0.46785445689545935,0.6232666954986371,0.9147630783470727,0.6517595926932988,0.9120361538211051,1.135655464107969,1.226772950725892,1.704842811820118,1.0549261771571636,1.1141111916607296,1.0253327805135304,1.2357617916429644,1.557686297758088,1.5136484560626897,1.4322012387807566,1.0375759573706453,1.27418240574323,1.2187474437360997,0.9346862269627022,0.888848586603522,0.65910089450865,0.9911910326814732,0.744342598054609,0.7416965618668382,0.6683794368317538,0.19087988811340578,0.39158525276384554,-0.03560558086142426,0.2975265946121939,-0.177281964996603,0.3207163708898981,0.03222847134588767,-0.021025942731468912,-0.21264530413915467,-0.42440827732914516,-0.4275927365647864,-0.5750087674500338,-0.27714535909086474,-0.3992866539769203,-0.4385129067871982,-0.7312709702725209,-0.4979219979534072
0.6856866510518802,0.8769252069713648,1.2799379131279398,1.0050331299271695,0.9039072727672413,0.7862630500832924,1.4664621795196515,1.3852661284035486,1.1011454457328245,1.0731207198967558,1.1414971411808519,1.4685561064462145,1.2008518826817158,1.1689283700485162,1.287011962736803,1.532137465758312,1.0837937036063012,0.8821101431548991,1.0235088704723052,0.9634052905353738,0.7609863904031695,0.9107142266012949,0.8765921400510315,0.6128812851766737,0.5702456622537062,0.21156957774570573,0.30762109725864073,0.16378822778646138,0.16881899935432132,-0.06989018525418182,-0.25275321598837164,-0.39169310417047715,-0.2713425675819033,-0.3259654932274639,-0.6492867368925688,-0.1632975564450488,-0.6393811140145386,-0.3030675251008893,-0.8380882586714213,-0.7459130068824686,-0.47196479802065266,-0.6014823516638459
