gfs-wave-data.json
{"header": {"parameterCategory":2,"parameterNumber":2,"dx":2.5,"dy":2.5,"nx":144,"ny":73,"la1":90.0,"la2":-90.0,"lo1":0.0,"lo2":357.5}, "data":
[rows 18 to 35 of 73, columns 42 to 83 of 144]
-0.03689674918574677,0.03565601029544398,0.021533886099224624,0.028532854234835602,0.03616810953370478,-0.018437498139940736,-0.04813751376220009,0.017251651293734686,0.007059714302898142,-0.0002896397297027019,-0.023787327024488422,-0.008201360189865888,0.020353703370130854,-0.019346190915053657,-0.010770084717830817,0.023313367931085877,-0.03932894295856051,-0.00195932300684106,0.003623363091228735,-0.03336053742246859,-0.043876866252891146,-0.02545387594722382,-0.012141766632495707,0.0031443504916500954,0.01676082290505942,0.02484842125868279,-0.0180016032133087,-0.03029368639530658,0.0017030362946762873,-0.03401685286531618,0.011212992455839137,0.010707039198355547,0.04941204421038905,-0.026279617494607145,-0.011882107383637026,0.00966848316599252,0.022238646209240463,0.03706516401952672,-0.050816000893369066,-0.043608846625803034,-0.02650584918579805,0.030374955144879194
-0.03490040553361073,0.011230359760071364,-0.03800444830245106,0.0034393178783520217,-0.015475525341705269,0.038947832443638364,0.008198277057194479,0.011789278651150897,-0.02188994926824008,-0.021227666233202575,0.021688777723777246,0.020612430996367934,-0.023493717270007094,0.008127256100269636,0.007884176633411873,0.01355219857522202,-0.018626576082212073,-0.04978063537306786,-0.018664306776213432,-0.0029973131519846546,0.014581539357841325,-0.02180804901576388,-0.0447361398460768,-0.009253291556434352,0.0007384399241680843,0.0026739341298606355,0.02223158982680862,-0.009305533417436658,0.04281924972229668,-0.03047606735396515,0.012975848054489543,-0.03163932906602584,0.008446549792834494,0.014290371430463775,0.01518318037241285,-0.0005509182055527117,-0.027669807998181608,-0.029673097385847294,-0.022565554049283995,-0.021018622612996866,-0.016424567259212968,0.009949347169547663
-0.02717638128364239,0.0011130964932212822,0.013302237635958955,-0.012135156523943195,-0.01934054501665658,-0.023003065965555673,0.04212063519554558,-0.026977973115700462,0.006118396583114821,-0.0029282667022353117,0.02773129056862868,-0.040186439877555186,0.03378471737119081,0.019693564151616792,-0.009749619138145343,0.03797375063154931,-0.021183085190791057,-0.015279393623121902,-0.016168904988460023,0.017751530133693037,-0.019503833622214164,-0.05330754666935478,0.02125901264638832,-0.020759380247582972,-0.02288709084034607,-0.011532301394160862,0.025403928194344443,0.0013519434045690072,-0.02283797143591863,0.028701580215244292,0.03273904805485757,-0.0380745078601559,0.028006194988950312,0.019527917696716614,-0.0190804630573356,0.00046045986171262506,-0.004949597725343953,0.0267079863449352,0.0395288198362879,-0.024118100345304417,0.03430331784198042,0.006857804521572556
0.7520053399863476,0.853374234669348,0.7453217445756344,0.7729685616970525,0.7267669623381714,0.7144737319890302,0.6579777299570212,0.798799599369852,0.7242226489511179,0.6344298970444449,0.8123031816847427,0.7005826643773957,0.602211892448713,0.8144906388569437,0.7594085337397443,0.7442742540003574,0.7030303864524777,0.9063159342540636,0.9854577056969607,0.8337225165286587,0.8764104884529681,0.8270082885053806,0.9458395112806345,0.9887215310952195,0.9671993785391221,1.1004186529805855,1.1496399976947984,1.1550288303145393,1.1705897792346456,1.1278923975540898,1.1186906738605644,1.1426853886211645,1.158909548247406,1.1280330130242966,1.07958007342101,1.1366734509104328,0.9450329521538119,1.0409744634511888,0.9430210517207107,0.8310474461283072,0.9397606793244073,0.8418735043469088
0.778953528436251,0.7975535317694589,0.7246150391128434,0.754980084165738,0.6380492385976931,0.7418599978271224,0.6618643378595725,0.7249312896126738,0.7214491550116189,0.6651557488695342,0.6483021588122879,0.8261806282185855,0.7345511132847666,0.7610280814978452,0.7299734093808269,0.6963973022397875,0.8908836595161613,0.7507240402249167,0.8358431817254661,0.8766728456457087,0.774375557704175,0.8916044638689196,1.0338160869327249,0.9810052475236563,1.1060203544520495,1.0914428981102122,1.0286463951010372,1.158691980074125,1.204141556382525,1.0713671511515865,1.186402651220907,1.1488370966204045,1.1437562153824008,1.1592010386454006,1.1217896279569413,1.0914881790123467,0.8877397135001612,0.8827258410268195,1.0646773076535079,0.8369639174719878,0.854475438438515,0.8769491310186942
0.7084040336064519,0.6888271155502681,0.7307968265166466,0.6720817504926738,0.675035685529174,0.822174705262534,0.748796478249876,0.7796231260299371,0.8043073274012014,0.6411952445193846,0.6821914931842119,0.7099347841271083,0.7617070865455401,0.6264544796405266,0.8009970910979304,0.7325733803564971,0.727475510392861,0.8533416896082548,0.769023583531348,0.9277194263140907,0.8770549661099996,0.894387128598138,0.9027013586482896,0.9415366126075605,1.064417986911706,0.9381039674927568,0.9667922629309297,1.0618684951662778,1.0314929936455877,1.0528594943963439,1.1498859491662126,1.2076933555200653,1.1896238937497101,1.1596346954749726,1.029156330044912,1.126450730203697,1.0135932709417184,0.9239678631648073,0.887597720697241,0.8366079056111001,0.8136582454365732,0.7889703313763525
0.00016000729511743268,0.014983259354476,0.04121061893024768,0.01342167722742599,-0.02879424757053855,-0.0024430300243458414,0.0014072709140924822,-0.01540007591183214,0.0009088239567376654,-0.023306332811474335,0.003273447402875068,0.004144559788818525,0.0031046923125148907,0.007029251732697864,-0.013467061955063739,0.028457088067896846,-0.009935188637101095,-0.012931347164328044,-0.0007978062541868141,-0.010505730428487866,0.01988704528697179,0.011458187673245083,-0.010804160371178,0.009374298477237138,-0.003786402511354659,0.023064067489027593,-0.022439664770230485,-0.03492069939918289,-0.01704454693181571,0.005109698498553862,0.025288155628624225,-0.006398675948735344,0.011380427142003626,-0.037950601561150855,0.014441659098092747,-0.042347171072372625,-0.011146316616657702,0.010692920917782869,0.019310990328368027,-0.015420379406407265,-0.03747269435873384,-0.03528286234001292
-1.0739328231660128,-0.9176007793077401,-0.909631359118464,-0.9286501326319644,-0.8822481137739095,-0.8357727460274547,-0.8134433660967127,-0.805308508633331,-0.788054482035072,-0.8261912808926826,-0.8518370511916327,-0.8005093874678015,-0.6886977361108219,-0.7475467867060798,-0.8353863355494355,-0.786767762160547,-0.7165968193382337,-0.8155040155061567,-0.7393141343294397,-0.6874196868043952,-0.6808555560440659,-0.637329818387669,-0.561875682707367,-0.6352493623185806,-0.5607259375705423,-0.6827486720798853,-0.5703489769986245,-0.5906274759982757,-0.558946813710557,-0.5131981323942234,-0.594540417975339,-0.9461866113493953,-1.152645166489997,-1.0012202389487217,-0.9200472977752762,-0.950432051165716,-0.9471367288103455,-0.8905782689901137,-0.7674398002283553,-0.7534056207889678,-0.9508770348271018,-0.7868525716066259
-0.9217584061686604,-1.0435840822997997,-1.0401896142192302,-0.9123270622372929,-0.9168108465514708,-0.9178765404407854,-0.9694517775398849,-0.8920009607813313,-0.8355516996127272,-0.8802375625386271,-0.8069915838803954,-0.8637124487835787,-0.7527942104284507,-0.673848729250541,-0.8436124915680483,-0.7517054248243732,-0.7694722347645626,-0.6757254184293128,-0.6875654582120696,-0.6115240294143337,-0.5953939181058521,-0.583251290626109,-0.6971574630555356,-0.7109667098142243,-0.5528777894486686,-0.4967029828089415,-0.6237836639072409,-0.5939049840570758,-0.6741137381067951,-0.5207820024305347,-0.47297817671260917,-0.9866561388052676,-0.9818614598260895,-0.9682296553100925,-0.8839618262185891,-0.9559946137762143,-0.9993842729775898,-0.8806075270813015,-0.8677090564924842,-0.8581552474421298,-0.9142375733382148,-0.8098673748036493
-0.9255132407139682,-0.9687856151115848,-0.8773373568053858,-0.9463001210479804,-0.9783470201937132,-0.9780509624396441,-0.9608335456178373,-0.7322916791635311,-0.7786891712412312,-0.7783655449373007,-0.7641439908252362,-0.7159600234343859,-0.8410161531028862,-0.8000830576548026,-0.8280131927286234,-0.6627816771178678,-0.7764802769083771,-0.7657493637140489,-0.6328209316717615,-0.6960997940124914,-0.7232724973429413,-0.607148698204712,-0.7471956779242491,-0.6385335077262839,-0.6610349480447376,-0.5857771767596571,-0.6547421516993466,-0.6581753968083879,-0.5118927559704367,-0.6143012821993182,-0.5352088716297129,-0.9296003667503718,-0.8892909486704395,-1.044580735810765,-1.0088383774192333,-0.9578342898938297,-0.9663715838724697,-1.0083550819134008,-0.7686097967194179,-0.9348843988153721,-0.9232054426686549,-0.8455056776635491
-0.9970829800693765,-0.9017678866930439,-0.8797511100671768,-0.8663672704983543,-0.9519383799437928,-0.8100380515818286,-0.9345229054371673,-0.8745773565680729,-0.9264539081567976,-0.7588823073748581,-0.7710451360263995,-0.7037169173984255,-0.7598329092351965,-0.7482120202103351,-0.7199416318031202,-0.7284781673994224,-0.6585771336629045,-0.6605539092747159,-0.6776749459158692,-0.6142501858657688,-0.6561057719014244,-0.5708191480848925,-0.6353781257657294,-0.669942444260651,-0.548649801634159,-0.5909961009465974,-0.5795962990398901,-0.54475488880889,-0.5594010069655379,-0.4597538685866338,-0.4915376559476584,-1.0425662361297658,-0.9485925930553804,-0.9824397840290363,-0.9630649660009956,-0.8396083091864401,-0.8823521883850755,-1.0276756846939348,-0.9128040444845927,-0.8632536321035897,-0.8891314863942551,-0.7578042613102017
-0.9385726235206843,-0.9006189006608528,-0.8355021986311271,-0.9022265624847845,-0.8235711171660535,-0.779117239811499,-0.858855381978204,-0.7549326930472087,-0.8817340767186339,-0.8988867641511474,-0.8230436090741405,-0.7187814699196053,-0.8006338746919945,-0.6146835890108047,-0.7080232545566999,-0.6803131536069238,-0.8093462904982448,-0.6708697455263067,-0.5693538207499388,-0.6412918750352323,-0.551417647702959,-0.7035623189433342,-0.6626139371101095,-0.6879985526493199,-0.5742764831290141,-0.608072058831475,-0.5995302983652248,-0.5849391574860252,-0.6057591424158789,-0.5267733678930258,-0.5281578738521524,-1.0009950431127865,-0.9225299766783588,-0.8038162965578101,-0.8812144365011059,-0.7984461324222036,-0.9506782363787967,-0.8122541309881716,-0.8941540092033995,-0.8746848791932779,-0.8395079835651568,-0.8291917738419857
0.0019407293649051358,-0.006864573412295755,0.00939104387001655,0.0058447949415596345,-0.004421936705297282,0.005006264300605716,0.00464515060579749,0.0043265750405635794,-0.0013482838827439353,-0.0005359948837202798,-0.003065578886334657,-0.004431642965558523,-0.00813284873402533,-0.002823350664698246,-0.0028575850458567266,0.00870780875625389,0.01967652386770838,0.0066226981750514766,-0.007941890758094221,-0.0004220468498478613,0.0047904757825351805,0.017027468043476202,0.013484946022119356,-0.02118343617164031,-0.007277962977455556,-0.012652186735670007,-0.016012438617230777,-0.02528129256617041,-0.023733454345277034,-0.011685951367888572,-0.016846604634594992,-0.008881112886423643,0.019469720957493202,0.031752660352058905,0.0006668289954633275,0.010744676548557326,0.00863993246339493,-0.005067252544671193,0.008443566895637335,-0.033536076685746964,-0.012117636766647498,0.012672747242096027
-0.3489676811134108,-0.2716620223817707,-0.26110933915074025,-0.21927792964037643,-0.34867753932914175,-0.26355891029592204,-0.2402967589656444,-0.2667456418848798,-0.18940740879596815,-0.15261267677992818,-0.24863839787017272,-0.1783781490422393,-0.0939630210359003,-0.17617020055982235,-0.12822205069899004,-0.08070940229663703,-0.09636505479131435,-0.14307093952598418,-0.20168224349438016,-0.14217491314519798,-0.21777520892625485,-0.14051935284370376,-0.2373167998599562,-0.2327435501211798,-0.2790758095765836,-0.3670115974008989,-0.48042603700922853,-0.4873921489784854,-0.4829695080711595,-0.5510981686428467,-0.5511789323790668,-0.6366327344551806,-0.6106608616019914,-0.7385602304653576,-0.6494609957382823,-0.6052366561355303,-0.4894994301703131,-0.6205301904666606,-0.6054916564446505,-0.44298678947218206,-0.44788799416477065,-0.5605320532458826
-0.3113803200028842,-0.20471947489035153,-0.3294901494486124,-0.3829661819931402,-0.32645251186159496,-0.2913771550473497,-0.28415832805747354,-0.1836023651639312,-0.16649415764493616,-0.152439198194613,-0.20159141822078364,-0.1435328164404419,-0.1349291526169874,-0.20219207704834055,-0.0699050950081299,-0.15489565955750148,-0.14418871103780811,-0.15960980108717354,-0.12005720872338013,-0.17550012326704553,-0.12361738584569609,-0.2501062549479694,-0.20628282265897072,-0.2307389645729534,-0.3658233008598047,-0.35972866578673174,-0.3263346795654277,-0.4428515666802346,-0.5741159689410132,-0.640124132512336,-0.5683619310005479,-0.6217097754466652,-0.6567976506150563,-0.5438837828105929,-0.727066829362263,-0.5894783850680464,-0.6405556258061413,-0.5710204631191759,-0.5272778706880015,-0.5139676810290237,-0.6256024332146226,-0.48012037612835173
-0.27316608571857504,-0.30169097339105566,-0.33580721061405033,-0.34372513088789325,-0.31932567045499016,-0.2635239669268799,-0.25786536836830015,-0.22847237392751288,-0.21171619742139636,-0.11478103037215699,-0.1363581550970853,-0.1738591095636606,-0.23408392282050644,-0.14000930507051076,-0.13387101462831633,-0.12647376887961453,-0.14747428608127716,-0.19405948086579067,-0.08618532511077548,-0.21897942777547655,-0.19965763240211865,-0.17897348129130664,-0.2637848848828397,-0.22770521641007294,-0.36962705575198856,-0.2547824208268486,-0.36465215356547004,-0.44105959328148864,-0.6073912825694188,-0.64907307188576,-0.6075760661355605,-0.6504746300534149,-0.6106387170621369,-0.6395429183546375,-0.637012843579206,-0.6286121013922596,-0.6221140661073298,-0.6453591040159654,-0.4570477139998238,-0.5997601759489918,-0.4117128239916647,-0.5720407308101267
-0.30745032604658434,-0.28165259992188013,-0.22038635574963153,-0.3018044007149157,-0.2748021282501232,-0.2069207844078559,-0.20688294417203676,-0.24305913296962206,-0.1906568743253764,-0.2705474689914832,-0.09403178707802103,-0.17658996295701168,-0.164843051771679,-0.10574256714662175,-0.12994682786218073,-0.16090155725426675,-0.14827829787911273,-0.09809547930500943,-0.07158141468416453,-0.13262922934635893,-0.14149357569530222,-0.247795074042177,-0.3110227285849708,-0.28292489796978015,-0.29753743089075574,-0.4323096250440692,-0.3956216807898684,-0.48843781272217296,-0.5368780138513093,-0.5315105628161281,-0.5407791376856275,-0.630927172273,-0.6418982921750587,-0.5503436973009281,-0.5399165161335944,-0.6007147117569105,-0.6797625641822223,-0.4987551286811401,-0.5197886062556514,-0.4536920696840555,-0.4165842613599911,-0.5453760013722546
-0.3141333039759582,-0.23798789678251372,-0.32193804619264105,-0.24925014404160975,-0.3311745244245983,-0.30092756755822003,-0.1727555451793475,-0.16070198999586435,-0.20267724906384765,-0.18316010642227423,-0.1641058508640145,-0.18102755062351217,-0.2252495163712691,-0.08602096378272099,-0.17317591382014838,-0.1665091626278834,-0.12010082028454427,-0.19284568566827345,-0.10354389913117583,-0.11572697692360008,-0.14632497959880175,-0.23912827924963173,-0.28438619247646957,-0.25398530873303743,-0.33991736190737987,-0.45065129552757593,-0.3214533295886115,-0.40041669368461474,-0.6068008278610639,-0.5942470844611076,-0.6102714948695015,-0.657949049905954,-0.604800906319667,-0.6042356565554737,-0.6946123157451235,-0.5734659155820401,-0.5401565057208699,-0.5716807110805657,-0.4264583701657417,-0.4890640120641297,-0.37176209676260114,-0.5314359668395244
