gfs-wave-data.json
{"header": {"parameterCategory":2,"parameterNumber":2,"dx":2.5,"dy":2.5,"nx":144,"ny":73,"la1":90.0,"la2":-90.0,"lo1":0.0,"lo2":357.5}, "data":
[rows 36 to 53 of 73, columns 84 to 125 of 144]
-0.43364952127309475,-0.6521167554474429,-0.8554488858734,-0.61020663040527,-0.5688012734611101,-0.7201231976555765,-0.8607460208297949,-1.0141577233874028,-1.1392919148977925,-1.0494098659423234,-1.1799873531047704,-1.2716230573986955,-1.2017830049811256,-1.193434326911158,-1.070466181362913,-1.0723335089305142,-0.9252105821376443,-0.8755604871623268,-0.7058372348612804,-0.5047607364486332,-0.6175595252250987,-0.5064262517090938,-0.4940010682187007,-0.4211880296771422,-0.35454255047249167,-0.33352576722740257,-0.3867759513955536,-0.4700173899403957,-0.4413762679199602,-0.4300657169967652,-0.4794270320566753,-0.5661411420012442,-0.5263095932993875,-0.4872241555285273,-0.5921103055113269,-0.5075867441972599,-0.4070555112401823,-0.49391572453905086,-0.46001707315449997,-0.3113532871266747,-0.31856819634631683,-0.3547243494726444
-0.5352114201482311,-0.71096638688747,-0.500133258586048,-0.7052829804428742,-0.8069370241721487,-0.7906278290917856,-0.954242670683513,-0.8506864926808718,-1.0456702260936477,-1.0827087105220112,-1.1512532314491173,-1.2036065736449217,-1.1319811708561365,-1.208213647759732,-1.0681575044277096,-0.955091242999294,-0.8929987883847094,-0.8060123310885955,-0.7293594599388866,-0.6022626468517533,-0.7492955788701288,-0.48058259040695767,-0.577450809856367,-0.33889144114727404,-0.3571368028462727,-0.49731011319868174,-0.3578771872635836,-0.2638539044269271,-0.347091521717263,-0.47744871358128566,-0.5518463313977152,-0.3716827498078484,-0.5530138311884527,-0.4992116868704709,-0.44323166350670734,-0.5113153469403905,-0.4611512086164568,-0.5420780213601116,-0.4746267828978167,-0.4179181850839516,-0.3127358973431703,-0.3865067793752983
-0.683812129282941,-0.7749909066771223,-0.5994354339812276,-0.7416585454887866,-0.6476670644731607,-0.6825914878157845,-0.715901687527068,-1.1004817789743346,-0.8933312111483825,-0.9276039412554135,-1.2084317396920914,-1.0665934444669143,-1.217062816102373,-1.1691854972807194,-1.03376769342487,-0.9324295793687415,-0.7809064865735467,-0.7184140533406739,-0.7547974278263397,-0.5207993026629343,-0.5933079795199051,-0.547218528622729,-0.526889176536244,-0.29398810691444877,-0.38425737465515797,-0.366627616108729,-0.39355573732093224,-0.5285613609181691,-0.39774901284986447,-0.3831056634988334,-0.36719600274363245,-0.3857725043311001,-0.49713411726917606,-0.5524866534205215,-0.4712376376735501,-0.44698092760355557,-0.5307335773895098,-0.40203349221295537,-0.3761183464301376,-0.3318804815185266,-0.40205150675218315,-0.3102340407167023
-0.7061503673299925,-0.5907258995130175,-0.5180847363368379,-0.715980450360821,-0.8088226343441725,-0.6905807801631082,-0.8785907674542316,-0.8740101262414298,-1.10884674731582,-1.051039601726443,-1.237843458754771,-1.194221427876221,-1.2167443001058944,-1.032205225292773,-1.1115710879358534,-0.9213489565339473,-0.9901314513423463,-0.80082865107932,-0.8976302004405241,-0.6228866114331673,-0.47589275982330087,-0.3986330163342526,-0.40760487604728646,-0.4662846000500906,-0.34853295013586577,-0.5083328730384759,-0.33958871035356947,-0.3999792085548095,-0.3729886126864602,-0.357314859667626,-0.4945296097760176,-0.4563107034415388,-0.47438697671528834,-0.38208982450665563,-0.5202385393570285,-0.5030990069161121,-0.3864625938663343,-0.49661954465948144,-0.32980159145272253,-0.2772543122338649,-0.3948764671585415,-0.35106132618983943
-0.45533394387814347,-0.6725804987536197,-0.470152976320389,-0.716546449150626,-0.5946561324210703,-0.9587087015871054,-0.8405635007862138,-0.8034664380008172,-0.9920952938262891,-1.022675034822923,-1.0924966634303173,-1.1001806220549935,-1.1492452499262606,-1.0645782319837878,-0.9724891318176102,-0.8703565110756637,-0.8028356855574894,-0.7577665456798598,-0.605925812025477,-0.7271642183447277,-0.5436240986070068,-0.5980868639017105,-0.33867992684691783,-0.31564712700198644,-0.4640073488266412,-0.3435816704983652,-0.4008415435933944,-0.456889822138916,-0.2932148755157906,-0.386633501577594,-0.43263009734966584,-0.3979126488692398,-0.38810759396768335,-0.44710292589194656,-0.45479296190869917,-0.4754255004624611,-0.376142087373891,-0.3574572305375987,-0.3478311625582451,-0.2471857738011273,-0.31407056743207884,-0.252595765001237
-0.5791646260490303,-0.631342512944752,-0.6160338684236594,-0.5477264691640684,-0.5893646092150585,-0.593510282094478,-0.8825094443590353,-0.941000180310456,-1.0853720369518032,-1.0455833977604616,-1.0035466225388208,-1.0511802359088185,-1.0622999251488854,-1.039933005418796,-1.0207803668859199,-0.9663865921205848,-0.9210980882385503,-0.7133805899522255,-0.5942346276564566,-0.6471813363311198,-0.6436988652955558,-0.3890345500011278,-0.511666827473931,-0.5225270094878971,-0.35896334016770404,-0.36302846395054633,-0.28207952890309673,-0.34663355371020504,-0.41600719001195824,-0.5300240801913835,-0.36631487410372027,-0.4796592882989271,-0.4014222980651647,-0.45641836321363544,-0.4161868969816805,-0.37146502474745363,-0.35802952555118955,-0.3011666735442434,-0.3263788929247564,-0.2880375986594261,-0.32379859568888747,-0.1890231881935595
-0.01953946611801122,-0.035642247716031854,0.030856568955659996,-0.03167666284126244,-0.02564148951991126,-0.05964354167439989,4.16680815788375e-05,0.026943563165051428,0.014303457114244982,-0.01730818007662716,-0.04491407893582104,0.03246659378906906,-0.04744616526154104,0.0004432285749669086,0.02269867294180661,-0.011104132482466918,-0.0057067400564533265,0.014653587589665841,-0.008921133595645926,-0.012637432947718255,-0.0360127155391524,-0.03694128198679237,-0.0006927165110577429,-0.038886630868885955,0.04880237693557821,0.02141872715189025,0.036092793614917004,0.01713487334126252,0.04367298880632725,-0.00607145091906663,-0.0076782792087972855,-0.03824623516838446,-0.04183217755370962,0.008247676940903078,0.021189112193222354,-0.028762055901361706,-0.007663932113548055,0.04906061384222703,-0.03010241752331819,0.0012605536691819104,0.01675776373754389,0.022812804297846274
-1.052034262388965,-1.0527963874276152,-1.094958255032052,-0.9941886770021877,-0.9980661831679681,-1.105949411639076,-1.0292065397039418,-0.9932887289776381,-1.083521397220481,-0.9241980323846317,-0.9440769334300732,-0.9790431093016855,-1.068570332168709,-0.8713954399393711,-0.9081763352710814,-0.9656110207762172,-0.973461969206385,-0.9291636019152094,-0.8583406197978135,-0.8156169355524788,-0.9144178943288842,-0.7238030121989342,-0.8713931224457753,-0.7037971750300422,-0.7866813075933686,-0.7092943151272068,-0.7869001213127909,-0.8461971129274969,-0.7482271003265435,-0.8074096758174105,-0.8003325444005887,-0.7856358341708912,-0.7844566605046123,-0.7654595419961941,-0.8197992507312207,-0.6514300238273668,-0.8015254161907942,-0.7833658938966291,-0.8235012893223689,-0.79795724987044,-0.7553716530315665,-0.7344358263518471
-1.05414444465907,-1.0948266464349363,-1.114403587056479,-1.000713862382396,-1.021062850505754,-1.076546589707323,-1.1055665979826028,-1.0404428504667746,-0.9710184056689396,-0.9949360993768211,-0.942385719758181,-0.9538108668456288,-1.042049572606311,-1.0361258493568102,-0.9225584416210143,-0.983514865373119,-0.9333030764906748,-0.8042802234705015,-0.9594053416644045,-0.9192251860724173,-0.7687496601239584,-0.8638198455299247,-0.8880916005972972,-0.7640188602890069,-0.8546455553176106,-0.7834947353521404,-0.7073537512106439,-0.6623615431063486,-0.7358983681127954,-0.7893970080507138,-0.6863256206077204,-0.7924557944428389,-0.702784142671935,-0.6632565735309034,-0.7634119653176629,-0.7906863074536308,-0.6513887292618834,-0.6759075530141629,-0.6615408564401567,-0.7786001676125988,-0.6701143164380402,-0.8043245378315128
-1.0721302830565738,-0.9887431981401879,-1.01801226129565,-0.8870738728122087,-1.0288768498690715,-1.0087553481553249,-1.0359612272517116,-1.0228183853686537,-1.0290685647784525,-0.9924567031456364,-0.8911043891309451,-0.897148924419472,-0.8229989313131428,-0.8836957627631629,-0.9141686424872909,-0.9132706250426101,-0.8499669130295298,-0.9021001077721069,-0.8753163846972125,-0.7512864435751371,-0.7594525563685532,-0.8987339732340196,-0.7747898934334357,-0.8730296194075036,-0.7329667310012938,-0.8010878490009803,-0.8586099172774951,-0.6725511025256585,-0.7108018303856403,-0.6335383344915664,-0.7100553642361462,-0.7149379882790353,-0.7963094073333769,-0.7184871113889035,-0.7138063145262863,-0.596995472096902,-0.618902004861089,-0.6622807234068516,-0.6199113414495906,-0.7577162474941361,-0.5951042180258395,-0.7091349629855637
-1.0117924805289982,-0.963406018892986,-0.8910502629836146,-0.9854542157731347,-0.9998200797953758,-1.080389091494081,-0.9574439110141375,-0.9154206921902798,-0.9378416391688101,-1.0124372941324948,-0.881223129139868,-0.8992858012353931,-0.8936379392438222,-0.9261016393080298,-0.9609115948019329,-0.7557137631217328,-0.8095782731949338,-0.866629909658186,-0.8396859662204464,-0.7409987567916159,-0.7915796850600826,-0.8267407207934065,-0.7694585805108202,-0.6893915250954479,-0.828267974760896,-0.7904108407269559,-0.752698809930729,-0.6722504967059934,-0.6303942622261094,-0.6810138370040365,-0.7444159777789939,-0.6258870813578608,-0.7095019465146151,-0.707426462737272,-0.6694049072776198,-0.7410137851966941,-0.7202614328712499,-0.58444104383854,-0.766416055994578,-0.7148097090797378,-0.7169626702723715,-0.7627354613217103
-1.0526738437215435,-1.018919010745559,-1.094800094655561,-1.0448947579018437,-0.9812939841673516,-1.0405897826472337,-0.9660214406514115,-1.0912176151898763,-0.981437726408073,-0.9303930390698281,-0.9921989336202743,-0.9755220978052092,-0.8488953659583014,-0.9483376338686608,-0.9805118963751751,-0.860323954212703,-0.9493078941627076,-0.7659213837539302,-0.908052712019878,-0.8604193238956489,-0.8101849740748128,-0.687961174555701,-0.852948894270991,-0.7711979482679473,-0.7032074651765388,-0.6739558386074237,-0.754571969823014,-0.6612063357532528,-0.7958730178536697,-0.692841346773352,-0.7073368512058276,-0.6480106338826832,-0.6801874469915375,-0.7063245090953676,-0.6113883233267947,-0.617352643443917,-0.7443891584628108,-0.61106605539822,-0.6388055189170095,-0.694648200995413,-0.7536643397746048,-0.7128175489276483
0.004631591359629557,-0.01057768061900092,-0.01650940536344761,0.002759855617295164,-0.013975565120795517,0.005303034939252054,0.00623377598622236,-0.008936020890429228,0.026445969575414844,0.007664562309632206,-0.012235808948351117,0.006886011512068721,0.006096504648538215,-0.008138587540315819,0.010034388656422016,0.018555045584560927,0.0019084607999573398,-0.02944489923304815,-0.01259111311004695,-0.03332439784230636,0.009025892787996101,0.0036884203827390236,-0.016995201507772877,0.01593404196536717,0.013402611242099523,0.029293354297002392,0.01310121489011893,-0.001917697163716809,0.0007783015910239149,-0.0002195527558214957,-0.03741198919742439,0.014200761461259691,0.008650973328371923,-0.0008681340602352208,0.026155351611328263,0.01837717671997393,-0.004499978618519477,0.025321717022084328,0.028042276114658524,0.026093854360943497,-0.02886355359724018,-0.038546454349211765
0.851604078603783,0.7493376839628161,0.7688626158704855,0.7832509664689333,0.7920421363110709,0.697450279795891,0.7076864210861993,0.8086847040940899,0.6978903014211862,0.6425602552099862,0.5440376131123659,0.7087892179456897,0.5901576755563963,0.728060688034051,0.6042742010063354,0.8253613937210401,0.6639988604052149,0.8052745672443705,0.7745892507136463,0.8515966194332963,0.7555674057803687,0.754384737542612,0.7554598964852075,0.9482961905311297,0.9092695663809661,0.9568400818453491,0.8348830306984522,1.0223957594664275,0.8701360332429326,0.8870784494706603,1.0484618696276695,1.0160910274561186,0.9585182885060644,0.9975712640257656,0.913741001148622,0.9850781891889061,0.9893466818991846,1.0796703456726013,1.0618451641722497,0.9892998157281704,1.1519458107388385,1.1338979784791092
0.6711824069970249,0.7959422687412084,0.8309047432350996,0.8620289939295396,0.7610759164493429,0.8096442434560941,0.6517546112391209,0.6785693855231839,0.6768298427270988,0.6586822226495973,0.7194041475083155,0.6903522269662538,0.6219327814080479,0.6425517722969639,0.6733015913403042,0.714034659848326,0.7225937408132863,0.7771019524722925,0.8418219449573682,0.7434345985619012,0.8187510390585374,0.7959477388267473,0.8181887178938824,0.9198678212813469,0.7658668462529978,0.8235879816147571,0.9649044710727465,0.9331949886741899,0.9570831937861276,0.9518818773828127,0.9873548753668312,0.9067114307762306,1.0206901147942475,1.1083679236981805,0.9387067289936041,0.9356402972844213,1.1641712268528273,1.1522031148933716,1.0969550543396065,1.1142402458716718,1.048318311928875,1.229601507834669
0.7132835018328343,0.7677460968665837,0.708882512325734,0.6308915087690048,0.7375956730486839,0.7503401016121442,0.6630623303883885,0.6982417825654992,0.5712555346249181,0.7042643285453001,0.6213184203714023,0.6341825592406192,0.6943861976512684,0.6395648040979452,0.6426368660038712,0.6548562206484554,0.794581396384211,0.7968739139618074,0.8414863542956903,0.698120191510056,0.7204451664915303,0.6938183991905311,0.7398680678781138,0.8162691547334142,0.7517650345946503,0.9403172813703755,0.9281621369856065,0.9113925210414724,1.0188600559017196,0.8776997319419078,0.8868105139375426,0.9614240980851023,1.0449566578023919,0.9037806079741402,0.9824316721244711,0.8653665612247967,0.9884359456050978,0.9795017959213715,1.1534498889636173,1.1364267648329254,1.0414507008898626,1.1506365761119937
0.003368348858778816,-0.01330577874615788,0.03351962910746685,-0.00818703475005595,0.01114371340873698,-0.0003276142070710738,0.008708682072134552,0.006784537007711589,-6.088817267486416e-05,0.03536750723376337,-0.011120699547874771,-0.031135878263000093,0.0034532897455418496,-0.0019846452540807765,-0.02378511980433556,-0.008079877788291256,-0.012681008911944801,-0.017438643591709393,-0.0045454803531593466,0.004341156692817045,0.010639776056609169,-0.013067858372738307,0.0016229307215743683,0.005259491608716753,-0.008850933664115074,0.00434217503645019,0.026494492482560406,-0.025175384563226152,-0.000919534039806685,-0.0003897961820523741,-0.006043347614099453,0.01306881231724175,0.011522358553696904,0.003983221228484554,0.015849902596679673,0.016599593903785785,0.013497245581523508,0.024016270571228317,-0.014913805415326175,0.02332611737815644,-0.012535846639275023,-0.0043599964175356646
1.3768093823899268,1.3061528787580436,1.2160128053408188,1.280754822377192,1.301226483660794,1.1160134701083844,0.991404343998037,1.0626247681891707,1.1884078943119742,1.1122838063139213,1.0912473865900423,1.0703567983801512,0.9955019858551558,1.0598417403648872,1.0301443616095525,1.0818514498584004,1.0833876207156636,1.0666514637370148,1.2035994045742986,1.1803739801221986,1.1995190619392864,1.2006512731812753,1.0836711038777032,1.031493772447419,1.1547574827798057,1.2186859351914798,1.1168793662976493,1.0740501372741855,1.113404751994995,1.0823431934580523,1.0257981500251188,1.079339450021709,1.101539503133292,0.9764009340638735,1.052074530516191,1.2141730116918323,1.1032201396684427,1.109857344265711,1.2403448458992528,1.1316218267381601,1.090933407561532,1.1017449651775537
