gfs-wave-data.json
{"header": {"parameterCategory":2,"parameterNumber":2,"dx":2.5,"dy":2.5,"nx":144,"ny":73,"la1":90.0,"la2":-90.0,"lo1":0.0,"lo2":357.5}, "data":
[rows 18 to 35 of 73, columns 42 to 83 of 144]
0.01645746576506551,-0.010369164855754292,0.05695858112171339,0.06550254148458957,0.04012746099853206,0.060710016880806315,-0.023992065602795046,-0.023193784977981094,-0.03813820906437964,-0.05227598864379034,-0.06259245815574148,-0.0024667887582783435,0.041645541610279176,-0.013748978214897518,-0.0262276324136923,0.022817675732050142,-0.025551969102273954,-0.005353900111633862,0.04058666333625976,0.0640214829810291,-0.01342823223311122,0.05489020855410842,-0.026279385320910273,-0.05212110203733367,0.002176205225627417,0.03821477368016165,-0.008213244366971692,-0.004311060327408124,-0.02753610765997513,0.005300119976217136,0.014707285625198503,0.030673316447832374,0.036399896857926564,0.05162915244884274,-0.01238989491764255,0.03492955349803385,-0.017084547298216037,-0.017668986458998632,-0.02350933632919603,0.005675678132952623,0.04681444813436704,-0.0625913484194228
-0.003935892272558692,-0.044128640386719445,-0.03237859370617651,0.05347096474528484,-0.05353033198418865,0.03937115019487155,-0.050133331908651026,-0.03750561200494871,0.015886443640944388,-0.06423938660349093,-0.007311682525263656,-1.3254591270331863e-05,0.036884349194292655,-0.017953219585701313,-0.02141242478097969,0.038870556031048394,-0.02891230140981581,0.02848154519702061,0.006198399948583859,0.02750255758305876,0.03204403605805354,-0.07283242276106497,-0.0018068380597361974,0.007609112794606074,0.047378699496006906,-0.016159046108131965,0.055564424307691665,0.04541773997585569,0.029874706559694323,0.012561859695186483,0.011034195735300593,0.02933366949227373,-0.030177299551964683,-0.00018118633814319843,-0.010880133630830666,0.020324553741326412,0.012046570302071567,-0.00839464443402917,-0.024863581426201334,0.05184572696132802,0.06534963551041674,0.03024012628139286
-0.04477240348166707,-0.024215031043940544,0.019331660975771933,-0.049627399146270686,0.05317708939592986,0.023697219858622505,0.0471008697639991,0.04389155849362414,0.029632924462296612,-0.052640637800126344,0.04302664270697761,0.06851177284874127,-0.02110181630452137,-0.011690677804773047,0.011236122081939769,0.029720269645379313,-0.058953901937423545,-0.022498180393944994,0.0515054754297646,-0.07755796489147936,0.013784391060508746,0.06825700355380061,-0.02110073020747095,-0.05750896551244526,-0.007602479579351376,0.036578007926311454,-0.0529718807874056,-0.011063773419201723,0.020273073216094905,0.025363166003310098,-0.034936997635330806,-0.07798706374643616,0.04075153474202991,-0.05734434605613573,-0.04136814905256665,-0.005747828584618728,0.006446640767913986,0.07253163005200113,0.03180415865821621,-0.019377902969474625,0.012322062553163003,-0.04631147192935215
1.0047961753827686,0.9781478709133126,0.9310470380669171,1.0476332924703553,0.8743898922438403,0.8395333150890136,0.9008997859472168,0.8994561092311643,0.9165604361772319,0.9399710798050414,0.9211885951759596,0.9046755321159502,1.0131994286464305,0.8590424661290103,1.0428538379657943,0.7682129329387098,1.088745724984145,1.0182427618583814,1.1022679508668136,1.0542183756129968,1.0021700616586073,0.9985955291491557,1.0617911512726566,1.1471170445361514,1.1794822469332051,1.2356283260082541,1.2556154495550476,1.3237475813145487,1.3174289259948064,1.2565761684126162,1.3660355177183365,1.2818413941028535,1.3561637055913913,1.236054309860809,1.1948089531341188,1.2483833335533208,1.1214791994545519,1.1743174696380434,1.1151190820488253,1.1178693976579412,1.0902686332529328,0.9682542042191297
0.8808844961075439,1.0802761303574606,0.8689913112045944,0.9210523612085215,0.9155042631859066,0.8746856766030555,0.9239765913416379,0.9823015941105936,0.9506269227915939,0.793787749267641,0.9493427633644052,0.7720547086003234,0.8689447050055734,1.0311220424133802,1.0075179138578196,0.9407239106437081,0.8997892943509527,0.9893515765354414,1.00528071383921,0.9088961385932245,1.0193032550315513,1.0599580158803459,1.125876852150101,1.2257405858926052,1.1630646417435995,1.1896042935523667,1.1749113131108175,1.2072843336940193,1.3024846462732824,1.296903804993593,1.3133999170448578,1.4271078874138265,1.4366674617003345,1.2564405081356573,1.3055459158397098,1.2461085568842423,1.1819311629974878,1.2521295058174071,1.0786056459885023,1.0827555492629681,1.0343031163363188,0.9604514272518497
1.016094142202481,1.0286690094164248,0.8773905885843277,0.82957514555518,0.8454752565352893,0.8835790997366576,0.8487387717530075,0.8271163254795839,0.9995321279832855,0.8651003464345777,0.9770402452503774,0.9112308335964103,1.0375583238607364,0.8179964486853066,0.7927118646843588,0.8969377947589188,0.8961064363223352,0.9387969186674374,1.0349544432937137,1.0152877139451524,1.1279642630382642,1.0806072905119404,1.075486947776021,1.282841608284811,1.2397559239427898,1.1906623524704885,1.3240979105431636,1.3759982470838816,1.3094315528912788,1.4608682329269325,1.41795038241518,1.2986838952152888,1.3165931269698568,1.4120114642367507,1.2856948589106902,1.2521534732168984,1.27921978875358,1.251933584269108,1.0794981352896054,1.1071455875318736,1.1398702006711912,0.9918487540257065
-0.06679836779736036,-0.06399859845356638,0.01336162264084154,-0.029234042247853916,0.04481721109556179,0.05453682759542163,-0.037892483275851034,-0.058743123415358485,-0.06469135865284231,0.01847003039209843,0.048282709071109584,-0.02686880900324195,-0.02958395553117216,0.06009971412206738,-0.06620296973634525,0.06306358404085859,0.05100987764040638,-0.01891917627015545,-0.023297563409453576,0.07402779398524306,0.033498004613023324,-0.02199577189295884,-0.06527995904262857,-0.0696704900003722,-0.005492744553736709,-0.02915117542786985,-0.0021356462681119685,-0.0432788957781171,-0.05481047280415419,-0.05528800275451662,0.07973200696656493,-0.0028952435734405793,-0.0340743834250296,-0.035317880702927205,0.03881564314175381,-0.06533704389994405,0.05487136674665763,0.059058490928035785,-0.0009786618476820396,0.05727459217468359,-0.04596070342789267,0.036012134256871386
-1.131566345152909,-1.3155028821033792,-1.2702809838931994,-1.2963343417181157,-1.0732341949992945,-1.2331462132545137,-1.04812532178929,-1.0321589910943756,-0.9831701116869662,-0.9295584517403561,-1.0030012706268332,-1.0441886110230794,-0.9060801185668088,-1.019986533346099,-1.0022618961551812,-0.908493532433701,-0.8938772668389557,-0.8968765782889305,-0.8999480281760682,-0.7945177620859495,-0.8587584761611131,-0.8434709526443102,-0.8051559704853808,-0.6902258771615085,-0.8358345129490266,-0.8048882722485234,-0.7965861044401205,-0.7830262831519161,-0.8080970095315334,-0.7729753974443887,-0.7470996545624952,-1.3133995019525642,-1.1950226844162382,-1.1925814625827573,-1.2971289259210559,-1.238264555872401,-1.2003565203945155,-1.1131907234579521,-1.0809558173480616,-1.10354814588323,-0.9385365133489256,-0.8827070029161695
-1.3333601119021838,-1.2925647703468701,-1.1791606204079172,-1.1762715202844831,-1.1944382220225476,-1.035080192994963,-1.1599837468706853,-1.0405674130359293,-1.1619559250349205,-1.1174304484950917,-1.0037018943169818,-1.099894376201589,-0.9843899936781139,-1.0146941609404176,-0.990286956341447,-1.0217002779918953,-0.9208488529596872,-0.8540108642347406,-0.8183345340032553,-0.8185363661537982,-0.8982763373107255,-0.865124571924513,-0.9049143885721128,-0.8363452292159885,-0.7532073492156346,-0.8249219224419662,-0.7466740579813803,-0.7026920075839068,-0.7638688085774106,-0.8115120740991579,-0.6726998889264817,-1.297998565152474,-1.1194135094311937,-1.0499340300066642,-1.1101712870546723,-1.2066532680514637,-1.2831930357093957,-1.1262433932011675,-1.1589847565291418,-0.8795597946905854,-1.1740512681116846,-1.096983607893374
-1.1494359231449256,-1.2353189432589842,-1.2364394328280666,-1.136820534946697,-1.1966877413453674,-1.1404801545150076,-1.1372006216546382,-1.1503831539309475,-1.0839251362762252,-1.1263436404521454,-0.9097249908536731,-0.988453066507579,-0.9686033393823438,-1.0579049914101049,-1.1082204641739144,-0.9484958497001289,-1.0510567522645684,-0.8945720024032089,-0.8978486991206795,-0.9172523988129826,-0.9948673203122701,-0.8064941831746318,-0.858117748191264,-0.7622373548458403,-0.9000971384116478,-0.8133124683901332,-0.7552135195250655,-0.8720707316230435,-0.8586338818074304,-0.9157429144058984,-0.7989862498965677,-1.2028909343158667,-1.1374242081459935,-1.1904847797370124,-1.2450239310918114,-1.042133526858418,-1.2119546857673031,-1.1498915944004768,-1.0103271511539675,-0.9270405262483141,-0.9748217409459256,-0.9023937188574408
-1.30355480223783,-1.0724634040221954,-1.123866329874349,-1.190949651360424,-1.0938109908506095,-1.1561855457154524,-1.178125322046833,-1.0506110584697483,-1.1258553744201731,-1.1173562548870168,-1.0803996789403851,-1.0889989570898524,-0.9259721066248192,-1.0900095103721683,-1.0999731060776383,-0.9911823004884952,-1.0126430619328095,-0.9385828521957823,-0.9308634497831936,-0.900270384450805,-0.8619862718124145,-0.8302634371051768,-0.890407542765945,-0.7873635158413296,-0.7926764245103682,-0.7273731206987494,-0.7319288159725588,-0.8179196247581622,-0.8747983972224529,-0.8920442741744582,-0.7482389994011817,-1.1836960918764843,-1.173266139867449,-1.218404374953506,-1.072532667186968,-0.9611787173105524,-1.0387765069044212,-1.1911615681366987,-1.1940117155419627,-1.1059029336565398,-1.2228991720051017,-1.0582904972047529
-1.1833396378475944,-1.2958915500324664,-1.1822288011542799,-1.24553076949999,-1.1407128157542805,-1.184887833346058,-1.0952544268454032,-1.0980689461321267,-1.075557561715618,-1.0234731206650796,-1.0296880175665721,-0.9579855512899275,-0.9853536121617938,-0.990125819199486,-0.8923638197479858,-0.8762242870834196,-0.9884372623636297,-1.0330389283318344,-0.7947085226914791,-0.9588983983131041,-0.8217819573230507,-0.8164856964341332,-0.7258893979367746,-0.7889398438570081,-0.7986490419401509,-0.7479465012490583,-0.834698420430244,-0.7661840297503015,-0.6512123602139347,-0.8329502596158318,-0.7717324142140435,-1.2271515154884707,-1.0642578940351226,-1.2315947481396505,-1.13118184637229,-0.9803351405655336,-1.1166809108005125,-1.2243813362673868,-1.017708533134834,-1.105577442676083,-1.1553086272861364,-0.9723471353672314
0.0432603470450693,0.01844240008687938,0.054087743974778,-0.013169796816651874,0.002159670620424936,0.056702294127647754,0.0388782253251851,0.06905380142525906,0.046051176874027946,0.05142833505189992,-0.01703781737324022,0.03774105915967948,-0.038574127939795755,-0.021000245585901568,0.004789372294508009,0.06468050352368906,0.00771160468073327,0.05116302943537719,0.016446317894655987,0.02060774649329267,-0.07245688215140188,0.013613598560687888,-0.020854543090716108,-0.020699773471631936,0.056095257791934416,-0.030445169413000746,-0.05464981602528545,-0.020369056842767328,-0.036562334640806486,-0.019021846858707527,0.04376127304914638,-0.030976195484678355,0.020455213520107946,-0.026317952222364254,-0.06368833905346563,-0.00587153174011478,0.03472916853741716,0.018792993136387156,-0.007046910083865042,-0.025823855768398983,-0.03659571096425308,0.013247753176462351
-0.5838069710137784,-0.5477575625280526,-0.592164179477111,-0.613889579205458,-0.5250181232197703,-0.5597441730805446,-0.5570834975346933,-0.6062215833551486,-0.3997900043605313,-0.3511885627661986,-0.35533321630452985,-0.3697818696990695,-0.3934496910057923,-0.40689041331279846,-0.2599222127972358,-0.18188513317671232,-0.33001522243996123,-0.33014778634466185,-0.1959567956137572,-0.19980652396222887,-0.26772931341217304,-0.46819298283925515,-0.33340587880238326,-0.48870017659432036,-0.5052003491872824,-0.5696500901947533,-0.7430974186154669,-0.6096470778712725,-0.7062039555855554,-0.8690649120413471,-0.9457847184830492,-0.9153960417051279,-0.807916824273972,-0.8662136661075432,-0.8067820101783092,-0.927995117232367,-0.8295700473436142,-0.8138121688229845,-0.7231715621390074,-0.757859345143663,-0.6212047029499083,-0.48509101565526275
-0.5059961917770103,-0.40408273169304576,-0.45781462845382653,-0.5535139712081366,-0.5448833204662313,-0.5043675786562203,-0.4204828281222807,-0.47930946541705866,-0.3944120997781715,-0.5197424616561228,-0.45307217093836244,-0.39208096424575584,-0.3618801844944714,-0.33457098895024195,-0.3369613876710091,-0.2101332796374308,-0.2713179983245085,-0.17372176266360964,-0.2100514775507357,-0.3580689455667559,-0.2731772393314445,-0.37187125261248033,-0.3063832240299554,-0.4809657745723489,-0.47622610591494624,-0.6616255604455112,-0.6808231937984175,-0.6089920198726149,-0.8641403897700993,-0.7346101533720649,-0.8680419856213173,-0.8839351734590702,-0.8276536811982187,-0.9117894353376041,-0.8794034923243367,-0.843401060912772,-0.8499639074855868,-0.8393603111405867,-0.7612102566784601,-0.5183085389277607,-0.6658007107118803,-0.792883196578486
-0.5577274299508062,-0.5015047781271074,-0.590223581664779,-0.5230957329539352,-0.5905298610526438,-0.5601475305002813,-0.5397831689761923,-0.5388700105203447,-0.41945130697881605,-0.4642678280174735,-0.4806850578997758,-0.38582313605902135,-0.24569006377059258,-0.30058517428243625,-0.3732780274021956,-0.2251224551094239,-0.21345284233845688,-0.31937718328794606,-0.26885566955315604,-0.25324369915985356,-0.26389073721426665,-0.34603546545287556,-0.40464747831087794,-0.3977198307431141,-0.522562313978893,-0.5500361834151241,-0.525211129102931,-0.6421977861576054,-0.7009690047195244,-0.8510990356906023,-0.8558316181123646,-0.8348849354283563,-0.9675371293825508,-0.8629019858943417,-0.9050017634927656,-0.7505251874951349,-0.8353332460562817,-0.5965288295238196,-0.8078883053027336,-0.6612211230757751,-0.5481792687204086,-0.708710786683333
-0.4018934296915869,-0.5956249011080866,-0.5677290875709854,-0.4534233950324542,-0.5014140311313212,-0.4989641307250133,-0.41351214133412423,-0.40678783102804195,-0.49371248048953387,-0.4942056335004602,-0.463089242190546,-0.39210769515959804,-0.37142990467594245,-0.2973897776488383,-0.24293389974988586,-0.3345157355237137,-0.2806901525439884,-0.16974846399553273,-0.2055979142189674,-0.2676686492856987,-0.2673587755510587,-0.2749713212964635,-0.3230269237057039,-0.34026068675895216,-0.41081119006791383,-0.5910213499390325,-0.5672385100756846,-0.6394480162237819,-0.7241583011509459,-0.8463578034837949,-0.9318322829680237,-0.8245418837649758,-0.8430982988123908,-0.8288435413226353,-0.7684824725454981,-0.8327328123679805,-0.7303833840691935,-0.6018948248139321,-0.5727414916787028,-0.6950144645188131,-0.7129741685101049,-0.6933543134484659
-0.5464472329740228,-0.48903696207322517,-0.46379936077031875,-0.57523911644922,-0.6161476394546376,-0.4641417617238917,-0.39774062020343476,-0.4353026438547626,-0.5072438689361729,-0.400036601390979,-0.3167914295234336,-0.32253361830585575,-0.30361293757001095,-0.3557050664357328,-0.3675437376502831,-0.263532363594946,-0.35291916731972495,-0.25066298426731626,-0.21815143706178156,-0.3538441874992412,-0.2992433349404325,-0.27422043397484613,-0.33683002831741454,-0.3758662311098728,-0.5226521316325776,-0.554908218727073,-0.6270186663474842,-0.6713414439545586,-0.724486730316825,-0.8747945102178281,-0.8309877247834323,-0.9060502131914514,-0.7577931794228784,-0.8666032185418527,-0.7663145779821917,-0.7241774718301722,-0.8078524530528309,-0.7026110430519493,-0.8120799145457946,-0.7709938009678732,-0.5803265026381642,-0.5820146080998961
