gfs-wave-data.json
{"header": {"parameterCategory":2,"parameterNumber":3,"dx":2.5,"dy":2.5,"nx":144,"ny":73,"la1":90.0,"la2":-90.0,"lo1":0.0,"lo2":357.5}, "data":
[rows 0 to 18 of 73, columns 0 to 41 of 144]
0.23039957718652423,0.24295522859252822,0.15905495978775633,0.15348339452626236,0.27590343719721805,0.26866012976480175,0.36366996357558384,0.45004653316248355,0.5345661637055454,0.4631621091035107,0.5902102118397621,0.5249379806152505,0.594783960854456,0.5467366594030337,0.5303058691072796,0.4952091929833412,0.4888730163184971,0.42254232014176246,0.4381066087054146,0.28774438512049183,0.2536615200483435,0.39293594623199124,0.3643024463354758,0.30049775153894287,0.30991207872926296,0.27713770554572853,0.30672198511398285,0.25645577329146535,0.25438948582595655,0.3010631924072692,0.3943789850399436,0.4444090056111904,0.32783830153482935,0.3376459180897292,0.4529329346897652,0.3083924890083745,0.2612016523444364,0.38920352193433044,0.37404754451154326,0.198565318036228,0.2546284627118034,0.11824926794969004
0.18024580686574546,0.1965392746523154,0.21440696987188862,0.17817031206541056,0.27347823007999233,0.4018376219979752,0.32291881865085065,0.3834016817729679,0.4558791984500006,0.5013903784646582,0.500495184225801,0.5519453126225784,0.6537981772222721,0.5420258568746477,0.6101027799764976,0.575185041628794,0.4480663608718616,0.5415337791334988,0.3490916369085201,0.30322958534180133,0.39538918587413635,0.4000140743785475,0.3495704714218803,0.3446702451043837,0.23546530879734842,0.3215794923322752,0.31469217553281587,0.23832053214659368,0.39544728415759156,0.3816386067938427,0.3366085760650282,0.4379794220779632,0.3070795711992629,0.37586742055727823,0.3638110261310847,0.39286247991164014,0.43211302272115787,0.22944089088494607,0.3721128130934948,0.26139763750081796,0.255022675275414,0.2783060063251067
0.10488896469576721,0.19763743803827866,0.20901853317473598,0.3322427922926481,0.28870615883602513,0.2735445209450075,0.2906631036676058,0.35614315999430934,0.36486007426077277,0.4122806379988932,0.5751069866879878,0.5444670290932385,0.6183473206677239,0.5067953335830352,0.5453907255314895,0.5816878829601325,0.4897517036916799,0.5808472093097686,0.4931909846043558,0.4279610267443459,0.4238003362170991,0.4352504289127547,0.35543992217155795,0.24197809549956303,0.3266800676000897,0.2385544211778917,0.27128999062843756,0.20972638698777712,0.28856699801349245,0.39059439902684834,0.4074261813056727,0.319544023617201,0.40317012322933404,0.4263139123439902,0.3281123945119424,0.3505695001405471,0.4161364473082957,0.29263406830259875,0.34127212933513135,0.21832931515255885,0.24165802937561429,0.2321319827309187
0.20085229778485636,0.15732599522223328,0.2043227881208235,0.278943174751047,0.22882328608498803,0.26866220531057006,0.38197792072884795,0.34870268964672485,0.44755030764336867,0.5876120124100717,0.4386021239859098,0.5116777706634029,0.6477614563487895,0.5114489761968397,0.522207611666373,0.46365156883954095,0.5472431220400108,0.5958720106909049,0.4229009319134076,0.4223357286712692,0.41943164269048955,0.3502285430064284,0.2913742481724469,0.3907618041553442,0.3821544795492027,0.3212082479503549,0.35877278458450323,0.3197203906299784,0.40082084553404657,0.30073022459322,0.36789205822306664,0.33758245009529886,0.36004512944691375,0.4112142392353007,0.3338328228641738,0.3048679342517371,0.39935208985824144,0.363612966733737,0.20430164951727786,0.26711810002354913,0.2709664801045657,0.22296605905761588
0.20086044623752974,0.24261006817552136,0.19235409206659054,0.21723856762593977,0.18726078182027917,0.2570400308896586,0.42911322161237564,0.33716653345131853,0.4107766834296268,0.5907870207853688,0.5598094551026621,0.464213233698495,0.6430463737900761,0.5833211118034376,0.5129361592321753,0.4999007409332599,0.5618885497263231,0.4686609596457633,0.3398088153033778,0.36602749189121525,0.46046605877021746,0.35027665475835457,0.38102725773475943,0.19927637119555883,0.2412390047193766,0.25796646605756607,0.38579927497659444,0.2932465618936628,0.3208894445822807,0.3484996707632215,0.2636745379414564,0.47053311485097316,0.42670843731499947,0.4507891504796558,0.41647425795393006,0.38930940267984987,0.39781816615788784,0.24149160276769258,0.35829908331998833,0.3154957390084034,0.17670139818705624,0.23255668690012635
0.1685164593218057,0.23448656182754427,0.2818293613435528,0.1595922745430677,0.27540879670558444,0.2448874968945096,0.3419121792818041,0.33227778241849876,0.5135896125233617,0.4895969615221756,0.46482492969153605,0.5799756507965752,0.4882271437254856,0.48624636247974196,0.5697493862761518,0.5405471089027664,0.5435995640626289,0.5743223294093673,0.40356946816088224,0.497547085678083,0.3355554338441897,0.2779131638846018,0.2801208113926238,0.2585905432447852,0.2650189736030649,0.2114592685462496,0.23155595302521154,0.26360608161785615,0.27546448418928626,0.35122351759159304,0.38253825108567613,0.33018601402435155,0.38101959401754293,0.38730605784553396,0.336729527973537,0.38984158567003496,0.2820356329029361,0.263253205622805,0.23923016102611558,0.3649906720188359,0.2986562854618034,0.25529211465234397
0.1671920553525431,0.15257426716317893,0.24201460601905586,0.2368396370499488,0.40544109972996,0.30278652977874965,0.46102495678400146,0.4689273909964817,0.4572130022327765,0.4182630192528352,0.4943516678878209,0.518009457518329,0.6724197209657354,0.5759453205322075,0.562388996327414,0.5189166269604861,0.44655653349219954,0.4797024442956416,0.3957473906250756,0.49761098456114433,0.3927978822778833,0.3778846684955829,0.36224443195571554,0.2438521813079022,0.3057836151895617,0.31179919067989487,0.3216662930199971,0.273789750784242,0.28471048740161564,0.28396117223248873,0.39526684434597537,0.3545842601995027,0.44075332824191127,0.3710222654909625,0.39934033065757113,0.45236700263952345,0.35039759395799924,0.3680989228535404,0.3554958567079522,0.3384497455922792,0.2812065624728683,0.17027790819173114
0.24477299519750972,0.15406100432452202,0.19364585705722417,0.21612464048681176,0.17681441682829624,0.3801347288739831,0.3432392647939353,0.36795473954907976,0.5382128868259728,0.5412973329377618,0.45570445066220616,0.6726135267720067,0.6226192150824508,0.5696318254962601,0.5439131999671223,0.5219633019567453,0.5377931259105556,0.4692041331714865,0.4276057523394623,0.34642770307927373,0.33821107273382395,0.3818864255052639,0.3390871484463724,0.2974433143653128,0.2224742144387523,0.3433743761264964,0.3243898279805907,0.40403752891362965,0.375695592021263,0.3108838196733045,0.3655950834245642,0.4463579092468118,0.40891272768492687,0.34734996129446877,0.3728290225236138,0.4647684862575941,0.3143652301991743,0.4337192046690327,0.29630627541574867,0.30738232794557735,0.30227584959609716,0.1641380523855806
0.2178852010000199,0.25252039113124813,0.25510206750506914,0.18525894563989567,0.2506584077672728,0.324321492038269,0.3582691871215868,0.4307677001027343,0.5692568238470281,0.42592309620689145,0.629255735605094,0.5755687196522364,0.6084585369511964,0.5366042237967185,0.5714482132595533,0.6080070980013358,0.669538177058376,0.625868668746103,0.3946440705001909,0.4681816084453782,0.36891518381267835,0.39627287253609816,0.31533109944035853,0.373209736244939,0.3182647733095603,0.30071320342312263,0.3063971831239025,0.4100484157380786,0.34594564737868366,0.26985025690679515,0.4249242655522268,0.4052393150816013,0.3479319332772041,0.34985006934377105,0.3212011350771458,0.45671499073836996,0.3406516997911047,0.4062603899876871,0.2565072531255949,0.28530062949012996,0.19299172197331466,0.20856096512067349
0.13218174300400964,0.18752726627633637,0.17078855315761762,0.28908060993939294,0.32933696610540114,0.2502158601146567,0.44230769653452784,0.43717968948883545,0.5863588740823917,0.5385536194595416,0.5466618944283645,0.5516674069257909,0.5603873194775715,0.6488893101699789,0.6103106504703814,0.5960136954612043,0.5656388289319443,0.5068837083594172,0.45409924777381594,0.5043910033627798,0.4228734699577445,0.31763617770600727,0.30216888075286125,0.28142573004624144,0.375765513597089,0.33522386611140764,0.3090020986645739,0.3113512619193173,0.32111006787935176,0.3459078185438508,0.3624037324933207,0.5002493406053624,0.3823672183274857,0.318186807363748,0.38228197090214366,0.36458611489345993,0.4820855921008982,0.41252054758240947,0.38708001854259716,0.38696353595413996,0.2934675418942589,0.28692116854696764
0.19690818051916675,0.14571933859170177,0.23285192166040689,0.21974929598103213,0.21519837451165583,0.24334660737498173,0.39322142334847954,0.4195264503400273,0.4593017111776609,0.4985897162780773,0.5122125429942216,0.6634400217881642,0.5144988200979524,0.6679016042992935,0.6168777749008828,0.5608783437882291,0.6357408407838656,0.48520156759808064,0.480419383592106,0.47611321088049546,0.41559628442208857,0.36599200108026575,0.2697159761140811,0.29216875795853225,0.35795137383849845,0.28900128172606826,0.20976150368791685,0.41021378022585775,0.36061165469036155,0.28827544022085033,0.4163370664516762,0.3593281858639629,0.3510252013582859,0.34577471696736534,0.444363629142352,0.4595264552269888,0.43770354615003965,0.366428082733806,0.3666016509000444,0.31859152341270264,0.20342659830838764,0.32327196405430886
0.1949177515822884,0.17429852205953797,0.23827139742220707,0.20533792888515487,0.2531947568326286,0.357900067649037,0.3128212019838042,0.41917431190684495,0.51671102548877,0.4607439940566776,0.593830257568891,0.5374584768394534,0.6465400020686829,0.731754822280637,0.6457627072762886,0.5165530736654969,0.6616628354465386,0.47328214524700724,0.5496818579004552,0.4783289845519247,0.37336647699684106,0.3468609589976291,0.3723852928489745,0.36126036935680017,0.39394804882993556,0.26793508283994555,0.25714934552759033,0.30391815430838,0.4138234045534558,0.3783674787537953,0.32474960911330053,0.43414067848080956,0.46064034596985853,0.38313810224254935,0.34485348148285827,0.45745242804579084,0.41925943245963115,0.4708941064173237,0.40365806309972746,0.3835306358516547,0.31275413098418936,0.1736088930941162
-0.17451238387340937,-0.166837337455774,-0.20050698554426222,-0.09605398337885143,-0.19822162109554267,-0.11856573974621325,-0.08178452520552529,-0.14941605235959585,-0.07515673527756109,-0.23153658233664665,-0.25355639554154175,-0.12623926611900083,-0.2436735087872405,-0.13984479377648243,-0.16645743606594213,-0.0927790586115365,-0.23067518452398547,-0.23905046617112893,-0.09548219888980129,-0.15787582657289334,-0.25016422256620974,-0.18014699724563868,-0.17546742566906656,-0.2611603570068185,-0.23143226191603916,-0.25649384009150084,-0.21188555418304578,-0.18422034600674111,-0.14029842154839395,-0.2375359685531806,-0.10931022246765686,-0.10661237374121867,-0.14415422209494533,-0.08241698487875838,-0.18988298170515455,-0.1627814861344415,-0.11370640296774961,-0.11525781416523675,-0.26470769323022675,-0.2299474581941026,-0.14793527574582585,-0.20490930546058603
-0.8331785623578063,-0.7319977343449543,-1.0912223371304155,-1.3139101287382677,-0.17367483581865417,-0.0989094441130548,-0.17393452191887518,-0.2510970013744344,-0.26720939911316904,-0.15798437910797397,-0.19294158183732052,-0.2656817397960545,-0.21441753058729465,-0.11769866463969858,-0.18352664286763798,-0.21882865015360856,-0.16462182283801338,-0.20862614193102486,-0.15255231583716827,-0.26089627515503844,-0.09809041704432374,-0.2457195491628613,-0.19975207779440993,-0.08777723661642146,-0.18944940366384433,-0.1649031001225485,-0.2423834993964158,-0.26750154929121184,-0.1462767407961122,-0.2603659333217783,-0.2791695820359335,-0.13846749517729007,-0.10296341887786313,-0.15252741995775784,-0.2500723614013304,-0.1305508576788312,-0.1814441218995802,-0.14275464040813707,-0.1894206741119664,-0.19694341474295834,-0.12474875644441383,-0.26552925998433186
-1.1441925271146658,-0.8026896263090814,-0.9081367384783886,-1.0594604109442716,-0.13729249342951935,-0.21367836602140283,-0.18531653899083617,-0.1097851675695659,-0.17477105696368916,-0.11912322883823458,-0.16916941919115283,-0.1475181815998088,-0.24854714348665718,-0.20083095849433677,-0.19743812821299772,-0.12204156952489592,-0.25770569212678596,-0.21261568965773653,-0.2915846030008102,-0.24484693179290842,-0.1136454701124612,-0.2451282237481036,-0.2844330085293763,-0.15513286208163102,-0.16813458488876123,-0.12838206293284998,-0.10879900541352226,-0.26383373556938405,-0.15016531365843705,-0.1578690228196308,-0.21900840566881216,-0.12662983441101622,-0.13120439629739553,-0.1772543370053344,-0.244638601537108,-0.20484491108447886,-0.14832525331251611,-0.17029179181941995,-0.2705050509803075,-0.221293086893402,-0.183724927005269,-0.11864214564965005
-1.2681732590856902,-1.4150290641982888,-1.06540206910537,-0.9880191709216256,-0.1103502505460724,-0.30037885502033196,-0.24684815811190242,-0.24355063989328146,-0.26947039585284116,-0.20215167856327274,-0.14336542743618694,-0.29404292779602054,-0.26777803504414405,-0.13850741387682466,-0.11616549462458935,-0.20283542090595738,-0.285766415547782,-0.11327638073094347,-0.2384965822756415,-0.20601778838292747,-0.26316356629282306,-0.23300021396148565,-0.25307519215810703,-0.18940613737817458,-0.19930664190478878,-0.19056621398673218,-0.11809858861707254,-0.256424976030288,-0.3084697740368852,-0.2464749086252625,-0.1357878941531013,-0.16187840981780427,-0.2757814903651056,-0.2626531999061302,-0.2753819146395489,-0.16624000619907953,-0.19568521909431802,-0.1771665624173519,-0.25024624588991234,-0.28698504897487676,-0.19659584618470263,-0.15419937853127227
-0.8995835775974648,-1.108306760820106,-1.002799851268196,-1.404905948473535,-0.15452261693356323,-0.2878073256971945,-0.17800069749130423,-0.1590126524920154,-0.2561749157091028,-0.2045258305983861,-0.12962951978390738,-0.31089974642592083,-0.3195675131257124,-0.19115436394174365,-0.12412410925996048,-0.2134452123653279,-0.13337953921675963,-0.32307292089662776,-0.1637180530762314,-0.14043042090948238,-0.15208712061276122,-0.27930762621349103,-0.2670284483959832,-0.3152193285426794,-0.1908897931674155,-0.24289387350318556,-0.14198725458869668,-0.16744456631856808,-0.26846726831603474,-0.28268687465948605,-0.28947004364117274,-0.2602166789288272,-0.1487711718842222,-0.2241781216562427,-0.31806390810305385,-0.24928485047633767,-0.26479862177016866,-0.14313538091705824,-0.20757343505434153,-0.21741600227074234,-0.26768587151828366,-0.1989222184350112
-1.1428493556962072,-0.9071119995442078,-1.1448045636472532,-1.2682952224128812,-0.25482885515899234,-0.17590475977169592,-0.16268062413782397,-0.193148464330153,-0.24414350801461415,-0.21518384420009504,-0.2135605191366937,-0.17566733298257522,-0.31987960544345106,-0.3312423678521099,-0.25837602030714585,-0.14348052606145908,-0.271540605020759,-0.23111395710880767,-0.2738131680684876,-0.1833507627920881,-0.2825818181649685,-0.28392275323169136,-0.24786434543556488,-0.3039895414628783,-0.2130020263130793,-0.27939728828758087,-0.20063764756059288,-0.18522938346836698,-0.22775366695284707,-0.18736487588843914,-0.3073237383129424,-0.16804576887186082,-0.20088561239882455,-0.2721584693623317,-0.16395702395891473,-0.2844197172483311,-0.19600739528739045,-0.2699898882559825,-0.20610732316142624,-0.23110410811783808,-0.1636486736653098,-0.2004248964709436
-0.8351207379826932,-1.3131963016195443,-1.1437721886536898,-1.1989982404232413,-0.21991537527393562,-0.305221462307171,-0.20146527370178602,-0.3108361658456248,-0.334000917304714,-0.15437621187094422,-0.2926679032478803,-0.23905791373622032,-0.30829093852822637,-0.20382806581495622,-0.3378310944055088,-0.18120206056961852,-0.2958024084615954,-0.31775560335075986,-0.3385464869099937,-0.32430367552031036,-0.18882026903417162,-0.2711842902396788,-0.25628615820176337,-0.31074047351763034,-0.16007026455666762,-0.17827463995857676,-0.22919575594943664,-0.24172565744100705,-0.17316902458090652,-0.18716983068475976,-0.19773360609904092,-0.28490607541409163,-0.3480306530277567,-0.29224123606094216,-0.23082279626389984,-0.2039159035333717,-0.2775569340614602,-0.20982147562688425,-0.2926087939804987,-0.31504646044147694,-0.3155781570758869,-0.2740551813807422
