gfs-wave-data.json
{"header": {"parameterCategory":2,"parameterNumber":3,"dx":2.5,"dy":2.5,"nx":144,"ny":73,"la1":90.0,"la2":-90.0,"lo1":0.0,"lo2":357.5}, "data":
[rows 0 to 18 of 73, columns 42 to 83 of 144]
0.31804899763022865,0.2039136321483646,0.18398704566693766,0.16796620994552114,0.167763388395637,0.13597864861028905,0.2011696795185424,0.0701736006159791,0.1433377540816042,0.12993714826231867,0.20779969674106682,0.1562045208322631,0.2746516748876062,0.24755328458851297,0.2582114373813002,0.1983294852531244,0.31242945237250114,0.29447581912619336,0.20037231012310674,0.2692125452139163,0.36147457688179574,0.23216085425353253,0.2938324055781898,0.3630880952017043,0.22831716271268745,0.20974798206062376,0.2149609338139122,0.3027390949280426,0.22547708447199172,0.3073831360522132,0.21217656539414453,0.20487029851281666,0.2553504266790712,0.24928298855820571,0.34935474774539776,0.462164242809093,0.3671488463623537,0.6483361782915754,0.5891456100407185,0.6667037119865523,0.6383886565412197,0.7111854917504699
0.2085650633930742,0.18390143309440832,0.17925581891523157,0.12122114014246675,0.09317503733012346,0.15053969616525206,0.16109950728677663,0.14679568023699088,0.11443698246794662,0.22374508599870646,0.22054640339151538,0.13517990949878778,0.1307464929433839,0.2622917118121413,0.21192338750046197,0.1434517275514678,0.15400432365729572,0.2060215831408955,0.3680287516497144,0.21879290772353488,0.25310643582869424,0.33215957826085374,0.2507747486896453,0.3011687064931348,0.265382943481154,0.23987858925134042,0.28449513871771054,0.16793980231693467,0.20231965318864606,0.3312556435108018,0.25524292617930444,0.3537800112991283,0.2171008207955907,0.34518289533499413,0.4342165540019473,0.360819556249808,0.3716963738334597,0.39786202710404694,0.4794859800467573,0.5884501222610854,0.7290011697648933,0.6599759533948705
0.27397672150723607,0.24977607687293885,0.23097840731491376,0.1639585294077624,0.12088515738662844,0.16276201164287268,0.09386956763640816,0.10145116243690783,0.09994597405771763,0.1163906714521723,0.11360836864948831,0.23910915415073963,0.1635625370949819,0.12056879942829392,0.2731112192464879,0.19129225917307244,0.2409258450845332,0.27059780946938333,0.23536713363509731,0.31261859777004103,0.30307050551806825,0.2743619034914228,0.2090772337897911,0.19529068576391354,0.25481146486506834,0.20605051763538348,0.2985782754733899,0.3203313308109264,0.2995350206919182,0.15400629476007036,0.29122313274021994,0.24076053660044136,0.24574491811150287,0.3376779540121005,0.3543453186884256,0.4462819862477863,0.4182254947462005,0.5035890763155676,0.5231734722890042,0.6161050449284139,0.6306907311419507,0.6056992933181627
0.21414953968735326,0.2439764128069921,0.12184131037123168,0.24071327916276472,0.16184503737025205,0.07808924357591565,0.0908020538610689,0.07922378371808411,0.12321762649138793,0.1602372869680742,0.060418687925982616,0.127134909513627,0.12650215741330068,0.11719837645172958,0.2014727985901668,0.26899247908176455,0.2949250605976502,0.1764342922038438,0.1709140229278386,0.21891241406539927,0.18820498938347907,0.35054434408381313,0.2950183156652863,0.3017179192109111,0.27453702591372425,0.2984956945582237,0.15438082860072602,0.23239263551725917,0.223019484302931,0.1960882242239923,0.18767086575710462,0.28016292487753924,0.23034259938037893,0.3151768857706623,0.28037912310775304,0.49325017526054554,0.4714186230640948,0.40793903311741747,0.4471795830131243,0.5038187812499183,0.6628797330829804,0.7348715961830928
0.2140158967429135,0.28479032188261594,0.1643360578106685,0.08844980704039301,0.1218375945278101,0.16266374887641036,0.1136734974951366,0.1706111638023695,0.07913790282382575,0.08885473252239222,0.13013065140553,0.09861184348137914,0.1817294103442969,0.13721234205732916,0.27622349330521645,0.28659886554530356,0.23115333143062106,0.2648536719080635,0.2789476801168111,0.15001727480669874,0.32438932548225646,0.286387762001049,0.23137191338855775,0.26431302868753187,0.20123206952504566,0.2965890846267573,0.2755122973882791,0.193852121976348,0.2970644276108559,0.23151323246825317,0.2582011251391979,0.26009948696468776,0.26462995921203303,0.19886150923939128,0.24531745431384905,0.406694960780503,0.3736618959120076,0.47650454432032374,0.529173470937637,0.5657962026608067,0.5443628832782577,0.569816566081118
0.16569157079084418,0.21017144892013076,0.2422215085922031,0.16218698249867777,0.09869409403457366,0.11433796637932189,0.08651576566912164,0.07816339451047076,0.10977045744026497,0.1261880974825786,0.07018523344303114,0.08662940644423645,0.08602269814189863,0.1106531794497756,0.10350782362709691,0.2684972355879835,0.14862101859345808,0.13089690104049978,0.2744539254067147,0.3171165401680843,0.19465243089974243,0.25375048746524664,0.18280368339791644,0.26236170162060807,0.23933784534629773,0.19069661437474703,0.1821313526462441,0.22866766684848314,0.15150546019157193,0.2416679319893966,0.17017951493704592,0.24604507634057263,0.32204450024905545,0.2527911959691952,0.323097836977089,0.32579601735779373,0.3761608604958804,0.4560950898668785,0.5499377071632625,0.6115386432841561,0.6966649300707267,0.5851158074546501
0.21161407226787649,0.12107652435275212,0.11050929808131771,0.1367235141410882,0.06161604246731458,0.14587910133391224,0.06761458951286682,0.09483890525947043,0.14151569844877976,0.13681916556373483,0.19480117734482436,0.13877197940441016,0.14963844864620532,0.14907908859117283,0.20356256612866877,0.10324257782564498,0.10663850291462348,0.20629398009267674,0.248824099733918,0.253548197758808,0.14182854959219274,0.2646864007729289,0.24736505189756636,0.28022057046262444,0.3010868368539624,0.2855081795095214,0.27088047318624714,0.2503966971537875,0.1609581734056901,0.20231391239077115,0.19455685191609565,0.16956832040349767,0.2342825968027832,0.22200346143857141,0.28994423345978193,0.2902822497666306,0.42407553932838143,0.4790656528133269,0.5402959101483009,0.5465345041613775,0.5450892610372514,0.572198485684695
0.19546237926955892,0.1565625490524184,0.119662717943777,0.09983081943482945,0.10408816670180442,0.05444428640863368,0.10995291518901545,0.09429759873837679,0.16589247655814396,0.14535597773718198,0.15165020424785158,0.12651418859199365,0.08416821930787045,0.1226733572251104,0.12838301932070112,0.19978779327899188,0.14261126005039312,0.260178037197088,0.19075364491328894,0.23127521348491287,0.2936239654164427,0.20403033484166247,0.24505413667345954,0.25419851986508385,0.1597968347705688,0.20146293671651458,0.12481440804023966,0.13341515888038813,0.17447595321854706,0.24192230107372625,0.13826424181351654,0.17627552903271862,0.21355377333211117,0.3703688223996136,0.37139987916085265,0.37871789715835236,0.35712266692815675,0.3757220836984883,0.4804477703461638,0.607842837875264,0.6140685803496322,0.5518783588947801
0.1855969752040952,0.21180907607897614,0.19598101817138638,0.13207039682852528,0.09862179213148824,0.06156016931633689,0.09273926980335828,0.08450951654912228,0.14062922906657854,0.1088708229548609,0.15154147876851626,0.08037767484172643,0.05552353146709106,0.17555269211673444,0.17628045965784137,0.12545211551235233,0.12616898884134123,0.1292378639688704,0.10241033519250939,0.11887431254794913,0.2912712585683746,0.2763252551204044,0.2639473557609864,0.25710360022816536,0.13435726268713558,0.2863461973040374,0.158550977976293,0.16561500305616414,0.2210207343661866,0.2114591025933812,0.282737241588624,0.23387161453469082,0.27904605491600504,0.31445606924499386,0.35519774883267236,0.39511304627054356,0.40663499849386936,0.43271441094033675,0.43090430518105843,0.5297894150929039,0.5879793235369243,0.5087381466457835
0.1768603582428275,0.16375158485746538,0.21088104572038766,0.11852826775379853,0.15199456379141088,0.0689046237732779,0.144289237421943,0.038167784361231874,0.08967620471663101,0.07066660924069545,0.07682391819823751,0.050737011249518446,0.1709773808473918,0.14054150873289553,0.11530340986510827,0.06786980290923089,0.10654113615044775,0.12904613816088284,0.11367661234272257,0.25760552181226676,0.19415051726173554,0.1300570581055353,0.1151960720372122,0.1447055717727383,0.15825052158240993,0.20844026969335333,0.22879008827258196,0.17423391205089625,0.15092446238545779,0.13687048402382987,0.22647666353213108,0.1773051910935104,0.17301256284441183,0.36193479392198263,0.2472463882677187,0.351389016379639,0.31664434847879835,0.45821038449060336,0.41488591771849515,0.5258699931939359,0.47811036237654164,0.6469374246434306
0.19339206078620952,0.13282646844511284,0.1895261048844858,0.18150771679736374,0.1538757266825964,0.07892231911010951,0.08103681553737598,0.09347439331337104,0.08421780392442223,0.11361851467716858,0.04987821330073159,0.07274868349376992,0.08991323052312941,0.04667795774119279,0.05105965463435837,0.1410071740651659,0.19257722040643338,0.252232793465647,0.18530145441385606,0.16111521405619705,0.12991465691767953,0.16971187611075628,0.12835845681893276,0.2844765167769892,0.22451194170235245,0.1384578602797149,0.2520080920549371,0.10415159892051516,0.13566329654006853,0.1998011807165711,0.23834569882770915,0.16859128160083506,0.23158879692080872,0.2850869646818721,0.2313719079621002,0.28206202941997827,0.3825403660460839,0.4629478378971791,0.4867700919558817,0.5577766804447472,0.5388977208516836,0.6748813001983067
0.19983371813281953,0.1028987555692173,0.1710224870269913,0.18755179846065265,0.13780807863029704,0.09294497516107116,0.07137130577630577,0.14862253130735678,0.1142200691193465,0.10209240614102282,0.04854439691312416,0.08407870495390754,0.0404987192493109,0.11299050156563865,0.16238002218412884,0.1222580680691232,0.15879333807635168,0.17911551863677241,0.17215099814528412,0.242423764188576,0.14582011470015885,0.1794096697101517,0.178427996361651,0.1941458875176293,0.11734972207421701,0.1616190145902179,0.13027340928346082,0.17768564201654738,0.2130920367234668,0.2564867192547021,0.24545829417022064,0.21386529124209527,0.2522424330568094,0.3461719260447568,0.3602462232938465,0.30281070425492856,0.42116784004238067,0.3641170151033881,0.4543825244771188,0.496994268293412,0.5594860508684837,0.6122805972394054
-0.08206238348503145,-0.16943182041296348,-0.04996758782635084,-0.09893222647063793,-0.09699831211156097,-0.1797009399753572,-0.117305747454063,-0.20602624779734915,-0.06717655706347281,-0.08482562434656737,-0.12100917134584804,-0.03148211382336303,-0.024654183651429164,-0.2044464190548367,-0.1752232124668638,-0.20370857633660658,-0.06778158115133619,-0.18685559766538878,-0.1522766901188053,-0.20302608910062414,-0.08088843257762482,-0.10328051498429443,-0.05852482180985628,-0.07619269962866264,-0.05234905046569832,-0.18383179384625017,-0.16048922362780582,-0.07446912036255265,-0.04074828265792263,-0.21312056209228794,-0.07385691490033423,-0.13733072520842396,-0.20520237371412237,-0.0758543824330521,-0.02755576571694648,-0.09364970174500321,-0.03284201213272028,-0.07537993220698158,-0.15147907590562895,-0.10390084031594227,-0.027637823008249133,-0.08153889251132526
-0.06378578644037285,-0.14444061965275837,-0.07485354072751503,-0.017800205711747126,-0.1419279010319109,-0.04090894494012204,-0.19775010028236384,-0.048669777166390475,-0.07035756863736285,-0.11459294723921598,-0.11077495014955209,-0.07907485299362862,-0.21279387960243792,-0.04062660964096812,-0.037260938900484125,-0.10683189271966442,-0.13537426928023083,-0.14695311445731984,-0.17210195872464526,-0.15656827358683945,-0.1743547710890324,-0.07810805982163378,-0.17633484646140088,-0.04718790440562643,-0.18701921888852358,-0.06440288343866482,-0.12075345703941996,-0.19671633515364778,-0.09456988245924103,-0.2095129233237762,-0.13637612771180002,-0.01686924988620452,-0.08608631855176996,-0.14493374532832282,-0.1168616587462835,-0.18109053637716144,-0.11059286494416214,-0.09752376555658084,-0.033418451833405374,-0.11624606166350576,-0.11489226677026594,-0.0791935617880709
-0.08943094431634038,-0.1623079775350578,-0.04001507293164374,-0.18334947604335042,-0.20441744811206863,-0.04112105661456928,-0.028390434879004237,-0.15241287323114247,-0.19209461334180503,-0.20261233100993392,-0.1755307285091389,-0.01989061505291894,-0.032976860891471754,-0.20006145184966992,-0.16821097690034165,-0.1361019451998032,-0.030178505326136935,-0.19885665287676113,-0.15529219792485707,-0.08938553898610772,-0.14751133156589624,-0.19938814055260834,-0.06953888662070261,-0.19126825710551965,-0.18969551147350563,-0.07599231504669425,-0.06117115691006949,-0.2036140686551864,-0.04344150548811467,-0.18064375651578315,-0.06316702758924536,-0.057049756216700456,-0.1780033702353081,-0.05656029026873475,-0.19373332157638826,-0.032574166684872584,-0.0949398943061548,-0.07560961630651679,-0.03291826222567975,-0.1282936658730139,-0.13045499617518386,-0.12566516627225233
-0.09584340996636233,-0.18815852421961804,-0.05315713888452112,-0.006936594247063718,-0.0477566754442932,-0.09778421747592954,-0.05022879479576488,-0.07096950962651835,-0.11090260971643474,-0.056163814305288294,-0.07446305524401624,-0.09017354180207099,-0.08858234692973382,-0.1841630919690132,-0.19520207549981827,-0.007786176477871151,-0.0774785404408595,-0.1686799187242262,-0.033027881615844676,-0.11199513885877597,-0.16629613148280345,-0.02275156392185966,-0.04883558498054018,-0.16976794383981095,-0.016708913717579783,-0.15053951135020446,-0.11751975319164865,-0.13271903519983905,-0.15860896054739104,-0.0562191378212613,-0.14276371159856902,-0.04734437638471554,-0.1539379461958059,-0.15219214785745164,-0.022020684832782134,-0.15760010693798415,-0.1662614699529885,-0.061392750841603935,-0.012293965444486361,-0.026514065016520285,-0.08211684083129005,-0.1327258590469771
-0.011186696542572693,-0.08299951460061561,-0.1159883016107543,-0.046949209576341126,-0.04954380881341782,-0.004111082964485496,-0.046234142401338385,-0.07209443115649686,-0.08063919609607563,-0.08306196029685413,-0.18226467641774627,-0.18426250206730532,-0.10383915710348349,-0.08022437911716501,-0.17406584779749965,-0.16589625019247756,-0.020891669356523097,-0.059279239764918945,-0.12008515125577023,-0.03137478990113373,-0.012048507389094616,-0.20043853578136356,-0.0808620435937948,-0.07085748476051983,-0.11229206492590066,-0.10493292664402472,-0.17864219250808502,-0.008336041743458467,-0.024314714603113192,-0.06868505119718088,-0.07034830669062223,-0.0812903862668953,-0.017909668997108424,-0.18777823789687006,-0.1902329305312354,-0.07460407068482929,-0.047602696172565725,-0.08047034464603371,-0.19509049975273482,-0.16358272124663215,-0.033442197487737926,-0.20056396662435186
-0.17669191362572262,-0.12884940565546782,-0.13724915985735642,-0.02862307534473654,-0.16086353396450462,-0.049905838833409634,-0.1411960804825703,-0.01850125233875984,-0.1132364973575189,-0.14888329241452,-0.07123585021834428,-0.04183128557841998,-0.17610535171008013,-0.04010140809666783,-0.05622996009609764,-0.08811905165022986,-0.03336624229136932,-0.10256883951326184,-0.161873629634453,-0.05593404671165005,-0.0279982256591823,-0.16676161239589563,-0.15621152286256176,-0.048605112166646786,-0.12789859151161145,-0.15024287018330196,-0.19726913203583207,-0.12724763669057546,-0.011962502919423272,-0.029784852323189427,-0.02712330789106256,-0.17416936901104602,-0.05580932894470417,-0.07844355022304053,-0.18483269697094,-0.0876563922574906,-0.008524195880869308,-0.14775700727821783,-0.018931215089212538,-0.15231824122117338,-0.12741221845130965,-0.11759649971847232
-0.015727433331970582,-0.15843060379294846,-0.19419149756105256,-0.11966442788681658,-0.0010481118732686462,-0.07779640225347723,-0.157946507898537,-0.10297408225841742,-0.06788061771728646,-0.11254008043993959,-0.04289400458373222,-0.13650380310092106,-0.19173075434899933,-0.04362547367296991,-0.08756445353271824,-0.09411193225678689,-0.10985309682544078,-0.16769505745673582,-0.18117476422809742,-0.030613808043509737,-0.11958338518920379,-0.021291894983173992,-0.06655622947691034,-0.10673225421533823,-0.18746063747173677,-0.16854870609373687,-0.01624022274354836,-0.06553749354550509,-0.14198222826994844,-0.023552882056404018,-0.010648752724422802,-0.05602160297414666,-0.15785759775372366,-0.03994619138771494,-0.07053296264416799,-0.08676829236063069,-0.14521386415967336,-0.07993065491859014,-0.11809841848137424,-0.05646816331814914,-0.061981911399300406,-0.052594206668576324
