gfs-wave-data.json
{"header": {"parameterCategory":2,"parameterNumber":2,"dx":2.5,"dy":2.5,"nx":144,"ny":73,"la1":90.0,"la2":-90.0,"lo1":0.0,"lo2":357.5}, "data":
[rows 54 to 71 of 73, columns 84 to 125 of 144]
1.370425115732977,1.357596123890435,1.2925906238663083,1.3285250741150798,1.2212663218356898,1.1811070725426043,1.1576761072138113,1.21429828049943,1.1420013755928415,0.984183038744072,1.1138732320840101,1.1281081601857856,1.05503183584994,1.0508650423514159,1.101844703886434,1.0739354031137858,1.0613770754374836,1.1580861375460787,1.1128938197085365,1.1605727800743966,1.05367739420951,1.1298109082819925,1.1837087342359,1.1871399377205178,1.1984710692246587,1.047153326405712,1.1149505779141422,1.1456686241227902,1.0305593828339883,1.050774346061798,1.1312951259267128,1.1418264612958693,1.1540703312262146,1.0414842065425753,1.0629963924474348,1.114746711847494,0.9950386732685609,1.1605603097036246,1.035699878237519,1.0801155925845867,1.1611788605715423,1.02156080880147
1.2360816808733421,1.1729826964698367,1.4209558510116247,1.153290352478106,1.1380877102068834,1.2813813875044238,1.0955432699513565,1.2027797087847267,1.2097081566513332,1.1397981180847307,1.1167979446134182,1.149855200889528,1.0826779621637825,1.088689961501705,1.116590282119484,1.0535384514660284,1.0195371639104256,0.989927720954232,1.0925655804560057,1.0696892533473603,1.1971642116170165,1.1091476576445318,1.1300005921777085,1.10103865945456,1.2106250970231935,1.1446027012161566,1.071100623853379,1.0430883032204654,1.0419152243622274,1.0437256487650284,1.0062889672819366,1.165766910038092,1.1678969173586002,1.0047070305416994,1.0023439400102374,1.1425108312523986,0.9796109545452213,1.2238714410637785,1.2147060397332057,1.250903177552154,1.1872214777330325,1.0535045798680676
1.2947337356790063,1.1657682581766247,1.2061469841053745,1.0518234205274732,1.1015504722296945,1.220112799334419,1.2759919845987588,0.9824443396242251,1.1425333269700941,1.1206284665829784,1.0706586595646912,1.1888677052736691,1.0659464940652297,1.088264557229305,1.0044598603816737,0.9915151623908868,1.1781868833253768,1.1497059602922706,1.0872556816750696,1.1711201104321818,1.097414623613171,1.1232075633564182,1.0607566125435073,1.0722175195711743,1.2047431665440997,1.1910543974572156,1.0783681114921904,1.2115203954546896,1.0252227888507264,1.025203255110898,1.197863732529171,1.0701931338780593,1.0590895050022633,1.0091429774397405,1.2303224748309207,1.063669897078986,1.0416371204102217,1.1142861618379156,0.9564373038982565,0.9623491867839765,1.112619950820186,1.1337995282895406
1.3937116421925333,1.304053589337404,1.1689692931741287,1.1010147106567654,1.0802729959834052,1.1782150412298504,1.0254563976739761,1.0025812691403757,1.1129745350104487,1.0271702348207803,1.0375102161193082,0.9653517226396251,1.033739265192093,1.1724640592700375,1.0660711381807424,1.0367003889311315,1.0902319381598995,1.1498279685800346,1.1035376979781772,1.0978155250893118,1.0452462640095528,1.1840455117377946,1.1733247486652925,1.0919894621549147,1.1209910754957308,1.1275044527334162,1.1022248924268776,1.2064058378773792,1.1392034163569107,1.0967162553440202,1.1287776693377585,1.1314010991951142,1.1435180322241993,1.0918858828326417,1.0843043135573145,1.049826969484846,1.0421363938366093,1.051398148306097,1.0513588972020182,1.0711229277072107,1.2131196623692395,1.1965801544630643
1.2074657861204288,1.1710051997917281,1.3730044630991542,1.1984090903507578,1.246459229207783,1.1773260041741123,1.23114006343882,1.2033481397634616,1.0156492401436223,1.1513076817617942,1.2300172092183315,1.1244690741760428,1.1659943145947702,1.0559114831545362,1.1044156056700958,0.9871699896969371,1.007003193256529,1.069689667537825,1.1824152874430836,1.157965723855762,1.0208824386940334,0.998029451856385,1.00867390054418,1.0398392681012794,1.1073615397171332,1.1437356557752478,1.0348743458099279,1.1007734234793685,1.0492252449873714,1.0401480170594748,1.007263583810368,1.0812216000143293,1.0298868743184837,1.0220975365385032,1.0943313484968056,0.9443530852105589,1.124654607859526,1.0730977919940834,1.0528545693469076,1.102316956502154,1.122489145573036,1.084556064421887
1.2106298147390482,1.1464644956642989,1.1362594223518472,1.090435362836509,1.3019991623082958,1.1309101129730288,1.2353410928265356,0.9688101168878896,1.1523474940438982,1.1404957490218908,1.091155013013521,1.1019516171167603,1.0405204343168961,1.0152599716229955,1.0401691086446256,1.1673066215762335,1.0619529881504695,1.2072422255658197,1.2056843296808277,0.9995547311527531,0.9896596160300866,1.1643039005993503,1.179251391736103,1.0170569248328194,1.0824877316584587,1.0093810532532819,1.1217943572882736,0.9836155286793954,1.0322772938282656,1.1678280618795525,1.162793246269985,1.1004129420846256,1.0604997507682101,1.0836550832948533,1.1534499614248808,1.0465342268327313,1.172743329297578,1.0296299061924261,1.1429148620633256,1.0570750835903064,1.1691841792582192,1.1566170471525925
0.010390266926168077,-0.00017449127400491897,0.002759270507971344,0.001721261498577654,6.868577368010766e-05,0.007197400221451915,0.00776595963828628,-0.0022353216961875817,-0.015922291484499678,0.005637345908922522,0.00012993645177065586,-0.0041167237418140165,0.0027851891800351664,0.002661333581124637,0.016277296870346566,-0.005769753602241907,-0.006923859924283852,0.006793232889219823,0.014636943584122717,0.004023255477720251,-0.0016510457441373343,-0.0017325426562509638,-0.0007306910232112474,-0.00832563506075547,-0.011171495877377256,0.009883099788297744,0.013071122999232826,-0.00024519482205545036,-0.004211076993455618,-0.023462249158780993,-0.006235262337779419,0.0020975634570761757,-0.001267144827243509,-0.005202766044501354,-4.955735008759823e-05,-0.0019200562964624872,0.024822926796059484,-0.0242640724469511,-0.01716157390597919,0.018611905492263003,0.017294165367292363,0.006741720562800103
-0.03744969141785538,0.16260661754197916,0.07541811424514383,0.2588578306471969,0.3441877285160679,0.34260798917633084,0.3464009710643335,0.3985803140211488,0.34272099355275765,0.4427117536900472,0.47211211027933486,0.46336341200539277,0.5237314801729991,0.539167628282746,0.5470376494225896,0.3960149626111881,0.36275577169197415,0.3670776077890614,0.3377780940311706,0.3130999111099732,0.2501896346402361,0.13595421331521793,0.0408911763654766,0.09117420020721027,0.0012211280394282063,-0.016407537276659806,-0.08493996135408004,-0.10881575221753445,-0.07766390977281849,-0.21760986216989872,-0.1343997893884802,-0.08841730689926688,-0.06904464585302966,-0.13323277243329404,-0.10133686827571427,-0.1462175832733523,-0.05551151717280394,-0.11861931991367433,-0.13457526434016606,-0.016903177782524415,-0.03173538524268709,-0.10268904655505734
0.018272582401010897,0.18564090557963564,0.22630727582914226,0.19694447393491707,0.25593449221303516,0.32752658676778096,0.45217011507985605,0.39710019675331126,0.46955872940899945,0.47601841655295435,0.4564838848613054,0.5891759717956241,0.474417155142414,0.41182926545830967,0.5178148590730925,0.4278452648298058,0.3035251970867055,0.3813063633681537,0.278964023701301,0.2652950535109417,0.17524184045661478,0.16970218501771042,0.15975648557027772,0.04270950584315924,-0.04787796603289187,-0.11012286075133873,-0.0899855767599337,-0.09391682874645024,-0.15537131448074715,-0.16600737528814313,-0.1983816954801635,-0.21417553981030096,-0.13738087211604183,-0.09315032459375135,-0.13842190644811886,-0.1272732932376633,-0.09856321446350341,-0.07090385882213202,-0.1884182362419512,-0.12995059161236697,-0.15875835927357826,-0.07330691203316643
-0.01620338455862332,0.12757356144480206,0.05239504505621352,0.1254868532434826,0.24248683815515015,0.36073932579824525,0.5212332216832534,0.4618796975782149,0.5851008710300999,0.4540272649908983,0.5766902347523013,0.4949852065836177,0.5438426369905733,0.4730178443968644,0.4991503643772926,0.46625256357971145,0.5102527967248824,0.38485579466383274,0.2809815372130604,0.2727447517337924,0.24559537560000824,0.15150951119541808,0.16184593059699898,0.09787303927449506,-0.050437806583824296,-0.014114290651671468,-0.04524654822257316,-0.16066000914734282,-0.12285612192268895,-0.1076566117728518,-0.1265386332340366,-0.11413257682256328,-0.23153387814554918,-0.16502964671987336,-0.062304385139138954,-0.05507771160028266,-0.112998448356598,-0.053747782618577246,-0.06932111263697632,-0.1361469512799557,-0.07580934569202193,-0.10455520173638191
0.09288084553603773,0.08941102999944919,0.07895906743053925,0.3145097669952458,0.2724754589449566,0.3159303738380286,0.3611807198052077,0.547501028538274,0.5053105562864834,0.5027415443769611,0.48885531467271914,0.5714610354015217,0.3919547990750292,0.5113427717725758,0.3990576099588582,0.48016802038730066,0.42238288499120274,0.45575191946681337,0.3473092418067838,0.30200083015617063,0.24168438919321214,0.11346564611633621,0.16963823267767755,0.06177478751353143,-0.06403208065826141,-0.017969867189877087,-0.09028246195238891,-0.18186096835803603,-0.0702243334917112,-0.1412097663588349,-0.1038717478314219,-0.2519578774566811,-0.18607136847679673,-0.16054901694950585,-0.08274139180912443,-0.11073663168608387,-0.07038331823251856,-0.148669177626439,-0.18963597591363432,-0.1406302054638999,-0.13319545599547195,-0.049929063117949576
-0.06784508406732971,0.10620317126589275,0.17944252595899118,0.29892522681714595,0.4068167104953714,0.3750034584226934,0.3455941524646344,0.4576309485269253,0.4192675055735295,0.4693558446654706,0.3878115794184311,0.4526678891697479,0.5955750210420876,0.4220106579391728,0.4095939449043533,0.43849219100265907,0.3758369579832322,0.31052328302934057,0.2959541147816466,0.39521339665018,0.22063602708962107,0.19622242638620216,0.167280354431995,0.005878001897751251,0.026089397858838518,0.01085191619018318,-0.10445820863997723,-0.12978056177732822,-0.12700987634590197,-0.14039143712608285,-0.2127835499061264,-0.07441677786009307,-0.15630238947052555,-0.24787623501897876,-0.16857566415807568,-0.1601465540641432,-0.053522123205683156,-0.05083882989981291,-0.0779105338499951,-0.11674623818464004,-0.08733263782239303,-0.020053387262164258
-0.0899337519102434,0.04780305717310705,0.22260758031975758,0.18954929227544917,0.3912982407168338,0.3056128146615246,0.4197957876915829,0.4003680882645046,0.49755909858863023,0.40391513642734794,0.5904648493641478,0.4627282414191487,0.5486555047437428,0.5589548282140671,0.3922262170150893,0.5217449060932177,0.44325394003780794,0.3200560239467938,0.3272453070165067,0.29458061730041896,0.238575824595517,0.2674851957130317,0.1224333443236869,0.09656414260699069,-0.03986060910286679,-0.07458173649586802,-0.036535482314208195,-0.11138596278255465,-0.10630617179077087,-0.19886011605426604,-0.14277226183964686,-0.14152182908467717,-0.07499014869646141,-0.07891465686325905,-0.18548130293020207,-0.0697532901896849,-0.05534488604527514,-0.1742651597262329,-0.057458558733923956,-0.11599212103929611,-0.13722822263838416,-0.05425867143129145
0.0866064259740227,-0.006186237660424319,0.2539232379491471,0.349120388019788,0.416839254514229,0.4539000410557007,0.5042795730984513,0.45988840025788835,0.48210042625904015,0.48874296166173364,0.5344381076480453,0.5533591069538261,0.4493576316899264,0.4815931688781012,0.4251011829229573,0.4517267736854984,0.3867092083225088,0.42173534976482985,0.31459018974368264,0.23581111077380998,0.26428260983506896,0.09870004343453881,0.18570817386855928,0.037443227176569935,-0.00900249258921983,-0.06469006322821104,-0.0972881765528263,-0.10946951124341604,-0.12444183519100321,-0.15504428076675913,-0.12736564603514536,-0.2031332154307254,-0.24715424037754546,-0.1944173523620779,-0.0964992526291989,-0.12842389304759275,-0.1897912061581201,-0.09051561858327646,-0.0774916296973773,-0.16035544069431218,-0.051558773743887405,-0.11465961643195845
0.056843201060203755,0.16702220218523287,0.23737066596441792,0.30289386531033113,0.2865595408635259,0.3786043739302101,0.40958895176594473,0.37424422205796937,0.4513486456382145,0.5415484135653056,0.5207150449090543,0.5362381753989562,0.511651139002267,0.4637296173389326,0.5402863302439411,0.41861279976349614,0.4328395511842364,0.42793372104159444,0.3082623572548633,0.2630211464892485,0.3105794129477525,0.15032132726908098,0.16286793674447086,0.06004022515608742,-0.012322019359781432,0.00750554710595349,-0.05883540433735895,-0.20532218837793156,-0.22780253223180566,-0.18742155362907803,-0.1303884730330657,-0.20066420083875325,-0.11258476099183932,-0.21682503720253943,-0.2551299275743208,-0.07313284553865734,-0.0657209856806229,-0.20847673399929545,-0.22328987336459147,-0.09109143782936321,-0.1499814898821421,-0.032081691384694695
-0.030642399024195084,0.001008799011667367,0.10205073345347769,0.25049722352951254,0.33826205272380966,0.33032003775799124,0.5126355339204367,0.35363501932611974,0.5112736843523288,0.50833200984483,0.5253554017942915,0.5261084609624563,0.5649833047237368,0.4698009275149931,0.590050344772493,0.4677065635791053,0.48772475251016856,0.4883367572927229,0.3076180801011822,0.287701593846129,0.19670178183989237,0.16149965865763966,0.14312721323651842,0.008824640879416475,0.04598282208454707,-0.05557338360863784,-0.09222828739177354,-0.22675928738411455,-0.13895553142479058,-0.13885201439291003,-0.11535653185627788,-0.15047312124494347,-0.16389756813094,-0.08589409999505972,-0.1473009148893221,-0.15665413155755703,-0.21754754035646193,-0.10596840556243006,-0.07309934944721166,-0.14672471198681253,-0.08153736580812398,-0.06547834303325054
-0.09358801276434309,0.08378429764436482,0.27445174483670315,0.23874432685174216,0.36632885010343036,0.3860864845511057,0.3975319593541145,0.5655522103307657,0.542886141958093,0.48719619364709255,0.5923207812896863,0.5634531586832741,0.6180368542203126,0.43886516996337366,0.5808780598340715,0.3727742470828514,0.40524598561378716,0.32575276879921156,0.3976956691873106,0.34346939330377035,0.1841286919943521,0.16599322900783836,0.049411825622760246,0.13736747407474723,0.023534468999504423,-0.0012913614832841148,-0.08437752084289395,-0.16116363621687066,-0.19532576221098333,-0.1857391906142423,-0.25423649361959505,-0.2794823448851926,-0.18780558523975974,-0.21343081700094854,-0.14404341615624353,-0.20641025014518105,-0.10263835832278313,-0.21407870907753854,-0.09944598364946619,-0.14345564500958938,-0.0933079448107009,-0.14476068085901572
0.04643581615963088,0.1274288870531869,0.11835563428950209,0.2241643561633624,0.22829100286240023,0.36196716914804533,0.3996494892518523,0.5244091123901874,0.5118535499935757,0.44896127540350844,0.4720918729959557,0.4332135082110407,0.5072512911522248,0.4787393987225697,0.5502030702638782,0.48060497928927604,0.5853986930044123,0.34039606014840734,0.40414062048521093,0.22156964477859464,0.3761826260390547,0.10866652602218047,0.1503372664656738,0.059456594551527624,0.01617617580109062,-0.07880366117442572,-0.054035231026382045,-0.15821963324897498,-0.1646490244168549,-0.1865545924268876,-0.19451056859316676,-0.172378410558804,-0.23609711312899856,-0.2029861050669402,-0.18049326180832873,-0.18950762147648853,-0.10740117706347654,-0.1683281681204647,-0.06590673073350777,-0.19450525049166922,-0.17971817329986778,-0.06799222061887712
