gfs-wave-data.json
{"header": {"parameterCategory":2,"parameterNumber":2,"dx":2.5,"dy":2.5,"nx":144,"ny":73,"la1":90.0,"la2":-90.0,"lo1":0.0,"lo2":357.5}, "data":
[rows 36 to 53 of 73, columns 42 to 83 of 144]
-0.4382114518536793,-0.41380196023805865,-0.5111052073966452,-0.44877906126188855,-0.497970066367831,-0.3883476865394499,-0.48038116955824,-0.4369929708183245,-0.35149151866654016,-0.43518923685606103,-0.3390228068705992,-0.38763699951530917,-0.25211777701059335,-0.30077265560850286,-0.19474084565137806,-0.1665880975711956,-0.2885318253604533,-0.2435216221887503,-0.21987193270604463,-0.19589472994027884,-0.35774730081894657,-0.27503252323130967,-0.36063533776452233,-0.3546379106534316,-0.5561428328920618,-0.5354838031496676,-0.6182926634570102,-0.7594880140802824,-0.7469708353004251,-0.7357051049078152,-0.8636962774583645,-0.7987829068888453,-0.9304190602662055,-0.7896934338631028,-0.773472606833229,-0.8668758988295446,-0.7956515853575611,-0.5741016108950079,-0.6061577065498306,-0.43796673830878197,-0.7544664326139014,-0.7827489471760448
-0.46994880298192815,-0.49333271691874875,-0.4934156973462441,-0.5084208740989027,-0.5548373725252658,-0.5454178239836512,-0.4623149880677261,-0.517469413972753,-0.3946138127028713,-0.46390867565312005,-0.2971538267333589,-0.24958758815996057,-0.3100442646974115,-0.33582993503005604,-0.20446765817977605,-0.30086688721658467,-0.184571364123983,-0.21483977772976035,-0.22355578390290748,-0.22728740847031545,-0.2609014211034195,-0.3606165397583066,-0.38485049456571063,-0.31145073772458276,-0.40020419520272343,-0.524514142945382,-0.6513570059384571,-0.6272607009766571,-0.6815988232098209,-0.7327410697926602,-0.9111166258098616,-0.9022867742651197,-0.9071952581638144,-0.8593155783550265,-0.7406172908704226,-0.7638859221835699,-0.7971775554491135,-0.5224579441888064,-0.7426053586517382,-0.6794724780874317,-0.5291757762926962,-0.6855412158606692
-0.4663550643624611,-0.4049371510011586,-0.4972343930711587,-0.42426598508810864,-0.4495669591249652,-0.5570399862780405,-0.5413640909566819,-0.4361896586317384,-0.4199873688591196,-0.37521356443951404,-0.32272192600051886,-0.2565483916581945,-0.3273098728230591,-0.32463679301801446,-0.2706174541217927,-0.18862433197136477,-0.250397403370026,-0.21364468750912552,-0.3062112401094543,-0.3296376207644662,-0.21240117013245124,-0.2462203655476789,-0.26165473466463657,-0.37907884256788565,-0.4184075976166497,-0.45044419944624103,-0.5150001522596682,-0.61655820272387,-0.7187870829415515,-0.7249796729990176,-0.8955457010086065,-0.7714347851644602,-0.8485805224447475,-0.8219565922670938,-0.7999710241665982,-0.8497291969163129,-0.7839090519508235,-0.7073921027529763,-0.6387028126762802,-0.6719298481042948,-0.4986237557307518,-0.49835809435870543
-0.5152975180266276,-0.352577422964213,-0.4008833436512755,-0.3864622875752048,-0.48598679268848916,-0.5205241306214665,-0.41828346004357425,-0.35496995853137076,-0.39022928645703936,-0.4006073472030838,-0.30007295832448844,-0.22889271294479718,-0.27707918858280883,-0.2514497136018353,-0.23425419106208034,-0.22915730680349486,-0.1660084594376289,-0.22560099376661202,-0.17408060795790342,-0.19080497589510154,-0.3210109446338077,-0.261621417608977,-0.31851076590818284,-0.25713075741457364,-0.4232985177475034,-0.5539174936186388,-0.6718441342212258,-0.6289909245482488,-0.6504765501783205,-0.6888839142459542,-0.8312865074588853,-0.8471897154578224,-0.8865824427512539,-0.9523721267243415,-0.8743687029015202,-0.7921763140212079,-0.6857451264807523,-0.6601114157594496,-0.6893630305213695,-0.5921237064507449,-0.5631099895430647,-0.7254889023308092
-0.34440814656574276,-0.42005980070491034,-0.5094041229092905,-0.5050510322476122,-0.3874400329960988,-0.4683606949725145,-0.4976101989776875,-0.4652755674133698,-0.4011164544260069,-0.32554207498011795,-0.35611661836650693,-0.20894215967653065,-0.3641947775153513,-0.31577857010770016,-0.28864007266366853,-0.1854273205653092,-0.2699848799831215,-0.22685389762558317,-0.18881381763757213,-0.26360907434004244,-0.24877192315152794,-0.29278042396945453,-0.2479532964456745,-0.32670968884875257,-0.397567908135966,-0.4866359352374465,-0.4266344048711768,-0.5881197493724843,-0.7062976645464315,-0.7054196846682583,-0.6898230554517547,-0.8438600594409822,-0.8935924957277482,-0.8161403029156775,-0.804467590827803,-0.8604942829067441,-0.6286274257634674,-0.5911246145487121,-0.625352805228401,-0.5313163361681673,-0.5258689850020993,-0.6130227770238877
-0.36083757162343477,-0.5175501761704435,-0.4078499869076102,-0.5339837641062906,-0.38636423713144835,-0.48397772295124397,-0.5040735291167315,-0.4358699899577172,-0.36774280505401513,-0.24858176181830155,-0.3632076124111323,-0.3810267441559034,-0.17116371353010668,-0.18029979029166873,-0.2840629658616941,-0.19428147574835228,-0.17066220976835278,-0.20313683206441963,-0.19375675199336503,-0.2431604034375848,-0.2641087335090794,-0.2916404732814598,-0.30818614332898314,-0.37735336690450133,-0.41441272602479035,-0.49852442316720746,-0.5606552750845425,-0.5927869506354824,-0.5887083240985777,-0.7552313974619793,-0.8161620560305809,-0.7221414760231861,-0.8120266559187396,-0.6958640060670335,-0.7919026668657453,-0.6668582131900156,-0.6830588120133876,-0.7697131507853192,-0.7991333969833544,-0.6668262463533516,-0.5834356170576958,-0.6413051237483105
0.03547355203912511,-0.0031803656645649375,0.042517143227621484,0.013344626112688829,-0.006089855049289373,-0.017654732552173754,0.012939336966867474,-0.02350823277613519,-0.02198196384242744,0.002082550983050787,0.018817168699299388,-0.03536919730370457,-0.012685540883153885,-0.0021603041839305037,-0.027505132125587126,0.0027543913277960166,0.014752165858815995,-0.021678520891528993,-0.020350523050082208,-0.016940629495866038,-0.02036523071309619,0.013948869047974224,0.032254748061031714,0.005073263967581571,-0.009838925477215783,-0.024251137307575346,-0.014140473380340154,0.0053969819414727786,0.02518515175153213,-0.024865437999255866,-0.0457074793251653,-0.03361769767489885,0.018663551679666227,0.008138148485811849,-0.025733229511211847,0.03430382077560836,0.014201766435748114,0.014058153995539077,0.006482007768360965,-0.01178230226590409,0.014133304180441184,0.04908850603383289
-0.6398784332195947,-0.7833340833370851,-0.8486271029571699,-0.7716118266084708,-0.8201239305743679,-0.8265697994804369,-0.4910211957392873,-0.6151506797817562,-0.6811753010343853,-0.5981598786933385,-0.7782892939752107,-0.623277659853469,-0.6326223993163936,-0.6041847317611794,-0.684706198493599,-0.5814764643708221,-0.7242995114323851,-0.6759897612991597,-0.5735289571095668,-0.6932921184754641,-0.49572652268485135,-0.6077826989256119,-0.6856597120688254,-0.7187840851948033,-0.6762978504899216,-0.6489013509494748,-0.5007860800221053,-0.5626152768342969,-0.5469118624134652,-0.6923709139382819,-0.5399235378909896,-1.1112686026911134,-1.0348327505802655,-1.065251587772782,-1.0647520827583752,-1.0898439838179,-0.9776454134024937,-1.0618823933651629,-0.982412658578717,-1.0839181416590076,-1.1041386685316892,-1.0159858086609117
-0.7329013013166531,-0.7995620428744764,-0.8225476563894032,-0.5372607251980527,-0.5357729789215974,-0.7773559510534472,-0.6578031559715266,-0.533981351535859,-0.6525190857602626,-0.6195149444670146,-0.6099995782435655,-0.612060958364041,-0.5783319911976436,-0.5547860488129812,-0.6373848231766183,-0.7007892428187907,-0.634063186461885,-0.5003580422929937,-0.5433770144570951,-0.5512322114893712,-0.6120182384394993,-0.5852876608966738,-0.6436929425126047,-0.5865388239181507,-0.6167168471451272,-0.6985117379132818,-0.5262675653275087,-0.6732598430340141,-0.5390056801126222,-0.6227988743790118,-0.5639826297783074,-1.0688695366904266,-1.0363115446357278,-1.0074133014329607,-1.0120916602288925,-1.2366010771335136,-1.2180163627972307,-0.9691950809812996,-1.2008391655659005,-1.0052052844597597,-1.0958863360474471,-1.0472622395982376
-0.7051998746941671,-0.7269578782199124,-0.7838710226351537,-0.8428247166183348,-0.8225062884368076,-0.5930827275208926,-0.7252496306328524,-0.7923927176131318,-0.6131903866339538,-0.6427009540619676,-0.5827809855269082,-0.5961969138776531,-0.6891585323022528,-0.6568948169978481,-0.623231751189294,-0.7353639963711223,-0.4793912116214477,-0.6104435806846641,-0.59399018972397,-0.7250709568779503,-0.6662072088199664,-0.5883658814786157,-0.5956113827221201,-0.5919410497242888,-0.5297477631640475,-0.6007207641431199,-0.707862883793409,-0.5753359278964519,-0.6834254430770681,-0.5311912912956822,-0.7376924222854362,-1.1543587491467202,-0.9177530345813395,-1.1327353348103935,-0.9577972691479681,-1.0980894134561743,-1.1432130736524881,-1.1409451453032973,-1.0504730612624786,-1.126668428359383,-1.074556970854871,-1.101842467907638
-0.6172909276240637,-0.7135362748339704,-0.6727823435810389,-0.7612696653746668,-0.7802984000408699,-0.6010489128368308,-0.615778996393987,-0.6856019595207802,-0.5502639363961187,-0.6658566538241409,-0.6685062729163093,-0.6965083907252749,-0.5671980279925298,-0.7605442464433567,-0.4558954219106686,-0.687300376311329,-0.5484378899189715,-0.6298517860260773,-0.5423291101524114,-0.46174005378774713,-0.49631724295737495,-0.669969000713255,-0.5810415629449552,-0.5130821252953081,-0.5858405370574099,-0.5922662120508753,-0.5213479407809242,-0.5815201681616501,-0.6376113278191939,-0.5052662202992424,-0.5752609137808965,-0.9522266288053546,-1.1247852933872622,-0.9627585831352602,-1.13974753025339,-1.0680591513730384,-1.0533790044397622,-0.9528408450684557,-1.1707337960482955,-1.1570804604609204,-1.0784721129784864,-1.1594302256409836
-0.6736111315653988,-0.757625190607887,-0.638116428880394,-0.6476244013856013,-0.7399846981845974,-0.7794433502162681,-0.523109637931531,-0.49771591857745895,-0.5177817849034837,-0.652658605023009,-0.522380219923707,-0.6932765739072958,-0.45421073431865727,-0.5063601063821438,-0.6215617113153196,-0.4629609707753817,-0.5041987948273411,-0.586760891445004,-0.5181866955835405,-0.6322526284716974,-0.582918251374596,-0.5090517970928116,-0.5281293829483463,-0.5611064544453094,-0.5505307235771337,-0.6065744945769539,-0.5208355387091063,-0.6186673419649809,-0.5831755732904442,-0.46995027513481014,-0.5164841297648932,-1.0960366228599479,-1.0443498943277199,-0.9060298630730983,-1.0143486259273504,-1.0597552658362412,-1.126396318887608,-1.1060456751869925,-1.0471052476689267,-0.9987233165743952,-1.0520928374805945,-1.052063783099057
0.0051390910111009,0.03890938768239243,-0.022996895160185032,0.010479643207080017,-0.0018544553400900367,0.0012153948505354646,-0.0053495689969741194,-0.00453065712566405,0.011431135009063764,-0.013194376581088615,-0.0199042275075679,-0.012415918677736884,-0.019551633016016857,0.00592822086675954,0.0029517231467380612,0.012755737743839809,0.001984136235222057,-0.004749917186666728,0.038720069878969726,0.006528583824703832,0.03445486267620726,-0.005274119606833236,-0.003275054975367223,0.018068882302815756,-0.006958552047932407,0.019314884671528358,0.01756590068728091,-5.2972570909226964e-05,0.01578099565468113,0.011549008376599668,0.01404933247882014,0.011654867675013099,0.03223297223663062,-0.0279660894618427,0.030957843046431364,-0.010076698916933604,0.010058076363681098,-0.01880622793993561,0.03880923625249841,-0.020245470866461324,-0.010701418716252836,-0.020005297275257513
0.7326921799472492,0.6443994863561878,0.7574505950128456,0.8487655207481211,0.6758174646433057,0.6824568037141271,0.6470342271530727,0.6666932214800215,0.6103827795872971,0.5885646689477383,0.6199790287387457,0.6781815180264406,0.6648573949627269,0.7577621035435543,0.6744319571809548,0.7151992076529318,0.681293177336746,0.818581410756101,0.8344142984076113,0.8001827841552045,0.8689412051156753,0.7749004771552616,0.9243922815583775,0.9870557872307559,0.9818012121115324,1.0538167549055466,1.0395740554539075,0.9951331968463308,1.0514221169223505,1.1265817176232578,1.1982103132601234,1.2163145276529534,1.090662066312359,1.1070900791217535,0.9505714045561288,1.0097889582708608,0.958099879661377,0.849727282550289,0.7816064902636255,0.9376939507292917,0.947956727398911,0.7662234938037465
0.8000593234345972,0.7444716234957264,0.7764834864141466,0.7750035422588152,0.6373801612012343,0.7089322558952843,0.7898116969334759,0.5615595285459364,0.5744614847649481,0.6046238533349367,0.6439565292495903,0.6899320617824993,0.6690562063806829,0.6489541517011176,0.7201076780806261,0.748926265223914,0.7811242158943689,0.7675202667933005,0.8953726744974881,0.7838452862488606,0.7533473369586787,0.897499935476177,0.814618936309665,0.9196251449424786,0.9194153231443043,1.0631449690308463,0.9618595945233476,1.0394257699855711,1.0587849800823668,1.181268316107876,1.1323050469931062,1.155428548038941,1.0904484330213582,1.1244234151440677,1.0861990654242455,1.011266548191926,0.9282870081607466,0.915855873866207,0.937146821167579,0.9652866703880878,0.9656712763603923,0.847190581044446
0.7199539713726402,0.6954342670018812,0.7937935484333731,0.7080032903271896,0.6714902361189854,0.7578502302622657,0.6829295902749224,0.624788931784555,0.6184355483234969,0.6200761765375218,0.6755888317212845,0.7764328106817869,0.7525883434040189,0.6637009779605475,0.6574839288735133,0.6260958383364228,0.656719790982623,0.7462866464584508,0.7940315898802035,0.8799304707170866,0.7389346288238027,0.7625245804103975,0.9371863760796528,0.8293975056253794,0.9936067012292848,1.03419086236896,1.0184854736970093,1.0045040450539091,1.1662612502647292,1.1909813408817216,1.0834782334892288,1.1823777116045024,1.0991351889732415,1.0929304716331745,0.9987495152909592,0.9785964163611723,1.0439502043636577,0.9038738631340083,0.8706540208545885,0.9056371928454108,0.8772037062722325,0.8683558117597986
-0.036006748417503176,0.0013835898900660419,0.0037652833449476637,-0.0070362450663630175,0.0024664667084715545,-0.02020071164426528,-0.004888632752819632,-0.017600970711461286,0.00297140725521924,-0.009030594728369251,-0.004854744118775899,0.011468999022325968,0.01794743377835725,-0.020857226408178917,-0.01563507214712758,-0.023107993243711763,0.003757069587779298,0.004735873516275357,-0.018024245755977136,-0.012290452880651934,-0.0044409264731129034,0.004883503631806991,0.01080425055971354,-0.012167082013200306,-0.007633346199248752,0.011937640557510716,0.015414746910954565,0.026176683372137317,-0.005770636615529734,0.0034268472593962187,-0.024053565523876195,0.008317809583202032,-0.007413426627131273,0.014187464972678957,0.00647248598331625,-0.01965392808226458,-0.001253703198568769,0.01893444127890283,-0.026176524967466707,0.015134609416109524,-0.020700967964113925,0.008775048168495822
2.516429440907533,2.5381633708177356,2.3457168072636043,2.386682818148357,2.1071614367819014,2.1983396376027606,2.293501278198704,2.278283648214838,2.2892665785817026,2.028381241526736,2.1385763709585617,2.086118769400414,2.1622325604713546,2.2060729023326213,1.8979932844790117,2.1577269234351317,1.8904531163733558,2.1273254699807786,2.024948706852202,1.9165357508576597,2.0719602230515766,2.0646157307321875,1.949398705740246,2.1202882374596816,1.8619871767380394,1.9195904490132107,2.0024404956917183,1.8785033098213482,1.908070527089085,1.9937617573303579,1.804422729242213,1.8810751549866647,1.761424288285198,1.7506769518144674,1.699317034563629,1.713356065758962,1.5942741569163978,1.6328196753347244,1.530452120052773,1.4567839355886938,1.4042936294409503,1.3952976984699172
