gfs-wave-data.json
{"header": {"parameterCategory":2,"parameterNumber":3,"dx":2.5,"dy":2.5,"nx":144,"ny":73,"la1":90.0,"la2":-90.0,"lo1":0.0,"lo2":357.5}, "data":
[rows 19 to 37 of 73, columns 0 to 41 of 144]
-1.349320543452869,-0.903221136868309,-1.139874377482407,-1.1515583340040954,-0.25041966656335535,-0.3311027391048077,-0.23476854781395828,-0.3445728761500236,-0.177299120292683,-0.25077569087412505,-0.3427743603514443,-0.2922063953148524,-0.27025856955373456,-0.2902766677597868,-0.3459998687829444,-0.2704061059910875,-0.27170098660978353,-0.3098575826928546,-0.33988963512670334,-0.24975713199322458,-0.3239577958738981,-0.18653954945969414,-0.1872544186848321,-0.3507685263709784,-0.30431911542716605,-0.31834510717175696,-0.16257087412718305,-0.17653347239743844,-0.20244092460875426,-0.23628638552251374,-0.1751962241357644,-0.35302203498762597,-0.2721938243185285,-0.3332983380831664,-0.2945802098286715,-0.296852244075014,-0.17735113591997956,-0.18001066361392043,-0.25451898486581354,-0.24557103196933763,-0.2788579699952463,-0.2585136014037441
-0.24744959745577194,-0.2170197185523893,-0.35590629564248627,-0.19807415554266558,-0.2573880837257402,-0.3235444399472129,-0.34593611797874785,-0.1931632613967498,-0.3497858884718466,-0.35477679553411307,-0.1815351010719954,-0.3610419333820029,-0.29165001186538003,-0.3478099542696736,-0.2867331732214136,-0.2009842134199514,-0.21669036485811535,-0.22700958208924202,-0.2846964284564966,-0.25482005165053545,-0.3490184354995668,-0.22610001011700814,-0.24937341487889567,-0.3535166443014178,-0.19049293558012748,-0.21538429623879501,-0.29081040167415156,-0.2691786798451871,-0.2664677275022047,-0.2493043436790346,-0.3128148856116681,-0.3714331469210017,-0.2903231522043574,-0.292850080979531,-0.2322423071338722,-0.3319295286798544,-0.3015301187680248,-0.1787969233355435,-0.20422782886224833,-0.17826394013411592,-0.24020756316991612,-0.2562388258354228
0.1928131763045836,0.19645419861367847,0.046552686696631096,-0.24758097635152473,-0.17670355335213161,-0.2971869405897613,-0.3530329944085229,-0.6591507820864136,-0.3633075435433518,-0.7868512107852202,-0.7303458612435534,-0.8164786504888853,-0.8520735734585292,-0.5451689201119316,-0.6795261302174905,-0.9296723347988556,-0.6176247709135021,-0.5005694442378273,-0.6966595009975283,-0.7367922396089428,-0.8316383802934294,-0.5141126357159543,-0.84311514964194,-0.5856884549287148,-0.3682357576761022,-0.46696659103253646,-0.4514636409116089,-0.3083606723489881,-0.4026827748769173,-0.4979896789790033,-0.21137335798086487,-0.3386729954441436,-0.060727713233011314,-0.29725474606306007,-0.2086024036179141,-0.05377715201867393,0.16787683523211194,-0.07571789939335809,-0.05585460481616473,0.05938563331676719,0.2533476226106556,0.08720939651375269
-0.1775356475861094,0.17087731029492167,-0.3766542105294097,-0.47446493479814855,-0.09589041109602071,-0.3661905050283622,-0.6366860135417296,-0.42638346426361157,-0.6424825788040256,-0.8641947628946003,-0.44464371582481355,-0.751790710749457,-0.8440481607598566,-0.9239349168377163,-0.797955518183797,-0.9422937147301373,-0.7295791177899102,-0.9242063836158506,-0.5077716846413767,-0.5572796795250969,-0.735931674759703,-0.6614950095178267,-0.7658087090876349,-0.4296470891247793,-0.6918978705367445,-0.4406389090762531,-0.7012030502186117,-0.613124858697827,-0.3031114701512421,-0.43807707171028193,-0.2778618928114433,-0.24782222029826967,-0.023979405794980882,-0.20240565143199402,-0.2031288842945866,0.0827625318981587,0.0734563691665547,-0.01650839846238042,0.26767230995928276,0.1963721895812566,0.052121248078896266,0.24815556909712308
0.14001778439865928,-0.28974217055567897,0.0031405970122812964,-0.4802073786456421,-0.02643113840149838,-0.5309352407657698,-0.4268780964451346,-0.2781320638328675,-0.6161473304227794,-0.49503290387083404,-0.7823773688505299,-0.8674914101389668,-0.8890068055295158,-0.7536677931532999,-0.8824149979882955,-0.9533925189596528,-0.9304523370319859,-0.7988981214292855,-0.5719568748691175,-0.7158181660691159,-0.5256992200685746,-0.824427488882518,-0.6627718714136512,-0.5705184323780015,-0.5732592848467654,-0.7549840287297419,-0.633041538441232,-0.5771295350648715,-0.28526632574937694,-0.427781940514208,-0.4213228182894805,-0.2591524349856709,-0.25288571848328006,-0.1872039516534756,0.04990943010965012,-0.11612737146522231,0.12857539538834686,0.0278907372106627,0.22439545292048627,0.2846180809633841,0.11762358313665902,0.34803162147330735
-0.29020582510307774,-0.3775694835837291,-0.3405045907718135,-0.2289050246310382,-0.37442218747211126,-0.37310937651903464,-0.3635672231721029,-0.2293049836145085,-0.364489184929544,-0.36302883538893055,-0.2823676130496871,-0.27041861130593503,-0.37813142198957483,-0.38697293963730073,-0.2421947261749047,-0.24347349322840775,-0.40450838053728105,-0.3953774909865135,-0.28899599350069927,-0.42228042352642503,-0.26750318727138855,-0.2318518667030684,-0.25417797463333186,-0.3065620622542814,-0.32896485275580767,-0.2380022758164926,-0.386068911191106,-0.29033037724838695,-0.3229463797269797,-0.29131075361415076,-0.3892748239426373,-0.3963602638697333,-0.3805359521580755,-0.31496719423844216,-0.3080482812010058,-0.34647878750826716,-0.29159099824347995,-0.40391869422744564,-0.327322394212146,-0.3089766916907621,-0.3928338681506271,-0.31952860315259407
-0.5785263175826246,-0.5193241834218606,-0.49709738541453735,-0.38795151915197,-0.5468261649877395,-0.5846625206824163,-0.3953998281860026,-0.4106755288605712,-0.34132938497816795,-0.675364144146489,-0.5400501008113333,-0.6361959360026109,-0.46857462647653797,-0.2932502029288464,-0.5953266200695249,-0.5062192621930629,-0.4287974232626582,-0.3183196701790684,-0.37432826524870755,-0.4194733291505949,-0.3671197900281695,-0.2846595139669455,-0.4755245249276465,-0.25142403737771324,-0.2537009942194302,-0.31241327284035286,-0.5129878857119266,-0.46781012924490256,-0.38905496215934465,-0.36710488661754886,-0.028117628126031267,-0.2517099479253525,-0.41987225278338813,-0.2682506390174051,-0.1891113966727682,-0.109589020934549,-0.2519665484537679,-0.36069000322485173,-0.4196457187947615,-0.16739611493741982,-0.1628186526031165,-0.28363123662708895
-0.6415790289286548,-0.4573895632693526,-0.5553221947934991,-0.4879626642106686,-0.4529164104594473,-0.4166955115974347,-0.4355131318469793,-0.6458380768504348,-0.46998433239044674,-0.6225409321187861,-0.41571245394730877,-0.5371921377660954,-0.6118198870466454,-0.4110792444870001,-0.3392156262297681,-0.18734502798118582,-0.42752315646967837,-0.15511519241559696,-0.5374135764220452,-0.5114892997558418,-0.26787510370935225,-0.47682967841840035,-0.3749650404820526,-0.23783435659615104,-0.3622349933491882,-0.4610555101518343,-0.21964772998662385,-0.044709437801911674,-0.11016969262785573,-0.16823050336000428,-0.4651398279415709,-0.20718939792069013,-0.2515342700289042,-0.1482214247578913,-0.2697919508424422,-0.2594227657939754,-0.28757030327675165,-0.23199600095584666,-0.05282364646751237,-0.25022469741892306,-0.18902054281411695,-0.28273324647436276
-0.6807044386263064,-0.603358663498101,-0.7371424715517352,-0.3813025427312673,-0.5033489360219969,-0.3571434284758384,-0.6472087816725216,-0.7086353000508812,-0.45504129078625455,-0.32344377786209105,-0.4896677136382837,-0.5520758195791163,-0.5761553800952762,-0.511950510914213,-0.2616694532732374,-0.5717282233728531,-0.2183105783693226,-0.43441045451261723,-0.13674382016687991,-0.32673865704399496,-0.17684158684532753,-0.385271831780088,-0.1461583454193356,-0.31241991645602674,-0.10186720668474591,-0.10034810855732969,-0.1707037837501999,-0.11674867341017522,-0.33853754910045936,-0.3573663357997566,-0.46851402549166854,-0.42482709073883274,-0.08150392990822276,-0.18892598569698943,-0.21179798820081228,-0.15209153959072508,-0.4272633667263076,-0.22951550896979173,-0.15576833767953238,-0.21471938182936562,-0.11512680382426145,-0.22778786135148357
-0.6017576915239776,-0.5717610795424362,-0.6179616133627135,-0.5295897655074538,-0.600296232636182,-0.6184421569288956,-0.662868953506249,-0.4891786189899394,-0.38622873588163287,-0.3084066628164265,-0.6616327509619967,-0.26060015076250054,-0.5952679715718696,-0.29996438085101224,-0.4378786219207837,-0.3676702488394616,-0.2705950111084575,-0.5059812290784008,-0.4040887867100791,-0.2753665056001562,-0.13260223054339573,-0.5271087428932456,-0.4435247565316336,-0.27377964491372314,-0.41824664591711785,-0.45886280299587456,-0.18881519918002626,-0.04163001306862941,-0.40439317094727595,-0.14537742584978205,-0.12026836975109603,-0.1782674746513857,-0.37115743252641525,-0.09120239323629557,-0.331953175875438,-0.29458595088465334,-0.3447543102522522,-0.31468489027726226,-0.1374426955777194,-0.09287370466037959,-0.14163193551697337,-0.22696893152701253
-0.6395534515329927,-0.7214437165798163,-0.4255723552466423,-0.6953769121059179,-0.5073324746265294,-0.6144192501829979,-0.41835405124836944,-0.6509726918987465,-0.46154249237964545,-0.3182732370973258,-0.5624638683426691,-0.5869113372807196,-0.6125508028993615,-0.31069826341824536,-0.39381282296756004,-0.4381647046841034,-0.37475598320176295,-0.3115372818985722,-0.24241882906815612,-0.24935932619859702,-0.21833131378269155,-0.2367406753923992,-0.39209225371717366,-0.4204334351868132,-0.09446077841967268,-0.5434850056436867,-0.27339428070553556,-0.3359837279989221,-0.2557393008566954,-0.07092738101538848,-0.4482414499286011,-0.3925479838389727,-0.13043380565674878,-0.15887307811004,-0.035875977578394086,-0.3420084923793664,-0.24325543463923785,-0.2798035334814434,-0.035504399133025916,-0.36961455292609285,-0.027149400733017783,-0.25336236990737554
-0.35891898888968665,-0.39118546316975067,-0.43431822117724894,-0.29736903211810356,-0.41567711040416333,-0.2931016830934154,-0.3993271003327341,-0.3995936368220106,-0.3894562583119719,-0.3032177490645312,-0.35639799884265094,-0.3422124179592814,-0.3568666173723845,-0.43366348479496303,-0.29339908267437503,-0.2824325440605973,-0.45821652084497383,-0.43976684373397046,-0.4004861408055603,-0.34698799136623565,-0.3731103621554898,-0.4616713642833144,-0.35629360557487205,-0.4237354520549422,-0.3579483438466676,-0.35441751487045575,-0.4772643482834004,-0.3958602625923893,-0.29585321810623305,-0.30559259719102255,-0.38299588638026233,-0.3999826562876429,-0.3263292603882046,-0.32166639303786165,-0.453781844106531,-0.4075010078349174,-0.38446285395831103,-0.42329592400668314,-0.3687434452318317,-0.33989130702393194,-0.47341240860509304,-0.299985738663763
-0.15656783901303423,0.22267130383552877,0.19089184720105956,0.4560486913193203,0.6544673477432831,0.6228805035640054,0.8208498222750522,0.8570303269408504,0.731380202528504,0.9371149720463813,0.9271732216650398,1.0483882768299015,1.0052022407862313,1.0491755331578763,0.9844918098420851,1.1679091523701808,1.0722272914709365,0.7707607656715628,0.8129269198678399,0.5506892099589397,0.6869353372430985,0.3777927610323501,0.12164203984826644,0.26375461235033437,-0.04346265449934197,-0.13582660201751556,-0.20020623339681687,-0.4536355301866329,-0.5365843812201428,-0.639021638637573,-0.8723450188230246,-0.8478765855607767,-0.7729773675484966,-0.8916383047544069,-0.8850064608700433,-0.6736317428216507,-0.7886172886679701,-0.7514542787680523,-0.6792239997423876,-0.5873716418146645,-0.5289827141373575,-0.539559026811107
-0.1487477868199175,0.23405706799975934,0.1626455137793448,0.22448423151635877,0.375629383819223,0.49776788649128373,0.760010606654127,0.8967515773586077,0.8679346841394368,0.8834545343672588,1.0349377204733754,1.001509853912484,1.1309724795228218,1.162639848934594,1.1025652168250824,1.0564564901218645,0.9989696048472435,0.9313270267599423,0.794907480518572,0.8935210439259113,0.7042040044957923,0.34016849390908216,0.20107778393906148,0.0963174746056907,0.10267518868296174,-0.19653810354712342,-0.45027870301165457,-0.3131035525605353,-0.5277044149342247,-0.6941821789426611,-0.8028046309555744,-0.8302286784908088,-0.7416830125491893,-0.7532819054582536,-0.8340797105767269,-0.8196612281239063,-0.7645383661902861,-0.634339236096629,-0.7035283422736265,-0.6318846252793369,-0.5356638020713487,-0.6176387118328197
-0.12168495076579587,0.22745327766564896,0.3664230746643834,0.5080547251635691,0.4829086298492274,0.5811087454716053,0.584798631127651,0.791749784163864,0.8901192867165002,0.9609255250600985,0.9761428240835209,1.0718606140396874,1.2235361926495394,1.2151573770591622,1.112405312822058,0.9845802957118748,1.00689163026356,0.874202409009442,0.8188309355149602,0.6978861877625318,0.5603434989250637,0.6881455630037102,0.4645061566997169,0.2246196472235891,-0.10594481669878658,-0.19381751849555467,-0.270926851657292,-0.5203587570402829,-0.7752543677816034,-0.5681294818617794,-0.7355733436084143,-0.8224524082585728,-0.7948314805225425,-0.7981846053264582,-0.7757772412845361,-0.6819073308196699,-0.7306153908621477,-0.7346803176801131,-0.7931339050733505,-0.6014089456344589,-0.5166264356876081,-0.46843524944261394
0.10813650236168178,0.020281334227136846,0.31712991829706927,0.3749872128781867,0.5855527453486385,0.7288846775274941,0.7470048925720839,0.7538380704517026,0.9295134059022531,0.8842568575436268,1.0241394357479157,1.0927982760364345,1.1103318540746914,0.9073505226050813,1.0333265996456735,1.1325569682367445,1.1396468905361343,0.9780411226565087,0.8091800810942597,0.8250149882191063,0.8599829832581333,0.5018314887865172,0.16614047905792184,0.20613471248901122,0.0839206447758775,-0.20849958433532645,-0.15187388604800114,-0.4668599074188666,-0.5024399464298904,-0.5531712030190619,-0.7216879742699629,-0.8503537380460902,-0.8270229477388221,-0.8597561899441741,-0.8652054015042874,-0.6959082914809673,-0.7049928902445284,-0.6337493272649113,-0.7150590118914237,-0.5463536393353318,-0.5706587920296153,-0.5546931809358202
0.1213274380306269,0.054898227444753714,0.20303569849345507,0.2897132165666452,0.5359692264271515,0.6244946423118057,0.587118364280933,0.8947214596123887,0.946039998824011,0.7892457999414965,1.0175536723602643,0.9779333514796893,1.1749480990515382,0.9608058045231275,1.104820521793691,1.146465087367055,1.0753047216083627,0.9605908729444216,1.0293580552302501,0.598392685951594,0.7759786126694673,0.4016783076047934,0.25004820722273313,0.3677451516703025,0.049428791595328134,0.04353256370390525,-0.25575599357149364,-0.5112273377339251,-0.6840307598472397,-0.5862448446135617,-0.8806890384230771,-0.9001649703624978,-0.8296285130769984,-0.7266537249514194,-0.7954408072787895,-0.8630102095994041,-0.7486457414007246,-0.8677543324849734,-0.574169163014642,-0.687299083702431,-0.5381795049851454,-0.5275993991041066
-0.13336994104479402,0.18153086309368013,0.17274622121872962,0.3624405322017014,0.38292436230790267,0.5625507224804077,0.6684335313154286,0.8925696567946766,0.9446552269920678,1.1151369588891558,0.9748310593018494,1.0292695947705293,1.0165794590643937,1.0947480987624394,1.1381984803594976,1.1118601886017658,1.0208963262198751,0.9906001422677826,0.8516780130915785,0.70426058223005,0.49510180314264096,0.4320139763288565,0.2271323677949041,0.2199096649315261,0.06509486963528824,-0.16138139271519217,-0.1853767201185215,-0.6088767782914128,-0.410451229408414,-0.8159290439807111,-0.8872160686120124,-0.8465758911188416,-0.8227963136493976,-0.8094679975614447,-0.8056893503126316,-0.8151779379836838,-0.7878774974120745,-0.6734637616493623,-0.7187776988089657,-0.6642677732714641,-0.4879838944244158,-0.6327013644186461
-0.12177899161017947,0.13259937009909975,0.24448377387222875,0.29118990914359816,0.5773783614368867,0.5690728297836943,0.5588511249811565,0.6962408749966641,0.8542432808209999,0.9261258250480271,1.0878927372555995,1.011819754689755,1.1091293806421711,0.9743259638515731,1.1506956056382034,1.057689906107444,1.0786187849132132,1.109573263613275,0.9414425212690022,0.8132483239091979,0.5501131449603821,0.4296871265810375,0.34642103694729387,0.05201454565827501,-0.1246230341755825,-0.3742714485762685,-0.46185355599374794,-0.2709741622585102,-0.6668350569108651,-0.850728379276593,-0.7266477294810306,-0.9158643017619488,-0.6991376405542362,-0.8070308138207879,-0.7973074744283402,-0.8786313386232206,-0.786876227387657,-0.7680026230892009,-0.62692860620814,-0.6633254336135838,-0.5513422789033302,-0.5379739267374289
