gfs-wave-data.json
{"header": {"parameterCategory":2,"parameterNumber":3,"dx":2.5,"dy":2.5,"nx":144,"ny":73,"la1":90.0,"la2":-90.0,"lo1":0.0,"lo2":357.5}, "data":
[rows 19 to 37 of 73, columns 42 to 83 of 144]
-0.083239694123271,-0.06912624595475902,-0.053479678117844986,-0.043227282608551514,-0.1405163863437812,-0.17838654439136362,-0.10824661183536236,-0.09565890929591259,-0.08398441021854512,-0.12661690238368103,-0.015768091931433623,-0.13544808150682058,-0.049462679978908373,-0.02334272110969792,-0.07776741787413267,-0.06083118286187167,-0.016191621582058027,-0.13061452366958398,-0.14908373577239453,-0.15109526120043737,-0.1946773882320351,-0.07144012839333252,-0.03741764883514481,-0.11957295243519878,-0.14249522967083517,-0.19650321648072194,-0.14308198091987873,-0.19407874081052814,-0.2004352931211701,-0.14040809257123982,-0.0997010710660171,-0.17861782909026327,-0.01352172890454744,-0.19216363714475246,-0.07705930174438015,-0.02330880301641029,-0.11924112056246734,-0.15135822424587217,-0.035044935564957816,-0.1992342454326399,-0.18896807780901598,-0.05702418390325456
-0.10601071784539763,-0.12433549055474005,-0.18540199207376493,-0.17477572241125944,-0.0271842447671188,-0.042906617122018334,-0.07779293178292246,-0.17677830615361867,-0.1693464214077628,-0.040267994470543376,-0.06780184387388975,-0.15709152799339493,-0.1577035382885771,-0.09649423922573658,-0.09046941714552638,-0.12076649714294412,-0.014158173024077549,-0.09334166196638143,-0.19286253518677063,-0.16777387043372638,-0.04727676775883236,-0.02492539261504705,-0.0643581697578414,-0.19663240175185395,-0.08634066524396322,-0.024024406022453607,-0.023064013262276556,-0.17290464090330085,-0.12453719082096348,-0.09105494615889001,-0.10877955245842502,-0.19165337735771784,-0.1484702056020398,-0.14130259195477915,-0.04110002972653889,-0.008493751013483179,-0.09358657546808913,-0.1242293074880374,-0.1735171474580383,-0.08739116472763976,-0.14931800057923028,-0.019569277630297498
0.11712556237639525,0.19564186725004898,0.27279074227338557,0.16093901693967672,0.15742577163119695,0.21351456907175512,0.2637196678956708,0.282530503834322,0.4133101127351688,0.3909168194808449,0.37828467246063735,0.4122678525821167,0.29026610355749627,0.5052717641824256,0.4752722561098845,0.4125390806094482,0.37891659295453045,0.3642253559521425,0.421763297368287,0.25379894922378027,0.27225374270143143,0.29620890908206854,0.26384242471287284,0.20357156669600204,0.1935189799891896,0.3731683843770129,0.04833038268952456,0.07684061837429891,0.1019148547448011,0.018059803090056833,0.06463431859570047,-0.03172776877102176,-0.20606085939085983,-0.1968172826010485,-0.23418737027366063,-0.24674616155358375,-0.3402018287143964,-0.29857893025037613,-0.43872481230659105,-0.4130741042483477,-0.4320930820199291,-0.22219113929879974
0.07877826329990281,0.21650137615952011,0.24098164580034614,0.18239117061738916,0.37606159463994754,0.2963384785019209,0.23605312535270664,0.28774612128185184,0.3002745017371407,0.24821525497641636,0.3539605777115918,0.4185545925722744,0.44720938461625503,0.32859133624691605,0.4468104745742155,0.3641906831129524,0.48706835558839695,0.46974080833579696,0.34793956374793067,0.2998767891042152,0.4744418661593888,0.23409662165483355,0.27547329224922384,0.2594820345834832,0.3715421981873764,0.29176509444933985,0.08184754948375483,0.21713009891358814,0.14720889825273537,0.05984801349337407,-0.05867907880276884,-0.24345115490088642,-0.050148338704469546,-0.1840569085538491,-0.13966996824028188,-0.19223585554058326,-0.25591214095709086,-0.1518640681262215,-0.41792288519193,-0.22151484419033535,-0.3029007252881128,-0.27035098907102256
0.10701470654040646,0.18856529330128585,0.10809424245269973,0.18157053029215292,0.19294555091068927,0.30974140007868034,0.17518403921632736,0.38671314033702753,0.25070352672328017,0.39209585855213086,0.28660067293311764,0.3740262067728035,0.47188066526323247,0.49130583712665227,0.4482374113463798,0.2795113756212251,0.4043971484846053,0.40849105727808477,0.39481299521028357,0.286370457819947,0.2605790825656079,0.34456817089771796,0.15869855380783665,0.4469565433111866,0.08607687478338166,0.07170710028613592,0.0438649049250529,0.278942314431067,0.07758502198204623,0.032325567855449475,0.13324678235002618,-0.11533989165518788,-0.14160497428668042,-0.19622595097265624,-0.007976528469575387,-0.3322709147875407,-0.2941119466393712,-0.20907284917143099,-0.19717401699626072,-0.29025972069787287,-0.4497268339033336,-0.4357899169560783
-0.021857346092349055,-0.09733161540947392,-0.14163210505850127,-0.16813396322711974,-0.15627613578028524,-0.19646467740888154,-0.19015330442692893,-0.022191253102005436,-0.09631920632065714,-0.19184873939945477,-0.04528017056612529,-0.08168492671152859,-0.17933519148805255,-0.12167443864529698,-0.1250516035494338,-0.16406425683758022,-0.10749811079959194,-0.0991841658012999,-0.07550368215534081,-0.19288574904725492,-0.05168065892780143,-0.07133649196630301,-0.05545369513139387,-0.1627164995096234,-0.13206606577238267,-0.18602279458223234,-0.09817185249279972,-0.05387704487708859,-0.017426821297147135,-0.14568276639291128,-0.1955839187141257,-0.036112795461877095,-0.17967494977630308,-0.18735534689643102,-0.05156661450783961,-0.019076135179467244,-0.03270784889396465,-0.15476132150501476,-0.17559135135583187,-0.079293080858945,-0.018715858355053534,-0.18171257362887297
-0.21703462086723177,-0.15934922453252762,-0.2992537211187348,-0.05885768768602694,-0.111958867554402,-0.040991190055803046,-0.059845988340240915,-0.25877197202834956,-0.1270797399901253,-0.10753677334738405,-0.19648342667929594,-0.3653039358619419,-0.13987395901304658,-0.3353846713343774,-0.288594687222984,-0.19269415269426454,-0.2913182573774972,-0.2003032994355149,-0.13756072745056128,-0.19825894414084105,-0.3402502497393644,-0.20245890407790304,-0.31471152827142557,-0.29069018891737614,-0.2824005097062257,-0.15284435802107812,-0.21511129554606664,-0.32791653143724897,-0.21244238573183608,-0.22623159719999336,-0.3741184443275098,-0.47356092616093365,-0.5530090996684202,-0.7297736157614155,-0.49961211118594556,-0.671582069789978,-0.46468855432454065,-0.7573041291456071,-0.6429159412042311,-0.5838368802213691,-0.5280179319485975,-0.5796627810538322
-0.046514762118347194,-0.28061424821354,-0.20959338489668344,-0.2647715714009376,-0.16484573028251223,-0.3321853277813104,-0.24238839608117027,-0.2620309872040875,-0.2628845248826741,-0.2688517690572224,-0.07840333508168755,-0.25711385863389313,-0.08008705544633576,-0.14764502699924853,-0.09535767342185719,-0.23632743876984547,-0.2562140187941998,-0.322589375113967,-0.1850974416296149,-0.15036032568203975,-0.26239035459579674,-0.2668083870060685,-0.3305374033521528,-0.3590445133678495,-0.3022792893213164,-0.3932733422252811,-0.33497404111531276,-0.2862355088152509,-0.3136262807310374,-0.19999415804602638,-0.28876767920650775,-0.3709791597462106,-0.7319954562053907,-0.568854123009955,-0.7352164629066175,-0.47648437392909115,-0.6235037431770817,-0.5559275185201499,-0.7274648357277549,-0.6690858051095919,-0.5903916604363161,-0.5079538266807087
-0.06725210200872234,-0.0622603037355781,-0.03604193078202317,-0.028496424668519683,-0.11781465323829864,-0.25209164904441467,-0.11510396476024684,-0.15931001281115384,-0.3272863444621991,-0.27326670305468215,-0.14270698532052778,-0.15369124216959726,-0.22451990820714807,-0.35194288003649155,-0.14174928291361444,-0.16886412232030062,-0.11842405113024103,-0.26585854478213145,-0.22998980089946766,-0.27755013642290105,-0.38645171222401575,-0.20977592211303578,-0.24188361430299754,-0.16513907650226825,-0.3255292379943983,-0.22653153883955984,-0.3555669448554411,-0.20354598860135836,-0.2557130746090685,-0.35319059944306447,-0.2973385157423068,-0.5625700363824951,-0.515624715871831,-0.6353564453119189,-0.4896310406992064,-0.6849469562835654,-0.6226807709256736,-0.5477580048340572,-0.7526757664376539,-0.6339029513611353,-0.8560998133874856,-0.8548110961768971
-0.2780890193380458,-0.27690135393418763,-0.20793569235563947,-0.250585976413653,-0.05371677315601203,-0.20557561062719157,-0.19104275330534032,-0.12181605683638676,-0.15374589341082082,-0.24432659926836037,-0.2665851034833481,-0.28480306000694855,-0.3027397298829492,-0.15253703628218893,-0.1369059967444606,-0.1808986696366958,-0.34452163920180723,-0.23074111901195535,-0.18440342413504981,-0.2927909270801317,-0.2277765430031828,-0.21472150435659954,-0.18422680878473693,-0.2041854669121378,-0.26404255084444406,-0.3388787925291819,-0.36338726144165046,-0.35709032991294903,-0.4104265121224602,-0.2876851051058984,-0.34366626489986163,-0.5635382746128716,-0.5997139128461163,-0.542172922567996,-0.5222271948310475,-0.6860530931518369,-0.5440421310615668,-0.6439599909533237,-0.7707705375045766,-0.6435149859544681,-0.5177385630855988,-0.6388170198553903
-0.0824693444672797,-0.32012779235511224,-0.03995669420337552,-0.3510597441119355,-0.21639040469232732,-0.12663027650842384,-0.18691855376256575,-0.2957045163101691,-0.3694159033177741,-0.23405290828810782,-0.16750645106234585,-0.09611678910477661,-0.18501471684134171,-0.20898072854138822,-0.25245062144841285,-0.3414746281363589,-0.2760349534000631,-0.35308525491738735,-0.15312706218397218,-0.29006699128594415,-0.22413784433988052,-0.17966070095085582,-0.34734021685032684,-0.32886510992520795,-0.42285548427977765,-0.20426120958694866,-0.3411961330271785,-0.34592904709479366,-0.2669022602743368,-0.24217493181268568,-0.26685952920522643,-0.5448818543439908,-0.6537092015136347,-0.46851366500089103,-0.5971722517431568,-0.5647803877361561,-0.701126378735227,-0.4916438376863836,-0.7410319465837629,-0.4813915763527277,-0.8124714321457733,-0.5865449972262858
-0.10979358798282171,-0.22241515472419596,-0.09050631925133283,-0.06283673069258464,-0.23453169559868134,-0.12674267340911455,-0.14816734453588323,-0.22161782754963344,-0.17360402384480467,-0.18306967856042283,-0.20375263755613165,-0.14936737671129885,-0.09955402445692192,-0.09255498290518321,-0.06978935578294962,-0.04556672322220025,-0.20592909502977363,-0.1188493095019887,-0.06801554450488498,-0.22550869196881346,-0.1452233929556982,-0.14148310762580793,-0.15952769014382012,-0.1855294752622402,-0.2366670390811795,-0.06150473664381034,-0.2317058399846864,-0.24027287582064266,-0.133821533460758,-0.04641705665701961,-0.16124501294972463,-0.13455780042300491,-0.07086760538549795,-0.23920298728970707,-0.16793949024515467,-0.04891530416283335,-0.13847099645590324,-0.04806517354440515,-0.056548639038190386,-0.23282903233370134,-0.08500242719572049,-0.0790091120762752
-0.31768863671990366,-0.2826382750720755,-0.2827311223715809,-0.06930669271733153,-0.09334502209715596,-0.06403139518621535,-0.03472403237165179,0.020313730977354404,0.06501968868926711,0.12789155032504915,0.1049301303847984,0.19040283157408733,0.2729834092259438,0.24623791398612385,0.14056250303731124,0.17315016211531528,0.3082673799123861,0.21887906189181694,0.24883102836529503,0.27569650852391275,0.32923658506615966,0.3275840103833926,0.33718315696334894,0.28779276641294566,0.20574745949644935,0.31200880751733023,0.30519657056023414,0.25853264489803707,0.2102546601833112,0.12879894941392425,-0.08618957698251324,-0.1815245285030971,-0.10171488996306234,-0.233649358857704,-0.28619606927052577,-0.5095731354319945,-0.5247918992522159,-0.7176321224824344,-0.7578783517728198,-0.8207151122627785,-0.7573630280965218,-0.8538446315840672
-0.276239415630103,-0.24038592017285626,-0.16957027027586408,-0.1474207641957714,-0.12328164130366903,-0.11113580924434599,0.011109079080529763,0.0540574037738527,0.09837233386116132,0.08093887617863763,0.11817065830788515,0.17948512632633554,0.13602286615647427,0.25740489119168186,0.1602463255635089,0.22702268642818,0.22298516814839625,0.22181448664329423,0.356937076763512,0.39203174529415064,0.31412333937039977,0.28279542659885876,0.31460627185766,0.3608409613797289,0.28275849926580804,0.36770148940629505,0.21895821473893004,0.24274586070955567,0.20540060058953563,0.06098239008505467,-0.035090558339226655,-0.12160363337818982,-0.17291067478030273,-0.20311433808165108,-0.3343055673651556,-0.49307713731504266,-0.5569397820127091,-0.6113434095461907,-0.580805047263526,-0.8428065586000231,-0.8800556615800802,-0.8579901420338432
-0.34273335092639506,-0.1746080873833101,-0.17305947598005672,-0.14301798749961267,-0.046603439968534624,-0.03329015760150541,0.00045672891274246266,0.036922640878940836,0.07787048836092476,0.08997903921710709,0.13509671762542713,0.1886797402681359,0.22005350433315976,0.14743032420612412,0.16688585825481328,0.22354933844224298,0.23968025913898428,0.21291038160222894,0.24961894326306772,0.3503840313808638,0.3599063155565368,0.27896913059240136,0.2629914065817393,0.30183651620013385,0.30279306525128563,0.35190345605890816,0.19814041963428403,0.23004225964460082,0.2943857588439813,0.021824481785166022,0.11665012674556742,-0.18674706501822314,-0.10715541079432114,-0.39847664886609746,-0.46417716864252884,-0.6432706934824246,-0.525186000487657,-0.566785963151836,-0.7199293622878844,-0.7465863550069198,-0.7468233465285831,-0.9740629489815229
-0.42869573945122863,-0.28896686069295907,-0.27492863198807654,-0.1483796277811564,-0.06381864197907702,-0.0007401955080150107,0.010017600271096883,0.04796119414220898,0.07665120599502252,0.09879294191854182,0.12471774921048565,0.21756736586505732,0.19804842423441887,0.14020037288790552,0.2470693962255786,0.20213153806547163,0.28669031948365553,0.25329954149293554,0.28474382411187893,0.27374083433516455,0.33809328007684003,0.27178954274127515,0.37799338698003904,0.3371288477285407,0.3090511551812313,0.3362714721752177,0.29685493944239255,0.14535194267975504,0.16373238280702476,-0.00873462846671142,0.061911535782568104,-0.10068956705697901,-0.14850733412035927,-0.1962369469791646,-0.44305725691768016,-0.6181885495013545,-0.6036136095919497,-0.5841489903704771,-0.6186997524928379,-0.8483549842478253,-0.8527085321593336,-0.9062497743202015
-0.34364910423773387,-0.2720476682189576,-0.3033851494923043,-0.17904979833117096,-0.16926156045957386,-0.02947608411854766,-0.025730249821358468,-0.0019156703667649539,0.0871160820394069,0.15708481654511697,0.09809667240778709,0.16322433299662745,0.17067203785559554,0.18021914034107564,0.2178093559630087,0.26647207143283325,0.20606347709828485,0.21004485289620836,0.3380424307968567,0.3005674784933031,0.37495660744800585,0.418287864333433,0.2983256505219819,0.29986728856388467,0.3201935041530435,0.2879417293177289,0.2519384192749152,0.1697899111384469,0.232604519821647,0.1872022614142429,-0.07112699953470959,0.01800032735541458,-0.23406977349534663,-0.30851315867140056,-0.5139835919516291,-0.4526003425063786,-0.48060384072163526,-0.6615971098292345,-0.8254694632520052,-0.8462214656755219,-0.9718612245196225,-0.889662877773455
-0.3789936045451811,-0.31475781756672744,-0.2279308186468283,-0.17860967868695857,-0.07694876864713569,-0.0355546381745066,-0.02763347093822839,0.06903837622099525,0.10727904082294493,0.12788848179902162,0.15387282367176416,0.17810791685726962,0.2856341455199134,0.2834383571382092,0.28330962723709724,0.24807925983789736,0.20143374318320598,0.3619780897956161,0.4076032924429195,0.3537769436346187,0.2925470412940102,0.4109092697598793,0.40238299342912165,0.38915742245835455,0.3204625553532975,0.27364275024098483,0.32572181131018746,0.2133613997038361,0.10186678517196217,-0.012234153450970514,0.0298831497755705,0.0011054801224519236,-0.25714320807616614,-0.24411687479795174,-0.4954580282522958,-0.5730751285037221,-0.7561821038581483,-0.7313797153211025,-0.7550327216066133,-0.715403663534307,-0.8453902315320421,-0.9354371624964664
-0.32327423704030633,-0.3128988344486617,-0.18389127820256668,-0.13661724203955816,-0.11004003354900804,-0.012410369318831188,-0.009398681972655977,0.009393043378223371,0.11620366320349236,0.14088792361649277,0.09991177277102979,0.2138100617718299,0.15496466322019664,0.2165016638391181,0.25476001005603627,0.2211758372803619,0.24844066740947168,0.3773656306519206,0.31350799161482856,0.3130570885889691,0.42279585326027697,0.3716702038415465,0.4033775287206553,0.31378016461579133,0.3903487155222281,0.26506586735604554,0.43725614587146405,0.3005788806941215,0.1939580125312428,0.13735728810275655,0.03824617770948553,-0.1335538306578557,-0.10222230525057137,-0.47931036784795905,-0.5030669702546097,-0.5665734692055324,-0.5075189729630414,-0.798029707831921,-0.6878663282061079,-0.8440929455319027,-0.9367469183626695,-1.0184036205505234
