gfs-wave-data.json
{"header": {"parameterCategory":2,"parameterNumber":2,"dx":2.5,"dy":2.5,"nx":144,"ny":73,"la1":90.0,"la2":-90.0,"lo1":0.0,"lo2":357.5}, "data":
[rows 0 to 18 of 73, columns 84 to 125 of 144]
-0.0990337218558169,0.07889792334412295,0.23201576073885966,0.4054724818968251,0.3422715530742611,0.40555205267579275,0.39778250245753005,0.5408225360663945,0.5913576899355513,0.7373113548649233,0.6021261693752866,0.6198748809229415,0.6733475801920467,0.6010927263597299,0.5563781225677792,0.6077517185927098,0.5188344859168008,0.4527845022134885,0.45172687670453093,0.33416244969959236,0.23557995002341794,0.1787440575055116,0.11506039449598336,0.14599800964861703,0.05392115941185491,0.010129143206293895,-0.15087567454529902,-0.14240265449837217,-0.13562652293514937,-0.20944572018926605,-0.16212684269206962,-0.23694990218081272,-0.31263571121723305,-0.2443211720845806,-0.25731781491054834,-0.26281656298482803,-0.2960872003416895,-0.2951126662667683,-0.13152491022027263,-0.27735071503372877,-0.23284025298367073,-0.17487435896451337
0.021246333285972127,0.06909297588885291,0.2077872575828117,0.30239255565614914,0.5253600424379087,0.5512595974225298,0.5306402597464747,0.5360225639996764,0.5343534317904822,0.633669907124816,0.5404268422613359,0.6718250325507633,0.627044521486764,0.5136926439390006,0.5999226767637117,0.6587974497779469,0.470340375781121,0.4331256910051965,0.2998097617796882,0.35142773597016064,0.4178590830544502,0.23382159090268156,0.21609049058383029,0.03471992405360964,0.039232745311427855,-0.060491463373656525,-0.1807840441815541,-0.08745229637273391,-0.2528739834313654,-0.20177681078812504,-0.2916282039179321,-0.32802176392369714,-0.21341725690382488,-0.21089288183097268,-0.21653001274561254,-0.17893306141893786,-0.23238762608738983,-0.2085734619556647,-0.18248842608571006,-0.13592651400538677,-0.1468020908343888,-0.17488825304697916
-0.03678167681037069,0.031236182843343688,0.14197734947733745,0.24092783287177094,0.3167770289722831,0.42399398526150184,0.48233700297998877,0.41111734560970314,0.6323352870941285,0.5366916308599549,0.6359314073012123,0.6287271137306679,0.5738417638382994,0.5192707915895476,0.4641594974693732,0.5139674968882907,0.48860035935869756,0.5777153006812754,0.37497299336554146,0.3771885525308297,0.2344055847568043,0.22854708822163927,0.12933998523204843,0.04683485128765422,0.04811294773758682,-0.1408076000740551,-0.1738335151351848,-0.20079673959524735,-0.22021177879332698,-0.21778118810858602,-0.2593446076952235,-0.27418720445905415,-0.2595883570972717,-0.204092324934855,-0.302732035696274,-0.17330566973402833,-0.22446948894477095,-0.1577365903139698,-0.2388462413615535,-0.1976520266578934,-0.22192003619172257,-0.17441904633755403
0.0031982940659238857,-0.020618666901950678,0.123758851467091,0.17732449524295726,0.4036967565015502,0.37785370231895976,0.5283130321762706,0.580355469251923,0.6758193400105488,0.6087602397116061,0.7068513559593392,0.45563863435539775,0.5929449795722089,0.5721755241182989,0.5179831785295819,0.5581048442365079,0.42233918759374445,0.45237098206982573,0.4039270403780727,0.32008832474934157,0.2844318632439779,0.17440516286323915,0.18813735202832438,-0.011598200744384444,-0.052782243754060626,-0.04068230423704893,-0.1357749857537424,-0.1081786189467589,-0.15392736077440994,-0.137712182810379,-0.2718962281547387,-0.21775317834732208,-0.20400178811258285,-0.18666297424434705,-0.2916959703258572,-0.22681815552917714,-0.25005693075594687,-0.2760649580542222,-0.21766998879985275,-0.17888734526680172,-0.09846846011095632,-0.10303985244755388
-0.05354166396063366,0.0762928352869255,0.15768383097122646,0.2206423897029627,0.38740801112461276,0.4452701997937956,0.5233172209848995,0.5680339394471992,0.45022416398688647,0.49194729909167983,0.6151341086819161,0.5835437342325663,0.6913052241748128,0.5597906311139396,0.5284678909411941,0.46401431710322794,0.5017637214700319,0.4238880517020048,0.47008324355973363,0.32065553181674356,0.23359819316317365,0.15694426621172,0.05615665710949777,0.06757628707908216,0.00015680767354612493,-0.10860159027283167,-0.16834777507634785,-0.10138472311350279,-0.18954973041324943,-0.11868793140384155,-0.21106506092969018,-0.2385178445642101,-0.22584165566901407,-0.15318648435339952,-0.1773479919634561,-0.14508706438469798,-0.28846574595975616,-0.17838711738470606,-0.11632411914653194,-0.2556976526515598,-0.14749378551154196,-0.12304331955815011
-0.025121748760252482,0.17786001193697185,0.16480647493039982,0.17136904655053528,0.3848261347969233,0.4238582925153799,0.43900383087215383,0.4577356947365267,0.4942016159215402,0.5288561957489349,0.4926544944528073,0.6415832826320961,0.48669100507815277,0.5219812123533412,0.5174885630808059,0.4905611881562959,0.4402778125874855,0.38876813204206573,0.3168445128223867,0.32236486305256695,0.1889320747509138,0.21870123362607313,0.150005812844559,0.033766753340734285,-0.03476428052288175,-0.004473232265016613,-0.04729745561680469,-0.1021192492380724,-0.14673972904500998,-0.29727877241487966,-0.15539322052125384,-0.1902335690847986,-0.20736462038478098,-0.1463813732062638,-0.1970094467089756,-0.16534654612901847,-0.11319359586398926,-0.12982593468805873,-0.1504042255896122,-0.15782593311548684,-0.23840083475380114,-0.12050282535443169
-0.062142464722966355,0.08217160035777818,0.18109090391290777,0.33364111624383147,0.43516721144276366,0.3517231320940951,0.35169241376819316,0.4988364444996518,0.5143724890134459,0.579794811365187,0.4774060329380861,0.5008293501620599,0.5876129464640981,0.46750452538289394,0.4008162219040271,0.5366334174089716,0.351812977717479,0.4217371427920982,0.3901740216213141,0.30497043890373354,0.2938459996590333,0.10993789488699619,0.06903760973833628,0.1156325115031091,-0.07208055734796767,0.0064032893590902605,-0.06627410410810684,-0.1712891014115284,-0.15853422463420605,-0.11914622637986594,-0.13679418408492805,-0.25095405983015,-0.1394060921222019,-0.24579709564194724,-0.24320491419218118,-0.22902538620702623,-0.17140432457824845,-0.23471068306671286,-0.14985507265291725,-0.08365930956534316,-0.17274024848449654,-0.18987837985876252
0.030399068650405803,0.004292784810591108,0.1356292488104892,0.264963262186983,0.33228509231769127,0.4525656011705163,0.4168631752051614,0.44436874632009066,0.6135478080063383,0.5545579794403473,0.6063078953889197,0.5926097375660956,0.5448486607885352,0.4882246621743846,0.628526075208378,0.5923184303542512,0.4508432805098971,0.4933076708654234,0.2627504441892233,0.2952780408332724,0.23569795285628034,0.1728498688679441,0.15043407011142068,0.007787107083857959,0.003991782510184376,-0.13799868019558684,-0.06961813664849158,-0.16242382968859892,-0.26749737603680185,-0.13880437180231628,-0.1457032485702558,-0.21380621183052295,-0.25874524546951444,-0.17270039608577603,-0.1390805512954059,-0.16412910070679876,-0.17591544399261472,-0.09337646843596632,-0.18281850262521912,-0.09360296494927567,-0.19890388244836463,-0.12817809571808225
-0.03783694168598714,0.05137226121228047,0.1411426285862183,0.16406084323548553,0.351549135286473,0.2682438109719337,0.4143738384960842,0.44315873209827794,0.5590235450556521,0.5774223143022077,0.5633370209649629,0.6201002156251083,0.46858637588216717,0.5700409807692506,0.43178808347843156,0.5116375446583923,0.4119122435088118,0.3864569932736093,0.3213085248682713,0.2727008050596596,0.18953419724403692,0.25067985208791405,0.125410167550273,0.08768070757054394,-0.07662410353023437,-0.1316770748300858,-0.13788619103227615,-0.10047189042605248,-0.20425396385851435,-0.14265535906619428,-0.10657547851297923,-0.14189686119872463,-0.18356544968328195,-0.18401364016026028,-0.1280747283409106,-0.15978954277380467,-0.17039804763899385,-0.1351568961449578,-0.2033480427949878,-0.22544258019851146,-0.10075272979180912,-0.13584654358873852
0.026992630831252334,-0.00924139316808457,0.19368797433487592,0.3824177470696593,0.20409077242163168,0.5029304072676261,0.37931973925304585,0.3728868296389233,0.4577241376996413,0.6294633134939694,0.607121808725168,0.6103408718222169,0.4611850667398627,0.5467811832578546,0.49666978837954734,0.501640558299592,0.45016983257820875,0.3325257878619643,0.38002257682264123,0.2218044308032329,0.2688623787460438,0.21853556832676507,0.14718807417917856,0.061554253110083244,0.00850292730058359,-0.03468989480066674,-0.06895523649596058,-0.1296341338395263,-0.12668693762734493,-0.2017602269854061,-0.21464934477904035,-0.22858368110196042,-0.28348382034588077,-0.2684878896190064,-0.2533062360789463,-0.16282864044080048,-0.20285985291088676,-0.18427713838491327,-0.22627225110587768,-0.054545535030656005,-0.13216168784958535,-0.037895726236728836
-0.008983757829380514,0.023007960664868207,0.17028957094766378,0.29240869895094346,0.29307025904767564,0.26988873203997726,0.4416881913427067,0.5270057192389767,0.4099830818569824,0.496999524098495,0.6370513803490774,0.5659240119365245,0.5731381106280317,0.5760839054362757,0.4609417660456631,0.42588490141027513,0.4056546716322833,0.4216332799573404,0.29089550418254395,0.2532256726579104,0.17618502488914095,0.19849511607226705,0.08666727107355983,0.11349823263520843,0.045567009301263846,-0.06790273403088286,-0.16383480447759036,-0.13803819879136192,-0.21663472972079034,-0.203458763250004,-0.15845229534764338,-0.14412052264699385,-0.1972941404446916,-0.1131967534159981,-0.22230787424603618,-0.1795273601043722,-0.2053560058723638,-0.12945652565117216,-0.1268044361479172,-0.11437999352700577,-0.11904203845264688,-0.17769819267032363
-0.02233286966194556,0.12766478028343864,0.08964743047826867,0.2494664594530306,0.2911249041725232,0.3893818780331977,0.3442040318730816,0.4177778152650499,0.483065308124275,0.4533282035693664,0.42709215435305703,0.5431116019672465,0.5006126949399986,0.5834120923500231,0.4188814762119526,0.45449873482706055,0.3980587584748828,0.48599495359704714,0.28669844789870436,0.22724917977162487,0.2912076974239037,0.21387821366659032,0.07085797792770851,0.03342553915084282,0.03375740946460562,-0.06150511293315658,-0.05886490180487249,-0.10751265722471098,-0.10878757802072546,-0.151323221149718,-0.11238801665223236,-0.1966469520035529,-0.16013817178059853,-0.11458233424820694,-0.21125371247580835,-0.06882387484398658,-0.11673457364199885,-0.06883722991757674,-0.12975625873597835,-0.16333810903670634,-0.12111541009477593,-0.09329704083119418
-0.004694867205557869,0.00394429800626673,0.02490638470116423,0.007991764063655038,0.006328221095149244,-0.022853434533067745,-0.020502825949588126,-0.03415768356550088,-0.015597691267399294,-0.0013882440799409244,0.016401401670523463,0.0065015556223749806,-0.02951462048853554,-0.007634607739358948,-0.0010416643780583508,0.014688228081496385,0.002108650074561443,-0.008748354422219372,0.010633169244701179,-0.004958746242478976,0.001179303912810728,0.008793790308098738,-0.004516542652529455,0.009480743514579075,-0.016675838431964653,0.009245786443400841,0.008853646853065856,-0.008625324481834638,0.0029811955211770367,-0.007661973957855417,0.006106364489173767,-0.010231426300795855,0.016096823325151537,0.004165902984004859,-0.01640617853826416,0.018771365242023982,0.0022150780807208103,-0.0030991022106235016,-0.0028854748570507007,-0.00011739172339982881,-0.0037986734672172365,0.017916903763991403
0.002233349870134801,-0.018193172518006135,0.0021958917209372176,0.017378348551265264,-0.0028775320659515475,0.005517793866145701,-0.02623183828031811,0.001629905395475869,0.01031255473431261,-0.005619433546137677,0.024066097680967926,-0.004469983900421909,-0.003503033402254263,0.0011157271944962413,-0.020282632953438063,0.013214376133368256,0.006483539307175853,-0.007190908439863591,0.007380285212232871,-0.02453810143949966,0.008142990738002053,0.0009182184254027622,0.008497188143860183,-0.019106966122128085,-0.02644298750063154,0.016851522637793024,-0.0048148663476393575,0.0009102229033591908,0.0035277880501142526,9.478900644146016e-05,0.032366757648321864,-0.0019236798104620059,0.007521674630422244,-0.0021535416710739366,0.0047596807313796605,0.03228758972217854,0.0004404617343295883,1.2991404725054494,1.4298824221497652,1.3781773636305912,1.4824358725554816,1.5479749562758083
-0.0055215783789104985,-0.021062910283980833,0.01259447767183495,0.0019859049766927828,-0.0019283934056138208,0.02873571167198276,0.002627859922203054,-0.02627328767133573,-0.02027012417136356,-0.01067468835358614,-0.0011474616418169837,0.008721780926507078,0.014007412385760205,0.016036614804009808,-0.0008167473328666768,2.193176531253932e-06,-0.012372566556791679,-0.010606245503768473,-0.015054013264228762,-0.013041786734403702,-0.0021785550282511766,0.00298819941100935,-0.03138416978873786,-0.004813083484732659,-0.021151496665674997,-0.007199204458593885,0.0016502568530151484,0.0017826189453173972,0.0018586660389356589,0.0058573377192997185,-0.018963477291724328,-0.011162113878926072,0.007066988877919693,0.019764874665006555,-0.004173907053448806,0.007675522155593784,0.005969975676174355,1.2989983003297032,1.5195921069188836,1.5037270091880524,1.5417153598887863,1.6143387892108714
0.0060059142284547,-0.002807066899692696,-0.005266512479167855,-0.005676026979665812,0.023079213496265717,-0.0027298247941389296,-0.008738885672099283,0.007137621873801699,0.00077909758712727,-0.011787790879920886,-0.012409983362420047,-0.0023058146766130757,-0.001422561302778228,-0.016952781549703685,-0.0022561386143248197,0.002392942451322647,-0.011470768129254494,0.0298970099921867,0.003556650638884369,0.008931622589515228,-0.0036674870296756184,0.004766514736433401,-0.0008389911015676669,0.005548611060615621,-0.0034067831926776287,-0.006212396350292656,0.023965623719694556,0.01937863664552695,-0.0015217141737757316,-0.006727976188709327,0.003101986190305946,-0.02262614445507711,-0.001587394574285398,-0.010469273953116991,0.007939351542608105,0.00475170404437127,0.018268679722128287,1.2930976774328526,1.4442674378209026,1.391838108120567,1.4307975382191738,1.6392439057635912
-0.000604907646381195,0.006364504028165843,-0.0018277544936673967,-0.015794856610094964,0.018046134230923515,0.002050053327240681,0.0035104086472075077,0.004422723406460552,-0.005015626717198973,-0.017748540778423465,-0.002601269716169473,-0.01559256603819358,-0.007881377280027121,-0.0022416443632252182,0.0064485757966273585,0.001066489394039068,0.010912441987402913,0.005797498439427437,-0.014119368663446529,0.003212829832505315,8.7617839313367e-05,-0.0033262312544751964,0.013820002644910475,0.0005058017549624822,-0.019847202008281408,-0.005335400212921232,-0.006100413557498471,0.018534120418739013,-0.010707541384383632,0.0027621052616997113,-0.0048419875510235365,-0.0006965072585908872,0.007323080284151321,0.012500492717782214,-0.02829878812804075,0.0028977587413988024,-0.010146331494767546,1.3021972264499786,1.5136314978737282,1.3844444980664816,1.5581765176567088,1.5754153748094544
-0.0023757363870885034,-0.003379060712690216,0.013930909773722426,-0.0020578801671204947,0.0028869057232637804,0.0015136915289357183,-0.014425639351329666,0.004388308019638045,-0.026056058878210386,-0.010618181069068039,-0.0061323451177857325,0.006146318882320179,0.002367945897984963,0.0025221769560371332,-0.01968762107390578,-0.006433992286372542,0.002133505022601513,0.014708018451422116,0.00457356829844376,0.013189528448620093,-0.0011979854126154684,-0.014806118261100261,0.011384728550783334,0.018552322334967893,0.008809145107395376,-0.00023460235505556125,-0.0036834361805489794,-0.000551395063009096,0.0020053155589688943,-0.016335316068192992,0.0007255741780069629,0.011742590347198711,0.01565952516594145,-0.01136165116520704,0.009471155482030341,-0.011993877608341514,0.00023986521854317422,1.2874852720687922,1.4717580020120462,1.4925486614079664,1.4553679710187368,1.5483465807867038
-0.011525396332246193,-0.0068724725525607,0.0205222843457803,0.01763410575773269,0.007045459106183969,-0.0015644038269205832,-0.0029102326674268625,-0.0018722576548637294,-0.008306431060896732,-0.01370917154530501,0.0009669086775659262,0.008485184518554099,0.0016234506671127772,-0.013911134585266459,-0.02949037027768266,-0.002905835426850452,-6.544714510111495e-05,-0.02207509098290313,-0.013528566428104618,0.00806808226973786,-0.027414354796210218,-0.0075642923556231674,-0.0015554674215567015,-0.003257909232522918,-0.001128473835874987,-0.004796256792747591,-0.0069219482221007595,0.01920497054055766,-0.009782312734861888,0.007362188931492517,0.0008240694951189838,0.01436997590204122,0.004381965244574091,0.00930855158031403,-0.0018585642728592656,0.008717087122921968,0.005193933492685668,1.2915118543351172,1.4347971593542332,1.394757247633742,1.4471845426516061,1.4309477980860188
