gfs-wave-data.json
{"header": {"parameterCategory":2,"parameterNumber":2,"dx":2.5,"dy":2.5,"nx":144,"ny":73,"la1":90.0,"la2":-90.0,"lo1":0.0,"lo2":357.5}, "data":
[rows 38 to 56 of 73, columns 42 to 83 of 144]
-0.4630914467409925,-0.5386496973836187,-0.6540920546755568,-0.4702899116541614,-0.5095387052771263,-0.5433210797589808,-0.5709696870811609,-0.44059626200630525,-0.5449683086946506,-0.49697925815396427,-0.4627589319537075,-0.4390013031143529,-0.30700198426732483,-0.3152000441427908,-0.3055503021732521,-0.2988024749004045,-0.26965629659096646,-0.26974357160093604,-0.243808550426252,-0.27666764312361286,-0.39011062061251356,-0.28797697480916795,-0.3285901134060598,-0.4607621472401042,-0.4427097341162067,-0.4580459259188947,-0.6132766488238617,-0.7739554460313863,-0.7750607758681731,-0.7487152415064531,-0.9051649064266556,-0.9724961374102639,-0.9635950001649367,-0.8110916211344552,-0.7694184856209385,-0.78371967988902,-0.6606838815402775,-0.7727299641526125,-0.6109015792962366,-0.732278696127226,-0.7284890335269052,-0.5531795037119799
-0.3928632233889227,-0.4122515201260192,-0.46953930755560486,-0.5920921631299996,-0.47564482332234725,-0.48054561244320604,-0.4736376117482418,-0.46706195006281503,-0.4418381530966644,-0.4440902988533676,-0.42633066910506917,-0.38836973441705536,-0.33722506539882197,-0.28657029898522557,-0.33473432105497136,-0.267794939900582,-0.221403233301781,-0.2114602772102487,-0.2475503605549562,-0.3177854116148125,-0.29735048955254434,-0.29816363032070015,-0.35684003596845343,-0.38595351191897626,-0.48279727292865565,-0.5312473553376484,-0.6248223117484715,-0.689195624510308,-0.6740788324675457,-0.7465906072005599,-0.835726974525654,-0.836314941161777,-0.842181444149553,-0.9813557879008616,-0.9326572666023416,-0.7742788827976604,-0.8737584402702724,-0.7311517973440771,-0.5348139254971039,-0.740413729952595,-0.6779329689161859,-0.4920248585671664
-0.5774101427169074,-0.4419010895512498,-0.5210151367782898,-0.5191913541291862,-0.611913230905423,-0.5958152653454036,-0.5442191051277525,-0.4329777348581422,-0.45538432949474367,-0.46698974287034334,-0.40882304530615354,-0.3436634010892899,-0.4385462371142696,-0.321336656161859,-0.1770920151677232,-0.33188624907946607,-0.16272908963465177,-0.2401964660496568,-0.2690676369183571,-0.23223469617806075,-0.26078208430501193,-0.3871113311772924,-0.4846962843566,-0.4676865664316777,-0.43839958759587394,-0.6296886761101259,-0.6092792503580088,-0.7097778025009459,-0.7124425508335804,-0.7286009591204343,-0.9055339520790607,-0.918510955289072,-0.9046353524983356,-0.827978080512571,-0.7441157627913698,-0.7292356140091507,-0.7823967391736099,-0.8543334935292823,-0.7704992834922039,-0.4522628755030255,-0.5303257395811541,-0.7495010614572964
-0.4469340852813688,-0.6015046015787675,-0.49324052132019275,-0.5302390744564385,-0.4965183934811439,-0.4327193923993493,-0.478711240796348,-0.487220257895826,-0.4692594933177316,-0.43435840619304944,-0.4288263574345141,-0.28078437923825317,-0.3004383552526865,-0.30713926484999865,-0.30520250565566864,-0.2765696951824482,-0.29811596503172944,-0.2142098898965947,-0.2637491506015013,-0.2604368955524171,-0.23224863090171974,-0.23225362566529528,-0.351246090600936,-0.32402400766241174,-0.4784483840119436,-0.5920492278396521,-0.5789374168394584,-0.5656056964746113,-0.6804234647849744,-0.8296401562562608,-0.8814978660964877,-0.9539243818197672,-0.8984056384620834,-0.8770167306142116,-0.8362262477036062,-0.7114851340749474,-0.7179104553896831,-0.7637082247648832,-0.515938800098337,-0.5065935693555887,-0.4479084063742169,-0.4956589680588054
-0.03933515167941147,0.048477102991010684,0.03328506601464785,0.009597002031255544,-0.020262744296470375,0.0016428883693898812,-0.03902353947654349,0.04881436125192074,0.04274955291432099,-0.03202089332892959,-0.029670357479506637,0.00260468383952388,0.022986427227179848,-0.03433006065724558,-0.05392280411136019,-0.026056591181801828,0.03977851481398237,0.01858836205472906,-0.03271344662832902,0.01436793759955248,0.028751732116126215,0.04639079584807427,0.04091732859694076,-0.0014752957919265553,-0.0251389149648224,-0.013208769572124086,-0.000841023145511587,-0.029147042849499757,-0.0028076920307391682,0.004853934595999587,-0.008068952689197873,-0.052832319756031636,0.02331920148472117,0.04428937270137183,0.02307339929813412,-0.04272386317203731,0.03903516843827179,0.02792840756074627,0.02940082409404924,-0.027232842512976845,-0.02365929748326347,0.043997828198719814
-0.7665527620325654,-0.9270683962874622,-0.6149780521452234,-0.8473695682606281,-0.6370293772810084,-0.6916921848904886,-0.6369977041958552,-0.6987673469789715,-0.7771602601800034,-0.6927953167888097,-0.6140214141669961,-0.6944747051273823,-0.5947112131657736,-0.6445173837931336,-0.6479377112364518,-0.5730632762012625,-0.7011415460766838,-0.6335675458156145,-0.6224796857989577,-0.7032018125294162,-0.6707981059913396,-0.7186085374211423,-0.7666734705525817,-0.7774761505920839,-0.6814601111186661,-0.652207737171345,-0.644137931006646,-0.6570588815827909,-0.7206616596603813,-0.7543658032672492,-0.7249585779423201,-1.0227290769143293,-1.2483998213745127,-1.2650987560481721,-1.076349986849316,-1.1221849897026648,-1.0882927139645895,-1.2837186563943783,-1.201897324080447,-1.1533356521694134,-1.1303671409245044,-1.1750385772091472
-0.8459456856639564,-0.7509616248534385,-0.7233317008115596,-0.7676156799344864,-0.7637871725515047,-0.7930306539040177,-0.7856071013384859,-0.6223383936080767,-0.7146617255743002,-0.5981268179766578,-0.7257582602158426,-0.6859777150955861,-0.682595306608288,-0.6485714260388613,-0.5819421642052227,-0.602920599456347,-0.5764887472197914,-0.7560371371570945,-0.7557476974111019,-0.5974613559613019,-0.6529183249532605,-0.6037575947583544,-0.6146347975607132,-0.6877271354577296,-0.6929569944760684,-0.7522935916440648,-0.645085438541038,-0.544649037169762,-0.7108474719346266,-0.6864047070919259,-0.5699953151523361,-1.173071552634037,-1.256923951449423,-1.0889551145859828,-1.2873087221659252,-1.0824228635528572,-1.1159573198513029,-1.071269011384474,-1.1733435381401576,-1.1628017795709065,-1.1123807613753325,-1.059598950902248
-0.7147916382007173,-0.7996171267077149,-0.8089733030302926,-0.7779813913008063,-0.5751684175654792,-0.5887056342675564,-0.7244146265439683,-0.5898829574377178,-0.7237392716503399,-0.7764621076336865,-0.6113004787922838,-0.6893155524111344,-0.707434459660549,-0.6697410826922352,-0.5403745393105243,-0.5615156476047769,-0.5719145617445192,-0.7449950084733956,-0.5729468646720506,-0.6653167355332064,-0.6971986061493844,-0.6505199710156517,-0.584127918350542,-0.6091515537508813,-0.5958948644205146,-0.6116018631409913,-0.7099347069753944,-0.7027690647339656,-0.5623556912988191,-0.6906516435319354,-0.6407323289809231,-1.0787287064594855,-1.1386951123655005,-1.158037741817812,-1.1713576158691317,-1.2518626829377721,-1.1969971036473588,-1.189193971447769,-1.2968634550039102,-1.2264555609987662,-1.1443962378346888,-1.1679554568290684
-0.8469385686959588,-0.8810867940088336,-0.6021655021886407,-0.7384176716080713,-0.5976314052899709,-0.6045392427911054,-0.5719471345121251,-0.7694196001590183,-0.7677681565840121,-0.5580858935234279,-0.7007208126001726,-0.6394245033654763,-0.6702152332640605,-0.543246751924536,-0.7923938058890826,-0.662879795924522,-0.6483346691308983,-0.6107365693623571,-0.7269168991976028,-0.5913128562877334,-0.5862721495222343,-0.5497262268168025,-0.6315731282268228,-0.5925271062476867,-0.6751940214499457,-0.6544537249816348,-0.665004475157048,-0.7024838496307022,-0.6771521739233455,-0.5433834019263016,-0.779360608458946,-1.075578050881834,-1.178107114908039,-1.1771378216648956,-1.1194938655185944,-1.1254358934425557,-1.2366678752387243,-0.9736698655365305,-1.1327765842713773,-1.151718918411972,-1.1590135928651422,-1.0987429210879605
-0.731850132027471,-0.722886304515322,-0.7066527742356423,-0.7320004063263555,-0.8401082836067961,-0.6779214634679951,-0.5733025784319091,-0.6888554773462594,-0.6725572503496404,-0.6688153197755268,-0.6962637385370968,-0.5695803358968425,-0.5916018677263171,-0.5414934522394647,-0.5687751155116203,-0.5726412767086749,-0.7080853296202829,-0.5677335584619073,-0.6871877747315029,-0.5921212736128045,-0.7368800676459132,-0.5678030753626581,-0.5926251741612085,-0.49438002405290127,-0.6275695385786236,-0.6007270724950802,-0.6889226116707321,-0.699288680868393,-0.5954977753495463,-0.7874456211278399,-0.68846173039048,-1.0836390191702436,-1.172272918876348,-1.022342913822615,-1.226585348668423,-1.1864964980811243,-1.159120160609355,-1.1235926419677151,-1.1703275832573758,-1.1847755860276035,-1.1880712249764669,-1.0983593800155167
0.02551847453948746,0.048788164391821535,-0.05037949982032592,-0.05160355132550614,-0.04234168805291628,0.037065981984397166,-0.01829010625780171,-0.035587896582401225,0.00899668683590312,-0.006891451339103997,0.034859273504932335,-0.0016981065094551662,0.008019586344304584,-0.03266528881179233,0.01599662253033174,-0.013633746462686006,-0.018827185336652175,0.014350010489133582,0.04654663957507295,-0.03282700542286089,-0.04309063921605085,0.0131188725305201,-0.03329532176679163,-0.013927114763908519,0.016559757873694035,0.025883905014854935,0.02870950761080433,0.012646825044732983,-0.011979900221003406,-0.029557361301133067,-0.007492933602568569,0.004267446730228034,0.005702480575676895,0.0004255765259760936,-0.015778621298492345,-0.034588196544756,0.01912650049276368,-0.018366682012941022,0.017878208708840004,-0.031693746847477514,-0.015096514272712953,0.03089148616528988
0.770674006806479,0.7788953992385892,0.8623567317804204,0.6969088290048798,0.6958657194769923,0.8198439290280717,0.6887257668003126,0.6870452839783925,0.7389304090408421,0.758838461834626,0.7238502849571041,0.7499149434005046,0.8770447442529078,0.7071879251317477,0.73484896205279,0.7890906015490351,0.7653082798143368,0.7812148344135896,0.7302704860052703,0.8386788247816145,0.7622410130796555,0.9168217357854108,0.9168830891418499,0.9386615932626697,0.998761204279182,1.0740255591966774,1.0047547235887826,1.1011888863270147,1.1100880427467885,1.1981472562329454,1.2999095216592504,1.280057283068466,1.2264411526514867,1.042222979923495,1.0431172397820396,1.12577749718369,1.025515174889351,0.973376430923417,0.861331643352911,0.957483243162297,0.9028993641353071,0.8228978206296336
0.7953415614181747,0.8198729905334804,0.7466058377529394,0.8495537956515807,0.7140239888546062,0.6300284135742765,0.7011896758090115,0.7348554163955915,0.7389509780287604,0.8053481585173233,0.6937144463988704,0.7898331357410252,0.7336972511426462,0.7654210611514494,0.7156467335216224,0.7344833396918301,0.8724444973466352,0.857309942998032,0.8494995878750958,0.8605305934398727,0.9669857470933462,1.0019254660587364,1.0503700231619117,1.0550048159435208,0.9860341174503391,1.1039128661041697,1.05684346740111,1.2084568503537716,1.0950420192003731,1.1843701691827497,1.1411432868936309,1.2514135380460734,1.1719543059316593,1.2182468504040493,1.0147754280080021,1.117295346901878,0.9903354537490074,0.9519539320224295,0.9252185905854587,0.8275408014504635,0.951719488052557,0.8101449017966996
0.7514248477801039,0.742101193181408,0.7820540798569419,0.7885447769297965,0.6973256047644465,0.7369581369775958,0.699256501948043,0.663950915581787,0.7798140269832826,0.6948809080668266,0.809659425121413,0.5742892198280947,0.7948377309196054,0.7673379923742175,0.7832675739055119,0.7592758249049679,0.8692795477532503,0.882758757089923,0.9008886827376167,0.816069734295163,0.9648258659481126,0.863883680630079,0.9929159664996082,0.9492241116626459,1.0097398794880403,1.0197755356180125,1.1345493544073166,1.1607225205915521,1.1799485231390794,1.2810638194616097,1.2706077723759073,1.118252925664215,1.1047479815369463,1.2208608850997649,1.1793994435705992,1.0584206823012292,0.9408999357436598,0.9707916521549989,0.9902801143971607,0.875927746499463,0.8668538966123769,0.8827936527578216
-0.039756833914133725,-0.01755565869181003,0.010395165177103228,0.010673024508534086,0.012065209839562337,0.013996663251425448,0.02508816109663809,-0.0020157194822782794,0.009560226928180355,-0.012790563377301452,-0.010006808682087738,-0.002769422645845221,-0.0015201241677634386,0.021342313692541748,-0.003933046997463362,0.013702100443674033,-0.02332406664057332,0.0021640484827890804,0.016214713115134134,-0.025366887833275557,-0.03621163079067889,0.00684756678253556,-0.0031226735948890467,-0.014579194365679166,0.03331754720920965,-0.04761122592234141,-0.019766878736771208,-0.01750686052112763,0.005535754695211848,0.029356039266585254,-0.003510314314546183,0.005023822860218214,-0.023183153659544778,0.005808522086473299,0.001864081163016101,-0.014033546986212552,-0.012991778412746742,-0.010309905379052336,0.014713861875569658,-0.009049016416889318,-0.02748350064469486,0.0033787261975880864
2.6270826618279397,2.509210539994921,2.5499543570858014,2.56661016286091,2.5897330885988152,2.3578032366000765,2.4682575776369453,2.0983168857154952,2.375262139764446,2.3582143700770275,2.188371997019123,2.251221512007965,2.2435058493759894,2.183956635906526,2.0011684820196534,1.9640361273665323,2.0576414496400637,2.0584873445382486,2.219676024403729,2.097830651127534,2.059309544882492,2.153143871647437,1.894522652165973,2.1261091472897853,2.0883943004268875,1.9672746163696393,1.9804329544914432,1.9331317721789367,1.979390253281396,2.043748603733463,1.8986005723763126,1.866178543334567,1.8479513429610919,1.8562967396226928,1.6941319660865612,1.8156605792078464,1.613591946303855,1.703359833116934,1.5524934820485967,1.6682926341457387,1.4937061696375984,1.3918688347877828
2.4917318478142647,2.4702366465843224,2.4267832253401704,2.362601524417671,2.2788336354806034,2.389188817140051,2.5026570089733493,2.157696431106038,2.357806899423465,2.1622084156413446,2.220042149593441,1.9855751256178644,1.9582355000467169,2.1388121929838713,2.195377786918166,2.06175290886105,2.196792332207327,1.8154783402369452,2.164146324934656,2.1744691247248835,2.1762718014845555,2.122136191057509,2.0927212373800095,2.1797066913276506,2.154033765913945,2.0894462036069874,1.9860410205118042,1.9778728159953782,1.9910425475477445,1.9196090286345104,1.884980429517369,1.8389863238256774,1.759540628750572,1.7625083829555988,1.6876771508597612,1.6830379229051953,1.6374275475772644,1.6956027346835782,1.5571536189751238,1.5132907327755376,1.5232129699309704,1.2840494704548042
2.6315805381545943,2.4929109524115884,2.445323952998351,2.478925021768037,2.3817096690030035,2.3911852871625277,2.347769161745466,2.1248328531584635,2.369260481591351,2.1580661876042715,2.21172053966322,2.324735362467692,2.125024093990072,2.03533118867156,2.0722003704625576,1.8631660462849022,2.1429658566117658,2.056180215972616,2.1613264230977847,2.0787996959283306,2.2331187804195953,1.9669810697245473,1.9403617346521553,1.9167202753415646,1.9273917787823798,1.9892347057386823,1.997247818774561,2.00258857759969,1.9772880684520722,1.9277931899377698,1.8776111926938697,1.9101207851933861,1.9081637195795673,1.72699173432929,1.7978468984414904,1.6206248218690866,1.578683588266394,1.5713819857991487,1.5636974855198882,1.6794308266048787,1.448688977640758,1.4748841599761195
2.480115140089113,2.540399192008334,2.5517039012854688,2.4730648534751456,2.4620275273715775,2.2461711394243538,2.3001289742329187,2.11947069809287,2.031754993786676,2.2579325418225,2.343760008328731,1.9822014979813805,2.0181664097840075,1.8981335609497936,1.913244935782089,2.097263308511548,2.2123489800039895,2.1584201227278115,2.0346400381452687,2.0316653068455164,2.147091718571827,2.0596170258292523,2.026334565881274,2.1152923418380603,1.96821712031126,1.9607092016825443,1.9914405518134002,1.9740992509263062,2.0407622659381732,1.8855159169407638,1.9574241562696784,1.8633231252151508,1.7291099313752873,1.7061490905666876,1.7477094549895003,1.6471972755645423,1.6466224204858257,1.741949436225402,1.4950440209054945,1.5199877133696136,1.391431566018852,1.349733118966191
