gfs-wave-data.json
{"header": {"parameterCategory":2,"parameterNumber":2,"dx":2.5,"dy":2.5,"nx":144,"ny":73,"la1":90.0,"la2":-90.0,"lo1":0.0,"lo2":357.5}, "data":
[rows 18 to 35 of 73, columns 84 to 125 of 144]
-0.0040071607867658695,0.011043078703488888,-0.01956923979877886,-0.022124523152050723,0.007811669642582155,-0.00390597356106175,-0.018556919649256307,-0.009009685753636833,0.004526345999826818,0.04161200957434158,0.025835459077624707,-0.00028770297393499236,0.00643878451809419,-0.022369877700756095,-0.008779834412907918,-0.007133523479002592,0.009402939994354178,0.003970942390000297,-0.040732225135253215,-0.02184683006566295,-0.0015421099088380756,-0.04434376742562113,0.03509686140080482,-0.042882755597633215,0.014792341229372546,-0.0074484837064256355,0.02340850336371507,-0.01885315416247471,-0.023412104283704542,-0.010814984456610511,-0.02728788767918339,-0.03299140618073829,-0.008420460963838469,-0.04343595704434846,0.027829477048517168,-0.012075563005291327,0.006302675432092142,1.0092608763580326,1.059838238200182,1.0125462806624557,0.9419240591719958,1.0141187234693487
-0.034003125312638695,0.009477703285167035,0.03204792944060138,0.032975900932031704,0.01645857189240959,0.02449412969844141,0.0096904262006194,0.03694345366039323,-0.030830506043222707,-0.009831873723805229,0.009342093457708731,0.028331467905236305,-0.02634232463221819,-0.012369363739111839,0.02369366690489832,-0.014791662638343828,-0.008743635269292309,0.010735507083912684,0.04017332301870794,0.01885032211045567,0.01536420539860524,-0.022629527329449027,-0.04435348996420252,0.03325995767452177,0.029554027465134185,0.03596055739916799,0.000906224442071078,0.006773598663275216,-0.040207795023556224,0.00790347676723548,0.006497124269365479,0.031060419972135375,0.040173703399117265,0.0028748750858248423,-0.017337111865050558,-0.0012993085742600621,-0.01877878133605481,0.9234320378454868,1.1543535528036104,1.0737483073584737,0.9114184207741692,1.2358082025052584
-0.02303099360099848,-0.021545011145901658,0.02748178396661112,0.006983359716677896,0.004800695567260148,0.008733726767349034,-0.04321206001270301,-0.030243176695066862,-0.015424283999829628,0.001943390054205656,0.009434843410133804,0.022564744773723677,-0.02362430429306681,0.0244595142467138,-0.008605860090598362,0.036048530198103286,0.02851066561025943,0.038874063707573576,0.012862814455579956,0.031141625782653285,0.014988142670555277,0.0023498746619160607,0.02630868018542364,0.03324319763629085,0.017277343268704254,-0.032198473379913356,-0.019520129078896394,0.02813297878732216,0.01144468954845655,-0.008179451128935436,0.01974039288956884,-0.02659426545821252,0.0013332477211278984,-0.01743795680504589,-0.024372025762896637,0.03057952262707761,0.029074605709385692,-0.015891839919276986,0.015110242747314177,-0.015384027325758581,0.02688050789780818,0.031018885872615008
0.7448952715483979,0.7350629446140018,0.7263935899320116,0.743847623507669,0.8544752640152284,0.7276618920292229,0.6556926118958785,0.6630847937255306,0.7295335769506616,0.8196966787343449,0.6289665250338103,0.7192740644933621,0.7863539929459661,0.7529561601053634,0.695391410719687,0.8147738292016055,0.8035124511869258,0.8706946225139315,0.7987254146000278,0.8047985797385017,0.7573077717510626,0.867353366152689,0.8016580089956942,0.9570744558239582,0.860946579154797,0.8973688429729658,0.9428141061221841,0.9396860321774495,0.9542158578547644,0.9858647129774852,1.0120284363267875,1.0251308747379106,1.0632685217770474,0.9558011677788092,1.13335967043616,1.1255554900741394,1.035548715194782,1.0322414570005842,1.1712221807414638,1.1851012247695323,1.2942552909617473,1.2744006217311568
0.8164298142405448,0.905015785332428,0.885210112658331,0.7717836065288218,0.7288830247483946,0.6779320747578578,0.6908927501263981,0.7460902634659584,0.6227578408639919,0.7195657609679923,0.7539120894875413,0.6514037722833876,0.8362168016750285,0.8135709456123859,0.7780353421146563,0.7873778180363235,0.7777278615594132,0.7865818468144513,0.7850239861694103,0.8272111446926261,0.9360343922693686,0.7660271027573391,0.8549568274741967,0.836222285126394,0.9572064327303007,1.0269519633944704,0.9411604374701574,0.9899687406533167,0.9334670159516345,0.8902788855878228,0.9383247274460906,0.9510757252334305,1.052707166300358,1.1524490420256428,0.990202739117559,1.1098908154659153,0.9919452209519461,1.2153725297770346,1.1073286868435597,1.221588670518555,1.2644773095152655,1.221894010061006
0.7796419488285458,0.7496421811043995,0.7313961140792504,0.7442263402580023,0.7585949246521468,0.6242856318099974,0.6833838435498212,0.6549039364565556,0.7559648515887009,0.642439599304018,0.7608309198909821,0.673127359136348,0.7108976818777635,0.6780990753311914,0.6767335712295343,0.7977612280269835,0.7778166504674346,0.7371278243367976,0.7922796590416322,0.8392093542923034,0.7633015071714149,0.8122880997788333,0.7706311986477886,0.8516216401383261,0.8269275979872366,0.9692234383839092,0.9589046966811926,0.903430578817061,1.0200496607061735,1.0466501853812928,1.0484846275069553,0.9515896677278801,1.0493707692515228,1.1413174248121045,1.0747422337275618,0.9918386482118208,1.0408883044705952,1.0985948210029022,0.9771952524561075,1.1166623014062487,1.067724151350975,1.1035031339119925
-3.654053278475188e-05,-0.01862010775079847,-0.0009193737967636349,-0.010926835305741109,-0.011691168357416981,0.020151322973865342,-0.011114567595078102,-0.03250974228119267,0.02809809648093641,0.009107410659494814,-0.006593456479798666,-0.007625339013687815,0.0009041459738248883,0.035236067908142356,0.008065870961722675,-0.008278633478462931,0.014061054974995437,0.0023018660396419486,0.005041933628517997,0.013100211430739748,0.02529107750582132,0.014104346276221414,0.012954452869779667,0.003445922620359751,0.031023294983759896,0.022591231459471197,0.018958138394261248,0.014722601106567748,-0.017607758228524617,-0.030196164253796804,0.011513029689941324,-0.017335516148686333,0.019508642533096476,0.027626051279992462,0.037466456149920634,0.013555969297914751,-0.006256032851927705,0.002755031407072531,0.023115928974623536,0.00518576356267651,-0.009157569976957509,-0.004095840088990073
-0.7017319710298113,-0.888822173366346,-0.7902184459317603,-0.8126340525725689,-0.6468973441816924,-0.8418282127115421,-0.6491749512807915,-0.6102890065340286,-0.7064117092112989,-0.666429044048069,-0.6518533439321463,-0.4833135328304682,-0.7630186249174112,-0.5721150192930946,-0.6339399155158124,-0.617255535607235,-0.6682811704004565,-0.6309211054550559,-0.6471080035068754,-0.5112187362412061,-0.539079027691524,-0.6220351309787826,-0.6159347345322441,-0.4185347651768332,-0.3871226635078619,-0.5613762112363434,-0.35934266607878285,-0.39582390279758356,-0.5005276702958591,-0.5579685804131544,-0.4449692279398629,-0.46918903824024605,-0.5366618590534509,-0.4044034680736021,-0.46932343586233644,-0.46316086324019706,-0.47315400554758785,-0.4432437383828056,-0.466925436935937,-0.46695414782014605,-0.37812347495120313,-0.49080643871063995
-0.7286067060796346,-0.6978059574175447,-0.7958294056764816,-0.7776769274031562,-0.7603882267511356,-0.7311527935953146,-0.7454836989078054,-0.7268275599879712,-0.721800671743626,-0.6748561494924691,-0.6686840557974867,-0.647337379146318,-0.505710017700369,-0.555762416104057,-0.5601574335898816,-0.5865392153523685,-0.552973320169766,-0.5492332806548731,-0.6765037003904105,-0.6587748266039614,-0.5044486170454583,-0.3894600412987256,-0.5284394177285201,-0.5357928780478561,-0.4727968406763986,-0.4977481584813878,-0.5740284533529403,-0.5089553210232771,-0.5110644735886858,-0.5024930842390064,-0.381741393681944,-0.4454980039585491,-0.44589824301135156,-0.5387297360231579,-0.4352731457282152,-0.48955232769812373,-0.327437437925122,-0.47740747392394195,-0.3684684366923287,-0.47210104572324835,-0.38657089999933597,-0.42232224444024086
-0.6865388406450085,-0.748452632952428,-0.8112860423188242,-0.8041568037736877,-0.9188727534907044,-0.5717934455261233,-0.8383010259418532,-0.6919387786902976,-0.5129922618998953,-0.8098773086615318,-0.6612194798565465,-0.6298015736352873,-0.7106303097933726,-0.52118376359964,-0.6202657465876803,-0.5275982342542306,-0.52810924955551,-0.6077566356126348,-0.5193337329718375,-0.5481208428537798,-0.5708571001895313,-0.544111009743144,-0.46351988905798436,-0.37704830155784924,-0.4722931082272683,-0.4806432848905428,-0.4634433632042449,-0.4937680269682548,-0.47621118571205107,-0.37639463494326175,-0.3651005817699932,-0.5289772717828123,-0.4019116389113389,-0.402406511649608,-0.4141712325930524,-0.41746880088049243,-0.5324103525622682,-0.4084222897173099,-0.3200393659177944,-0.4800165996795374,-0.46387171044771663,-0.4291669318667527
-0.8224429721066676,-0.8399702899149024,-0.6425299781468161,-0.8955640434223381,-0.779835167955912,-0.75362740625774,-0.7055856848396268,-0.7704204704705058,-0.744712796922938,-0.6263624543487785,-0.6914359701648328,-0.5599985593895088,-0.6513732974824974,-0.5406928396790118,-0.48988601102619606,-0.6679760783639056,-0.6541262525787984,-0.4901230413696992,-0.6496199354416408,-0.43835469705515484,-0.5029258854410434,-0.4913096275944963,-0.4528106037435926,-0.39200173135419625,-0.5259525653958379,-0.4204833620881673,-0.35454351145411667,-0.38440166707766926,-0.38552008668560533,-0.3688882327154609,-0.41634186566648207,-0.398448145482907,-0.46251006402458955,-0.3779705426009867,-0.4327408603080453,-0.40865436667596866,-0.43802197273247073,-0.42182604295983994,-0.43472173078001497,-0.48255846337822517,-0.4206680763875706,-0.4369955435505248
-0.8683708906223128,-0.7291020763771116,-0.7771982084280167,-0.6313576667272253,-0.8251579215118349,-0.8585917886296289,-0.6165269026472886,-0.5265056835461945,-0.7108070874637454,-0.6232273162517092,-0.5641075477078071,-0.45939855423689735,-0.7183804188033123,-0.695717477198129,-0.5270946161759972,-0.6034249666381027,-0.5352664880863137,-0.4588935587554187,-0.6009469505761926,-0.5770850975750903,-0.50148786535317,-0.3453081775429112,-0.4734798961026731,-0.43792225854731404,-0.3433687858863178,-0.4625513075051197,-0.45273330011851437,-0.47060494954198806,-0.5029302198490416,-0.4940239617471697,-0.40370260188143886,-0.5147796924370794,-0.4916269645415108,-0.43127792647114255,-0.4532985013800091,-0.45177913977606404,-0.528918095210711,-0.39936243858038334,-0.5133901419220183,-0.46796454935047105,-0.4882240011098191,-0.5133173498137429
-0.016637981183657235,0.0030618088102087626,0.001112810719948389,-0.007886896337474933,-0.0036265817880261593,-0.0037868971532644467,-0.009446246607835702,-0.005562653119228745,0.016812587577304094,0.0029384814818701503,-0.02828852895673788,-0.004113282635297916,0.017042492880733978,-0.0025674740177593102,0.035779457942495006,-0.017704271804648584,-0.008643530835747072,0.01054101699525893,-0.01582114766153866,0.0033828770500963713,-0.012630625096218666,0.015403740674571552,0.02233153878979267,0.023571641251989472,0.02981428255984454,-0.022604877213059964,0.010911288945308111,-0.027825262796404182,0.021300371986882477,0.0035403105510589156,1.3430019137681188e-05,-0.010966016817880639,-0.010631929784918436,-0.0045309250649060075,0.012079869514357973,-0.003090694638783962,-0.0070484184278832756,-0.009132731857547212,-0.003946855833324118,-0.005841011321635616,-0.0026354881440131916,2.3855622335320597e-05
-0.5328416674508196,-0.5759211852919106,-0.6825079214725469,-0.5308356989127168,-0.7108600888157356,-0.7745634572200443,-0.7634510524838383,-0.8098801119111658,-0.8586132056773446,-0.9442326921304931,-0.9189684004655456,-1.0452956375461273,-1.0289535376700913,-0.886827489368152,-0.8665224343410765,-0.8721518578604198,-0.6460956075582059,-0.6266209244729648,-0.48436089331164744,-0.40712919608708037,-0.45840696137736814,-0.45458458619355147,-0.35804622269344405,-0.300365171924698,-0.22400415755851205,-0.21156932370374454,-0.31934303233113726,-0.20930113148443186,-0.2954056527425977,-0.41058099228751105,-0.2928079383255618,-0.3555567727895424,-0.3825199549513791,-0.2670598558931056,-0.3731892277231196,-0.3393869218318761,-0.32364416435828536,-0.28072604563344133,-0.16799340494346152,-0.24718802920884178,-0.17727132714460617,-0.18317572195790402
-0.4681339963756568,-0.43331372929053136,-0.6064169779806039,-0.6749132141120321,-0.4803322953790304,-0.6792714404923625,-0.6621973724490259,-0.7541285100816482,-0.8528282644465384,-0.8068693546424949,-1.040286059349628,-0.9684503640028914,-0.9568677333349999,-0.9400418893334721,-0.8861690645127313,-0.7459425656933928,-0.7189490826457331,-0.7184899282090148,-0.5765800702812873,-0.48801894040450927,-0.32855454392994843,-0.29243630247336366,-0.336682366108518,-0.3601107546178593,-0.4195233072362304,-0.24763348428533058,-0.25206397547571946,-0.32094081858639745,-0.3223193635052246,-0.3296990493803302,-0.32664057160447335,-0.277887077722147,-0.37384776407303133,-0.2930090260725645,-0.3036590266239185,-0.2840959465539593,-0.30764841889421013,-0.2098026573532451,-0.1569705726579289,-0.22371751794368927,-0.18282320103536365,-0.14438385939075077
-0.5534872069595638,-0.44421688695565187,-0.6446725583604556,-0.5455749720504349,-0.7414807305813428,-0.7346186800241685,-0.7342471393393412,-0.7683391305665271,-0.8963888567817898,-0.75147698012303,-1.017917235371048,-0.9875174245021089,-0.8869245664001915,-0.8886262264488578,-0.8997571829815658,-0.936969660535503,-0.7891991863179734,-0.5842709463281703,-0.5784686490948542,-0.47146766408882507,-0.38241713543038997,-0.3848694271251483,-0.42946747801315494,-0.22953446536066613,-0.2366217606520638,-0.2662521884661029,-0.34323971189716235,-0.2415684518900846,-0.27109010079686835,-0.32175334889439045,-0.2650079586181307,-0.3087387943012261,-0.26175159414242477,-0.2771526940687155,-0.3334226854395149,-0.19095681643322857,-0.27413051395999144,-0.21540294733564183,-0.26487419137376844,-0.15339788306647897,-0.23597277729904073,-0.23696026219693853
-0.6150762812053124,-0.38211259484623755,-0.6336074783564841,-0.7237648302932523,-0.6348170015568316,-0.5260326723857601,-0.6524915320672189,-0.8323985383554833,-0.874836080490675,-0.8916524693725959,-0.9906743062386804,-0.8537957891832079,-0.9391239889612649,-0.9833189750728127,-0.936544050121304,-0.793256848128198,-0.6412955240118218,-0.6222392435090606,-0.5363239343877318,-0.4262134992574925,-0.4408920707208488,-0.3808677773016141,-0.35693812540331527,-0.27993984508318986,-0.25199235196871755,-0.35736011287563774,-0.29224079232874034,-0.22534960215980532,-0.3014573089472305,-0.29333840555055407,-0.2856064483915202,-0.24214986094016783,-0.22930401331874745,-0.2804113483964393,-0.19498161074337256,-0.3442765750419968,-0.20373391502840563,-0.15460981164841886,-0.14605078467957303,-0.24846508720870594,-0.12570882322595356,-0.2093918732781581
-0.36556463607085565,-0.541065896354236,-0.5711307638942106,-0.4988956083609547,-0.5172162800410605,-0.6871174936561668,-0.6547853567889017,-0.9338829445684282,-0.8075616181452153,-0.8360688200245373,-0.9198728876120967,-0.958524890997864,-0.8535048177926206,-0.9141624291319742,-0.9318284613567859,-0.7498700306805677,-0.6445386077451271,-0.624555392582585,-0.515716209245748,-0.571046580558458,-0.48927019501804164,-0.3061526863143117,-0.32029043894222675,-0.386919030632106,-0.209332467409283,-0.3602939341117056,-0.3163487522864704,-0.3969616691527024,-0.27671179496089177,-0.31118926418878046,-0.3069881454835512,-0.3621797972575005,-0.21557318033469375,-0.20438471953570506,-0.21368904753030069,-0.2887748239794412,-0.30130203025777447,-0.23301742109235796,-0.12692978104609962,-0.13205794838758994,-0.11823861582876238,-0.21980733855230644
