gfs-wave-data.json
{"header": {"parameterCategory":2,"parameterNumber":3,"dx":2.5,"dy":2.5,"nx":144,"ny":73,"la1":90.0,"la2":-90.0,"lo1":0.0,"lo2":357.5}, "data":
[rows 38 to 56 of 73, columns 42 to 83 of 144]
-0.3833465895155202,-0.4367441274465718,-0.3089504522828419,-0.1065542244419992,-0.13736797143000756,0.0010996816456730217,-0.03651904234153326,0.016365885209645204,0.0697344322810133,0.15673931690227483,0.18900962611391098,0.20871737646203492,0.3126551513323017,0.2337012232669611,0.2893699513373013,0.3365480214884061,0.42276613255474765,0.39889769117844026,0.3487413475210523,0.44596722478458567,0.4531227095668251,0.3750019870919144,0.47870709025148683,0.34295780443343915,0.3672940240807553,0.3197247302813142,0.26889079354769474,0.2838371820793644,0.08097975274924352,-0.0009845810045807462,0.15135873248669782,-0.19721999001201115,-0.17832509148171674,-0.4717782392932879,-0.537834139715325,-0.5915569804100438,-0.806364669581703,-0.7897208806681509,-0.8263705199189204,-0.8322096194501656,-0.9395500206182442,-0.9339167962827589
-0.32507292593389436,-0.2303750576700253,-0.2788471178064007,-0.1379362043186025,-0.181094329510109,-0.0060225086523937685,-0.03019125907441821,0.04268791770386247,0.05513427637898808,0.19867636586380297,0.15545545646116163,0.23366299795467935,0.23821610132451176,0.2621946176964919,0.24690080792046118,0.4405252213626417,0.3231540283821396,0.29857768926324113,0.2733283675415156,0.33960694037498823,0.41526826420254415,0.29587609206684967,0.4283007252369481,0.47732927134116704,0.4794616191298729,0.3173981448171525,0.4173258921853695,0.256197933523627,0.0697194890497621,0.04148901167401243,-0.0191889029151685,-0.11665269358461092,-0.09921065257797591,-0.44433108416076894,-0.3545980852065399,-0.6609477678618347,-0.5953300923151814,-0.6954234273636265,-0.7500033905005073,-0.9212896296502616,-0.8811420229588123,-0.9309807453162646
-0.38040455782981875,-0.3749917795430111,-0.2794812645819653,-0.15459568519197794,-0.06670523345911417,-0.07183586469969705,-0.05021913371454435,0.12324230624430085,0.14365955462762148,0.1338128610334789,0.1237439562576691,0.26310264519605747,0.2311632313082248,0.3496662302821251,0.3977881741330704,0.2648334748577805,0.32648233017719186,0.2843975091164276,0.4628938958781588,0.37543801619796674,0.4866929211694374,0.4403665230538628,0.3825663634625181,0.4021473351344308,0.39063638475339885,0.4008220235733213,0.33680210550087536,0.3239179324558654,0.25943802346607303,0.20410598267933974,0.08608119910560043,-0.05425355472892897,-0.28534965391315203,-0.37266436934271835,-0.5346008435209839,-0.47545306678885707,-0.7466212288204657,-0.7325930434339312,-0.8052171558950991,-0.8930113363916898,-0.8562202523518536,-0.9469838818021314
-0.3964271540803643,-0.32291928632617856,-0.24057950348035975,-0.1867943253547979,-0.0904277665334083,-0.06417347707014857,-0.03734150457603516,0.060065600124769664,0.05982933511918499,0.1113522235362236,0.2568012126453252,0.19013020939918618,0.27650044697695775,0.2054886775111255,0.2184454685504232,0.38187728830385514,0.33683943734690097,0.3547916477975987,0.4337293064472946,0.43878373953874594,0.41540160780374996,0.46386866105565516,0.447713414835906,0.2920096882785366,0.39688342490600653,0.390732441808258,0.30749946466879446,0.2685063291152263,0.17164699838872619,-0.00979634554285482,-0.004280059515565907,-0.1256681263159704,-0.16638793955187095,-0.4243343968357137,-0.3875947262955261,-0.5401827797617275,-0.5955202836486732,-0.7128882442319053,-0.8506899303967401,-0.7516090834865117,-0.9556000510679721,-0.943067881521398
-0.3251830669047806,-0.1639922394461435,-0.28066363120001114,-0.2349208804806157,-0.28497100497258565,-0.23896063323669717,-0.32658592296969613,-0.27208240514326754,-0.2863189161532076,-0.16239204463905205,-0.15649184727851154,-0.34040498295585075,-0.3304063662487544,-0.33874488927549046,-0.19023190520519812,-0.27172511658678683,-0.33729285033501616,-0.3220424578572791,-0.31624532740628525,-0.21756446261747536,-0.2061439050746759,-0.3123507716343208,-0.18761552207421037,-0.26155503098578897,-0.29679669594846747,-0.2574309189769581,-0.20042314590698737,-0.17228633118303904,-0.20058799302550967,-0.30568945888356985,-0.17106361901495606,-0.25649221902146,-0.2935972790339331,-0.17191741541082836,-0.24127213340180406,-0.20555970000044657,-0.23701644174720668,-0.1963029469664828,-0.2579025968598922,-0.3438217882069463,-0.16660699948337618,-0.21335728521347566
0.8805369714868427,0.7918140938647076,0.7616335045603381,0.733562895042716,0.8222454214432284,0.597106215145146,0.667871680145336,0.7207272341210771,0.6784926265326773,0.7654677532667741,0.5709001629872754,0.63258625045493,0.5573971957144033,0.5328405680504311,0.6777440745440227,0.47774056170119894,0.5957132093771101,0.6231636928706555,0.45474988519630954,0.6518072764686162,0.38578178556258735,0.4983668983089802,0.38696426241116755,0.4213391181122186,0.32196446603093065,0.4139628546916317,0.4062577411360336,0.3098891547927913,0.4512235910857039,0.42777157181116443,0.4533633672221086,0.7035689744394165,0.7042430785294755,0.3840492447791135,0.5686336549462901,0.4227066754953946,0.39894367340959186,0.3377222873143388,0.5428523117976308,0.5349910078550094,0.41790361646363794,0.3328549024116019
0.6250574472030892,0.6906985135856428,0.758980231604987,0.8368220865218805,0.8038543738090164,0.6973907894138356,0.8100120308217212,0.6833905324710162,0.6376615104281728,0.607786505190184,0.644875449304256,0.6586409710358366,0.7373862098501984,0.7686106270712592,0.5403807439223832,0.47482913291859635,0.4807521535189785,0.6419953367311252,0.6274820418604365,0.4886705572993815,0.4569223115827805,0.41956276204357,0.5074222388511173,0.40887166194716157,0.48389992020816935,0.3878979307226758,0.4567149056577788,0.29527783303568744,0.4297613544323296,0.45999284310012173,0.39298968934217,0.6767631014322045,0.6277908717848955,0.39705211019154035,0.6275784047302357,0.6336090986452051,0.5169361910104715,0.6591279711293326,0.41633412158356586,0.2984435110121633,0.5644672291721433,0.4898133818018691
0.7810268029553117,0.6871708058722209,0.7447401557847052,0.8378298410300254,0.7717687907238436,0.7618568723847954,0.5499318073397143,0.5725604903354632,0.7189933330327024,0.7584693806821278,0.4904519728913418,0.7189048304541091,0.5990169912090968,0.4850805539487968,0.5574366167153914,0.638556924396474,0.4357271584533009,0.48425877682135426,0.5188726306816857,0.5023580723820208,0.48117729369162565,0.49003012409153157,0.5869854771468861,0.5759305327082289,0.3405492189843243,0.4896676285831161,0.47795504362897256,0.38439184685007916,0.48453289997636934,0.26039410605233526,0.3505864106616803,0.6027677464122415,0.6790486278585572,0.3832225736370574,0.6510695191672198,0.3229535656908756,0.45926565927469293,0.5388835900126582,0.38250395000086473,0.5573455532634098,0.2362105844659707,0.3283541838227797
0.79367303273018,0.7892979503812498,0.8102553988681158,0.9102795641194756,0.6113106043441645,0.7628678232049715,0.6554687482536269,0.7507344279033599,0.55648005247425,0.7223879271487543,0.5758870065856968,0.5173340981219138,0.6076867917358378,0.47400623479808873,0.651064079546857,0.4478749054726926,0.49421555476146756,0.49992765451205673,0.4734995611382446,0.3650951619240108,0.3199103115947902,0.3683314046650673,0.4703251396152272,0.4285481035009992,0.5610664890263124,0.33703342485159915,0.4801491523695649,0.4877317094162175,0.37965485466292465,0.3578491855518349,0.4712006788955613,0.6167390364240023,0.4943856560790772,0.5485582989379761,0.3587382003879834,0.42931375503247915,0.5380110621449842,0.41692248090515993,0.5233132521656343,0.5271363886745914,0.6050542039513213,0.4422487716208845
0.6679338762336683,0.7065046660871886,0.7386228881870729,0.6959378603985621,0.791993987733592,0.652301627233106,0.5160922210146679,0.6254438437721391,0.6866652855068975,0.6683956049011209,0.6034227262367536,0.739278605881696,0.5031437533825689,0.5234547405612339,0.516299094574115,0.5228056016687069,0.5388617807002438,0.4629610789365097,0.4847174499134921,0.5153192710566946,0.49469972610395846,0.36465896966817596,0.4824692637656568,0.3343678295840269,0.3863219257725534,0.3953746626983741,0.40295394048383815,0.3673831763908289,0.37048776416335266,0.24886926071520146,0.41065916575346195,0.7562678227603917,0.5296898188815276,0.6855094378696941,0.6749516500814408,0.42788139854354773,0.3966455959121527,0.510413896535862,0.5525324532695162,0.5559353211344626,0.5503407946847124,0.5637421784746625
-0.12367407134164764,-0.1601685143947147,-0.18843198499273173,-0.10622285456674595,-0.09875126454095565,-0.2625127222571833,-0.2115056030097656,-0.2560120507427563,-0.08273025045097997,-0.1301660941438575,-0.25285880962046015,-0.14998931060596038,-0.12914081775588424,-0.20170593282011048,-0.12236990730332245,-0.24208371525524752,-0.12834519352162338,-0.08253185531293031,-0.16513829155379778,-0.17661312572790916,-0.14230509208035697,-0.23367313590200467,-0.10686349373474856,-0.2359334315435585,-0.16481439508998375,-0.16268591177757452,-0.11231808680533945,-0.09313909025687231,-0.0944803585575103,-0.18973004671930724,-0.15991765134785804,-0.2601716255553673,-0.12732929207982607,-0.21355537560562377,-0.16880303246357753,-0.18224859138590832,-0.16006239714285775,-0.2697605451253016,-0.2673707940289715,-0.21560365637551424,-0.2284286430255249,-0.22047802023945876
0.29961470376715504,0.18093835828008037,0.3509905690555587,0.2537871460314102,0.2586785096612601,0.33744117085882613,0.2936336210645566,0.29848030255918184,0.36209345684786454,0.29045707290198586,0.33628138665548835,0.4120930254509801,0.3553924862228561,0.4188864287460311,0.4914913956370514,0.39605616628977336,0.3701641721419631,0.3509706224786405,0.4003527661320736,0.3890021621187827,0.4342161439340396,0.1992683868898567,0.42350047506877464,0.24634811373908813,0.3107510382987533,0.14167836926531252,0.20281260334101403,0.046213318874082955,0.29177233656750173,0.029183775665201188,0.1734686653099842,-0.03550992469087168,-0.260158229738043,-0.3064855555914802,-0.08815863854026344,-0.3014299633270537,-0.0904262378821309,-0.15808764487065796,-0.3090999035207907,-0.3431606260747511,-0.22685909704757407,-0.2908713960480408
0.20585792095217317,0.10651991666808791,0.15631892806529413,0.36988858553478077,0.2073184139225647,0.28259924107611495,0.24161465732574558,0.350435989948421,0.4522393311844796,0.35385198034869236,0.42211779404815947,0.254344033191912,0.24681866927017937,0.5133036802938269,0.26721173395597786,0.3311666150532605,0.419463373153046,0.42933251408051093,0.44977996473289417,0.3281630095885855,0.40369876137654404,0.4261442345191079,0.43922519502459534,0.1809961408911874,0.3300501198663121,0.26078534450280416,0.04423888196268014,0.021790976544818808,0.13126820629241534,0.12216165765195867,0.16444979684738772,-0.020442476360025472,0.08308825484288188,-0.13712964155962087,-0.33150128438308696,-0.27841142352049963,-0.3403416630732474,-0.37646569183147516,-0.246838003815432,-0.27646427584007377,-0.32031322367373294,-0.38469365582687565
0.22316521035857848,0.10455451194315024,0.1571800165598875,0.164352835484059,0.2871027140031052,0.19091825099886545,0.4207316943283285,0.31461874966267034,0.27733273952453463,0.3490026794900651,0.28009837424869155,0.30242405988187904,0.3111041257433706,0.34255493967542233,0.39445098004914186,0.4860888783610896,0.2684976231896588,0.43599543282544323,0.507296021602411,0.37993549397357884,0.51003319366318,0.4305326303194781,0.26764443811060284,0.3704449754285636,0.33899738226345233,0.22626212041977192,0.058604602548028066,0.11514887258228422,0.018875317550884556,-0.040622741478659366,-0.13651498491220906,-0.09575648733286231,-0.2626420511093686,-0.21777459728303247,-0.35083871348595397,-0.1419803287490758,-0.40420039505521105,-0.20576143557922133,-0.420366784027977,-0.4723159713044094,-0.4041417979756439,-0.39577148807010126
-0.19782446627175237,-0.1415537341018644,-0.07555564380165185,-0.19221244510775068,-0.06821982562958144,-0.21097895676855052,-0.04249085028449154,-0.15281112912830522,-0.07910374885238769,-0.09674501214005951,-0.20719442595335943,-0.15248239529124819,-0.13111558241924198,-0.1523930378719494,-0.1659128710441974,-0.21504028293849675,-0.06175309435243373,-0.09464496000628612,-0.06181518789943167,-0.07950267719698827,-0.12487491061163442,-0.12533248233104613,-0.0726353049160649,-0.1870754827167114,-0.1352002495620096,-0.17135334856297177,-0.19428997855513402,-0.1819315211681073,-0.12258147735234384,-0.1680481976717893,-0.03736045404630357,-0.22333459478879003,-0.10733375097554303,-0.18551049299703712,-0.10049882723202402,-0.07280969398215292,-0.10146473335957801,-0.1561727930680135,-0.1454112285200439,-0.19431535748011508,-0.08574626458446787,-0.03909624302417828
1.0862940575554254,1.117577697021378,0.6517301558967851,1.1416197336638652,0.8186119022977169,1.410234008490592,1.378867569782092,0.7774633399248911,1.3124185951781158,1.2417162973680074,0.9789979191390874,1.14966217009711,1.1069671953777633,1.2864494311856594,1.497705279185585,1.4074386623430004,1.369593583451079,0.8849312640233843,0.7986553121636901,1.197484499296303,1.1652475995854714,0.7761754531227764,0.7596955155588978,0.4718055021826283,0.7271980318153718,0.6643468389930237,0.5530249260575728,0.25260211870905924,0.06550035643122852,-0.12783454877369949,0.026260865994361775,0.12974381681967664,-0.09116176849408965,-0.4998929081482132,-0.49492353864270133,-0.2439736103317059,-0.7065847327685938,-0.7229411837529164,-0.5550981731334649,-0.41661780332940945,-0.5862917375060059,-0.8409907517952645
0.2523863309624421,0.7186413956230278,0.8138820358024532,1.1092071701238617,0.7683954700987153,1.1246553210330454,0.8636638468827891,1.1842193162530783,1.4906363240638718,1.0264475441099223,1.2749735385477594,1.3558541752412494,1.1803667885341085,1.2183639976329117,1.2963692058178278,1.1859820018904232,0.9552981193815479,1.1012744696890888,0.8828849096088885,0.7006509997858393,0.8674684347029591,0.6373875475833682,0.7003664408592329,0.7369076656083683,0.6797072704279874,0.5743765271014608,0.530771998599497,0.2011811403497057,0.4414639866126182,-0.15768198207532022,0.2176666151397585,0.10437326842361831,-0.2802442793517631,-0.14266093806237437,-0.07021593795007183,-0.27615388326260587,-0.6621714865311596,-0.22177316293302154,-0.5802165844511732,-0.3811769023313223,-0.7511272830656626,-0.644602640549763
0.37383148151062295,0.9965644693169434,0.8805608125984746,0.7469140898278559,0.8405138291417962,0.9656250531463746,0.7306930960331292,0.9376180771703503,1.2248430566860622,1.0879463064658206,1.1834944455982026,1.3246864636502789,1.1881931804202899,1.3685872026759112,0.9605095525724353,1.3735173950541408,0.8707956246894961,1.3788900495547267,1.3318557186827502,0.8403825719081546,1.0830068762970562,0.587368469112833,0.9138524911244691,0.37241665974598204,0.4519892197467184,0.5476725941123003,0.34498362939452754,0.2923201089022457,0.45707232784793356,0.07885076539741119,-0.14452098129895904,0.03435861336990109,-0.4453092859809585,-0.024144406555279958,-0.4535067300034248,-0.3362818009541923,-0.489651790161668,-0.48784056745734194,-0.6898863406219263,-0.7294254974452008,-0.7541752761913029,-0.6081733565826498
0.9020542516597265,0.5372925443854656,0.6690323521404671,0.562055120816236,0.6071267194688565,1.1897919238757755,0.6959243058525711,1.3353212059611095,0.981715003123595,1.4837681134643153,1.214220498495947,1.1912978914728236,1.1706453074151106,1.1283813905618896,0.8138939434401886,0.9824889225689534,1.2624495149363988,1.2884025479340202,0.9813139165284056,0.7967770012236034,0.9744917584159354,0.6120115014542166,1.0308231040231723,0.7274171766706478,0.613046289301972,0.7293190448677315,0.5211505739488997,0.5512304266605457,0.16634550539945206,0.34464032340877687,0.1505268111453561,0.21897889659875933,0.10084845540013379,0.06464843973932544,-0.3694860350234389,-0.08744488905235766,-0.1943756002785171,-0.28926755406649296,-0.30148740121528905,-0.7276351025849501,-0.6060804834761084,-0.7222226113112937
