gfs-wave-data.json
{"header": {"parameterCategory":2,"parameterNumber":3,"dx":2.5,"dy":2.5,"nx":144,"ny":73,"la1":90.0,"la2":-90.0,"lo1":0.0,"lo2":357.5}, "data":
[rows 38 to 56 of 73, columns 0 to 41 of 144]
-0.059895837486716764,-0.022520280258110904,0.24395294885412555,0.30939819886770525,0.39200458677832845,0.5991505200243507,0.6297435305870012,0.7684694153260013,0.8000147065341615,0.8583599564586032,1.0158208167744358,0.9753288111386066,0.9330651919888022,0.8395550716183291,0.9290418672364145,0.9750803100212,0.8685370485545242,0.9431975492709039,0.642289524321256,0.5020683788249731,0.5472801511966906,0.38001076680403956,0.43917053232218417,0.2024223390178605,-0.04602448192623352,-0.03452249831220767,-0.2025311160861787,-0.2798444660289533,-0.454173433874293,-0.6303442189827209,-0.659399229206651,-0.5824100413835196,-0.641925542442935,-0.6848819440767671,-0.5836003992477078,-0.6244285921460849,-0.6846556617539973,-0.5638537727403181,-0.6734599644703854,-0.43594950095588053,-0.4009619123737175,-0.4808510329848423
-0.06253096399490808,0.056685654097153544,0.1118128183403699,0.24082329752656728,0.370276895503122,0.6989375437056252,0.7686972211124175,0.875970877068571,0.8812741602837979,0.8480658776388367,0.7827438607720899,0.9366734430891442,0.9420198244116547,0.9234510512750317,0.8679125138839929,0.8017814529668685,0.9023065442864472,0.9481410170573985,0.6171979479349703,0.7005349730250172,0.3995637993936653,0.40938046904738656,0.44750936896985477,0.06507120249095648,0.09743547973208301,-0.13011407015308116,-0.10483128255481959,-0.5170830959812364,-0.43814568374163076,-0.4423010126660688,-0.6773999796787894,-0.8165675760104042,-0.5676183678557829,-0.6595024137517977,-0.6915752318594437,-0.732237899694973,-0.5992669126853346,-0.666549412201087,-0.5698084133261003,-0.6325458748559293,-0.40057710747079406,-0.40782231144345066
0.032394459773887566,0.11973328786714728,0.1635289510676466,0.22052247048106016,0.49649417115300637,0.5174559219152677,0.5971584118158062,0.6366545791860094,0.9362506234643587,0.9119303474589094,0.8388591532370433,0.9304915598419786,0.9626178515504867,0.8365892724288253,0.972368285971341,0.9330453145383925,0.9674290965986575,0.7283685888500435,0.8134233421398718,0.7788427596765238,0.645590669513624,0.3381645464561548,0.420984992131887,0.2182500428352519,0.1897819472153206,-0.04613011500437873,-0.4708095367714173,-0.3082236227742367,-0.5987401630939965,-0.6632320801920172,-0.5596079516418617,-0.563337080408997,-0.7379195415199603,-0.770050650929511,-0.6250638310996781,-0.5565488391741324,-0.7490777825963425,-0.6753779815684194,-0.4984188877699746,-0.5910916051214498,-0.4488310750378403,-0.5029000527485932
-0.09604651107666211,-0.003348748011257339,0.3370749343464846,0.47501153088516684,0.49846891491177114,0.5671063537826061,0.5668794788186428,0.7839056375111438,0.7600366042368732,0.8784889303663218,0.8887832047071483,0.9633606746531928,0.9546638564467327,0.8934545147241244,1.0121666697560237,0.9823032855574522,0.9747829435150477,0.7379527159724906,0.8393306937496163,0.7806800549960775,0.5082390805168165,0.5223678872974193,0.41420397429948225,0.08609692563597934,-0.07546098369042104,-0.2623243694243033,-0.27151642739258103,-0.30333905150819723,-0.5596329103723868,-0.6612533068591724,-0.7899505850950189,-0.6112984939032662,-0.8643400792536348,-0.7729135817709548,-0.6893474613323856,-0.6232581329222979,-0.7750137054939634,-0.6565783414795952,-0.623228773034988,-0.47851801595291493,-0.5414219138804729,-0.4680456797833851
-0.36004929641566585,-0.21874882443568391,-0.34185649852947564,-0.21262639751176896,-0.2911154193847194,-0.21043920585226175,-0.3292678495050576,-0.34604835125794164,-0.34914263589739997,-0.31389002678003486,-0.24747897230896018,-0.3697891692466001,-0.36191904684414417,-0.3083348981422974,-0.37990937245723927,-0.308651927960025,-0.19454947452398832,-0.23417314361834426,-0.2856107161166142,-0.2915695980275018,-0.3622111629273296,-0.31878826006746547,-0.3504121007295435,-0.22320507510848933,-0.2215778454299642,-0.26547791758694705,-0.20771162817506075,-0.20193582415863595,-0.29759594897269337,-0.22709848042464342,-0.37366368163464053,-0.2412996232713114,-0.24139006390968995,-0.3548316551056862,-0.2364392172667052,-0.20685686897447844,-0.2599095457272156,-0.35939448115426803,-0.3586955940515802,-0.2731895506835704,-0.37466456324397157,-0.2983553720620315
0.48958471791015307,0.5227118070308268,0.47032828593837905,0.4270034707571934,0.47594611359575606,0.7044983723952446,0.6300121903119484,0.6274025919483339,0.6509098353696849,0.7702900534804034,0.6117618743231878,0.7715378960304495,0.732623048832999,0.6995100722658177,0.747543620039516,0.7851509017880747,0.7890028547060988,0.9768523495485498,1.0894958931997376,0.8806645774069292,1.0497159600976775,1.1200333167263137,1.1296652765998254,0.764839230213807,1.021620445200691,1.0159202833015168,1.1287209469790902,0.8956288781292211,1.098695438967164,0.959560188392867,1.0479876632700762,1.1564007539758436,0.8867022256206559,0.8581340968364036,1.1081434059921014,1.016505414416385,0.8691903827541112,0.8347619759437247,0.8714605272157357,1.0654775887629944,0.7622481473948387,0.9618906881687868
0.3768946089209904,0.4848759795032931,0.6889712760642953,0.5033733190613853,0.553633596578168,0.6749336562362785,0.47927068743252704,0.6487066699941282,0.9164604266651222,0.7249862127250181,0.7093489056130204,0.876013356326387,0.8703976809693045,0.7427266522057847,0.8680482748676676,0.9707830076368703,0.8681970287826287,0.8786804515540314,1.079367221669076,0.7392193133129179,0.9430382829245278,0.8952066949999868,0.8849738769998253,0.8484945162155063,0.8884044053736628,0.9061584809844729,0.8667059175963593,0.8381517322310352,1.0873536720844332,0.810885230196207,0.8911498073280414,0.8723814822459487,0.9965260549018876,0.9822378464874204,0.9667488229515129,0.9980557738667087,0.8798205122440893,1.1204823808626876,0.8317044382807787,0.9749247312455253,0.7507463601357599,1.0211269624086992
0.6374639251514888,0.4563177635845112,0.42386827564938123,0.4808762325372221,0.7179524927057903,0.6368016527746462,0.5574917988468627,0.7726781531740748,0.7405228850603021,0.8504605447611425,0.9047234551130078,0.8594242595529571,0.7472880918945656,0.9024265608286629,0.9737962067942967,1.046115191928035,0.8743581505087064,0.9377617920202902,1.0880539736639,1.0212638375883383,1.1080023543088835,0.9693595299231857,0.8719912015520237,0.8362138197301973,0.8593972558611784,1.1115201617833843,0.7870696232782858,0.8609616146556999,1.125170309623368,1.137606778054548,1.0805386955288787,0.9077252575189706,0.9539029342416273,1.1401324755071784,1.0235218486720519,1.0347405631143363,0.8449649205038707,0.99005327615629,0.8667102288183217,0.9047520911962481,0.9827163801474428,0.9102430991449001
0.5354651494629401,0.5056436085755456,0.39786636954870097,0.6772175900394337,0.5610100955222389,0.6781184278429421,0.7210639324030229,0.6418910825178028,0.8748912703027051,0.8002352696602208,0.7350125870802648,0.6670080756843599,1.039542792421532,0.7829776635094992,0.7172902967064293,0.8540460967022633,1.0645714051399795,1.0038410401730598,0.921992933217694,0.72721773466835,0.8020768516699642,1.116217666421184,0.8928085668760509,0.9991403876654135,0.8923326483218716,1.016964177824913,0.9750989061150862,1.1284729745052446,0.9893142010235578,0.8571204640662727,0.9879709218206626,0.8003764072004932,1.0042047558176206,1.0816370001906928,0.7811816638651591,1.0147428194721106,0.8540937217859508,1.0725780073733895,0.9714830648331682,1.001132387875792,0.8095535871250559,1.057670110139533
0.47308437953524796,0.6097631850466902,0.45340665537907926,0.716618054527319,0.5489839414023973,0.5876693124349321,0.8017300861011881,0.8522976424957077,0.8057195934259432,0.7979351436667959,0.852171522649293,0.6355774782342745,0.8099195358185809,0.8474643712980597,1.0373836126478693,1.0349694486800662,0.8957335698703965,0.9120661851563646,0.9011120970338149,1.1547304790334414,0.85112824987687,1.151572596930043,0.7906347029521645,0.9817945984163143,0.8087481546232097,0.913389194958634,0.810883796835093,0.9641419478214655,1.0126723088826337,1.1081341378915472,0.9046100137896944,0.9720821473429948,0.9079994771983388,1.094349829463086,0.8361410343847597,1.0742685686749047,0.902964998441373,0.9308295898647776,0.8692246027043167,0.8523450019009008,0.9779743829291474,0.849748398584111
-0.3108280473078621,-0.4280356616270743,-0.37662106156537994,-0.26036722316246846,-0.39394686762405023,-0.4375289743127383,-0.3866965437781472,-0.40254938589213707,-0.43651672083973725,-0.3326313896901326,-0.2600501135122483,-0.2574130283225988,-0.3241958727797988,-0.3198748967000001,-0.3821729290947225,-0.30228372726245045,-0.27388376468130715,-0.4478325188191164,-0.34098923443986934,-0.32700440219593013,-0.4103242292368162,-0.4249417056883842,-0.35810758978832624,-0.4186582455633967,-0.327595209129927,-0.3717103324362918,-0.28561047433572473,-0.407402701668912,-0.2827161105943548,-0.3252637168783824,-0.33432114291566944,-0.27296933902651366,-0.27167485771785654,-0.3483585434376304,-0.3904736945119068,-0.4053274334366117,-0.4174059641806819,-0.283356308620002,-0.3636452432411649,-0.3718761950202931,-0.2893040419354817,-0.4505712706633434
0.21983765017852894,0.13644708211747725,-0.2949191431713427,0.06875463029433679,-0.4638420262965498,-0.09563678563450237,-0.6248693691035173,-0.48629649703292166,-0.601496771458677,-0.39634657415816976,-0.5660375335827394,-0.6278382570779272,-0.7368501485675923,-0.7548203824426666,-0.813246523981045,-0.8376452752503732,-0.6279976777880942,-0.6641712387995192,-0.8152043617801681,-0.7320841529753103,-0.945141739322105,-0.7224112249720634,-0.5060730320393776,-0.6507743295168498,-0.7721360434885751,-0.6233221233065975,-0.5860487396710609,-0.5426737188144677,-0.24119987660348804,-0.3031188859500762,-0.4693309992464869,-0.23126063131209693,-0.36016910365489035,-0.3234086149509894,0.06160946578440708,0.04157011953206303,0.152200531331431,0.04087709799944136,-0.047496048668407745,0.1165590330228928,0.14772354973849022,0.08410558426007674
-0.14838486430357323,0.1208605778416853,0.081259821502796,-0.14410166793658757,-0.22080247767771377,-0.35243734253387066,-0.19687309242758266,-0.6711406179834277,-0.5101496902367122,-0.7592919755555461,-0.5094115539687253,-0.9192998898693564,-0.9294759683301634,-0.6842469306737062,-0.5031934221293446,-0.890391997033876,-0.7131109872077329,-0.8850446870615419,-0.9585500553404058,-0.8072683191480974,-0.7898023513768627,-0.734322379528102,-0.5890599084752381,-0.4815717520382929,-0.5883498943562094,-0.42423139631667733,-0.3724413848552309,-0.5769002598683226,-0.36589246602496467,-0.5203397334713143,-0.5039498843446975,-0.4207713106325731,-0.38099729169700786,-0.10224879391219943,0.06904190899101728,0.11178030231828658,-0.004202945875053691,0.09499830144554348,-0.035245686417476677,0.12743816806244235,0.06879968024108019,0.3929301421206441
-0.021544355896466062,0.1288791718117486,-0.18036530715014953,-0.5042243797786913,-0.2555887037449659,-0.2677502691330438,-0.6960497319196474,-0.5062173516395372,-0.5419131572299398,-0.5367578309669674,-0.7691511434657875,-0.542975747791842,-0.7041094411449842,-1.0530484003989447,-0.8236228961201664,-0.5785119114364562,-0.6299893311730983,-0.761939019732514,-0.5614717774461958,-0.9146634650812151,-0.8839434156657745,-0.5779591397625118,-0.737103212428241,-0.7530682480471311,-0.6944456906964509,-0.6715938362496964,-0.6512809414582247,-0.6691578016791562,-0.354298228914297,-0.4129351760147651,-0.4167516082836483,-0.39921496924094346,-0.06688837859057685,-0.08865998156330523,-0.1413854135187563,-0.18074726409582825,-0.10089496213673467,0.1763092730916038,0.16786619301018393,0.10807022724464135,0.06502615440459428,0.1588235539719765
-0.32620522159506554,-0.4316364766632066,-0.3766223665530939,-0.4736431053560377,-0.3157758853523708,-0.38162822013850706,-0.46206808072843086,-0.32654258969332856,-0.34887076221532787,-0.2848645234320946,-0.33556510640886406,-0.35169001932800786,-0.4102742550864948,-0.39948064412370404,-0.32388453889461244,-0.4377449197608083,-0.33290592492321947,-0.3874743114555772,-0.36111360597794717,-0.3633730287470912,-0.2994651577640845,-0.34281285860690835,-0.36469774043868386,-0.35216933024610914,-0.4290580378363725,-0.47015394071867056,-0.2911043188732412,-0.46367723093070723,-0.4732160692138538,-0.40451194068776686,-0.3177196702288042,-0.318315491483504,-0.2894587452686315,-0.42398050911298163,-0.40112139710291145,-0.42580916052644996,-0.3321547085690111,-0.4289419432791008,-0.42899846212051995,-0.3842150543200172,-0.43324740561250513,-0.47155217945404054
-0.17295477659839392,0.16981549287880227,-0.32222848910106483,-0.6304244814387239,-0.6162545228881392,-0.5531945047839656,-0.5645898247842946,-1.0276342892944244,-0.7056375918203792,-1.095140176432549,-1.0044858953913163,-1.3209420427506355,-1.4245989233057674,-1.400759893909998,-0.9895515961079606,-1.3352718784808935,-1.7282256343567126,-1.395972049050382,-1.667235598757456,-1.6747563779528007,-1.3431542259846756,-1.2660165249398476,-0.8938128553645139,-0.9217112778495271,-1.2880986496777678,-1.3702319390504796,-0.6369431466459068,-0.9380312600608073,-1.1213391360857297,-0.8315224997599425,-0.4611877568751261,-0.19384151684195008,-0.29583435334844926,-0.37454042695217543,0.23786296184329914,0.02177124051986881,-0.1543939768137076,-0.15629161442088,0.549990882615175,0.4078049588156834,0.1656587266580333,0.738821755362608
-0.22825066620255685,-0.3228766273879536,0.05317505779201841,-0.6706290493785878,-0.17078187507204354,-0.5414507408121795,-0.5035785570832589,-0.3426009410771728,-0.6181251287546035,-0.6310502436739195,-0.9998936920352308,-0.9037264269760185,-1.3756597090569023,-1.3967305690136536,-0.8422204229330962,-1.656949510683412,-1.362257246038189,-1.1721541263931063,-1.3462274592549435,-1.1571390436766857,-0.9883536516385886,-1.6351075983969758,-1.0139617019546525,-0.8416470671853977,-1.586150009796983,-1.5330770165020575,-1.172560310047382,-1.242345843363845,-0.7101224773767366,-0.4378104968131544,-0.6868440444670341,-0.9925782807354909,-0.27002371052338286,-0.11317462854914728,-0.6442113845286589,-0.2687913028943748,-0.08000749494490365,0.26558482780251996,0.7240767272185812,0.2618523050521361,0.6882646464380797,0.4231728037334191
0.13872714808261638,-0.42440134300751675,-0.5572897413224396,-0.18048502002551597,-0.5147051655792414,-0.68236533379516,-0.7664392114770785,-0.4724040348518147,-0.7495576222162611,-1.1130696243354077,-1.191113691116109,-1.185659498071071,-1.3355141313410743,-1.1810304870310384,-1.2162395058231046,-0.8812223600553526,-1.5774318676444639,-0.9438001290996494,-1.4620789878771738,-0.9493891914336643,-1.678282501754681,-1.6096524432743424,-0.990127288017885,-0.982503772550957,-1.2325406063082847,-1.0687458710039484,-0.83619539200394,-0.9058641491964395,-1.0050005025964015,-0.6186999410587455,-0.43267577234326193,-0.26169555956871204,-0.8465386063403655,-0.4144868519587908,-0.3943797998046412,-0.3171139004022346,0.1254803982485566,0.22985742338104095,-0.00657697194705157,0.48447190504955323,0.8662294006562099,0.7514159048171818
-0.0391366014505105,-0.11496669802728067,-0.4594911719817757,-0.13941757797763474,-0.6341565693885487,-0.3845422943994687,-0.3093330623616158,-0.6608891458041817,-0.7822638471028847,-1.1571372518937202,-1.1141073641055674,-0.9655465334762038,-1.103186263244177,-1.4495635975281835,-1.1679719425967932,-0.9202381041741862,-0.9116057692664687,-1.0416110645564176,-1.283495161754998,-1.0493408312641628,-1.7708579001742801,-1.4615153316475364,-1.5113811730036768,-1.0223780142417729,-1.5450361354043178,-1.0902054341048675,-1.0264179847235402,-0.752906670521918,-1.1158131489515526,-0.8475997979553815,-1.1847111090087215,-1.0417554799658346,-0.5751436476003342,-0.45638165750675774,-0.4667293791024337,-0.5011183273633797,-0.1882695744869055,0.04689674613482753,0.7299095000442614,0.4550606811786408,0.7492579666994095,0.758619140055504
