gfs-wave-data.json
{"header": {"parameterCategory":2,"parameterNumber":3,"dx":2.5,"dy":2.5,"nx":144,"ny":73,"la1":90.0,"la2":-90.0,"lo1":0.0,"lo2":357.5}, "data":
[rows 38 to 56 of 73, columns 42 to 83 of 144]
-0.3274006376356348,-0.2812071269765232,-0.20196682086076004,-0.22799351221525144,-0.1749920210627098,-0.042159220202035184,-0.004934445232242692,0.09040636742230206,0.160707576867652,0.14430959072183053,0.18289176030665416,0.20226519528142423,0.23942096499584334,0.3179991510149025,0.33092739135176846,0.2769490039058238,0.36151759215638074,0.3060196355504478,0.3018720320008045,0.3749932500138717,0.4167039188348536,0.519575377699593,0.45959953625246347,0.44192461685036183,0.4178151708890817,0.27583886103611405,0.3076617914491478,0.26047020133401927,0.1532818101359163,0.051038752258576,0.140396436855075,-0.037355289920590784,-0.2379729543184284,-0.45112358970361,-0.31436333781194026,-0.41946229548296315,-0.780297439288774,-0.7304126253428203,-0.9693391544314417,-0.8288767374357556,-1.0185045258891496,-0.954955158750475
-0.46625607077199277,-0.24590679513534136,-0.27188440600034136,-0.20287983893972003,-0.12343906733403488,-0.11249975641067755,0.05526873456806333,0.14292426275868048,0.17357575727924768,0.21183012215597016,0.21519236074503897,0.2187396559732468,0.21996333363419268,0.2553607263123029,0.20857382118187334,0.31064232551486815,0.28102835546843347,0.2694795314230373,0.33466001330889095,0.3658938336364012,0.4127107781194483,0.3260969169558729,0.35888826274446645,0.38256590918466,0.3150014673762996,0.45625637621685217,0.29384940475610727,0.3100517284427139,0.11075582519631269,0.10043791239994149,0.009961966626375067,-0.17480378806303312,-0.2420070112129538,-0.379470000689548,-0.5622227153031718,-0.6024889879409044,-0.57717567647538,-0.755957495037873,-0.7865050540081254,-0.8527960331891231,-0.9657901728684861,-0.8772944951565294
-0.3732588648931979,-0.36672571801096926,-0.35270900903630087,-0.23643484805727324,-0.06371244271911448,-0.02738932847343136,0.03767045905007202,0.05308444553127421,0.05129955574836669,0.16628907981174054,0.18328303835742474,0.24255843977137237,0.28323608605195527,0.23014480839763182,0.26524923569988795,0.4054985097157619,0.3129634524498047,0.41952580659161515,0.28300638870826106,0.3829922965850527,0.3149331234699646,0.435790127168545,0.44905781491096963,0.36451156232799503,0.4159778166517187,0.3654716414054398,0.22704000504628707,0.15449548132931307,0.23214392854304675,0.17447108494288444,0.016318170236236912,-0.12136930480060415,-0.37044199157498287,-0.5239193412909756,-0.5257737190564181,-0.6798655347377265,-0.6392314823288857,-0.741613853093227,-0.7031828013827307,-0.9457685536449284,-0.9732022499964497,-0.9917965307638452
-0.3619320933357913,-0.3264936300042572,-0.303542646750243,-0.18954099910143338,-0.19561943103216214,-0.05172382694056397,-0.06976849322683112,0.04841369485134804,0.08653120051940216,0.16528546938045371,0.18431087069433744,0.17350488196292543,0.20040804575269208,0.31289391189444826,0.23167485250999684,0.24814455222137138,0.30960595718721867,0.29355323929345717,0.3453672615742778,0.437509891891543,0.30305165375479415,0.5213391332082356,0.45257880724037414,0.32565989450458016,0.3552430390854085,0.4098198971322683,0.3034546189759759,0.3336285049482878,0.22387290421242748,0.02046067176949514,-0.016779688960294224,0.02635938180025572,-0.2147028674606854,-0.4716370384528695,-0.3748137533252461,-0.6630720776002064,-0.5660455096970658,-0.6643273905053778,-0.7739281260285252,-0.7838061381572193,-0.9102045070235784,-1.0214586034491968
-0.18814707408490416,-0.32013809023093953,-0.3133356707324398,-0.24011500975935815,-0.19699066219408906,-0.30092441628683647,-0.2645034180783745,-0.20151803280215283,-0.26757039884164086,-0.24251139973141397,-0.21179834891986807,-0.18251212642149517,-0.23681217832078924,-0.3337708174307743,-0.2830774087825491,-0.152927392428197,-0.1546071804842634,-0.2361459358044023,-0.29084854311783365,-0.1798154985187873,-0.18917224866521823,-0.23357487728638535,-0.2533873992056913,-0.2855979624111029,-0.2945864805805093,-0.17477549629681782,-0.3054289470219026,-0.2945083614057684,-0.2648244304031442,-0.16024137980881853,-0.19102588242485755,-0.2198446766806454,-0.3006439241583481,-0.21458287586733565,-0.32773606691158436,-0.17956304345289098,-0.2656967708634447,-0.3035034410254634,-0.23061611338647853,-0.1940502423054061,-0.18002295556764322,-0.2813869918967875
0.7868914982499159,0.6472122621137624,0.7707127059405774,0.7403781259826342,0.7298324520247781,0.7790444374203448,0.8246807717456018,0.8472920482214684,0.5868090289383413,0.5929157878475768,0.6720539100752938,0.5389367291780631,0.6542036569338908,0.6219923325247454,0.6763274646830756,0.5549151478793537,0.5646996221125946,0.4763731096080619,0.6239591069652253,0.5402918679421205,0.5470267662946668,0.540858015279239,0.5672713511448412,0.32424085527693725,0.3067907176794435,0.364828235244722,0.519539583775414,0.45271492332855107,0.4515452014966311,0.3955270837241931,0.2640193066983118,0.568812452777855,0.6690456462186353,0.6550439682924635,0.3848243219879373,0.7595012510520677,0.6786853416300925,0.43463480573048296,0.3253926495932861,0.49803884554793826,0.5987852355047587,0.44909736088203794
0.8433349789233532,0.6449448564493275,0.8424894833203818,0.7308084015731217,0.6514776233157129,0.7799661872108506,0.8063976119373151,0.8240059362406347,0.6928249673955271,0.5944391755380712,0.5323535969488341,0.5101209411542504,0.6527897914892312,0.6700871808385201,0.48528669121428314,0.5496736177695037,0.46591269939635915,0.5123820847046231,0.5652583087759683,0.3949071702614276,0.48864438710126173,0.32802472885376815,0.3774573003306887,0.43318746271079916,0.5155339604319867,0.4344128346745625,0.34139375830379515,0.5135569415964957,0.2938696113637045,0.35234826485903814,0.2753847809217462,0.45110910318798275,0.5558605703952357,0.37652465536391333,0.4643869051719736,0.4145611387202347,0.7335548863292306,0.6845174718081833,0.5490712327102903,0.5198245923555984,0.5513009990481369,0.5786465847862772
0.7739243290802017,0.7376054334984585,0.697371354481737,0.6676909478602667,0.7746299296517367,0.7691340244410426,0.7949934825389018,0.7477706106075779,0.7922767452834932,0.75941906943593,0.6298494121642595,0.6030827839567381,0.5463655415514926,0.541837416853122,0.4735000728617264,0.6495887749087865,0.5268282875570567,0.4147805443732962,0.4602353417995859,0.48488402828322363,0.5966646322467739,0.467843636093598,0.432743743175849,0.3643646782613623,0.3557975595750473,0.3286839840023323,0.3777830178750657,0.33603549856566667,0.49831949356334204,0.39131217607225316,0.26699258943987175,0.4550435729253712,0.48677073784365155,0.5682655449923353,0.5288947931438573,0.3376167017742652,0.33015174082002746,0.2982201099241351,0.5868158744248447,0.4665627322078266,0.3782331597546986,0.253085862265922
0.8572776373454761,0.6618366533921775,0.6779493471809793,0.5883137448165259,0.7121404781003915,0.847934058275067,0.5855061640807084,0.5673836678982866,0.7477600064125682,0.5995147913537018,0.6831823330004784,0.6713032884147104,0.6374695682069744,0.570937677807248,0.4965644415322801,0.5034673595444492,0.4407358874181639,0.5054727080750316,0.3424236891542554,0.6227847245735517,0.4820521542637308,0.3905434914027284,0.3898787149042215,0.4125001712256792,0.379213674115719,0.420399899234674,0.3553938620479246,0.41371293300330403,0.3463533541168107,0.3863745061906676,0.3716281261625235,0.43965240178034626,0.6510468381507905,0.4736693457572606,0.6960003501491894,0.3612181924574119,0.3475718784644638,0.5243774073257678,0.5481286896978171,0.50970765818899,0.6212590013644569,0.3697586759803033
0.7455572224460774,0.813046284724692,0.7034567265641366,0.7254771287369243,0.6444989048947589,0.6535379957217128,0.6172459938147039,0.5695885560857428,0.6572568530562817,0.5785904929541004,0.4670030917340168,0.6041068919236287,0.5644174437795636,0.6410454262446584,0.5004926023124682,0.6960879754218003,0.5651611968568453,0.4310918041076895,0.49590218864923835,0.41101706230423346,0.48608315211838393,0.37837953445719774,0.39606451962343137,0.5266045115630759,0.40368840835204794,0.31315031370394303,0.3768521154311301,0.46635721320339607,0.42202419054377743,0.32993206860548047,0.4171382828783467,0.6543505287915162,0.7019662200751646,0.5292716524187787,0.7538483746295292,0.3919411646855628,0.49588683729753025,0.5827951889277333,0.44957870514257786,0.5860793443882313,0.525412859037796,0.24055603302083667
-0.10029456726914922,-0.25706993323707694,-0.11765657346965906,-0.1794409960444492,-0.13920071819402505,-0.12365669200601492,-0.24573047869563364,-0.24367041525514893,-0.20477231664719903,-0.2592922882832886,-0.17484454373236527,-0.10617610597066866,-0.10704658711696964,-0.10515690170016997,-0.2563956700785633,-0.2451955631224126,-0.1354863721069704,-0.24712118838244665,-0.0845006190318421,-0.24703978182089179,-0.1798646173678122,-0.24473545963423757,-0.2573475654344561,-0.20863917643197777,-0.11881211911997958,-0.25667727020446846,-0.26447060373773623,-0.24732794202311317,-0.24608794645602378,-0.1871061138417076,-0.11916823992032471,-0.14873415256304365,-0.1761376152207738,-0.15628586605189707,-0.12756190327329267,-0.0880448836117834,-0.17680391641344648,-0.12830577245799232,-0.0902258307419135,-0.07441287819472842,-0.08559295328124135,-0.13217185790659824
0.19678169888361233,0.2584725898443731,0.3744523108924914,0.19428342278503055,0.23326620840985482,0.2671456588488219,0.2019107536218235,0.4016201331859704,0.44744108791712484,0.41947901064569915,0.42823569663288186,0.35196035852000573,0.4051754313410858,0.49041135675951003,0.4145995264719681,0.31783020705894377,0.3387013704937181,0.3255010845986176,0.5493508028742808,0.4760552575704752,0.43485678018446716,0.22068904640920012,0.3317411869977695,0.37119342850910914,0.26875483387028865,0.07253134736251803,0.2645802379195945,0.006127559955446685,0.28301340354353954,0.1451291853539036,0.16705710421196673,-0.06862719563307512,-0.17059269317903086,-0.04627358849264861,-0.07352633149015202,-0.3502682549303499,-0.32122263078833496,-0.4277086849528268,-0.4040860924244061,-0.25557613227106435,-0.2663001049882077,-0.3338071001225385
0.13892401790819767,0.2667344965889742,0.34034202069474967,0.3945077576415611,0.2431986414086199,0.327669437608496,0.2815779299761769,0.4228386565234778,0.3645036607492919,0.28010204918897585,0.4089655107501934,0.43518631759835463,0.4325224353814633,0.37725449197894567,0.48264820249508855,0.3075485106337527,0.3009172289471527,0.3385739259934106,0.46367503827625195,0.3878092178718959,0.354824926495993,0.37898062048498726,0.16501979371356917,0.24860970695728143,0.10977224114075121,0.1179275194944095,0.01219047574528049,0.2392159980568727,0.22993205349703724,-0.06644625112354634,-0.17806867316204475,-0.19056427588506358,-0.034325001147639096,-0.2107796321764883,-0.1827501449701399,-0.23722881631750098,-0.3022988002504333,-0.35690534670511076,-0.20223292230964976,-0.1839645233292798,-0.2630074574557618,-0.5340380784804113
0.15636829029875274,0.32312714244130525,0.17554096856311752,0.20197615348226236,0.3889603467398789,0.3643993915747376,0.36008041264608937,0.441484646797501,0.22138758764983282,0.3528380337182148,0.45511196329493586,0.4995305003114528,0.4405096727441358,0.43435832049245754,0.3690130491673238,0.3935881510593819,0.4383519444467154,0.5220500587667573,0.4376294587265389,0.432352321794185,0.42602949649035343,0.37472090291649013,0.38106008509233,0.3429505228085893,0.28074396113001554,0.12160888866623204,0.23498527616252168,0.019408758368113812,0.1933102349549374,0.16668797404952065,-0.09629050025869482,0.10233266095552922,-0.11432703650031517,-0.027873774055684634,-0.19894735552785162,-0.3828833087856871,-0.13583011617212976,-0.3364963760075401,-0.45509375231029947,-0.4138503025415689,-0.31880412015640974,-0.39565141401543
-0.13898469220539603,-0.1690236646010035,-0.20979531826611805,-0.0651282273232988,-0.1364257242603575,-0.16023191889258426,-0.07101767937065528,-0.22947916357885703,-0.0582308237458518,-0.1639976066815677,-0.16717292520527957,-0.07309907866159306,-0.1779994124183666,-0.12999137936453692,-0.1968414687915912,-0.17104080877918898,-0.1909299412174693,-0.08025959122651163,-0.11591541371094766,-0.0702661920561861,-0.10047218333943915,-0.13959034573217405,-0.1875713709467033,-0.09490145575537404,-0.16850687579268211,-0.16788636371223029,-0.1602795350273121,-0.21023770195891683,-0.11729885808901835,-0.14896599389896825,-0.08775445934891747,-0.07734376352803386,-0.07065161157383447,-0.04954872715973819,-0.14165426708067397,-0.0482202220106189,-0.059132188780884595,-0.03650051113952748,-0.055393780456774566,-0.22237520744620304,-0.1963834574869773,-0.19858661940951755
0.7807823120678246,0.546315188693757,0.9843466207677807,0.9186008856104841,1.2535809854888929,1.350037291425813,1.3394498281980096,0.8366290902114959,1.4951485521530092,1.2158804147021165,1.138718444458471,1.0165100316371596,1.2430870046857494,0.897284200820907,1.2472553849233743,1.2221272319413978,1.3933485378972286,1.054250543300281,0.7424213528867097,0.7333157603607038,1.190768549196766,0.5308286740584613,0.4266922335898488,0.43703236951835633,0.20977959992572207,0.39646576287876567,0.03742235578892394,0.5737675903952305,0.3405236367532316,0.17542487186716169,-0.2454302642753666,-0.28397620079907765,-0.2349755801789866,-0.4063406890617217,-0.3526274903961147,-0.44234328064840694,-0.1629646356474401,-0.5753611370933213,-0.38681956771132014,-0.41070206388699226,-0.592946515612184,-0.4348352879699409
0.9324087922318605,0.6482619980372389,0.8609072619122363,0.8882889333264669,1.2215063274260558,1.061283711731981,1.5070175831920896,0.7499881964442517,1.3462167266941043,0.9006310048013018,0.8578805745309204,1.4657313363820939,0.9169260627852983,1.0809355351988228,0.9928174843885843,1.3324877476185555,0.7123340802849467,0.751937978595971,1.0866087625872243,1.1447274479601668,0.5909719026005098,1.0326082872535223,0.4855916348377223,0.6100127366093219,0.4654377079521531,0.33250974605539424,0.3096858382457248,0.33965309213237627,0.14013629302734115,0.3312040276308397,-0.27464887246392516,0.044380706035186235,-0.15377703159481415,-0.48452188573889915,-0.34048605273534716,-0.35174263948040224,-0.6655547620303891,-0.6427702385148077,-0.639347105562004,-0.6421425650818895,-0.5789614124214195,-0.8131095709989689
0.2758239981208686,0.7769161310617935,0.7102590461660638,1.2691815491511962,1.0273086783614251,1.1331603921636202,0.9694540058463227,0.8753934793203291,1.213156096244964,1.2025691249611818,1.432283406804031,1.5180603647382391,0.8814926208821141,0.9041052400224777,0.9304208665589645,0.9626062648510578,1.4547465983007437,0.8867126236957169,0.8430046663339844,1.1726163465680919,0.7296568154357098,0.6729097833805738,0.8085521987977581,0.27607148250777586,0.3820523510627012,0.695242846764357,0.6800972190173724,0.5252728214381585,0.02518706896975748,0.26940302651003223,0.26406477629031627,-0.36425188933414104,-0.04289378718854674,-0.009372807727257262,-0.07654571598271528,-0.33451618697775437,-0.4626834781775501,-0.4923355701218744,-0.6095184054769482,-0.4529483229945783,-0.6951949833222644,-0.7371639245980501
1.02499746813079,0.4014440271988185,1.1499498078944044,1.1511601934028737,0.7141161289017177,0.6589838279669077,1.4127655086903839,1.1781635632429739,1.4149109065739438,1.3484403324875252,1.1595733644021038,1.132099925090122,1.3761574715950975,1.519165818258239,1.1778034114709786,0.8708731142110134,1.329253868891606,1.233103896480451,0.9836259750526188,0.6294387978795202,1.1107441868502594,0.965902692259622,0.8011531840851838,0.4314508745462821,0.24884733031204057,0.1309988859355196,0.48757019615936115,0.5746958237211265,0.018253834165131204,0.06127123686586008,0.12630206927541732,-0.31123986725542996,-0.054725647191760284,-0.28635750838847907,-0.14363451064097005,-0.11191356481466935,-0.6598879109747537,-0.7029750036937832,-0.6766415961640047,-0.6782447056574076,-0.4723017439271003,-0.6692866225843048
