gfs-wave-data.json
{"header": {"parameterCategory":2,"parameterNumber":2,"dx":2.5,"dy":2.5,"nx":144,"ny":73,"la1":90.0,"la2":-90.0,"lo1":0.0,"lo2":357.5}, "data":
[rows 18 to 35 of 73, columns 0 to 41 of 144]
1.9447578863037533,2.068985050642797,2.0455518057882114,1.869624730620077,0.001566600213981543,-0.02396650425870555,0.009001458541529443,-0.009777211758884288,0.025913337873935943,-0.0006549331472536972,-0.006157497892622078,0.008227708599135384,-0.016740645194645444,0.014445357242078637,0.01782451844490486,-0.017123445215735632,-0.02266480205846022,0.005150383222648566,0.0024831562228931838,0.006717676782761811,-0.0038215555338775463,-0.012543675517091273,0.007339845981216423,0.012331984865524556,0.006733123410287523,-0.004409758320238673,-0.011253693003879984,-0.011239560298146678,-0.013644592225239996,-0.0025871154556558274,0.01582425594530095,-0.0005655586535593431,0.0031209088736303334,0.0009807155809480955,-0.010782780788189299,0.008165436076010084,-0.013308599381251139,0.0030381681638520933,0.012703609861918016,-0.004871098166289687,0.004122684190775015,-0.010480162908409394
1.8684391085142973,2.024284449474481,1.7455349088951997,1.8962018346463942,-0.019774578045395463,-0.006955580206740927,-0.0016488674023971421,0.003705636471877308,0.0019418789733231566,0.02497980416288157,-0.006481426277076979,0.006549367708492882,-0.013740688716137263,0.010611123943729138,-0.010272827457402626,-0.021952699359425676,-0.020272015020167018,0.006882910842355212,-0.006980145445624028,0.0005565043750206988,-0.0005366193187775686,0.01259624753152754,-0.023466524250734394,0.0054199525881903216,0.0018469440881995797,0.009161823212135782,-0.00342493409443435,-0.001232649235184221,-0.000623673019019857,0.00988812789224798,-0.0014538335874367948,0.008241528304504522,0.009595563191140593,0.008783520830219342,-0.005701822472332785,0.013230329979252638,-0.007752324737652161,0.0016876565944624051,-0.028016590056107772,-0.005900691371605992,0.004785089658361553,0.0068481886789511955
-0.015389704100234776,-0.00802274108706056,0.007793835853705576,0.006315584483935507,0.016860573850317424,-0.005286853617916513,0.00418605658844398,0.001606943276122215,-0.0008596593658666191,-0.00598491570508247,0.0018505746838768705,-0.011971806298918026,-0.01680527317810708,-0.01228955327189196,-0.0025422209934646465,-0.010388410295788741,-0.006611486292027772,-0.002015764756175702,-0.001763993726408656,-0.01877244338976705,0.0061979151219096,0.012571013479985318,0.013070758896427627,-0.005261517007067446,0.01649386890729994,0.008722701607989368,-0.009155493046189189,-0.002172960050828263,-0.009432177298426239,0.011961530728113503,-0.0054187846549149455,-0.000979537827646533,0.0009708910914451772,0.01624277069178789,-0.004192405717939684,-0.00846339096965107,0.013653661878650166,0.0057287493177779055,0.02598297333669604,0.009928015892177018,-0.0010985933168672162,0.012408264232808783
1.4637396814123091,1.546715652787182,1.4188759444645624,1.5445356387167632,1.4855210880104615,1.3903736479247695,1.5305360049447172,1.4886776536185395,1.4873084811752377,1.2012626042330814,1.1608199213247672,1.257317321497385,1.2286127542072358,1.3591051878926623,1.1015017443735646,1.1202901710197635,1.1677680433331272,1.0796338702774446,1.120584754909062,1.2118637912599535,1.175553693369186,0.892440554282554,0.930010168563345,0.9877091418870498,0.9339679238515246,1.081467253568028,0.9358546063822762,0.9357697375262136,0.9514809287941807,0.8859935070028814,0.7923421711371406,0.8970528074544333,0.8413894923451697,0.8229918033324436,0.8704610949158917,0.886867207340448,0.8375394690593154,0.7122064788039522,0.8364367698177567,0.7679213536261889,0.7729583882882615,0.8093171999955672
1.5905590979277608,1.5894732371772455,1.4973434896981332,1.5016794102352236,1.5532824460724262,1.474588010646669,1.400676573099971,1.4237843407144988,1.2584694646552828,1.3842997828325916,1.4058245527554134,1.3222493551171783,1.1377682904935038,1.130849382419089,1.1145428033035367,1.1908021833685647,1.0615278149773737,0.9334393600240409,1.2183572466264454,0.9263119662557561,1.1104743282263823,0.99377634188053,1.043169187138282,0.9193538502088348,0.8740343148337821,0.9056465757723179,0.9179641050271401,0.9753997148330502,1.00811559052313,0.8263602425232417,0.9032362112551919,0.8212762391519912,0.8449520390761496,0.8886907938411339,0.7888492060248645,0.8137744899124949,0.7749530213240934,0.8875861448945248,0.8412810507453574,0.8341239684643582,0.7124080960543203,0.6922344547282111
1.4656483987875686,1.389157129151339,1.423340545018102,1.4507778485766691,1.4092836753450964,1.4648924179041098,1.402211615583271,1.3024218241639225,1.4161874424497343,1.268370557287037,1.2906603843150564,1.2221477446355598,1.3213585978604707,1.1698530958033628,1.1962863114344406,1.1670000723919813,1.2752103820466925,1.232351425337353,1.105223637926504,0.9864388739789538,0.9793426276101327,0.9742459462208422,0.9899876612105825,1.0334138393805044,1.0600061168976078,1.0823366357891897,0.9919329707334285,0.8622115566958565,0.9690837710250021,0.9532895034435256,0.899718304801662,0.861164286110501,0.7807065733325403,0.8686656388983028,0.8962122208204937,0.8493553184838385,0.8489556581750796,0.8406101401613134,0.6834970571113306,0.7969659370885802,0.6467951001663788,0.6880783002596962
-0.0020330447106866453,0.0008288649043435871,0.009982802084390457,0.006141141005028451,-0.0008947198543195701,-0.014986837327305286,-0.013703357907440006,-0.00018803006355456623,-0.0016930301257174402,-0.02292358493222894,0.007327371322644145,-0.0034077898349977624,-0.008285466757139714,0.0007736412155962368,0.005739864351810062,0.018850526589450356,-0.007324640545498605,0.008694814462654151,-0.003165752619953336,-0.01384568165296917,-0.0037888592346916605,0.00868923648683345,0.01738313481950857,-0.007968759019045002,-0.01212358285256641,0.001315281629589843,-0.011387476145740174,-0.004103751974440593,-0.00014196692649014292,-0.027242891775358213,0.0044779196793689165,0.016646157906624583,0.004160332710713886,-0.00022031555449919312,-0.005842118432605141,0.01103606925206999,0.003863760937106481,0.00633638516510157,0.010784047965291548,-0.031071397213105294,-0.0010682316583035423,0.006145737038830571
-0.6880255902237122,-0.7365734461345053,-0.7042261753113036,-0.8072745574773437,-0.8807644906146626,-0.892497557376031,-0.8543583548478546,-0.72699203530919,-0.9414698617368389,-0.9860918396716399,-0.9657690379267018,-1.0175747596138385,-0.9373459465814027,-0.997775340877982,-0.973612800421506,-1.0229701731187524,-1.0910052921191122,-0.998824249041515,-0.9691178394793417,-0.982757162488112,-0.9906174316773817,-1.020466257063711,-1.0263450517267496,-1.0919171417290885,-1.0990717939065373,-1.1854179774715357,-1.1264415235663467,-1.0070017672804066,-1.1084926289613553,-1.0849636485976344,-1.065586926225646,-1.0661359922367106,-1.079299508587753,-1.1418705191354286,-1.0799451667735782,-1.0252672512052252,-1.1010184103027616,-1.075397341200607,-1.0006271358587209,-0.9923109386192838,-0.8960021897472961,-0.9251449904230168
-0.7856076659469696,-0.8188771246489157,-0.77213821683268,-0.8574356892458954,-0.7443343650374133,-0.7760342649570716,-0.9177030334813087,-0.9646804496748886,-0.9078360259092122,-1.051335490123346,-1.0180018326323415,-0.8264818782862109,-1.0383002053731474,-1.0737405472922545,-1.0315613438691527,-1.080818869682103,-0.9900890968757712,-1.1170845023749134,-0.9697241559952974,-1.1109838502929186,-1.043993838409422,-0.9437036597747276,-1.1467944317905348,-1.0319463186681246,-1.0760449991267143,-1.1019571173395188,-1.093398382418111,-1.043336598603739,-1.1889634720016478,-1.1970535918353231,-1.0597053350435865,-1.0380551122145742,-1.0304469397280602,-1.0300901407422938,-1.0607638213257633,-1.1170054626245818,-1.0251863549711506,-1.1220212746919405,-0.9595382641272681,-1.024342882680089,-0.9894032495366964,-0.9513107333668527
-0.6262984032407869,-0.7414100431518226,-0.8165138838429123,-0.7679039246063794,-0.9007134860129031,-0.8645137284095158,-0.8219336492111053,-0.8331884358964596,-0.890918857697625,-0.8995126053929755,-1.0767071595384963,-1.0675540102954801,-1.059340203254246,-0.9346935774940784,-1.073017109298562,-1.0313745338977696,-1.108044867737331,-0.9752370507184795,-1.0766918423703424,-0.9752231898088549,-1.0307319417520644,-1.083891678625639,-1.1502745952003322,-1.0733706159822634,-1.0692493925951136,-1.009868257668302,-1.0533692328132738,-1.0305436058721429,-1.155925799564426,-1.1788868790144118,-1.0237392996305188,-1.1050180294611551,-1.164642997140217,-1.1217518218392248,-0.9350054017339477,-0.9230014830666713,-1.0061866664091272,-1.047732355784655,-1.002890746022546,-1.0620646229134538,-0.9264029387401665,-0.9100923435415764
-0.7380182428655315,-0.7093141352765007,-0.7655172322732025,-0.7925492774505876,-0.820955349483514,-0.9401029150661511,-0.8316435393293267,-0.8443201536432929,-0.8505828651299598,-1.0710034403071158,-1.0168341720368257,-0.9194448376619629,-0.8771663697546568,-0.9373012149731932,-0.9357214439581263,-1.0753357109173818,-1.1007920949857546,-0.9962847692585307,-1.0478822060498274,-1.0924175943485384,-1.1739717222159596,-1.1880892243240915,-1.0812742082114748,-1.0342700051511489,-1.0972449615184088,-1.120334422987634,-1.1004375869409857,-1.14501053609338,-0.9860411030262092,-1.2026569633205042,-1.1139659196230187,-0.986704390520063,-1.118592963843434,-1.0529039814487655,-1.0881206930873526,-0.9564461455706175,-1.012060321277181,-0.9811493707925396,-0.9358952473289708,-0.9276096012594304,-0.9492740270040283,-0.9370723308920729
-0.7521570141115952,-0.8182475937416261,-0.6919553247782644,-0.9183333439833705,-0.8539857066969104,-0.8768784050054869,-0.8686260092435846,-0.8693615779442305,-0.8708208395016117,-1.019548403598844,-0.9563823304635617,-0.8971770154438372,-0.9367730605913935,-1.0581713926904415,-0.8782666565691549,-1.0868510942415146,-1.0749261187210992,-1.1296488709856067,-1.1781322100774363,-1.1947381310428173,-1.0208726429249444,-1.188974456488712,-1.0602836451535766,-1.1141937699466622,-1.086309235648986,-1.0765968517258904,-1.1457282289456217,-1.1570778799570534,-1.0678884088088572,-1.1981196146920337,-1.1309660931932213,-1.020367392233566,-0.9724790181584609,-1.0235776427272654,-0.9623812631047005,-1.059239901705302,-0.9703094500296173,-0.9231726725413892,-1.02184407503644,-0.9777043332791853,-0.9729478877535093,-1.045204789692738
-0.02545973273682959,0.027358837781118448,-0.02820210181376373,-0.02804190645652868,-0.023234145403162078,-0.02697885110056429,-0.014202751547351893,0.014147064203326459,0.0010618120701249725,-0.012845765927495612,-0.038992788991740454,-0.014209352392869204,0.010037657022110924,0.007958200265460598,-0.014653655348113753,0.015314482086515695,-0.0007103193983912737,0.005746414078385229,-0.02590423648802995,0.03265213946669478,-0.0019582396221704567,-0.004499676772418437,-0.009786464067526462,0.000771093662662241,-0.001952413014432174,-0.01329234869438764,-0.03181454098202016,0.0024662254042228937,0.029149202627312236,-0.02121096141633648,0.0002644820704215124,0.005051317161365092,0.0015862834731012955,-0.0003591140867071665,-0.019860774075080034,0.018868929673465228,0.025931995215852148,0.008448155673835634,-0.008151838583920596,0.004115300412349428,0.006808796523510379,-0.015857107686839542
-0.6374475560940683,-0.6148743455459458,-0.638265963466723,-0.6022525340892306,-0.7690648267802128,-0.6089326292404306,-0.6029192003883703,-0.6330865251880946,-0.5363424528872514,-0.49957627363601975,-0.3523068165025224,-0.5826265090058785,-0.41739767244002335,-0.6210191931991708,-0.5986406291864131,-0.6165689647391835,-0.589720030830307,-0.7895192137591458,-0.8533233870965703,-0.9341161456591323,-0.8855561661775305,-0.9834612958835597,-1.0783663805093469,-1.077015576293551,-1.0910112266200096,-0.9671190426432118,-0.9601196949601664,-0.7958419647977608,-0.8719024447666369,-0.6283836643076388,-0.542727879373215,-0.5063034380924937,-0.4357100729211151,-0.5740142522325591,-0.4889620805300806,-0.29711962236503286,-0.23897054049335142,-0.3942631930254423,-0.24815822084387235,-0.3073390615994136,-0.28197715033664994,-0.31758586440923686
-0.6915592150486788,-0.6751748941080371,-0.7360714042468542,-0.641856824230188,-0.660245727142102,-0.801334055626099,-0.6852282357555277,-0.550125171837633,-0.6227623855540009,-0.5316008950807639,-0.376481466174276,-0.6390689676651222,-0.5226033752369583,-0.6168136311032176,-0.671075395635091,-0.6220556308029105,-0.6739387749047161,-0.7625667729404731,-0.8222397946483101,-0.87600291379562,-1.0871979624164323,-1.0364869389305205,-0.9239511234968997,-1.0269803483244437,-0.9449031077147171,-0.9474090435233914,-0.9071493372083538,-0.9537633325286412,-0.7456490603792332,-0.6659459946722442,-0.6900327692183259,-0.5078458330707084,-0.5432654070742544,-0.5031406001730044,-0.46145500971624837,-0.3835418311081724,-0.23884524810517677,-0.34863260142076063,-0.33544979623569393,-0.26729953482833974,-0.2903766941382351,-0.26354783348779076
-0.6569287557845565,-0.6927288642687335,-0.6876481153934386,-0.6763245286302952,-0.6908540786996257,-0.6353720714717722,-0.5298027438414118,-0.5415492425315429,-0.42879885373298504,-0.48959166157977935,-0.49946800903242766,-0.43526404291804416,-0.39141024946425806,-0.504915828337324,-0.6160607255351944,-0.682257304192711,-0.708582962929634,-0.5858765211429912,-0.6482255042679498,-0.9324995990395469,-0.9030123084397381,-0.9752568967615262,-1.0869007103610535,-0.9369973461527938,-1.075626765996784,-1.028096365078744,-0.9964051372470705,-0.8562604439024777,-0.8510724953456805,-0.6224274094164917,-0.5719834460875426,-0.46228254124304735,-0.4203344494822032,-0.34567602457659385,-0.42503526445570716,-0.43112189654318006,-0.42673058526659036,-0.4041934115348504,-0.38994738634584225,-0.37440634529083905,-0.31457997953353645,-0.32793392020232187
-0.6200960688925368,-0.6718314220782354,-0.791202382121177,-0.6998529750539395,-0.6976302669176857,-0.666424708594146,-0.7110586493688286,-0.5378942217541153,-0.5701001337908197,-0.4546515221758098,-0.5882474983916275,-0.4742494096555936,-0.5669283299535204,-0.7028639379699103,-0.5231837453032845,-0.7886896306319634,-0.5894525547434762,-0.6450788349268024,-0.6700177703943974,-0.9893967730347053,-0.9941334558538408,-0.9480627421017814,-0.9649797579316319,-1.0828265683200502,-1.0223933353362407,-1.022131658610933,-0.9550675144763416,-0.8742572457581509,-0.7494470470511053,-0.7811005891875556,-0.7486894225235602,-0.5428152810645421,-0.43791726379823837,-0.3768097636348276,-0.3310802944979961,-0.4889734871055437,-0.36768003156518,-0.3698016967837994,-0.34015797951421195,-0.314652634334554,-0.3457344339552708,-0.3037919679596266
-0.6789336403306021,-0.7897738937143698,-0.6771041963074935,-0.6705456266344461,-0.7375328525487885,-0.6752931884608859,-0.6609263160733037,-0.5397836529989077,-0.5281232814685413,-0.5525969308401465,-0.41781676765914394,-0.5014872902368434,-0.5593108208127074,-0.5315572752203159,-0.605037341571054,-0.693426012752079,-0.5980140093939097,-0.5726202142164298,-0.9070735560059912,-0.9850784979816954,-0.9065551990870034,-0.9953624080513219,-1.0863562362753942,-1.0878065775604742,-0.9504039392838588,-0.9577667870975576,-1.0181770472231166,-0.8522062962427153,-0.8011973626557753,-0.7679659669433679,-0.6226514035723228,-0.44106331874549837,-0.44694886071695844,-0.3161615821426945,-0.5057897074583538,-0.3774955211921091,-0.2909769517875143,-0.42197213301401865,-0.4667965550036334,-0.3350553829935161,-0.36717311761739907,-0.34287269976202317
