gfs-wave-data.json
{"header": {"parameterCategory":2,"parameterNumber":3,"dx":2.5,"dy":2.5,"nx":144,"ny":73,"la1":90.0,"la2":-90.0,"lo1":0.0,"lo2":357.5}, "data":
[rows 38 to 56 of 73, columns 42 to 83 of 144]
-0.20979792375645911,-0.19749891979083659,-0.14289990968628274,-0.1181396804132212,-0.10343954615120039,-0.037554837021632405,0.02068131738803278,0.02762984338172969,0.04493355084242897,0.10232399844590472,0.060908814074138395,0.18411052795720648,0.13457395717169224,0.07147220279840082,0.19327040525592545,0.23572647748042233,0.1292770316118862,0.22245834384146906,0.305906719500945,0.2946163364018237,0.18446604601389804,0.3426325528339949,0.324978953876711,0.2870794058459967,0.34883452578065977,0.32670391027967643,0.18133532911423947,0.19168233695505524,0.09811978420784324,0.013233743085627435,0.11193928730259134,-0.13685819065193047,-0.22942465809475235,-0.19692859735938179,-0.4291347200762776,-0.3892747384310938,-0.5690335121418374,-0.680998156571417,-0.676653383287017,-0.7905068620905376,-0.9241804969309478,-0.7116407467971403
-0.30068974141846927,-0.2626616790626183,-0.16906861419052985,-0.09622874408769781,-0.1352387152372285,-0.04676442760119828,-0.03538028769726663,0.0021104620402408124,0.02251381612828145,0.11069139863209254,0.14587134128538898,0.08288858925603561,0.09355386622971007,0.09358285879517103,0.26178099663535487,0.1462765295584845,0.19722819933049207,0.1970387193743705,0.24115493529546114,0.3322500334429967,0.32867507764143034,0.25430546584136604,0.2913902088082064,0.2116058508889283,0.36169250847597784,0.23901534052614223,0.23946488041099018,0.12442731712775978,0.21307553742930435,0.08551644240235852,0.0701700414415393,-0.09691113213160661,-0.28412890486829695,-0.22927081577465672,-0.38884358507156985,-0.46095226668985734,-0.5876663380421462,-0.5154650994152109,-0.817745310805672,-0.7149962429508169,-0.6446306375564587,-0.8234882992176741
-0.28440052171491154,-0.1890476547329705,-0.18954172051507961,-0.13101550716621616,-0.08310250672239014,-0.007199339126036502,-0.012321646277208272,0.01258121517215948,0.08135777208190789,0.06220503540540573,0.061108711738761985,0.1967308025469815,0.19019419097437296,0.09402337666499659,0.2588122850966594,0.14184573870050413,0.19606225531515337,0.15965039184119387,0.17896976114811744,0.34886108326924425,0.25482744629014475,0.32157193454597943,0.2586712305251925,0.22498131948999506,0.23156713112325408,0.2976860473069506,0.15845368815094443,0.30114575755845663,0.24389368308685927,0.07543658960125371,0.04833912918852973,-0.09240927676347065,-0.08550667015854069,-0.2812606801382193,-0.32541557939729054,-0.5971067215169308,-0.44689856501774533,-0.6207510005583049,-0.5702647505250301,-0.7281245511917753,-0.6654115690328885,-0.8600912940119297
-0.18903692255333185,-0.2332392352544477,-0.17600800227823807,-0.08138819130229971,-0.07275436800809618,-0.005984963462417296,-0.04171557898515479,0.020949916073545054,0.07182259269927908,0.0846602304760786,0.17495955657113602,0.08318061985521306,0.167235445636433,0.12994809968559518,0.1320185555252873,0.20768927299542753,0.21546150069460193,0.20091377678193956,0.16731018453536461,0.25117790013744795,0.28246310340969794,0.3652509248165737,0.26016237610482273,0.2539014759246915,0.287420107441689,0.2869016622326966,0.3023780035934092,0.20183083210024622,0.15001070098576874,0.0850153978659858,0.06717494268231705,-0.025926605909847102,-0.2351180004890839,-0.36564052068009545,-0.3958222034166652,-0.471000600653671,-0.6565743218262567,-0.7110790402009453,-0.7133730515693624,-0.6785016329694101,-0.6324043629820778,-0.8577504041452877
-0.1370360122491334,-0.20017490167518315,-0.0967101547097959,-0.023158319707405037,-0.10971162469096708,-0.20471660769683941,-0.10816199604981606,-0.1094722064303823,-0.06182318498176211,-0.026613705187185272,-0.0625315571860325,-0.03418057789482662,-0.08431644641934866,-0.062236026686592914,-0.04060197647035961,-0.13163281822918024,-0.025242140990244244,-0.2128397707002736,-0.18983951016319517,-0.20386169095053064,-0.1890946982776754,-0.10722714586785817,-0.2080254898806516,-0.057424187834770705,-0.11233503398223835,-0.1156502616324954,-0.12293427250106727,-0.1328156894131739,-0.05695646544440464,-0.04562320463502201,-0.04544329432182397,-0.1265464398993742,-0.20717670786327827,-0.1559654001513939,-0.060769179670092356,-0.08782412849239288,-0.17364957888589996,-0.10751474745464429,-0.0488045615045199,-0.16258350336289193,-0.09075807918552765,-0.03179977740601531
0.7685603343910257,0.713290740322173,0.7328327756390168,0.7948531990888966,0.7589938189792111,0.7423563497427919,0.6155015516761028,0.5742420485686546,0.6013605223354572,0.51551416975971,0.6139544821671745,0.4481542982615419,0.516386832988361,0.5551058680754358,0.47244607616529244,0.4515567704983743,0.5368685264605998,0.44878479115479264,0.36398762249736905,0.3143609026997332,0.3211670492596761,0.5105391382132112,0.36972931764765177,0.34088444455078293,0.32762021119581447,0.3954021182135183,0.2320992759560542,0.3616370731225142,0.34813633167627794,0.35232497926341577,0.4551602883990307,0.5562148083143673,0.4162299199557741,0.4857976259365672,0.4593837871922255,0.47490663710482317,0.3747262815486112,0.4967387376702557,0.4383139343048458,0.3636465881824556,0.4012858823156244,0.4227455365217855
0.6764766794658023,0.8581668422091899,0.8043133879464784,0.841073162861317,0.6226947769429323,0.7170123265981762,0.6631009694235667,0.5966604181155759,0.7298391224378518,0.7330518353777399,0.5315488615275777,0.5973655181808047,0.4536223364832781,0.5438143130135852,0.5577179563000005,0.48435179328573064,0.620528525621729,0.5700174548672665,0.36368402948255546,0.4592532561820173,0.5444964122062912,0.29194288935513707,0.4233568906126632,0.3869530053995126,0.40283232913314165,0.3309491073489754,0.24132114846507538,0.30724491464741016,0.3403816666308306,0.3767876205895825,0.31274844735264096,0.4829853125136179,0.4652796134152441,0.6503145703872578,0.42617348394708315,0.38676927448003146,0.45453248579347894,0.4621549721183775,0.47752314526267864,0.4192503024065846,0.44823696264638035,0.2782264443607132
0.7520762521653925,0.7501853558657855,0.793229194713013,0.6054015295339381,0.7532697266788083,0.5614882887288509,0.7842661271277753,0.5023288119308489,0.6810905217259358,0.5798483315214976,0.5604866700910893,0.6576189778945916,0.6531976261476452,0.5925800669646453,0.486282556132202,0.46890600022159906,0.39509247395035807,0.4080401809937028,0.4284684664416626,0.34005796911127506,0.5718265166301625,0.3971567518896543,0.46252184194993656,0.28950476394188734,0.4552531935692956,0.3024361845155477,0.4803308976911742,0.2846363410574653,0.4028290410586693,0.2648205057769174,0.3808846524010483,0.6840137163973796,0.6732602676120015,0.34882012261241396,0.6255023745912616,0.2952703675884829,0.395632111514061,0.36008739322416805,0.27967964813322344,0.36262770284393675,0.5138026738035755,0.39636067640275474
0.6788525963745349,0.6308127702860004,0.8808222141191705,0.7878880940533727,0.7376510119307464,0.6919547415052197,0.6777196648509007,0.6649308594244873,0.6865876186593344,0.6577972260389241,0.6633239705525603,0.6883735072346436,0.4989885747208163,0.43986986488880775,0.46081926625772524,0.5425628008485159,0.6058146658489881,0.5995635450032107,0.3590274885038955,0.4131023517066797,0.4039219775960012,0.39190168657059066,0.464515160805781,0.4499939044441679,0.3648616391937852,0.4302491603382248,0.3742420245289058,0.34714556381013517,0.43798366405750705,0.3613039886775561,0.3722315499029685,0.5413361618277986,0.5955988583844675,0.5004274900865613,0.6777369901880835,0.4664939965327864,0.3500933204276938,0.3390405717324632,0.39019340787630125,0.3463853414958972,0.5081280299846892,0.46116027161750145
0.6653181812361614,0.671234556912614,0.703979632640656,0.7432575298133451,0.8338952822583352,0.7112977950800751,0.5946760076989607,0.6768674919161211,0.7491075422848849,0.6617485770435465,0.504621745033637,0.6584584756253001,0.589054447025728,0.6933518789566848,0.5045429716451666,0.43065727493031913,0.5404212983972277,0.5648360912753239,0.455729094865009,0.50115062207844,0.4831944484236199,0.45325902520417866,0.47457091971286103,0.3878091755925418,0.3736631292924796,0.31895568287644765,0.3436742919277965,0.420663454686368,0.3832163974150242,0.4197340158676356,0.3348422130209142,0.4339414161058181,0.4725468869568329,0.4587562334184615,0.7224276259480724,0.4347936791638873,0.5031277998694202,0.6390103682384751,0.5199127346525798,0.6075737497851031,0.39263090734285805,0.25221288821442267
-0.16928743012296543,-0.11644299202280553,-0.2557603710420911,-0.16117535880967926,-0.23105066696567156,-0.21619399533696976,-0.10916823878518668,-0.20281602086452,-0.09527475750030052,-0.1702508209762283,-0.12742179901345432,-0.17531288058255717,-0.23678339728234887,-0.2006084632633305,-0.17258464969972995,-0.08735048534701627,-0.1128015107969765,-0.23254028982414487,-0.2197794093090738,-0.19778831466993263,-0.22027454058444149,-0.27077482552605026,-0.14606349561455256,-0.27153681661656637,-0.1420464256461183,-0.07893268943172013,-0.19302319988347913,-0.25609942126391383,-0.1118454559367438,-0.18195657052085434,-0.11584239890483185,-0.24102907686328517,-0.1669868164748879,-0.24428443434791028,-0.25336042519346585,-0.11117719280248721,-0.21309715520273667,-0.26825905090609514,-0.08199591490465095,-0.18843923835618617,-0.20917563303048378,-0.23297974361931256
0.07206656983978486,0.2609863234590172,0.31421033227548706,0.16252274039591827,0.3708011922232975,0.44095048777844525,0.254433911660418,0.46934996486553227,0.33870824331798194,0.3772550076000793,0.44399600974781145,0.3547974778054907,0.4128470711057504,0.5041156583281532,0.355531272923796,0.4334143360434453,0.5198955785452372,0.47074116860212006,0.40455167582279716,0.45223217231439344,0.334687372061438,0.47005991966189153,0.3335322166416618,0.3479324545696011,0.19796388876762994,0.19611081626822094,0.2006715641731679,0.23202004727415207,0.17770128357992673,0.02079829302820613,-0.002110058381311086,0.079654148122651,-0.16809133211448124,-0.04793814939503562,-0.22659722143787056,-0.22323884809298922,-0.17902414601332647,-0.4425516567753504,-0.377748591164352,-0.4562560156173398,-0.42490623830926816,-0.3988789317009842
0.21623475000349476,0.2805293568480598,0.20340534738383625,0.3535640201886471,0.3236409733444138,0.2215453210924928,0.3369481590807779,0.4661397320170791,0.4530839878804533,0.277788340117416,0.3623260819672122,0.35081120594584675,0.4393076309274253,0.4797884420332686,0.5764835657573185,0.4494930977333697,0.4193179529209999,0.283866989506593,0.3402009475574368,0.3573632133536615,0.47288103380772484,0.23027399011610283,0.266459749514943,0.25689872419082843,0.40457603965932176,0.3757070225401487,0.07777195145065616,0.17820520464507383,0.2599256992888038,0.029837229696853523,0.028648644172643043,-0.1270653123296013,-0.18336028147933353,-0.1963265334831106,-0.12108305135929093,-0.3187792012937079,-0.43793430934570343,-0.2833863474672456,-0.16401307287302644,-0.1922030561002857,-0.3024000287673651,-0.3735788939451359
0.10936201231261382,0.22011611336186818,0.14347315331993638,0.1975913787108849,0.21878142517256818,0.2133191287717685,0.2769207607115812,0.5156919785884866,0.28277372942835305,0.31168124203580505,0.4146708218993779,0.366513904124023,0.4049115997406738,0.5199961128816952,0.3274703964468073,0.44566045341967825,0.45132530802489096,0.35583693389427834,0.31468677432571945,0.47989316104511087,0.2525145825176993,0.19801127308813424,0.45219035672812447,0.377331594303689,0.18386086087602022,0.2742174190719717,0.21088888505689274,0.2516085894906947,0.052066729394930025,-0.01753431068034981,0.11272001352461704,0.0011800865553352044,-0.006707808764961458,-0.11683427012489721,-0.2302214182078724,-0.21438730200042982,-0.14313390537480195,-0.19290138958843664,-0.3905525530395471,-0.1920359001124804,-0.2769215486964065,-0.4123421530286461
-0.1698179263821432,-0.1537420198672041,-0.3086118178906259,-0.2819721802875221,-0.1765330838743265,-0.3098540935334948,-0.14225189571896193,-0.18169694488394947,-0.2519329660999998,-0.22664124771861402,-0.2752246784083429,-0.25989410179488853,-0.2252407588175173,-0.20450595122439216,-0.19644028764489788,-0.1863461630316466,-0.18238890029565882,-0.24155293890607443,-0.18729175910464732,-0.31838562167198936,-0.2921612679818937,-0.23078813061820344,-0.30131615365961467,-0.12558020488879162,-0.28981691477511096,-0.28205735060348647,-0.2600961958358032,-0.16063036113307544,-0.21068026014576455,-0.2560801859589586,-0.12554803361725744,-0.20340555878504094,-0.3188735938602986,-0.21833858197809436,-0.23826894434351414,-0.1442826575044153,-0.20747844956047767,-0.23863253800261064,-0.22985888380948374,-0.22379757408533443,-0.1309854150739552,-0.2996120858847412
0.6392711699281328,0.5296554889304491,0.5776615857247964,0.9656568599738117,1.2965645633611254,0.7796536954288855,1.003118970236998,1.4089344491095657,1.504852055709253,1.6396871584363804,0.960524385568667,1.4702036810177745,1.049024715428655,1.3115177514184373,1.0793917219935991,0.9247738577630424,1.3166914983101068,1.0880051962163646,0.7364442254577038,1.130982843978942,1.0053087309750868,0.7935578532818159,0.5798513141777258,0.3438530788115969,0.4520817219103505,0.6702466030258417,0.1420042987710704,0.37888282136170265,0.39982414310883657,-0.17808243766106913,-0.29771544087274454,-0.07112628971222716,0.009141444422554958,-0.2727560898352297,-0.13653695245737427,-0.318142797750235,-0.19290830794933395,-0.6390314045785072,-0.42270736419527777,-0.7085020902797308,-0.6755502791541096,-0.8314899084062636
0.9264300633818183,0.4577746467198513,1.1449965120230083,0.9027442815397033,0.8831370632155485,0.7956513468385688,1.5138605865638102,0.9877552569245254,1.2878703529048399,1.1258820795409947,1.0641692493585582,0.9098571035027501,0.9079931002838991,1.141991731496549,1.1426939413355217,0.9379051649760928,0.846844298062562,0.7314720699172074,0.8700810905362621,1.2256812624097029,1.2072213033807258,1.017834083719235,0.8186256738873553,0.520167678633558,0.267306639434898,0.6956912884534333,0.26147164702682524,0.037904125911345704,0.4660485048136566,-0.17306425287533916,0.14692041202866044,-0.40168391449544333,-0.42772578406431505,-0.12416462268203075,-0.06499461945364418,-0.5309207518122597,-0.3338610571675613,-0.4056050846970083,-0.7260672705049047,-0.40445438593289823,-0.8346420562872485,-0.5431280701437593
0.7874940432024852,0.4725769351178637,0.6151540752567716,0.5680431090153153,1.2577692478728313,1.1117511491045102,0.7370867359080852,1.4096123142235986,1.5417142909186328,1.1419203455669436,0.9813130590294064,1.246184173965086,1.5537348571355998,0.8832096772030867,1.1403342838128967,1.053468961308347,1.0624533466563761,0.7964922722408683,0.8233718622256183,1.1745241319358684,1.1437780537424729,0.8385999883554975,0.9149850566553005,0.5271481665598639,0.6775726554925172,0.3572983696980238,0.5648188236311178,0.02615816722923599,0.2623979258089577,0.3351759702610333,0.2162855959879121,-0.41531840791339675,-0.11011743841773934,-0.08039136219025729,-0.6435522441521279,-0.5843104578050586,-0.6733901615053611,-0.24451052851358931,-0.5144509310019418,-0.36698737975553003,-0.4407357592413938,-0.5052606773347263
0.45768826084185316,0.9283919615908679,0.6099207455378265,0.9063119568317023,1.2351262248118797,1.5621835070718582,1.2763391823079624,1.1348393061431552,1.3313986916283373,1.4602748762594469,1.1302012570036488,0.9300743113841755,1.2121841456257714,1.0161114431650728,1.4772981256110478,1.0821277886284029,1.367012738673778,0.9019916557335714,1.0601184243577402,1.039604786732387,0.8023980333807021,0.5938382364330353,0.4692039596281664,0.919131090643292,0.5514567413946371,0.1363662463377507,0.21045905541449395,0.45827165875560427,0.21451561131905392,-0.03178723012571658,0.012566323486077786,-0.16000895942378027,0.058218157210226974,-0.16814990626230664,-0.10726658752896706,-0.42954905068082433,-0.601170932628425,-0.695100050017953,-0.6637729256950541,-0.5084139744249073,-0.7547067464751823,-0.48652136176451377
