gfs-wave-data.json
{"header": {"parameterCategory":2,"parameterNumber":2,"dx":2.5,"dy":2.5,"nx":144,"ny":73,"la1":90.0,"la2":-90.0,"lo1":0.0,"lo2":357.5}, "data":
[rows 19 to 37 of 73, columns 84 to 125 of 144]
0.013990993491938495,0.008939131520331533,-0.03557201604878828,0.0004425640756324777,-0.026115944570635645,0.01962872543295053,0.04272410523331024,-0.019661670496021782,0.03957691253030749,-0.026861879754641927,-0.02130435177721833,-0.03625013420212888,0.05930482935426473,0.030156635332039248,-0.04790848126691419,-0.04204754293187331,-0.0010784267317201631,-0.020205797532665066,0.03601687758021671,-0.020268819873656967,-0.01875515807850393,0.03776618505913195,-0.01029339019526906,-0.018798998840415863,0.02326253478072727,-0.013195607834796909,0.029890662697253486,-0.020213455202295866,0.03359335918289944,0.018788051665599305,0.019904002824724827,0.036770319336245354,-0.008581214343523519,-0.027681602783889914,0.013793322977721187,-0.036161725965122626,-0.02927028138602587,1.26917598307683,1.523245794962053,1.5260180108765424,1.4477391016429453,1.3598557742695174
-0.04677153355968841,0.045084962723112326,0.0002168238334640977,-0.02541285398320956,-0.013101138249135887,-0.0037136891725637624,0.028546404095745433,-0.010225612763782229,-0.01750774067706644,0.035069381967530344,0.014198628820555127,0.025351916944147707,-0.010563154495311804,0.023366165428459772,0.0019238012666254144,0.014279637107185189,0.021795818869429346,0.021331619026291902,-0.025380423133069648,0.011553110398714332,-0.008817259758581638,0.012303633807303501,0.0173725351132549,-0.03996976661825616,0.0181716628116725,-0.017346628115886484,0.01771132716394285,0.003443970110203475,0.034384026109424946,0.03298056201031598,-0.03977284653650756,-0.02287625551792127,-0.0022221069035352763,-0.04222978545300244,-0.016166387827229175,-0.006616088360447326,-0.008233598220669361,-0.04122185090120012,0.04924121946924655,0.0019630785286207796,-0.02102273823130038,-0.040647594687921375
0.9082982695507944,0.9019505908872806,0.8389765834458216,0.865456460092606,0.7732533942820643,0.7671331563675864,0.7502986059396456,0.7880982281062524,0.7548465602754278,0.7821955836936877,0.8093917301680347,0.6927486781297277,0.857554434711306,0.8490599920729602,0.772902179191782,0.9137963418759772,0.9644843164556848,0.9123015422687306,0.8130221047743064,0.8617651177808111,0.9894956579933585,0.8814661920139872,0.9328054137794882,1.0553749504873615,1.075125992455639,0.9358721154018413,1.0732494768976852,1.0604782029008042,1.1448853216246926,1.000338384654754,1.021316045551289,0.9895485563951382,1.1898417355445248,1.0343864417900501,1.2371243320617438,1.037595274736197,1.1841606497953099,1.1501172300586602,1.1481605607120358,1.2310244913231598,1.3758747655051586,1.0908452363045753
0.9041165299226629,0.8309684591442367,0.9450200807713864,0.8127332974577013,0.9404229716476132,0.8534571761081414,0.6941242812576509,0.7575460136975505,0.771690263285793,0.7546638095956753,0.7886149793098424,0.8029608572402119,0.8131199771974489,0.9325414511498622,0.842165916187288,0.9679450248798604,0.7828253382660179,0.9492931356037353,0.9526441907535452,0.9958543108969357,1.0066212109619326,0.8798246746081739,0.9038483225978321,1.083716203418753,1.0408397995329055,0.9560997076198425,1.0052426978577325,1.1315910656966361,1.199380480219809,1.103605748621747,1.1326291048143333,1.1023545604891958,1.084545977702372,1.0787103015265669,1.2359288096064383,1.114717955306686,1.0378374897503024,1.1269688728508769,1.1046645044129673,1.3611592869896452,1.114284695916382,1.2426148674484265
0.8984185612755775,0.9478314946747586,0.921720156384742,0.8185254766326179,0.6951209579955261,0.6731074492225052,0.9148515619030076,0.7321665658211518,0.845075493128142,0.7773531337307055,0.8267857620201517,0.76181602071577,0.8621961110754257,0.8328509329381008,0.9034030889810314,0.8222867594918244,0.9707396797138682,0.992314282571905,0.8870426382230339,0.8585173980660629,0.9955266498439648,0.9022797804318721,0.9890441923787389,0.9140738597127028,1.0099802634220645,1.0330504026320948,1.0482632836626757,1.0620112881503256,1.1731917762453916,1.1189736885035457,0.9983884512558138,1.1768129012733572,1.2419922448669662,1.078716331458076,1.0882988594586138,1.1199401509736227,1.2381494256376608,1.2271203566637783,1.1201924041624847,1.057044274176453,1.314320054698178,1.1700368093134852
0.018043372740616043,0.0010729181566424652,0.019513751793286106,-0.04203593543026062,-0.017150305371555978,-0.00872959074360404,0.037477430714397596,-0.03493350053769315,-0.035824280593125236,0.027608260265947794,0.03237356503365953,0.0026788875392827383,-0.046068043348025715,0.015200208001218508,0.015948499222918543,-0.02679891175545124,0.018117774584744135,-0.005541387344014616,0.006122540795329675,-0.058353896614427615,-0.0018093512839742858,0.029082633237656478,0.01946172268141921,-0.04038868493978374,0.007620604233741896,0.01550883977904734,0.003680147272374052,-0.007187081920496133,-0.050067555761201143,0.009823986971016071,0.0201474950474155,-0.04793226121193134,0.005646561261461402,-0.049470128833405055,0.04082510616966926,0.05625547411217952,0.058880740731576835,0.03895671056706116,-0.03336797994167908,-0.041892644878440466,0.03725651248277216,0.020904038668548352
-1.0987836403987319,-1.148352650400801,-0.9137620021274513,-0.7962299098032001,-0.8249116974271512,-0.759332285841757,-0.9491262606924354,-0.8347035975403577,-0.7954670131758916,-0.6215148700409702,-0.8328890690616534,-0.7861610259513825,-0.6420000387966616,-0.6207033915622296,-0.762937862422824,-0.8076896538370789,-0.5080633159068262,-0.6318884652272555,-0.6039394904208456,-0.4804413780867181,-0.6681876814114728,-0.553954530915321,-0.5875835102047452,-0.5587637063719731,-0.5357132560934543,-0.5642412902329836,-0.5130370688488134,-0.5724170964920912,-0.6464502576809821,-0.5762637252957631,-0.45819661121098143,-0.6256375418006116,-0.6619398649648284,-0.6526684420016302,-0.6841203621730705,-0.5261651542517292,-0.4331540998299219,-0.5892572905140886,-0.7015970042131023,-0.5272541472759427,-0.6502477415281558,-0.5575118652149381
-1.1538980494805182,-0.8625229262640818,-0.860501070897123,-0.7551412315446678,-0.9017370817903783,-0.8789655496061086,-0.8351937904965824,-0.8395462531096415,-0.9256054033976505,-0.7616469918255582,-0.702895668081982,-0.7810238287575211,-0.6451182277969149,-0.6158390513453453,-0.6142891189892192,-0.6690869536054033,-0.5602314933050382,-0.5847189396097315,-0.5203221100813386,-0.5290638005269058,-0.6341554032380463,-0.46362841530811716,-0.6047043748395654,-0.566336909230939,-0.6879130775117993,-0.5573340576968716,-0.5822281481440023,-0.6004035233380933,-0.5926196565689693,-0.5156568053783209,-0.6850879504719092,-0.6871523302328446,-0.49122896615315653,-0.6329106704116707,-0.6059961353791802,-0.46977075414216984,-0.6581171554317822,-0.41226753767549185,-0.6626929374870846,-0.6720816957336002,-0.6271532912819663,-0.5782677119300997
-1.06203534910073,-0.8813972090794053,-0.7770266374688196,-0.7458055146375672,-0.8857488428395731,-0.7794411649829219,-0.9364171045207526,-0.927157158048134,-0.7702110959534821,-0.6609094923117856,-0.7944790085270792,-0.6784008107674264,-0.6378068914018707,-0.71831810935542,-0.7945403089726457,-0.8067818196355303,-0.8270224620938404,-0.5811298859970585,-0.57097957742002,-0.7966141447298272,-0.7076707577975079,-0.5222763345318508,-0.7227087669635305,-0.702860211076012,-0.5916712767246558,-0.5085538275374039,-0.4613920411173936,-0.540107635730745,-0.7532064223379006,-0.5401449156137461,-0.5734546963092205,-0.48246097390061826,-0.4889129824326491,-0.5588879346056352,-0.5970220279171308,-0.6441411630324412,-0.5950634697581478,-0.5223199265313944,-0.6576236990828176,-0.6493711881467493,-0.6403433660655755,-0.5101137011068048
-1.0909577455816044,-0.9820700063971642,-1.013315800920245,-0.8258485222513834,-0.994162514725541,-0.9987990595450039,-0.8636534654178734,-0.7451862773480862,-0.9494411696910328,-0.7180853143973271,-0.8279860091405116,-0.706722147254822,-0.7159171913205185,-0.8609409031634475,-0.7347996088853846,-0.6373446886534668,-0.7397258632022328,-0.5237765034607849,-0.666913937162435,-0.6208436519744969,-0.7285128496870574,-0.6531157085590271,-0.5459132575795007,-0.5348612951617907,-0.7014324732069518,-0.593815740949963,-0.5501387480644228,-0.6410480462363521,-0.638434663746826,-0.5248537445414458,-0.4329267766714101,-0.5384144415277708,-0.5269429792673778,-0.701535083461993,-0.4801701000376282,-0.5067675170271434,-0.5631138389161794,-0.5643835179273661,-0.5206877195677938,-0.48464707453282563,-0.5911041337616236,-0.6550924121470818
-0.9836382226542695,-0.9652516711316169,-0.8653542501737002,-0.7926168139811713,-0.809872707455967,-1.0442513313293857,-0.8246828024295034,-0.962611331141183,-0.8118726724490776,-0.8046103225739161,-0.957839911062002,-0.8960809362316674,-0.7441934104878148,-0.7780832236822405,-0.7737093262949236,-0.6813233042643217,-0.572833450808979,-0.5695608628107416,-0.6682592799884105,-0.7288928391816698,-0.7245982733485806,-0.8229349388957814,-0.6294551837060277,-0.5812546004499869,-0.653302231536732,-0.6648944633918978,-0.432556418510335,-0.5171297584478249,-0.5250789905871072,-0.6634388214908283,-0.49676531994010564,-0.48138334519571035,-0.6836745223099955,-0.5684824001976196,-0.5925784170595871,-0.6546220534684635,-0.6749741546629112,-0.7352567460898476,-0.5524681902179565,-0.6412701268502577,-0.5786965631885727,-0.5700948144055314
-0.004931016410607792,-0.03304860270546294,-0.026295587604818073,0.05284888274974179,0.030182631939431968,0.05329575629286721,0.05177892951734034,0.03810977561442446,-0.011768234843658885,0.035563898958961164,0.020973306788159764,0.049485782471822636,-0.059680209511638604,-0.04424372973638509,0.04938511793188883,0.055437721643690076,0.025410816857928162,-0.012961512835838528,-0.015989062423946973,-0.07375558979045257,-0.023085276196951637,-0.03889371332075327,0.02203814590968918,0.052562391903875634,-0.002864094092626252,0.029654501194527484,-0.04310806081109935,-0.05137362481654771,-0.0073716147862670015,0.04776413158792017,-0.06199477455801033,0.022695085832961835,0.046148887178517686,0.03755611138989342,-0.0007854547311693641,0.00881587263992631,0.027402156354145293,0.035301003479108105,-0.020984029166685604,-0.011700658815391948,0.01615401757622036,0.03783751515275271
-0.8139151142624559,-0.7145387604999983,-0.7471258345288199,-0.7977952991320072,-0.8603983522552517,-0.8371812520021332,-0.946781277850177,-1.1005039272373098,-1.2842179462367833,-1.0861333739263306,-1.1069976869629377,-1.2079157295166294,-1.2362936150757526,-1.2814563024333252,-1.2610678375847821,-1.0250992187325714,-1.034493965064093,-0.8077226497220865,-0.7740057647922515,-0.5926727185964237,-0.6699455565600194,-0.40804076310240855,-0.34625953227293643,-0.35607617744404774,-0.4615233871925818,-0.4860501966708265,-0.4490280464881745,-0.3947566181965182,-0.4719299080711018,-0.47829027836515275,-0.472112650415966,-0.4787942271696066,-0.5024850773661091,-0.6020961496741402,-0.4988983256946861,-0.44413302862760295,-0.5700219933067363,-0.597112311935683,-0.5513443687703157,-0.5355833785072536,-0.3283891519949678,-0.39601961536397706
-0.5507251253713888,-0.5506053691046575,-0.689831479885301,-0.6533121116941336,-0.649995969629533,-1.0322550186527548,-0.9795791954962592,-1.0683445969442196,-1.0846690310685208,-1.2251531840011625,-1.1676242016671248,-1.2430668264502105,-1.2017236001723302,-1.3126388542261438,-1.0840073383234332,-1.034861526010081,-0.872191362772274,-0.9386459604410955,-0.9392737644038037,-0.6498737407342127,-0.5949320876814972,-0.4767387919294918,-0.6243575815965737,-0.43298139955172993,-0.42602612770777903,-0.352885597842819,-0.4715167189865835,-0.4700799443287998,-0.4367792693968907,-0.5509451399757155,-0.4683379842156161,-0.5933831972526555,-0.571336234254287,-0.643275893501597,-0.5689555174825538,-0.6441509606437962,-0.6156747165885218,-0.4642878813292617,-0.4882053258633922,-0.4991180779149742,-0.4757927707397038,-0.3678584582818031
-0.7591664766049324,-0.6967697931962944,-0.82169384302016,-0.5823188951914301,-0.7454155959832064,-0.855588864686088,-0.7968980644862899,-1.062298407354839,-1.076795837597221,-1.1115525392472998,-1.1016306205184134,-1.2835852132811456,-1.1710151444466972,-1.222236596283775,-1.1836970376205271,-1.046982933589205,-0.8426506970583731,-0.8899868244043104,-0.8665219283106265,-0.8085520747173361,-0.5369919966173559,-0.5156210856123221,-0.5991482713380462,-0.3771636506399867,-0.4832780126835948,-0.3347557403557327,-0.487488427211625,-0.4558593309671231,-0.5890383289490358,-0.5805205950576037,-0.6048411338111217,-0.46071832443658156,-0.6092152266415145,-0.4339719889362467,-0.5500252393118579,-0.5613381504721098,-0.5661565353700415,-0.5009782397974352,-0.45191837287505965,-0.4059648792693321,-0.48611924550177815,-0.3398250272561822
-0.7078156289434061,-0.6244613533561758,-0.5935795539129509,-0.7114731171953588,-0.8975477155644671,-0.6969219580198406,-0.8315831628508438,-1.0275847081177223,-1.1638979858980256,-1.177102231688787,-1.1357397045759647,-1.203047438443652,-1.3354417386939579,-1.2346009760570544,-1.134947346707945,-1.0992299928353846,-0.9141436624946129,-0.8905677120382112,-0.7532733068735841,-0.7663289306126156,-0.6979242715886974,-0.47934468718522816,-0.46841455981939367,-0.45667389626034627,-0.30368063333691603,-0.5292089742986976,-0.48480179273060214,-0.45243791685012535,-0.5995245672927693,-0.46640981695450534,-0.5554630867772864,-0.5292050496429822,-0.6255559743712438,-0.5177447485183817,-0.5858857720942315,-0.5874331913236023,-0.49364178120373975,-0.5857867940917025,-0.49375567753833705,-0.4203493275645218,-0.4057399610758684,-0.35259044410426793
-0.4291044566146971,-0.7385395585722284,-0.5699405127904296,-0.6035382625819207,-0.6964425154112823,-0.9048409395046284,-0.9976501194320927,-0.984207038130549,-1.1862440459720027,-1.1612316619471006,-1.2766816491316957,-1.1931289519518598,-1.1860924232624708,-1.1668239729569827,-1.2611005949592584,-1.008294922248936,-0.9613556417243418,-0.9046021866968981,-0.8467181624905942,-0.708389254142617,-0.7233493657342833,-0.5601543403743615,-0.3833788107239082,-0.38454013773864343,-0.48048590000882346,-0.29127901605714085,-0.29501728577211994,-0.48821967352221973,-0.46889440784478087,-0.40941874303778075,-0.5639148816017823,-0.4311594870907144,-0.6585714625389175,-0.5416705874800615,-0.6080822910549499,-0.4812007692566825,-0.4741582744268302,-0.5399589169686919,-0.55947595507148,-0.514251123926981,-0.3794035002921726,-0.38233167697163356
-0.4581492975741365,-0.5368533650196189,-0.5673572614799348,-0.6608948446333436,-0.9512756118133271,-0.832926109790218,-0.7990472914471807,-1.1662421986639289,-1.0523186374682214,-1.1667123795084173,-1.2630511946177172,-1.2040256648997187,-1.2333908391196515,-1.1659433953939276,-1.1395582189958913,-0.983467811610799,-0.9918027933563984,-0.8326704912594485,-0.6649605370541304,-0.7359751010268301,-0.7644325598363987,-0.6613219989306881,-0.6955270844460746,-0.5675503691112654,-0.5109659317659736,-0.6192055367475792,-0.5565851510644644,-0.5726614314642742,-0.3789093159228319,-0.5475203098169721,-0.49821146881457223,-0.5074754892772244,-0.4449028337242861,-0.5492319901922137,-0.5582112232989851,-0.5248938519321694,-0.6266628086639002,-0.5064050964398671,-0.5108251056500841,-0.4705234976783092,-0.4066625639795454,-0.43738817111481076
-0.7198527745338191,-0.5977516505889583,-0.5653357338098804,-0.8422534914658104,-0.6822162465539705,-0.9215450094410864,-1.101508265985204,-1.0482013502146639,-1.1662736368903346,-1.1300481606951784,-1.2986680351000828,-1.2135721618866548,-1.3295592611797755,-1.151937229929754,-1.2826504508551688,-1.0266381265503162,-1.1274630687354497,-0.7954095557164805,-0.7909120049706494,-0.6742025409344803,-0.6854990227823373,-0.598116133778188,-0.6451506755028859,-0.4537840167989259,-0.4214614631403332,-0.3090634408712747,-0.3457712757834635,-0.4708734001368307,-0.368171374859804,-0.4405077465161482,-0.6380382256374852,-0.5497514666769477,-0.4577500024854666,-0.524261150970429,-0.6651969372468848,-0.5316358374378497,-0.6433986597823532,-0.5570891023740309,-0.4322364743926027,-0.5609242702017128,-0.5397727642323417,-0.2944721920887027
