gfs-wave-data.json
{"header": {"parameterCategory":2,"parameterNumber":2,"dx":2.5,"dy":2.5,"nx":144,"ny":73,"la1":90.0,"la2":-90.0,"lo1":0.0,"lo2":357.5}, "data":
[rows 18 to 35 of 73, columns 0 to 41 of 144]
1.38253669054652,1.1907553091028686,1.151959286566604,1.6466054742355654,-0.004531810129818513,0.009901173728943427,0.0008196616567430943,-0.008253134669136162,-0.0059781260413767565,0.00438638995517832,0.05079287306862582,0.014446891428074602,0.003998898523444768,-0.017886763742890204,0.01674408018605865,0.016038553417902675,0.028276226218278435,0.01499963761050735,-0.0024279636904512313,0.012826489182970054,-0.006055149974341203,0.022238922044596952,-0.04065309091676588,0.02065790423009814,0.012853542690993655,0.017746899293419167,-0.012551984758316271,0.020723026206957353,-0.028031001720242404,-0.030026129581578565,0.04121863659744051,0.027957274938563703,-0.031616900908308015,-0.035108339621063286,0.0070857736447335505,-0.041602984602248816,-0.029781117227599973,-0.012560309530881542,-0.0474398017291872,-0.04378044775251375,-0.013495202540531636,0.0002508233387111164
1.181960846695731,1.5402232923984736,1.5266397335443505,1.1587818722712384,0.0033255826195519506,-0.007437226368176062,0.012351035095997375,0.00847720186281387,-0.0511433331886099,-0.02113160727070905,-0.05209574899869403,0.03043098258058716,0.03182670068775382,0.044968395486052574,0.007004121795444494,-0.024197441859451285,-0.003849859087274448,-0.00734644993419167,-0.01898902920587182,0.03043076770751477,-0.03959191176167237,-0.020571900067478235,-0.019903976379026047,-0.002001540336025989,0.036554736270133774,0.0006437499160061048,-0.020199633419467247,-0.029149408410797963,-0.05193522864301853,0.010841729784181917,-0.011825799221120188,0.031039741495233333,-0.021224916058322003,-0.00575857290140468,-0.030545848029219457,0.014650160116855692,-0.029289525242152975,-0.03579567433098893,-0.012023145513323093,-0.006411389095888593,-0.0118635394794743,0.025398377090532224
0.021919973490430837,-0.007716051305521588,-0.012876620952155826,-0.026122268001495676,-0.005510095202493503,-0.01874192390435173,0.02546747619947447,-0.018256432260605245,0.02771885372282991,-0.03405827859997321,-0.03453228425481652,-0.0012080170681928186,-0.01314501000546817,0.027046629134246113,-0.01225287863419294,0.03461791375679003,0.006295928529346908,0.008861908016612999,-0.0011211101893629746,-0.025024376363967985,-0.003924875087681506,0.012369373567364339,-0.005549325565629324,0.011816576110949635,0.024271702163391567,-0.033097876791168226,0.03358631960059366,-0.026379966589484515,0.018155510431958104,-0.03689553472047271,-0.049350979924969104,6.22095687096236e-05,-0.025367667812806482,0.020013914997160535,0.015124792419760226,-0.031080820446352353,-0.02716159212234537,-0.04062512825709661,-0.01696532989597316,-0.011002472266717142,0.009463480985741507,0.0060285468754412925
1.5437698362483465,1.5460605800900726,1.611271309432303,1.4934141777008336,1.4414065857739076,1.471528903032231,1.4837654797616033,1.5285487725081568,1.3608449378380945,1.548297016998085,1.412309109382729,1.4940368792006018,1.3170186619096085,1.3055243808475212,1.2715826116164968,1.2005502679251678,1.2685471802749682,1.0625348532214776,1.2903398780301985,1.2174488451331884,1.1267240747935352,1.2143017930923667,1.1068017745199301,1.0782193706365861,1.141228433747464,1.0996042341205285,1.034817487135704,1.0466647049502187,1.1077975537038909,1.0514943580736427,1.0563719731476742,1.020812772801429,1.0339601413649606,1.0249893836750439,0.9765460686251771,0.9062981833209517,0.9604455706053265,0.9211235963564741,0.9369533428243486,0.948578616520892,0.8529062980683912,0.711613408223858
1.6387850472456105,1.6709327023880103,1.5263055335112112,1.603942604253939,1.6329728514966593,1.55423796918417,1.3841733694629401,1.5872444313323013,1.5965292910177507,1.4045646551643511,1.365802103086111,1.4480648972721568,1.3609730184116442,1.2096284031268192,1.29136671652474,1.2583377461481227,1.1861088041016876,1.1302100737281977,1.0958287676730671,1.0708874450707884,1.1612063080684802,1.1359668370014488,1.0225783024384718,1.0890498537985822,0.9281868040418894,1.0090413048370757,1.1702946494024957,1.0853703227525822,1.052735704968071,0.986896898681941,1.0170891757419902,1.083790921615876,0.9850352350126446,0.9776425189596927,1.048721618204028,0.9312610531381719,0.8435790791113938,0.9158430194193135,0.930609531152175,0.9236786880235556,0.7521430045522253,0.8014148195833818
1.5152339768169516,1.5768706549080904,1.5546811681958583,1.6199400371598667,1.5340002986730794,1.4673521045692386,1.494217865266741,1.4328225061251318,1.303703930504203,1.467705339485713,1.2387613563152033,1.2437585769274198,1.3385559925563693,1.266232450457052,1.4093125291235826,1.1133638141346536,1.174620831604099,1.1011416311125632,1.1697757804342466,1.0870987131175545,1.1384111497092722,1.0815309262869122,1.0923487839345976,1.0845779148751102,1.0727416305658226,0.8795170426223339,1.0160369415000237,1.0932564150929476,1.0674121106469059,1.0090469905386743,0.97362385531891,0.962521672859835,0.9401897750159058,0.9548982278420224,0.9543716817307126,0.9479457201782775,0.9369293997814346,0.7986261846027058,0.8080850600120147,0.8706670800468601,0.8211864441329578,0.8428406461129325
0.022183039793262006,-0.0009747432674654872,0.018585682116401367,0.007488871926888861,0.022606537235623368,-0.003972378241393095,0.001113561049109446,0.027323304560208796,0.015025544643331414,0.00511720320462976,-0.0010091371874074277,-0.005282276540858568,0.009924833256010443,0.029452671328787462,-0.007116568670324446,-0.006086274158811785,-0.00667343843303719,-0.011691685177129445,-0.026017223053063303,-0.020761962637285098,-0.03166368074324138,-0.015110156305755346,0.028963804419007373,-0.015524735932332761,-0.023751103701181834,-0.01322571399901194,-0.010851771843996497,-0.021923336683055454,0.006279798016236087,0.0034859132012225766,0.012528680880147084,0.010074121355707077,0.030905786617746428,-0.007666254712596717,0.013873015898183138,0.0071596223312582075,0.023867981399003126,-0.03861775917638515,0.047204871398191496,-0.01843842628423953,0.024837372930447653,-0.03268553122800344
-0.8305558234604155,-0.744062463556779,-0.7923750551916642,-0.8232168927230169,-0.9605732911925763,-0.8530510763146458,-0.8492270212053978,-1.0276507163160569,-0.9779614134805058,-0.9851615742518757,-1.0332728997639131,-0.9718436178570686,-1.0337807867277637,-1.0027577252692959,-1.0728186064131275,-1.0747139484210566,-1.0747649479355756,-1.0652121387853755,-1.0631989973793434,-1.0045373357726024,-1.0765052423878612,-1.1425682111198454,-1.066427709371669,-1.1584950687533968,-1.174145756286985,-1.1400821557055827,-1.2274069268422236,-1.0359587479868193,-1.195881682620447,-1.1785899619238818,-1.2075410682057623,-1.192257697027994,-1.1391091432766665,-0.9840497744504205,-0.9805763933513075,-1.0179532227297476,-0.9602207660396008,-1.1099959982798013,-1.1008126386184345,-0.9612529270329512,-0.9421712565343321,-1.0837071602970594
-0.786337186702859,-0.7025671552828323,-0.870316333416643,-0.9595660726052466,-0.88352818598261,-0.8842779111104769,-0.983578422876743,-0.9250673688676658,-0.9947466153266041,-0.9423230669890683,-0.8909206156479033,-0.9247570567515252,-0.8975448949824104,-0.9842141064083688,-0.9428188943591674,-1.0653143737833,-1.1077939421721,-1.117253345521052,-1.0489234747335057,-1.0295196656747176,-1.0543783662115347,-1.1380503172029592,-1.1793588350584707,-1.0620756625414522,-1.2244602969845848,-1.1452697543254857,-1.1286613915019257,-1.1841016924015355,-1.1591549802714132,-1.1157367411405794,-1.141692653838635,-1.1845534720611481,-1.0375545130226353,-1.0832063304667152,-0.9633912473528423,-1.0901548094408307,-1.1169431040890203,-1.0795998295001705,-1.009347807096307,-0.9274793680345809,-1.0531666795899606,-1.0845789918741353
-0.8678507411776158,-0.7202749848314506,-0.7744387472373526,-0.8831005998979098,-0.7776224288648688,-0.9790445141953279,-0.7763672877739758,-0.874693076502707,-0.872598697055475,-0.9430346001287819,-1.0275047756332918,-1.0727108940940155,-0.9541168660583946,-1.0965947954169049,-0.9928505240992131,-1.0721912894301833,-1.1406306950073335,-1.1045550547486196,-1.0199155445371235,-0.9954243645223302,-1.0807256327295232,-1.061166664645249,-1.0671015319913864,-1.0778434505243817,-1.1908429603257338,-1.0971364934802033,-1.014150395239228,-1.1875841667789737,-1.1254511098527338,-1.025102661152438,-0.9866764851632438,-1.0069451399953087,-1.0918983093662376,-1.043686901570033,-1.0368792991509903,-1.0603424178054546,-1.1057877144316968,-1.1306662727894012,-0.9880535486913458,-0.9647176623650071,-0.9557674368550753,-1.0396862171542085
-0.7256412942977813,-0.8358876041943712,-0.7944839927422753,-0.7705950781103079,-0.9131505310642329,-0.8773049813275537,-0.9122204492984294,-0.8378026936476923,-0.9461944022056328,-0.8622216546735005,-1.0687845214761722,-1.007313235185319,-1.0348390761291288,-1.097935172798823,-0.9988540165254298,-0.9638630849021718,-1.1290104720234515,-1.037649232022716,-1.0550595564892926,-1.011820191515939,-1.1636887503852629,-1.1443859431107644,-1.0483086927351812,-1.1008711956732786,-1.0543530928913412,-1.2328920554539853,-1.0523209883912685,-1.0769121215396307,-1.0998839275179324,-1.048231400499343,-1.1873361588100562,-1.1136614209054034,-1.0915031968164823,-1.0718291121864398,-1.0064940383933116,-1.0630193794505267,-1.0894476620013944,-1.0331960810384397,-1.1054188971186758,-0.9650923939173296,-0.9282656628027932,-0.8924912796588815
-0.7301380397423383,-0.8314653836648158,-0.8303027393059723,-0.9426409370562315,-0.8688539628760573,-0.8273050945898592,-0.8838043142807719,-0.9574829114491712,-0.9269731358987792,-1.0299840146240637,-0.9303773189670632,-0.83006397493475,-1.0144274049349302,-1.0204341387844997,-1.1218213201979406,-1.0182179913453058,-1.0075192807073257,-1.11544487655883,-1.0661378245932518,-1.0014078251783507,-1.1443170311082198,-1.0291826105708257,-1.1372662812911647,-1.0020590638972775,-1.0324292673238213,-1.1697395134891695,-1.006467191165714,-1.0226137053990851,-1.1985893066052986,-1.1065771595299065,-1.1541362675257036,-1.0536455798927564,-1.0528779791463787,-1.1720156467074099,-1.1404318118741223,-1.0078861069881844,-1.069860902899842,-1.131119213925865,-0.9520513204420431,-1.008697662412533,-0.9167195767224854,-0.9305815099843877
0.003820870591426915,-0.00907251256850515,-0.02830864169931552,-0.0037869052457312037,0.002661913940582201,-0.0029147472981830478,0.0017465650717654485,-0.0003303045051087187,-0.004009754450065775,-0.02727601210428066,-0.0005303642507452929,-0.026962232764757052,0.017228642095382853,-0.002162083138308754,-0.010204290763473352,0.016668770152055003,0.008066971527089555,-0.0021624480323690887,-0.013804145932032616,-0.003830046864764051,0.007839775518163167,-0.0034504441804813833,0.00842523007770527,0.0013765854709801137,-0.01147398503284337,-0.017616575522366573,-0.0027712894823891717,0.01862949523418091,-0.003570222549595608,-0.003542214105425213,-0.0004773941456322155,0.033079436809751415,0.02537467892879101,0.0025491755170672305,0.03492658781907575,-0.0014290418603512868,-0.003938591036219475,0.01698893195545279,-0.01118949379283472,-0.017345920114663554,0.0059939242499438385,-0.0018555150581637003
-0.5693692093009037,-0.547911690255015,-0.7024922388297953,-0.613059516105036,-0.6254604008282697,-0.6232636368321156,-0.5829559368881517,-0.5800445795612738,-0.6525206154985684,-0.6688796462049618,-0.6369061035006498,-0.44381735800586564,-0.4938915863191017,-0.47485964236783074,-0.4584408096822153,-0.49149448713883864,-0.6544171437731083,-0.6419906371098095,-0.8125764863962919,-0.7153704211359165,-0.8343353759853539,-0.9192601604675805,-1.0061996533961326,-0.9026872057562761,-0.9671539690872514,-0.956632939171477,-0.8908354954561897,-0.9192954604715512,-0.7205992141900202,-0.8118116038754826,-0.657713240663045,-0.4778944952630803,-0.490865863352226,-0.3828171494809233,-0.4756626606491124,-0.343272831126528,-0.3653307873239362,-0.20793028046874418,-0.2002944629629666,-0.33022064328659534,-0.2852701064877295,-0.254720003174658
-0.5834837992194165,-0.6192879113083739,-0.7614230774003709,-0.6632073878274428,-0.6283036747418407,-0.6376749363274231,-0.6284212838463381,-0.5761903900318219,-0.5072717919502329,-0.5813788272347608,-0.5466372146063002,-0.47271082822346344,-0.544450605370516,-0.6889848335110008,-0.5828659291299035,-0.665052719568472,-0.6622370518882783,-0.7262784889230133,-0.8119814506643923,-0.8503645699630938,-0.9276796079594202,-0.9386446929924968,-0.9766134205688926,-0.9447249756612486,-0.9475462370622885,-0.941163729597488,-0.9450562215345538,-0.7693817638477377,-0.7723486362745942,-0.8085487455524107,-0.7157135519984456,-0.41919244623840896,-0.5361943456279542,-0.39839754410525724,-0.42720467005701523,-0.2855346708182197,-0.41046768158930136,-0.21954719661297792,-0.23705646500602331,-0.22820014699147692,-0.2643888984871517,-0.24913554275500496
-0.6434907824511721,-0.6827319963920556,-0.6724263316507368,-0.6081289166032934,-0.6685464720434665,-0.6634997241219102,-0.475698889173016,-0.6086545050661983,-0.4507057254959083,-0.5326077331120692,-0.5649774042987499,-0.5139238961739336,-0.5967509012043686,-0.3716123690543591,-0.42218632429104214,-0.5979822815002587,-0.6487888385684885,-0.6191189409884491,-0.8327964098022859,-0.7105548975947555,-0.7977352924182077,-0.9643595893809035,-1.028863410439484,-0.9805524280721402,-0.8682634050777356,-0.8912423237756734,-0.7764168098106011,-0.7049686551276556,-0.8696171702719344,-0.6658994782714509,-0.6350802520304755,-0.4523745790787627,-0.40214151903656725,-0.39169306789144004,-0.3474969881517972,-0.25695746570709016,-0.2587777968045613,-0.30470673395356834,-0.4041004548986714,-0.2630224833961045,-0.39752490906109383,-0.384446707335446
-0.520235394384557,-0.5502404874605443,-0.5586354943880142,-0.6758878732253966,-0.7338011102693999,-0.6554781836246784,-0.5576407764705993,-0.5362376033526817,-0.48635050386898165,-0.5136021259064306,-0.3586348258901095,-0.3220288097431145,-0.4834083201649576,-0.47289747290388434,-0.5231587164758775,-0.4194508565047452,-0.46757268618030035,-0.702599427902052,-0.7634511380066847,-0.702340512418023,-0.8830643947304055,-0.888730861069392,-0.849504646582109,-0.9915915095982021,-0.9711490435778766,-0.8911412690827866,-0.908747378727139,-0.7847682393784225,-0.7769644732435445,-0.6247052472329412,-0.5621488154334755,-0.5960049235080553,-0.3651629680353135,-0.29074705483369373,-0.2981923373674026,-0.33631216318726237,-0.38924522092683,-0.30567366742201146,-0.25174124842239903,-0.19655302275556627,-0.41447138273269546,-0.2717919764244273
-0.6908827606489096,-0.5292233477953193,-0.579026801012716,-0.5960406688162292,-0.6692309457282885,-0.5566672779602654,-0.6707588193145656,-0.5685486072275818,-0.3930290686288425,-0.4337732751590032,-0.5392706182723881,-0.3940752446417027,-0.5530258104083096,-0.553510110855721,-0.5501355572619256,-0.5719137868761769,-0.755163543700299,-0.7057625760697888,-0.7306217081929234,-0.8418278477174093,-0.8477367204321961,-0.9120189811004741,-0.9478888303160647,-0.8527608941971969,-1.012353338473772,-1.011916959229078,-0.8675368119619802,-0.8211615330545099,-0.6443382478763313,-0.6492394685458481,-0.6147299920955054,-0.5542401986446228,-0.5355251165372796,-0.49144875596921095,-0.47392207435065137,-0.31378673563968423,-0.3214895847575562,-0.2891701823948627,-0.35860577067461025,-0.2622274378255389,-0.21644934079366143,-0.21255411953269437
