gfs-wave-data.json
{"header": {"parameterCategory":2,"parameterNumber":3,"dx":2.5,"dy":2.5,"nx":144,"ny":73,"la1":90.0,"la2":-90.0,"lo1":0.0,"lo2":357.5}, "data":
[rows 0 to 18 of 73, columns 84 to 125 of 144]
0.6148444525743602,0.6924450063904383,0.5978325574481989,0.6364672391818558,0.479875431475168,0.5989013632568226,0.4197352566534673,0.5143017998898686,0.3913183184703198,0.4275901573146645,0.28028816499937825,0.3353945634711864,0.4737386083294254,0.2596112332090119,0.23120862117043212,0.3510693271975304,0.2583748238071055,0.3301120733116282,0.38958112737383654,0.4333664046543188,0.4966543081763459,0.43322825023569667,0.4118869081001301,0.5127452634821288,0.4914534598485607,0.4739671857988433,0.286454749411098,0.32099859951124377,0.22564918049854218,0.3362971380550425,0.20746818848290957,0.18686638437560998,0.13771046316795654,0.15334191714126388,0.09742971275936983,0.10831805546891105,0.1451937120416871,0.06544673026280613,0.07149852413501091,0.09989469953190755,0.14385879397793577,0.15433295083469087
0.6968554388103634,0.6010563904290486,0.6297969328078562,0.5584715204473933,0.6397946436227767,0.6533996968833092,0.4212335100042928,0.4168856652384472,0.4836471775720427,0.3506831814425546,0.28144067649563587,0.3127961787075667,0.2637929436496164,0.2752240378040065,0.3159502929908733,0.2625044355759255,0.32280138448137635,0.47102002548387617,0.39164012314212754,0.5157081945732668,0.5063607222494415,0.4133592821325496,0.5063183042813696,0.5476963198997479,0.4909111228858608,0.42876368032432033,0.3121780221413233,0.3592774161996131,0.20825184580540707,0.2864956054973083,0.26271345293226916,0.14858473001745703,0.10693427969135323,0.10749654035390473,0.11169711870305142,0.15415561282130882,0.09922776179451492,0.13104593673401713,0.07978119383144085,0.094468248220544,0.07876798375106425,0.08328734045919732
0.6882638140610776,0.6073074164307554,0.5618267789162467,0.7162670050898711,0.5814302412704392,0.43170088153571434,0.5767740558997313,0.4236092591119205,0.39236712668875057,0.47623275477668997,0.44037568597806104,0.4508587893729156,0.29372134627397267,0.36753827404154626,0.35791720552239803,0.43279066930970916,0.42937249349341,0.3994126799504921,0.35858858182536785,0.33384254631110727,0.4831707775148791,0.38805667992747095,0.5061175009420822,0.5401361305923513,0.5212420273298706,0.34811805659840106,0.3862650842435549,0.4422481536761756,0.3203678466679639,0.27656407901182317,0.2437986319805064,0.2064616890588627,0.19346161204105383,0.1651169050730693,0.12579270564834408,0.10761264676272102,0.16124000431050634,0.0880156597576675,0.10595673962140753,0.059086422718839696,0.1078419617537252,0.10562957191333663
0.6475700976332383,0.627208979821415,0.7341957330540843,0.683201025953285,0.6095839590801674,0.49311156937608025,0.4759070034992157,0.5033616228305042,0.5713577732216668,0.3625461085118607,0.42771915769890556,0.2587151434536673,0.31870349896936817,0.41460893549034145,0.4140396120240786,0.41788013823385656,0.42736351539182293,0.4058241715483892,0.5038971509236654,0.36082764013666474,0.3618954268811456,0.4676049396567811,0.43173874942067364,0.3721363199607833,0.517589867984464,0.40030527850649894,0.49415338625876204,0.3151387597963802,0.29879476380853043,0.3544266154463361,0.2649061814438303,0.1392555402559761,0.21581855567762312,0.1449973963513242,0.15395002630748708,0.11139396543953989,0.0953185340256422,0.13758272406559977,0.1258049116617185,0.0841357385088354,0.1635651134586669,0.12559406077760368
0.6249827532828979,0.6633230573759233,0.6795844758283146,0.6215530032758659,0.5361202084092834,0.5768438614116442,0.5387910186944364,0.5064837414742648,0.47375702574207024,0.43556353478692067,0.40003458231318184,0.4515461888225943,0.2643673464589975,0.4124576733610499,0.3697418926587274,0.39661746671278014,0.35474099092425376,0.42758271620851607,0.4569304306692152,0.4036019628554252,0.4630830138165092,0.45573732745214657,0.5227410359590662,0.5119667368711115,0.3968722915906807,0.5380548007153645,0.496998528816909,0.35836337168792476,0.2661399546023761,0.22738716306297516,0.3036109599694168,0.21405370151359115,0.16881710310027223,0.14363085282044682,0.16272465079338883,0.1786274350155077,0.10674137942008143,0.09634910871024564,0.07748459918956332,0.13915063766479788,0.10091235591765466,0.10037180254500387
0.6189360742742882,0.7351590150075349,0.779148420403659,0.7581179372549715,0.5413817579347235,0.5918721749320837,0.4545072454595977,0.509212582334706,0.4578777255660503,0.31707452449282564,0.3800426734154525,0.33355878729511906,0.4155028657258335,0.386569060835815,0.3931219050274444,0.32353732486057474,0.39860452685019443,0.41255093424169414,0.5043187305508026,0.43438025789223916,0.3723540762034972,0.5124105379096653,0.5429249486842891,0.5974905474975665,0.4389544381123886,0.5297806028087539,0.4293071902627966,0.3260223914700519,0.3900898518357515,0.3179111314560716,0.2227383917499144,0.20281902409179253,0.2376917607577637,0.13098690564053544,0.2500268643334848,0.15843378821530105,0.1079025680392492,0.131567484248195,0.127284342129349,0.1622951219394286,0.176167584147425,0.08283040122899102
0.6506759883103531,0.764041350917487,0.7494233982498127,0.6886522808434173,0.6401757901483083,0.5827948807954849,0.6125247898521429,0.5327186963353907,0.48018817788229406,0.5322534077474967,0.471444966470513,0.3539646697760682,0.4788149648418669,0.353441191204405,0.43678599911776894,0.45127552498154916,0.3838726575503295,0.422886920713972,0.5551690621662086,0.5428380225469299,0.5926196149264503,0.47669263542527573,0.4076381728273986,0.4342501126254861,0.5547601575550605,0.4554338538254832,0.4827764437985221,0.33498035976751084,0.4105672716292636,0.3484552515065677,0.25342760310837037,0.14513318240421785,0.281185180226771,0.14629099610679996,0.21074561580134632,0.12381921041474529,0.09888321652498797,0.1250152708850718,0.06973799609792525,0.1295265899517717,0.16303582097054078,0.22337961776209167
0.7214896772123495,0.8004228270854967,0.7776292809511651,0.6560115599567968,0.6884280365167995,0.5442282116322293,0.6220350644543065,0.47266025774828474,0.39684428694377455,0.41512114267745814,0.3382054285644736,0.2590934771589955,0.36724169002786133,0.3366477688365724,0.3425613095867986,0.2979838941321516,0.5143385393209203,0.45670944273734987,0.4802888497854139,0.4650487455450944,0.455934820656876,0.5446240436544534,0.48842262812355525,0.48659136365508615,0.42373496958183027,0.475361611108881,0.48519601150814035,0.47571677724083083,0.39003585628108883,0.4039196642549155,0.2819818469610171,0.29440810989805444,0.17885843765690268,0.18654110047032035,0.15899346191856534,0.13916936701118532,0.12283684562153596,0.1388343613708435,0.14416862150620124,0.14119742659658116,0.116799271636078,0.15883757733908008
0.7604852821931143,0.6443285753967323,0.7116768511808124,0.7107225652729929,0.6855366098313835,0.6280303490438331,0.45988191805471607,0.5815983052120912,0.37912558655023515,0.4178575359314438,0.5211135355866683,0.35346458834027605,0.4220775816489623,0.44791378386632236,0.3665076161044862,0.5113486602438266,0.33989763129959394,0.4361358227300688,0.5030762108072668,0.5210726028842625,0.482440958522868,0.507593624464938,0.5582410949134701,0.5401972927036472,0.5086031888832873,0.41694142866685324,0.36910087936886493,0.32161216031409046,0.41655694950642164,0.2808560295218261,0.33542442325447874,0.35875085086808545,0.23934972108203986,0.15775653069879195,0.2507513127185078,0.16340174077372363,0.11644929496358433,0.08421596514817864,0.10545857741733394,0.19742289293612042,0.18537144589202365,0.20187637079311163
0.8268459830326809,0.7010388459755614,0.7653707216669208,0.6398241836378404,0.6901544154798492,0.5760322148034573,0.6083805867406765,0.5149327269055334,0.4665188032900314,0.3477638475666207,0.49747429485905115,0.4408383939447528,0.3184290091072052,0.3859983926368619,0.3151967555190044,0.44254650671428886,0.473168660919426,0.57899765466534,0.4684145439146795,0.6003034026024584,0.5999410467147894,0.5796382698599153,0.5627292308458539,0.5716242149729227,0.49880333719046993,0.4896584089881162,0.4401866154689516,0.503806144138883,0.3917633909281031,0.3071510963204458,0.2987191599002215,0.21706637169071577,0.16338956906316746,0.17236617962587553,0.14328153365418048,0.1366527166358253,0.1714480601298322,0.1331200595765075,0.12772005634522077,0.1765314967464921,0.2030628291832788,0.18357640579110032
0.8232485610070474,0.7302404360780876,0.7851742747986328,0.6886608121475857,0.7879423804045323,0.570505384472576,0.7525898231066294,0.47421127812780717,0.48239203216129206,0.4219028570702898,0.33453831546070034,0.4441834174193778,0.461295359413113,0.28691001914965664,0.4946388827232268,0.2990274251331129,0.49548342706875736,0.4513907413389062,0.48974425865467147,0.506271758395854,0.526853501859213,0.4816546370026327,0.586122389054993,0.5769912902295606,0.4654942738855165,0.5128472457331035,0.5579401123919887,0.4088608292633012,0.3475665848196448,0.3209927237444411,0.31100736462760736,0.23514017497855416,0.19072940261140925,0.21370070242218808,0.10416116723464414,0.17044568458735077,0.0988854953624458,0.20842973492987377,0.14392937286530968,0.21384584757113168,0.15764919040326703,0.19572230106788202
0.8220784679380085,0.7371603221893293,0.7818642389287839,0.8196822080365374,0.8130313511208052,0.5244554067725794,0.6377317330882704,0.5244118621177135,0.5562176615240174,0.5461321637768839,0.2925872999404648,0.493399939107757,0.30427260840339404,0.434557727097955,0.2868222066093431,0.35451109963436384,0.3951524250702649,0.516719850216381,0.42710287966964133,0.5188438248299315,0.4485123412476766,0.6405141434316187,0.6193996628531219,0.6286193663080486,0.5241112160044985,0.46947546869063633,0.42711364687634334,0.48592857935179845,0.37777402179863473,0.3854015965617387,0.33659571592577014,0.23705322260117972,0.31638276318032005,0.17766403741110826,0.23933908156910794,0.17442520423008015,0.13603240680233072,0.11643269646741056,0.09194980508431701,0.2717897695069904,0.2301966991738462,0.18788233482589015
-0.2754878227114218,-0.3377886652893447,-0.34027009059406094,-0.2645681858826585,-0.37531723581826426,-0.35415930145346086,-0.2261259688075491,-0.326332213078971,-0.3814488175908092,-0.2231058837348965,-0.35042395198855336,-0.38944431831767096,-0.37857740371775256,-0.3555799377771652,-0.2579872111972473,-0.2711878704512142,-0.3450299697080389,-0.25683881564043465,-0.4000925715979195,-0.4198818452557045,-0.2583395234163574,-0.35436501935066317,-0.3410479443349023,-0.34033364840876457,-0.33415259763151356,-0.33673952251466877,-0.3054299291997516,-0.2545589362207523,-0.24443316740200685,-0.41665194861723015,-0.2912788822261838,-0.31713318899235043,-0.27727739124323414,-0.3304591800464783,-0.31792864104900154,-0.34564526308294435,-0.40143879257264464,-0.29782094839066364,-0.2710812970061979,-0.35481367726099294,-0.2998977882685147,-0.3749357133120337
-0.3901240467138087,-0.34295945098642805,-0.27403237772981875,-0.37011278299703015,-0.30247725878362053,-0.25840636575585446,-0.24377226072991764,-0.4012445657008274,-0.37614815618799535,-0.37122455374496255,-0.2483132172542459,-0.270627545967971,-0.37530064482692105,-0.31681195012648183,-0.38804223117589987,-0.291411231335758,-0.3504500716431017,-0.38363445864186513,-0.29637820398934894,-0.2403648815926816,-0.4169826746450557,-0.23562226673749911,-0.2879072170492653,-0.3436176634071728,-0.30444070765983144,-0.23794489823950354,-0.2905274689417724,-0.33885607520733546,-0.27274499521501366,-0.33596676913814577,-0.3602176766541658,-0.4188177714919706,-0.3675321108010059,-0.32361134452113205,-0.3944919941232275,-0.28443110275749256,-0.3165840944104907,-0.5241143022045847,-0.48322916737524046,-0.41305699874828333,-0.1660617418784192,-0.2708527996973103
-0.3990356514715091,-0.2491277291890265,-0.42063221367682274,-0.2527119127314558,-0.2777416397080597,-0.34699892539830757,-0.26731647307320333,-0.3932153213147756,-0.3107507657324712,-0.28947951948723155,-0.30194175944767043,-0.33423733350902657,-0.39985258543331487,-0.3696705633371924,-0.3495861972471196,-0.3615273944918084,-0.2594532076614215,-0.36563084460697404,-0.38739637588288267,-0.3719966455084711,-0.2871691821962775,-0.25211634771690405,-0.4008917939578332,-0.42861052116819903,-0.28892575827628636,-0.3663243861403006,-0.2619986726205557,-0.35906513980768423,-0.3385553326005451,-0.3153869511385786,-0.3696537146154786,-0.41099869688210805,-0.3244439941942745,-0.41666002606621905,-0.4278779694558559,-0.38072919790013954,-0.4003479632865272,-0.08206512181324074,-0.5772334314812979,-0.4450308735711937,-0.588945884334923,-0.3449013877023895
-0.34226686610758966,-0.3373647257181578,-0.2635596569619644,-0.41303320569311697,-0.2702002715826368,-0.38903605224990223,-0.26225228470243445,-0.3377395034518438,-0.4014040544210201,-0.3031257907574891,-0.27109891793927066,-0.326271188657178,-0.25654969482870144,-0.30031498745527235,-0.438130943728503,-0.3442269082210693,-0.37218174005744825,-0.42799759503881424,-0.3994968696515822,-0.3610133022895457,-0.3463004125709227,-0.30709100569645836,-0.2615936563756798,-0.4477202827226458,-0.2902671787210194,-0.4014329707527949,-0.439045744635089,-0.4513777000425834,-0.25755836773791724,-0.28752369065919753,-0.33577245234083836,-0.2550223994754863,-0.33070031058352994,-0.2889928739383845,-0.2977686413989252,-0.37825109990697214,-0.280102841635868,-0.278255546396882,-0.5442207823808006,-0.4843669207720914,-0.3543763769983301,-0.14833089674876943
-0.2737994683654986,-0.43398429324405574,-0.35871049020115975,-0.39582423047178394,-0.3787790589041183,-0.3908629108310703,-0.4054010599115769,-0.4441604327749714,-0.45844744130698695,-0.3432340303016701,-0.41307702846628724,-0.2699577692683579,-0.3059815950975897,-0.40438079583529246,-0.42437290649770104,-0.3903592660687908,-0.4599657074678384,-0.36808732775379693,-0.45313317207999615,-0.3276595488124485,-0.2953115559857666,-0.32361468662637116,-0.4463566087174557,-0.26930222807941184,-0.3259876343811691,-0.35412821522713195,-0.29725626057290766,-0.26835052213867006,-0.27725812720118337,-0.3700973641363832,-0.4455004063617476,-0.3166032408149638,-0.36132041463168435,-0.35435204223988875,-0.36719138523546374,-0.45318830290931994,-0.4297830941865969,-0.22292908429559483,-0.30266226938932295,-0.5188936278100151,-0.546715233523842,-0.4539464563703335
-0.31408171384412126,-0.31281016332234657,-0.4664054494481558,-0.28607310599377345,-0.4623174950677986,-0.34225052886952606,-0.35371680500364666,-0.4570226907023898,-0.30148856261476287,-0.337066154984615,-0.3869071311579813,-0.46414105596985156,-0.43808714930288334,-0.2801125184902212,-0.43809094775009866,-0.3515522105907898,-0.4435594040198856,-0.41498722218046485,-0.3191431757995086,-0.421772680948735,-0.4073630810031948,-0.40211161621343017,-0.4158501071034922,-0.28829494607086426,-0.38515662819061963,-0.33212994845640187,-0.42568942603446064,-0.31880097208270447,-0.35274938018140006,-0.37403313925624776,-0.3796178302993044,-0.38869463631790285,-0.2965199856769805,-0.32464976525457606,-0.33077263090572817,-0.3938737790623319,-0.2905702553848182,-0.2037992735915844,-0.07592898441304786,-0.13646686001370373,-0.26416477061690075,-0.131597778537106
-0.4515301315479976,-0.3700279042686415,-0.4375356708663678,-0.3073965426076827,-0.3688078821004521,-0.4778359284715989,-0.45751562709356336,-0.4591591252585564,-0.37505523226560367,-0.3985807974128127,-0.3113781002264076,-0.45217656937461914,-0.27797786621692777,-0.40864138194239025,-0.4334362943588508,-0.4258110433376399,-0.4298441267893406,-0.2885354399622332,-0.31967599621701065,-0.4253932824251587,-0.35839020221311746,-0.35132998363360085,-0.3816255766674461,-0.3711347599156327,-0.44178048509463136,-0.2956911921605475,-0.32856535166173534,-0.41999557343378846,-0.2952350549101124,-0.4300775541130868,-0.45573325382319874,-0.42161378093875207,-0.2830497132638168,-0.3872985718181577,-0.3950696823471543,-0.3424225608258398,-0.39290989530472104,-0.5359098400174692,-0.1826583310010061,-0.5831517271532932,-0.044912472147673466,-0.5343831943432966
