gfs-wave-data.json
{"header": {"parameterCategory":2,"parameterNumber":2,"dx":2.5,"dy":2.5,"nx":144,"ny":73,"la1":90.0,"la2":-90.0,"lo1":0.0,"lo2":357.5}, "data":
[rows 36 to 53 of 73, columns 84 to 125 of 144]
-0.8009705708224585,-0.5869816597661067,-0.6401652339879731,-0.5517245605723865,-0.6811550262845439,-0.9962971902058873,-0.8323001413941082,-1.1785585730223411,-1.0539054554346134,-1.1156027484984465,-1.2159112923220086,-1.1332936817190133,-1.2177729606048886,-1.0451645759418033,-1.112365760022035,-1.0901559209090401,-0.9106712162174315,-0.8619499404286017,-0.6346578271025007,-0.6815143437085156,-0.562705029013058,-0.42921412723271213,-0.44748704962563035,-0.4413999939627623,-0.41517361682440956,-0.36453515981969176,-0.2864242204543809,-0.46052504260892835,-0.35432698720959954,-0.520477703418534,-0.44381525716700315,-0.4739893686956538,-0.529359225356635,-0.4912264354239685,-0.44783327315612614,-0.401399135857079,-0.4068670001209609,-0.49697689667438033,-0.48748172998644285,-0.4076678484081287,-0.42679545534700225,-0.32278964075413674
-0.4906340152473269,-0.48445732184355217,-0.7500781823343207,-0.8531694457681835,-0.6900795234142413,-0.9770582459555412,-0.9283326969924321,-0.8962237846274655,-1.1196218026048546,-1.1286088922916795,-1.0776378031790568,-1.1022034895571524,-1.2200531000050698,-1.0956867526907743,-1.0924416307319915,-0.9851194171431338,-0.8890301744268797,-0.6996934768298995,-0.8471578655335302,-0.7239650875868952,-0.49492550609632857,-0.5783133747570601,-0.45949409413419645,-0.330990142357582,-0.4253069698447969,-0.3568584831310087,-0.45871096875930906,-0.3235790434790302,-0.425143878089545,-0.3577388596031834,-0.43564938036395096,-0.3852455843087771,-0.44399630704775134,-0.4207046743421826,-0.5864231460827871,-0.49456006664068947,-0.5233818998657424,-0.47203127984100823,-0.36580039404531384,-0.3640361051631063,-0.3572584386148672,-0.3034798047352254
-0.428730954010356,-0.6297953307222856,-0.5180749526044035,-0.825381518078718,-0.5720772818451311,-0.7202969683353688,-0.7730514713449086,-0.9843167968759328,-0.8556289935678131,-1.0669660986309135,-1.083361403647258,-1.1686025646499227,-1.155176437887432,-1.1755144884378246,-1.0406020046703701,-1.0008675272300749,-0.8512885940595034,-0.8222417283355264,-0.7409058822654656,-0.4991333326726861,-0.4666178687952704,-0.4588952892437036,-0.4059458237883697,-0.3772688771065992,-0.4179824292388507,-0.34652900436860407,-0.340452601257502,-0.39572507511998894,-0.44171057401977465,-0.3879598084570903,-0.5569522175324559,-0.3823706151102422,-0.4510436583245225,-0.4941557255136802,-0.37857970434175947,-0.381112075786603,-0.5330842610292682,-0.34774514093760184,-0.37139636308659096,-0.3052049022427785,-0.39717621531771696,-0.3195289272091104
-0.5483297986616719,-0.43168097196247357,-0.7808027536238134,-0.7572883815064961,-0.5626878764103612,-0.6482892588529974,-0.8719729621948821,-0.977182477868713,-1.0666989902368393,-0.9700262942417928,-1.1997881564151731,-1.1031989580943502,-1.1486027294865349,-1.0498196384299219,-1.0216353510799863,-0.95044344931544,-0.7695574529629234,-0.7320338575334984,-0.7426448943033235,-0.7562887003303199,-0.5043206590618503,-0.6349331110787136,-0.39818369541890425,-0.3013699216597182,-0.2852422175142579,-0.2596470953775351,-0.3567127240363114,-0.3337420742557424,-0.513863073562264,-0.351769830420761,-0.4856198528786812,-0.38121363915031325,-0.5881975063331211,-0.4750150142131957,-0.4272757017873124,-0.41398971946623686,-0.340921633688592,-0.485414485841347,-0.4498207359863087,-0.3413875843647098,-0.2989844487043718,-0.2967611131509495
-0.5409192941028315,-0.4268437244412533,-0.6211655739043178,-0.5399904561505439,-0.8201693562284779,-0.7115548439960837,-0.853307900368658,-1.0501661829551014,-1.0115968517026606,-1.1031670125375608,-1.0709053592775184,-1.094776239750832,-1.1295215293423762,-1.157193797208641,-1.0531000947184002,-0.9369112012221122,-0.8418271816695242,-0.7972919726673472,-0.6884145554685263,-0.4880011790847657,-0.5369281554850217,-0.4362567617381348,-0.3636761115080343,-0.5074171336676593,-0.43371959727359316,-0.30990111973613726,-0.3337172271156858,-0.3270505633836512,-0.35730302682731024,-0.4393998680126757,-0.5280092309260728,-0.4406686798921017,-0.5693491075257183,-0.4096499043471773,-0.45776884550129704,-0.44222789032472704,-0.4107578825603864,-0.42574217389789304,-0.4237204910581558,-0.29923426316535506,-0.2964348477428121,-0.2930121737444083
-0.6096823080259317,-0.41934323151703295,-0.6787657337038905,-0.4997420590824526,-0.5781874254035335,-0.7615455157498603,-0.6781000031655339,-0.8179508669435707,-0.9996174598945766,-1.1385482331790273,-1.0858963085138038,-1.1381619084136567,-1.1454745112422748,-1.1434505845115446,-1.1492450109411632,-0.9201131625553062,-0.9524179631867545,-0.7580133741202222,-0.7613059873762752,-0.5600426971754091,-0.5628132331030627,-0.5784215194243087,-0.32812388886557026,-0.4207641770590687,-0.3477192911556843,-0.3971813665811374,-0.40389915938498533,-0.3180551879613801,-0.44566660953041776,-0.3346563944909581,-0.31967604746118533,-0.4390765899313398,-0.3840926717794283,-0.43215991098401385,-0.4905312658228532,-0.49788376407630724,-0.46776266916867143,-0.38737490069061437,-0.4067704137867248,-0.39626634847454933,-0.3239278061971663,-0.3485727504440122
-0.010085480119204982,-0.04539850717638272,-0.03655031937057811,0.02919354929924923,-0.020989876073641514,0.025797192785733045,-0.012889996413821688,0.05532358624556766,0.04360602582778506,-0.02086796024541468,-0.02112198844009095,0.02758676577668863,-0.015742377499479564,-0.03301664300612418,0.019780477203196273,0.013299870784687392,-0.033114003327496734,0.010239017090188117,0.005637788551219653,0.03848094418902794,-0.0016587265110756106,-0.007749081544926129,-0.02031743316029248,0.005807887501122882,-0.017208901264852368,0.0121357725380686,-0.02963536843083292,-0.028017995076441378,-0.006146458231520121,-0.010129491360471,-0.028469979008985187,-0.017161179092412583,-0.020833928362926944,0.01545390668600828,0.018521873998529864,0.02190767425197787,-0.0024235964323374992,-0.019654384254788448,0.04561788964127666,0.023332354954020914,0.0011716249690808078,0.011103974870926
-0.9794520454613288,-1.1429817281467576,-1.1835899167501491,-1.0915510963434782,-0.9796943058007463,-0.9881381763724516,-0.9633097544431591,-1.1197444999219832,-0.9572792260250681,-1.0324868024718852,-1.1100476458243635,-1.0223363518885689,-0.9206756589730487,-0.9679816793331469,-0.9478207363144724,-0.880706702965238,-0.944884844211028,-0.8974164491295213,-0.8148275682861853,-0.7648919136203256,-0.7799566734354031,-0.8743896365483864,-0.8535388390667006,-0.8345430084817714,-0.8291382107799827,-0.7198795642586496,-0.7738123696890977,-0.794899233112311,-0.8244114978010343,-0.7337753237015193,-0.6491309643431458,-0.8218218345026754,-0.6795696727457428,-0.6861846787824625,-0.7704925951916639,-0.8276386770791005,-0.7907697908703633,-0.7039819855276653,-0.6565023818635003,-0.683736582875447,-0.6476157965729327,-0.8070443714755549
-1.0139309739731122,-0.9909753574159414,-0.9452066435856239,-1.0242482595854794,-1.0249535979560982,-0.9955736560213913,-1.0448708616748021,-1.0547657644848742,-0.9298959447728236,-0.9659042895993906,-1.0032435470971761,-0.952868730466504,-0.9937562666258519,-0.9627865973313878,-0.9400537343546957,-0.8532489357694826,-0.9024974549894986,-0.9142783308475677,-0.8263276476487577,-0.8576985870510407,-0.7543723520003058,-0.8619617911188259,-0.6905846762352159,-0.7695332854710888,-0.8258728629555513,-0.7516244060901522,-0.773177885286238,-0.6772366649769536,-0.8080352907371842,-0.6918134065976702,-0.6474095378054828,-0.796704979150411,-0.6337588811260436,-0.7519258630242758,-0.5920179684798484,-0.7735519405355881,-0.6631467094775523,-0.6076184932204752,-0.66957802528232,-0.7405418979575779,-0.7255500267534759,-0.6630824471808386
-1.1659949382683064,-0.9596901799280438,-1.1216491108177535,-1.1431501480395883,-1.027612182575094,-1.0028227183305887,-1.0083772381886886,-0.9568128830119655,-0.8814774665049894,-0.9163669710626036,-0.992220907512931,-1.0552852423888397,-0.8456365171350056,-0.8800446227487745,-0.8817453289224473,-0.9797994599789851,-0.7890376326052659,-0.9014446718728593,-0.7357979676699801,-0.8407670344942424,-0.7176175935053295,-0.8729744598209914,-0.8569482412614378,-0.7980362123117636,-0.8538022669581261,-0.8154513966710782,-0.71357412543541,-0.7986149524500087,-0.7998549411275454,-0.729446897683141,-0.6594830476332809,-0.6249582073158518,-0.6412355638712466,-0.6363997177228959,-0.6272635108548975,-0.6921472564828154,-0.7692894775138105,-0.7691388736753911,-0.6199822014180609,-0.636938832105407,-0.7348229829688414,-0.6386093674573611
-1.1512419083282415,-1.0155156574458823,-1.0060264044730938,-1.1273020940947502,-0.9579562267660018,-1.0186186565266555,-0.9181737798510111,-0.9222769534908236,-0.867800390752051,-0.8472721604654173,-0.8957439379307423,-0.9057026851018533,-0.9932796696776376,-0.9984234840551962,-0.845942181461627,-0.9189256230213123,-0.9056934413126303,-0.7497253596761935,-0.776514454738042,-0.9366171469119543,-0.7900906529028772,-0.8446234063577697,-0.7262566245517068,-0.7194423542766958,-0.6785905298786652,-0.7248969241602502,-0.8268628304809118,-0.737992772730088,-0.7612330692248991,-0.6317632858101837,-0.7215842007552483,-0.7412555733389007,-0.623368363810138,-0.6731985807676876,-0.6367959182358803,-0.6347006206359045,-0.7316536430452535,-0.6201490059817405,-0.7581347626885051,-0.7277675266926006,-0.7890309079238486,-0.7152420709790244
-1.0145281298192261,-1.1388077125686997,-1.1259466540633498,-0.9855932726220354,-1.0947711161975076,-0.963844551049756,-0.8817743523874244,-1.065749908751355,-0.9304885006211537,-1.0456030715967248,-0.9054607796031259,-0.9669712509747523,-0.9031984490599926,-0.9340314633574248,-0.8978290200598738,-0.9237609931293345,-0.9306564253439251,-0.9073552312510462,-0.9392725243901828,-0.7879135371523556,-0.7833693273106007,-0.7812410643539525,-0.6909640302548737,-0.7930222742616296,-0.7051333805452819,-0.7356437775794926,-0.6505898132705393,-0.8229144245627324,-0.7615468735270767,-0.678680895869737,-0.7369919210831982,-0.6189278413761511,-0.7174035155248302,-0.6016792269804605,-0.670015295369566,-0.5834704233442387,-0.7333178512314747,-0.5778295890109068,-0.668198970179172,-0.6301335115541227,-0.6611395571353653,-0.7105847416600883
0.011567328789797354,0.004889343718490106,0.032451013120700124,-0.0022060006620217222,-0.014175695985001317,-0.006945436847326215,0.028967584434325375,0.004985392177731189,-0.02856561923508053,0.0044792218181257185,-0.011236991356022656,-0.00914502518862216,-0.04117495012467163,0.03209830498490224,0.003020329664321417,0.012954178592376213,0.018343477455477347,-0.023323854227895995,0.022200927996420157,0.021714637249719265,-0.0004354245800625528,0.000146740355851916,0.003638128519846566,0.01556693766765502,0.00571073502562022,-0.015759216081085606,-0.03496600735302366,-0.03914696171188455,-0.01138098941373545,0.010306660582678892,-0.0025149788947426283,0.0018617929723053748,0.0061723363093282805,-0.011064143736713735,0.006857656800038511,0.013176258933745345,0.024755637109267425,-0.013495870646466493,-0.0023535601983666844,0.0064647743206361595,0.018128649147706757,0.002594465744210118
0.7778659898489418,0.6938860036697323,0.7847886792692685,0.6579050375251737,0.7016478735946755,0.6909507682746714,0.6755298812343735,0.6308696234174013,0.5963533491750959,0.73711254919244,0.7116201468643651,0.5653156158571316,0.6399354264513413,0.7268368915697182,0.7219347787340448,0.6448894791680176,0.6931090291424717,0.6888594251789685,0.7095982715642325,0.772555357227081,0.8005575505666693,0.8226265526633326,0.8084912830782215,0.9576340169911992,0.8232942711332997,0.8064393536881863,0.8076251353775618,0.8867071786397684,0.9342414659545341,0.9682366947854776,1.0535105371064526,0.9359099251197182,1.0685221965485652,1.049956195083056,0.9386889324570478,0.9120261634184417,1.0697050338419711,1.1908745689623446,1.0661705498411036,1.1386470438073089,1.0821985842510626,1.124716364177231
0.9032141085707366,0.8095825990132531,0.7096620238418524,0.7529664229682221,0.6267871305593703,0.7150973447640533,0.6508939407333398,0.6515086150875518,0.73003166161992,0.6954254100467689,0.7152893496850679,0.7381303724342752,0.7284549248514641,0.6921767635766826,0.6260677099030987,0.6898027754342447,0.6637747305510893,0.7751860187657443,0.6991274797034469,0.757965087385311,0.846176048530541,0.7656440011273475,0.8114876810854308,0.8683551427761458,0.8935189082511744,0.8843583106234717,0.7947771122334012,0.9207482268507708,1.0395033739387367,0.9224220049331924,1.0008892367471907,1.038225427555402,0.9652691225063438,0.9884552332932557,1.1338876550720765,0.9968709393709637,0.9417971831110175,1.0734423071929924,0.9803886679235037,1.0236803249219788,1.2589961206851716,1.0598474512135634
0.7323175452555887,0.8330768237320694,0.7275289552640438,0.7171311364747787,0.657449390949701,0.7733998459164275,0.752519140048879,0.7221489024405489,0.7444350005427497,0.7112907128339288,0.669918041579862,0.6954579471343829,0.6560033232162824,0.6971832950507105,0.5861641080025884,0.763201678061699,0.7460838257918894,0.6639608811459531,0.6673489336027518,0.691970984311908,0.72048343789962,0.7940410964105544,0.7708316757880805,0.8540864981320381,0.7728770655316697,0.8174608576699399,0.8676671773717409,0.9753877251998335,0.8913648556856192,1.0182379662023173,0.9333590775091728,0.8334951330435434,0.8595111427014912,1.082255608893799,1.0518794105253553,0.9660805126776687,1.160856904885866,1.0309082696967933,1.080029055716462,1.0479617531800194,1.2209437210999796,0.973614267508489
0.01353772182269761,-0.027191321981229484,-0.00568702127300957,-0.0219932371730521,-0.02059391228109032,0.01351066674400487,-0.009781367648880209,-0.005372240850251135,-0.009774580807372295,-0.008819654514488972,0.0013298535116356787,0.006322127979943634,-0.02741373115267323,0.024663981531345414,0.0027528284971345606,0.007225383265627974,-0.028677745989460688,0.002404663245130742,-0.0008382520468637314,-0.003970170349890879,-0.025929757727824732,0.0017501853090487016,-0.025593927100337217,-0.00882744445534373,0.005821624733181991,-0.008038099547188756,0.029992445659170537,-0.0021473274395454,-0.0007060172972286436,0.0010053982510126033,0.034241878902681384,0.009061709754445299,-0.008521643966944648,0.008474474618091291,0.02775075408745598,-0.013454624809421386,0.0002806382454377002,0.0018973213255909567,-0.007830436673136584,0.005237014874227402,-0.013064901270971513,0.006895403896395657
1.4251294079948977,1.3044860728921286,1.302468323749009,1.3143095019625604,1.3827971144155937,1.0961742146190017,1.1306371974349678,1.1910636514980915,1.177519961908013,1.104000643402413,1.026402297922754,1.0269018626238344,1.1025292187702773,1.0880993815023063,1.1571082846035987,1.087380951832123,1.1002550826874462,1.0987221248231576,1.103884744691412,1.2071990625493323,1.030873899301444,1.094350239657138,1.1804949428239362,1.054438734636846,1.0745262848742343,1.182035454728209,1.0202378769867475,1.2304793888032401,1.1040502833107937,1.0889090076310748,1.1539534767895794,1.058964545641879,1.0327385477225635,0.9669852991438479,1.0055686335033895,1.0090274567520674,1.0643829851611946,1.1217814942013329,1.1050041578315242,1.0074783577861826,1.160481190882089,1.037220723443639
