gfs-wave-data.json
{"header": {"parameterCategory":2,"parameterNumber":3,"dx":2.5,"dy":2.5,"nx":144,"ny":73,"la1":90.0,"la2":-90.0,"lo1":0.0,"lo2":357.5}, "data":
[rows 0 to 18 of 73, columns 84 to 125 of 144]
0.5642178337304945,0.6379344373243278,0.5410005982633354,0.5979638836697232,0.518665282772117,0.44614251987540327,0.32546047695983343,0.41575632352233105,0.35602356291730053,0.2621957529088397,0.317102783135726,0.2596356128368819,0.3542368665143691,0.22327254934871743,0.3053211962581916,0.2935049148281435,0.27797799898322145,0.42711257791372664,0.30335086582515003,0.3909529496816932,0.3669813378341876,0.32291847634377646,0.34753611892837866,0.2829315058914489,0.4432536638263384,0.31518011162208254,0.31507866713568344,0.22102504240751836,0.2828909546908276,0.22283904827266007,0.13632494407309928,0.22399093024518138,0.1302276586534098,0.1527183022403327,0.03469470737322069,0.0663747460697601,0.029852722356194145,0.1083642158710182,0.019258025008273335,0.013593125448979703,0.02094319031955533,0.10239579031515733
0.5246514036904315,0.5125311318442541,0.4936885745466178,0.5036421988475981,0.5115475924064682,0.49986069689022683,0.4501734881734672,0.4641156957478559,0.3197890804973267,0.2626620833975134,0.30267574824503,0.19771131100407016,0.20020355931070233,0.3869760374313054,0.2186989802098662,0.2350264580386616,0.3723515799996407,0.2980423397907415,0.3166149351426949,0.36066347431846324,0.4758827727643274,0.37026781522119967,0.3494286910199043,0.3676418550780496,0.2970445302410481,0.37953362411835484,0.2304876267016776,0.2876323872238039,0.18485700171908365,0.17346439607851616,0.18778515936069684,0.08118315842108378,0.09821155577877334,0.108386966515068,0.09329074215037067,0.06673336656821172,0.05114555710084429,0.011023193294538937,0.09496501306299913,0.0692676498897412,0.06848929271847766,0.09594530754419604
0.4682343568037162,0.5499026965435099,0.5187780198021125,0.5036007673403143,0.6436140824484606,0.551336518864605,0.4343313230470815,0.41357766932872375,0.3347577934199695,0.35521509676479873,0.3300481818783052,0.26159783296704864,0.17055023549329423,0.2609776439650235,0.3159279089238961,0.4116960633430209,0.33555748628141074,0.2835943729144621,0.30730734661668163,0.3382120457473869,0.3561440119990172,0.448071499445201,0.40253251563534526,0.29923237682353043,0.3850796633252156,0.3098628383915371,0.3968994858487515,0.25204358552456874,0.24556631965256376,0.17560483234374694,0.17292514141194482,0.12263048364403621,0.1704202854535832,0.05353073838391118,0.09506800407116119,0.07489139877899181,0.05425143301050525,0.13949535692159198,0.09716462558287296,0.08529881252899957,0.11796139914473477,0.08578777423893358
0.5145760541910955,0.6314563560801364,0.5548061097908563,0.4713150439261307,0.5134603648285427,0.5401780285367721,0.41680272697912496,0.38407967954525013,0.29454893256127535,0.2860385701355831,0.4135724981916874,0.32380124739026683,0.3056825779348805,0.2735126706039959,0.2584824865076903,0.3421823039464221,0.3895212037797572,0.4090868435220748,0.3838997013101749,0.3101327803279854,0.3982109069645276,0.4017957574327139,0.4045814132090054,0.363253278035575,0.2886042199742351,0.3616493645432992,0.2318295848598969,0.30489044893206946,0.1736393347531896,0.2232508405379966,0.13949892935572342,0.12576278146500017,0.12769483683410446,0.176320106806904,0.05934188457468878,0.09148216406306943,0.08700621691386602,0.016391136601459504,0.1273602579852909,0.09210748716949747,0.1085025080478847,0.05186341862044629
0.5279935682907272,0.6276598038054743,0.4749851003332256,0.5463752735470324,0.6087957187207831,0.47995740421573757,0.3796957540537844,0.3503703620329898,0.3443876882584727,0.26217827820463346,0.3523607633831389,0.39654980050836086,0.38580904834461655,0.27600498491922637,0.245577733161105,0.3124950532117699,0.3171676658361789,0.33332339927995114,0.4453203486945643,0.3271054190376407,0.347958913425638,0.4185966896532504,0.4867675625562438,0.32379998980265884,0.30881903826677165,0.24828955029542202,0.29884922343477327,0.2166109818266781,0.2330107820485389,0.21040538019001256,0.2061869241155315,0.14673306043709627,0.14796165506980066,0.06876269275270042,0.07702009446020996,0.04476700433988994,0.14584136094418357,0.06640843066250748,0.02651929167928039,0.04245862086487637,0.054991823335268614,0.034739117356008736
0.4987655015045195,0.4800636733860497,0.5932468602687533,0.6215207128945051,0.5400456321003588,0.376375264406019,0.39990275799957387,0.35025571442753767,0.4062063787974491,0.42724977631428585,0.2888032367128014,0.38547039214018686,0.31531171772818006,0.31466287090600314,0.2268968321884155,0.3346915370015293,0.33701525547678723,0.2673397936157826,0.3815297736827403,0.30542129512536564,0.4559413395742636,0.4088375983426649,0.4669828532367383,0.38641476204201375,0.3875585714137974,0.4193210856040303,0.26935748312578517,0.1931309034855929,0.2535220014812492,0.25501899921126253,0.23796693096713561,0.11827363807863832,0.11489633977157943,0.06589155495730038,0.09056110281100341,0.05709502978255396,0.09769520470521473,0.07375185832892972,0.08964484962809531,0.05142851753962402,0.14896556125349944,0.08033769783437918
0.5083158891663394,0.6780900723394903,0.6195652331633292,0.537135055876789,0.6460266701360459,0.509085593565678,0.42016547601410925,0.4623473108176372,0.33485397612321577,0.2999615540022768,0.21933985564563738,0.442994650340681,0.22917189887424086,0.4027467863153559,0.2949478129441933,0.26548431616791873,0.2483534425078514,0.24786672475873342,0.3958069275320556,0.43396740964510055,0.39150316063199053,0.36607791775519516,0.4521287855050878,0.336072743031141,0.4227946873839092,0.38206676595607636,0.36710190174674595,0.3045120737433785,0.3241494126588168,0.24287698624602436,0.18829305977663882,0.10450437822391301,0.12659842920709052,0.08688326776734114,0.11260078184033577,0.14176033957562548,0.038388431346097575,0.10174912664664239,0.02507315691923445,0.12841549756553597,0.059195860718938426,0.02897000546719975
0.5686601361989165,0.5128901957101003,0.6580965917950574,0.6093659817670407,0.6201718400040904,0.4049125676564984,0.5481663124649836,0.35120697136585105,0.3534141367150623,0.30581289357568403,0.2683462352857632,0.3725167310373126,0.2763792647875066,0.27813228759208164,0.3493397481439857,0.21508952158675515,0.26996076128344215,0.33425684729180744,0.3855174740429428,0.3352545540503313,0.3148476694148739,0.4440796919103259,0.33103931577346557,0.403104609207067,0.2932823724111511,0.26144765086204613,0.24154699437651272,0.39816794489448926,0.2146349777366567,0.1469661452807019,0.17625219965621047,0.18327034534508066,0.12958007052598994,0.12561124597688778,0.11763461123280772,0.049563013791142536,0.023243148699385357,0.06686955152055779,0.05276540367494972,0.12487898752081192,0.07841064796522823,0.07057828391423443
0.5380754420950712,0.6329162120457935,0.653062424418456,0.46691751948077576,0.4268902087086824,0.4842714367256525,0.3893985353958497,0.41525830877999764,0.35669292113425466,0.37917401136974804,0.41307842522983534,0.416781259388672,0.3519383208043625,0.3139476378566705,0.3280895414627629,0.3615175013574125,0.28785163570840955,0.294201205417825,0.35973734929960705,0.3696256281413895,0.5307095230548616,0.3093144998990775,0.4616154744043798,0.4567236312883554,0.3328045137718328,0.3543959799302916,0.32153442269275456,0.2882592920091017,0.33017553282104917,0.1437744983562433,0.14830035529230576,0.11856268251206221,0.1546033974208573,0.14051054907453184,0.0757439667258722,0.044951083626239806,0.08992688243252166,0.034859539532388566,0.0972224406487104,0.1018622498593958,0.06319148455387541,0.12290694598882805
0.6522783531807116,0.545865461146872,0.6747251918813432,0.5962714144078154,0.5326054979468533,0.50104337968175,0.4990067591874757,0.3889376336444539,0.3058533635842496,0.3664587590087191,0.36289619078151686,0.24898029963548482,0.2716796282223431,0.2771534770034716,0.24859045192350815,0.412684546604408,0.340034409769159,0.40332726679738823,0.2941382586941742,0.5030646931424848,0.4730870447921387,0.41846714407733315,0.4408560129917546,0.3351443922259939,0.44267467930596854,0.29386665183570787,0.4103907972039181,0.341008119631951,0.27572823435241434,0.19103026463060424,0.15876380762065825,0.17409681956502257,0.11295578422528661,0.13623727755106263,0.04832149894047959,0.14579583411344496,0.06978289667223515,0.10000669116129962,0.11976730439898382,0.025781978744197503,0.1623026071035309,0.054403718292585376
0.580836555912951,0.5748657724600944,0.5384598078726435,0.6059625196228575,0.5673348314439541,0.3977036993049419,0.4448407372864583,0.4151994140010296,0.37844030078632157,0.4587114111457188,0.27904664517558847,0.33043226988441377,0.3872568252571269,0.3874548422827599,0.3027692707436,0.35518331849558116,0.2704294821964788,0.36634495969636705,0.34780452618487584,0.3090843199582563,0.4817131582738631,0.34409854384689126,0.36120170131857493,0.36432677606199243,0.3665702227346824,0.4366525476202212,0.4324733565595785,0.3247879173681146,0.22564928915241503,0.29604725563028744,0.22918483743488205,0.27160941507890163,0.13030020874744078,0.0956076933638,0.1019328892349954,0.048668446058538276,0.10179607485872351,0.04994809404260476,0.041338305013742874,0.056771262118956715,0.08617770540711286,0.1855638443095771
0.5957202814421334,0.7012148411462987,0.5273880908661323,0.5291609150811875,0.5222598286088175,0.658000387539911,0.4045674014464179,0.4168540487811077,0.2817281922452105,0.5065378689835951,0.3660783968736556,0.3474353042666698,0.2190324553140809,0.28546641151272395,0.3219704845224149,0.3524696968739692,0.3516086994709218,0.43296943881285077,0.37718524911967666,0.4425455208613956,0.4193273634673385,0.36487475961903304,0.3843360868932321,0.4371627408943712,0.47681172049187215,0.368547146264837,0.31932164374409056,0.3361793795897134,0.2841021317177499,0.2319863029996616,0.21451377094951637,0.18624814716984758,0.12862217396955805,0.1803021475775085,0.09480944025260848,0.09527152789118458,0.18356840423780033,0.1537170263823911,0.09972005695444018,0.08232475524242504,0.06960416683456908,0.13488114288990957
-0.08537209053992972,-0.24619438140588532,-0.25239051153612757,-0.134973214253912,-0.2364441117386455,-0.21425074595715193,-0.23335400572033263,-0.1050925766534056,-0.2609081355178835,-0.088474412107484,-0.13707215372819462,-0.14154872404838487,-0.21947176761530926,-0.10604555137416816,-0.17978053239236103,-0.1433767435126821,-0.2229180846895732,-0.25580717082869003,-0.27005075882605145,-0.09620874057279348,-0.2139495776826244,-0.1194615704300088,-0.20091247273893037,-0.09108132974389549,-0.1936776602085923,-0.2607957235877682,-0.2652760788892324,-0.14400937910909445,-0.22354897052461145,-0.19697168307158205,-0.16069747481737265,-0.2661811710713336,-0.18721599327871488,-0.2542366301121541,-0.25738895375896637,-0.1321293309695205,-0.25732736911630444,-0.21575124179654231,-0.14393793731068444,-0.2035123369370995,-0.2544154654340341,-0.23558335978572564
-0.2676798378105319,-0.21445241567461568,-0.12569457851517182,-0.24719655839009766,-0.19088418541922994,-0.15078608501112614,-0.2690395223577704,-0.24853934294959357,-0.09849718252945555,-0.22421243356382925,-0.2655793395617567,-0.14005299767743395,-0.12199008796882285,-0.210849291857438,-0.09009360432343204,-0.2451712337723174,-0.273758072267525,-0.15431847496276455,-0.14430711454783185,-0.15475939790446297,-0.13416631141871138,-0.27020333828360477,-0.28147734694399673,-0.16955319782243639,-0.1451355708673259,-0.1572000418452148,-0.20483500723856343,-0.15890363856716858,-0.20279547038974,-0.24692496878928985,-0.25838731071415433,-0.199471987145292,-0.26652296412022,-0.1661911615871046,-0.12506962688636944,-0.27133375425215067,-0.1764064578664187,-0.8896962025659736,-0.7198863161158372,-0.6158994106255666,-0.6773612657587923,-0.7523658423770461
-0.2205396161228924,-0.17600067493969251,-0.15950558794516456,-0.1377554520741299,-0.12440308874695251,-0.2229654656698748,-0.26687349923750414,-0.18237697664101443,-0.29453851722577407,-0.11840476150402637,-0.22950550276657047,-0.23736956448637106,-0.12488970485119687,-0.22900181914103165,-0.15919034798460024,-0.24460612175141283,-0.14957740227011873,-0.10953284245708526,-0.19654637109645662,-0.13355388217743705,-0.1272170036649215,-0.26657560959504834,-0.27202455083079163,-0.28810170335907237,-0.29134335662719946,-0.0982039624081071,-0.28030733727274715,-0.18836372155144374,-0.195581756348066,-0.23274750414632486,-0.18559921394820966,-0.09861016131843621,-0.12758176397116977,-0.23281802986799374,-0.1354356045291167,-0.19697467469592686,-0.2530515793832309,-0.7915533888369257,-0.5545263147556301,-0.8107551822991909,-0.7232839525713454,-0.7662476821088394
-0.27599870147642586,-0.14020427179883116,-0.23054587123465406,-0.1842655985947378,-0.1156659116334918,-0.2721982901335427,-0.27814543993061935,-0.24563736824598179,-0.13936091846582246,-0.14300374589961173,-0.18217334862925752,-0.18521054231143652,-0.28722102606926075,-0.2776473241682559,-0.2806756682049961,-0.20418059422451532,-0.19489978598244045,-0.2821639451996787,-0.12100191776199977,-0.11220521322331027,-0.130283631424736,-0.19687378650997947,-0.1249068785497146,-0.2345258632176411,-0.27847283781337623,-0.13171496373396693,-0.27862200429160916,-0.11098601181646402,-0.17735827363412793,-0.17834914665575904,-0.1734309211105619,-0.2892455016708407,-0.29895721692849564,-0.27047698016706573,-0.16830882180475898,-0.12951717819529662,-0.17746649513777152,-0.8971320410704823,-0.5491595452044016,-0.5622087578520443,-0.6219758557210416,-0.6384743345335752
-0.25740169530115714,-0.24685860368457138,-0.18148044394765128,-0.31472691606340925,-0.3234172703665786,-0.1629345399688487,-0.18536772027972154,-0.23024465081583104,-0.23318910097753337,-0.2579421173413024,-0.23035915949165822,-0.31924503873655147,-0.22528135636615715,-0.13065904453146782,-0.14571270826834873,-0.2268163546461586,-0.13271554118166445,-0.23685446985227487,-0.26324201739504255,-0.32064403757971033,-0.31067609879744434,-0.30211757709704135,-0.3233319242209762,-0.165496621667662,-0.1401939482278107,-0.19051650792473593,-0.22402390357833624,-0.2885031617351219,-0.12627207530953122,-0.29748453655842244,-0.30331142722215615,-0.32071153064407104,-0.28500358680654875,-0.24624989920127593,-0.2609043325488305,-0.22582104636368275,-0.2936793948385438,-0.6728408341692078,-0.7362907513848295,-0.7352392954964795,-0.8814937984526452,-0.5718778451635866
-0.17066896818742033,-0.30642009986631186,-0.30209064184621753,-0.13731003802279998,-0.2554267982305268,-0.2701802857891983,-0.13893068107481243,-0.3286052087249336,-0.3091074918624166,-0.3265108347135991,-0.18813866051212075,-0.28747919114206777,-0.25012954200324394,-0.27293513449538853,-0.1591096836477127,-0.21304114139694522,-0.27020764722296353,-0.2300192441455256,-0.20038265506168285,-0.26653102296610554,-0.1981419261646622,-0.16011629188847484,-0.2425510407330547,-0.17217238669520604,-0.2431328107317533,-0.23976599872441587,-0.17583366399407316,-0.17362814241102686,-0.28756196740747225,-0.2586649733676275,-0.17813663351111067,-0.18388298459015798,-0.13853059043019597,-0.28168244376214935,-0.2593788267374146,-0.18300224929341272,-0.21088939353924507,-0.5945972721617605,-0.6310675577635289,-0.8188042144478896,-0.8878257486642998,-1.0616820576686359
-0.32880295884759053,-0.30671650870745887,-0.23348767605924606,-0.17940999337753952,-0.24478409485083003,-0.2266920219326182,-0.20081700962126942,-0.31206699020933104,-0.3122241072453073,-0.17077273447390803,-0.31647017349182494,-0.21495806714429885,-0.18164918663347404,-0.1786528756947007,-0.24871313919357255,-0.30677112283753843,-0.17325591243703478,-0.21704938733137458,-0.29246159104417185,-0.2607721841838291,-0.24499338240950475,-0.33474512432326153,-0.1593506352638908,-0.2839775450512615,-0.3484074706365812,-0.296541035771726,-0.25490936323591384,-0.2755194785771131,-0.17426133463321664,-0.3461568751109751,-0.15267847814913363,-0.21604719581690615,-0.14925916126538108,-0.2616622965763136,-0.18713907167091934,-0.15674255688762326,-0.3114125105000543,-0.9574625993953275,-0.9477080660063737,-0.8174634304808682,-0.593043243688712,-0.9880322070554478
