gfs-wave-data.json
{"header": {"parameterCategory":2,"parameterNumber":3,"dx":2.5,"dy":2.5,"nx":144,"ny":73,"la1":90.0,"la2":-90.0,"lo1":0.0,"lo2":357.5}, "data":
[rows 38 to 56 of 73, columns 84 to 125 of 144]
-0.7615887190108224,-0.7386646264379038,-0.7392755022367442,-0.82210615810947,-0.8108621922646253,-0.710315547567856,-0.6635599319969905,-0.5641912013735462,-0.5116916109247924,-0.38809489076276144,-0.1277841241980443,-0.2379803888681156,-0.049411334173193856,0.1495074883926499,0.2849936569173846,0.44763978104705177,0.4809724014246619,0.5343306483884224,0.6254256975893175,0.5802528850999725,0.5364245667632673,0.5773856446331221,0.6227675561596989,0.4899114279298164,0.5908132435619362,0.45886989297466335,0.39079705955567084,0.4076510804908813,0.4331420414002709,0.32522417866555153,0.19864628911667087,0.1416353183745211,0.19964497444654009,0.08917497109931721,0.02901118143071985,0.05109595191431249,0.011566419439441245,-0.040987595540978194,-0.11347060250137135,-0.0824916635756593,-0.06518921641242034,-0.1535611514398827
-0.8053706675246899,-0.7838341513592416,-0.8104994884056964,-0.716187209695821,-0.8031539928855947,-0.7946935388295818,-0.7315608477603501,-0.688318740608715,-0.6183636552197942,-0.3295551273174313,-0.20613673485881145,-0.2199014237427669,0.12436185722861895,0.021342194655308823,0.35137153633186746,0.382013776011956,0.3584689211367419,0.5211055512630925,0.5265300667901968,0.5280889531921933,0.6542445438284382,0.6985889604046809,0.5764099652745195,0.5978448473978747,0.4757632503327593,0.5403130056802317,0.4636414681922051,0.3726747702133499,0.44002037357234686,0.36973510098591783,0.27049321317481245,0.18629314287020576,0.1639949134851948,0.11409409580664188,0.0654908772793306,0.004062071352594824,-0.04051892726575447,-0.001075107675963201,-0.04943540574777728,-0.0884587679934255,-0.1264970374638913,-0.07326387182918444
-0.9178835112397455,-0.8663884824127672,-0.7560226581313892,-0.8293700094610852,-0.7721201621881402,-0.8339941746312425,-0.6978379710777969,-0.5613943905549745,-0.40121972116477517,-0.46225312039285515,-0.30606098953016614,-0.2900072789300683,0.14644191135827575,0.0035216937466429855,0.3376057478138311,0.5037873418052143,0.47028396656025817,0.3871132858473765,0.45336345549544466,0.6432917808751646,0.648754688437699,0.6261787781761832,0.6632578433118849,0.5400309292236407,0.6108287587168835,0.5540457011311782,0.4553752912386168,0.4499656141966536,0.3751787877914405,0.3195577158858203,0.3288913803865484,0.24898454428115355,0.27805658423827134,0.07190928263689159,0.062046702771176486,0.01269637278342648,0.027348899002089054,-0.03451782789262046,-0.09804814822119012,-0.07021018749254689,-0.11587560000479875,-0.09552637173242429
-0.8162688390142427,-0.7853072735802678,-0.9168273562818704,-0.6771574816966939,-0.8441285346549326,-0.6831064811434407,-0.6245750556479345,-0.43509478529865436,-0.6317682690299073,-0.277296343620806,-0.3016748706341143,-0.037227413379141525,-0.10987731303432376,0.20109800000881456,0.36164172576670484,0.2859143659925258,0.35591760037261744,0.3951025660277674,0.647191405511409,0.5164455329662453,0.4456287128985916,0.6143983516989261,0.46674107324063646,0.6901581387280843,0.5077484742911204,0.5523416888220387,0.5465176142663517,0.423768753226737,0.4662788545631354,0.24590783587653037,0.19265944882660171,0.27803085917714804,0.12070262470994765,0.09358503962771456,0.10940825061057444,0.060407516138697624,-0.027623287387452285,-0.03412793861782473,-0.0657486560383299,-0.051762828652032813,-0.11175096760493151,-0.13354443349892886
-0.03569116419006882,-0.14020994255226063,-0.08646338270498166,-0.10954659862357692,-0.09777492854354027,-0.04128743785769134,-0.07402280080432869,-0.06000512174137551,-0.16964998345711163,-0.14131643031981148,-0.19602195563044442,-0.031511963918420045,-0.14820564306032444,-0.027895788679726505,-0.16411883739739375,-0.1358789927768143,-0.05522124340144085,-0.03882394290430256,-0.20068140716062974,-0.05934797118414323,-0.09141651957218123,-0.07057251909089143,-0.1982248954213013,-0.036991488916255956,-0.17464358189010654,-0.10959814110181232,-0.034833078657901945,-0.17636451163381303,-0.0928777096841125,-0.2174213113236695,-0.18962603345303963,-0.08647790239157546,-0.18187870528746175,-0.20673939714996267,-0.0783344013952556,-0.1532777425998318,-0.09634249134641971,-0.03858682559813988,-0.053175788196190885,-0.06821986020608972,-0.16035276624237046,-0.02538253059405112
0.43267702619865167,0.34445449958906793,0.3992146752691474,0.4799911659199059,0.17382320674757604,0.2326459996333234,0.3931786558609598,0.3228838380070863,0.1346250403577822,0.17823426164864234,0.08361032863336348,0.17654482598266374,0.27433541436868764,0.08000625623855978,0.0527406772252062,0.282511480189187,0.08288886967524728,0.18217102929951742,0.15046775121330713,0.11763671756330123,0.11946411750522358,0.22828990313074846,0.1848626126867734,0.2649950019178302,0.18819968905549972,0.19939507739016868,0.00897301025778945,0.003669857739602669,0.051424467107265455,0.08280697030790123,0.16140425049607648,0.15561148479187503,0.10198524868519969,0.04733444541462798,0.2311919595363828,0.06464558525468551,0.16322652660368567,0.2099475819315831,0.104821925146506,0.281465892597418,0.24457763701476662,0.17598500413139567
0.37153880060083105,0.16139955428789454,0.38214036239848453,0.45455507989838617,0.3095875816207027,0.16128391205097853,0.35067972336009823,0.2739774705314156,0.3835504907445346,0.3608995151506677,0.17983118949379334,0.23343093306812276,0.1252101142201787,0.2655237040288086,0.21543900429826945,0.029925247425127175,0.12175114009256915,0.08676663477596827,0.1079995569750264,0.2530298178879246,0.10761210840227595,0.09837814613303356,0.07285356358912182,0.003965236283798234,0.07145032586108577,0.07876232894587094,0.14942911390147176,0.06799534745950511,0.06659872242379263,0.058685628511188345,0.2396115261432423,0.14270388174933346,0.1963838713190969,0.03486061712602899,0.056610068068035466,0.11858515082503028,0.18076174784090535,0.12724488198090056,0.0658561874828428,0.09238913619417614,0.2827967728524696,0.06520200614427493
0.21565319222966628,0.18155947772641748,0.39215616146555815,0.2709818778205849,0.310317443327351,0.4124616095133747,0.18366676438269458,0.3554265780490119,0.13263813163058083,0.19561483065380195,0.31448743235959054,0.27432209742740626,0.2435686692296776,0.13279613432871365,0.03789081535408214,0.1643045541850841,0.03175566548432738,0.2817275957720014,0.10409975913259582,0.24775115423045013,0.18372164363987512,0.04428828875110332,0.17171652458774406,0.0558134053346948,0.15327045099734599,0.027844586248563903,0.009098638407076387,0.21500452150262275,0.2007279648695234,0.1873245526126089,0.011153051905314647,0.21213022124159175,0.016940862357237598,0.08395289586150115,0.12640061392088772,0.27846035514991446,0.11198720170716032,0.1520718544533758,0.13908344208175757,0.20193424756303202,0.1806323026715645,0.19674575530806815
0.20777069200828452,0.32077858736485476,0.26488360652451937,0.47362041363393714,0.24338935708796597,0.2217633114989419,0.20891356026243735,0.1648413386462582,0.3154567958500791,0.15818604644329076,0.2531193659557052,0.3033764210551728,0.3685125187957679,0.20694117638682002,0.07438061301860618,0.1510410131850216,0.22610530632892345,0.24782875554879763,0.03675416244401949,0.23224249651833526,0.15380532213024423,0.13957161069346735,0.04876283916966334,0.21250973636114542,0.17425844339298868,0.15966972181058958,0.05948922114984881,0.23780803041818158,0.022396616380754013,0.1254506129632902,0.20420503620774666,0.240311807049441,0.14944942271216877,0.027331106629252165,0.11272351229876017,0.21241279729605803,0.1679486567353826,0.09995763348216503,0.12415127836526796,0.16048292847791,0.13826022820248945,0.27642147777625586
0.3404404180903179,0.2567821290588304,0.45081290275607283,0.20103325189754406,0.1515028459545533,0.13474077633303497,0.40922736885579264,0.34621143967027196,0.21399746274418743,0.2860952968227073,0.20037799445125448,0.30807004881766914,0.333824343154869,0.05470567531587769,0.2938692159237454,0.2757957654761641,0.1630334171092883,0.13525651472007277,0.0535399011114568,0.2577708355194995,0.10848530023177747,0.17607404725727444,0.16009987254443797,0.08684699669738423,0.16603123949499035,0.14674407061334693,0.1035298123682091,0.11860310964172077,0.11568685413270034,0.048191390938928436,0.06284681703453888,0.14880888219627111,0.17267053215878977,0.22856698998947902,0.1360527084478463,0.09188767575571616,0.1836812752482213,0.2667645363305761,0.22376937156548582,0.23344827399013343,0.26393359252424087,0.13368184318170295
-0.14174762799843163,-0.217587401756578,-0.2692006923547835,-0.2127513228836534,-0.09163193122765394,-0.2510661612122136,-0.1874235689216069,-0.2582493262055494,-0.25885664264932556,-0.09539967448692807,-0.24975232260801622,-0.1900274285257936,-0.21987510510747116,-0.2699074976893841,-0.1248760199127562,-0.21460319833552813,-0.17938415996778406,-0.19104617513363933,-0.15328348532314615,-0.15872163042356405,-0.0940523912071178,-0.2608956747081091,-0.14759306902889946,-0.2284604216057222,-0.08876100558975696,-0.23894165132067524,-0.09456047548856408,-0.16723607663846282,-0.19394296882212989,-0.0892733997167138,-0.1626240676332613,-0.2247299501478086,-0.21126669434554918,-0.2138934927222351,-0.14544620130341665,-0.2607122227996394,-0.110397077758606,-0.10470910260353936,-0.22152696279460685,-0.1465165783512254,-0.16447651547429687,-0.08796924717575613
-0.34558618149187453,-0.26701208655060044,-0.32959590105162867,-0.516599586776272,-0.4281359568048099,-0.4188673076250359,-0.5431878997510659,-0.3493593981319645,-0.4559326802428434,-0.3348651598405605,-0.2641042659033234,-0.4529652593110456,-0.2463472807035285,-0.4579344821739702,-0.35029965711938216,-0.2368520084548841,-0.20480029439827205,-0.36835137983829574,-0.14683745021058756,-0.07625301923454768,-0.23017175978354512,-0.08977706708514215,0.06031603762397986,0.036416622245109054,-0.06100853080722537,0.1398963481667367,-0.017745748691926314,0.18604335193019053,0.14699313040676756,0.055124017893063544,0.40173987827802293,0.3801248371040101,0.2719891145258757,0.37196550593585337,0.4022342802270318,0.6475576856798093,0.5351078499654666,0.6968225176557993,0.5312302660081295,0.5158407537258962,0.6742662259867539,0.586511104989108
-0.3495473261368485,-0.31125812065839775,-0.4879877519660975,-0.3620836349449287,-0.5010451916239564,-0.3280699522525721,-0.4148208787680046,-0.4990660288999538,-0.43544852070896267,-0.3349369552535096,-0.4431684080345642,-0.32621334554600245,-0.2950498248426557,-0.4212422588588638,-0.42463329254019927,-0.27924988614924434,-0.3410562088802862,-0.18934218454216162,-0.1362139073105535,-0.04861582696632411,-0.1899426829704048,-0.16197743669091075,-0.12725731976052637,-0.1561863315579233,0.0754910470243407,0.10327205404924363,0.20807777318634313,0.2770760122117058,0.17870918385088372,0.38559775622274245,0.21351530195317925,0.16863638644291226,0.40320778311627553,0.3077575160914587,0.2805302204104578,0.6116127244959005,0.7111608573046089,0.6561116553415558,0.40448971496945224,0.5195614157300792,0.4807833309679569,0.6188969631263249
-0.4182992885902476,-0.2539863913014301,-0.29310340334318297,-0.444156231008849,-0.40327430671175357,-0.33496573764601206,-0.2759054245288438,-0.4068543159114129,-0.4573896627653485,-0.30430930064809797,-0.3835541233754853,-0.3685395670456461,-0.37951291754935046,-0.4877822343775671,-0.2404105978239244,-0.23304188442469675,-0.31646179035747635,-0.3413110960748454,-0.08021068671525072,-0.040927324005451,-0.20650368793732976,-0.17784421194286257,0.0035469241635912516,-0.00957617939583059,0.1572102798737602,0.0918130040142931,0.0021528572358262797,0.18372821676628956,0.07165782787002518,0.08887337546503937,0.2857783802913965,0.3518900695001103,0.18731567436795848,0.21028968246163046,0.6380246316696502,0.3772685704325041,0.47713784549825927,0.47159448968132706,0.5501702993579851,0.6198041611443252,0.8288807795701189,0.6913177954778887
-0.18950338738234568,-0.2666941244522118,-0.2300933138724245,-0.30359551003885477,-0.23290992953134274,-0.24676554636862025,-0.28299492970066104,-0.23292331035835062,-0.2049431971368069,-0.20367475041088134,-0.15892358462249062,-0.2126342607756259,-0.16375393798835441,-0.1583365816120698,-0.1363114902519202,-0.23539965765117346,-0.2823062009730947,-0.2964139022281103,-0.3202395883653895,-0.23292225105680808,-0.21974865021219891,-0.17370526581529594,-0.2899541061176477,-0.16761575205758206,-0.25178743782185803,-0.27476259006839054,-0.25639678492955986,-0.14297076763856603,-0.17271670018651686,-0.13390843805465946,-0.19954229780598448,-0.19191164882725498,-0.287005121682766,-0.23120677635505296,-0.17208324240964767,-0.21170042316504567,-0.2830040376287499,-0.26769551490094545,-0.27881822836917264,-0.12320778775713094,-0.1706298775516836,-0.14842536482995236
-0.534750837245032,-0.6950522890959686,-0.6894376732619448,-0.6697046279029759,-0.9705945353681485,-0.7446746991943634,-0.9248220171056829,-0.5552964240550332,-0.8040829158664276,-0.615669308499474,-0.8193812146854775,-0.5107548230013761,-0.5895960436996242,-0.5186179655682714,-0.6352543270038337,-0.5871557274943602,-0.560761076966371,-0.5435825558612808,-0.17793129090826681,-0.3946011775182505,-0.02610802915214495,-0.3261084913257746,-0.19440860501484367,-0.0602473836132026,-0.007694978663727173,0.21821574506094488,0.29087553234905966,0.14881094605273987,0.10071700012054337,0.4424475123633101,0.22297661965942,0.4453370803506965,0.4783736178953044,0.2569480081337704,0.6209175047254358,0.7293069428326058,0.3988455672455442,0.7149441511489526,0.6383545920258495,0.7452087255383198,0.6963455562790867,0.7557748171788851
-0.6893398846299128,-0.976009112106343,-0.8963648668944071,-0.5807343430755466,-0.9155307567752352,-0.8101062357696194,-0.8020823166426903,-0.7366229461133526,-0.6582301577176526,-0.6629018601471821,-0.5874495518295972,-0.7465992775194821,-0.7581677664274291,-0.3971245166125509,-0.5026655799058162,-0.2481128844843048,-0.31850661064793356,-0.4773378598522064,-0.463242359281844,-0.0913511530959392,-0.3991018775396322,-0.15313007671158116,-0.22652941097870266,0.15408196961425957,0.20323339043814093,-0.11461930096224109,0.24534776727521487,0.28824191965820356,0.17809376678483435,0.4088109691316425,0.23375397060677872,0.375106644027817,0.508911321378375,0.5942848190412046,0.3920694854176533,0.3575894036787485,0.4574226810707536,0.7694900515636979,0.8574048318666565,0.507429193714938,0.856961485169214,0.7995507128358661
-0.6733893710496656,-0.9239821874181641,-0.5219651811358612,-0.810805733918372,-0.8999935824077185,-0.7080890880231708,-0.6397775418734403,-0.5666213629987193,-0.5391618038989716,-0.7946257273423959,-0.7226512978536693,-0.6363482655222554,-0.4637354947780959,-0.7098997010152531,-0.6570250180473405,-0.38084255230081976,-0.6402288531350097,-0.5251497256956316,-0.531903595959402,-0.42316627844086163,-0.16254702678349037,-0.04644394231800226,-0.2496023408311392,0.0719116837038283,-0.22635691717013517,0.10627009161895166,0.3151636167342524,0.11567068539098327,0.1436190474335864,0.434586605316671,0.2895269075549636,0.5102446026966865,0.5947901958375745,0.34295023174350536,0.33049503117846507,0.6331217602540091,0.6766868203800882,0.7309607905560294,0.7627963011349519,0.7804248592907828,0.6370851165480786,0.8116068434879501
-0.6269269041158102,-0.9218802860312171,-0.8775247560992232,-0.6191396266185643,-0.95506215556885,-0.6930487768185176,-0.9058610111063907,-0.6803416864248908,-0.6810650341869819,-0.8306213459982994,-0.53284433962323,-0.7163070508562398,-0.564729761112057,-0.5922899163686463,-0.6268591168324268,-0.34938320978186915,-0.35763341268610976,-0.44187633625863787,-0.19832477917045138,-0.15854280287046993,-0.29900369311181646,-0.06584210281659882,-0.13864391541938434,0.0016660202510286935,-0.17197898708151377,0.025501716850447158,0.07459152726361548,0.29996205389191233,0.3995938752040422,0.43449404412040543,0.31218916504387084,0.19910011346717593,0.4651192690479823,0.6686563326157848,0.5529801084895104,0.48935719314578163,0.6723706686905482,0.3940961001717051,0.7569928520738776,0.7314860945038932,0.5600662813590931,0.6507338888934545
