gfs-wave-data.json
{"header": {"parameterCategory":2,"parameterNumber":3,"dx":2.5,"dy":2.5,"nx":144,"ny":73,"la1":90.0,"la2":-90.0,"lo1":0.0,"lo2":357.5}, "data":
[rows 19 to 37 of 73, columns 84 to 125 of 144]
-0.004510304368737561,-0.13210747275346119,-0.18436752908551607,-0.021509542411706387,-0.047517503764660504,-0.08941257284970881,-0.137635967392566,-0.04398187644974963,-0.1702665808853931,-0.10652499871516294,-0.05428215739751646,-0.1400910917892885,-0.17700662067511336,-0.1720337701654894,-0.1382420555730503,-0.11126758019203675,-0.13149747900919345,-0.11713458260442612,-0.06714767368511923,-0.05404813973724519,-0.12758681072643582,-0.03954060048868045,-0.15155217979829186,-0.10451080085038589,-0.0369548201696305,-0.10952261568538744,-0.16122820942709612,-0.12648174622856406,-0.11662433734568547,-0.058380462217960206,-0.0746054128445849,-0.001482127605867291,-0.00775617120349871,-0.1270243431289534,-0.1033655110486704,-0.17776136529434108,-0.1914675040792215,0.19593114298751851,0.34487387255793756,0.35228914647243803,0.17171500437092013,0.07569017011390773
-0.04310424702669504,-0.07372317220842521,-0.06563811672154311,-0.06030747472271906,-0.17907627098867918,-0.05735552691487121,-0.08457408798678506,-0.1280628617561088,-0.0736878732444753,-0.10161552514245288,-0.14926720092359508,-0.05595163170102703,-0.04732576933903566,-0.010901587207920671,-0.013916196767757164,-0.17238848416767205,-0.19785368067692358,-0.10000553047537254,-0.08129824908991325,-0.18536319706697005,-0.056542076135353406,-0.1499864503307968,-0.07097795315284844,-0.15988458877720851,-0.13742321381010938,-0.1283555993292089,-0.014890467655880115,-0.09637147705563985,-0.1252334142929081,-0.1799133143902804,-0.050578242528387975,-0.019284325329177922,-0.17385881345046955,-0.10140037069133881,-0.19967264726241846,-0.14728821524389296,-0.06425845365062312,-0.19750699230113927,-0.0626871317876521,-0.09846731109612693,-0.0071166743263584705,-0.04039441222378185
-0.4782531542658765,-0.39401370211155673,-0.33176676396536997,-0.46112271116270304,-0.32052564953829804,-0.31032053730179776,-0.3056841788384153,-0.33671959757850384,-0.435787367279677,-0.2839442143879686,-0.3089336246633578,-0.2374487640646538,-0.2524419845434552,-0.266828269393655,-0.32307578701446166,-0.22597592272473008,-0.2789117966547122,-0.26244789326476475,-0.05828939465229462,-0.0404432007309392,-0.04381442086611568,-0.017891659945111323,-0.15710036766466365,-0.13857207899911264,0.09346190823094469,-0.022955350804026522,0.17083310342161462,0.1520069383638016,0.020153130508712088,0.3376014360004991,0.3706522719096429,0.31016457124659635,0.3198875835739834,0.48211798495642605,0.5578734489434471,0.3155590271380011,0.5805348437443402,0.4232266922915917,0.615773150297584,0.5882114193474914,0.48462236516343177,0.6510488759558665
-0.41388099588051713,-0.3329733854728096,-0.4112646583954347,-0.29342038975362505,-0.2561101387379935,-0.4160046499806943,-0.30899739031226775,-0.34602669707565087,-0.39202086316011203,-0.31908004663493594,-0.2979040218142543,-0.2433118180379507,-0.2735922639748548,-0.3368360290855879,-0.18795079017674615,-0.33848177377871447,-0.1388581545669646,-0.30971617702780946,-0.11237460600149778,-0.1256063649073905,-0.203853349029977,-0.026006577306677135,-0.00021054388564163226,-0.0221507485710277,-0.08458103862290751,0.16966453162653541,0.0013314118470044909,0.27967344070023364,0.28324439672776536,0.07675779787671781,0.2968612461185508,0.43431986835773445,0.516684419683061,0.2469521725808538,0.5731233055224983,0.42651090577728545,0.45499635588508824,0.4774580257843461,0.46971433072849245,0.4035648863827185,0.47348888925928884,0.5131192167727207
-0.2964643800813987,-0.3468616511487699,-0.3955821984625775,-0.3556818127942557,-0.2868955082091922,-0.380653979389744,-0.35992536538253433,-0.353961933129936,-0.3947942038426538,-0.28000897911971456,-0.3606948367312922,-0.3605820416243806,-0.35377658126182693,-0.3873050781996361,-0.2805063450899389,-0.3377474952135144,-0.37915977844188076,-0.13604600212073584,-0.24059637528213715,-0.07329114393951551,-0.06661236422663352,-0.1002083550736196,-0.20484687767047607,0.07502074002565474,-0.01013146704363355,0.07942701507597043,-0.011597113219851709,0.019186020771875523,0.25295373757640016,0.11422759738555374,0.12549454375391383,0.23207859366180064,0.2607105107876174,0.378595582841489,0.2809762746947277,0.305454946562229,0.6034461122298567,0.4482750267813263,0.38824461538169514,0.727801688196884,0.7122359040442434,0.46274698760727767
-0.09500621761397292,-0.12274279104223808,-0.04159924906689004,-0.18238858363150606,-0.12564937330385986,-0.12349780421351342,-0.1086477685949373,-0.039599416152925754,-0.16060004186301796,-0.13482860032137384,-0.027668947255647974,-0.07650252358044227,-0.0819099156330248,-0.1567293617859487,-0.08483600487838347,-0.13324752063550493,-0.07737979922047518,-0.12046874817525274,-0.028454924903403452,-0.06408623366581243,-0.03767628058024681,-0.10277152539904946,-0.1942082322440797,-0.09931342381555908,-0.18369715327662417,-0.04665830322596732,-0.04222133751162606,-0.02235441410758764,-0.19015851094625638,-0.05591171680091597,-0.20973879291107636,-0.14752746878954498,-0.16319831078880154,-0.07364124145040496,-0.1227653105403411,-0.136942884320485,-0.023423768963843038,-0.14126496865251792,-0.12920716688597658,-0.05802704063595745,-0.08968790396640451,-0.1358216562154916
-0.6010736927745712,-0.6699387105368454,-0.7239828864788652,-0.7566455521631207,-0.7298524856713551,-0.7738677185542945,-0.6494170499608702,-0.7982045978784517,-0.6578851420592337,-0.6512132267135838,-0.6560837588248569,-0.7654210825549416,-0.6834212542708938,-0.6525453047806091,-0.6886096950991545,-0.7466067484174425,-0.5822594963691655,-0.6949274063608956,-0.5526719942561188,-0.5116039574253638,-0.657490062813836,-0.5024428400986926,-0.5795095213156085,-0.5677725074907367,-0.4823094964727379,-0.5964309919816534,-0.45882381115295595,-0.5685107189573672,-0.4701398037715521,-0.59449460352034,-0.42538162759789977,-0.5120190992558898,-0.5606214011304094,-0.3863287695698891,-0.4360944942047209,-0.4614092739624762,-0.4441226019880083,-0.4441890599693476,-0.44158515045857943,-0.4280632655914989,-0.4892351975487013,-0.4302967449039062
-0.69720478194163,-0.6741408145135032,-0.8419461741334716,-0.6008065157721733,-0.8080408331400399,-0.7168979625353572,-0.694250720877929,-0.6505185540555283,-0.7531749484146871,-0.5493663345916397,-0.5386986562253109,-0.6330820344112525,-0.7848240824532452,-0.739890036323106,-0.5445619163816582,-0.6053147118632299,-0.5579397834415026,-0.6570260965170939,-0.745357179045978,-0.5718908520250766,-0.6607183810833209,-0.5714671667678799,-0.6854845948520683,-0.6144953388112884,-0.5354006605533486,-0.5027696116944317,-0.5078912966162242,-0.5912520333700304,-0.5327118318557379,-0.5651318575200035,-0.5090864276991002,-0.5585761963591923,-0.3985443030047219,-0.46397040287883373,-0.4464628930758754,-0.45911116011183395,-0.429827613150086,-0.40870728566034414,-0.3737707641521472,-0.370567793867591,-0.44411809490213966,-0.5700299044291579
-0.6788955386930123,-0.724223094678832,-0.5388233037026365,-0.7389674901202546,-0.5605149647452835,-0.5409031493917765,-0.6376550761616596,-0.580670052196459,-0.7162806912684055,-0.7022833466693682,-0.7816944742816814,-0.6212403496136024,-0.712809666783727,-0.8159109255579063,-0.5878556778588986,-0.5597309473330943,-0.5220001759072658,-0.524583334833103,-0.592139171703015,-0.5772228137193139,-0.6958914644206354,-0.6151683265649349,-0.5124899777903061,-0.5559213727970093,-0.6437786982012241,-0.49360970012461963,-0.4958691282074297,-0.5426263649958676,-0.5124657159995952,-0.6415210378508011,-0.5452749643853455,-0.5782732542975719,-0.5468227073037367,-0.5277328628897956,-0.4530277936721412,-0.4630528493219798,-0.5270292476834023,-0.3591618380598197,-0.48094681179894355,-0.4289409550499664,-0.3629594704644203,-0.45973341116067606
-0.6280298535645472,-0.6557735562426388,-0.7704406398754395,-0.8026959623822528,-0.6228516169476921,-0.5919591505985387,-0.5306139608874153,-0.7299723937214366,-0.7507725877512879,-0.5914651200387678,-0.6339030300884538,-0.6167868725157414,-0.568886791868928,-0.6583954778053195,-0.6883777483932108,-0.6543728245238247,-0.7551162011348193,-0.6595496050226776,-0.6702447854232053,-0.5451700786260498,-0.6553669520691467,-0.5089995981881326,-0.5221781960251634,-0.5368259699087271,-0.5783968298244531,-0.6023846833582209,-0.5313144395328769,-0.4843243893314012,-0.48995987602845914,-0.5024817323809043,-0.5242051403449158,-0.5241633826967516,-0.5236336842439517,-0.4806290661968687,-0.6002459321534356,-0.4265050034138074,-0.5296547003445518,-0.3650189664016891,-0.5080214554959861,-0.5241006186849289,-0.48309340733202466,-0.47330702831754506
-0.6403878980663412,-0.7679664828677462,-0.6841637148264887,-0.7975964299243308,-0.8446889806173152,-0.6409593272117494,-0.7473987579865149,-0.6476512800760496,-0.6487716591681383,-0.6963947492512363,-0.5858001266952868,-0.5856370834911679,-0.803855496088718,-0.751527729330077,-0.6080805088416429,-0.6857104941913332,-0.6617820091714616,-0.6058318922654103,-0.7097363006647833,-0.6838893026674154,-0.6396307739289994,-0.6306064933044428,-0.46932068722907305,-0.5402443385635173,-0.5450633553807256,-0.6844247227405721,-0.5644658782647415,-0.645957608132888,-0.5655527351996728,-0.4819552519633712,-0.40655479641370823,-0.46789391491885546,-0.39927558904698957,-0.5996839518844346,-0.47744222674277126,-0.39164732916567935,-0.4437063164648708,-0.47189957596183973,-0.42254123180516706,-0.43615829953691626,-0.6161976307711686,-0.5066926373692303
-0.1600718032957919,-0.2643600096431291,-0.12832775869820454,-0.16541648827105052,-0.16816862044616096,-0.13986042965131837,-0.11659037406349977,-0.14737239525750537,-0.21049400104501478,-0.10184568051957811,-0.11804506905291381,-0.16062662232626768,-0.21419816916842885,-0.2470055895600798,-0.22850536745224304,-0.07546014816319832,-0.1852223006762268,-0.21917133738001252,-0.16163311000856204,-0.1486284381228444,-0.21757809991650529,-0.18806527682816315,-0.19301301012603972,-0.23741664857104683,-0.24861535561381343,-0.1364669225227797,-0.20924489174672894,-0.1439624112840768,-0.13685387990591427,-0.22457344109116914,-0.17559312955248102,-0.22364952665845236,-0.11280307480863769,-0.10245238911020088,-0.18612029236326927,-0.12987247884689102,-0.15113795573691233,-0.22882124726086897,-0.22029721982201075,-0.18788586101241442,-0.1550799161508961,-0.1990443526793594
-0.8458536223985491,-0.8559646146045812,-0.8828918659411744,-0.8111178160060274,-0.953414881810693,-0.8439960205888495,-0.788824626190208,-0.5804780552745478,-0.6629261251140023,-0.309841399506944,-0.25148430488711637,-0.2874479388466367,-0.0710420315035917,0.30858882765619394,0.19726147529365684,0.5220333020457183,0.4526405965128463,0.6094681538989666,0.6033417261824088,0.6319253841955406,0.7333120208159148,0.6006638331260635,0.663391461307556,0.6262235765464876,0.6342752344000833,0.6105073401895458,0.5274312620686016,0.4030076301976239,0.46058993970835566,0.30782450995349075,0.2783047639771768,0.2351014831434381,0.18320364081363627,0.14806227266962366,0.1387696367089408,0.1256048470395375,-0.010779175523330423,-0.08505948160631681,-0.12873290319227612,-0.08968386865063399,-0.11272059435626511,-0.1636008543173494
-0.8365424599328306,-0.9841403978062967,-0.8991004689354551,-1.0137004446113744,-0.9855112630232491,-0.8013415772154419,-0.7624909381736936,-0.6457776307473578,-0.5797551873609663,-0.26657444728837487,-0.22457837763945868,-0.08776427156389671,-0.17427322574434806,0.018772566345403304,0.21986173310822663,0.24068065749177184,0.5167563347259055,0.5377660602787062,0.6901548146388512,0.5592142755512597,0.5740968646379887,0.5641896067794793,0.616162225549676,0.7448047823127799,0.5748765930874459,0.45073936810140797,0.4454722924746809,0.5561862706671911,0.5161874877869927,0.42665652933989806,0.27526800166482873,0.3562909496159364,0.20968200815755905,0.1712852779712883,0.1125974912459445,0.01634834960168501,-0.014647433663049181,-0.017584420130715993,-0.14012822641103928,-0.16850853443618719,-0.18266064395071446,-0.1427808190131149
-0.8969518276163446,-0.9181189471371047,-0.8280302202656719,-0.8376616052893592,-0.7822429149613408,-0.8505364306844558,-0.6019593012571698,-0.7699854135184243,-0.4085343214119351,-0.42750751855281577,-0.34833773025951337,-0.059094914171253544,-0.013271481271319819,0.2808040731279464,0.40909754311871754,0.20635976158341818,0.4005593186465108,0.4093144890600108,0.7070130644845367,0.6394552300577359,0.6601892924334422,0.5746444205585537,0.7279864426682773,0.6496087188132735,0.5968609586871717,0.5458107192165398,0.48199780549511356,0.4378081751229866,0.43882342017091197,0.31843904419993,0.41711156647258785,0.2819359321374924,0.24076289404681372,0.12637395140630034,0.15923870297636145,0.06951289358499545,-0.004152738757767422,-0.05391633814898022,-0.03591293522811284,-0.15813141306114667,-0.1375962171662784,-0.11704401439543234
-0.8744258212804179,-0.8863499234212202,-0.9864532692360299,-0.8459403416523715,-0.9475518784367557,-0.8917060814525225,-0.7356415129024988,-0.6484063953714675,-0.7070644311848391,-0.2557912095123256,-0.16793034913878205,-0.31483282760075054,-0.11535049494339718,0.2806096717677397,0.4037738944753208,0.4814727550844567,0.46885983023012484,0.6246986803029547,0.6741655332825981,0.6890379287986246,0.7501219906938426,0.6623058158514409,0.806188151244425,0.6286865986359367,0.5257943948604825,0.5847300586140226,0.5236724532043604,0.49592702753490575,0.48251903210976127,0.45192320135196923,0.26883230073742437,0.32024816116902055,0.2334442987146666,0.20234146344590986,0.07101031925215114,0.09957634915821546,0.012730488414886568,-0.08936287026538592,-0.1155363164193505,-0.09886516591853196,-0.21821503112987464,-0.19899090431694452
-0.8629277001070398,-1.003974297406369,-0.9159663653767531,-0.9745475632656063,-0.810277774424908,-0.7063765832287859,-0.6738950549622403,-0.7795887365069983,-0.5364618813475217,-0.3955818623071548,-0.2629343453305596,-0.0006288093262342108,-0.04889111481097654,0.19630719740737365,0.17778380562257132,0.5427572948601431,0.4041012663241489,0.5433368105947007,0.6905607488325892,0.766095702112424,0.7142504543323944,0.5744885648079104,0.6457866352339162,0.5948539132608152,0.7434815044417374,0.5061723742294881,0.544221938891574,0.4630187572212546,0.5150135262792657,0.38583120881440075,0.3806251411039741,0.3315139967616542,0.2101632582677094,0.19669956847959347,0.15687257124731865,0.06778869909856977,0.028986353550532102,-0.06371930543916962,-0.11714142701558734,-0.1568735137181081,-0.10928897601610395,-0.269980088688392
-0.9236631057814254,-1.0378154940345765,-0.9675400904419259,-0.9101048556524293,-0.9746361519416089,-0.763801871885385,-0.7129954092020091,-0.6375503864911474,-0.7099553590202701,-0.550270233537215,-0.35050980690061606,-0.10336608868803257,-0.19174423016203035,0.1128283952510825,0.24895053347319843,0.33934097051689305,0.42604285369591144,0.5641058591291506,0.5894122176799339,0.6304116130067409,0.750657281061643,0.6060982478982582,0.6090269524018693,0.7337293385217271,0.5432793091675467,0.6832728175266304,0.4890376445802866,0.6234550690225956,0.5344682426954686,0.44886056653663514,0.49151966826349147,0.23512175206533834,0.16561575621694552,0.18571674170345207,0.09412389968674972,0.14180540434628208,-0.05789867404310463,-0.07052225631808585,-0.04590444221389845,-0.10996804752329581,-0.152331452547425,-0.2392695289714612
-1.0084302566873173,-0.9281931128380574,-0.8638937761854917,-0.9643395522802641,-0.784670821785529,-0.80558510783389,-0.7664004218636538,-0.8744625792142401,-0.44756130001618705,-0.5251449010235683,-0.251470725109319,-0.015307341394784301,0.001235508093667862,0.05045927531356368,0.36266834300985906,0.42810180170772216,0.5095774916680633,0.5065618954691439,0.5077608042118549,0.7734475577554867,0.6932739302603971,0.7662534759906852,0.7420298701174395,0.6341145351458835,0.6099812852036541,0.7113089220609013,0.5898617283691818,0.4783892101171792,0.49868223603498746,0.3424934266756739,0.417799723715621,0.38444359222928687,0.18277809833785727,0.1659072176469968,0.060797532903405706,0.025993382057798966,-0.07640862367758544,-0.014341589627370397,-0.10969340411373568,-0.11654330837609606,-0.10147258006742349,-0.2516542826895835
