gfs-wave-data.json
{"header": {"parameterCategory":2,"parameterNumber":3,"dx":2.5,"dy":2.5,"nx":144,"ny":73,"la1":90.0,"la2":-90.0,"lo1":0.0,"lo2":357.5}, "data":
[rows 19 to 37 of 73, columns 84 to 125 of 144]
-0.17782382010043687,-0.2117419619895636,-0.2855796475408499,-0.21318562619913822,-0.31999586088955306,-0.1973327584395844,-0.15287951058989405,-0.24250651189575434,-0.22851525857602537,-0.28891340740001065,-0.2961248977541366,-0.2005627857034611,-0.33186678567582684,-0.15743992438687682,-0.23229361725288158,-0.17363918128809222,-0.16687955798814272,-0.25654363986519224,-0.1463502802262878,-0.2495664418637084,-0.30762412158278946,-0.15497513325179113,-0.2950531829144937,-0.27861215204728784,-0.31052559547666836,-0.15158065801631426,-0.293119443854987,-0.2997567164077287,-0.16390770323845485,-0.21170758857102687,-0.19719525915280453,-0.16761060621813673,-0.14651103696024392,-0.19507383686266722,-0.17460788998047566,-0.20138919034018235,-0.33389701754376505,1.0418112366614252,1.4108297585518608,1.1529712657485642,1.3287422961916158,1.3783590576852813
-0.1525819184319544,-0.16203476087640567,-0.16590905461895664,-0.2565865476037178,-0.1307745150268582,-0.2854416018202379,-0.21371677981754786,-0.2398537501617752,-0.3120065284742446,-0.12936143184948193,-0.26468249462653115,-0.31589918862400546,-0.20929974846275587,-0.14363820222243318,-0.21849928570530408,-0.27865324148549897,-0.19709676394107825,-0.1973258746415432,-0.183268496482132,-0.15515610611081465,-0.30632711975167537,-0.27229611892865646,-0.18909319066995778,-0.16563771901263155,-0.2821531476082306,-0.27099825541501854,-0.31050602188468157,-0.2339605911923973,-0.32075245667529756,-0.2965062338094643,-0.15751404542929312,-0.23130840530520372,-0.2795813858374263,-0.16500950046674753,-0.2400065674441595,-0.3090277951696399,-0.3170781172481799,-0.24041242240659683,-0.19032450963918213,-0.3164040734625979,-0.18062945173824543,-0.19051103398611804
-0.43963673488486615,-0.35897088292890306,-0.47635837904418904,-0.3197861805808259,-0.5133336740924264,-0.471690272269415,-0.3884330306931105,-0.3842909350374658,-0.3505447686580885,-0.4786784388257042,-0.4695207300697194,-0.28041542754307225,-0.3079888380978313,-0.34953774965091194,-0.21603816022159442,-0.3753567260448004,-0.37782244956567995,-0.19118963069215797,-0.11494138326603805,-0.22324506662349738,-0.2537203273993967,-0.1660761076735897,-0.17536327337377472,-0.03838150265402591,-0.038785081290373946,-0.09079514118397745,0.009913977209522551,0.13426803806000223,0.3144014954498868,0.37154262311169595,0.2120939386339755,0.45070227574918026,0.33915256269131505,0.2981864436679267,0.5357322507055394,0.5795028977400783,0.5259023815860683,0.7215817976767985,0.7458155838944359,0.5026439588812778,0.7348902702007304,0.6140593779087002
-0.4361889334517056,-0.3805730546332135,-0.4467445351344934,-0.49329738712422605,-0.2963436894087944,-0.4139482359049505,-0.5201679137169959,-0.3289580246301375,-0.3811852005674762,-0.3637603709167589,-0.2341684557226288,-0.2634967175025636,-0.38556416765751717,-0.2965829325540897,-0.28663699471371534,-0.23703524362509218,-0.1745114553707888,-0.16205068550567328,-0.2718939422525286,-0.1664239070763532,-0.3109910439977325,-0.07594741004219333,-0.21936751946942112,-0.0364292464631206,-0.14183703230148997,0.010859763934877047,0.06551084201460752,0.06892325963536039,0.217058255055228,0.09947065323460734,0.4362751424710964,0.5212353454842075,0.23503386408765645,0.6102833874198308,0.4868336764723343,0.4740107026950412,0.5253236570351499,0.46540362137295443,0.5025783107504757,0.5690981538958453,0.6250341162937973,0.6729118327269145
-0.30966566206124924,-0.36624784035245,-0.5266580057284447,-0.43483504258481515,-0.3618333411989358,-0.47282640873060233,-0.45137586770344773,-0.36451310070523446,-0.49670797874028505,-0.4510520963948219,-0.34084595469562706,-0.32688038210413606,-0.26115961940722504,-0.35185055921769737,-0.38582910727334424,-0.24022522032410407,-0.1789901695203553,-0.23654813033888863,-0.2816123829093407,-0.2509455845019844,-0.1792006969274804,-0.14525779656464038,-0.16487135447119056,-0.10742234095852776,-0.12333475217833942,-0.027661200717896243,-0.04197483613852668,0.08751566584108511,0.24630695794215107,0.32282171242291613,0.2583567105933543,0.3934204558904957,0.4156178190830485,0.33606123205142635,0.5331571934180912,0.35767486275740484,0.4898421968442482,0.38681467153091814,0.4825242228843136,0.5780309530483783,0.7653937415726375,0.6440514460011211
-0.17887920260605808,-0.27019746843681275,-0.10226764228096254,-0.2216871901894953,-0.2577579544891362,-0.13509536658694554,-0.20433970565376866,-0.252267504863791,-0.07561381760694108,-0.24218398625139642,-0.23799741683138892,-0.17935315703671953,-0.14368843111291935,-0.2116196764646719,-0.12067762164617091,-0.10969660236791713,-0.13776951093316897,-0.22386225579181912,-0.10258561321850963,-0.17349565522269164,-0.22289446138742408,-0.1355188810273021,-0.10149777614643696,-0.12131555376573583,-0.2269855325358661,-0.17561197491982034,-0.08907021525550472,-0.18043952830145785,-0.10771733029763612,-0.27270481308535965,-0.14556987097206758,-0.20128457570154257,-0.10413574073153058,-0.16361496004434026,-0.228258959487209,-0.2140094593961755,-0.1478770543327911,-0.10553234058808815,-0.08665433592370177,-0.0961357617575238,-0.09174198225342461,-0.20408293405065378
-0.6392148157955168,-0.7790705417086522,-0.5620946911987488,-0.6334466203256308,-0.727070245782097,-0.8559120258555436,-0.5683532913413663,-0.6956947664346727,-0.6729757590756881,-0.6707989177498341,-0.6689782630042463,-0.636025301436306,-0.5739531494773228,-0.6700183330468498,-0.5719415704500497,-0.6140716125163634,-0.5867634303157683,-0.61302592489404,-0.6653205944631755,-0.4750647775909725,-0.5840696406054181,-0.5960904219512264,-0.6127156620964305,-0.5758829494243854,-0.49823045352798956,-0.5426666925232548,-0.44083991387973387,-0.6444628793752494,-0.5793656471983089,-0.5252007597534681,-0.6202066859322062,-0.5085183250800475,-0.4110625737458604,-0.5737222842768438,-0.4043357389051475,-0.45149623419696805,-0.4654108007457131,-0.4805989692260379,-0.4173229058764714,-0.4722574005093674,-0.5481852492772564,-0.4511805168315865
-0.6130863898269091,-0.6622834222518422,-0.8428661124917529,-0.5859409995879808,-0.6517160134988437,-0.6142644649581875,-0.8328764877161875,-0.5902326386478152,-0.6615430474627845,-0.6214905212529364,-0.7191426911490777,-0.6717038324262987,-0.6731303407398944,-0.6894265360383,-0.7394239608071875,-0.5716747952414385,-0.6987931061460231,-0.5028132790152905,-0.5936077354895001,-0.6940399317778555,-0.6093251959182621,-0.48192972499044545,-0.5892267409164674,-0.6112052732981184,-0.5475454436430702,-0.40173294491279593,-0.6213305015366808,-0.5202386002386564,-0.5938086619708844,-0.4712150330200937,-0.5456916903373296,-0.49357436908941166,-0.5390874743410907,-0.3802208340728554,-0.523686751595539,-0.5374974217665075,-0.4705572346645896,-0.4939268891625264,-0.4460066359739303,-0.4169591599295457,-0.5581517878627745,-0.48259399588762275
-0.8310308537610985,-0.5717518908716229,-0.8121329431797978,-0.7363567883870353,-0.6980948230767857,-0.7199492448428587,-0.7537933246044514,-0.6770069353435314,-0.6936438481632139,-0.5138990757287561,-0.52376001531363,-0.6751659459465067,-0.5688987017666928,-0.509503540310272,-0.4986212158932371,-0.5889373858701175,-0.6403990627278556,-0.7662047395144841,-0.5557288806365696,-0.5880693646980255,-0.6622073273437081,-0.7230320460727971,-0.5804743014066815,-0.5203391603997504,-0.6054625728700781,-0.5642283877248213,-0.5065016747064427,-0.5532249881405886,-0.4757549601085991,-0.4914816780764876,-0.4960085097373562,-0.45305033592515187,-0.4701656851696927,-0.5093246432637392,-0.48180068544129523,-0.44221325405992506,-0.5439384723327789,-0.5044468817133636,-0.40650724615729134,-0.5755355663786383,-0.5084736579147433,-0.5238511752978691
-0.7624543746909253,-0.5824548237689717,-0.6846558405475873,-0.5889694810252188,-0.7233776515964114,-0.8003293596587147,-0.5902508071332129,-0.6444583945370058,-0.5760958843319117,-0.6173150389972947,-0.7747661682903441,-0.679503647367557,-0.5962091251804987,-0.7200887406209625,-0.6171437153698682,-0.7568878650919258,-0.5704419678343696,-0.5407976774622079,-0.6021440356283162,-0.5269264940672898,-0.6328082381021238,-0.5892348158528137,-0.6800189779632374,-0.5024932864549241,-0.5350789764942379,-0.4729690153496295,-0.45006470247139546,-0.537303398435343,-0.4584108835982716,-0.3964701841288469,-0.49291645686482954,-0.4020788647882214,-0.5227817561729972,-0.37030385047692577,-0.4530780712561221,-0.5264559931530167,-0.4866392132864872,-0.3619778226645206,-0.38630516605766346,-0.42703022118730427,-0.43311755523390516,-0.5397467880138204
-0.6426818436506335,-0.6490884623509777,-0.8032604273047563,-0.7764583998730007,-0.7744289114381917,-0.6142735856095044,-0.7220492151556155,-0.6966262836976719,-0.7897550964498888,-0.6086266268063981,-0.6664039210155644,-0.6958691178953453,-0.610115489929247,-0.6923995107404209,-0.621068758124834,-0.6137510904308292,-0.5523778895938589,-0.5722382386964964,-0.662823501265805,-0.5655890589033401,-0.5635859531075301,-0.5349771145278145,-0.6422486783098224,-0.5676529483516353,-0.5579491046210081,-0.5798704109657904,-0.430009782787487,-0.5966483977110011,-0.4598381809508163,-0.5143982836148356,-0.42626427373811454,-0.4902318271705766,-0.3645861341719565,-0.4563703331176426,-0.4127800796226606,-0.5640490267202771,-0.4782513318288961,-0.5757069941858679,-0.3847130438668453,-0.5209337789426437,-0.513597732432762,-0.45496657901230647
-0.17029837550895974,-0.18743878450324858,-0.15374700705440986,-0.21036523069716792,-0.2009789637986178,-0.17331542138776004,-0.1480098225341242,-0.10175959501071201,-0.10272741753628584,-0.0831673041444421,-0.04557944509345837,-0.08678525932361102,-0.14151657351927693,-0.05252161767177003,-0.10749877660942808,-0.10114315309409497,-0.18130850280922492,-0.16668659340247338,-0.10753225199557345,-0.07005913172240788,-0.10437930111438427,-0.034488862386651976,-0.08489645302231136,-0.0693693747619251,-0.13884561745657997,-0.19106333453392743,-0.08580085537575748,-0.14979860093392725,-0.20473824184132497,-0.0942624499682151,-0.07288892603516124,-0.1422025491636846,-0.1837228446924278,-0.19538411564974098,-0.08511972110143248,-0.04521919054029149,-0.13512320180868073,-0.12900213788821818,-0.0819062071175405,-0.12200118400557192,-0.026322097627585528,-0.18569793387425418
-0.866812287752074,-0.8182338501129701,-0.9186162089744417,-0.7929437715389115,-0.9287186556678695,-0.641884228676312,-0.7058781604056729,-0.5033869718989146,-0.5867500016600254,-0.5418162094392567,-0.2461710271751471,-0.2681880099820461,0.0821921399666817,-0.013804162428427219,0.13435998275620623,0.26497253159166295,0.29267839328560963,0.46511987729155324,0.6286878218799282,0.504434676548782,0.5888543350680726,0.5026637287712279,0.5304774528541232,0.630546260913046,0.5798421966724274,0.5094122521731503,0.5527114147772072,0.38053657694946025,0.41902799670577023,0.3153952215746439,0.2770799592689967,0.25019079324879534,0.2059845026361929,0.10386630711082759,0.12127797607356498,0.03242857884364416,0.03573987780451524,-0.03973792183195979,-0.041275298692298394,-0.06944343870481057,-0.10860796833910155,-0.10502311960258287
-0.9324120741939602,-0.7834119000118531,-0.9153358238720573,-0.9374218289585118,-0.9009548043102473,-0.7550189253145667,-0.7300846846524557,-0.4432371848560629,-0.32953474573262037,-0.2677210691786609,-0.14768663702467325,0.006371677476694052,0.05444128236828118,-0.011616078492334512,0.1135531715610781,0.26678983127009426,0.3388394264108133,0.49610269851900257,0.5311831668993376,0.5994215598488735,0.5368750653307475,0.6901029471493071,0.6698017396736754,0.6086725124655061,0.4650932043860563,0.48689365824968756,0.544093021710624,0.41291603029520185,0.3568159007250258,0.40775194721952107,0.3541279321070658,0.17957179430999046,0.27040874478440047,0.11086532921371328,0.05315905624641931,-0.013852946010133428,-0.019384152518138548,-0.011964004860336188,-0.10615148657964442,-0.11364949327276185,-0.09935732955417909,-0.09058557923250778
-0.7691353207855597,-0.8295873897761727,-0.8380604789729481,-0.8363645912364129,-0.7974135224550029,-0.5926644602782442,-0.669855322717513,-0.6789164884714923,-0.49017988394219186,-0.44298751602938025,-0.1495468606043493,-0.1107903789295171,0.02508907117513651,0.10173713320313396,0.18292235940587884,0.24474346178838852,0.29497578343923203,0.554242470832505,0.5458389848985626,0.5702083657308056,0.5476012398840668,0.5868697358883896,0.5168584993222209,0.4859103950898034,0.46829365394526323,0.5288794660630621,0.5722983842035699,0.44956690156098894,0.4341317490070952,0.35530661726044427,0.22581398014234227,0.27350118995346806,0.21534464628813899,0.07143387238553846,0.13968828672722552,0.04583718575384933,0.0013468533570659348,0.004430474651270896,-0.027629250395272236,-0.06521881415023903,-0.1723149644573941,-0.1911975820902759
-0.816319560141775,-0.7095321243380253,-0.9753352816410482,-0.9764652048106239,-0.7735850240763649,-0.9026946748962078,-0.8083009248917982,-0.7028333808550603,-0.528300033920695,-0.504114311469359,-0.2702809161759968,-0.23896851278196943,0.09037806448770862,0.004385858134884741,0.3634833033320136,0.4646443699309287,0.5157464896294782,0.535454797466284,0.5571600868646103,0.5180174063941009,0.5480775572713069,0.6904717595781884,0.5445771561238804,0.5447799526882965,0.6002400314486162,0.5390127262371011,0.5470389880873792,0.3740226197223862,0.30891162934427935,0.3456774135126539,0.23250452362767599,0.26383526361512416,0.11700412035775279,0.19407972216766609,0.07849576264722119,0.05676423762754404,0.0032717558206134135,-0.07497541757982158,-0.11091300275706263,-0.08001875634271975,-0.10216556380875995,-0.055631202085399
-0.8269344026994471,-0.722064854083048,-0.7667399400406546,-0.8054150934008364,-0.7448809109174351,-0.6737096667463303,-0.5929474699277135,-0.7013812963789184,-0.38194230334113427,-0.3817577003677273,-0.12879894595793376,-0.13826209885489907,-0.006690336167759784,0.10924151944064692,0.16714798279288287,0.31971863632415914,0.4711444318841213,0.42765508132356417,0.422256826512057,0.5126933165985488,0.512300200751639,0.642589041766917,0.5698436476159301,0.6294620531780741,0.45231367450166804,0.4907891575962471,0.5531543324511048,0.33239757360155153,0.39647608758889186,0.32296517413665476,0.1910749556666725,0.2591401693969792,0.10279145003920437,0.06880897728865457,0.13658864132690654,0.08776185647957503,-0.03504267860726908,-0.007851437208209706,-0.025631246931412638,-0.1033380146012436,-0.11815242652614075,-0.1285277450725563
-0.820148367166944,-0.837521353126772,-0.8645579490281173,-0.8113215027557316,-0.842345418861847,-0.6809344142808356,-0.6141357190364581,-0.550826550510178,-0.5961309586415726,-0.3964135812587204,-0.24934734587424165,-0.03935957434087806,0.02030350195305362,0.10742895196276811,0.28496180200273463,0.2376631446862143,0.5183458964880354,0.39427485109689425,0.43415331869238594,0.6937242933416872,0.6162907631242611,0.5036715170788842,0.6026454927662892,0.6025617192067367,0.5915291185541997,0.44789244385724775,0.46522585849290354,0.516927088026005,0.3825112607311333,0.28142742079488753,0.2755996969996172,0.15931200733858475,0.128274240326021,0.11352186179048375,0.11717085428254971,0.04296415330588338,-0.038074045384668756,-0.033777347131464325,-0.08136182482981402,-0.11679251746765483,-0.07571043927793059,-0.07271039472161732
-0.8068633735874304,-0.7948902414865724,-0.7037661618732242,-0.6937779069671527,-0.7592554025915951,-0.7487088226688143,-0.6810315209577814,-0.530120187202693,-0.4967189191509028,-0.4833914085498676,-0.09407448630022335,0.0327289172813696,-0.06253932615757939,0.1515404741589224,0.25534012588605276,0.25615059925466616,0.5399188152479922,0.39633719207281853,0.45657728751053994,0.5517685968986014,0.5481920154359524,0.7092074789457935,0.6651179965266782,0.5605757883079705,0.4223661744001052,0.49471525889717594,0.4124495895042617,0.2878437687086891,0.35891351993217063,0.3377177400536227,0.3117140858415922,0.2464238525886097,0.12097302451626261,0.08086053863236958,0.11446995099451875,0.0463027998254664,-0.018539896914433324,0.0047598500870926356,-0.07849978873078632,-0.1082522370785019,-0.048868378431103275,-0.07927062089715052
