gfs-wave-data.json
{"header": {"parameterCategory":2,"parameterNumber":2,"dx":2.5,"dy":2.5,"nx":144,"ny":73,"la1":90.0,"la2":-90.0,"lo1":0.0,"lo2":357.5}, "data":
[rows 0 to 17 of 73, columns 84 to 125 of 144]
-0.00274722054728575,0.19854187313622063,0.2807351394210843,0.17145091932823447,0.20160095002217718,0.4057165383895139,0.41831965111817154,0.4347499011444155,0.5385632327490947,0.5561150427094823,0.600656922040194,0.6415458386596766,0.5690261357443287,0.4807398463907657,0.4956834452601014,0.5106071073528358,0.32692482764810443,0.5110131127344839,0.47203606252881264,0.32358291557812574,0.29512708044155567,0.1702195040025462,0.1885833374606328,0.07338653955102555,-0.003923194857598109,-0.11707612875747982,-0.1555055011986327,-0.17379265209857322,-0.14048058259990176,-0.19262185756876682,-0.2458168288288556,-0.24037351830039638,-0.21153703949492933,-0.2054164909726847,-0.2489842643996435,-0.11002562680687074,-0.08705131771473755,-0.10094359661978733,-0.08762143173041087,-0.23014986276660315,-0.10193230757693054,-0.08182423722023
0.03593163920014554,0.14159411267377445,0.23376198632345796,0.29498466282008834,0.44347307682823167,0.37357312310583346,0.5194489594111579,0.4686031127335792,0.5170539952080957,0.48776320363632397,0.5501729238193633,0.6077608808287078,0.49389688950993316,0.4802628734792403,0.42917858990276136,0.5550383854266918,0.515906225047087,0.42655015692158516,0.4056333738870373,0.3183893938386754,0.22648726338646488,0.1603244169438565,0.1383645709241929,0.0001564796697476219,-0.034902874409275295,-0.14192760537265958,-0.10011698362125356,-0.16630399021092498,-0.13727193381623254,-0.1826080108307035,-0.13082689987577575,-0.1539321404379385,-0.22428667350700707,-0.2772382637794136,-0.11619135074873928,-0.11958602290556446,-0.23449467508362512,-0.20781392682328842,-0.2641838403901978,-0.2122448417570894,-0.11301658883107965,-0.05579110984605044
0.10154637776077383,0.10380424143518067,0.10019248347927129,0.32142307809553816,0.3666089755235946,0.5176149991821558,0.474257070928192,0.5366751252752557,0.5793969899942051,0.5535007475992019,0.5458712648738736,0.5851345600833833,0.5993690860542294,0.5722843378280611,0.5553286837618614,0.48309422783211803,0.45248872391385503,0.5197875186632479,0.3478946440338237,0.34765574180942965,0.2714208452962322,0.2753247456050056,0.09259820438593788,0.08166751395095663,0.03612261330465964,-0.12472464817910475,-0.1914325033105458,-0.08252049580529461,-0.15047838936036645,-0.2612091324193606,-0.14416842553287335,-0.2186217373647292,-0.26713077348516584,-0.20223491169959323,-0.20131052733384375,-0.2224828242933851,-0.2916033642015221,-0.18066209804459302,-0.16649262012987065,-0.1914579384885327,-0.18532705979890793,-0.0815950081609655
0.0430637917975743,0.0089145244388354,0.11666010345024007,0.25299483342918205,0.407593363974965,0.3954693437240345,0.4318890776748464,0.5445305236410036,0.5069288242003666,0.5193481743203917,0.6847761198417597,0.5558867209374234,0.5513985499168532,0.5687380005538937,0.5425676422889317,0.5135676529318604,0.5562934332327563,0.46057688386422624,0.3048506673242689,0.30425535125945374,0.36605795198905267,0.23357985122765698,0.2457651677170341,0.07195103513021883,-0.023114029118481035,-0.03652363073537759,-0.0695003395409978,-0.16524048985227616,-0.24193628390487057,-0.20624665077987492,-0.21638492286029218,-0.30496201104340437,-0.16734351008652493,-0.22327979025685,-0.15540276101075653,-0.31202372168356607,-0.1292413783258566,-0.2431391529062228,-0.23900069457829032,-0.2207896673517829,-0.20914892532851073,-0.1398363360456835
0.06074507725017666,-0.013211632603676294,0.12164383529404683,0.30867227312289613,0.40583824555967823,0.4137579370885282,0.5019730724366277,0.4859272337942582,0.6747885545700827,0.6358933647282159,0.6220682562757679,0.5874209315264372,0.5563206962121953,0.5859714141271424,0.4778071061696671,0.5888418861484186,0.5363253891014711,0.43257888555285406,0.3473840284774821,0.24314797267122004,0.3786587207945908,0.14598059095690818,0.14866356451210985,0.04455689350167228,0.06052132921833606,-0.11265448519344155,-0.07817839848744758,-0.12212064672082278,-0.24137855001314062,-0.27898646712867053,-0.1923215482018993,-0.24746357315828726,-0.24482161120620277,-0.22586323461765492,-0.18680342455491214,-0.16796214489935582,-0.14770737014682592,-0.14867696039197278,-0.30721671318784666,-0.24144370080941102,-0.1320195234878389,-0.1487302861828846
-0.10449857874652263,0.18888801900237326,0.13215770734172336,0.277941068750658,0.22998539387524164,0.3667464523502066,0.5195297944957802,0.4940122752702819,0.6347380871080902,0.6137955039300917,0.7023909847280757,0.5591260612566273,0.5302010870885475,0.7035278595756327,0.5109058832216974,0.6788164162852451,0.38871634211888534,0.45654369110427706,0.47976797222834794,0.33518641904132385,0.33254820247584754,0.1097137618595575,0.07616501181399292,0.043613429360881806,0.057876050921539184,-0.030419438091282353,-0.06299180890955565,-0.10179863246623228,-0.20223648871195207,-0.19118280289935322,-0.21341587087699052,-0.3010478211849739,-0.22429070683783572,-0.18408600256003776,-0.3421867127531822,-0.2526644195537795,-0.2978919544636366,-0.277625529493756,-0.22527393669167525,-0.12248891510985067,-0.10810964375500733,-0.11763811037977259
-0.013928834621057366,0.17488622369292073,0.23285139690760764,0.16028828864268183,0.4461925776770394,0.44697117297611944,0.5598976672705948,0.6073124063780753,0.5547968613520892,0.7013871366989526,0.6893819044462483,0.5368797435564631,0.5503480688653908,0.6064662315698336,0.5750685027673099,0.5480996008535577,0.3976953367281229,0.46931213101146535,0.30548580831179867,0.24942397552543963,0.2557626097375636,0.18596823144330235,0.08183068857666825,0.0033549787275523137,-0.042606406064311174,-0.022101815747259446,-0.14149364232928616,-0.19973755801774862,-0.20065838043683323,-0.288598398551505,-0.2604694312295611,-0.29108614037988806,-0.31046751708998993,-0.3025193930459219,-0.17503032229328583,-0.1724878298714681,-0.1974026808651824,-0.20974180286930003,-0.1547548280806928,-0.2732065447223081,-0.2127765763565389,-0.16004796472530952
0.11390467939330683,0.18439349678422282,0.16182661221661948,0.23788736892753337,0.4638281321059462,0.35052990408279755,0.42868270551335036,0.5051087617403935,0.6441161627805229,0.710704371403272,0.7431070521629016,0.6110702323752675,0.6918876762330318,0.6298801404587127,0.6919493234155089,0.6801924753106564,0.4740426100489493,0.44555690758800676,0.4794813142418777,0.3294300594679796,0.21143411006771431,0.21163012876429,0.17396231773581186,-0.012955353754740852,0.02602859255460373,-0.13461426316379463,-0.1935638717149078,-0.18350946778878696,-0.18031367338089985,-0.27721480165041334,-0.3077028690826402,-0.23648185357017523,-0.34116360529593887,-0.2851882064524963,-0.2776994824524387,-0.2794567757374777,-0.22482440767256695,-0.20932641841068764,-0.19999878351825848,-0.20788552297855617,-0.1571990737432947,-0.13420383384968237
0.1032641153420136,0.14188350855040097,0.23351422354186135,0.3681433729203468,0.3491123946795869,0.49049521999358,0.5665886050107484,0.6822975617678229,0.5471813942030884,0.7134290231063771,0.7186353615058769,0.6828375662221685,0.7082554414613402,0.7253163626996815,0.5958161724655676,0.5109176836107496,0.5278151321750494,0.5507350711849056,0.42472478486652177,0.3797529986535614,0.22830457108626445,0.17298339924132058,0.22460562491192956,0.019623431778640458,-0.06851329237670924,-0.04984263382510988,-0.18601536677142588,-0.171186875743379,-0.24325817794033275,-0.19533980335273887,-0.3475542841506436,-0.27007356604786015,-0.22182181084455058,-0.32610811157689895,-0.36769996916734676,-0.2845518986631171,-0.26845362556402363,-0.26640737104292667,-0.2393847722702584,-0.20607045076520278,-0.2064731675002805,-0.22082526253546914
-0.04543887484004688,0.08640824301687244,0.3029181574371896,0.34068732447288574,0.33523679997355793,0.35446848090238925,0.6574751753407273,0.603956037807498,0.7058473272928534,0.6357523693964574,0.6839197142837617,0.7262184869111634,0.5464853570201795,0.6773564336095383,0.7020302096096985,0.5986410950587255,0.4929396735043062,0.43714274621399385,0.5269353281859196,0.33764286071253014,0.35459878405988354,0.27169825881470316,0.15116621512874073,-0.009624870570113006,-0.0862022706791276,-0.10893379943871351,-0.19974077136664622,-0.16951860172234443,-0.256519687617238,-0.27304024417716405,-0.31630352791128696,-0.19056812226864236,-0.21900851861083215,-0.37429763824469175,-0.22658917191977693,-0.38069590038802753,-0.29613809443737404,-0.20702735616085502,-0.19076898236275253,-0.21470823670786385,-0.209625696716202,-0.229493039759604
0.10258185710588913,0.12993064066915613,0.3122305767297509,0.3726955227130091,0.375216831962751,0.5723569266553563,0.42197452323948403,0.6976916642942783,0.7486752871359247,0.629852290832659,0.6627184501050852,0.6022519990933765,0.5675385521773565,0.6376677091090274,0.6268584588876341,0.5904805215007612,0.6950170757941023,0.4256827910082685,0.572379808119181,0.3061092727212354,0.32269437869983375,0.3668326297193858,0.1788590041794458,0.03520110127814209,0.04798598821164429,0.007709209399970423,-0.2040318819278488,-0.16484017822063537,-0.23532651067864216,-0.2762962256665391,-0.2948579258102227,-0.30979248835525586,-0.3777520303520448,-0.31947011373496825,-0.34514503692739057,-0.38472833197738976,-0.30573443070476436,-0.2204713246313552,-0.22239832693125797,-0.3492904975792731,-0.29529122780052286,-0.186449465516903
0.08822476443482677,-0.01380981908977895,0.22955235124085924,0.35843696961826366,0.280521218830146,0.5692187057681181,0.6235416959038185,0.6920998916652732,0.7319174830184428,0.6670906709314331,0.6007866400528636,0.713001604766343,0.7056559676055482,0.7795880070421849,0.7069986144512834,0.623138546312161,0.6024489451951098,0.4763687540509511,0.46624493899323927,0.4608501208806171,0.32254059390479256,0.20016283827748382,0.16377879122056316,0.01279661976105319,-0.0842399857140141,-0.012016521218120376,-0.12071377657849273,-0.19601302809938298,-0.17498943002130382,-0.2637672691227904,-0.21745322769860986,-0.3637979662403826,-0.42733326196357696,-0.3716852091315876,-0.3657477523282022,-0.36312623467701544,-0.31590007320179736,-0.2786216297540542,-0.25998883328876804,-0.19333938773307438,-0.23361195263508858,-0.2737828025239098
-0.03857107940391168,0.030763565426170904,-0.0422672876028889,-0.015193893424759613,-0.020604537854943192,-0.060593905119191195,0.017583605023785597,0.026337492304633066,-0.03539421024265762,0.04586198294898396,-0.011073284288649567,-0.04342037582421068,0.04090206057312686,0.017164395764045864,0.00789864920927444,-0.02299128120916195,0.05887930961693257,0.036248945772894545,0.007821546079173578,0.020676527867957106,-0.04107929149633889,-0.023717636577130177,0.049713268799165405,-0.04378186525368532,-0.002892761452009834,0.05316245651189288,-0.04558901948483177,-0.03317218534230362,0.005332658653650281,-0.0532143038530625,-0.03303744295958512,-0.007440363943052422,-0.052358976726017276,0.01713730911193011,-0.04226504127770677,0.021875452787458526,-0.005876299180936106,0.0509014808438418,0.0545213307724929,0.04306373512743826,0.040788198871970396,-0.029261582591387888
-0.009590204532937952,-0.00021424927827099567,0.019690601527537883,-0.042975631868818816,0.009829837904339549,-0.029098635193830883,0.04532714514325026,-0.009147493027074719,0.033917347252930906,0.010912437256983543,-0.0027845324137114502,0.000748206394585635,0.02574699258952527,0.05252291349145336,-0.011043141685715255,-0.013196155170867493,-0.029538489884557192,0.03876554430056867,0.04664828658593802,0.04386195490795701,-0.008114610956416806,0.0608954090876204,-0.005767279928495586,0.011312094727407573,-0.023900005137885726,-0.041928827643933395,-0.045389862845975355,-0.024091171789969716,-0.02043472020814178,0.012332005211312726,0.04488817546212678,-0.0032688840078972277,0.03138006905782777,-0.022822212692948252,0.030938007755040728,-0.054345794231040224,-0.00733386135628171,1.621382307645041,1.5787483146316614,1.6950500444504302,1.671084006844089,1.6581087013199074
0.019781766739597292,0.05510056302355807,0.021945425653805844,0.043230392136382294,-0.03198211459439812,-0.02334456829108297,4.998113129472721e-05,0.03517683009770452,-0.004760778657174179,0.029921570081570172,-0.04563808032615574,0.015300553446444936,0.005104767820174376,0.034996611165772455,-0.0028480595911139625,0.06169482382393663,0.002777010588061161,0.002330155151999636,0.008407597277601537,-0.009265168898443844,-0.005311882272465952,0.010015085571678838,-0.05428311274017172,-0.007183802798074171,0.06759559020805574,-0.04405912314130603,0.0076475298806938825,0.006182483926547547,0.02412647843506706,0.019264837782420014,0.03589750578394951,0.012469176894994305,-0.006302992721060858,0.008217894573112967,0.00644559057097204,-0.0425200586883673,0.06390114361655264,1.5396158875278263,1.5618834759491373,1.7337278978820632,1.8391057464078149,1.6841911749377867
0.0605420531370197,-0.011611547885550228,0.04062943414866505,0.002777615012487831,-0.0381286747345292,-0.026825619438685736,0.011619418435709057,0.04066778617419829,-0.004495403594221061,-0.06332364319449967,-0.05367840284720289,0.05812173812188441,-0.0369353261838896,-0.02171632419624956,0.021552623963985076,0.008011379090505434,-0.010868273738359887,-0.02275357665194459,0.008458933993916277,0.0258293287750437,0.05228367639500731,-0.030881113704009665,-0.03246582644298787,0.013943139231194501,-0.018048854618875964,0.03379784810223013,-0.04269911871013383,0.07188175642837653,0.0037487993162575533,0.027615656553288737,-0.02440798552760539,0.03390313085726884,-0.04961520200876692,0.022193973442939097,0.032901011774206915,0.043268976587919776,0.04264107002884967,1.6363733261785802,1.6222927577527655,1.714932924075581,1.7433813091862351,1.7065148209532404
0.04653157620623655,0.04137625881325348,0.0376895172813692,-0.06090808259296704,0.055717608618029595,0.018498187498903872,-0.010788962340652039,0.022084132069555024,0.008890673541226071,0.0010589491059263324,0.061305121050608785,-0.0402431993983927,-0.016273855244096726,0.026066285918228495,-0.007980832668489774,-0.01703437494997454,-0.051284555589320165,-0.05273280925129138,-0.030185252335741125,-0.04522418861312428,-0.04127624284680615,0.0358101164048049,-0.034019479670517015,-0.02276475073152502,0.04908732577900055,-0.017863496846886477,0.04139683825379145,-0.021542211250754482,0.01635677601561249,0.034596432550134996,-0.009288063186747656,0.020840850184206842,-0.050466525216602526,-0.001376311042696682,-0.026357152196702587,0.008664490374867712,0.0480920117702882,1.6960186323492619,1.6916534459898493,1.6355405642073488,1.813494492559873,1.7686733210900922
-0.036805350176443756,-0.05019847786513744,0.07313840295877472,-0.041938047057788995,-0.01747535439094423,-0.01999648483428706,-0.05113787856970538,0.01566060335354252,-0.06567838731159704,-0.05450981187169488,-0.025276205786585088,0.06532203815612246,-0.04250887417536986,-0.005428356577655738,0.02535645391382271,0.011025595232282593,-0.061355588385805786,-0.008320367478087199,-0.04153858285574224,0.05576312826370586,0.029017564433908957,-0.03718824133617774,-0.03877186719792251,-0.019731728995330888,-0.0013641935928495636,-0.056474652828755245,0.008792485221332233,0.010407883910806987,-0.019128291063728868,-0.014105167633411323,-0.02474041558250637,-0.029012711630297346,0.06613483496732295,-0.03694965055103441,0.05896172271563006,0.0056007322985311934,-0.04089212925515731,1.5288669386418616,1.5355471635828397,1.802701675678544,1.6167656040647833,1.8479481010648136
