gfs-wave-data.json
{"header": {"parameterCategory":2,"parameterNumber":2,"dx":2.5,"dy":2.5,"nx":144,"ny":73,"la1":90.0,"la2":-90.0,"lo1":0.0,"lo2":357.5}, "data":
[rows 18 to 35 of 73, columns 42 to 83 of 144]
-0.008030523138302822,-0.020330581804466237,0.03092171558903811,-0.01081548049079446,-0.012996897125026729,-0.018526404644516464,-0.00783563567806898,-0.03584977781013519,-0.03238606460465972,0.012916854545163477,0.0341391597767375,0.0124643789782009,0.032489248572240836,-0.033457759355548844,-0.01546301058005295,0.018181543802066134,0.028898033924705083,0.021737471401615617,0.007267427976920056,0.00911485333407852,-0.01162022434260296,-0.031090788684295812,0.026090978112676397,0.015548343595367732,0.0020643846452383778,-0.030732426448283463,0.04401180261016271,-0.051476759369034196,0.02337308839690469,0.016514443263607258,0.006957230313379806,0.009115062089294898,0.00047632914580781954,0.014156149343657685,0.005964740049322748,-0.006514692780532194,-0.047069755447720824,0.021372467136558836,-0.0016336618236715127,-0.025876791010486948,0.02332664166176404,-0.007075006467549176
0.005581803993216161,-0.006446418550283282,0.018980844184337757,-0.045520406738213774,-0.04232672701148586,-0.029888543731250845,-0.02451250317574142,-0.0030520282079969634,-0.018488216088343785,0.0010862589529962619,-0.028898513142645098,0.011554620180306101,-0.029518965579697,0.022070669886316875,0.015480264113184473,0.01790994486768714,-0.024153309856537457,0.011487888686834534,-0.03397758577544057,-0.01714759440305433,0.003742469084876065,0.00022588069700679744,-0.00581945773767912,0.0040252313171201225,0.011639879995691016,0.01003050522038874,-0.022979610142326683,0.007660205707072361,0.023131398198393778,-0.051518713414256255,-0.019198221467748824,0.02695821247622688,-0.022031713740992373,-0.0027266616618097563,-0.004807374790344133,0.04400843613851105,-0.02473054166930867,0.02199666163613336,0.013734399803041095,-0.005765309044966273,0.0108159965810301,-0.019518787164655067
-0.0045212712485403934,-0.030225338400891213,0.032930693467157504,0.010592576766811577,0.011301146077581325,-0.03038337021360605,-0.01632690929398014,0.040844761477086086,-0.039193108850718625,0.013952510890528303,0.03804710708093794,0.048941083695638266,0.0002431430482337482,-0.022129919190103,0.02103020225428058,-0.028578975204412747,0.026418706698724755,0.019047889522873913,0.028842379647689674,-0.006758867615659473,-0.025139096470895208,0.019557353285525544,-0.009039670573470824,-0.0014303678172939904,0.007175695453901666,-0.02199541104474631,-0.016943403594114007,-0.020258690074715646,0.005740807490499928,-0.005342848997178063,0.03596201272226621,0.04430711962846181,0.003266744978263398,0.030438471279046503,0.005477632690921093,-0.0012167460917783396,-0.0227032241265813,0.03836014380109566,0.028747414483921093,0.02922015081733673,0.040153606981595515,0.008034997990790072
0.8422503706608646,0.7697958091027962,0.6903226249468495,0.7729832490342841,0.8214928658333905,0.7113434003123384,0.6470516163142619,0.6439644215489092,0.7068528694976415,0.7343780053424017,0.7785967685534538,0.7641568105820099,0.698522437954554,0.6405461984447806,0.7117348115530249,0.7138262257131859,0.7937649573353315,0.7257105307895649,0.782691136896457,0.8989769653665156,0.7701351693973872,0.8719985489831363,0.8849619976410322,0.8956426486231878,1.0655765764213632,1.0726377272109902,1.0396428199174108,1.1576926204800724,1.0754853354494145,1.2213633206965313,1.1305335422074996,1.0771158340146807,1.1960951733915763,1.1092923555977323,1.0669958264046986,1.1336864322853677,0.9737384790025949,1.0917019769591478,0.8958480839092693,0.8274234956083628,0.9417198886725113,0.9473023505471766
0.7778492427752022,0.825734251472206,0.7431284377538395,0.7006028402519556,0.698958718107386,0.7291673041066071,0.7468653782731137,0.7262686194318589,0.6691590474419296,0.7555403357806405,0.6016087611333693,0.7218881786671186,0.8498551687761794,0.6670801780897856,0.6584556320026509,0.711499441632709,0.7487918894118484,0.8912014707777521,0.9076217509049652,0.8421760954131966,0.9378961270101885,0.8462162716898038,0.9982413605290494,0.9609013500103962,1.1340271965228421,0.9888262142300787,0.9847039406764122,1.1648660364234817,1.2348647311875938,1.1220730110544959,1.2669753553975551,1.2285151438522994,1.0430922921432308,1.0284683446608707,1.0076604323352805,1.0454140032698924,0.9389339953700102,0.9371523871748654,1.0681670301937272,0.9500493456221751,0.8752671176649587,0.774933007627139
0.7578047469239513,0.7766956677320641,0.8490207699750678,0.7017322001512877,0.7336410665772738,0.6364342149276181,0.6168527330393212,0.7227765851620472,0.6269113580147341,0.7234463598873571,0.7609907050939425,0.6111647293399911,0.6257124113863978,0.6141708784296812,0.7426148637106251,0.764639274155316,0.8434996162835956,0.8896581340028848,0.8372855053298466,0.924481817564961,0.871993353900477,0.988606555937068,0.9850460822619118,1.026623031734748,0.9347531711393159,1.0762507420005258,1.0902456736516122,1.0089172130387667,1.0397414689858584,1.1052335444426309,1.2427226938208122,1.1718549442528297,1.2244041319874337,1.1587089989839372,0.9494994233080395,1.0271067565420404,0.9992357302228403,0.9614404667336622,1.0077326121274355,0.8975978041738215,0.7907135614057031,0.9059448705814345
0.004676157907051425,-0.025690494734252566,-0.018873515111124544,0.015543706222774895,-0.038126201415681286,0.00772306005233731,0.021658529519111992,0.006043109714222168,0.022855788708345683,8.160687007288455e-05,-0.002724440972476078,-0.019351492877644583,0.020005145547518425,-0.016022083896967704,-0.01157536035246534,-0.01321191520198607,0.03535762687274548,-0.03374680116245862,-0.004389983762739043,0.004344884451145432,-0.013660300103834688,-0.019827130360769545,-0.003482104418505727,-0.018058847387574625,-0.012278961516730167,0.00327471789049215,0.005960263364840522,0.010287707796703113,0.012284147129884801,-0.022988528620518728,0.0010563136267749654,0.02199569115995343,0.03318146490018072,0.02297438200891415,0.015214005402174923,-0.01965750657906894,0.003450272653105305,0.03293111733877236,0.009091950422059814,-0.006266136620130265,0.029792387301167404,0.0075736070110576075
-0.9436827835332834,-0.9358431310080723,-0.8741116290777531,-0.9219149648612058,-0.8467316656267219,-0.9530035922402975,-0.9266653912741282,-0.8471071785598545,-0.9417909941845648,-0.9102560621704393,-0.8848789350054289,-0.717102587163415,-0.858778725089976,-0.8265178532835477,-0.7810224499312012,-0.7862151020346319,-0.6438610961000092,-0.7372612996337707,-0.6748168759637239,-0.7155585182047807,-0.7382263452002669,-0.720699592407282,-0.5742881925486091,-0.6581617362262229,-0.5887393429788869,-0.6507342679809253,-0.6129205003602265,-0.5111173355556421,-0.6606009513610117,-0.6669363806243135,-0.5299237101660272,-0.9704622864094433,-1.0950646600642617,-1.0141082976067641,-1.03450835757625,-0.9085449412049622,-0.9706446349467822,-0.906403714364757,-0.9010505150952428,-0.8601182997712671,-0.7615822008195041,-0.8406440707923253
-1.0019221041038446,-1.0696033731563692,-0.9579744652038786,-0.8268562008951597,-0.8428057371162815,-0.9123896551366291,-0.8603478665776999,-0.8106761248314875,-0.9415176988693986,-0.7806772762525527,-0.8169005450940069,-0.8682558553498669,-0.6923897698997126,-0.7022961649626995,-0.8230985085664444,-0.6444450850215865,-0.8142830776219013,-0.6034948863728727,-0.7043234643857847,-0.7197859390434205,-0.66749889349134,-0.6985844768450643,-0.7438114687735301,-0.5980664358981794,-0.5875329257799563,-0.6772996234892533,-0.6492389160795344,-0.6900058345259141,-0.56584619947974,-0.5422170434088663,-0.48542463906101074,-0.9721733421468439,-0.8886810343255017,-0.9786327844195193,-0.821619507479071,-0.8146436291183721,-0.8395320457568857,-1.097812411547366,-0.8634166334894576,-0.7690142199122099,-0.8764346432990411,-0.8101430446214545
-1.063455855104296,-1.062937678445457,-0.9058534850450076,-0.9383056174419696,-0.9195855269183614,-0.8622329219342335,-0.9119326687036567,-0.750179211507731,-0.8037218698309783,-0.8227974232897367,-0.8158387949057603,-0.7148688372872071,-0.7692237544563929,-0.742733538766329,-0.8483054377617831,-0.8213813305742589,-0.705843476297873,-0.676425569692235,-0.6772944095361471,-0.6366929021946407,-0.6006947847470626,-0.6332388306342427,-0.575420295464794,-0.6424230369073782,-0.5709343649942561,-0.5289193123904486,-0.5812203170155578,-0.4695062799169326,-0.6614277915269292,-0.44759784107009354,-0.6298104496452601,-1.1083603464144982,-0.9959400528829964,-0.9523904479613441,-1.0084899910749023,-0.9540930604338749,-0.9127743235787271,-0.8796733198251897,-0.8782924140498397,-0.9254907308499474,-0.9332396223843846,-0.8001708305039098
-0.9093024710010426,-0.9851194740098819,-1.0326874046601002,-0.8670486237303752,-0.9170258292370098,-0.8265505416682148,-0.7892757057996613,-0.9539795623151683,-0.9268869391317477,-0.8386353882579799,-0.9083331911184712,-0.8471067825738761,-0.6394706813837691,-0.6764681465451959,-0.7611042121247175,-0.7346721991115672,-0.7494285551947371,-0.6241499894303988,-0.7479955007558032,-0.6201774528922868,-0.6526005564675428,-0.5884624289167493,-0.6969247241768094,-0.5632031288980309,-0.644728294398463,-0.6687262180412233,-0.5678696420263649,-0.6271883607742856,-0.5238826377784286,-0.4677558151488299,-0.6017232914217384,-1.062378884673316,-0.9758958307740246,-0.9331979994657805,-0.9574179062119816,-0.7616801416252579,-0.940427387762892,-0.9857774431719276,-1.0442874789292194,-0.9460736186343062,-0.8074996272021029,-0.7357399765331645
-0.9412501106544121,-0.8693871396764539,-0.9667975012346987,-0.873769806558312,-0.9002823460857854,-0.9255685283148558,-0.8048923841357762,-0.7488542000822951,-0.9015329443885371,-0.8488855240496632,-0.7514117978939311,-0.7482433222289075,-0.8006804077233161,-0.8282851908050524,-0.6351585185581328,-0.6503686852644721,-0.6243808448273325,-0.5930659844308942,-0.5930147732373373,-0.7126485130252557,-0.6818997161040411,-0.620431406659826,-0.5922881154813231,-0.5820605630592026,-0.5823239510626083,-0.496685003471989,-0.6789214658108673,-0.4706991661489368,-0.544850484814172,-0.5008735633980982,-0.5414249448770443,-1.016452327871547,-0.950950263149234,-0.9137389945446152,-0.9623609113229936,-0.8148363403453805,-0.8462001192693381,-0.8992556617958571,-0.9373219215119917,-0.9319769957875557,-0.9688400396728036,-0.695713044192383
-0.01397142042440259,0.005440971843873409,0.013688628899466855,-0.0015228446281423077,0.011803235563240304,-0.016526559481808922,-0.01876817706543394,-0.00284784639333222,-0.005894769502413753,0.014139125435518533,-0.013107075588633105,-0.007651296481596018,-0.0016555132077595391,0.020335427427019603,0.010914352388882234,-0.03405130989259151,0.029848291773571796,0.00897141628785756,0.015202746079622883,-0.003727330373878782,-0.00986978356392209,-0.0022942033028329587,-0.027151723756996753,0.001504872603305526,-0.005247207461343538,0.017371296918133116,-0.005135489932783307,-0.015287277363262861,-0.011675962198690468,-0.031909274702912105,0.005409727511773977,-0.0003877865441815623,-0.0036520519411165136,-0.009039619413559213,0.01391254088032414,-0.031075765522589154,0.00463294211558704,0.006706847413458269,0.00808629490728972,-0.020820025060918162,0.0017919734999830462,0.006009518372785857
-0.2708988358658542,-0.40256018437823904,-0.31500926551814984,-0.3123811181057789,-0.25635232854183454,-0.36309678512150617,-0.21047511645875672,-0.1776047817335209,-0.21098582794813764,-0.2189707119549429,-0.16865569271847863,-0.14329588808770655,-0.10483627815583998,-0.23324625882396047,-0.11410231569993756,-0.13343553440830475,-0.17018948909556597,-0.18895328096281133,-0.1958198341243485,-0.09420927395373982,-0.11295813189995885,-0.1778395656041402,-0.26910638161208267,-0.2744813172813246,-0.27634593782976846,-0.4126237562544736,-0.5358578265093012,-0.48588956882015477,-0.618207658828748,-0.5129106145890603,-0.5134730584648731,-0.5969198227385293,-0.6516268036533291,-0.6055027910990165,-0.6533437993587087,-0.6970070982804288,-0.5260248401235214,-0.553772574660281,-0.4493432932621824,-0.5088818292468058,-0.3337062099864531,-0.5567465505191165
-0.31631726468845356,-0.2356869920045227,-0.3206049791669664,-0.2988397999981686,-0.23608454258427314,-0.35667095945480704,-0.1856731614801148,-0.1498324408080501,-0.17883042380520775,-0.19462612990236883,-0.26383281196982755,-0.12293476164544852,-0.07603733111054237,-0.1528887901648557,-0.08632872478615346,-0.10621799754965297,-0.0973349809125203,-0.20024470540653727,-0.11507583844569265,-0.14328868670983233,-0.10407092672411826,-0.22647490354322034,-0.2566967572848128,-0.259711443581029,-0.39362967142014804,-0.35257814247548824,-0.4015289669202783,-0.48604167536327497,-0.5088520881826555,-0.5722835437951581,-0.561492576058171,-0.6503100433273082,-0.7175530066559583,-0.7500208468183996,-0.6977097114029366,-0.5489107307411253,-0.5396296871995012,-0.535935400335304,-0.4937555274904559,-0.5668462353710441,-0.3987003323016574,-0.42516486956290805
-0.2872296949894137,-0.2849907991502764,-0.21831651487860299,-0.22090638539926738,-0.289604681063666,-0.325661674389971,-0.20072643527791412,-0.30963960347794983,-0.31012338244641,-0.27170483816130414,-0.154910196075879,-0.16942094396709498,-0.1890117622986838,-0.14020981906275234,-0.14654871891563762,-0.12090533188751554,-0.09636874208304932,-0.18080689253293844,-0.07159480489434625,-0.16620375504016327,-0.13559655240107266,-0.10826806617928371,-0.21020104077092994,-0.3025005118996826,-0.31698822727895126,-0.3567331461054391,-0.4138999184220593,-0.4745736842891026,-0.5577353794011347,-0.60770148494895,-0.5228963531997083,-0.5748711955734145,-0.6784360861851259,-0.722925844199832,-0.6281422463025584,-0.6871710640143274,-0.6142462813949809,-0.5026539470017556,-0.4810066088147829,-0.4547872415195049,-0.4260178706848724,-0.5132692701546511
-0.35078983518111534,-0.2245402576033139,-0.2511763913162705,-0.2527506522443829,-0.26818866801908425,-0.3345347405408971,-0.2950017782096921,-0.2665034692275839,-0.15649263317835496,-0.18862663764810475,-0.12444656821058712,-0.11272937563346311,-0.08375638352492665,-0.1694101598257662,-0.11965567223832005,-0.18199919257807165,-0.08996530102651891,-0.10936318430408296,-0.1808655897696531,-0.12400640525333885,-0.22507181782620414,-0.1839810737448636,-0.1726155994660122,-0.22293392162073847,-0.3674425852501856,-0.30765419387508564,-0.4365603084221523,-0.34292025418955063,-0.5387275012556385,-0.6329204644912942,-0.600147770050917,-0.6756444650362008,-0.6642692482999513,-0.6202575975820257,-0.6041246609010127,-0.5467523972393321,-0.6396724083175295,-0.654331437267282,-0.48240147887677143,-0.5965895918879374,-0.5903841474634773,-0.561432914320051
-0.2139762517675355,-0.2582933491345551,-0.3039341573294105,-0.28104329366978714,-0.2616553173472886,-0.22163236927580232,-0.2921433104076473,-0.21994122157351376,-0.2963587195385134,-0.13520507647567054,-0.20020121293318002,-0.15278269701106129,-0.1917959462848349,-0.11390199830999498,-0.0760611406696848,-0.06443085378448916,-0.14456556038847182,-0.0909503002825403,-0.09917502091202755,-0.114245245234899,-0.1964568233962437,-0.22383978809245583,-0.2710722865959417,-0.17944682164089348,-0.32682645870310023,-0.3056986907529967,-0.49680746277382004,-0.4239436071691682,-0.4202169902899814,-0.4780773532250717,-0.6298763963988715,-0.7056766337657032,-0.7040532301355595,-0.6653769346148963,-0.6158019574161809,-0.6355246006981703,-0.4669707101447215,-0.62339533207186,-0.6297899061789952,-0.4620537995245336,-0.4907352343218355,-0.6392187449255701
