gfs-wave-data.json
{"header": {"parameterCategory":2,"parameterNumber":2,"dx":2.5,"dy":2.5,"nx":144,"ny":73,"la1":90.0,"la2":-90.0,"lo1":0.0,"lo2":357.5}, "data":
[rows 19 to 37 of 73, columns 84 to 125 of 144]
-0.003580870652726771,-0.001919091746824122,0.017244645367073083,-0.010547241560979609,-0.011285427116759329,-0.002809833193184724,0.013755642549378349,0.02614520811661762,-0.00571720428648522,-0.0020650254334598256,-0.007277402984819601,-0.010255902890452298,8.18864023293972e-05,-0.0007248633797426916,-0.02100862609177439,-0.014476419889336435,-0.016851939927153135,-0.00473333170425818,0.02431950418836272,-0.0027827553607237456,0.0064636145282808595,0.008433788856873504,0.000256701002983127,-0.0014797092883270502,0.006471685339587454,-0.00039401298861056305,0.0023249393110027997,0.02292512961877461,0.008970970116218654,0.006100009050866664,0.0007109870412446881,-0.0001805363551908593,-0.013369176843319754,0.020698228007419044,-0.00036997504692982947,-0.004248875055986856,0.02964743002681984,1.3588157246007622,1.492927070579665,1.295595266944438,1.583277651212124,1.594827429842755
0.006250849486548965,0.004895805541412114,-0.003643725346715503,0.004300702791832032,-0.0005634393695613395,-0.0029736406206704083,0.007711419588812124,-0.007094186383078558,-0.00019709912247413406,-0.018696966087633427,-0.0033501640473115784,0.002560840475608967,0.01286564155238156,0.0033951356690904446,-0.009037572437297966,0.002535661154478861,-0.0005481407603589694,-0.007931769261815845,0.014897646495361487,0.00788067153291757,0.0034508189310097216,-0.00440504631349872,0.003128107661740693,-0.01184429052357597,0.0014868643610998877,-0.0014007451138072428,-0.008842138586250176,0.006437429499556165,0.005699811165774941,-0.01800465207163245,-0.005672380644913321,0.012257315472238541,0.0005668023137395289,-0.006676336691977408,0.0006889914711969753,-0.011705483249717099,0.030826484881818907,-0.02045312807178002,-0.0024030705684588427,-0.00933546117875936,-0.005327549171948914,-0.005599215539948967
0.6943576956777098,0.7691040533027997,0.6686491865589383,0.6597813065635848,0.5764970978594766,0.6940199930994215,0.7533276589954027,0.6794580771862683,0.7480062233503976,0.5584991989649783,0.5938042171962178,0.6648796653345532,0.6496514088195658,0.6452426457410151,0.597659120742484,0.6336657530369394,0.6990028042836562,0.7136659280329328,0.7117456403051111,0.7403340894148365,0.7384890183939385,0.7741033108113137,0.8062707873552658,0.7435036109345425,0.8464173098102522,0.9031365755147782,0.7471674457754137,0.8916928168335316,0.7919458294318857,0.8548930996729139,0.9197424339067515,0.835496136016383,1.0264378708838207,0.962384420525841,0.9516520468127896,1.0058801456599864,1.0235303014031572,0.9821135715549437,1.0484985775751354,1.0454154909901676,0.8979462618003284,0.9703452264247385
0.7796419527808894,0.7164255774709476,0.6178352499778659,0.7290652541565253,0.5888574899716249,0.7359169096545342,0.6311946444083871,0.6967672367353804,0.546610177979358,0.5930053737300662,0.6327889074887019,0.6516971301987953,0.6640161652981444,0.6923214748316336,0.5491652082408263,0.7024644923191683,0.7853420495467532,0.7176958763963422,0.697290932560036,0.7413880650614154,0.6830945623621485,0.8468072449519384,0.7242922756070376,0.7282915979814876,0.7420423420955821,0.8182723383349777,0.9141828839495876,0.8172920179285798,0.9018446891970966,0.9063336655298552,0.9903657780851479,1.0012019919997999,1.0134137531969796,0.9529381786982887,0.8992285575722192,0.9786264666098966,0.9408846205419854,1.0199587836744965,1.0321506045772388,0.9928413824906677,1.0094615968882943,1.0496713382779197
0.7732072401393177,0.7630482637040767,0.6053488280216444,0.597123409067411,0.6161481348385398,0.5882362328684727,0.7165878031776549,0.5715058371453471,0.7433474280065557,0.6681754173086428,0.7085220522272108,0.7192105143686008,0.7353197723360337,0.6682332457762443,0.6322738490370571,0.7357357427444912,0.7094033622808068,0.7137620368857481,0.7339836518693891,0.6787522241738458,0.8050230105932681,0.7185703671122565,0.7715578526067526,0.8897271986461243,0.8221829575773135,0.7910726804851669,0.7776466261471062,0.7750989127949574,0.934049201852843,0.8476695564399764,1.0188916735931062,0.9886130418041373,0.8924514675893578,1.0892502656869087,0.9364578606039259,0.9769463779968915,1.0284995673147734,1.0898194294205363,1.0450148764448897,1.002084701077939,1.0837008860748667,1.1762178564440446
0.001726199880258539,-0.015504465859380732,0.005383627538711684,0.004146733828796012,0.003705557814558627,-0.02820631554035599,0.0005642135661683191,0.007985758012584812,-0.010382702536282358,-0.003358030486830889,0.000789738469094879,-0.006729897067259,-0.01849939146580385,-0.008588298870685572,-0.001606743857100936,-0.011789222390816685,0.0052391378590507225,-0.004136267498460316,0.0011553206301212087,-0.005137036132210193,-0.02034723591814745,-0.00427992213958091,0.02610494531615455,-0.00940175203366167,0.008274439985057261,0.003696246108445053,0.02300886369226637,0.017492565589505894,-0.03128665092931561,-0.005512354945778449,0.003208212050505907,0.0001749417912319526,-0.019678688479790356,0.016280806063740945,-0.015209848443178369,-0.00048607466669063116,-0.011501213736532857,0.006060210233667824,0.017830376604499067,0.025811225335855104,0.005213514895855264,-0.006837174306981786
-0.8261712910491454,-0.810564193679403,-0.8539526080726737,-0.6713081576543822,-0.7914562565485956,-0.6475590779199545,-0.5882556206841104,-0.7766003065138951,-0.5947348732056716,-0.5719776240691092,-0.5808614306703825,-0.6393348671042235,-0.48424250313601064,-0.6115762351820676,-0.6217291586977023,-0.4481867143731205,-0.5866059736899109,-0.4411070046156895,-0.4967140262625962,-0.41438436460097433,-0.5222569501712924,-0.48943705409611094,-0.49303409689363187,-0.402495709757246,-0.3726913226306191,-0.38921484856075234,-0.37445690407502796,-0.5716439815012426,-0.45220549051564735,-0.4813831314904227,-0.4217161366599759,-0.5104520506728082,-0.3523530452908297,-0.5109879425560113,-0.4331092092714812,-0.42375071087767396,-0.3547284061198534,-0.5255046638196603,-0.4243699420349325,-0.4369983241773565,-0.35509694680875137,-0.49807673464070423
-0.8205819843272629,-0.7843471051892993,-0.7707574558333452,-0.7152723984175735,-0.7081836509447399,-0.6437282021031733,-0.5753254076019073,-0.6011428361939692,-0.7514724898681499,-0.49542514140571264,-0.6337306176113112,-0.5841736213165724,-0.6955193429452057,-0.45857467353825676,-0.5642435553026055,-0.6461312228815488,-0.5140550615712292,-0.4206180403112535,-0.5465084891416998,-0.45196239951784023,-0.5318576359882174,-0.4378418752557536,-0.5767912967927151,-0.3683254410394737,-0.47266696676040365,-0.38962351978351883,-0.5342716627064068,-0.35029801407128686,-0.3231974522815392,-0.38078677387864657,-0.47242063614066926,-0.3641157481847694,-0.438912165263236,-0.32117508481611484,-0.37221895748420064,-0.44945915007068404,-0.3671302027855132,-0.4172096315123212,-0.36246825709985503,-0.360611117451295,-0.5003372900513199,-0.47755703143137396
-0.8946597481527316,-0.8048794577028198,-0.7788706423833734,-0.8234099038360072,-0.8042609033093604,-0.7821797480705956,-0.8400049608109333,-0.5679764602166226,-0.629251496329174,-0.7881443559417884,-0.6399182271480521,-0.6310071228112746,-0.6326789846920798,-0.5959547404794348,-0.5402101799068033,-0.5305947553924848,-0.6501643132526512,-0.47866739635725386,-0.5143072050448426,-0.36791046328932514,-0.5713877128796463,-0.47180596731835367,-0.5752048359051946,-0.44292323623531865,-0.5490591934559823,-0.48912167324985417,-0.3772182969130473,-0.358201909435015,-0.30434000095478647,-0.35975628804273635,-0.3333649059667732,-0.4114060154951843,-0.3938985594013392,-0.38419060962067203,-0.4255910429474296,-0.3778749539010386,-0.44024022176960914,-0.3777620733850114,-0.4085446658870184,-0.42507312301080086,-0.5344718787680618,-0.36364661479818555
-0.6810528199315344,-0.9574505849392764,-0.8640290471973001,-0.6411799823997482,-0.7998957860327088,-0.7047714942240736,-0.597855936036826,-0.6530775086336345,-0.5612336167410168,-0.6911624643434457,-0.600936009201583,-0.616162254586772,-0.7068100803078131,-0.5245678983112305,-0.5110016060863654,-0.5862191327280785,-0.5535485595257359,-0.6457246113200884,-0.45243202336337696,-0.38346320406259954,-0.39892848150239846,-0.4284750395552724,-0.37656067639146457,-0.40385962992142865,-0.45603085993233516,-0.3993014503146832,-0.4549548384199649,-0.5345636740022289,-0.37302545870795206,-0.5359532543566276,-0.45835285218437405,-0.3172237934174889,-0.39375157778520675,-0.550339924212118,-0.46295451803427534,-0.46145758340834964,-0.4238544874555153,-0.3360509879025317,-0.4234127373572057,-0.4750991780385453,-0.5461962247472715,-0.4204311228457342
-0.8791157632850225,-0.8799839241626923,-0.7008781551904948,-0.9006891270870667,-0.826286275508514,-0.6770730974633218,-0.7080157720219464,-0.8062712589620571,-0.5553295482558797,-0.6113678761094845,-0.7452085669136139,-0.703444878289332,-0.5954463493821552,-0.49943771629055456,-0.6465259799650258,-0.6510071458255111,-0.4283225640812715,-0.6172077344799755,-0.5654681327404143,-0.5563465583948948,-0.4421915784098376,-0.4655638772582555,-0.49694312678740105,-0.5155313451077551,-0.37584523898836725,-0.5830954138619316,-0.37727552012135335,-0.38529062572236866,-0.3570069447562268,-0.5585836949354016,-0.45727613913454984,-0.40823667757575915,-0.4646292154146771,-0.38322951260778354,-0.45196820889569356,-0.46280690591786505,-0.5301039397247297,-0.3470922764000372,-0.4154679721046038,-0.5008425436107301,-0.48729742745903626,-0.4136949432212533
-0.012044677978162856,-0.007122783891830277,0.020141789543463785,0.007426955509093697,0.010148202595284261,0.014675949169704484,0.026289279797465554,-0.009653446265908947,0.017920967319191888,-0.01675176839784952,-0.006412936830261764,0.0031836753065173033,-0.03192273243198678,0.01679758291717431,-0.019223794782233974,0.03774557379751982,0.012407300136532353,0.019268115487261962,0.009872504373153434,-0.02409581103205059,0.02427529572144123,-0.014056381687844998,0.04115430747939885,-0.017707884951960788,-0.028490496721367466,-0.0073126440397124496,-0.004311143804497427,0.029182053086522334,-0.0261443485868246,-0.014154989200827457,-0.03395329785831376,0.014017408034476871,0.027698474711788514,0.0028616396858816657,-0.04042940950112554,0.018159930269794452,-0.03241640508633247,-0.019246962047189817,0.003539082611152545,0.0013328026772449605,-0.0009485744631650507,-0.0014291621653676
-0.4741685310736579,-0.410958927102977,-0.438937304829677,-0.5413700064060308,-0.5436564740530592,-0.7948614829864046,-0.851116233016464,-0.9885860516695131,-0.8551652176960901,-1.135368412141948,-1.1076522019413844,-0.9765030822653059,-0.9607021807372709,-0.9475991608030029,-0.9188810856884322,-0.8943968323787884,-0.68368079777094,-0.642970778502174,-0.5301225133378863,-0.7126280014457276,-0.4363107323344579,-0.4733493999072151,-0.4000148276373515,-0.4178875025288281,-0.3560215120360856,-0.30411900149370663,-0.38505489280941585,-0.23965303636952687,-0.29479400364026803,-0.281369871969891,-0.4545292179546857,-0.39500743945308625,-0.33473070795799437,-0.43323438000724773,-0.32990010155079313,-0.41776011525090145,-0.32123217297767986,-0.2999432071302234,-0.30121072330936466,-0.22274861243566982,-0.28486353064363074,-0.216079467493315
-0.5737276919192661,-0.44093801858339066,-0.5844340713792865,-0.6250005223173158,-0.7985003494043121,-0.810228032157763,-0.7035543981906198,-1.0140890503461193,-1.0243803314130155,-0.9378763382306572,-1.0553415843331033,-1.1007780025899543,-1.0658082646184917,-0.9789018024964131,-0.9161378021310635,-0.944010482694844,-0.7465533114881338,-0.66094231048742,-0.6755846475589403,-0.46798786953874144,-0.5097896062539966,-0.4530781829278044,-0.32957182405774577,-0.37933547610102936,-0.34726082302750044,-0.45030455707927464,-0.4443125001279656,-0.2643538082823035,-0.31020760106331413,-0.3536503636977562,-0.37365002461109664,-0.3097248198580508,-0.4243128487583166,-0.3575454904421907,-0.4661432371537936,-0.3710331847832646,-0.4453460483393926,-0.26213822168551204,-0.36435701648506424,-0.3122859169324966,-0.21326635568037494,-0.26833225895956136
-0.5338500818614146,-0.7065648273132883,-0.6281530795752579,-0.6443931132598965,-0.6480345401612562,-0.8402992873736681,-0.7093599964648035,-0.9933811033325577,-0.893838278582203,-1.0478298910304265,-1.0884636536052648,-1.0302049328432081,-1.0395796976473501,-1.0190872618814022,-0.8940142363723649,-0.8933403539091127,-0.8316845346389631,-0.799143694163436,-0.6078761526611884,-0.6872122645958302,-0.6916867323255984,-0.4832358988134566,-0.34633585353628965,-0.2922237196279237,-0.39251458066271844,-0.29618985485731697,-0.30280322257581904,-0.31817971943161805,-0.3419586136391113,-0.37807052194607077,-0.2696658417508151,-0.45575686551942696,-0.37689238770131095,-0.3560894251941112,-0.2880603115533703,-0.4704785171448097,-0.43930122268442096,-0.39084155913196966,-0.3854055347974376,-0.349734960537135,-0.27758385173045474,-0.2908942087484522
-0.4633858838932624,-0.5671405780921689,-0.61353098768804,-0.7885962174001997,-0.6221851880185962,-0.796992583623441,-0.7261177992119364,-0.8515243880364987,-0.8939106776311353,-1.0497986956249967,-0.999103778002418,-1.1152575952751838,-0.9803440464559185,-0.9555879916997373,-0.9493751901488771,-1.022717139724588,-0.825681965537062,-0.6539605332393366,-0.5683505298269529,-0.5578098972788068,-0.4136076919528899,-0.4740435846682759,-0.3229373382009354,-0.28260666988657845,-0.4358027797795027,-0.4192706328115625,-0.3908187639975423,-0.24899739505209764,-0.3663362359986425,-0.38182285449962566,-0.44325784599687484,-0.5040989938305351,-0.29935669311901747,-0.4336741352828782,-0.5040919950429368,-0.2995812582154626,-0.4253775951406877,-0.392605115747078,-0.2837644333670403,-0.33421469554481975,-0.3436391459920117,-0.3372972972178159
-0.375627005917545,-0.43557973422294544,-0.6709681423513277,-0.803546006083961,-0.6166544188814693,-0.8198301335235744,-0.9017229057202091,-0.8356485075142986,-0.8618988217194533,-1.095428812654824,-1.0826915663254177,-1.1836599444162292,-1.0809892818572595,-1.071844935160604,-1.015056708287177,-0.8910800757680842,-0.8329979876209636,-0.7305830899278883,-0.72444853400111,-0.4891021800274149,-0.4314010069451564,-0.6190242347334035,-0.3602491270817919,-0.40645606481883284,-0.5009409922227663,-0.35619441626937287,-0.4378220887597977,-0.3915692598095966,-0.26745571447705985,-0.2840721400226813,-0.3611373090246852,-0.5010966756049341,-0.3239433946292244,-0.3625595752043537,-0.3677176747910359,-0.32638008490436615,-0.41928795871105917,-0.4556962750481676,-0.38840221793795415,-0.28723589298571395,-0.29083665796865216,-0.3451844038886457
-0.42027070724042914,-0.6215542845580752,-0.6821984606042505,-0.6160085769797697,-0.7057886624803339,-0.6425856331362834,-0.6717783264143744,-0.7665557897452961,-1.0090245119932462,-1.0755162279268098,-1.0460503520446613,-1.1359232105918704,-1.1725507683137444,-1.0562385421666514,-1.133391927381438,-1.0279277506762061,-0.907368209161371,-0.6642372060848636,-0.6853368647921639,-0.7625123430436672,-0.43246553212975375,-0.3882102043891196,-0.5053900085473467,-0.4743745644707922,-0.48053142076074695,-0.22690052025201463,-0.2621366154695066,-0.47288186726333575,-0.37264577498046586,-0.3475582028398053,-0.36543724723761056,-0.3457052600033664,-0.4375254370204153,-0.3930434397575583,-0.4287965378851065,-0.36668791096353015,-0.3548759538389343,-0.4476027228567251,-0.37313236614161716,-0.3275242556398294,-0.3279441766165691,-0.29153151097520674
-0.44635974348183033,-0.6247385426537365,-0.6153864171391522,-0.6670210835581086,-0.6651809753664346,-0.719689878275192,-0.7573132854270902,-0.9112299120195826,-1.1545754737165541,-0.9981047514173923,-1.0566555497392704,-1.1226704211374332,-1.1937136161368778,-1.0855803702367666,-1.0878112991154343,-1.006202785628475,-0.765174904608964,-0.7036117889908695,-0.571556550941383,-0.6653093403649367,-0.5421949750649994,-0.3435902821526918,-0.4888835986457063,-0.29339325982290565,-0.42601171138957844,-0.48052570865032274,-0.41717524374120835,-0.36816506900678964,-0.4152151171557054,-0.38715414731516623,-0.43328947316405186,-0.3778974446205179,-0.32491418486679374,-0.4849726893147181,-0.5311318926988629,-0.3779904768440127,-0.46244641209908305,-0.3429365049486459,-0.46674777157295433,-0.4486770978220152,-0.3291572471250708,-0.350092148610513
