gfs-wave-data.json
{"header": {"parameterCategory":2,"parameterNumber":3,"dx":2.5,"dy":2.5,"nx":144,"ny":73,"la1":90.0,"la2":-90.0,"lo1":0.0,"lo2":357.5}, "data":
[rows 38 to 56 of 73, columns 84 to 125 of 144]
-1.1021335473145815,-1.0688725792568547,-1.0322130880716391,-1.0730550423943876,-0.9852705167162548,-0.8752542039397864,-0.8945501058199393,-0.8558019303128644,-0.5310537163729143,-0.6597512221844805,-0.193726305023223,-0.17061471395690372,0.030103912163052325,-0.023664593748256805,0.3012603407118885,0.28713909291479583,0.42223435532212195,0.5127701720994317,0.896236537588502,0.6936994806295904,0.7886442349603264,0.7244506471227498,0.949929279664425,0.7769051619457658,0.8075995520044766,0.7851492691856296,0.8223892907582544,0.7174407026263209,0.502117462005195,0.6356821705044289,0.4334272582168238,0.4948934912475756,0.41409643036796284,0.13823903277018007,0.14207193079094524,0.0229853699379491,-0.05094783320339759,-0.09091523393875717,-0.10112199249500589,-0.23551886689145213,-0.21015143151629043,-0.29377122581249526
-1.1580256774907771,-1.172867172364241,-1.1595491669171283,-1.1507349257582502,-1.0542205562332398,-0.8689675471040975,-0.8532239497702087,-0.7864465958668829,-0.8175813178824504,-0.6893078133578117,-0.13796060057809775,-0.3216966592026481,-0.15041404443867532,0.26167838472981053,0.42511985239305844,0.4982858574897327,0.42109278699176067,0.8580440477702563,0.7359194282209539,0.6527399617890988,0.7146845359881956,0.7515569198993842,0.9068456933213856,0.8862631370934141,0.7650315937864387,0.7726548755835161,0.6467400618377476,0.6754892780675991,0.6516445794824278,0.6783542162593136,0.4461585866393268,0.32477098756086425,0.21748356942600267,0.2115239151520717,0.11873017188357976,0.1149355470292519,0.027808967308424835,-0.15443300009146804,-0.19720965395888815,-0.13982488367062096,-0.1617658671621185,-0.27694768591593405
-1.0492747944706917,-1.0465501040605387,-0.9889714287134463,-1.0822981836235017,-1.0580251783858596,-0.798915003543131,-0.8088268330596016,-0.7341314798741221,-0.6381605142893271,-0.36659370080406045,-0.12423188401987575,-0.19385570639717592,0.10910249410336324,-0.012342556544890679,0.4577088443976031,0.29156315840774766,0.5695671547095237,0.7652006541522846,0.6842843294072325,0.8043920704212455,0.8812450526329454,0.6478922090216819,0.9355090329917056,0.818819803799743,0.7285902689864996,0.7883392255967633,0.7799074280409596,0.5980258900552885,0.6724412913317362,0.59631571850993,0.41811764819078096,0.3829829124562673,0.4073732671999973,0.21595538057520075,0.24273917648759186,0.013589985736811163,-0.06362665176706592,-0.11435825918496015,-0.1942157465095109,-0.166489777580295,-0.30226916352562844,-0.27272156955137083
-1.1923477752563305,-1.0831887809488285,-0.9542092252849071,-1.1521006960843445,-1.0742956512096147,-1.003867380697172,-1.0034795760795683,-0.8313159355795813,-0.6485171103130071,-0.6031039759258763,-0.21530229821319816,-0.1626812349949173,-0.10663382076793677,0.1239398610850615,0.34685721230460437,0.42924847096950236,0.5142949606667445,0.7896856013983062,0.8049300509274588,0.9032521851823941,0.8326342541896177,0.7248761177298109,0.8534195129065364,0.677977276925195,0.7000574793888064,0.8579048376270679,0.6041219126158593,0.7507526395426466,0.5926338844471503,0.4984354984033878,0.4964131092741869,0.38338514169788096,0.2722862993088324,0.19708600932415654,0.24621572071048498,0.03654840556986448,0.03983266047608647,0.0033659431458380245,-0.17477323839011166,-0.24978570902805983,-0.25696861897355006,-0.2955750820501557
-0.35835431626678527,-0.2896997237302266,-0.2869252053049521,-0.46038213544440487,-0.42929524699251215,-0.38884699034818015,-0.28736389255354283,-0.2783621716592576,-0.2946911286689844,-0.46617080663650606,-0.3925556168798108,-0.4331241135672579,-0.47915850745170563,-0.35272442014601796,-0.45391317110661505,-0.2901666598780337,-0.4250149456795881,-0.3015059951926447,-0.3473778326210102,-0.4116716139174525,-0.37839773867317117,-0.4037830478485121,-0.33106480713403824,-0.42711807853100536,-0.3198478446711995,-0.3679722619618351,-0.37029943260832415,-0.42609312325195414,-0.37663873802955067,-0.2966442643657807,-0.29987401242527056,-0.3955260080232113,-0.3207773097081636,-0.37586315246262875,-0.30513946366558253,-0.38976752960074496,-0.3279211110681534,-0.30074051752521186,-0.3754383703196185,-0.35099375202317745,-0.36183156580356496,-0.41225383211646205
0.5167380720904804,0.31734120830168533,0.4769612697724567,0.4327134816222499,0.5543530311065419,0.5189901326485018,0.5451210119155973,0.2585969574792169,0.19548564406012203,0.22723653098042584,0.4529814266753433,0.14062612198046684,0.32899003079283595,0.3099030230122977,0.36804462955128936,0.14157260314619124,0.32706488211608487,0.15607683375680842,0.32946050397432725,0.2421251641671647,0.22936360281125964,0.04881340222303406,0.31299054116799263,0.28922731160742354,0.06266820820371378,0.024984583088573452,0.19199253807903133,0.1618770943068238,0.12708259882681447,0.1143816866678863,0.2303978511631496,0.22479990261008098,0.3057764725691088,0.14752356330377997,0.1568276354095813,0.3331103726946207,0.2698959095350356,0.26180179638490864,0.31058327357269133,0.07133124007934609,0.31959242949105515,0.2008230896329603
0.6152797855132514,0.4505326071746436,0.535219358950914,0.1883608824524065,0.24471281666947278,0.28975341879894073,0.4026576276032198,0.3707445903193533,0.42413852135185987,0.12599130894996838,0.23600111729701623,0.155125742970658,0.23760160562953014,0.3105455188572514,0.32428841255516655,0.3788409308975767,0.28428724397021027,0.0339541937265257,0.02192231015977513,0.21648363031144596,0.1637012701967058,0.30904970620202826,0.0917749936342865,0.24525257396232503,0.17758299429588797,0.11611769464262271,0.22918766031429466,0.22073498858616358,0.28116251005140613,0.18538427529636087,0.14242457899586042,0.1432907231873353,0.26691489155353343,0.2402679780513085,0.2472488473488975,0.035278882697185106,0.0989417698583084,0.3010887874578338,0.30705862135516293,0.18435323110733876,0.2642580050571806,0.2846006422622499
0.4872910698712551,0.3935489892174293,0.46753123603341556,0.6034421550718672,0.39349322719107094,0.5535701251694253,0.33388404420298806,0.45681705974304254,0.13744227741007237,0.08848301395763385,0.43474195083861666,0.19051532724476916,0.4180414606811147,0.3445395789302587,0.29070165918280355,0.20475491739627158,0.2290110302657978,0.0925339622989636,0.3723361034510358,0.07215758826964716,0.23889881194622833,0.3129266546001144,0.09944711271668974,0.24779591749384156,0.04600925096853366,0.2783297867274796,0.06399467242948828,0.3415837820099762,0.0231633282766925,0.054696590942900775,0.28924328924181286,0.3214638090506759,0.09098220872385146,0.07804752292904972,0.15471742256806037,0.17744696992031692,0.12420735017568502,0.24862425267854898,0.15710918378503338,0.20142936120048363,0.31632622804019617,0.11457669828846449
0.34844356241002866,0.2806425265963687,0.22613406856929577,0.28480747653724336,0.5250779045488054,0.27983186605237503,0.12448339486618658,0.4800092729175705,0.4439183196046959,0.17085587295373078,0.4126008832201674,0.16936602424270653,0.11473702558251893,0.36715251661835274,0.35860705172112983,0.04791968681133591,0.21492244250712003,0.23796006959808888,0.14704257285087144,0.012820593570811986,0.09368938554828633,0.03978344553027181,0.21970868541769498,0.08058551336377731,0.07452055800472902,0.22134669053563735,0.17156643427638005,0.09732104410762625,0.012805508367312013,0.19783818709111564,0.16546132642110264,0.23367942738774541,0.22453791473123372,0.2861906606322742,0.1334117515206621,0.1689119011836883,0.1003103569607136,0.30923447838249807,0.24650875441760953,0.30514860774344904,0.3232526641685483,0.18519152771214958
0.6189324871298082,0.5338875077139523,0.5799011093484254,0.36477553911621247,0.17352766686251428,0.409573985686851,0.4417258513630667,0.29495823986040665,0.2697621489702545,0.40931491913664875,0.09644564728520282,0.3571554241639416,0.25384476747527984,0.1496369281711933,0.28082207226486033,0.1324017421812671,0.2979089372917639,0.2441113568337152,0.12849197038008447,0.10566642746845822,0.3318551137161132,0.25467358428266706,0.1419915056486911,0.25739001955183305,0.15774569971777005,0.04813863033987425,0.10307846107434443,0.08194579952309787,0.1598128508319369,0.16152108380821428,0.04252651715656912,0.061206456239711535,0.31001199821133324,0.0760836067566891,0.32424297745441066,0.13816742021073763,0.10452048102722046,0.1786140539591786,0.10749657458209834,0.23888434810546358,0.32264463705269686,0.22663947419752262
-0.35812126246764325,-0.3914337764669475,-0.3216318457230034,-0.40071707013586105,-0.38417235494728913,-0.23956750209036243,-0.3368940773130379,-0.31039279249857055,-0.2235263698954994,-0.27717004671913303,-0.31208150968193515,-0.4103358108926088,-0.2609537779887444,-0.3588151063093296,-0.37853002683481146,-0.3416323719225342,-0.23875164556868234,-0.24570333371615136,-0.2679618560921886,-0.39292889715344753,-0.3381142817916176,-0.2278344595286424,-0.23285929307690595,-0.3719040354565,-0.2848865638698348,-0.30370531861604,-0.29029711551783216,-0.293948919541469,-0.32144407774872635,-0.23873593241927538,-0.2370714636750952,-0.3890570328804177,-0.34904929729197914,-0.36947017472121396,-0.3456871206379835,-0.36453683996683145,-0.36180079968671747,-0.4221249388918337,-0.2498384986587097,-0.39228965285025347,-0.26581886426174084,-0.2492275875450763
-0.4137094370987646,-0.5373445966669632,-0.6074315058615453,-0.5960894441146175,-0.43163753278848044,-0.6266376777749257,-0.6252909820391143,-0.4697233924348056,-0.3749722879093593,-0.3314801723984158,-0.33187755918890954,-0.41874111790753843,-0.5046859618547876,-0.4601049940660029,-0.20071483790264513,-0.3372569281344805,-0.210472276598465,-0.15654314925252302,-0.3459766893978334,-0.18075568190837948,-0.13377826732945478,-0.16257932708970113,-0.09514031592959764,-0.15258346607378986,-0.11804541903029517,0.15116200976859379,0.20527275292154634,0.09282509911272675,0.2495185100358483,0.06447212751739574,0.11267061119634152,0.3467804298930785,0.5946354034233867,0.3071843118803986,0.43968450126110437,0.7500200620159635,0.42749256412803877,0.760379372381211,0.8454698075951067,0.8355469556149234,0.6177989383191076,0.6832863035071473
-0.5232470762539458,-0.4031732527963693,-0.5503918653191963,-0.3710243316794866,-0.4846232042589653,-0.3663428022780309,-0.3654626017369028,-0.33443879309155083,-0.32076286193260983,-0.5559564616224607,-0.3176337921301682,-0.3912745783383022,-0.5031049565096776,-0.31194962064386433,-0.2864586349825783,-0.4470906821459232,-0.401190768468855,-0.15696882545313945,-0.19370085975907178,-0.3009661526749201,-0.032949258543234654,-0.11757959726627601,-0.007649100178849531,0.0384283077773524,0.1455550014916476,0.174412492085581,0.26906653800059965,0.11861809624292327,0.33685318915459206,0.2777120099034381,0.13335392889889447,0.3670896991223815,0.38151908928525297,0.28570020855231737,0.5278760651304656,0.7431092553936081,0.6220043530735153,0.4849158650538938,0.40089718552055853,0.6657708987423774,0.7341151334956935,0.7462003544617777
-0.3432101834172959,-0.3093252412965946,-0.4413376730161289,-0.5267208864907831,-0.4950044238111243,-0.536396980844555,-0.3322418383599794,-0.6242580132482951,-0.433966688186347,-0.32921013160566376,-0.3298645289944032,-0.3097233080109737,-0.46412232428131434,-0.4483095660982117,-0.37253365787264825,-0.48372706158748935,-0.3806965161105867,-0.15759879878744532,-0.36727477103735917,-0.27153400062066874,-0.19221240019406632,-0.19802143641457634,-0.18567378410771335,0.033888538558272736,-0.06524835342147853,0.03290465236685735,0.16999423438331243,0.12733061838363158,0.13772562979526662,0.3949452593536005,0.21350391683455933,0.3969926120377396,0.507666691671312,0.6157924154805501,0.5372630543307246,0.33373255384481487,0.49698157621756667,0.6878421648038784,0.7587777356438009,0.7336500742038676,0.7763503022396427,0.5911413352252968
-0.2420324008771299,-0.36017002014973265,-0.29489263626167456,-0.1850398624543444,-0.33063361617811493,-0.33014084530856247,-0.26542197063906237,-0.37356344776933814,-0.2421265444261579,-0.17642011709760114,-0.3102023875809631,-0.2492896488858716,-0.19631039730006747,-0.20373989258410918,-0.24048240842912647,-0.28780473384674893,-0.3512871894919147,-0.3678903922357324,-0.2055271195302543,-0.2824743129055818,-0.19768205678623413,-0.18563522520727574,-0.18500734487423362,-0.3213947389970721,-0.2505082013783776,-0.3221462030091294,-0.23808145784782295,-0.25563871997784166,-0.26759473217882696,-0.326351934126275,-0.23711182104504805,-0.26648704250292277,-0.25624370631171367,-0.2812052186552351,-0.3284920446047956,-0.2234662204302713,-0.2450367801074142,-0.3485029654111088,-0.31353460838524694,-0.28925535232262434,-0.22201564905959334,-0.3627802603818617
-0.6986833854354595,-0.8907243566480835,-0.8870124397329683,-0.6377423629969128,-0.5696011986329534,-0.8556937828820795,-0.6574885932784691,-0.5717784672464541,-0.4698806132562287,-0.7327734238670648,-0.7170666783662198,-0.6439055800452741,-0.708788109891005,-0.6247777446024056,-0.521901111726811,-0.340491437851805,-0.4169935495269891,-0.3818846683268079,-0.21658377659440556,-0.3369217310615066,-0.3012266673093233,-0.11438842264415836,-0.06608753096820737,0.03918120039255459,0.0746152528499869,-0.022760938306511224,0.2997659227735493,0.36031797278529126,0.01075529774151973,0.33568949500427614,0.4569021903341411,0.24344224972286427,0.2605041225210336,0.43854949414614436,0.3018977101560128,0.3715323957163462,0.671993091409344,0.753397878716702,0.5870821992331076,0.4965771034186814,0.8234971935269324,0.5565554219632514
-0.9825583818044958,-0.7239100519152905,-0.709010867134343,-0.6328934500203659,-0.8634211826542064,-0.9440550076600063,-0.7783238859910505,-0.6542491105960553,-0.5093854633980907,-0.7153468964744037,-0.6089934485449467,-0.8459650766363345,-0.5677685875282931,-0.7405863020658612,-0.36350735345028984,-0.531735278184739,-0.5891023077078048,-0.45452226264419154,-0.4275882316254783,-0.17019547976396232,-0.042247490491171595,-0.1483342164632149,-0.2966550926033797,0.01649952497594778,-0.16154989489832397,0.12401219640655044,0.017348281590068,0.18726178266388863,0.3369581913165459,0.4523377633690234,0.32150725796715407,0.4677794340288524,0.34519937358773994,0.48605142604157264,0.33096926035516366,0.7145072953664181,0.7122856590618183,0.6692356518157941,0.6040761946661941,0.5736922695582551,0.8497564940017225,0.5019003266320712
-0.9054395209120856,-0.7792513464303658,-0.8099355500375037,-0.6757048583421951,-0.8272272814300454,-0.7467613852472434,-0.9492849603630692,-0.8205013923084891,-0.6956767159063436,-0.5113907701681735,-0.80028205166858,-0.7093925264827535,-0.5125655479049217,-0.3588497247188649,-0.39239239102874013,-0.5633767453733554,-0.46076696643674336,-0.3117153053067465,-0.1851448542064606,-0.14744838358576198,-0.1382372725540523,0.028323326090937843,-0.13239988491549534,0.12524548717608353,0.18485219058043645,-0.0837803948881481,0.27715589045532274,0.2660349095995253,0.36720707784693524,0.14486984035508335,0.4154234573526173,0.21016257657088439,0.472779863737777,0.5685654148338694,0.5127839153278447,0.4484467431229992,0.5005485498461408,0.5423114434222156,0.47248838476012384,0.7346179799813136,0.5923788147591739,0.5712801947815835
-0.562981420798058,-0.6672491865118395,-0.4741526748627594,-0.9839266378915634,-0.6298485525578458,-0.8571399839929555,-0.7401344657966311,-0.8107831202100726,-0.7649137610739724,-0.7792756418508484,-0.7634077044437217,-0.4209749548883872,-0.4835767442671432,-0.6750448146131318,-0.5757589966427523,-0.4554931116064728,-0.4130151818537723,-0.5351347184479812,-0.4708717328135714,-0.3773756847949887,-0.3498322409576079,-0.15367452369230664,0.0823215079999815,0.009687733661031159,0.17065154058602416,0.05860669671513705,0.09669149830975565,0.3325666259866287,0.042481973200957,0.41027609366714335,0.3710575059160109,0.4543478908317624,0.28168464767394763,0.26492109112232765,0.5927181344723169,0.7136936564651942,0.7563887165008049,0.5302749730340275,0.8082154477744722,0.46530562402416786,0.5035558163696511,0.5202322363531356
