gfs-wave-data.json
{"header": {"parameterCategory":2,"parameterNumber":3,"dx":2.5,"dy":2.5,"nx":144,"ny":73,"la1":90.0,"la2":-90.0,"lo1":0.0,"lo2":357.5}, "data":
[rows 38 to 56 of 73, columns 84 to 125 of 144]
-0.9941756763844493,-1.0130452588142282,-1.190027372231419,-1.0077617019209941,-1.1542995136154628,-0.9178764265076254,-0.7971289128962026,-0.7707356146483066,-0.8688402037560157,-0.36985560006014406,-0.4640496270430455,-0.18600764741968817,-0.05519632330302662,0.05056567011536657,0.4745603722744716,0.5487398665469121,0.6916830644051681,0.5652929982587578,0.8186621486308568,0.8382947110960906,0.7966629815890444,0.7968705681025025,0.8711876732826678,0.8568011040744833,0.8451283306724444,0.6047426739436929,0.7158073569710838,0.6306794949096585,0.6391778412797469,0.43287933577117266,0.38228536484042264,0.4888588010192726,0.28987291038715224,0.2672810184462066,0.05720633557305398,0.07761679763898244,0.04689577638004817,-0.10565412083877679,-0.2070409065547625,-0.2685057539309984,-0.2745825658973816,-0.2510576444349999
-1.0451426872759362,-1.0552802684503346,-1.0537567710644855,-0.9143767564039932,-1.091974093473854,-0.9629151627806123,-0.8205506222932912,-0.7079637465509643,-0.4854057111848852,-0.3940076566006158,-0.5253639758287934,-0.11333399147166949,0.1791300815857715,0.3663202351366521,0.14611067869770056,0.3792545092501162,0.6018239145260847,0.5265135046285477,0.5917501920981477,0.7552032372966461,0.7240444820055626,0.785567196873455,0.6913554840288962,0.7206831953672022,0.7579540105378791,0.7928082641810029,0.694035688972241,0.7032506243361005,0.537774373317635,0.5370897377115907,0.5142405882704154,0.41152490261161884,0.2264882672958278,0.16363380387578008,0.08285834669022542,0.07211204532318882,0.07894045904925683,-0.089885219145896,-0.1390235193596813,-0.12092175138021685,-0.2631024056609143,-0.29209868059942856
-0.9204022525902013,-1.0203482403760427,-1.0048524727322115,-1.0699215022008177,-1.017287140698449,-0.7700496622966021,-0.8922247644634789,-0.884287362675098,-0.7854234630300829,-0.3638013104960542,-0.16119799198481685,-0.08568593297128044,-0.0061237558156772695,0.20998825389700165,0.2324749377010417,0.42768342011114185,0.4277852326883733,0.697950854112312,0.6303654841316096,0.703033614913421,0.6569063690567866,0.830929248836347,0.8125405143644252,0.7282232684639198,0.7436590356936169,0.6981516462592507,0.7393366139699225,0.5267838356635179,0.6419422788837951,0.5226723929023808,0.4970257843749125,0.3848427082420168,0.23860328260930247,0.14578252069237474,0.12934702367863202,0.09714849860058687,-0.050084512413939665,-0.1436601577301876,-0.15296826878876607,-0.18762719661352248,-0.31890583377546194,-0.3379699645197811
-1.0374987377555334,-0.993760102782712,-1.0596013254964358,-0.9556931736433318,-0.9049167737260699,-0.8660717645783608,-0.6676649244672904,-0.5878994336533918,-0.4164540164404295,-0.4828066839984003,-0.1533941385290225,-0.3129624145980121,-0.04068196939148898,0.04945546461038914,0.38806201324338946,0.3856274752570621,0.5833360438572065,0.6376106015024088,0.6116150330688773,0.6789581473929889,0.7957959860314081,0.7592794073566073,0.8113919684798591,0.6835550035282054,0.7304712801051799,0.7324891795813091,0.73461099188608,0.513895166260521,0.5170934383889549,0.5593380232774382,0.4893692717410625,0.29698632979890643,0.26978381390663514,0.31019239597539483,0.1360439089730046,0.08423178148796998,0.03778589765700468,-0.11277150563719451,-0.1736942093831708,-0.15549674316736087,-0.3030734175066582,-0.41337123154677163
-0.321746730381299,-0.3108754097531893,-0.33655553327624244,-0.27829335298576147,-0.3522539014864314,-0.37718418297012685,-0.3888722713146391,-0.37327444646966756,-0.35554646856955263,-0.36302480358389067,-0.3256093434827905,-0.42480757082146603,-0.35917873540275097,-0.3887563449194106,-0.4044303524735967,-0.47741109318658215,-0.2809202867722878,-0.29735011235038483,-0.3760643476691083,-0.4421065181951308,-0.3766025163876641,-0.4455304628778592,-0.4371012252101041,-0.45962566880865524,-0.4475696260735312,-0.3155501158160925,-0.3979612749623006,-0.36161904041823073,-0.29454378470833464,-0.4133940239639156,-0.45375442022736473,-0.35496307992060416,-0.33361366772450524,-0.4516646234632368,-0.34940343588991063,-0.4586105842835929,-0.39257196329687694,-0.340241706229768,-0.37986221169363993,-0.42679718817292456,-0.3127772242569279,-0.28164171779158564
0.5503683807115328,0.37829421084199977,0.20279048513825132,0.49723354579081813,0.5499125391036696,0.18773017912491757,0.35644506343674714,0.34465828857499875,0.16764155196130556,0.1998997546166848,0.26036452908424956,0.07593833278993496,0.3811933219352341,0.28546775861042123,0.15082755035034834,0.2545648369372834,0.3249352645324872,0.15555991111840722,0.1300496965661002,0.2946312878037341,0.053510473850555546,0.03144697677865714,0.12501290838602458,0.06377359601528501,0.0006232364903983185,0.09020603142327784,0.17229475607491293,0.09039684398718881,0.22608714511028766,0.23789497156414235,0.11729754499773029,0.2459844182758829,0.050544472894530595,0.3232309760961846,0.2857512606533268,0.3407252092756715,0.10262722648790168,0.14949840009646884,0.28795026657808265,0.11804389247192525,0.2528790916085954,0.12270278191333972
0.3089925633864673,0.2700610662384918,0.19870245671578038,0.2401354536106335,0.19276470612855043,0.3556069811006777,0.4671494575168027,0.3635024371160937,0.36096758074737584,0.3995723053900434,0.33077524630555377,0.2579984345199215,0.32726507008643846,0.37095216662408237,0.07602796796960949,0.03763281732995796,0.11298108352095365,0.1595470471200142,0.20151144501213913,0.021941450218261906,0.3095750025037783,0.24302597833379588,0.2162711895087765,0.10428303860103706,0.14405948009516364,0.13941362644242497,0.31061196756273945,0.06789154235427682,0.2674176840053745,0.13890054850059477,0.06238086536664154,0.06415633586359588,0.02059323818949636,0.19238558845402445,0.06214062428334343,0.07569084601025394,0.14754262558128814,0.19527103153671851,0.25610701490845456,0.0842811998964555,0.18131126461655567,0.2360637115646128
0.43171943079898917,0.48761801090612156,0.36894589444341214,0.3653745506753205,0.20483559409974997,0.4653273701428006,0.39630579488469353,0.5164936098531419,0.19686364983877225,0.2541850880972104,0.2917335796596883,0.12893893219999134,0.20393249818739037,0.3327123277376347,0.12916922860094626,0.07592868442301431,0.19283855878979203,0.22565137961498516,0.1648277819027652,0.19234246773543218,0.23848667487078615,0.32760810940040286,0.27320697743529004,0.099332242136463,0.15609159978357,0.05218320802713216,0.2918545980484695,0.16949522645994675,0.333604078125411,0.07330495467282035,0.21365695726606757,0.1346348193893496,0.2758769764719471,0.2492394326405581,0.3101571399220194,0.11576788877122982,0.18665111194948578,0.23296718059404542,0.20388178119441305,0.1836516576372218,0.21998291074510817,0.22439525238478625
0.5352801518160336,0.5170124370066966,0.270399694835263,0.5197224439043072,0.23068884660577255,0.26232374824989085,0.43757476728910377,0.44966452440918436,0.1920813750166901,0.36943864822114386,0.35457812700606794,0.06612609822878822,0.05407079714736784,0.18675016562234809,0.20953976727709991,0.26633921332421984,0.3389189253027315,0.06009725611380324,0.3325320113658098,0.32991360833028505,0.2868068204857243,0.14373403408901853,0.03196986846982633,0.11676690134078715,0.03141877627759331,0.10337521495595954,0.11203551485906812,0.22204788963930952,0.06590787991430827,0.1608738708554286,0.1570695798965038,0.23709275205860444,0.16379011075010483,0.06140305102754787,0.03759468553068829,0.1375707289333915,0.15791574955051635,0.09812388342416972,0.16724828143639608,0.2493027251407331,0.2768052713357831,0.11061006653281578
0.3029081663224652,0.3682043736580505,0.49925160126981094,0.3758078249580908,0.4640307121013309,0.18156792479778033,0.16579543572567781,0.1205739572508939,0.3565979779776351,0.35382099339161815,0.36855583663810665,0.23040173019274876,0.17777448535749724,0.05196323521274465,0.24440605541639404,0.290218198193395,0.10044153657836292,0.23907899164637544,0.08709993517065501,0.14505305805524757,0.2952192075899466,0.21534917059082168,0.15999541132160933,0.30933881133081786,0.21014397269205176,0.22059233506888887,0.1322409200070471,0.027314490305841953,0.10221536482553126,0.17358006049911345,0.13731024501864203,0.043865992067905736,0.16705907177661225,0.12253359817246484,0.04279014441938717,0.0913537867455383,0.21601318870909805,0.20230676123411065,0.29935922595048653,0.07519473677092153,0.17905862231071848,0.11586297854603075
-0.4053712241589096,-0.2945378316619405,-0.3086217553294852,-0.39142274232382573,-0.23975237380287998,-0.42260428329191174,-0.40264592949609285,-0.3817647134416712,-0.4247590513144017,-0.3197283495099791,-0.2342414028400936,-0.343207315477437,-0.3559603994496873,-0.3702260685830809,-0.40842470767425076,-0.3788386788207397,-0.27196225417765785,-0.4094128032511408,-0.31402617864324006,-0.24221690890577485,-0.2965668482736277,-0.27209448851639645,-0.4008180612553332,-0.2632137883816755,-0.3792265742050781,-0.30047293698525546,-0.2290430869062743,-0.357785053257871,-0.39419912555896347,-0.2915007559424916,-0.40908247617896265,-0.3564394249283364,-0.3259695039497371,-0.2850574387499949,-0.3248789233266395,-0.3049269356961443,-0.2841736543518716,-0.30836497231755433,-0.3963786119603025,-0.24983172106758073,-0.41308484404819845,-0.38836307142232257
-0.4421433264999294,-0.578976688852563,-0.5899991708947241,-0.33669849578603633,-0.5099336349762382,-0.3634835605811155,-0.5136357922476247,-0.3905364795709952,-0.3170184718312743,-0.6059843347685387,-0.44181153848812554,-0.40248886498880115,-0.39416423462792594,-0.34100768447319363,-0.38589342848465413,-0.3029271062060432,-0.3081818173175621,-0.2345349692377904,-0.19968407580229988,-0.06443384335608689,-0.17756781886124182,-0.1400147278589774,-0.17847535921290028,0.09997104471107876,0.14448906884821006,0.12117671953906316,0.06806192490445924,0.11342768852514308,0.15492869919181282,0.31083974302871714,0.29409470859308784,0.25633278049770386,0.4439052062979223,0.34437193740297334,0.5571575482755481,0.6931845577412687,0.46125085924049974,0.5445744499463265,0.5503070668603807,0.899070778988394,0.5789364202230902,0.5389421614889975
-0.3095472210388246,-0.35304719554876923,-0.4303934509802512,-0.4230110484748058,-0.5691361247479433,-0.571414207057365,-0.41748329039279014,-0.4765444498355518,-0.5329445293873075,-0.4443505623860636,-0.5138850774795215,-0.35458805476173416,-0.2916315499275288,-0.381749992751201,-0.36853601727512547,-0.3542778876712956,-0.15126706021158104,-0.2308412040380997,-0.19844110826060624,-0.251418621333298,-0.03335924405638908,-0.15266791890206505,-0.21895314392031726,0.04814568401258612,0.007112401971494697,0.04877338575123124,0.21580649348591072,0.058840954211540605,0.28116923296862356,0.3482340557284493,0.434379601091238,0.25664936881480055,0.5485256831545073,0.49059849226601565,0.34778985187875955,0.4696885086232441,0.6836544504261493,0.5153074876752644,0.7333615598875588,0.6339753568737573,0.7309582428584191,0.7057800134232577
-0.3448949022648192,-0.4103508301659145,-0.40564548880910123,-0.35117701222949177,-0.37785466113106503,-0.46953114386258443,-0.3612655003510976,-0.5711053530632956,-0.3772635713761685,-0.42770321434009695,-0.5591824234286514,-0.37826294908839675,-0.23926852756445816,-0.2410450691193697,-0.3351307388769047,-0.20030433017532137,-0.19717834103952783,-0.11606220998604316,-0.14914365014825082,-0.11948704277055841,-0.30033749057841586,-0.23248378305658543,0.015139484090616771,0.07996613420582396,0.05430023066431795,-0.0458975948535271,0.1774922412383811,0.12585569032977192,0.27647531507801215,0.20969292236328443,0.4095012825307356,0.27008025046398054,0.287732688271974,0.5004239911349749,0.3766741098240427,0.3341058056048512,0.6467932290016861,0.40248675164722664,0.8156246251959653,0.5504049545256315,0.5021923244622514,0.5500743536486539
-0.36341669090495854,-0.2557144918768175,-0.18604215240959462,-0.20656940355319087,-0.2669766475043034,-0.27527293301733435,-0.1775468033413069,-0.26188677986308784,-0.23259993857654915,-0.2150589617276832,-0.3508137925597785,-0.37409871349747537,-0.23321416460958388,-0.34020550208605294,-0.34626247286367107,-0.3299923103034113,-0.19126977048602065,-0.25862471797602876,-0.25808273738728077,-0.294972702929836,-0.3216102404517286,-0.3712633648966144,-0.3341077385845424,-0.3108775967697666,-0.24971922813424077,-0.23394923629845624,-0.20870711836118505,-0.34129358505877977,-0.3076460280222443,-0.2679700746526987,-0.23024047878675774,-0.3439066012542562,-0.35754885225518934,-0.35620868950955237,-0.26095032065365414,-0.2981854935750689,-0.24111388351085558,-0.26607933295478525,-0.32399277371249696,-0.2878849193320873,-0.21220419749690111,-0.18378314255516298
-0.5725865103376834,-0.5648593355896377,-0.8843331570335995,-0.5664175682499094,-0.7654471431377631,-0.7635594478003103,-0.7467911039699783,-0.6035080446282077,-0.6126962674422298,-0.4627082295420881,-0.823496335478269,-0.6280627186782407,-0.467343304918739,-0.6347800926039497,-0.5056975990018052,-0.5233956341310828,-0.5203998210195842,-0.3403375917178675,-0.3883034167540514,-0.2703035601480806,-0.023838109450236206,-0.09741625820015978,-0.03865095720444559,0.08417848461954676,-0.1553516402929889,-0.013318715209245081,0.10581073549957441,0.07786201471046027,0.09825585322012755,0.09964113922717938,0.22694036117581523,0.43184291078394593,0.5287922756625258,0.681853317369014,0.6749644986127591,0.5906537464673178,0.6972525673295759,0.7132308362104853,0.6259548586153929,0.7333139436629759,0.7182234306489482,0.705831885170129
-0.6452249088610786,-0.4793266327721495,-0.9437148068737825,-0.8371143603309159,-0.8712798700624811,-0.8568664580232153,-0.5108241573117984,-0.6517650030988087,-0.5372041300624938,-0.7094203204789251,-0.7966489700394646,-0.7299713807260346,-0.6358663341512282,-0.796150356683619,-0.6966454061435364,-0.6113490050915487,-0.2232910877802268,-0.21595544581512263,-0.44824773762031683,-0.43278997041696166,-0.34667448122772204,-0.16440122903847765,-0.08322139576886023,-0.15339334724670717,-0.11561791060425601,-0.1541806420905588,-0.03468835702337292,0.19504497246514435,0.22434105545071972,0.06794581150083603,0.25228952079245354,0.4140809959710495,0.46980542371208717,0.6199538279222254,0.3531493930557795,0.6320847149722002,0.6979443823369251,0.6600011364246902,0.6905310401900994,0.529647269851086,0.8343737879091209,0.6457399943334518
-0.4910120894149565,-0.6995253422608748,-0.9186231993433326,-0.8780664318103392,-0.8586517649933716,-0.7496984705852431,-0.736939691232313,-0.7952107761633915,-0.7922765289052675,-0.5010323017382526,-0.460131913483712,-0.7164577759749852,-0.4744958409829163,-0.4073646864357179,-0.4743760257482626,-0.5384246257144593,-0.5900866602350457,-0.3100018194185569,-0.19890074821606468,-0.1165281040235904,-0.034103979862260166,-0.08447063395411515,-0.004768762631234683,-0.0721522152707862,-0.12691364368266886,-0.014348312126219691,0.3508259421530678,0.2898580109876936,0.40774889361887573,0.4650103948549666,0.24181753487022814,0.380412647091109,0.26668989625712985,0.49244624161071676,0.5653099510994691,0.4155853526374243,0.412957854940405,0.43854750001565,0.6844745469851515,0.5393369125420864,0.7339673275604492,0.6910962102908835
-0.5322471286864238,-0.7090986708544931,-0.6220537162875921,-0.678075757120224,-0.7944365984531696,-0.8081239331455332,-0.745139177966258,-0.5923510715499102,-0.5782692347731347,-0.5822694014300636,-0.5722451361054396,-0.7195896116620031,-0.7585582556957525,-0.5828615080855738,-0.32978336032375366,-0.3141845357906698,-0.4818015887672447,-0.26770078605734254,-0.31271068485596426,-0.09379608269487248,-0.04425744244906323,-0.3942718711760071,-0.04857116430447272,-0.05332020136768154,0.1836459102768535,0.011267882484236484,0.01992641489115089,0.3208959845841655,0.3300211215743328,0.3524548550444056,0.42530559085827174,0.40587442279189584,0.524950088112794,0.45996176196008776,0.6559271212791034,0.6262740666736359,0.4173335746206676,0.3986593851773686,0.5467019311478487,0.8034257667909931,0.6122218220799872,0.8807198673868654
