gfs-wave-data.json
{"header": {"parameterCategory":2,"parameterNumber":3,"dx":2.5,"dy":2.5,"nx":144,"ny":73,"la1":90.0,"la2":-90.0,"lo1":0.0,"lo2":357.5}, "data":
[rows 0 to 18 of 73, columns 0 to 41 of 144]
0.33331167574639436,0.31236491068119254,0.46998882184148055,0.2724911373362046,0.3773790330127915,0.49564359396996216,0.6061040646194884,0.6370886547195487,0.775727547082941,0.7855444225589512,0.8360253066648805,0.8045056224217605,0.852160911811046,0.7722820609841492,0.9256789092138511,0.8890352634711151,0.7511413808937311,0.6738794812993291,0.6909356896245716,0.737090955729684,0.5192756414963864,0.5923689424809904,0.6283378760418518,0.43500040321268313,0.3720668079830841,0.509873252310071,0.49498913455522875,0.40486717463687566,0.37526304996986404,0.5359121808151651,0.6985974003132055,0.7231168377686373,0.6083666108814411,0.720250844206353,0.6227227375866722,0.6701406210520291,0.5780296075038659,0.677486726929243,0.6691477163289333,0.45928382193393813,0.4505004149154057,0.35879196289251397
0.3556049395496894,0.33238054526824845,0.31926161002475134,0.3382715945586988,0.5772538490974012,0.6257431748449805,0.6299466846987504,0.7131691468506948,0.6498182063451463,0.7753773490096036,0.8635966958088765,0.7761639897531564,0.819122354809311,0.9212890625281385,0.7373484551235463,0.8673806628361043,0.6711431674234927,0.726954373340525,0.7348992684082979,0.753692915183697,0.6830450590637875,0.5303831497119345,0.48500429113374444,0.3025721418453445,0.487233557737666,0.384846701884223,0.3389123503602458,0.48679573659481823,0.42582782791826485,0.4873052255107844,0.5351704893500655,0.5388639694638747,0.6759688115101065,0.6476921255292639,0.7032102347292026,0.7588951579684833,0.7038569245906884,0.6693904342500189,0.6491776247045198,0.4650902457949634,0.4617598844770012,0.47082293723463486
0.32800670303515156,0.3919688622041657,0.34660099264151356,0.43422319988968433,0.4540396785466912,0.3698033155895865,0.5086719284640917,0.5382421592116055,0.7708792071595176,0.7158363101931756,0.8036753919189038,0.7746972047679764,0.8974394349717912,0.8986627650953791,0.8486970786922637,0.7480726044974165,0.7789529423863696,0.8327400169350236,0.6370931785379659,0.5130127178594353,0.5008244324744021,0.5573879325666377,0.5607556191552834,0.4457444316713961,0.4827565759276638,0.40596694329389754,0.36349832061643217,0.44848441822217555,0.5009776051630582,0.4401881641525871,0.5014316844882388,0.6632597472807831,0.6153051072652523,0.5620132140781445,0.7205189626008106,0.6827190653243022,0.5978838974912667,0.6088349086614321,0.6713342685207206,0.520227761433139,0.5412750514356319,0.5645631770925831
0.3422911504564133,0.2328116860046236,0.4597658887969079,0.3936862992242868,0.3598904223214229,0.45225385162239967,0.4485963213581093,0.594610464522425,0.804587916206652,0.7605927770359902,0.8176009749305554,0.7261287038841456,0.9339452989528249,0.9301529141153355,0.8631204160780289,0.8546911730536861,0.7246677696692522,0.7916515835305311,0.6262860417380761,0.623445406734176,0.545231908220189,0.4394178865243077,0.3392187523917704,0.3663013738994665,0.5329590619251774,0.5686581711401487,0.512033821416977,0.5476137883391543,0.393080892377735,0.43269045266710954,0.5265006018389352,0.6031981816772417,0.7338243624434448,0.5789568916625343,0.771095143967205,0.5984024908654691,0.5658047548508942,0.6038595417951877,0.6305306959881588,0.61754401905482,0.5365795881757975,0.5302207013533016
0.3701685663396953,0.24495269978244094,0.3350555811451332,0.45428239491986894,0.445603538450733,0.37643489072406994,0.5109746685294242,0.6563552060946559,0.6900112728784137,0.7527533482631684,0.7362258092444357,0.9422258070548872,0.8066130429460301,0.8041048496047246,0.8989096790833058,0.866484402373911,0.8757599612346942,0.5838395652211315,0.7479116745311679,0.6343553731489973,0.4449002270909629,0.3727810277607511,0.46184061813257543,0.4362677103280008,0.6103684429454378,0.3531651272950051,0.4328477605869352,0.4787239204763268,0.35928764036721816,0.5460792066843498,0.6621998699805401,0.6283502404904671,0.5582277312310285,0.55412687993391,0.5979815769628971,0.6595415813056856,0.6733674781860745,0.5651604812692969,0.5835833459464255,0.5452165875147454,0.5843894064701213,0.39781693940880436
0.3392396726245807,0.29641932074918326,0.31741138044065637,0.29328502064620193,0.4136900286389928,0.5918864977484966,0.6261595508527874,0.7032546972474424,0.7473414420778718,0.866260700873635,0.7991960203688775,0.8259408137109174,0.8194055884026902,0.8682010063767195,0.7965860252682072,0.789279416110438,0.7282369591980284,0.6695491793427024,0.7054476894590048,0.5172486843505504,0.6310720716283007,0.3872200427625697,0.39358100310973376,0.4755455748938004,0.3023953123269257,0.5445753326101576,0.4089352585047919,0.4228351703994278,0.4374487282397977,0.5483045472180385,0.5204804498731752,0.6453284604272461,0.6014654564996711,0.6050052389277738,0.737046598531175,0.5741846541702375,0.6838313741007992,0.662694693424815,0.583926692697354,0.42320019011409316,0.556619048659013,0.3894855616784207
0.2811889094510485,0.35402399945260854,0.24722663618018048,0.45928670163470603,0.41623455991238467,0.5620865210208517,0.6081596429746354,0.7155884758478873,0.6596564291437946,0.7371672021504103,0.8331528874596074,0.8147337553143179,0.9372577138655748,0.811470310560025,0.8039386381393234,0.7719766384119862,0.7107225976044383,0.7977769178551967,0.7341646112274985,0.6195754083493157,0.4063083784002712,0.5538940806426541,0.5497046440887646,0.3487022989796312,0.31165132346198055,0.4855890639996549,0.38022729748903733,0.6001441234274383,0.42140093398796286,0.5363145424945136,0.6454555498443608,0.6572381665386966,0.6433936806279994,0.5772343444308189,0.6225652051583823,0.7371558868986967,0.7076825108518019,0.635627895701156,0.6441637000503527,0.4112135028253947,0.4428490101296588,0.3057948013937883
0.22990284857331855,0.28149534544797955,0.42870373565425074,0.2977608896595757,0.45202951642231604,0.5234175882797862,0.5100946695180714,0.6771314540694257,0.6812429299563064,0.8036734354131143,0.7554635518868215,0.7595529185237839,0.8050124122944972,0.8398692566583633,0.8213016761386396,0.7735147981881022,0.7497700494520686,0.7682429115333431,0.6830504223430145,0.5624955380842604,0.6463492562535097,0.46976142707078195,0.45825957460759115,0.4971664190102015,0.29697402125685096,0.48564583267959044,0.5134256573332833,0.34126667657385645,0.4939267571174898,0.40714859806987214,0.5381740689331889,0.6021525877846662,0.5303206405533198,0.5733519688486197,0.7314148059776904,0.6735430808707633,0.7144890667204784,0.6033810978999675,0.5089611458081105,0.5725633505669615,0.5415604881468682,0.44453925184645154
0.27030562664954505,0.3363046983393539,0.34762804906607386,0.4910007577235778,0.428801919212064,0.6279689524699703,0.5222212656161872,0.7120261856583341,0.7737412229265189,0.7485014203004717,0.8400017418134877,0.8652534321178045,0.7940250884433154,0.9102295231201684,0.7935239357393222,0.6865474669513278,0.7055616164614295,0.7037453296948587,0.5909143585908326,0.47129200478852923,0.49549241316585696,0.5634459785698915,0.343366615797239,0.3220284289204241,0.46734555954780366,0.4163418280445771,0.4835230774586705,0.4494532339170249,0.45293825083169237,0.47943284224093263,0.6580035823953387,0.7130046169648112,0.5426594176529466,0.6384464236955049,0.6509997684343578,0.7147464111809994,0.6028728880383866,0.6513034951798902,0.48415240316874364,0.41564536892307247,0.49022756127396216,0.4447433701701589
0.3184274088132826,0.22389950972755743,0.3910312745981801,0.4185746282294086,0.38520784753992243,0.5690219300904678,0.5397892856331741,0.5788392460775613,0.6142558390118025,0.7756021299591311,0.788621385779442,0.8318479920973292,0.8293579181247995,0.806373560222799,0.7144521990174602,0.6504224282056553,0.7287824093528165,0.6676231047774359,0.6169897193701068,0.4957333098759966,0.635076944085082,0.40910501090157486,0.507454559978181,0.3455932444541577,0.45149420246570765,0.5048738444358126,0.4888305757855541,0.3487568362116858,0.621547556803603,0.4713429619478808,0.6313222119801682,0.47367589068674615,0.7264436696363165,0.6868418457543023,0.7115556248466295,0.6582143512342049,0.551793131371108,0.5036150490422702,0.5161598020523406,0.5544041121748358,0.39781204147783855,0.37191059480322186
0.29059610600043345,0.3606859466320719,0.35214889895324136,0.3776727644522898,0.2845090267934531,0.4413226980038642,0.4202560778168045,0.5815418148817136,0.5838682468524226,0.7096175674792101,0.736990004175557,0.7913674955713984,0.8949977710326814,0.7743339922349329,0.6966452194088761,0.7617999267905848,0.62515736004305,0.5465631230320738,0.6404549723274161,0.6090774975828732,0.5242466287555932,0.4684809570456107,0.402171085660455,0.4418741525518558,0.3059491521250204,0.366516647569987,0.5518657371709597,0.48680640159260163,0.5457264337395645,0.5389771670685717,0.495905865417251,0.5419585451487633,0.5359443661001144,0.5221858789634792,0.6537359272282085,0.5704583800358344,0.5736773285726092,0.5279475675231735,0.6062707382650067,0.44069964206918094,0.43508312359826967,0.41726731914691634
0.1876551423124521,0.31275521978159565,0.4066938579194795,0.2883686881146101,0.4320469084875635,0.5036963118620701,0.44553726556631745,0.5714878860855498,0.6922004353161545,0.6560189402964361,0.7736497850223867,0.7186494842148503,0.7764105033475761,0.7322781348289735,0.8652970197770355,0.8493558568992838,0.6836210229502927,0.7159932971134031,0.7026216957563813,0.44545462912454786,0.47080920941947146,0.6316784741505008,0.3599126199662457,0.3311740379510334,0.3568108489149356,0.5391411794299812,0.5207075187171147,0.4339508966272213,0.5017296586191683,0.5054515435650038,0.46009224934186865,0.44383857904432067,0.5834502407128181,0.5821967985739923,0.5716002136344439,0.6940338911691448,0.5945354757641591,0.5678043210112845,0.4436389921694647,0.5426808236605223,0.45350513419943134,0.38334705666205354
-0.395942101848736,-0.3185856509300207,-0.25468238987643,-0.2691195103890693,-0.25227899223058914,-0.27197907248913117,-0.2575516640985315,-0.3482281042036423,-0.32160282947380164,-0.3263540252316338,-0.301937864852615,-0.2682155992345998,-0.2610652018431161,-0.4087184948260687,-0.3995267016490626,-0.39034500632072366,-0.314078915794663,-0.25267521092277473,-0.29155081986297204,-0.3106998686450273,-0.2599230140065977,-0.3900039395034645,-0.2375120335017802,-0.26900525589089147,-0.32629265691531584,-0.3800192851931565,-0.33707833241949736,-0.411018431897298,-0.39715718847555087,-0.23907056422036402,-0.3715935095290088,-0.2238201808471105,-0.3150793883842718,-0.24964325039083557,-0.25125941056654827,-0.23319846688700233,-0.34563067854086477,-0.24567929475167474,-0.38204255333813825,-0.4135214701985038,-0.3978014533212439,-0.2819768353428858
1.8850151963464312,1.8195276879088442,1.7188258523982907,1.8832963098599649,-0.2139529704878185,-0.32610270289180404,-0.3612335972222911,-0.35180734872657543,-0.2705640399002302,-0.2828717855102234,-0.23659294042863968,-0.23953630971291323,-0.25461840828883375,-0.2575805049842923,-0.2829303241449928,-0.2907275210538142,-0.3611927189027345,-0.25515686178093694,-0.32627112779004214,-0.2565748290825002,-0.22529523075649882,-0.37576318584869545,-0.2799156806436624,-0.3838082677730783,-0.31070162592563205,-0.37987859244003647,-0.3330991704561716,-0.23699406576798906,-0.4110378581797496,-0.3269490705596245,-0.2262561371993251,-0.2962175175100267,-0.345386583127101,-0.4097376103770759,-0.34750678312766836,-0.39466130212084777,-0.25040838952783134,-0.31613311294587343,-0.3038311827413436,-0.2528477901354103,-0.2318664255071642,-0.3805882283067039
1.8204287286210707,1.9986184289530722,1.4814831695297543,1.5462651263276341,-0.26905393800175564,-0.20808088395749916,-0.3916253202871687,-0.2715873700865992,-0.3520125661147679,-0.36946893227796374,-0.358392261611857,-0.3408641071531935,-0.35643365674021665,-0.3064736255316139,-0.26035311101483727,-0.2525972215936621,-0.25881748869678933,-0.25363803018169867,-0.34703214762963813,-0.2791022807557104,-0.36864098313187676,-0.23598937470162734,-0.2942864915982945,-0.2543851920573925,-0.36759911478114476,-0.35696267273090726,-0.21742372269743196,-0.23840378914546778,-0.3565025679491945,-0.3775438981211765,-0.3505352019407457,-0.2216889942513887,-0.38004496809129473,-0.2847467651906416,-0.22696584815678986,-0.2760059762330548,-0.3080485494742398,-0.3309333153298617,-0.2645349115090636,-0.3676826786705832,-0.2105549499030932,-0.3182306286188815
1.8876159850533576,1.6573567909754183,1.8549706581815018,1.7528491761905691,-0.3570885744777188,-0.3027291986964113,-0.24580951534184595,-0.22001469843044616,-0.23983367750348136,-0.20548069705148952,-0.2079084549599701,-0.35949676766870087,-0.3216562216671213,-0.3751436652430581,-0.19731073321447018,-0.3257262034737394,-0.29253992169780896,-0.25545810385986295,-0.220779924339904,-0.31172816074893606,-0.3723971858552993,-0.3575642232675129,-0.3088750370331271,-0.29845943339554704,-0.22787087596057817,-0.3296412110870407,-0.32800555593899683,-0.23710503003351874,-0.3871751193790158,-0.28751933444402494,-0.3071766014723724,-0.20489977387262115,-0.31193212069791576,-0.29583272713856723,-0.31551765868876863,-0.38017338179503146,-0.2562000633231623,-0.3797335931149863,-0.33720922443277734,-0.3614956864102372,-0.27038153152601135,-0.2932673579101338
1.612529126880848,1.598571292075535,1.7711377866831353,1.553419934592803,-0.3520637292865679,-0.2964898108622215,-0.21604504799904134,-0.24497383250261484,-0.28619927672283646,-0.21042665190702328,-0.2432619163372032,-0.348230928710917,-0.3584110462959574,-0.3598629756908487,-0.28501836740702124,-0.2618941684845826,-0.3065321931684101,-0.3368947092721885,-0.18677326133191838,-0.27081321972091593,-0.21279774200291302,-0.26999825672351146,-0.29353759267709656,-0.20456792698996434,-0.20575004450259807,-0.18518250940171654,-0.17958348473711616,-0.23691091225095365,-0.23258377970539398,-0.36860324280909945,-0.194025500492403,-0.3435309313720018,-0.2674490557113541,-0.29483249259564964,-0.19735838832864974,-0.34376600776469923,-0.21122136319144003,-0.27857198644553477,-0.2277174559661612,-0.34303566436010824,-0.3566619901929656,-0.21057798255621582
1.721781264180336,1.8442841115007211,1.6148445435194347,1.6900368059037858,-0.1787125228403365,-0.25151504748476755,-0.2038378338403015,-0.2047342689002569,-0.353626829065524,-0.34286808737079216,-0.27555741101907344,-0.1924855967592418,-0.29742473655025903,-0.36027214013201025,-0.1882885512001626,-0.2578665739074954,-0.25874930400914037,-0.2969071770869179,-0.28051229123858695,-0.28170931106242914,-0.3172713045623022,-0.26534398385411,-0.2931779611765868,-0.33799873756850557,-0.16410630764632345,-0.31277529421534805,-0.3074228548217283,-0.22397231110909302,-0.25179842989126655,-0.22359779568789523,-0.19847143996444927,-0.2806882390264939,-0.17638546051839943,-0.33679717683539445,-0.3111225206029996,-0.1701345967984659,-0.2302327149686587,-0.19965437458059043,-0.19698500034320873,-0.20251634827645368,-0.23640233769666336,-0.23884178637147246
1.5140127042901093,1.5906383220432014,1.9032620131427143,1.587474965553265,-0.27195141152447555,-0.27625919316319786,-0.2563854159167134,-0.17023114626430624,-0.2327745604734213,-0.31894815984994324,-0.31909945739908246,-0.24776328890907237,-0.16666811776909643,-0.1855415627995441,-0.3033489887169316,-0.23519220709456148,-0.2351651640745597,-0.22301695849940542,-0.18168890879927943,-0.2808935364902977,-0.26898028963002274,-0.34899767531862175,-0.22539749148689484,-0.18409670320889526,-0.26330663452313924,-0.15175736521301764,-0.28046126669898663,-0.1784076077435346,-0.17371343939264483,-0.31249018447203203,-0.26610521047309077,-0.1794404578498479,-0.30931541231968346,-0.20183239321917706,-0.3340738821874892,-0.29498521496822394,-0.2488380656943897,-0.2296613917954584,-0.22305721770285203,-0.17242663771955802,-0.2990397961469495,-0.23935477365544186
