gfs-wave-data.json
{"header": {"parameterCategory":2,"parameterNumber":2,"dx":2.5,"dy":2.5,"nx":144,"ny":73,"la1":90.0,"la2":-90.0,"lo1":0.0,"lo2":357.5}, "data":
[rows 36 to 53 of 73, columns 84 to 125 of 144]
-0.5810525939732454,-0.45882855173441883,-0.423819865589195,-0.5503239623151345,-0.5119649587855291,-0.6148863386041621,-0.8365225692124344,-0.7530620357543272,-0.8543285637109437,-0.8345320867273731,-0.9327914430857003,-1.0344022540056899,-0.9792097233288268,-0.9478785412933068,-0.8403304591667077,-0.7792672513684751,-0.6634279521008662,-0.6959336703740956,-0.4850746775839838,-0.4500048143445696,-0.4074295190598593,-0.38747804599018026,-0.387828690799077,-0.39205505274155944,-0.3216170712781229,-0.2838088703244613,-0.3027640156300905,-0.25755640617171943,-0.40516402402400137,-0.306647312212217,-0.2184795762006663,-0.25573208047442036,-0.2952502536777094,-0.23391927732712245,-0.26220112571111737,-0.2928066210872017,-0.1520284200463586,-0.18532715290279858,-0.12411684577221618,-0.24756944212654988,-0.17801612004786382,-0.24005308057908567
-0.6308803929032536,-0.5333432680393304,-0.5097449942453572,-0.4447767234777421,-0.7335962225099438,-0.6820840889884111,-0.6900376833840449,-0.8387816998019442,-0.7887815331580345,-0.8992122303163638,-0.9151411918312842,-1.0031461273598323,-0.8886717951774766,-0.880339279972826,-0.8814362459778567,-0.8224126608745607,-0.7541791753908414,-0.6931894233041882,-0.5175287318291872,-0.5499647122662593,-0.40653485143578966,-0.33010944634255746,-0.35063607237713895,-0.23220484787628431,-0.409916850527839,-0.3408734433035884,-0.2046830052654194,-0.24111656133396214,-0.23603767285255337,-0.3314244916415953,-0.3144533252589485,-0.23568308007016553,-0.3168710772266641,-0.2934313372072163,-0.3424531695822323,-0.28746974764603295,-0.28020485754917923,-0.219866496928411,-0.14712263395491934,-0.1865247564659246,-0.2132304738537263,-0.25532268610951714
-0.3414882544606554,-0.41291506144812,-0.65951032135642,-0.47587461372290146,-0.7804371135855569,-0.5707034435941953,-0.803250798282253,-0.7391329824150743,-0.8220271700234221,-0.9503068678591582,-0.865265744556736,-0.84827371627972,-0.9821915084185319,-0.9260290870210994,-0.8349459671069361,-0.8475973550337316,-0.7131709801473668,-0.6149887204266137,-0.5266208210569181,-0.4513868581664914,-0.42609344343052724,-0.2912356788895359,-0.48368976732636815,-0.34313141108347606,-0.3057025318792405,-0.23922244342534538,-0.23441172759418502,-0.336234523425897,-0.36012759002921413,-0.29399389878139914,-0.32467636946090106,-0.3545876187550587,-0.32355476438905834,-0.227390228283733,-0.37350971541139055,-0.26404515335112577,-0.29962774278303966,-0.13889826300199742,-0.17851516657047584,-0.2427498595384175,-0.18164831970134449,-0.20257279710652756
-0.486379654599417,-0.47379652790517696,-0.6490201177861391,-0.5464057492361566,-0.528386900665302,-0.7006107396943737,-0.7584400683026598,-0.7607297054227886,-0.8253039949673938,-0.9223132322311807,-1.0157920766039854,-0.9395063716434947,-0.9056865264886625,-0.9465573419489693,-0.9096541795615086,-0.8029126049106259,-0.8038898176741671,-0.7565576695762841,-0.7127840501313005,-0.557292827070705,-0.4628099813804714,-0.3697909296914582,-0.24116084619083802,-0.31178841062072365,-0.2576658784397439,-0.30738712882483893,-0.21472888797055784,-0.25680207367538294,-0.281655837068256,-0.3177074263575453,-0.36745556255454637,-0.3080518194944188,-0.2706105055605081,-0.3270128996002213,-0.2417276498676217,-0.3119657473776285,-0.16775696699364312,-0.25433653759883323,-0.2560451661467551,-0.17962004524361302,-0.17164453282305545,-0.21568172449203935
-0.35074258949927367,-0.6782410858695667,-0.4156711682257983,-0.5376673931580013,-0.6549669739767298,-0.7590189484188993,-0.6926560982019867,-0.7108324582143661,-0.9713868436556014,-0.921286058756968,-1.0180908289984716,-0.91871483553769,-0.9336705243443157,-0.8924504169155758,-0.9139920453248117,-0.8634914943130704,-0.6985508895823443,-0.5416334549713556,-0.49863037794155723,-0.5241240811652147,-0.5083999933415096,-0.4519247474504366,-0.37115122654236316,-0.2657129805387464,-0.37502785825430435,-0.23503017940590865,-0.22376699531329808,-0.28073535356169216,-0.1995410097445323,-0.3331078691430504,-0.28699801534388397,-0.3235616244878788,-0.2155357392744948,-0.35856055326065833,-0.3439165162730215,-0.2933955977803786,-0.19136949156293687,-0.3123614592375105,-0.17040996118178034,-0.1589780336376198,-0.12471267492121972,-0.14401532950982404
-0.530260295008723,-0.5075012004974098,-0.6769699536144193,-0.4707623551268028,-0.5653078796038624,-0.5953696822606366,-0.848934335801294,-0.8237921216634134,-0.7103283649928641,-0.8093339071735404,-1.0287850266190353,-0.9776478474311948,-0.961062572272214,-0.9997763943277121,-0.9722773375918364,-0.7589201999712626,-0.7651878694984868,-0.6043799480739327,-0.5519736214225874,-0.5314207621729283,-0.4987129488605356,-0.39493596907120543,-0.48246920286257844,-0.2542088152091008,-0.39693480589271984,-0.26568355872725863,-0.23740331165325115,-0.270291815102019,-0.3276284919836707,-0.3188765465123793,-0.2656475099593393,-0.36145217363791554,-0.28574837351194743,-0.3250005859912772,-0.1916326516615608,-0.24532824544977475,-0.30372913966803705,-0.3330930731075327,-0.19011884639163623,-0.11118043700552994,-0.20342476156181244,-0.20674116604359036
0.009241474900342123,0.0043937439333828375,-0.009526178959525887,-0.01726328967434049,0.010491456720314872,0.007261916560369145,0.0025018904745032055,-0.0034572565877873233,-0.02116341356681913,0.006677024280024248,0.004046363247361193,0.02116626295371309,0.0016015141160045335,0.006789850814235098,-0.004016097809423868,0.011279683618630328,-0.008936588323234598,-0.0019259342046832936,0.007062039797347629,0.005224297437593227,0.008909326868636897,0.0011917858939807949,-0.014912922704911397,0.017687754992008087,-0.006605290945496559,-0.003037382871200198,-0.021179614816337494,-0.010682542596728616,0.012816401130010178,0.02752076194709577,0.023720894463146635,-0.0004977173365780434,-0.0024941923398718283,0.0004921933758553554,-0.0022099484533205467,0.0012381038976086282,-0.004335110343115557,0.0098853667402167,0.0183427455708518,-0.003061789093201044,-0.007372726347579128,-0.002243465087027399
-1.0332776982753749,-1.0201868865034596,-0.9699525878798553,-1.0750780983018235,-1.0819783248936659,-0.9142139127819479,-0.9844680225928618,-0.8679711549102437,-0.9238163697927236,-0.7840970152508663,-0.8143611185592078,-0.8704462893811443,-0.8345032901719694,-0.8261560826549547,-0.8013180290974782,-0.8011167939661977,-0.7364314841924541,-0.7876402065249019,-0.6855946876882352,-0.8445163525869737,-0.7374219593119512,-0.697935001592492,-0.7651670955205081,-0.6490102944933769,-0.6684475339830047,-0.5838942130373411,-0.7019828513762412,-0.6146635540490718,-0.5743750213367185,-0.7304524281224025,-0.6687797082887175,-0.5493779796988272,-0.5299886106326644,-0.5603463317401386,-0.5574943940051528,-0.5322128599231133,-0.527965315305409,-0.5160277830991471,-0.7193652324464032,-0.5482573043856823,-0.6293560235149974,-0.6674850404822631
-1.0498928122861628,-0.926185326826135,-0.9203970789240186,-0.9330279753768734,-1.012759252615962,-0.9261204072954068,-0.8039310232753324,-1.0195414013733075,-0.9896667273552551,-0.9251554084717751,-0.8953173725136779,-0.805348945173372,-0.8601371891880621,-0.8504693590248642,-0.8694146342600063,-0.8174185143395458,-0.7185276162702949,-0.7218011994602797,-0.6678868872838359,-0.6759588151130158,-0.7388400375086563,-0.7309374789649403,-0.6937623141663124,-0.6919850133662715,-0.6215329589885891,-0.5941377004166688,-0.6760951131225383,-0.5850450304096679,-0.7338081801054324,-0.5997325750763156,-0.6667236043642087,-0.6408572191114937,-0.6989978175510849,-0.6852294441229884,-0.6267541384820129,-0.545502919806391,-0.528131946377619,-0.572922177611593,-0.6772664934163907,-0.6021319213100477,-0.5754769501753971,-0.6179008305907108
-1.0455266082499348,-0.9679049383296527,-1.0145630288251715,-0.9477150854504702,-0.9209880150270366,-1.0555169505606719,-0.9556826562813594,-1.0435625112654212,-0.9110689482104609,-0.9477148209779955,-0.9279505371325412,-0.9756281345887595,-0.8881896522171983,-0.798486863527931,-0.7633930175136473,-0.8197900992723164,-0.7983343595159866,-0.7041672235555222,-0.7632367839689091,-0.6984580440243328,-0.7534264881367028,-0.8036022262815047,-0.7990824813623475,-0.6390932097222825,-0.7916439146077093,-0.6452185012515727,-0.7543651018336739,-0.7010407804948643,-0.7601249382387957,-0.7409724992800724,-0.7201669419237131,-0.6003065573669844,-0.5699646784221776,-0.6108154266725535,-0.6976843779485279,-0.6175201487249158,-0.6501935248056914,-0.631686740938385,-0.6827920341250285,-0.5933044910137243,-0.5716405522498956,-0.6821406621184523
-0.9237772482489538,-1.012283855061927,-0.9476338352456105,-1.0152775953003481,-0.8591926632471507,-0.84657870244008,-0.824019440511484,-0.8358885766253751,-0.8707285186534165,-0.9166817450007376,-0.9048011856080633,-0.9161338624078663,-0.8866015423047781,-0.9170652510984333,-0.7834991735931529,-0.746553972703048,-0.88365326368499,-0.8299933811455735,-0.6991861503993487,-0.8110929293628129,-0.8629828558884501,-0.7184657615180354,-0.7911863094110596,-0.6435721793382309,-0.783041484735462,-0.6359425909097228,-0.6162347735459289,-0.6713186379480109,-0.5832238290700404,-0.6790403697830422,-0.5628636146114768,-0.7140218925234432,-0.7133341791647987,-0.5274065774828485,-0.7379462748076754,-0.6310286110387239,-0.7335045797270255,-0.6740389592044275,-0.6156605080866353,-0.5594169433602786,-0.5781089415544169,-0.5992364396818091
-1.0580576140146332,-1.0905803145264061,-0.9961974696351902,-0.9781056737315965,-1.0331670187847604,-1.1013763343066507,-0.9298317818902383,-0.8893065345824231,-0.8431209698011919,-1.0128904624507344,-0.9057867831869361,-0.7952329937824778,-0.8648169620997495,-0.940761578002292,-0.9217215392976461,-0.8662712204429467,-0.7490420757340657,-0.7415685655757585,-0.889175632276884,-0.7088216114877546,-0.7058038300527167,-0.741605580125992,-0.7163916867285373,-0.7335859089844846,-0.6570924942349028,-0.7332212778536038,-0.7493597293956556,-0.7510644806266534,-0.7159962734650749,-0.6683572541073934,-0.6229778007676291,-0.6779619583716083,-0.5839136526573089,-0.596719357713955,-0.6999316224101545,-0.5655281052494482,-0.6902887108503521,-0.6480858540454394,-0.5681784941267772,-0.6983623236862874,-0.6975747160804021,-0.6147217394193267
-0.014417391952111707,0.0014380981354954316,0.008308681105734867,-0.02327585988877379,0.010137120441682532,-0.004717480420629862,0.013127132625136768,0.028082464532192424,-0.004974883903418434,-0.029508065297944218,0.02191840453852742,-0.0033965098983549623,-0.010984138143015814,0.013344517258782985,-0.02816198158269112,0.0031037336511215304,-0.004073900335723163,-0.041486933970794455,-0.004941245467536892,0.006588561124645486,0.04060026636052257,0.01307436762849737,-0.013229819497850953,-0.010119289618315168,0.02485043553900912,0.026570900583744568,0.01548860061030839,0.022108930924620955,-0.013029672179004283,-0.03292018921348142,0.0033817705221509515,-0.01368545341725387,0.011641648336266585,-0.0028563281839426202,0.022481235660614884,0.013477922646911344,-0.014668838791256852,-0.020363657058564577,-0.030821412734424576,0.0051303751658961895,-0.02406973853316131,0.01352104888157267
0.7593234919081068,0.767355325166657,0.8181972513951649,0.6701004838180071,0.6928333155503953,0.7249601187534548,0.6405311378052873,0.55227210553826,0.7439343423654872,0.6685858509269429,0.5524907065177808,0.6759205636031599,0.7489119759764397,0.7670573672680037,0.7675261165235745,0.6886777333622325,0.7273889053373367,0.6846968787506265,0.8511237592610417,0.7809728424461433,0.8628651185118262,0.8501750868449861,0.9350746060825056,0.8369564430660519,0.9082049634000002,0.8715688067504909,0.846605101442143,0.9682936556856973,0.9040444265808623,0.9206887867751686,1.0463465028345205,0.8822860643353685,1.0317979685483676,0.9939132229329252,1.0686559905502078,1.1157511504587037,0.9105716227654053,1.0844713511050519,1.1239704008830917,1.1665573100844613,1.0959229927871372,1.2369879945798092
0.7387316583394395,0.7653024818982241,0.7941902019596715,0.7850765864099463,0.7636976589801903,0.6422998975641142,0.7536934338934703,0.6221268023917229,0.7028849807602779,0.6919266584471179,0.7981622559417746,0.6291812694860641,0.7600889386269035,0.7322763429940314,0.6944068229019718,0.7747740626170657,0.7036581830593692,0.7659758392385602,0.7427336676040662,0.799672566623845,0.9000149066883953,0.815371467659478,0.8790041203113372,0.8859110589188794,0.8327946552591341,0.8725662200506717,0.9240264320114312,1.0137878378011413,1.0436080514358899,1.0253341244507663,1.0628560133261442,1.1246956743440992,1.0113630688316364,1.1744366083793294,1.0525874354238356,1.0450642577696863,1.0423894604008401,1.0206976587449699,1.1603942357716759,0.9514898768602431,1.1082234320340159,1.2469412083563853
0.8739100809366641,0.9112237346255624,0.7039914407629326,0.6136912709407785,0.7991828303937862,0.717372347429359,0.6689556602104375,0.713877964162656,0.7241724078630056,0.7881384261616845,0.7210511021461978,0.7797668114704591,0.6012368146989722,0.6959305419746583,0.6335567811994436,0.7773205439696161,0.6973529108061094,0.7921841519004207,0.7422243743483438,0.7406838794222792,0.9256853445722542,0.905351751120915,0.876825521926323,0.8676809664829991,0.9572559995581769,0.9542137203230946,0.8757029666668714,1.0397632414875517,1.0956450180929427,1.0929668195500368,0.9832507502963951,1.0716192098409025,1.0324939327097284,0.9843005421450529,1.1667726848845414,1.0579218793931648,1.1010981961676158,1.078600911216881,1.0649397808485532,1.106774130114692,1.1352033772602421,1.0234856174950233
0.023173386859104184,0.005826153950519471,0.019625343291895622,0.04724798160578502,-0.014456998372526113,0.0050673082322607605,-0.040097712833330815,-0.020856594865639667,0.035034543685313196,0.03260400197808172,0.018989954390287167,0.012139650805395225,-0.009099871099950394,0.009196792169912699,0.015725383744650507,0.0406714981223618,-0.03256845659146368,0.015203617581019844,-0.021047921352466418,0.0061369947442650435,0.026459853678749465,0.003745689619249573,0.013039354458068763,0.03919746508796883,0.01803905423134454,0.0034209471934052637,0.012272178572954432,-0.013195220982619367,0.015033536060563278,0.010366868801142239,0.021742352198530393,0.012379589785486214,0.008148453397952672,-0.008254734491965048,-0.05087645988722961,-0.03535676204896283,0.01997701417023374,-2.370530081078706e-05,0.041027024817783156,0.007244286071548831,0.010302636575226884,0.01598946950841301
1.4749535745858815,1.457085937134433,1.313328970660106,1.5181557502619358,1.1743010972454444,1.392742196442022,1.2464421157106724,1.21832943417885,1.359033461514347,1.1931325281469836,1.3226644676127421,1.2016430232716153,1.2897108807665738,1.2312474134923193,1.1345996738751387,1.2573967612348922,1.1017630310744322,1.2576440976488237,1.1097575992674504,1.334112462769979,1.1767420696982656,1.2996421068637427,1.1099217662225465,1.2519791723673248,1.1587043277870086,1.1752230262929522,1.192604116263796,1.2047715659732445,1.2432373093198208,1.2669682241088351,1.2358000808772922,1.1848416974547729,1.1991435334596665,1.3288912713173147,1.350823779205852,1.2111790692231947,1.0902955854525018,1.1579643344013784,1.3022485982180891,1.2921238435553055,1.276349949170045,1.354568062208089
