gfs-wave-data.json
{"header": {"parameterCategory":2,"parameterNumber":3,"dx":2.5,"dy":2.5,"nx":144,"ny":73,"la1":90.0,"la2":-90.0,"lo1":0.0,"lo2":357.5}, "data":
[rows 19 to 37 of 73, columns 84 to 125 of 144]
-0.2927428181060641,-0.4336651168750618,-0.43269633083101205,-0.45307110979604165,-0.43164655962382925,-0.43327113651660515,-0.42607244550887957,-0.29593780854739593,-0.37380605917631127,-0.33777553293030566,-0.4332072322301299,-0.29656139962973,-0.3441515608262539,-0.30014295282184567,-0.307283108480309,-0.3930357999387584,-0.29503969028990923,-0.3915210585334673,-0.4679298007654605,-0.28931399240321515,-0.3414028964867782,-0.4136435946298102,-0.3084622472378683,-0.3879122111771219,-0.4749713565059876,-0.34794521685081836,-0.47841944465890873,-0.3770418666706213,-0.31446793007703283,-0.43129246219597484,-0.34714072527199114,-0.34450843186231156,-0.3259180153430178,-0.4291211003226273,-0.31529287391661664,-0.3774665532712387,-0.4353000928948137,-0.18399222436402526,-0.1187793522079366,-0.04187921863882026,-0.4048376562390537,-0.20735597274405806
-0.46897368920483845,-0.3290711293914733,-0.42990653818587726,-0.3665032626730226,-0.35828862585177984,-0.4515856665905138,-0.45773154202761823,-0.3299370671283535,-0.31700743131542913,-0.410570117608525,-0.300698843700597,-0.2954985314924694,-0.3975140896213281,-0.3789826513652907,-0.45870588658504396,-0.34545259423914754,-0.39945456885647296,-0.3998200263495525,-0.43389661557620707,-0.4143960515974784,-0.304515070996397,-0.4000744089895299,-0.4254764607964874,-0.3428951992670036,-0.3063923536391666,-0.3644612373160562,-0.4637679078991682,-0.42450561418737465,-0.35777483247376796,-0.4467272577955232,-0.3070385758714914,-0.4021159679992094,-0.3644306073382292,-0.4039807976313249,-0.44820136018549217,-0.34150529173615685,-0.47175765589033675,-0.30010255156108473,-0.4818733535230464,-0.4389648131872526,-0.46542359879139017,-0.4056050970259439
-0.5524142077651274,-0.387082083464003,-0.49033053647776287,-0.38673119118263244,-0.388694085551616,-0.5367172665986523,-0.5393590260337362,-0.5233989423517165,-0.3641018802813376,-0.37683031820146745,-0.541482941704161,-0.3583790068283975,-0.28098414755414297,-0.3730620213172863,-0.34098457110392794,-0.23082291495854768,-0.26039134371352757,-0.19070822876014104,-0.3686637185111709,-0.23977152836037888,-0.2615821472788008,-0.08253618149419319,0.07679268646095634,-0.21126825485895948,-0.10586369074074226,-0.06596942870075376,0.04246024057747558,0.1192515416413662,0.1903320982614588,0.2924870954830838,0.13486672712301145,0.3214506472001576,0.26949591634299164,0.35979820937070045,0.6000979184197749,0.47262511650044947,0.6431236197788376,0.687982589929283,0.9153033670444062,0.9714675632995999,0.5727203021667407,0.8942452934393739
-0.362074425052372,-0.49196415936658566,-0.3607241174172747,-0.5296597656406732,-0.5518128518135046,-0.6296576893609689,-0.5927908558730843,-0.4019540728372025,-0.5404808604519461,-0.47867393036800027,-0.4382491146655363,-0.5386349864113532,-0.30942694346990113,-0.4610582439091552,-0.2564796285667181,-0.2837761988592626,-0.206342557198531,-0.3000113427072297,-0.17797645529082837,-0.27842736683197816,-0.25786478362189286,-0.219506773857804,-0.22702478076930752,-0.021560865273728268,-0.13376612721237147,0.06723847628237577,0.2331807462289802,-0.021527944063565188,0.30373851985412725,0.4487061921113756,0.3302759714383181,0.4463367789754134,0.5236195969430346,0.47053803079051376,0.3173855199216199,0.7722293915656446,0.5880889016100127,0.7103285860160029,0.6020206179195162,0.5718021616989821,0.7418277745466498,0.5773664376169295
-0.3136673851942358,-0.5583453818741775,-0.35679937762247704,-0.4132459939447951,-0.5313753826387602,-0.3571664429522388,-0.6072200571640156,-0.5903014218223719,-0.34939527374156537,-0.5450937470277702,-0.528521932443003,-0.42450247650912404,-0.530839367745579,-0.34537371436499403,-0.4501315120310639,-0.42077610481358674,-0.3539130901808782,-0.2765792908362428,-0.12335374926584138,-0.30186884466660285,-0.2759884596714599,0.018084734300839046,-0.24059319012509922,-0.06292888845057015,0.08169486159366818,-0.12745151767385224,0.2396641123762276,0.11058353391192312,0.2183881258365645,0.44017800429881826,0.2637571082332397,0.43770619019410456,0.4998084880899146,0.5520410064049996,0.4110142716239031,0.3584043233375165,0.3987720701226808,0.8492403834152445,0.6437197626757957,0.7586291756295308,0.7728127454114886,0.8107347630344697
-0.35167504158953505,-0.38724655980888484,-0.4279855521413682,-0.48911476643290613,-0.47991477152840656,-0.47729403275591087,-0.3887779658078326,-0.37479191238595033,-0.4432974932809548,-0.37005610059069166,-0.43422594109706697,-0.3350315712905048,-0.3196760724997349,-0.3898641230104948,-0.33819994600811865,-0.4327567464949636,-0.4430587929495835,-0.3127690587414445,-0.43841023339164986,-0.30387812882054027,-0.404769153253431,-0.34535702212913705,-0.34978093564278306,-0.4181987247615007,-0.4343289825992778,-0.43015640503637187,-0.40348758625455133,-0.4583223627956658,-0.40357998095330755,-0.3442524955395273,-0.4575387206820913,-0.48484167634558883,-0.32271600784419674,-0.3200490794942678,-0.46792714083503223,-0.3179074725676522,-0.41411267575752947,-0.3574308962539684,-0.4014782792829518,-0.38168924996425124,-0.41467695824411277,-0.3924970705495202
-0.6159747378719563,-0.750260666906316,-0.79692424594806,-0.868638735142736,-0.8376519153478964,-0.7885776842608736,-0.7861619083740201,-0.8759234869311843,-0.9453782444230614,-0.9567921288295609,-0.6511119634976399,-0.8174289112698064,-0.7441151065654181,-0.8163986803712135,-0.9057191397238352,-0.7866678248452326,-0.729264398353258,-0.6944612116733501,-0.93918183225056,-0.7087720238408808,-0.7276728394577989,-0.6709698200659532,-0.8354751716734334,-0.7400293948090308,-0.6963983778684933,-0.7415537132600863,-0.6964296583474586,-0.5601316051133898,-0.7504646784751391,-0.6497103782234224,-0.6453695560450219,-0.5306208776666966,-0.7633257228751457,-0.7730158750263176,-0.6963902045327386,-0.7029748407930281,-0.7984249046156956,-0.5001750014474748,-0.5707245606838168,-0.5617203825608995,-0.5567135307586304,-0.7324778953506628
-0.8323165227372038,-0.6740006785494214,-0.8392689088270449,-0.9377390181118216,-0.7156936236129774,-0.9408791382880142,-0.9272846114146025,-0.9608377391420009,-0.7448163146930301,-0.7509633302865851,-0.9824669910213246,-0.7194712365292494,-0.9713952755334885,-0.9446695865634911,-0.8201084242954761,-0.9504383970144057,-0.7658870328607963,-0.8749057200184394,-0.9522013041021932,-0.8838670278648746,-0.6972544108352269,-0.7736507763308841,-0.7892591680502271,-0.7948415845395251,-0.876658434448543,-0.6893171379815698,-0.6206692339820853,-0.6999236667358175,-0.7394016894543705,-0.7526147084428241,-0.7194940877336415,-0.7235383773455434,-0.5832428450335233,-0.6427801174572554,-0.7638571556040085,-0.5440435065467165,-0.6486829855420158,-0.6931661600708681,-0.6694833621282291,-0.5659215453426629,-0.4872486916153579,-0.6155087075660945
-0.8296096856918843,-0.902869007119997,-0.6498705312788297,-0.8224924725229752,-0.8384587512415635,-0.8766387768928451,-0.9620216309284527,-0.9380701511062793,-1.0027632791270826,-0.7047343922271881,-0.7091235424719479,-0.7509480039797827,-0.8329815508550847,-0.8603156430796118,-0.8541324768610465,-0.7800405504341433,-0.82409806930042,-0.7363913066858052,-0.841660455249123,-0.8222903165737386,-0.7269179423343436,-0.606887030728851,-0.7788481389481381,-0.7622666343527308,-0.6375184097676517,-0.6848524567967077,-0.7343057544419012,-0.5785450324525829,-0.6388645827333638,-0.8103717997011076,-0.6396641843828762,-0.6987947729351743,-0.7455984758755714,-0.7988346559549239,-0.6425264186982855,-0.6029019976543835,-0.669060824761499,-0.5793968339803307,-0.6117753092870287,-0.6139301603221408,-0.6185381685443635,-0.6868881123765672
-0.7541374344159656,-0.9815922978851677,-1.006907810957061,-0.8803341383737996,-1.0027789295120721,-0.7224990100974434,-0.8937820609286812,-0.8812580464873058,-0.9431736282714595,-0.7216240827494268,-0.9281104339843589,-0.740027090166826,-0.7406765130026648,-0.89929114097044,-0.8985493888836501,-0.6327085858925423,-0.8468023217456138,-0.9675083973489724,-0.8211713337353324,-0.8460062803169291,-0.8218331838141366,-0.791044245981605,-0.751425698074866,-0.7714514845074144,-0.6222639881949033,-0.6156058405822848,-0.7272053537486216,-0.7318998795774599,-0.8461392077113536,-0.6627242583337098,-0.8317077141933664,-0.8095164470723586,-0.7165175230245224,-0.6542995423868668,-0.8112587889243622,-0.6850541708000425,-0.7217122343701907,-0.6380160467437916,-0.569609408229678,-0.6172174311119649,-0.7484449380599155,-0.6732164350433834
-0.9039167156125439,-0.7320146725838768,-0.9444562659439271,-0.726158570111786,-0.889893173655891,-0.8629081250944357,-0.8080924075605185,-1.0354142615192166,-0.7812841258362628,-0.6992823271578074,-0.7914917106409951,-0.9295224323242467,-0.8195589757853934,-0.6809445951914334,-0.9065528325123139,-0.7035757796097256,-0.7508220808892015,-0.949128571074466,-0.6532682437957802,-0.8065015748861757,-0.7838102441337312,-0.7076945751647367,-0.7994003068694366,-0.7632227649099982,-0.7616122696515996,-0.6825866836636868,-0.6620404087729144,-0.6631386796510588,-0.8280052804516733,-0.6935945028349669,-0.5529205864485377,-0.6184897332853002,-0.6995858174187991,-0.66745104756895,-0.7195679663873393,-0.6406224350346318,-0.6434829983230079,-0.747232607098012,-0.5549127053481133,-0.546850690691902,-0.618501343299523,-0.6306888913124457
-0.33159144181662004,-0.42407469672041515,-0.3205773706893172,-0.41469183066212034,-0.41843619034518775,-0.4431331903458308,-0.4318272250198489,-0.37967813707601367,-0.3908965286208813,-0.4317692791969423,-0.3658201422935862,-0.4458135710471548,-0.3898087577520151,-0.37196264028190273,-0.42556138941522925,-0.40514482912497585,-0.28084669659354483,-0.3713461321075603,-0.4590895123903996,-0.37427335803546946,-0.3639994119156419,-0.3316181535364816,-0.31589141542516674,-0.3843056939756099,-0.41512303058111644,-0.3203121374725528,-0.35546705900009623,-0.4649961672213341,-0.29426221944384734,-0.35612927726922033,-0.44377209892173336,-0.28239711777184945,-0.3957412009105288,-0.43215216777032817,-0.2940791068657341,-0.44166185930883894,-0.3681247496585894,-0.30613808629172107,-0.3540805984491728,-0.4458310342817242,-0.35739344074635543,-0.4765355796853881
-1.1390005483333459,-1.0311579565895488,-0.9665139696120657,-1.056113661728693,-1.0680426826811837,-1.1158325597087533,-0.8079756360653935,-0.8647647861161457,-0.5570019143219557,-0.43836924640919195,-0.44282740851043917,-0.1311791417648236,0.032630590705687,0.10804323874735684,0.15971673897140704,0.6009656450605522,0.6652574059320108,0.7717170816331325,0.7645299421245311,0.6069803598781215,0.8020644814327657,0.8220855793286785,0.8185839735348095,0.7102964412747133,0.6782802150756203,0.7736641396192258,0.7068703602897115,0.6401964279132708,0.5491800899778025,0.5875025344252772,0.5173232137939714,0.4517846577354832,0.2879020720832867,0.29811514021917157,0.24384424338842978,0.12804213209294174,-0.0579675931403955,-0.028000574950939484,-0.16997411668960605,-0.24339817615475753,-0.26736583468078595,-0.34118503485861146
-0.8880499424455464,-1.192011364598635,-1.1355359206738094,-0.9317874580297594,-0.8717589145629352,-0.9765788876920226,-0.8842735418407652,-0.7240847644433588,-0.47218776214124825,-0.5124682054529541,-0.2773409091645526,-0.23078157415469294,0.15856792393393923,0.15746798126423167,0.1722059015397544,0.32984795930941524,0.6509201181880211,0.7416123911050909,0.5630542482341385,0.7412658757479584,0.7448990686626901,0.8019649435307444,0.8120019439057719,0.7863186873729062,0.8166767252326513,0.7331588202109063,0.65231517501568,0.6642072634516595,0.705768703513219,0.6313176767114677,0.3916127328076484,0.48281618417704353,0.2665112885953893,0.22696852084175073,0.219367613946135,0.13027773727699932,0.08918300632782104,-0.09854711852825372,-0.05013052204333067,-0.18723508897914262,-0.23949452750586822,-0.23621950282388016
-0.9391183904576288,-0.9978438892759319,-1.1664896270524678,-1.1973829713537096,-1.1123886580293998,-0.7593237723613644,-0.8939616193173986,-0.5991902832089552,-0.7776733629945618,-0.39726298297272195,-0.1846860017371734,-0.06348075315792147,-0.09608943290957922,0.1598444856795401,0.3751473482607339,0.4740890962693796,0.6482450433716985,0.7201425951157764,0.7042982800376042,0.772950333477231,0.6834009990806024,0.7545508603357312,0.6613267159391001,0.7665528073538185,0.7123253062507845,0.6992906405595507,0.7967042842060373,0.5505923952122775,0.5106448443806685,0.43124078967824825,0.5171304633783507,0.3795772071901307,0.28676735218819377,0.25241999724487585,0.17468072905398016,0.14629721270029036,-0.04850106481248541,-0.03267402012063425,-0.10526838633166183,-0.15882920201534348,-0.20486999755079938,-0.28511838952890206
-0.985002189267389,-1.0528321042604443,-0.9064334049736307,-0.9489914403496374,-0.9268367556426739,-0.8863998222784366,-0.7832924592840244,-0.6189328884206838,-0.5617956015234529,-0.5621010188231701,-0.5036796568911418,-0.1491372810359877,-0.016717360227815316,0.275610159453594,0.13328539641047,0.2983235018895398,0.5738998321848642,0.5421871131034943,0.8249906871333292,0.8246517623454288,0.9134403111294871,0.9490879329594165,0.8448167272554007,0.825529552872725,0.717944285751026,0.675421206606643,0.6069652083354177,0.7064323176982125,0.6544154979882073,0.4649028716465793,0.38273134657360003,0.36017897940908533,0.2752757283758862,0.152743665681505,0.20772967097108008,0.030024742482569602,-0.04041369355241565,-0.01468238433646823,-0.10103290601974013,-0.11080373028697509,-0.1633271521535704,-0.21505571050090103
-0.9518106736878215,-0.9671160129559704,-0.9441928462979884,-0.8684008686713689,-1.0563900778811495,-0.9700210194276415,-0.890114268943316,-0.8174011566865029,-0.7612038540100039,-0.4043036250599185,-0.3347971083138209,-0.17264370160635187,0.16800972303396147,0.2119741848276533,0.4973028116794842,0.5507221805072162,0.4297272483799496,0.738045460392965,0.5764803192070252,0.6427046487978655,0.7169973052835806,0.6930539972314568,0.6456537614495724,0.7122733329521783,0.7771893706511481,0.5871418070184146,0.6971060691650769,0.5641388939222152,0.5280228026104331,0.5243122054508814,0.5676722265051805,0.4360341674278879,0.34708446088390055,0.3248957987303287,0.14877351818113319,0.14275330695605537,0.046082502808744076,-0.0748414766694925,-0.03729044126036217,-0.1487621853583195,-0.2623618720063867,-0.244645015302336
-1.0060700511187237,-0.936867871252459,-1.0021959014308703,-0.8710567770155826,-1.000971581539979,-0.9731533283870915,-0.6501873964537814,-0.5893250797734637,-0.6646776615285889,-0.25610773001457415,-0.3896195888316464,-0.07348717271360185,0.005400059352173137,0.08387547995699919,0.1448983944856154,0.4270358477438073,0.5559632552348701,0.4754846178247672,0.8132222513952171,0.6575484338583696,0.784623425684808,0.7821259911704711,0.8757782725998163,0.7275307211624696,0.7058495523191977,0.7306569799476098,0.7757869020408527,0.7129562511987362,0.5537370453357936,0.48782645177535944,0.35473354255260314,0.44660019180285115,0.26210051522888733,0.20750432148449657,0.09170266989427382,0.10969179045455238,0.037825406389629716,-0.042872076170095245,-0.14466663988089468,-0.22405519685178704,-0.14346505485401267,-0.26230005337898754
-0.9571317369282871,-0.9969139154443848,-1.1319516594266419,-0.857940495833274,-0.8962401967068648,-0.9789953557148808,-0.6242729896674178,-0.7432593677883099,-0.5831977011053765,-0.5131010553166656,-0.17474294993671446,-0.05675771733605989,-0.15860212872356752,0.15300317775003297,0.40936947512174376,0.48833975068227176,0.4841106482119565,0.6746891355760803,0.5742093788344944,0.6123302493555345,0.7390873108680699,0.8279806812245722,0.6937842002151621,0.7172936079039335,0.7855034929021224,0.6450110731425499,0.6220309962103429,0.5827592277671131,0.45344747520822587,0.5462624852339055,0.3668548263029506,0.30158132156529616,0.3109586868583921,0.231032460491351,0.16794520240680738,0.09681487795535651,0.018775954410635145,-0.10621156553356914,-0.11363247217403928,-0.13631773418136842,-0.16098553249309897,-0.22479283021310908
