gfs-wave-data.json
{"header": {"parameterCategory":2,"parameterNumber":2,"dx":2.5,"dy":2.5,"nx":144,"ny":73,"la1":90.0,"la2":-90.0,"lo1":0.0,"lo2":357.5}, "data":
[rows 38 to 56 of 73, columns 42 to 83 of 144]
-0.35858379942793583,-0.29544367891230255,-0.4371221516312883,-0.35503918783927657,-0.32382653600851585,-0.38246033049718586,-0.38197166366199586,-0.3408490456072274,-0.37947245856792217,-0.2710884791718463,-0.3077547713090011,-0.3385110914672657,-0.257562106784618,-0.21759258212026045,-0.26334995215271606,-0.18724244511477037,-0.20998923279513348,-0.2602305355023878,-0.2564265102282402,-0.12825038254896737,-0.26022986436334816,-0.15528523853167278,-0.25269610152425553,-0.2955571323500818,-0.41682513226630874,-0.547402884515689,-0.514382592021814,-0.6442127215146022,-0.7299695809982067,-0.7094703070880949,-0.7751831090285883,-0.7563173028096544,-0.6975420952126054,-0.6987520008152553,-0.7795560372172808,-0.823772828268212,-0.75168372700163,-0.706096549141431,-0.46850738562367306,-0.4039529736811607,-0.3990093475590839,-0.5570229733767024
-0.39417320347721957,-0.41324897741552513,-0.41450720216167475,-0.4633029419274908,-0.3243972729017834,-0.4667277677274738,-0.31380585561757074,-0.301313237624961,-0.3557974345496512,-0.34912212211493576,-0.24288100979200558,-0.3723975903327525,-0.3182117271714716,-0.20377112496611285,-0.21811158852187862,-0.18976447198887328,-0.1762132102708752,-0.14778372586164906,-0.173888543965456,-0.26828196088179374,-0.16669736466851134,-0.29014010630853,-0.33335394583873973,-0.2698614827043516,-0.43005521985223927,-0.4820217084915519,-0.4689784673705198,-0.6518865671985637,-0.6074019028232258,-0.718444510402025,-0.7115012406050055,-0.79373687845798,-0.7257951903847317,-0.7233440668847537,-0.8401714454843277,-0.78237865126871,-0.6693994905860453,-0.5852013191881655,-0.7681556413551799,-0.4812700610505559,-0.5523305083088847,-0.4776462785257148
-0.3169597530698745,-0.5247693310071201,-0.4472111171715804,-0.4525487259140784,-0.41564769896254616,-0.3946220918523959,-0.36411768962002466,-0.45393934581039047,-0.3321567968031316,-0.3336822145625858,-0.30399216947508173,-0.25399455897417894,-0.22240771686372057,-0.2466333883796627,-0.19837279529859098,-0.2170820664084808,-0.25056325402163865,-0.2731819784184853,-0.2682174487636356,-0.15851951031908054,-0.24250718522574266,-0.27106101166231955,-0.23016983275125216,-0.3101283880619789,-0.5147052674515911,-0.43508039007781324,-0.521619094332901,-0.5566447388622734,-0.6954265487463954,-0.6662740133873662,-0.8339834407476837,-0.7427051331672022,-0.8024510642447211,-0.743710184791237,-0.7551879678707827,-0.7291413865992016,-0.6907289387843863,-0.6257690268155998,-0.7642140179703324,-0.5531184937760057,-0.6472009744208493,-0.6614863284436878
-0.35973370606887256,-0.39495028071427507,-0.5551685831924575,-0.4874686303155599,-0.5073341327013948,-0.35183310132413026,-0.4498282402387814,-0.3383476979453002,-0.3039866205674241,-0.294172598311907,-0.3009057846607528,-0.3375811019597124,-0.2404172635274844,-0.29844902064323103,-0.21045253719240659,-0.18604527575582638,-0.2042767704094556,-0.20825187757162011,-0.17622753795467955,-0.21179818750950075,-0.2863120583780008,-0.240735191460382,-0.3333724482870573,-0.3374794856593808,-0.38747990149738665,-0.5684719272096415,-0.6739519337065348,-0.7136275743788965,-0.7282728524644242,-0.7338880575772525,-0.8041935086686107,-0.7881931833567276,-0.8581335114243402,-0.8113936847590439,-0.651298171639214,-0.7467431574109148,-0.7480861083330763,-0.63274228249196,-0.6921504238120539,-0.7015809112893633,-0.6935255197860613,-0.6593765371983715
-0.03847608292327171,0.029524972661769375,-0.016900639339621222,0.025869806301816293,-0.03949833592925943,0.03906992223016546,0.020184494693262056,0.00584618234838373,-0.021702406193471257,-0.011506835187264095,0.03483894384169457,0.02521436175423148,0.005583596482021453,-0.0014651186361971228,-0.014891373197284329,0.02638889510087994,-0.007951674582089901,-0.03077238350876553,0.03597526585191321,0.00525185088147893,-0.019172647739369292,0.004563921514885429,-0.0077923860961117055,0.0013005061837821966,-0.03508697775275231,-0.029394452973447907,0.0008544398335545772,0.029768177320003444,0.01533480353963597,0.006657405814832854,0.011942620890997865,-0.009373238091240297,-0.023149792794234535,0.017739083664392554,0.039074255270401634,-0.00823058660302319,0.01267793010265557,-0.013650594184236767,0.045583455022784214,-0.03574980639130103,-0.023152983799855656,0.010486629696036478
-0.6843448904674202,-0.6443846221943309,-0.7823393319267291,-0.6152401611205962,-0.6496052406733708,-0.7549646055380816,-0.8014203053801133,-0.7097582059464466,-0.6019886914340057,-0.7738787716903396,-0.6313824736068245,-0.556781615914812,-0.7779837989203119,-0.5102336375871432,-0.6294816565727429,-0.8018637907662374,-0.5868563132691393,-0.7171523136992358,-0.7159862407805787,-0.7329501282128156,-0.7916498114548511,-0.7461359549027474,-0.5650156535984859,-0.7353617396229786,-0.7361398682491791,-0.5896210572554936,-0.6730011922790716,-0.8018500252993971,-0.7697909113672927,-0.6307048615423825,-0.7412675520381301,-1.1835922868085929,-1.0057784425856062,-1.2886338474088754,-1.060364439981671,-1.2568480284266035,-1.0630387377774277,-1.095114661284425,-1.0835044395008797,-1.2048889843287496,-1.2166624085324678,-1.2478180254636002
-0.8184710123330192,-0.8767903305821084,-0.8168288181030988,-0.7874458680054475,-0.90775828905281,-0.6439954184081715,-0.8686501527290953,-0.7473181068441318,-0.626686543104941,-0.7690220975593617,-0.8049593781808763,-0.7917997786345164,-0.6642630227933315,-0.7210448455973095,-0.6771649945584565,-0.7542507730305091,-0.6121812566770908,-0.6816124474694485,-0.6892297987500481,-0.7615557164850343,-0.6898883379365118,-0.7446643932673727,-0.6234218631176889,-0.6053451038094803,-0.6454660876912639,-0.6169766005998877,-0.6110422740964389,-0.7177658837152934,-0.5940117260143173,-0.7049978961971288,-0.7592691825194428,-1.14494694884036,-1.1506517721466158,-1.207176778595595,-1.0313203896532053,-1.205268057718558,-1.333390212441272,-1.1152367298930643,-1.1147499273879626,-1.287144257416011,-1.2307408313698476,-1.1655276761538027
-0.818476024817697,-0.8494382879080096,-0.7642961737564197,-0.7454484255587476,-0.8199854289699203,-0.8646712074873499,-0.7928206925444599,-0.7977503925463868,-0.7241958878605393,-0.6146671548292395,-0.6288749873198352,-0.7492755929579603,-0.5703832703975168,-0.6090694871010142,-0.6450315934807874,-0.6310532228298174,-0.5580149819498303,-0.6563994889503406,-0.6267701077215131,-0.6878918518766974,-0.6855829636581495,-0.6834985039151044,-0.6662215750014634,-0.6319751695668615,-0.6804164060068363,-0.5728941674174828,-0.8081140556667229,-0.6862074206037195,-0.7712704040956615,-0.6938140344248988,-0.7410870833805733,-1.1425080264958902,-1.0020504841517246,-1.0889491335658754,-1.2161634519582494,-1.1431412507530607,-1.2210048392071164,-1.1131376486744449,-1.0732186834723476,-1.262400144504963,-1.168295601509761,-1.2938234114831593
-0.8603042330317895,-0.7932452621279307,-0.6266635572489013,-0.6848735885119778,-0.6033091566390938,-0.7490708506310055,-0.5979670611037519,-0.6865073507082747,-0.6477970312357355,-0.6343499022570522,-0.6762235376290362,-0.782574457558598,-0.6297422323745294,-0.6764358448047032,-0.6165540234448529,-0.5753220447098275,-0.6409086324891998,-0.7156201688055308,-0.6974520155896479,-0.5534313914158092,-0.802517665272325,-0.5439003746477209,-0.720612171730558,-0.808283981303986,-0.6666993762790271,-0.6427498859943136,-0.7285294010972911,-0.7643937722569185,-0.6591416393401835,-0.8518142194927218,-0.8056091137778709,-1.1762891534038376,-1.2613590009063163,-1.212678786346273,-1.2516155237515938,-1.2285355211007944,-1.1256580417090205,-1.112675575855567,-1.1934883160573404,-1.1735385708292279,-1.2552623376199628,-1.1402643612886378
-0.713486158948272,-0.8175435494742301,-0.6870395196292838,-0.8350699705506224,-0.7942149848706096,-0.6882084059287301,-0.5959208276178503,-0.5927839937242635,-0.7328610748206954,-0.6746858657201789,-0.8946560411741382,-0.6393614973447777,-0.7355741427755602,-0.7044196896760646,-0.6818082432977935,-0.6659011701236339,-0.6959857611940511,-0.6007563550596609,-0.7691284377527489,-0.6568044969423646,-0.6933021721589233,-0.6954529817761098,-0.6590172392037253,-0.6231914335360428,-0.6106997525166123,-0.8164641332623549,-0.5865947479413187,-0.6701904338609701,-0.6308533561724943,-0.7770900449421202,-0.8314405917094182,-1.1351296411876637,-1.3223333188310737,-1.2530004271066228,-1.2887338929598566,-1.1558385139918317,-1.1786926853933208,-1.164216057752503,-1.1704519810555742,-1.3117031453555166,-1.1911277014748949,-1.0907570119069794
-0.005356083637046888,0.03475030270438148,-0.028653151742868255,0.015047161516839023,-0.007689178403512975,-0.02368909121185853,0.04776970914121385,-0.01720528228141248,-0.036250350722345684,0.010144867671056742,0.011043541637382581,0.02914527514188811,0.052467063976721844,0.06757336456258159,0.04104133011480962,0.004852530711556358,0.029020272117885847,-0.05108414083308251,0.03277498696561275,-0.03553720566545526,0.04132826681921304,-0.05029230557003645,0.048387880711637535,-0.06187321456510512,-0.056047670974531054,0.0353074714589481,0.01803486930133726,-0.015802302324280468,0.04875738065339211,0.021350223175770528,-0.05076791173293849,-0.04522674044763937,-0.038978288215561624,0.054360496606715825,0.04071202739735168,-0.04304901336775724,-0.043579378662212065,0.011223360750919108,0.07119600084916039,-0.008883588929774814,0.019980962697898796,-0.012887765713389211
0.9264884261459525,0.8650957571252472,0.8215002664023809,0.880162724548453,0.9405624371955165,0.9591137558911828,0.8835658953274409,0.8285797164760176,0.8570336097818896,0.8065417322731595,0.8310937902204968,0.7788254307479032,0.7708339768761142,0.8726831964058227,0.8389210412946553,0.9006102688931479,0.946099456227005,0.9540775922503373,0.9321163248184299,1.014857217597274,1.076585959259022,1.1127080011643147,1.0340945877697583,1.1190962515009688,1.153513578417132,1.2191998176041277,1.1551806474261073,1.2628552024035158,1.2506685281889096,1.2681374055527932,1.4026366950633247,1.278141699755656,1.2237115809180399,1.2661656896300142,1.2064514071011572,1.168287319984988,1.1957498725992821,1.080855818678577,1.0167039192791714,1.0974042333187062,1.0348562435951485,0.9592142636364949
0.9532311095052569,0.9055455758764388,0.912598867649336,1.0174349276945558,0.8437439871581494,0.8441323103841412,0.9380098189607223,0.9428951720916985,0.970287890451132,0.7990676643938412,0.8172407865615519,0.819195905157054,0.860042532265534,0.9962059590391876,0.9725188114711513,0.8671594824297625,0.8783788941818208,0.9393480779997397,0.9824060625584303,0.9936970322434051,0.9759255884219988,1.0329265569793908,1.0732946232832463,1.180751380179874,1.1885474595033165,1.0979216169595105,1.2089725115164995,1.216576408929394,1.278332414763489,1.374521667605266,1.2998655049796457,1.3608358069473918,1.2565193755461792,1.3396253966354694,1.2378229701956225,1.0746386896999052,1.296357577852331,1.1205084868354778,1.060513169063986,1.0908269169259384,0.8891148712979215,1.0660612134867153
1.002907134797152,0.9618274279007982,0.9119839476495379,0.903419633914259,0.964660044581816,0.875112860095531,0.8452415905036461,0.9923061295583288,0.9131877600504453,0.9377345732559133,0.836982041947154,0.9684302653491588,0.8494870882028417,0.8890774312884641,1.013853715734092,0.9441724355132188,0.9174230430265855,0.8667115325228264,0.959031296194192,1.0801522287139438,1.0783474236230703,1.1607430706351785,1.1692425169201375,1.2115311985049153,1.2467421738602649,1.2327059974206316,1.3244773965858745,1.3825165443037466,1.3654555508859545,1.375899356663674,1.2772304711942766,1.3141263158772731,1.2756705205744834,1.325458395825582,1.191809799393443,1.2187277467800117,1.1064693315557697,1.1526774722331938,1.0551075780418329,1.0026933263843967,1.135054850880973,0.9915234613057005
0.024974662781412714,0.043691148306875906,0.010368679691167277,0.02292156293465256,-0.04091374415825159,0.04032167097408885,0.06645914020466054,-0.03981917029491136,-0.023865054291588517,0.031488518622254984,0.04671602185583583,-0.005946717024221983,-0.03650394302767148,0.007200469310837727,-0.025373763700919972,-0.02526470110333975,0.005362653619243932,-0.008958538735496367,-0.03967902725247758,0.0031923720431134657,0.01340716547876533,0.02553820965660835,0.05648674782107271,0.03999759954042057,0.002671797520732807,0.07543085291190564,-0.019185457738908437,0.05116995834669197,0.042000982764896985,-0.04395273700507514,-0.005180253837533722,-0.02441737287778434,0.0628531662810362,-0.058566866798759915,0.021405666402652433,0.009278727856474317,0.044716285243352805,-0.009250680499609568,-0.06474967560486038,-0.01954965559793866,0.07104988759326987,0.024121060869362727
2.6090511834284627,2.6140805122519732,2.7464940313457995,2.368210013912582,2.772564660514736,2.636860930882491,2.5286845576296915,2.3186855262279398,2.4083039012038605,2.344202417353898,2.279620190804225,2.2626015680227822,2.4762734124316346,2.251210538245731,2.215803419360833,2.272925229290475,2.1850554267421325,2.2292908101888926,2.3053615728353303,2.3870986900145166,2.233945685585326,2.3618613488429947,2.2713905080544037,2.2666955253971213,2.077896623423572,2.2341732041801174,2.222848141208899,2.2534071236334237,2.2417261037782423,2.161503877809057,2.1583860281087808,2.157846446604866,1.9822911679952058,2.1385511891892115,1.9801946725303328,2.0011350570431485,1.7878764378173764,1.7395039677094795,1.7997463809397334,1.648622606361802,1.686077559418477,1.5570923523975353
2.7630685070275307,2.530887426356663,2.7438625882712615,2.708874092320634,2.367576071456779,2.564845796105224,2.3919237636441975,2.237905045444096,2.467383682163945,2.327260712535018,2.3938282995744267,2.5161889079545463,2.164634521241041,2.103743214909966,2.25049890096045,2.2674702254973,2.231828152502921,2.3308387391192804,2.454482624715823,2.316187687263534,2.4408602078361126,2.1572854298133266,2.3012790050782757,2.3187628193886907,2.405272438293642,2.176608470471046,2.1629041134920706,2.2414656740260748,2.2880032122594716,2.0831054954120356,2.170721768235408,2.054403862372856,2.030290414167293,2.128961931674545,1.9516809783197984,2.01570671708031,1.8613173533177811,1.7368829956329068,1.9344734923086666,1.7431929944461235,1.8557233378339344,1.6013284773373682
2.8132115628084584,2.676525992000852,2.602897927163535,2.787847866644752,2.7821552403167766,2.675733000165971,2.218117012927534,2.525010999749759,2.237926959951969,2.4559332550829476,2.2918029994170652,2.2614116870188563,2.219589755947463,2.270818200365511,2.1052356842069235,2.3742452691124516,2.390091104626544,2.165656351448908,2.402895312853553,2.3284993526178317,2.2002327378968984,2.3911882453262465,2.4020875871078813,2.362057969464879,2.3597029082628325,2.160184049781222,2.2881879780346526,2.105807938922229,2.1646056895918755,2.172203167393018,2.122122309633573,2.142172757281566,1.9886460474876806,2.095851378952681,1.9824414499002239,1.9809787809196882,2.0025866367920697,1.8757066876158401,1.8276028107572138,1.7137644444055717,1.6131681476836965,1.452084040297659
2.7988990919495014,2.804973780021973,2.7274988320110296,2.581299861385321,2.7916524447627014,2.4903769146343664,2.4394536605214827,2.5705685942883454,2.296152654824893,2.437297456836958,2.2341361268107662,2.4450202688285927,2.524094762430222,2.2404714280157507,2.5202608883284583,2.488343716712579,2.5266926786570343,2.2634964463005374,2.2866876865534174,2.3839539227730095,2.4611136938903355,2.3515350140446913,2.249033627727688,2.3850049072912083,2.2908474174564275,2.212238384689477,2.320022265204458,2.199855885731202,2.297293747925321,2.191820165628777,2.057236663895565,2.087792435220478,2.1319504664918973,1.9261383633230562,2.0880064620631336,1.8815734548560996,2.02960495836737,1.8419995654393282,1.7648374483657874,1.7448266235669814,1.5569295703667647,1.5730849470710606
