gfs-wave-data.json
{"header": {"parameterCategory":2,"parameterNumber":3,"dx":2.5,"dy":2.5,"nx":144,"ny":73,"la1":90.0,"la2":-90.0,"lo1":0.0,"lo2":357.5}, "data":
[rows 19 to 37 of 73, columns 42 to 83 of 144]
-0.1836640793124141,-0.20125441919313689,-0.20054744278778475,-0.14250434743702972,-0.313348772692993,-0.3082908306731499,-0.2932901330990552,-0.19734891234120713,-0.3120147918579942,-0.18154695805051088,-0.13814272853704623,-0.18626701955199104,-0.15481455223363919,-0.2808281930897507,-0.2636661212136527,-0.15520556713149217,-0.1742355264178864,-0.1484017060443816,-0.20405902883795377,-0.22396000175598849,-0.14428630594622688,-0.24473147829400674,-0.24985390169371544,-0.15261260865306484,-0.1643504863486155,-0.22239119912784322,-0.15414085744971862,-0.2357623813176583,-0.3229198043739185,-0.2954113030331864,-0.23345706217270695,-0.17589303818722757,-0.2021786120921772,-0.22952483645163832,-0.19126832105663868,-0.30932035309429545,-0.20203777569669693,-0.18090944854655278,-0.28027030130458147,-0.3078284950252742,-0.22623698084124913,-0.25683091374595185
-0.15137738053968514,-0.23075360499998476,-0.2771958826472698,-0.2539039659402258,-0.14820384881270163,-0.21246309372450478,-0.22442374493970746,-0.2807674840895538,-0.17195894167220263,-0.23104153182093198,-0.31055433127624177,-0.23626603087489162,-0.2942577189132302,-0.24600192776279692,-0.1659251901145952,-0.1763384228122022,-0.2984026198961166,-0.15424912063176163,-0.22444265134105987,-0.24309304949390076,-0.20776106517149834,-0.306957237255984,-0.24761702406788094,-0.19805320628198986,-0.14987923077086096,-0.268556352528553,-0.1727690768994011,-0.13440534644723875,-0.21837480290941805,-0.225199954608805,-0.15652569773084327,-0.21787298751360507,-0.2108201422354776,-0.26512830040348134,-0.16415700478161702,-0.31766560861220566,-0.13585255543093996,-0.15650068744838144,-0.16910150624882347,-0.2198463439076692,-0.1676537423962376,-0.23560431598804923
0.3194140834466495,0.23281181544480578,0.3060520650447472,0.24295223517751185,0.258816906680987,0.2783005155679149,0.24787902535319892,0.3526706655596828,0.45442176376760607,0.43223660666773067,0.5389267702575917,0.2940800885726046,0.43251025222050304,0.3267440689696966,0.5569684151222452,0.3901138672746911,0.4798199923204373,0.6008628210674892,0.5279936307982354,0.4256347722931623,0.4252168108496634,0.32626335888270674,0.287698194505895,0.36707794347731665,0.4548347109780132,0.3425505244409297,0.3124933449490054,0.2226541602551055,-0.06374704047127593,0.1809091431536647,0.09450653531859073,-0.10613008474844803,-0.1729421977637097,-0.21313789309204645,-0.18282752243112216,-0.12175294586775523,-0.382808284963146,-0.1951966420922686,-0.16904516770146943,-0.4857458484809742,-0.47556395236346166,-0.31249901323839524
0.30678178169257886,0.2347838238068165,0.1574072732592636,0.3046483641915647,0.2831206308334496,0.28115568110566086,0.4043475709276224,0.32139128666135547,0.2878159487433477,0.5265358969461642,0.31951276571639947,0.5261273591047293,0.461164258366192,0.4067507778100938,0.29152527750919327,0.36776551125657314,0.37546471528577813,0.5608527927806866,0.31829517928912243,0.519269588802985,0.33717493077120236,0.22260079079032952,0.3791826248978704,0.24440529172509112,0.3869963959284544,0.13775368630160512,0.27748500621872074,0.3268194730390052,0.16887735588775463,-0.14871565830965655,-0.04260739163787813,-0.23457309308030055,-0.09817475857863044,-0.15177131412023243,-0.013925097889190247,-0.436374325239746,-0.2919198859729863,-0.34992809640005085,-0.386565950411261,-0.2226368193595606,-0.20543622323887806,-0.4178148480353989
0.22396435341339171,0.14110616243406882,0.2945059802693467,0.29876857314744093,0.3265786623772637,0.2548691118503424,0.31907919567631915,0.29153435178109,0.32130789180116903,0.4688687711258545,0.4589609424590704,0.42787456853839656,0.3573860803436969,0.42576450198863874,0.39057926627491957,0.5110752326449796,0.541444090306313,0.2593816161668431,0.49924136889468773,0.37464850997859156,0.4639571466610024,0.41931089981797326,0.15914345300874663,0.25196175610418375,0.39738706733628804,0.22540525865775551,0.3684075016347583,0.2613716750656177,0.12577969293855973,0.08517819662500022,-0.009643206359271751,-0.22044423967684004,-0.14061291928342884,-0.09255601274063044,-0.3117634126641158,-0.1825150638133059,-0.29223426381709267,-0.22640161690830524,-0.30374663584056527,-0.3486671137228437,-0.3055985575709912,-0.2821294229541518
-0.20128305408525815,-0.26726831628520586,-0.1817521229003925,-0.12320228217135812,-0.16899978843691665,-0.08485823032644707,-0.10166869597161354,-0.269998422283371,-0.11670395440432546,-0.1739993260293338,-0.09291739611254804,-0.26089753204504756,-0.08333622846621673,-0.10958635987839543,-0.1659318185047692,-0.21363595163227514,-0.1497700231241665,-0.1587947720138729,-0.1089412575930892,-0.1141172734725198,-0.23531080307034266,-0.2519617189892822,-0.14015600210884788,-0.2508845466469512,-0.23412215197247616,-0.2464519682173181,-0.2616598600743359,-0.20291070691781413,-0.14933716629992472,-0.08276052834294503,-0.16347513758437682,-0.1560658522232718,-0.24371579450225592,-0.19833223672307942,-0.2105684692455891,-0.1234867031049188,-0.07751564176837861,-0.25004818973553,-0.2278672164405137,-0.27259381576659586,-0.2541090007977939,-0.1803406977789795
-0.06790806094767467,-0.15197532818265994,-0.09790082466980644,-0.26937083609948964,-0.06777252674221694,-0.07543561242743711,-0.17854844523468832,-0.11372209003696099,-0.15759486070419018,-0.2068381171114265,-0.20960125321036638,-0.19756266207882145,-0.10704123568817869,-0.26069751562139004,-0.20819328952106095,-0.13805997256040342,-0.18518012012091029,-0.3283212428181897,-0.23505520130398289,-0.2932053757326163,-0.23994963492695662,-0.30804035187716383,-0.2888618051028412,-0.23555933082826916,-0.2105147662874615,-0.26425650063932066,-0.26088906678682616,-0.22971651389967643,-0.26344138016900365,-0.4182436792876378,-0.3491691357424913,-0.45953532616661397,-0.7286846231014582,-0.691082983398042,-0.6942570752033855,-0.5977444240712321,-0.5118465263912544,-0.7911224776129594,-0.7511592483400092,-0.6848058319499388,-0.5610312648350925,-0.6725412808531768
-0.12699879347163967,-0.28560327710590455,-0.06216585413289971,-0.3799694058068397,-0.04508189866853133,-0.24011426848292333,-0.21483404898856628,-0.13971478521654276,-0.23392392973048454,-0.08864768529819915,-0.08671060491515904,-0.28113866047236297,-0.11225357094039758,-0.20212153824868676,-0.303081266600642,-0.10472472782736672,-0.21386546038022794,-0.19317312653090832,-0.2787576096910888,-0.23896478931340812,-0.2643376200991774,-0.3514460834662997,-0.2823870346670524,-0.38707145261648684,-0.3023843175383566,-0.3667551077476403,-0.24819875687719026,-0.3703010984662518,-0.33213296647660623,-0.3506333229030579,-0.38199408620498265,-0.7563527172475981,-0.700320848224994,-0.5543950882574117,-0.6839329048726085,-0.6392012513164365,-0.7359399100071582,-0.8005909243969964,-0.8173017998754387,-0.8319125166704853,-0.5664505838856114,-0.8292175528747903
-0.08775052054062485,-0.1939354724859059,-0.25488877185734,-0.07192608842227446,-0.2787691328345321,-0.29529846567715895,-0.08924201289630407,-0.3745089192073594,-0.07109347186279198,-0.3498232988178463,-0.0777658608875054,-0.08691193046232108,-0.20441424581282186,-0.13409105894099418,-0.35297052266273743,-0.14529332867741498,-0.18344578206677023,-0.16658044371912936,-0.17428528669074428,-0.30017236246420587,-0.14029668703645778,-0.23111082580187398,-0.29415711260141714,-0.280693899887164,-0.34844444441870837,-0.26583889076357237,-0.26989770321412654,-0.2281508416772185,-0.3528557978290447,-0.3236242130671787,-0.25504970560377155,-0.7048127531219731,-0.5713140350663264,-0.6185727389551962,-0.5687013810941912,-0.5903143272910418,-0.7651904190613702,-0.6724117170822094,-0.661464793015905,-0.6271373254349825,-0.5904323543050858,-0.670610702560682
-0.023831884314415314,-0.1783914562111866,-0.03493666915002778,-0.19107858984840795,-0.16967601804552093,-0.0992358019132601,-0.29063277178846425,-0.13494726139619606,-0.0653839496805732,-0.07918427692104425,-0.27390317967015143,-0.07367011598623947,-0.2434192668808471,-0.3501066727800205,-0.12544632695785768,-0.2860175150727101,-0.1617063904998479,-0.28938129118658024,-0.19609366207222442,-0.17423992434317198,-0.2382321868065459,-0.2442613239953576,-0.1834478644631723,-0.18710960891584863,-0.3795214686675176,-0.21623023322924653,-0.40928825656259143,-0.2733150001745221,-0.25594263250562777,-0.3005522019532156,-0.32596883302634516,-0.5039534211432205,-0.7002356020022908,-0.7617933534601307,-0.5804837882782187,-0.7022675090534791,-0.6200482310474951,-0.5389406597501867,-0.654463419890709,-0.5180599912907846,-0.5710437718359299,-0.7380747529872037
-0.13302987464440585,-0.17278334948345817,-0.07608706014525463,-0.09903448602515305,-0.20722409744925901,-0.12483089201583196,-0.20458567917977757,-0.3279806836412128,-0.32947290704224735,-0.1741703911234233,-0.2395468216817019,-0.1951590512184257,-0.14775949537789657,-0.11296513518511124,-0.28180979694309066,-0.21275956222297807,-0.11918368939979838,-0.3139379327124803,-0.12137272344968443,-0.3151532766917505,-0.25817552292659784,-0.38617524336073833,-0.24319252831453944,-0.18338047903995233,-0.3878262560169806,-0.3129565393700458,-0.2369965190658568,-0.1993620253201896,-0.2717422073618858,-0.3784061713205911,-0.33962045723877243,-0.6133644128070159,-0.43842431386624403,-0.6586538215437344,-0.5119357820446597,-0.6355486088775301,-0.7513287280415117,-0.5337505595583619,-0.6863595225919764,-0.5765962430110928,-0.5722931417573927,-0.7463693115362416
-0.1439718092387623,-0.13547402627490981,-0.03232264294894558,-0.21799890491668453,-0.16837311217833661,-0.17283317994615036,-0.12167722479615589,-0.033559472003680424,-0.06145607673924497,-0.17402530152232837,-0.2076228256883573,-0.12975682068934175,-0.21423353639542625,-0.1703703906324986,-0.1965287609076567,-0.1687442121646334,-0.06695586182234908,-0.1213316685017416,-0.16117159800355316,-0.2152951457171433,-0.0771753581735005,-0.20093094464963251,-0.15605741165235465,-0.17205267963932008,-0.20856572439832993,-0.06443116534510183,-0.15799022023947312,-0.06411559581161311,-0.18373549241413806,-0.05210998061493291,-0.03755491027575312,-0.07572085894825767,-0.20832203378689226,-0.08144457043500092,-0.1397459175981568,-0.12486505995297123,-0.11044031173367153,-0.08937968239392112,-0.15849995185595497,-0.0556020012325853,-0.20075713904541495,-0.026991287415347422
-0.2374632020204332,-0.2293359638478699,-0.2064080926919005,-0.15652967517012362,-0.059236671478933196,-0.07506817535313572,0.006820332827037907,0.08438362663498722,0.04152858492896605,0.08920404914809082,0.08106569853501033,0.11555919397850563,0.07485233965909212,0.19781901434680674,0.22039590749700322,0.1542773861785072,0.1671160956635667,0.20366158321900463,0.22330647613748572,0.24163604543222797,0.20794378370176161,0.32538894618915504,0.2574640770010466,0.27936615877856774,0.25207912704059193,0.23918912184550256,0.1648105957265912,0.1567606468416116,0.07447777989261165,0.10357418606645993,0.010426049938950119,-0.05227771518265817,-0.15893867220969476,-0.2982383222800824,-0.2848728553313324,-0.3863679247935976,-0.5316598937954017,-0.5247773155459445,-0.73564076058706,-0.6536103660734851,-0.628653279219401,-0.6916282176093923
-0.3087097365920903,-0.2163311129723205,-0.16928701234420898,-0.1316652561843666,-0.032487505669237145,-0.030837949773328648,0.03895869547952768,-0.0085946278602361,0.03131181907186296,0.10207984083655249,0.09950497004482216,0.16932092040936328,0.06370990229563668,0.08343945759300245,0.10353796557763119,0.11743346520091856,0.11979859884063082,0.2759515538764628,0.26670834427892526,0.1475319314870285,0.16668133784753753,0.3599765980531035,0.3391284024394215,0.19558157267301515,0.2721411253336177,0.3246321777731018,0.24572755860742926,0.2389449871856561,0.14309101025538812,0.17211853293815005,0.02084550532806094,-0.14883861611203922,-0.19221697841909302,-0.2860664842199486,-0.4501786778608138,-0.3493449816542149,-0.6597443355252423,-0.7089424224520169,-0.6167870305148477,-0.7325181899866935,-0.9162985498300802,-0.8736901263540768
-0.33827935463270153,-0.2504725553437945,-0.2396271127694268,-0.07867332450089114,-0.09687535066986333,-0.04943037447050787,-0.029774894605456428,-0.004278491783921252,0.10855890970642114,0.05118894709209428,0.13496830783807717,0.08987595609531174,0.159964207513562,0.11508045798991769,0.138460871012777,0.17224502535969036,0.17332647468083914,0.11937469491538012,0.2002161023232449,0.14781172033194495,0.20847740116103455,0.29325025060790155,0.22944755666732775,0.2479860839976983,0.2805432628192009,0.21284467827869755,0.22609525321781054,0.1489334916199003,0.15725518124416896,0.0745914817299813,0.0362668128545935,-0.0705618783162293,-0.14140634554573422,-0.28337285482844443,-0.38213639065443566,-0.39282172493538603,-0.4683544942202048,-0.5834690682193063,-0.6249420793883002,-0.6793750447031528,-0.7795711311529768,-0.865351296846854
-0.21053138256469972,-0.2290538106573849,-0.14738113844538245,-0.12056207266456669,-0.066054168802022,-0.0514738638198094,0.004276786648225562,0.013460860221139268,0.10236245586727839,0.050929974828931864,0.11551202430368086,0.1061951739024487,0.10343810836077474,0.24538718564463013,0.11624711817825364,0.16551967929424674,0.22367798869335279,0.28373741723291285,0.23565530350277689,0.18352881489428796,0.2040993172263162,0.19566877563898366,0.275191314105633,0.3439884892886427,0.2839765289145168,0.23606788731498493,0.16133067802453252,0.12222619904717871,0.06654645358614784,0.022257437353917543,0.028874271421982397,0.017725183693003636,-0.2852243273318119,-0.3253355253552829,-0.3481978433623426,-0.5020996462574968,-0.5889309256386083,-0.5713954256142124,-0.615814733746259,-0.8101765566179198,-0.7178658305713153,-0.8985508487440199
-0.19999189864370864,-0.2040828800367232,-0.16985777143800523,-0.09435306957801669,-0.07286177270243059,-0.0850463422813032,0.01680012779337327,0.06504297528673658,0.08944291925736517,0.06519831645809021,0.1060667576488418,0.12115055966912447,0.18947629397220225,0.14456476216989136,0.12323110894706842,0.1445213507370233,0.22451436364892777,0.1725061151525074,0.22531412867412765,0.2457724700434434,0.3324004623167004,0.315259644964459,0.21434924620615034,0.24181325795856193,0.29714573734883903,0.24641390767836208,0.2230685477342725,0.200877145216936,0.10255564019590789,0.18143106957136904,0.018384667893189415,-0.13181580867857448,-0.23827937306860023,-0.28165772622466234,-0.4581320067529143,-0.35202055276252636,-0.5401594805275189,-0.5140980789727493,-0.680503126121509,-0.8237715348177334,-0.7241257091862975,-0.7384399742060364
-0.2980417885472993,-0.31419340805842433,-0.1632459796755908,-0.06754780499610628,-0.07008740547502336,-0.021524254226748776,0.0014806674086470589,0.0737919513813546,0.04218675297004203,0.05011579636086601,0.06451368002891272,0.11998373172259766,0.1586634179462972,0.14609229050113087,0.09369991288019429,0.1687927685764387,0.2161905406353968,0.29068627535934083,0.192993308422191,0.20272246368842678,0.22898067556994642,0.23854399741597135,0.33136133177594634,0.28650369778941925,0.2338735189908552,0.24316882586134644,0.17594082580596182,0.1920788578660974,0.17965648703217638,0.07784805375734642,-0.09245898805185435,-0.1601445553796029,-0.09940803934308301,-0.21407004792281542,-0.28072803545627345,-0.46230898010487237,-0.5656494470990955,-0.6905697293188844,-0.6513736859792358,-0.7652681875430118,-0.7010316335545682,-0.8460374539751715
-0.17267727872009042,-0.1611651843134749,-0.22188631405278603,-0.11887700816646257,-0.10084050995874054,-0.005328218959351414,0.03563359081167172,0.05656630402343095,0.052549565428005034,0.12252556579979824,0.09659768290627972,0.14594671898439915,0.08552692865274461,0.18886527124091057,0.16978018226196234,0.12377639882680082,0.24662772820672563,0.23588787704787592,0.2859976699281303,0.214213426841201,0.18978189555921154,0.16762243947235092,0.2193333663926288,0.22862964996386229,0.2799021986124708,0.28769655945869804,0.16934470591252918,0.16120043173729834,0.15635853695301483,0.02044903653582534,-0.0360044115817509,-0.07277715955604035,-0.1068357241430468,-0.20919435222320362,-0.3677360742265965,-0.480382708385394,-0.5270054372294543,-0.5875571438673237,-0.7238772361923638,-0.7862888792679175,-0.8195797628394655,-0.7297137705503447
