gfs-wave-data.json
{"header": {"parameterCategory":2,"parameterNumber":2,"dx":2.5,"dy":2.5,"nx":144,"ny":73,"la1":90.0,"la2":-90.0,"lo1":0.0,"lo2":357.5}, "data":
[rows 19 to 37 of 73, columns 0 to 41 of 144]
1.97319745826118,2.0383705059799144,1.888548266235098,1.8057506346116554,-0.0033022688123007966,0.004828572009828195,0.0169804352425385,0.02439724381658821,-0.011997525514386695,0.0016923191307699414,0.0007476049490399061,-0.00400375989187304,-0.0024623554740372394,-0.000537646100597273,0.0005622954337310428,-2.456227946926237e-05,0.0010014680065179404,0.006841446149846059,0.0047754584824771466,-0.005099540042858415,0.0014869682087120502,-1.56858007161876e-05,-0.00029080528116073336,-0.008368803907624732,-0.00022507052562994147,0.003171093400017945,-0.0025792074273581806,0.007333455682117044,0.016114079480660924,0.022472878195338643,0.0013231844869208739,0.007018160469906543,0.0256395889288397,-0.003054682168832772,0.006512952149885355,-0.01682673696210088,0.022314164501080626,0.00010824357248709423,0.0019577120394140652,0.015524567579510025,-0.0011013806639425504,-0.01045711990793016
-0.0024991049844866648,0.0008721949356794945,0.0016005064940756725,-7.56063369264743e-05,-0.01652001625694335,-0.004591136451974692,0.01041783013559475,0.022925427672805636,0.021891810365450366,0.028529993848942087,0.0016713223973564171,-0.002003294247152521,0.014227026660848636,-0.010677946461630288,0.004345149927711319,0.003326686685606178,0.017304757569569368,-0.0021214321839799033,0.016202040554749074,-0.0006256468091977869,0.006537776624482056,0.0071990424108515725,0.004023546668304271,-0.01659238469354385,0.010787763340606394,-0.005302676000849121,-0.006034694044274111,-0.005965509884369644,-0.0022755856595146214,0.0030632177706363807,0.005096088830991157,0.013705634619475611,0.0011676735202841653,-0.0005305450744466109,-0.011498915277420136,-0.00038357242426507657,0.010039560845677855,0.013831475275860795,-0.020914520298276066,0.01720780728603032,-0.008445580755669563,-0.0010092211934452555
1.5788993897613974,1.4682071351350314,1.4530813573374313,1.3799088692606793,1.4851042391877824,1.4312974409359602,1.396535697865157,1.3951669612416426,1.2529300492584552,1.3057989362055045,1.3302535984892532,1.351023117153525,1.1533393364246074,1.2600535636683663,1.1320615453877094,1.1514284704459266,1.2479873344076255,1.00735798980973,1.1619887779705622,1.1843021336053419,1.0921126004231207,1.1296406979244609,1.1218785500652635,1.0045899608037834,0.9998741151718806,0.9012272531452354,0.9275562241740674,0.9704291400010866,0.8333386864831326,0.8958149205721634,0.9997131184485275,0.8907847967654874,0.8960619613014489,0.8845430567379237,0.9451358460813069,0.9044611479120493,0.8014264959265539,0.8460635948468848,0.7774912723127502,0.7385657009867377,0.8172199257600208,0.7157310227871031
1.404659905739694,1.4173965126578776,1.39574028122868,1.384821413916961,1.4581229078814288,1.4098515523873005,1.4261177953812738,1.4196269627052873,1.2888360274572623,1.4146615317836493,1.3550230431462837,1.2631083023072427,1.2173778284138257,1.0900670879465515,1.1346231491402259,1.123343578873233,1.1229600038464633,0.9746052263203856,1.0384748269673967,1.0574962552349692,1.036140321984885,1.1527140870168824,1.0230584588706801,1.1022308834604804,1.0866674518804469,0.9925741917012306,0.8658975747733186,1.09227733289077,0.8997878150953266,0.8736006865070797,0.8626877876914074,0.934711938114912,0.9095556172829979,0.9036261411884275,0.9005188162483946,0.7761528435216033,0.8132384361496279,0.7068152465473306,0.684554355320218,0.8238709312104854,0.7108852111378077,0.7243519910458727
1.4376516790602516,1.5352631715515426,1.407358668700066,1.430877464675739,1.4436402644692075,1.5363125524876053,1.461503042811139,1.3787930688894754,1.3911832474702817,1.2149973033708759,1.3035197568186851,1.3693171900157763,1.1423693366173202,1.1835525944558274,1.0411534241954585,1.0757116482593758,1.22151944122265,0.9932913553809115,0.9963145219863168,1.0997681135365398,1.029919232323155,0.9638098951858972,0.891939761418014,1.023015150234333,1.0054034116123272,0.9584626867181164,1.0893565289424803,0.8702831143590318,0.8260046744421062,0.834935100409409,0.8974861000097502,0.932873990001154,0.8372430054902196,0.9042497087207939,0.8523607715033767,0.8566977942337802,0.9112546217411588,0.7377190377020432,0.770853538516927,0.647175492795349,0.7373374116058224,0.7634460130732194
0.002490820499428059,-0.0014954965790306707,-0.009177267229504163,0.010498802990635884,0.0003399676938280758,0.0025285383592112427,0.00014565558691047423,-0.004539032915805603,0.010865493889970476,-0.0020986468511675744,0.011240793831371896,-0.015297507775575687,-0.02808217794630522,0.016768643835291308,0.021399447686650617,-0.008631734457097393,0.006590518386051988,0.0012656857909292437,0.013239021757752578,-0.0003079755741404548,0.019875717359144004,-0.019606925938655692,-0.004496447914809578,0.002232277060346803,-0.00020499133374813732,-0.017376647069047763,-0.0063579009435790505,-0.028466702740519666,0.007394457331401044,-0.006044776722586742,0.0020244621859663876,0.020026754283255833,0.005693583745474554,-0.0034219090523795763,0.03335508327004763,0.00485508115236539,-0.02003455928444788,0.008506442692876193,-0.0013901542388510889,-0.01802915439718212,-0.0010970412397057192,0.02083379446567894
-0.7135635461043863,-0.8513368963995852,-0.7524227539912468,-0.8558640804745272,-0.8336995974588434,-0.9406841712316794,-0.8493079323942533,-0.8546362058887312,-0.8995123731733541,-0.8790526557620311,-0.8687389723924489,-0.898845208362228,-1.0185771530096843,-0.9617677005929073,-1.0376631777095229,-0.9360142505453951,-0.9612236128221637,-0.9304234655857267,-1.0886105559665418,-0.9999322680228165,-0.9704495979103703,-1.0740749184689848,-0.9701780057941081,-1.1715674554702917,-1.0142013675144843,-1.1122450079763253,-1.2047474456449676,-1.1124483104258147,-1.0171395626502373,-1.0615690116563024,-1.0099599294950425,-1.0778709305302319,-1.1459392563817101,-1.024046325056485,-0.9861019210828937,-1.090653710583988,-0.9253081803201524,-0.9365855558150986,-1.0454883854963464,-0.9750810577396147,-1.0323736308387166,-0.9131376879216705
-0.645793937233291,-0.7716093071449323,-0.8556198073220024,-0.7801676922486426,-0.7892464674057321,-0.9109424818111155,-0.740601048809581,-0.9632672635090116,-1.0261572898195206,-0.9315217156080758,-1.046717994009416,-0.9217126652211752,-1.054165071758711,-0.9124348763947249,-0.8965859968551744,-1.086528438324926,-1.0952518816831207,-0.9633018583604608,-1.03210539763031,-1.0830910105584872,-1.1071742065716754,-1.098473931192484,-1.0039912023793196,-1.122056300512853,-1.1420690510451876,-0.996394366623322,-1.1873909040817356,-1.0156749876930946,-1.1350449964796474,-1.0004019900235919,-0.9956937460157728,-1.0730302311347046,-1.0857785078366604,-0.9494073355998915,-1.0908430318820506,-1.0140530217560146,-1.0677214960895203,-1.0744749120961157,-0.9263056473545322,-0.91452147459698,-0.9409663466659443,-0.8834864416784348
-0.8129693871032282,-0.7425248835298024,-0.7197225863778691,-0.719012903637491,-0.8819562002211342,-0.8707932442439497,-0.8242409579094773,-0.9163989763172234,-0.8827253877666044,-0.9748717974604285,-0.9443083553875987,-0.9155690101280054,-0.9915870753336022,-0.9342254287571093,-1.1171446771299283,-1.0221564092699642,-1.0266264618375824,-0.9363071715602239,-1.0752801818729336,-1.071825313141982,-0.9377126817567769,-1.0017214109600996,-1.1378588618894574,-1.1200988844340987,-1.1131701863951162,-1.1153885224994338,-1.0326981839703593,-1.1418416933908617,-1.0961045509067422,-1.0857092342980015,-1.0866443270518036,-1.139636289665928,-0.982476151822979,-0.9876377516880803,-1.1342925672181405,-1.069854574814503,-1.1079434789567595,-0.9753693792308897,-1.075680715115289,-1.0779175674546189,-0.972165709536532,-0.9540766810885861
-0.824823471574678,-0.6960152380577751,-0.6662356628370949,-0.8084960153895344,-0.8743554403958286,-0.8662552418444578,-0.8773812792073131,-0.7813877252933257,-0.9305405520349389,-0.9007251681883645,-1.0194739833628927,-0.9274873360598401,-0.9037536826351708,-0.9458984896735122,-0.9932174124291152,-1.0405282320792273,-0.9736656658306427,-1.1088763648258784,-1.0352959822848586,-1.0966472608677613,-0.9842405590938885,-1.2128109185705425,-1.1377978555530786,-0.9697222004276854,-1.1735567854856819,-1.0693780684340195,-1.0172428491063183,-1.150474500334293,-1.140259123455288,-1.020920988848456,-1.1055649968034622,-0.9922967511794494,-0.9845174182867376,-1.1674662900794548,-0.9727726018387687,-0.9590335558767668,-1.1290145982974424,-0.9961969249549444,-0.990058094669705,-0.9528653148293209,-1.0523496109343011,-0.9753555462224217
-0.7828620563891562,-0.7196199855657467,-0.8277655531236255,-0.804829875087084,-0.8713503985177653,-1.0199083670595537,-0.9039584132876738,-0.8457895760631287,-0.8501981662074487,-0.9547484239641287,-0.9523524640758245,-1.0388525787275644,-0.9160293309921367,-0.988941283532789,-0.9535062112196993,-1.0081508923981635,-1.0163790609735524,-1.0881068768070625,-1.0192502171660518,-1.0628850344160068,-1.0019523761197686,-0.9937248826369351,-1.0328967746794613,-1.1214272719203482,-1.0445123144554267,-1.170590736314219,-1.1302669192116839,-1.1805378752385423,-1.1818016439715655,-1.0018909717642008,-1.0484933882750107,-1.0263184936148728,-1.0933976604709883,-0.9974087179253487,-1.0103854655232658,-0.9500291936232707,-0.9622664396655688,-0.9518210477862354,-1.0028365311607061,-0.91469000156663,-0.8862736584246476,-0.862201292237518
0.014352559674435822,-0.0035230761573255996,0.03954836263710816,-0.02707476440905167,-0.00354101648040069,0.012978291283087352,0.010486567816839714,0.024270324731898874,-0.013492314820313524,0.00801379749150171,0.019425738027877015,0.030994734087013063,0.013331672513687273,0.014689790171138932,-0.005057966795693284,0.0147785608951842,0.02456022866237409,0.016411072184772932,-0.011057525380768853,-0.013248388597707432,0.005397604255126818,-0.026855658814619703,-0.0081919343413855,0.008001012720929913,-0.010596995523251093,0.0073869638263848875,0.013259163545094748,-0.02223863425939447,0.0050396288297432906,0.009473736463425446,0.03191098279256167,-0.006741481356501137,0.025424048925902516,-0.01406423753759865,-0.009547469847172767,-0.0062312882558639,0.011477345758343839,-0.008812233077740645,0.020157573192942375,-0.01261391704120239,-0.0034383576627064236,-0.007284353700968536
-0.5786371497039161,-0.6686630047988233,-0.684153937076111,-0.6474270500953456,-0.6174273085299085,-0.60836102993875,-0.7020276289585468,-0.5563791255098808,-0.482355590990762,-0.5887849750129334,-0.6040058093287549,-0.33497543896672327,-0.3447506918089908,-0.349155488946152,-0.42709986054163773,-0.5201999427253469,-0.6188657537034966,-0.6274595126156687,-0.889779590514351,-0.9999391182516414,-1.0100804761355549,-0.9434112791210192,-0.9552934178720323,-1.0153453411259292,-1.0827879632901607,-0.9092639890020555,-0.9244583171933151,-0.863817226280459,-0.6473924992467187,-0.6576469416352432,-0.6654565295887075,-0.47233365016800644,-0.4312177481860917,-0.39036527328464676,-0.4313055608898535,-0.2630588789581479,-0.30088762667927577,-0.3473672231162469,-0.3715957358901746,-0.2766532418138872,-0.25304313222229985,-0.38893703874078567
-0.5985214915678904,-0.7415216492080088,-0.7270768364809532,-0.6801073839458414,-0.5810906552889468,-0.6104502331837872,-0.7563869980813108,-0.5229579696402408,-0.6196008903510208,-0.5520540226991972,-0.5529494013456959,-0.623908449703563,-0.659313785488991,-0.38990759755078674,-0.49666335344125456,-0.7110930072769763,-0.7389278870227107,-0.7885568424184594,-0.8352382995208522,-0.8660566463993157,-0.8839730377029501,-0.8167572367856467,-0.9534716152285537,-0.9235876343172903,-0.9468180986863765,-0.937384034954571,-1.0472182664178418,-0.9088937108281531,-0.7484654140819591,-0.773927691140053,-0.6187901641685443,-0.4493759979244659,-0.43639406523451724,-0.3426573648440651,-0.2677096205163898,-0.40171102565444833,-0.26558792763283656,-0.29885508453099646,-0.2830307645947829,-0.2416785511727315,-0.30559359909525735,-0.3213209841565166
-0.7092835760476109,-0.7610206104550347,-0.7880685556050614,-0.6053076304593841,-0.6728512995868837,-0.751153604343452,-0.6264120363323038,-0.5910741923073554,-0.6591045423203291,-0.7118941675572255,-0.49586993423108716,-0.702567804755478,-0.4404575772116575,-0.5119860583693085,-0.48985577371380634,-0.7510710385835024,-0.6078799431592082,-0.7386258185920901,-0.6224202542694726,-0.9196750569838833,-0.9767626784438577,-1.0818981915267232,-0.9989962396048647,-1.0823750316009275,-1.012159578853365,-0.9216687103123162,-0.9405510921560589,-0.8374451224770142,-0.8764041227815976,-0.6127010101965756,-0.6007756935610048,-0.4968115114831067,-0.5922602807167061,-0.5405047055167103,-0.48329388318790417,-0.2586502278045891,-0.33734419177529745,-0.30718755662235314,-0.38016572747292543,-0.37536379048758345,-0.41296518667503884,-0.3574740706967926
-0.7688133839066579,-0.7164911249610562,-0.6403794941849671,-0.7242018583135222,-0.7422080085956897,-0.6082314253062152,-0.7354135491815813,-0.5982102818243272,-0.46316660171582613,-0.6019269522156805,-0.5871242536373484,-0.5103525773363851,-0.44991264512038337,-0.6414432253929953,-0.5957989882755539,-0.7499806167583097,-0.5720154117605485,-0.7257495325234811,-0.7509341786137962,-0.755248855478436,-0.8747530246629946,-0.9513334017731905,-0.9845267509328335,-0.9518874260266018,-0.9478620432759769,-0.9817331606980073,-0.9960926258740838,-0.840012316383191,-0.6902388575977016,-0.7725522862443159,-0.6168639635562396,-0.5799082117611122,-0.4312082964625272,-0.40904278635964164,-0.4312939122466951,-0.2973031583766208,-0.28100016480713547,-0.42361776182769745,-0.2647320706220532,-0.36592367553886695,-0.24209202688515274,-0.3298241487196714
-0.7625470514695543,-0.812642019410457,-0.8263380606255476,-0.6995430756133533,-0.7340608422895467,-0.733144930503972,-0.623375696283593,-0.5381842442426373,-0.6379886233012121,-0.6480232809753967,-0.7109275520359575,-0.4289255955560557,-0.5728233026380031,-0.5790052478384998,-0.61316235408462,-0.6262937528966683,-0.6282845583694584,-0.711983333522221,-0.8846146543004234,-0.9874036002164701,-1.0728336785114367,-0.9936959626760443,-0.9786763217561767,-1.0700510778727295,-0.9745968067671458,-0.9379235648827526,-0.9100382817056781,-0.851398019537301,-0.8379012788995346,-0.6714913114818228,-0.6838903195963495,-0.4555044297617583,-0.6372548491268433,-0.4339112658059091,-0.5090035946754768,-0.4396450790446974,-0.26092867889837884,-0.22465123190097183,-0.26606660886917366,-0.30313419713296097,-0.3405330364146814,-0.3374845598599499
-0.6073392612249181,-0.7078965377203987,-0.7731785725868274,-0.7561440789789297,-0.7480962810903345,-0.6393789901189002,-0.7919396909067903,-0.6894741209518159,-0.49535400314655553,-0.47478793579937767,-0.4839071918891549,-0.7214859589824764,-0.4519518940227564,-0.5536972359375197,-0.3765531387472046,-0.6015262637530902,-0.7158919280608139,-0.7463826215721583,-0.7940508620768216,-0.9174469339576519,-1.0540912267978808,-1.09337518113312,-1.1557201480324841,-1.1004476042718525,-1.1338157775355058,-0.9501434123728382,-1.0133377115600326,-0.9069090782929804,-0.7734386739349486,-0.7514389417786675,-0.7062684567132749,-0.6278489463735376,-0.6534709553944409,-0.5142868831671661,-0.40522270956789713,-0.4849072055125933,-0.2535002313892031,-0.356572984063673,-0.3395098567658178,-0.4391910360315855,-0.3783598086327511,-0.2781020378997593
-0.7284811750292104,-0.8219712801176499,-0.8401085497980632,-0.8208959648034788,-0.8214074212932554,-0.80594941759856,-0.6635770378881779,-0.5629182096305761,-0.5257664174116293,-0.4306090853968664,-0.44449499855268904,-0.5625735097766309,-0.5999748611220566,-0.7019452653713708,-0.5467304606921215,-0.7258344210389392,-0.5744701650978334,-0.7614950879971029,-0.9204041151981683,-0.7727303635284829,-0.9954656758660884,-0.9553064185762709,-1.0886924653646517,-1.0118341050086337,-1.0688485392840534,-1.0169438303796696,-0.9688761939743832,-0.8855549225811229,-0.9023206120091686,-0.6525601177069368,-0.6002968752355491,-0.618586183419987,-0.4926779922207476,-0.5134857720748505,-0.38775918742179466,-0.426465526639425,-0.2830782761641231,-0.37494856498849344,-0.4521885564709785,-0.2546898304111644,-0.3901629495293888,-0.38133610439737153
