gfs-wave-data.json
{"header": {"parameterCategory":2,"parameterNumber":2,"dx":2.5,"dy":2.5,"nx":144,"ny":73,"la1":90.0,"la2":-90.0,"lo1":0.0,"lo2":357.5}, "data":
[rows 38 to 56 of 73, columns 84 to 125 of 144]
-0.7049134851894133,-0.7028186134165684,-0.7576276494726681,-0.702971630267854,-0.6771835786858498,-0.7502507479506481,-1.100952648555588,-1.1139223334983304,-1.0297509454009843,-1.1626030463632382,-1.2939844305849724,-1.2103898994136417,-1.2310156436895678,-1.1541027566731816,-1.082151461066414,-1.1349806296939318,-0.854995306615861,-0.7469342484442508,-0.8508293790390936,-0.5941996516071006,-0.5927255127779849,-0.48140976205633823,-0.4207629848563734,-0.4414222388570616,-0.39768764933140827,-0.5208254546305552,-0.48353491118241004,-0.4777356522497501,-0.5208259168730482,-0.650369271973205,-0.4760922855683277,-0.5083861400815652,-0.6109712642793557,-0.5700964715827255,-0.517378699270005,-0.4969629910240991,-0.5867051090263657,-0.6204957474697428,-0.4303644014320515,-0.4937078400711873,-0.46694888852245026,-0.3894917813138864
-0.5813838182918584,-0.43373819625658344,-0.560668313292761,-0.7934915551872849,-0.7519730809969076,-0.9308038345631566,-0.9613792591328089,-1.0776666486289657,-1.1753845461672565,-1.0834301710628331,-1.175391725144936,-1.2610241323894442,-1.3004457616785952,-1.2123973989528911,-1.0862486915757907,-1.061644166506007,-0.8752797342078128,-0.8772975384195358,-0.8442153659487142,-0.8466966592971907,-0.5998368062525794,-0.6012687052580074,-0.42572574904531,-0.47950022493422195,-0.5588177562727611,-0.37906676495103914,-0.5604947054473779,-0.4101403453589995,-0.45967249789250064,-0.3681998861882476,-0.47573089183811385,-0.6072111171593251,-0.5711962354950986,-0.6382044049728005,-0.5629474853629579,-0.6357287706942545,-0.5103490449663723,-0.5762255122827649,-0.4609205483582238,-0.5243643340035085,-0.4919610329732344,-0.4082018801845975
-0.6795447044870333,-0.5858567571623559,-0.7951190238561306,-0.6350668383615695,-0.7905668146523815,-0.8578228154202703,-1.018704684213059,-1.1106141152989082,-1.1134525266481943,-1.2716343227584666,-1.2384688340960408,-1.2248873277379995,-1.29101786555462,-1.2044606769031863,-1.1783566740407072,-1.1464197587104747,-1.1196139360955777,-0.9252907580007513,-0.6956483465669925,-0.6924499214097096,-0.6710611585897166,-0.6195128047551866,-0.4412615886738626,-0.5264227026739878,-0.5327698408222112,-0.479776710428866,-0.4930607066478287,-0.42673196158829213,-0.5866194043541711,-0.4708456269631312,-0.6374487791743596,-0.5484013655120333,-0.629049820394615,-0.5993662538300902,-0.6111554602824624,-0.48572137878902594,-0.555182621419613,-0.4649696442423026,-0.41865225956074603,-0.402879646048928,-0.5447970408822281,-0.3815801514113959
-0.4858294981496317,-0.5588702122027102,-0.6630467008659462,-0.7933193920319849,-0.6662795864251165,-0.8503406866758612,-1.1105187240573369,-1.1261133741206746,-0.9280380412930531,-1.1780760368880703,-1.2783072871610153,-1.2887521500530603,-1.1379178010705087,-1.2228255052583903,-1.0874656986050018,-1.1954916032016585,-1.0796623793295326,-1.0575200122372437,-0.8587925188434331,-0.6009435655148153,-0.5899012182651547,-0.6476732031876109,-0.41492804886794976,-0.4217707744361874,-0.4277354943123883,-0.525182143685547,-0.4481570092742715,-0.4542143091842312,-0.4382636850633929,-0.5986279152550905,-0.556326777411553,-0.4227587152462422,-0.46685684146184947,-0.5519720559991005,-0.5655748579184046,-0.5982950816032158,-0.4773804883733191,-0.5499458011803137,-0.572234721200452,-0.4799739851822063,-0.4848726575547551,-0.3793178015606758
-0.04125716850920835,0.005926566418995205,-0.0012734503250091504,0.011290589232231522,-0.002362029758703992,0.011477064370102322,-0.041298222310847864,-0.02177219208722022,0.020294078142958222,0.006073158843290724,0.045078772607738134,0.028211171989937226,0.03733524585013101,-0.04299295640113829,-0.015993762536319307,0.02052174217106338,-0.036048166688235884,-0.009318703515647963,-0.03265099267787741,-0.0065963256072384974,-0.014819796004401415,0.0647427090100927,-0.030467100181907455,0.052718139339763645,0.02869233972704178,-0.024690851313684856,0.044778378950875,0.006049664917997994,-0.020082973379722126,-0.05292094958923125,0.019212078201120194,0.028721060619296034,0.049174019509609423,0.07598838109578701,0.06884003181175775,0.06567736368101348,0.03942768090163647,0.07044513225458429,0.04394590133163263,-0.013692818444104946,-0.029721638213216755,0.05884239344268308
-1.2548102480336112,-1.2966550599859652,-1.256362701018452,-1.3068837215473719,-1.30028054010436,-1.1221522495992484,-1.2591305091067377,-1.103805259968794,-1.244538159428892,-0.9949316945992837,-1.1655042712714232,-1.0997589588257606,-1.006307823668099,-1.081248587725606,-1.1675703466245364,-1.0114660604482106,-1.0446290829030465,-1.114126280920348,-1.0167299889308226,-0.9260553608832119,-0.9142273902021066,-0.9239767578207141,-0.9267917952443127,-1.026079117684363,-0.8889635518654058,-0.9027911915865587,-0.9189407877552848,-0.8754404353985398,-0.8011316923530901,-0.9130774203859414,-0.8207794350268743,-0.9441108086686574,-0.7601312853260729,-0.8024245156183584,-0.8752844548754256,-0.727480498741458,-0.8753453033345466,-0.8616389176973046,-0.8656622568207529,-0.9211744643935171,-0.734302810747721,-0.7859478817403193
-1.1487442882332377,-1.1700293553194931,-1.172976606768658,-1.1782359061334962,-1.3035702277848427,-1.08968560995627,-1.1570830486974333,-1.0634026255145828,-1.2437577622453995,-1.1713977933105568,-1.0859706096143158,-1.1202948808820077,-1.0279477876753524,-1.0666188252254474,-1.0595804921329992,-0.9590734530959258,-1.003300577571475,-0.9306162570995958,-1.069291317542471,-0.9360077555751548,-1.0018024758646602,-0.8742211058253934,-0.8715187829164529,-0.948750540617044,-0.9665637929554739,-0.8454702212231712,-0.8958722203503583,-0.9783276109566302,-0.9273918434168321,-0.8167666313185675,-0.8950954220423387,-0.9044710832186019,-0.8918993387205996,-0.7943254517907595,-0.8812652063817747,-0.9013850151038472,-0.7501861981341476,-0.8011154987816498,-0.8473420424527033,-0.8732754098430494,-0.8960904576527687,-0.7956064644690296
-1.0823448836188194,-1.254115947740806,-1.2111920893179917,-1.0853925608062083,-1.2190840796741245,-1.1478112157125488,-1.2561848901007007,-1.1048061453610234,-1.18224543722057,-1.0850757106051447,-1.1079159049768004,-1.1143624400797356,-1.080913790381752,-1.1817502676028893,-1.0191277732402235,-0.9379618961335019,-1.0090130257138359,-1.0435824853215259,-0.9793582638987306,-0.9722701920604678,-0.9494283830903825,-0.9240663301931362,-0.841909065663792,-0.9440517719163203,-0.9758524150541411,-0.8257794048750615,-0.9343356891749646,-0.8743064184467023,-0.908121262087336,-0.8585512644534247,-0.9301451859926376,-0.8950737734204857,-0.9041333204724422,-0.8537889619314868,-0.8297996958698306,-0.7639283894145632,-0.7618822536285347,-0.7554546751621752,-0.8442037003751919,-0.751301537421636,-0.7889061082416386,-0.8204849985189413
-1.3274300360971913,-1.053895051817798,-1.1998179579706452,-1.1441146049956226,-1.0634219592664256,-1.1102347745699401,-1.089548557787306,-1.1065359202715157,-1.1937018822800831,-1.1570853134669097,-1.2091723888951122,-1.1057784527715595,-1.1441784797655727,-1.111344757900704,-1.1200615156516145,-1.0580456859530638,-1.0431346012880887,-0.9623365091463908,-0.9304923009985973,-0.8600927877618623,-0.9127405717382049,-0.9301979598021067,-0.8459502930962348,-1.0213813603057802,-0.8964181124040672,-0.9004525457371664,-0.8179535751736862,-0.767445038371092,-0.8315785595316758,-0.7492650347277431,-0.8577083627990952,-0.9535147101395297,-0.8874394549688712,-0.7732329952146013,-0.8493338141729344,-0.9375822461357617,-0.8070877438001174,-0.8451478711569994,-0.8114403244362348,-0.7887068352936064,-0.931446704984232,-0.8912870395753694
-1.2585323055226758,-1.2446002049398912,-1.2336370547268567,-1.1145494431279326,-1.195111807138655,-1.0291220180860439,-1.1287958163804572,-1.1184314015606405,-1.1898134744584583,-1.1274515509218503,-1.1393287118563122,-1.1091034330633085,-1.0415607330590226,-1.1585388647231227,-1.0444106498503567,-1.0078498212271798,-0.9204920748795672,-1.0250602361832093,-1.04123140789122,-1.02586687459139,-0.8950149746151967,-0.8626387569071091,-0.9816670048855575,-0.8640837166177276,-0.8439846497671031,-0.7802987470337952,-0.8585526008997134,-0.8057229664939375,-0.7811035445871494,-0.80950921864889,-0.8588138095478769,-0.8784203582055489,-0.8707167433289704,-0.8137431479086381,-0.7681641333779324,-0.8102726460864103,-0.7860939819247283,-0.7268147477496569,-0.7182441247491158,-0.8116515007905756,-0.834719380762475,-0.8743088493027251
-0.05709026854655491,0.017932692863039248,-0.04561060366692768,-0.036012070653983,0.011060695238087398,0.0353751179201424,0.017610163250514645,0.03144361996945118,-0.013634530738414098,0.020869468481705605,0.015728529171040038,0.05426064080790734,-0.042106245410322304,-0.006457120862728455,0.05740335326250896,0.022903103349319106,0.02175559956288933,0.019258245361202807,0.05339638976842701,0.006117483158940474,0.06291684965279484,-0.03082492447790946,0.03828692370238493,-0.02358265028934863,0.010458811585507844,0.02856940769505891,0.04889200714294722,-0.04446576689704726,-0.007766133126942289,-0.005248499576063985,0.004080797310148293,-0.03390260186626191,0.0007291850822354482,0.038168891159048465,0.023227062231278475,0.019337546512035092,-0.03589286786448414,0.02610504479834308,-0.03778300190168139,-0.02233549354851152,-0.0011227293357722351,-0.020450073324460496
0.8798828907791164,0.9874134445288669,0.7872413531490758,0.8782874190238265,0.8289991394716736,0.9544920993070224,0.8830116567387937,0.7822209558569189,0.9214108214128103,0.8359339132736164,0.7375274643931846,0.9462196015141264,0.8977651136372371,0.763202574173894,0.7951514228577276,0.8439123277946455,0.9250506680767172,0.8583138225855426,0.8486739058690517,0.8275785122261496,0.9043021370918799,0.9846391673012894,1.089744231757829,0.9116717419290572,1.0916705103840985,0.9971480670673659,1.112273045353241,0.9965406327784301,1.080927819389537,1.0751087137410633,1.0228381313319845,1.1275936719814477,1.1084169688005558,1.0270457901134722,1.0366672722299513,1.135707454387852,1.207129661462897,1.128403011691269,1.1093740299705697,1.090266739497357,1.244254603626819,1.3323934987997579
0.868338314060471,0.917625704727984,0.8885115615300674,0.9043155353773821,0.7590636218054928,0.7679464053988311,0.7315358128064555,0.8516897413570622,0.755273754417564,0.7154138137430834,0.8016768875171275,0.8123626403073171,0.7868541578416671,0.8383668810032431,0.7832623033809875,0.9067554929448851,0.7928573743436059,0.9215182724550217,0.9657523124785025,1.025125444207022,0.8498234576180761,0.9743764458435351,1.0398982456127117,0.9922016953697541,0.9764746202256572,0.9674730918699481,1.0689064370679622,1.126310443743916,1.0252770797389097,1.1337456203240042,1.0191801808539322,1.0276258309384694,1.1240798108856287,1.144026970293658,1.1092477863426766,1.1056668146402158,1.1751748897777012,1.1668332488244308,1.078031183305818,1.1920217023375632,1.3094803563613688,1.151890688497525
0.891507866866108,0.7222658740301708,0.7661078117880554,0.7881551453981896,0.7643113268593732,0.8418732279857596,0.8424898598869488,0.74421774752174,0.8794287399982971,0.850682402041713,0.8914095714326168,0.7029551732900754,0.8173349728985355,0.8333466574693661,0.7774177460467625,0.8825829103743094,0.8022798855016533,0.7523020352696265,0.8985936629586928,0.832746404018808,0.8704268421464748,0.9023636560532001,0.9500026184327077,1.0738597118829478,0.9192212570186455,1.090517925446091,0.9364218692052934,0.9625752854958861,1.1696136297305155,1.0183952825571507,1.0113430075064622,1.154830185560978,1.1833276986638828,1.0973030193155664,1.2224248515725051,1.1159964968790212,1.1079358567603113,1.1650338008387742,1.2123278723542275,1.0725686585048089,1.1687157243378377,1.2352876661002068
-0.011468837207661524,-0.03985520994566157,0.02157741135314604,-0.024320115916507377,0.020959369255400966,-0.01913799041945659,-0.0365924110904229,0.01940683500135287,-0.004402106851923646,0.000521223327019856,0.03629591021344085,0.013411812750995422,0.03666954422513404,0.009525385531234859,-0.01067277229719631,0.017356497161421205,0.026385607949130564,-0.042252211072077724,0.04472771618197704,0.012499389698394842,-0.028046312127908084,0.03096103537563696,-0.03141011112159915,0.030024799321075168,0.005161957100065551,0.04790149897575476,-0.010400233143553938,0.014792058186219066,0.02624482436598834,0.035630697291850824,0.02994586885784092,0.03474759745603281,-0.031074119636796387,0.018849028477717973,-0.015304696981253484,-0.008495918666545518,-0.003552938602891008,0.03280864116262331,0.04741529617858031,-0.040684327379462905,0.022156099753862804,0.03731533875500392
1.4306989377390824,1.274457573609694,1.360910261535374,1.2158158205953564,1.3333999975315383,1.2585426518906897,1.2365386806227392,1.1027049382491168,1.3643860047244738,1.3529970450375042,1.3093759504640854,1.2519678914287207,1.1724203092730825,1.2532543478863636,1.193154787599319,1.3071068839510376,1.1475760012212917,1.205246811741812,1.3375337823631845,1.222876114600354,1.306040054348912,1.342464562564043,1.1822154778913276,1.1859671669527998,1.362238460674384,1.1747723585481888,1.2379973711918575,1.3152273532173981,1.1835789976440565,1.2106229819213838,1.266510698081853,1.3265334916243412,1.3570503200343595,1.2336767140765295,1.2927270003953995,1.2808143731628145,1.2074491297946783,1.2808266228317182,1.2263100178742998,1.1857948699461887,1.2428701465098697,1.3755897022607255
1.5120017727174158,1.4077312684070291,1.2999255505095255,1.25760738345045,1.310546555837937,1.4104127106383717,1.18759182506138,1.1839834086566379,1.182574605655829,1.1626105217511424,1.2944237543769725,1.1849163071983015,1.1803909110679893,1.2147614430666838,1.1434918300742525,1.1920551492596927,1.148393542101747,1.1710166545979623,1.195725825184101,1.2973789448337651,1.268292460386286,1.227674171656724,1.160590955967554,1.2367548086693931,1.2449314341214042,1.293243154079039,1.1902460242667443,1.3170733687534366,1.2995900262720663,1.1989619720210374,1.2718035695722325,1.2995033806622764,1.1476186525222538,1.1090432447896261,1.0998102779826835,1.1014021675438255,1.2631236115952034,1.1771209657192898,1.2627724326772112,1.2284710474606175,1.1757385751519132,1.2989472325838771
1.5873526530031168,1.3862678773085373,1.2561255342540079,1.3033275337245747,1.4011727635376137,1.2690548775688104,1.309601007245007,1.1829557802023132,1.26045043483487,1.19443978239725,1.2653905437577804,1.2731157368476482,1.1659102941987505,1.2041849764453059,1.1390384683440873,1.3059158394426875,1.2666287330612052,1.208997819138013,1.1961089055761063,1.1531456252001253,1.170184888038087,1.2511649606550412,1.3033977483841297,1.124143053873512,1.1809075002388811,1.113352067981323,1.1818149205559898,1.2278235847640067,1.2429253642955926,1.2395137939217038,1.1181165587776118,1.185096099230251,1.139748836943727,1.177526483864534,1.1387015161344054,1.2345573618976877,1.1786616322288799,1.094890861456247,1.199143467984947,1.1899766361896202,1.394732384997384,1.1731690424833545
1.3897490519034654,1.5070447393029986,1.5054717441394116,1.4402124451417015,1.264200790822629,1.3983384448856282,1.2776557052072837,1.2779816221016032,1.153109408245588,1.2891884187473905,1.1806006498064587,1.1772571453102714,1.20292557577645,1.2149186253204238,1.1493109147812632,1.2303235991003705,1.0882348570837264,1.2878900973691436,1.1469720357952333,1.1571701757508128,1.206357206684189,1.2319714921273897,1.1661654557366885,1.1246794263269029,1.309378440085515,1.1876691742117853,1.1820481555977,1.1845098841660555,1.1706432178570925,1.2210112872880396,1.201880883110769,1.0920367482489854,1.3323728457675752,1.0981307976177708,1.2306324821698345,1.1498107403395275,1.2084526428390403,1.1208243682482086,1.3689121654425174,1.205015287450963,1.1185536796368714,1.2530163255233475
