gfs-wave-data.json
{"header": {"parameterCategory":2,"parameterNumber":2,"dx":2.5,"dy":2.5,"nx":144,"ny":73,"la1":90.0,"la2":-90.0,"lo1":0.0,"lo2":357.5}, "data":
[rows 0 to 17 of 73, columns 42 to 83 of 144]
0.2988834295177428,0.24092826142161988,0.23504203447422614,0.3158078339782969,0.3722320157685956,0.2915438603980953,0.29182313186495623,0.3017437738724627,0.2284559037448305,0.1748655365962689,0.16335306542658046,0.2167592039670448,0.21887538990910418,0.19162199331291696,0.21047945640064222,0.09618902011618596,0.09147886205024679,-0.008253467704565453,0.0522473528743776,-0.11766936601637269,-0.03612765973141285,-0.11320088733536268,-0.22280459525817103,-0.19616118500905114,-0.32950179909614674,-0.26156114009826364,-0.4176757427850575,-0.3911122892415008,-0.4235109522892027,-0.37165094106489355,-0.43516720701240674,-0.5045568536946241,-0.5251366292572629,-0.529744124154572,-0.47568143658313067,-0.4568214827159886,-0.4688561517532364,-0.3574690558526227,-0.3622266996470436,-0.36804596439032017,-0.2726134304290095,-0.10211576004622876
0.31424467422879754,0.2563666101124838,0.2972055867783268,0.18847673744392737,0.3481050468299679,0.3305857474495749,0.20598520945387525,0.20304266868307747,0.15648693431896518,0.2647665435686674,0.15763359065593432,0.23031973169494407,0.20838295407139196,0.09059033474725432,0.15037844609675047,0.1365587534687479,0.11302973282580266,0.013645870910030007,-0.04510720255374104,-0.023476599159608397,-0.058623296735188554,-0.0806887018606039,-0.20249143501561265,-0.2062663122722391,-0.22599089901874803,-0.29220487133081907,-0.40599096390475076,-0.3882852121303948,-0.40213793823696253,-0.41891404901652074,-0.5356101691902482,-0.5403649526504753,-0.48406474000141325,-0.4242127972214455,-0.4328844663709497,-0.476510726016182,-0.414931002867091,-0.35004626333711303,-0.3912357896797212,-0.1750313317143255,-0.2727548742396953,-0.0739315005975749
0.25311423377917575,0.24656970981111734,0.22386964512368862,0.29714819941243015,0.3072196422376455,0.1941786200223308,0.27326142752317023,0.3055292090559996,0.14726518491742904,0.20919350005914375,0.278465319061579,0.2304629912194197,0.13751444684276787,0.17939164485962025,0.09222800268916354,0.07365269257251791,0.10232620218364678,0.004014962121502277,0.00955974542029033,-0.002439605160867911,-0.044706614550534624,-0.16904848115106175,-0.18739947802982307,-0.20974995229750173,-0.3440792808792283,-0.31479105177918254,-0.3974952253304977,-0.30713670513924834,-0.3359434662561856,-0.4205593673963864,-0.5078513020639129,-0.45558577530164174,-0.5812751114485186,-0.37008987965335743,-0.3692819972176942,-0.554636294258925,-0.3724960153455903,-0.42270207154860084,-0.2255643866319554,-0.19479845681354244,-0.11650991881587029,0.0073550854126021485
0.2537751212286126,0.23401795127404448,0.34399471974811907,0.2382877547181579,0.30064752752683666,0.27997892514349365,0.1944798328818514,0.16358495826611913,0.17512604414138808,0.1660206989553226,0.12065269035601632,0.2636173985323155,0.139515123160624,0.17238767418722506,0.20321258726314836,0.10380690303767173,0.07841271192089737,0.040632304170699185,-0.036732061313522676,0.005704049329665178,-0.03525386462927261,-0.08734144386502722,-0.16713570404075473,-0.12720110036394883,-0.2937436899746759,-0.373761709917835,-0.3003385453424824,-0.42513261098568345,-0.49931589591299574,-0.3877302940884946,-0.5025678483393132,-0.5193026200328315,-0.3651558184530869,-0.44776502232871407,-0.4174421113076253,-0.4785589749826988,-0.4990174835742165,-0.2874350246930695,-0.3306628828861588,-0.3529631790825005,-0.1334160291274423,-0.12738510677848733
0.27475337350273304,0.26182961715602165,0.3177354288447595,0.20077136546705313,0.18292753786295096,0.2706403085095703,0.20308765403671503,0.1408934243349895,0.13594526326636783,0.25077915331628114,0.13138512661264745,0.18918823855469283,0.07877642032093277,0.15391365087214465,0.15499068484237294,0.06876799618821966,0.08592546262863068,0.061567694609752005,-0.007580728992311062,-0.019672772705382775,-0.11227734164485965,-0.08622864295817463,-0.23782215534100154,-0.2087659878656586,-0.32781614020709887,-0.3488087525589092,-0.35284900302886274,-0.34630378911983295,-0.4205430415436025,-0.3376310301853322,-0.51121672230813,-0.3461381728165604,-0.5022882447291188,-0.5567865407690124,-0.3448636522173275,-0.42822938530754645,-0.5362643794823855,-0.3679891943434233,-0.2326887083302556,-0.19304123714817853,-0.07378218852573148,-0.09296598955009233
0.23121319249120373,0.20591449185779395,0.27824850922053707,0.33329806461522044,0.19398395842208546,0.2326502502864955,0.2142816857054419,0.22942097901926436,0.18745548448414395,0.17734087501163845,0.17534391732164703,0.16177400232143224,0.11283354200915341,0.14751246310797417,0.11472272864848189,0.09191200937955209,0.06695997731130619,0.05641751445385565,0.008356211558804127,-0.019923119657165474,-0.11750603931937294,-0.19976632555402235,-0.11513664998942984,-0.17750372631636369,-0.2511685004984824,-0.22947074855990043,-0.2509849632362181,-0.44824775755884594,-0.3422522719330582,-0.4270083534684889,-0.3924986738527706,-0.5477429621998527,-0.437262479360857,-0.4159646202566169,-0.40037218237356637,-0.42925936145460536,-0.3763355096179686,-0.42411909023477135,-0.2723841726988749,-0.2609860550267443,-0.27238181802777595,-0.008101432477424307
0.18566630044544769,0.22725823275597856,0.24644408642722598,0.18671980093732168,0.3141350323609454,0.28118814173516965,0.20474678351756448,0.23689064954897673,0.16267492027995248,0.12807297498086984,0.21318126572712628,0.15301652678700764,0.1319001116051677,0.1822192418098557,0.08522211081294519,0.05754819537772836,0.10595557168683359,0.029328240483384203,0.005202271852124971,-0.030604616376023356,-0.05774404362928968,-0.12766577251191338,-0.16519348975188003,-0.15573191463154643,-0.1920687987683524,-0.2360601594824196,-0.320790326856311,-0.42328488172685547,-0.35987870568313607,-0.3895841603043874,-0.4551078802868084,-0.391788835470356,-0.45658078387463397,-0.4178646961156741,-0.3858734058986974,-0.40533261761384287,-0.3254090259949911,-0.39024744895398444,-0.20386406108693061,-0.26496283202068227,-0.07150334370759058,0.0013791981832462568
0.25157140471913164,0.18332643683198965,0.20194221976647958,0.17923374531767777,0.216175760377116,0.19133408184375514,0.1343438204362068,0.13698563252176596,0.16631554293249018,0.21325511910220793,0.1556100904141454,0.0934349690751653,0.07451782691221917,0.18465502423639082,0.0790160577307124,0.03588872323278514,0.0941037868215539,0.05941869209579068,0.015828602415381324,-0.024447776011167828,-0.07734494746166969,-0.05686357804849934,-0.0757494729494945,-0.12952304268756798,-0.16573569798048385,-0.24653014082008512,-0.31451911666654564,-0.3837320941467356,-0.29370886703067806,-0.31506497122445654,-0.31324292807040927,-0.32051764917009856,-0.3544893888888163,-0.40609964639012897,-0.3971460233003497,-0.46646454111830576,-0.3286318896533236,-0.23429438298222713,-0.24103980836287103,-0.16069548960135915,-0.3089541612838761,-0.11621099723148431
0.23190563790125915,0.15713748605843222,0.26559624367434437,0.172631813282434,0.15300003058521736,0.22958172474612173,0.11567376226622647,0.26022243722771676,0.24577112017879468,0.15682011619761843,0.22652657419880975,0.12331155476531007,0.15753634961244106,0.07679690072029607,0.0986379433045473,0.06622649810663941,0.08052208634287637,0.07799922245188341,0.0022943164198602514,-0.029563360111184867,-0.07411100007390414,-0.05702001185244812,-0.13137474226382248,-0.22061991665901123,-0.2449462803015817,-0.24035850811946374,-0.24842572673710656,-0.34969775024896127,-0.3396732510537853,-0.35955239127547506,-0.3799447491942476,-0.34596043541938504,-0.4462928297129807,-0.3121443270929624,-0.48503741855900806,-0.35236510675190363,-0.2537386896801879,-0.31411018678419783,-0.32808292065116385,-0.2273013003620094,-0.12825484132212514,-0.11111951824168927
0.17743156105490726,0.14782676136858133,0.20490183398579304,0.16633932147836217,0.13102247327940472,0.2191571665247545,0.25116186647478894,0.08200358348710358,0.2630803157743811,0.08331197380620398,0.1901682478356045,0.13207180504523372,0.051722418560033456,0.14722697331313092,0.06083949340727141,0.11179766177012253,0.047538055214218264,0.005251858906694573,0.040377416026452596,-0.050698806995731586,-0.127771133026311,-0.10193970341931215,-0.05942583356342173,-0.15535431902762198,-0.1973407579721256,-0.28657134827327957,-0.3061157100941558,-0.3706343560322173,-0.36365469168879605,-0.43920746238917857,-0.42108638396638187,-0.4614001852515777,-0.44603904760609786,-0.4601204377185997,-0.4424031624155194,-0.4286485308005219,-0.35407894966256304,-0.2868416293479005,-0.3859826236125112,-0.19196459069230024,-0.09466882566447175,-0.06882809996132677
0.1390341500947148,0.2148036463477761,0.2118939316050887,0.19307305215817644,0.14196728270848177,0.24962930182547396,0.22992066065756298,0.11992451376636566,0.18456042867117287,0.15737202999172195,0.17577649209385224,0.13198192560990185,0.18252124275548434,0.05371944682037838,0.09541050590914267,0.04298706433312028,0.013706238826073382,0.019959498277019812,0.03173411026575549,-0.017622923908364386,-0.0419486945435418,-0.09499843785760913,-0.08542683744701478,-0.12649399533309547,-0.1466679185489159,-0.3129605353753881,-0.21079466974539166,-0.3228744665978909,-0.3735748788668086,-0.2748399308234518,-0.32832552046816127,-0.4201002918778791,-0.34154022102076276,-0.41207825184474617,-0.40323053970804695,-0.4127698776488027,-0.30986210501053885,-0.3176335367954146,-0.2751698918618013,-0.17849782977019174,-0.06332518396153455,-0.124831964329226
0.14471698322315726,0.10416946070441505,0.1454295177578199,0.2609931548954139,0.23213679753379984,0.13259359432682738,0.07067633990548987,0.10660899019630338,0.183478885940092,0.07768343446775658,0.16976129552035288,0.1200379318510933,0.148043332846949,0.0970292815060722,0.08149404848394042,0.09627978852431715,0.025787736323674957,0.03195526147298453,-0.023581592967512693,-0.04695187592543725,-0.09239800295164688,-0.1030863791834355,-0.06666205376562644,-0.10259981578216437,-0.22687642651800866,-0.1286835421741536,-0.2205366718341297,-0.2805308244382263,-0.3756758067422229,-0.3920192706445652,-0.34332380929024325,-0.3510057556769634,-0.38842245392054703,-0.29365381730607154,-0.3642865998180494,-0.4327842045240243,-0.31128274955776913,-0.26955605621532003,-0.3208166063963733,-0.1242494304107835,-0.07455246273108056,-0.06392760774150391
-0.01886640610090553,-0.0044655083316512845,0.008156394721781646,-0.003937760675194061,0.025914842915403982,-0.012709009745679904,0.011853946963511365,-0.007553197049660733,-0.006658906278931085,-0.0003428265556177187,-0.010854781576286516,0.006954804650846481,-0.0035267678363320207,-0.0032432847278108844,0.014609810763269502,0.015986190183846668,0.03646088007243193,-0.003782750611811112,-0.007572253966655999,-0.015317138438672794,-0.007754777462528271,-0.01216482149083355,-0.019622956593829278,-0.0042817116532959075,-0.006859153460563159,0.010256872086534216,0.009957148353301254,0.020122156573603514,-0.010210001235226807,-0.032981730053135185,0.0026306464540904384,-0.03116048061071227,-0.012074941882760341,0.002016923889122255,-0.014888116111621668,-0.02696898715863795,0.01129286176061777,-0.014279767725992161,0.012301515532470957,-0.00654842341183541,0.006434539619025544,-0.007468976564713241
0.003476807868228209,-0.00038771677578441585,-0.0060734618464114536,0.011940050025310824,0.01214178416868364,-0.01533462884340228,-0.007158045645006466,-0.006195954346244485,-0.0021555780265209625,-0.004762055680626901,-0.003915274337295134,0.011209826396086631,0.029535138439106646,-0.004425012946687518,-0.02721027463544631,0.000497929404962501,-0.013493719593993075,0.006073848199479492,0.010615157280942828,-0.0008556933940163131,-0.004949136285675067,-0.006787276064511129,0.01443671510675586,0.019964256963007316,0.012454723544223336,-0.0033834252193985495,-0.0007396285047888222,0.003678259393505139,-0.02246296598978728,0.0021503122194867115,-0.009926322571245004,-0.015969135348111365,0.012187402441157966,0.015294749975678631,-0.0336859076449242,-0.009228733201537062,-0.007364523322805882,-0.01739594635966163,-0.023681997545983418,-0.004224280671179226,-0.006760398901194695,-0.011342051968885833
-0.030475148652467084,0.005652425844093456,-0.008007555463070965,0.0029462150129648534,0.005906090327925279,-0.011070242145319957,0.012171950257406519,0.010444733263238602,0.0075442772606419475,0.003356254736951738,0.014242181271684378,-0.014674305734970958,0.018778842008655296,-0.012686494575697099,-0.0075855191518591795,0.0025009017479732426,-0.019443330112580082,0.01964743676332386,0.0362600094375947,-0.0005498424658974583,-0.021899613308409456,-0.012480978257048587,0.01115453516626658,-0.018234685779846424,0.007452110233021016,0.0011872751483566863,-0.006818997880978367,-0.03238253880660463,0.021881510251645066,-0.0032571942467075413,0.020412459371253744,-0.005844631750633859,0.036466785170135595,-0.004045847327737887,0.00827364735689816,-0.004488238959216588,-0.00042259546931360854,-0.0072809246196682605,-0.0041480505094656115,0.007796934137334352,0.003036300168956975,-0.005283926306469472
0.020757269053559974,0.03110543830241335,-0.02277338229270019,-0.015728480748163562,-0.01513814542510893,-0.02044734659645475,0.010432647847982486,0.0026555161416130088,-0.01713656056965578,-0.01964114304689542,0.0029450883372437718,0.004717195692774709,0.008994267899250955,0.02719968613446312,0.003406154404116359,0.004491394783566113,-0.017775640726778476,-0.004443458342194089,0.012526752019626086,0.0032314658953429853,0.03003244696338945,-0.002064927280265254,-0.0027604713310734595,-0.011918098268643712,0.022553298107727344,0.010864782589939066,0.01155735702410565,-0.0022186974488962,-0.007354879770798507,-0.011794478150993866,-0.00080272545177632,0.0008193610869965241,0.01576303755915442,0.03361573970757408,6.808458522082321e-05,0.019884343487624585,0.006632678292012586,0.00523632598321371,0.010764471550361391,-0.004488413065613816,0.008651161154105459,-0.00227505979575432
0.02236503474203498,-0.013667065941311878,0.007197234093405335,-0.021217158528923117,-0.0016974659213230187,0.02732320318460017,-0.01746221908086833,-0.003096678963118581,-0.00029551887372829624,0.0206741077470607,0.0014986006462660902,0.002998991633323656,0.030642692645475575,0.014521697984293215,-0.02577524718444853,-0.011163990997607691,-0.010947313314317078,-0.009695183760568578,-0.002083720236175626,0.0034088890600457084,-0.007113928033014482,0.004883456683305399,0.00477770086123357,0.005304437349882082,-0.006197687052256465,-0.012634735643433677,-0.014164390565104743,0.026409447789125913,0.006383154852978372,-0.0011147246401372356,0.0006920072964199462,0.0050492441185579695,-0.0007242182131537154,0.007036282674160668,0.012213493701939032,0.025598170701890997,-0.0017956842536732312,-0.0025582736840188366,0.007501640268645847,0.0005480110293036811,-0.018744407758949002,-0.004682807884150757
0.0032083226422035,0.010768019736148694,-0.0014357003305341034,-0.001427145162392462,0.011560009515487305,-0.0001927902597455581,0.009156326494523491,-0.015170450659868362,0.010001550635366582,0.0005233496424538465,-0.009359040528667689,0.013287441373689526,0.005126305451587181,-0.019194175646400094,0.012289685263833935,-0.002851425709821009,-0.005643841554600773,0.012673556193979476,0.021522679737931483,0.006386780870683807,0.018538217704245682,-0.0093174753608569,0.013901687887826029,-0.0050327844643652635,0.003089253039514853,0.01073327665924722,-0.021519751670965027,0.01310974317354482,-0.00027311587473840567,0.0008003726599188367,0.031160359203937137,0.009479683896088551,-0.0011033215477844057,0.005794646654011596,-0.018903203336524198,-0.002649416149918373,-0.00046075811352354085,-0.009677421480745725,-0.00613960757064013,0.003213957448724559,-0.01616732425636558,0.010694262400996935
