gfs-wave-data.json
{"header": {"parameterCategory":2,"parameterNumber":3,"dx":2.5,"dy":2.5,"nx":144,"ny":73,"la1":90.0,"la2":-90.0,"lo1":0.0,"lo2":357.5}, "data":
[rows 19 to 37 of 73, columns 0 to 41 of 144]
-0.03122222490103979,-0.7040001753294318,-0.184635480209159,-0.5009584287991724,-0.3248707191805142,-0.4502232654629292,-0.4625806719476435,-0.4418221403939755,-0.34483818009396616,-0.46288062596376506,-0.33977363145760964,-0.28203593910617336,-0.3551972164978677,-0.32157144539686877,-0.3817706943615703,-0.3506938837875792,-0.3975123346832303,-0.4745856215037771,-0.446393516201283,-0.3256359166897492,-0.37734304172182614,-0.44981199455463505,-0.45358174660939954,-0.40558137261730987,-0.35319383038184,-0.3977241818668513,-0.3117035743262236,-0.4353288424856905,-0.39381608950845354,-0.3168899442457129,-0.3364459686612887,-0.4552726488496195,-0.3608006051325657,-0.3313937184481174,-0.3570179174950353,-0.44711669399698845,-0.4505953142342083,-0.4083450839149352,-0.4160775220783375,-0.34099080155379397,-0.32454082411332086,-0.421212002009515
-0.4199689081839051,-0.39439201685178593,-0.3719400410903546,-0.41521649123244864,-0.291914096722338,-0.4818601239654211,-0.30136032042113314,-0.42549466164609295,-0.4141183978429512,-0.3524261236564495,-0.3607175006726648,-0.31631324140041667,-0.3403843697816195,-0.35168487915878927,-0.4262486658684473,-0.3553963699010779,-0.43009605173000903,-0.45799200815426394,-0.47679643952309386,-0.41895928444150055,-0.4820703415169386,-0.33750302566514007,-0.3030864281585111,-0.3428294061530087,-0.43833794561210293,-0.36242309537293116,-0.36587055174315786,-0.4535311491602692,-0.4530243681793983,-0.3375056834237964,-0.3208124836071404,-0.47230617722825,-0.3051150426962236,-0.46529377766410773,-0.37895515790367473,-0.42172264377876806,-0.32988060796302565,-0.34955708908448657,-0.3331854385930603,-0.3584499213291545,-0.4393447814446824,-0.34434386073800527
-0.15779697320886385,-0.0017868246181332416,-0.055844379613379264,-0.4885089057390333,-0.4968643527778363,-0.3664055547872023,-0.37739186459520346,-0.7844342896852863,-0.3846950628927931,-0.8349923155047303,-0.5802703781757134,-0.6308835411577245,-0.948177368708422,-0.6206853847971708,-0.5458787025702935,-0.7334810809929068,-0.5950267950336082,-0.8061282370793633,-0.8435109853938264,-0.8136074973905568,-0.8017821652511904,-0.7941764757948311,-0.7884159168950232,-0.7865990987117003,-0.658201285368345,-0.7423104250876771,-0.6242324920232293,-0.550445684548953,-0.41076209435704836,-0.32654738770139313,-0.21903519445202133,-0.3242220634441177,-0.00888303586901347,-0.197726469797902,0.012950977750094522,0.06360319601611734,-0.06535757141646889,0.1164522666990052,0.1323604126482068,0.2455281977188326,0.2820226781981179,0.2791382044864437
0.16154650385005687,-0.30019981078593344,-0.05657167573962899,-0.15805145084415398,-0.300796205922891,-0.1254577621553051,-0.42989766534093693,-0.5275853949329911,-0.5633242627885562,-0.7762230685341625,-0.5262945065838208,-0.9828712256481651,-0.8718776170421317,-0.7358445658601743,-0.932022497627593,-0.8882217734000006,-0.8300392432871091,-0.9250534425406272,-0.7798687719148414,-0.767322358626135,-0.6378126793330181,-0.8707141052894772,-0.8170204832639552,-0.7679948530666479,-0.4320181712883154,-0.6178429292800658,-0.45141067481278263,-0.49716743819670606,-0.5940499361716542,-0.39480558630929585,-0.27645123503066654,-0.09726869478987887,-0.1059971963081578,-0.11552138185920129,-0.042813108809166125,-0.17806016652946005,0.1772085500920638,-0.09427185662879417,0.2609212476192338,0.27767346912816654,0.23195676662690462,0.342390561697
0.11449457817204199,0.15059030433266946,-0.05618174140727894,-0.17564630546753013,-0.21334383451028832,-0.5557853334958792,-0.32049693452756567,-0.755400571862655,-0.7629027004986947,-0.6490932246710638,-0.8105474341255297,-0.7552623924621362,-0.4848471517486681,-0.950551990602721,-0.6295573629372008,-0.7657214371148431,-0.5698179986718042,-0.8870521143185512,-0.962535241112325,-0.7578367587054786,-0.5210590681278184,-0.8721561140974731,-0.7400563401858122,-0.7220271167054968,-0.6996936306381719,-0.7013829527560679,-0.6471673289817752,-0.2517481299173321,-0.5976933623806423,-0.5714572049254817,-0.27707232278012334,-0.19060620270481288,-0.28370465382974663,-0.027897411793717963,0.07118479178065759,0.07355864846572573,0.01240138442739054,0.18547712279583373,-0.09151542286443147,0.256840863550594,0.15603187509967248,0.14058794904295016
-0.3203754860394144,-0.449963092420922,-0.44097787823031975,-0.426807223222749,-0.46748285053548594,-0.47332797295521223,-0.3051652087719163,-0.4266504486643755,-0.4095163193501784,-0.45238343633828954,-0.40335640390762945,-0.39738092200754027,-0.4799876883516641,-0.47941371682273554,-0.31918693607371473,-0.47188336178829743,-0.49884375262470154,-0.41009918731242245,-0.497194402000404,-0.4792394781306063,-0.3170815078353189,-0.32708034994663215,-0.4946419665919184,-0.379396374709656,-0.47264652940898616,-0.48658877074330353,-0.39784472093080336,-0.3707244561415676,-0.3270476499087631,-0.36458881732925086,-0.3112602443695951,-0.47709806965882645,-0.463231347209956,-0.47904717647027695,-0.3212268154998816,-0.4834568533998694,-0.3113949053391061,-0.486137358205301,-0.47224528126913035,-0.33408366623980584,-0.31097978979930985,-0.43897748860944524
-0.45309870889268833,-0.40123368762366574,-0.37947709527786755,-0.5469794754563134,-0.5646446280904305,-0.5223934486364054,-0.5321134044263857,-0.6409651086546498,-0.3994793890548447,-0.27068857633086857,-0.5933180418662081,-0.3468036357027609,-0.35224228337998276,-0.41155213198095597,-0.19970558618689827,-0.3545498780937628,-0.6340705704505237,-0.2361299040536075,-0.4375958881698036,-0.46874678292839406,-0.5588963573097513,-0.24457791284456437,-0.27316722551754813,-0.4844075209968903,-0.26762250750430516,-0.11479652507711392,-0.2652405077803769,-0.24515309370671032,-0.33832862571930133,-0.1833350150661922,-0.1881522285385186,-0.3345459686248976,-0.4650034464546659,-0.49136715054640573,-0.1649484771684856,-0.3210954979261003,-0.43734458654005304,-0.415392725540805,-0.03542472392794382,-0.13176699857707277,-0.19826538514351985,-0.21100105877662842
-0.5233544099303233,-0.4293179270921332,-0.6446647245413037,-0.7038074713238619,-0.5150652512256071,-0.4438246156988138,-0.670996696786274,-0.6914037468386017,-0.557463169708365,-0.625532798401104,-0.3805287304229188,-0.4256408418811255,-0.3337856500042328,-0.44225887894372534,-0.3011240889183416,-0.3251455230146153,-0.4186288201970564,-0.33576538992277577,-0.35536489790506764,-0.2583361774819396,-0.34010237578156427,-0.28910678434934767,-0.1088707733409453,-0.15993542414232106,-0.4850621322085915,-0.3445371637440927,-0.47993992661718654,-0.27199474321069966,-0.15020694415179422,-0.48040865496142754,-0.25813499735645884,-0.3746192761179101,-0.2582793273312369,-0.3340343453631366,-0.28654648099909125,-0.21582091361127706,-0.180518038902552,-0.19833862042942713,-0.02230197600887243,-0.09850807144099655,-0.17178210180264705,-0.2663144300715035
-0.6523798109590534,-0.3925610362084296,-0.6040289869048978,-0.6818156770364157,-0.4512944648694237,-0.6800465032807816,-0.7002990587112188,-0.4502585478177923,-0.42123064799274557,-0.5015136975940855,-0.50929521300773,-0.25732840197624235,-0.4583205624256954,-0.47867111096934517,-0.5897063056946701,-0.4269393512462169,-0.5525100124624014,-0.23834751481920893,-0.26002976985194404,-0.44648002108194373,-0.6013655197961674,-0.49299747167897345,-0.5274369686623093,-0.12771550758368908,-0.1813016354760519,-0.0886308315530176,-0.3240383992981438,-0.4357745763812316,-0.043281371504243556,-0.41738911470579637,-0.31346674284967835,-0.2727296104030175,-0.12806565124662309,-0.31720863325282245,-0.0853580570142239,-0.3442196210859326,-0.21416107937642048,-0.17482110582299137,-0.14180778673999553,-0.0965216749917584,-0.19133443985469853,-0.3876445213960615
-0.5052140286266337,-0.4660215887974369,-0.44377388536275725,-0.4839643331198462,-0.35723198256252425,-0.47722028365245905,-0.5796648717300639,-0.4550161557420585,-0.40289875204126985,-0.46233364452663406,-0.5269858441489695,-0.38730704300485,-0.3680429046842329,-0.2927866974865069,-0.6275456193231513,-0.4833456432022969,-0.202754832498357,-0.16768178412545362,-0.5021010639746615,-0.22927155619770923,-0.22054988425953642,-0.43112438311018986,-0.5115266136946613,-0.22291651824838232,-0.28945377638308545,-0.4020083502649661,-0.3958382231891999,-0.43230713058187525,-0.3626886814215551,-0.3529345517167177,-0.05867160787198809,-0.47890537388222354,-0.08903446229102975,-0.4093055501333807,-0.11404748571371044,-0.12036299431307991,-0.15418246933030544,-0.13865457527540898,-0.2974673736131172,-0.36641339873969997,-0.30047244557260055,-0.05332511889250769
-0.6311514547341865,-0.5945663411315716,-0.6700329772915127,-0.3956964757866991,-0.4703283860914646,-0.38491087893029474,-0.6660927361397295,-0.505376070828061,-0.6116006555727007,-0.6398994057487474,-0.3310321691035425,-0.4842027514032887,-0.413144455450536,-0.5209341101288412,-0.27456532630971936,-0.35444811055996944,-0.21272900277114626,-0.26220869897352456,-0.3092324382759358,-0.5406832424750625,-0.3435160664810316,-0.2034691634489833,-0.3097360047921094,-0.32529783966126397,-0.4551458519743401,-0.14121065796227844,-0.4773519095138721,-0.4604814672265077,-0.17986094975561312,-0.30232236483822494,-0.2752871467621388,-0.3821585383089598,-0.16989508976101825,-0.46620284431307035,-0.3778862111448831,-0.10755843404474627,-0.400922141909639,-0.12525636116837172,-0.39764531849498747,-0.35802630150468817,-0.2790221203973135,-0.18707095224801254
-0.4506073088047803,-0.3921176410144134,-0.32634852982679063,-0.3864627962386211,-0.30072257574324646,-0.3245440211957062,-0.3860927766126366,-0.30868950595529854,-0.442603023584492,-0.43263747956702864,-0.32936121507274246,-0.36100002117331625,-0.3967366632244712,-0.3431981535359506,-0.38610424992969566,-0.39177138246031556,-0.458987298232324,-0.30937245016205545,-0.3401442942753911,-0.3456043271236634,-0.4298461837094776,-0.4187068024796342,-0.2806984089466496,-0.4546868793873809,-0.41935531446513896,-0.45705101962979494,-0.4232628106771106,-0.3211422232636099,-0.3088891835639186,-0.348190171687743,-0.4395306257557916,-0.3989780732445699,-0.4761043643275515,-0.4656810056788758,-0.3751165251088425,-0.3904122861978504,-0.28838689948192686,-0.3727868486771679,-0.31945229220114113,-0.41463082677940455,-0.4214467528628165,-0.3167063855584498
0.07427088300543973,0.015795395275193892,0.32408180204946074,0.22933475860544655,0.6321887828192633,0.697073672933243,0.7245241779774363,0.7123325204532256,1.045569723121501,1.0661015831069722,1.0109526421672443,1.0291872890640408,0.9713288243506935,1.0765081195475206,1.0472154892801382,1.1198469858131386,1.0938615741658004,0.8272923290497409,0.7671204467243278,0.6312544981993835,0.44601863077924575,0.6288555170764807,0.2796788021527617,0.3354394289098167,-0.21423701108742152,-0.12309163429074638,-0.3865391524738067,-0.33902297046948576,-0.4893290093171348,-0.560729042887091,-0.5935439075740926,-0.8085633728819264,-0.6622845288013086,-0.8009865275897443,-0.796035339492656,-0.7165826532158114,-0.8374011192318934,-0.7505132792043394,-0.6556216978118762,-0.6007751975700413,-0.5679764013861018,-0.48567286073467103
-0.10185485429474829,0.2760589574503077,0.09725239626274781,0.4885634069439389,0.429326158799112,0.5423168439915889,0.7604549350142965,0.7840244636251524,0.7435722571531984,0.9244139661142897,0.9955368164662559,1.0145363283207507,1.1530301745978642,1.0600189222742458,1.0827598061577988,1.098963975341234,0.8547638400582418,0.95678496273993,0.9992302778590051,0.9479001020675802,0.6792405743429777,0.6246882580849318,0.14132557336228385,0.31272631139994633,0.0107608320824621,-0.14804692139601963,-0.17393132018252483,-0.4330504814242437,-0.4434520441202194,-0.672996750708792,-0.728591572273178,-0.6631439101667869,-0.679019054297225,-0.805232709209814,-0.8272386298785402,-0.6933774178314498,-0.7371643818155991,-0.7134309154823065,-0.5834591677335756,-0.6182952022828244,-0.5972841942849291,-0.5010484450179654
-0.10198780110559656,0.045720504088964234,0.3294240269325539,0.5174845891830671,0.5605592522120025,0.48408180185656063,0.8135469867605137,0.7765422336706873,0.8954459303721574,0.7890754903355742,0.9452653811978616,1.099301761737252,1.0247088430209954,0.9498193607316062,1.1056854894284487,1.0251444237363223,0.9134954393157683,0.9175344421347705,0.8131726535633204,0.6770841414239159,0.677499039482343,0.6028303255202001,0.16436158749572607,0.11985345740502679,0.08144158249752655,-0.04977723132558981,-0.38017268131824283,-0.5577627487728498,-0.6720590622271432,-0.7303521527974094,-0.6701576954044248,-0.6757958837447345,-0.8128637858453928,-0.8152114528962271,-0.7161733194997771,-0.8134810590897481,-0.8024552616786699,-0.797725528028356,-0.6860962890885361,-0.5041194706037416,-0.6130244447460865,-0.5639494305889305
0.13959581771129081,0.1146607101299503,0.17924132498511672,0.36383051632974595,0.5665561944835977,0.6827435226274744,0.6296142515421996,0.7515668654858794,0.8395297269166216,0.8583973366158796,0.8982120750881235,0.8969883690683685,1.1045841062711288,1.0703135062805111,1.107122376604828,1.1115860669867015,1.0842703582185254,0.7518703833868531,0.933555732196263,0.6789370131913206,0.618498314182668,0.6196312243786067,0.27968600104656255,0.36286645147610036,0.05600191288152612,0.04263487656934627,-0.1527684595822623,-0.4197617354775354,-0.7274539424900792,-0.5039838372892165,-0.7426271661620427,-0.7444720758092455,-0.864368944114758,-0.7123151365425685,-0.7088159270392141,-0.7669314385501927,-0.7370962047091509,-0.6617873384187303,-0.7834802497364018,-0.5815536691497215,-0.5716087669853825,-0.447680387540407
-0.029246870914733773,0.065371303838935,0.31667069264403497,0.2546653201036626,0.45158120861701256,0.6288496174113173,0.6371965566074117,0.8234037795246579,0.8600584003783106,0.927020302828336,1.0434778102683637,0.9128271925410599,0.9344367960490865,1.0341032941528967,1.1087095331630543,1.0691637297356342,0.9519086384569739,1.0049999557389606,0.7943562171244047,0.576753539191241,0.6838719330716825,0.40608466080562305,0.4411783720943146,0.08357948950824019,0.06892962771544398,-0.04875986221222751,-0.4144776042398758,-0.6552108015325676,-0.3725262043040473,-0.6834173656631504,-0.611149107384384,-0.6831058187286514,-0.7814036878802509,-0.9173513437176906,-0.8619486356993825,-0.7661322858168557,-0.774427381056785,-0.7022073693805542,-0.6158643917238923,-0.6695272150296339,-0.5378114190475306,-0.5936691203595535
-0.08134791408264413,0.23355455112285284,0.14272764322972323,0.48782089947088764,0.4238637849651206,0.533956703360286,0.7096445759349859,0.8778484577496924,0.9907283241430801,0.7845043671106435,0.8461769992471249,1.0720196809009408,0.8676275089329702,0.9288558784287461,0.8789394551386818,1.1440300108052137,1.0037385490320996,0.9389655535326967,0.8379755919835988,0.7465770047229043,0.6379292498947291,0.47342765394662273,0.2928457395840585,0.026266953367375456,-0.1357542325595932,-0.3527775882893369,-0.11804182566289631,-0.45025576827424496,-0.39886820141404866,-0.4498865072243585,-0.5949308756964861,-0.6851057764325122,-0.7207999173916441,-0.6912520319533237,-0.7223339731509737,-0.7066239047775776,-0.8065993345629395,-0.6534412881047803,-0.7180028075568454,-0.5809952739726348,-0.5681349703406391,-0.5530768123049348
0.10309813834515309,0.17467362894771024,0.29103355428347955,0.3240571131387417,0.5458347733795119,0.6494824645511194,0.5745081126556246,0.6607779318266248,0.8738608373024824,0.904964317122201,0.8370427089644138,0.9473817228480724,1.1125838437833475,1.071732351152278,1.0828365530415376,1.0337129903677493,0.9141560947657028,0.7438133711476075,0.850626237835955,0.6497193980759423,0.44421176409110336,0.4249629722606932,0.37470171089770493,0.012768472749635992,0.1501282531362162,0.04243478724738307,-0.31309144993857874,-0.4555971612806525,-0.7310717983055005,-0.49656450104723976,-0.7371010832668062,-0.8470055227099912,-0.6390443535997852,-0.7021684596684261,-0.6976743695839007,-0.725486186489119,-0.6817126756560021,-0.6174774188328098,-0.5608217667402049,-0.5518386436897703,-0.46048003238208124,-0.3855841227479593
