gfs-wave-data.json
{"header": {"parameterCategory":2,"parameterNumber":2,"dx":2.5,"dy":2.5,"nx":144,"ny":73,"la1":90.0,"la2":-90.0,"lo1":0.0,"lo2":357.5}, "data":
[rows 18 to 35 of 73, columns 0 to 41 of 144]
2.3303355460112085,2.390213499497769,2.272229258186135,2.379216657601632,-0.04881843028970177,0.037499846012166056,0.025813894499510128,0.051470930964433045,-0.03505478906942737,-0.05496327356438383,-0.026124587072802474,-0.006190421952665221,-0.07070568789628237,-0.05543750234836344,-0.04987472247971472,-0.01510104737295143,-0.014685140413027993,-0.07119814172644162,0.0300100637178689,0.06047653018828276,-0.0701071506603564,0.05271166221458502,-0.012217828226949296,-0.020046050104806173,0.0011661122537491811,-0.012091515329424918,0.06153554500750447,-0.03544790557913376,0.062351059681145286,-0.07158214855922286,0.05724505868491398,-0.016543217311501785,-0.05749889811165686,-0.04969201511173417,-0.031330584797499915,-0.04086018010292206,0.030283796127646645,0.01986899681535056,-0.008234150393205611,0.0605903521065553,0.014332027547996642,-0.05153091381499231
2.2213774758464178,2.357764354963084,2.2222741661442824,2.283843533068031,-0.03503147446150804,-0.012668109527508088,-0.024373946103159575,0.04032121332715266,-0.0017808765349248616,0.012343591511190456,-0.013838794297545894,-0.010006577644895428,0.04547346282096615,0.0008767860052195247,-0.046863255244451514,0.06603718560649456,0.006964772527618936,-0.025103273673179462,0.023409212295915135,0.009186286456559566,0.03728604742094782,0.03807662817316311,-0.04901326377739763,0.04389324713231818,0.05310063431221134,-0.015601947344661832,-0.01880102586192329,0.03777668614934872,-0.009256142713728314,0.0472888103362882,-0.0427591060715779,0.02418233815193522,0.04006260963536874,-0.0661225048911484,0.0011089973921082226,-0.015216483326901368,-0.009813791777779548,-0.06810637376729774,0.047261635604450195,0.04211631224937365,-0.005164768666014343,-0.057372835195584296
0.059255425823195304,-0.07804372687563735,0.0241738448189924,0.07338053065147078,-0.06477990976311526,0.013922006987422356,-0.020998932084085164,0.058892559913854246,-0.05100908211246033,-0.012201602440309956,-0.0518400299038469,0.07694720513873705,-0.022218779127165085,-0.038012013731104015,0.011723781216393055,0.045286316483055616,0.024149109181760907,0.07441824676203503,0.02377810469938245,-0.06599398301803867,-0.016653353025881834,-0.011382256438029951,-0.04912040773792562,-0.005366535785464637,-0.0007182638633517571,0.059513112953177974,-0.030356150764339684,-0.024067156535935677,0.02208483272393905,0.05417849950589077,0.042004952488313256,-0.04034063140887914,0.016122939473896477,0.0057292941812024335,-0.01668932828093747,0.06811344673852628,0.040933524770599375,0.0011022264805966972,0.03742902088676972,-0.002480980009147541,-0.010008336776190944,0.008928883092034871
1.855049145613866,1.7220739937024219,1.7012629462603661,1.816389821007358,1.653280294418678,1.6323812156238695,1.638113370854196,1.71956878126017,1.7006952608312222,1.7576591204527858,1.394351724470204,1.477818663007468,1.4208569998769738,1.4982629861320464,1.3630976560149854,1.3279175476905094,1.354520571163619,1.170882524281435,1.3718952064469119,1.4282661282181996,1.3479232097849474,1.3621886727184391,1.0966592025309485,1.212602549500142,1.3435572428848608,1.3115473816417078,1.3693480517978531,1.1988412923860088,1.1329313467063356,1.194077364272879,1.1589052467070189,1.1148815423246812,1.1260206678113514,1.1023299402552846,1.1665110926595519,1.02553327731568,1.1208398977159708,1.0755160925978355,1.0303918660652875,1.0252005786922727,1.0144992026893804,1.0884325266664046
1.8715767440123876,1.807509544533129,1.7087166017598592,1.712599338358355,1.7724737528343877,1.6868311258584385,1.606354922370701,1.7629552652980025,1.7220015645936175,1.5841156390879314,1.5855105316160374,1.522906016931616,1.613459378574095,1.3889305134027423,1.5275665663466362,1.5308165632489878,1.4465411240767452,1.3774102038563656,1.2361475131757624,1.3528940424624185,1.2219999830747463,1.2022640264239455,1.3251794023543961,1.265818679092919,1.2752065393373244,1.260594961289659,1.3006223631534597,1.2453610034473312,1.1758147403229584,1.2180102818334078,1.1419814994583823,1.103075897595681,1.2551378330612277,1.2675397176748104,1.0628701807149563,1.0429607759341604,1.0810313366846023,1.0255335918138124,0.9967581914119596,1.1114147947250432,1.1122065806093548,1.0270168071829808
1.6994654069538455,1.823020879370114,1.7559877623164584,1.8106655452572975,1.6836353138542073,1.7830951622433662,1.6698280120830167,1.5885312413795878,1.6731258127759432,1.5562029011428151,1.5050291380319802,1.506505271196395,1.6278924674951354,1.4381068749764994,1.424192250970786,1.422481473931196,1.282880808665499,1.2624151410834734,1.4271139247700293,1.3133225186701394,1.2729486589028538,1.2168974576183804,1.3441692665017755,1.362742223618588,1.2568916188501824,1.3031273010225553,1.2802054362462922,1.2955194542724746,1.2290566344914238,1.1625679782240308,1.144254627544719,1.177146234899083,1.2891470804371714,1.1053172052987519,1.0722467213914355,1.1318027325985986,1.1464212137353844,1.028888920820963,1.1492814166200667,1.071586447494923,0.9746648878969553,1.0659648129614279
-0.021796207545399363,-0.024103682019511005,-0.04711270427632619,0.07874328573534169,0.033562952912200045,0.008486904358278995,0.03975418980513477,0.019259706704952806,-0.04035350809150116,-0.023558573131674473,-0.04501082031927541,-0.004509279309863769,-0.03173535956513228,-0.03717577185778617,0.06315173880513522,-0.020834498269897802,-0.01654233158946882,-0.01419573843199975,0.04343819506686174,0.004082628392720523,-0.016943906203219627,-0.0160046469936903,0.04472949295542555,0.03024099733764577,-0.02837718715465165,0.046752744472023405,-0.028227743127124966,0.015858550395201544,-0.032272550686515876,0.02476048688822427,0.05894040958763413,-0.05445152066612972,0.012186430883374209,0.04605326463337786,0.012621221222424664,-0.04581387896909155,0.05275534915936509,0.017740484779374767,0.06644977858642348,-0.03428634851005684,-0.039250628926031574,0.07150735593208489
-0.9211838790431999,-1.130328879300124,-1.023561527849535,-0.9257654375967204,-1.1422422290545022,-0.9688962134629158,-1.0904738834164882,-1.1145633307724183,-1.1390887570895538,-1.2246593410506128,-1.3136839246295982,-1.2672047684682577,-1.3781301591609187,-1.199926793241611,-1.290206600878179,-1.171358446174779,-1.3383502687024984,-1.290717947723082,-1.3516984541510642,-1.275237590119423,-1.3230503972660521,-1.3743657310550412,-1.3168454690436566,-1.4255812560998766,-1.3312099539332432,-1.3196444631792366,-1.328219581682664,-1.4209847355368528,-1.332943359469864,-1.4474342781738654,-1.36059592145123,-1.4511202159333443,-1.3446229877684257,-1.30288332155167,-1.288195950458156,-1.3445691216533944,-1.2354468833262888,-1.2963154068495257,-1.2910583778814695,-1.225723561413659,-1.287337632572093,-1.18907884319807
-1.0677300871017599,-1.0101766787325135,-1.113081163826248,-0.9921914352499823,-1.1660857919483338,-1.0536953862633678,-1.1225120868610576,-1.154087167513489,-1.1016604022057392,-1.2055819657122309,-1.1845388443725722,-1.2769143192747494,-1.2562873502702137,-1.2133921050078942,-1.3436276050280938,-1.2122024797371067,-1.3780471679283308,-1.2871852086751077,-1.32417981457322,-1.2698226399783465,-1.420176030716474,-1.3855615864243136,-1.4604989318121275,-1.3265111115527979,-1.3336478889081453,-1.4569835714475847,-1.3953329450758651,-1.32749487790128,-1.3722056376838063,-1.234221381623696,-1.40227172379574,-1.3397113243000252,-1.246991585035002,-1.3790362935586498,-1.2606972271031291,-1.3635424877500728,-1.377294286648827,-1.2774092764975085,-1.3351381927019588,-1.272297139483428,-1.315786442429611,-1.2037579366585631
-0.9189430375613138,-0.9909644461194191,-0.9966146845340149,-0.9373977125227214,-1.114575707203087,-1.116382005029622,-1.058055517269423,-1.1744839542120395,-1.1863649204913789,-1.2729299662201174,-1.3292001559215718,-1.0927241899302693,-1.301591640120428,-1.1996905660838064,-1.2527937122844837,-1.2702170513063407,-1.4047736508330093,-1.2966894298953198,-1.3986927839757903,-1.4278058921153536,-1.1913677601182655,-1.384791094447489,-1.3011158467789925,-1.4532424890697666,-1.2996019241584806,-1.3683008802940426,-1.2650135047550892,-1.3740610738525654,-1.3212135840979529,-1.367748423759666,-1.3187821322039694,-1.3162198237411151,-1.3578690828326678,-1.3428891785920896,-1.195269073050038,-1.3162574552552457,-1.2202602378219938,-1.2494769284260205,-1.2195417319178044,-1.253764704554794,-1.1912422396291924,-1.253476071663178
-0.8730090074536142,-0.991007634668785,-1.017541450940321,-1.1645732876898287,-0.9686679543669039,-1.015168777076636,-1.1795479598210323,-1.1457927494774152,-1.1775455753382718,-1.3118941616769941,-1.136263815157567,-1.265271045809431,-1.2169877462187135,-1.2245169677833114,-1.3092281764427116,-1.3349567706633365,-1.1939951959294437,-1.277883438616821,-1.2026294119203083,-1.3371877075285652,-1.4471617430256885,-1.3711227744423244,-1.3634430998957598,-1.3484679940142712,-1.352871683268258,-1.3078666771542138,-1.3307396801211575,-1.38767379593768,-1.3848776467488446,-1.4180310605807345,-1.4697346370443123,-1.3950172004315284,-1.2906081639645726,-1.3417846489818166,-1.375331467054246,-1.2286787335860367,-1.2450129436653246,-1.235221108339773,-1.3406730277692298,-1.2248647795222358,-1.1615921718325983,-1.2706612705605198
-0.8651353769973235,-0.9145745254776932,-1.0618629674341382,-0.949233677281557,-1.2010238283107841,-1.2052941487249855,-1.0342291140318791,-1.1387481981479373,-1.1138563907415515,-1.2489354420195902,-1.0477211746529653,-1.2455383846409178,-1.343812842733157,-1.1383990646728575,-1.3962988765033975,-1.2780823786057072,-1.3020986854550132,-1.2808440019943264,-1.3361666663655705,-1.2795125824576705,-1.284842768265151,-1.2957904472335555,-1.3973368940338482,-1.371578934109455,-1.3548776149639719,-1.4357605655351342,-1.334037039310618,-1.3848377566948022,-1.4380031993406575,-1.2971979156116062,-1.4390518599230369,-1.3226571414933364,-1.37742529926498,-1.37613309634485,-1.391122135437002,-1.2666757101308932,-1.2737524207118676,-1.3368999113270765,-1.3504460980857804,-1.133996921542912,-1.3030172737796233,-1.0973140609375225
0.02712263565769399,-0.03358861445934855,0.016377979345460817,0.06331735978982489,-0.026377820662725076,-0.03349057711345252,-0.02374181723404521,0.04161789783476239,-0.01393981604173214,-0.012881589755592967,0.03409071862117177,-0.03832560469075626,0.04796695467137743,-0.014946105077751435,-0.0165328574665024,0.003762112064133842,-0.0060448831338769625,0.001806697541352782,0.008981492973119077,0.04562959380562217,-0.02125792792596551,-0.057926032250453806,-0.01415949925402784,0.012919690468439772,0.06139547027056616,-0.058391780010418934,-0.014117889927804085,-0.05220608490392445,-0.03724636923206928,0.021248787600962545,0.058829569417789794,-0.00046260831676980075,0.040348281169639566,0.034662745951254056,-0.014450752685768568,0.04828998592487923,0.033809180373761724,-0.002968676541909059,0.03505178243706986,-0.05424281136051233,-0.017223969901727556,-0.055051482928535476
-0.7857390407102266,-0.9060406867826012,-0.968980272306628,-0.9841878722763184,-0.7484796354133918,-0.8425654328177358,-0.6947451299803774,-0.800469508868167,-0.822480707989596,-0.5647365558128996,-0.5524122820426245,-0.6145098729137282,-0.6239109326077873,-0.643309620810212,-0.850065276588358,-0.7603547033508855,-0.6514717013578114,-0.7361152810807093,-0.8433221325789584,-1.0179360386904215,-1.0669560290995779,-1.1496194171517726,-1.1204418948618349,-1.2609923776814804,-1.2345548237405672,-1.09631627452924,-0.9958514658212161,-1.0651921993398505,-0.9377670268278154,-0.8459234154233007,-0.6198342024419119,-0.6254972087345063,-0.5432033772881111,-0.6122548485067748,-0.5389162858377416,-0.2907482677688593,-0.591882681118293,-0.49355778656825605,-0.533711826771927,-0.39903496490190427,-0.42167670648432914,-0.5967622065955389
-0.7720837937891076,-0.8326838785502979,-0.9280415746854136,-0.9637865089613809,-0.7782059075165332,-0.7861222248096587,-0.8339093964648518,-0.6154796882537436,-0.6011634152820968,-0.7453266473209569,-0.6821554867018079,-0.6560203853942594,-0.5251741036985313,-0.781819743913804,-0.5123230149952791,-0.6200567361078978,-0.6303310862759169,-0.7819107718932622,-0.9770468691543231,-1.086779597444278,-1.1633510922902717,-1.2345817430097938,-1.2039829962089803,-1.306324094871608,-1.1638554801624967,-1.0962732351933737,-1.0634740316270845,-1.0795870533314245,-1.0149599201495885,-0.8579266961729107,-0.8933391808490546,-0.773074390498275,-0.7712005319555258,-0.692260133685318,-0.3505785877502865,-0.5332382351445799,-0.4001942838314459,-0.40711990680562304,-0.3762983964645729,-0.5107094960588204,-0.4328780893320157,-0.4630972806975617
-0.8191635477207362,-0.8326820957031439,-0.7964619145714622,-0.8718651864984586,-0.8768552985851312,-0.8746104673113244,-0.6299892343209982,-0.6955996246521152,-0.7247648696778183,-0.7991496687850598,-0.6805424005150296,-0.4696282492468415,-0.6469762026556709,-0.6157287135659274,-0.7827812567126741,-0.586780340663804,-0.565574195427793,-0.8249196734829977,-0.8482141911717453,-0.949017771221806,-1.0245380942952638,-1.2740879145311232,-1.0898411311031182,-1.1552668485797684,-1.107776200956291,-1.041367651743749,-1.0838788524073941,-1.1108506196001693,-0.9239583117933278,-0.8118904131361464,-0.7854898000802878,-0.5589563653019346,-0.7650929817894053,-0.43478315768592274,-0.544405462185537,-0.34544788217611766,-0.392705145863018,-0.3735137512021682,-0.4164002559897571,-0.3734299712653466,-0.36734981099430863,-0.4337490433929101
-0.8853337125890717,-0.8907445112837192,-0.9564917410116397,-0.8935417002112399,-0.9130447621626021,-0.7669417991936803,-0.839118417927204,-0.740668916428003,-0.8239831291070632,-0.5690321900024176,-0.4989355031146397,-0.3994555595252779,-0.47925306578955046,-0.7078487841216734,-0.4989699951598187,-0.5634116972536208,-0.916984498939137,-0.782259144628752,-0.8976603551397115,-0.8481084358435803,-1.025180408979839,-1.1521666617126742,-1.1309606830423782,-1.0911293547792695,-1.1318659997182654,-1.1352671813494428,-1.199659903621714,-0.9846878033520217,-0.9975119925631059,-0.9417790965069609,-0.7258889218044774,-0.6260251765582447,-0.46565239267902,-0.4853220626184202,-0.4644105100142275,-0.5467633250897116,-0.39302395212484914,-0.3080818505723618,-0.5606661638626791,-0.40448583126598037,-0.3709440904763929,-0.4688280112650251
-0.7595518254086072,-0.8622346464167719,-0.8021023921070262,-0.73446399782438,-0.7614798248636551,-0.6824161234984314,-0.7513214921527978,-0.7611915716210519,-0.691891399939208,-0.5578221396803333,-0.595076775429986,-0.46045226829369235,-0.5668580361667171,-0.6204916090101533,-0.5500991443998479,-0.5151544105056518,-0.5492476682931628,-0.8550479176311037,-1.0202570146771783,-1.022860950624924,-1.110499199337959,-1.213322096898976,-1.2208994626377399,-1.1468684390962995,-1.1719507895637098,-1.0642660128656887,-1.1055569731255848,-1.0948966593277196,-0.8708105803901626,-0.9020979959490774,-0.7019238207334145,-0.6353543088459732,-0.4762207183615702,-0.49988778844243814,-0.3804712118565073,-0.4684966243972246,-0.3799161418452427,-0.3708250574510727,-0.45374950207380044,-0.3831462609486733,-0.5033330228347884,-0.499130123873196
