gfs-wave-data.json
{"header": {"parameterCategory":2,"parameterNumber":3,"dx":2.5,"dy":2.5,"nx":144,"ny":73,"la1":90.0,"la2":-90.0,"lo1":0.0,"lo2":357.5}, "data":
[rows 38 to 56 of 73, columns 0 to 41 of 144]
-0.10320579137865192,0.017986278731013775,0.26299180586036786,0.4143725234584666,0.621356992036025,0.6278742931196293,0.5946486603876874,0.8964225225197309,0.8300002759438068,0.7587095774896355,0.9228157909690993,1.0260499381486388,0.8607977660426389,0.9650564385347472,1.0426213345742295,1.1149005750296772,1.0069072319761088,0.9564602640846166,0.9150927906080962,0.8342768655076884,0.5092904553554563,0.31679872391275565,0.2841754585686925,0.15026929145854423,-0.03501347263724933,-0.03252599534876194,-0.4481829411618867,-0.3208363593791522,-0.6440291829867877,-0.5411838884461634,-0.6139163734985716,-0.7244337364867028,-0.7581991121194072,-0.9002009375370367,-0.7484074906684813,-0.7194217150594991,-0.640514651209418,-0.5647605141170431,-0.666338556183765,-0.5422863849769277,-0.5248995082431435,-0.4101817063257101
-0.05423913707623467,0.16476587453868874,0.23799943147906757,0.26874385516990384,0.40453128504156066,0.47725355835718275,0.56460219241985,0.8099339949021065,0.76912204565178,0.914696942131593,0.9258129117560053,0.8223465586133764,0.9757890443604043,0.84232847222318,0.928632526738568,0.8743684504936051,0.8703938560531631,0.8436930546577347,0.767191284225794,0.6734510015614895,0.4903878498670824,0.330555465859618,0.24588335605545514,0.21329694516804448,-0.05317031057825816,-0.27773721607619567,-0.3794584734115837,-0.2951194193874901,-0.5131751652578177,-0.5675371334901717,-0.7352871678204546,-0.708095493352217,-0.70820783978106,-0.6546418662712651,-0.6859500134486586,-0.6237684911189435,-0.7191585689004443,-0.638082032720874,-0.73172076037231,-0.5658032313207451,-0.44698541926577084,-0.4323642864346422
0.1023195355631384,0.1716907050483335,0.31281990508634966,0.3416080676159402,0.3330710902136057,0.5901804271888202,0.7229662398834844,0.771087507345746,0.7562426167644374,0.8919996949337681,1.076475208659437,0.9695185867560399,1.018661004885185,0.9590155335004155,1.0071989343699586,0.9115189462142458,0.9399425835683992,1.0090226930640165,0.8533653950349702,0.6102768865781105,0.6391846573546793,0.5241988884846638,0.37075566185458536,0.1501766730300715,0.14670492664186507,-0.04143955855540212,-0.38884283069918096,-0.26162756989114694,-0.4132754657701251,-0.5043105994287004,-0.673802370156373,-0.6365189839907317,-0.7290525266216118,-0.7194133534742104,-0.8123069262331117,-0.7106499780979094,-0.7410949473663859,-0.6152451972648469,-0.6164654726691838,-0.5413668546723596,-0.5723694924866982,-0.42801087946929905
0.09606867444778722,0.029467539918860298,0.2101091363102803,0.4712569547415371,0.3687519695222253,0.5398790921105744,0.7395927009196087,0.8446388953084396,0.8898056525837565,0.845780055205423,0.8634893009536472,0.8021112534532588,1.0575078744097244,0.8243963717953383,0.9265148643795733,1.0986693990238887,1.005460111365466,0.7878608784552782,0.7533967784070523,0.7974184188637702,0.6623467023324724,0.5550421121897433,0.20962868791072137,0.28262187882581735,0.12766358261512034,-0.030463500936766832,-0.21322849124470142,-0.33337649323924595,-0.3936388855250223,-0.6006942111544951,-0.699405095162949,-0.624332587849768,-0.7335407711133795,-0.6970073583572658,-0.670642843998308,-0.6277626422191696,-0.6577482410516327,-0.6835518638029039,-0.7055208904942649,-0.45592029526903616,-0.5058927090783376,-0.4374139061590719
-0.22569072686483577,-0.2912181868324251,-0.257613086614233,-0.31777162619466176,-0.19763050061768614,-0.30138825273073744,-0.1748749247582992,-0.24014250480171534,-0.2346379001206892,-0.16125849693788033,-0.2917308548674583,-0.2294960037076619,-0.3395116102831984,-0.23663085963480884,-0.19378526525686737,-0.22604331718741438,-0.21433305608226869,-0.23007216980902284,-0.19133792159326155,-0.2809384592480486,-0.22090381648694324,-0.33294469855520537,-0.32834068509418174,-0.3428204211353646,-0.17280471671330389,-0.26453749800041565,-0.22560814897809764,-0.3023660088592684,-0.24502553388005735,-0.312550962422473,-0.3207572897145959,-0.2777131354894715,-0.21981126490205025,-0.16356663250194597,-0.3174383419066164,-0.22657810473993703,-0.33861048157762796,-0.1691833844941698,-0.3104589132126426,-0.2097970816711209,-0.28979231700486835,-0.15985928649765854
0.42551097443486563,0.5345454407256014,0.49629106927066485,0.4608838325501936,0.6240668661840151,0.7957395398521202,0.693284988895297,0.6035490438622634,0.773538389766168,0.8169259925409028,0.5959676003840928,0.7040980293003783,0.76954998097954,0.7045376222761975,0.7403355776118629,0.8263150615892991,0.7456808646701409,0.7880662357072029,0.7734600407943147,0.9693592934379444,1.067702786641488,0.7963434827511812,0.7960045352158225,0.9543573283382001,1.0105914509563543,1.0237885480696944,0.9232594917669741,0.9359529263248481,0.9260887530213575,0.971173683770372,0.9571682312520625,0.9457453313205524,1.0048491107653954,1.0314796182170867,0.921905080762495,0.893385581819261,0.8684212862211022,0.9381315876191907,0.9094981144643508,0.7481750176193204,0.7682096529411302,0.7171736247509678
0.6765670127495265,0.4445081550424065,0.41121099830817953,0.42649478770593124,0.5209478439465807,0.7269685021797143,0.6214681939373287,0.47314669207473253,0.6591253446364363,0.740574027400401,0.7297348776429197,0.6055257859301919,0.7602240579386887,0.8733097603608937,0.7977939305969622,0.8188599333292341,0.9209216162056834,1.008236897436383,0.7170280004779513,0.8832259610480989,0.8784124580563988,1.0328534361430557,0.8921074297641869,0.7475838550468081,0.7276725834366449,0.9231762912539969,1.046787789486887,0.89557476023953,0.8078070798916825,0.8165901129437685,0.7542627563110417,0.8246615868779054,0.9313158217939165,0.8174296019468505,0.8650626227339439,0.8205934884416223,1.045366721029211,0.8142790161125628,0.8650259264400314,0.9109368953970612,0.8889211460877817,0.9784847983655683
0.5065046004736239,0.44723123318978586,0.411798262664767,0.45154105652603355,0.5238750455590732,0.6454307957224213,0.5038398358761175,0.599076916324728,0.7118825628677327,0.5767072130361444,0.5864761197122529,0.7631647186309534,0.8558786453609831,0.8213569199751567,0.6721974333505807,0.6514768537478288,0.7212306974042841,0.6982103351704071,0.949781768319538,0.6776045909952261,0.9850612458498387,0.8820942705369492,0.8983480825939364,0.7295707221147065,0.9752859615990045,0.7993305813682542,0.7700671359312801,0.8318136128093918,1.0534299346348504,1.0500012045136338,0.7979941122661642,0.8883438023626158,0.8837968881800138,1.026221590249897,0.9793112458814577,0.8313135084101938,1.0045630298205341,0.7446068968314997,0.9408880704327656,0.7674356377376405,0.8027273088142883,0.7133778805260762
0.4944295331530564,0.4523509135634909,0.6967689090088743,0.4332960532838847,0.5228623196053908,0.594427959761795,0.4874704350328569,0.6445089309547918,0.7174799523919597,0.6653302889970708,0.713890541016075,0.8067413733693898,0.7546530835292633,0.764882342181427,0.8685026958798887,0.8454904394139544,0.9274140395185637,0.6658592400150027,0.7570337936934319,0.8185241790026627,0.6870250041224607,0.8092536546754038,0.7935062600744216,0.9076390485995993,0.8109928228641384,0.6993013117246399,0.9207636304119815,0.8959426160718761,0.9779521696505591,0.9090266290584985,0.8872275342808967,1.0259520457508886,0.8561775106405092,1.0005057797374073,0.8171836893383952,1.021525670269563,0.9614925187130398,0.9298084808785779,0.9085347720984932,0.7798375528413631,0.7885443556010093,0.8754140820005193
0.5785268601440406,0.3905472697099749,0.6346001066340453,0.4547537434514619,0.6527975766375685,0.42057175861633034,0.7044355566834603,0.4450823414382791,0.532109570131281,0.5942936488589373,0.5196755231337762,0.8720275179242644,0.5840143384122385,0.6761276666512138,0.9146429160870927,0.8748825204345616,0.7497701189757667,0.8645526614594197,0.8754034132563041,0.9508207094282788,0.8159736261816168,0.7709003195192282,0.9479996144331153,0.9520281822934306,0.8259807984969606,0.7657955981671819,0.8179762205531993,0.8548833418518659,0.9652225393944407,0.8368870410590866,0.8431408626358317,0.9150859011488711,0.8567733966186291,0.8015345631347088,0.8147351200013544,1.0077517566740903,0.9132009002036533,0.9040133851934744,0.807885493403214,0.8134604524930898,0.7788218074275696,0.81531805288745
-0.24920319806538033,-0.1330854285731593,-0.24591991327612564,-0.2127364675713712,-0.15309468777603902,-0.10893295874611834,-0.17633925146512508,-0.11698221307542907,-0.19013387758237812,-0.20962897336830116,-0.07592107112200798,-0.08715837413208395,-0.192118016755435,-0.1825153023504761,-0.13164965998771597,-0.17439571243039362,-0.18950351291685025,-0.1604228948605807,-0.17148567064280873,-0.24033708922507427,-0.09981552117772684,-0.20339826992796578,-0.1574960870609825,-0.2676794207737977,-0.21759285932227038,-0.19521075621558398,-0.16712113665554743,-0.26823316058384145,-0.1519783722242246,-0.09505279562970198,-0.1938976822498968,-0.16924821879744087,-0.24858664413638049,-0.19974284272592185,-0.25160879601231745,-0.08646545785606144,-0.18645555942752481,-0.1294457064151975,-0.24555180792414127,-0.1398030049792668,-0.16506817271101978,-0.11053374472881121
-0.2440129979736797,0.03706276128818371,-0.2824966950282188,-0.003366241300924801,-0.21907195151631503,-0.46601677744984393,-0.6757179961064628,-0.5441054704411575,-0.41984633046823755,-0.5623995337009887,-0.4003933184974583,-0.38553214589289325,-0.48269946475708864,-0.7798410309327186,-0.7431373637159424,-0.818854246121268,-0.7918698901265889,-0.6863191446369439,-0.5028500641205083,-0.6797125096184468,-0.5765913973134853,-0.5195047660506787,-0.6292689475739215,-0.4225778827866035,-0.5448008941525547,-0.6400247188500958,-0.29684406822619946,-0.2510025697514664,-0.3965384299812352,-0.3555798966374301,-0.42224724878000314,-0.3184057879226306,-0.02389790452106064,-0.13326784894676846,-0.14683381138764995,-0.055309135874427984,0.14518091826701318,-0.08430945995322041,-0.053712841669180354,0.038449119282296086,0.026777716550830565,0.27085167914552655
-0.08112980974855402,-0.2672689226910572,-0.2525477294423249,-0.21547274879030084,-0.2810393549419565,-0.32063532747636847,-0.25139028148340153,-0.6679185876793491,-0.43433386805517243,-0.44698567189894434,-0.57114381336522,-0.5754067146764023,-0.43185144543210124,-0.6161142766648989,-0.6709529102327899,-0.5616103075487714,-0.7002851230640468,-0.6580952777720169,-0.5941959491370291,-0.8578403060948537,-0.6391518848705514,-0.5186687075689185,-0.5491394139348036,-0.4573670888880838,-0.6426899178219724,-0.5720129547804981,-0.45710049950344545,-0.5042549316766901,-0.38156704018515447,-0.49394272493630303,-0.17916282743872883,-0.11803587776119877,-0.12800150609320787,-0.024973612666313882,-0.12828659105640777,0.006115045156549538,-0.10840362343906086,0.08005729071489094,-0.04043331113576946,0.11044623061370264,0.008315248057297001,0.21144520920677248
-0.11759961640758297,-0.02981972439540171,-0.3908664813292726,-0.4199001797401789,-0.07933352176349409,-0.35563677603141897,-0.373414852610487,-0.5339940697949259,-0.6103068932520216,-0.44361493789895734,-0.49834880781101604,-0.6243432870975152,-0.553475059527455,-0.7995155949412616,-0.48473292443406424,-0.6758009138483235,-0.5312836177798937,-0.5564102046980725,-0.5515025422700764,-0.6908377496148284,-0.42959073213105914,-0.5253276688509182,-0.5007128791694737,-0.39277953310835845,-0.4104161644775035,-0.5060579243875738,-0.33721490386643216,-0.5343806776146786,-0.16849262853009822,-0.1934520768966306,-0.11976787923720766,-0.34913118976522883,-0.2719003184497996,-0.11113368126686658,-0.12860780878875094,-0.14072699330841043,-0.044691397570750684,-0.03310643237756492,-0.0005937697707399562,0.11653172525697413,0.2909922376709018,0.22366198958561007
-0.12435367362108851,-0.1594270895905998,-0.08399332209575927,-0.09732186740406003,-0.059602849264168846,-0.09985385839110866,-0.20884139884500993,-0.14446014083286748,-0.15132212556124114,-0.08287608778909837,-0.08945936439461837,-0.19365179105052455,-0.054382361417646186,-0.055089329089283226,-0.13135176915920627,-0.16070166853362944,-0.09224113043091055,-0.182105500910677,-0.12667220697415243,-0.16238030639291545,-0.10370609659100057,-0.03653606736523356,-0.08136029981586718,-0.20625010051053821,-0.14716154817241933,-0.03876664593967487,-0.04922971690074352,-0.07432837845043909,-0.16173661884544954,-0.07723166834260338,-0.06915028117732491,-0.17510790954850944,-0.05752402913936338,-0.08952938064572209,-0.19946488660050624,-0.2331574899585113,-0.130149555288542,-0.19222903211192788,-0.10127406353616522,-0.22742693497860506,-0.23385228766423294,-0.2071896840611207
-0.2791378244784348,0.1456069510424951,-0.23323069434556962,-0.2685640532668584,-0.06998867915298579,-0.4059820558614148,-0.5261887153370643,-0.8366185609692058,-0.3793424506964693,-0.9460509350756526,-0.8191691535584056,-0.9978993392799255,-0.8706113880908871,-1.0134798517911883,-0.9996281637921252,-1.3860195213933202,-1.152994027548031,-0.9273743434675473,-0.920911648852144,-1.5223588303585551,-1.2813324727579813,-0.9567322109755648,-0.9415324275970571,-1.2582972320203039,-1.3822824997085945,-0.6845611032313539,-0.7611063962078082,-0.7685338001513498,-1.1821615304360007,-0.7643125447084196,-0.42821488338032476,-0.2810864973440827,-0.2744523743492047,-0.3290933541738913,0.07464259054676906,0.30968306590582123,0.2508433955280233,0.4254394932426673,0.026212695317225653,-0.007507005028349925,0.7674768566431676,0.7838211118794715
-0.11385218514945607,-0.1284080555084641,-0.5138388251616439,-0.35317855948413296,-0.5004685368616718,-0.6812051034515391,-0.8398394925405136,-0.7947063662544751,-0.8734229665768288,-1.0527883641774434,-0.5421133747321677,-0.9418460570877496,-1.2851628319922463,-1.191372075431095,-1.3507206126015912,-1.2303596792045541,-1.3278234914115072,-0.9914051180764891,-1.5225731556638684,-1.5055639960125369,-0.9029984787945516,-1.4460253737801056,-1.1471625449530436,-1.1544373704348472,-1.1992477816741531,-1.357917680180386,-0.7747075675285152,-0.6611515682081042,-0.4407190029256975,-0.8413799926762352,-0.6626615613422698,-0.6083656243723369,-0.14002789291225365,-0.40263216532656015,0.17159994636540682,-0.33822782758500874,0.24690586311652374,-0.09459571634614161,0.5007917586899513,0.5558681693309543,0.6097659508903,0.6557819041760223
0.07635457825473245,0.12143256743138418,-0.4898082317512729,-0.3979460914621276,-0.6863001711215319,-0.6066143942123354,-0.4065203829207615,-0.29109694931462965,-0.48918530118049,-1.0466034193721103,-0.9182134568640214,-0.8417420633923334,-0.7886555199030305,-1.3248873033796071,-1.2493061826863472,-1.033466141220123,-1.4248408822612924,-1.3008838818545307,-1.2320174749399984,-0.8924161856835288,-1.2973562794564313,-1.1886395713275526,-1.0608970197267478,-0.7962187541491595,-1.147805168882163,-1.2970135317650107,-1.1682124611385554,-0.7082803240191308,-0.6895649521400592,-0.4133303694944394,-0.7487019532899457,-0.9329540517392325,-0.29937679848741794,-0.05828463089610312,-0.06480928016592365,-0.14476329481894998,-0.2527345624404164,0.42232853000059406,-0.19153363407114707,0.21933306326463334,0.5268939012697873,0.12440591807743083
0.030026767408078116,0.14460643378049215,-0.4494676892379302,-0.5139519184315852,-0.6393212982328991,-0.6790087144596029,-0.5082958861140194,-0.9029829850584314,-0.7665095121112169,-0.9636144078985343,-0.8739440586521573,-0.8456898154622895,-1.3420834212685033,-1.0683832962051871,-1.400807152735331,-1.1111037416407048,-0.8851221593956249,-0.917263565059702,-1.2423500821996636,-1.2168198443703215,-1.3639313357422411,-0.8977320884428371,-1.5546227257540766,-1.0813839350528958,-1.3377793475561486,-0.8567686406366745,-0.5876824635139946,-1.0199677877024733,-0.499618906278833,-0.573884448494316,-0.26664185504706645,-0.3554340779967362,-0.3303459657758069,-0.135420547789088,0.02470459893346223,-0.026784239254323314,-0.21165034297959906,-0.21451367891698375,0.007177342797781269,0.04348214458119643,0.7782300439593971,0.6002289195602233
