gfs-wave-data.json
{"header": {"parameterCategory":2,"parameterNumber":3,"dx":2.5,"dy":2.5,"nx":144,"ny":73,"la1":90.0,"la2":-90.0,"lo1":0.0,"lo2":357.5}, "data":
[rows 19 to 37 of 73, columns 84 to 125 of 144]
-0.19690680550839817,-0.29122161356848264,-0.30884006679985554,-0.1802881831271731,-0.19190028664122372,-0.22743570705235513,-0.30029966711403216,-0.3042422923324519,-0.35066779897876066,-0.25741717457464497,-0.3066892098146424,-0.35698444580887,-0.19471681114192996,-0.22113047472226993,-0.23504845500791635,-0.2155640630297858,-0.3484979236910514,-0.331964417351524,-0.25220773188589524,-0.3301430738472786,-0.18142951718800687,-0.29142629356885635,-0.20373035189046368,-0.1678255580929026,-0.24896255097187328,-0.17240553024614363,-0.24015521845719723,-0.30357221059688383,-0.22312856914703524,-0.31374553084899953,-0.1872734869949233,-0.32490985330978617,-0.2585828737803216,-0.26495828923578485,-0.22621480313231013,-0.18375505174647372,-0.304377629771912,-0.5634626204073266,-0.6010862931231232,-0.5539925487520135,-1.0988364724440702,-0.635466523040852
-0.35892789297725075,-0.36465176022450124,-0.31513600628607286,-0.17541567676132985,-0.22899970299084937,-0.3406913236454678,-0.2840866521933323,-0.19940844375905942,-0.22250899065336163,-0.27339685325779334,-0.2950975798194009,-0.3117944642989672,-0.2943469678788378,-0.1892898429816993,-0.3086236517037774,-0.24258824221202033,-0.23760693315146744,-0.30765214624748316,-0.32916783456605925,-0.28010563727744553,-0.22511750719691678,-0.35807256254895153,-0.363436523845303,-0.270711676406934,-0.17830620602193506,-0.23515866825441573,-0.20139063382469696,-0.18997354364383165,-0.3493263596593824,-0.18665960944772156,-0.26794498566743163,-0.3703670743264991,-0.3095453459764072,-0.2625900434607754,-0.35383533629328434,-0.2728807445588682,-0.3396736613164157,-0.1971214078041554,-0.24600539902136512,-0.35398879504475783,-0.21276338603866246,-0.24656490367554976
-0.46138821078289016,-0.3663245427513263,-0.4112834901653424,-0.3142768287253703,-0.5073390632029162,-0.36646419464699265,-0.31640927681783954,-0.40936103941506663,-0.5966002956873709,-0.410293526917201,-0.3986133436865325,-0.3435896853494166,-0.47457900070856385,-0.26930789895028107,-0.3198073147800008,-0.41514105221915226,-0.4532108757594509,-0.3639411548499115,-0.3000190287622691,-0.23155819301167785,-0.2795484628753141,-0.07767446543405437,-0.12045549591725276,-0.09058845410243992,-0.10613399792668529,0.01027456826924497,0.2037076249474271,0.10390874472710901,0.20989990401980793,0.08032546172123672,0.17949781508637497,0.4124948865473343,0.2908048371327237,0.47633745967573426,0.6373632605637457,0.6597817886460169,0.5634474933146455,0.45097905316258347,0.7276750827116308,0.8152990227581035,0.5387247640370274,0.8080724576277687
-0.38098931031828914,-0.5227617678617545,-0.447479996812491,-0.36469828060458415,-0.3350625722250787,-0.302218837910826,-0.5127357345662397,-0.47545035836259186,-0.4418789729693255,-0.33035608689728996,-0.5238993598541606,-0.5514155906282165,-0.3031727815696225,-0.3233901427676721,-0.24138469874717244,-0.36941061536001674,-0.21617185206287173,-0.2564003752798537,-0.1817962670863009,-0.0806423294986769,-0.10647660559789097,-0.04262305490028693,-0.18396137787154393,-0.1290185991914382,0.1525856314388542,-0.060404547208233,0.11639429826700251,0.19539299099247906,0.3744801264732528,0.32080862308329644,0.3457833456872149,0.19676722575175523,0.48440406563745436,0.33459129907163465,0.5770741527069481,0.6778761125472448,0.6659904403405361,0.7268589483544271,0.6945743968231103,0.7665481309077997,0.7011285523721621,0.5853878999252208
-0.2964636218008309,-0.45833852557009475,-0.596629800235833,-0.42700333019207476,-0.5207824930647938,-0.32429295039797124,-0.343954807972639,-0.5896019351523619,-0.5187809665695573,-0.38935107880642056,-0.356037610836069,-0.3197898878324508,-0.2627736082587824,-0.24344458426639265,-0.3383716722367117,-0.3807320218815655,-0.25378822393782274,-0.22606345554669735,-0.3815472662881255,-0.3789993095183227,-0.24907847181971796,-0.05063323286358954,-0.22834600302538466,-0.05702726017482258,-0.05222976104168308,-0.11741018996962861,-0.035951895249868034,-0.02566687131081576,0.40151014133205964,0.3625719478250651,0.2986719922989413,0.28648682144500887,0.32571767707772625,0.5000702150575497,0.5501831969395649,0.508986449959092,0.4912024427267814,0.4827388323385512,0.5235415899589534,0.6058830736863718,0.8096257853902343,0.6870592031883879
-0.32282700282694776,-0.37445132330016817,-0.279999311836568,-0.287622153517286,-0.2472032484212745,-0.24700221516023743,-0.3674699930689451,-0.3984993497911,-0.2935129864246115,-0.3795242476288751,-0.32486721907412064,-0.2563312296193274,-0.3174325321480599,-0.3570536506452399,-0.27407752420159665,-0.33076963915260216,-0.3830310186433645,-0.2859976611143451,-0.38179567840950507,-0.38556231923358536,-0.3732342115910283,-0.22971758737691655,-0.24472507008486433,-0.35200078255397027,-0.37397914435977103,-0.3937089763720283,-0.3632003018407518,-0.30467196777843164,-0.4021736529398972,-0.36577053454337033,-0.2926008948167414,-0.3878467128100668,-0.2645168301536508,-0.28197804515509495,-0.34629454949010646,-0.3246261700318817,-0.37552888937783363,-0.3981845770090638,-0.3999973311667732,-0.4010015484920915,-0.3250841084303719,-0.3289032248466388
-0.7496619234405462,-0.7370987777246645,-0.9328801980590335,-0.9288223508445008,-0.6445309869597621,-0.6642938667553605,-0.9633946817343287,-0.9504057422754825,-0.7848605476858547,-0.6650333988927023,-0.9384548103824354,-0.7476813986780652,-0.7994007822833401,-0.9286484650007358,-0.8201289070345548,-0.7605651175852718,-0.6760391670625266,-0.7426681271172307,-0.7507539864792695,-0.8018713735843154,-0.7570135423167134,-0.7422958651101907,-0.8504155601341205,-0.6865722951842164,-0.6595926787272901,-0.8020554780146162,-0.6693091218599513,-0.6166037623112686,-0.5631629101315148,-0.6651440836758242,-0.739280091194641,-0.5674410655871505,-0.5320339685844976,-0.5609298065972084,-0.6288715388822704,-0.743461179304954,-0.7033129702850969,-0.6744747483963832,-0.6427686894107123,-0.5270979110527976,-0.6026703738579146,-0.6043481752780466
-0.7345525996266179,-0.909501317261205,-0.8308125689123557,-0.8861844394833617,-0.7977887842649036,-0.7914684335473237,-0.9119845955695199,-0.9332997995396255,-0.8326115018130855,-0.7811155311129716,-0.756986568922432,-0.813571172386123,-0.8303251967660064,-0.7405334214142932,-0.7480589349150721,-0.8752958219722502,-0.8786806172444821,-0.6761970101538581,-0.7633617069984261,-0.761185964589633,-0.7611862271535755,-0.7148676608229041,-0.628312405513988,-0.639845744577818,-0.6502316193863745,-0.8356592718974719,-0.7142654059665108,-0.6241328908380824,-0.5358781366222424,-0.6112541021547925,-0.7279030515229643,-0.721143537967441,-0.6550760688509394,-0.7553196185800412,-0.5163967933151167,-0.6579666459005319,-0.4789328849214374,-0.6750884732975796,-0.5752860054657236,-0.5975576481667593,-0.5434335694881168,-0.7134406154302325
-0.8765710118577004,-0.9144005647073438,-0.9682134690500732,-0.7928502459007377,-0.9322889315978741,-0.7910353743090452,-0.938145190073459,-0.7124850964330077,-0.688567345458592,-0.8626375698233607,-0.8696031603371291,-0.779926762237256,-0.913897598481758,-0.8580039496019515,-0.6376018370485995,-0.9609537772663717,-0.8153871919808079,-0.9080293403165661,-0.6986050623639345,-0.6920058018310931,-0.7708194606551162,-0.7118419822760281,-0.8490638994664217,-0.8334188312155915,-0.7089353289295719,-0.6735256289198199,-0.6581598263807135,-0.725964638721669,-0.6806294320617187,-0.7570001043848742,-0.6589209722694017,-0.5520424927990645,-0.772846423203557,-0.5227736216596995,-0.6339832180717695,-0.517651380827854,-0.6419479838967297,-0.7405358345000054,-0.543719780723014,-0.4606497779034715,-0.6725852704618459,-0.6392873044227185
-0.7288291616840847,-0.7531766052951085,-0.7219725851271365,-0.9246339346922551,-1.0153876343616886,-0.7290825553157985,-0.914457580300369,-0.7363120560059838,-0.7432593690035827,-0.7516305871924274,-0.8422990837357568,-0.8711630782026574,-0.7129705688853327,-0.8097483767645466,-0.7623417716683278,-0.8425687864740083,-0.8398908929074709,-0.657326641744588,-0.7406661329936336,-0.5989918701640792,-0.7975638241593112,-0.7951435341595513,-0.8260893864585077,-0.6542124941798291,-0.5676800004830147,-0.7398553945545859,-0.6495511347622484,-0.6371966377788039,-0.735882678481828,-0.5573290069942245,-0.6720928866770932,-0.6012309110930355,-0.5888445545262477,-0.5996138545982763,-0.6413205409744988,-0.6236362963759053,-0.6604680774181393,-0.5944734465475987,-0.6887189213822983,-0.6643556289865287,-0.6553279495995121,-0.656298585346094
-0.7253757850801918,-0.8113847250412811,-0.8914007250254559,-0.7749234034155456,-0.9167439851751611,-0.6874453649926993,-0.9313063655778384,-0.8301619480407963,-0.7297779203955864,-0.9800288407490029,-0.82142909847622,-0.765432096344325,-0.8486665002090119,-0.742708225067838,-0.6876420496643075,-0.8283751012656492,-0.8041437210617567,-0.7071440290146533,-0.6977289722570104,-0.6683767534640137,-0.8122529662548874,-0.7490998256302556,-0.8105639174065299,-0.6839044966324198,-0.7679249916254118,-0.615540651143926,-0.6693270033791433,-0.7386469162358683,-0.7847453573271903,-0.7771341173557725,-0.5223398572731321,-0.7647265684298491,-0.7789898895187903,-0.6520606155423239,-0.5052296755718308,-0.5722567849063458,-0.6213056168913267,-0.6222440718045238,-0.509299535722263,-0.6173554741805846,-0.6651607413137837,-0.6695510863043952
-0.40671708040661486,-0.4425714714316295,-0.35924601756437036,-0.37768837681859546,-0.30290865933798844,-0.3152714343366587,-0.3661300543124348,-0.45714158147908485,-0.32556555870440895,-0.4131455497983329,-0.47613678198989323,-0.47179311217479053,-0.443743245470443,-0.4701638268389359,-0.43535667950918316,-0.44544102517361084,-0.4376908223586286,-0.439532525286347,-0.2877559732354871,-0.28746210788169685,-0.4249478075753961,-0.4066524711341056,-0.310397201778761,-0.4466905159105968,-0.3346115977927926,-0.42591625730034244,-0.42006015068479974,-0.4744104717106544,-0.2911009420074515,-0.32565597823646675,-0.46554645027010366,-0.36938617420665715,-0.4187980381904698,-0.28761151454174533,-0.43365506408385157,-0.37810644574218605,-0.3364345976343467,-0.3829029610523108,-0.3574829637366524,-0.3695318954928441,-0.47423043303075024,-0.4048230410199986
-1.1281867082831354,-1.1021041639346072,-1.0643830721099963,-0.9598252462404431,-0.9491584681921763,-0.995273382916415,-0.8814072465591603,-0.578876209147127,-0.5349715821080949,-0.474920655201308,-0.2657295374169733,-0.35671031403935566,-0.1279857395205556,0.13158146519998237,0.4971756449546139,0.4321023174650172,0.6784132028320509,0.6521773594344059,0.7629906894070985,0.7516543682467686,0.9119375803328994,0.7269416350001899,0.7270332626393752,0.7338399660428983,0.8458408021665978,0.8699632276306712,0.6214209020459951,0.7483086556675422,0.6306959895367542,0.5117673667767594,0.5052392247864597,0.33505857797072397,0.30932537368869173,0.24106148153282697,0.14076751745031926,-0.02056767454679826,-0.08429616013147519,-0.0679552147819824,-0.21448624018300988,-0.14258505365099614,-0.18727331446364515,-0.3122624407720631
-1.1406102611382345,-0.9786232774572212,-1.2359257501505208,-0.930075152273382,-1.1464955817330003,-1.1412805922718725,-0.7892983027097811,-0.8966698692058841,-0.7078021869657505,-0.5343244600335887,-0.5639775836254579,0.015043484886313983,-0.005317236272819369,0.30162792758096596,0.1285977049705901,0.41045909097729527,0.6085545602131257,0.7028840359144366,0.6586839992297248,0.7034901497834829,0.8582484861295975,0.9167783672782128,0.8649490315466857,0.8321932771247061,0.7280972378620717,0.7357023937838189,0.7259870592916798,0.6126614524522348,0.5492423346318314,0.5595357036642186,0.3958388122072188,0.45936988632343434,0.21556959414012064,0.24956555556384255,0.2674176594041648,0.14760764112116856,0.06581001702351721,0.00392213172918198,-0.052559789554018264,-0.14697824778288804,-0.2134539175238072,-0.2106109530884425
-1.0121386034177442,-1.0997465205145034,-1.218967295474932,-1.1040725865690153,-0.8361626651708893,-0.940239052270215,-0.889643189599476,-0.6156850749238532,-0.888008680826746,-0.6097799565361853,-0.39686249172592797,-0.09593984322494366,-0.13616755265435326,0.11666986816960356,0.5404334954353065,0.4658732350618962,0.6365375689717071,0.6320455430095585,0.8388476471069456,0.7372015102624524,0.6895131949876312,0.7120142783222584,0.9689223474098335,0.7443131334554101,0.8054075901507936,0.7151876784257601,0.7630584127695134,0.789462355995323,0.6094539558852764,0.4731945140586603,0.5409505631488501,0.46129384783462185,0.3150794157003014,0.2591229966835226,0.2149539158800375,-0.0066028587814373615,-0.07309881349142988,-0.08275806316685935,-0.1017377016093655,-0.23220097437014084,-0.1611063530403658,-0.35375601769300674
-1.0281022379439597,-1.0641532653846257,-0.9728453326416817,-1.0683860435794315,-1.0803207532702395,-1.073692341343336,-0.7656892968608441,-0.8299790483664933,-0.5363757393793054,-0.47371537577704714,-0.42709300778329257,-0.18968539913824212,-0.0772790094438108,0.18461820298242554,0.2714318380254076,0.43202337700827187,0.5197083467012139,0.7426645292379443,0.7346217661995162,0.7582730941357865,0.78355496652478,0.7262145594779682,0.7304609333275457,0.7195901963996962,0.6832885899425045,0.7115222785040465,0.7487343678077205,0.5597775751591543,0.4761668426257228,0.5254225788746116,0.4864812536618512,0.38182445600559906,0.3570123742520731,0.2007704015170457,0.18784452764024084,0.11615276355709742,-0.04216636947958362,-0.06821404141507753,-0.09571600251993526,-0.1751631775164574,-0.2134313904374985,-0.2725599448672431
-1.215592268672086,-0.9287680371577463,-1.096693175237188,-1.1157501069765323,-1.0903337425136412,-0.8276694646241083,-0.8625959123649047,-0.7567628180337261,-0.6020658048522622,-0.5672670613434668,-0.45796777396839927,-0.29135156424577685,0.06748335376619687,-0.042143014176177496,0.4055983600264064,0.2540063760951599,0.509272739670428,0.6645866314977831,0.8563270042332641,0.8111116544504646,0.9337161342206777,0.9371295406568227,0.8152647794745235,0.7250564624122189,0.73460987324081,0.6694335632240652,0.7835818194407895,0.590025690159932,0.584953275650266,0.40044629789594455,0.5557170134399344,0.36075249269088655,0.2960397002695299,0.14624734498375094,0.20074492865367258,0.12097139387155295,-0.0765389457008264,-0.03569861878454064,-0.06227914926446623,-0.1244581545818909,-0.26536807610607305,-0.31556235141887856
-0.9808857018420785,-1.1088658917960206,-0.9974478532937676,-1.188514088743558,-1.0950546918253152,-0.9719022106209295,-0.7259570043623749,-0.6576606366292791,-0.5074773062979324,-0.6772563866362092,-0.4996435260485082,-0.1419032324891567,-0.15128869705217837,0.13210297349010225,0.45071503105433325,0.5302049256661319,0.38238131431201866,0.741588676908213,0.9023266851307307,0.7123024128568117,0.8090059997273048,0.8258223187639674,0.7892962219664456,0.6768062718705667,0.7150954226062024,0.7494542270847194,0.6967489166235208,0.6742619840330035,0.6384233074951308,0.5438557444293985,0.3531071152781993,0.3719261437621396,0.4019834665331654,0.265649128446687,0.21388464822532124,0.08389708240029381,-0.043967268896177976,0.01077747838038661,-0.13930029063850097,-0.16642933426571313,-0.28345172215822545,-0.2592176431253612
-1.0628091856454045,-1.1267951869468105,-1.125315632276452,-1.0089325913387626,-1.0840234296159779,-0.8963426891031118,-0.7745005434993485,-0.6922229058130454,-0.675982985922891,-0.4585066457499076,-0.5780945999502352,-0.07124720576140724,-0.2113017112115146,0.19250517461935843,0.15543211095314238,0.4811453271800609,0.6603484968762853,0.5091881552397868,0.5594898313263913,0.8128021466005001,0.9296865580976386,0.9050270092109195,0.7639667242150067,0.6847615795192576,0.7027383984772582,0.6550704647598055,0.7113660845017551,0.6034339376749284,0.6425762934529095,0.641922697762008,0.4044856318542847,0.3123383813951739,0.20826493233652785,0.21176012478239045,0.07207341451994738,0.13587766610092386,0.044688184711633,-0.06765249466709002,-0.19406114103932035,-0.2568662318470671,-0.263529010748564,-0.2460223085809283
