gfs-wave-data.json
{"header": {"parameterCategory":2,"parameterNumber":3,"dx":2.5,"dy":2.5,"nx":144,"ny":73,"la1":90.0,"la2":-90.0,"lo1":0.0,"lo2":357.5}, "data":
[rows 38 to 56 of 73, columns 84 to 125 of 144]
-1.0875420186651579,-0.941259960135896,-0.9980581820466837,-0.8724718132510797,-0.8447101151359373,-0.7618645656849183,-0.8270800795217282,-0.8129463734332034,-0.7859996244136821,-0.4724709086494015,-0.4201272552498889,-0.21152385554112918,0.16611775125978598,0.19589302931039035,0.4786931553214028,0.5251783116570777,0.6654063534030652,0.6432765286023547,0.7626520849000888,0.6989931951624752,0.6057292649817316,0.6581728470933405,0.7488126484330798,0.6751908130665373,0.6709077718661448,0.6360963179067501,0.4899052388276956,0.5621276436961737,0.5867693049714241,0.44702324515613007,0.4032575505564754,0.35610212656525875,0.2952307762350261,0.2866601864600396,0.13051656801439562,0.06146553289959629,0.009819984863857491,-0.029250535737781587,-0.11635406048379289,-0.23560648116029748,-0.1844935786176103,-0.19775047014255392
-0.9210228908239353,-0.8821101161905648,-0.8859179374158619,-0.8855001841110429,-0.8985273840421129,-1.0077279257337355,-0.6028959588216155,-0.5748051029786001,-0.6466243148830954,-0.5575841130067342,-0.3630001050340094,-0.22446036348068804,-0.10099941787124238,-0.01279892102296996,0.24840172589730972,0.5327816041092751,0.4411669077081735,0.6329858952688395,0.5434735997468069,0.5393769731217244,0.7812012352243013,0.597498514495167,0.7314250243947179,0.6524570353424167,0.7120956852211836,0.6634173181095142,0.6810509218914786,0.6308993356521531,0.5878426865236515,0.3848120969875205,0.3261762469398506,0.2438257097532491,0.180022248485221,0.2505596679827734,0.1561084713787985,0.09350895885435422,-0.05420126214943535,-0.06013681245611896,-0.12696382585973254,-0.23402810746715308,-0.2646123645205318,-0.19168932945677325
-0.947056206957146,-0.9341416904535959,-0.9856655125078894,-0.8130708486251524,-0.7597473245815258,-0.9864381027980338,-0.6692521389107152,-0.839351283892914,-0.5173597684174307,-0.4394877594537125,-0.26638147163317033,-0.11464953192249983,-0.15833009864324538,0.2921962887259563,0.15793159220647604,0.2614017266606761,0.6731272973960531,0.6020122453076329,0.7053542418867528,0.7297392031363515,0.6612652794004477,0.7326092598673504,0.7471349054797263,0.6812641022626778,0.6597311597566891,0.6057380037250091,0.6179483991577062,0.6387696223723166,0.5208690582858819,0.42339805750475046,0.3463768881365899,0.34253774944831766,0.23885775692957478,0.22798558335790226,0.14674452205778477,0.12402894882281151,-0.03574798038026147,0.010397135829384618,-0.18311807878361488,-0.12075649483962851,-0.1626532332313743,-0.30848362947701485
-0.9364723564799975,-0.9887933105627503,-1.0912020972489864,-1.016554120492174,-1.0225498066283767,-0.7944896807535136,-0.8467547524513623,-0.8725607069391174,-0.646835517615174,-0.30021570279923515,-0.13222992142806228,-0.19751589823124732,-0.03983584136286218,0.0938986379912453,0.4295264561455788,0.6026743438403857,0.5751054921363961,0.5912319487145659,0.6874889466799033,0.7282365113959987,0.784981414291681,0.7000572962823243,0.7710342508921436,0.6737836442720467,0.7581214067374596,0.5036531304553385,0.5121903290145943,0.6152164001022048,0.49299269494671794,0.4049418256596603,0.3128137798807768,0.32658429514746934,0.28001335552968837,0.15439005441524054,0.1391102073777388,0.0331563960322248,-0.08325733382772069,-0.11618896587529731,-0.09683772729992803,-0.09893831732444763,-0.23527922916595795,-0.18088605041919517
-0.18059571942144043,-0.25754760821102407,-0.2225219197766478,-0.3033457040099627,-0.2660282650437556,-0.33392165675987934,-0.2389691523007639,-0.19006517911028348,-0.3363190474356351,-0.3199394931824812,-0.2327523701847031,-0.33508074265274623,-0.2215208614646413,-0.1920405720041849,-0.28796427226246746,-0.17928997593405852,-0.17352169929443068,-0.2730317956680677,-0.26930750986544255,-0.2405880730634064,-0.20033703301911138,-0.3141633651109248,-0.3209176892021074,-0.3302067688458555,-0.2872131767191553,-0.20554318577519787,-0.27844427517126,-0.24396800017567316,-0.34249620410492493,-0.25569826648916255,-0.18182537802688642,-0.28365554561255324,-0.2767761054181037,-0.29656503355098635,-0.2616214882306267,-0.22507373823903667,-0.3016840226917453,-0.1830533014758737,-0.1910511190968713,-0.22519777992592396,-0.24219567432993927,-0.1538554614758698
0.4821266573184479,0.5626711509948821,0.2139445878891661,0.37021359424173705,0.34775397208459213,0.3300104312791629,0.41236539347013584,0.31255891256936136,0.21784899741205538,0.1347153064013188,0.19845786728080278,0.056502788283850254,0.3305797284441447,0.21377505893510834,0.12039563366733046,0.058017784685948114,0.18326058339211476,0.30008468813392875,0.2639251545432809,0.16348622647547228,0.14449906448993796,0.11904032450437992,0.2552766508942273,0.22875729963257216,0.19906179386394945,0.20399133135411876,0.20110379495934533,0.09109898181586194,0.23081702539928384,0.12818236205811637,0.21327713436513288,0.10297120264428436,0.17282167810565444,0.1792560545590122,0.15099233450631044,0.24305216032393687,0.23790367703060725,0.09172422004578316,0.06897683153721272,0.06622577392563626,0.0974498052685736,0.2523803671953474
0.46843538587577715,0.5374409021197231,0.39176554970701666,0.49244734760067554,0.4515181591783078,0.3656710490825823,0.3167722285509531,0.16587682482530938,0.15067938781930174,0.15395552542160945,0.320715687664382,0.18127133399406095,0.2723581413674731,0.2515207417466331,0.23834402612488645,0.10524519367608731,0.32574943656617045,0.0767899746437447,0.2594259607733506,0.03702232939218516,0.18980673240396437,0.01934429888778526,0.1016110740660596,0.21991801496164903,0.18457247428162382,0.2030301199949276,0.0938896375930282,0.1980756500675599,0.022082744502641666,0.08774055637200046,0.09982264932581407,0.20128753863309728,0.01810410438929263,0.18584161563389373,0.205428944883587,0.2052122720024974,0.23307452541317727,0.10603612967457132,0.2121155161747659,0.05446241171390482,0.1907524581066684,0.28277520562379294
0.22907696913829184,0.32541778217879397,0.4412279306637809,0.38224645273146607,0.39319200769714874,0.223578500040708,0.20991654930666329,0.469338044840223,0.28308141969442535,0.2006417886475357,0.12877784309971316,0.22574113931061943,0.3743428042870881,0.1264052618894922,0.19414361273352626,0.31460641684100077,0.15361636803919615,0.20598228642692043,0.2734864146240931,0.21652436354783694,0.20204827011058024,0.10048880671243023,0.09935102000748251,0.055250266469619044,0.11962280097564659,0.2722395925678213,0.1134526876549995,0.10155004093463019,0.016894381273584436,0.24956136360071915,0.07658751178199366,0.11030774312049613,0.06408012158973622,0.056179203631954965,0.0940115905285804,0.22335316018007334,0.05448933889963322,0.04147476209558054,0.22048791891100064,0.2589695188502422,0.08325057221820728,0.10285059616604648
0.24428657477123356,0.20141251513526107,0.5346815752180234,0.329546831502193,0.4051849402605708,0.2910744595537063,0.2524247659955822,0.3664858729185891,0.21374364783745653,0.3657761625901051,0.10275338378083561,0.3991225515106193,0.34469101070446534,0.17028071639573006,0.08996015344275692,0.2614897709983465,0.2874867470088832,0.08798347098348586,0.025426188183956016,0.2434483502618456,0.21329624975090158,0.01843295263021133,0.26805308228608876,0.20379165189000667,0.1945023080324257,0.20605420751712944,0.10626739370511128,0.16203103147796835,0.1586345704025559,0.2146046721707988,0.15448832053739173,0.2019322991025563,0.19149797613391836,0.24172233402634338,0.19467461462953886,0.23908469453197512,0.22819150419021908,0.04509435671377905,0.26083511689065075,0.14550682040853477,0.14665899905295132,0.17336195313526892
0.33131470732116614,0.19136778591278647,0.3107608375262374,0.36006519487156824,0.13569635088509804,0.18316528817461428,0.23535311405391868,0.35720601572527144,0.10129399240669171,0.2849846234235221,0.17752616333703808,0.3605206065846326,0.27745326536085874,0.05463851219202391,0.3231969790447152,0.31642696484875316,0.17984003682381708,0.12873569050960784,0.2477879588849101,0.041891890597009145,0.16989273269443714,0.17365551685383668,0.27296189848754854,0.11166002467159358,0.11560619851823817,0.02842398626143073,0.18323752068333166,0.17301655837513888,0.1761337288420965,0.23242790016318354,0.017482010286714374,0.13997489899567617,0.173728738994637,0.22881276314221813,0.11788958904077351,0.0850051551601145,0.04483023233057053,0.2892734169788631,0.06911536584711234,0.12218822250147215,0.14327094238934077,0.1130749091113832
-0.17900894973723797,-0.15082166217172585,-0.20458564643723362,-0.22148721221094728,-0.16569443578337464,-0.09979689488931277,-0.08169577851482357,-0.07474926063150529,-0.2605587003834873,-0.2377005405973218,-0.1651566103371219,-0.24618040617487583,-0.26732060968359417,-0.25130056984300797,-0.26153642098680313,-0.0955740573607264,-0.2634685428990963,-0.10556642771185881,-0.10473965254293438,-0.14691495248727435,-0.22015389797774454,-0.20417234093657768,-0.16349563350003377,-0.22410947505654363,-0.17334814089427028,-0.1556419481093567,-0.10856095650281579,-0.18946928700874874,-0.24554687632984717,-0.08586099605331142,-0.12144471788136636,-0.15894118753110706,-0.26052906111863866,-0.11726572238643035,-0.166844877123911,-0.24727686284994033,-0.18925019952686972,-0.19244686808233072,-0.2014172735931229,-0.24727278824782098,-0.12462022244279349,-0.255316030040858
-0.522129283916322,-0.42871659235781095,-0.2693065814799426,-0.27511296695403653,-0.35030186102521665,-0.370211059482038,-0.29883824433839357,-0.3798726348780405,-0.4776567335351947,-0.48497381427782704,-0.30106287148083105,-0.4080267068204311,-0.22991936385827894,-0.2355228526129972,-0.3210423546739032,-0.3299355264960392,-0.33768964596810375,-0.13231467256212273,-0.2839471986992899,-0.27241356569808245,-0.11919154129014935,-0.13903811072794786,0.011183169609833508,-0.12837823308969562,0.07444689363375297,0.06703758125956141,0.23546976817831952,0.07698765503507592,0.1394622420270814,0.3872831088172355,0.13231361997098848,0.3931153605045296,0.5410992672974861,0.5064596295905665,0.2571603780911065,0.5746815029067229,0.37692057841851284,0.5756503309431156,0.6203507501852763,0.714343715657502,0.5181035924557671,0.812022294615216
-0.2632951145952062,-0.3080802780256775,-0.4965160675645314,-0.3603911373368,-0.3271529928850526,-0.43186350802020435,-0.40227512175395475,-0.3942715345183399,-0.5298373616373282,-0.3187149315121418,-0.2729164675207144,-0.43394170432355794,-0.3773139211899511,-0.24122217767636034,-0.17629890891318806,-0.2762598887643369,-0.33505465619239927,-0.15551020129836934,-0.13381617975592391,-0.1101912861237553,-0.09649107271401804,-0.1325237067634189,-0.13945060151204425,-0.11847526985174069,-0.10409313251767524,0.012749078233697623,0.00721963788248117,-0.007676204548770115,0.15565759875187954,0.1040262387532529,0.13280428676127423,0.41468995373228185,0.29751807696497684,0.3068085944106725,0.4530821198319984,0.31513946035422685,0.4946152141850601,0.5345925082983044,0.472447614840454,0.5662308905281821,0.41316663655013797,0.679767567786851
-0.3587297984085726,-0.265755213509465,-0.2690749332059289,-0.4133005276477158,-0.3832450212780805,-0.4051271452531451,-0.3224502804457292,-0.2587620469252492,-0.2972311591297562,-0.3542235758109513,-0.27155166589333046,-0.41497021842774956,-0.1815860290368184,-0.377722543756864,-0.3866986500873136,-0.15638121001024524,-0.3463297702413188,-0.28652262731408124,-0.21191550349557856,-0.07553538658286663,-0.018390657435148654,-0.21376752809897312,0.03722540597255175,-0.03772008152118249,-0.011432234559569932,-0.027983063899290558,0.22538484749411308,0.1433827682308238,0.09902405756374408,0.31772513545732317,0.4303037504771779,0.35935438231248934,0.19183431468853188,0.43196848080378,0.44921874006361623,0.5464688894691467,0.6046251612357892,0.37527301456271767,0.6640462859258119,0.7636447620077966,0.738751720632739,0.49673034530313065
-0.17141025184642092,-0.2317258337670156,-0.2203990974716907,-0.0676049304884777,-0.0755565420314201,-0.06599469172509338,-0.20204783964604134,-0.18285302271483297,-0.12982951171193213,-0.160769995998266,-0.15120654084284044,-0.11564968858621383,-0.15511322314860396,-0.056586841409024986,-0.07413006267822428,-0.1717789734176141,-0.1319372107645159,-0.08180510718274987,-0.10048230324384906,-0.21760512446323882,-0.14684876937701136,-0.2296058050067244,-0.19495452254195367,-0.06999679669150552,-0.13382997269556124,-0.14620676155650736,-0.11235257213294819,-0.21906951820186252,-0.1124762160696133,-0.04072090100180601,-0.21959064234334832,-0.05287186872402936,-0.03852950331027668,-0.19335580249049666,-0.10017745280647138,-0.04894101509293389,-0.1382261639551983,-0.14740016927233612,-0.1491288727345507,-0.18998755676646295,-0.05980944945838011,-0.18073624757193674
-0.45025243558638856,-0.582517838817386,-0.7844473904565578,-0.7578415660732757,-0.4790756368694909,-0.7544991985067375,-0.49031005966590024,-0.4678613331687055,-0.6332676792356575,-0.44746119072180723,-0.45600433201741636,-0.6851981678346685,-0.4381821137126235,-0.4065627826673487,-0.2655765003385696,-0.29952125668512325,-0.35145197150128865,-0.1411983694603627,-0.1568595563638909,-0.33964422149277523,-0.17218933517497773,-0.18253494501180414,-0.21908033177877728,0.1468357218064785,0.004352976357050672,-0.01848305315728247,-0.016690072649653852,0.12330512033596515,0.11141986921001182,0.2052143063235954,0.19413679140110815,0.334937157395259,0.2792433316532326,0.6122876995217881,0.5153221573137665,0.3500737334303645,0.7312659103178427,0.5867872604140026,0.7245967724232913,0.6822771059807208,0.5478695194955503,0.8324707804960553
-0.43844223442526264,-0.5466510194254338,-0.6400999298473746,-0.778725545780611,-0.5427662588645019,-0.7707415167604261,-0.8473527961810435,-0.6923191754253144,-0.7251048776750189,-0.4459372241252964,-0.7220264328867091,-0.47154049251312946,-0.47891471824173115,-0.5800298879602502,-0.5179149024768424,-0.30613271157796323,-0.5240848923263293,-0.4491730818229374,-0.4314464933517008,-0.22198936411923884,-0.09591845699565352,-0.13583328414956894,0.008456935077522579,-0.15227040973722972,0.08707553336914886,0.22918269167433808,-0.021107668036310274,0.04018378600308017,0.07754860076227799,0.22035085972852253,0.3740609154925452,0.22658278619104094,0.2469042496908694,0.3306424396733458,0.6257009392091002,0.5467292260556291,0.6921468511830857,0.6086748537095069,0.4194979027064583,0.6399428988764104,0.6302016785936406,0.7222895356416104
-0.6777250892183557,-0.7106530069538393,-0.7928498323758519,-0.6425217107420796,-0.7752527629981336,-0.5043740987631478,-0.7274715108231266,-0.6019317962900701,-0.5310874072257614,-0.4583672824810831,-0.4191953369857277,-0.3832508666177902,-0.7141773448550311,-0.36255322988041255,-0.3395309008460248,-0.45094928989597566,-0.21840644226349668,-0.1830013392757659,-0.10952699087249419,-0.1508954545719961,-0.20013918560340904,0.030534404627769008,-0.02627187055875436,-0.22792897129717532,0.17198326168584538,0.13120101838550732,-0.04234815500675568,0.26807598362496216,0.3289595832555638,0.17193733217555518,0.32406268798246185,0.31829387617252314,0.6036351813571106,0.2882196938695156,0.4358939248646215,0.5223375074191579,0.4923620484991442,0.5386083961696624,0.6011800015072947,0.4566347542156204,0.42658146563746213,0.721651151855141
-0.47280464167546354,-0.5035543110127239,-0.47476009172406514,-0.590178179377315,-0.830294510172603,-0.6118899990344854,-0.7058488090933895,-0.41380926921157596,-0.5056542684635359,-0.5002255213491094,-0.5691433959634062,-0.35851226368473077,-0.5275873622768249,-0.7243934134492153,-0.5705039653707883,-0.23089684170656483,-0.3669208440861253,-0.439914036107477,-0.32054437963050514,-0.33823911295708947,-0.15314771676911526,-0.04148028937678066,-0.17124492720749088,-0.20119078340474986,0.14631958814727145,0.11155796858910609,-0.03324775212383643,0.13203757021548815,0.28849929269453145,0.31980904595225224,0.3422414672412481,0.4287248277665849,0.4260125685161019,0.3826354783171675,0.3318070019077002,0.49125911837409236,0.48903972287244935,0.6865671944982477,0.6609489901677303,0.6214537215687618,0.5506580895604907,0.5465994399459345
