gfs-wave-data.json
{"header": {"parameterCategory":2,"parameterNumber":2,"dx":2.5,"dy":2.5,"nx":144,"ny":73,"la1":90.0,"la2":-90.0,"lo1":0.0,"lo2":357.5}, "data":
[rows 19 to 37 of 73, columns 42 to 83 of 144]
-0.006579590365485267,0.008433362315250095,-0.0025708588190187787,0.004923330905461518,0.002619251946257586,0.004026707864314148,-0.006176152138685041,0.013356043236348092,0.0035370395060096583,-0.031236472029740607,0.019468520610398023,0.016487155093959503,0.0019166214151190364,0.0034016826847760237,0.0022823580131867646,0.012653988861023617,-0.005776844787017853,0.0004567586538363275,-0.013892610154010679,0.0016516656938149014,-0.0008470968714392075,0.003975108854779743,-0.003139784167136622,0.004358953322654513,0.002116796040219329,0.015968321878109665,-0.0017238278427903037,-0.0014940760998785126,-0.003178340972558059,0.004183076848001321,0.004332423317557412,-0.005128920179958101,0.0048135191195485495,0.00017070318075565482,-0.011201597941416837,-0.0057949684349903096,0.0004129147810515381,-0.00315072825434018,-0.003548922237583966,-0.004113962507228191,-0.0007838842308302614,-0.001657180572620614
-0.0023456445816283484,-0.00878235033616181,-3.683892943599399e-05,-0.0060525585524499,0.002294066381264688,0.005825242295295523,-0.007918249024753883,0.02379976189563756,-0.0021758973069864133,0.0009439901400801044,-0.002016682561433927,-0.007566176741020829,-0.0012752721423370872,0.012513604257506451,-0.004039747334539451,-0.02448605352538128,0.011764026733588721,0.009472733078211615,0.01384401336540744,-0.005865921354999191,-0.00842695689276789,0.0005627763238805704,0.0021949659323683575,-0.007186488216054233,-0.0001860852154522834,-0.00915907494316379,0.007267097645115906,0.013761559063983006,-0.013707050824598135,-0.0060899683029592535,-0.009680746633108429,-0.0035356613994483714,0.008564619639769438,0.01149324442636134,0.018657682958581938,-0.010902752040375805,0.005269278198746297,-0.0014627829658753278,0.028939617237122635,0.0033250764813267768,0.014125262325688354,-0.004211285273095831
0.6189346212857376,0.7581866703911327,0.7890487315627658,0.5918493486405418,0.5891422104109889,0.6442846332791308,0.5657975654541506,0.6642833051294244,0.6005054801579516,0.6786356297312606,0.5020763968648896,0.6397956029339371,0.5959734084635742,0.6320968881953442,0.5668351558013474,0.6995946303677533,0.6645478014173484,0.6764680250417873,0.7655476176967876,0.6787335049571632,0.6764510645010766,0.8506871058189514,0.9085693811074419,0.8121568900582782,0.9767523689237313,0.9273328038647519,0.9214098388495353,0.9364904675871951,1.0392221575284621,1.0049123262977773,1.136793254542335,1.0087644365118817,1.0026540969904896,0.9965744899624476,0.9690346925678819,1.005489332933134,0.8847871014574621,0.8198582682402447,0.9425055091063544,0.7894219548481912,0.676496664187112,0.7762370400522479
0.7183779483530126,0.7322979528230947,0.6008913577351985,0.6517225388722312,0.5288715483468841,0.7303410587290264,0.5089402629953009,0.5157127423078078,0.7228479089395484,0.6940580740737886,0.6410010174322269,0.5914754643582953,0.6561580004680874,0.7035795833482126,0.6025418530504757,0.6525656274863775,0.6565944023046365,0.7846337611263328,0.6157997730215441,0.8220375762298143,0.7618554369465769,0.9562568634473507,0.9043676955575879,0.8035005308130416,0.852247393159487,0.9309133165770942,0.8917628502733266,0.9121098606833882,1.1326353983616937,1.0275353465181647,1.182669979450693,1.1495524017357652,1.0078424613962271,1.0982801828793591,1.079594045988958,0.8930810731574412,0.9920944051082592,0.8170579885869226,0.7787829414087243,0.854890851067341,0.7700186936258714,0.7789460618106515
0.8066099504436138,0.7791220694495954,0.679974452191413,0.6881283948033121,0.7481765614215174,0.7021791762098808,0.5561213660316269,0.5844485780816306,0.6158793025936679,0.6253317810583418,0.5846415549865249,0.5814989950698547,0.7162405861464718,0.6823204419968469,0.5662831548141536,0.7841924709043747,0.6606591895054086,0.6402658387259885,0.8836749233544134,0.6826971580634209,0.8324480965790308,0.7376095256876533,0.8580556293543125,0.7898977717901864,0.8968656592436814,1.0400393570160975,1.0518783616109666,1.0468514280867878,1.0183249152939156,1.174303269915556,1.025509139315567,1.0112043743840606,0.9737477308206558,1.036673625151781,1.028542238169744,0.889615453596696,0.8422426213251024,0.8306175883994391,0.9234276715757013,0.7438454634443108,0.7006316584394338,0.7739377634585893
-0.01139200088242853,-0.020768708479830353,0.003748884338094421,0.005876219851436192,0.01383625290301488,0.026994394269641283,0.023439170126144014,-0.008660379711351742,-0.004319304112576022,-0.0003864485773079508,-0.007754561267140354,-0.019986165860250232,-0.013389887154564765,0.020516307342482307,-0.015531446826691636,-0.02030279035296772,-0.03182053599754804,-0.024290581295016524,-0.003194552446381176,-0.02882481231229617,-0.017632192283772895,-0.016398794270461533,0.006521028208679313,-0.010207496578458685,0.023201773027678087,0.003100615261314609,0.0073198660001746,-0.016034538280451233,0.011273417539763568,-0.001711807597217809,-0.00042681666156788674,-0.004535104807066661,-0.00568379602515163,0.021837840048261687,0.005118498177233077,-0.005137273249535515,-0.015507310807988072,0.004583808143400391,-0.022610138478857494,-0.01618424619209754,0.015393134123745556,-0.020339196707245558
-0.9733479592951733,-0.8681122405321015,-0.8385402098777288,-0.834938795856189,-0.9384182482059378,-0.924555186002007,-0.9072522556224148,-0.732796373540003,-0.8560119617723295,-0.8855698336836219,-0.7159526350611543,-0.7032699790178821,-0.7107417424204935,-0.8472675040003558,-0.7794903923170484,-0.6639072686073039,-0.735145474152976,-0.6565521980638613,-0.5642911392753637,-0.652299881706918,-0.6328059825986659,-0.6587356932874401,-0.5859043866646635,-0.6816154709136829,-0.5915355847193856,-0.6373199287384055,-0.6185082513117554,-0.5214931920129376,-0.486536477440925,-0.5601042675921519,-0.45161528094130615,-1.078733626537405,-1.0445618318415713,-0.9417284896048591,-0.8890870880825793,-1.0198684454737525,-0.8699542608636509,-0.7867706941512211,-0.8075334171054847,-0.8915983776891697,-0.7928336441408599,-0.9942996833610193
-0.8716670567794456,-1.030289191079317,-0.9884175675793488,-0.7892222598804065,-0.8625269351188399,-0.784408259411796,-0.9221894655740632,-0.8633928820299259,-0.7438658196625585,-0.753876092764904,-0.858675032085588,-0.814703851265207,-0.6963146655083576,-0.6672593473378331,-0.6630271315281916,-0.744555142434254,-0.7375962729648677,-0.6488662621989659,-0.6853082110354585,-0.6275101720542301,-0.5712648137510041,-0.6056367242345831,-0.6049318079372613,-0.6302788323733136,-0.6672978930322709,-0.5278690116894925,-0.5390298421362985,-0.6156394000905638,-0.5943183417780816,-0.49530486289691833,-0.5265921445605102,-1.0155597948602872,-0.9416802648264855,-1.0193222222804166,-1.1123272071957937,-0.7897107594819279,-0.8494136067111695,-0.7700691582632473,-0.9366357975543964,-0.7443925247393812,-0.7249521214359169,-0.6708619224528376
-1.0468288130270869,-1.0081990957044187,-1.0168124839692614,-0.905338619074657,-0.9630710571917875,-0.805600771926246,-0.8152723588991517,-0.9519978686351619,-0.8418011607978791,-0.7112077527674182,-0.8096372729922012,-0.7758488217699896,-0.7607902974519678,-0.8365403630399844,-0.8250977112336091,-0.7124511903615683,-0.697550012508798,-0.7468907604344682,-0.6461011762208967,-0.6293872488252134,-0.591497336463563,-0.5732998679828807,-0.6793218629565569,-0.5327390759293246,-0.5980298325367769,-0.6541865065003779,-0.4888449562128768,-0.5801132749366329,-0.5717548198162351,-0.5038007723703005,-0.5107394482302517,-1.041575111020799,-0.9353942222374724,-1.0007744861316228,-0.975057741451322,-0.9254547875205863,-0.8971842983959719,-0.8762104210151119,-0.7655676619655527,-0.7889346207626284,-0.9429825987938825,-0.7641630230940171
-0.980681127759305,-1.0506693750519858,-0.9582269319296939,-0.940474353025726,-0.8965554680221628,-0.8409159367938012,-0.9197321373407461,-0.8837921789325709,-0.8815964760792182,-0.8497181792035651,-0.8306556414932845,-0.7404062719174281,-0.7179331063584928,-0.7696079701058971,-0.75146804630859,-0.614044545034121,-0.7172435522638834,-0.7564957774535589,-0.726853193650783,-0.6808663663416555,-0.709550334738042,-0.6274951023905069,-0.7028337290260892,-0.6046259840835878,-0.6264918337461767,-0.47235169603946,-0.5994970266651939,-0.6730649387899453,-0.5189446178878504,-0.5866672572801386,-0.6756399045710872,-0.8742589096342147,-1.027485702798144,-1.0111638487448298,-0.9898597157344554,-0.9624737481268597,-0.8783341016019373,-1.0263470832313328,-1.0236002537128939,-0.9057948880142159,-0.8975574959477255,-0.7931891262990558
-1.0495076826995073,-1.0268283371574498,-1.0423007748040272,-0.9222681298635056,-0.9732180057215701,-0.8233807721098989,-0.7708901212955238,-0.944728292597671,-0.8063552741902695,-0.7318202409887398,-0.7393856378160568,-0.7453688859577549,-0.7863878271116713,-0.8235146346421836,-0.8182462425726882,-0.6378801072024489,-0.7718121099900707,-0.7746851253096757,-0.7397076345472453,-0.6827659151811553,-0.6853411770890676,-0.6575850583365972,-0.5275028984688969,-0.5843104071862455,-0.6595036574466019,-0.5447042397392529,-0.614764708222409,-0.5164751072900445,-0.5350936167708139,-0.6060063972437982,-0.5024169142801921,-1.128729700919531,-0.9835777034615969,-0.8870097230359972,-1.0066418710554796,-0.8855206273546726,-0.9729201039217485,-0.8091451690368097,-0.766927316577876,-0.9005976424972177,-1.0533698837879375,-0.9968563946994301
0.016618325972859657,-0.023987280872893698,-0.02424823619752908,0.01853567875080284,0.023903637718046485,0.020265980416032125,-0.02407467488215402,0.011488207922717443,-0.009363091253131447,0.01943151176500359,-0.0012420748159959216,-0.02815010677925194,0.02793906964460833,-0.015512816830771603,-0.02565289939224562,-0.0220689042876883,0.005049753208650468,0.006225147031767448,-0.0016203333971289639,-0.015311136071996502,0.011849095312715996,-0.005471226841303633,0.015949997719389215,0.01344217911471134,0.0021977264288701964,0.003154649297103255,-0.016040464889268653,-0.015223369794222634,0.006833533002500999,-0.009719112037176675,0.02167332609242008,-0.0029919939509256825,-0.02166920238117306,0.018137313260078936,-0.012082001461071912,0.019444478486138474,0.006281410553840784,-0.022110504624181668,0.014743313858671794,-0.013069161327212505,-0.023743059060155343,-0.008260208014467597
-0.30505152184386675,-0.2920384602450837,-0.4596109499718547,-0.31767518688306334,-0.2925941029193576,-0.28588737452915525,-0.433119423165502,-0.4025746137756954,-0.2158073718739599,-0.20677848987453226,-0.29508973683124873,-0.29821408272333894,-0.12080858179895519,-0.25836547894784545,-0.2142920796397166,-0.19755034396758486,-0.18569114590322058,-0.1377984357383208,-0.16939537481906358,-0.1242089575478232,-0.20136508811691725,-0.21972859293755612,-0.2352916482837228,-0.3356266722770781,-0.3516089443886184,-0.3805237218347611,-0.4851835434756481,-0.4938581106641887,-0.5159676513747955,-0.5520903232970228,-0.6731570591413604,-0.7586805571585961,-0.6754199931744975,-0.6338776595506666,-0.7498418592245583,-0.7502342487644048,-0.7347583907313714,-0.6153293015116387,-0.47272152756962227,-0.48864489032712727,-0.47422145753962214,-0.6593256838549172
-0.2875466675062008,-0.2976385096534238,-0.42877895967422136,-0.31131060895552665,-0.3307091586197832,-0.33880591861538234,-0.443451215736099,-0.2928985356025404,-0.3175377751560673,-0.23704216449116625,-0.28653750922756394,-0.16121559170734154,-0.2502001008676592,-0.19956006238421,-0.14451687816004766,-0.17444280795869022,-0.13654506428991664,-0.18783424546486968,-0.12210217889357748,-0.18342588009825014,-0.32724214642282995,-0.20049654127738104,-0.30720599540414234,-0.39759671285376785,-0.31641145741929,-0.384277539560762,-0.5462861042204169,-0.4869126947669755,-0.5225650049711109,-0.6699342343046475,-0.692766803163775,-0.6346784486189818,-0.7659900242322887,-0.7227827997143574,-0.6516292262766467,-0.6724915822863102,-0.6898139555006978,-0.7708012965118662,-0.5924633710809708,-0.5774945243962354,-0.4324219694393281,-0.4184300456570505
-0.44144401649360965,-0.4474337278194854,-0.35684037493080156,-0.35631324842282774,-0.4123900865172871,-0.31822869484375077,-0.32087600425076707,-0.3266267908996852,-0.27136466605017806,-0.35161780520972213,-0.31954223951319793,-0.2963837675474808,-0.29254408539687693,-0.19420555063632156,-0.22072284455619676,-0.23034555676606175,-0.19899052872051848,-0.1478090006240005,-0.20412292276180213,-0.24209091968211083,-0.20691465707576198,-0.19781023853600813,-0.23871494800231982,-0.3201050481859486,-0.3679013899132781,-0.4842870782449793,-0.5534338632890842,-0.5325062801488475,-0.6730742100223395,-0.623889303310729,-0.7871452150144668,-0.8434254548887969,-0.7399931605508779,-0.7420236071063724,-0.7691735650926957,-0.7012047336062669,-0.794575133195042,-0.5344015679349251,-0.5343488570220185,-0.5221419056336943,-0.6200107959577077,-0.6807773628427071
-0.42435266857303183,-0.35365574028897856,-0.43271189819600087,-0.44807797274053984,-0.5116273860883923,-0.38511461485124,-0.4628991633356162,-0.3408014941057461,-0.2899713341174765,-0.31920023779064455,-0.22986820540378608,-0.24327417176529775,-0.21188078458697535,-0.24890858973083602,-0.24189353014987117,-0.16891202222062895,-0.14103456946918413,-0.1862990352645354,-0.1352302237838098,-0.23619396153634437,-0.2211366538770276,-0.2123735021897055,-0.30668541667754506,-0.32610226008989807,-0.3489322138737888,-0.5108366463521935,-0.3934670027195712,-0.6161037805424289,-0.5962238929831073,-0.6669898893614438,-0.7841889775393062,-0.7996462149362923,-0.8188575574559924,-0.7337048856114882,-0.7834356958289939,-0.6909649666324221,-0.6462394878942462,-0.7941179891768256,-0.6539697599088248,-0.542695111029224,-0.48870623235962296,-0.5898419860472224
-0.3823329808180618,-0.46508336006106643,-0.3628763723720635,-0.4243080160814516,-0.46674250286535196,-0.3656055775379304,-0.4604359246155984,-0.32062722066495825,-0.35647340084216866,-0.4137584555137064,-0.29517420326274496,-0.26971230113214517,-0.2118141971152564,-0.274484560774314,-0.15713968285045,-0.21089270021956324,-0.19121311563760682,-0.20587221797148098,-0.17682316185126012,-0.19564493776143116,-0.20638565562386563,-0.17052675528012565,-0.29885114528000367,-0.318023211854063,-0.29053360507592885,-0.4510775516684711,-0.42550173790775364,-0.6470158729564336,-0.7014079219952243,-0.7906806281985673,-0.7005860898885641,-0.835555895334837,-0.8080887720223823,-0.7399494222468549,-0.7862376273401105,-0.6962548439475684,-0.6750422680273833,-0.547775344647939,-0.5948993016715907,-0.599171579811722,-0.551372478582129,-0.45034362511345083
-0.3882872899184328,-0.35417921388732515,-0.4440843715240375,-0.3734715498364943,-0.3849921147865651,-0.47301237204319085,-0.4665972471136658,-0.30059110156204244,-0.39453787207098023,-0.3234473950061672,-0.23266050242790076,-0.223722211374777,-0.2908669752573099,-0.2290275584655109,-0.2193503837421747,-0.2398267926822212,-0.21585560356712402,-0.15723158570847445,-0.1874969520889737,-0.1677135901378897,-0.3559694522533654,-0.2423753324085748,-0.2701710161067845,-0.29096890115202584,-0.43805225336196785,-0.5146096713333431,-0.6064697184336816,-0.540831003715036,-0.6149038980992453,-0.7152086761647987,-0.7949263805297182,-0.7258632018436433,-0.806765930285163,-0.7420121598377133,-0.8454197210695065,-0.5982844250848576,-0.8120542157359174,-0.6091142838867476,-0.5058438393724142,-0.547130516332816,-0.5319602059244587,-0.6211850664181929
-0.4642557295561936,-0.35518702831900956,-0.36290970605765355,-0.40238410184327666,-0.509497198451475,-0.3636241485519024,-0.4962844571716638,-0.4714866549754108,-0.4003511023418753,-0.35293649658620546,-0.25877498995341236,-0.25043960991331715,-0.3493192524723049,-0.19767960947209734,-0.2010015860197409,-0.19672768653386719,-0.26623895177666973,-0.3040040853549637,-0.21154554532868652,-0.21290934971404188,-0.25276520386507384,-0.3063665491960558,-0.34619935821866443,-0.3436590814130845,-0.44444650484593756,-0.42770561686859065,-0.6684439273054006,-0.6306904992893566,-0.6098501625804472,-0.8189178921476478,-0.7917435859197619,-0.8316479325527557,-0.820099554948435,-0.8149841937066242,-0.7115869017560096,-0.6242765919070496,-0.6158334725776543,-0.7739198659537821,-0.5539740318288469,-0.5048579216814337,-0.6767766041447267,-0.47217788105351965
