gfs-wave-data.json
{"header": {"parameterCategory":2,"parameterNumber":3,"dx":2.5,"dy":2.5,"nx":144,"ny":73,"la1":90.0,"la2":-90.0,"lo1":0.0,"lo2":357.5}, "data":
[rows 38 to 56 of 73, columns 0 to 41 of 144]
0.07173209331825302,0.08166333983580527,0.27738269165702734,0.3303427703340777,0.5089346159743434,0.448851693979021,0.6974884502568549,0.706778592640558,0.8721344435193561,0.8080761682187096,0.8850397253373138,0.8569942048933709,1.091162888694959,0.971573477882852,1.0280872603472393,0.8663932610920546,0.7867968938489727,0.9081742574539383,0.8715127995537486,0.8318650155151969,0.47542705213790226,0.39084660666063226,0.2143110142760165,0.07829112691420374,0.09098475214095086,-0.3231091783334459,-0.47814345492647903,-0.26705900373963526,-0.4563520389338015,-0.6946286216814305,-0.7829221503671681,-0.6607116345529152,-0.7403325191283696,-0.7541815019461129,-0.6885056933350687,-0.8407690121717064,-0.7423009812115865,-0.758752674878614,-0.5456947685183869,-0.5465697908333663,-0.44541939951258286,-0.5064617108948193
-0.07024491612267474,0.23714253035126995,0.3094928787689716,0.40574794652970453,0.5381905752733387,0.6617631023021566,0.6306212661479855,0.7040469865482515,0.7450929616896755,0.8193463178361268,1.007245779990736,0.946925263863821,1.0160331487565706,0.9252328897538336,0.9704426792684241,0.80281332019239,0.8343621407783102,0.8408812881237981,0.7172202848137412,0.7619194426645189,0.5858073796857309,0.40191188344267453,0.2934784982359961,0.03275760864958131,-0.064812264024438,-0.12361343229677528,-0.30688997147723346,-0.35045227015793623,-0.6007763743305163,-0.5794666783586249,-0.6753334717803461,-0.8070124007375669,-0.7892176875993704,-0.7126459093619303,-0.8316262192568716,-0.6761882398698548,-0.7273797254321754,-0.6872526596278163,-0.5706127943313583,-0.5810570540225044,-0.47762695352987583,-0.5187457049309971
0.09957315375440155,0.1835211999220741,0.08692298176570691,0.2820677112883057,0.576987437631926,0.4562474999341044,0.5806622297404886,0.8835365487847837,0.9369786107516217,0.8534597189890745,1.0062092643041223,0.9798158686687828,1.0566095579653372,0.9240164563997026,0.9722187571620378,0.9946750155881555,0.8086306548721502,0.7501212184275047,0.7661779810461676,0.7186730496038867,0.3898232893000084,0.5903528986807298,0.23762592394617496,-0.020434079651791594,0.06446354070497413,-0.26373281799686576,-0.455906830658797,-0.5326718115690724,-0.4810168387437234,-0.6971850632286435,-0.8073125350868242,-0.6866136890625427,-0.7764555164917173,-0.6513460105738018,-0.759147630089302,-0.7074241214337522,-0.6255409723731542,-0.68026233610259,-0.4828453153496138,-0.5965106230138373,-0.6033680414456666,-0.5080551006929492
-0.05975852707253812,0.125365044083886,0.14807007854041357,0.30933537422508445,0.3509517639906938,0.6290789614291286,0.6995834406855753,0.8372701828799965,0.8210708392342522,0.8142056674245988,0.8730448700115344,0.8243013134817581,0.9118208316642188,0.853619611706002,1.0220616020287556,0.8979947158984293,0.9547685750005642,0.7957311010592065,0.6670781451602611,0.5482156973671148,0.42724561303884884,0.5025634514787917,0.4293124732062521,0.2010981634099837,-0.06985077554973688,0.00927180246034889,-0.24864634050257048,-0.37879260339831683,-0.5376756486545538,-0.6602169906163212,-0.5648074399696447,-0.703566802955896,-0.6653575489196414,-0.7102628378283158,-0.6296184961708408,-0.6722913823807555,-0.630023382549591,-0.6074957412572793,-0.6273706854852669,-0.525623541452777,-0.46522619098657697,-0.424533792317966
-0.31526691859947237,-0.29030220707211873,-0.17489321346249292,-0.17998923987113224,-0.24432434110577766,-0.323761198332434,-0.2984752962102925,-0.19647163859414044,-0.1625285419956105,-0.3131809836162644,-0.28287712713622604,-0.1796340649329164,-0.3047421690372155,-0.17332858637385654,-0.15962428977430748,-0.2642528467139889,-0.24321629160545666,-0.17017074136654597,-0.24009719981931027,-0.3031913923121639,-0.28186667045806174,-0.23009847503529599,-0.2797493580828767,-0.28903198373826905,-0.1860374651091457,-0.26449335959102405,-0.17105523912931894,-0.17621222745802298,-0.1779346485857643,-0.2531642342349189,-0.21752151588224214,-0.3200808092222766,-0.3363084481059334,-0.2823221397104276,-0.32819058619868563,-0.3355467505261123,-0.22446510834297712,-0.18769860704007796,-0.32330091282310874,-0.3451751623102314,-0.27973803327986796,-0.1495519623658329
0.6720126493888374,0.5232964820499616,0.49558572948044427,0.5416344039928819,0.5498478140533308,0.5050595161084983,0.5437617488336844,0.6535652066479957,0.701790197285591,0.6165892826898852,0.7606116345014289,0.7479122095993265,0.6267452135731718,0.7540988168643077,0.7289787953289911,0.5995031406685348,0.7567386374964311,0.729594609236704,0.7116309833360263,0.7649569604426549,0.9541789643628412,0.8032573760758817,0.8462342940645102,0.8766397734624329,0.7415991431323331,0.9562378460493625,0.9194663086377848,1.066358251706701,0.9908303171179736,0.847193126334746,1.0111043932098325,0.7645470478645224,0.9517079886948304,0.8507008061719007,0.8884921620318632,1.0672256092983197,0.9040157993208493,0.829643993023446,0.7801940552111776,0.9916119831378802,0.8870905248233275,0.9116888310918425
0.39147287678967796,0.5826929940085687,0.5971184293205506,0.6232675302618488,0.4649930569331803,0.5940596771027628,0.5736079322847735,0.7248078831432594,0.723488303178369,0.534499164397072,0.7681518484804715,0.8560801778350879,0.7613116165332361,0.5785264634694415,0.8728225222092394,0.8614249625576267,0.7583520901067256,0.9379818067259481,0.7549743137245606,0.8069947973610692,0.8739591606111072,0.9625469686717326,0.8167120789801968,0.7990539897138265,0.9175613584852662,1.0552440198927602,0.7903988206557614,0.8841754631518495,0.9846219815054502,0.9731960101788387,0.8868066928435863,1.0188650126515897,0.9813568987178483,0.9069133078843145,0.7179909139860281,0.7089889916164847,0.755359616496969,0.9966901954064671,0.898726068022544,0.7510861853437649,0.8720761873410772,0.7982301185804769
0.45426400734819494,0.45549778447308686,0.4560529428407859,0.5339920379668429,0.5958853380942158,0.7498507241369032,0.6511157933673786,0.5900830114505464,0.7448153590734654,0.6401659395479122,0.6936778485309929,0.5349020701480247,0.6568653704639736,0.7166701277233041,0.7873449714053684,0.8633007333319895,0.783138431314693,0.949467787232607,0.9562671625127641,0.8894933536393521,0.9202958381398295,0.8826697974740741,0.7955413586155143,0.9917789302148586,0.9872853342735581,0.9315575986564663,0.8430582935605746,1.0148427326990348,1.0254213259825775,1.0574611830130747,0.9573984005322699,0.9144196751762378,0.7947032541373199,0.9960225447954946,0.9113633478358361,0.8183888202985612,0.7316742366725141,0.83337303067025,0.7106327944514286,0.8437853826846292,0.8388015197094099,0.8548499115905872
0.32766854850426264,0.32801875696221233,0.44697046414102115,0.536083718512315,0.4750971228187437,0.39147491387555516,0.5957113246732133,0.6411405988220849,0.5556633253911346,0.5477726704122179,0.5461554694584433,0.7501591326795868,0.7388502556319624,0.8797559402500366,0.7992706071528624,0.6814129901631771,0.9307361954268564,0.8031360019666944,0.7137842734659066,0.9049942898231879,0.9347465742281322,0.7290871356943802,0.9168437981145526,0.7010520058906683,0.8389636898918267,0.7523315949119408,0.9859609275454184,0.8909541554454836,0.8892547991946022,0.8615757078539111,0.9363352636056622,0.7305680591485001,0.8212044697506127,0.8510355447930215,0.8358646645857453,0.8667404309944766,0.7158577691851383,0.885137220767751,0.7830453017267126,0.661690277385491,0.901667073831968,0.6988265081410564
0.5370732030334314,0.535043950634099,0.6728163046044722,0.5240786331097567,0.6682562415888482,0.6341408441870242,0.5885626813893348,0.6130095960235924,0.4617165797121215,0.7743775167339497,0.6764014599507367,0.5561383299501372,0.6171339901207902,0.6654910452311206,0.5744821544436087,0.7641594891189023,0.7240347029592235,0.8187995468375733,0.6778637814053218,0.9246976780992678,0.9603012636439998,0.7630662617255893,0.7892686118635474,0.8296856443274097,0.7332340720992202,0.9954949339906244,0.9098059455344296,0.8821426721269551,0.9478506059465748,0.9171731790615555,0.8797639777751897,0.938024327526746,0.9879671678755216,0.8153802032162631,0.9540333314590194,0.804557996644894,0.8072296480531864,0.6863923595142618,0.7617442626500573,0.6748243456050861,0.7575313251508881,0.7987377849468248
-0.18320354214341872,-0.20706355209656438,-0.16927925607768288,-0.07704468033092432,-0.2370022356882927,-0.09464418243248604,-0.23440730516075914,-0.16303080753670018,-0.08649642527139748,-0.24198731915195942,-0.13365868849623833,-0.1892850393533306,-0.26414708082926674,-0.11549751977028463,-0.19170087520103807,-0.10093295941141257,-0.1384345726641187,-0.18231548930034605,-0.2373835593010042,-0.2523516745671876,-0.14100207601860465,-0.15808185068300754,-0.2027209681542616,-0.26604754834840505,-0.14005273249340427,-0.22820411075220157,-0.12291589621891856,-0.1936031483819341,-0.16941430796091908,-0.2479097112233097,-0.19326994883123189,-0.26593525411546093,-0.25387951999171077,-0.09179627016742978,-0.1127020614254948,-0.26507231712117163,-0.25248531778145045,-0.18905648885865434,-0.08550493970827237,-0.16733837207338467,-0.25013428187099823,-0.11705924789885243
-0.1808929983563402,0.14118548721658922,-0.1748483736543468,-0.35487344095760065,-0.3052046604079438,-0.5444229919666734,-0.5349612704942686,-0.2347577667241826,-0.29710065949605974,-0.4402226046535585,-0.7027123268634925,-0.7151719099154504,-0.5441356890929223,-0.5908654166906597,-0.6546996113386025,-0.7933550875410184,-0.49317175391036283,-0.4556916105482983,-0.7221934625576544,-0.7794827313516893,-0.5854422214121869,-0.7134882854363723,-0.668616949766935,-0.7025947288147869,-0.6239409758056297,-0.6206090416313274,-0.4246178848725728,-0.4833092958028354,-0.3552548423671555,-0.2743339221808332,-0.35719809239507305,-0.12882838277495692,-0.18983254614420658,-0.11462880403853287,0.05895109585002756,-0.004794581826623696,0.09697034761395579,0.15466254509053848,-0.055986910764401265,0.1441361019569929,0.20650739927281292,0.25291332271223704
-0.1906735390160695,0.06724578942063826,-0.024217547891904712,-0.0628542015324318,-0.45268914552056355,-0.49810853919986925,-0.16626405663087016,-0.6447612150206902,-0.2500631313137863,-0.4378360073068266,-0.441933175180375,-0.7454279539145898,-0.7656634261078549,-0.5023946154235813,-0.8266044598449147,-0.48416425745440184,-0.5319887745808853,-0.7929755552394407,-0.7291194886545938,-0.6400166831248914,-0.7223787157816041,-0.46899766693664346,-0.6899858117263202,-0.5611852781423151,-0.5832016588066344,-0.2902556595171479,-0.37417462621977593,-0.4867863014029023,-0.36343064457911567,-0.26656174063495236,-0.23357687550519898,-0.3416779471290783,-0.09410710381561482,-0.1462434366822353,-0.030122856096623726,0.09647286352617666,0.11423217724066709,0.1559924210065254,-0.022619150294310924,0.09731271638241873,0.04423387746791579,0.08181617214096802
-0.011049471019316165,-0.017291495904436703,-0.25325052367958256,-0.274039278929788,-0.05424031685950389,-0.363728466861108,-0.5606463428997972,-0.30115699524728945,-0.23126479305297779,-0.443436265683101,-0.6236346022722808,-0.4078480699146104,-0.5408393334579175,-0.4285439255153184,-0.7397264104026047,-0.6646227689497413,-0.5506297660432146,-0.8444514803182662,-0.5937716959663576,-0.5955430668295313,-0.640447078234658,-0.48189963375580774,-0.6600102820427096,-0.3844757242346766,-0.4763435646981825,-0.47328984894056525,-0.49628357271844087,-0.27114978350262364,-0.24458580635371238,-0.44483184021309297,-0.3709569414444649,-0.1313435218638884,-0.16630789628741832,-0.1723381604251065,0.03484030663659738,-0.11998144803952547,-0.05878017073190976,0.09101972851274287,0.08061877928537989,0.07903754542022931,0.22677564541958165,0.07958432839217496
-0.12987673680719708,-0.10262800263131318,-0.13890299984952773,-0.1056719528473859,-0.09396341178985376,-0.1400086715009643,-0.10938512238919783,-0.07353050209970605,-0.17620415070845288,-0.12730974531424427,-0.20068229152428987,-0.10111937233875032,-0.12948554785796096,-0.1775545736226995,-0.05207148784769917,-0.17217904118003344,-0.19580957710598293,-0.18337129131301855,-0.08806157477347586,-0.06645720144204813,-0.13757296850907588,-0.15163693877079545,-0.1627254026739485,-0.19917500621871095,-0.1955006175946509,-0.13894867309024098,-0.20361317605441992,-0.1338150195226868,-0.09815335634891767,-0.2297211349811234,-0.18672476037995425,-0.08013004472659517,-0.11013907407050241,-0.1830111113521549,-0.06224488963632964,-0.12746136859965454,-0.2084501689125066,-0.12141575019247941,-0.06416409884570119,-0.1339560744383241,-0.20828919974490137,-0.22984375356453443
-0.08639498820281882,0.09637255652700671,-0.37483994014763133,-0.1303490246888067,-0.21291230869919894,-0.1470792375571996,-0.8420490618998357,-0.4552927850359033,-0.5596201830284265,-1.0298778986970833,-1.2032260659976595,-1.0868162816826397,-0.8217662925279452,-0.8504855567286239,-1.0978810703669146,-1.2805647067411794,-0.8834492254296903,-0.9383264697083189,-1.3740648172723973,-1.2288077323523432,-1.4898656383894853,-0.9887034477816109,-0.860951396172282,-1.2075201265241091,-1.2087401004857081,-1.2084814968506938,-1.0619054178865048,-1.114906126314735,-0.49665466648887413,-1.0399659084617243,-0.57812196259635,-0.3595779778255782,-0.34652588139872537,-0.18809853400968776,0.10513610450756215,0.20416579616022795,-0.32267134020333016,0.5372240824023038,0.32748447756616206,0.704439519168161,0.48284185875480734,0.38603163479975633
0.12500247367179756,0.031536368518376524,-0.4691265052701517,-0.11660542449607372,-0.42783199044625075,-0.2884573475398704,-0.2722354870777304,-0.7784608747378424,-0.8226771505264683,-0.8264681570260746,-1.189048242853394,-1.1393064734437026,-1.2339001884706609,-0.7881788980543967,-0.752036591091167,-1.2055228047661275,-1.3199671609308874,-0.9919829137944801,-1.3606976412438379,-1.2310689185625432,-0.8765740189915022,-1.2778455507487887,-0.9610352579026562,-1.2070243783809622,-0.8345618787859047,-1.2471943490500061,-0.8829249003467121,-0.9451420897924657,-0.5620366062103228,-0.35111553617956853,-0.32666205202563253,-0.9372952081357383,-0.13267539271935114,-0.5901497337245598,-0.48791673289304166,-0.10783291693685974,0.08064297617715657,-0.049614270253000144,-0.07097148315110902,-0.03856643531970126,0.5999139715266387,0.9822149904685028
0.09675785221068149,-0.4164001202801326,-0.25286184041110327,0.0712334346213081,-0.5416026342687735,-0.11089276960590207,-0.8609963443238099,-0.892587986354421,-0.9645600319209819,-0.5107310654261353,-1.0290395393911569,-1.2034933421149017,-1.1789049270481418,-0.982527054266385,-1.0181237627153192,-1.1503956745395962,-0.9517989054360254,-1.1614151319410297,-1.345221406480106,-1.42200004083081,-1.4290192356540952,-1.1086050687654654,-1.4599774120946136,-1.5074920637123292,-1.196952977541978,-0.6458374098511784,-1.2427318452461888,-1.1515710386062468,-0.5299190373764833,-0.694081693822233,-1.1236720670060336,-0.6409388562319177,-0.7099674000148919,-0.21943219624732302,-0.18164743828040528,-0.3104103984457565,0.08856621245644755,-0.27091989382572756,-0.06205051733431411,0.5392501700539609,0.11154918120707952,0.30012598798882517
-0.28152432636523034,0.01083167301096379,0.14244734140051568,-0.07835342222246663,-0.21926070174437,-0.45080884295068413,-0.26497253651210684,-0.3341284608428961,-0.8157367946323041,-0.430498266239879,-1.1253536973187972,-0.8112172795174419,-0.6308261280467564,-1.3302679163762423,-1.0162609025453235,-0.875603410104358,-0.8521194758590322,-1.0941619150160236,-0.8911338677778842,-1.2074600836397422,-0.898844167644687,-1.2465169659612723,-1.320816258559571,-1.5093599419364983,-1.489499716641698,-1.4071155656974932,-1.1808552877725198,-0.805850545514965,-0.8526267939787218,-0.5745211575423491,-0.9587717635033804,-0.6814226081126729,-0.4062493050020465,0.05310390391080708,-0.09232560442399078,-0.5203091387225189,-0.4190000792458413,-0.25885415102068793,0.18613041480558787,0.5170232708285467,0.21868433026644557,0.735506284638544
