gfs-wave-data.json
{"header": {"parameterCategory":2,"parameterNumber":3,"dx":2.5,"dy":2.5,"nx":144,"ny":73,"la1":90.0,"la2":-90.0,"lo1":0.0,"lo2":357.5}, "data":
[rows 19 to 37 of 73, columns 0 to 41 of 144]
-1.004000034914106,-1.119578089915776,-0.8616193012435248,-0.924400760304083,-0.2696809560944669,-0.3535987493634766,-0.29136489618455347,-0.24590103761522678,-0.35864474174302047,-0.2884925880594599,-0.2117679145511272,-0.2855614227117601,-0.2953388634219998,-0.36056920603747644,-0.16769285241421322,-0.31653876400438347,-0.16816293461291593,-0.2780773933127447,-0.26212658533260874,-0.22757421105452622,-0.34490681815645075,-0.32272705214555575,-0.23725991379789238,-0.30822005983168976,-0.19713639611868888,-0.3338480320550263,-0.23641850413534518,-0.17804160004055586,-0.24377783297668765,-0.34174236415563963,-0.19880858773933996,-0.306090744151566,-0.23435138072627296,-0.25169940224963383,-0.28468820923952554,-0.27338300642322405,-0.19001993720331092,-0.31725390787369684,-0.3238316532720095,-0.24910076760245953,-0.27824543947342645,-0.19719803992554014
-0.26111125616779074,-0.3097571821582191,-0.18169339836108805,-0.3006000345745097,-0.33827786703367074,-0.24423530979173722,-0.23589678633554037,-0.34428553043689286,-0.3370694919957104,-0.37185536606848857,-0.32002958627526296,-0.29513736738835444,-0.3412657744284787,-0.363600188195029,-0.25413882834343016,-0.28072038568097435,-0.28960537490897725,-0.1827976331571334,-0.25410709931211756,-0.2542297927682591,-0.219211011976691,-0.19668507356892717,-0.22704664065974256,-0.18571257647864228,-0.29181048156812756,-0.3433745132051894,-0.25015461099291847,-0.29468960138593686,-0.3127863856044853,-0.34090489644530403,-0.2601311646801042,-0.22901459785167533,-0.26703807174760286,-0.19559352529957968,-0.2776656649330911,-0.19530645953955436,-0.3668690680628836,-0.31664476992009544,-0.22335295067969307,-0.2496640833781908,-0.2659359963289305,-0.19959496553683112
-0.14613106229136266,-0.17655529687834715,-0.12681061513982436,-0.38387724610610446,-0.2602575629804178,-0.18428721671648587,-0.6803901239542591,-0.6284658409791433,-0.4040776410101637,-0.7920218115804525,-0.543652381014427,-0.6950993735754613,-0.5771769864501236,-0.4523605923805539,-0.4980586073817016,-0.6880399938760838,-0.6314948979532641,-0.6125494738210242,-0.5058419597049457,-0.901149582889834,-0.48045505536335303,-0.7025767561697192,-0.7902350263405985,-0.5171187761746178,-0.6009137898621937,-0.6473328235881187,-0.2692336340551175,-0.612612460470544,-0.4820005270113489,-0.31501389733641083,-0.20020896092697155,-0.4416836088822189,-0.1136031483547555,-0.27070859186346397,-0.15497782091972168,-0.1391481319309209,0.10995518447858163,0.13595216146012074,0.04761032981386284,0.23753631920857812,0.33780361531796316,0.1655453165762748
0.1458661476627017,0.14095708343139934,-0.02033310406665561,-0.12265166884614316,-0.31803498964952226,-0.09216993951030521,-0.6117875204526644,-0.4662694539168638,-0.40852256384551405,-0.40606501786968646,-0.7476807087389649,-0.4317622062233923,-0.7791644168445567,-0.4578946027032514,-0.7217943724104363,-0.7818889861956189,-0.9349741738076548,-0.7845204710900489,-0.8497658373952237,-0.7837303123339674,-0.6882443113579284,-0.6178812562065189,-0.4341693377882569,-0.6778646186183825,-0.6557414245935698,-0.6810771812058813,-0.330971077313377,-0.5277302784713535,-0.4719463704925834,-0.25238735273779733,-0.31307794233024044,-0.35863211588211674,-0.3631857906424509,-0.2478829752740753,-0.10494675479240118,-0.03682350115760061,-0.05582595764478346,0.14459549080597636,-0.06826976679828932,-0.03560802417639952,0.13157744226304993,0.08808149128162959
0.0989829416757574,0.05143090634215255,0.05711668409580524,-0.37323970837110026,-0.14808791317037293,-0.5150938363332702,-0.16506390601426676,-0.6972999929656862,-0.6831361882531641,-0.40121610041558115,-0.6272567545250151,-0.5149815201372672,-0.7896677969721428,-0.9825465478483106,-0.5962155494518803,-0.7400791712267707,-0.721678571615645,-0.8455398200921337,-0.8638454288374378,-0.7808363242385526,-0.77075565125784,-0.5295661593598989,-0.4753004665892642,-0.4336898074601226,-0.5701923409256356,-0.33865011663831535,-0.4529927105170446,-0.6576429088197909,-0.20929531745441624,-0.26234538172764177,-0.11601039030235631,-0.39399324161266086,-0.20824075676875314,-0.12404239308728635,-0.25729844226752147,-0.17276821091839464,-0.006835442155140017,0.20459675908522337,0.007833700180293226,0.18708878075070026,0.06727844209284589,0.1260982555044108
-0.36723857631408974,-0.36197147475490754,-0.2983233686735405,-0.39461313331585596,-0.3411476648122569,-0.3825901992911177,-0.31566944792936075,-0.33444384235262276,-0.30854776032626113,-0.2807840325255696,-0.22637858328383875,-0.35923523247309863,-0.39228190173025257,-0.2897779330411226,-0.36416680189004164,-0.40811957209753374,-0.35919494339071045,-0.36583827123160717,-0.3000246391665816,-0.23379798626070644,-0.35608064610458523,-0.2381179417060068,-0.2916119767576035,-0.4168521129821246,-0.3722408466950221,-0.3493945727387846,-0.31261584376278123,-0.2677550821814545,-0.32682436677858157,-0.2508345792437752,-0.4111824487387921,-0.3549805219473887,-0.2851201022071736,-0.38828771899469944,-0.3056229357233749,-0.2510666014942541,-0.4088036379617913,-0.320412918770594,-0.3933252548464665,-0.38468184439426684,-0.3212026897347623,-0.34199498439743703
-0.4324504516458698,-0.3567517249450074,-0.5537039134937096,-0.46104556162357074,-0.5822326515805599,-0.5209962000537696,-0.7182010641626027,-0.30445994524718634,-0.418458790145164,-0.5076899458067463,-0.432830006979074,-0.37634504192588436,-0.22549634866351934,-0.512370756280951,-0.3978878957891731,-0.4128026812501484,-0.4682056853034174,-0.19921768657195435,-0.3540299945215433,-0.508515261684724,-0.24124678544662315,-0.4814046530246236,-0.11639756829808494,-0.3708956489367144,-0.4869516611373356,-0.14306522063491595,-0.4245755540170908,-0.3660271996475657,-0.048603490737347196,-0.07559973240620486,-0.2935863741125911,-0.1802728740996844,-0.2082078543813921,-0.2948244460029633,-0.25308336845477364,-0.09190094673880728,-0.1549880177306925,-0.09472898840915393,-0.1459203713450235,-0.15295025849755228,-0.24801288346693146,-0.22088345659694789
-0.6764686826797885,-0.5995942119447065,-0.633532595259725,-0.3799112133091402,-0.5852677907790134,-0.570382887754015,-0.4074672483785525,-0.5969370970938772,-0.44908467306124267,-0.6833228716208245,-0.5843698606458891,-0.33136139231735706,-0.221750664413714,-0.30616044034336604,-0.5635466341097535,-0.41641340173364866,-0.31433660721948364,-0.4693766007157475,-0.36674749620378744,-0.1835267727119043,-0.2969365012078345,-0.33512553492745956,-0.129931826021336,-0.5014224684641652,-0.5239042579232505,-0.2273587304235223,-0.11405929509228507,-0.315916676781778,-0.12101007012676988,-0.43916332083498266,-0.3362908717019516,-0.20348577561324274,-0.07357175458661566,-0.12242173893150737,-0.024868611716261448,-0.3943320836290407,-0.4166378653796317,-0.17168723035055633,-0.2846889208843202,-0.16126491099301923,-0.13522164452587712,-0.36366594931658575
-0.6537092536644651,-0.5850360840591796,-0.47444557828225026,-0.4013425756786193,-0.3590587590433479,-0.4562313568256201,-0.5437295888276997,-0.41337665454664235,-0.6676767642592191,-0.36679942143366967,-0.4972958088483399,-0.5555058805142918,-0.27796977395803557,-0.2684830421400124,-0.42003550118566574,-0.37821035589236274,-0.2734860902522656,-0.5851776147504594,-0.33565862555830195,-0.18363358101050942,-0.38150767851086204,-0.14296954916758142,-0.5001345816193966,-0.3458515185091913,-0.3085670506223959,-0.07077406323042672,-0.3631983067744018,-0.04605962055862943,-0.364546887824416,-0.26156020392184093,-0.1683137915690355,-0.23294141779098929,-0.04986635692956592,-0.3103029327173997,-0.006691770142541287,-0.19158509590097778,-0.037766427099316956,-0.15733202318968112,-0.05301795667645109,-0.3156815126126257,-0.15800037151108814,-0.19803501960312792
-0.5736040048769325,-0.5227515856468523,-0.44012339128067185,-0.3927808730558064,-0.5670735804413232,-0.5332174080833012,-0.4945364972682176,-0.32635076873591956,-0.33531018681059493,-0.5329757533226542,-0.5028548250155452,-0.36782966819029245,-0.37982615208550025,-0.576347304838059,-0.45212683826439837,-0.22550219258075424,-0.38179473869797514,-0.33502259654587646,-0.22242205822183794,-0.47286121537895526,-0.525833525502028,-0.4162738566650474,-0.5481112254803484,-0.12585747629208227,-0.3831935025038849,-0.48821788268781746,-0.10831184080944886,-0.08275050411784203,-0.3055706005959848,-0.18720529980479667,-0.31345563498393575,-0.41690012363854256,-0.18667541564742737,-0.2681367485450949,-0.3573099839874308,-0.2459570356315429,-0.1819068762001388,-0.10125322738751152,-0.21730143589771408,-0.4433710612267221,-0.21043059052107088,-0.38352251848321117
-0.6091251185371092,-0.6424337980541092,-0.7286439594663408,-0.6671260114006524,-0.7407105683620948,-0.39204660043678907,-0.4803549575047401,-0.46279077975591093,-0.5638102565222957,-0.2788786729796751,-0.39882343087082345,-0.5278379587447105,-0.37689461785304373,-0.40527989809422443,-0.352772296882151,-0.36344125206720007,-0.4745923995311693,-0.2490596822967617,-0.5239638438704848,-0.41249763496623676,-0.46766847517238447,-0.3538166109569178,-0.29212814287635164,-0.29470478095715086,-0.2506731125981552,-0.2230540495422969,-0.4234499322497862,-0.2797565900080436,-0.14845752392858247,-0.05642316871961105,-0.24399377736013508,-0.3973054428174613,-0.16655163835033518,-0.07986901334701033,-0.041877757651772186,-0.10279449358947447,-0.11481500658402262,-0.17126332250882073,-0.39462585439924486,-0.33919296380580727,-0.4616148092528256,-0.11217778351861737
-0.34098314128609,-0.40978670219286234,-0.38425407876733103,-0.43639959370830517,-0.31503126594472164,-0.417822333680666,-0.4621661819587668,-0.4662825605297108,-0.36783816772492617,-0.38828728313827465,-0.3143004200707675,-0.43528418768208277,-0.2893231741544924,-0.3223401920024083,-0.39786104538893924,-0.31268991971412946,-0.3175700298563347,-0.4458954678464641,-0.393649559839264,-0.3059430410143889,-0.4304172330558435,-0.3012339557424915,-0.36776941336703123,-0.3447757399252073,-0.47072958325497644,-0.4596471388074333,-0.3546731023345722,-0.4571517546756587,-0.30165882899696356,-0.3381712304025708,-0.35660017235905805,-0.3099008478102962,-0.45200015811730465,-0.37139396049916695,-0.4584577851757337,-0.417217360747035,-0.3371000523559001,-0.3551762329784255,-0.31207747223289134,-0.3698778625008581,-0.38647585369876236,-0.4336746405897945
0.052400391432549986,0.2586364851270284,0.13062178746374842,0.43838744398498464,0.5706431282650642,0.6630722032650017,0.8003008685919398,0.8640268293401457,0.9103372015768048,0.8343083365526611,0.9899855508163933,1.0629312609634822,1.1849776376571548,0.9961130762369055,1.0245088999304204,0.9482988236898319,1.0523131904166179,0.8855912690518409,0.7633546614824237,0.9151555786072251,0.45579053318501167,0.3658368019990766,0.4270193953138063,-0.0410252559672042,0.07748655953856655,-0.14279484947322774,-0.13953008184104213,-0.6562726192101372,-0.6575477023769953,-0.823933516051713,-0.8547987847032904,-0.672841161829237,-0.9053629433395197,-0.8611904061093456,-0.720539904271569,-0.7330363426048316,-0.8689136725929972,-0.6648292583564674,-0.6988795345496993,-0.6095666949616317,-0.6061875679923207,-0.5591829961020196
0.0741638035044381,0.009912578749542277,0.1519859754218344,0.24046298464869856,0.6638994789096017,0.6506817743912829,0.6675135861112057,0.7991628169131683,0.806160399296973,0.9571277252841793,0.9191920066811798,0.97608642696797,1.0173385424760355,1.129018933576162,1.040531761577998,1.1270140047242325,0.9307627846514547,0.8420279968891203,0.7259617407023417,0.6734420012820534,0.6951722975424294,0.4784756786816559,0.45387283383809585,0.16300100152465757,0.050680817206352737,0.02493420665896117,-0.16244172365095075,-0.4229869693803943,-0.5523103706173266,-0.7236414618495594,-0.7079724790331492,-0.7497469434574525,-0.7114246599480675,-0.8586970177779156,-0.838313925918217,-0.8798642288754478,-0.7826301325354682,-0.7652797353115632,-0.7916151012908335,-0.6774836028266842,-0.5379953728477854,-0.5971978495126793
0.14721518342562442,0.007205762803924496,0.24406016155863164,0.5347274039079564,0.4104078299806031,0.5320203577795065,0.6715846734564326,0.7953558350651757,1.0376248337462404,0.9181256139649604,1.0054329107977078,1.0636645689869737,1.1611629391752758,1.050939536229734,0.9533992937645615,0.9523121470454757,0.923428713692868,1.0206649360492517,0.9138607210945301,0.6437025884331036,0.7835679248388989,0.37864396375651,0.11333952330707439,0.013117591588620187,-0.2022111634019838,-0.003245565050742033,-0.3773430765495787,-0.6065092823548901,-0.4182392464342595,-0.7894427545239643,-0.6036037497042167,-0.9235193027928125,-0.7627852738755572,-0.9723022386481045,-0.7973260051820212,-0.8319494214925841,-0.7064295213993002,-0.740638363642619,-0.6399112234762468,-0.5550309245783761,-0.6264772095131004,-0.5854440630469349
-0.00983260391227222,0.1570400404325879,0.3263170675185624,0.3194135743836467,0.7134971668845935,0.7292712293206294,0.6809771888240769,0.8972452034210545,0.9530765447623328,0.8823082014130673,1.0931298143096153,0.97874968904618,1.048846181816543,1.1600151900203075,1.0774878481903558,0.9412539322051994,1.0533453239907375,0.9051080685560812,0.9194168640409095,0.9004621218474154,0.8311887656962483,0.5579731368280801,0.12680932867060457,-0.029238811445790932,0.0876854494910115,-0.3509493919570256,-0.408930125376707,-0.31084530648715564,-0.6431980219462746,-0.6747988785969609,-0.6841594637163638,-0.9049359315134,-0.7958141132158663,-0.8017723359761356,-0.8020977699993072,-0.8010100491384898,-0.7853354108053688,-0.7825777302243216,-0.6577299177252669,-0.5972426082074487,-0.6047109174148688,-0.4733293243492768
0.10851405909619267,0.1900137396351751,0.1510082550319461,0.27669138105811103,0.585257527932449,0.48970045731203143,0.6191651476353515,0.7507739301093572,0.9656822937751013,0.8932605839268651,0.9081109371356654,1.124812255508848,1.095924585579757,1.1383891129899417,0.9471871903995409,1.0819132178278374,1.1263261005730552,1.006246355231101,1.0589289703676799,0.7181484643579112,0.5350930902312027,0.5298803787475211,0.43537041489364564,-0.00753270879021524,0.19746578750477198,-0.2721730025796192,-0.2728912367755159,-0.3942317959230386,-0.5075668803261295,-0.6954012868795192,-0.8099722098719819,-0.7131415221886593,-0.8187110971064354,-0.7354050323001177,-0.7338657633699753,-0.8091511521325131,-0.805342236474295,-0.7076396326562118,-0.6494114766696099,-0.6393846679723191,-0.6459672841012792,-0.4152425511302853
0.12434144528500403,0.1941868060332655,0.2237710514203277,0.5107213320414776,0.4660824159550468,0.5132533486640265,0.6472920752329466,0.9211085073715356,0.9611936481297753,0.9316846057367695,1.0235231353473515,1.1771748592518532,1.1241831095376242,1.0600351524986833,0.9456644129435248,1.1007524493976986,1.1307046842506432,1.0159835874363405,0.7741578604674123,0.6964645346852907,0.6347460878419372,0.3432808946352552,0.2644920868183194,0.14156926327441705,0.12226466544748735,0.03238667291194324,-0.42176591924623785,-0.24670059082993603,-0.7024047788574088,-0.6600397436830632,-0.7998618147122865,-0.7929329961405871,-0.6479763285533224,-0.8353067138048109,-0.8389936478223199,-0.7642382104343941,-0.8506022738429929,-0.7719335009695406,-0.6391401262067254,-0.5959894486938433,-0.6554959243260229,-0.5556960391674914
0.12358854799564456,0.015731543804385514,0.1504931017459952,0.4217529152054236,0.6513550963845675,0.527514441857594,0.6390941097097128,0.8591561262046956,0.7485659382276838,0.9568310559706705,0.9852706502996561,1.1677380337474137,1.086969599108881,1.0341744256826466,1.088948929114764,1.1324973075053697,0.8342641702161827,1.0314356196654746,0.7414189196133102,0.879460109892135,0.7949231976702287,0.3494783567654651,0.5231519935425577,0.0017366505408083594,0.08741491097953277,-0.24356823008929457,-0.29769745580946005,-0.47017125216946837,-0.48447082137518716,-0.5469324654909383,-0.7943050369903013,-0.9408360190384949,-0.8061653742013004,-0.9011150532635532,-0.6845035119496177,-0.8217034386117195,-0.6355651994236899,-0.6776151515998066,-0.7031106007185682,-0.6007925928106937,-0.49104269520298177,-0.6334906332870146
