gfs-wave-data.json
{"header": {"parameterCategory":2,"parameterNumber":3,"dx":2.5,"dy":2.5,"nx":144,"ny":73,"la1":90.0,"la2":-90.0,"lo1":0.0,"lo2":357.5}, "data":
[rows 38 to 56 of 73, columns 84 to 125 of 144]
-1.0141022227754648,-0.9525970407782031,-1.0938978213680228,-0.9917157462631284,-1.0812909127744466,-1.0288458158964453,-0.7778373658683164,-0.579959494659171,-0.5819427868292599,-0.6731396836136212,-0.4361293988833169,-0.10419467830668827,0.033079892446913915,0.16067672913293038,0.33344164096028134,0.38414922939619184,0.5709832521819925,0.7692625108563846,0.7365867613108766,0.7682682615310596,0.6553357559139982,0.7945475132383597,0.7488829807241395,0.9105173634690296,0.7598088593984398,0.8246060898248151,0.6755796168102308,0.7437859190200329,0.6251152116283278,0.5203867064474365,0.4534653068137267,0.4278818080991722,0.4078428830257781,0.34606689326967893,0.24867751110002476,0.045517905872752486,-0.0926214685079427,-0.1466061316400251,-0.0732035204119591,-0.2204711145536338,-0.23570441048775326,-0.2624856019802497
-0.9473101468519447,-1.080588652725492,-1.1085505773525826,-1.1760070460122163,-1.1936616148169807,-0.8532252254736662,-0.8261992039978281,-0.9441441228390786,-0.715264338145038,-0.37698046549597386,-0.2511739510551733,-0.22383054096592508,0.1386664957536489,0.24954149305860246,0.45995824659653917,0.5467251080916671,0.6189025512491069,0.6424915700568046,0.6234199590576522,0.7263557783328882,0.7432737478963669,0.9060829669982627,0.753278965570886,0.8775063635142811,0.8287828801931223,0.801198146214065,0.7820967050424096,0.6245648652277012,0.49942478132971846,0.547759227704137,0.3429888060843517,0.4539064887072587,0.42651260782197714,0.2295768214387758,0.15194015700923172,0.06376955252768542,-0.01378017570730087,-0.014352085356654125,-0.20269941827679636,-0.1352286432363244,-0.24759351197781237,-0.27898291154266064
-1.243366362937483,-1.085143284554772,-1.0589204949057063,-0.987928593974348,-1.0242967119753386,-0.8859215416299991,-0.9237098701757543,-0.6424603629320806,-0.6998514920243182,-0.6254138379802713,-0.5424543423725413,-0.30517351296959017,-0.18328299178484,0.17215594436354772,0.1282815819193573,0.5571500204893177,0.6791603585481685,0.609123621545463,0.6757482249742038,0.8382578459757272,0.8585972785508328,0.707068839657152,0.832237277320591,0.6440360846268329,0.7573649166878512,0.8134217445638127,0.7899288924889101,0.5942476709100498,0.5614165762953263,0.5985454260857435,0.4756685964090419,0.3620840763668781,0.3193859944424049,0.3532024843328758,0.12556959687810357,0.09371924668735361,0.021880475528498682,-0.1657591455521542,-0.21174261803558347,-0.14570108462413575,-0.32000445217471934,-0.2735201042060347
-0.9907823352470575,-1.0232825139316166,-1.0661818136664554,-1.143060920914848,-0.9989886614947688,-0.9785693534056799,-0.8562070014092823,-0.8289887627438295,-0.7972898121909379,-0.45013872073266536,-0.3537629174780298,-0.20959155506368618,0.06283096799287168,0.003327939314116496,0.27336235432603956,0.3556622320240471,0.6419434170972401,0.47849383302636506,0.7715081895009821,0.8553818725518025,0.7649063144347026,0.8997462866748821,0.8869796934866563,0.7934502359710828,0.9167003331446731,0.6585874349401235,0.6531902221956175,0.7522132012662225,0.6007276509050599,0.4831775535623072,0.47533625503055854,0.49317314671619794,0.32794592537910366,0.19721867698548623,0.28526650083989247,0.15745227999689,0.035866193865866106,-0.04609423767208803,-0.15358211260278246,-0.20352233659786725,-0.22317934701592898,-0.21354465942443815
-0.39083938359022274,-0.3245358046123836,-0.4134598085059827,-0.40573787314285154,-0.42818346396306256,-0.29360844185354407,-0.4490588933936016,-0.4314666271088378,-0.412116700805706,-0.4282431079875212,-0.40533899161881337,-0.33917358513041795,-0.4717560646781509,-0.3019794692975502,-0.356649184279934,-0.33347575871352364,-0.4547236270433444,-0.3799487830566897,-0.45499897705892584,-0.4101713949137536,-0.44269817397059813,-0.4040219329870135,-0.4227139482030092,-0.4566609638852699,-0.4046808777068469,-0.3781489947457734,-0.3799315036566072,-0.40788756333890014,-0.32617930646372145,-0.3335775308786001,-0.32043909621028255,-0.36284546024315684,-0.3942346497335843,-0.44426760588697384,-0.33211925031949724,-0.30958650660926884,-0.392669658485332,-0.3517532648360237,-0.334930501752998,-0.43182041414417216,-0.3886700593821449,-0.332580267153047
0.4415623882221588,0.33823188587017466,0.5481723229902321,0.5905662934650329,0.2554995478463087,0.24691469856925843,0.35920585994879545,0.37205256541213305,0.4650258617742934,0.3948495856043088,0.4500875538469492,0.3351867235239062,0.29358935800558783,0.3603019284224139,0.21392215416903093,0.32805646081548145,0.14831983184590278,0.3616688264273959,0.2829526930858162,0.055471537536585576,0.2136036134072747,0.22332996003052794,0.2784230002267843,0.2401074464048421,0.25943854533277777,0.019405192407532426,0.286826634747499,0.24419226057624055,0.18962414715283604,0.318054363052676,0.15113709574856582,0.2286031237090954,0.11974923072861758,0.31011115719751103,0.07523704806160013,0.24398467549461217,0.2171369285766285,0.24914625350089176,0.30536689890287433,0.1947012686194752,0.06767545110316694,0.2387258141260652
0.5189026252897727,0.48357170855984805,0.6262500659398706,0.47398665871389717,0.20975921225968408,0.4121205238584241,0.2848671513323757,0.4926669093222967,0.34497778756461905,0.3019610981131499,0.374063720582564,0.27772733784013964,0.23630841993203408,0.08505355996698562,0.04042469189027732,0.16467804450097392,0.21708570628398347,0.33375855848349695,0.06952052002655264,0.2453735014805314,0.2217606492364366,0.037263927997282946,0.19799941985907374,0.2236212104622088,0.10991065207972467,0.19490006317098996,0.16118719569608683,0.23306931092550762,0.07292084176187738,0.15769672037846963,0.3000721337616366,0.1775745719575317,0.17277201035998227,0.16010819735361043,0.3226619107566404,0.23521682094206714,0.27511148413137976,0.12140350513818281,0.17330146534617485,0.2941488695179011,0.3049798657766485,0.26579442625963084
0.459121785560428,0.6354476989015887,0.44374981998274127,0.4387089718057971,0.4098813346107528,0.5379888278267557,0.5388317167723703,0.5203360778067662,0.24387027439334164,0.4241109398162061,0.3163688897359179,0.09051450385808746,0.2024007673709869,0.35177852848968705,0.23737109954937508,0.11681064383433751,0.35691298497323964,0.10920534751103224,0.3154965557930757,0.22881366684233742,0.005537677312448072,0.3143726935755659,0.20155849096506312,0.20960863673985441,0.04724854570947719,0.01872594203921426,0.14577958417222528,0.29603467425736757,0.20705921102336602,0.10699192148434894,0.028402667444975008,0.17993459497403397,0.16468199347038592,0.13144371322080897,0.31996147275339276,0.28923171443670304,0.10404016864961001,0.20237848137595466,0.14113885540790383,0.15936747545432134,0.1791883082489207,0.3129956659804587
0.2315416565333516,0.48863779156844833,0.5131874469921691,0.36029456786406017,0.4494411053234372,0.5114799425214618,0.4824508212663955,0.4239940007688651,0.20450255879692775,0.4112421674883148,0.1466671141761639,0.1591973371229697,0.1279936146709255,0.35950339353785116,0.06846078961126166,0.05776989295847068,0.17796126623871267,0.09356084737432664,0.16649991274671952,0.1781587620950024,0.26597247564158116,0.08208808583335016,0.03690618108492734,0.2319719699429438,0.10064093172438197,0.05512653578268535,0.2737303858422857,0.19746310700465675,0.049090434867656775,0.21171079054358685,0.1144469914990856,0.24817064141586137,0.25134781504986237,0.26103520095749244,0.051526567121535805,0.1178943263880529,0.05477660528109204,0.2166797872175074,0.3160955632734709,0.13521596087866405,0.11884648713645139,0.25247258153412283
0.4662404884419041,0.29501131721832824,0.436817669829923,0.3140512467500084,0.32005573256103453,0.3035497526134459,0.2133202139344115,0.16721217682759154,0.43507971633376036,0.4023251370194031,0.3828642964692456,0.07722903307264341,0.27704942858294934,0.3684505950781031,0.1976604980784734,0.13298618485993938,0.14719836825969695,0.09210033692513615,0.08223111781606615,0.09597345040748112,0.2672750976297816,0.12363908885688782,0.004732708822393063,0.0418504621074832,0.20295633058211923,0.017337474614243016,0.17320231225495744,0.1432791573630886,0.3070338137922459,0.14620140809877835,0.12803332329425285,0.16149540338383708,0.1957612360482679,0.09792014277304228,0.040106211406143115,0.29939249765608106,0.20882628091604444,0.06126159284018134,0.28877459492708085,0.27473981879855724,0.1889238317476524,0.14833712526094522
-0.30833377994995864,-0.30304303560340523,-0.2520598402743764,-0.30195629897477133,-0.32309218178278326,-0.3862868140628633,-0.37596054664903705,-0.4146872955480356,-0.3960081084006999,-0.36992592966217874,-0.25839278440177954,-0.29426161654650945,-0.2498246630597386,-0.2280471827795425,-0.37813287573769816,-0.3807386896589251,-0.3378116781961162,-0.3805246380745374,-0.29865289996806704,-0.3374790184470776,-0.4061970510266314,-0.4131594892411475,-0.30655501531926344,-0.3204540151937068,-0.24245955506701483,-0.26314785305500205,-0.29072794744569075,-0.3217196058156181,-0.41409562758048135,-0.2682461512215709,-0.297022843790631,-0.2674922394245101,-0.33878293480944965,-0.24930666211704586,-0.3846062576716747,-0.2395423079648976,-0.3063349789415781,-0.3640808209440436,-0.22750519686359505,-0.3753590462908282,-0.25502125354523647,-0.28879883821837604
-0.5210670022989994,-0.3645521441277164,-0.5438078678607686,-0.445286484101647,-0.6157123563255398,-0.5136180096784752,-0.45777848375159375,-0.5482640122838962,-0.5761954752634633,-0.5418108513840034,-0.39943748685396085,-0.4532472789591748,-0.3195092836865538,-0.37091733649476544,-0.46807992898323436,-0.31644746276208374,-0.4378664400565399,-0.20884761844882135,-0.14497453820782746,-0.22556684755649317,-0.15172031655909302,-0.24781290186682092,0.019521927174167317,-0.04224256817951543,-0.009344784196693177,0.19005274064452277,-0.015340887678328986,0.05251807417305928,0.15654453310999472,0.10340968520238666,0.17633389675209551,0.21441266964367703,0.27280360066026765,0.3884823904695144,0.5143346295759016,0.6329357566636775,0.460602676257305,0.4395342654304873,0.47846819692075504,0.5729761116878661,0.8312898129564187,0.7429644494209428
-0.3182527238934146,-0.4036134599683089,-0.33482300560431655,-0.32225367540191974,-0.41667513512625426,-0.5513018286586338,-0.46637462726439977,-0.46549986595599613,-0.5232064995672457,-0.2962205670164534,-0.4333809863187913,-0.48953600945408804,-0.4249876437839536,-0.47395408019069285,-0.239382227357481,-0.3692046815425166,-0.37201093521842166,-0.2689687481508486,-0.27098694652046196,-0.27361516420748955,-0.11121005612533759,-0.014693627590289223,0.07848208241477483,-0.09208034394843094,-0.17189312905976192,-0.0404286523473312,-0.06578751721246055,0.06413964838743558,0.014345563355679465,0.11228376631556547,0.4017453670266684,0.4297966019022321,0.24382034418355245,0.33264634634414925,0.5841621182591368,0.6445507136768344,0.6973085098948464,0.6063644066279348,0.6285522233194583,0.7505064308170294,0.7965204483652982,0.7399935204988978
-0.5561915646625769,-0.4850080467049613,-0.38493627244238576,-0.4350227786995194,-0.5421917314288383,-0.44385113933748577,-0.45819569780368063,-0.4495631428161738,-0.5098767254867496,-0.592683632469441,-0.47454250648615365,-0.5355209250958374,-0.43833435838107676,-0.3159803955236924,-0.1998144753497413,-0.38045051111580264,-0.41222559670575226,-0.3486493287042593,-0.31992344963663116,-0.3415777759817077,-0.2222524864852661,0.0017728147036189133,-0.05623616505484756,-0.031703959285978585,0.141472366300248,-0.004641829212744545,-0.0755424816570057,-0.004618956917743507,0.3194875823789346,0.3013968770274381,0.4417120900711164,0.2692838006989623,0.5945500080822397,0.4014131428568404,0.3997508146959852,0.5338087864776014,0.410808215667968,0.6729166267492869,0.5914898512776136,0.5442538659980237,0.8002353723649764,0.6101040715352091
-0.23154358942560682,-0.19944386976819678,-0.3320764394188765,-0.1932900764123879,-0.3649367571267384,-0.18925518767836663,-0.21959801089986022,-0.36267171142047794,-0.19775408263037883,-0.18445354673709632,-0.2672768409013676,-0.22451763107111264,-0.2415437873283204,-0.20835402157538144,-0.20775391884658598,-0.31268725108387313,-0.20236543082820377,-0.2426874820761276,-0.2647820362084537,-0.1836955545712903,-0.2933611114882198,-0.37588103800162276,-0.2667707938589132,-0.34526663732838436,-0.2273811843279839,-0.33153855289212414,-0.3285644306660183,-0.33870819919680334,-0.18016358662742393,-0.2841856122376732,-0.18873169830700354,-0.3385711319732673,-0.2335390487867803,-0.18302894022346472,-0.24724820549947876,-0.26417798942242837,-0.25347259608510847,-0.27700619667679804,-0.2432572237062468,-0.3005723789323526,-0.19930133154549162,-0.3664441465812728
-0.8520830364898213,-0.6464241570243955,-0.6562760791335555,-0.577055307604642,-0.5246027637375912,-0.8429384232107101,-0.881962471049711,-0.8017655159986249,-0.7677910537327585,-0.5836482755397793,-0.8492988087471324,-0.6645708725234628,-0.6606526383067313,-0.6991539339917021,-0.48695897662920523,-0.5619323443553503,-0.23713722927405584,-0.4907041505933043,-0.28462771025515343,-0.5092561742159949,-0.15301001457036337,-0.1650961614250035,-0.0032967507798618485,-0.2738916829389633,0.14300634561733266,0.19331046194020082,0.009016732611905252,0.1009829838317432,0.3577031861382081,0.28044497856295675,0.2141243999929589,0.1886688916563301,0.48062318156794753,0.33702263033666013,0.5741911585869998,0.3934566213759431,0.5158341045327782,0.8309506807511086,0.7447255498102514,0.45764799372708703,0.7001019713215247,0.9163183623742528
-0.610341056467517,-0.7047223822675296,-0.7329222300375802,-1.0092935262575538,-0.8854700245810427,-0.8825471361064718,-0.5597179185458321,-0.9367645088495821,-0.7320256471560868,-0.6661057335807866,-0.6582411745543948,-0.43794405333405556,-0.4909368063932901,-0.6634125284310474,-0.5299279720083229,-0.5167129391421268,-0.3231375621798945,-0.3212352906245613,-0.3561273374261201,-0.07850972793376591,-0.264441663987614,-0.24339084249923623,0.07692291179875761,0.03786265761098872,0.08567389316384708,0.0698024120857978,0.14651366093597137,0.12102506976473898,0.12821264412822694,0.1441563078520854,0.2774458754818763,0.4588778282927578,0.361084493794864,0.4670749924333234,0.4892538561787984,0.7419822941147761,0.5089381657051294,0.6270199051330756,0.4631854540568249,0.5259479092416849,0.8616589591052795,0.5044625948170072
-0.8121209302725236,-0.6612661707095253,-0.6295079606494872,-0.5566178771849276,-0.8085609782601564,-0.517169176993872,-0.503796085740053,-0.6120585964382812,-0.4725466655733607,-0.7960429345169947,-0.5581564041921336,-0.7248387952158277,-0.38870423761645934,-0.5525038381688921,-0.5272394819293162,-0.26748287975029117,-0.25219342927529087,-0.49278136105662035,-0.5082539455624226,-0.3467937880605765,-0.040165127104034,-0.01216062668714396,-0.23300860034645046,0.01832021497455473,-0.2004595537956939,0.1764618152433183,0.06272038423368019,-0.049221336148182776,0.32990627378003423,0.1836173611448512,0.4110356962993894,0.5573950538426664,0.45115494619437113,0.5303374180752091,0.4073258684664959,0.3240612078510744,0.5060835364000157,0.7604191763524705,0.798557416748787,0.770062236830298,0.7070645114465397,0.5400353876201702
-0.6024140207127163,-0.750140188145045,-0.4860842285397653,-0.7658254328860492,-0.7799511617204252,-0.8677874371313803,-0.8717188517015471,-0.8283712775373017,-0.8229736638324483,-0.7953431300608844,-0.4848411965662134,-0.6364712147739244,-0.6697722013141595,-0.5287621735532247,-0.31524939495899884,-0.5274280879460644,-0.36832977137947726,-0.5365728693729851,-0.2510838331017653,-0.43742182539882485,-0.27793643618708563,-0.1013958222265414,-0.33046353749838203,0.00999893624987102,0.10927707014513878,0.22504349006187083,0.26746318576474337,0.11546406549347836,0.15921994113548943,0.21551391255765465,0.18635872655080857,0.353220477009397,0.3422802225476969,0.5696892559932601,0.6704696131799038,0.4602740977928019,0.5036360047942366,0.3862237630645516,0.6677167053953366,0.8067244670374346,0.8384823056971354,0.8256488220580337
