gfs-wave-data.json
{"header": {"parameterCategory":2,"parameterNumber":3,"dx":2.5,"dy":2.5,"nx":144,"ny":73,"la1":90.0,"la2":-90.0,"lo1":0.0,"lo2":357.5}, "data":
[rows 19 to 37 of 73, columns 42 to 83 of 144]
-0.28219155537307367,-0.17918967188643584,-0.25789299405132665,-0.23796895160962087,-0.2675639645299675,-0.3098953573749954,-0.20113387655270165,-0.19094202194798504,-0.17009234942117377,-0.2363018902468402,-0.3470805258589445,-0.2716951066273221,-0.328488697910726,-0.22784064792418207,-0.28120419166508637,-0.31309255881570447,-0.34300721057334194,-0.2587796608631647,-0.24961276594896364,-0.3562292714687866,-0.33928940389291184,-0.3576001379579509,-0.20383102005304862,-0.260400186580235,-0.24859463552657013,-0.3266067393566489,-0.24529448437172044,-0.18195223777047775,-0.3231469503620813,-0.16710177526596498,-0.27323342950127233,-0.27299712888144745,-0.21898620018673198,-0.2848761553322546,-0.29204707353916143,-0.25535047767282604,-0.2874621221983819,-0.3235570532506996,-0.2567422293500143,-0.1758942639457982,-0.3413027786837809,-0.22099723744119143
-0.23959554103630362,-0.198562556519166,-0.30685771027463965,-0.31997712796348754,-0.22504004767182748,-0.2573331297799978,-0.1780923880962596,-0.18470143614879672,-0.22145565790943084,-0.19671156432948098,-0.23836171451037294,-0.34280627954760007,-0.2260128383373661,-0.335360997374671,-0.32118053522352313,-0.21644867620193897,-0.21900985233145498,-0.29715242453259905,-0.2519247835557569,-0.17642301140310254,-0.3124167383644513,-0.18315791940207451,-0.37017439782579475,-0.25034720795520243,-0.3287950125394863,-0.35380100192527514,-0.33239450934833287,-0.2577571598548822,-0.30109732743661405,-0.27026293927220246,-0.23412543499234373,-0.3094394096712822,-0.19987211519572576,-0.19473744870642246,-0.1978229723927229,-0.17498021435394448,-0.2674274337039915,-0.2851152108201859,-0.2656839528546855,-0.3714758503514886,-0.2674852201068728,-0.32828061756587085
0.33032071862225393,0.2096935883197296,0.3620487794295526,0.17085362206184357,0.3580184541283699,0.41583110356907654,0.4700724642723614,0.3446791784339832,0.45879801170233736,0.295816768152415,0.40894913022812995,0.503700896381146,0.3982590729621334,0.3626544055192621,0.44590734203541876,0.4937137024946352,0.41853705661384016,0.357694325349866,0.28769429981812333,0.40659391597759575,0.44716710459987846,0.38935470013273377,0.2714874262371597,0.47154407906978846,0.12236298371222845,0.14270832051724275,0.027058868577495853,0.3755159657930638,0.2601618320133634,0.12258105910915378,-0.19375748972566886,-0.19943116688933396,-0.15494373077696857,-0.3181434149247944,-0.25307387849068524,-0.16759150179686944,-0.3397454085085055,-0.4415210886380857,-0.2676489627410765,-0.21689698184811262,-0.41338308775205435,-0.42618552798780024
0.11007565602565465,0.27538926811957637,0.19461756951379888,0.40395077329744083,0.28098762289953955,0.4693260611200731,0.5442246655160495,0.40943735433531014,0.4433171636145391,0.580350198660609,0.45748451805208856,0.5867486637247614,0.48492035787080473,0.5187741668844951,0.4546944527109604,0.560022464724191,0.4113142782964215,0.3240774270875202,0.5390681603682693,0.4846034265259949,0.519803337084759,0.20226570536106356,0.45962234372716587,0.3505101227896149,0.4223282064085765,0.44061457948322025,0.4023670243233955,0.043823188144913594,0.32359476240494245,0.035869440496117316,0.09117643879996992,-0.08801171731241764,0.056588851437127,-0.15636382096683313,-0.3879924316470518,-0.25036512946947526,-0.41853114859479046,-0.395635293581026,-0.3579341114163174,-0.4620741070875882,-0.3714880771291237,-0.2897382345415911
0.14850429699842843,0.20313797919471305,0.2423135904097205,0.27485732872604046,0.41144623388574464,0.3918362407156626,0.5393471765162821,0.381755060020751,0.2936928915887834,0.3678087926597474,0.43678930889816125,0.43735960926010914,0.5015807048009274,0.5615990734357067,0.41721744239430597,0.45131286789729447,0.47915781250184003,0.416504333876503,0.4128954430412642,0.6141832084286859,0.4386192152828544,0.28251609737768474,0.48067618499344134,0.36945698838026475,0.12281862951089917,0.3149047197134541,0.19932933867761513,0.2840084652401523,0.11595203692100033,-0.1418906059231445,-0.2087115630745491,-0.0797821437333008,-0.08186053232029011,-0.18422689243772736,-0.2708319954178614,-0.14413149626604524,-0.2069670751398113,-0.3423773906024794,-0.5064432006133681,-0.3445729007655287,-0.4549083485950588,-0.4345900063262944
-0.3378567968809207,-0.2305122050905931,-0.4037001395323245,-0.2661494508174923,-0.4033902681125924,-0.2926897251320589,-0.2436739713518305,-0.2888278258777777,-0.26446317753363013,-0.4020910049436329,-0.40480937594182265,-0.2520254383796218,-0.31443862784973897,-0.3638714153730669,-0.2904363354139761,-0.22493992119471287,-0.22943538985742265,-0.256052379674274,-0.40893926705398315,-0.3541318284228637,-0.41575070837613554,-0.40274098976065337,-0.2947883806246368,-0.35672459195472134,-0.259231185072921,-0.3721015215719043,-0.2559896669781978,-0.2846992870854732,-0.4121349213101533,-0.33101784765595793,-0.2847898520567351,-0.2444588018745706,-0.329274975234259,-0.2754796277375485,-0.3003604218255529,-0.2788657938182088,-0.24831637591662942,-0.33540381866650937,-0.23145956618189875,-0.30909987364835645,-0.24009274770156266,-0.3969093242111941
-0.423379702753273,-0.3435761392001765,-0.23725988816985596,-0.15673335515225012,-0.36348968995302955,-0.3179301219607062,-0.2275081092752831,-0.10090242896446029,-0.15321589706640135,-0.0733816285402854,-0.3950136360642295,-0.20345864024166696,-0.36592115626930627,-0.16498871989937164,-0.22977575562910613,-0.3880658124219383,-0.3025238009710839,-0.2770305478348202,-0.18151565078412174,-0.2650337402846229,-0.37019939187683554,-0.4635082069942168,-0.4871262641265202,-0.21084700923042987,-0.3599054990780042,-0.2538685134464627,-0.2616299301260386,-0.3927456130049702,-0.4267923509730863,-0.3505480267932615,-0.5505140487970472,-0.6951636120324173,-0.824356106630497,-0.6313780403142135,-0.8201520390568408,-0.7747859917965003,-0.6208470068370531,-0.8490930538042157,-0.5914168271488386,-0.697083770573895,-0.8872341876636064,-0.7480849886845033
-0.3041981481132489,-0.24211745891034206,-0.3350143424510513,-0.19319957601276114,-0.08677516261167507,-0.10352829174447063,-0.14131324984146224,-0.29126239833772155,-0.26385620294418616,-0.39347194148106523,-0.12842826354960157,-0.3539655515633246,-0.17468276334825986,-0.37709159539662807,-0.2609497985231269,-0.35053951824180024,-0.1352401638755011,-0.3455417840158523,-0.22404884752250323,-0.4126066373170962,-0.22916158523698038,-0.4712792474648152,-0.2929497257320148,-0.38885672241938085,-0.4963782636603516,-0.46181855754423906,-0.3149330570230143,-0.32605384342862964,-0.4311814152014253,-0.40845888894518384,-0.5441692765052557,-0.742457047211549,-0.49034980342163487,-0.8482453924099801,-0.7143598819396452,-0.5780373157438466,-0.8410182699768466,-0.9165698712863459,-0.9869861939355226,-0.6258247357380404,-0.7863952744211676,-0.9922614294287184
-0.19272463693978908,-0.04381335246824724,-0.23933985674552655,-0.029853677795743678,-0.11412336232051422,-0.09533273764559866,-0.2942162301662317,-0.11492411952765956,-0.14026735742916668,-0.3231427549219876,-0.16927960496582764,-0.3905382219234119,-0.13741275794642602,-0.40129798994358234,-0.25984495933270846,-0.40050771490534254,-0.18858552646079646,-0.3570118063260461,-0.18181187846811012,-0.22026919520220303,-0.34682350030601883,-0.34111880592575033,-0.2619126299817153,-0.34576348642314436,-0.46069520358487015,-0.3394560232429333,-0.49456532673421577,-0.4055550359568665,-0.5118124562175127,-0.3206164533152098,-0.3718166948216911,-0.5014308553783997,-0.7238621103660339,-0.8166172390037681,-0.7725824713336575,-0.8352763785585858,-0.9173560584236062,-0.7356050937167979,-0.6129148748312104,-0.7388614369630725,-0.9330440976568127,-0.6212757556323009
-0.041048286164689425,-0.09536393861997663,-0.0250314956126387,-0.35589570852835545,-0.4120706796475687,-0.2109908951161879,-0.08120680827272879,-0.35258055782325765,-0.11730261745818606,-0.2856852547719195,-0.23251405955141005,-0.44541088020883385,-0.23237419962801512,-0.4417585501469164,-0.42375247592196413,-0.3175909211647745,-0.30743897926923586,-0.24440455875853725,-0.43530263690792764,-0.31546895358939603,-0.3675375521039131,-0.503716275202573,-0.36762404165049467,-0.2397517381362737,-0.2923930760992588,-0.3479826131318531,-0.49006251297968006,-0.33836363646726453,-0.4264267227764878,-0.34796295110956954,-0.37602091470455584,-0.8005180202397929,-0.6434581285538454,-0.6155986881811321,-0.8540071472504919,-0.7800865845880851,-0.745178379629892,-0.8322111587556025,-0.6632834700539816,-0.840309904276592,-0.7339195698110774,-0.8365769214805236
-0.3390886066241197,-0.12366943697724357,-0.05172436518525115,-0.08835718334005344,-0.13649774684578106,-0.3262325327988448,-0.06469413720442538,-0.31800262058186995,-0.27285101277513557,-0.2079986194436725,-0.35631989151803417,-0.2787182289537324,-0.2511160134369646,-0.2718141658820525,-0.37496758461066587,-0.17679390972816397,-0.14548113353831474,-0.26203268042422534,-0.2213105886869903,-0.3904446230500888,-0.30681355118199927,-0.37990983278190477,-0.4981784267512124,-0.43423851393986135,-0.3791444294859669,-0.2877667530566067,-0.45067509743481443,-0.37275342518906046,-0.4494282165711788,-0.36048717537491437,-0.5455180816607256,-0.5610881871877904,-0.6321719534712796,-0.9170050234806802,-0.7945254499839008,-0.9432572724995124,-0.6421307793768877,-0.8406962282478324,-0.8964668511880928,-0.8030039926645579,-0.8152330201809534,-0.7831193261698686
-0.3424011945579532,-0.4604111126157903,-0.3271696823239867,-0.37403403119627826,-0.3372684775731094,-0.3438915146042472,-0.40675033442237524,-0.3113042926182145,-0.3730208137794464,-0.4061077555453077,-0.40365308029700353,-0.28620497586730004,-0.37452709800207123,-0.40150810690181066,-0.4178294721417699,-0.4280158974911985,-0.34940327924392744,-0.2904584617221612,-0.3216148684085712,-0.3107833642601566,-0.3059654929162431,-0.4728467556906153,-0.3073422802009026,-0.36864352918609156,-0.4297285649609537,-0.4411442461753074,-0.4558698366885807,-0.4018151909314276,-0.3086488772476217,-0.4125610189265118,-0.3366442583101603,-0.3778768279691671,-0.3933987376410447,-0.2807068404766003,-0.3867883856801464,-0.3719464930044424,-0.35920781140161445,-0.4444486706925242,-0.34315864066873053,-0.28058397827059817,-0.30793240589583487,-0.4687332017446342
-0.4230132639002154,-0.5040774467820511,-0.22898669938336286,-0.13286530358070683,-0.19503079290630376,-0.10756744207137506,0.01495748232571837,-0.0048303455100705125,0.059945966408653656,0.19432255065772863,0.14815148707158154,0.2898195759483712,0.30434398956155495,0.3893401503773592,0.37961586072683123,0.49960094166067265,0.3835967840536079,0.47917863915878567,0.3958746548966455,0.4472747082668559,0.5716140272383323,0.43955600295160907,0.4638416086289166,0.440014973998628,0.44227907116549775,0.425428968737629,0.4351663914845129,0.27556453117820945,0.2628203841219004,-0.006503960072402,0.12535444385607503,-0.043207341324724424,-0.3989542177487141,-0.46719972597579007,-0.4847956989960697,-0.45613024465111807,-0.7311806834012133,-0.7608870336921758,-0.8491453584571697,-0.8848031538145609,-1.039392898240763,-0.9704854551183603
-0.4824307317452123,-0.2572555214154743,-0.29642219899796785,-0.1335603348518649,-0.2405356568003927,-0.04205360479994109,-0.03336978946971145,0.163359864368417,0.20331861431943143,0.17262356064791262,0.36145966934625573,0.3220092715759976,0.273511181712828,0.2831559679595366,0.39252042557756517,0.38869037497880066,0.5147786208985552,0.5257950890564466,0.4822130953396944,0.4860562885875744,0.4790381368220197,0.4351136803824237,0.5176366407135332,0.6109657781584142,0.36388605648881,0.46164490552398735,0.4867210701404716,0.44699224444761443,0.2448718033122383,0.1746422847786204,-0.07764879447582167,-0.1515185010440792,-0.2829083484476726,-0.3930971776476238,-0.5936538464754291,-0.47328425122894663,-0.8395439721182693,-0.9164774555897545,-0.8918997060661057,-1.0195095219072472,-1.136678291370572,-1.0898940124515024
-0.3783475134031409,-0.3942037209959382,-0.35818460106856254,-0.17454223793858528,-0.19910329351376377,0.00769953051103395,0.07622878202230216,0.017184171030447035,0.12331356962959095,0.23960203745761696,0.24203488532086614,0.31995671980494444,0.33296002465245106,0.40882680672397015,0.3470033013250859,0.40127035815262463,0.3195520372884042,0.5116079456546326,0.46071439838112177,0.5460662628061387,0.4898550767880438,0.44501411697802273,0.43674437459930054,0.5378955686742298,0.3578122474944201,0.4850429777440981,0.36985713499706535,0.33513644058977826,0.3269280057019306,0.15721701411024608,-0.06378884212078882,-0.12873379187162506,-0.23147162089207088,-0.5332919873702817,-0.5557988513000018,-0.6760715578317262,-0.5907756392969228,-0.7079131350942233,-0.9592887988107572,-1.0439712057360426,-1.1583546390584532,-1.1874345175425758
-0.5523607935951392,-0.40223950092288324,-0.2806756644796188,-0.341556176541948,-0.22483901078548088,-0.08297770427080539,0.02314976704562671,0.10664675815630222,0.19345382983644716,0.23702347754923925,0.24809502045842854,0.29070898532541006,0.46125167759707064,0.2616279431609237,0.29926393637028015,0.49156139297319873,0.4965003969101385,0.5150492807946637,0.48912436597844644,0.4581238536835876,0.5700059543909649,0.48825233213832386,0.5502427200847535,0.4153465798136427,0.48520034869068907,0.30324899404083444,0.33424288433456567,0.24515605346526617,0.15656363564465187,0.21156245728216902,0.06938473001527602,-0.01146048977796663,-0.3808653747754964,-0.26759382604126036,-0.3630506103643754,-0.5269799743086828,-0.6634080766981701,-0.8498058197687778,-0.7898804621553241,-1.059557173728735,-1.1951568038246763,-1.1322035611112984
-0.5119039759641697,-0.46722209495463307,-0.33969094392366705,-0.3180499528325831,-0.11513803032250891,-0.03806114611795182,-0.07251725136498284,0.060060668399686594,0.14177881694735806,0.14766265751764363,0.27603560853189923,0.3275487891176016,0.2494249417514385,0.44344673081521047,0.3854768328090709,0.4326727103554155,0.43572560305006086,0.3739971827536792,0.5548040499306851,0.44727065025630475,0.4392735730852906,0.6218157075766211,0.5055455780578079,0.37739726481239716,0.5671983850707615,0.40613472481212143,0.4488175910606525,0.2833232135380209,0.22156373679312566,0.05207947053209613,0.12210467920079163,-0.02174039136724604,-0.2960387161386685,-0.47961407113862214,-0.64692970051393,-0.7184078635801225,-0.7693916503141354,-0.6449844009987891,-0.8817669284687968,-0.8762684021060535,-1.0839032754829454,-0.961976196947331
-0.4632572891458668,-0.3865677774431364,-0.2666147068090964,-0.3056662539224353,-0.09509717879675236,-0.025736904266673712,0.012451157237384994,0.1138007252696715,0.049754296175797186,0.13286562777067185,0.22954230686589122,0.33897634185703857,0.3014611506473215,0.3857055493503984,0.39633638264030224,0.4245178192178175,0.3706914506657025,0.5022004449937817,0.47836988663429436,0.5766550638425677,0.5202526490403228,0.40582459225948353,0.46921367293010846,0.5772839621124121,0.42384104871814887,0.4824463236129179,0.3851136829718239,0.35743663547374577,0.2268896593045289,0.21830468391855568,-0.13007280351923892,-0.25130596873015815,-0.1154053341670873,-0.3778457724886637,-0.4832466531539013,-0.6702736924629117,-0.7952382709978885,-0.8288750447484832,-0.9229038626462818,-1.0453536410657234,-1.1021376129051361,-0.9993277403290408
-0.4795876617511075,-0.3138113307838394,-0.35725945802520453,-0.1446154295848611,-0.12390108714002497,0.011385572729560128,0.07828926174960793,0.04181676608728293,0.08172930620321317,0.27737096031720804,0.21751349504343148,0.31941914089638623,0.447363816621586,0.3244039998505757,0.3195747650526739,0.4528844394841743,0.4093070565811128,0.400743887943438,0.463225948848753,0.5826791814959539,0.5066979394628708,0.5271641973567817,0.5834983046199724,0.5325694591230057,0.34459151999393317,0.3772451811846424,0.3469980030162283,0.33869234217126915,0.3045098880746386,0.14753546457573447,-0.04928592478195885,-0.10451505394985801,-0.37559756850509984,-0.2484134666138989,-0.4529242917919822,-0.7542894615378446,-0.8247351595351219,-0.8444375320147318,-0.9226690244770944,-1.0401270285202016,-1.0676654595182367,-0.926666788486205
