gfs-wave-data.json
{"header": {"parameterCategory":2,"parameterNumber":3,"dx":2.5,"dy":2.5,"nx":144,"ny":73,"la1":90.0,"la2":-90.0,"lo1":0.0,"lo2":357.5}, "data":
[rows 38 to 56 of 73, columns 42 to 83 of 144]
-0.5113336018745012,-0.30349915065247796,-0.24825977900099536,-0.14320121809395964,-0.1678398090111275,-0.13279508016743125,0.09589422610460072,0.06228783292194652,0.14567223674869492,0.29731214028294356,0.18838309544776605,0.26891254260268754,0.3292946918581391,0.3409498316193637,0.4210776918510919,0.31769993038278427,0.4788685464216017,0.5014239599492788,0.5978709678370772,0.5360039591131649,0.5397151834340826,0.5681826145945182,0.4974005752370806,0.5995528341098204,0.4602388183184351,0.40815661676210335,0.3609606201292086,0.4068664716272038,0.3042418390857119,-0.009753709036657393,-0.05860958810019353,0.004101721339615512,-0.1583339283158067,-0.4143888085718343,-0.36758529201482876,-0.7366196892114392,-0.5574756447833955,-0.8460327733795951,-0.8825938981497873,-1.0595673635426457,-1.1129294385141677,-1.1484432576320678
-0.5453918146955995,-0.4239807642783262,-0.23607112262466265,-0.1743803271802881,-0.13822890490337766,-0.06517953093353224,-0.09710949199108079,0.17297539284144614,0.0755262775669712,0.21355915772645992,0.2505586863000842,0.3472592188450423,0.39325755371616045,0.3121544010000584,0.355988210670784,0.39988872864312835,0.33946796895157205,0.45092107982745894,0.43281819028045504,0.543895164253471,0.544787091419901,0.48514468038082803,0.494700164319659,0.5916628866621552,0.3970631930130619,0.43494163700837196,0.4310051554621043,0.2342796969879594,0.28445120573266236,0.1912553615114539,-0.09126405700822213,0.033175636564913534,-0.3740795944615748,-0.3138046179114142,-0.5189390361164722,-0.6254810071439727,-0.6802372550809936,-0.7828909576733627,-0.977583900277716,-0.9904654920089645,-1.1107491664320934,-0.9641957620435471
-0.3916172911613425,-0.43364575936801697,-0.3474055883609469,-0.26166649397200925,-0.222020880358799,-0.08665637207646287,-0.04970878015337261,0.058174001935473035,0.11351218914636486,0.1842576523260727,0.25857731356526925,0.22027834612293454,0.3719254543572374,0.3749286115592827,0.41081617392761605,0.3827924760809606,0.4447349849862986,0.4005062384032716,0.4422441467923224,0.46542515387847894,0.5744171174183297,0.5607465586158652,0.5679940945694569,0.46351041895726913,0.3891108915127478,0.3493778883226771,0.41896763411801713,0.26108767248754083,0.07858842967674949,0.2605893800878713,-0.0062652626891370475,0.007691083476466691,-0.2210492256541171,-0.4902055620600626,-0.6071411449763274,-0.7629720802075952,-0.7829355233951497,-0.7365794314258594,-0.9000060253785869,-0.9942753156517286,-0.9210627514728852,-0.9323804374208843
-0.5339010406310761,-0.3761467492282044,-0.3991629777627909,-0.2526159513353761,-0.07753787503244945,-0.07340198426232067,-0.042841915689118784,0.02020363853712893,0.18609467586165468,0.2871539626226648,0.202070366754744,0.19846347818781118,0.32205118170809416,0.45169035025370374,0.373433922781143,0.4490006475412811,0.4212304577163614,0.46098885319823374,0.5052643559020241,0.5087360777450506,0.5728747744986514,0.529103126827994,0.41788920807230856,0.4878313518631975,0.3831609561912626,0.28923713370182574,0.43208466504413945,0.2559334426007708,0.1707004656305015,0.051489400520299135,0.050303638323134586,-0.06349275364686877,-0.25195330493716434,-0.5521506009670777,-0.42450027190580325,-0.5692455818850668,-0.7446499072240703,-1.0081616829505924,-0.7231236972892922,-0.9890962223976817,-0.9740689833785482,-0.9679147358586558
-0.33675925368331244,-0.3348642593506136,-0.40626120681662925,-0.3663804378571948,-0.3053058406179619,-0.37144188124157435,-0.33137750847261555,-0.4591624545155459,-0.4717404829114902,-0.3456480089057414,-0.4022841516577313,-0.3883801566740067,-0.47012364047208904,-0.3009247269186948,-0.40075890842597406,-0.37013475628914944,-0.42356231134917033,-0.4660666924724588,-0.31515250294411085,-0.3760534376913382,-0.3699551020300626,-0.3929130265771296,-0.3937862182141762,-0.2879220211027165,-0.4012537115223666,-0.43262628287512406,-0.31238777552487734,-0.3858998930250626,-0.2944636296680099,-0.408478484804718,-0.4208459086864931,-0.4406761082725452,-0.32202892704186714,-0.3397909101088552,-0.4643273974904457,-0.409339845996262,-0.4573717267190606,-0.441005450171106,-0.3495208400389466,-0.4208721705385658,-0.2814621876727656,-0.2986464588465244
1.0034547384627637,1.0220063726408721,0.9774590247422004,0.7434454587567304,0.8238127346396803,0.6641687908535633,0.696035628510799,0.8486079658576215,0.8343698226285542,0.7835854118074961,0.7238805534407394,0.6656564131846266,0.8084382241396394,0.7570431610752899,0.649397286188505,0.7890576248074086,0.7570596379107252,0.5806091268918352,0.6744157687808128,0.6551947429262797,0.6321736860614587,0.5158988875251164,0.5705519024634317,0.5757494530685244,0.6575813287949203,0.5748478617848205,0.5394654356337741,0.5552335208858467,0.5223349025654598,0.3910650218330838,0.35043719535157336,0.8183401528183396,0.49385391896703895,0.6895113377169914,0.7307458466334718,0.508694327726702,0.5482934024358703,0.38951475921207795,0.5248071254945761,0.4610352004827525,0.5647850399904186,0.606495774394716
0.8919948713849131,0.8991538365670477,0.847474727379762,0.8165635644300856,0.8774935046407881,0.8624628611742998,0.8235641506998059,0.9016549761285507,0.7564109333820622,0.7040621353079974,0.6607836846873392,0.7213094502376516,0.8112409816259876,0.58199735620138,0.5957161605478862,0.7284025691887241,0.619431700960097,0.601796194319702,0.6262309282089047,0.4843502303466314,0.5988772996320982,0.6948934633248965,0.4634675666920527,0.488211313924481,0.3994972614063645,0.5689498407171304,0.6112268444612581,0.4057049525813129,0.4877398709615397,0.5773614194365283,0.4605476968786702,0.687554037206851,0.7699293836218325,0.7379793708591699,0.5082215203404506,0.7045028552468375,0.5349910262411532,0.5500747278400734,0.5520762724230505,0.34739776576271847,0.3904130364687236,0.5333616928537058
0.8931453255693703,0.9291316435266136,0.8413915009577316,1.0129981084422632,0.6796350747237606,0.9226361208875408,0.8836325402616539,0.9400014685014785,0.8326016352863741,0.830296525286567,0.7948963859379478,0.6241245153081715,0.7048719443587841,0.7149002495693307,0.542262872237038,0.6830670127027627,0.6779285458238257,0.6412348570929095,0.547247322442244,0.5231357262516955,0.49370964895980923,0.5051000276333715,0.5985256920889885,0.567101841759594,0.5168480072569386,0.4334440880496384,0.5191387430082148,0.355670828226915,0.5481975977247173,0.5099165844252299,0.377477742932286,0.8814885602101223,0.6685987211617758,0.6298750164155643,0.6047317422801126,0.5508997167567288,0.6298010134398552,0.5906767551845916,0.6949982618627307,0.2943739158038731,0.46011787984664027,0.5751364781797915
0.8468702014619582,0.9164473822715774,0.9269067646580413,0.7441179135921411,0.8798196538756081,0.9839117747716747,0.8002344479262595,0.8470529684486191,0.7120292828867688,0.7880513121571469,0.7708850916135251,0.7254230491851439,0.8605082901907531,0.7368798291383303,0.6075579826160648,0.7216983912942976,0.5467978772530759,0.6587701705652721,0.6236441024886243,0.672295032263788,0.6688557980911062,0.48495151583342283,0.4686837972048015,0.47129059941866625,0.4509063192678378,0.43535787170722934,0.42410045799675566,0.4125127272147862,0.5211118891934251,0.3395748426232722,0.38373209000693353,0.7183822039378095,0.5619168589681816,0.5161931768952394,0.6989298037205375,0.5584523998232731,0.3620925709826894,0.4530926658722926,0.4427960287366094,0.45112144364333223,0.4141339511591716,0.48939112791738787
0.7198824697432696,0.9292956045306446,0.7062720694866892,0.8113790211790516,0.9025769510881779,0.8668710917664196,0.7933896156747435,0.9591947127231052,0.6167212304279994,0.5864912984649272,0.603519039538051,0.8244116977179173,0.6403036144840415,0.6461757140365646,0.6898742628908845,0.7101923736663249,0.5874637255271484,0.48473058696252164,0.6180427932949158,0.5723670545637954,0.5500211617738282,0.6418444474976757,0.503846675830367,0.4448643174817363,0.48534009187948385,0.525429567288294,0.3897547440725378,0.3463463228454077,0.5735852062856273,0.34243240720168266,0.34992244390073557,0.6257872571815362,0.5800563228228733,0.7245673504557999,0.7692239069666583,0.821086867319772,0.3871282147611827,0.3760074449043446,0.42396620198609647,0.5999294774836818,0.46385461714809284,0.504344215749274
-0.34205998906284135,-0.26679195578372705,-0.2653370462059941,-0.2503775265461799,-0.3572836287284869,-0.2647948423631827,-0.395547073665558,-0.34521159896504167,-0.39275454122624237,-0.2772567686073399,-0.23085157984006022,-0.39334496040716177,-0.3325514812469757,-0.24571528995522235,-0.32983054813994117,-0.2525995276210818,-0.3448975442567649,-0.35638636673876234,-0.34167881015414825,-0.335804163171816,-0.37430482728368175,-0.40764255337969735,-0.4232236864781929,-0.3712231585531605,-0.2652919390249926,-0.2948208645253878,-0.23136997176970175,-0.40354369062799883,-0.3486918619066541,-0.337849481937895,-0.2358973660166074,-0.3920430661887024,-0.32016835594652904,-0.32001667044855553,-0.2587246440187246,-0.3263283679330875,-0.30846900944982797,-0.32380451093601376,-0.3698908265162635,-0.38456892839988144,-0.28342247753082267,-0.24080805050000312
0.41227915471702103,0.4075564306588976,0.3914154993081835,0.2504724091399335,0.2779353790022146,0.3376319785533265,0.4080170385588136,0.35758678537556016,0.3414294495482112,0.42089895965368845,0.5791611770720787,0.5083308122970852,0.3510515910094232,0.5790156011904616,0.43263845633148706,0.3383117050937462,0.2946383255148624,0.5417274859156463,0.46620941501917507,0.31588701366264965,0.342298984560519,0.47701370193481857,0.2976979995721836,0.212427846534814,0.355194219399398,0.4419886341771343,0.0619503911589771,0.3248130223122163,-0.05980257579095665,-0.09590743197040309,0.223146485589517,0.05593689290965613,-0.18879896575709115,-0.15611464873844033,-0.20544520451892925,-0.05901268078952099,-0.44320239482364904,-0.31514998844522235,-0.3324918896693742,-0.4218378413485275,-0.4977017358061086,-0.4474463786873863
0.20789344714182242,0.3780193716590066,0.3172868171225911,0.2808675112986205,0.22113839747295366,0.4359070920917124,0.2699813491251663,0.2892260812389594,0.5052338077327237,0.30385495656212574,0.35130222742796136,0.330950784270913,0.6330294075391526,0.4678182314283402,0.4169672620154059,0.4993379024841092,0.34877900793245126,0.3766427337007723,0.3215294677701938,0.4192452852394074,0.5629572539925406,0.2813850844089097,0.5523151082017516,0.14238189376535135,0.1673651381207996,0.17032066152936717,0.4227395847813625,0.033869229294196244,0.231290306466351,0.18731713599579997,0.1721602707969718,0.023178932527762937,-0.26748069025327337,-0.17407016332543923,-0.24929926530868018,-0.22302702000095398,-0.17256498191505917,-0.3673233114061383,-0.3091426320856395,-0.4727055297207454,-0.3634210158221555,-0.5386219487796087
0.22510740716171435,0.32280920404477037,0.46048011048088483,0.4184186455649575,0.31027525178109483,0.28169627180487905,0.5162730694817792,0.30229183906891527,0.3296829180341934,0.2649837900939969,0.5608198834534237,0.39074851146896084,0.46993062611215397,0.38088741918623165,0.5642712260977774,0.5635719503686668,0.46503604938174087,0.30694389697745783,0.39900767838261986,0.5969928516165797,0.573528525612076,0.5308259001416239,0.4732108107856087,0.36950975551802834,0.38928774169275976,0.3309977928009382,0.2586293413115614,0.03681248312639017,0.16064914486744428,-0.09071502717066778,-0.13717529689737737,0.04007763489129737,-0.22803504752789877,-0.009337760500949303,-0.13204137221028076,-0.13358847091808793,-0.5066953728114817,-0.17339860834859083,-0.5111991092939319,-0.547863669739735,-0.33280893162781366,-0.597093333419268
-0.3550513652430026,-0.2858298253064077,-0.27680089093254634,-0.34399360834088366,-0.21979715259154844,-0.3521181576367547,-0.21138614017930335,-0.20161316731531487,-0.3329003990429516,-0.3183553017396476,-0.24101626718940147,-0.25449904860622924,-0.22998286348907937,-0.3121493309066855,-0.28423807097012527,-0.35702014882178984,-0.26169747034258745,-0.3544699824948212,-0.326408722412655,-0.22140679275042882,-0.2067276051261602,-0.24892105892851735,-0.26958634936783205,-0.3280100300929238,-0.31472615205661053,-0.20424931884351374,-0.19914270586636218,-0.20443089280146956,-0.37262118299436686,-0.18914884308994717,-0.3543239407882692,-0.2985189997624646,-0.2782675913043847,-0.3044877161906454,-0.20275294710421712,-0.3090820672300275,-0.17727864293671114,-0.2575054033202818,-0.3437746853670802,-0.2229925992521574,-0.3462943143928604,-0.23663224416575768
1.131384288304137,0.3335520102405364,1.0275462133139373,1.345981931104245,1.2462590811940804,1.4421282059394052,1.5524621522595303,1.0876197358379298,0.9216006661703616,0.9830506926185895,1.360910366683434,1.3784063775122077,1.3417499074166133,1.1659796769324373,1.1567247323270424,1.0127165091766352,0.7746436675002675,1.2532313083983608,0.8934926877203481,0.8118681967871193,1.1238728618604854,0.5852309952900433,0.8806560895850278,0.5386795642758339,0.8660762517533054,0.17347546362544325,0.5153863030705702,0.2790536174551467,-0.04451241282752731,-0.01954854243913844,0.33826424142121536,0.13528880713915,-0.33511631881176396,-0.18876594717689985,-0.03846883298227846,-0.42110951755030207,-0.6057348936689902,-0.27794403802286066,-0.7385624081739341,-0.47188626228438896,-0.4124005750346514,-0.9229624588847557
0.3500437183106046,1.0720458367026438,0.6403135685719619,1.0490600008355673,0.8629083944820104,1.0998175501555438,1.173030487117989,1.0342534903699283,1.1070199953179594,1.3523515932635204,1.0813588140533636,1.3904971384451765,1.1863130039315724,1.1166815383142357,1.3201096227950713,1.1996254382528075,0.9748597811576152,0.9410258636175254,1.019404056162694,0.8307798018459418,1.1086257173329097,0.7001147391895708,0.8738090090133106,0.3896364032600546,0.8355506153849797,0.7519470820820922,0.3554516893975028,0.37351523758203276,0.382964023380136,0.3865853215211478,0.029804096022398568,-0.09619503575837815,-0.48858265436424153,-0.2743246539192692,-0.2166915557078742,-0.5921217725969528,-0.7726412663485666,-0.5956934576696682,-0.8439570647593546,-0.5583544683040672,-0.6826179190818654,-0.826250466308322
0.36722606137863395,0.8264106909902785,0.7491504551065366,1.308590604978137,1.2762188358679998,1.3740675889167182,1.2451198281006761,1.5234843675032193,1.2437739972316122,1.3791658439104841,1.1418948015030872,1.6419256021570672,1.1676986727848937,1.0164849592807175,1.2397521575333732,1.3057747053358806,0.9784220652536539,1.390120230789245,1.0658126222899127,0.7849709531120199,1.2574033512555234,1.0241469925642928,0.4127696250895794,0.4820988475456702,0.6243838031439081,0.12912916752990058,0.14972094067882386,0.2510516253120077,0.4569610382536476,-0.17425471937860285,-0.11667787493025253,-0.3736981532855482,0.013801831779390336,-0.5671362335149825,-0.01377108505216406,-0.31250282520137057,-0.2094040595885737,-0.47701285478940414,-0.5848423171293536,-0.38853660131291035,-0.7570992423248463,-0.766627576695761
0.8030665088898904,0.72571179016523,0.6313892394568531,0.8785687097331458,1.3334629402675193,1.3785910945774364,1.0889842267464709,1.2849667630072963,1.47695086455845,1.139634807467876,1.0080017355622968,1.51577572750219,1.4149267373186467,1.4027420243644566,0.8317413149079945,0.8331943033260812,0.8742577189734847,1.159874349343033,1.002499399743077,0.7929395872889492,1.0882719581438838,1.0071596066654624,0.663882870979372,0.9778130878035849,0.5874858284744648,0.13650152759305417,0.24891359893924217,-0.07808559623638037,-0.0004655214462531686,-0.12138155106403056,0.1261588208762379,0.2369297491793449,-0.23199671534063915,-0.2726342798143539,-0.6103743401979995,-0.21044551847555348,-0.28832335121149855,-0.2982423530961008,-0.8622601102646843,-0.555418657751423,-0.796177030004188,-0.5394424056122951
