gfs-wave-data.json
{"header": {"parameterCategory":2,"parameterNumber":2,"dx":2.5,"dy":2.5,"nx":144,"ny":73,"la1":90.0,"la2":-90.0,"lo1":0.0,"lo2":357.5}, "data":
[rows 19 to 37 of 73, columns 42 to 83 of 144]
0.0007779881091803579,-0.01310819703668073,-0.00782867488928132,-0.009389967741181034,0.006292527583548361,-0.012677044513449556,-0.02852665878679271,0.028510071428028045,0.009798684629724563,-0.010232580597978156,-0.0058707292972870325,0.02479890299597571,-0.003982872181725334,-0.01888342635451492,-0.0009838392723666243,-0.01269159591486729,-0.011199653019415867,0.017557981166695207,-0.01932824603870871,0.0019319866193533363,0.008110716588532456,0.005957637298088249,-0.01976716913261053,0.0036057921387856687,0.009130452612241404,-0.01679554706284985,0.003852467554670626,-0.0014351531398382007,0.0025893232842453795,-0.024241017472676863,0.005805342348855705,-0.02273946134507137,-0.002542731697056033,-0.0017624277581044872,0.004499974798751174,0.0060493571228931115,0.02072411004337173,-0.008325347436673928,-0.007704722096434143,0.007743131955904777,-0.024768424413449567,0.021832573199864647
0.0017851624139468066,0.01940617839974564,0.004292316306345947,-0.013814867537708974,-0.0014014066320425496,0.0012999742423923438,0.004848293776601621,-0.008061000848281716,0.005558198501450156,0.018193702468811718,0.006685046555957167,0.0026981909588578283,0.003548369307875013,-0.01140746950802596,0.010822123119627282,-0.01977317283301401,0.0023636920969217455,0.011833777005319221,0.0008454653002128528,-0.005969216283231478,-0.0007200669902319606,-0.0016764410420654916,-0.00017808358786334342,0.01663627725916911,0.008776649557494418,-0.027414459099506967,0.011277335719995318,0.01858687598417142,-0.01873000747768429,-0.0012356921558668926,-0.014228293930308531,-0.01797766588356751,0.013119068561174013,-0.02811886037458769,0.01803958240049076,-0.0033502303285002084,-0.00116943539961767,-0.007777601772198882,-0.009166429245773388,-0.0022907962604749397,0.004578258814439288,-0.01207382398862807
0.6999106228134099,0.6354852809091027,0.5865677291378723,0.6556761587453458,0.6732103670589598,0.6343437816503306,0.6058212443680779,0.6330089338770248,0.6311089964361288,0.7183131379654522,0.5345981090987594,0.5284697934691731,0.6825468917535664,0.7084745305572561,0.5853384947935284,0.6400275317486396,0.7225246870596029,0.7914332989021581,0.7170934087613552,0.7177026763376072,0.8555623116033333,0.8555284301099412,0.9068646739472648,0.8420297148739587,0.9119145628906363,0.888431635003844,1.0466426311414332,1.0665691710978678,0.9973765688370406,1.0706547665222057,1.1875372646522582,0.9884462263955237,1.0416137934327594,1.013757790298944,1.017728071175851,1.0576689124895278,0.9076959455951807,0.9363448476370517,0.9107631605081425,0.8694866073593577,0.7539600609282635,0.7340505285143514
0.7222791454924493,0.758656834370937,0.785077465164917,0.6349645653655789,0.5960656238627483,0.6053196084246961,0.7259148654635508,0.6402683684976654,0.6514119478243494,0.6376553687839372,0.6985018640454403,0.6523703563539454,0.6665523377170735,0.6350587228869514,0.6985155520929905,0.5226078239981321,0.7154735077109362,0.6924511154838805,0.6722514561766212,0.6846833575114941,0.8111932824778695,0.7529257170605922,0.84087065656423,0.9299506588574316,0.9121467207507411,0.8809069827594861,1.0663504755770006,1.0020291629556648,1.0308323222403817,1.0269675163441758,0.9982534591785285,1.054963912267192,0.9740961058883802,0.9468185926931197,0.8591649191891993,0.814506571459396,0.922576174259273,0.7707174058613382,0.7341217754673198,0.8337371611433746,0.6905417272285406,0.7291615992929033
0.7760206528267478,0.6988258575403903,0.5924781959757496,0.7293547997519116,0.700466298953464,0.7177913336349783,0.5757743770377955,0.5736266154306625,0.5507558673606401,0.5612593672268711,0.5081446679536793,0.5831505592086295,0.6619115233974164,0.5747549489970599,0.7516278333578822,0.5767533034087632,0.736216706962973,0.6990351113162395,0.7523346742012327,0.7514340844775402,0.6942976681472403,0.8292761014406465,0.8863663223046653,0.8145214050607021,0.9045631427792801,0.9823641269188782,0.9601049766307143,1.0239198838395376,0.9893254811334797,1.1011115500962565,1.0264784677829877,1.1311948705225456,1.0705056408825837,1.1097699632078184,1.0228347145504526,0.9723827250028989,0.9955545443684323,0.806225646643407,0.8153273679090082,0.9511300669835909,0.7501465936116567,0.7387219819799122
-0.0012400304403916115,0.014163993790084197,0.0048834519488087525,0.0006221237643906181,-0.007240915918361233,-0.006456204788276329,-0.0015238611399453325,-0.00849284266580834,0.01699784501022786,0.0017197147465575506,0.004367277223574501,8.92041421751245e-05,0.01618264759952578,-0.011957442237881562,-0.0035395339875407984,-0.005162303680795114,0.0017272082191809562,-0.00765038947349325,-0.007125890554681649,-0.009468239917482054,-0.0056150502685461045,0.01023583596623853,-0.006258791596270191,-0.005869236674370953,0.0002351461695782096,-0.01639080122072342,-0.0017655170537870942,0.0061674446555809465,0.003964567781424962,-0.0009309503922320436,-0.006175985616724518,0.018565825179333195,-0.022089948430558778,0.003826519527040885,-0.019784184912935522,-0.026011916973019463,0.009353151869614098,-0.01759156689034819,0.0010622569248156838,0.0107930890684822,0.011286771753388847,-0.015064793243160427
-0.9575591567229296,-0.9380372962413909,-0.8669952747645202,-0.9544101807714586,-0.870027127750736,-0.784306182664934,-0.9325330174576736,-0.8505651052730765,-0.7502409741081472,-0.8872625878159937,-0.7604234632096977,-0.6582749047267279,-0.8010326671803911,-0.6941795106694969,-0.6835202108839552,-0.7263692263390836,-0.7092272466342242,-0.6364172527820318,-0.6028980624839818,-0.5441512995145134,-0.5731305747582304,-0.5418357375693358,-0.4613830283236811,-0.6651322515483165,-0.6726145926652008,-0.5074103029242882,-0.5004125773485707,-0.5295436711752514,-0.6117302948781616,-0.52717496922292,-0.5394421518500316,-0.9088111936934838,-0.784703220877413,-0.9827085383570044,-0.9161021970727065,-0.826478459355474,-0.8566668456944905,-0.8039977865743382,-0.898678708308922,-0.7967690830781191,-0.8704843393954139,-0.7683115924807977
-0.9172665508975304,-0.8323654002871618,-0.8355617888631139,-0.8474842190955368,-0.7873983907899038,-0.8380344446498593,-0.813987490486937,-0.7734967303023143,-0.8325844520897114,-0.8535344875746278,-0.8858893624367336,-0.7010288931395184,-0.794484505598217,-0.5945868912488967,-0.6735849289212397,-0.7938589806706515,-0.7316818266565936,-0.7121548161683439,-0.7480028151906479,-0.7005522886459653,-0.6921675236153993,-0.5834038245961798,-0.5202885002378167,-0.6232902646914079,-0.5025326782745501,-0.5690054395015576,-0.5404905329223655,-0.51882483762756,-0.4966419201344238,-0.6219697439912635,-0.5820417737060855,-0.9844844196752587,-0.9245301558230528,-0.9082688336462177,-0.9393884032273466,-0.888637253706919,-1.0056749041075272,-0.9885122551055284,-0.8313153411023354,-0.7430399533879182,-0.7327713295472552,-0.8543499979319156
-1.0437526207868288,-0.9405425239521926,-0.8505099271313252,-0.9948324591050913,-0.8313462888936094,-0.9206511865313765,-0.8524748321287016,-0.7623657287937545,-0.8564597146313767,-0.7852501569550165,-0.8287208612669286,-0.6906284302973741,-0.8039680146429374,-0.7879863367659927,-0.7043823156290259,-0.6916381767280957,-0.7485160175447038,-0.6425151083222905,-0.6766768027170911,-0.6861410150017107,-0.7152168642842677,-0.7020380933661703,-0.689247972151036,-0.63074685884396,-0.49646846583943044,-0.5929040107205245,-0.5751452121700859,-0.514729729611677,-0.6273983880157614,-0.6373792983005436,-0.6186777946283005,-1.057013454750516,-1.0940377230084142,-0.9028715640130978,-0.9564230416460406,-1.0628830544984187,-0.979999527042425,-0.8144698941747146,-0.9466217149837803,-0.7917843403111428,-0.9267794275455216,-0.8611794399633412
-1.0278543414243861,-0.97016938896682,-0.8696742418162752,-0.8388433888320126,-0.9488676986262986,-0.9083580633406771,-0.847339331330105,-0.8516223962651183,-0.7806165730120715,-0.886872648865551,-0.8369480787163386,-0.7236682481214178,-0.6484480689767917,-0.8384047309250432,-0.7134738903943113,-0.7965305522095362,-0.7821282195647974,-0.6590838400119761,-0.5927422741932065,-0.7092498083340378,-0.5993446228285036,-0.6461342269250017,-0.5642110081770496,-0.7002269201014868,-0.5032000295773262,-0.48225042913937943,-0.5008875665545662,-0.5165701841415334,-0.5793929320472714,-0.48629075697051755,-0.5430943666151684,-1.0481762784641007,-0.9068762134362984,-1.0291939898037659,-1.0569088811613712,-0.8439038558251412,-0.8397302824769052,-0.827039443638041,-0.7633610521320225,-0.808850805454666,-0.8182964864632193,-0.7618239896467451
-1.012618209550656,-0.9383707937581414,-0.8443845788516939,-0.9169607830260651,-0.811576211913161,-0.9671076653194,-0.8209499756591138,-0.8765970109530449,-0.9187529841433403,-0.7571104511273656,-0.8279616822213266,-0.6958984280946652,-0.6468208112746902,-0.6666509337117084,-0.8147396039594846,-0.661246678053934,-0.7892210229000364,-0.6975657013634877,-0.6136135543035978,-0.6647689098161114,-0.6109423806974276,-0.665926707525249,-0.5730898473492204,-0.4904676241758156,-0.5617081783298549,-0.6632417902182507,-0.5882924233148091,-0.6007043209981066,-0.4835213284891828,-0.5425209275421783,-0.5507879350018957,-0.8079852459406288,-0.9579625725722503,-1.0793711515689832,-0.8291489741807083,-0.7737152821138428,-1.0472457578915835,-0.8337327597938186,-0.9362994097240428,-0.7628452478460754,-0.9400643703773335,-0.8327695476677099
0.004899905408193456,0.011705128405192142,-0.026460406091193985,-0.023202127743115575,0.030217709086341877,-0.00921645418018852,-0.03169092555008671,-0.024114020385314065,0.0004944584933703348,-0.012767977840253094,-0.008790091402334362,-0.000671743644232914,0.022267116517662833,0.0159411092038372,-0.007213128629837227,-0.033513376402627255,0.0033162386074262412,0.018145595981501686,0.022174666513448644,0.02262305597178924,-0.01906024135061351,0.000366991971030647,-0.011616073186055861,0.006255813775701605,0.01749956306621667,-0.008503713746282162,0.003770292456920687,0.020954008820869088,0.007032215292529604,-0.015166333685869277,-0.008702285565971682,-0.010922309272917794,-0.018535793040104425,0.013737226737731457,0.016411472094725352,0.019071564030003426,-0.0009267067596472831,0.02066238316226053,0.020364961179993025,-0.008032644240594657,-0.0267499832163766,-0.005856457269872144
-0.39249520768402363,-0.2984683065516667,-0.2915997911601539,-0.2851434053378009,-0.2767336597091677,-0.26359584885343085,-0.2536859295936598,-0.34778509352558856,-0.35469743608914395,-0.26020936509904186,-0.3037340302400072,-0.18620378550067357,-0.2128570963067383,-0.2145305809368832,-0.17919578659497737,-0.16680292341622388,-0.12308735543073036,-0.20446906439213017,-0.22252308965225903,-0.1542522520527242,-0.2494102082986162,-0.12057714102646833,-0.19504944231503807,-0.29844437011651953,-0.3010610000352514,-0.43343449888831526,-0.4425097552900073,-0.45273138852298395,-0.6586205625970619,-0.5822082916003654,-0.5766792959297798,-0.7501891535798801,-0.6405873300439104,-0.7280301701560993,-0.6692777871399422,-0.5856682226276443,-0.4795533760794115,-0.661789050353959,-0.5571522669148283,-0.5929858218032329,-0.4971268229653038,-0.33297781758269596
-0.3619914519851681,-0.2648398345964349,-0.33238625679389044,-0.37013623854573174,-0.2613795595118796,-0.28531747500917337,-0.30958728810955793,-0.2220921907559775,-0.33372443404027613,-0.19758324557054396,-0.3076242772263221,-0.19186919981863937,-0.12546146029294622,-0.13174651834779438,-0.11472977664246223,-0.21205068476726263,-0.16776763359266678,-0.24547020747824289,-0.127762701328616,-0.23044297654563817,-0.2028318877931655,-0.2894671804275065,-0.26974769835500945,-0.20469714601210262,-0.3517482535375583,-0.45437166348042746,-0.41381271778765655,-0.5205353867068672,-0.6115268843163056,-0.7179321271692859,-0.5842807275365802,-0.6011555164065915,-0.644347988462472,-0.5720155425153585,-0.6400168775934224,-0.6388754088201417,-0.6241947276019151,-0.7379494343346122,-0.43231839012232975,-0.6793567851974064,-0.6226744367692689,-0.39204849166324607
-0.4454882253479172,-0.3264756824523675,-0.2793613944030494,-0.28718946019203434,-0.3635077603707156,-0.3514506814886462,-0.2989958710462099,-0.30188578164171426,-0.18859189774494045,-0.26696124686489264,-0.2893066000254069,-0.23474069688848503,-0.2830363801614109,-0.14248441531949813,-0.17570651773413917,-0.23439480619298247,-0.181296246588409,-0.12086948154900082,-0.2224173758767444,-0.12539106480782428,-0.2130650015149501,-0.27658558614890333,-0.36523723422377435,-0.3474097537025019,-0.37303093955140615,-0.44904466953137406,-0.5016686426875783,-0.5115370026300353,-0.49238973278879467,-0.7346734816399693,-0.6806677582503434,-0.7119521460127771,-0.79468487275249,-0.6644563692364162,-0.6813072777130103,-0.6819917645222088,-0.6642330458716061,-0.6304042207279343,-0.54183402652323,-0.45707899353146986,-0.38760265844250985,-0.4953522469860156
-0.38993065391322695,-0.3053116245408783,-0.4303056872758487,-0.40753828626755895,-0.46869400291217855,-0.40677921814290585,-0.39397472581287013,-0.2241016167439679,-0.3007925417926972,-0.26611459892235806,-0.329211406071526,-0.2925140716349682,-0.19056440605263836,-0.19429373149060394,-0.2174500117666362,-0.19440313670213924,-0.11135801940107576,-0.19203607536954967,-0.14415251917009234,-0.22688727526747507,-0.1384247193002606,-0.2242868579250761,-0.26454184812952536,-0.3445711470194128,-0.3928548248788433,-0.36512049367968835,-0.5159845443726739,-0.5763484045072433,-0.5488762004975102,-0.5566257412188053,-0.6230068250844357,-0.6480213032688279,-0.6243788383714686,-0.7159246984413745,-0.862972195705626,-0.6797308302331687,-0.7566318344886248,-0.5102881590703241,-0.5664342769342311,-0.5119751092026567,-0.3905008644033312,-0.6439357690603073
-0.2645824149660166,-0.29317465779462865,-0.28241103260269856,-0.3598045551963637,-0.4061185741973145,-0.4585263091798919,-0.390095955449843,-0.3113596474146449,-0.37917842992446105,-0.2227164897866395,-0.20015291861229817,-0.24923117849861823,-0.22192046501855456,-0.20654414119690098,-0.12089377642489271,-0.20261502685900518,-0.1524700507131788,-0.20459252490177682,-0.17557773932367138,-0.2127950637123964,-0.23523084215672535,-0.14756666497506626,-0.21544704746894916,-0.3760022583424066,-0.31328252402345125,-0.39909957777969546,-0.5194678529260008,-0.47093526174485595,-0.515682573770832,-0.6633043486207546,-0.7530401238088149,-0.6930961928965439,-0.6542874492765954,-0.7089759519194573,-0.6806542590212363,-0.7429569601589968,-0.6181227817681347,-0.4856563736016186,-0.675798949324805,-0.5525731359111004,-0.5776000990856366,-0.602632832224693
-0.38331249724846794,-0.4956548082646669,-0.45487847644276136,-0.3651688073634141,-0.3908046065895044,-0.3264659085493006,-0.3186516301723859,-0.3671719336470417,-0.3720939256012972,-0.4108779403136825,-0.24594291538301574,-0.3514498379508563,-0.29450386930631556,-0.17811889402938752,-0.20212235253412697,-0.20754234931068766,-0.2189611648743114,-0.18979360834413295,-0.23908961117972619,-0.14700485692688517,-0.22149815294443612,-0.22300536817750774,-0.290880224594591,-0.2465231808604595,-0.3272670992276331,-0.33755892552786787,-0.5517802145168783,-0.5132373691308274,-0.5832599788940033,-0.7265956425095028,-0.6756432179939352,-0.8195860111293196,-0.8147684576805917,-0.8566909838168876,-0.7409180050037982,-0.7620715806116033,-0.6409032844549905,-0.543430592169085,-0.5744750299764949,-0.44768910498814557,-0.4710020280258371,-0.723113641972483
-0.3878827048795234,-0.46061258013172207,-0.3331265996403696,-0.3434407433328384,-0.39031706172798153,-0.29968533795202945,-0.42893193375276195,-0.39569315851713505,-0.4113963268311652,-0.26255600538051926,-0.23406973263849812,-0.28625090242470186,-0.18404111241444343,-0.21325444542459923,-0.190956698357967,-0.20216017056564164,-0.272755492406954,-0.17208862978088887,-0.13032829637138102,-0.16085606434640018,-0.22739281490377514,-0.24853036312929466,-0.29063770020735624,-0.3287450348035349,-0.3227924382884559,-0.500502348084722,-0.4961540908307446,-0.5834827200164056,-0.5612279165449591,-0.6494392320035286,-0.7597929756860822,-0.7000058860001512,-0.8010145531514089,-0.7367883035031871,-0.7697857220694411,-0.7125551399503469,-0.6391771766310663,-0.6422671682252276,-0.6957424061900465,-0.5827882766640853,-0.4692490863694941,-0.48106339245587176
