gfs-wave-data.json
{"header": {"parameterCategory":2,"parameterNumber":2,"dx":2.5,"dy":2.5,"nx":144,"ny":73,"la1":90.0,"la2":-90.0,"lo1":0.0,"lo2":357.5}, "data":
[rows 38 to 56 of 73, columns 0 to 41 of 144]
-0.8123651712142089,-0.9078981917309149,-0.8898385548761185,-0.9651308120944819,-1.0223085048366412,-0.909948994254903,-0.7281083621493463,-0.7645331388679266,-0.6697043924292199,-0.8030854739505169,-0.5371588838299741,-0.45614810101879544,-0.6589970219012803,-0.7371946506083186,-0.8236035590007792,-0.5438050142369307,-0.8513057268422195,-1.0417731272048707,-0.8659167869359651,-1.1376813924036309,-1.2316097140013622,-1.0714992723471783,-1.3382706719998834,-1.3398265837153174,-1.2330027827570667,-1.2391416956002486,-1.1153113636959482,-1.0327988108613861,-0.9905886384895121,-0.8301110730591832,-0.9525420859593622,-0.6610538722099484,-0.5818313834617924,-0.7125144406573648,-0.5233469901949585,-0.3802900056341369,-0.4826818705490592,-0.5463963285852728,-0.30872399154293634,-0.4589526589554982,-0.49765514850152587,-0.5057916949047682
-0.8794001399047277,-0.7926314644173963,-0.8863344898181561,-0.945793111965158,-0.8223258975471437,-0.934202301190685,-0.8308583856433904,-0.7476181495785525,-0.7588842381666799,-0.6303594249432082,-0.5581097512138565,-0.5189245136340396,-0.6578096246792015,-0.4996396831509726,-0.5779499214963895,-0.6233803822664669,-0.878832928987523,-0.7454343207033426,-1.090513919426341,-0.914431276351012,-1.2031694935165522,-1.2420532299259277,-1.2304329254716275,-1.1857195560395761,-1.1803974167504547,-1.19645476557555,-1.0439470888445248,-1.1852555011195687,-1.1146322152577202,-0.8742352198903718,-0.7908133822933285,-0.8935537895964273,-0.6606576168995024,-0.702513193580168,-0.5876875834902744,-0.39639254582576705,-0.4984909935206546,-0.4172300600855207,-0.5038772503613088,-0.4887955043018731,-0.3888712234852564,-0.579410884892521
-0.9387406478182562,-0.9753438545534671,-0.9222644922048093,-0.8451791535435446,-0.9562857721069584,-0.9669659155659451,-0.635774118813545,-0.7431163430351652,-0.6318144840144428,-0.5612389420952991,-0.6237535202124669,-0.533745224649196,-0.6509605913825914,-0.5502915911332508,-0.533628026358143,-0.8561316993807304,-0.946244851483116,-0.8552075576956923,-0.9601195276620706,-0.9523133446394418,-1.1767258987598115,-1.2298341164477946,-1.2128526640860626,-1.273682256551529,-1.2335003794472563,-1.2515953670653743,-1.2199925810145895,-1.059061671356198,-1.0653260800597104,-1.049848389691014,-0.819625104476213,-0.8812473485737737,-0.8037582959175232,-0.6506459246951518,-0.5812558780525509,-0.5220156135118222,-0.35054805673159634,-0.4890796619606023,-0.46746736425597313,-0.5700899714810641,-0.5489741948430942,-0.4504234474030125
-0.847590375233203,-0.8343827609511567,-0.8661604357502732,-1.0193155852281655,-0.9116237235247782,-0.8287677868600561,-0.8070979683971888,-0.9033878057623026,-0.6346032458374965,-0.5351466420661273,-0.7190537984623081,-0.7240545472086387,-0.6429866503770029,-0.6038564670960336,-0.7710491051360783,-0.7657319193155371,-0.9150384231632878,-0.8552664147886366,-0.7592583628839559,-0.978465190740269,-1.1261886558590246,-1.1927133374377201,-1.101613911939054,-1.2524439955715507,-1.3005849615410805,-1.2753813857335135,-1.1208849823866696,-1.088432975429947,-0.9894661451271581,-0.9048819966563866,-0.7574607912090764,-0.769134400898229,-0.5940309560315805,-0.7053283934068618,-0.3635384009637904,-0.42615741504617205,-0.5519775981414191,-0.4975215171138244,-0.28037862382515033,-0.45111104220984194,-0.3970452340309867,-0.4038030612149222
0.018204980177927103,0.035560867112507166,-0.009642093867665217,0.04789497411666688,0.026216108847207483,-0.06761685725923249,-0.05556341707003607,0.012988420880719857,0.020609673320257507,0.014585145075583943,0.043748026159125895,-0.02527169249092315,-0.03155593283769356,-0.03913696054564179,-0.017577799558874663,-0.01186058235462449,0.020747222622355656,-0.024877545270923535,-0.008644973281278029,0.027492454420652006,-0.006141463214091043,-0.007506951134526965,-0.043921705263859794,-0.04673123035282529,-0.042201503325794275,-0.012229901031608495,-0.015166809503211058,0.032160063620209074,0.07489135456687195,0.011650181310747482,-0.038245368977826905,0.05232596094168227,-0.007372668581254866,-0.04013732818557791,-0.02190676077654161,0.027718254059600815,0.0007169228568092307,0.03161535753934096,0.05886856933673131,0.0022330281918908792,-0.005509670280134477,-0.03446430653582944
-1.0011824897979342,-0.9681990219621658,-1.0238045793780985,-0.8180034226805273,-0.9601429030141152,-1.0730558727145976,-1.095933068664027,-0.8375720770599788,-0.9027767981406793,-1.1919883535753906,-1.1651829077153424,-1.025398852138131,-0.8740595002043188,-1.0576568727433713,-1.133502003986687,-1.1011917510956741,-1.060366985730157,-1.0336399523435764,-0.8319153543490935,-0.9085960349900165,-0.9666927158603786,-1.097235957079718,-1.0128500578537405,-0.9833559620022577,-0.9141411795732604,-0.8632324914184654,-0.9336037999082429,-0.8936164448953557,-0.8361377619531366,-0.9377493701383983,-1.0159851815000536,-0.8444530927458506,-0.9814562329273485,-0.8882277402263719,-0.8547130721002812,-0.7232572299568939,-0.6909797431574014,-0.8967943321447462,-0.9815734412398562,-0.8676710582517201,-0.8786410996827676,-0.7418641834084111
-0.9048602575455964,-0.9388750550163845,-0.9327733523914827,-0.845252363738357,-1.1066188480852093,-0.9046142393131418,-0.9573941503078571,-0.9743214638516006,-1.0149467448954945,-0.9949217062645116,-1.0345924347111863,-0.846608082001721,-1.0286629434306562,-0.9178174659782347,-1.0069311382006314,-0.9406889262819274,-1.0544633790518856,-1.1294718802018742,-0.8928823128346773,-0.8049443921942002,-0.8534006213825157,-1.0798854768935378,-0.8289605922388269,-0.7942561985682898,-0.7917940209143128,-1.009414813003747,-0.9540943732372497,-1.0488829182624406,-0.7177176867174105,-0.8710552882045447,-0.7482065255363893,-0.8911822298653855,-0.7711968345915993,-0.7219016851639418,-1.0512191821348775,-1.0248995614902894,-0.8168673247322961,-0.7386629717518111,-0.880120890795403,-0.8476111976624039,-0.9047158770075324,-0.7431780743521446
-0.9205064469621838,-0.8449834608977926,-0.9042313369780034,-0.8804537551848447,-0.9843592271958097,-1.012508172814803,-1.0179067221108082,-0.9834619344937982,-1.0365154510705912,-0.9625011174275628,-0.8459281390108379,-1.066375436255692,-0.9204373876501131,-0.8600347984140725,-1.0248601874791512,-0.9731802846689912,-1.10814747408367,-1.0010980788125172,-0.8536284899362699,-1.0134466613817839,-1.0740888881651225,-1.0034882057641585,-0.9638713683521402,-0.7771608434527053,-0.8942939160972736,-0.9551953960401087,-1.07184837805657,-0.8920732479580432,-1.0456576373724211,-0.853809289268538,-0.8734008142179917,-0.7603090032903923,-0.9482707496836806,-0.8324222429900459,-1.0228678030329814,-0.9252481746776698,-0.7146672250858026,-0.6196320661286383,-0.760572322272964,-0.8695237627640656,-0.7062815972583305,-0.9203134930810694
-1.0371792238974473,-0.7767371347502071,-0.9635668510492862,-1.0091043340278787,-0.9917591251606197,-0.9040249393657002,-0.8584000822120235,-0.9960567804488043,-0.9987859289107561,-0.9687752977706802,-0.8975563307380378,-0.778047984948298,-1.1442411546482338,-0.9944413028627617,-1.0261439403906207,-0.967621850603547,-1.006986221335015,-0.8333001665960214,-0.8273957682733863,-0.8263363691497174,-0.9821335002616263,-0.9572192236870258,-0.9645698176767332,-0.8193141431602848,-1.0069365854658867,-0.8351741171371361,-0.9290208139996253,-0.8296750459132121,-0.9302599231820777,-0.9392284820619597,-1.026794122998474,-0.8437608535417362,-0.7064637955716161,-0.6471915785516681,-0.7392265781358331,-0.9335767625651165,-0.8415482635986383,-0.8837168096300696,-0.7316445859456564,-0.8889443135765188,-0.6722251441820023,-0.9012639232509428
-0.8726811658574417,-0.9235384210287929,-0.9625634441165112,-1.130304212467604,-0.7848102424628088,-0.8856729928499242,-0.8915979459032753,-0.8515310432173208,-0.9969949139971699,-1.0472875819610012,-1.0143818341154163,-1.0697636201212362,-1.0459160912976149,-0.9191949830449274,-0.9630204597665095,-0.9054428043783395,-0.8156500135483927,-0.9762677064905876,-1.0998824774618823,-0.821915984675457,-0.979508922617465,-1.003361587297044,-0.969088252565175,-0.9676854633078944,-0.8945193475531545,-0.9202562868312697,-0.6811978301397771,-1.0344552464406396,-0.9797164131328907,-0.7498545107870982,-0.9222322368133155,-0.8219367090577523,-0.8218296394191152,-0.8738004249521991,-0.8445104159926955,-0.8310535189046264,-0.8489170141416035,-0.9393974032621417,-0.9287005296293148,-0.8660951118917044,-0.6133860423704895,-0.8926835260578903
0.06538957525164345,0.03344570122172164,0.016753058863802708,-0.00048144244248128463,-0.042486946964935934,0.03948684099171333,-0.016789154451965195,-0.04814825837543459,0.022035692737637197,-0.03197279932516951,-0.000528960397952734,0.002809127812152229,0.007786433807995014,0.01978601143696483,0.036695184893549705,-0.03270660508043865,-0.044811186003019095,0.017580756007273206,-0.028884871106255722,-0.00888538934414061,-0.0004030158839552713,-0.040277980428825244,-0.030518876039533276,-0.00992326828044121,0.04050254149756737,0.050048004607735244,0.04550793209636763,0.0352732321929788,0.04538795256984557,-0.04403459180050476,0.036785840672969125,-0.0541328432595587,-0.032963288406124246,-0.012697041413082723,-0.03176896350984804,-0.004298276654112511,-0.022121743308912218,0.035774193419767716,0.02004730488327615,0.05411527773678355,-0.012807785282726358,-0.028177256651829997
1.7387252071661703,1.6762918619351819,1.6469656420077048,1.7273909529107103,1.6309013478918417,1.5991426776557707,1.6356155754862978,1.6873499259852867,1.5750950223786175,1.508974977220808,1.5383712468576476,1.6244572087262878,1.523329731044705,1.2866749637592432,1.4599925249419312,1.46567386106251,1.3114955151772736,1.397553532064404,1.3355141084709612,1.288784643833073,1.112976086803487,1.2316181894784155,1.2141108669471525,1.3459054846688177,1.2741382590148986,1.1822634441809936,1.1382059949413708,1.1491178819990613,1.1047343028308707,1.0731943366359875,1.182224336418318,1.0589009665427291,1.0878323612043348,1.0458705517049687,1.0012084807464463,1.1047181250122928,1.1227166531284212,1.0499350651593606,1.0250703801421694,1.0559029717873019,0.9020601378928973,0.8611593489189371
1.6270828083870355,1.7640658663962268,1.7270273880133535,1.6449588774310353,1.6157183187553046,1.6714748363644398,1.608126003341853,1.6622097137842453,1.543258077820161,1.3861466713617783,1.5525500227064033,1.4799362177091961,1.3543621912272612,1.5564851428009037,1.204786352410694,1.2224109155400809,1.1978995484130064,1.2517313720371992,1.1586239341086118,1.1869254438652836,1.2217894720674123,1.193290641120052,1.1211632894991175,1.2035716248191053,1.0799300046019529,1.2596358445795743,1.0908483847290826,1.2137724478158147,1.1153028347580678,1.0520075597199978,1.1551224822758397,1.0794908188951406,1.0439002487040145,1.1303193347394114,1.0387600245522421,1.1229205511249514,1.0723730411001733,1.0497830623615743,1.039600940574153,0.8822665976463863,0.846455423723117,0.8921697599492081
1.626982652434519,1.751823034946551,1.7124471581311673,1.6498496734671637,1.527140677061782,1.5698939177787266,1.6674816047709822,1.6086789675207587,1.4110701590820467,1.5383599743421354,1.626393872255737,1.323216405891605,1.5392085462122587,1.314566682990878,1.1798321786971961,1.4267504357723997,1.3073305434830451,1.2810491357362468,1.2915605512033852,1.0626724483098084,1.1593958891997629,1.2588849616353348,1.2670783066515512,1.1817991342024674,1.0877312631399652,1.1029357712904344,1.1020883549990983,1.2480173115786215,1.1982850064564663,1.1150999523684602,0.9870549300183448,1.1174061288644908,1.1385549246798785,1.016117745256327,1.106907639136237,0.9304355678701017,0.9079644376988666,1.0032120603489443,1.0627433885905828,0.8689552926776685,0.884485685684478,0.7734678183388666
0.02669134932274811,0.05290842639800316,-0.03085454239984126,0.007940556860117721,-0.021055803635758392,-0.031166476331180155,0.03379783624989109,0.006501464209657159,-0.05109455561998052,0.033354000501653776,0.03475677033625851,-0.027484915523959118,-0.023409011088264507,0.04743263671013388,0.013634207193098229,-0.009573421865965203,0.04538109720741511,-0.01229322702139181,-0.05373604393393023,-0.03166190615742161,0.027684789636798303,0.052964451279108336,0.019674356994400115,-0.02860590885290149,-0.04453333033261811,-0.02378173468750287,0.05229908625700714,-0.02614912178705383,0.021538378903727964,0.009731463211326332,0.011573678753718624,-0.04663997560974258,0.03342479009446285,-0.008214358171286134,0.029490339723759328,-0.02074060791026057,0.0007131987500156213,-0.02523417636624519,0.02736900584477493,0.033151679309511455,0.04818923285507403,-0.014547600133479754
1.9826988192688966,2.0944428115388556,1.9469236150656568,2.0242458973030923,2.076481162691451,2.0856928983842766,2.0915158156727993,2.005849248988971,2.1863091644055173,2.036646262422199,2.0775133227412725,2.3755966089153953,2.3317731381500995,2.253810168052549,2.2622748730740163,2.2358607244710447,2.075253965958898,2.3223829149838062,2.403895402378068,2.414440714547278,2.1141686709080845,2.3617771373801753,2.3465956527636607,2.418273812487933,2.5170680081673416,2.1997290690713696,2.6431687765027605,2.6902015164883744,2.6806127057642994,2.4958309226143442,2.6465850791732013,2.6140521828223178,2.6944260331540515,2.7708951927132057,2.7695363802506034,2.800450115857226,2.698053657678465,2.666669647285879,2.652801501099699,2.701489236496796,2.684015932535988,2.678333090577365
1.9383820851360911,1.963546808395543,2.143807964561433,2.156811298682544,2.0719603139014744,2.15057229515865,2.1575811059411185,2.2171023732007447,2.0092790965011433,1.965638092817283,2.148517824356771,1.9843577919150692,1.9093526839258526,2.065693248310669,2.063118055598363,2.311749441583877,1.9688176227470087,2.2162855290247427,2.151826182765972,1.9404693752821573,2.4390307765764576,2.148994398439554,2.07027264003986,2.367807785387956,2.499346261912492,2.356416742467696,2.5132684649775223,2.295776601362964,2.4106080912884384,2.6040671299652103,2.550163167492236,2.6240733132092107,2.7520950982915315,2.718817246473526,2.7403893796411407,2.820405193098095,2.82766790592779,2.795801395543797,2.7786249677975006,2.6496109796716873,2.7252708634294,2.6917399429941105
1.9731982457318222,2.089230023406337,1.9849703003701915,2.0846797110158337,2.1574364127374777,2.147902266508869,1.9361452253595288,1.9977472098527274,2.230657875544635,2.221531165193701,2.3038223618718443,2.140331259368773,2.1891661072309336,2.141715006208808,2.1236324123635204,2.014730086379155,2.3470723832704277,2.0367237457752823,2.0796503001373736,2.2336821077694906,2.170386440026734,2.3098758768718746,2.353779832501515,2.1181176664789256,2.61271070482252,2.399221857198844,2.4647005025285034,2.4619949958294614,2.4274977446209913,2.703718320390555,2.7178852229278654,2.6320880452727335,2.647101676355849,2.6215248019979946,2.6612436099088357,2.7895092283582876,2.787698688202662,2.7680583714703224,2.8061876794503964,2.6924844885957078,2.7363006474657303,2.6483589077050906
1.8611902505256723,2.0994719670408726,2.0162811220155574,2.0768069704656207,2.160981073470123,2.028706584867896,2.1869566995810357,1.9669039474023866,2.2178996501307604,1.924178184204506,2.0455828343750495,2.0193067302996557,2.288465644591129,2.0006812539013388,2.1475348949110713,2.008968919491858,2.1725189350280294,2.225421836112084,2.1708471119010615,2.2157073873510993,2.0194475690500857,2.149202732829859,2.3172837322977338,2.3564399467698163,2.459081691971403,2.4400490438433167,2.271707934039172,2.5129373619533792,2.4504285512209525,2.650840830668379,2.685675292297191,2.680321633895292,2.747188173860055,2.7274736516180296,2.671248684519378,2.638579400596813,2.717450869350895,2.626292427422188,2.6111768830188478,2.5249797423401623,2.692096152356553,2.733631956387196
