gfs-wave-data.json
{"header": {"parameterCategory":2,"parameterNumber":2,"dx":2.5,"dy":2.5,"nx":144,"ny":73,"la1":90.0,"la2":-90.0,"lo1":0.0,"lo2":357.5}, "data":
[rows 0 to 17 of 73, columns 42 to 83 of 144]
0.3474835039010197,0.3011451291603601,0.40840381351389304,0.3397271986002807,0.35259880642398467,0.44472857132971805,0.39483160003730483,0.39975443918538206,0.3241879541627775,0.37654863156206053,0.34673131230989923,0.4073745279160876,0.3725116690010845,0.2596053677607186,0.1720968923505508,0.08454675993894711,0.08822136193764685,0.10118934484049368,-0.037519922730063035,-0.06344000338209885,-0.04447770589700948,-0.14460816616096703,-0.22079604151624632,-0.26825831587543875,-0.25946963147644114,-0.40997584503968887,-0.4442898444762655,-0.5730161688160975,-0.4286771627380049,-0.5946400845775608,-0.5240617926401638,-0.6120016044486996,-0.59174706369703,-0.7150171312611873,-0.6538044003063672,-0.5998720030127414,-0.5211403223816371,-0.5381356213811425,-0.35846589760736247,-0.2310583387972827,-0.12278892540424806,-0.20782807021068916
0.3753668919728252,0.4390149596074026,0.3610222786290706,0.3696055284457655,0.4699976538765284,0.4358689818718607,0.39374523918122956,0.41619437928509173,0.45199550555479956,0.32350469920595154,0.24905319998300413,0.29105627858860095,0.23683272112143045,0.1904243965326099,0.19183617108334866,0.13292993436008257,0.05967159203167098,0.06892573129030985,0.004210657138708771,0.007335085050943733,-0.13077242275209736,-0.18932690621607098,-0.1669565002519833,-0.3351622824391905,-0.32979228910153346,-0.376522212885838,-0.40364360952546,-0.5891291357745202,-0.5447180923678858,-0.6026755528098737,-0.6304377284784793,-0.5878404469788923,-0.5801511270847147,-0.6348123459305561,-0.4900341727307744,-0.6480840813964608,-0.5359742243959432,-0.3894846509823004,-0.39004758456591304,-0.33933260247514924,-0.2204486810564473,0.01343487677237994
0.4033846975154113,0.29019970277915696,0.34443887030626924,0.41239689082953807,0.31208246647851096,0.36097324896879895,0.27990147201988064,0.3821959845384612,0.36554827362451753,0.3219260378012833,0.2938692097766628,0.3246999282617251,0.24604046248913422,0.20901987716594686,0.23113376930213278,0.11421071783663551,0.13995145239090878,-0.005688394805309402,-0.0127472604395546,-0.06993317720805882,-0.1393296351657765,-0.13148464515967395,-0.23268071087223924,-0.21653006475952166,-0.36543485372224976,-0.46904933821439865,-0.4129449398559422,-0.47688831122014197,-0.5541470801869874,-0.5370568960867703,-0.6413959001266499,-0.6061355402888032,-0.6423035167718529,-0.5657394792937254,-0.5501706802360216,-0.541236763428446,-0.4131267305277623,-0.5403257968849933,-0.4968771959445146,-0.21276807030868125,-0.3478611538701637,-0.2210931801494976
0.2439524470583507,0.3914463741328363,0.34754364719704284,0.42008977599112474,0.336514637017033,0.4511195298494834,0.3782180334561566,0.3866630859790272,0.36002870564926664,0.3013707509031077,0.3950371759618258,0.2541820409651191,0.23522845742299334,0.21394137763676402,0.20094020264535847,0.14104277893116066,0.11135274641451072,0.06811343309905814,-0.05334671152806436,-0.15097583571485412,-0.16881394462249366,-0.1781693047729332,-0.22052473735390907,-0.33336606552915876,-0.4069225676952693,-0.5008692290348767,-0.4622057644693724,-0.44782278095152284,-0.47025985982275864,-0.5869279976960408,-0.45146211844257067,-0.5687228402050433,-0.6420145917124196,-0.6532580137989973,-0.5960798054961021,-0.5652895359913429,-0.6159099321139854,-0.5651290393288321,-0.38788045806296095,-0.42655003945460945,-0.10473953756302012,-0.0689329839225715
0.3241769344905456,0.353082926604927,0.41073261775787834,0.40905487521504547,0.4338865750779699,0.2729859789628106,0.3070061545697675,0.3928499034263214,0.2723090151099373,0.33724052161844004,0.3757529115670453,0.32553375314674826,0.23430433798842265,0.28618908457475684,0.16144069218808726,0.126397520380788,0.12446594977745301,0.0717800363052142,-0.0053827734523397164,-0.06262749551683648,-0.13660603306374489,-0.0881225585670443,-0.34998332750334227,-0.31342408918515086,-0.397778491704561,-0.39278575625270784,-0.33796776402594536,-0.4820762572304778,-0.5219158828764862,-0.48106053082275796,-0.5808901296908445,-0.4860819974022865,-0.5266346472761874,-0.5015005092921984,-0.5027361020915381,-0.5873551499609926,-0.5058250652664216,-0.42032240847202673,-0.35936044453259086,-0.48415140314680305,-0.16125441765412948,-0.027707263601368097
0.3732105632769712,0.4153781919001372,0.35753258197577054,0.3425085473514194,0.37330267572370135,0.30610412140139936,0.4277373057618476,0.33401364756037255,0.26375742420074527,0.3125982458469157,0.27385888462192043,0.24672362050431246,0.19982481780589334,0.1833738298876456,0.2035358010621424,0.1441512650355605,0.061850867874160984,0.10438111484321659,-0.06451766913025715,-0.053283768238654036,-0.17808219682182463,-0.20666695241350957,-0.1636711833197949,-0.2976255043474108,-0.33420609528207446,-0.3655039113332944,-0.41126876513448046,-0.4424017955292453,-0.43347527973201805,-0.4106930940008639,-0.5082302272940163,-0.5952523547739415,-0.6487632050580954,-0.5012776766543375,-0.6069877753910495,-0.5603761712142875,-0.5564993403787345,-0.3652791874691276,-0.3706548129476402,-0.35766178169892326,-0.2447272852229225,-0.16806506358386983
0.3552342722890231,0.45886732388568574,0.29050246237136246,0.3795801439354498,0.33713863183894427,0.29779208211500063,0.38027828224864746,0.3855807955899953,0.27624841927218324,0.3375265789145264,0.3370533974695829,0.22392211002319456,0.20661447865375765,0.15261231020031646,0.2429919889710858,0.13166250433743046,0.05866734418328444,0.06263635200196306,0.02124836631245861,-0.09183561415784462,-0.0990646517276355,-0.2468952302398952,-0.13496980351285434,-0.2958986950046072,-0.3524925505447645,-0.40282651510862366,-0.40176858483057926,-0.3576709921737959,-0.4642164911264228,-0.4350577731774593,-0.6196730346526841,-0.43188824805167797,-0.5586992894777703,-0.50283286823604,-0.44623611626285853,-0.5088366012898261,-0.4946721607116148,-0.355468571110587,-0.31973692021471417,-0.3556552675513192,-0.29484222267441057,0.009201992922745142
0.4143768765260426,0.27941542576237377,0.4315126072677983,0.31627230969770986,0.36413379797908335,0.4380139091514816,0.3139732349369088,0.3170868496840586,0.3753521443874589,0.34477700575550696,0.3503443245697629,0.27632356852396517,0.1705075233646626,0.18818314661173777,0.22561264079389085,0.06914430228550543,0.14389120667640315,0.10642018002332537,0.037529896796369006,0.007473916100822242,-0.16236920652274728,-0.10897420035822852,-0.24213795628045562,-0.351550021610933,-0.3368222236737431,-0.36349907999351433,-0.44757888672115403,-0.5409314731765568,-0.6064968118232317,-0.5272600765635962,-0.5272490489125685,-0.44602065038013455,-0.5162772409045736,-0.5430039078349022,-0.5939697856021959,-0.5193797228479875,-0.5546580912533376,-0.3677072223124853,-0.2759238333469755,-0.21978768059582085,-0.13974465113629733,-0.2368629206878021
0.26794866582967825,0.33965897456778216,0.2728608281862844,0.28195479069711665,0.2926620831069125,0.4054293979653586,0.39509270360785187,0.28459805854700143,0.25001564896323913,0.2360063445451207,0.2695643340536276,0.3118052255007955,0.24446483658456822,0.20632909078043038,0.21363461550352053,0.17453142182466735,0.08063352259361567,0.039671606910181983,0.012907736933366925,-0.07334133859219297,-0.10734901438800223,-0.18079702084218996,-0.14372811247315095,-0.2480866448600669,-0.30464911431558656,-0.3675215271473519,-0.48479370555001666,-0.42029388664189365,-0.45450036099044183,-0.39444164678586363,-0.6033237336586124,-0.6344911835388642,-0.418206449320959,-0.5903321389782923,-0.4764407169545099,-0.41826466184083,-0.4024062873262004,-0.4668243670161719,-0.38510570613147105,-0.4163359376696211,-0.24461976992087472,-0.10328800161657559
0.4416406608559822,0.4239997918492837,0.47585430028755865,0.4057858356702992,0.37160534593591604,0.38632778080746316,0.39379869555603586,0.2851990059126282,0.2510056227507872,0.22340047168099542,0.3212974210138459,0.21997464081415535,0.18754534112157606,0.23430573156270906,0.18011226698708346,0.10395472440524088,0.09200747761645628,0.015447987626585594,0.002184177716421426,-0.034374124249506526,-0.14263612772909798,-0.12384075694779109,-0.1771799322438267,-0.2225673911573468,-0.3511636052606293,-0.4399395491268615,-0.43471776249356786,-0.4716798941607015,-0.47117568669368737,-0.40176066660965765,-0.6249817686312596,-0.4885592858661792,-0.5531639534435516,-0.4301328758854644,-0.5410097209932456,-0.5140920968562743,-0.5018097937492395,-0.47361593987903333,-0.33183634885860985,-0.18761070497136914,-0.17575210589415838,-0.14388049983657633
0.34110093517043455,0.44318240794491043,0.31654719728017167,0.34060772109675597,0.32878690940205135,0.3408396401823259,0.3692103403789233,0.2935011798894321,0.4052196811818312,0.28053843281187746,0.30500735408641394,0.20898368665921335,0.18743881635838952,0.19505646669687504,0.2619365391361054,0.21281762276828833,0.1497087273584991,0.02062984178114077,0.015558771338058658,-0.06018969608224968,-0.07831397369219864,-0.14264275179824867,-0.2146694148052403,-0.3545947549226104,-0.22045707972706888,-0.44406132276526344,-0.42881150267370927,-0.41090321123473994,-0.5157449315882325,-0.4768665629111203,-0.5538884898906233,-0.42387961166470656,-0.6446770575283998,-0.6358587969604237,-0.4700380867100549,-0.421611049089612,-0.5619506774212358,-0.4473204292960219,-0.42939450192411305,-0.22883058284274047,-0.2147983243875072,-0.006704054343429224
0.32163665996261454,0.21972482006468408,0.3358591477525756,0.3281575470156203,0.3512166222348833,0.39041991804116033,0.2351530884193608,0.32505246015614014,0.26503692291697994,0.27026800872734824,0.295399218381042,0.2828147517560653,0.257041751093253,0.14854741554136958,0.1799128270759049,0.1288081914503024,0.17283365473135257,0.07397238014454253,-0.014016620482450321,-0.037256380098762906,-0.06841518625439613,-0.12344630198228186,-0.249597731679289,-0.21724077435803213,-0.317141001549808,-0.4307835723462119,-0.46018892025106173,-0.43262280646627227,-0.4310924781982255,-0.47225838785003055,-0.5237774886909111,-0.42929327774374004,-0.5265554294026707,-0.398436872068994,-0.4083144284799441,-0.5380083311370907,-0.452232319999266,-0.3140528576646715,-0.37532023196262726,-0.16940197736008925,-0.08259543919049864,-0.25069843475039594
-0.03707656642152066,-0.03427588722238105,-0.0023030326330714694,-0.0444487334672424,-0.043628918793171496,-0.05857919071952513,-0.03167858398356932,0.03577846448323324,-0.04676785600102568,-0.005228062368254823,0.0376820704968958,-0.027646383490452023,0.04399440054585167,-0.03641082894154351,-0.01436785592635354,-0.019812752870587334,-0.007000048219914318,-0.04718846665760644,-0.00334698919473214,-0.010122990729784651,0.01189195779896109,-0.014629844556175995,0.05553626595894765,0.020772548849422225,-0.04463053607882648,0.018085495244626514,-0.02723414976344318,0.06050569117301251,0.037259018375612275,-0.03272055749333569,0.003539718377168987,-0.013191794860300466,0.015839964262275026,-0.02200788865329421,0.016344465517852968,0.02849669608281237,-0.03707460539550419,-0.037185689824780536,0.059052543849391646,-0.017905170230696373,0.017851135627202058,0.008716754525187604
0.025335871983091292,0.004185994275718825,-0.030377527086667362,0.06147049617320869,-0.002643037168898982,0.04139569029521084,0.005168257286646793,0.045534878329490054,0.018478943344249214,-0.03169600143588727,-0.03965837511116196,0.0069713038324092855,-0.023272312766437257,-0.03667163721660868,0.05589711750977433,0.017512872108129744,0.0531648981285234,0.014719050436512275,0.023762593122052436,-0.023028207116550046,-0.03885793205859794,-0.02151373028054838,0.01095542478198871,0.031156515597058468,-0.03046959233136401,0.02873860383362514,0.015458561107135232,0.027070573662346407,0.050640335326419185,0.008676346178058972,-0.018326878813488625,0.012698573810020555,-0.002436272645091986,-0.04109109631223294,0.06171327888752712,-0.026403625066753724,-0.037980079501439314,-0.022664651474922682,-0.04205327983573931,-0.012119326048005872,0.038597759977283944,-0.02328825890199072
0.010758789369717268,0.03747190855917572,-0.022148039396853336,0.02648695491079772,0.012461848618908675,0.011833422365503537,0.04051262871258819,0.019255029627291798,0.029975768894139443,-0.017286363290904463,-0.039213946187671926,-0.0005559243135261513,-0.02608789540871024,0.05234392133731258,-0.03851694499915807,-0.005187094236821925,-0.06180152742352748,-0.0026390141475378073,0.007385299106378604,-0.026911407051808695,0.03708307131130942,0.04881585700139642,-0.03347899066429428,0.028532956164713033,-0.05394312547838805,0.019853248247956135,0.007524976567569343,-0.017270734985250173,0.018703854660964588,0.014175089661042419,0.0566186305467544,0.049718011512969965,0.047166485151771395,0.040712158945684196,-0.035793312241832805,0.02798083558361021,-0.030443068177489586,0.04940422020564702,-0.016122694111751993,0.027672088541304114,0.01959308611744174,0.04750500424436929
0.004497288406449225,0.04107341639234967,0.03222448216217827,-0.004023305661044085,-0.0425313071353303,0.026252803863823723,-0.00030718371539153875,-0.003554421123094994,0.04087100617215306,0.03676442925844653,-0.023340122777254415,-0.03496062726395499,0.03199807237313785,0.009507090385835432,-0.019478726971074313,0.03491972775815743,0.03248696516063509,0.023735266881200177,-0.008729150989116216,0.025521514675622536,-0.020380160013700493,-0.02200708419302509,0.023188108240351092,0.0050449763580036125,0.06181872879767705,0.015537111858273911,0.017226327782971364,-0.007744547237216238,0.01717263536401943,-0.02505553478739388,0.03251507264158372,-0.014080472062334256,0.03592334488258871,-0.038472697562917234,-0.02502708876296582,-0.039981196737172604,-0.027776075061547355,-0.06168986903002275,0.029198075578244335,-0.03897552455022577,-0.003224337350262884,-0.0019422244886043273
0.004584809538985095,0.02936022964413608,-0.019119886720576615,0.04711968722295094,-0.028343626385643278,0.023302367701342905,-0.002455565290480396,0.009892977394391876,0.006748827022371115,0.013672838924718819,0.011404243520656112,-0.010145714516103493,0.01680977187803543,0.027398978153801597,0.037102793551520664,-0.03859305655750484,0.043423525033741195,-0.014791947175108656,-0.029227199259702224,-0.010325919965346689,-0.017716536820769378,-0.04261765435157932,0.004176540042523855,0.008041330618177718,-0.03772236412374143,-0.027361006227960283,0.0386045537668292,0.05108252672577048,-0.004984647799884486,-0.017100133923162147,0.055492415551447224,0.028401195089651988,-0.047817500291692676,0.010745592420816328,-0.030513478441199535,0.0029856073015526196,0.011688526795710806,0.02101654500663549,0.05068331767637333,-0.0400293250469107,0.024208335754918587,0.017660438284729567
0.030420656399200722,-0.036861514883804,0.03460183183675215,-0.021008548056416103,0.010325260597483841,-0.018310743305083827,-0.041183295223111864,0.013028123881583786,0.008622359658349241,-0.02901372831655686,0.00358275038082361,0.026548311901009276,0.017733532268546525,0.010590703081915323,-0.02326263211704024,-0.02035665781946228,0.027295735716053867,-0.020024933656184993,-0.02044183531082256,-0.055383206247658766,0.05754031086655809,-0.03168428724243518,0.015352812435407311,-0.01792647104921354,-0.011266109284625687,0.03604549328713559,-0.023302906984910863,0.004426689361330935,-0.0054566479538298756,0.006060271082907492,0.011781233613608654,-0.03998022068038395,-0.055191353178189795,0.03600114960128041,-0.008356633897056643,-0.03693447667580322,-0.02658316134919526,0.027510109864317178,0.04211284641522405,0.021331629672212294,-0.012746944205333836,0.03919088760838934
