gfs-wave-data.json
{"header": {"parameterCategory":2,"parameterNumber":3,"dx":2.5,"dy":2.5,"nx":144,"ny":73,"la1":90.0,"la2":-90.0,"lo1":0.0,"lo2":357.5}, "data":
[rows 0 to 18 of 73, columns 42 to 83 of 144]
0.24572914653592334,0.29695046401662717,0.15078180284755857,0.1456522668412553,0.10754691096477528,0.07521333911420171,0.15583193872740442,0.09695322023518438,0.13652023885102724,0.08995165961523856,0.06556238050694305,0.14383435756981036,0.11163631251606404,0.21155544574842705,0.18608630544307775,0.20827035231568763,0.19425952596735427,0.1474877866668343,0.12370099281969195,0.24021406521360097,0.25897536557863815,0.1573240804062359,0.2539293598702929,0.28640069464561435,0.22452922527578775,0.27891972043601476,0.22728606737364437,0.1740493579341722,0.1660187990732379,0.15631291431329514,0.19814965927911357,0.17402277943963326,0.2749294050330435,0.18553631407000032,0.20871447975851573,0.28351334530847916,0.30980791368417576,0.3934010821132895,0.5331147372587929,0.5423603317963209,0.612348863285957,0.6628385549111966
0.2506368558960145,0.2340514232717231,0.11060320600451318,0.1924376431114268,0.0671221170862347,0.12465543379560104,0.10585802772491142,0.17217312520528644,0.11613281144420204,0.1542384724007089,0.06100523103085106,0.13353127598326203,0.22810793065469084,0.17969186714975463,0.11222946766832069,0.24932098647422318,0.2485809452443204,0.28982142967957475,0.23766225967348376,0.17071727932019717,0.21337981952420523,0.2939247281907118,0.2981008812278885,0.1850697119158769,0.1603387399806289,0.13696196346618636,0.14931277341848595,0.1890449978462972,0.28624032013760736,0.29518794305288654,0.16654521316232215,0.20207288341917326,0.29611040812652833,0.25158784251958327,0.40054187664979074,0.3171130708194001,0.5044431770020228,0.508064679392937,0.5341364862211156,0.5098214738923882,0.5062214052040065,0.6308733750520519
0.2939424938092481,0.1285450673571853,0.2821984743278882,0.18566658707129413,0.19221662963339392,0.12756457677320318,0.06675684623775212,0.06240634918279675,0.05615361578098484,0.13197212268733216,0.06393446576754747,0.08588548186644362,0.10431541347053158,0.16850280527610198,0.19305662817657152,0.18236792276814331,0.17842188320804947,0.24662081660098387,0.14290642802613385,0.1781028519414202,0.192791672883434,0.2213059622390639,0.19943782772296229,0.25118913770747364,0.21628429711984473,0.17930508736840345,0.26893836253801545,0.24876681445382873,0.12318017215232334,0.1746890596340287,0.2532263621176422,0.33818854217926647,0.21924017540083332,0.29281654849479083,0.2634304007998831,0.3172836725929474,0.46582960641744403,0.5705368844780293,0.6290097448936789,0.5439749824542306,0.6645407531452096,0.7426257773311242
0.23919004198040367,0.24168584449911948,0.1956432632676147,0.18139517153755613,0.1675958232457073,0.11289741247788075,0.1983574851203948,0.07121070745964153,0.11101522136617147,0.107291082577711,0.06162914403266862,0.15399124368693387,0.13848395643050007,0.24419755476221608,0.20191233425348262,0.2631708883663257,0.13187585982441652,0.2983177077855462,0.24318669209506696,0.2826519331145008,0.3455702306866433,0.31645706505766735,0.24196964851926506,0.3093914461606028,0.17771659857156444,0.3088158456748728,0.1931121424244629,0.2252470707764427,0.27065285302048836,0.3035428313619712,0.1661733814698889,0.21010633298606987,0.2839936350686164,0.23257987895293203,0.4092382982287019,0.2952898316924141,0.5254511499464336,0.5617908050102653,0.5737834669577243,0.5852246891250782,0.5787531212637274,0.738549189196701
0.32170409641475245,0.31057576154417543,0.1860479744758441,0.19529054725795858,0.14045402649055883,0.13023065122507482,0.1739164880569189,0.10866717522320099,0.112788303011599,0.15544583085370828,0.09988146846420318,0.13444335160257032,0.11604456860919268,0.1970004130930204,0.24352035581562337,0.13083436682746447,0.2195557030201988,0.21818551382589874,0.34395545108070363,0.3179636714647225,0.3479817182887913,0.294047656938753,0.3091041574130696,0.2768476413073682,0.2999592042803892,0.2978113912288693,0.24049980981835561,0.2160914121029711,0.20730090210503743,0.14211998254254285,0.33003213214732957,0.29038696714890255,0.29732657289958714,0.3095304583867055,0.47042440026758064,0.46648507979473536,0.534263276167232,0.5566482948421712,0.587433096727547,0.6055775551104566,0.591859529205802,0.7028562769272481
0.2675849540848923,0.1350274869215868,0.162080194310853,0.17689411312497463,0.16745211808222346,0.19260718858075787,0.14738027952810864,0.1337763172614771,0.11836897299315598,0.19437451290274022,0.11233835637919806,0.08884026070275713,0.15890804403612394,0.13934798530550047,0.26054495348615603,0.2536356093916472,0.3224895866749964,0.32660439048921824,0.17579877338176325,0.23708504588926826,0.2879268526726929,0.2561503997460531,0.2203560338897997,0.34915050288060934,0.22649730837617013,0.19499635273311955,0.16303503808386835,0.16963821542519317,0.17079668560273692,0.3375238743378977,0.24741907623713838,0.20277924579049555,0.31316571824748485,0.3959224717801967,0.39523974662031003,0.4261702188113007,0.3533348563340158,0.45495199275047615,0.6364952930410144,0.5333167485415754,0.6584371716705959,0.6218569589272961
0.24871255218482283,0.16818576851445508,0.18470360645000347,0.14875527908014674,0.09831749284625206,0.1417439292820884,0.16846907073802167,0.16374583750139496,0.16394950298873193,0.12817833322742744,0.15304063265557818,0.12665451547686557,0.23015642813203585,0.2229911689334736,0.23947616265605529,0.20307332779001383,0.23006443418796677,0.2876745896941767,0.26215306886579176,0.34793156284908927,0.29744441408832867,0.30148352964903047,0.2864339087290002,0.23038702916573078,0.2693786187885798,0.20299994974790786,0.19807900240646914,0.32838853305510846,0.1748536299164593,0.20561258008885894,0.3301086787406843,0.2592679826390127,0.21599174741544866,0.2847896629938461,0.4908771339542741,0.3656227040148956,0.4232587727326576,0.4502719406981826,0.6036839240583933,0.6973696745854121,0.7269365347239569,0.6735347899480119
0.2719844249175126,0.2374253006020554,0.23888329085682505,0.15981736899491802,0.18698792185297045,0.11828179321701698,0.14600925200397408,0.1696430884247096,0.1483582703021992,0.15595506325568873,0.11381680115835435,0.09965256220328726,0.22299666029751472,0.2254520132076875,0.3344521154706576,0.1590139911744606,0.20954678829638518,0.3028865259594281,0.2655634692150948,0.26826183257710934,0.3688312862739904,0.40123656067601626,0.2601461361015759,0.25423064178650984,0.2179878055196244,0.3127826489377146,0.2591202562607507,0.2699129853535409,0.1811786226506217,0.18241271401607453,0.3155392177147693,0.31457588337270537,0.3245409232868296,0.25528737853841155,0.3750504946745077,0.4452956378420744,0.5018698576068605,0.48077886556468463,0.5950600319870054,0.665420641582237,0.7571018145372534,0.7856535389066581
0.28539342481765034,0.2992141107138203,0.2521164137785367,0.150964384732793,0.21249428988136002,0.1536828721688733,0.1356070474642368,0.1141125434165948,0.1913838163922617,0.09856359700873626,0.21038404364462646,0.227416501000414,0.1702273930260641,0.23527666238124145,0.15745041960250808,0.2364147411037285,0.22926587314600103,0.2146550709633921,0.24608549122192225,0.2571759890913035,0.3945507442174095,0.3854613232588696,0.4217845523283066,0.3339810837845729,0.31704565403815915,0.223197711394812,0.3211949702231167,0.25504039828498193,0.29220269083584827,0.27443296544995516,0.23249143379134343,0.19194020194168707,0.277130404028574,0.4678708111447637,0.2790901974486167,0.5008187267165467,0.4106432396149211,0.6384561897953631,0.5253020702224064,0.6010874973594164,0.6315428655210484,0.6463591661833404
0.3412061165039019,0.2638140067766813,0.1814310692692897,0.20423855982795824,0.15592740683096926,0.15265689400570853,0.1777209828920076,0.20114318778280804,0.13215065353721303,0.11667181486975663,0.22554480175408173,0.2940208943819756,0.2514579978585075,0.1590453048551702,0.21671301134009277,0.3098445979587645,0.22250740912759842,0.3321872298762215,0.3066698579100417,0.3959836009664035,0.26803839354571246,0.24905684503853237,0.4317235310210702,0.38981181528101644,0.36254695729991687,0.24171122553672,0.23133150128729066,0.20908356504479567,0.23714779424147991,0.17143074736303177,0.27480719016427596,0.25158658414569895,0.3917276938991822,0.3346158278064305,0.31494220851034016,0.5254737826587439,0.39314827166231614,0.5940010179326087,0.6298989312086927,0.631257002144878,0.6588825898919326,0.8007185852424732
0.326617320471509,0.2818667687395335,0.26209776714546296,0.14527385428598197,0.1795099951599534,0.2030540625892843,0.23019993030025201,0.15959653688097847,0.14331786995258702,0.20883427015475362,0.16400955374779522,0.12416774765781867,0.1784259506382963,0.24020015222478697,0.31619572443674565,0.37336678482572977,0.23420842443132062,0.26242336747775535,0.4272820279804156,0.4256206021783801,0.4364818854149474,0.3362829334372386,0.4398246565121834,0.3872825050889,0.34743173553666734,0.3630310448088889,0.3656079694342559,0.24145936938993073,0.3816336669662849,0.22633600668354192,0.2935204621756289,0.21305126219347983,0.3596183861669785,0.34023302166065705,0.4773865454671855,0.4437544822282679,0.5934438570699673,0.5452528541880708,0.6616234652921238,0.6585479802039438,0.7911129557538161,0.8161885118968586
0.301084605292801,0.22048591449966887,0.27315256938057825,0.2548117644463797,0.19964104200078014,0.119183603385478,0.22841997934725447,0.12892660880635393,0.13400589914976718,0.1735921912452376,0.21916069979541594,0.1466121623678964,0.24076252674666165,0.30675185045341224,0.21273449418892182,0.40323129323717666,0.3583121881041661,0.30974102455308933,0.26788720611523953,0.41225540847295267,0.2824629223121104,0.37364931037704047,0.2936619428675625,0.2918417006261177,0.33007422625902083,0.3403128583336741,0.2858760893233299,0.30881735939960303,0.26391318259169255,0.29818963528536924,0.25153938100517736,0.286718612394945,0.34211878002445206,0.26324292375781483,0.34963329704193374,0.34187359619043267,0.42251300662195374,0.5490663389788317,0.5095404023877067,0.7024088562614635,0.6547227216454238,0.7746395736718482
-0.4057015704904611,-0.2883849439924873,-0.4205627929288326,-0.3944925904771809,-0.31648678280317466,-0.2367996680017771,-0.25886954492447384,-0.28132754517748104,-0.2501465554544417,-0.3239040012938425,-0.3173864395241599,-0.3553593541333943,-0.2747219919342865,-0.36357587620428206,-0.24279943761147474,-0.4166165271709134,-0.3711424962364656,-0.38929780790090873,-0.35042962479832673,-0.23129658738127845,-0.2928877061547971,-0.3907553049457956,-0.3902369789624266,-0.39489547440427164,-0.25596912918885945,-0.2907119900296131,-0.4230802444308504,-0.39927522856670355,-0.3869863163341644,-0.24129354012144155,-0.4185875566864551,-0.2696644971175448,-0.37921066856995966,-0.2886766986931033,-0.2733493080306075,-0.41432621665956765,-0.38522138377604637,-0.3813803763544383,-0.24478196711111058,-0.3213444472940751,-0.3474314172790805,-0.32581486632167417
-0.28406564857606337,-0.258991750330679,-0.4117861074749272,-0.3409421327695408,-0.3915182411310188,-0.42508519419045826,-0.26078019026600124,-0.3478367433853364,-0.2954058679708717,-0.33675645892679684,-0.3441741801369831,-0.38535817827671215,-0.29227612230148425,-0.26044559615199764,-0.3060493094791189,-0.27105434851176635,-0.41656368316209014,-0.421162616442746,-0.3160525685385355,-0.3569684463123303,-0.3450655863465159,-0.40316235711026704,-0.41008799909392907,-0.262161045819494,-0.3207825307056646,-0.26018201487312453,-0.24747181602820775,-0.2501233191152928,-0.3612682408051089,-0.43094296949216304,-0.32379738050030055,-0.38944629700137967,-0.2849633466139477,-0.3568380495346037,-0.3766229184097073,-0.3129058587978927,-0.3440903405602364,-0.3122944148967784,-0.32752773016178943,-0.3439713434207169,-0.29523250065894874,-0.41403771625363894
-0.2846213518986451,-0.3658538814892714,-0.3898624583750152,-0.4003457315142799,-0.30707021985306343,-0.43622789386934097,-0.33019137315485914,-0.42809412817438425,-0.3829366545127403,-0.3142940178595233,-0.33978135137784554,-0.38175315414579036,-0.42814947831649786,-0.37405819566945503,-0.3522682338766326,-0.3724186658887673,-0.3373839980910212,-0.28381345122335755,-0.3443598008384091,-0.3120832462732083,-0.3186569020944268,-0.29086752716616504,-0.32419328538104164,-0.3198339315488596,-0.29566580084276617,-0.2965959763097008,-0.39351177273195764,-0.40966188562407346,-0.3340653156967035,-0.3230675904494313,-0.2716654107262746,-0.28774634628464724,-0.28301051095675833,-0.2986552291516672,-0.3228514549114396,-0.2710370948606088,-0.41687878679992457,-0.36205187064588773,-0.31804803050114644,-0.3090991823183573,-0.37245940825423723,-0.3962667424866787
-0.2812561226047228,-0.30785160298597086,-0.39284371813352786,-0.2888373766926315,-0.3490710164095886,-0.43576587331461997,-0.4335623690447074,-0.3494706369156511,-0.4343008928044463,-0.3021401716635673,-0.3307692403509492,-0.27981014128797216,-0.39762945205298683,-0.2669324752679014,-0.44208846975064864,-0.40167523119186876,-0.26363368471224935,-0.43124692419082306,-0.2765866929440684,-0.42845177232079007,-0.427700552573531,-0.33859779599748707,-0.34168247508663996,-0.31130295288995935,-0.34579109763282545,-0.31184135389566525,-0.3679940723391196,-0.2872141337772941,-0.2743527597997896,-0.33138029646002554,-0.2709220122866989,-0.41742213562935976,-0.4233861819404116,-0.3280968187309747,-0.3485547554306569,-0.3616745105570405,-0.37643376793345057,-0.3229101174841208,-0.34001108098611854,-0.3286330504555721,-0.423943511796995,-0.37323838014604144
-0.34733328111153505,-0.29183601998018277,-0.26974392903334526,-0.32343170238680047,-0.4137759877885382,-0.2675061109480672,-0.4454464985111433,-0.33833374039429304,-0.29514346330869007,-0.3013871850786116,-0.36725882312355884,-0.317027027882119,-0.39214041022159896,-0.3645982918572229,-0.3253448855669126,-0.3042995140321555,-0.3021574822586962,-0.4404824596035453,-0.3154006822471995,-0.331161388962293,-0.30835574542219457,-0.3972492936258847,-0.4019973738669954,-0.3864902911616875,-0.44335663586650026,-0.35145764075889846,-0.3752382670785488,-0.38474574432696057,-0.3267732152662796,-0.3656360785638338,-0.29154928088693777,-0.3504388998609301,-0.3520737771330066,-0.3611989743288317,-0.2940108877016425,-0.29700054526407116,-0.2953607498353861,-0.42863771563425473,-0.3705357385321781,-0.4464033033895021,-0.31846285085214826,-0.4251530868436799
-0.4294337810493503,-0.41663113125541995,-0.3223949493946302,-0.34907020061498245,-0.39166928412946667,-0.33199992892455205,-0.39148611048449944,-0.27657420597040244,-0.2866924879114412,-0.35702402767003294,-0.30040380633689323,-0.4262601147706066,-0.4222363068492328,-0.3090112356258357,-0.42899293234516045,-0.4636767155459605,-0.4539854054523213,-0.35324939646825654,-0.3403909496353668,-0.3614731730864583,-0.4128343993387113,-0.3401914126476336,-0.2878911255376506,-0.2721920672716541,-0.4146463896870336,-0.4012044945328873,-0.3218351727559022,-0.3186890570994432,-0.37062818033657857,-0.32253099555535575,-0.3093168024977158,-0.34027554864146037,-0.35471848878678824,-0.42283082137912203,-0.29539411488242756,-0.35915288234630205,-0.4167353387477124,-0.3267641238751911,-0.32057527736737385,-0.39780136811770234,-0.3578687301790174,-0.44283326414909957
-0.323131932641121,-0.46343818255143643,-0.43623503189735907,-0.3821213159360012,-0.3973031096013582,-0.2934812202122303,-0.3566623245448366,-0.40154345115027773,-0.37748517830195005,-0.40587815457146464,-0.33752830026751307,-0.332102668469015,-0.2834209484701073,-0.39971184693132267,-0.30095439293864384,-0.41346120253360114,-0.3885847827332277,-0.41667901607240787,-0.3370696172235206,-0.3337738722707362,-0.34868346502428477,-0.4221166708950733,-0.32555013618550654,-0.2979930190064054,-0.34580460561232823,-0.3101264381530852,-0.3560773802289219,-0.2799111554815226,-0.40485420122578425,-0.3624101777890298,-0.3098860501520299,-0.37074091483678573,-0.37270889470438384,-0.45300511577617436,-0.46119169761331114,-0.3048460643861363,-0.3254108621434716,-0.408550768282379,-0.36664675731012814,-0.4654691450948239,-0.3212242822194805,-0.41039294560528755
