gfs-wave-data.json
{"header": {"parameterCategory":2,"parameterNumber":3,"dx":2.5,"dy":2.5,"nx":144,"ny":73,"la1":90.0,"la2":-90.0,"lo1":0.0,"lo2":357.5}, "data":
[rows 38 to 56 of 73, columns 42 to 83 of 144]
-0.424280589115003,-0.3038333200260728,-0.21043821784797942,-0.1455139806663555,-0.2237950290864163,-0.10577045302674704,-0.04682670550437361,0.06836609103656686,0.0894373052167844,0.16221667292779238,0.19322539189891774,0.29990482492879805,0.37430215897386415,0.4594516431248089,0.469899493197427,0.3925453081791102,0.45725389454200843,0.36565136093901207,0.4808431292188043,0.4642442859686276,0.5413817219303503,0.5016954881614005,0.37775477562458254,0.5451931247085173,0.49118946220874626,0.3570046314544024,0.3663710200417913,0.2416326901565243,0.11106230875751492,0.2129128619646504,0.037139602230470706,-0.2311135254725732,-0.26821744842176964,-0.4777933317550718,-0.45975315336137107,-0.5458520094803202,-0.6604909365244493,-0.7336485614017243,-0.9916697560374722,-1.0352597629431854,-1.0861058404288417,-1.0751673891285578
-0.5518500761842803,-0.39079932246745236,-0.2236003274249526,-0.1828596761195888,-0.12793791468861693,-0.01636174185529762,0.053281332913001675,-0.010855421347764295,0.12291528963572994,0.27708178825852964,0.20324295849461602,0.30639931276180016,0.3746150679109379,0.37137287793902407,0.4437270530417507,0.38678590508006816,0.3606688599295608,0.36395470501271926,0.43868938693398124,0.44855493437575017,0.4474047944608351,0.4646362906248787,0.5323071541699184,0.5216480861737016,0.4201637942036244,0.40893434191355654,0.3224733770355692,0.3463465285084025,0.23407758542298102,0.052488096465780565,0.10268097112343853,-0.15358280188929901,-0.37177893251262306,-0.46115600249585087,-0.612073798562389,-0.689900229042042,-0.7916676573863194,-0.7758039703829599,-0.9856257538857006,-0.8877117668255464,-0.9151240381459269,-1.0846206374785066
-0.4545952356942903,-0.308441305386461,-0.23771139618507145,-0.30591100168997104,-0.11700873038838147,-0.1159698916263631,-0.0541925996979285,0.07545973953022969,0.09971427366417472,0.22053503045348616,0.2532651565853696,0.37003187311443303,0.3383296992765547,0.366941308329584,0.30531129794620965,0.44042071369981667,0.4656661884408218,0.4119529705173537,0.5210415993825425,0.48500632156571744,0.4379073834495705,0.4286739373124193,0.46728357956083894,0.5096978498139437,0.4028363925107574,0.420572396835673,0.4456981461661505,0.3207991124576026,0.36224718926276533,0.12990271138867548,0.0786670800008356,-0.2655002067321655,-0.38602565118941445,-0.4383003163584881,-0.5337165726379363,-0.4872030327642867,-0.5816318099020821,-0.7168167951426103,-0.9487651827472364,-0.9384842456189421,-0.9827207109825167,-1.0436735317343333
-0.5787532162094778,-0.3678170011157706,-0.23212169901123017,-0.2868251875872007,-0.20275334831394518,-0.12046960003090558,-0.0417670424322739,0.11637096169973703,0.07072189665964157,0.2825161348009367,0.14890648024074377,0.3600029032624045,0.36058434182202864,0.3582243604019557,0.4328362203758411,0.35736015892295253,0.4680419758043925,0.35391427734040665,0.5055836584039398,0.5943563103782472,0.4150580429726999,0.43142885986401397,0.38224258081780227,0.4643089697268979,0.4514125129138562,0.42618142643846724,0.280225523059794,0.3844596142886242,0.2919662434806572,0.2725413684499183,-0.08054859409583726,-0.25693105134051697,-0.1758687515986716,-0.23131420839694028,-0.47781997073864235,-0.7833958756785109,-0.7304255426267602,-0.7924271861837758,-0.7659111307548896,-1.02092425103401,-0.9310981520520197,-0.9002065961590916
-0.2970980494818599,-0.4257923145372755,-0.4293737841298269,-0.408994566059027,-0.3371446409967036,-0.30251268126249115,-0.27036532957512033,-0.39410497117635046,-0.35648910865720457,-0.3727044274106374,-0.35315303613743426,-0.28609938265669044,-0.2700914782052586,-0.2661661402117974,-0.37565419829002134,-0.3672540548944664,-0.2719486562834837,-0.25964855898292255,-0.36243328125083557,-0.2715764418981758,-0.3125518911185292,-0.4304411581387214,-0.26355412741622747,-0.35234059566683373,-0.4371870440661268,-0.4344255511322007,-0.4354490290971963,-0.3622500612968987,-0.4349031636147969,-0.2594384323035475,-0.3373477822091935,-0.4107399295119512,-0.32095617761028594,-0.2867028078226996,-0.2763203187533817,-0.41494530287712006,-0.38852905329673654,-0.3174313865455298,-0.4247788785836855,-0.44815741475859017,-0.2560056744025955,-0.40615223999697475
0.8191672516284781,0.811200105596943,0.8275630144873867,1.0159314315879482,0.7824740345488049,0.8611436262826652,0.710113142395333,0.656091772439728,0.900737753248316,0.6238074627301906,0.7946076147644479,0.8243584855558671,0.8138411072869832,0.49759008771543567,0.620118847057019,0.5625232013717202,0.7287799745547268,0.468002269629356,0.6198702972992045,0.571922809426369,0.39764103564647857,0.41116101182221637,0.6509571896002072,0.4279500354644869,0.5495436250847561,0.5113074786827283,0.5156741606548381,0.3226884900983992,0.3555244634061608,0.45523023389888945,0.4741792714847964,0.4387537581033747,0.5045589891324331,0.5356763511633614,0.572279560109309,0.7366920424888341,0.704829575898726,0.717135049845009,0.6660415500149696,0.44976076534060483,0.29157764096734695,0.4851448155816337
0.9191448271115071,0.8961958622137578,0.7443015196060888,0.8162588270978544,0.8136535400697,0.7135866822881599,0.7724226701039213,0.8447935382147159,0.8103124840886013,0.6815800601394368,0.5859626570215885,0.795320217251913,0.805440942138428,0.7974091758628795,0.6638510766490124,0.6377886162662418,0.6742460312103374,0.5270633006755745,0.46542027532638164,0.4541426075346947,0.5501652609750726,0.5784673717658184,0.47830377202703067,0.5941582500086049,0.42311531843050115,0.5008158845605306,0.4655361528149214,0.39722349381209193,0.3498839049793107,0.3350219957059239,0.5824964381896028,0.6651209700062463,0.40705558263272085,0.5424189292480817,0.6332959176398619,0.44250289202543186,0.6592457110592952,0.6866474465333554,0.38918402524865103,0.5136220786811199,0.3066512652477545,0.28429841967563374
0.9297491254416822,0.917854205581471,0.7644731351049403,0.7878717061506344,0.8012664043369727,0.7971112117728392,0.7059194555915776,0.6445120539916457,0.8637502618659273,0.6348570285069534,0.738030462556192,0.5405913847584062,0.5871765830749885,0.6557174880799489,0.7441888501845272,0.6735390715958496,0.6757643853541158,0.5948564698785539,0.6732067032999102,0.5983937888272698,0.5604712969465808,0.5167907911670458,0.4646612888578252,0.5902975997496381,0.4625474834549251,0.45404048363077654,0.4139446305150465,0.49355019770609304,0.4146740095794941,0.30382425153723186,0.49591937500065514,0.5174096309191392,0.6743455771047266,0.5337540672092793,0.7029172189119612,0.6159499208761541,0.3501237205903723,0.6957044520815109,0.6267584298553857,0.3741734245053726,0.5973829120412544,0.6109504957072811
0.8338238156466563,0.9375862657265049,0.8337892019878937,1.0208077555619512,0.8297566552487712,0.6767843270351919,0.7823909711201171,0.7186335321693466,0.8871112772826225,0.8401741090218431,0.6867960589929133,0.6633748320320633,0.6175004125336476,0.6111759858404867,0.6305036157199929,0.6110965714447353,0.640127136465335,0.6051642089161803,0.6584017872588926,0.4472117855515885,0.47386663284781994,0.5038698117187816,0.5927656177309529,0.4859961943481129,0.5577311270410609,0.4730969001476286,0.4972285871264756,0.42636383917807397,0.5638643735315255,0.48897892502844564,0.5370372060648702,0.602843179978263,0.44903258152277353,0.6836555383362144,0.4387719692166138,0.5988385679986464,0.6622566497766231,0.7116890527393597,0.3496780675506361,0.49141958051323753,0.4829999573884713,0.3428637214220605
0.9353066211266537,0.7509985655212218,0.7901879865000797,0.8417970016960388,0.8008679782607336,0.8313699999757526,0.8171970697010614,0.8469587692036454,0.6969935071821189,0.630896946900785,0.8364523566396473,0.6360145983692836,0.5336691333108609,0.6072925524845415,0.744859534848158,0.5339331747532636,0.6856290313706553,0.6465241110604898,0.4105010632403478,0.47411062521727904,0.5115562288546203,0.5500824866230668,0.36692800484381755,0.5302305483517723,0.5191172231599487,0.4210490896769319,0.44911332100411877,0.40244718327195267,0.45988712280465266,0.3979255997208139,0.463657763343311,0.4491727888771258,0.4610321026925146,0.5068381446624706,0.6074231291978767,0.5122652714911974,0.7060873429329809,0.35352687341812217,0.6935223945948583,0.4732082716488066,0.30674391958330155,0.2957921794175478
-0.29038951302480753,-0.29681145415457677,-0.28803002646544473,-0.3788692417250327,-0.31710252370435893,-0.36738675281410904,-0.24533277524067046,-0.2728322846263959,-0.2417149140088017,-0.21791150718402194,-0.2865470830943743,-0.23515195057699584,-0.34991091132338165,-0.3635153154550259,-0.2186197128429476,-0.33770345655579853,-0.2985730054849699,-0.36970647078406516,-0.304884180318269,-0.2334868025981423,-0.28115390791740613,-0.28934990236275693,-0.21121230760799767,-0.32839550620370844,-0.27640229469143673,-0.2611407662179147,-0.3733113080814784,-0.22598479148426157,-0.29108099742928745,-0.20460321780000879,-0.31437322963448905,-0.3643442765330332,-0.3243470480048445,-0.3613922412387553,-0.3425157720789562,-0.3161222358474639,-0.29704039566547746,-0.2973351231247759,-0.3441872002466548,-0.21683825059682046,-0.23040571242523078,-0.2123953922419142
0.3593610232675102,0.25667561998610694,0.35735634413880174,0.2798125949039051,0.40986586453198137,0.4688624445839774,0.3404039547674448,0.3012168036143875,0.5090628347025208,0.36091442235427124,0.33667866491826187,0.3845268433129331,0.5863157477260198,0.4067310820087908,0.4187626233063335,0.5357356698247439,0.558946017094407,0.49580195934888216,0.26435546591557757,0.33760926532115826,0.25964284556236394,0.48497613783211824,0.346522199384554,0.3152014782776773,0.4267800939449472,0.06330237096849582,0.030849023058254647,0.2126642637383217,0.2110101809012505,0.06751181341186206,-0.03950078894400263,-0.11271109142157047,-0.19628372706529842,-0.10992306944325556,-0.2772818931789247,-0.2360562461862093,-0.1734349918868409,-0.35403296624087327,-0.2266675355916285,-0.3157470360279475,-0.34183242341361303,-0.49839000531766897
0.15778028019285592,0.19773099892272825,0.3417712306233397,0.4073828131113384,0.28876752852163245,0.36189195056437024,0.34581439929505825,0.40475698633737656,0.24332563698837795,0.4745095025218352,0.337660364862663,0.387007666070637,0.37043827322807404,0.48230493760803617,0.4078802475712127,0.5075514596107104,0.6253360776150436,0.4577432671506232,0.4129397888238189,0.43500855429449886,0.46792495976908816,0.5277503921710035,0.48335736605541635,0.41876060875021515,0.11231475851588651,0.1789930501189704,0.35041487008240696,0.11111137957713887,-0.002263727797722297,-0.006849737648731826,-0.07641246616605958,0.14418452644754176,-0.18741794673213108,-0.09361801682982827,-0.011926755105003184,-0.2877201365925509,-0.1397887151127776,-0.45055473611989455,-0.2907643953639197,-0.38785911166808873,-0.4393012375413102,-0.3335586254716475
0.14676296752503784,0.17150777969919123,0.34701043109681606,0.3926554267493257,0.28492807242845464,0.3902806122996026,0.3280543321133494,0.42795925927132394,0.28113427963178733,0.3506870278984466,0.4483761030150522,0.40449107733895723,0.33015261991100164,0.49939818163184346,0.6368499072834432,0.38156327790704103,0.28088717564862425,0.39694464168683363,0.4457173795240602,0.2635552280161942,0.27069356283484014,0.24764850101703767,0.19719994639878888,0.18492652340375657,0.34697935827472015,0.22555966337952166,0.12049928796498181,0.34218641911168474,0.04848870363875563,-0.03281656837779422,0.0366278577653264,-0.08508993366276699,-0.09514660749204866,0.02259129648852916,-0.03757884408135822,-0.3642832912458804,-0.2108624418486966,-0.1294879147988492,-0.4454118564328527,-0.526014630894784,-0.5211587685319635,-0.32856573906227493
-0.17656081947345514,-0.14475648759722512,-0.15132341626378557,-0.2578108388730559,-0.2985963689240336,-0.20562563123643637,-0.24621811568660065,-0.18771877252212965,-0.13763602107569875,-0.33349094990052913,-0.25621832239476455,-0.1469173735759498,-0.271356106813261,-0.20364018105528697,-0.30497503077798477,-0.14135064511585724,-0.30623536374531435,-0.26936203356101623,-0.28689228967888775,-0.21598543837887732,-0.28173890051971295,-0.3270107574973557,-0.15900280111336954,-0.19424678822915661,-0.1581088959245648,-0.26957241333823334,-0.16107030920839358,-0.3365842910033969,-0.20188715227366333,-0.2727539450431275,-0.2319556145982447,-0.2995324836657875,-0.2987362881249138,-0.16480520970081736,-0.16793197919630054,-0.23600998902896228,-0.25024679298836594,-0.2560369144531784,-0.20568303738412674,-0.16317280449112476,-0.2634734765145421,-0.33234711230430264
0.46398648251324837,0.6343262291828005,0.6094049750955052,1.254799578227506,0.7633021854338378,1.0392942917970864,1.509243011027331,1.3938633167624308,1.0958350012239126,1.0438778000123992,1.465890928352275,1.087170906252021,1.0568523854546992,1.523123685451908,0.8362394260471901,1.134131673725236,0.780135501440331,1.0342682894532473,0.8278933966579959,1.0016107754639636,1.0912036131808698,1.1012667968234735,0.4621351641391089,0.3792663879903682,0.9009307049604651,0.24738497867761083,0.06001972019224183,0.5637493724221488,0.4078657905709782,0.4015531277057413,0.15960056338260512,0.08180910148743921,-0.002776775374293564,0.05306612559948191,-0.6359646923847255,-0.4707951705096104,-0.523198056974233,-0.25222269724841917,-0.8023055860139152,-0.7367114355850256,-0.7401726472674984,-0.92123566945681
1.0839972537088582,0.5694968554317507,0.6484700923774586,0.7823126361852787,0.9321744695022266,0.7198781660814245,0.9261421724576802,1.344023855424687,0.8908882447455857,1.417152512818213,1.6577856888348288,1.2528515055846632,1.2550917052453188,0.9556769487275347,1.0011863445204103,0.8586845421669309,1.2077983508624064,1.008969420392708,1.1651149769591445,1.0950949687307279,0.843560626054277,0.7730538204853253,0.3718983579448116,0.9038192387544697,0.8140941818100194,0.7810676724036616,0.631446548292917,0.3480755218318713,0.13094294894232703,-0.24573002913430614,-0.007209331967391754,-0.1264069520292975,-0.16102434934958418,-0.4696182894623302,-0.5488720380025865,-0.3497913218185383,-0.44492058300546733,-0.5831393807933059,-0.3050647664591939,-0.6007258282277405,-0.7672491701438626,-0.5063409223904225
1.0172369276753817,1.1089233484492869,1.100178998277385,1.3154288294217988,0.6288834939452779,1.08023531193592,1.5145068402515365,1.1582032610166755,1.106904078008033,1.5305222611501492,1.3974223465392641,1.2423566869230311,0.9386936575097836,1.206563996108907,0.9858841695101649,0.9774610960331949,1.2513780523642222,0.8379351968262582,1.0371321967594909,0.988181342852166,0.7521255392203829,0.8604974338776563,1.0570996002755613,0.4286131516649637,0.8803073746789642,0.532641339724668,0.27519334755966934,0.3753973263795839,0.5010498707306376,-0.22624929388520904,0.21143892673206835,0.07950454625179139,-0.0030423691867962174,-0.33274553857131234,-0.24670350951042827,-0.2909597060844232,-0.18311632894278174,-0.2788235289958662,-0.5903218241093912,-0.5079947838349824,-0.4446038006231001,-0.8152584159394817
0.3371898513531997,0.49427667572012784,1.243184914203826,1.0297092406038804,0.96501799042222,0.790787498973631,1.0373400652151443,1.2804513608273809,1.1683133882327343,1.3199070638286166,1.1715718570092717,1.1289723155273574,1.0009625656660048,1.3796595955031568,1.2327359408143257,1.2916906579636003,1.1016696548304419,1.3559321451638373,1.3078960977052245,1.2184293387404517,0.6979416032045336,0.8175298754453441,0.7940532678317497,0.518660489375404,0.6032605134533264,0.20515432411716342,0.13730799741106667,0.09116101171598828,0.2946522061276355,0.09742382994303737,-0.1578800321311916,-0.33047718294051215,-0.36009971552513015,-0.40330417557249515,-0.5590124834986372,-0.49759405444010285,-0.18176388557490467,-0.3696205051531825,-0.6244131168056222,-0.4263651746206112,-0.7764133462795179,-0.8390377261171884
