gfs-wave-data.json
{"header": {"parameterCategory":2,"parameterNumber":3,"dx":2.5,"dy":2.5,"nx":144,"ny":73,"la1":90.0,"la2":-90.0,"lo1":0.0,"lo2":357.5}, "data":
[rows 0 to 18 of 73, columns 42 to 83 of 144]
0.17805078472021274,0.149106363072697,0.1970012424008374,0.12670779951763,0.08997261625771447,0.06444896852160827,0.09561921379067387,0.0865337303242056,0.054962957352300036,0.02499850735748093,0.005240015622801503,0.09577463519570088,0.07610772372869234,0.05585676475945658,0.09787028041650918,0.14467994397334047,0.12343737916239458,0.04804057443782716,0.12891334223709053,0.21039144371629293,0.07440377624047298,0.07078638501778586,0.1275171403963851,0.15520401157164526,0.17189117567603182,0.17737281208168754,0.2588425873565551,0.12470183953058406,0.1092656317921343,0.15149724608690443,0.2765012672796734,0.11823706148933338,0.1832429656984677,0.13403877466706213,0.2342382686467803,0.2845112737009268,0.25885124739341997,0.4497762341139877,0.34318755124922756,0.5118701457006167,0.5323356756426076,0.5928367411006779
0.13282783060371672,0.0857187612047081,0.18509393931002013,0.07983438523436742,0.04503020250767804,0.07186420977991399,0.09058625625437489,0.08879339829968588,0.10659983545824164,0.036879533817346336,0.08384336025166629,0.07560481770504701,0.09953584767976423,0.17505596830571515,0.16363955338513378,0.10167825852517494,0.17166069973617923,0.22166630175867727,0.06829854208605073,0.14798649568603053,0.13437539051085093,0.1267940194537275,0.18301909525985063,0.21967480516047094,0.16564899057906643,0.2439949666208237,0.1979475415060617,0.16212494466287222,0.1350632023557416,0.17164223668289505,0.19976422253635812,0.20099151871607188,0.1851735784868099,0.21634824286964732,0.19342467692889778,0.42634248828228755,0.37453972810129516,0.30682099776437005,0.4218661413752017,0.4287631110448219,0.45978806310493,0.48770393438278425
0.22114041948968485,0.17081152789649706,0.12359962357971284,0.06165777536809458,0.09218658880839908,0.07246788088175948,0.04429757356142842,0.09850475399695918,0.054314825709744385,0.029008346174867368,0.13770554136855867,0.10145933850379425,0.13813673631104884,0.0851585335816217,0.025888295406771043,0.1253768133588952,0.10588447713077641,0.1403382971775202,0.06358256992989975,0.08102927769067075,0.06640677283747265,0.13837994372466952,0.23284713548473282,0.22081891574228332,0.18155316625324233,0.13381340913403897,0.11350169287754083,0.1832195656056068,0.21228372417643418,0.16447195192330627,0.11484972555350219,0.12325935621211867,0.2865978627750736,0.26307265621912257,0.21801937713435432,0.2687604408548128,0.3891271264114632,0.4437805713902519,0.371727423779437,0.5327702416811193,0.5039970621745268,0.5325267093155782
0.10728730876815754,0.15404795939317853,0.10938186560804052,0.09910820864928413,0.10263458948929546,0.07947630711318567,0.09937568422830947,0.04233036348855273,0.05072453928439962,0.03707924581941463,0.012332936593396106,0.11191554395493766,0.12770696124366948,0.1132695679333382,0.11868548598946198,0.14642712580727835,0.04915397969105196,0.03610399863067554,0.07880128175421922,0.057815056925466006,0.224219333651163,0.10834259832184714,0.22967495404940175,0.17591121519523162,0.18625885222789798,0.15062823758897376,0.19954902901213356,0.16457798948128316,0.11228039632483955,0.16829377525527642,0.19387934785988906,0.26407816546137713,0.21594269914388375,0.3561574518972909,0.26195376509994617,0.22064239788008505,0.3679423688307599,0.3255413954196993,0.4984273166421542,0.5545216956468716,0.4920948340809747,0.49741924111691715
0.14016628859678928,0.147248962398181,0.06361636641680567,0.10751412043776788,0.054017136493821435,0.08051899894589865,0.05447346180616415,0.09474446133526174,0.10865321836383898,0.05388511750968671,0.054767455047631544,0.02007487065559854,0.11266220703012257,0.014839375156472028,0.12402413708318298,0.060631414967909365,0.03394518371526503,0.22599802181806006,0.08381359794578662,0.19559308434920264,0.11409214479400547,0.2600052040652024,0.22118622808317143,0.13139061804621685,0.12229467694132243,0.20197903545869833,0.20927567344289927,0.09674818239777429,0.2411343249313034,0.23424537740755155,0.20023215564221292,0.2439240738406749,0.14772893853173247,0.342796625945162,0.18264315928773514,0.23388888957522833,0.30382567109690134,0.33869297722803626,0.44940458633984737,0.41634341298237315,0.43979075604219847,0.4832743096094328
0.11927346899378424,0.08415082577462026,0.17901097391428894,0.12982462296931607,0.17359216011033116,0.07326943819852752,0.10874544804208433,0.049781302621739264,0.08962990012301625,0.13346575584514792,0.06553341597017871,0.04422588219361479,0.011646267395274036,0.07164865383286033,0.1565235563098171,0.12073614491955072,0.18149226011463102,0.21119189165881128,0.2251484610071484,0.1700927113340114,0.17392509785681026,0.08844866299948066,0.25202707718342165,0.18794358843583667,0.16434288271855632,0.20130720273928898,0.10111231855655808,0.1601516254208808,0.0969398366702435,0.19855564896310596,0.1661768384666552,0.11509127169252895,0.25210036898886745,0.168896067126799,0.2366727334327626,0.34757267562698024,0.37085015879729166,0.4304854870533018,0.34271280144939725,0.39156187142775095,0.5845500600102604,0.5273838965096868
0.10570293613150795,0.2530095794658866,0.19903652406888991,0.07825589592734859,0.05822944193621005,0.0968563523880551,0.07119759686847085,0.09300672418894744,0.07150478360070413,0.12161143030657105,0.0581021966796535,0.11383545500709379,0.09694518766641698,0.11275862566750758,0.059026525189548096,0.1228647248312509,0.15549735506351262,0.15516155595997128,0.23541785323523376,0.13770305426794513,0.230225806819765,0.2770133298132023,0.11794953745908986,0.23902462844455682,0.15065514609103683,0.13614272274893277,0.13721766228452628,0.2049488121895643,0.16126879895937424,0.22673505091148205,0.1608451668986626,0.18324705213563705,0.1994463638215858,0.3337190231134498,0.2732223010029864,0.37082892637371895,0.39029182637837223,0.5046647079277963,0.5467068651523012,0.4616540786507777,0.4286633193697251,0.5888887037783219
0.22619229447739378,0.14191747775827626,0.13883653234223955,0.16545721705452188,0.0995018797382852,0.04948728331630396,0.08894924709857419,0.060266987491240744,0.04243200515878767,0.07478495838215063,0.11009764546028622,0.08127730762849733,0.03526084891955445,0.1195223270087456,0.14237586661641757,0.10172727802235337,0.21283452384511783,0.13586681150752034,0.24729812128925593,0.07349061871910431,0.24389530271583118,0.21849752411500764,0.1464716878632055,0.22177486119099019,0.22048185325861747,0.19114160246390008,0.1297378779102469,0.2631497061406195,0.12144632100377771,0.11642390797210764,0.19122355570060728,0.24373877231282404,0.19379194838967825,0.17444580196541792,0.26203748230321783,0.38756829567011486,0.32036877361146165,0.4532723396998074,0.5492293766525371,0.4866489201589912,0.49779018654286944,0.5297520730176415
0.21437064895707625,0.23035978788911002,0.11379425378640336,0.09939001922655663,0.19424993919641415,0.16020588498564486,0.14439504149695379,0.057888642934747235,0.10883368584985224,0.1119939309374062,0.1218508213725282,0.028454755478085673,0.04282995209361005,0.1340925074590345,0.13143960401314436,0.17230767452652457,0.24054646389464698,0.15572568207963333,0.10799669652194896,0.25505348693182317,0.2345304722711761,0.27198887057273397,0.18199467713876266,0.17551015224076666,0.2244912150891843,0.2706425669265295,0.16668296552103692,0.21342059256810808,0.22815145285540353,0.17562952081339747,0.19204600975141825,0.1636017697978966,0.3090079246522846,0.2443234810212296,0.26237440026567665,0.3090575159663428,0.42140050989898703,0.4424404852947468,0.5050097294074689,0.5450849075541245,0.5461149489329913,0.5645988860515327
0.19853269696826467,0.15741770493951426,0.08762365595999297,0.09602517199257538,0.08506790731843063,0.08169616291088923,0.09942661929418452,0.13843562555700073,0.08030873839705087,0.15397648526964752,0.04909492859263419,0.15198739291917046,0.14574458573636837,0.11453157330213291,0.05043062514051951,0.14521059465518904,0.06264345992534197,0.1408316317445113,0.167718877944009,0.22946467789036645,0.12537210683285963,0.1603622435739345,0.2150770457217593,0.2749778937453559,0.30172237051681206,0.25845027032491275,0.18627921759202695,0.20237499316800142,0.17278361329165548,0.21450350056423018,0.23813470697823919,0.17941487240955803,0.3415908808864966,0.18483925243922986,0.2947388396611086,0.29421014330721684,0.46158649148332587,0.420029517633688,0.39902606375249555,0.5579557784724661,0.5058552297424833,0.596244159748146
0.20860808397334787,0.19580670924996935,0.16169592174943948,0.12115757518662199,0.13952131048392605,0.14786489158512517,0.09683392891860831,0.1189855892547946,0.06648840062363538,0.13001027341316537,0.14485111991190552,0.09257537411390154,0.08660529620204135,0.08475589140596468,0.20524012530161667,0.08299581499841156,0.19622483202536906,0.24661279156366267,0.19187387552499716,0.16072419576498392,0.24633504621609623,0.19791516765887815,0.1195086471355084,0.21468538280738844,0.1470453514621797,0.2702812772178977,0.10906304750277143,0.15501971009211168,0.15754645578724966,0.21779756540137685,0.23675521452351822,0.24308051631446423,0.14469105601928936,0.3147967903268878,0.24504869775528526,0.3621919806472985,0.31796599094128364,0.45867809594278575,0.552004491901882,0.602531855868325,0.5667831946060091,0.6460760205623751
0.18592989959267345,0.22871604800230796,0.1747926067300198,0.18920934751870563,0.10650083932464287,0.08201606891742595,0.09865616546007175,0.1678192022435297,0.05272217361188873,0.09079244592751652,0.11371266979899287,0.08158195660719747,0.10120246556876158,0.1011924254601026,0.1403098430272288,0.1737837746779711,0.1588218506630561,0.2267244331374106,0.14060904461274337,0.23403990844310277,0.14834765195605354,0.1439459543931521,0.28319929859424803,0.2609483174261504,0.13650594643527297,0.21134022212093678,0.1874607537153588,0.16098193389026214,0.2430189755685874,0.22053342135066678,0.15141383979564163,0.21186408933333806,0.17495544527239007,0.25734606880523164,0.3254759678619764,0.32375546405889044,0.38135787143989425,0.4648840409553879,0.6114626998486612,0.5929472676627192,0.5749521778157592,0.6852434043811958
-0.17569413146622498,-0.17537203734849355,-0.2599645682128379,-0.15448594473444804,-0.22858915607090738,-0.25381867067094427,-0.2521760460732709,-0.15790167954426304,-0.12463510602425044,-0.1842679827149893,-0.23063971239500258,-0.2215179487082138,-0.23724214754241688,-0.15206544630402552,-0.09490629557970626,-0.2161299391762639,-0.22686541197284668,-0.17495968956619407,-0.0941673062970869,-0.18987615245008618,-0.2575895279069482,-0.08977870114201726,-0.20527663311817226,-0.17521130831508988,-0.08470354731020513,-0.1288207778499648,-0.14668297719364903,-0.19472029307358243,-0.0770776773392759,-0.2597157009352652,-0.16037181214847562,-0.170768974002757,-0.2560559523370005,-0.1522541279952418,-0.11720733998703194,-0.1253042096547107,-0.24966455163319556,-0.19037087156592702,-0.17532731614364835,-0.10281862637506477,-0.19404181354777478,-0.17129985693840943
-0.1809478026411017,-0.13259463873886723,-0.10673157181284935,-0.10502631478407835,-0.28264578714372995,-0.24714235503060591,-0.1760887022413581,-0.1517917008868992,-0.16431253960442999,-0.1382676495195718,-0.28024418781677224,-0.1570257526877241,-0.14235625085638182,-0.23588189375554353,-0.17240067720639363,-0.22364374276320187,-0.11935099636584133,-0.2606150743626805,-0.2420067151092113,-0.1667074718634093,-0.1150742440491815,-0.27307918002598774,-0.22463059407022354,-0.14784125566488496,-0.21622071615789848,-0.2053872081194306,-0.17664145785778124,-0.15972582323925572,-0.19175664514769833,-0.22280482123725365,-0.22350221189858677,-0.15469006036862404,-0.19873355219022965,-0.22484416134228302,-0.10093110273126085,-0.2724789674116956,-0.16232278624169008,-0.20056542255558688,-0.23773645589300896,-0.26725331722803153,-0.2665369397677705,-0.2409329032478486
-0.1954532494655417,-0.22282487247426672,-0.254280487144647,-0.26400404955105583,-0.12674626517332205,-0.1389334222024981,-0.20771069527052985,-0.1572563845003563,-0.24292790905838413,-0.20543798424497234,-0.10380882297119828,-0.2922326440093704,-0.28892550716010335,-0.1690576367292625,-0.15186345448119798,-0.12831285717375607,-0.21957794731420133,-0.1742823597597229,-0.18134710943022908,-0.22063409700159917,-0.11604557017051828,-0.10818787645000964,-0.26465016145286957,-0.23104019873852097,-0.22031763221894826,-0.14315295120093768,-0.26427754567200096,-0.2922443198986899,-0.19353717661108927,-0.16998400174613543,-0.19702351157767137,-0.13421468126644934,-0.12293983516099857,-0.2807990402121447,-0.1589390954994123,-0.16009857866636906,-0.20758002695278352,-0.23566518801577716,-0.12694928926390867,-0.20816228281741012,-0.1547519381719504,-0.2441102189573847
-0.20425227176104074,-0.15169357862896074,-0.12903372880228628,-0.1870957235821335,-0.28572935857782406,-0.15179475200419656,-0.2280624510045316,-0.18527327787496306,-0.2584305432879835,-0.29633627904828974,-0.13661633011165666,-0.15645568828510895,-0.18720925824798298,-0.20063606842544063,-0.26032888872573273,-0.22799459368700908,-0.24679001360940794,-0.2775636772647833,-0.22893719190096865,-0.3012466517924716,-0.2166311711146091,-0.2201533733979174,-0.248932349164479,-0.11085789849694286,-0.12056081208719363,-0.303576402397287,-0.12758889637326803,-0.2636595627731797,-0.23805731372403668,-0.23893339497150587,-0.2885601993541106,-0.17896804569761526,-0.11792536216688969,-0.18901967199306927,-0.26118841738394555,-0.30186586430679796,-0.2661502155130474,-0.1616906240748879,-0.1678490981752685,-0.28583257374683513,-0.1631042670468106,-0.18652091342090857
-0.13648927557801044,-0.28896397822298087,-0.29086087984424946,-0.22793080518078507,-0.1292826811395367,-0.1975387468959575,-0.2649879911229228,-0.13034429745121492,-0.29520683278293297,-0.31688309239018925,-0.19656726814324255,-0.28565544700641066,-0.26711176466811587,-0.22736713779945605,-0.15564032499788105,-0.218091230168483,-0.27617215043112325,-0.25641982491889465,-0.13538193641706864,-0.12563381858341477,-0.15801418722692334,-0.30944475744069344,-0.21555142148707382,-0.14482105941582238,-0.29004587293801026,-0.21784404076960429,-0.2935732094930645,-0.257976728838307,-0.24250917134895128,-0.3208868128662462,-0.14923571054053886,-0.22562779198936464,-0.15101974507866014,-0.22750636799118312,-0.13897627957296746,-0.21155282678068563,-0.18569788638139978,-0.19302946933363704,-0.26283802951302576,-0.3059857692732339,-0.20238375884311732,-0.21892147645256912
-0.23641741158817892,-0.30463769382559763,-0.2681514586027562,-0.22361581263572536,-0.2227091099153524,-0.15375453849907422,-0.23722076250117366,-0.2543155724921577,-0.2722314559561288,-0.19759367648975065,-0.1646263828767936,-0.3040068535263414,-0.3089837603458034,-0.25213392186803035,-0.26093172728213787,-0.2040328741813593,-0.20801297068758673,-0.1697106941422894,-0.21902397696308587,-0.17515863668425213,-0.24489422647493375,-0.29566609976193237,-0.17872222262658255,-0.3288253382218011,-0.25389841930726564,-0.16422342933310494,-0.30516627093713194,-0.2838299338627874,-0.23496676950056264,-0.3164079851762038,-0.1762654670342622,-0.23342714305270912,-0.20948812861855096,-0.23120013157005243,-0.28476800081335557,-0.14179391835878025,-0.1675711011471271,-0.2902593564883998,-0.17038258491291036,-0.2400277630703906,-0.18456313286079248,-0.2865846787802827
-0.29332858939886963,-0.2531521623376974,-0.24334773596753284,-0.15765920156235358,-0.2360148745826459,-0.1708688376265125,-0.29157930220457356,-0.29685262476550645,-0.26179336514599555,-0.2829253752141548,-0.34041779975583975,-0.23048133217369143,-0.23258569683540747,-0.15194957242250837,-0.28988961603613494,-0.24349388243450867,-0.3479900450863243,-0.31557220058665164,-0.15491847129188777,-0.1730858843934871,-0.1681875939242586,-0.1513322583729602,-0.27223039162367746,-0.3315975930667695,-0.21954520301957753,-0.30304328978269524,-0.18364445391940717,-0.23292020962270155,-0.2507302490332943,-0.33130374307734806,-0.2536831277890989,-0.3234857062586069,-0.2494199953333528,-0.1692086847623496,-0.33803570766022817,-0.18088312511176297,-0.3448886980926003,-0.2689875325173375,-0.2745044104702905,-0.3365946503311304,-0.25610604805750375,-0.2032557321604764
