gfs-wave-data.json
{"header": {"parameterCategory":2,"parameterNumber":2,"dx":2.5,"dy":2.5,"nx":144,"ny":73,"la1":90.0,"la2":-90.0,"lo1":0.0,"lo2":357.5}, "data":
[rows 0 to 17 of 73, columns 0 to 41 of 144]
0.4050463696899696,0.4431805379970655,0.3432430650390988,0.47521011812442754,0.460222230655809,0.34961958108318736,0.40773140951102316,0.271901878493998,0.30068617001061726,0.19857805152414323,0.07758285378517171,0.18818757851181464,0.05006503900539301,-0.09272576723357753,-0.19823251411348225,-0.3318732527056549,-0.34114082433188425,-0.40719236419396443,-0.3998593537231001,-0.4179961005032747,-0.408928645434324,-0.4802013718827452,-0.5391576369856773,-0.47509295267368123,-0.5133006179646259,-0.4475596585091619,-0.5222315741394251,-0.5608158612714502,-0.5130382523222269,-0.37302554943542365,-0.3070073065124282,-0.34302431659242655,-0.17761684467163336,-0.17286790755862555,-0.11613159636571005,0.002318544506996201,-0.003218593104950318,0.1193417353185449,0.11117439412959258,0.19680603482954553,0.12728145086323833,0.18219412836229212
0.3799843289986485,0.3277246145243311,0.36713382961599483,0.4044150010740536,0.307298569266519,0.39103125596508675,0.3164455464761435,0.34168412815124133,0.21371870019653605,0.35072483380871555,0.1400248531174701,0.027542154518423043,0.11411743576856853,-0.17537027547070175,-0.22861499822332368,-0.24678643609528372,-0.4138446471601594,-0.2768676857320982,-0.5283366902627372,-0.4728665856376751,-0.5577335788655032,-0.5209006647955454,-0.5838263309403968,-0.5011143567481835,-0.5820572186784962,-0.5988711715716628,-0.4812413047547281,-0.490018685900367,-0.5701820967183788,-0.40089039693292805,-0.4130201944531181,-0.40941467426854067,-0.2520556476147818,-0.24645437723377397,-0.1633185241540521,-0.01233356553706743,-0.027685590558185515,0.02642653872599229,0.10953907041599285,0.1537648293306462,0.2135838629225955,0.2056649107294932
0.48899256950500974,0.36641785856604564,0.40769776417979625,0.37311852667525586,0.38696305507388123,0.4110096907471646,0.4489483766087633,0.2696914183729381,0.3037400489683123,0.29558139075920836,0.23628733979235886,0.10971853780802474,-0.007715341617830125,-0.1839029514831085,-0.17282545255294082,-0.32231532162037935,-0.38597203914406863,-0.38938948775444326,-0.4247009012478334,-0.5604710716637594,-0.43484389645100047,-0.4779323880015972,-0.5862082461194507,-0.46291197634162373,-0.5453246787469294,-0.4515635820969493,-0.6128667184641153,-0.5119438579511352,-0.47480786577863426,-0.34201238793956457,-0.3302482758724217,-0.37856690252550895,-0.2389450591118669,-0.19930806715570237,-0.18031650444842268,-0.024573877874561452,-0.043263538459593034,0.012345659602947194,0.072446709822361,0.18478038898255716,0.19758128922570736,0.3062630730597156
0.47235905242358406,0.49502110871386074,0.5262780511224583,0.43622504113207156,0.38316981520950355,0.2989288573772748,0.3353870507764299,0.3971762721991925,0.21189900548084886,0.18291088674908418,0.12390994233843304,0.08412260655047511,-0.08775139585876617,-0.1814790513757252,-0.17675019045283716,-0.3057070359817056,-0.36874586887636474,-0.35200801588089753,-0.5267122422144394,-0.4894221699018468,-0.5312716483126033,-0.5585352314378338,-0.5185640147846593,-0.6194809509559394,-0.6846841864226022,-0.5953340261587419,-0.6385736700852992,-0.4664969770598865,-0.46469868129193587,-0.46461344630860985,-0.35248295464067864,-0.34525430811500035,-0.262692351318384,-0.20556805653772475,-0.1908067708518698,-0.09448229144849178,0.07612727929950208,0.1048031034172237,0.06058913298974346,0.21726803700748148,0.18914282280878073,0.18992800524889542
0.5252543576459929,0.487351978551563,0.37937021420263867,0.5673027385083557,0.4051338512134796,0.3660555145674953,0.4866079577092475,0.4704375426090681,0.3827814837483133,0.39066887263442235,0.21507905583782397,0.04111012465917721,0.12276743516466056,-0.1646339429758493,-0.2950912414039316,-0.24494913074680924,-0.31291698089727304,-0.5326544418308029,-0.41298814540263623,-0.5245842607243334,-0.6540354339640424,-0.6081633393792374,-0.6531625251025809,-0.6807887614212703,-0.5503756982565383,-0.5875755071654037,-0.48217364544274216,-0.5988297501087162,-0.3986817029109286,-0.5411009057565357,-0.36468543126835773,-0.3636865557945376,-0.3221458073689653,-0.11970544843194496,-0.1941695810702175,0.0021854094889139516,-0.0589540475878736,0.041637035796295435,0.061175467090538456,0.19284720569207933,0.11575630099829715,0.268048963409846
0.342707033322371,0.542252723807402,0.5349540142661388,0.5191211497988818,0.43610922652548667,0.4747187424704742,0.4614274124533504,0.336970177536294,0.3598983675112265,0.1569269590843343,0.21983039770822166,0.015970189516871774,-0.12052839603524397,-0.04773436996825013,-0.1349274482610541,-0.22001883896560492,-0.33451395134012296,-0.44833226223572614,-0.4439661277921627,-0.6135227690687276,-0.5861889896540816,-0.47473148522054665,-0.574872158567064,-0.5881345781056466,-0.5514686095932908,-0.6058963943089888,-0.5854613211324049,-0.644878437392245,-0.512445744903833,-0.5173484322876105,-0.476612540039208,-0.30780968935506003,-0.2901596313843138,-0.2729301124415259,-0.2011800912848601,-0.16734741526366706,-0.04055612937968683,0.1611187449183569,0.19098345342485695,0.10981662781823376,0.2201499993891165,0.24911269806395897
0.3683263362677076,0.4108624007281321,0.5594187439706404,0.34984637161283305,0.47619725283310155,0.5168679796539015,0.5173412126792488,0.40680856221210526,0.37617932223284967,0.28538700846489873,0.208117621934158,0.11628923445543339,-0.08108706072829937,-0.12204728420033897,-0.0867769468228068,-0.2798262551652556,-0.31231302957275675,-0.4613877115466967,-0.5329949722084599,-0.5097139564914891,-0.5646473948931398,-0.5811094940115455,-0.5088223358954517,-0.48265169152338455,-0.5266093294219113,-0.5021279963198195,-0.5969317187379076,-0.6112532292012173,-0.5574594009450808,-0.4942485317314117,-0.5698306670761509,-0.47261157845879576,-0.2411047725913105,-0.24081894645902058,-0.13325662522421092,-0.14562532674099188,-0.019420966179440276,0.047521388619237215,0.13133803988351947,0.1680642210653907,0.19444736334193233,0.22124532533631208
0.43434904677351394,0.4654166926890133,0.40953699388549747,0.4027056131591401,0.49140926543590885,0.52118336007142,0.46094515971416017,0.3322330423830237,0.37066834825076583,0.345612637138614,0.19682420994652666,0.12685240184355676,-0.05452563933522059,-0.014846067332898569,-0.17809623774151487,-0.17779985664355777,-0.4150450882011582,-0.361780109219124,-0.46409192093312124,-0.5303833311423878,-0.6214026117287227,-0.6787028866469106,-0.6340724646351363,-0.7455431424720834,-0.6410907244602633,-0.5757115190287875,-0.7095072891084526,-0.4891965887751929,-0.5443932838618968,-0.5149369652238814,-0.43239544728481455,-0.4119128243812511,-0.39283543966174467,-0.26844947043083617,-0.10136656158101866,-0.04848258407162095,0.06458548665084579,0.10408698277052034,0.112483709247446,0.2680677641591282,0.2425933969926054,0.2545881002596882
0.38073831385411483,0.510022088736145,0.5167636371835138,0.4709902379139689,0.44944633997238875,0.4222635220390902,0.4034330708474533,0.39137727906796027,0.2573376301704365,0.29894467728840685,0.18269155769099074,0.2200585957950455,0.048880225852804875,-0.04500349911956523,-0.1430400576258064,-0.2873601809308602,-0.3271408638325917,-0.4585353082459919,-0.4815740615866137,-0.5648279218726542,-0.7175159376423876,-0.5443507839620426,-0.7231715743128024,-0.6528984944384707,-0.6120706682639269,-0.5296088624137149,-0.6681104078891367,-0.6270531969300696,-0.4593117007521536,-0.5969129629307006,-0.5407096502085308,-0.34331378743817365,-0.38932402856824144,-0.23615164559834984,-0.06178057483245692,-0.12446667253526186,-0.03793093458178618,-0.013600979114602667,0.20344539251438826,0.1460959214743698,0.1650769648204327,0.241652383041375
0.4890712265803154,0.41748831116868734,0.4551770620378367,0.5026103404444651,0.5799780433893559,0.4736544309197345,0.44542865981769814,0.3908034114799739,0.4176327568096965,0.3685067809097547,0.31604204218379256,0.15335885762920545,0.1192758335084258,-0.08590756153453417,-0.24700592065779664,-0.30417614785663527,-0.3929319445058947,-0.33164182927980423,-0.40561613220485254,-0.552628736119414,-0.5802331248374945,-0.6539863789686589,-0.6628617982549977,-0.6216256830026108,-0.6142163327955441,-0.5998496005885945,-0.6601630315981287,-0.6020203650335488,-0.6856194842238283,-0.5483257193373632,-0.4230348507290862,-0.3060026072437485,-0.2809691962367502,-0.14453364831158455,-0.07543560554371483,-0.037047687723852016,0.02592332798685411,0.08667743095495607,0.13107616008651432,0.11666490729052108,0.2563247259705758,0.3059511949458501
0.40173990530104686,0.5041837159015783,0.45330033060928493,0.47996603832084034,0.5203268895480807,0.46961289307062637,0.5484402593005064,0.3472803230718037,0.21354921927764817,0.24643700909358374,0.20955906609726352,0.1463904569738104,-0.09524225396525084,-0.13029136684827305,-0.18972186723384488,-0.3252678790745917,-0.5053679071997078,-0.3385632316252306,-0.5717943731513202,-0.6003074249238314,-0.5910934146106948,-0.6952627339351213,-0.709110019189677,-0.6929389634411215,-0.7530689940671432,-0.7696636123577606,-0.6424166110181202,-0.6380854650504562,-0.5370814943231695,-0.6264259984784737,-0.42295331114459955,-0.3574444390053128,-0.19672814988863216,-0.1953998806252813,-0.15941768436521275,-0.08052922427671977,-0.016484446569509485,0.05789793239099299,0.14482106577928083,0.10910190199617635,0.17448679836609282,0.2619823656076826
0.3965175882900753,0.492371367023728,0.584865525607379,0.4811105249444431,0.5424072473210462,0.4853359763781231,0.3469278293715796,0.4543207631467681,0.2974669298062478,0.34034975313696564,0.1973714551481023,-0.02838062922940925,0.13996541508311092,-0.057915205752124985,-0.2780929068508757,-0.43175077164596987,-0.2824473665273127,-0.4538626973647885,-0.5170096131208544,-0.5745891189639798,-0.6595939659556922,-0.6469203459491075,-0.6956798637522259,-0.6563213096921577,-0.699103074993009,-0.5537097289834503,-0.6839346156139732,-0.5141522285028222,-0.535748951373925,-0.4626547438113882,-0.36513949607204166,-0.4525700241187382,-0.29783409688697887,-0.22445393582408976,-0.07346296858746168,-0.09083911800236603,0.032426525864831156,0.0793453847783851,0.1310709452530403,0.17398846248215386,0.1852126563474545,0.24728846953091865
-0.005052463804033674,-0.02021391149613059,0.04192683765041397,0.013946502777471548,-0.030737054606878967,0.04668625733731992,0.04305276890845494,0.015144285377040947,0.05242790457216153,-0.0035115253943270334,0.03982395341478418,0.024590757090243043,-0.004634882216880815,-0.042500096070105006,0.03130410641633325,0.0637969198812829,-0.043989583467237955,0.060543811382688696,0.04658334908717788,0.013589194103857616,-0.040870270449245794,0.03502162996540357,0.04164265277183062,0.04643989663389206,0.02947547536980163,-0.041662816724897356,0.046432978217995934,0.04486729473791479,-0.016299829774675638,-0.01403884334582216,0.0033505962132620686,-0.039097605977479986,-0.030627987475310387,0.03714080419850875,0.013767487630947288,0.015244367110949175,-0.038483767059277814,-6.772954260934386e-05,-0.05681373662947569,-0.05861115334321066,0.045935893442079385,0.007826543471371177
2.2646072616949326,2.19014675136204,2.3799164649945634,2.316931059706653,-0.01997319490906828,-0.03520730773934086,0.013964567610979433,0.045580761658500286,-0.018805212437599906,-0.015192749214549682,0.023846090460002065,0.05333901827108395,-0.05583994172605739,0.006916062849417287,0.010365636801862383,-0.011659722091003896,0.0011708775312270876,0.06998969766195973,0.016007443646116625,0.028842792036991083,0.00354673552288046,-0.029365774676572285,-9.218015474545687e-05,-0.009116382947501868,0.010891798286194387,0.07381019204971873,0.040528491013938794,-0.008075839590994666,0.03360828375381205,0.0048710977616663684,0.06207191600905267,0.02803033922627771,-0.02384654066849095,-0.0037921407515885217,-0.052262903794090175,-0.004843200258760632,-0.03449319252769231,-0.021878093829904872,0.03266224011178759,-0.017945945547534984,-0.03223719275896493,0.022794837413553176
2.2783508121508045,2.1295735807104488,2.27735617393787,2.3732452171176943,-0.036407533409514074,0.0067343828709339765,-0.009953184821809355,0.05800692367022966,0.016406548735884523,0.0028979532704612866,0.05100566001557835,0.025403184863407563,-0.0002918946644535774,0.019432369807343367,0.05320333465475667,0.0245578167592094,-0.03747768135685092,0.006288433251228776,-0.04205651039928652,-0.04077258837208299,-0.011068305976004228,-0.010481701674159594,0.03698513424063037,-0.03142443035868009,0.004592293031455928,0.049065309033014926,-0.00010815908447229929,-0.05886090688010074,0.04176121370170115,0.035123778693176594,0.010056390819490736,0.045706541739336116,0.033915561792058416,0.0319582617645892,0.04397279914760677,-0.04824988827796644,-0.03753305785149915,0.06913725714952308,-0.051776803287422596,-0.005727137068504796,0.04407936334945509,-0.017913262439101085
2.4269742191094874,2.3687534996657367,2.2331922220880522,2.277014548210515,0.022139706578445606,0.0017853595234253712,-0.02948862494935486,0.046399324234372506,-0.04685908922482695,-0.04076141683718612,-0.03422251990606235,0.008361032944126446,-0.04523560637011399,-0.03530268457335784,-0.053571355156708335,-0.053041408132536744,-0.04088732604676732,-0.029028053412955963,-0.05507138432216605,0.010760664086934726,0.002477253697600688,0.00817106792941247,-0.0038005288929396632,0.025296731360713445,-0.04033337816670236,0.009489828370429037,0.028622070140001035,-0.004737895916511759,-0.06374542960111552,0.022211936380639993,-0.026161734528761325,0.04993616679426439,0.04858961116461779,0.007978549504241586,0.02853271041996469,0.016521690476038502,0.028963950902902026,0.05071717110911171,0.004181318518735288,0.011625297243323951,-0.028589485986069318,0.016029897262008062
2.388682635536769,2.384994270783726,2.2690367682860315,2.2579817144896865,0.04949211315224607,0.04467687868059891,-0.02406582877889643,0.04393687337496703,-0.06890916129974155,-0.004834097772858261,-0.020925371138206982,0.031221834427743962,0.06668546377870961,0.02410649209878511,0.047960437076210276,0.028495233670009085,0.026237056489273904,0.012542197723404355,-0.04725441782269136,-0.013356309951575168,-0.01151512852220542,-0.0521938681909713,-0.042288660832297154,0.031462577748837504,0.015827207270761656,0.022409519092984956,0.03696243442864249,-0.04085608089638533,0.007465977742025865,-0.04036094932599597,0.0008309151663403917,-0.024641016563987237,-0.031240041481320074,-0.04529811787904508,0.029176469125742035,-0.011261949707526408,0.044681162081787,-0.05105303674487217,-0.034601848172496716,0.07146847956068142,-0.04680926819055033,0.018949248808289246
2.3302212642350604,2.250105095540037,2.2147256487776565,2.3943701286643106,-0.010304097971084268,0.04224654371430202,0.044957794650544516,0.03801428299371263,-0.015475078597851034,-0.03685255501272593,-0.05664982147408481,0.05888310095160581,-0.04763289775992823,0.04363879260632638,0.003589656048567072,0.036635137255522136,-0.02905851516641975,-0.039252557493361755,-0.025845179651308264,-0.053607809671663925,-0.03394942680205206,-0.04442181088384902,-0.053103374580449565,0.025847101598841956,-0.04681013905810073,0.010692110678284034,-0.06303248942610129,0.018696575671944694,0.037656766442152885,-0.00964318648415397,-0.014372651854239315,-0.05175565496573998,-0.0399351920021924,-0.039050250662464286,0.049379680264295414,0.02112399202866598,0.04718231588998632,-0.03453593659257007,-0.01282767490582545,0.024575490097433886,0.0027162924394253355,0.05508268911350329
