gfs-wave-data.json
{"header": {"parameterCategory":2,"parameterNumber":2,"dx":2.5,"dy":2.5,"nx":144,"ny":73,"la1":90.0,"la2":-90.0,"lo1":0.0,"lo2":357.5}, "data":
[rows 0 to 17 of 73, columns 42 to 83 of 144]
0.32814378999907057,0.44404145952502005,0.3841129249244176,0.2776449371355484,0.36172630037595077,0.31697852979166474,0.3474137960718188,0.3041904406867369,0.41569236483058625,0.42599686672512993,0.27654994702673263,0.3578471223076831,0.23456530312652288,0.2871611206611014,0.16929337919386486,0.13399508811952845,0.1361890553280454,0.1163890133034991,0.022190749415127324,-0.09986390459644416,-0.15959928286842573,-0.17664460674541227,-0.139581473195425,-0.38497013786246004,-0.39929710428811,-0.3615604638589082,-0.5104289058844325,-0.5817219028125663,-0.5201245527309991,-0.4935101841288166,-0.5824788429036767,-0.4773491145468608,-0.5811466748079689,-0.620747044761441,-0.5964070076902223,-0.47514248322330704,-0.5505858627211211,-0.4980087179475352,-0.48354551558036346,-0.4757021259504741,-0.16875571652724344,-0.10061211996984859
0.33006045553088303,0.4313021166083663,0.3385676618483266,0.2812298335160281,0.371461384965573,0.31258595318436133,0.2935864568308386,0.27202105321597375,0.3848025962881709,0.3170383962007667,0.2854093770804288,0.30843848865249707,0.3319367535327596,0.18903626575716373,0.18109164928596222,0.18014604138180607,0.07176233556772212,0.06983165707925776,-0.07488815712649587,-0.05590562734218248,-0.06500013536946565,-0.13823406757556822,-0.16329386101686838,-0.28944336936596843,-0.3313814590695861,-0.34444954634894603,-0.5339066425084559,-0.4744020940084221,-0.5071522860227913,-0.5357706967852836,-0.5761611783532613,-0.5049424275914034,-0.6121266901602014,-0.5184618244695036,-0.6699581340394284,-0.4695025747571224,-0.5439476887534589,-0.4663095847210667,-0.41537697730497897,-0.3018404946008314,-0.2873280605511231,0.0316592842152854
0.38871632916713417,0.39730711663548646,0.2624153764882639,0.43758501771213293,0.43156807591504226,0.3228643877573364,0.4020364544792939,0.4517234851859941,0.3437932685654929,0.3194459419128793,0.36110888877917907,0.22199208905899068,0.2609611688797391,0.24685417360782957,0.29817185377689326,0.12373925888724675,0.14669907654642578,0.01000396203980718,0.06548331289935305,-0.03451640111186387,-0.13116418867323532,-0.19971870670832903,-0.24953616158019482,-0.36184950973818913,-0.4303349976578611,-0.3768229742020694,-0.3611060047380491,-0.43925308452982764,-0.5183813179395125,-0.4763675095921877,-0.6340718750143896,-0.6230140408130906,-0.7105276202067041,-0.5900450134023143,-0.6356410713347471,-0.49031767882234956,-0.46219294062752475,-0.4753642823467523,-0.35152648439349415,-0.2905645352870733,-0.3428778279600603,-0.02129751860851827
0.41838048033695363,0.4428393591248038,0.3485015817645776,0.4716492249498114,0.39807732407477686,0.3355744015525218,0.3254429119198674,0.3135465942458794,0.41778879065827296,0.32781079991885026,0.23071782098463525,0.2669819719029053,0.18998291656862729,0.2424334511866692,0.19772899740609903,0.18174477880814896,0.20482315365747372,0.1206742964088704,-0.03298206421500219,-0.07440143637144186,-0.14976675254415447,-0.1782447027502578,-0.2671746220349206,-0.3087136260518423,-0.4712902056655678,-0.3339825556277939,-0.4424824038236662,-0.4685299665192872,-0.5078629330739185,-0.4785515141663012,-0.4909753262370027,-0.6230605615159297,-0.5056474757525566,-0.5095896902333438,-0.5709773535200282,-0.4622734613149649,-0.5287283315597132,-0.47181576602276615,-0.3372702895109266,-0.2440971479957398,-0.3362280663160238,0.030050199596303645
0.26038366667974605,0.2506897142755718,0.3544279396849902,0.3468445735252446,0.3986501708418922,0.4450699074737616,0.46710174145847877,0.290212087740915,0.35795399302040204,0.26832782952411605,0.29640195840298683,0.2700831815330216,0.2517603929990937,0.20990858399447745,0.16003394829352408,0.1685931575141905,0.047433342569570436,0.05403671928264789,-0.010838325196082924,0.0075156745928379246,-0.13950125378955425,-0.14940157496316397,-0.1632282230198298,-0.3373131734354733,-0.27739800613945004,-0.3495562464483121,-0.5299979075417997,-0.42251658270934356,-0.6338984927038335,-0.49845922698153783,-0.5166949815283259,-0.5858161773203912,-0.5906581819107052,-0.6291304987564277,-0.5346068010719282,-0.6085502694245958,-0.5349001785508946,-0.35600111592776906,-0.36954473919015934,-0.2614940825338981,-0.18014609130566006,-0.07945596292173059
0.2807905486802133,0.45397589891038714,0.2598645331397443,0.37110134198002853,0.4282221464515671,0.3120789944281641,0.38755094873671625,0.3069381756866073,0.299301561375208,0.2851970179563541,0.31206894132093443,0.3783123502848703,0.31470129051938,0.14270106770328247,0.24798640457638862,0.2105626738521824,0.14395244696677623,0.11087058661581592,-0.018625665842126368,0.003302189738599858,-0.14938529377549822,-0.16008198204478952,-0.2936545730198754,-0.3194686339890947,-0.2973683675129053,-0.32920977621951786,-0.399843947715338,-0.4992636049991634,-0.4135515055132913,-0.63965221963378,-0.6238653189570023,-0.6354362631383341,-0.703648278714507,-0.5808737098032247,-0.6547123726486918,-0.5560227081258602,-0.442651763514393,-0.3509527482642268,-0.33556569786325724,-0.23240480482071418,-0.3062452515189397,-0.2387484125295012
0.3456929610773581,0.31872421163135206,0.29573842485868457,0.41685873724926487,0.29153212374994525,0.3722831603909044,0.28006647305737525,0.3395181077732729,0.24417052187805743,0.37348979734114257,0.31131181047166706,0.37151923523288166,0.23277257244072597,0.1762958377124288,0.13259436615047182,0.20140403645936814,0.1217883700400652,0.014619219173185555,0.01939856605361279,-0.01684058094800569,-0.09880658163222977,-0.2551488367930181,-0.20208338904089496,-0.3135902494946129,-0.36924543865061815,-0.35485777409267943,-0.4273164435787761,-0.47359739027333075,-0.5033352627404283,-0.5047035601431071,-0.48385890646730645,-0.6097100754964732,-0.5587523203363551,-0.5311334253642475,-0.5638521386522937,-0.42499884446550024,-0.4771416067721556,-0.37403121381704973,-0.4925076713043896,-0.1815728214675818,-0.18495176121824794,-0.05211375419014887
0.4050888605271087,0.3461224635679886,0.3461905896958129,0.31480380059966806,0.3481009075264076,0.27953800001818263,0.45497723103246634,0.383334882812986,0.2990712976570427,0.263529310984768,0.2060960566602641,0.2724771148135092,0.21024020221130243,0.2020469044275657,0.17631653822056967,0.11957876914070648,0.09180749477801035,-0.0046004475949066575,0.028692534370690543,0.0068558859620417596,-0.14686858041585088,-0.14977293395403332,-0.22470759809314197,-0.26945660599009685,-0.2830827717171734,-0.3347571348670864,-0.37583168854775756,-0.4147880488922461,-0.4666724447574288,-0.5807875152311679,-0.527532398796903,-0.47233189504254364,-0.46109193402786897,-0.5924589873132768,-0.6578789023790328,-0.565439985728315,-0.4812153945408876,-0.455452142884344,-0.44856639947155297,-0.4255158661962418,-0.3670012999816802,-0.10918867640978361
0.3700702443306849,0.26135170758942927,0.3341197522112403,0.3221378943870339,0.42363524047851475,0.28550156813798633,0.37195460048958584,0.3455813760002522,0.3809912168637683,0.28376647938136856,0.2653773174128138,0.24232747909099642,0.33936790124065647,0.21393752743924382,0.10974515516246727,0.08064694153258417,0.10105523754044357,0.10226804558227531,0.010817912448410669,-0.06766319231211308,-0.1620945444414743,-0.11283645637077983,-0.2767808035572139,-0.28317692981761916,-0.3496995014079447,-0.3810335298781806,-0.42409532912355846,-0.4060091885226815,-0.5155520679515122,-0.5807645168190626,-0.47920270010495913,-0.5119317771751145,-0.6602533205579911,-0.6258814611103943,-0.4106537897948539,-0.5421945941283437,-0.47147777348717657,-0.4143571780299206,-0.40412173741756885,-0.33691282343602696,-0.17067318839209747,-0.09370161608343118
0.21972959168223555,0.2663908023881986,0.2588158585170313,0.30847976440143204,0.322988611758964,0.3101349926835662,0.3957547107276681,0.24398014475486043,0.23828913264405066,0.23146085907395633,0.24862742929252327,0.2941427342417109,0.1693660217699878,0.16147632449849333,0.16091289181218357,0.13380394211620575,0.07494355815515087,0.017948415695297665,0.01381765952702888,-0.03643772941004346,-0.09318317063156917,-0.17052117499491906,-0.22519056461227488,-0.23885990239936536,-0.2867142929302283,-0.2633997069851553,-0.4373405749778777,-0.36612824329968585,-0.46113328004673865,-0.4963805916245716,-0.5743452470822192,-0.640248838343014,-0.5539021643428372,-0.5313313100197123,-0.6310983124757678,-0.5469692154760526,-0.5335289319381274,-0.30730459062190785,-0.43013734678317733,-0.36714659131856187,-0.09988590378382996,-0.06018250231634952
0.2550427631961289,0.26466338804838224,0.36448423595539975,0.2592896098002383,0.40896078819743564,0.41035707194137255,0.43976135414180956,0.2500594635565536,0.32037919765360046,0.3330674522066426,0.2690552293413377,0.2907631608076588,0.3125070303902984,0.2570758920036466,0.18881273370201163,0.17250238475888555,0.16053321084220848,0.09921200700894268,0.05775181708195637,-0.10207300073770625,-0.1515351674855916,-0.12160776097016898,-0.18038536757888624,-0.27544816441477576,-0.3653172888055035,-0.24675998866387755,-0.3643107060209731,-0.4011127388093128,-0.4321580250562134,-0.4165937155250495,-0.5022600423509417,-0.5636212956703113,-0.5242081989873115,-0.45950382019435,-0.6032979909739954,-0.5957853355150283,-0.47237820703161904,-0.36006370537233706,-0.44395022015352303,-0.32381441748538375,-0.2865746097804934,-0.03285138365651952
0.28253901470837867,0.3283235380833796,0.4308955123238079,0.3867212562129857,0.34076359265786776,0.432585258734925,0.35003535431302796,0.29450032000215487,0.28002936353928154,0.2704409098585217,0.2726147769511566,0.2170157876753349,0.22054814946189946,0.17359410552618182,0.15946545893076802,0.1507042501006315,0.1701016121518208,0.06073224465045532,-0.047633176105001986,-0.01686833223606296,-0.05622012255274963,-0.11238040436108096,-0.2760821906740351,-0.2505970388053428,-0.3930287743801294,-0.3461067926378256,-0.41878876087585865,-0.4130034234420773,-0.41987629334957616,-0.3826905382532822,-0.477952728477715,-0.6093055561799614,-0.5232321652239988,-0.5230119523765399,-0.5599198345059305,-0.3956656482898909,-0.3450550749737986,-0.3950903873106772,-0.38793931403033277,-0.3682504587655521,-0.1736409332474551,-0.11980556852086499
-0.0340871907564785,-0.058122152577487075,0.031710154431834114,-0.03723312752676413,-0.03721950375047116,0.03844046869550231,0.012829927175933108,-0.022871339221320133,0.03383002407623352,-0.009355897499576991,-0.026946721673621974,-0.014325976136996247,0.012386379174324,0.02138294326471022,-0.05859215111622234,-0.058314806125850945,-0.04750372614449398,-0.00015489245530897448,-0.06851671294942889,-0.0210032057149779,0.052050109365847114,-0.007334767952390484,0.04571923623108881,-0.03106126898621088,0.0010443469843823268,-0.04525608064196186,0.003646386826497434,0.037111033908058526,0.03276149503059275,0.0027437872722065326,0.06897835040431993,0.020678627814734077,-0.01845951038239507,-0.03631853250142225,0.010204256060960091,0.004437014889646708,0.011544627705326407,-0.005907827980315865,0.03204871207594356,0.013451145184477818,-0.02827599199127236,-0.03888709854389814
0.008437520152201368,0.05408359979164078,0.0022351334639764695,0.018936169606290798,0.010484890887407986,0.005103439449459498,-0.058674420372452886,-0.046259105977095046,0.03722301071003044,-0.01973161934657008,-0.01548601292416669,-0.02028863097570254,0.057822762183283034,-0.04751388893807951,-0.007976660455304962,0.01696912501236344,-0.06302517634065219,0.053961982866535606,-0.013194773811738222,-0.05734798048158177,-0.04741477447758055,0.045760884724141054,0.01636033279452641,-0.031210376804943877,-0.006183746726665642,0.036717279066207795,-0.04132217401616568,-0.005837556603807826,-0.014502965974901258,0.0035126032121103935,0.010153716926837678,-0.031156803533586276,-0.01885489705516641,0.036859218724709104,0.007062400251975962,0.049244275333234624,-0.034043753266395284,-0.026168697257271348,0.0050251804468336705,0.03427684907739153,-0.01683394749693841,-0.01515664936161604
-0.03639130368360355,0.026377850626284356,0.004994073164924823,-0.05203240685988237,0.05176518576590966,0.011799580321629638,-0.015623782108542058,-0.05406889487224368,-0.03547056996254548,-0.03405318452952707,-0.024795573841123124,0.05906361271588554,0.015171404041162496,0.008654441133222057,-0.03374382973306255,-0.013188025803352205,-0.008420883318174598,-0.011025057028327947,-0.00026141191857767895,-0.021358232002250975,0.04136912142276795,-0.0023686904140326572,0.016981880669800276,0.05284321093999254,0.026485146724411636,0.02660169139557759,0.03733332284209781,-0.007429146898596942,0.039824764654416284,0.029599064354992908,-0.06105917207668041,-0.033062232703635806,-0.049854765757890475,0.05875271551797204,-0.014200656807306611,-0.008445563713442357,-0.03445604569418425,-0.02476468837422464,-0.037360037191222224,-0.03298700193586707,0.03720999313053145,0.027068993597790896
-0.011271486220608173,-0.028957901729382358,-0.04235849014635822,0.010736289691294679,-0.04471724991346347,0.011525672989015965,0.030017436934345023,0.020019170881701426,-0.032105374693137394,0.005011773631417541,0.040603349849830384,-0.03682253791309953,0.03484969887253486,-0.00013273182796203278,-0.013200179359941198,0.0281195162598934,-0.04517664648200368,0.029375523351423714,-0.019219712859045404,0.03395824157055423,0.016143115206862596,-0.0007660881635985179,0.03488874485529499,-0.026453653209731486,-0.008469434123466209,0.003921958006348678,-0.03431672172269847,-0.027473089324213093,0.0018317068727285838,-0.022450030337719327,-0.025330253424700393,-0.006619028983558269,0.04989005858160574,-0.030791979519831557,0.030699943113634897,0.040669731149411914,-0.04545701189773622,0.010934457713752446,-0.03289961524816537,-0.03092905666428427,-0.023110801023286002,0.026977897025725315
-0.012351198174000606,-0.029057334381872187,0.050260852764118596,0.011873611042826741,-0.032153049956382705,0.04360811203582746,-0.04904153027303055,0.020960827396422726,0.02147515862070923,0.033702619613129675,-0.014752385545250565,0.036735271308529896,-0.05217508486696361,0.014321401231280789,-0.017756628936677257,0.02859714687557374,0.009680549325178547,-0.05394285825589187,0.03965369212697029,0.011840204724634438,0.021307468194775765,-0.02224764697318993,0.024006808012344096,-0.03987930482731333,0.027016926735566094,-0.03749468305550951,0.026867905954299325,0.05871748912293964,-0.025031303551903382,0.027550777393313228,0.06261617908491011,-0.0141886205318765,-0.02147124416950631,-0.015104705376023457,0.004831670602219441,-0.025879229621123365,-0.016805897224007663,-0.008034311683414608,-0.0006990205306480958,0.033490973709319305,-0.024754925830949223,-0.052672404513586686
-0.040924876697515856,-0.02490840930213361,0.0313463243512628,-0.021722784039908724,0.010133919750858793,0.013505134423711731,0.017136056570798586,-0.007734210204962168,-0.012569265040320781,0.013990874502922218,0.006886921015833111,0.04630014058334757,-0.033679628188099185,0.0031306134333885277,0.02709036471397883,0.02947342284820682,-0.026691878264151103,0.009531162801477682,-0.05790544729963198,0.021353980792468166,-0.01921008574633478,-0.046661574683458516,0.0047923977830624815,-0.024979616899329548,0.030619077000175656,-0.003523801900142758,0.039044252894430274,-0.017820643325927085,-0.045601337181150205,0.012831871867372745,-0.0411138285521672,0.007486699763254406,-0.025759601615051815,0.03477162065303097,-0.020670924197959118,-0.03537624056639816,0.012750001214419708,-0.03703879405452937,-0.031209969923582433,0.01526406077542252,0.01076425158043817,-0.020361739182720582
