gfs-wave-data.json
{"header": {"parameterCategory":2,"parameterNumber":2,"dx":2.5,"dy":2.5,"nx":144,"ny":73,"la1":90.0,"la2":-90.0,"lo1":0.0,"lo2":357.5}, "data":
[rows 19 to 37 of 73, columns 0 to 41 of 144]
1.8384454861886825,1.982849661773305,2.073337822933417,2.060777539843181,-0.04497170333248886,-0.02028376956971616,-0.02434417841728011,0.02740560800031864,-0.03300222310439311,0.03542609775061724,-0.033829514687773475,-0.011962138628890721,-0.016711505226728637,-0.006781579697043539,0.030871771231705314,-0.04851902985716676,0.01724517389386489,0.002390217741372511,-0.029760930983447578,0.021989661582628533,-0.010731641862219008,0.03890434079715989,-0.026772663698044777,-0.03485004226901987,0.029733087249584414,0.04111958115593922,-0.018075061165641188,0.009577589027150595,0.04332121143749933,-0.0488391586263609,0.043802907339067075,0.031587883275325086,0.0484072344855175,0.013491972332444188,0.005241058192991197,0.032652739838022936,0.02780630692188584,0.017925581274039273,-9.390636385344372e-05,0.026613886175279558,0.0006671645095613447,0.04077079218895894
0.02337432702227362,-0.026806854757964765,-0.012378807107322214,0.00442177814254375,-0.02466341312233456,0.03180554090093821,0.02514185398819576,0.011879431225420642,0.05990358516695611,-0.014025275849431583,-0.005536820988831716,0.012741757138205405,-0.028008076532060194,0.028262521226681502,-0.012149119345937261,-0.016970226700388436,-0.03127967635975067,-0.032392023867471004,0.032224445805088965,-0.06377669747271345,-0.030301089588939643,-0.06226864413998077,0.0013459839624598434,-0.03912650269984185,-0.032695287369481824,-0.021023900704045532,-0.03348906502309233,-0.05094547371838167,0.0008398600244585715,-0.04420774027147988,-0.03747774200003272,0.0018575758660451954,-0.025299712752515125,-0.04117391689421357,-0.02485420881086206,0.008261619705693802,0.04067144272945275,-0.03380911531200538,-0.021084462232711203,-0.029172497009515484,-0.009485320087341553,-0.035645882100198804
1.6531866609896269,1.653908014653455,1.6732261501403631,1.6219703428358863,1.6454605175869745,1.5766959492798969,1.6756050338883484,1.6798836698948818,1.5768600996075577,1.6045634948458076,1.643447175032854,1.4120174600568653,1.418253527265163,1.5094255607198883,1.1958021329343318,1.1990177374179334,1.3592171065409817,1.2873823417831733,1.307261897189144,1.320126468058299,1.1381539210134914,1.211325981813509,1.2193847075486115,1.0525160458972813,1.0728493455045671,1.1985906010355023,1.0641511478233445,1.0956798558169698,1.0945371328700837,1.0137946182849815,1.0713077661197536,1.0032349399457816,0.9767741665245893,0.9717323261700508,1.0726556236110867,0.9336493479865842,0.9060286224171652,1.0381648698342156,0.9637999570508401,0.8625675742816273,0.9848271213066376,0.8228442965376984
1.6783425268861165,1.6334771724248776,1.6239057958820697,1.6585208042882176,1.5362662791863342,1.5072721582952835,1.743440758674427,1.5236858450234778,1.6600089882079836,1.5160250347646589,1.401278456986099,1.3601136454749523,1.401400993827483,1.2298792293788205,1.4103708223458973,1.3333583827914615,1.397344358164104,1.3712938041599172,1.2629037543034856,1.2401754015887485,1.1663155316029048,1.0636118667841803,1.3043077161525531,1.2578009070705,1.2563085519403754,1.2330645443145896,1.105828336908195,1.219797137674712,1.1311373482072786,1.13099163327597,1.0127016828387734,1.1701014496135658,1.1508787865269188,1.1208865218077178,1.055129677320024,1.0878796655584133,1.1001375268876312,1.060483133192672,0.9615656635544165,0.9530771327590504,0.8966962372085545,0.89288761232975
1.7283336434476724,1.6601499842430592,1.7405960870731625,1.6408479945581842,1.5640972349836824,1.7478070783914634,1.7338618019472707,1.4732013407413038,1.5230672112102024,1.6829685561737409,1.4307802566636425,1.4705373792881196,1.481790088788441,1.410690961253459,1.2711172675590263,1.455284395835896,1.2617475691691107,1.313380285668579,1.1591622892658169,1.0695862260446551,1.2229751002224671,1.1047056218139957,1.0831618901186209,1.2420156784045409,1.0965231157696491,1.1474158283005518,1.2891617050574908,1.0722615171840448,1.030813771139456,1.1176045780079362,1.146401346643684,1.2142693768019213,1.1634679008316677,1.047421379474044,1.0752910474147563,1.0911590217478657,0.9571564640690576,0.9359975899117986,0.9529031543678117,0.9688450492490116,0.8544851040246524,0.8458288227341579
-0.005731409308637337,-0.007213163674370136,-0.04214888535819913,-0.011925137748374687,0.0001555939811399338,-0.001957589234422337,0.058029819701201454,0.025287829999955994,0.029959101446772433,0.02184030442792421,-0.021192533656755268,-0.04174506564001464,0.03210539433676729,0.005859521048653723,-0.017170133391377834,-0.02712427849847717,-0.017071912378493277,0.06716046358530268,0.02810623158224137,0.01300460085024914,-0.019590364120582602,0.06543315173511942,-0.025627485185327068,-0.027895333945471838,0.04711390457302898,-0.010408604719774625,0.023930192926252064,-0.0003245493963691585,0.04387027657288756,-0.016947862841993584,-0.01938753955566112,-0.017989866771520053,0.015385768922958433,-0.011694390641018047,-0.04358804524502951,-0.044276746034613595,0.018613139957175222,0.028053166078534208,0.009816373802382717,0.008761808967350248,0.023488454750577953,0.023287821269443967
-0.9216950871888959,-1.0638853066267306,-0.8658981181638068,-1.0261104388628666,-1.0105795054117712,-1.1315988067078178,-0.9367356245318625,-1.1547725686052825,-1.1121710768797646,-1.067403677012774,-1.1235959233318054,-1.261206810628308,-1.1464825096797933,-1.2222349232004917,-1.2136067529375385,-1.2318468471472144,-1.1665744638268214,-1.2326165297531382,-1.2426389396640662,-1.2961988807514582,-1.2867913723350066,-1.3299668359465755,-1.1639015235392869,-1.303395877510517,-1.243369444691727,-1.37948531219088,-1.3573694429687588,-1.4198902031234342,-1.3701740777996931,-1.2835514874805014,-1.2847245754833887,-1.2495602083196948,-1.1681699755755375,-1.3558540510331885,-1.1651902589595808,-1.1787548028418284,-1.251234605868409,-1.1417557136585008,-1.1176931342338516,-1.2152915869668108,-1.14808374541748,-1.0911401544214558
-0.9628784441249126,-1.025991963230601,-1.0310876309467634,-1.1312551449141737,-1.046928701042947,-1.1176123345716082,-1.0800717316222999,-1.0955948149736594,-1.0456000902625997,-1.2432085485840572,-1.213793135961723,-1.1788579372647718,-1.0552474068610416,-1.1773977048403235,-1.1465629019390957,-1.1982750775182776,-1.3414765370376214,-1.1779334581418153,-1.3065691629909109,-1.345378431213241,-1.248498859149284,-1.2231393680433922,-1.210806734381006,-1.3960005016283992,-1.3910617488642718,-1.3381841617671462,-1.3320407660038296,-1.344816428361348,-1.3616285775634325,-1.2837846644712334,-1.3338227502271944,-1.2667258119543456,-1.1985998707751302,-1.3355336770472552,-1.3016812549355063,-1.2595478634496253,-1.2191427175600034,-1.1918800800027485,-1.125713560460074,-1.289964730613777,-1.1909076636677458,-1.2356495927027833
-0.9985325536639768,-0.9361615382768607,-1.0863916202364874,-0.9704550591849123,-1.1269820172541816,-1.1950585851807791,-0.9733658529664517,-1.2193275369902405,-0.9775138625238601,-1.1600487695399726,-1.2217992317812207,-1.1891370437140107,-1.1776539816774159,-1.2164648602421189,-1.28394023104633,-1.2099052674692612,-1.114490732792642,-1.212996042098659,-1.1375902836986187,-1.1957845186513139,-1.3524342234443703,-1.34215425785953,-1.3427643118944754,-1.18084174657235,-1.3105600843307228,-1.2825454090633137,-1.2912598798665114,-1.3965156996810386,-1.4105455922402157,-1.425587701085958,-1.3312671595188197,-1.3212719918620843,-1.2582445221136158,-1.3482092317788303,-1.345049753567379,-1.2061853038787191,-1.1774767867449107,-1.2436924841469588,-1.2053942008024612,-1.2534393219080215,-1.13969371800075,-1.1907972333042038
-0.9210769548483512,-1.043322438524984,-1.055422940343311,-0.9638373972028682,-1.1953217670897536,-1.0863218807590753,-1.082118588990165,-1.0898112746353736,-1.1188679888720634,-1.073158404062983,-1.0068509743388372,-1.2116523359775655,-1.2420175174848276,-1.2599257392848597,-1.1662803152006012,-1.2012279076578336,-1.2739706580888102,-1.3056247548395956,-1.3314110794868779,-1.2945032612156189,-1.3585796798267302,-1.2799976684278696,-1.301304591523654,-1.4012311359273437,-1.3151492291429354,-1.2646587182938849,-1.2780192533817774,-1.3096796747704398,-1.2911824743123612,-1.382023304337818,-1.38011992798687,-1.4228502907158662,-1.307875323200485,-1.3360441300783779,-1.1949806594539796,-1.3419055982698678,-1.2007735005490245,-1.2944965851033496,-1.3335737814429012,-1.158864139611439,-1.221642536165487,-1.209700682340476
-1.1360615145295039,-0.8616112918810154,-1.0369382199323138,-1.0176845897987992,-1.093347421187588,-1.1198199197818721,-1.2081638477414178,-1.0982675745100765,-1.115865534302496,-1.0633937519148424,-1.1125591142908893,-1.1258775329284454,-1.2049861575544172,-1.182485704697135,-1.333344660163513,-1.2827118953465053,-1.2301380495354464,-1.2261958130876014,-1.2675598767449205,-1.333205330480952,-1.40542019652631,-1.3744546815790988,-1.1892831316465553,-1.2134628317049214,-1.2936752302050418,-1.328085900106686,-1.287909403759,-1.359738512032732,-1.3703388427334442,-1.3719050165858724,-1.3574577839107158,-1.3729070865791333,-1.2507833570626439,-1.235628895434393,-1.3558299865986172,-1.3905190756005066,-1.2555937877935193,-1.3311514756679628,-1.2981969474907276,-1.3046092657815962,-1.2932501750995282,-1.131501558796832
-0.06457676397338172,-0.049151571727660846,-0.04901639448626632,-0.049638500926659376,-0.011879931342696232,-0.01937812005053083,-0.013741118056185707,-0.04143843037432786,0.05544389850286157,-0.07241162545708403,-0.04541880764324135,0.029280166770325244,0.02505900255354995,0.005402130967933702,-0.028307118156256583,0.030039150567659996,-0.04465738130545386,-0.008038246450238594,0.016587886920290864,0.002230022511016695,0.01830250992470342,-0.03506652766705086,-0.04173488177420434,0.00780791844772107,0.011856243373659075,0.013728522363763596,0.04234065744197103,0.05786697257485158,-0.02893073706992351,-0.03279298389157906,0.005643647739319235,-0.04131377903293358,0.03472434367740958,-0.05899204636528734,-0.033567866435543436,-0.03993280542345156,0.056237744121857315,-0.04494865862750668,-0.03119697245028891,-0.016291580211930383,0.0622739626364807,0.013322121222034059
-0.8351597792045169,-0.8951015156118066,-0.8858377860041649,-0.9706640957108064,-0.7952892857481696,-0.8664943110523327,-0.8768456327861365,-0.6074903788445449,-0.673056451392538,-0.6491335435904606,-0.5103157599352058,-0.7316229838484632,-0.7650589358718218,-0.7023991631164319,-0.7643441879800235,-0.5643846899657946,-0.8083331603702083,-0.8170429080384176,-0.9820873080885373,-1.1255883586216946,-1.2643925819101967,-1.315708939119872,-1.1804643358667801,-1.3263007252771606,-1.2669325429756564,-1.2569116972458945,-1.1012737747654147,-1.039820401008152,-0.9781261162513497,-0.7993759030884307,-0.8245557749043501,-0.7732051958232844,-0.6251042134531756,-0.6416377159283921,-0.3749209929412281,-0.4013004962074436,-0.5222494019795266,-0.3679976265572752,-0.3835112515498171,-0.38036526125397274,-0.4155905431425888,-0.4913782441194313
-0.813156492399769,-0.9563583786926697,-0.9797066231887018,-0.9734335189751031,-0.8973378100491423,-0.8573791547440452,-0.6868759171416873,-0.7968874585141352,-0.7289041148235471,-0.55631910158601,-0.5472266500979697,-0.8263443963150932,-0.7424028896580382,-0.5067156541449548,-0.8668140999372643,-0.6460712444290457,-0.7112991740541358,-0.8276175088813624,-0.7915017934656474,-0.9474858653016233,-1.1742087107011245,-1.1840625164046874,-1.1019867943261068,-1.223630213330926,-1.198177638628473,-1.2600966724977736,-1.1210544940564706,-0.9577556657013935,-1.155347678243824,-0.8183031468601432,-0.8341541300129047,-0.610924958363845,-0.6409102508260237,-0.5256198453425919,-0.5293695089570325,-0.4239525286805326,-0.4883933085378032,-0.31031009958524547,-0.4478429442894432,-0.36413025420910816,-0.5307738825194813,-0.5053899684393756
-0.8265054302620921,-0.8902429282041991,-0.9912616453990857,-0.9053728499576829,-0.8404203674701479,-0.8961303609476534,-0.8725051081738886,-0.8426818189826478,-0.5370884134416531,-0.4749813609548118,-0.5975762549848346,-0.8111705473713481,-0.6566344423526871,-0.6818234328571674,-0.8597702602248499,-0.7370473072115412,-0.7621293747347417,-0.9639578046806648,-0.9580594798012179,-1.081306692545154,-1.109251415004641,-1.1934056418399006,-1.233944418140046,-1.2788955348459874,-1.2585267037104342,-1.2523623995780997,-1.2214229260748999,-1.143347948691081,-1.038349961849506,-0.8755098646210495,-0.7350257773942136,-0.8085365078048824,-0.7192034571218799,-0.5445739911223411,-0.48348520041572196,-0.3871297134525284,-0.4385529755231538,-0.30984698240387876,-0.4145642622960553,-0.5354031004010424,-0.45704422839139147,-0.5202879610084566
-0.7885361820767959,-0.8855424289443031,-0.89139958959705,-0.9540089311596001,-0.854046646504219,-0.7519302929960087,-0.7219964903510939,-0.624417301290276,-0.5991712259117664,-0.5633274023053374,-0.7113292237788651,-0.7459103751225149,-0.42609223905115695,-0.5274496827094772,-0.6354204371722586,-0.6603136820257395,-0.9473450005228143,-1.027097302891748,-1.019472658646333,-1.0287886414005956,-1.0501653786565375,-1.1490618645637534,-1.257659402244981,-1.3161492834084894,-1.2927977418575964,-1.171109778389503,-1.1199170509473777,-1.02554588834112,-0.9650378375131882,-0.9995047757109796,-0.70187797731975,-0.5644648936015723,-0.6726955575625121,-0.600002116438592,-0.45487606339160885,-0.49722273091855956,-0.5151290562837335,-0.3926538255771213,-0.37868201039158067,-0.5158257850479527,-0.398117587034262,-0.43268819667983843
-0.792480857878398,-0.9398837218794848,-0.9156295084535235,-0.8938296997976002,-0.905219827874166,-0.8749392919478154,-0.8504782142368463,-0.7529411387830438,-0.7618357472364412,-0.776077659406165,-0.7604494673462923,-0.44285809045945584,-0.5759227813083259,-0.677148676008314,-0.5721246356293451,-0.56893133407908,-0.8023208855122225,-0.9748780707632483,-0.8771177827383304,-1.1875009198654447,-1.1173665893819735,-1.2769151301633448,-1.3066886318973554,-1.1635862443877434,-1.3208203941426093,-1.263212381546755,-1.2288900457841518,-1.191548464377554,-0.9803930362624342,-1.0139940548907973,-0.6437593537638832,-0.8003753035686184,-0.7210342898173813,-0.5427185914662316,-0.35245736132666355,-0.35737250952214766,-0.3307874454206694,-0.5924490042992836,-0.5463155448031047,-0.37089329117431824,-0.378936576242567,-0.47256172506956207
-0.8935355280657018,-0.8458589986639415,-0.8433467785426337,-0.9831073728333356,-0.9001217864326224,-0.9384660676474855,-0.7276032224338745,-0.5685399300678229,-0.8655720798967222,-0.6747743659137198,-0.6964959320282451,-0.6458648280160764,-0.7793956789553758,-0.6874085887718081,-0.756399675038764,-0.7975864583411413,-0.7232779833227861,-0.966063895401958,-0.9038395715648613,-1.0990002583461294,-1.2200674017177875,-1.142431251641942,-1.2550398738097055,-1.1670229388023428,-1.2056045337342718,-1.2787432840826891,-1.2055733777765576,-1.1376754588220381,-0.963277246524465,-1.0262072025703954,-0.8029315806331858,-0.7481951985987211,-0.5163769586980754,-0.6965494954665661,-0.4972753469249304,-0.41693219777534674,-0.5064750481519145,-0.49718661953879484,-0.5627401058293129,-0.36275050886975085,-0.4900228372962874,-0.44771330196467074
-0.9484212473121391,-0.9607949900288064,-0.8491284219297879,-0.9362627480955129,-0.9322311136022697,-0.8761750509182179,-0.6584764624015338,-0.7817556416503891,-0.8924172078005187,-0.7439365574968168,-0.5990103695505933,-0.6878708876085433,-0.48021142951145174,-0.4865437131247714,-0.7375389101827886,-0.8894526203766657,-0.6818733729677766,-0.7899428466766178,-0.8477546627257796,-1.0406135641730863,-1.1344315196109667,-1.092768795428444,-1.2183984793834113,-1.3052277635050946,-1.2565844747791417,-1.1940155769677347,-1.1311686884258039,-1.2124921400931479,-0.879180557022586,-1.0280196791905272,-0.6876673463480298,-0.6867353363664511,-0.6925107363339904,-0.41101730135642867,-0.4243575670952427,-0.3244741017979615,-0.5875546598944632,-0.32837061396668055,-0.4146227526121907,-0.38283707450569665,-0.5042999235079058,-0.4154720153844602
