gfs-wave-data.json
{"header": {"parameterCategory":2,"parameterNumber":2,"dx":2.5,"dy":2.5,"nx":144,"ny":73,"la1":90.0,"la2":-90.0,"lo1":0.0,"lo2":357.5}, "data":
[rows 0 to 18 of 73, columns 84 to 125 of 144]
-0.026907934634474533,0.17509987267942675,0.18410385452061392,0.34471833009634834,0.4563089352225797,0.4447381188018516,0.3850593219472744,0.46608542314100626,0.6872127154189343,0.642147865560384,0.651557104036895,0.5766393705089562,0.6178099394379799,0.6649700241378794,0.6719588345295548,0.5296238981916817,0.5471462695627335,0.4581337386958439,0.4467901949285799,0.475112227217079,0.36685803350501556,0.33694890700765756,0.17205457156110876,0.038240104944268334,0.0728936612355556,-0.08722056128290047,-0.11331192686227197,-0.1648763076584868,-0.1625396765814784,-0.29561462924585785,-0.3135037006798754,-0.17621058715631335,-0.23816813613537868,-0.2658004855308926,-0.2336532935054726,-0.1977427779359447,-0.23891696949009622,-0.21740020022190493,-0.15825408214342807,-0.2777113074577949,-0.11444663099254482,-0.11287471021477781
0.08235956779535149,0.030090099544159494,0.24123404058497042,0.3830366224204292,0.39885974353232223,0.33776098857806997,0.5229496063740707,0.5984339188716182,0.5370190600472956,0.7364579128891225,0.5690212990037146,0.6023259906227105,0.5909818752482416,0.551635117543528,0.4589921645283527,0.4780387803164016,0.47069734278679964,0.4590912460101891,0.5349318964696566,0.3529307686336598,0.27187589091940284,0.3380921745972426,0.14336260668916997,0.07636823555512193,0.04782661760973062,-0.12687600474710253,-0.09016057955597345,-0.18276192893929477,-0.17698222749344572,-0.18751580067579282,-0.2949611747043124,-0.26217472634352357,-0.22688623435482227,-0.19317704449799794,-0.29215779684086635,-0.18094997097917168,-0.2754473875496581,-0.20876901885586996,-0.27685822790905423,-0.24672984597182102,-0.23426398619032365,-0.1144164431074002
0.07637972737437775,0.04060351306143171,0.0982508741760688,0.266983450625661,0.3823658504513387,0.4124013157260418,0.36593355828258856,0.5654333667579697,0.6503872773029655,0.5837188504784047,0.6907647396693555,0.5394268702846708,0.6828483818351555,0.6095313988610175,0.6749623368078548,0.587913871000852,0.5345456623651523,0.4326589324873841,0.40321654037175525,0.2781362391600625,0.26383779183775546,0.12492104346656563,0.08082756673512913,0.12584629629211344,-0.04685901141065376,-0.14637080164211003,-0.14025227994350298,-0.1297576694068163,-0.13112397104860404,-0.19358561782916314,-0.17139917003832963,-0.29596548371936793,-0.23653934825464695,-0.20524784867592952,-0.2704519315176968,-0.27959075374321096,-0.19096591733131746,-0.21969811949952628,-0.2830998575904427,-0.19843081784779334,-0.11644363984389469,-0.19831502399410322
-0.09042299121086768,0.05674378094953439,0.17531921044637674,0.2716473349688433,0.3249620599618445,0.49274557231143495,0.3660835980311472,0.5635555015598924,0.4990723650873477,0.6200194659530212,0.654728392355145,0.7019470544479512,0.6690934181759226,0.7000740255158767,0.48661558231528906,0.46742888858996207,0.5555350142736645,0.4168937739727839,0.31913825542464325,0.3699957900271063,0.19341864843670684,0.22967597449390675,0.12201998825647323,0.16421331308878526,-0.046792198738979676,-0.09871000200189921,-0.15988783355469144,-0.10870145666845439,-0.19154198269927894,-0.2902131805071989,-0.2508260470321925,-0.1970963308825037,-0.17340347877757828,-0.18987052601294857,-0.16096494227381397,-0.24614056924384603,-0.25685393433468745,-0.21090196346413861,-0.15852032395177568,-0.19686696416980384,-0.26267080996460707,-0.2108000085989097
-0.0401931578639413,0.10531448635737271,0.17809143727702734,0.35535072799805123,0.27801120584211664,0.47936762758806734,0.40595643410200605,0.6473727434694411,0.5853310587282515,0.4345974781645285,0.6431982531952106,0.5796016098496906,0.5098439675229921,0.5636145503929301,0.6061737934695058,0.5802404003632184,0.4025035845203045,0.3556137461939708,0.30389006876605884,0.2640358769721328,0.26582522514913914,0.1243093317132866,0.06235861720843305,0.0467563295114085,0.04573480322851472,-0.0695287073969917,-0.16869542574965635,-0.0979891526305648,-0.2185260722207675,-0.263078657133725,-0.22354594517162546,-0.2910274556305497,-0.29822337073521865,-0.14887094629714887,-0.1384835557395657,-0.16164561760399948,-0.2070522965734072,-0.11137134674568797,-0.26587574537131653,-0.22994809731415108,-0.16721783534365547,-0.1821340653460954
0.023588401699420846,0.0240512976406659,0.2134015554176946,0.3020496136259891,0.36144271514774434,0.2783254538955281,0.3551552395627633,0.4453800297128841,0.5447346799138387,0.47953607247835633,0.5861652512156499,0.519340113229961,0.5152699494517577,0.6301361881989033,0.4161407273235797,0.3981735938210101,0.41292774997465814,0.4386570110471201,0.4414494773969613,0.3774925430917968,0.23776490820441226,0.13952562217625106,0.1433597829488994,0.043575501559569144,0.05245401922846025,0.009886784169495372,-0.11421286318086851,-0.07918625289404035,-0.21979186274555357,-0.13102912095477165,-0.2494530801649446,-0.18104785010888605,-0.22905786134654546,-0.14959524630689927,-0.17698608108430197,-0.17852882916209822,-0.09523091976642474,-0.20752971160832615,-0.20178990860517534,-0.21502986976370345,-0.19309330681153775,-0.15872038227767912
-0.013266875429122537,0.18372204342296264,0.1401382598788454,0.2650002253363368,0.23484416061962712,0.39465651950570285,0.45033866561295266,0.5506376156036389,0.5265701047968088,0.46108501960634096,0.5630447787113628,0.5954864168287798,0.5285821998993855,0.4810437210005258,0.6371955696110527,0.5536206553010921,0.4207753484647913,0.3853882430262432,0.3561138389866838,0.41251197865132866,0.1605494069019965,0.16278141192218445,0.05826681933809891,0.10965277972204128,-0.029389197822686525,-0.04651337897675364,-0.12460190273632199,-0.20676103592160228,-0.2090440417078363,-0.22731740632167827,-0.18726978546445058,-0.14905782108196614,-0.19489534197259975,-0.2671691084146472,-0.11882757163075541,-0.140802649842269,-0.17352762851194697,-0.15563072888865256,-0.10188198668057431,-0.20918178587898562,-0.18284339962066207,-0.18417427483001897
0.10787403575814,0.13065983239835022,0.09545660140342542,0.25788664886211426,0.3766384541752885,0.44053442325085507,0.43061720739964304,0.48448203329780537,0.4517641231461978,0.5471229781246362,0.4353214991686571,0.5361468928933937,0.5855081406704624,0.535121717227422,0.6172093414564268,0.4607858425123754,0.4308448531047862,0.43559889075683433,0.38993353785072016,0.31653645734295455,0.17764686709735095,0.1492007459925,0.16227175959453508,0.03464963512551096,-0.06414291100499823,-0.10712023507681294,-0.10967475611814051,-0.09387679590295475,-0.16523572598597464,-0.27388444567902964,-0.25220159678245824,-0.2326039188674403,-0.21076217912253628,-0.19191830722168274,-0.1571792275912487,-0.22825915490186344,-0.2417704591754835,-0.1529301316775394,-0.12538843386512416,-0.07819799807908596,-0.13694251221540485,-0.17507940343582643
0.012033566955505785,0.08128015985668573,0.10236565510308224,0.2869438393341552,0.347710020382682,0.36220773110124554,0.40557088455152135,0.5418934756900574,0.4500242404844656,0.4427427998124844,0.49695894652684186,0.4660231595074255,0.5539401245082816,0.49097488269601264,0.4888782793270911,0.4814410471820075,0.3838008779735729,0.4270398223316635,0.47555563761842223,0.2191790382583217,0.25730869920648913,0.14188961832017702,0.16813824323365106,0.0029637366060916463,-0.025383285628124596,-0.09958274991952869,-0.10573309203970176,-0.12209470566075963,-0.14709046565342604,-0.15658691495687738,-0.22151030617618792,-0.16601840478833496,-0.19117426731677653,-0.24090510874434648,-0.16550008799129443,-0.18635827284012318,-0.23032108909902183,-0.09635659818709011,-0.19365551145927073,-0.2066833190999869,-0.11370381756518491,-0.14096390521141536
0.018097674052116045,0.17685760174813223,0.07544766231621844,0.35957535349530007,0.3127993307999814,0.2749628326261543,0.37265321801630596,0.5206594109373641,0.549914669679305,0.49064458354596985,0.43639013952911165,0.5470840420670934,0.5750449348425406,0.560559967956832,0.5034445984448288,0.4657084761706646,0.5428297757377336,0.3691235565861411,0.3708681469147889,0.2999032000792405,0.2273197854468852,0.12984438618234775,0.10199303538436831,-0.0040631671676651295,0.0018155954255306718,-0.09482526381348526,-0.10782926545222316,-0.1282617780138927,-0.13811864742945523,-0.1881064343134927,-0.13667920598076574,-0.23528219516708876,-0.18503819305996705,-0.1706422240957225,-0.1133678157563932,-0.11594190535355896,-0.1180947754993453,-0.19614568963083154,-0.06372030133858964,-0.05020979032159793,-0.12860427976188918,-0.11762884970222888
-0.029508040513375928,0.05230996221239815,0.2600627052663801,0.36417546792634825,0.21772776441897074,0.31858364535845796,0.42368088695112444,0.44057946110433044,0.4180849287443432,0.44722580455957817,0.5460947375714869,0.55867461566283,0.632341652980405,0.6238360532325475,0.5230885235462107,0.37891606270303646,0.37829616685976386,0.39828738239512446,0.316276753497091,0.27079783022163095,0.22573615795707977,0.11960281883172064,0.12130943502147246,0.09015860302864788,0.036171844072089,-0.05706854745982213,-0.03181000260391152,-0.07484241983098294,-0.2288788093020763,-0.15907737559304969,-0.14043585301875033,-0.24142642476682424,-0.1333170659293602,-0.22725365866325134,-0.1893736659358574,-0.19079665285737732,-0.09348546428203038,-0.18426812558768313,-0.2022378163677967,-0.12712970085020978,-0.06645914403731368,-0.13830844034666498
-0.029092240341903428,0.16144284462181197,0.2502106585719821,0.24240942218790604,0.18626683325637025,0.4023561787323018,0.42168402715674025,0.40651012274391857,0.3974812049067591,0.5964027758680718,0.476281196557267,0.45196162393510797,0.5638144319181726,0.479303798241169,0.5281224294767274,0.34349982944949575,0.4988146693851564,0.3894360116523697,0.36527923437002047,0.3115505867764247,0.22315653432570334,0.12396420748872916,0.16992308824343816,-0.016480214653775298,0.029607355731899876,-0.09284884719563374,-0.11562005407381075,-0.10627547534201505,-0.15975310731485265,-0.2536245451909077,-0.1695520155925036,-0.1250769021736213,-0.2581543681383299,-0.07921093005325722,-0.2369857408722024,-0.17721422582798602,-0.07606362926738752,-0.08549885390160318,-0.057879142354761534,-0.05986229341589476,-0.04849034889354436,-0.14981272198504497
-0.019551333860118977,-0.004162136623272241,-0.0008492390884653113,-0.005806355756878212,-0.0028730839866805084,0.007959645165296968,0.016682205772217656,0.015997093416688743,0.00422084593533839,0.0014946072434502808,-0.012178823534609716,0.018516625035701038,0.035110927333661814,-0.0023863816708422783,0.00627101212006765,0.0016159946588154546,-0.006560835338567066,0.003269991749623226,0.02540124613201052,-0.033139856129112445,0.018577289245202685,0.009068013604467285,0.005486359756283623,-0.007535465634814573,0.00956240059711794,-0.009267632272551552,-0.00315958113478562,-0.003774653978810087,-0.0017583706201391455,-0.02989827794871262,0.015740558017647944,-0.00989768963899618,0.012909888342422337,0.023002188925835665,-0.016999122566137982,0.006158464352938983,-0.00975970700522796,-0.0043526831853225425,-0.006201422375938084,0.003647953162397003,-0.009819367960422766,0.013018072508040834
0.014995567553820966,-0.02844014476313917,-0.006343546228216908,0.0011844581266876272,-0.01760123902030957,0.004578043977940269,-0.009582900179986106,0.001963453141425509,-0.010731318033362705,-0.005919263797416326,0.009121271368202642,-0.03498890671121733,0.0005109218459303694,0.0021610314791102214,0.00710544684901046,-0.01725435765972539,-0.019801306350351388,0.012998328524070037,0.004250114426211677,0.01562920595706746,0.014931481662911918,-0.0076754737880525975,0.012358658398577813,0.005478003123396725,0.011317076169531242,-0.0029885768024105037,0.003514242386327899,0.005891208630100784,0.014627030458527422,0.003718462254100245,-0.0033481733137722914,0.008491010316661562,0.0006624223662557548,-0.00709025082604663,-0.009195196630796895,0.0077342675630173545,-0.007736568247824259,1.3143244959544764,1.3985747523288667,1.4667303388189132,1.5212265763417148,1.5842817035855232
-0.0072093298830900035,-0.0019075245922146082,-0.018362052914278462,-0.0009168466055197838,-0.0003573366155506588,0.010168792434970765,-0.007772561362499115,0.0010012805380657248,-0.016960893026251114,-0.002847013633906785,0.02028382269551908,-0.006122751050748997,0.006317865140076413,0.016828832374772697,-0.014954875359841583,-0.006801510960989908,-0.012356081179226954,-0.026023164352492845,0.003307175416688586,-0.006811266659189348,-0.015252441191002187,0.01916744946190752,0.01191866662957427,0.008165803723914428,0.0008207391825682415,-0.009231669143765919,0.01579721173519602,0.007346185325287268,0.024397547943106765,0.018155133442122655,0.002849568962119401,-0.0017461380554498864,0.015231626223314658,0.002481255697979568,-0.000855073389503554,-0.03359739790202284,0.01673317376110051,1.424879452963048,1.4812969001870628,1.559278648347743,1.4617351298095758,1.4800497221352236
0.009396641948564443,-0.001086581876891873,-0.007924341365258014,0.0010159335968334413,-0.005688580374720488,-0.0040264779860691435,0.005910412718542222,-0.009770873584830767,-0.006870317814397429,0.000593919922887815,0.0006765823243371965,-0.005215347216344423,0.00391901607347843,-0.0038449090020363044,-0.003323927232111114,0.0015353382904477202,0.0024296460610501577,0.0012363862773316025,0.011387157673735031,0.002468870899066314,-0.0010022530777572664,0.00023454841842935145,-0.015292290635353183,-0.0035144786207743817,0.004380830781625095,-0.009398050725405008,0.00737644634342127,-0.0067831859764886935,-0.005563040524073093,-0.0070636419868266905,-0.013155263074589415,-0.023951318339846896,0.020925266097623442,-0.004028563486169546,-0.002419729687901769,0.02269937110037222,0.00026264367547687686,1.3192742166462903,1.4549020395685959,1.4735441073675164,1.3893940993169622,1.6266951352150203
0.006092307209654248,0.00010138286508454898,-0.02708477044112002,-0.007557993361312372,-0.0036218437945775292,-0.002045268677454295,-0.022381962589419324,0.0018443912912196154,0.0022879368564134852,0.021219111782762985,-0.00021097306879621188,0.0026080019853090127,-0.020916579768523142,-0.0034488140647184157,-0.007234808133162441,-0.013531139536052261,0.002925322367612137,-0.013245215934255457,0.0011934859565285727,-0.005446970470517137,0.001062063798899586,-0.008468553493132311,-0.0027978577381787147,0.00975223471336219,0.006792749246364128,0.01059478036667558,-0.010263192186620555,0.0014021546631943788,-0.009420631565660096,-0.0007715965274727397,0.01846655623113748,-0.0006610072719732209,0.012743583116082957,0.0015079975267086505,0.015325262128004747,0.007707999093635563,-3.81444649383476e-05,1.3740919011761858,1.368733801510893,1.3221056847755723,1.5452903374553846,1.4598255057296787
0.025254995060404236,-0.01945159971220083,-0.006109543181033767,0.010024887200611997,-0.00316791888260863,-0.001842309519222792,0.012961088483744504,0.0016780861016385462,-0.0064469695700303965,-0.011123513100059556,-0.0007163498310605748,-0.021805632845460617,0.004593006838306568,-0.002054852462396524,-0.013796561207381068,-0.0011956594771982962,-0.0029939378871762278,0.010063421270602087,-0.026188422174614312,-0.009101728244330124,0.012090223041232605,-0.022284482631931436,-0.0011560985575215666,-0.0046611888841740804,-0.017061504605365672,0.005616290980037476,-0.005506158281320391,-0.004708509150565482,0.00032965941338293785,0.018791196034165982,-0.002315259833882898,-0.008835859921734652,0.0023971045257808743,-0.0003300985629109091,0.0016208749415974066,0.013563447648221481,-0.001230597308459893,1.4008825078890492,1.301483788965703,1.3714038929492565,1.531921973910586,1.6541638373567797
0.0024195851312887916,0.010754310288273061,-0.015499594081691132,0.020422569875391892,-0.0012707646867012978,-0.000260234893713263,-0.007204734885439328,0.007859103293556149,-0.010046310558933973,0.005272665790255499,0.006863066560478154,0.019521680637584075,0.01897848272407036,0.003167378318627816,-0.00025640844827790147,-0.001658041698594512,-0.02371286464531187,-0.0017277817775052445,-0.006789231631875135,-0.0037191719415647583,0.019664454374361633,0.012504898687141353,0.00038250766315716024,0.013993041265878192,0.0015700616935032602,0.0006216531938207637,-0.017434833522192095,-0.007550304352742679,0.0063875037888404046,-0.01731786059101652,0.0046439091984715394,-0.0004409533870249759,0.004258068574243051,-0.0025566151791879717,0.014351954225201491,0.011763664212052131,-0.01936196636269417,1.3937445247935902,1.428952201931975,1.3398124284852524,1.4359161247827852,1.5523200982572876
