gfs-wave-data.json
{"header": {"parameterCategory":2,"parameterNumber":2,"dx":2.5,"dy":2.5,"nx":144,"ny":73,"la1":90.0,"la2":-90.0,"lo1":0.0,"lo2":357.5}, "data":
[rows 0 to 17 of 73, columns 42 to 83 of 144]
0.4738574580821341,0.28333554045584514,0.3281578526653313,0.37222547015297525,0.34156216058493966,0.43113573637395247,0.2720600357050013,0.37626028788613136,0.28970683366135114,0.45613093437045765,0.3683645816269136,0.24600464003123806,0.35782216474221246,0.18034966349695913,0.2148833221866464,0.09606985137870458,0.14328703219174366,0.11732704995232673,-0.044500876722762525,0.003456150165279867,-0.1088390413214238,-0.285642332626755,-0.2854876727969938,-0.3588560672272271,-0.337355002363038,-0.31060011386047537,-0.3714466849942445,-0.6088993699707058,-0.4634730322520344,-0.5295714238149493,-0.5039493810838335,-0.4852348204715943,-0.7194050355471978,-0.5841261911025447,-0.7007137757008359,-0.6255999197764074,-0.5878027756908666,-0.55800105337469,-0.4845510738296913,-0.3059589573818078,-0.2165818614810324,-0.04265868169425932
0.3205038099808024,0.3466885417259294,0.2979132907623956,0.3365542383542191,0.32752180262019837,0.45925470899461607,0.3716002617513885,0.3126208597800764,0.399748403830413,0.28414296444282044,0.3702602165834977,0.24373978962656118,0.3229875967355264,0.18296801645506527,0.21770312847116965,0.11398152193316229,0.15542728536526954,0.10532234133693888,-0.062053594115026214,0.002064910971236076,-0.16911262364204976,-0.10079648027471125,-0.2723338746904903,-0.2543330630817474,-0.43467618676799263,-0.3549190433659038,-0.36778958327565514,-0.48400783571337,-0.5536355806568609,-0.4230706294472247,-0.6554879188680137,-0.5791079726703972,-0.6033579199982635,-0.6610875944240119,-0.6384125809115949,-0.6805187727454998,-0.5835355651418758,-0.45918565366738895,-0.5300867058854535,-0.300889161020234,-0.21577620474201203,0.012195331640405135
0.3453450867252795,0.2877991396484248,0.38031709301375144,0.29746938247007815,0.44171591990074066,0.4232206871900203,0.38270956920100646,0.2845172574524539,0.33143683265985785,0.39017326189041934,0.3332776032634911,0.3153936167367767,0.35749051614554994,0.19087224926916085,0.1883343985163022,0.13117033524298027,0.16173249391435615,0.13622187837876237,-0.07180590871383188,-0.11716268858308677,-0.05220515330000517,-0.23909731687744215,-0.21589253817245455,-0.3845562056038232,-0.33976705375519234,-0.38564148814759813,-0.44152387272967025,-0.6052728406474016,-0.5658330158803431,-0.6315860987197074,-0.5639968076538183,-0.5513338638008729,-0.5843540575522012,-0.5942571576414746,-0.6696021067813271,-0.6233064642615486,-0.6616690179320825,-0.34288675047931194,-0.2968195554551392,-0.3413045582707244,-0.22633418639162092,-0.21882820783080678
0.34753531399875565,0.35645459264765256,0.4380373828700821,0.3698939087040322,0.3731899691349872,0.38527532010069565,0.2819308752347589,0.436587098334274,0.2920233130761426,0.3559269698318597,0.2917596122280456,0.2633668106388361,0.3598425774785554,0.1987439960718563,0.2326186232341438,0.11311961067008776,0.09860920725819883,0.10140070714146128,-0.06468830015829176,0.014663152101670312,-0.14895095254426258,-0.16865852227475167,-0.22727286048862044,-0.322114126148718,-0.2714452361250105,-0.4098654071787514,-0.3725236211006351,-0.39622858942213274,-0.5107515235281622,-0.6036620719836251,-0.6277889471781415,-0.5938083532145597,-0.6642053560369183,-0.6138995477070687,-0.44343164369566257,-0.597238431982699,-0.427920870049869,-0.4450349616866421,-0.3717860188268434,-0.2440834315260888,-0.3199653944033251,-0.008523953116057172
0.2932801497037024,0.37600526373312115,0.3965834514725781,0.3556158067496254,0.3291868049942411,0.3915787513443095,0.3402663855297078,0.3206549611777098,0.3254860875206292,0.4220516400146338,0.4121907383151194,0.2877320443792356,0.2530730052982917,0.22540298222915,0.17087660493016724,0.09605194526509335,0.19005977957137996,0.05796503670329882,0.039333483898233,-0.0193232947435641,-0.053932078575682364,-0.1685747823262106,-0.18930904887096522,-0.3474523338637952,-0.3869944926091014,-0.49674016452726255,-0.3312053943488442,-0.5314073237082678,-0.5398254951467087,-0.5527113059055557,-0.5457558188759807,-0.6201265851788739,-0.637534800233224,-0.6647179720961669,-0.4609727151725183,-0.543308871277262,-0.4651868034290304,-0.4937079055630861,-0.3056426594896667,-0.35906449232267307,-0.3149604575347621,-0.16009487672911143
0.31836646675637115,0.4121023489858432,0.4741886363802894,0.27760924828956907,0.3096284489886181,0.45990757239253066,0.3771969409168172,0.37034038599955055,0.39048801437981606,0.3240604795637097,0.33628017877614247,0.2621768921039938,0.28366397373022084,0.18714432818211005,0.1237121224347863,0.14586273602176655,0.1496369158297212,0.0712421105539465,-0.00011973132670577543,-0.1155235657388343,-0.14384589787060226,-0.13510474901637415,-0.2568095769057812,-0.37901316666643875,-0.3008046571850312,-0.34194513837858403,-0.5441551820261186,-0.38129410773633704,-0.4503947906996535,-0.5025258923706427,-0.5567200750544378,-0.44958004399980384,-0.5504422724296029,-0.4891955775260108,-0.6172154482581171,-0.5902871597408798,-0.5274527337977468,-0.5853606102608616,-0.34386852192506384,-0.23792321885250944,-0.1623283514281531,0.022470948920255387
0.37807622955685893,0.34669494333348133,0.29438968453310466,0.4242065258917458,0.4106508115264561,0.4174296747021893,0.34660796646745196,0.2896961435587098,0.3315365735273955,0.31406000574206244,0.22076792546258706,0.26607713304384956,0.24899791128177726,0.2896978393971432,0.13300752455071066,0.20170863581134063,0.14231655631847573,0.06588562377681492,-0.03084653415957798,-0.05984443541064071,-0.14805470051097464,-0.2327857319104691,-0.21494090184341932,-0.3284864433067163,-0.28419228901173516,-0.3094248263857731,-0.4433594282526911,-0.436106920348993,-0.5402120625456011,-0.5391687608057313,-0.6528589762784565,-0.6070977313528947,-0.573721903987352,-0.5867278985059083,-0.5294880116164555,-0.4868236228790474,-0.3788722265920132,-0.5191188993276332,-0.4437245906094607,-0.1931843161517793,-0.31661117084978446,-0.18750895722637517
0.4570890081437044,0.4057594265497645,0.35865893421080586,0.2789044379631369,0.38179170886705327,0.33300444042016236,0.39576436601214615,0.27707127968357387,0.3351028649025984,0.33673696135035086,0.2931240135369855,0.28006270293460583,0.2199792224504687,0.23705319161832356,0.14204418414268902,0.2184744379230843,0.12065119701821245,0.0637022892432876,0.0010889439040972146,-0.09639209153772019,-0.17240705716498508,-0.2218490884517678,-0.3246495128024869,-0.33523620967279066,-0.3883556271503115,-0.3730422450478288,-0.385253575711679,-0.43854972883192794,-0.4019119329930607,-0.4547408595956437,-0.6185810392394132,-0.5686761362665294,-0.6184890658486836,-0.43268378454533624,-0.5529221366693963,-0.5525167634813605,-0.5673832095585478,-0.36502393739893096,-0.2871236812386567,-0.4764059230501262,-0.31311170012311024,-0.06930329214659126
0.302891404415895,0.40550115975311657,0.37214983559793813,0.37793015970691957,0.36638325322628046,0.31935090004732364,0.33084542133923495,0.26572188998866686,0.3795226059505995,0.3849016358776173,0.2868300814943851,0.3704247376168347,0.2347906299664483,0.27346578531472215,0.14979417828731287,0.09100188145438519,0.13632900748470372,-0.005827157224298659,0.03316251395413067,-0.07525986080609223,-0.18149618594163752,-0.15812505997547244,-0.2045767555632143,-0.22075268142072457,-0.34309737487743297,-0.4190890980195889,-0.5055355265807784,-0.42411223393440073,-0.4635802240109686,-0.4306713819073463,-0.6147795665436983,-0.6637705097140422,-0.6286615193632041,-0.5870996788698346,-0.5882566759680381,-0.6255555516074566,-0.5083267901003267,-0.5563116101568054,-0.4636802958833798,-0.40040956945333095,-0.24779097873798112,-0.01923420599830792
0.4278094934568715,0.28981837907087066,0.2938357041408654,0.36134011243135594,0.2873902934990335,0.31914171477940034,0.28943364669366595,0.2408618595606908,0.23087749033933377,0.30010176466832483,0.28560666214970004,0.260997720914726,0.22687394170694927,0.21036746117517502,0.1627321637265683,0.12150521332217605,0.05452042926793649,0.02204548633616617,-0.03553660194531834,-0.06741826442322268,-0.07702124255422022,-0.11323326080380913,-0.2923988970394197,-0.346749250555732,-0.3583461143816503,-0.32500675458241396,-0.28759087398031163,-0.5352216256827715,-0.5465694649787286,-0.5536244946005227,-0.5277641595729091,-0.5450729509942146,-0.571858795912417,-0.5964643596125662,-0.5191161489307383,-0.5831898174299828,-0.5012959492432014,-0.5002726371985894,-0.5397567418071647,-0.2716975003164882,-0.259291377980755,-0.2518953478613745
0.3808337003598897,0.33359611326967575,0.361715250740003,0.38783236665807824,0.30285449408747483,0.23483765332747733,0.3499290471439863,0.3082090811802081,0.35660131985615673,0.27134212655880874,0.2526397226275277,0.29088175417834133,0.2664838501274619,0.1649302202965564,0.1529147034479433,0.10279896317432842,0.08899312490633644,0.08136169733458946,-0.05160122471550862,-0.0733471194699805,-0.08383846297827993,-0.15016474891907675,-0.22616015945482337,-0.23380629353952073,-0.3940493208062456,-0.27021860592561353,-0.4152207375570495,-0.35381585672698607,-0.4756179583661403,-0.4795431705513997,-0.5980396232053827,-0.5091228668615727,-0.44053710872015256,-0.5168880920683219,-0.513813286591276,-0.48964197117177044,-0.5028437158034454,-0.34194772384575584,-0.4025078443289097,-0.24966234576659144,-0.13309991557062006,-0.052808448264726374
0.21571867935680383,0.3735536333575612,0.33990855162771083,0.3128094579473656,0.2762530054535338,0.26760553723705,0.2800865698359506,0.31456898701967023,0.23586615715334705,0.19982074352907642,0.28108931372234774,0.269317806818496,0.23610035121704107,0.16189701242291687,0.18350095964418858,0.20540211630291288,0.031076640779693174,0.0007986145841636597,-0.023467275556249216,-0.008254141843951294,-0.0962917724755868,-0.08541810795048363,-0.22651586782778219,-0.2803685579438957,-0.31641381931053214,-0.4229003825979714,-0.348652948386514,-0.3978314617265462,-0.4731798023348257,-0.5082397075857372,-0.44980513219705714,-0.5194376779440703,-0.5413672905478263,-0.5873579816967663,-0.6012305666779885,-0.40516556286030936,-0.5068594281651101,-0.3626927693506539,-0.25351838390321785,-0.27416277315169874,-0.32390430963882033,-0.05447946408583012
-0.020847382949864133,0.03375540531617114,0.013231673911427043,0.014331055527753631,-0.04081050717059613,0.004114208197158216,0.019239047518894242,0.008919732223386184,0.01996996835757639,0.04191606046340481,-0.045413087300849586,-0.03234984260036363,0.007448380371548182,0.01980293763833116,-0.037161510099380644,0.013591350774396445,-0.022975193663274503,-0.0002845232300134501,0.009144147426372512,-0.036576756718750686,-0.05322633986756813,-0.012069493541270149,0.05170754953320207,-0.001454523812975518,0.03443273495795067,0.01622199850086249,-0.04854553165153985,0.01608572679609984,0.02669014085225673,0.01486274384461645,0.05474626378089133,-0.056841894832875314,-0.0054412878469587665,0.03513867766319531,-0.03340718535296124,0.03731203590267307,0.04080104186714599,0.009823767373097017,0.03437630989153012,-0.03946409684731618,0.03458116316102247,-0.02170722111964695
0.017201618103695457,-0.06293555066709623,0.045309325743893694,0.0163719390708807,0.01716243694266597,-0.001961835027521788,-0.002163918805553563,0.03200789730225487,0.03259124651424932,-0.052951798019576245,0.016075165820296243,-0.04780156539010406,-0.014380638335831836,0.033136126566601434,0.0009088367957812429,-0.047495368356500305,-0.008632782657459447,0.030634555530855933,0.0253868367433295,0.06256861532148865,0.05333817104467115,0.04158660996884918,0.04505867189977254,-0.04353901454091925,0.014868925753973819,0.022092555151063776,-0.003928584823660448,0.015204176832835023,0.014646549256505149,0.05984603078604903,0.021044248637532657,-0.025035476534590276,0.02973369289902697,-0.007361820698171404,-0.024044416966333405,-0.011136683710109,0.03720362719246001,-0.056212366138251486,0.0026596057326949696,0.017658559279298533,-0.009919867065102598,0.028348650217584138
0.03152107489402465,0.029527514080047605,-0.0022612793643918268,0.008061954928238694,-0.018322996654379132,-0.03293347627052906,0.02814987511178454,0.03560949185560021,0.042820518773799714,0.025794683938284123,0.014172481345587604,-0.02387201805898621,0.002644918123352057,0.023649754540207495,0.03671425961573876,0.039633369030477254,-0.02695382355625982,-0.030720684747938643,0.021308176363984268,0.0069777863721947365,0.025447031099332898,0.04992914958610475,0.06524876026950738,-0.0030214341493472827,0.04125372594165562,-0.016169012535963936,-0.04124546504036816,-0.04007444366479894,0.014382196618625024,0.04405900259600708,-0.023813354602753436,-0.0468187333377141,0.049696989824456174,-0.014427032541240462,0.013180721862876846,0.03724922504628284,-0.05883608922086451,0.05853074480171327,0.01299450549838563,-0.0012507679294787946,-0.0261356602470575,-0.04245203379287518
-0.012792012293171513,0.003083288166908647,-0.03218993764252295,0.02684014779719994,0.0176119698379099,-0.02743051907738096,-0.0019058217126232345,-0.04253541293599167,0.03509900324719429,0.030159850935183887,-0.040008575471146765,-0.032791389142659166,0.02139249947938438,0.033969680110389734,0.008046929272477351,0.008346295313418028,-0.024526873376914133,-0.02390060846434071,0.006583409362940116,-0.015768180123536896,-0.04731048610245189,-0.0036240362880205768,-0.020530071999105965,-0.01757566513558917,-0.053320576431450516,0.022738476433705596,-0.0320223132503887,-0.0033658356299841644,0.023576915401953773,0.051643254208470865,-0.015548551373798907,-0.019598852938403143,0.029613512369918986,-0.012270585202289042,0.04456654044260991,-0.016357024050606725,0.03141177490071753,-0.035917951178687964,0.006738320621471864,0.04661868774890642,0.010438070442458454,0.01570133869667719
-0.02780976452333989,0.032391288855677734,-0.027071626969692494,-0.01624442411831545,0.04370547184375011,0.007907468322555896,-0.024542655104673478,-0.016401877391542984,0.029737629700577767,-0.018048942153862768,-0.011673020542350412,-0.05885634473590304,-0.011905195932104104,-0.03415996986046866,-0.0106388802016705,0.009571459213334677,0.003483410432465427,-0.012186350632636705,0.005969319208035207,0.02284411132981463,0.010796038185218886,0.011087674221469048,-0.05518130046626226,-0.02562871262703637,-0.04512810438667395,-0.023257831846430026,0.02033433930241672,0.012835044681862183,-0.03673918728402628,0.022703189052575894,0.010084021945442438,0.025485979377846264,0.04901994022089481,-0.006099655494852476,-0.006524053723922696,0.028852634370626677,-0.003634219945933521,-0.02149828223434831,-0.029214460652381327,-0.04515631255217963,-0.05254145003264062,0.006615731273982951
-0.026392449366502188,0.01656949208561799,-0.023220981136125172,-0.01913453853691066,0.033788925559977666,0.04642437428934372,0.01601984936416486,-0.004705233869282374,-0.007399996649303034,-0.005776050101478841,0.013656245220594087,0.00893878211329227,-0.025886775838042463,0.03785432993821251,-0.021303658863074948,-0.029066312746883885,0.03997441771503759,0.009898371084508828,0.024252034158510103,0.04009433886933627,-0.04152528410402106,-0.03852501716034596,0.03560627745586506,0.018766289237457184,0.01916257093461715,0.03800203480718503,-0.0009754984506515559,0.05259598703698325,0.011377434490821422,-0.011144306354878295,-0.04386464779499937,0.0056811968781660315,-0.0030732606339653945,0.03413227490048336,-0.03805307663389035,-0.0283460551197849,-0.0028732420027311354,0.0024526342539252246,-0.026595523225060702,0.02233441111131126,0.029992058749377885,0.04582336971413293
