gfs-wave-data.json
{"header": {"parameterCategory":2,"parameterNumber":2,"dx":2.5,"dy":2.5,"nx":144,"ny":73,"la1":90.0,"la2":-90.0,"lo1":0.0,"lo2":357.5}, "data":
[rows 18 to 35 of 73, columns 42 to 83 of 144]
-0.021893761112474895,-0.020559864014799648,0.011670082933443765,-0.012034983623115204,0.03721549184993154,-0.00684480801647929,-0.006121500081338955,-0.07081094538068752,-0.04696939981908123,0.04394227819304137,0.022668813316206307,0.0045035107771546744,0.033132947472403376,0.02358244056231726,-0.04900620779201728,0.024714172760210467,-0.06028738112810165,-0.024659756347538347,0.05643996798485992,-0.01741295723497202,0.01856525656572379,0.003145178871406184,-0.018315573745657072,0.013213000923660597,-0.039405833285124814,0.03896634674795097,0.04697551987194353,0.03266060853395246,-0.04462729764805175,0.04849510155273505,-0.006170711826182925,0.05949968518818382,0.006714575814795436,-0.052166093994413236,0.04850341986790347,-0.0015038705582258133,0.03826645975442774,-0.021043445152220935,0.05403002159415792,-0.04582571750594083,0.00208285406757818,-0.019570991364409252
-0.02154606073794693,-0.021717392071097533,0.02885456688668828,-0.03723874646491599,0.0075776276018904125,-0.006790883958126422,0.043711082903446614,-0.015830221319977567,-0.022395902904017193,-0.02163960825975438,0.0005180424185405335,0.04311793048802103,-0.05918832560492021,-0.06063115663431552,0.040911392284861604,0.03299071870766017,0.023204427935684516,0.006929456968481028,-0.060121261525657284,0.0691966979433453,0.04589571767644558,0.05524647220880135,0.037623516441074596,-0.06437109347259981,0.05231973109612526,0.027606420657628333,0.03174603503736664,0.06802493753698789,0.019778140413638283,0.02611327660477009,-0.003940117467885011,0.007770324129065682,0.05813833256780832,-0.041622029551402255,-0.011909986383581171,0.05458193301074329,0.010023406396720514,0.03383347088563166,0.024862385869469036,0.04108164681844539,0.012439220818690576,-0.05349918424124073
-0.04538309537612961,-0.0095072556804743,-0.042616171148830456,-0.028555703442684297,-0.0206982056561767,0.020101009265793307,-0.023741825199282363,-0.0023468110277894334,0.040853977607351336,0.03937098365823021,-0.009388699903075696,0.05191223123132062,-0.043595116253025756,0.04308763198752173,0.059177560482735,0.04864952460374938,-0.02149951704745817,-0.02116946608037693,0.04172321677983546,0.003830706764212364,-0.0006002788510403985,-0.05854675253987072,0.03498402182389448,-0.04673416075989176,0.011161781611693898,-0.02707461632643388,0.005594788900915558,0.008677255778054668,-0.028585403922990978,-0.05027685472608812,0.010990984852550555,-0.005695797738885686,-0.011093723651811872,0.02492256534932357,-0.005064225994882186,0.07832695016393913,0.014621285166599943,0.05511363202357267,-0.03509154064976183,-0.005080093095205475,-0.06739160580522775,0.019208382179259686
1.018532876549591,0.9843513839785679,1.0264579641594187,0.9965825796839557,0.9286429606054712,0.9729551776148851,0.8287088318653795,0.8337641094873156,0.909160059897413,0.8926289804915276,0.8043241716414419,0.9106567706100812,1.0033138558245398,0.9530329535083786,0.863552380722088,0.844135266643503,0.9613516236787265,1.0917198815077482,1.0433529897718017,1.1674442063836026,1.0246339756548017,0.9650627103074335,1.2354084417924873,1.205068933280082,1.2274932564571255,1.307710737914703,1.259399226560705,1.3209482450418812,1.2614326862511078,1.27307096822239,1.4425637509745404,1.3035470440627122,1.434966454317257,1.2755855019759497,1.1359476817217022,1.0879992653307209,1.166501549659384,1.1090921014261328,1.2620861165447557,1.027412848230962,0.9909804267400575,1.019723967043893
0.8976298510570753,1.0017562773170063,1.0093129743320983,0.9679390926132052,1.0332164687847345,0.8052108289683111,0.8534896311133061,0.9950210930428635,0.8239616381441907,1.017925261721389,0.8275089108069753,0.978581981317172,0.9781297242403085,0.9638355849890099,0.841846912490859,1.028302456676267,1.0085686241074208,0.9996020987139455,0.9027082818224637,1.076863117573713,0.9260882535733505,1.0650530469211865,1.2437193135588755,1.0801801684834293,1.170877664729011,1.2473422135206793,1.179787749269503,1.250099454310081,1.3782342750222072,1.3015395222644917,1.39948801152507,1.3978298477566278,1.2873144752477799,1.2016908919589702,1.2918204128699342,1.1887946394534252,1.2085665368652747,1.1196469570705285,1.1084259852960916,1.0009708621978983,1.0579863878402613,1.0443922121714444
0.9651064568814868,1.0397218068454637,1.029151632958053,0.8856996378648645,0.8907815496059539,0.9941340130517758,0.8586437693236078,0.8132751061527838,0.9044215574337624,0.9957311284717091,0.937809935582074,0.8434015341429189,0.7806235379712837,0.7507783058562753,1.0357927199161978,1.006114512458064,0.9220445198626601,0.831224453106018,0.9162009686899572,0.9442416052612266,1.0449046217105604,1.1360470691873819,1.1081972827571833,1.0829986271015086,1.1175378801901659,1.2959194041175184,1.2734799915237298,1.2775498371339524,1.4280443440872275,1.2979902783054424,1.3611046800029885,1.2947481278680242,1.2570026168403037,1.2306645987243787,1.2552214672371402,1.2806730253561491,1.2779516091139491,1.2501873086620865,0.9811729358922222,0.991849573167431,1.1146807578250937,1.0036584115512588
0.02432728761691421,0.0319843438757852,0.0128300065396904,0.04554493677396954,0.027341610139269407,0.05328036912742715,0.06595293190096246,-0.021097905125036828,-0.013055245155566506,-0.051088220676845125,-0.07034965857675075,0.010003799246418373,0.0029191110334992696,0.029995656209141398,0.037645605634768,-0.01800755442614976,0.07073876184914812,0.05061473851710514,-0.01880592596818113,0.024329275390252956,-0.05596274049279971,-0.017933761803268312,0.01411044924295197,0.037833976583775054,-0.04966143605471701,0.017998605701525266,0.04974727981951583,0.06879087388811204,0.014424400506296965,-0.017589899846544178,-0.024162922479102244,-0.05081320651561703,0.008444644810134657,0.032817673814431944,0.03430107142244131,0.023157146592975887,-0.01364043836842728,0.03888446016882879,0.009763986473072046,0.01909907196278637,-0.019342270270248436,0.0037270636381188144
-1.180815414351211,-1.215404133680307,-1.2850924941079365,-1.1634107446946558,-1.2417304075266475,-1.0899582868478297,-1.1145052467882173,-1.1797665381631344,-1.1787056624774541,-0.9717779681171702,-1.0659739515543358,-1.0246059958766256,-0.9455609018806812,-0.9957342617207449,-1.057947237748617,-0.9824623272421654,-1.0028716301302996,-1.018412671617616,-0.8676764277291403,-0.8590653533943516,-0.8553420239763304,-0.9850629565863718,-0.8413546778998222,-0.899238845242641,-0.7299119455558135,-0.7264916302311611,-0.7586236855948748,-0.7899189815262408,-0.7286783248695025,-0.7242914995277847,-0.9192729212884221,-1.255379633255893,-1.1292368763403142,-1.22292945534907,-1.170521214789339,-1.0458459749267235,-1.1767530091258354,-1.1887793793470562,-1.162210510227758,-1.1832806525478328,-0.991184557176758,-1.1462839054242455
-1.2587646758614355,-1.1856796917038404,-1.1504845775679948,-1.1337552579962513,-1.1497864067765768,-1.079178815085034,-1.1880750674833522,-1.0602776842386314,-1.104003791231403,-1.0711299927687183,-0.9333903956131914,-1.034144577028755,-0.9717538209201385,-0.9020010158997801,-0.9422144722842146,-0.8974694565123529,-0.8378295960157747,-0.9827445825332187,-0.9995480301655398,-0.9145768817331884,-0.9371993050139578,-0.8896560972157437,-0.9131070672643411,-0.8869243203320224,-0.7952895762709566,-0.7887842735024755,-0.7068110418129389,-0.9082733488774628,-0.8129043209890162,-0.6751941409699057,-0.6826526373038352,-1.1199424565731204,-0.9995898334898586,-1.039215028845238,-1.1076778799734868,-1.055843502355202,-1.1151750930324402,-1.0674500845594987,-1.0954347172047765,-1.0851070341021272,-0.9273594790102953,-0.9765311515955226
-1.1112099716258326,-1.1126247583133766,-1.1665136576223365,-1.175536794237845,-1.1400166249463624,-1.1202256799172225,-1.0805237513700316,-1.0261899371576444,-1.0161047022450764,-1.0984982589972756,-1.1251692802409305,-1.0552891748578446,-1.114545408902993,-0.9705290081670394,-0.8846248135551215,-0.9544961819910935,-0.9445251637801182,-1.037374532762967,-0.9322811038934425,-0.8322737042903837,-0.8275428115228326,-0.8312565864215286,-0.7598987839032493,-0.8740352158082595,-0.8264974879732947,-0.8558672506866161,-0.7301736816017301,-0.6453552707751212,-0.867506310069815,-0.8323311082270343,-0.7680648318854008,-1.0958133513967176,-1.2689876256024542,-1.136189164161851,-1.2062226626940646,-1.2735029780501705,-1.2310771048437317,-0.9463659268117878,-1.257968672110458,-0.9104034491859009,-0.9796776588529625,-1.1098096372168524
-1.2157908479168007,-1.2637074776463815,-1.109623888965014,-1.1701361960370011,-1.2186149410868996,-1.1553008693803555,-1.1184366074314165,-1.142884027776571,-1.143689774672029,-1.146685661132876,-0.9762592866165746,-1.0678802698283145,-0.973087994379851,-1.0532123622669471,-0.9703426191315107,-1.0100875950171717,-0.8319489796221682,-1.0010549671366187,-0.938674615190311,-0.9067668476232933,-0.7314703257646391,-0.8800691578883421,-0.8008032341181865,-0.8598908771060095,-0.7679561475591876,-0.7506047638150575,-0.8133080152063993,-0.8371653018450981,-0.8225380855301975,-0.8387371580650977,-0.8812573696045429,-1.2968043787240993,-1.0543367196730358,-1.1518462320711997,-1.1962810724348303,-1.137591156463825,-1.1835041999630593,-1.1191757021714237,-1.0711157449670878,-1.1712423654781723,-0.9182738315290405,-1.141254088291431
-1.1427906065396538,-1.203162331861305,-1.2224017942763838,-1.2610592122584916,-1.174235203111427,-1.0175945206422414,-1.028011000242968,-1.1596257022951137,-1.1063557622097842,-1.0352474446680293,-1.044245916802794,-0.9864245797523811,-0.9719167055535676,-0.9768690315582326,-0.8357391638362703,-0.8879373456944201,-0.9777081176362603,-0.8221355099441489,-0.9701455849885757,-0.9064639692634469,-0.8001006036033981,-0.9346344802906782,-0.8486151745102335,-0.8289949709501794,-0.768045545663349,-0.7138330810687196,-0.8026514895347834,-0.830340724998522,-0.7129562738993765,-0.6657001135622511,-0.7382280796492164,-1.118886460077967,-1.2616030162445981,-1.1915347015589837,-1.0009688352697401,-0.96635303838195,-1.1412952490581063,-1.1574860813666894,-1.241861485625158,-1.087869812417038,-0.9944121123001425,-1.1255659580730812
0.009903941346708205,-0.03465776074445116,-0.0001757443679285279,-0.07655895139598003,-0.06716586132017002,0.06633038560647765,-0.059123802270772095,0.02313177126835385,0.05636115262551455,-0.0023332200753147458,-0.04783831870970082,-0.011929040963117116,0.02899429795732528,-0.014115394730756166,-0.008457338419173094,-0.012032761875309418,-0.022834835446981464,0.008602500100163519,-0.014357731444071856,-0.02108835720760085,-0.02661092614577383,0.00243685593003944,0.04787627274239834,-0.034084364808144904,0.005317094300584645,-0.03731777628523222,-0.04307046876670354,0.04199294362219405,-0.019047451039286813,-0.040183873438794496,-0.02821149054645443,-0.0536106255677793,0.006283619517096902,0.07054046888006739,0.057397052743648876,-0.029824834180819604,0.035907958566673906,-0.047223195115190325,-0.022653328486075312,0.03786435955300249,-0.032977152255062654,0.05853067180734696
-0.45750538716388495,-0.5785165105645997,-0.4569595252020023,-0.6002036139553557,-0.5025526971863373,-0.5011634912480047,-0.48930712643403096,-0.5887813294392568,-0.3755599162676431,-0.5314187732630449,-0.45152449684099644,-0.4986513836278348,-0.4542390529502886,-0.2778409263373485,-0.35358280235750444,-0.40040850209954815,-0.26452145544336003,-0.29643158057821867,-0.21666760889500558,-0.23234274750579295,-0.24265220585206915,-0.2631772116339316,-0.39510363149819155,-0.32482102282235453,-0.48031585804133603,-0.4801171495292178,-0.6736767905412657,-0.7699639263872831,-0.8006797002189964,-0.8707863418591907,-0.9438564944084921,-0.9682973951107068,-0.9978435127988745,-1.0076880381555346,-0.9080566828349269,-0.7610070989814279,-0.7387475781557132,-0.7811015547339657,-0.7955154969703008,-0.7543899407472007,-0.5888451955987958,-0.6794841436113602
-0.5029334021295127,-0.5633595491229443,-0.5865211194434103,-0.4730665975381094,-0.5144132368158681,-0.5526542492791474,-0.5493259523163138,-0.4126061265403988,-0.4878584875625491,-0.4852039836193303,-0.5081706190632849,-0.394037607355598,-0.3979886464916807,-0.3774868283448876,-0.2707776337926333,-0.23480168520024056,-0.22837020425998486,-0.35352637807315623,-0.3414732430682396,-0.3218282343777009,-0.38968382807325636,-0.31404113196032607,-0.33737355488030696,-0.3441297253960655,-0.4019929331326069,-0.6254677036878884,-0.5662737267412412,-0.7111475412000935,-0.6944132415458603,-0.7241603921596671,-0.9248322609115047,-0.848684320566308,-0.9415758601038977,-0.8573536246220961,-0.9398801546714532,-0.8144541490530725,-0.8633082439769709,-0.6517893736030316,-0.7368457550668596,-0.6667526141910282,-0.5684780320835897,-0.7886735012823642
-0.48162245130398884,-0.40326137213426133,-0.5873138033840667,-0.46571590737475294,-0.46129961877949216,-0.534853407047359,-0.5143634380038908,-0.5297425114729383,-0.5112381843694126,-0.511541872625272,-0.3923846424554096,-0.2724072213505203,-0.4591676088719248,-0.35370425184484283,-0.2840251244510799,-0.3540424240632391,-0.3271589857063126,-0.1932732184460116,-0.33321743817554084,-0.18296377186505164,-0.32613025320707245,-0.3985783569927143,-0.3965044701150954,-0.4582870989700498,-0.469703602722248,-0.6611000562310343,-0.6365737538122938,-0.6747258180283713,-0.7192556126267734,-0.8948795104877102,-0.9294423044711498,-0.8924061453288876,-0.8324976944703437,-0.863579146254568,-0.7586141289641443,-0.8880596972056681,-0.7985753521116024,-0.737510506198393,-0.7557248873384376,-0.608736400437758,-0.5614790341063111,-0.4358448220813863
-0.5197728829200415,-0.4389642458146457,-0.5198370020452859,-0.5305082436437804,-0.5706810483099044,-0.5699396336837218,-0.5878298735267595,-0.5070818753723456,-0.4742733850587571,-0.424501489953157,-0.4528881209902424,-0.37330611569955857,-0.39133908328277617,-0.3903254630173887,-0.313462964405176,-0.24910825020065633,-0.2228164994444801,-0.18751156612165296,-0.2692790861459426,-0.24578281715921382,-0.19030217416984097,-0.22005064056292475,-0.2996671828560023,-0.2964044951992334,-0.5437918709521574,-0.5958922507874733,-0.5219090572795243,-0.7004030952942008,-0.6833620792624508,-0.7371165030396901,-0.9425544931372699,-0.9473717412500688,-0.7822595285506913,-0.8813044650574073,-0.9034783148893241,-0.9513830696151271,-0.8677869722254024,-0.7116658072822883,-0.7159322930259897,-0.6522511338218291,-0.595929535480443,-0.5552180300905016
-0.4717482065477425,-0.5308897295751455,-0.5116545192010851,-0.5013953379694631,-0.45429011168045985,-0.41805444876938236,-0.4539295896728354,-0.46556366602037547,-0.4056993119757797,-0.4332990294252928,-0.35416687991875506,-0.4305452945306252,-0.3973488684431143,-0.3581789990552375,-0.19150715201457033,-0.2706814879522692,-0.1776671322805421,-0.26248720982071194,-0.24324638479859373,-0.3166585743069651,-0.28793048027677365,-0.3023439949988552,-0.35454105246266415,-0.3758968063230447,-0.4221883091022016,-0.5207911356600838,-0.5422440204716555,-0.6159625063227855,-0.645836965405219,-0.7676293221260408,-0.873401743007254,-0.8790537413708748,-0.9888701448079228,-0.8105694829983651,-0.8460585297684158,-0.818753414263106,-0.8448349362127454,-0.7371143328664955,-0.6351947492516563,-0.7205527380357836,-0.6251547241502307,-0.6195145144907696
