gfs-wave-data.json
{"header": {"parameterCategory":2,"parameterNumber":2,"dx":2.5,"dy":2.5,"nx":144,"ny":73,"la1":90.0,"la2":-90.0,"lo1":0.0,"lo2":357.5}, "data":
[rows 0 to 18 of 73, columns 0 to 41 of 144]
0.33442329438470164,0.33093259110445455,0.28444099184664046,0.32491346070810034,0.4442818698345629,0.29704927597958397,0.39012055448987426,0.1885928797562875,0.1778361424732352,0.1686240128853081,0.1938824318910463,0.09900962782487563,-0.02606384959529663,0.012317319243563933,-0.2495599162443564,-0.32144318860211635,-0.218246975907033,-0.3654100664202569,-0.3154299545749626,-0.4611032064643564,-0.39840410964874073,-0.43078311444679884,-0.4339105099657011,-0.4522484210722172,-0.49938406746545144,-0.4524263000592272,-0.5208611251577815,-0.3509263961981302,-0.514171756000779,-0.3399420236116538,-0.3326947468467614,-0.2701087641633468,-0.2334696817987625,-0.14722574328252153,-0.16810433771778677,0.011394412699474301,-0.04960137842760792,-0.005248365223663883,0.14421875179683366,0.07757524965942983,0.15941759095099647,0.1883463395219824
0.38868210011111054,0.3022071309006475,0.24461466487411096,0.41397553747937116,0.4330284850132737,0.34122969978648704,0.3341620272733797,0.1881573511432497,0.297102449791317,0.3188782187883213,0.22805239471244562,0.020442327247873485,0.04064427557817803,-0.10570648173795959,-0.16053551111117748,-0.28915140471482564,-0.36909540890559567,-0.2335772846475052,-0.3852490338846427,-0.503674396545355,-0.4054180745886005,-0.43337174062631667,-0.4750571507181449,-0.45072624717222065,-0.44029458687018524,-0.41676428661404546,-0.3738304545543908,-0.3912376741380195,-0.411228033745012,-0.35783618579685955,-0.3626185046382357,-0.3198450039714902,-0.2519084021415115,-0.18445681189178717,-0.12055371212714987,-0.03304592622907538,-0.023508298532741816,0.042995103892579004,0.07491255758004164,0.15715577952042623,0.12375601505262553,0.2055086866372266
0.3613626514420038,0.3538745989478338,0.3510601575350076,0.3586713698122153,0.4522666216492045,0.2557528307652004,0.3065102217911938,0.28948351723826526,0.20674335863741344,0.16107415087365679,0.2471022358210356,0.15428307464852659,0.008558737096869391,-0.19300344987699714,-0.2047221790567457,-0.26741325699149965,-0.3164362179776859,-0.41207232847796205,-0.43682262501993374,-0.46490441932354615,-0.4071694443219123,-0.5050130895631795,-0.5366866037202657,-0.4869505190338602,-0.4990817246190126,-0.5319233094110215,-0.4466160238196645,-0.4605033471950964,-0.4251593397326422,-0.39307186991611937,-0.4288073099689892,-0.31827165305356664,-0.16220711347657715,-0.20540421751935606,-0.07972715661963775,-0.032602438346225046,0.019471612728471085,0.040285302375988694,0.09674277255163384,0.10212647573523706,0.12413021912344555,0.07831496825309057
0.25488772247803393,0.34483882064596333,0.34212953258309414,0.2341854191064789,0.40598663178917055,0.4029563605767092,0.2639378730657617,0.2876608232900712,0.2878353218286021,0.24126202836269706,0.17742230889925523,0.018692022402299297,0.05144464375664172,0.016834980162343267,-0.053188602401491564,-0.29276726155407623,-0.25646134131720216,-0.3562604779693986,-0.415881786289609,-0.4994922641276712,-0.500067707892948,-0.426717929406204,-0.43301746718661704,-0.49115234953903536,-0.4860273930891725,-0.4588508557797985,-0.44354475573163193,-0.36162594729516245,-0.47674840078444825,-0.39366915018732773,-0.29733795701660476,-0.2998691433180566,-0.18438629068097306,-0.1301166059133178,-0.08566241465295882,0.00956841662232592,-0.05714143869231794,0.04575588101539659,0.04258324878781249,0.11710093770651477,0.18074186054282454,0.14011796024186668
0.31035364030447843,0.32835196611492673,0.32268797286069234,0.40575154950068876,0.4669177366073018,0.41615029307150686,0.41947735688619775,0.28320221494870584,0.23308642737763247,0.15353060827074838,0.1912226550636376,0.12066236354694194,-0.08442637919591414,-0.026117029870007896,-0.23234446415901666,-0.29271111624132623,-0.2264862992161164,-0.4156514529842193,-0.41581071916157425,-0.5299380422432689,-0.40711398279285405,-0.5359805611524221,-0.5537883213196741,-0.5154818266628239,-0.4413106342822113,-0.5175813149782095,-0.5064986821848166,-0.4460356029706992,-0.4561102056581952,-0.4515285885835343,-0.3589446353648464,-0.25567197995753804,-0.13940693388456965,-0.20161345120773982,-0.14088378531122203,-0.054604644365821235,-0.040876044563520106,0.0914838058798544,0.05389986149866058,0.1453328504226368,0.13640211053347256,0.19038313877739085
0.328282762831604,0.3289480671232967,0.3126257768848642,0.37313894429697453,0.4196903247899044,0.2583494761154905,0.3256492145730423,0.2939916943825885,0.21513540601747796,0.12185422615232441,0.08344368753999142,0.03726240693906097,0.08428848212010026,0.013866931452502331,-0.11024500002375402,-0.23021851953214265,-0.25727698682460654,-0.4779756705708854,-0.3947021658043253,-0.44607888799732237,-0.34895554463370904,-0.47395478237487765,-0.5267625360385589,-0.533816516649232,-0.5137821424276335,-0.4745328075691753,-0.4229003796051729,-0.49181744203895283,-0.2930583124164726,-0.4548682747695414,-0.35750085750834076,-0.2659928832020403,-0.17511938856177003,-0.2516460165256407,-0.17784353625730492,-0.05528911103925727,-0.026358575686392802,0.03875957725801015,0.07135441045905436,0.15417377055892117,0.16789690312729622,0.1063930307363512
0.229027616535497,0.3057504454906718,0.33346769147405686,0.38462702024536805,0.3329649445253931,0.3968786973183118,0.27892723871554337,0.34946498170286816,0.23161384043551633,0.2440898641668608,0.15606290619301794,0.06485021288246622,-0.008923766335483654,-0.15763827857382104,-0.05692177227812589,-0.3058457946262128,-0.2594665599413691,-0.3292834761846903,-0.4342356797104261,-0.43120614980724215,-0.47970985125237053,-0.5003917213632606,-0.5346542215058824,-0.5097353590182613,-0.5011206779170709,-0.47342654500870895,-0.4973983643985673,-0.42763182521685483,-0.3381822242018443,-0.3220808319727541,-0.2874899213713623,-0.3263033226678702,-0.19634517282864578,-0.12246890141142415,-0.0467694544102787,-0.08273701340130779,0.002048815105138114,0.08868133625231209,0.051571589187725794,0.1348232663782646,0.10911712748564815,0.14680326928495777
0.35105920087677583,0.2580208403583722,0.31961452535845936,0.38140578083605686,0.25346907915649397,0.29124899949270217,0.2646069790267899,0.24649377828139174,0.2702115680618065,0.22814754732956072,0.05855860597091187,0.1298523722102781,-0.04981776058165153,-0.19096037858774853,-0.1741693403013354,-0.31993598512736476,-0.21163890453845857,-0.4457137395668099,-0.5278009845072346,-0.3534577098592178,-0.5242185883649756,-0.6012501908774025,-0.5849969703092621,-0.414749723725839,-0.46624118290590405,-0.4243653258517785,-0.44920245338394554,-0.45439916463255275,-0.4309720911309738,-0.3153165999854501,-0.3529660545277788,-0.38722219406418557,-0.18004884333275595,-0.13892557432889252,-0.09404558645842612,-0.08066170121118661,0.01878490217610585,0.09152005995115017,0.14464986711743014,0.1584133045758621,0.13012541474064226,0.12263132854511997
0.33391517657538095,0.3644053984863705,0.35665104900971434,0.35570842937824443,0.36558573229451957,0.25969654678110654,0.38806912715489106,0.21537804925395326,0.22804874172081832,0.2789153586656493,0.17993612520829722,0.05363621047653874,0.006461633524430146,-0.004419634622475979,-0.17834884140943452,-0.2630989074450674,-0.27823313324250526,-0.3411859122434944,-0.5220179407946581,-0.49328743975107037,-0.45339511567759727,-0.5468136140786658,-0.5329708900467599,-0.4649531860584864,-0.5097921904870518,-0.6032994820761481,-0.4521336627711675,-0.4721294622787495,-0.4338356635737285,-0.32266434037202274,-0.41968339386240144,-0.33685814122862967,-0.3305484621178233,-0.14172876757715622,-0.18120117653300905,-0.00010662847902758887,-0.07683577756866881,0.05908095464556647,0.10559800092630073,0.14658503315157206,0.1688311154493686,0.18678901177255716
0.4334325532615731,0.3568353682437394,0.4479904257000427,0.36341709013984747,0.3480406217272937,0.35347623265666084,0.37121115291792756,0.2683980920318847,0.21208118980543078,0.1999597205395324,0.17190480443596698,0.08986149569436255,-0.016618244169683844,-0.03731582284003156,-0.09318239865726877,-0.354621041325916,-0.2323816818580052,-0.37328098003318855,-0.4508032484935503,-0.44350945009364623,-0.47562676749263033,-0.5421850508079639,-0.6097971843785198,-0.5448358423109111,-0.5493015720190647,-0.467623683492782,-0.5393067854033918,-0.4177047151399909,-0.4162979486371007,-0.2932658085550815,-0.4133521048906854,-0.37037815113525124,-0.15885977748535232,-0.22285473380458473,-0.1419416478823431,-0.059584011701941435,0.007812645682195227,0.06860162434322424,0.1708613963561756,0.0962545657277075,0.07962107753864933,0.17787190535262168
0.4264036568623606,0.32552313372302033,0.4334256425791559,0.3338081788503675,0.36360119653364054,0.4072873943559618,0.3342359694052378,0.34769482680421115,0.2650103901651931,0.22468370311970756,0.19762681129541093,0.02797939340989621,-0.016039068584435403,-0.08749101817004341,-0.14515036691926955,-0.15432769860724124,-0.2904931526263628,-0.3625004235377244,-0.35390927566944874,-0.49490204400442256,-0.5431859341643321,-0.46850804065097557,-0.4723465877453228,-0.469917559237708,-0.48894731777209627,-0.5688172283958739,-0.551657245123902,-0.4198602457821229,-0.3669463847801629,-0.4078383476463454,-0.39078404720355525,-0.2410556829100088,-0.3033100417685148,-0.24421367071281638,-0.055448190290719505,-0.005866801137074121,0.023266259828462872,0.04828309897854744,0.06419722307378092,0.06528730676437586,0.13940499160976666,0.15023056362715267
0.2501059573950465,0.39970197943149033,0.3395699487299102,0.4056780813170013,0.40364434906065416,0.4525779202514424,0.310319164211263,0.36880391840265625,0.32117542174832486,0.2670980736834006,0.14701723305360437,0.10112286499042694,-0.06865260132268414,-0.1555557103877443,-0.2398612080572715,-0.18142712158887497,-0.43512290715444163,-0.45948291558671184,-0.44741190443540463,-0.6134581495306892,-0.37994508448854153,-0.5472048321218236,-0.6087543376391547,-0.5767890940929989,-0.5378141215795443,-0.5634077168208091,-0.4062188859187728,-0.4011900780001626,-0.5093205321833517,-0.5283338323725982,-0.26816545513445916,-0.3927009032114558,-0.3145370981532132,-0.23054339208242264,-0.16177321206819517,-0.04372907050610958,0.015628357982049184,0.04737655397898174,0.07099153448163857,0.08365460707542587,0.23298389491446542,0.1465358879083649
-0.01251683957565109,0.0113128874153733,-0.003854123457720655,0.03303797909859546,-0.012311332258791748,-0.014797299407094162,-0.007180914120306826,-0.0034814643641194938,-0.03238430453373674,-0.01967528993083265,-0.002407997269113747,-0.02497447928653919,-0.007979186886201672,0.01334939174550291,0.006079716422558084,-0.011442773972427994,0.010020735866893775,0.014256189441732724,-0.027979820529528146,0.010299266480852241,-0.00947231767955735,0.03376213266298684,0.02680759528913761,0.007942779472349957,-0.004153025845747407,-0.020982010171933418,0.00984685820265452,0.039090495157405106,0.006645212858350109,0.00929361241745183,-0.007682888641066532,-0.009417019721230283,-0.010802491708575715,-0.02897471750844823,0.01247878138906994,-0.007575805425778888,-0.03645130932907859,0.036819818106271156,-0.00356077999323387,0.004981104301296772,-0.006248411727505703,-0.018317353825183354
1.9081183383926648,1.8064257577833363,1.999489373858783,1.9722821404612099,-0.01988395573992133,0.011206249350075982,0.026067797878788185,-0.014576071566472082,-0.0037250323954326784,-0.01799930504717375,-0.020660743719568882,0.0018844241411686046,0.00947804554004431,0.01434638995874127,-0.015179771785848518,0.018659712052006568,-0.003617331897193678,0.006563116810890843,0.007536777210773719,-0.002020194526102489,0.008191255767899613,-0.009355253010013375,-0.002773159411567112,0.005885116219363863,0.027046841391385138,0.030668222234509657,0.040733387052721386,0.004805370904596162,-0.03933020754864601,-0.005954768186291249,0.02164179219622481,-0.005877316545252997,0.002277271834112528,0.008704329142348324,0.016066670549130788,0.013567576419330261,-0.0006533622998252452,0.022004268562274824,0.027603724046201795,0.013476027391256404,-0.00787446852213106,-0.022423685781639533
1.9801490380580264,1.9396351247876278,1.6953335184219673,1.9622487873563637,-0.03361915447944266,-0.0003290392750341651,-0.006639396374708538,0.03125657682653352,-0.018063800047566882,-0.0009469395914402869,0.005683514737954887,0.011671013711018481,-0.0074580775944936015,-0.015437824342506725,-0.005031863456800054,0.028993303068172247,-0.008182923735057404,-0.018193725081346077,0.02092668946190481,0.0015861129644720246,0.020057729652067004,-0.02605188845489254,0.013944895001074578,0.014057378309168488,0.017728623503532458,0.027778975433416193,0.01742470860273903,0.010085381988360424,-0.003830591101282824,-0.00018491615958577022,-0.016529830920632503,-0.022320189966310883,-0.007115024211981663,-0.004906149887614559,-0.008866132264860965,0.012821515635842379,0.01242523574489743,0.003363964004795495,0.010208630852083199,0.04797301934226449,0.00026513522052306243,-0.032263194121891756
1.9730051645896363,2.0153610469646663,1.9544233983310135,2.091888867079062,-0.03272173670952452,-0.0029599276490114516,-0.03628857411477225,0.020748669297850172,-0.024675316233722308,-0.017081596194251564,0.024068687295202333,-0.02247565741377872,-0.018469279161116445,-0.010546120397199134,-0.017229053666556957,0.016678790164161975,0.021443008491303147,0.007826843830638542,0.014697299157138419,0.019275528296510563,-0.007844496947465307,-0.04453754270062939,0.009665409553810093,0.0077745866003317175,0.019781140009767068,-0.020067978132674955,0.0021035881082637053,0.01492929731985873,-0.04697853072440658,0.017057331951792924,0.004419152761000367,0.04757523320465441,-0.02939556991581564,-0.03929412623669456,-0.04306995392754286,0.010907638860786401,-0.018428835517631543,0.021213173903501865,-0.016267102048675774,0.023445331536855973,0.02327420798984143,-0.013343050327004778
1.9892766313844923,2.0211619775988945,1.762690534885667,1.7075578827988895,-0.012304785903243767,-0.031356031902844216,0.000552818908217654,-0.01698962889194135,-0.001487459636612632,-0.012051734859598193,-0.00045587065869726225,0.01631723880175006,-0.03919265698684127,-0.03370659134079079,0.0030594832968705602,-0.022973015936476403,0.0007733795204638934,0.021472033159927444,0.04302945900430492,-0.038892254474222704,-0.01489706091601428,-0.02793178384577953,0.012278411529380983,-0.01803726631475939,0.027909873625180128,-0.017118296268376895,0.0404769327514842,0.03522001571055278,0.0002854090286021985,0.0034548441977267997,0.0028181829194548103,-0.021332931165394274,-0.01324948644396106,-0.05204949267281233,0.015100885041477712,0.007084093755006806,0.021558561949567397,0.024178206280361624,0.009402153689342744,-0.00313416609715831,0.007401043354185936,0.020052513488873294
2.040565853885841,2.18334577204198,2.0042530286520326,1.8412390826572151,0.011961780662482274,-0.0054164350409272675,0.012488881056868571,0.01633086293749309,0.013685646579734225,-0.04945364428939083,0.02809000980978029,0.023326969024020722,0.012522220752050593,-0.02532117974938967,-0.025045261076158058,-0.019276031227248906,0.04402451988393409,0.021401111832020137,-0.008837048018229075,-0.020160343532347445,-0.0058061117527965535,0.021353509564459586,0.01472515268844655,0.025255303365677037,-0.007896761669371232,0.01837437063536626,0.03736532966908509,-0.03353380093614603,-0.024978743652155397,0.00459233444454627,0.027631412297130717,-0.0084072671316726,0.0052211751689180685,0.019033092849487006,-0.039094615695207564,0.012656695971774412,0.003569514066878439,0.04165397249598236,-0.01889961807443222,-0.003195422175852955,-0.026108214709439092,-0.016034465831546867
2.1275953287728266,1.9892595326864444,1.9013408303395927,1.930673125188896,0.026606812340578045,-0.030310051665136107,0.011557373852864282,0.020204660162887647,0.05266789012865834,0.035637514285789554,0.037720325855644984,0.03632629828298287,-0.020923844061723085,-0.03250039085518852,-0.005014420386638278,0.02181286686962987,0.02420537005825045,-0.0036256791899538683,0.015261767308427083,0.02453021018438362,-0.018370449698579785,0.011192569772067073,0.00041935376356364164,-0.004794144447551718,0.036894800703246584,0.010343153514505633,-0.03279368612760786,-0.008717761104668093,0.049133476698333525,0.0022792997795568447,-0.009307428971122687,-0.010744563897968473,-0.04438030038465279,-0.027434719515266118,0.03611873164855126,0.007799136280834701,0.011905827320333873,0.036694756611930716,-0.030270578300162346,0.0280267954357342,-0.04223790534006056,0.031613476100403604
