gfs-wave-data.json
{"header": {"parameterCategory":2,"parameterNumber":3,"dx":2.5,"dy":2.5,"nx":144,"ny":73,"la1":90.0,"la2":-90.0,"lo1":0.0,"lo2":357.5}, "data":
[rows 38 to 56 of 73, columns 84 to 125 of 144]
-0.8503068418320774,-0.8558867337383725,-0.9177074756468607,-1.0228107918280498,-0.9479960067493576,-0.8094368918175994,-0.7211371329672928,-0.6380066315337531,-0.4019759080891555,-0.554909446961789,-0.17191766860346944,-0.22558225683501748,0.055345192484511155,0.18245147926441563,0.3700319087349183,0.27324599615283274,0.5048103370443905,0.5731187155646749,0.7551968292466801,0.7199004743441918,0.6343917851232688,0.7747172010560688,0.6835640290830622,0.6670402162485123,0.6877455101385389,0.4993187207281932,0.651731658384094,0.5365665372073153,0.4517286964716292,0.2987945938281094,0.32205983999257976,0.41167745186464066,0.20735757067925648,0.18142234163792628,0.1322696164869605,0.12142760918999777,-0.023524314410223457,-0.01806144931065581,-0.13740489867529432,-0.11806390086595554,-0.12443614648405123,-0.23459003757908153
-0.9598428223554495,-0.9897545236279834,-0.9598094792621563,-0.8054049483850901,-0.8098756651589888,-0.8059560167220214,-0.7908632837173595,-0.7069627070243317,-0.60723045496832,-0.4649307231479467,-0.18251399186122272,0.00810039053034206,-0.10719074774100476,0.028154245792887053,0.39472266901954434,0.4990474660242519,0.39315547161340997,0.4583694062855611,0.7149720140355234,0.6154547615241444,0.5610328764625506,0.7994443838871524,0.8098378970213221,0.6337928112076122,0.6310168077517259,0.5631258745284619,0.5427460325291262,0.4785083244685651,0.5283091289833721,0.4120518683911698,0.37442168991599434,0.36670862626579054,0.2461700265417514,0.20573350085549819,0.08232072157863693,0.04243919062895437,-0.038444398203698264,-0.08348815464021958,-0.04081576765523529,-0.09591756043012686,-0.22527204007348142,-0.22218744025647588
-0.9970545157421373,-0.9104240640334331,-0.872669741836542,-0.7883945394403795,-1.027128792519129,-0.881126355505925,-0.9160102932025701,-0.7635212206271923,-0.6285068905823339,-0.4754541779138333,-0.23787344237476535,0.014218964321430763,0.03113197545935105,0.33464231855265764,0.23883204767059843,0.4340929865850551,0.5712419113664903,0.5785683516927479,0.6656346479202739,0.6143183381935956,0.6470264878377626,0.6848119823870711,0.7407168390001344,0.6457277670017965,0.6626832181557623,0.5928945346813376,0.691420605879391,0.6146879346225648,0.4434445606561223,0.40187836719188624,0.48700278802096775,0.28779809225149433,0.3534986653721509,0.1954781090365442,0.20748483379493357,0.059975697411626804,0.023227973147975044,-0.06694928639759302,-0.05933877434919869,-0.17839208390282205,-0.1450718277312284,-0.1676715829324425
-1.0725225514552024,-0.848938939027825,-0.9900184796128415,-0.9731734161687129,-0.8401482229866672,-0.9010618288380416,-0.7173736257826704,-0.6947787203227452,-0.44265963565219046,-0.3008710369691278,-0.18770718189949617,-0.16866565277662143,0.04851620576953249,-0.0011987507554318687,0.3914954928665441,0.3821423395274648,0.6214776043206741,0.4741999425847812,0.7424232623183619,0.7631967586505349,0.7515909117198317,0.6732445353044637,0.7311154944715544,0.6666028271501618,0.7940454555969206,0.6530492096189617,0.5461253274297814,0.4235458715006501,0.4260890896823059,0.4430362405925368,0.4287482905974945,0.2589197170399952,0.2980329535302996,0.1315838627335727,0.1458327615188642,0.0761834268002229,0.02598138070258065,-0.04733077296138401,-0.12336234261016356,-0.22569068265322045,-0.20247931121500357,-0.22174023177489377
-0.20939955892131537,-0.2270977235963602,-0.2890246982498575,-0.1919481564357265,-0.35787629996515496,-0.2134251110912143,-0.2732577207937822,-0.2835502068135013,-0.3083006608949578,-0.28810809737292087,-0.36028105318836423,-0.3075096803087736,-0.3184557826521433,-0.3618599719900662,-0.20051811188893115,-0.36406637522584717,-0.28795808859656574,-0.3247856306154898,-0.2617941835479727,-0.2656298978275951,-0.30030780784508976,-0.2378962217321372,-0.32785321130949435,-0.2839115720459896,-0.2581171837318619,-0.37672001007373906,-0.34455298117063254,-0.210506743859851,-0.3051149072270661,-0.35295588688615037,-0.21000060396189452,-0.2303531649167009,-0.21058107868016712,-0.19722037205008178,-0.2554279140314989,-0.3247974030199125,-0.33955959496609056,-0.3770522327180729,-0.2588401840802552,-0.27489661285088507,-0.24310743588165235,-0.2875041680928
0.5555221689998221,0.4787097156638441,0.3522915758578876,0.2826591106900213,0.40355979528616603,0.4500171138521353,0.3541178946621328,0.1510652508690572,0.20472015137645655,0.45742854437596436,0.304923091032132,0.1884093837230852,0.32577775758926336,0.2742543580770208,0.1236944646073441,0.15365685015066374,0.2049529232029697,0.07333114555672346,0.04995178881744827,0.32874792018106513,0.03661587629089981,0.25222334218400055,0.19349451229421616,0.19931755180442137,0.06599118682021683,0.029230820580814654,0.22705800918844615,0.2593107277235689,0.01809695060416616,0.15238381239591053,0.10269710639486097,0.07981049592889294,0.21034178028996922,0.07315802858965552,0.16036617056283115,0.24320003199738596,0.26560758582513616,0.22887723245927274,0.05984568185688224,0.10140636568500393,0.17852751516941456,0.2730539959181478
0.24391670196950843,0.5012889933001279,0.5257038348842186,0.5018841926985055,0.350763202600328,0.2198619204650775,0.40517809556437173,0.3798224080265095,0.2754153581796553,0.29064201337095746,0.3620640806920526,0.18601321491328582,0.10288534061464923,0.11798695864672339,0.12366211877594196,0.3443186924724789,0.2840129268670394,0.1779037958419825,0.086289698672812,0.06051563065104684,0.025466554526662466,0.29086232439430765,0.11373354424429778,0.24269980176539663,0.27523750625321575,0.11201674332558807,0.011199626992558035,0.2616462982025681,0.01698882176678812,0.037955355958112016,0.0850647999023101,0.20907340130661256,0.1986618879983135,0.09301305382015394,0.15687196106296375,0.2468127674268468,0.2202169547925974,0.18143292445275946,0.23365838310259432,0.21069702249931813,0.16569210546927352,0.24587594270075172
0.2540330851160036,0.6432534829788085,0.6004075155074889,0.35185253476002537,0.48549511237805765,0.533921183573124,0.2855726068723479,0.1576441759331336,0.32450497320652855,0.211157909645802,0.09370023062944635,0.3386825380704285,0.2899218808400526,0.045876781313165145,0.08062761823283077,0.06695459423061233,0.11070192533540792,0.2122418276746402,0.3143115711890571,0.15356967356661771,0.14095662013308127,0.03842000711137074,0.22586245469246777,0.1175290055564665,0.185897701926411,0.058300256715690876,0.17572939932667173,0.07627186178808612,0.2498626517170712,0.21329802790709515,0.14147686165503956,0.02170351666211309,0.09948375972153395,0.1777825535503835,0.1610612173618753,0.05349555614323903,0.07193944352638242,0.10418317427448297,0.21386748030557517,0.23444659625142106,0.34669248330295366,0.2480902894123349
0.27811342475379913,0.5698972579023387,0.2646644056537421,0.3498011249218468,0.4295664448219135,0.20121401657094032,0.38989316709090743,0.44748885016556167,0.18827775799251498,0.3077268215568106,0.3570589433561337,0.12730732577353718,0.14069467011624154,0.31722542522495145,0.3813346671316384,0.10792340751887025,0.09489703650706194,0.2745753618636536,0.19686586299324207,0.2689505225292464,0.24921066429646618,0.24147208968858253,0.13496749595080537,0.23365472809135668,0.24138066885824452,0.2771048756742183,0.10418847228005418,0.04995589793015656,0.10452303153596297,0.17338095546454774,0.15694278361003902,0.039420226149746586,0.12634957610562317,0.1913788549051688,0.0385462583779292,0.10238769448665458,0.18446036600738078,0.3511837276518176,0.2086253764253101,0.2964810957534917,0.19052990303813463,0.23717818541862526
0.39255498388952564,0.29457710415407873,0.19873238319134834,0.5153006745112708,0.5318688515068041,0.19104452209868306,0.45308155193689004,0.18058364109275477,0.23042781942922783,0.1892611430880542,0.3411733497439724,0.38637998635606147,0.36613095379657273,0.11921792401375152,0.29927205187423345,0.29724302957367693,0.3378852281841855,0.2539041862794003,0.24967303101341606,0.3075567507623338,0.2349355861957228,0.0803756006446449,0.2729003945800408,0.15582803430257217,0.1676752393722244,0.10305190208394997,0.010750020596400447,0.0067973410669446436,0.2063757436854559,0.2598724513714057,0.015302708291314316,0.21135471432996383,0.17049567973581256,0.22795136313726172,0.18204298797601412,0.19497998710181103,0.264279747616739,0.05165385493239334,0.3374799067670412,0.1363108741755345,0.18167517644809533,0.29634720597430053
-0.35063065536258925,-0.4193909512991842,-0.35350809325758115,-0.44570358373519064,-0.38774005255979077,-0.41862250364983944,-0.32225410725761783,-0.3150801373945514,-0.4479655696974351,-0.3194996456905746,-0.3993851810748721,-0.4496080506586866,-0.34392127839334785,-0.4040983434453514,-0.29520246345614104,-0.3837811387089111,-0.41431217514716223,-0.4483539292674268,-0.3968697639734255,-0.4297508151879297,-0.44147464463934954,-0.3634382120372356,-0.39625923581210426,-0.2790984359937057,-0.35549205066084844,-0.4373201752285654,-0.3196031859983913,-0.39661052218266996,-0.276041062440777,-0.3134729698201924,-0.3215157652752503,-0.4013042971115461,-0.3977878486944131,-0.26910097891047036,-0.3555608651696882,-0.261384380468997,-0.3066949963243274,-0.38030226916604076,-0.275824870178776,-0.35201270711962296,-0.41314601807396073,-0.3463674093207635
-0.36209910540077644,-0.41970569636778515,-0.5535819142212554,-0.3676758958031414,-0.5525394055284791,-0.46143102243078904,-0.4080449005833508,-0.5562537580466576,-0.44671557568452747,-0.5813934410152392,-0.5301474283463473,-0.4191206394380436,-0.39447909524129304,-0.30667238516315715,-0.31075098785437677,-0.44462476216551866,-0.4018872981573653,-0.1723484021396249,-0.36104325831555373,-0.16189078697662979,-0.06689083133923089,-0.29303281311356366,-0.10403049154751479,-0.07233817322051468,-0.14278818769237528,-0.05578027135238349,0.2661457699363048,-0.010165794294706426,0.16781028859618222,0.4267730241744718,0.2777822657823511,0.20809085175918443,0.2871363270281676,0.46365087650203496,0.6805402535952542,0.38561513294016664,0.5765297531918273,0.47433372257277984,0.6777747235122441,0.7792258333351033,0.5835745458214607,0.5674503530118127
-0.5355144336839024,-0.6573287306476223,-0.35976293412824467,-0.583759151247068,-0.6140529039113727,-0.6327249480050843,-0.43142607479611583,-0.5532575435566873,-0.4605456131103336,-0.5275942658976014,-0.5309248848431826,-0.4269347977001242,-0.48582935483085865,-0.2934720775614823,-0.49084926511478727,-0.26425469515100786,-0.17763950267389306,-0.42935455596126354,-0.31792558205658966,-0.3650796364008468,-0.23081374487433381,0.015380471564498413,0.034119463268971265,-0.17742877243993196,-0.00949658146190133,0.22761014822155767,-0.039845443189713,0.10769707544850768,0.31840563961958585,0.42759739916259604,0.4235230276147596,0.3776956515929546,0.41659990642755684,0.43360989070591505,0.33380449516027355,0.5128884333916353,0.7353008776124269,0.7250211203298342,0.5204638895484955,0.48103875301562865,0.6104003302299974,0.8040391035910044
-0.33806870930627697,-0.4117353935352003,-0.5869579404454335,-0.5813135806747676,-0.32373823480950437,-0.47348303312238454,-0.3975400756650989,-0.47534618397718437,-0.4706299677798106,-0.32941897381814883,-0.5119728776646997,-0.496887765384322,-0.40611895892304023,-0.24175641237486592,-0.40465705680357283,-0.428077041420898,-0.16973735228608922,-0.2203214132039863,-0.406082966600521,-0.3101841947001822,-0.3416979019197498,-0.13872790059799042,-0.01114138318413659,0.0880121791823285,0.03081024238177462,0.1876008418044647,0.24914787695621915,0.32884158977602707,0.2266528744422832,0.39581086423094597,0.485130120506022,0.511943109718944,0.3445886761705171,0.5879381391857408,0.5456304431783161,0.38556088633936103,0.8138166415229331,0.46118272853945536,0.7457248061099467,0.4907867541607802,0.9365344981508976,0.5214300611933588
-0.39460519851951437,-0.4438797664622634,-0.4637799718780669,-0.35624387961139864,-0.4536677535206692,-0.39625495506462777,-0.32386428802129963,-0.29493662496211803,-0.30183459210015834,-0.4657321603798486,-0.344469781174659,-0.3042690619299067,-0.2990930747772892,-0.3716078049876664,-0.4194973064244153,-0.30510926930801613,-0.3146283283553309,-0.36194838537251633,-0.42109257629085955,-0.4351331118679151,-0.4106907700922052,-0.4387123968053375,-0.4704387241861903,-0.4685215314281794,-0.4717594948101842,-0.32247704862339066,-0.4249772169031604,-0.3863137104275096,-0.3272824270027221,-0.34908344620797277,-0.4737559979560573,-0.37254537896627177,-0.4306880828050354,-0.46971353514666264,-0.47522826660507356,-0.3135092167838585,-0.4252533822614358,-0.31416367862786176,-0.3876390868183454,-0.3018051476083093,-0.38271610094909375,-0.45159289637915556
-0.6920724766206431,-0.8988476930948599,-0.7325983363412021,-1.0666785141519857,-0.6196858977457088,-0.879805733312287,-0.8071949604946779,-0.7597393795487795,-0.779583981789597,-0.5556511525767098,-0.8739219716329417,-0.791495513601337,-0.6723434975590574,-0.8316707335610093,-0.6850012583843539,-0.662348749293463,-0.5210540379874913,-0.22731290903110604,-0.5022884415280109,-0.38273636020979546,-0.21392727404888928,-0.3185977355043561,-0.03964052159083273,-0.2913098664514852,-0.17818180240993647,0.049776102125854926,0.016959086900810157,0.30524634913063037,0.19480006917325537,0.2636426132119955,0.31633158293394986,0.48072371054212154,0.24037854962544378,0.37216027799429524,0.666029998128793,0.5670641116014028,0.6161815547198987,0.5582851099873314,0.5971624792410598,0.867899611554315,0.9581217194332698,0.7760054128211995
-0.960787615759605,-0.6003135908494064,-0.5643293061124949,-0.9525582829273891,-0.953380285870889,-0.5904005772605905,-0.8653997886636645,-0.9376355089703892,-0.718126910554162,-0.6053350218358116,-0.713633300674059,-0.4855830717950894,-0.7987364941946534,-0.4978699365753205,-0.7012941221170083,-0.4312467037578648,-0.399195124254192,-0.2755916816607014,-0.39886206396709184,-0.4975941489739116,-0.06340925954887501,-0.3115855261180101,-0.08783678775396654,-0.055050677386444195,0.057482696388203615,0.29462049891518804,0.24656166052430833,0.2532192023077282,0.10812958951215575,0.40508852817926705,0.25199703741449014,0.4838775064113595,0.6727313486153225,0.6381796862254338,0.38744381736566164,0.6576200546104122,0.5129733270071731,0.8126741303558518,0.736722122484525,0.8573701846931403,0.613528927530588,0.8455808375931871
-0.5479015248114646,-1.0551816745295297,-0.7506068060998297,-1.0171352093317425,-0.8939204845124276,-0.5829769218998958,-0.787772679212289,-0.8970754694589702,-0.8948045375966124,-0.7491232019802061,-0.6462141528959889,-0.5640474699105014,-0.7376823420513433,-0.6822210364116301,-0.4814203431051207,-0.40817118195721114,-0.4301554282976848,-0.31846927080227944,-0.4763657726144759,-0.2081425036864764,-0.05585747059509593,-0.061880875979639156,-0.25492314849460784,-0.2024314070403113,0.19081834135846557,0.04785947528023355,-0.057809715126341456,0.4148707364854083,0.39312631006444904,0.36750188272379725,0.3086157324766218,0.20747429554974414,0.6929462140206415,0.3046249878162692,0.6881485703836561,0.5529529972039338,0.692911000016802,0.7179779757566889,0.7115687457466954,0.740983328010386,0.7846959609221217,0.6187202034597195
-0.6467120384430086,-0.6160717942767809,-1.017619945393401,-0.8341157714379686,-0.7258509581422208,-0.9859505432223775,-0.9392793932338589,-0.9426317187588904,-0.8261830994346117,-0.6728847527937765,-0.5275223305194936,-0.6191195464320565,-0.48940319713972846,-0.5204918024708316,-0.4197926992114236,-0.7517533949381403,-0.6144487902356869,-0.5140185454948483,-0.3945957420043195,-0.4913942907085837,-0.11388874645731704,-0.12948606847521624,-0.18626422569443699,-0.019899812370856296,-0.0759900858941383,-0.09933660764554555,0.29633633013194305,0.01712417009631842,0.4111628697719773,0.30003414789975025,0.32784922783510206,0.5235402384826692,0.5737816856837118,0.3581574716183414,0.4618416230148948,0.7040719807586985,0.46188891587937975,0.8710179794182599,0.5662911774733146,0.880160428101903,0.9598467976998944,1.0167802516792668
