gfs-wave-data.json
{"header": {"parameterCategory":2,"parameterNumber":2,"dx":2.5,"dy":2.5,"nx":144,"ny":73,"la1":90.0,"la2":-90.0,"lo1":0.0,"lo2":357.5}, "data":
[rows 0 to 17 of 73, columns 0 to 41 of 144]
0.4745980045844457,0.6735734707110584,0.6661150354809169,0.5739707405547122,0.4815626359465041,0.5512645946555241,0.42692774518920795,0.35949378016686956,0.4298892443787205,0.30057820563783166,0.32647693557844604,0.12473415866906737,0.13549712373541473,-0.03855486064075632,-0.19675716222096706,-0.26707465795191776,-0.47266416295971697,-0.4065527076776871,-0.5131195031770913,-0.7099328629402583,-0.8276049754192066,-0.7472324964282814,-0.8929803704534187,-0.7379035687947977,-0.6845651947899406,-0.8588674800522137,-0.7169659461558722,-0.7857403453545595,-0.6651128829868889,-0.7295128909920447,-0.46285185751872415,-0.3525480271231089,-0.44495692022418465,-0.32297977708002007,-0.07484759237432075,-0.18151061961882142,-0.006471838449751147,0.15781875808566284,0.22241288986058894,0.2520477201902374,0.2548123813252736,0.29507089078488374
0.5133492722889659,0.6102134995282927,0.536534386417,0.5379472990908665,0.5450939393730757,0.6229287342993803,0.4555651524859745,0.3727761680270783,0.45906545883228783,0.43457403922467974,0.1382580490038567,0.23838094420926742,0.0389114195792935,-0.14494580067820698,-0.30785588150881815,-0.37822740590679554,-0.3610084378729872,-0.586230649931046,-0.4671132069114009,-0.6400464177207206,-0.662255017102396,-0.8198278761393809,-0.7504021010932801,-0.6756228555229813,-0.7161937936715344,-0.8352902584994641,-0.7249991642157108,-0.7654667631420438,-0.5959593717066891,-0.6380592147282034,-0.4933912362684938,-0.3838525441224265,-0.4083935084867305,-0.38743098642547763,-0.15416917780454537,-0.07447062264037488,-0.006316462345004815,0.0685889798317566,0.08910010428293097,0.21268200885272437,0.24687013346182538,0.34490070594151523
0.6060465345732235,0.5267658542858573,0.5362343185606033,0.5655716739887962,0.49678713356535875,0.567257688044507,0.5391008340148091,0.3937318386290003,0.46253095643689474,0.196188631893945,0.3233709472994201,0.2011824908078129,-0.14426210629357986,-0.047203566134605295,-0.26376616145923026,-0.4639173349832564,-0.31205439263897955,-0.548235236349431,-0.6525010176077668,-0.6313941218886259,-0.7833055045007501,-0.6769469449853172,-0.8632502953164606,-0.8408546718010316,-0.7070390608525895,-0.7204095345159685,-0.6686913340305376,-0.778387342426858,-0.6509444643044358,-0.5808915787400917,-0.5116680713565853,-0.40062379089112665,-0.25128242256814143,-0.3250807826428958,-0.17740738485554924,-0.12012973897405385,0.02610641308088586,0.0414435279288059,0.15742788399045965,0.20976408616349745,0.20448408158609468,0.31348354047323496
0.6060162090714587,0.5395392896766296,0.6400180564619473,0.5705749194526583,0.5030327883966904,0.5832011778498377,0.42741135863333685,0.39391395974066046,0.3342677077797979,0.26614645539441384,0.12864963852367436,0.17562153970799543,-0.11248140419747324,-0.048792494202736375,-0.20591039050853557,-0.27324424284150434,-0.5529644670311296,-0.457478508777267,-0.6276703567461703,-0.6050242109519812,-0.7282968006908768,-0.6026321907024986,-0.6092057367049208,-0.7925688630373501,-0.7221258391641925,-0.6430900511679422,-0.6701476783432123,-0.6519815170305128,-0.6249425114866619,-0.5623644129239392,-0.5373548405335993,-0.5520944762592148,-0.48103196119989117,-0.3310502660233876,-0.1650862641729268,0.010870564649393854,-0.023969622489321593,0.0025236202892979422,0.18430882056979236,0.2177154421163212,0.2684867762771023,0.34462344453400595
0.6178995939315041,0.6289376292131587,0.6290748732848928,0.4816478300775957,0.5506274136417684,0.49701128631920183,0.4694451301424034,0.3311262273937434,0.36304320155552167,0.43525897362967975,0.3086446454118209,0.2020247020314795,0.1149882333494473,-0.18723164504706238,-0.17031747044795104,-0.2124213989315531,-0.37465881974632315,-0.49660274473127275,-0.6055663799577199,-0.5793449232393654,-0.5502994998838003,-0.774392034714211,-0.6869221704794135,-0.8233315815717583,-0.7460421347611902,-0.7966478164558146,-0.6970435934254792,-0.7172595005738518,-0.650400363554835,-0.6340460279128445,-0.4201409965968483,-0.5128914670051941,-0.34156637851696886,-0.38995173152712215,-0.2822195956158193,-0.0359687265783866,-0.0972235561665469,0.1584079482861184,0.09922285044501122,0.15852470365534055,0.1717220942527155,0.3988673881109321
0.5466853265216628,0.6180626733677809,0.672120855423121,0.6880347706254584,0.5580707529696619,0.6430826831735172,0.49893456677525255,0.3643273363702169,0.2833898109261432,0.23956519454543854,0.1711986224693689,0.041218291945758885,0.016768046885255565,-0.2318640882092347,-0.3454439263999666,-0.37560027621171466,-0.3210552013674576,-0.5504258961875687,-0.6080270721960315,-0.5889932213793132,-0.5555830197725375,-0.6586071176873144,-0.6688205173006944,-0.8028344373522621,-0.6625229748121091,-0.7425654518109326,-0.7453602689577556,-0.6840646352158615,-0.5864045441413623,-0.5638557198970351,-0.4445889420881772,-0.44447573813543484,-0.4261782324782712,-0.28783843887779953,-0.08426088974388436,-0.06789961894790035,0.05857076363993887,-0.0076058390904571544,0.14483662524926494,0.17032036501618714,0.3117853462825243,0.21077465271819956
0.5915757019588205,0.6000019228114092,0.6697656481650788,0.5130533837531278,0.6622851670557748,0.5213468287018076,0.5193486973851364,0.4754779880784853,0.44271749200900584,0.2320217376272173,0.3040619467992516,0.030132193048479135,-0.05850829182483065,-0.22387998726411315,-0.31190461217252186,-0.4756705484523798,-0.436156095899046,-0.5820266829543099,-0.6396772710676062,-0.6488077358907853,-0.6174333625422512,-0.7404407608655075,-0.7367966107788525,-0.6631715621848787,-0.7105952511033548,-0.6645599452624965,-0.6399491324803265,-0.5195550567791117,-0.5775025275376218,-0.5096361164245559,-0.38560282940788365,-0.5525295197949444,-0.3977811180901508,-0.31732559834728535,-0.06566040317876932,-0.20613959892964145,0.0412129273224615,0.023691505747827846,0.09408866799261438,0.25867645540823375,0.23701086814473846,0.2719851636949377
0.5762387841687238,0.49185299375598546,0.6379061953886487,0.6206165829077589,0.5295262161842149,0.5531481942968045,0.5226013499217781,0.3609625839139264,0.3496680227196983,0.36619691617613137,0.3165773328084085,-0.0156937731058251,-0.07935751755143688,-0.0429316563635673,-0.36031099586471194,-0.4623181101257975,-0.4805532871962109,-0.3861059851543064,-0.5449617913785253,-0.5064481720771399,-0.6731479599930276,-0.6294646778815759,-0.6692456612692574,-0.6991928582891985,-0.7151989011385415,-0.7246783815892935,-0.6448946830720794,-0.577755346302596,-0.5694529177858199,-0.5250754624799809,-0.47503166801107316,-0.4871912000258726,-0.21896525295194935,-0.2797741132067293,-0.24373806474704976,0.020290511254594662,-0.012446554064339786,0.07012551224882745,0.10763220421131336,0.15013838596772613,0.34518397944655155,0.3108986681444895
0.59353924593862,0.6332758801658807,0.4803372247327199,0.5962441836598136,0.5061276293043795,0.5307234347617181,0.42508529376516124,0.3707313396478634,0.47739620942533467,0.2444583059435384,0.33344643081964825,0.2609604614064726,0.041466221510382255,-0.1364702629614373,-0.22960102429708593,-0.37847662082651606,-0.44740389411962567,-0.43728431264639306,-0.5118123639385592,-0.7933316030854405,-0.6824530159114162,-0.6746671221378997,-0.7326484638300654,-0.748109205416494,-0.7176358140077035,-0.5891250188211558,-0.6857628013519768,-0.6480159005871075,-0.5832236698456941,-0.5491652734564643,-0.4970186237448727,-0.524202458679439,-0.34926107629198266,-0.18447099812841827,-0.16008577694254167,-0.16795158963848658,-0.0958462361353366,0.0984396099486249,0.08906167349281313,0.2000539488295961,0.32698848728150803,0.2992735544297785
0.5281424645660453,0.6059498347144546,0.5592164298761577,0.5514165075942521,0.6320385652854382,0.5078120016809375,0.5118396035266463,0.41492982156512154,0.3965210406948337,0.3550496901459367,0.2693283368321946,-0.024259566136424764,0.09096858889328362,-0.09288964448788686,-0.2130388787254936,-0.44408484226539097,-0.5550160956442268,-0.5055803948408149,-0.5336298854707607,-0.6979765188461781,-0.6910543801109197,-0.6063765759070274,-0.6974906519371077,-0.817506578558976,-0.6748700840071863,-0.6409182329113574,-0.6800342735152933,-0.7674110497236523,-0.585824167676147,-0.6524237262777336,-0.4693012059962369,-0.4384334680648077,-0.34730757351574987,-0.22198373231586171,-0.0672148184888411,-0.17775025647820847,-0.09193964342253809,0.13788354074164513,0.2192815639369186,0.18950650994854462,0.271416942351203,0.22373709862226562
0.47104322110666685,0.44098157473430294,0.5661372623627182,0.5028746752668803,0.502205204536234,0.5266028250602491,0.46240826903998994,0.41673989872505257,0.38190296710407673,0.33640046442499416,0.12936747897882417,0.2206491721882971,0.09784168513071086,-0.17237837155573027,-0.18426870351425734,-0.30641823163423243,-0.34190214482725545,-0.5625091640266155,-0.509867372682434,-0.6733495438887894,-0.6519138785503551,-0.6640210174443062,-0.6000654540254893,-0.6356403238775942,-0.7498908793759256,-0.7531711029604207,-0.6813842382292402,-0.6240485381612151,-0.6727678104068472,-0.47118214170128714,-0.43807724057943576,-0.3347808213491303,-0.2999082441418008,-0.17227437457305225,-0.21075283992037336,-0.012687497419077095,0.02322003552190865,0.04676994404089243,0.1258700017277001,0.23716045257399263,0.32409889532307246,0.2571626699552262
0.4708358966633964,0.5188392162328992,0.4699548708503661,0.6013216200480037,0.474128413802329,0.5362856215135531,0.4680704984927399,0.45952583483806886,0.25283873370097004,0.3377881420246383,0.3005444214975108,0.16458153976575435,0.09575346546828546,0.027492291127140484,-0.11317175260015515,-0.19717860338075918,-0.3268862916789666,-0.561506476723822,-0.5782469420916844,-0.6119871497924807,-0.7935918906215582,-0.7339539300221227,-0.6898119797057926,-0.7452095502575662,-0.6913134020106411,-0.7230729799527664,-0.6042888547282198,-0.5690716820508888,-0.7064102194619706,-0.6624726102023551,-0.526700001456078,-0.45918497139566167,-0.40261013176463517,-0.19089726922873212,-0.1564324985002879,0.002559310513590965,-0.01589732710943818,0.17304773624924397,0.15268006277301527,0.24995649817353413,0.3460768382055091,0.3653484540684808
-0.002252972812420294,-0.024561783096894406,0.014568271902774018,0.04079206386779615,-0.023304856868014628,-0.057873177994343813,0.03240745913436244,-0.0014271873636135456,0.03435456040876234,0.002163678849339645,-0.00609824864288175,-0.041089140011248304,-0.0009735250503338337,-0.045160461869664416,0.032977318742289714,-0.016277926934745036,0.011033733017535508,0.023509670353286386,0.027230664594693567,-0.03385023462268147,-0.05877832338601415,-0.019565650420897904,-0.02424817397021853,0.05969517500322029,0.012432244877094854,-0.04114427946999375,-0.0009574138669032558,-0.010225301646229746,-0.03468323555426004,0.013435323206183885,0.010380511971434142,-0.020357878319606504,0.02884620330446475,0.02556623796503458,-0.04321062502813469,-0.03325054734331088,0.062459618996264926,-0.019738189282634263,-0.03370115025852908,0.015402143760644506,0.03878817429298499,0.018905799704335285
1.63663516519881,1.3783013440291099,1.6751017485890594,1.5209504702478023,-0.014413244411776261,-0.02614220529835979,0.007088900377986321,-0.01321672648818414,-0.003234416392614976,-0.03156699689660038,-0.0017141467344963036,-0.03355360727963641,-0.046574160908769154,-0.018421214499744903,-0.012914705822088882,-0.05295479336514092,-0.016668544192948057,-0.027586768528469564,0.0043374797162032755,-0.041790187364257055,0.015170807121636352,0.03151338216814462,-0.053534693563811166,0.04272062003068693,0.028328854833735703,-0.024136022752415415,0.03432413455835709,-0.02167046444356879,0.03650962787578699,0.03786420468816866,0.037151349471626585,-0.062376634483289777,-0.028369163172771255,0.020572390672627672,-0.004353411819153254,-0.014660065729920223,-0.03694919133494611,0.05406314628504658,-0.03601213014460891,-0.012367970310560807,-0.04228108132083462,-0.008681470719359272
1.4179506951172058,1.3047935935895036,1.6013209743636245,1.4940131245998303,0.017734856706308023,-0.018104181014587568,-0.016279161322612104,0.03434415977770769,0.018580256696433133,-0.022973128633543144,-0.018553962749108924,0.027876737438891828,0.025814311101082434,0.020157947452348834,0.0289182908731979,-0.010629400840309123,-0.014337866044225921,-0.008410510126857191,0.0040663134037865365,0.022273169657479712,-0.016047169050108633,-0.017165207773878036,0.027767941973359196,0.03460913060994467,0.054068354634957266,0.06025971364836201,-0.006241261978668575,0.049274732070039295,-0.014399452971190756,0.04878304301302479,0.01996215008141082,0.010145514231594379,0.02213229271023659,0.03468285576988108,-0.021669421184565645,0.014589376438257112,0.0025461497397831,-0.049272600114413485,-0.015706435617238026,-0.023878367388797367,0.01213415087836159,-0.02983279557407826
1.4050987337630687,1.5377544233779488,1.4426269720856382,1.6932444621512701,0.029042748371409063,0.04949372199833177,0.030260613149875718,-0.02752716665480648,-0.006475716167355255,0.007253694952954426,0.021286986042700743,-0.004269392146520213,0.006537899407082022,0.03077353799608,0.003512198778069925,0.020031293161119235,-0.04248729818201421,0.04932177653583264,-0.0152229585793957,-0.034683916062719325,-0.00038511299068157395,0.010352653927419431,0.014725031933097012,0.049949522193730424,-0.007435153967011051,0.016885430396553457,0.04158785717248442,0.0006290047672101859,0.02532157912455368,-0.020061924766643795,-0.01676056941616517,-0.04950971478422678,0.01591536214070438,-0.0007904612990643417,-0.02209906600925361,-0.026026320956926755,-0.03956610574743949,-0.0045158898456983485,-0.031038919595733634,0.024089485715859955,0.02983214671108021,0.015904068296334957
1.2897121191410756,1.4718139813301496,1.5490135822161248,1.2382737349656783,-0.015334717747159892,-0.043140098105254834,0.043231059798596594,0.023955209535757777,0.016009907984968343,0.03609615071735142,-0.03095144239978278,-0.01760239776396513,0.007919097112208373,0.020481403231656793,0.004995130014019148,0.03729592694611334,0.0025109046991442572,0.03168242043434063,0.02730366217221614,-0.037673769595045876,0.05273057317228053,0.009162004361750563,-0.010037298410309044,-0.034743475809148515,0.019567844267723754,0.006347734858118689,0.021578252082686062,-0.03818714937712591,-0.02480757466790543,-0.0421291274357857,0.017236379018666738,0.0023576236747058507,0.061592070154366,-0.03232575146820754,-0.03145409568090333,-0.029919610812636645,0.003079986788860542,0.030744081387085335,-0.042298281703620405,0.03470143900936102,0.02088122319277528,0.040788610373149
1.4520910826974913,1.4565970313458239,1.12871756763888,1.6775303335599032,-0.04406636505157663,-0.0016491150297566403,-0.03064141607178108,0.0008114151196100184,0.04365240131555745,0.03721835681000431,0.00013795141417386345,-0.028532358696065976,-0.02469518948617983,-0.027656371598223966,-0.008390953707843998,-0.021211254699674765,0.033599770228822906,-0.009368880276329886,0.042428308772288106,-0.0012425364057142192,-0.0009357304781564273,-0.027828597145364817,-0.02072921513789549,-0.029809713164609525,0.03477260417480756,-0.02465437293915783,-0.005748369765647054,0.004468772454572958,-0.022685748344151924,0.0009240437902962023,0.011148556984166254,0.03955014442116624,-0.011662564386184019,0.00677899877501848,-0.004494807210692044,-0.01044128467972231,0.018754331059400563,-0.015676119363125185,0.013238179486410732,0.0408176022227557,0.008650041873413684,0.0034016946299129415
