gfs-wave-data.json
{"header": {"parameterCategory":2,"parameterNumber":3,"dx":2.5,"dy":2.5,"nx":144,"ny":73,"la1":90.0,"la2":-90.0,"lo1":0.0,"lo2":357.5}, "data":
[rows 19 to 37 of 73, columns 0 to 41 of 144]
1.8343336412175841,1.6667891786048838,1.5643946862654168,1.8484373099413551,-0.21672483816584234,-0.2804487070752112,-0.3168059300841829,-0.3187136497639393,-0.2667949925244825,-0.23539638997205548,-0.1771914165470057,-0.30043108955989684,-0.27218824011307646,-0.24092450192020176,-0.21055043378381536,-0.26482827888020344,-0.31053151162129067,-0.16921375486950854,-0.19284663301813634,-0.310792544929421,-0.22925419775131303,-0.15525172669696494,-0.3048407450726027,-0.3016598071849287,-0.25575739150463056,-0.2119430789217352,-0.13601304682071205,-0.2593021858500097,-0.24904990278805295,-0.2965792868476718,-0.3178382443422925,-0.13717277732819919,-0.21459109400564244,-0.3279035349741529,-0.27138103444657175,-0.13708967122313115,-0.19960341066639772,-0.15818122559522013,-0.3258030138957236,-0.19606479269292354,-0.2849353606647042,-0.2843254573989789
-0.222801720956494,-0.26579345240602004,-0.14335198161965249,-0.252583025374158,-0.19875901659325154,-0.1376098987220802,-0.19324545804017815,-0.2670873539616915,-0.3177201809405425,-0.14684683338135637,-0.18154713959781357,-0.1442687056232379,-0.12991855164400395,-0.16824810846467975,-0.3156565183046313,-0.19612312099767415,-0.12477910997621407,-0.29344131289022984,-0.2741255510452528,-0.27634667127175244,-0.2583001464038582,-0.22504824513972146,-0.24336196573827967,-0.17737798607214073,-0.1369160800427836,-0.19613643793150176,-0.20513165317166995,-0.277895736881903,-0.19039821775256827,-0.28012865310869933,-0.14476033699279747,-0.15687628951215776,-0.2991352737877069,-0.229514655906034,-0.26806906464925906,-0.12961196262614127,-0.14513565259286135,-0.14329679239411203,-0.19568499037172313,-0.3062380563178826,-0.16896662508430346,-0.18246695332040658
0.0011629627347180805,-0.233461638390231,-0.3451042490080398,-0.10359956336302156,-0.11838275680413436,-0.5153151973488426,-0.6209016216425894,-0.5267415713540731,-0.32866039295422245,-0.6547256801856389,-0.5889274586490746,-0.8010892713059229,-0.6273788907792508,-0.757085785461112,-0.6419368772927496,-0.8500064669072769,-0.5466722192517233,-0.5712536274753652,-0.6830527048639602,-0.7765911414690989,-0.485670838986644,-0.6486054860951525,-0.4866398079704438,-0.3969870904790084,-0.4173662624477968,-0.5753345325488614,-0.506879267805179,-0.568413641000354,-0.2886420344605304,-0.22977344720540377,-0.19551724954826943,-0.16621057239479262,-0.12249761688396717,-0.20929047201511683,-0.1109161076104313,-0.10906280417838919,-0.0232645119819982,0.020575996758372968,0.18415630771807093,0.18453271921523967,0.08185052164179714,0.29589624486713556
0.07712859609913801,-0.23906218928394696,-0.23617992503730276,-0.03342062399589823,-0.21809011248818594,-0.5483605984119266,-0.4053168283337978,-0.38664623273462767,-0.4400073489508644,-0.7157786254776209,-0.45745510239529463,-0.6725335718518758,-0.5047255553527003,-0.598694114640678,-0.6940988416606314,-0.8583035153241315,-0.48702453064208817,-0.5129719028800692,-0.46778839806589095,-0.530926978780209,-0.5325702891842318,-0.6296403401210678,-0.7784664730424786,-0.7094337700849267,-0.3614576235313715,-0.5695422801757758,-0.3717387766032044,-0.5267444269457946,-0.41779764548005355,-0.20235013371391994,-0.1689554122324197,-0.10921869390639746,-0.18569526918123155,-0.11310111757347126,-0.12895028233670197,-0.10399214390557059,0.10482853348311706,0.16351471156665512,0.1902581840649489,0.13879375263542887,0.021532364455754915,0.25156058287976163
0.14279897696050806,-0.030651003412700134,-0.11368560899741932,-0.0085611465961083,-0.19098176052157265,-0.16980277859963486,-0.6615037747426904,-0.5179408331940799,-0.5701114458791038,-0.35172829111933196,-0.766591106455639,-0.8495031019124502,-0.6009348482097155,-0.712684870307848,-0.8158047006141809,-0.5310843306330374,-0.5828182216637805,-0.6453261420390896,-0.5705295544017861,-0.8446584166168382,-0.5403193349359056,-0.8160639868083668,-0.3939605388244468,-0.5607277315817663,-0.3379722589116161,-0.4299803222553742,-0.2683732439523072,-0.5358402485631131,-0.2983436266914969,-0.507385621095483,-0.2747997855203766,-0.14851771197584804,-0.03280397676957321,-0.21320965935334185,-0.18622047986266035,0.11538772501150966,0.08247866666966272,0.05507033768974185,0.07879939875234061,0.22527295532825342,0.20106797190598052,0.2666308149649267
-0.08523178570614617,-0.08834954759939463,-0.08762799806125836,-0.16241282647385313,-0.20874045406035996,-0.140129536047215,-0.12215553460903253,-0.18487004263866505,-0.16324808356538206,-0.12204588958423457,-0.20466474744462917,-0.19805143888912063,-0.1525638401711608,-0.10288637548215647,-0.1525088007175236,-0.12987986580388436,-0.25286665510516826,-0.20168019406871382,-0.10511334779189913,-0.2300002122111333,-0.15623364483278787,-0.1417152723250014,-0.12133314498954792,-0.09162011897489013,-0.14451710862539346,-0.0770426324073882,-0.09118352649833907,-0.16915431587168261,-0.09568647472586637,-0.12379218287210765,-0.12979205475318412,-0.13483403951101386,-0.14070548002148964,-0.12012850630309449,-0.12963323092345652,-0.13626537771109037,-0.17564631104534517,-0.11761231550977894,-0.16727583904324592,-0.1941490503539977,-0.12272868816246522,-0.23679635398402338
-0.642595915669695,-0.5226610566814474,-0.33410060366111677,-0.5134640818773546,-0.3599078466169062,-0.4888230669696032,-0.45645710091905123,-0.3714707776504924,-0.49088821951669354,-0.5819473762744738,-0.27128951989110145,-0.34479878087093174,-0.3564930295015768,-0.33373965220468593,-0.3539465663373042,-0.29090254835310003,-0.36008960905912896,-0.42456243441597963,-0.4616793418418489,-0.3355606510363761,-0.38175810321654735,-0.21138491717634972,-0.20384160694698666,-0.22242562497031848,-0.4442470906667772,-0.16439738297313392,-0.33380042335089366,-0.3790639294295842,-0.09891851247645012,-0.14968954220219036,-0.3861468485968275,-0.17811878340977103,-0.06513100463507814,-0.3288938022963931,-0.21966405955575985,-0.08455544907684806,-0.38217466373247455,-0.002389613608694626,-0.3304181759107629,-0.18957474205812902,-0.17213827870357942,-0.02456148363046914
-0.519147051404748,-0.35321371804647406,-0.472054098129154,-0.5726062975516133,-0.4586330730027719,-0.4623515931461014,-0.39853586734479235,-0.3353748164257727,-0.4284852200035839,-0.4922251215261897,-0.35509810724425117,-0.49925114950798694,-0.34552072924288585,-0.2877215513912212,-0.48141142159097133,-0.29647170500422193,-0.17833426064225635,-0.1338100167067611,-0.22499931110891422,-0.39068897983827255,-0.4838037520848028,-0.09894759900478269,-0.24671580901641949,-0.43375905276906723,-0.14731660337255725,-0.23821400778926,-0.3117805848187636,-0.052902619390959214,-0.3384517789186242,-0.12624183954559667,-0.13384005505135893,-0.3005363165311382,-0.3459889280464149,-0.35649463092490824,-0.10530179166260045,-0.268117127885676,-0.22339354259109648,-0.20486368561384388,-0.2865004490121717,-0.28956339908266826,-0.09288345783037918,-0.015503003298078478
-0.3230049961675881,-0.34530581013720985,-0.3024401644243509,-0.5488084828761753,-0.5122611552725376,-0.3118333138619144,-0.4039045068316559,-0.3345655590201345,-0.4198537059177996,-0.2480701918709346,-0.2093618819197394,-0.31141265158677234,-0.44468838139659417,-0.32378148908673615,-0.31725573275591973,-0.42198454567302623,-0.32700310992227544,-0.297854705275124,-0.4266800348240487,-0.38127893569186844,-0.4373947700145512,-0.41316196416574064,-0.38080050736937004,-0.21731909739176428,-0.38858170854415836,-0.33596040104227637,-0.372354847808687,-0.1329335158974667,-0.36107648545776616,-0.18258525030808898,-0.034935642112049234,-0.22313282757379163,-0.3325668574789759,-0.12412848745599044,-0.1977178332423582,-0.013330763520609494,-0.1626285094363054,-0.14096800457900072,-0.1374328770031285,-0.23878522666587373,-0.11648291233178636,-0.192964226004337
-0.5017093359279594,-0.3628844523009715,-0.4400777207584503,-0.5096973156573531,-0.4467657399455758,-0.3196124965165786,-0.33474668479774444,-0.2838106661608122,-0.4402855795524487,-0.26201475351557907,-0.5191251460073444,-0.5350266855928285,-0.47937661441758334,-0.2152990200250059,-0.3425308844160179,-0.26784731815803614,-0.35352333905281996,-0.1534199078059207,-0.32157296003558383,-0.4262580845888798,-0.210710276641542,-0.47960036167310105,-0.3611223108346917,-0.060837699640527515,-0.14951577849203765,-0.04819890652664271,-0.315977111491544,-0.08755513345895895,-0.3473053208276891,-0.35719424734107924,-0.32031498477760084,-0.22283979579996838,-0.2846094108651781,-0.24710758133957614,-0.13224678215099459,-0.17760139755156457,-0.3549732932146902,-0.1993327661062226,-0.3775353407797918,-0.1244029622785827,-0.34336221221315705,-0.32106000928856665
-0.5698439751378009,-0.45362926655914654,-0.44621323897891557,-0.36409186514865105,-0.5121480925648483,-0.5857730050152963,-0.4556913468607417,-0.36521260092961316,-0.4736615853601016,-0.245034850694276,-0.40464229750010705,-0.5282489019359253,-0.32439633011587754,-0.2992445186541058,-0.3968680626207123,-0.1925058401561491,-0.16386639050328788,-0.23023809936593176,-0.24432112911839385,-0.38399081231319615,-0.19079149008964688,-0.3459698012551325,-0.13663710998688602,-0.36622884814804907,-0.3201478656472985,-0.18986660454253684,-0.36769045376505005,-0.07568196203945055,-0.29175022376006504,-0.272919021120521,-0.13340282531448533,-0.37263024615428314,-0.15384112451750243,-0.06789757357889208,-0.2547019076187764,-0.13800685728559156,-0.2817935554718979,-0.27361453482187575,-0.007472938080067709,-0.07241090450684858,-0.18216135481235163,-0.2678818933555027
-0.0837598604929191,-0.16162900539228794,-0.09720481985880576,-0.047037777954302355,-0.20163656807557223,-0.07360447880027346,-0.0730506863658472,-0.10972293838255757,-0.18904847397235264,-0.0680808340121481,-0.1349812387403976,-0.21590826523401607,-0.08601939709006352,-0.08003786623627,-0.020163218029630735,-0.21492131272685364,-0.20893808969455907,-0.05007322318813236,-0.06736641545703992,-0.10656116905596798,-0.206344267741003,-0.08921325753616884,-0.18405945650339434,-0.10345001722089633,-0.17510927810354357,-0.11975801412505402,-0.049221334544474325,-0.12449538788914497,-0.20896104652973194,-0.1756050574072127,-0.03941941487433792,-0.18315073858297462,-0.18180910502732392,-0.07847265409620838,-0.021984875736418732,-0.06879028312085454,-0.1849883739573084,-0.03257021143019261,-0.182062973836188,-0.17862185512643086,-0.10153071393463871,-0.053879371559339855
0.09978075482957491,0.1248593913081763,0.1094432770341,0.2939420910378784,0.35344514844155467,0.3601800550379098,0.46197907782057723,0.6459120210621705,0.7561172046127758,0.7367515906151976,0.764415411722663,0.8798841505993076,0.8552428077804702,0.8897894012441252,0.7388336369788194,0.9275075626721675,0.8407640417375909,0.7662238910732395,0.634397856374257,0.6462836698581311,0.5349580995556816,0.31793040778764675,0.22763851256784876,0.17815150019202344,0.12190055392871979,-0.1806647111973217,-0.32301518473250335,-0.2521635706186487,-0.3246856391856903,-0.48560869884715724,-0.5283946533164725,-0.5958778014956085,-0.5214008256782686,-0.5708132906433107,-0.47896182578785534,-0.6733082960519949,-0.6200081980648398,-0.520684112621812,-0.4325041911146929,-0.3957728981396712,-0.3061358848355829,-0.26519530820190196
-0.02003084791037288,0.048466236372401855,0.08588100884369458,0.31502764919197007,0.27169938977943847,0.30912909187714926,0.5739007026728394,0.621284052510833,0.7975560832780417,0.7053694181069483,0.8094217243838556,0.705753153297695,0.7721393070307171,0.8573361726383705,0.7531614876337187,0.6865295545766361,0.8940288164970689,0.7885459919324708,0.6197740943389319,0.5302601543100474,0.4915278099470326,0.34371784684929974,0.17483756517857807,0.03597290331473098,0.16355406127811706,0.026036854776411898,-0.1718642653429985,-0.4484005237687872,-0.34454029498308564,-0.507800036221564,-0.531511131446383,-0.5815183600922973,-0.6145797667458771,-0.5402383185072855,-0.5559198022615256,-0.5534991848260619,-0.5834913580666446,-0.4793166524776308,-0.49551386413217524,-0.45968336009553706,-0.48919160044630006,-0.21687500940572313
0.04104013851065592,0.0687469042198364,0.10639488296691275,0.21892845595913574,0.37169158055675405,0.6218810547585769,0.4854318547460919,0.4695699445260224,0.810841871413757,0.8011663635853883,0.7782287651622909,0.8981144683763269,0.9541180311586338,0.7443121967080263,0.832736065505459,0.8231254386319391,0.7025526680981381,0.8482788012986144,0.6289639885028047,0.5699072637015781,0.5448595187630488,0.40950209351336914,0.12705498491474448,0.13444064640584485,0.14074114046065414,-0.11697459292913659,-0.1784483324881891,-0.3421890815664203,-0.5350971280453832,-0.6067650803686327,-0.6259799378571873,-0.604424516668061,-0.6255922072657526,-0.555965009836709,-0.6610028686340937,-0.598788408779843,-0.5343242086349712,-0.5013058508634677,-0.5386793219698072,-0.3958756245765959,-0.3659655752185645,-0.2973204766183825
-0.05210524037503186,0.12126907565512955,0.09755370975957026,0.37622334899463217,0.2502182563205526,0.38671202567353924,0.5697945381627705,0.5893441428762287,0.7020979996923729,0.7929201181616878,0.8441048607534561,0.8390501759946346,0.8160633609169504,0.7936698086797923,0.765985510329024,0.8543204423948253,0.8432435115846303,0.7227993844665832,0.5870830434182516,0.5823516304652444,0.3558652245964198,0.405318686098718,0.3435920555762893,0.19208591888827461,0.0839690094134861,-0.24319873629581407,-0.16273587764531586,-0.38881485105270835,-0.5043176018634874,-0.4181344423737916,-0.6276785080662778,-0.5394934016555946,-0.6189223820647314,-0.5094650970897141,-0.6589972337265245,-0.49327254245460694,-0.5724832636738828,-0.39536012819769256,-0.42116394024396936,-0.40656006526431065,-0.3331587889797182,-0.3327764888540803
0.012416507508312972,0.14299175216086307,0.29406187961632513,0.15227794805275097,0.3194711548941993,0.4321021326152823,0.5337221259246799,0.6116779887722643,0.5803936663667107,0.7720629790215906,0.7545194247898936,0.7529872235001093,0.682398809108318,0.924735122694263,0.7929430669772297,0.8633579765039904,0.7790570097765044,0.6551139214711961,0.7274007425940884,0.6945283294694796,0.5655013201581368,0.3054400429670738,0.4103906519578653,0.2850215055550607,-0.15993153212493832,-0.15416106356715342,-0.13325902073021925,-0.3071701080840416,-0.28036618731713064,-0.48746758586949346,-0.42337993220317344,-0.5221601182046423,-0.6166788939853828,-0.5483705172878752,-0.621483892596815,-0.4960135691381768,-0.5017025980715576,-0.4854177970285511,-0.3544851074908847,-0.32308267876052243,-0.3583153646443602,-0.2847687938932151
-0.06258674517020099,-0.01294484546948135,0.15167940823687856,0.19366587065440466,0.3242866201385221,0.4747594889914983,0.6250399034204421,0.619600123141039,0.8035861803211565,0.602712699253523,0.6910023260848024,0.8396363418780804,0.9338956254932359,0.8145504202422158,0.9584579925635225,0.6812586261144398,0.7272613652308314,0.697283897275024,0.7055402854730338,0.5665203726557683,0.5864927915130849,0.3809148447305929,0.3415088915809692,0.13789142891751402,-0.04068751891575709,-0.10313998036194306,-0.3207620401962668,-0.37770699880455505,-0.44774069578729453,-0.484152650673879,-0.39445530850949667,-0.5146444657585442,-0.5927683807632897,-0.6729190763947542,-0.46542397305289,-0.5629606786979576,-0.4523559629609568,-0.4351981134511956,-0.35293303690476024,-0.405953562820808,-0.4810996572300763,-0.29680652677317
-0.08621681319168874,0.04894922591642842,0.23559676153232575,0.22405351045550925,0.3697667552503101,0.47382324486259914,0.6035633274292148,0.6001081607916295,0.7934571796755917,0.7089942654136115,0.8440842491188494,0.8049474232700042,0.7104010939226243,0.8956487908682992,0.8334100438831484,0.7834125036471015,0.6947432113104992,0.7534518973138972,0.5238946925829535,0.6181098497948669,0.46861859074263623,0.3048023852122622,0.334109566155293,0.21482930294309346,0.08308953910554583,0.018729720336424355,-0.27425957608303175,-0.33283823484959124,-0.47323854792269837,-0.35370630335149295,-0.5504847991585581,-0.7079043142391349,-0.5000195349737415,-0.7002778880854139,-0.4666246311157459,-0.5637318105169804,-0.5528421728644878,-0.5193995117421378,-0.5159347980209302,-0.38109441948730205,-0.3010300482781472,-0.4149618744245902
