gfs-wave-data.json
{"header": {"parameterCategory":2,"parameterNumber":3,"dx":2.5,"dy":2.5,"nx":144,"ny":73,"la1":90.0,"la2":-90.0,"lo1":0.0,"lo2":357.5}, "data":
[rows 0 to 18 of 73, columns 84 to 125 of 144]
0.623352087754323,0.7329181502029266,0.540370525689644,0.6420686076677532,0.5877585961885335,0.5158259202285778,0.44292435122269935,0.41563723379724415,0.434132512360075,0.32262226739956074,0.3172219256670652,0.445126804759145,0.36171176558791973,0.21950271315266923,0.2753134106301249,0.3637541511352067,0.42248253944132635,0.38796052781336493,0.43951973035325387,0.467209138955751,0.3690194060880087,0.43322261797388517,0.38824968861648945,0.3952277497748109,0.33000067878722944,0.45046593835111115,0.4546457614627635,0.3638186362288523,0.3426650515374658,0.17847707095490942,0.20729347319141,0.17106077477870169,0.21421914146718787,0.13027853980747925,0.054018674810284724,0.11929402266847108,0.08561622375229104,0.05573190613139918,0.08479529644305729,0.14675934703762636,0.17516982676048956,0.1728067527451815
0.6277578396506355,0.7056542206832258,0.7021425651849409,0.6098702673950358,0.5308195502540283,0.5967460429846336,0.5475875144875493,0.41637740870675266,0.2934267017540874,0.4961136088152497,0.32493922296927163,0.4501596288166112,0.3224265569294994,0.27771708845132825,0.3950328048084592,0.3145322694802221,0.3599222427188587,0.3657722404268074,0.3690583816013855,0.4133632052393204,0.36175473133699315,0.35652158070244794,0.39512224423094355,0.4780061497681084,0.33501783213637637,0.4029391040295937,0.28860875544102216,0.44748214550838156,0.23819108288185512,0.31854457506072037,0.17917571939774954,0.24388610598153218,0.21943502297517545,0.22436741237310545,0.11415280304195202,0.11544269701044077,0.07311387981158085,0.10846939237063155,0.12625988641128222,0.16073201845193466,0.05353303207465345,0.10242952127569455
0.6676521036726343,0.5973316214510095,0.6606535936933281,0.5908941170147191,0.7056494444149077,0.5302778656811191,0.5036922304649672,0.5726825379237681,0.29813062524191764,0.44857782385281053,0.40519849614293524,0.40141593846051155,0.35421097271717067,0.24747427796678942,0.304007770778395,0.4296701758183592,0.40948992321951166,0.3392110532525103,0.35673769437495045,0.3834371645559356,0.5918811089039423,0.39691022269130916,0.43827307247537123,0.38332348571068875,0.5002753410200881,0.4091464675623068,0.3049205887196642,0.4466661451741662,0.3195052333451861,0.24827621965891244,0.2743439456033956,0.17173386610972743,0.1392113305881021,0.12508917433903474,0.1359294826841945,0.1250018580792219,0.09211174363695705,0.07473504769629691,0.086225417368734,0.05009303383419783,0.13200358673238863,0.09805303888593409
0.6381529748653286,0.5919226009855161,0.6994400834939616,0.6471635154320469,0.6874477746992732,0.6203436719469169,0.5578716429148488,0.5641229060456135,0.43449875008352723,0.5184964359627247,0.5100621953619062,0.22452725089931053,0.37825997452296073,0.3853703335861692,0.3861225353867576,0.3501628211778858,0.4436746228323248,0.3419473478750102,0.4471979891331511,0.3873616753868955,0.4547677922964725,0.5201863776541472,0.4353087906170504,0.5531509515180771,0.4622652815389092,0.5104133639757907,0.450736769671545,0.3544447689804197,0.3943460786288014,0.24411210442124637,0.3184885742247649,0.19688220047175473,0.19281403058765828,0.16590461645542331,0.19890303764857684,0.09701365789041148,0.1345829281606034,0.11661897766194561,0.1781368653672944,0.1856127232188096,0.1373577095319428,0.08693337131683916
0.7672051613231097,0.6627197072341066,0.6458105871115536,0.5776152818136949,0.6551503318851427,0.5257203065567736,0.6315900092081076,0.5944087837957129,0.3232071847629291,0.3482180094794845,0.387698270098171,0.3984849252582351,0.38903934493745124,0.33982301191671455,0.2589034932816221,0.2567450879321095,0.43011343572238325,0.48993304441334695,0.40090783030494087,0.34744982297955085,0.575545418092797,0.5853109996059975,0.38129477210890755,0.4959489959107493,0.551411631302971,0.3989597536556231,0.43049800656614046,0.343580719517545,0.3835743195860439,0.22614878872712413,0.3342057201973337,0.188469611849522,0.2488615905444732,0.17068748148927504,0.1968387083928114,0.10794107746428114,0.09946825899167265,0.1510489321639424,0.15130760448345557,0.07202888576266432,0.17918823779804002,0.13994313979692122
0.6862201256142528,0.7033036124300337,0.7086778347036042,0.5770057727031096,0.6403166716604527,0.5119968112953346,0.5459565564105207,0.5976746752089939,0.4797394491740335,0.3826141737814018,0.3141271487687612,0.42963498932587774,0.41032688992841165,0.3705650974907402,0.3336203293660156,0.346604810254867,0.38239641793388995,0.4995175913109518,0.49004211678580195,0.5189864080691267,0.5402750043592186,0.42989458776417655,0.5615585931331245,0.5867966454233896,0.40451757256433446,0.5110730696259517,0.33443647511627644,0.39855904827034044,0.35405023861316404,0.286439492196462,0.23607135901648113,0.15759877491294474,0.18976195096748902,0.26392717085255185,0.21758157814497062,0.1750631783129636,0.17547113190503497,0.13663233155057322,0.14306679710390707,0.11160806514586116,0.18837058376237498,0.18053175035799912
0.7196494111931399,0.7772160547479352,0.6192552874966649,0.6026543768763858,0.6169252949646588,0.6393457751570688,0.5364411827537038,0.5167352374844718,0.44068504838686057,0.42236895836630634,0.3652794144570922,0.3528397766504041,0.46987795992706327,0.276561889978937,0.32846947947002525,0.45696975273042056,0.34616496326529317,0.4322454685136856,0.4499230349906948,0.5629867388237916,0.49405295874284755,0.5818413697661113,0.6206883279260879,0.4814245018322949,0.4395456377835982,0.46822944619611967,0.4954549848292297,0.31153355104238994,0.4054390632876774,0.3639451856688562,0.33808505208722156,0.20226497525537349,0.19968796748601456,0.18246565616092744,0.15248958933431375,0.14269058980934998,0.1260642187362978,0.15014677488132513,0.20645308182132485,0.17405737209555802,0.17810719350477153,0.1130703571283693
0.8119413930932671,0.6778976151538733,0.6519662808111529,0.6631877291916077,0.6151038644559675,0.7631815612094726,0.6919689129024302,0.5280572454822912,0.4879386143799078,0.38704272899107994,0.2636453746574139,0.3349584554189632,0.39580979320499265,0.40812928516132585,0.395048188462809,0.36137630599704107,0.38264926501352386,0.5150674298554626,0.44083343416997656,0.5024268413891464,0.6013811450753666,0.4275704250634653,0.4759417096145952,0.5094118929236977,0.588051968972447,0.47762020934344385,0.46063450097499015,0.45244782867791034,0.44429273649681406,0.36349759246126134,0.3581310350683759,0.22127477036790758,0.1840032025701975,0.16281017758832345,0.1661824478788133,0.18302571861841518,0.13612003019507105,0.13929363568884479,0.16676732116980317,0.1790512371759899,0.15101127189066987,0.12155392943500613
0.8153659080080393,0.7200308837273139,0.6667280401441951,0.6970614313535051,0.7074119015459526,0.7531450993077803,0.6129407162252783,0.5478590074235293,0.43199021622514355,0.33551636208105245,0.3268862471671886,0.39631034006958676,0.46000122179666475,0.4763352672646906,0.3226807457834247,0.29384462009604834,0.3808960470562312,0.4655776722652016,0.4424536598065861,0.4815162186835255,0.6505618409152191,0.4598268058685246,0.5170434993926472,0.6225668576675178,0.5340397990902122,0.4437145629596469,0.4644328532205015,0.3791504276305053,0.3387807844283122,0.3027948666471417,0.30765095419255745,0.18017846661344725,0.23165522387615026,0.15573105315364918,0.14520615005157164,0.16126361631383707,0.13020021170785886,0.13379053754965048,0.12841130027606304,0.11864258298035718,0.09544655463959043,0.27222009983829076
0.8396511638555099,0.7940574304405186,0.6760993805036278,0.7840030241622931,0.7037398817587406,0.6788876024743038,0.5404979764360568,0.42964148755491743,0.4758832174594675,0.342026671770951,0.4559477497523439,0.4446131575260899,0.44698274479055167,0.49095767984107974,0.34586012545342437,0.3891377361296283,0.3767218113619737,0.5307547162543541,0.5502783757656236,0.5221003759742034,0.5158806316493879,0.47107199892785,0.5405192019757943,0.5626699650439692,0.5075511462212332,0.46546767351900603,0.5455032814547397,0.4744109132810095,0.3481612488497302,0.3243549310697005,0.25986065321252866,0.22377810866443884,0.2177405192919236,0.18656488433454455,0.12812959222463138,0.1448149951753678,0.20621765251680688,0.1894412828538385,0.22494055920561065,0.17525958544429399,0.1073285914797298,0.2645825070810423
0.8349593596504934,0.8451752294520499,0.844577793071091,0.6907610564957163,0.6993454320881649,0.6034888720228105,0.5765854613490337,0.47993914118667785,0.5110164822073334,0.4963694660185989,0.5496161120403474,0.39521404912530517,0.35035065053688763,0.4354920146910756,0.2540254058784448,0.5528149579782021,0.3833250368093684,0.5304218015884091,0.4115220947861005,0.5354875441290288,0.5945033903883469,0.5032837619652153,0.6018515666940077,0.4729692145499873,0.549129828395358,0.5101778242874478,0.3895650069903573,0.4181007866294486,0.4202296881735846,0.41900529396820774,0.3746332517857999,0.28284622117537705,0.27255128261006295,0.26609992640383895,0.24414850859057627,0.21921465115166244,0.15632366866217456,0.11367791083525405,0.17098830625565023,0.15468400421971237,0.15076985522601435,0.2536628744638712
0.8300785336798026,0.8068287587288259,0.7995039853486674,0.6351095192123712,0.6207326881453002,0.6859869303641514,0.5992625909379987,0.47112819227023883,0.3545353088210228,0.5587991446857679,0.3244745873000109,0.543306411635157,0.24373438940934322,0.5363169281475896,0.453984553563869,0.3213756716919963,0.5237360851045995,0.4914018776600538,0.4105435088916653,0.5422439945185386,0.43407006995702047,0.6874687408438205,0.5675163804417644,0.5568677301846184,0.49703976087518664,0.47240939632727336,0.5989403506332301,0.4351211846264094,0.37041090055872433,0.3892664136922364,0.3354304837123585,0.4001942737456654,0.28486574425793765,0.2786370068079652,0.14698523293917504,0.2041580120811987,0.1478704987114971,0.2463719549759466,0.2075308743459134,0.13054060433129,0.18181672632890086,0.18945986615241403
-0.38342122395934125,-0.3109765307102106,-0.4096618817441578,-0.37120564401013423,-0.39844196390742215,-0.25220884610273214,-0.41345629918030424,-0.2564258009473791,-0.23368600237226236,-0.31556789411534175,-0.3056147837088956,-0.22877238313442622,-0.2273672066015622,-0.37746909956791824,-0.381189654327008,-0.3221776574171607,-0.4093119268160655,-0.3655614626544853,-0.32233102969018734,-0.402330969482407,-0.2494825592989472,-0.3161616951919893,-0.2340167918656392,-0.334459881575575,-0.3414731835308313,-0.3314490838423004,-0.3956949704991491,-0.3618474673640269,-0.24638297357156316,-0.3951621216536028,-0.337372538624377,-0.32994192773216313,-0.28752005358138744,-0.40633157063856495,-0.41015027339734245,-0.4035291813783246,-0.26387036850151596,-0.26453517081641353,-0.2836333293236106,-0.3851601118972324,-0.38402104957843136,-0.4191346218942037
-0.42672594077733067,-0.3983286972551752,-0.42126906213235693,-0.39405132498479634,-0.3211365303457435,-0.3391477776454465,-0.3339936878524183,-0.3572763629870281,-0.3458763167200839,-0.2514477990352978,-0.33737661329724533,-0.37647658169435105,-0.2482538717890326,-0.37551003001500116,-0.38117580875136686,-0.2869480707418678,-0.36177290762593944,-0.2542475207324332,-0.305936708502545,-0.3817072022529621,-0.40568066712140116,-0.42703390515616196,-0.3274045202913322,-0.3244368874319202,-0.41043453802935287,-0.3253774185985126,-0.2670404978920442,-0.2802033225112823,-0.31153706287637406,-0.364738568151708,-0.3742552475401231,-0.32620193355265165,-0.42936988912332347,-0.26435606919389226,-0.39579391928933644,-0.3504261811783592,-0.4005143325442582,-0.31333020260835276,-0.1096732977413899,-0.4449117355335969,-0.5757507369701541,-0.2813560565210514
-0.3269183213039142,-0.3372967472383212,-0.3317372726199145,-0.26384819130597015,-0.32173501411888855,-0.3147060796035481,-0.32292250565650965,-0.3398790713122321,-0.3940124238573223,-0.4112671790341479,-0.4205822925647618,-0.3693173188592249,-0.41476696098873206,-0.3307931099525737,-0.24830469442933348,-0.4044456844061282,-0.318826953394039,-0.2487429240054623,-0.38702135373792435,-0.28987435126828226,-0.2517793921242603,-0.3310353872086674,-0.3378425962172331,-0.28948320255466814,-0.3021203341392975,-0.40806438752520835,-0.3376079287742823,-0.30766498360363026,-0.4110116811417253,-0.3951958046779536,-0.4281131319075037,-0.36050644385524416,-0.29901823639818886,-0.3313747462348418,-0.2861556910937861,-0.43445450086438164,-0.26442399790014554,-0.429581636776005,-0.40444346824442834,-0.3893773531796935,-0.2823930595309627,-0.04073936241244594
-0.29782915755862155,-0.4549615567871057,-0.36600742248660245,-0.30313614195274374,-0.4193756266819841,-0.30327643983029456,-0.30365867456490236,-0.325427561134751,-0.35635703832325555,-0.38447424711644296,-0.3501170012274924,-0.3823801613557219,-0.2762860172184279,-0.29542821917553674,-0.32723288265984374,-0.4127207724104782,-0.3362945041586879,-0.41890561122574704,-0.33782211162737,-0.3455347718903879,-0.2801158878275281,-0.34164255616083067,-0.27402662993930543,-0.26493305968344233,-0.4370383139675271,-0.26827144070124764,-0.410250600377841,-0.2669024737775501,-0.3930553713066655,-0.42705403148526605,-0.3887606401056086,-0.29880824054437116,-0.2635774886187474,-0.37217303966432613,-0.34436685079101803,-0.42473021986258147,-0.40413325683777995,-0.13941561643131872,-0.34770282657964174,-0.07774901762364549,-0.3916985907090992,-0.2904846189391632
-0.34438255854540756,-0.34799933054605975,-0.28895437818389696,-0.42598767670472604,-0.3083978706284401,-0.4146762969144396,-0.44650787454098184,-0.43334105217566965,-0.4288013780406334,-0.3820486652942453,-0.37355835609746646,-0.3670191560516546,-0.4572223960141737,-0.45522843075872066,-0.3971537218523639,-0.3013153012827772,-0.37145688567019053,-0.39557277695105075,-0.4564240411579817,-0.44968859873009775,-0.3285570202250824,-0.32839357818620657,-0.4410205135226874,-0.3834007519379077,-0.37407217263331055,-0.2646851133243059,-0.43509507033146727,-0.2980788892537439,-0.34268769550395217,-0.26746072484688754,-0.3655441479938972,-0.3742127810650789,-0.2999123431170416,-0.40087606931795056,-0.4136035446517158,-0.40001775664166295,-0.31839103319927037,-0.34156105424427863,-0.5413138653110726,-0.41178369668020115,-0.3365789099826506,-0.5626448580092379
-0.37885498969350556,-0.27995668158422643,-0.4180246473923317,-0.45870240091679376,-0.3233295422724138,-0.3312850150506214,-0.4005910849569251,-0.4042665206799603,-0.34217398210645067,-0.31136935105279173,-0.3405699297558915,-0.35189818524170985,-0.4208359146225576,-0.41924545920033957,-0.45956515826230315,-0.2709562742435872,-0.35200712431932835,-0.29373389846835496,-0.29182052437290673,-0.43671733810836294,-0.28619492954850945,-0.29092165739463177,-0.33067687695058834,-0.37613693051715413,-0.3082388987229804,-0.35853691682988964,-0.3269300775731873,-0.4374363160198855,-0.3541162520085401,-0.4444878657714348,-0.2785708661121037,-0.4104698606944504,-0.4400178070187023,-0.278953410642793,-0.4683008506441136,-0.4592133658274653,-0.37114946406163796,-0.0728125289417669,-0.142274998517264,-0.07080107318679107,-0.15279142078091715,-0.5829272875249571
-0.38803976711574306,-0.34336944604799263,-0.3363646764955184,-0.42630124805596475,-0.2981154373162565,-0.29201265189094955,-0.4409344320757115,-0.35560862328448084,-0.4381353308694084,-0.3859269766197693,-0.31433422953594303,-0.29824018019776505,-0.2894032490801281,-0.2831222847925824,-0.44991849140532214,-0.3419808930396126,-0.45276038786890405,-0.403164950667767,-0.41754759977130224,-0.40890839950741653,-0.41924211864870764,-0.3255247134153983,-0.32377375123964425,-0.37916161366976875,-0.43669824841274396,-0.43895625624882406,-0.3934915472876238,-0.43074870412734384,-0.4201798715388728,-0.37225130133280426,-0.2957115219532694,-0.34678985010685476,-0.4512175514425941,-0.3935277722065311,-0.42416112158162084,-0.43606562461690196,-0.35998228766742457,-0.3361097759019236,-0.058606150257262506,-0.29447685422808656,-0.5026661267192324,-0.4904883283717836
