gfs-wave-data.json
{"header": {"parameterCategory":2,"parameterNumber":2,"dx":2.5,"dy":2.5,"nx":144,"ny":73,"la1":90.0,"la2":-90.0,"lo1":0.0,"lo2":357.5}, "data":
[rows 46 to 68 of 73, columns 0 to 50 of 144]
0.0,0.0,0.0,0.0,0.0,0.0,0.0,0.0,0.0,0.0,0.0,0.0,0.0,0.0,0.0,0.0,0.0,0.0,0.0,0.0,0.0,-0.614012753242899,-0.7158086735191803,-0.8060387014738356,-0.858967112160131,-0.606848689610294,-0.803355957091295,-0.6886033717440763,-0.701961450537664,-0.8451173774377635,-0.6217877716900416,-0.8311871080054885,-0.6342065005296744,-0.5880603087096371,-0.7067332348058488,-0.7323854510296488,-0.6704095298325246,-0.695660259542415,-0.6127948608183347,-0.6732744656917805,-0.6753183876487203,-0.623554313970206,-0.5572289129731641,-0.6053003592635892,-0.6787690194361539,-0.6916409237180968,0.0,0.0,0.0,0.0,0.0
0.0,0.0,0.0,0.0,0.0,0.0,0.0,0.0,0.0,0.0,0.0,0.0,0.0,0.0,0.0,0.0,0.0,0.0,0.0,0.0,0.0,-0.7836451953722317,-0.5850667535964689,-0.7516688005994097,-0.6733104174370025,-0.7250024631603784,-0.7019545987511427,-0.6334707577631093,-0.6796854081749975,-0.8226409064458025,-0.9073217336496536,-0.816285781577896,-0.5454276434691283,-0.6486877969940374,-0.53663478989129,-0.6023378520288531,-0.6616773398617242,-0.5338943847125627,-0.5092787588180369,-0.553820505112182,-0.632665726823694,-0.6031189161121201,-0.6672221208161228,-0.6441825866597027,-0.5517425975667143,-0.5170676705516601,0.0,0.0,0.0,0.0,0.0
0.0,0.0,0.0,0.0,0.0,0.0,0.0,0.0,0.0,0.0,0.0,0.0,0.0,0.0,0.0,0.0,0.0,0.0,0.0,0.0,0.0,-0.010667920583147536,-0.006087616330938514,0.00632600479377109,0.0005427293206719816,-0.02354247441426008,0.0030895288866581933,0.013375075411730115,-0.004354329233054266,0.010391338349778914,0.013556723011779558,-0.00598667463324807,0.018658879433836286,0.01682341486970638,0.03657658184112315,-0.014004601392199896,-0.007961998011088506,-0.006484014382498375,0.013423174982984568,-0.035996076199935834,-0.011588697198599491,-0.005930919672021405,0.003976150498585372,-0.015090657969283027,0.0020227411483554666,-0.002252699630850427,0.0,0.0,0.0,0.0,0.0
0.0,0.0,0.0,0.0,0.0,0.0,0.0,0.0,0.0,0.0,0.0,0.0,0.0,0.0,0.0,0.0,0.0,0.0,0.0,0.0,0.0,1.0010232452778154,0.8973983236884484,1.0791644400859,1.035756649590466,0.959922560257747,0.9890033785688265,0.967126609036009,1.0372343231895322,1.0382303938524566,1.0137948929987526,0.9824070428315049,0.9663449065833981,0.8568054872275211,0.8972384579177317,0.8028442718603972,0.8493194396917997,0.89478055457692,0.7128494994720691,0.7361385711457763,0.759514192764797,0.6716461372160004,0.7537142215456099,0.6844006012422815,0.6695446718043764,0.64183274778852,0.0,0.0,0.0,0.0,0.0
1.5651930627102317,1.4297834284526936,1.5093442149230445,1.387066054002948,1.4376676380622755,1.5050465497795513,1.5260030183496331,1.4033100594109793,1.4092624136757006,1.4615169388445248,1.3075685792189446,1.26642386209331,1.3175741984169536,1.1503328078060984,1.101349691833315,1.1361395945326582,1.1457299544457327,1.1040437463925115,0.9884560847283687,1.074791190582641,1.1155742576733003,0.919443461778107,0.9800921911571819,1.0503256797379965,1.023001636361784,0.9267337063903387,0.9555769423671122,0.9760942259574648,0.9143853441309755,0.9917580923941467,0.9241421363671796,0.9319708830917541,0.9109834060131131,0.7980125628758825,0.9102226728043971,0.8919662563901795,0.8520276062078649,0.7566427346258842,0.7614985495209915,0.8568593588610367,0.6927348516722962,0.7502157798310349,0.7165471070315487,0.6433304992400646,0.7459686557953891,0.7525961062395381,0.0,0.0,0.0,0.0,0.0
1.5948453137937495,1.4783453132402888,1.5058540735079275,1.4055397402834422,1.4790970780665178,1.5315989860794714,1.5283943714971815,1.5467137992631343,1.4340928696565898,1.3202588834492097,1.294920477443525,1.1957348083920465,1.1951832838665577,1.1506381887815473,1.3341897624377546,1.2244291660484135,1.1180396566894586,1.2052487002148984,1.0393867832397023,1.2337371574802465,0.9391561144043306,0.9863815829947506,0.9541205853568482,0.8413832678391577,1.0089399573045639,0.9775460060288529,1.042990729264642,0.893436360756448,0.9581441001367705,1.0053689249579378,0.9421362426183335,0.838938081602937,0.8858558553704069,0.889948243809035,0.8482463460417146,0.8764590294114905,0.8917132874133676,0.7210564925321852,0.7766570652562755,0.7266285012330158,0.7843961155554513,0.7871580562817869,0.7121277458657643,0.6655861036450611,0.6908576749541122,0.6346941489352204,0.0,0.0,0.0,0.0,0.0
0.003626829235510243,0.008380614762388126,-0.020780553411431726,-0.030849961044519616,0.015044608324469178,-0.0033505191566204537,-0.0010245723885655537,0.0029987800336827475,0.00033497614678318295,-0.0008308120040826043,-0.0042257478165925256,0.0032253449612117922,0.004276991254008392,-0.020240053651789353,0.005994155861793585,0.010600363635543623,0.015411731963344102,0.009727647019577682,0.0006454748484935885,0.009121560706243948,0.0006161209143613638,0.0018010786967149982,-0.006642025250740574,-0.006511985160757471,0.001621312763331449,-0.008504825529028495,-0.018111555252962798,0.0025051564268409638,-0.0003413310049512526,-0.015399600288986993,-0.006117336298592077,-0.011036133510121659,-0.0018799309410385899,-0.002644115352466095,0.0027251916831007575,-0.021365940105960282,-0.010556978276058867,0.003530642480476146,-0.009916762923399679,-0.003994642895076524,-0.028326055256646845,0.004075190109095875,0.0020978866969605494,-0.0028054858789967017,-0.0002711593285572783,-0.003855277355265666,0.0,0.0,0.0,0.0,0.0
1.8079026783124914,1.8421005820938396,1.8176094471470972,2.0348123562088722,1.8798613170951814,1.9138006090836588,2.0721962829892555,2.08943205488693,1.969448301787483,1.9939967893889885,2.069769790650403,2.028089841995684,1.8362937070070726,1.9282575225780567,1.852526264593485,2.1347431641927743,2.179217850406827,2.171825394398397,2.090378013718148,2.079836647829684,2.0153331958431484,2.163359063311982,2.2400229756959136,2.341921700574789,2.1766775204589996,2.400811362377071,2.459561168753921,2.4557638032040967,2.402844093070022,2.411368362654737,2.41100626148681,2.485020390968758,2.472670418766991,2.565101002627642,2.6512928400523643,2.6324618949215868,2.675500640208535,2.578560020801876,2.5085289178257417,2.4897565692318815,2.60934567473636,2.493453916684685,2.492046250463815,2.593330097494782,2.452892340925345,2.3691598210869045,0.0,0.0,0.0,0.0,0.0
1.8990926733178155,1.8571590646976586,1.9725729917727244,1.9118354697178108,1.875315684116007,1.797378678845369,1.8890028246363244,2.1077008176456955,1.9535545156201823,1.859846429770404,1.900183943145307,1.9194874612553703,1.9688726525968554,1.816977270156206,1.7643837933775655,2.120253988038483,2.0597869774728736,1.7723004405539655,2.306766354930087,1.935156543497231,1.900901422521753,2.169558901155776,2.0953664109261982,2.1436393917757988,2.1228805711994783,2.4150372314403366,2.396254805389391,2.4405520868002344,2.4824842835191703,2.2375857930437566,2.4504497605297972,2.4223677172314777,2.439354355805772,2.606225108869853,2.6649286793081957,2.56207993355561,2.573364122028243,2.669978125151546,2.5417704967388843,2.453471068872964,2.503723249755447,2.551998945073063,2.4756049143984487,2.619404027449237,2.6130685332429326,2.3062701806733727,2.482820075827646,2.066045817290613,2.112325227416187,2.1701599757332604,2.2963683984470507
1.881608388534067,1.8331205114494753,1.8984114608282805,1.8917117268833235,1.9251228867931447,2.062936398117247,1.91806944204986,1.937160708467123,2.091198197946808,1.9994587733163756,2.0920094678307875,2.199924732806742,2.010713430713645,1.7742148375924967,2.141899877638733,1.9982387430391828,1.9562893811014337,2.0755795511703625,1.8572119597873893,2.1634781572128423,1.96782689501801,2.165251314626879,2.11062965731441,2.0000709015742464,2.310959026741043,2.2624195922194237,2.16281236003657,2.397190842551544,2.4181645386065465,2.3549576489114172,2.403724123461541,2.6271716926202537,2.5255443513804283,2.5219743015348084,2.6005706262977295,2.681782578801149,2.4987450467624117,2.577595880870183,2.614176027667054,2.5020256159928556,2.6008295012559275,2.394832911583733,2.405477488822215,2.3469562194394307,2.407890209371038,2.338248294485426,2.3379241484398765,2.3932995152636645,2.4332342477948523,2.3235525178180523,2.185588540279254
1.7612575644978279,1.9073534153307734,1.8759802012502118,1.9756084884526095,1.9440667842463353,1.90312168763972,2.0089729532778313,2.0020432911136554,1.942554246127663,2.1521105403835405,1.8771741061142762,2.0622066500579725,2.1628441547186164,1.9240686400136504,2.0857424198532746,2.0989500805404324,2.0665853904372025,2.1639114583464747,2.0164031622652687,1.984991572070636,2.015042629216955,2.121676691487074,2.253090023629693,2.3796425090196633,2.163426307796614,2.2372861450123165,2.108203128665323,2.4269763691391733,2.503903825832,2.4184584974998806,2.3994574759019116,2.5800562154940496,2.548062113832573,2.5075452057048464,2.677559456461787,2.5586225874026765,2.5158261563149655,2.519691834632645,2.4723909590352604,2.6060591844359946,2.469888848894126,2.61203922834502,2.5050907463588103,2.6368284873197854,2.1946321836812013,2.35317870112468,2.3340342239043026,2.1382236187184556,2.2654406715687703,1.9945129631005125,2.0910448557404697
1.9308558032282688,1.9359607915774177,1.9532403642289173,2.0309895297333314,1.8828613302493376,1.933859494044349,1.892092303536588,2.0446129533908413,2.0742887756414388,2.0909765489188366,2.07530802180479,1.883664063235036,2.0135402540091283,1.9839408133426137,2.0309190367048093,1.8227602467149715,2.0423758797653746,2.1260004689064766,1.906068520209642,2.269332164952967,2.0972900518022954,2.0836591555692032,1.9852267182224086,2.0883921973615216,2.120881416173501,2.32047884028374,2.3313170306433073,2.322129784610798,2.5585296164821116,2.4318290931488113,2.3538524524415183,2.5798465788162908,2.500370420293708,2.499417375333515,2.5536993192907365,2.613435408478935,2.541802293760406,2.4981125286440604,2.5922886562620233,2.5139989198811046,2.6020187645946127,2.5196493185886997,2.3869681690966824,2.479072182974652,2.291388671383155,2.491655763625481,2.2357840408798166,2.190729820357448,2.2942796781274373,2.1775882111308253,1.9889324480464083
1.8791068328226317,1.7715162870433743,1.8435565251589485,1.8536426261140888,1.9059749992874133,1.8395599979769193,1.9852229059625277,1.884245245364225,1.8522574516703416,1.945147808796711,2.1412654377749867,2.1401479059005295,2.045802572470002,1.98403579935852,2.183426804726343,2.1023865444005434,2.174634824973754,2.1135345445559888,2.182075526102163,2.0086396385390812,2.226644018282501,2.137944591966564,2.11876431147774,2.0944914875315086,2.3888801130488435,2.3863259121796236,2.42454968473485,2.222996796914875,2.4568880992353277,2.501780503232574,2.356911152534314,2.5773350635655703,2.3936426077586184,2.6794027392394835,2.541727844525242,2.5860470822309938,2.6006138748129044,2.524498267898718,2.512109303745102,2.624495712491799,2.588352080139742,2.5754819123080614,2.3584159313162547,2.4317061642067075,2.4364855337518105,2.3338041891738066,2.1683503457214552,2.1296879163410436,2.0284070617607477,2.0488539089184044,2.15035548447058
1.8946245632794199,1.9418319006322498,1.8823768937807823,1.9826906790812804,1.8957571671664624,1.9790722178109146,2.0227747665958202,2.004923072069825,2.0655266781031214,1.8658713315980369,2.1478149925030157,2.0518012397217227,2.0300086466134943,1.8492923054904393,1.8410690047331633,1.978799329241988,2.191682101433994,1.9002379604659612,2.023516281394493,2.0694942428452543,1.8727462474802055,2.2758579677692037,2.11105050611137,2.053744347551327,2.3192856122494736,2.4099287459772194,2.347075882640891,2.263123637339776,2.31585937185839,2.626979421603017,2.456902778779781,2.671999716304401,2.422516832850725,2.523599770172489,2.568221053565531,2.695729635840143,2.570703312343277,2.5328246044139036,2.57576071360231,2.5973386729653747,2.535268258993272,2.4663160955925916,2.605638646483998,2.4011623956556614,2.194851362940276,2.3543509143711563,2.501477572175162,2.0765062635376417,2.1105035554059133,2.2052758037364493,2.1673040877028504
-0.015026505425861831,0.003689762868278094,-0.0024839945964702102,0.000566589048937016,-0.0013477603293412627,-0.01331507583313626,-0.007062742105606802,0.01358858168786133,-0.009613391502159998,0.00039468050378839453,-0.010344871930140753,-0.00047038433493692624,-0.02404826275340885,-0.013092449372568192,-0.001062950566228556,-0.007103811975299772,-0.017020244539365126,-0.011886956812159483,0.00489322519992154,0.02656734141691564,0.009668149669304725,0.010910401405808208,-0.02315051136719725,-0.005826412396997146,0.005444145698154304,0.016246679066230507,-0.00023405930317703738,-0.0028800765187978264,-0.017204978435930898,0.003856611854552913,-0.026186234503903272,-0.0007756778317083345,0.004213344746889875,-0.010098717280769713,0.0034476372351562893,-0.0008409317561959309,-0.010956961374065289,-0.03169732113720896,-0.016724686812743923,-0.0016391578046785389,-0.003820576656267975,0.0005247045634924084,0.0026563835081604803,0.0016757829102750934,0.010636120390920855,-0.007386801479748718,0.020076994017612298,-0.0008221879258492616,0.008351237591410734,0.011673200728757775,-0.001357765849184606
0.0,0.0,0.0,0.0,0.0,0.0,0.0,0.0,0.0,0.0,0.0,0.0,0.0,0.0,0.0,0.0,0.0,0.0,0.0,0.0,0.0,0.0,0.0,0.0,0.0,0.0,0.0,0.0,0.0,0.0,0.0,0.0,0.0,0.0,0.0,0.0,0.0,0.0,0.0,0.0,0.0,0.0,0.0,0.0,0.0,0.0,0.0,0.0,0.0,0.0,0.0
0.0,0.0,0.0,0.0,0.0,0.0,0.0,0.0,0.0,0.0,0.0,0.0,0.0,0.0,0.0,0.0,0.0,0.0,0.0,0.0,0.0,0.0,0.0,0.0,0.0,0.0,0.0,0.0,0.0,0.0,0.0,0.0,0.0,0.0,0.0,0.0,0.0,0.0,0.0,0.0,0.0,0.0,0.0,0.0,0.0,0.0,0.0,0.0,0.0,0.0,0.0
0.0,0.0,0.0,0.0,0.0,0.0,0.0,0.0,0.0,0.0,0.0,0.0,0.0,0.0,0.0,0.0,0.0,0.0,0.0,0.0,0.0,0.0,0.0,0.0,0.0,0.0,0.0,0.0,0.0,0.0,0.0,0.0,0.0,0.0,0.0,0.0,0.0,0.0,0.0,0.0,0.0,0.0,0.0,0.0,0.0,0.0,0.0,0.0,0.0,0.0,0.0
0.0,0.0,0.0,0.0,0.0,0.0,0.0,0.0,0.0,0.0,0.0,0.0,0.0,0.0,0.0,0.0,0.0,0.0,0.0,0.0,0.0,0.0,0.0,0.0,0.0,0.0,0.0,0.0,0.0,0.0,0.0,0.0,0.0,0.0,0.0,0.0,0.0,0.0,0.0,0.0,0.0,0.0,0.0,0.0,0.0,0.0,0.0,0.0,0.0,0.0,0.0
0.0,0.0,0.0,0.0,0.0,0.0,0.0,0.0,0.0,0.0,0.0,0.0,0.0,0.0,0.0,0.0,0.0,0.0,0.0,0.0,0.0,0.0,0.0,0.0,0.0,0.0,0.0,0.0,0.0,0.0,0.0,0.0,0.0,0.0,0.0,0.0,0.0,0.0,0.0,0.0,0.0,0.0,0.0,0.0,0.0,0.0,0.0,0.0,0.0,0.0,0.0
0.0,0.0,0.0,0.0,0.0,0.0,0.0,0.0,0.0,0.0,0.0,0.0,0.0,0.0,0.0,0.0,0.0,0.0,0.0,0.0,0.0,0.0,0.0,0.0,0.0,0.0,0.0,0.0,0.0,0.0,0.0,0.0,0.0,0.0,0.0,0.0,0.0,0.0,0.0,0.0,0.0,0.0,0.0,0.0,0.0,0.0,0.0,0.0,0.0,0.0,0.0
0.0,0.0,0.0,0.0,0.0,0.0,0.0,0.0,0.0,0.0,0.0,0.0,0.0,0.0,0.0,0.0,0.0,0.0,0.0,0.0,0.0,0.0,0.0,0.0,0.0,0.0,0.0,0.0,0.0,0.0,0.0,0.0,0.0,0.0,0.0,0.0,0.0,0.0,0.0,0.0,0.0,0.0,0.0,0.0,0.0,0.0,0.0,0.0,0.0,0.0,0.0
0.0,0.0,0.0,0.0,0.0,0.0,0.0,0.0,0.0,0.0,0.0,0.0,0.0,0.0,0.0,0.0,0.0,0.0,0.0,0.0,0.0,0.0,0.0,0.0,0.0,0.0,0.0,0.0,0.0,0.0,0.0,0.0,0.0,0.0,0.0,0.0,0.0,0.0,0.0,0.0,0.0,0.0,0.0,0.0,0.0,0.0,0.0,0.0,0.0,0.0,0.0
