gfs-wave-data.json
{"header": {"parameterCategory":2,"parameterNumber":3,"dx":2.5,"dy":2.5,"nx":144,"ny":73,"la1":90.0,"la2":-90.0,"lo1":0.0,"lo2":357.5}, "data":
[rows 38 to 56 of 73, columns 84 to 125 of 144]
-0.8649341007952005,-0.8590106970973564,-0.8758370429310842,-0.7301826036740897,-0.9501129309513913,-0.7775033221587667,-0.6411886866409283,-0.5753570794464199,-0.5732750752927421,-0.30302257425369455,-0.3091554412272302,-0.0036471401545874337,0.09911463187065438,0.12139230280338989,0.2854957208412352,0.33852320108930095,0.3655243680135667,0.4717037943384767,0.6507209373628122,0.5101554995404969,0.5655487861439864,0.45874056653253015,0.5967499833682465,0.5651469743404997,0.5435459015294364,0.5574625789173849,0.4970090797033985,0.4591352117030292,0.36329795697631273,0.2776669023912996,0.25784382727177946,0.16323645176015866,0.10215744345787126,0.18185258134915744,0.09526981340798149,0.0028170658816268697,-0.017958229692453715,0.008138030634115737,-0.04902073643233704,-0.034928899031111356,-0.10182367445320308,-0.15463394313198384
-0.8840607408425076,-0.8380675337696512,-0.8607159822225449,-0.6571747287937042,-0.6321079012768609,-0.7257032818981438,-0.6830017260877013,-0.47499385331121424,-0.5356898127557406,-0.44938132072341846,-0.3125059330096479,-0.25936045424777576,-0.00905332962423423,0.03083052648372048,0.16687817558944396,0.37460123152920893,0.44112891228471596,0.6047004631244489,0.6461823589174691,0.6422117425712763,0.5972010170118695,0.5486973840789379,0.6205344113615092,0.5013613429195034,0.5490283061278312,0.5292463533214427,0.4390809402543731,0.44849025108339313,0.36571239869114375,0.37951990816055664,0.3117170544193698,0.32761924624503946,0.27246163913735566,0.1258468870360557,0.026303593643987547,0.06381333448096971,0.027453748871503945,-0.017933779093962758,-0.07875509158957192,-0.10955927800291825,-0.04541911383690447,-0.19945836200616468
-0.732410436606738,-0.8290506854949804,-0.7765756366262004,-0.8398715956522171,-0.7842840448672961,-0.6815115846720725,-0.638388700786408,-0.4932978828873914,-0.42980630373258844,-0.4194924516790732,-0.22785662722033684,-0.17820498159495388,0.11985495872458711,-0.012218438701108732,0.12033312348363456,0.339665080469796,0.5196176741422691,0.5673861928318434,0.5419783821731792,0.6011192444193192,0.4841240027896053,0.4892064163943777,0.6173913147423477,0.4981242104343359,0.565157848321816,0.4989794554770359,0.4834862873032056,0.3540333099933769,0.34568849108558664,0.42701113013639724,0.21880056906370382,0.15623341509061842,0.21083511979459327,0.20460301090110194,0.14665876659914978,0.002211944341477848,-0.034170361122316154,-0.03234623372974402,-0.04555523349759458,-0.08330133286378699,-0.11616325956101269,-0.1353767837838064
-0.8773971544264237,-0.9325622083521754,-0.9227152483627946,-0.7707336753006299,-0.8890299455299724,-0.7693202895168983,-0.72210549880036,-0.6794009794698221,-0.5085781652826128,-0.24694806730052715,-0.4109839672946611,-0.1165991540477518,-0.014911625572480347,0.1877660846421273,0.33029848069093415,0.3769578066713467,0.4859814723276488,0.5029183554954114,0.46151744755571145,0.5716166298330934,0.623707068396468,0.6413587091975558,0.5265111756383888,0.5280764086359174,0.5779413703328488,0.5842563596523325,0.5643283734588372,0.5029254608280795,0.34341718138133354,0.3005363426899781,0.32291700585319133,0.25974170259377893,0.1660875887881307,0.17481369509381597,0.05604129646054497,0.0032834252099189325,-0.014186668759328409,-0.002779830366194646,-0.0904679746435655,-0.10313256465492358,-0.10847810542814718,-0.1382463945866138
-0.2053635288769918,-0.11233204875923082,-0.09557470810681769,-0.06721737251401858,-0.1831192862070329,-0.07802629145959249,-0.027051200329121543,-0.10934177757466676,-0.13757842438766357,-0.1083371112976372,-0.1747758276955234,-0.16560271485198128,-0.08397861637998436,-0.10859024589490539,-0.20571373862170328,-0.07940563909779892,-0.15711251028414452,-0.10343975155980135,-0.06464985325598172,-0.17300595795229065,-0.11116113120193338,-0.2020940886147416,-0.20883438667203924,-0.1838556650957675,-0.17281857405256923,-0.1255044002929947,-0.047370602518712425,-0.07751722911051057,-0.08370018926875984,-0.17469214315152037,-0.1588236442210517,-0.18247309414640875,-0.039291797610704525,-0.027535536594313834,-0.1547541894097394,-0.0847715908463116,-0.15852003664470932,-0.09090211395202748,-0.06388007636712814,-0.04158180970242995,-0.02466483235530992,-0.10486755317251911
0.34936675107968385,0.502516559943444,0.5250868086411822,0.22674143370902908,0.28891481324975976,0.4622617427249671,0.3057609215193241,0.35240968529978306,0.36835460266579945,0.2970027475651635,0.2786743578710492,0.34942712548558025,0.2876320950026273,0.12041316006801246,0.26411166739804504,0.12695220989374814,0.23232571390304058,0.05994092801065264,0.08042706366524442,0.10623457116281172,0.12767448434484824,0.1343860905679785,0.10262767749624903,0.13226419332222078,0.22026235531907373,0.10553687895538592,0.1871791751829268,0.053034467926789085,0.06024170785430285,0.19491247082040508,0.06985806199193764,0.019055575718232253,0.2111254253233226,0.14792801358440616,0.20948716025719266,0.05785970856567707,0.1178188210740786,0.13130743908832943,0.1566744964140473,0.16938698626491763,0.1647185623399686,0.1784323609892284
0.2981363913847862,0.3440333200981366,0.26550463803720453,0.47249280521741505,0.2707166222406731,0.3853047539292273,0.214775887630917,0.2127437446447852,0.11201296649848327,0.1647541332174567,0.21063212076388416,0.2601286720265367,0.34517472927448345,0.32276284400857075,0.13786769484936912,0.25257249906756557,0.026917442743900823,0.03581712933500764,0.11583983513250015,0.2263058678194867,0.23275892211422688,0.1587263626233099,0.032770349840342994,0.20585618884200302,0.1869518296290429,0.014858241289853108,0.10861029558181907,0.15278076264942564,0.010450459592677954,0.1511698083782401,0.17892585951914303,0.07253019130938441,0.19384679766189572,0.18182275904541206,0.194420746258558,0.21647288580389673,0.12933567864409148,0.14059887975305782,0.07742124565918758,0.26795600069324593,0.06373153945693293,0.2762980880932947
0.23262692341038452,0.3457420089884227,0.5096628335125967,0.22176836315929777,0.1705111260011305,0.2900139098006594,0.40641029247980875,0.40029121717883537,0.3617592931777263,0.16359989343414688,0.20624442199226994,0.05065942988431854,0.11301677480933865,0.26628566886489774,0.0993720493730431,0.0576364111920795,0.10066261909374201,0.1288380180967253,0.22096454491951173,0.22771139437106935,0.1626622276801868,0.10305752072238207,0.22777350655961034,0.2218775852885283,0.14908123004657883,0.234448220713994,0.11098767859540343,0.03185915039553903,0.03486757185405986,0.14867418157241008,0.07694424911935015,0.16389102876556852,0.16386800105859542,0.019940896660099613,0.1370972297248372,0.21067620827952271,0.2598591680196273,0.26857064289883104,0.18895332531868642,0.15007465147786583,0.15106478983585148,0.07924468971511936
0.514592633288548,0.4616051938008529,0.34982669752656803,0.19335277555804659,0.3484768008805632,0.44906950617091185,0.16888373488831038,0.4208362529680001,0.12001359849695672,0.18262811593340395,0.37505165971482546,0.2901172418614853,0.19675325269877178,0.2892103554032914,0.16149683363705564,0.05546111484420101,0.3003516442670715,0.299904158988435,0.19457869167814895,0.05370282842262136,0.23895969517361518,0.11071568897796731,0.08924446869418856,0.06805253934216526,0.11436918492920463,0.13026292050481042,0.04448420689155296,0.08184283021134156,0.04520608319405449,0.06495939048485541,0.038768615606401165,0.15516141224004357,0.08253886453717761,0.20000657434703142,0.23071290988802906,0.10084098074842787,0.14005134511281528,0.1382833546170166,0.26312228407245636,0.08725675786928147,0.18489078429611905,0.22720903526063424
0.37960755946270597,0.26243799783792265,0.32981564486849757,0.3160557156751425,0.2924673351046683,0.45253400974651453,0.43900801632124853,0.12147233184148498,0.22788368612517698,0.1110034911648502,0.13327091096728066,0.3052630339848998,0.20179179263678698,0.1713193765383902,0.16081329219651366,0.08230623144473688,0.2361459942592167,0.2381242133681799,0.2933558913547677,0.02035481585388452,0.01698212841723393,0.16850892321805183,0.19549764225336017,0.01990158363830476,0.024939726868597304,0.14863947301273644,0.06387796280805677,0.07361380679494865,0.026052472555731163,0.03663945728503581,0.1886837701639187,0.21110417265606374,0.12201646121068728,0.18659923665542894,0.04980438003198488,0.16914182442767892,0.0831560874906624,0.12678297876534952,0.12277253240988695,0.12084568599036835,0.18053985105980477,0.23554997209406772
-0.23276760368184174,-0.24271845475262385,-0.14606717463491065,-0.2556107745867692,-0.2495332797943015,-0.2664711035030349,-0.09737814985564172,-0.10865331307166633,-0.09615402906997504,-0.11287943874006645,-0.08487619317594611,-0.24237984632075169,-0.08536191729860745,-0.12303464668592456,-0.2263386223462198,-0.08415370811985215,-0.21240374562906816,-0.17812399052883032,-0.16065711541280203,-0.14442291780283048,-0.16405234206277156,-0.1635363325018323,-0.2040726101308085,-0.18313912257301254,-0.14516511362518056,-0.2238711666108875,-0.19723435318342986,-0.2527150645691612,-0.12814591270596687,-0.17246402128737112,-0.09595355155202397,-0.0855842978290421,-0.23388552106090996,-0.17007692032017044,-0.1783535990668434,-0.18175382885391542,-0.22604421300467353,-0.16266162692320726,-0.19771870272581932,-0.18128257621410937,-0.08696916682718257,-0.17554008436924115
-0.3745501736016584,-0.3188801698131071,-0.3062881757400963,-0.4520228843050801,-0.45138012427595026,-0.2968448405221774,-0.43410968585800985,-0.35984475651828957,-0.25234085479056606,-0.4128108712036015,-0.36455523803526135,-0.38209068145360736,-0.272088546988366,-0.2967667939204623,-0.3904356236025057,-0.344971951126262,-0.3339966605393109,-0.25133117588236137,-0.09255422492661505,-0.1686776228941897,-0.16537091510456775,-0.25808009492439493,-0.17510599346533234,0.029476348250454126,0.08973792973200721,0.09758830265111344,0.04179921055503536,0.16179612283432776,0.05126272448714536,0.30699488793604257,0.362706053729542,0.3142318671719923,0.38677528852427245,0.32002694317639585,0.28618450083649244,0.5506848716339096,0.3188987820539607,0.514724955327806,0.6608730669733917,0.4762663481202115,0.5245754015064793,0.763083160498722
-0.4130066762064586,-0.4353284527695394,-0.45884013860571404,-0.4619554961812743,-0.41963848013004196,-0.44480240279775357,-0.46192390479466217,-0.3765274081542286,-0.3462927505366744,-0.46591240643897325,-0.3775905428573349,-0.3844633374225371,-0.2727999007147857,-0.41444513843214603,-0.45544870752812067,-0.3776982516486803,-0.23725642460724444,-0.25872124432100546,-0.08322607761080895,-0.12635608768942017,-0.16193422559175893,0.024557747691999882,-0.029120848574421012,0.07687169269384378,-0.1325861928396317,0.08641222790844783,0.10023905765537659,0.2775721276803026,0.07277183350115846,0.2658464820096914,0.1866814920276037,0.14488191014537374,0.3875547688671632,0.5114370121184304,0.48850065589924474,0.5045272723299682,0.6421370655443593,0.5732251148235837,0.4378638808727949,0.7210095703506465,0.6466392444136544,0.8861194575721242
-0.4607311484851911,-0.2828614034423347,-0.326135669013694,-0.4683244928814714,-0.32304485012796624,-0.27471656948382245,-0.4430690530901273,-0.5235529726696863,-0.3640338543024643,-0.4499103942934195,-0.4157822600256098,-0.4284230563669249,-0.39856615386831684,-0.1955319231623447,-0.2751430713505164,-0.24561090633041507,-0.3363430402528522,-0.13582612672969793,-0.25816537785096183,-0.15264601739115072,-0.010453238979820517,-0.2238808119007391,-0.14623113025311463,-0.07502854724912342,-0.1487764216274748,0.0173385136929023,0.07721986710264195,0.024262829565315495,0.0258011410399454,0.18125302954684544,0.3007363115552239,0.31369319531192075,0.39568615613815633,0.4431767347568997,0.5360881053285523,0.30865525221168133,0.37732331952840586,0.41523272941428147,0.5243295020628395,0.533827496184997,0.6448342664396349,0.6930333249255974
-0.2934890156803876,-0.12648329651560083,-0.2221760370291052,-0.13534785165723298,-0.17790246613101757,-0.14857343092185596,-0.2305610008557125,-0.22083263160298652,-0.26204728662679655,-0.1579892062034356,-0.18903047934524184,-0.14818263950414406,-0.22777528902984898,-0.14538608399700617,-0.19376720454504592,-0.3162419018346531,-0.29447221654020567,-0.31243966617963986,-0.2019716325038726,-0.20356131369797462,-0.12831705716413003,-0.14171833747836365,-0.13691605937416967,-0.20613935467254238,-0.16695395763095783,-0.25911256603023086,-0.25054123326549055,-0.26808629445658183,-0.2585595403105493,-0.3070250822634096,-0.26753964074027264,-0.24766193861152644,-0.14090799368833018,-0.29598626499684294,-0.1668171963272708,-0.2934884762284484,-0.21818666115874688,-0.2798608969245508,-0.1310420752430414,-0.20641065093459868,-0.26980151327046786,-0.160752192607859
-0.5872657954700572,-0.7069997575577779,-0.584432000210819,-0.740236817095807,-0.49878417280665566,-0.47988134196274346,-0.7691782679668822,-0.8924540919133861,-0.607851283128571,-0.8467310587850915,-0.6346396408539883,-0.6154063663793327,-0.5082030980670068,-0.7417195056257436,-0.37575443171395,-0.39009026326709906,-0.517456649585848,-0.5418612826644283,-0.4846625189823821,-0.4232065922279251,-0.33518398267207705,-0.1598415121385476,-0.016225314980407586,0.13258460103171002,-0.08728193072974187,0.18487975277654253,0.21296716765316093,0.21835216444765074,0.2024470842992505,0.19854192471731796,0.2265322155302329,0.5674048070468941,0.6010411289513518,0.4049727657998249,0.5810602841845891,0.5924209965975034,0.7927982690549265,0.7539417833296762,0.7271883848455943,0.5629371349621564,0.569835211810595,0.523842878254068
-0.811856161704579,-0.6422889005924536,-0.7317746282104884,-0.8605340595271703,-0.8727216278912754,-0.5923713345950333,-0.8732614216288491,-0.5811819039612016,-0.5190740438939613,-0.6616241158948656,-0.669474261235405,-0.5142438253512928,-0.5515149611550817,-0.6696986579199925,-0.5462218810944921,-0.4494798229325503,-0.22390107551949293,-0.44098761801175274,-0.4725435444903151,-0.4252476998588891,-0.03681764426945266,0.05102643582862219,-0.06472518450403603,-0.1061094114634342,0.06586543997254594,0.12102514828477809,0.12932241034415257,0.30292673284201593,0.4168437224210414,0.216531752200835,0.5261620962333113,0.20513004185592518,0.5781273655476425,0.5027036701749295,0.48740179328162786,0.6099508538769435,0.5598983480691273,0.7621250015734725,0.8725304339200423,0.5497852808835701,0.8166989148432091,0.6700854714015264
-0.8357335068969591,-0.5007257482564185,-0.8689526996093462,-0.712798836573042,-0.666316255364104,-0.6283501486099886,-0.6690383782687083,-0.5423311151602839,-0.6623130061686484,-0.850769975326416,-0.6394827099083871,-0.7282562753996142,-0.8021347179494992,-0.49924111438593954,-0.6567741799908067,-0.5577889363908827,-0.3853068339718911,-0.3531691637944391,-0.4456514884130249,-0.26035073440701034,-0.32555218851223605,-0.30863539079226004,-0.13801593320752636,0.0015908440908044411,-0.12496729557812414,0.07953612741079731,-0.0415575606903669,0.15867215776770252,0.23146181252687179,0.22960857042595956,0.20167029715039667,0.4407890823045331,0.521951737363392,0.5073475467779952,0.6741436962343602,0.3567808170685537,0.60462230593561,0.6932174498341598,0.8113289749865911,0.8133579123766018,0.8702818896266631,0.6188744591698626
-0.5243384865880237,-0.9851052418600907,-0.7138693288221317,-0.7562175004826193,-0.7223199635086928,-0.7248186560112504,-0.5851872081199837,-0.6263763748011586,-0.5258513365533105,-0.7260543051175589,-0.545679225410599,-0.8213270392632196,-0.7154144856866095,-0.38006460360673916,-0.3895512780040215,-0.3631878212174305,-0.32520489873928293,-0.28753596413750326,-0.35577750940723624,-0.4109606045053041,-0.17342593913780704,-0.3402952722278879,-0.2949684033875387,-0.11267734805127388,0.16869428843377382,-0.06926236107270536,0.020081996428831114,0.3592536914073559,0.2745142743059126,0.10884152418100128,0.48368327391849547,0.5781779969065441,0.5430134360637199,0.5630277305046625,0.6159232087635034,0.4933542475150961,0.6694087455915194,0.6359915485330287,0.8139647711177963,0.5400227020910765,0.5166341270087998,0.6396926403111515
