gfs-wave-data.json
{"header": {"parameterCategory":2,"parameterNumber":3,"dx":2.5,"dy":2.5,"nx":144,"ny":73,"la1":90.0,"la2":-90.0,"lo1":0.0,"lo2":357.5}, "data":
[rows 19 to 37 of 73, columns 42 to 83 of 144]
-0.37919559393628743,-0.3941895636842002,-0.31881646773266653,-0.47623275886562394,-0.3809740678671624,-0.2933026797683782,-0.3049624688159604,-0.3511357101937491,-0.4443773116701586,-0.4705730959143526,-0.367547462292867,-0.33487891478814485,-0.28635356467225487,-0.3315216420027157,-0.32458395969251685,-0.4783476146316555,-0.39160326134583895,-0.45783732753827744,-0.3958645690243156,-0.3032658846252595,-0.4230258119557106,-0.4043506307412344,-0.45605399647926953,-0.4008006672823246,-0.36792336935190617,-0.41250690431148374,-0.35839896110859815,-0.3364895113610198,-0.3277328098821923,-0.4579850304047881,-0.3111823556738283,-0.34788678500631465,-0.4300194785164247,-0.4409721286098225,-0.39815676515801146,-0.3439603586391388,-0.2860342539290046,-0.4020177250375912,-0.3866774245169053,-0.46952690093415367,-0.3899155760405303,-0.29706916539842604
-0.4173285532307783,-0.3583050646507116,-0.40900009411402233,-0.33883075177096567,-0.4254816188227283,-0.41744161970965,-0.35766714817201695,-0.41107609428906333,-0.36780775788893,-0.38435265083124015,-0.3537218263961263,-0.48379395537123493,-0.31657344251324376,-0.47228783067003777,-0.3740610986771767,-0.35975041307496114,-0.4795215045248153,-0.37127030100489194,-0.34084310489377495,-0.41737663759581456,-0.4840701213675047,-0.31120543558041647,-0.37508643770890926,-0.3458055140573098,-0.4265518037588426,-0.33268667311708455,-0.3102051397381427,-0.29769792187113575,-0.4094422001281278,-0.3705859711013865,-0.4824024356046963,-0.4404351344668605,-0.33341711769788673,-0.3001033607108928,-0.3899603296561679,-0.4418429744047416,-0.4397961796099089,-0.3288341593366491,-0.3335690283755082,-0.30752713226394685,-0.3807836805608065,-0.35139334457770094
0.3486458802680268,0.13786346971852637,0.30146825503304336,0.3803051014872686,0.4943902840481798,0.2871115941412718,0.3023329286329052,0.3157926828866077,0.4814377072865268,0.5288757285309361,0.3988605434190036,0.5582914145801438,0.3593271683270768,0.6588412001114639,0.4680863354142644,0.6401325827344027,0.40522141821604474,0.6213025925502466,0.6125963757911244,0.6164904725913903,0.635062099720305,0.3187301301692625,0.20953599053698885,0.20292785439632297,0.1867211731795846,0.2974278756029535,0.01877302509659389,0.27032818045844914,-0.049690843564351175,-0.025438654478227622,-0.04706006689845795,-0.20523783598656312,-0.01961897284531465,-0.3169295292793429,-0.2630018398441637,-0.18254161075125258,-0.26203890821894715,-0.381083228577668,-0.31895141598006804,-0.4894176090144446,-0.49879687527894,-0.6234031096503652
0.24192964131943517,0.3768504278428011,0.4240314034656163,0.40663622674345207,0.332936074544408,0.4875490440376995,0.412845879688215,0.39463888765017696,0.47799066800273615,0.3045092579471069,0.3815063907691604,0.625591846935473,0.4606854972015034,0.5348545405107502,0.7012924502663878,0.6548490392725834,0.5410710694674584,0.6681475940452234,0.5561097689113798,0.5236709404382819,0.27358763521303453,0.4857753450780054,0.3854814260180795,0.4994469171811197,0.27834663082263095,0.10241496523613065,0.2896034006823988,0.1995073778260366,0.25604502513500005,0.11994527859821788,0.1934890248014032,-0.09299376819370372,0.005424179346494227,-0.2060723623383786,-0.06366121586500546,-0.10947431986892739,-0.1808417160619093,-0.24706488262598036,-0.4879925722754475,-0.4807912866838924,-0.2801114636614342,-0.2809801692553804
0.30372871152509123,0.255894736860641,0.4821732855712132,0.3753798998012314,0.46399095104976296,0.2703415778206888,0.3627232215392199,0.39974674898192086,0.45384897970765076,0.44675619355862617,0.5716175735189869,0.5437401991121795,0.5777619058879847,0.4823199509700757,0.5475460513833994,0.5863395371850605,0.5707453936364008,0.41584181661739894,0.4912366616641482,0.33832432355794423,0.27803922000864967,0.5890266921883408,0.4767469157226176,0.4525713598631652,0.4958347440510276,0.23479402155313042,0.2171716274999953,0.15258157076357892,0.0023993229189746635,-0.08234080977022812,0.1391143988968956,0.1242642211335912,-0.34245194366432,-0.2892220757395015,-0.39569855966905065,-0.31303908918987505,-0.44092426174629473,-0.3863245765264327,-0.44464356356962725,-0.2493022578348327,-0.3009861433105205,-0.5629635204138613
-0.4371406373150414,-0.3312756426716322,-0.44094321029801886,-0.43173267960351064,-0.40876185074674,-0.371477386444642,-0.3051594322863775,-0.315956862562435,-0.43900554869032477,-0.3122264603930926,-0.3112549440494805,-0.3177315066695012,-0.34318115868572113,-0.33288963812915684,-0.31301848855721875,-0.42849851734510996,-0.2993429818238519,-0.3036698915704821,-0.33422954978230607,-0.41649228886091527,-0.3469614312645686,-0.3184983461550261,-0.36549746626402985,-0.32260259017037324,-0.41755426849280675,-0.3478120934888298,-0.4162607708523365,-0.38784500241415437,-0.4554085514716361,-0.42865680270559015,-0.3943717659977335,-0.43246889696276747,-0.31866933975211315,-0.371934763779031,-0.46470851922030615,-0.4723007878778461,-0.342607526858095,-0.3555405295824729,-0.4906115614036183,-0.424461364306028,-0.3258904789842782,-0.32491170249201534
-0.07900616647215356,-0.2858282240967261,-0.17071384853400234,-0.3608893494473208,-0.0998171360535056,-0.051064547947400916,-0.3393062643925253,-0.12709687681958473,-0.22685485063912117,-0.4372405773824628,-0.1343386363560877,-0.4369812924026186,-0.4384381506175857,-0.17685436039974572,-0.17458375943255802,-0.41741185313372337,-0.22135680708986097,-0.1684990671973228,-0.3957782144279961,-0.4902551353945938,-0.40408223367856994,-0.4259726627254286,-0.31791077477781177,-0.312323966340146,-0.30982087257556074,-0.31746417163955365,-0.33334746466014714,-0.4767975247639289,-0.43967648265052545,-0.44021353501377025,-0.32504148153536955,-0.9122093502235477,-0.9255104517486052,-0.7110139304204562,-0.6718248865075401,-0.655456518741293,-0.8049114624601145,-0.5950411772282678,-0.9498455134533473,-0.8429759374354869,-0.8758021275354422,-1.0477156917837562
-0.18339215441386533,-0.2200634470427048,-0.3152830168687563,-0.20840689124083642,-0.39254618184915435,-0.3998323965942747,-0.1841638376896665,-0.3437223443614413,-0.22296432314787043,-0.14050970306304736,-0.1909986864568891,-0.16536910958599296,-0.21567068004957463,-0.2947289155549272,-0.3240546120523216,-0.3803645930376576,-0.44745207778237034,-0.3808464584058454,-0.23059260237851487,-0.24092845906108543,-0.4462287607121532,-0.2767918999355884,-0.277561948529313,-0.3733937881380284,-0.27087514180344197,-0.391983073245221,-0.3229504693470874,-0.3563866751510282,-0.2793620878376721,-0.4046206384214429,-0.41480850114706386,-0.8073018862949924,-0.9611808278569822,-0.5603533778160463,-0.6253031124956769,-0.6441303864652229,-0.7729328692686805,-0.9055653662528692,-1.0438037729047935,-1.0071658628122389,-0.94980185146458,-0.6922163569955377
-0.38771851055653916,-0.18666075230772874,-0.2609207270332929,-0.3149589673690371,-0.06994526923603801,-0.18582212224928807,-0.13325023955545107,-0.41211515948306354,-0.12385162075865828,-0.12473142010904016,-0.14659759640601075,-0.20495177808996326,-0.34665113906571965,-0.36435131057961934,-0.38609421401777155,-0.20779367993526685,-0.22737182175176882,-0.3613795054571855,-0.23513572804472171,-0.4136267422933399,-0.4572302589047302,-0.29554376408902994,-0.32039830652591833,-0.3157155613654077,-0.447300230862045,-0.4580603087170002,-0.41918192181251357,-0.4634226351867409,-0.367348783815509,-0.5468313908762296,-0.5002789558587701,-0.5597749742484047,-0.7700688399475685,-0.7873974504041447,-0.615641469469186,-0.8784473039881995,-0.6763288064599183,-0.6981563510641347,-0.9295469491996593,-0.8661061941098875,-0.8952732476137414,-1.0423906314712374
-0.23303394012828413,-0.11043921030709587,-0.29129909096845025,-0.06864359942790156,-0.16716512159331726,-0.36667245723132824,-0.33885041298261454,-0.32581741046758295,-0.24040092886174397,-0.2240852038665007,-0.29390132893387466,-0.1246768306928403,-0.2655068159785883,-0.2615587959609551,-0.2513346432587318,-0.318195942529629,-0.47187764644031627,-0.15983415396182363,-0.3948500658501959,-0.487744831630128,-0.45319490935847245,-0.4391396078672634,-0.40193322204408816,-0.452700443284535,-0.4046716511135666,-0.451751245035258,-0.5212437569021862,-0.27928808124086607,-0.4886668268009577,-0.5465014797730859,-0.38127137257360316,-0.5901372774179521,-0.7785187169034753,-0.7566548697033748,-0.7748835005750171,-0.6989133922462791,-0.712217573248028,-0.6292866562928316,-0.7419631871469315,-0.9132472220367074,-0.6948779229808798,-0.9151755916611971
-0.08277592177340827,-0.4330579169540662,-0.33876375002363085,-0.04466537493687929,-0.32274903167416896,-0.24831710380538147,-0.19087019237337183,-0.44555313765645405,-0.38917832604939295,-0.3934767573039267,-0.13722238525337208,-0.4032160811595737,-0.14137603456443518,-0.46696143850964716,-0.3404307231982618,-0.24366936250010857,-0.4148013357308323,-0.2917587176516566,-0.4275596855021021,-0.41081657582314035,-0.506998789224653,-0.2118690996333342,-0.492163210523035,-0.30226987194165506,-0.4866316522113196,-0.33777827498596624,-0.44316427613780984,-0.2788623297571974,-0.41628637836595483,-0.3706002827077029,-0.45366974062828436,-0.5405404639088828,-0.7362204217970402,-0.802268248693812,-0.942678355798894,-0.9101336859029068,-0.6220117508162443,-0.6549368687758096,-0.6788270301268859,-0.8183571239327766,-0.8394292402931334,-0.8456203075278012
-0.3469939420036885,-0.30277175990184185,-0.3576943688983443,-0.4795471966281101,-0.3941751700596412,-0.39161575049998326,-0.3148073999368545,-0.4603510830309278,-0.47441190611418804,-0.3268671583051794,-0.45640967084157247,-0.44217543455341446,-0.43606550105325703,-0.42172348592389053,-0.3156048704585888,-0.2767609959145269,-0.4647406964064964,-0.31555347679870016,-0.41327867915682465,-0.3573537841635477,-0.29262775426478843,-0.42514524403161136,-0.36777113525863603,-0.36860868153745613,-0.3086597309323556,-0.3421046836444086,-0.341110080595177,-0.3644264280285735,-0.3973812316716096,-0.31664003268429136,-0.2929971802494579,-0.3135920957553793,-0.2827711239443047,-0.4289813014432102,-0.36722037846946554,-0.281395389193964,-0.4131076148222638,-0.45959831835012804,-0.4657243988338062,-0.4190402668777939,-0.3267783093288895,-0.3876167413000555
-0.4191793839903294,-0.4327026660328807,-0.19417616183705902,-0.2239911196740137,-0.1874114090173428,-0.022276572500189072,0.08516480353237725,0.10001254486884095,0.16298980145950917,0.27394304699243244,0.29233156998283916,0.27523406307573595,0.3679876166917153,0.3638903898438135,0.2740545337523668,0.3482211616112301,0.3596230404190934,0.4937545500621447,0.515126150630878,0.48646414692568296,0.43618138636418724,0.5018518311650632,0.514901867382877,0.43169831706190787,0.38515987825928527,0.4726963507091909,0.3647296307902622,0.2602591494349785,0.22607651208952628,0.01974907936380271,0.11405772967946701,-0.015547390842562575,-0.09438964908968527,-0.4254420122427869,-0.6453967697616495,-0.45395227171185987,-0.8788278823880484,-0.8104773646717129,-0.8620549819432546,-1.0606907420869036,-1.0662891539256005,-1.1544137773624312
-0.3793723847911756,-0.25578723401007586,-0.3707373429877794,-0.2946311302290353,-0.18393930508502235,-0.1269986523849026,-0.005838349747534623,0.04844892311673526,0.1597441127193929,0.18586581579539577,0.20086062733773988,0.2875229314652881,0.2746012846227133,0.29548657731151984,0.3303535128674083,0.36134000523954024,0.3289720813035322,0.42705960917205094,0.5048792080349134,0.4828516159191297,0.4267153432934168,0.4483483185087575,0.526757503932674,0.4454946031857883,0.45015051915824994,0.5328847823426273,0.30817138265770916,0.3035015697817701,0.18675952216314712,0.08601236718252056,0.04672845323330014,-0.18080508626303904,-0.2435106207779711,-0.411854383372256,-0.4467503846516243,-0.74534022212486,-0.7383999024847111,-0.7662673551891039,-0.9272877422653691,-0.9811355734403036,-0.951925014456518,-1.0162359208724931
-0.3959214826172455,-0.3351218592139331,-0.3747194673728574,-0.2541239816747508,-0.1626553503922725,-0.08427673087814838,0.03155216118483848,0.10351527990381551,0.23504099307552578,0.12032543144082986,0.23763912676112592,0.24091813134104753,0.2281876164137689,0.2754464351411626,0.4519213045806246,0.3501546105759923,0.4643197686249998,0.38514580931476566,0.3559559004924099,0.5115373895211526,0.37663285007012687,0.45402089989743943,0.5149232818465568,0.4914258252003734,0.3616539601858319,0.4839002901250107,0.3152798789933794,0.19186181467165253,0.3704038467820738,0.0018055093650839943,-0.0694338892579314,0.016321168684394205,-0.2827318154593352,-0.21501260191450758,-0.5912064215312944,-0.6594102804280512,-0.8105257144056155,-0.6866916144961741,-0.965996724129487,-0.9016431321193592,-1.026511996671727,-1.0467734580222492
-0.5800307128441697,-0.3110181552805731,-0.2388007314708804,-0.14833044142332763,-0.1352619799031134,-0.06393606390658853,-0.054293407091710835,0.08349534885619206,0.062337559025180136,0.2098765586814791,0.2261660393984765,0.2800882873931026,0.2008173808857909,0.3214999286946198,0.4541433485743263,0.3391678762023145,0.40184526778592367,0.5118874091018591,0.3720778530113652,0.3875825229863388,0.37677458932359414,0.5446857645266693,0.48667295292241725,0.4834237328039322,0.4727030058121757,0.35320635890239427,0.28815782207725643,0.3412266950412444,0.1972225723860881,0.08412242958196617,0.01855006376924528,-0.24478156972232987,-0.10789177670823967,-0.5222180573084313,-0.5687406297223556,-0.5486749029564791,-0.6715531777099077,-0.7945983262224686,-0.9566349904473106,-0.9304381217934528,-0.9740505321504976,-1.0241465339095033
-0.42549075017666177,-0.4581348077441861,-0.2228285789278958,-0.11610584473579277,-0.20973966276411446,0.011129186167635472,-0.04869964137989832,0.1131988642289542,0.04398523899306821,0.1447637883076407,0.2899762873037112,0.17069228535579326,0.21771941773950687,0.35430900554392614,0.3129963381233485,0.4353289062369494,0.4695210960080694,0.39798046491203454,0.39240116344255754,0.4437674989726163,0.43210579086494133,0.5389714196715257,0.4233917396141285,0.4085105786020827,0.524090615436931,0.39434607806035316,0.25818330012370533,0.39365747814019897,0.09775383841091054,0.028761223359583504,0.0987414555417639,-0.16239760083044047,-0.15663413857866615,-0.2796668017547625,-0.3074488520014029,-0.5765074434049984,-0.644659565132219,-0.8778884410397572,-0.7576596021666138,-0.870910253021216,-0.9222076937788041,-0.90306881367278
-0.5307973242292946,-0.410001951618568,-0.22176926390134122,-0.14388016446217322,-0.10232743775597967,-0.013430444562646582,0.07779896964994827,0.09865577997381289,0.08798551038077607,0.09733008130784253,0.18811656343054808,0.3044987321752363,0.3753661583220794,0.37434601707248366,0.2977142789769421,0.42143884316219016,0.37928846571579616,0.33301430420525857,0.43140825946178946,0.3583947800920635,0.3879892486983241,0.4570183239056967,0.4371805596231919,0.42368646465332443,0.37430455668878365,0.3311424541924184,0.3815141548739793,0.34670580648779525,0.09745450047799326,0.18098207842069725,-0.07056784664556534,-0.10783207736790099,-0.2544864887064658,-0.2753904373462676,-0.3607626218687302,-0.6322724379237378,-0.6602102727367476,-0.786862724943985,-0.8305111523325934,-0.8603622097293088,-1.0396939785414867,-0.9362485393991685
-0.3790264065758398,-0.30895535786650774,-0.34543512131571436,-0.22973095074923047,-0.1130149114378976,-0.01397713216665872,0.0683117207978955,0.0710855034544185,0.04743883328242867,0.1551736238839415,0.1840360996107567,0.27406522992003973,0.3182312155185609,0.3344688681040755,0.3903655543100178,0.33268322747065654,0.35817924977157134,0.341362160147595,0.4745115611603588,0.35731313308025103,0.43519999654833263,0.4947421428823803,0.5249805775568266,0.4779807631699953,0.3938150066806565,0.44892138761255973,0.39805185889862454,0.39532893739798874,0.2720356075778298,0.08146354591528922,-0.046850251845062946,-0.2156789372449997,-0.20436000210596195,-0.28911656589431844,-0.41937889405227863,-0.6003742430754385,-0.6103511457341582,-0.8489670722922577,-0.7881096210811148,-0.9006660538811854,-0.9196332229003628,-0.9777035975035014
