gfs-wave-data.json
{"header": {"parameterCategory":2,"parameterNumber":3,"dx":2.5,"dy":2.5,"nx":144,"ny":73,"la1":90.0,"la2":-90.0,"lo1":0.0,"lo2":357.5}, "data":
[rows 19 to 37 of 73, columns 84 to 125 of 144]
-0.011009741148037667,-0.11490973078334608,-0.1836520413321659,-0.07037228920962792,-0.05490642144550696,-0.006475346055237644,-0.16047338005554038,-0.03772786860165118,-0.11546138877037487,-0.1182674972395709,-0.14010672716342143,-0.12281829316815841,-0.16584747557429103,-0.19331420879867664,-0.17660061906294527,-0.04096298917960118,-0.031747825434730696,-0.02240635840583249,-0.15249389209646982,-0.19275618593777055,-0.07457526184973448,-0.0743212927969405,-0.02240560434057566,-0.01946201998327072,-0.07635264215867639,-0.03834816152792232,-0.01873916683049663,-0.08517831158773444,-0.1740911109175479,-0.0535146082131432,-0.1318157005133382,-0.007586945086830197,-0.1411423316174708,-0.19281457979192446,-0.12976602450482508,-0.171284874725538,-0.05377463678300986,0.31292910327422374,0.564902664192011,0.4121937558239088,0.7049884760242195,0.5343053305377317
-0.0701052708864251,-0.15602322348124467,-0.09023266672128918,-0.18041643109013525,-0.1869359386658113,-0.04398361081345784,-0.007479599393490646,-0.10313429880167092,-0.013008290463919941,-0.12549768625743762,-0.11922655883093902,-0.07219289919323486,-0.07514289726383638,-0.05688187857709542,-0.0033830946592824838,-0.15307752303474248,-0.06191401465887875,-0.1320900983612999,-0.002433461213744539,-0.1330559766410802,-0.1836855009456817,-0.1135832257743195,-0.15802317118272466,-0.041674962486663795,-0.075075820411528,-0.02717706788977999,-0.16905419067684765,-0.09737721164755186,-0.13552761946378758,-0.15840858406732372,-0.08485006688800749,-0.11324558667200811,-0.19078055703534952,-0.11914155705157717,-0.014009426931840676,-0.006914227104603662,-0.028025205771941456,-0.08332259755351415,-0.1583791158697371,-0.15694690238310124,-0.09547576400372082,-0.19287798045564783
-0.26460168418082314,-0.29261190942972626,-0.3112881360561585,-0.5082560138358364,-0.4126101728097757,-0.4125087513585792,-0.3265219428990237,-0.37877209033720954,-0.3551469557752915,-0.48935105448481525,-0.4463850515121477,-0.2782801576993956,-0.32004829615597985,-0.2771889008375665,-0.25476372975061606,-0.22239626636328652,-0.34706043120981683,-0.16827991259774647,-0.1257746288180929,-0.23573209879366935,-0.15973712074824462,-0.10825644795283018,-0.053931476230073105,-0.10130651984968266,0.04497152175907625,0.009836987007735469,0.11608134638879578,0.1003093636353927,0.23356347826356114,0.11801532072368212,0.235661906085372,0.3060458179104623,0.308101459613791,0.49545938321801963,0.32185845628639526,0.4227663266512933,0.40930227021234483,0.5917713676475508,0.3795916131531221,0.7397436325348125,0.4443144527659421,0.5415766402332076
-0.38823374293479884,-0.26581164853742917,-0.3042794289707184,-0.41045847307899835,-0.2716850627811855,-0.41209035589416876,-0.2969857933117194,-0.4054558697146842,-0.4080053152249625,-0.32131395995551626,-0.22961491601597503,-0.3274918201545507,-0.2532498991776207,-0.20054862742194385,-0.3650974631820938,-0.18869077859973277,-0.23350191324189157,-0.30407289584126523,-0.2728133246777667,-0.05979491071689165,-0.03724829727171526,-0.18582558686881803,-0.19978642862212376,0.058537364175624156,0.06554514620103123,0.15104286990187718,0.06131957340639386,0.08338759144351841,0.2401929887286889,0.18163617882095745,0.28917984822258447,0.11283552034295018,0.42149968060212084,0.5182556061367983,0.4133971375626331,0.3968969807125208,0.5296091334016927,0.6334846924932929,0.5651602673408965,0.5573498534755358,0.5997060887459983,0.5010474604750768
-0.43319751998187106,-0.37926039049160093,-0.5054859341772172,-0.3446031960384221,-0.45717047562274316,-0.4700881655836962,-0.3605204885410772,-0.38959957336044054,-0.2521354636224068,-0.42870105281617316,-0.33917978302351265,-0.2702826618638835,-0.310061487505006,-0.2910978270005358,-0.32703203601191666,-0.36177380871525083,-0.2547866145181868,-0.1325895143064343,-0.2397153745702842,-0.14406327169506064,-0.18071405758638998,-0.155637667137106,0.06427179593725278,0.08880688703329866,-0.08196286454598582,-0.08839698137813394,0.15550668027993803,0.04055237627154864,0.005250362829808968,0.17044174381299698,0.2306625394694606,0.2722286140368011,0.24203125493410352,0.2837006395972135,0.42880911889564177,0.5927361585735124,0.40653063036547266,0.4383350052684458,0.42559571515607997,0.6053634136796407,0.4763895495048674,0.5795963198754972
-0.11318281722774041,-0.12049934743908561,-0.015566444555784523,-0.11343049695196981,-0.12545076089703902,-0.1104544022199627,-0.008437049768775493,-0.058456919283665885,-0.11358238025805675,-0.13348803890025993,-0.17730917743618238,-0.025603505055295545,-0.07909579934764674,-0.1875510289484614,-0.055120022515392365,-0.17626331268915296,-0.18555899231958156,-0.1612608751594211,-0.12169301005249723,-0.1053639314251405,-0.1887729388852703,-0.030517958685566757,-0.15232367499912314,-0.07068778300873514,-0.17525213981506158,-0.03153038665882215,-0.08918573704162679,-0.05608146862829189,-0.13037396657355033,-0.10914908413073213,-0.06371697274132271,-0.017144844531156684,-0.0625303731394863,-0.17689861923823755,-0.022816132760297588,-0.13926322184153436,-0.1607015387425965,-0.028404154272853904,-0.07468509029593101,-0.10573153310300305,-0.11893781821726714,-0.1075657535405113
-0.5897308978060407,-0.5753849898075984,-0.610712348860361,-0.5540319226844979,-0.6344570326807395,-0.7806138362344692,-0.7242310498036387,-0.7080517171265288,-0.6256588375043408,-0.8114654914527509,-0.8092194957413953,-0.6276738602449996,-0.7526191158754242,-0.5978392395508624,-0.6319513929411558,-0.6154748756585495,-0.6232119552086987,-0.7155607133726002,-0.5333269436155581,-0.5210938261774144,-0.4576009397354689,-0.4507456256462461,-0.5010305331667739,-0.5240479925519371,-0.5353859239899895,-0.40581754508715645,-0.5152549981198842,-0.5457941921078893,-0.562472805723039,-0.48459466645016774,-0.4674089010929226,-0.45933695062016167,-0.5006496609516667,-0.45048961980466135,-0.48261285388069625,-0.40355812885849324,-0.5500387333164146,-0.4847744464355396,-0.3683380349354243,-0.46087185334385006,-0.4361854419066428,-0.43656394880160737
-0.6286873919096392,-0.6161922329562269,-0.6221088966865935,-0.7416865698598233,-0.6906844662752891,-0.6572543680352619,-0.7074223833201133,-0.7312370408077186,-0.6717627615252966,-0.6069098509398234,-0.633094817767747,-0.6999698740006308,-0.7487077799122392,-0.6097686544769445,-0.6314275060042538,-0.5301040178990436,-0.6706073375197125,-0.5394140031764332,-0.6031072625408338,-0.6261984170673442,-0.6865548689024271,-0.4747739836574452,-0.5554205846854368,-0.5373459495751134,-0.4533445673585689,-0.6329233091846118,-0.6256451133196228,-0.6131014767131452,-0.47503858020665163,-0.41941370908846465,-0.4876235642900547,-0.42582467375731475,-0.49663282395807534,-0.4250782126501128,-0.3977730867966834,-0.3972021051783333,-0.376854293958106,-0.43543846887906673,-0.44805332719819224,-0.47995279794889156,-0.41543926783289337,-0.3708082378277481
-0.5680749595020277,-0.8423010525674812,-0.7668668421576748,-0.6380347742642274,-0.628860586974294,-0.6273938252572905,-0.5962674098785129,-0.5910249567568729,-0.7770320571844931,-0.674039997595185,-0.6745879632539082,-0.5843224280149938,-0.7810298425183262,-0.6681466206908179,-0.6466033070365482,-0.5798326492132178,-0.6050972833570029,-0.5316564283798149,-0.6770733206145424,-0.5482206651711133,-0.5419142024330559,-0.7064553102116332,-0.4368955386384253,-0.4366305839345132,-0.5145687730020355,-0.5443011312105506,-0.4996663323169073,-0.6520892076588107,-0.49151162258596565,-0.4071757936494324,-0.3887245992665442,-0.5568106589306177,-0.5375582221209382,-0.5456005728725303,-0.40135017944566226,-0.5885130735610755,-0.48326380987364254,-0.5224078764810605,-0.3561080791042575,-0.44258031503707007,-0.49349292188663485,-0.39991701570012006
-0.6158348569637477,-0.5593443910406258,-0.6909560863899211,-0.7492498298539406,-0.6747087296630486,-0.6233692971725109,-0.742604146157138,-0.5857554774755602,-0.5702544073810532,-0.503856014623343,-0.7427450022594559,-0.6627658502704296,-0.7076999828816851,-0.5473506051403532,-0.6289885887049622,-0.7166919918812273,-0.4788046985360693,-0.502063265715939,-0.5927356913282209,-0.684173075566964,-0.5150867627384674,-0.511990198287704,-0.5828941316732387,-0.6345422188505698,-0.43660552885707543,-0.5135976521835968,-0.5732109671488721,-0.4983003207014695,-0.539473708533597,-0.582154813645787,-0.40342452367190695,-0.5745044449207678,-0.4942997443475037,-0.50083356599062,-0.5702899479442507,-0.492209448170905,-0.41239348111223195,-0.5479827950601911,-0.4808694216125577,-0.3633300241260516,-0.5055030192357514,-0.46556444098332245
-0.6410483601523993,-0.5743654787647824,-0.6759943772818099,-0.7257633641596302,-0.5561502597076292,-0.6627814866036357,-0.7081188835060999,-0.6624017651370574,-0.7121088019283269,-0.5838193373525559,-0.7248682585997446,-0.7597961147850344,-0.5371008430374277,-0.6523315695214662,-0.6379340108284349,-0.620602306502236,-0.5528086579396765,-0.7200315083384531,-0.589281453568808,-0.5486561972212057,-0.6391698387068195,-0.6064052493621932,-0.5908344418078596,-0.4247713830255451,-0.5595288637024626,-0.4868584043930956,-0.4862319695571263,-0.6303718844270741,-0.5283945265912613,-0.48357750706251496,-0.4812844964699544,-0.491470444044784,-0.40787155413137044,-0.5681193422632556,-0.41750713568570635,-0.3561398526083086,-0.3872118359723409,-0.4322204096387094,-0.4849141077937905,-0.3706646803452702,-0.49350751941168275,-0.40258598171983345
-0.1951821039916321,-0.17343707157405977,-0.13305332442394452,-0.10150996682402874,-0.22047985690366687,-0.17168572699025011,-0.08256968296312006,-0.23945487136400057,-0.1928944887702001,-0.20620191961501702,-0.08097116649321898,-0.13231126060281787,-0.1360906067642835,-0.13979016971392913,-0.07168990955746198,-0.1689788874138216,-0.1388617071668848,-0.1451864910202873,-0.2392299057612384,-0.08788231976237078,-0.21778748256398797,-0.10896169281186982,-0.17863964052714237,-0.08946320862975858,-0.22063765257665513,-0.14510046658892198,-0.15526600891771306,-0.21163141261407334,-0.166834832842505,-0.12931052942225657,-0.13849249985422526,-0.1488658818461156,-0.08970525114113945,-0.1334468946650503,-0.05976900436166234,-0.09019160817638953,-0.0781911659503931,-0.23800797153743183,-0.23405128507723882,-0.21739782742022726,-0.2277333245754262,-0.07226456091523184
-0.9642079496912348,-0.8962196191623621,-0.832855427989041,-0.8366736984467097,-0.8986247347272202,-0.7688990183508767,-0.682932267768248,-0.5912738039998147,-0.4227070857939551,-0.3090244091457396,-0.39698729083374157,-0.3172099045501781,-0.12137049759872286,0.3080555170018092,0.4294331034862563,0.363142699234157,0.4005490328160927,0.6383461005113665,0.5415324942059551,0.6146287182305871,0.6262469050720446,0.6443847762375096,0.5344624539542224,0.6143375746874181,0.6125259558573395,0.5454252747676662,0.44646108169352217,0.4392391951387776,0.3805380256668824,0.33793447544836486,0.2960294699502945,0.19043532728455206,0.16408574360764067,0.18596925995246957,0.0843879831773114,0.03982025431777231,0.024430859779712807,-0.026696727098562703,-0.07278780834201821,-0.07310110410172584,-0.14081771466483875,-0.1376921111976736
-0.9127478424146077,-0.9436849647611231,-0.917294204569627,-0.7726716796077503,-0.8866286965853681,-0.8817708783646842,-0.5929111969595635,-0.4542950411238504,-0.6211023355078834,-0.3897236683585698,-0.10312700309422358,-0.247727549016273,0.011144001122283144,0.1168527026488849,0.37726186131103195,0.3545918350096111,0.4428967406763391,0.6819635975448013,0.6319119952210621,0.5301380623848965,0.7171836759287703,0.5894948906646621,0.5945043796718371,0.5241571646083064,0.5651983256843367,0.6167748182828092,0.4760331501545639,0.3571291537178798,0.3706122963287941,0.32073078377895,0.21143853178502078,0.2793006254609411,0.2264077034006508,0.10503014928055927,0.13702518721688575,0.055751828315395685,-0.05151759332339452,-0.03003341960818752,-0.029338190946806522,-0.07080495731986375,-0.08996680448974159,-0.1677510115352815
-0.9313194774880534,-0.969787548695884,-0.9245752152122843,-0.743672971619937,-0.7801780194782448,-0.8965234434667821,-0.8002813531121085,-0.5014377440043716,-0.6112093416918242,-0.3505036162994495,-0.1147289351022428,0.037796657595524245,-0.12266893711940591,0.010197248291874654,0.30989824479836,0.5153470023269501,0.43361353655822127,0.5807911329257494,0.6293718141715232,0.518609445404358,0.6911355749139225,0.5907796301502654,0.6595228081383607,0.574804213139949,0.5908831388622807,0.5507417941029086,0.5071630973297772,0.460791853660662,0.4118580332769929,0.33239777843033297,0.43753798467453814,0.33603976290284265,0.2701992432150415,0.14103122409649613,0.0991488039633458,0.06184714695866796,-0.03323821733389074,-0.0689018176261529,-0.06407242130617659,-0.11261347376250459,-0.10858300305347846,-0.20009347718546394
-1.025168969070344,-1.0060962013323083,-0.9243860464278116,-0.8936238816505877,-0.8538193079852298,-0.8374986356110801,-0.7714351713991585,-0.5949276759289645,-0.5362687782578587,-0.3263729069829562,-0.34444922537305905,-0.17998162702057033,-0.1554460503121862,0.13688058140921072,0.39422381934361156,0.4179831980820368,0.29474888248171566,0.5808391561774421,0.43688267713567347,0.5472155645986713,0.6889377981232917,0.6730016001299935,0.7377381291905609,0.6376393911490023,0.5754257259210991,0.555009056399511,0.650439938065685,0.41034084091593204,0.4036195536927806,0.4046453992703442,0.24812124086489856,0.21925469591531307,0.22413016215338882,0.1586957823577727,0.10762278662012535,0.013428505177967107,-0.021743888319349796,-0.027839498157734215,-0.03157112175788039,-0.058719216688147204,-0.13186754161973863,-0.17273240979876311
-0.9082040899282477,-0.8622898593944239,-0.9189036115611512,-0.7673201166482732,-1.0232861257419423,-0.8110329992213432,-0.8632258122085494,-0.7927457702510337,-0.6868680238883181,-0.3650079463545219,-0.36318564892435545,-0.24623771651478749,0.16901436226131697,0.08912890650230718,0.44710763503901224,0.2916555521510633,0.5139858266013171,0.6344982871859237,0.6698676972682377,0.6441817595475302,0.7449967704951872,0.5024836539936399,0.609893837313669,0.702491927105088,0.6031079133901706,0.681711634797519,0.5148409719842252,0.6049669767757146,0.4533879168270563,0.39772308215236724,0.29041833928887445,0.3099791879107077,0.23652964207592214,0.2080998706252311,0.05349783624626659,0.04608795267105345,-0.03245577044598969,-0.024959533484032233,-0.041691554841525334,-0.11407906543037309,-0.14060689966884643,-0.21515226368129906
-1.0626088267624585,-1.081667432097206,-0.8792105642793394,-1.0083359122144164,-0.8240715599697775,-0.7170743601344638,-0.8461666225085606,-0.7765059719943646,-0.5498001704019001,-0.4379196112464553,-0.3634269778128366,-0.03155477772686735,-0.14639967991937783,0.031094864152227935,0.19746361993976302,0.29208336711166627,0.5280037768356113,0.6336139529389633,0.5052974688799015,0.5729556237806306,0.7237373955660265,0.5941602017135891,0.7175406577821484,0.6316065302208315,0.6243739465374596,0.5388844054110178,0.5158715888658562,0.5215316169471742,0.4441231156430129,0.3042399824352204,0.3767762181136868,0.297341150159274,0.1919711909487883,0.14571851746045333,0.0627572776596241,0.007882834068856863,-0.046829771822009106,-0.04065839233551313,-0.053854149571501954,-0.13647910249715653,-0.2237862721164297,-0.2013548342365063
-0.8488409972190705,-0.952443044003389,-0.8302293087420091,-0.9323129610741152,-0.9573570355060388,-0.8799024238208522,-0.7747220885485424,-0.5918335469359978,-0.418383488633214,-0.23979898575052863,-0.3565244258177494,-0.29818878134317534,0.15358154626483905,0.23440334221329276,0.2708577742136845,0.22388379427517044,0.32997735313882154,0.6103299311761184,0.6105598058347323,0.5382153841867401,0.6859824326568624,0.5876333568359827,0.6945813385273567,0.6527670294774487,0.6863289985721289,0.5147706765415445,0.5232972268631388,0.48661920835957395,0.5246392770510578,0.3688274109104505,0.3287610236563041,0.3200307726198715,0.27145687479689756,0.19680894315579206,0.16329737588699295,0.12935589130995687,0.005137933358061635,-0.03132855205302373,-0.031960979962210125,-0.10822897210237235,-0.1913103930910251,-0.19069509740441568
