gfs-wave-data.json
{"header": {"parameterCategory":2,"parameterNumber":3,"dx":2.5,"dy":2.5,"nx":144,"ny":73,"la1":90.0,"la2":-90.0,"lo1":0.0,"lo2":357.5}, "data":
[rows 19 to 37 of 73, columns 42 to 83 of 144]
-0.19557566692016845,-0.33153833431915686,-0.1436108441957986,-0.28742527434129167,-0.332448310465032,-0.2556690824027157,-0.2861848817234214,-0.27440961811883396,-0.20852531092019463,-0.2604714461379698,-0.21937759691177594,-0.3215891328396812,-0.22014049251276252,-0.15080364263597038,-0.21468763806810023,-0.3309151189165527,-0.25766667974921853,-0.2071647785046391,-0.15626858356185985,-0.27059990985919236,-0.26334168394254137,-0.31302713438981794,-0.17781416628870844,-0.18952815564957898,-0.2845008456162975,-0.23702228174071008,-0.19916237169286252,-0.247533671676128,-0.3317196640487746,-0.22104482987962548,-0.13954686079494596,-0.283142664890508,-0.16137275600448436,-0.2719666876800258,-0.21759233755979396,-0.28078450310888803,-0.16509706410481506,-0.1685827831338229,-0.2969760558965952,-0.23815845430327462,-0.21075650704577686,-0.14661340905361106
-0.13106291688276395,-0.20827875238867766,-0.3172938166153098,-0.15364814478042177,-0.27732100080989175,-0.25665902916223715,-0.2689303014863791,-0.12737073563272594,-0.1897640285589482,-0.27797079239705286,-0.12919956704278182,-0.15932331948397818,-0.31989663405963353,-0.2318055258521784,-0.23843175840690897,-0.30219244728617733,-0.30856607553015164,-0.2567959426478646,-0.19520253861984968,-0.1457636311195129,-0.17552143688278363,-0.16575545074166131,-0.31104462128480725,-0.20134345101200551,-0.27706241243272467,-0.3055708871854831,-0.2132404724021298,-0.31144138875794775,-0.17001882745127664,-0.29958951898732983,-0.2841856185377532,-0.24132502024573513,-0.19121608567365897,-0.2061254624841008,-0.29898566878644656,-0.12939991070102597,-0.3153263931970495,-0.13488190031739888,-0.2376238209001924,-0.23013015190952724,-0.14581389333911365,-0.1715244588089457
0.3475261779808097,0.37896934150421985,0.37467076363552915,0.170212140385426,0.32129035886652374,0.3903739459242063,0.37275219523013337,0.33658807895100773,0.33331023681410243,0.3006856299647496,0.32115370485781336,0.4500578359207954,0.40730167761538427,0.42523811540004447,0.34717223047773327,0.5664745979689374,0.39678967956737743,0.5140540182317991,0.25784100054967884,0.5389213613123537,0.42951040485375486,0.4371577583806992,0.4175054147309211,0.38019964952236807,0.13642095543205607,0.3013953367095907,0.32036992244593726,0.021307981904107844,0.13751369612082825,-0.03384053536271345,0.11194117533915424,-0.029312529018163707,-0.21359911168399295,-0.22059602815381524,-0.19794007300112199,-0.21281967470042618,-0.22348705640433714,-0.20192365660332123,-0.4316842356119859,-0.3601375443553649,-0.4587845491196627,-0.36533127649898217
0.27018720579342254,0.2646593703875588,0.18592788140315183,0.2577939323107447,0.42218449576029554,0.3276899140182417,0.3512103171439851,0.30762828829198546,0.4521472124645508,0.46474992007724975,0.3082633015465734,0.3576134186337219,0.33513120298265786,0.4165931317769943,0.31960261705804033,0.44296352068397143,0.35793912050036136,0.5385518675427184,0.43511669204530135,0.25330910621704855,0.3910161052131747,0.25900578917875133,0.2758039816602718,0.20253622303920057,0.20337460879655664,0.18482017259026678,0.17697558567315005,0.021789479717900774,-0.0558421206973645,0.23464047055242673,0.0035967996582469356,-0.16980116952794352,-0.023101533260193107,-0.025705674089678967,-0.09439612557333954,-0.05761048154420369,-0.1974586811313073,-0.21931478935854526,-0.44692943187794804,-0.4491478449355199,-0.2534780148403756,-0.44908089898043324
0.3192020346628129,0.2957910245364722,0.41995061168012354,0.3695315515692366,0.3919212347674038,0.34658017332573,0.3549712829111644,0.455790331922959,0.4165811675526013,0.5080600862370356,0.4445822492194332,0.41835984234545986,0.33263739240994167,0.4126637816410533,0.3661405172570001,0.5063037698378434,0.5361135292008892,0.44759529851263785,0.43668951904135855,0.2717374400792511,0.5564238201391448,0.40119588085501945,0.4484917656853308,0.14533874270432431,0.3210089781807887,0.21884597016835933,0.29113905452004335,0.20094296596048494,0.012879269874233362,-0.11369473692931734,-0.1409610831961416,-0.11804622471391032,-0.22780173089719624,-0.16280991576908965,-0.21214559007595002,-0.06007485525070209,-0.2403790048855525,-0.3743746352906738,-0.4455087221067364,-0.2673711590476274,-0.2890351905978671,-0.38230240535776877
-0.0934874399062329,-0.22954253373781627,-0.15286087023487638,-0.10110600206414729,-0.22082227121987646,-0.1267805463353029,-0.12270469313627172,-0.09921268536530965,-0.22238187692504355,-0.24756037324975255,-0.227075577665101,-0.13709340420608265,-0.09884466469637723,-0.2224118301311203,-0.16646440190375972,-0.2568851129695091,-0.09463771247007624,-0.2522757514201652,-0.22456109517230316,-0.09613221257445029,-0.18253904720525246,-0.20341763620798942,-0.11683514628915397,-0.1682587213200214,-0.14724446166452096,-0.08735216995798101,-0.18944387006805072,-0.23243300593943703,-0.23896834925782845,-0.13710317264525812,-0.17027879217465258,-0.1855446838461617,-0.22126220800476065,-0.2659994769787089,-0.27163015990734496,-0.2398833589632759,-0.2604615120168649,-0.10264070259474119,-0.11021588685386365,-0.13316718432186267,-0.07804158447253814,-0.17470765643085043
-0.17842153156257645,-0.20238674784867952,-0.3192154017795942,-0.17929366282047401,-0.3171946436344355,-0.08885943022063317,-0.3182151585698123,-0.14639342830180355,-0.2304998877611313,-0.3486780887199852,-0.2848941871541023,-0.10609693162692171,-0.37284216319150326,-0.2927692349707575,-0.36710686339564097,-0.3696143296687967,-0.2197829078012416,-0.1743072245224196,-0.1830649374517905,-0.288170755271382,-0.21722216823892063,-0.2590634760687619,-0.29499290275793333,-0.1909339710776258,-0.1648264023612524,-0.2782944269338277,-0.32925039330318623,-0.35814279221450207,-0.37264320419280395,-0.43146234828037466,-0.2692054708607952,-0.45820432753221757,-0.5071161548349711,-0.5106586001882398,-0.6735053091039658,-0.5846904546016917,-0.6393047258731523,-0.6822418449823487,-0.7170139535940009,-0.6674733736696196,-0.7413420598893449,-0.5481168929262299
-0.07968907790553818,-0.19626576208992325,-0.2939284940045879,-0.250870257768454,-0.32014762259103813,-0.12517113763996876,-0.08768026291310724,-0.17875388897235547,-0.2788483361626694,-0.0974198959202477,-0.2709296604858607,-0.32035786808066885,-0.24883231397115763,-0.2983486283255399,-0.2647045384771031,-0.3572137728945119,-0.32399128668403104,-0.24062361152310374,-0.22219545659832948,-0.2464761671970485,-0.24902804270394563,-0.347510039973765,-0.30587244176819006,-0.3448171416054604,-0.16676328359554538,-0.2968038426815281,-0.33907301453539695,-0.29135330905328777,-0.34618897584707164,-0.2170816281389205,-0.23850021071045074,-0.5675011171049391,-0.6601871274223161,-0.6091576382697111,-0.8063258335106681,-0.49203240659089176,-0.5832118125497153,-0.6416306570357305,-0.549385234733786,-0.5534702717921524,-0.7586541853862955,-0.8231538090467714
-0.04006476958069868,-0.03719997862764937,-0.18043041695190445,-0.2323632773218979,-0.3307477606130921,-0.30732181850263623,-0.33996749014236616,-0.0758495996031028,-0.22160515388171348,-0.24408028170008253,-0.13616417544303716,-0.32957066369519133,-0.10802617496443885,-0.17533678234029276,-0.24583504940722536,-0.14133572773606048,-0.13640780394053031,-0.15353156234543366,-0.2082018884249639,-0.290561799784519,-0.3181901715553535,-0.3808844671779037,-0.3130653273438141,-0.2612534258329182,-0.26522093150242165,-0.2684382108269028,-0.31384691983556046,-0.39118466411271546,-0.29378573408219855,-0.22997397502553057,-0.33457390306791407,-0.4633622056063241,-0.7687798745757896,-0.637767718368827,-0.6853997891925125,-0.5057382761229272,-0.5042945718656769,-0.5183545316237552,-0.5511983899774225,-0.5446710974028648,-0.552349317770071,-0.6631784805295468
-0.31666980429885044,-0.31322418069790525,-0.022886619121067604,-0.29044600245427815,-0.1461048117333554,-0.11918285456231381,-0.1900486550329844,-0.2380839983878018,-0.289401411536766,-0.318870107999034,-0.2615738796568957,-0.11526552961155223,-0.10793766975644696,-0.15093971036087975,-0.1705795298561617,-0.22223086073249987,-0.11759739984790729,-0.28007987221876973,-0.22732752782155702,-0.32167429218560234,-0.16219073762891548,-0.26983501281754274,-0.2022865220059044,-0.25034988118476664,-0.2759079777217467,-0.24643416364625018,-0.20761950908225701,-0.25185126354158516,-0.2452553614617084,-0.30543233859732033,-0.32216793460901694,-0.43589654843290326,-0.5173533476135439,-0.632704541593958,-0.6431578743072593,-0.8362636598704463,-0.6203732543364395,-0.7941430435056755,-0.6981162054525952,-0.7108671575776585,-0.765485584864744,-0.6334048599036194
-0.3250150810175585,-0.03243303479399037,-0.24880411305101566,-0.2763446695224104,-0.3081464904085344,-0.213272857741029,-0.1676421030000686,-0.21210948287510908,-0.1475679949921263,-0.17098365438157648,-0.1276882934614587,-0.2117671961908507,-0.21080346139935863,-0.3005603993541256,-0.2910482473843592,-0.14077369266851045,-0.17320980262491845,-0.2741726550181509,-0.1424912555158311,-0.12405078186150659,-0.3980732978668987,-0.22363847968985184,-0.29077289347455343,-0.26019939204872783,-0.27646532280493447,-0.2058316519290733,-0.2371256406998013,-0.3784093095415384,-0.4149040996895942,-0.3185822317509183,-0.2911189654835759,-0.5043243489555201,-0.457202168605337,-0.5950619785237764,-0.5938449113899626,-0.6757445714576874,-0.6970950176149276,-0.7209979943014717,-0.6140309063294916,-0.5582106344980824,-0.5192393648274608,-0.6163449142161614
-0.12629342923972206,-0.12839934141412299,-0.02735148173685745,-0.16537406591094223,-0.09804857152760993,-0.1699422180751516,-0.10697720159051058,-0.027748878633872688,-0.05411894678422442,-0.1122464813394554,-0.08846910668219375,-0.048209298768743,-0.16635515049660834,-0.04267247061715059,-0.09726301231490803,-0.18318462036891023,-0.13497362899505555,-0.2022078146948775,-0.19376786474871033,-0.21295107933611382,-0.034947459647377145,-0.20667088008862658,-0.16619959267846002,-0.15068312485626217,-0.12605572348202912,-0.06770997583828288,-0.0678292165319081,-0.1151871320970363,-0.09977277549030365,-0.2028073871306642,-0.04231274964805458,-0.19269333111295442,-0.07429865479725367,-0.16299332736552427,-0.03579121392633258,-0.19128485184089666,-0.03762937936017227,-0.21821383468972785,-0.08191028377777058,-0.1729267897052399,-0.12092300676554163,-0.17181913306485797
-0.3747040342441088,-0.2235020842158697,-0.14999187993382102,-0.13206359660154626,-0.08055642735619443,-0.06747725107232559,0.026648767977190693,0.019621848857349498,0.07493408936446107,0.12963400485887455,0.12115879611420666,0.19081688277834752,0.12861261367742938,0.23133233921591176,0.21523148848880957,0.11154882301941808,0.2004376044658704,0.13119999467032872,0.21822223109480593,0.20428615895067107,0.3247070877355511,0.3368756592107566,0.22883578536087748,0.23373459634028104,0.30038696325397485,0.24486446452841382,0.2441640623436002,0.1347141445713859,0.19102493688869326,0.03901280400743966,0.0002788446477784607,0.023630269553545368,-0.14445250558750056,-0.16951175270973598,-0.3378973520244021,-0.591736788394237,-0.603186624444002,-0.545694372872262,-0.6595910380111496,-0.740784105777841,-0.752284612766559,-0.8429692298974937
-0.39542380048315046,-0.26286711114126493,-0.18151258150680516,-0.10170979282193997,-0.10601272265189937,-0.09521862748132123,-0.030123630004871806,0.01673469986959319,0.058880109900384885,0.06877567623498848,0.18111281748158786,0.0699525916140332,0.09590846457867187,0.17924459434151083,0.25461641321817324,0.1453633571137718,0.16142552173525188,0.216046908801755,0.2115850450717278,0.2915439227454657,0.31877233187586207,0.21728582648288772,0.2970594430221218,0.22528954241257704,0.2292275062268532,0.2527072388477738,0.2472464382486625,0.28037540225653074,0.17346744217123342,0.08473180688113593,0.05820344937338152,-0.00621431503508268,-0.11513001438935562,-0.24261835963576156,-0.4503695825332091,-0.4252314090913149,-0.5448302853796402,-0.5136059836365288,-0.712747391916134,-0.5916092834144698,-0.8262003056438066,-0.7567377942441007
-0.2382988432167876,-0.16190225238154274,-0.20867407896215429,-0.12164613314586989,-0.15831466056401985,-0.08065335073366511,0.022081200382400426,0.06558485997619143,0.06738381061817142,0.0893408298733348,0.17010062264317122,0.18523729372257713,0.0932014918802259,0.10468171954523657,0.24629306052996894,0.2358854575216492,0.20216120407910496,0.14463408755300639,0.14665921767658727,0.2420231746538521,0.2513045927862679,0.1635328487992755,0.24928514834982282,0.25502721980259524,0.2356624848595292,0.35495263398121774,0.24353155716156816,0.26485838803242906,0.1980841507551205,0.14487667252046926,0.00972643345880571,-0.05325405987050549,-0.15912561178268816,-0.18719171704405516,-0.3730398718868787,-0.4303874078093097,-0.42355867688513044,-0.5874422082472284,-0.5433977110720206,-0.8097199090594119,-0.7662358409574146,-0.7260068603983219
-0.1788995723197082,-0.24533436843049855,-0.17517679563354724,-0.07138553194274587,-0.09771025344832687,-0.06861485527692594,-0.03249787393739037,0.01874084512252181,0.04560491457215044,0.07386475014312908,0.14813668588787304,0.09223729273487852,0.08832887594573138,0.16126837487541976,0.13359650300941353,0.2057503073294427,0.21067276423019693,0.2839605374697514,0.30885684449000894,0.2304855200076275,0.3058213335689603,0.2715218916130866,0.2710145163226464,0.2916240570740822,0.2977007469307037,0.3103070672431067,0.2612227770502727,0.16544426640927348,0.08124669269322363,0.13164424364848812,0.09766155821191383,-0.0060801444088360935,-0.24762844935676617,-0.2917528970752211,-0.4730579861812997,-0.5360692912886653,-0.5552880999017851,-0.6637933380334705,-0.6556125301958843,-0.7028457519820359,-0.7868123447769685,-0.8237930097702822
-0.22669325482420657,-0.17115127039002725,-0.16666074589037227,-0.10450064344801017,-0.08492657679763005,-0.029088375990008623,-0.03972081163331142,0.017708668396797682,0.041773430746959994,0.1528511293375807,0.196111002472561,0.15207507905007092,0.06991172175845607,0.17824952431389743,0.20845805661764888,0.24182177320983092,0.2909291337440142,0.280702088203699,0.1855411386842494,0.19611409540209396,0.3150023095229416,0.17892107689647035,0.2512479909352325,0.30211866777688084,0.28982224813296326,0.25205498403756493,0.21575361979765964,0.1380193519526527,0.12815876650940802,0.09437327436585381,-0.06562513380803456,-0.04142916169933237,-0.24571016844292465,-0.24390720081695494,-0.270301739684337,-0.5062652092838167,-0.44783045118149767,-0.5105119034856088,-0.6817559549227376,-0.7386529361768311,-0.8462532178458195,-0.8364046503318646
-0.22146551115779448,-0.25186202935160573,-0.10745904463963295,-0.1470055293672158,-0.11129449709075191,-0.02992545136839603,0.003920204874345381,0.06551786220208285,0.02080789347540044,0.11952978728226209,0.10747743893326864,0.1618458886228287,0.08450707402223528,0.08522290897970407,0.09472434052731375,0.2284562105123477,0.15131233400587127,0.29005829470111294,0.1706155550822222,0.3416369690994368,0.21584390055785582,0.34582521241501946,0.2764845204124677,0.26276921899587996,0.24418375526748634,0.2816790140905788,0.2931985027691028,0.12115704816395322,0.19818752262516745,0.037928660850779145,0.037218583607511894,-0.13732214379180768,-0.23997199856152057,-0.21293922580480357,-0.3834864593295962,-0.5024322412965342,-0.48820284686552495,-0.5500906895690044,-0.7081893283609805,-0.8000897818828362,-0.7202113229072251,-0.6824603586311532
-0.32992709042869683,-0.2304804422222112,-0.15669553279460463,-0.169295753564137,-0.12509524348489234,0.003959265879679387,-0.0007424968399072925,-0.0010149385385014177,0.01884130096968588,0.078829236472769,0.05147077152511611,0.12723233386171628,0.15694028834121782,0.15360465586514646,0.12524096304810406,0.2123701502003096,0.2631191569126432,0.126387556582663,0.3139440698973899,0.25342374678820234,0.22651642446974732,0.336871342702588,0.30606497898728197,0.28143999609974935,0.2322241538825674,0.24026416203571238,0.2431497542848243,0.23434459506767222,0.17403857496032515,0.05983264037233373,0.10235900061567042,-0.14161631190828244,-0.17259328255151826,-0.34116590950317566,-0.3692576580445053,-0.4394598320247498,-0.488220638170353,-0.4799394839262657,-0.6249765844961388,-0.6854415747261257,-0.9158366736319871,-0.7206720938050235
