gfs-wave-data.json
{"header": {"parameterCategory":2,"parameterNumber":3,"dx":2.5,"dy":2.5,"nx":144,"ny":73,"la1":90.0,"la2":-90.0,"lo1":0.0,"lo2":357.5}, "data":
[rows 19 to 37 of 73, columns 84 to 125 of 144]
-0.33333042892203546,-0.29616842752816036,-0.3632103773422573,-0.33041228087062297,-0.36815216809051354,-0.34677694095754685,-0.3652321389260889,-0.30715002824468635,-0.38895686560685494,-0.47652202989582326,-0.3022780688549235,-0.31046618722579505,-0.4477675863466567,-0.4246602017828669,-0.4104501932175589,-0.35493738760894833,-0.2923595252742809,-0.4024383073014247,-0.33727824545610263,-0.4113812370774018,-0.43221108788927837,-0.4137060866215651,-0.34427392293434345,-0.4450978491559907,-0.30869040319810187,-0.34597231381409155,-0.4595635566929548,-0.38553831874058425,-0.32901821161666833,-0.4766140064436763,-0.3671880785749228,-0.32869021755551825,-0.4472816654494555,-0.34103501547832343,-0.4721316372475105,-0.289339449072496,-0.3214744196172005,-0.5087326113888665,-0.3855895658615167,-0.4623635211479668,-0.45671987360300575,-0.5964766277289506
-0.3662038628936636,-0.4422012130944344,-0.47869728521498695,-0.3844689223339368,-0.47863586214854964,-0.3154074410115198,-0.4007819461237714,-0.35103338431284825,-0.3828861061978152,-0.46403553868107805,-0.4650224606046624,-0.4797198818403292,-0.42266522074552326,-0.44269387399773324,-0.4645155534434622,-0.44127573493267297,-0.4695042765969792,-0.4163359326014284,-0.34940762366533235,-0.3176901696201932,-0.29709750183021355,-0.4141418850708339,-0.3764432980268525,-0.43727917048499665,-0.48152788148791614,-0.4049562810381826,-0.3236271709174142,-0.42105557461009857,-0.4448900044336346,-0.3599528801539735,-0.3204221707031417,-0.38844872474290926,-0.32556720991850185,-0.3205954077592815,-0.31458402453039924,-0.3466199564037815,-0.39123740487179515,-0.44181601524964464,-0.392478331065877,-0.4342652299096141,-0.3074736212934824,-0.47235547854756393
-0.46905902554112106,-0.38672844340678714,-0.4268916260592897,-0.6111967507658781,-0.586604470345064,-0.5126896134304667,-0.7046428351785624,-0.5861123901553831,-0.3941950871576678,-0.5929932652366002,-0.42030462264834095,-0.3458373078557526,-0.38693377247653665,-0.5121491131133005,-0.44386789566467333,-0.3761802810640102,-0.31680778262097037,-0.36557195485398186,-0.30772354647446465,-0.048137270819684455,-0.24065369105721152,-0.1708863804250026,-0.14837760327028401,-0.022335951475963116,0.14743701890431032,-0.1118799952597117,0.24882933413110594,0.1864204587690638,0.24420662345102997,0.4359057220779275,0.4185942249841772,0.2610426791367244,0.2976968066838501,0.5183817171866028,0.6804062180894493,0.5781124990160447,0.5909831970767265,0.43363839593451825,0.776948816602078,0.9052137010885778,0.7335817819850461,0.7485662155906099
-0.3441415546915837,-0.4371087766292868,-0.630350071918658,-0.5034997060151202,-0.507286509809112,-0.4396642670005975,-0.49308083218898674,-0.6969234751165044,-0.6764775106681674,-0.4534344369145865,-0.41324612102586655,-0.5703536977887694,-0.26757534306133895,-0.46481269823708826,-0.30824169833275644,-0.3808321350760505,-0.4195354832515688,-0.2627555191548153,-0.23930499453791604,-0.19392691440555085,-0.12378767719628221,-0.3311229142181139,-0.1837655682398251,0.08762078984620116,-0.027946770356411597,-0.017765991011982903,-0.03782032692210777,0.07107267251442566,0.07921411434707425,0.27726596699662553,0.41201441587690835,0.4031717150205137,0.528459956889804,0.6131818248596965,0.43082672675289796,0.644522522788076,0.4055841366381375,0.4937091031020788,0.7138647103899954,0.7625296366047866,0.5372392162914743,0.8746636247904389
-0.5760312851242025,-0.44447080604071865,-0.3651281135488494,-0.5075540449131055,-0.4431591918748357,-0.6190199904207107,-0.49056156370384635,-0.598454502894245,-0.3716733523189599,-0.4786381069662112,-0.3806936272935593,-0.3175696778848709,-0.27626326354580155,-0.35428269728920897,-0.4486648390914609,-0.3922050349252964,-0.2552951581849308,-0.38821092028227255,-0.14639044084679004,-0.18081379438246628,-0.17457103028470575,-0.2555898213018858,-0.21925028620033793,-0.002527174350651854,0.104345673760726,0.20895306693969365,-0.03335578441726144,0.15505188823354096,0.14270893989667569,0.08326217854869035,0.3693790272098318,0.25092614508464833,0.6001735266699162,0.2603916643333689,0.37033407008840435,0.502442228727253,0.5612095015429194,0.8344884335506068,0.6705009956345037,0.757151879972984,0.5806916804502853,0.596459316891836
-0.302643673040835,-0.35967194313566186,-0.4483128650746469,-0.3133242119393803,-0.4918335904773283,-0.39985026247748756,-0.42854977656334414,-0.3422850755783004,-0.29854266503346494,-0.34229451906387737,-0.43454511645659916,-0.35398281401206005,-0.3388272721891473,-0.4924862802772132,-0.49544229994824,-0.43394106931753484,-0.3138133849529865,-0.3136843572096664,-0.40053476188077347,-0.30770017494598156,-0.47239072097223356,-0.42673692917746864,-0.39529399729100995,-0.4329169415492917,-0.48705892001698486,-0.4960402789034374,-0.4627187612276689,-0.3715905485334654,-0.37118550379453596,-0.43964010052399527,-0.35412200506577574,-0.41277512535401295,-0.40281970228625824,-0.3007019126036295,-0.3224829613452417,-0.42473437087273863,-0.4205275402383579,-0.45376046180102714,-0.3387994375211563,-0.40107142781590754,-0.3272335105089962,-0.3590592304631556
-0.8109697387501124,-0.8780389515339408,-0.8360301208547464,-0.7460137336326936,-0.8911476979004271,-0.886971022993674,-0.8544360245149654,-1.0137995903422545,-1.0004025800479681,-0.7890818919457154,-0.8689018353321574,-0.7817916581599608,-0.8969992901404679,-0.8065833131704377,-0.7055669320628929,-0.9665789771771387,-0.932797765417789,-0.7209417951661719,-0.9359871162387234,-0.8073005863862854,-0.6477928580596661,-0.8064324384487198,-0.7829748383710596,-0.8482962327015463,-0.7441822753950087,-0.8582892777820776,-0.694959866657273,-0.5886037776364066,-0.7345412533724794,-0.7137601181016322,-0.7651918456581003,-0.6518437404604928,-0.6779376328447732,-0.6857464844663409,-0.7153224570450372,-0.6458812333997868,-0.6711647409843345,-0.6506734300587651,-0.6236263164096453,-0.5185916473662278,-0.6996085111011691,-0.6032992939095893
-0.7107738055426713,-0.6934563715740347,-0.983363231252107,-0.8591574769837336,-0.6987429582297043,-0.9412875865714506,-1.013502808262596,-0.8300478471790698,-0.9677843070553256,-0.8900299942711319,-0.8394212721211226,-0.8831054315990559,-0.7861847318509738,-0.9567492930677913,-0.9584841708708989,-0.7380327850444032,-0.7997061559552897,-0.7803841749338376,-0.941173288976786,-0.8471436501465436,-0.7747336706215745,-0.6908766100364813,-0.9047135740002511,-0.8516812999250015,-0.7143258609669401,-0.7768475626170259,-0.7369866065676838,-0.6899098434871438,-0.6908593241574229,-0.7551799487148911,-0.6807195272532601,-0.6541024352592653,-0.5456502959395244,-0.7922653910358373,-0.7579653415262994,-0.5134245227700581,-0.7202331622825953,-0.6086264543024635,-0.6178422510225009,-0.7687495736021694,-0.5652830980804474,-0.5821812681464023
-0.771430541118838,-1.0372600846330675,-0.8006587199675127,-0.946468131750014,-0.8468854753266715,-0.7740042438312992,-0.8961128724061505,-0.9112012703962342,-0.7967425881528479,-0.90232728639538,-0.8273975053049301,-0.7283399013709342,-0.8554946075126204,-0.6738716723665671,-0.8413534414165799,-0.8744666312347465,-0.8496723771784369,-0.7872255761631883,-0.9252468270852152,-0.7342729595608328,-0.8808902803071706,-0.657508449066085,-0.7696721461170708,-0.8345524234550689,-0.8675316046198542,-0.6278404712615616,-0.7988972997533506,-0.8429774087035864,-0.623338957789761,-0.6116611031488836,-0.5524413363366906,-0.5653012050613075,-0.7653794980102298,-0.5426993136233601,-0.6162433229686622,-0.6776889497513745,-0.5962643618127912,-0.50535106626421,-0.5983856987658901,-0.5929654464483816,-0.61764157281122,-0.6216069535083698
-0.916919498705154,-0.8784289218152252,-0.884671308484065,-1.0069158683505197,-0.821224570663552,-0.7468521877243747,-0.7436379951354073,-0.8422130335428117,-0.9631466886485304,-0.7768061107450798,-0.7496551343853336,-0.7615136497953081,-0.954203517128504,-0.8863704217670604,-0.6537277534808523,-0.7154377784317514,-0.7056373852269352,-0.8543990377228297,-0.8235684075226537,-0.768825683801756,-0.8112753885978338,-0.7785911840397729,-0.6207808852743006,-0.6537964267376641,-0.7423853605175341,-0.7254994097211267,-0.7284471181960828,-0.8431956970710073,-0.5367847277442102,-0.592535197796073,-0.6738446491529548,-0.8169849453595887,-0.6538263869681497,-0.5436917745269668,-0.8238404708814571,-0.6211008269556534,-0.7087759604077695,-0.6264883643472594,-0.7241438784710653,-0.644137082513647,-0.535395806423984,-0.6929396491913452
-0.7674982069468733,-0.8341826154010178,-0.9051730041885079,-0.9443591955248952,-0.7750820206856084,-0.9448087426574295,-0.8491891276544138,-0.9096081636304942,-0.8601977026279966,-0.8822347480748016,-0.8425743545933891,-0.7305632875765875,-0.730581735023648,-0.9080981888807818,-0.737098396790954,-0.67091128396234,-0.8077061170729058,-0.8736914948413221,-0.7955199034715952,-0.7770841087297118,-0.8554469818174556,-0.7568996666442287,-0.8401650021475889,-0.8559511083916838,-0.597204284393368,-0.8057884680862062,-0.7281134606033967,-0.7203488519665271,-0.6634429092326783,-0.7512900119193351,-0.736078019527616,-0.631933769196137,-0.7292003609448129,-0.5717749921976152,-0.6676506192855267,-0.7423508527418241,-0.663161347347627,-0.592769356076621,-0.7282170217641305,-0.6258283452477683,-0.6285006823041841,-0.5048785316605843
-0.3201869079175741,-0.4208528666337492,-0.3447936065066613,-0.4452946560044402,-0.2784798265261842,-0.30167156591055483,-0.369268246901257,-0.35445401973658425,-0.35636587355676486,-0.4759825250127078,-0.3621404101466723,-0.29459734859614567,-0.3520740461899153,-0.4118568477847025,-0.40035986456909717,-0.34062413657846474,-0.4185656775032614,-0.4124263617669227,-0.295915762517243,-0.32282245666182435,-0.43904119603300584,-0.3738163018403994,-0.42929217126124053,-0.36368956272868125,-0.28413185328894375,-0.4557077757307395,-0.3527261925403162,-0.44743311139285646,-0.3530836032480587,-0.4018517089745184,-0.3283688361578104,-0.30433917535694666,-0.34231342967051764,-0.35136333036000794,-0.4031130539202633,-0.3580007311504484,-0.3475391386981544,-0.3175871700828085,-0.2902635297617919,-0.30725765996580023,-0.2869949919275525,-0.413672894565215
-1.0199958737888823,-1.1473582643228277,-1.1579554938506127,-1.0734806026333146,-0.9269679685711059,-0.8640421099125396,-0.8632217447817674,-0.6145871991048242,-0.5644611592457889,-0.7142304532747829,-0.2258334461852515,-0.24266879428342306,0.1978590683455182,0.16658699577518785,0.44560174619677534,0.5574694877036194,0.5390392947365146,0.5699573885167158,0.6869186776751284,0.8370908268596569,0.768317251151235,0.7547365179455777,0.7247567690962959,0.8441883472710855,0.8393812652926047,0.8132478598291922,0.555813049469591,0.707832073115395,0.568529719863421,0.4767045082905871,0.3493299336428428,0.3888269420257493,0.32857976380384196,0.3190018837141223,0.16290646531067163,0.022464013315375266,-0.06618242022413652,-0.01344372231857999,-0.11841639838294485,-0.28955714125790893,-0.2696058813137757,-0.25900790998365547
-1.0615816765106019,-0.9489703619683744,-1.0241122353322867,-0.9768516731364567,-0.8836681304822337,-1.1094454204950992,-0.9051272442406271,-0.8937926351516249,-0.4728856223250735,-0.6095425811544803,-0.17627490457638478,-0.24079578760445153,0.12157333053826615,0.19944426208000351,0.3340752782627899,0.37420551657799156,0.37370005100127407,0.7638166102820739,0.7394973279064382,0.8247128099080131,0.8276631249341152,0.7273874115267487,0.8579959956583747,0.8831069447274886,0.7214070200128514,0.6508075350491902,0.7104293210941002,0.5575801237035933,0.6749760871204595,0.5084884181821944,0.41884642331578165,0.46689830026321855,0.32887928444786707,0.26491503305183683,0.09263475426546665,0.04115335607712874,-0.00638087690178736,-0.04914976326031931,-0.0720828926948197,-0.10765072258760808,-0.2664608706018454,-0.26228914609741344
-1.1668436593201374,-1.0106167777759982,-1.0023997214546176,-1.0451542614505511,-1.0167544540918876,-0.9112825538577944,-0.7337851992861006,-0.8096553820737374,-0.8130095971737786,-0.6643841513094391,-0.5242733907444214,0.0021356248080656283,0.03443561053888234,0.06621405082289235,0.3233600811443532,0.36368002333040345,0.3663302969004243,0.6515765943639781,0.7959732341321865,0.8201300764663187,0.8255223219238685,0.7056438134229204,0.7824012676736187,0.8636203362090826,0.7755793854962019,0.7860977816065253,0.7386896547763,0.6521192438523727,0.45294833582502964,0.511217183808793,0.5320096573671927,0.46234798399402544,0.24225351093630032,0.3029161113206033,0.08637797974286283,0.14518270894582733,0.07654204451356118,-0.07695435237829354,-0.07782062138620877,-0.18094023595222328,-0.18072976295680068,-0.2621979180181283
-0.9884926659811177,-1.078434558533034,-1.1057014566376209,-1.0515250290758882,-0.9906474233788827,-0.7685907997529838,-0.6748353694307792,-0.5939378719742291,-0.7362262855883581,-0.49017754492433263,-0.24836078000598788,-0.35001503151069446,-0.16644085504850117,0.32604862303797116,0.22513694577726986,0.3714199577752771,0.41971147402223047,0.5097729286644083,0.8633393890314839,0.9020081948647896,0.7094072787605196,0.8392230643104421,0.8261543629097858,0.8482630866607818,0.6607060965618572,0.7143955953364053,0.5324534656677927,0.6431445040809431,0.6695035864805451,0.4068625121433941,0.424073307366718,0.31443853058812965,0.26347709855703905,0.1393588034887849,0.0672327538857524,0.08690181782081788,-0.05744179372014743,-0.045604824561783566,-0.1530479309133863,-0.19882705504339523,-0.25647001592441176,-0.21275432145646087
-0.9938710037243103,-1.060637908380478,-0.9100411889567238,-0.8940000294875846,-0.9118397854899402,-0.9853965568959021,-0.9234465736150657,-0.7981887741838464,-0.6655015570998922,-0.4578232478997159,-0.13241029571736354,-0.07156730784089049,-0.16594083256173722,0.15205669499204155,0.3643060637541947,0.6339788298605272,0.608560348709546,0.7683971191454367,0.7381045998305786,0.6559543514962625,0.7588043423374987,0.8089153584570369,0.8215980778642765,0.7466393740504282,0.6014486297446311,0.7609239207503572,0.7556270189111323,0.7187877807248161,0.47736121061188347,0.3706922937350481,0.4430425834882705,0.3169345583904785,0.3210664549696581,0.2114122141572835,0.12236918017434797,0.10094721578388059,0.08993276785525992,0.0006079204177417219,-0.1109855933278892,-0.11692106402028352,-0.27296855036231,-0.35002567794921685
-1.1714745366093906,-1.0365785485318202,-0.9860739960394433,-1.0678691806009528,-0.9846585844247009,-0.8481296177344968,-0.8074386891460656,-0.6148492544959332,-0.8209523802686937,-0.6070169898862159,-0.3978383361107202,-0.05834728787000739,-0.1600797622445616,0.05137292950119982,0.4749057948705933,0.385557524182323,0.5821960892565882,0.761817571495784,0.6694936899058188,0.7172013563469228,0.6703953935628439,0.7435260148023346,0.7568150463453349,0.7240700552515924,0.7353381044112745,0.6008300190523956,0.704577425394755,0.5665498979679042,0.5647197390210026,0.5165535834746244,0.42678049180367567,0.3330730556334266,0.20147516542775087,0.22632994970251982,0.19492742541945882,0.02818329156691252,0.014776780002202602,-0.1263129701357821,-0.06878206652144217,-0.1277597045918436,-0.26372012658579264,-0.2767348953788719
-1.0114949510256932,-0.9117301267873013,-1.103856059375544,-1.0475033866069683,-0.9766552980644444,-0.7945494267842351,-0.6881846165847012,-0.69120285610947,-0.6863972281089662,-0.5938165190213032,-0.1347970880015816,-0.02737326706465235,-0.1667081974686761,0.25628225160111723,0.4245780286064032,0.36820961155986615,0.5466665102278037,0.5903111928644276,0.6035292629074465,0.6713202018702132,0.6582145285812685,0.7789917814550857,0.6838086523177332,0.7993977860524492,0.8213084961346048,0.7220325108291014,0.5592527000745129,0.5864526998280583,0.5235367816463182,0.49598178879682014,0.3584520836682793,0.43161405076220843,0.2971094075363231,0.14302678728156834,0.19005505194353942,0.14058336068313448,-0.05088273459287624,-0.051476585409613765,-0.14621092080183615,-0.2084115408774883,-0.19675364223028377,-0.2286235524876753
