gfs-wave-data.json
{"header": {"parameterCategory":2,"parameterNumber":2,"dx":2.5,"dy":2.5,"nx":144,"ny":73,"la1":90.0,"la2":-90.0,"lo1":0.0,"lo2":357.5}, "data":
[rows 0 to 17 of 73, columns 84 to 125 of 144]
-0.10616436396811983,0.17823296235858857,0.2628957603385725,0.30376114845087326,0.45334575549864164,0.5353941421709681,0.5994340957567714,0.7182095522356352,0.7088451311009974,0.8285262254774971,0.7119194047048067,0.8536299280419556,0.8422914295739303,0.7344932911183784,0.8236651431822191,0.6851069244183553,0.5698461699726353,0.5698858946786524,0.5507420487219042,0.577212746893233,0.48644882633095604,0.38915094400670347,0.1609887308702458,0.18383092935175352,0.05045144261909793,-0.0459259305012396,-0.1371577584911633,-0.3246438379734057,-0.3538747376246246,-0.29555699138989466,-0.39267119281426643,-0.3041830427211737,-0.3398973570751732,-0.42337140187436256,-0.3269744767756059,-0.43599814177367446,-0.3374280309687295,-0.3129252072153595,-0.3650099643898659,-0.2921151991490593,-0.39794815266482886,-0.18873890175646504
0.03560485488553133,0.012269262484242673,0.096579560469961,0.43759346087483625,0.541860310561612,0.4485854063910014,0.6590589573401604,0.6561966848619851,0.7545989526059995,0.6936652362014598,0.6826293129581563,0.7403085609401824,0.7496433685473293,0.7512522213605944,0.6833630187331914,0.6324327965184987,0.6822590666403732,0.637628457831019,0.5110714925990874,0.4071167156014463,0.3168004802835517,0.20653336256244606,0.08609477988433062,0.0776613969004906,0.04092402401383456,-0.13013507475592548,-0.28573570154517924,-0.3150041518335356,-0.2180492022710261,-0.32329064845307653,-0.3425530268197006,-0.46111610214096893,-0.3985170354432219,-0.4255241618106587,-0.43477993341344,-0.3363644378293141,-0.33414908748987704,-0.3410413027191144,-0.2927945526750226,-0.3036540875076311,-0.33331168208213036,-0.23030538101496478
0.12167162600251911,0.010422237086041574,0.08290374820117762,0.4645747244785324,0.5290057574400414,0.4383864972277868,0.5171286329488177,0.7127115657710847,0.7414338125525239,0.7797894874076801,0.7853287446628017,0.6953452445734702,0.6580324446613577,0.716599875821471,0.7182649365699584,0.6876043960786716,0.7334342491123427,0.5662358105016513,0.45264955531818846,0.47482669273350037,0.3859242604443301,0.40691014516910307,0.12870684531695706,0.009777057919018225,-0.0813797028288967,-0.17973006556537094,-0.27432805204806393,-0.1767527225451931,-0.34926644934551293,-0.36139314168673276,-0.3544313016144129,-0.2780200306980826,-0.3383275640633844,-0.3957580283225026,-0.3295906367914206,-0.47350386299937625,-0.31815020215352496,-0.3258457617712128,-0.3734859846588346,-0.36615097734390073,-0.3725444397847745,-0.25402938767612476
0.08443043136627189,0.12417767079427769,0.3074972417539251,0.4633947036532438,0.4204137782441652,0.5793077341967624,0.6116451028290845,0.7064125160493014,0.5538037707633,0.7349109345387421,0.852770986172323,0.7095941259798526,0.7270414877902998,0.7137224399681456,0.6665480506786229,0.765898139994562,0.6541356399177093,0.49718519828524693,0.66309688966983,0.5572411599213409,0.49383784355339966,0.38742270629922126,0.2487502000681826,0.055275445205278974,-0.029371651977715,-0.08669840341421073,-0.14906267262047723,-0.11958417209425176,-0.35725005617900485,-0.4000684815759501,-0.34156581922485835,-0.46709823415193824,-0.3158304695836407,-0.4053553700054862,-0.3129798975044789,-0.4282223784743183,-0.25596783712378535,-0.3102191020441983,-0.3654774814895649,-0.4143589712300371,-0.32514341633695665,-0.335295720021101
-0.014442804925832744,0.1086128864547678,0.24568575633290693,0.21650929132438174,0.34681073406835217,0.4293477296698311,0.6121053458839761,0.7414868963527727,0.6004586408007486,0.834987374433001,0.7248524417175198,0.729073806345871,0.736537893417047,0.639069848304673,0.6489400094670716,0.597364317550513,0.635760598945073,0.48830571283845764,0.48255935518614557,0.352843597012337,0.332624375720479,0.26692041239455844,0.12121045174690094,0.0606227642801547,-0.07433308876417076,-0.04277144793154387,-0.27332381859791577,-0.2772848861240995,-0.20547546088638763,-0.33743273325327655,-0.3335594979804424,-0.3277115800551757,-0.34376054977687154,-0.3431047481079126,-0.2756811965443629,-0.3673554987432462,-0.36781419746084354,-0.42626500340897855,-0.3530516058707068,-0.4126478360328558,-0.37910423181479863,-0.2888332153194929
-0.08223218541564034,-0.01718832870936337,0.2990487499411161,0.427435901509388,0.3937386823820283,0.6023405909579863,0.6856899899545443,0.6894217781955571,0.7758739414818903,0.7501505406847145,0.7519751096157794,0.8654984359476656,0.8345541787702171,0.8122041551674956,0.6918920274533926,0.6185979660871139,0.5958436242360693,0.6008778152168167,0.5338902152330071,0.48195583490493105,0.23120108936060793,0.21224476243161308,0.2837148740873619,0.056820163192142725,-0.06517664639853742,-0.02033148433821051,-0.16828613934987438,-0.17568887731034946,-0.23802219357408486,-0.2918952793475188,-0.2422914335052616,-0.25751421059369184,-0.3202451570338917,-0.34239686565857025,-0.34147799699277426,-0.33514749303566344,-0.3618160812968942,-0.40491119659888786,-0.3413707621094865,-0.36505643893433387,-0.2560639834852024,-0.2462590398347966
0.07763984219264557,-0.017389070990965618,0.3168123891007009,0.3621954943496331,0.35028826989771217,0.4942267219638127,0.439031143888705,0.7549778578559131,0.5495302546745331,0.7131505849318948,0.7160082428999255,0.7163374856056615,0.7618999548816217,0.5712388897339389,0.783314463823142,0.6328931964768232,0.6414034488270927,0.6653656982300081,0.5037434420000587,0.40106481449951875,0.45037063467795596,0.40502889211765053,0.098153782270337,0.11380752498848948,0.06705886745644016,-0.015923179621644495,-0.06447533574569182,-0.18900918753084023,-0.31542169450919977,-0.32266552625776485,-0.3542444779020383,-0.256908740191884,-0.31862251686499754,-0.3238486929052152,-0.4529205006892946,-0.3804251488390901,-0.3473992184764471,-0.29662654668218486,-0.25824768718712376,-0.27671480133591986,-0.34704677712299836,-0.33791865377129526
0.13243735247206978,0.16859771675205748,0.19464404491526835,0.2542056084102522,0.5693064757877795,0.40061236318797333,0.5916333630277306,0.7327010818313731,0.6673876981078765,0.6791799068774828,0.7474190498277788,0.7839023568594465,0.7648237593533262,0.6367941527613854,0.6488200396078015,0.6576969292093059,0.5313366152057976,0.5981495831364705,0.4206513399130493,0.45869207868882994,0.2237089307002999,0.3839767982999863,0.10847693596434936,0.0555778352173656,0.019117696926724652,0.019062045384561174,-0.14679256268430044,-0.2510967279432297,-0.22861231939458768,-0.285514185463093,-0.359905752547029,-0.2952885135560852,-0.4536497449298964,-0.44676548367553726,-0.3257337985834504,-0.3623135896747575,-0.2844387947749416,-0.41001144143774293,-0.40932342954522105,-0.3079932099794798,-0.23359347553528131,-0.2753649728537955
0.06659089440406601,0.11003605239666626,0.3177955450508068,0.3141614567476251,0.39911375069084687,0.5759203100031132,0.4591326901145894,0.5852507073933693,0.6093936503589131,0.7432936515548718,0.6377573444178943,0.7693020421395168,0.8179244547317196,0.8298800018783292,0.6996020144437931,0.6869608785920013,0.6195675115275158,0.5585252307631201,0.5621417045214224,0.5210446273707199,0.2506020800899809,0.3081261207481022,0.12087415099755977,0.06511005750732596,0.036339576620020506,-0.03919791370499965,-0.1278931687888268,-0.26637541294930656,-0.30718144680853954,-0.2281960229793007,-0.4206533321286484,-0.32746180308689204,-0.4187236499375877,-0.3913286225333329,-0.39113944805635664,-0.3500136482322278,-0.2842332889842909,-0.2620863383576504,-0.35365972543966595,-0.34968794751107607,-0.2850337749257451,-0.24342744080071593
0.0670164926985824,0.16288366554378958,0.28760239457558556,0.3493118141060339,0.44031162596965273,0.4342181829158661,0.5897780496096776,0.6770427720125142,0.8096628179205521,0.6367535396520881,0.6955859414495625,0.6582691094497772,0.666061078498598,0.6925419805946135,0.8207919591979347,0.6736641625673838,0.7295169214888028,0.6918590897660452,0.5234290901829405,0.4661254689810966,0.44358225648907174,0.15718474435432908,0.08392420202647048,0.056586663634812545,0.09610511528673646,-0.14279756159629148,-0.205103013947943,-0.21610345605466377,-0.16957561961240145,-0.22101718659140593,-0.28417096320236357,-0.2440740748515952,-0.3262176286189848,-0.3534588108327457,-0.3936221986835607,-0.35500232487394784,-0.3427854331293753,-0.3819917870665093,-0.3416857758943321,-0.2755735635722954,-0.33199932791555314,-0.2857942289822986
-0.03522946941519545,0.12378470824182887,0.25705986380371443,0.46054680298680184,0.3618714489462135,0.6610648576472473,0.6541153500836853,0.5400823938321409,0.6539649901847644,0.7483916538034653,0.6918473124839725,0.725273776368914,0.7262627545725566,0.7846475639474911,0.5727740065944088,0.6342767276789048,0.5430938239468606,0.6818487712263601,0.42638103486179674,0.3503812916339645,0.23048567527346125,0.2821482205044968,0.06164112514703047,0.10550149343391545,0.03945656396982275,-0.16748329138048118,-0.26700595725653975,-0.15422811647142903,-0.1892003414817496,-0.22491370756613685,-0.30702960851067446,-0.3360113083557854,-0.3727059323333445,-0.3239694781616461,-0.3673619413952584,-0.3502918464708632,-0.3626427854808634,-0.3164228618945081,-0.311740920964686,-0.32380601909283857,-0.26099927933994377,-0.20909770836774128
-0.07984078822355649,0.16456003164423888,0.25493693713498783,0.29817408825528247,0.5111095957947822,0.6117911302545525,0.6176563037083459,0.6699060905412373,0.631930658756226,0.6643311306831242,0.815073365133452,0.6699657176209326,0.5990743998973782,0.7483681124760245,0.5936043733201459,0.6255156514875647,0.5256865341194117,0.46939739681344395,0.5772291117486141,0.34384741562966564,0.32719647599811474,0.34701620124785787,0.09540990687899321,-0.01636681793321713,-0.07413225723927228,-0.04013661966022823,-0.2065223396533573,-0.24150177994313143,-0.30476017148486984,-0.2997967466646173,-0.3190060396993878,-0.3996129009030241,-0.3448304092464681,-0.37958232189564906,-0.39138330387717546,-0.3827678403886384,-0.2644196643356513,-0.4162135311122372,-0.3801538187566383,-0.22594859872620776,-0.3183290841583977,-0.16268012545236224
-0.021522655696677426,-0.04661488202136414,0.05941017749920186,0.03228627497701081,0.040552897549316284,-0.06515108164879396,0.0394648077008362,0.012094976110769299,0.031927198793077524,0.007697002108021773,-0.021306284737225942,-0.008154330076869965,0.028865070386905868,0.048309371096007934,-0.02025701325319059,0.032626113951309155,-0.030876895148816592,0.043385371641934886,0.0024686147237173296,-0.0309145680190669,0.044832956292215904,0.03166879713575394,0.021665460109457326,0.05645940516044667,-0.014070150760392959,-0.023759777394697177,-0.05192085087502817,0.04407673966891217,0.04782593896055063,-0.06470532667899415,0.02548401381554528,0.020135497260552703,-0.016719185906910242,-0.0007317710909491482,0.05260048116091242,0.017501331540400396,-0.026547436022167283,-0.02263436287802971,-0.005013403536754962,-0.012153890837527567,0.008519991397405679,-0.04815652715576422
0.03532417348020253,0.04101534762356596,-0.04221609998806586,-0.04400725686768792,-0.03200037346477938,0.025372302985779197,-0.0013072161779258456,-0.0535304251210659,0.058148977417987024,-0.041571013056161774,0.03739092263044902,-0.0064907968156893234,0.007522838460171967,-0.04935254830260147,-0.028098311169599374,0.05038962149272841,-0.043512656228553465,0.020799789924404285,0.053115461267831815,-0.032064246520874445,0.006323554971425403,-0.03215995223611634,-0.05849172759387855,-0.036678329448006086,0.01805344789698896,0.0020647906687017207,0.04024198011609542,-0.024019734582015215,-0.018650510285426056,0.04361688055820774,0.014436529557896842,0.05513648888807041,-0.03688055529417298,-0.029345591051794927,0.034789887710671936,0.020448966297700374,0.03659021887852334,0.9728195449426863,1.2589521041063791,0.8225499373532786,1.267146174951615,0.9795212874594263
0.01527919608520656,-0.06486331553630574,-0.011819728369713395,0.04553887086009088,-0.014231245997718243,0.002899074659533136,0.011984149911978804,-0.036167436246935664,0.042957759207319375,0.06164391597549201,-0.04150749413290686,-0.039718372323668275,0.01932177931632976,-0.05347334864255248,-0.0041553106711090596,-0.0033096143124509304,0.034352028613243074,0.007993535324303651,-0.026753831544845463,0.03281614170273713,-0.013364001206897172,-0.006722553810390687,-0.05086040884068898,-0.009508729831216447,-0.027688731888690952,-0.006792129564993614,0.02945381324126445,0.055672268455834596,-0.026421124473697287,-0.023518744227743818,0.0037210205274849097,-0.04266292953320405,0.008092404716922725,-0.05589785638269053,-0.01557545359814503,0.00374208538650347,-0.0008769843427097813,0.9806384026751643,0.8859383170957386,1.0558613450716503,1.1478416331850505,1.1350406539547033
-0.02571112705497971,-0.014818414210180542,0.02056000469599033,-0.03193309226223259,0.011317258013629117,0.011336383905661355,0.017444377759722313,-0.011239674201638255,-0.0003182989131717613,0.006774434758449646,0.020565066461732374,0.029530296693661143,0.01606915399612572,-0.0379530907382463,0.02541747298144918,-0.045128653325861766,-0.02675894382108933,-0.002900847833918031,0.02763684725383817,0.0041087498221730485,-0.042928483698415794,0.04632647813732535,0.0006510632926471256,-0.010810720461146922,-0.02587401109408689,-0.03529991221303822,0.021736739259766307,-0.05504699716733143,-0.027125547025391442,0.04207427504687104,0.055980340827832785,0.05569806124989053,-0.0048301259001317706,0.03412099442016922,0.012653612377343651,-0.0232795688720364,-0.03182852357090272,1.0425320757268375,1.252846067010234,1.145760560414001,0.9958804419209222,0.9662125404085449
0.03392237306611904,-0.030125631125253086,0.04857347428267712,0.004287757902259376,-0.04548990209500419,0.03405746699562985,0.033303910738672934,0.021053205753521195,0.04164699340836172,-0.011680574639702122,-0.019409603545646373,0.03860229263257443,0.021956930116867137,0.007669060003971682,0.03337606858629028,0.02611208195301787,-0.029739624418046118,0.05894808240543375,-0.0180601188489484,0.049739709939790266,-0.04390736824852023,0.003142228090455421,0.035815484296853356,0.030597024128597057,0.051440627815678985,0.042957817413907216,-0.0402482112870326,-0.03187495488907314,-0.02042647715602233,0.015322568565272126,-0.04797244228735293,-0.016737655888262676,-0.052869296686159126,0.027551854549079897,0.04526458173350415,0.050436524574130025,-0.04360491344212941,0.9005930280163673,1.0244249166052193,1.08243779489774,1.1091057052979054,1.228642152567424
-0.016940906374902424,0.013745888863484339,0.004786126906188838,-0.04381482138302021,-0.00994435223003398,0.008181199757400582,0.020199822821603593,4.1662600658358855e-05,0.01587691784250328,0.0216047702292171,-0.02902438911266997,0.032050472439900016,0.008014913805388803,-0.0012398136955270602,0.031827505375380837,-0.051744878751227456,0.005706123523171786,0.0019109384401214539,-0.0281867724420919,-0.04048349629492283,0.04278607698246025,-0.0049700388706595666,-0.020408093388250205,-0.03644755472956586,0.0038501594694865214,-0.02828888065032931,0.016470283164473687,-0.029081807393473973,-0.02164463689140563,-0.013941900845807232,-0.01518328843930452,-0.00648322224818047,0.03684812755276484,-0.018192157315256384,0.02196472645183319,-0.02457689592772441,-0.043396432042933475,1.0907828490035165,0.9225717880535608,1.1726550252518233,1.09678788006854,1.212157646673768
