gfs-wave-data.json
{"header": {"parameterCategory":2,"parameterNumber":3,"dx":2.5,"dy":2.5,"nx":144,"ny":73,"la1":90.0,"la2":-90.0,"lo1":0.0,"lo2":357.5}, "data":
[rows 38 to 56 of 73, columns 42 to 83 of 144]
-0.3500571953939578,-0.2388787424563941,-0.21056581220809822,-0.13739285872433973,-0.13025453741571333,-0.010896548765948824,0.04200834678867356,0.002287385935137091,0.0981948211850951,0.12291562340108969,0.1694746421938317,0.11936203738847356,0.2904723759598652,0.2704616366772295,0.354170653801415,0.2875614150728273,0.3148899891434385,0.31730248471385225,0.3530939325579485,0.276780627663132,0.4471369497308906,0.3972579128350296,0.3327480954344687,0.3834465190612968,0.4435269715911852,0.42270255050643657,0.2263066032267297,0.3417579255590166,0.12371091569640144,0.1946114323343952,-0.11811169137662797,-0.2003964898880655,-0.2531260444662911,-0.1788009232402324,-0.36335310188361164,-0.5096415902234848,-0.6619358273883063,-0.6220197144169328,-0.8309661981417366,-0.8513376086016078,-0.8658933994604425,-1.009133739187267
-0.405150365091303,-0.28990322281907493,-0.20973016126647873,-0.09665911681979711,-0.17557165931256807,0.013432765213815905,-0.00905788050626933,0.011482574171532306,0.10846900801369001,0.10357980802983469,0.27670974418449196,0.22127988764197123,0.2495810020259492,0.2772490831905274,0.3142205897319411,0.24783243136354877,0.2958316122145865,0.2574927689275474,0.3254746457917692,0.4503654624490915,0.4664194783964223,0.3532462713820864,0.3241968923343963,0.44291635281237773,0.3499994190508681,0.3013147039460261,0.2985737846907082,0.2377883340769847,0.083633646049934,-0.025289181202091025,-0.043612877566706176,-0.056036473633020674,-0.35362535841770143,-0.3493279230223129,-0.4969111054560328,-0.7127532822220825,-0.6143011143565386,-0.7299882331318526,-0.8430331530547682,-0.9318582888294682,-0.8505175804767519,-0.9165670863464748
-0.33566299207843464,-0.27628694866184206,-0.2290596914629531,-0.22028042205908432,-0.16973283128421315,-0.09287417139378062,-0.04639734626882611,0.012168427599445598,0.15503963545621824,0.1609399306847156,0.14586081884760513,0.15983943379191579,0.25813862370290147,0.2491970387164344,0.2575699604333365,0.41734103270524847,0.3964471893743055,0.29640930364560775,0.35673968229397274,0.2755291373161801,0.4286888683670967,0.4085870343996637,0.37363570605384655,0.34920252797479984,0.3667629508246637,0.35284175518897043,0.3516539576822378,0.3310993856138933,0.2557508371243244,0.15903904352629483,-0.09152581478574075,-0.15294213441173216,-0.3684728843240868,-0.3249597969847203,-0.5813230416666418,-0.6583375974782067,-0.5968950122716983,-0.7442887923246025,-0.7386973039443933,-0.7871406322852711,-1.0041430155179214,-1.0036479535812028
-0.3140909658289505,-0.4039083129145537,-0.3228581649692618,-0.17470041438998507,-0.07350028896880341,-0.0671954231311299,-0.06457426361761172,-0.011108378659496094,0.17653474416276835,0.1885061698472899,0.1318298904250681,0.16976153626901885,0.31608194157484576,0.23683880162177656,0.27975977326238116,0.2958248036699365,0.30704811089571243,0.28500511016060787,0.4470270466616966,0.3723406004474921,0.3539988765878952,0.31414268559437336,0.43612813823821506,0.39592161903720957,0.4904173863368686,0.3155966350719356,0.43016540566975137,0.19317325980747127,0.21654917757336486,0.09999672519999725,0.016729245802601315,-0.18325247234144756,-0.11330083780558711,-0.5245844672212459,-0.3575463608783265,-0.6327806650530454,-0.5513697001327833,-0.7013790810327448,-0.8806724920104361,-0.8706103428837461,-0.9427264174958634,-0.9019511205998632
-0.3463562850699953,-0.3829258702670238,-0.3787295067874048,-0.2833101817382706,-0.2871859266797323,-0.22357893096956516,-0.31326772772982875,-0.3476454629544945,-0.26234460739626464,-0.28379939108249325,-0.21491195581656736,-0.3738397074086586,-0.3701436756157926,-0.36523438540196046,-0.38513320768746434,-0.3201400214321583,-0.3483869640772309,-0.32399561454665987,-0.21746835975931925,-0.22763147749376586,-0.35442065271919504,-0.25296465133715673,-0.33210357471091745,-0.353852954778364,-0.26884575364314106,-0.2774530551194977,-0.22460475543793337,-0.3729344619488592,-0.2311836037211328,-0.2635725725603698,-0.37308603844957905,-0.2758807603078162,-0.2943973389168657,-0.2284831389120395,-0.29018297718615405,-0.22490529199451628,-0.1967853091964881,-0.2803748816562633,-0.2807564535466578,-0.2941620017737,-0.37467558763922987,-0.3676152566354679
0.8795534957242546,0.7415138075497919,0.9374212260195353,0.8096220832533788,0.7007497275029504,0.8181239495002385,0.7720481030665178,0.7895222022457771,0.6563309202264523,0.8043813848733966,0.7314431385137234,0.7279183796745009,0.738550838878095,0.5646413716646536,0.4836244233191021,0.687254268006574,0.5753098597145957,0.5725486180164451,0.5498688106348887,0.5609502768790642,0.596710739882783,0.5299194148567937,0.5749419289096674,0.5392899225051252,0.5074427639268247,0.39630015496176313,0.41372015094327214,0.3574330604093022,0.47169253544247436,0.3157464274176214,0.4608881000248492,0.6812162422781387,0.4728510259195528,0.6635595316027442,0.5581788039230842,0.7602247042732478,0.48048265005411006,0.6769313949191158,0.704455492309412,0.4267448535697686,0.3313141700400474,0.6181665028821695
0.714988021223191,0.944390238342398,0.8584120985049498,0.6452100059714796,0.8318073728207959,0.7185157539655557,0.7855990143674556,0.6864547575354323,0.8172566751395216,0.6958363522577412,0.8188248544302409,0.6751166046381499,0.749793149268205,0.6256958202500115,0.5660815925128392,0.46859944378691426,0.6487936297408238,0.72943888055265,0.5457020278018815,0.6323874298207107,0.5366054204152761,0.610509902194489,0.5724360086629998,0.49246893334480757,0.3945439322427093,0.5706288927194417,0.4423456350621952,0.47652543263706015,0.3511091887612946,0.45693401605091155,0.4301763726067981,0.5537351501092136,0.4508625166957228,0.6476600015751451,0.3711952893112358,0.6423478649610832,0.7279353801818346,0.4150892626415403,0.5104628510293955,0.45875073721412696,0.39072931322515114,0.30501210063099066
0.8275426058383198,0.7873287192032592,0.7416298914762889,0.8133129029482021,0.7115951901046507,0.6848987582066369,0.8953267088824248,0.798738963558445,0.6369227546688395,0.6825729651590893,0.7560090823737764,0.775858241623903,0.7530321295130049,0.5989913432771061,0.7436188054284775,0.6370574923405917,0.5865388770924027,0.626321341325518,0.5986901886439572,0.5475518015025597,0.5762594107399273,0.4478485991011945,0.6096610755877221,0.536108756582241,0.4925345945722372,0.38298278304392674,0.5050851965896006,0.35542160744018164,0.543835107917577,0.34120857440928953,0.4943110523889152,0.789917240839957,0.45373475949089265,0.5909177543011471,0.6250916827796926,0.7255183411693217,0.526263043495273,0.4141251818199133,0.4109314415801134,0.5698499063766913,0.43378551986247726,0.339315387708596
0.9288291854220807,0.8698862717675001,0.8973391170260087,0.7113555111409973,0.7496136402272178,0.6707403184928442,0.684403674290148,0.8310270887946763,0.723048042892826,0.6361310040379811,0.7555986533779702,0.5924297305613855,0.6582203148816829,0.5983579381101023,0.7599878598167558,0.749442994851703,0.7441125920473005,0.6387864119012778,0.5548811929371984,0.6267684874934754,0.6936582252098455,0.6201305316904442,0.5515842093415978,0.41592102057701374,0.45280764550971764,0.48980321172573466,0.3969323317010674,0.40632220729270324,0.518401484732226,0.36375129899758823,0.30051605881082305,0.47892745417710836,0.43849640014194247,0.4263351636601612,0.695659424026977,0.6244878266366997,0.40609174916106944,0.4879595059266978,0.6860527151635897,0.6494921808714628,0.596975444401069,0.6033393622944584
0.8457479649481132,0.8383964144344952,0.8492482635772689,0.9300525998864962,0.8755906802318549,0.8026556756698655,0.8278398356909294,0.7014279983594727,0.784302623764368,0.7746641129259831,0.682976463455183,0.8235901420145603,0.5845878845311726,0.7653593592578283,0.5410244185360688,0.7128801081400254,0.575975134146701,0.5585776323798558,0.46973745593836336,0.7004084827866001,0.5750523173634752,0.517282566085603,0.5795173989816833,0.6037303539605953,0.3878928953309103,0.5214604488150095,0.5964096286727216,0.5335047753413339,0.5158564492467662,0.43936951042224714,0.3462574183304397,0.7099005545400858,0.5328469315054452,0.4266114714565347,0.603180105102417,0.6398220885998187,0.6195984258238082,0.40571017593998904,0.542618606805422,0.5126113712230684,0.39890424387801104,0.3829041247492708
-0.349393093946637,-0.4241004940756424,-0.27805886015749504,-0.443763423488469,-0.2603201336901918,-0.366711540824886,-0.39645795513794413,-0.3550885963795937,-0.32680036263209095,-0.33861853515981205,-0.2883270299846032,-0.38877921723019265,-0.26860489217913774,-0.4348332165043385,-0.41853800325959484,-0.26553753409939684,-0.27784861812472006,-0.3647260313175753,-0.3031427425092915,-0.290563204224129,-0.4340468168125223,-0.31816802011382334,-0.2603942111481513,-0.42568595722065533,-0.4030822520418813,-0.42185900574790836,-0.28110865469716245,-0.29237511923406045,-0.43931957582108705,-0.4391358416480848,-0.3918067562953053,-0.26782453481312524,-0.44896248303526864,-0.43383977896966974,-0.2640805376249614,-0.32495834612522784,-0.2889650483703835,-0.30059673466529324,-0.34521457274891637,-0.39980934585294337,-0.3564943090261612,-0.29433422156895367
0.14765117035908015,0.2685809038613642,0.5083140295446437,0.3899303527449915,0.2614390455561492,0.28055835433103077,0.5279779842898589,0.34854656329171296,0.48686473073325653,0.5629262299334375,0.4928730248123679,0.6523106180638238,0.3260537519465353,0.6744652712826091,0.5786962270375016,0.622430230286538,0.4890566381861788,0.3477029316883533,0.5248820616964796,0.45354378002109985,0.5555180045839402,0.5793010658385729,0.5197895397414602,0.4300041186149489,0.19527413938690263,0.1694240977695109,0.03595748507866538,0.19794576143100714,0.26820322575138406,-0.06008516573441653,-0.18838596094272467,-0.1621154851883061,0.0192844005706238,-0.15775020902268616,-0.28423213420024496,-0.33266740734498235,-0.4177375198604808,-0.461806550947958,-0.5209029452727,-0.26660986362250955,-0.24818667556185087,-0.5564625927873055
0.2547812529733054,0.23918174337626036,0.3620731839524772,0.3051036260150109,0.240791441524493,0.3056098065200805,0.29300166552292606,0.32463678494409254,0.4578073780059537,0.5809825712413843,0.4986714857656455,0.49373411739635686,0.519336678935705,0.5421431058599768,0.6136864444582458,0.3627351643638649,0.5585648006996787,0.457901254589408,0.43091893649298774,0.3571124387554419,0.4422772162737765,0.3583546168681313,0.30977214044929063,0.44702584282281677,0.4284224344021386,0.14763788251625204,0.31508496140946385,0.21556208234840823,0.20333611984978978,0.13683713962666863,-0.03001398225535488,0.16470972730386466,-0.21310791476482535,-0.2270652715386578,-0.12557527409533004,-0.3370477772781988,-0.19694243521353602,-0.20468608493811039,-0.4655456842650361,-0.5006782411693079,-0.3250787749575911,-0.5340618091247911
0.20017001056382683,0.16267778114143586,0.32889369588842043,0.18920968039606328,0.501382137806529,0.4167083224809911,0.5147373208926741,0.460779839671372,0.5191033319809029,0.594977720345399,0.566782174391832,0.5067125796089063,0.4510629654840914,0.5606351743800778,0.6118034706395671,0.601388827873138,0.5649033908722799,0.45600983320533345,0.3840481723077298,0.5358128889598055,0.5211007430951783,0.28096768114884224,0.5094994124704916,0.5062376761335253,0.22039323432249242,0.37988029672235296,0.03239644277618808,0.36561626681709886,0.2983066695605651,-0.10012480057932173,-0.04945454509501051,-0.23217904986414048,0.0390485070414711,-0.30228859965769955,-0.3589816513661882,-0.2042802440840954,-0.15773667588711268,-0.43477520689803484,-0.33379002768088323,-0.39633167069497943,-0.4539366320223983,-0.32725716724687465
-0.3559502162939,-0.4392692659457258,-0.28874850693411275,-0.42995419118968287,-0.382989530721444,-0.41432682568623064,-0.3582787617608345,-0.4456009703945354,-0.30845139440381575,-0.4633942472488387,-0.31814046543066465,-0.34064876249121046,-0.35560105259304053,-0.39066896651851507,-0.4181457060625204,-0.42384729204923366,-0.2921988642251714,-0.4110732597557511,-0.2882625265141135,-0.3516254748395444,-0.3746365161022597,-0.47812097387637337,-0.38374227894699114,-0.31459578842669567,-0.362818921954084,-0.3461154374145769,-0.4146037197790352,-0.38095211533991347,-0.45440383047015076,-0.37468060439934175,-0.43842006426660907,-0.39854479876267834,-0.32737259130405433,-0.29814612760102016,-0.40066562847543763,-0.3403668858991713,-0.42308250049906027,-0.4065032049780331,-0.38977117641988335,-0.41896899938527526,-0.47653198724764045,-0.35807653486858965
0.8499184235706155,1.0628168919744354,1.0599361978236983,0.6545242977915653,1.5150670135362445,0.9247328264161931,0.9983857091529434,1.56742057768621,1.6423619689570046,1.188577993328768,1.4145448675524064,1.0414025083197278,1.2015877162347934,1.505868475771155,1.6255890555679475,1.2697805714298231,1.4136010008832665,1.080811099877515,0.9146891183042437,1.2673388352554547,0.6949033239227121,0.6816187915232439,1.080950861110506,0.47936454303497666,0.534530456072042,0.8355769481327617,0.4449172192328215,0.3134410314502112,0.07488574996651774,0.3613356833470399,0.18354751969696428,-0.3879009578629498,-0.11512058079308338,-0.4099368284366207,-0.5678828406309117,-0.7920518257404956,-0.3074629417954132,-0.7128786610635977,-0.7140200340033859,-0.8574304356897468,-0.7758961061220864,-0.7447004080596303
1.1742078089238421,1.2196800167946542,1.329518527578692,1.332108921242683,0.8514144940261948,1.3318992687005602,1.5866428873813847,1.6235394749901975,1.1753635230449653,1.7666165932194966,1.6620108037275663,1.0069853979843766,1.478633817604932,1.5606425741371956,1.2585694559129064,1.432677207040603,1.4961867829539313,0.9104194776830504,0.927262651326402,1.1974028119057412,1.2190941481332942,1.0470577936846694,0.9472081293404044,0.3987041516121753,0.37315438277809754,0.7172572509286509,0.07965496194945312,0.041102537283824986,0.12636442670171893,-0.02309790680797407,-0.1863115659669509,0.2608107988201454,0.11438631033201892,-0.14160081663113303,-0.34369337916320286,-0.6831447012580524,-0.4722249683264227,-0.5672605729533018,-0.6907562458436582,-0.6580605871582599,-0.9076214083513127,-0.8631464260567425
0.7176393499839828,0.7995246920219117,0.7531201234465836,0.8049919207408263,0.8028453272261581,1.5170052772925768,1.6437669744183592,1.3320362635745167,1.4797054491836852,0.9674008397381721,1.1799428978723518,1.1268552473241968,1.5399293213090341,1.2113299567612434,1.6180442305350964,0.947264161626179,1.0515036863274114,0.8660525777953697,1.3013411618223845,0.9154989925130068,0.6814735639162287,0.9615627530476187,1.1599595131676779,0.41945583168203704,0.45824326814333305,0.6140945665640518,0.3743632533967122,0.43685443529563434,0.034033345600250405,-0.18211950969441662,0.3724264876562145,-0.10066840711260598,-0.3585518946083635,-0.34034004233809023,-0.6237102398028291,-0.3714256679142982,-0.27925165820993875,-0.5225771537128544,-0.8771819084716335,-0.6329026129531902,-0.7679512342264992,-0.7427525759872015
0.5482587647807137,0.8221213069318222,1.1087078825465864,1.3504131924344804,0.9626243499623202,0.8682861789406657,1.0346691759659328,1.1857706459042427,1.0096757170289594,1.0350343132088873,0.9652844859943771,1.0019259987511095,1.1038979880290194,1.1011742332143581,1.5050980959356792,1.3549866557502168,0.8320077066348001,1.3508493117805658,0.8784716996876456,1.1787097971643716,1.031946461215875,0.6058620660376276,0.4123880318469954,0.8771562612551398,0.5653690104211647,0.7648798018378369,0.09021151098282326,0.5094605112561459,0.16164991089355243,0.14480636884388373,0.050374011721122755,0.02320939671207349,0.10307818846199188,0.04981637206390523,-0.5863442092117295,-0.5143451259063642,-0.7464735687251234,-0.7660478131627239,-0.7788648790584497,-0.6976142172040116,-0.5673031551970383,-0.44516171161993784
