gfs-wave-data.json
{"header": {"parameterCategory":2,"parameterNumber":3,"dx":2.5,"dy":2.5,"nx":144,"ny":73,"la1":90.0,"la2":-90.0,"lo1":0.0,"lo2":357.5}, "data":
[rows 19 to 37 of 73, columns 0 to 41 of 144]
-0.2444096164345911,-0.06970971676842284,-0.18911408919359046,-0.10163548269948625,-0.2882431891761369,-0.3488469513453577,-0.3182474762452101,-0.4630357677905272,-0.46986420618278896,-0.4493659366156987,-0.4512007395509662,-0.45062415826657837,-0.4494131812696589,-0.47592242787614597,-0.3010680336819661,-0.3048388126764323,-0.33705714766543654,-0.4810132278522067,-0.4127327187881105,-0.43118522230816986,-0.35309324262250563,-0.4156400162304548,-0.32687459536956437,-0.31269197172616164,-0.3242356436121981,-0.3051244184382208,-0.47408046709434803,-0.38871022648035164,-0.42542656513289095,-0.3642170164012061,-0.3912621391453945,-0.4481916753696856,-0.4106175984165089,-0.39683365823631267,-0.4263995479942101,-0.4642694425329654,-0.3658566657315127,-0.4130853254696229,-0.4422908285641075,-0.3230735799734808,-0.38609420853828014,-0.3608638878729302
-0.44741189262384623,-0.40369709151337974,-0.42738025020582726,-0.4410916484527751,-0.3263862981676988,-0.38977322438926054,-0.4200599834431029,-0.38155167600223255,-0.3181321501942248,-0.43544213786011643,-0.33565277041366504,-0.45625456833739153,-0.48020847218034196,-0.3806610802321141,-0.47950189049200037,-0.29288256540939434,-0.34497250404386837,-0.2955747565427067,-0.32965180876660827,-0.4772430008804817,-0.4526462131740803,-0.45457217361199964,-0.34167279933275524,-0.4877253660531294,-0.37342465458733565,-0.3500867906573754,-0.3013149939874089,-0.31330695617156623,-0.4350238458382243,-0.41274273653850263,-0.3201585712310157,-0.4436456147528868,-0.4401408674051073,-0.4678757265120953,-0.2960458458225642,-0.299159705898913,-0.478466441805856,-0.314858268283622,-0.3309823355203307,-0.2927902123586637,-0.3133589277929221,-0.3182587671700433
-0.278174035574825,-0.05312343990998372,0.01739506397359345,-0.41085966790848794,-0.533627659308744,-0.4060748684294385,-0.30502636641979985,-0.7271496123400862,-0.7888316183192632,-0.4226883828066022,-0.5077490942915882,-0.7565180715400239,-0.9303129226005268,-0.6727102284906564,-0.6766760396367947,-1.013877823419219,-0.6159938983971953,-0.808083756326672,-0.6360444858428502,-0.5725929957797495,-0.8721815145717776,-0.8130210573911644,-0.5949940848453801,-0.7948606667618143,-0.5183998967452584,-0.3862276690003072,-0.3107249828264853,-0.5947815583553061,-0.33103254047207314,-0.39654723086427224,-0.22215417240832377,-0.198674191512318,-0.15175309918679458,-0.032150278068077756,-0.18630492178743358,-0.12240077548087254,0.013569368682510628,0.20308126520091524,0.07585643400938064,0.12401756231976879,0.025067564349339762,0.37672352863571573
-0.11902968925648126,-0.28977929866634206,-0.027540882616608003,-0.41098597604325665,-0.02171166655723554,-0.5651224116547212,-0.4174978660956846,-0.3083769589916451,-0.6388060210271816,-0.4161163880615828,-0.4203362470133817,-0.6525112346474632,-0.762123316535422,-0.8222232887369159,-0.9384401413874025,-0.7653036159066717,-0.5427223625302156,-0.8304951335639658,-0.9708692084818645,-0.8521279433491531,-0.710245161186739,-0.6823366063216106,-0.7200035776843466,-0.5905626260112598,-0.5682492768814206,-0.7110823074292154,-0.6865961294207333,-0.25976772094025846,-0.5789801415297642,-0.3971115034509595,-0.34366803908186633,-0.2294399377763539,-0.11854274128391264,0.002374972683372929,-0.18712333756519003,-0.12804261668071434,0.08326332119393949,0.1259863621542219,0.13765848986206197,0.20181883351410831,0.22596168201365366,0.10485668921055426
0.05425068857131251,-0.22385301044883704,-0.014535331929920207,-0.3400262542200067,-0.37579161350781687,-0.27681434095412244,-0.5250926879714193,-0.3662889042261781,-0.37417065749361955,-0.7066476675634773,-0.8902137689553019,-0.6630875169243682,-0.5427077410093354,-0.6110984109511892,-0.6472435006634778,-0.9082912100260027,-0.5842910068293319,-0.912146921340061,-0.9457227516171615,-0.7096149318218195,-0.8018261194448497,-0.7826702994320758,-0.6925932999778357,-0.6842130254626821,-0.5485513135698606,-0.575820804395577,-0.5929408520728385,-0.25317404476958977,-0.42041599341470376,-0.5791821709155428,-0.26032147288094526,-0.4513168216993264,-0.39362946478281347,-0.08861212687927349,-0.006708592076026676,-0.1302102293555608,0.14569035356951407,0.06986307173253883,-0.0577243291055519,0.237499393082264,0.17242513318504982,0.3506872642802285
-0.36192723478522426,-0.4080144947195115,-0.34537777151194893,-0.44198711042469,-0.35281682994115415,-0.41869727042979094,-0.38004972065968884,-0.305935682687279,-0.32154041450415805,-0.4209502022576381,-0.3208588201358859,-0.3028850719949969,-0.3217025799828247,-0.42407073575029014,-0.3351948025729467,-0.33382269267581166,-0.44474806684309925,-0.41737014680954826,-0.4190685862486061,-0.3733139956657874,-0.3392320765740746,-0.446476473775715,-0.41395325019952106,-0.42322359732918785,-0.39003228228273706,-0.41172207280454864,-0.406093452698297,-0.33805532735806054,-0.4517893344085786,-0.3913221229587452,-0.4357697014583699,-0.4953847366681068,-0.4709140549985518,-0.47419334085219117,-0.47624564454872975,-0.41840936696981984,-0.32783804379122466,-0.40830675205549805,-0.306556003244676,-0.4724250381782685,-0.42605847769594846,-0.33092841299459896
-0.40301984416679115,-0.5150531584142872,-0.44942447068389524,-0.550789826160641,-0.6741056507690437,-0.515820320189838,-0.42352482491182936,-0.40739032100865474,-0.6892102983926833,-0.49559066041861416,-0.6951272843172207,-0.5031967840685659,-0.5253386397756669,-0.2565678846767884,-0.5370140990990374,-0.5736090172461864,-0.3902794499675416,-0.42290029093808507,-0.3179786649904786,-0.5596348859519424,-0.4438307157555322,-0.38546694905411677,-0.3873228154074845,-0.36170622678927367,-0.49093666793610563,-0.25755249496303306,-0.2538777220281483,-0.5304048392087695,-0.2595982533136105,-0.28991521072205184,-0.06777147314332625,-0.15240104281653868,-0.2576388555592329,-0.3810226563670293,-0.329203765555838,-0.23841382095315203,-0.06693763685773206,-0.40927419446161173,-0.38411322739021353,-0.048025692733987435,-0.4212210001512889,-0.26419602207045373
-0.7127423691622677,-0.48212392056078984,-0.6570349403966174,-0.6615996350211454,-0.653701960657483,-0.6358337466224834,-0.5096570974779384,-0.5565699509875539,-0.37134725248307926,-0.4830985663936379,-0.5998520712763064,-0.35213544988539924,-0.38218791733887725,-0.25674809027740025,-0.3805651804371267,-0.3670977628620439,-0.5343777150629297,-0.47667999527809396,-0.1886750565607111,-0.4403741070900877,-0.3443844691355607,-0.34067542216073593,-0.23611641952068768,-0.13967236985181458,-0.09035444009893316,-0.35501706994022675,-0.2863134633738815,-0.04026630555132396,-0.41325393685357703,-0.032064605340015144,-0.020233829983914448,-0.221960003028078,-0.0677753406221567,-0.055103675948585895,-0.4025289880182594,-0.23478572559888589,-0.21700749573522754,-0.013236170362204773,-0.3349124655834584,-0.08539360670530885,-0.2850639499391203,-0.3020311740904079
-0.5679546964048857,-0.4970437375811811,-0.6272384676916375,-0.5855789590179876,-0.47915450233780493,-0.4114497208194991,-0.3208131889046273,-0.5152748944665437,-0.4363231430232229,-0.40806201509197865,-0.2932501346699146,-0.4266607782717647,-0.5427385305042978,-0.3879463084891892,-0.2697232151372525,-0.32120290420622555,-0.3037090353666445,-0.5544888384713432,-0.1924508409148017,-0.346019735160694,-0.24054726098633272,-0.21111075835752988,-0.5411836824548962,-0.3322848107843717,-0.07126290199331725,-0.18893364503401003,-0.49493296428229844,-0.4601039042471613,-0.08399954609661894,-0.25885098520047706,-0.43697910612104224,-0.033232730076365326,-0.2843010108625688,-0.22835145850735544,-0.12466504330257504,-0.163018786745758,-0.36511803604191545,-0.16623180441423457,-0.2337901945597962,-0.2859581194961475,-0.3349018918204098,-0.017445599362148623
-0.6426907421648917,-0.6813776248686109,-0.6152428712529414,-0.45621429439389805,-0.6322846064301965,-0.32827721619655575,-0.5586229472670017,-0.33075986545572533,-0.5999069483216966,-0.504969289346156,-0.5794206252778267,-0.3293632976172184,-0.5952782564680714,-0.3047335059848416,-0.4286136027781448,-0.4341074660127771,-0.26487399702986153,-0.2922220083254521,-0.5058482682155755,-0.1553643167640621,-0.370403328460058,-0.2672861115502944,-0.19226420765029764,-0.40269430748764434,-0.5036402846115182,-0.334909088815434,-0.3361677217215113,-0.1601614335775296,-0.13326273237956476,-0.4627912072995483,-0.21017176472165658,-0.30225632160246996,-0.3068044468986142,-0.25748307777444057,-0.31160315387107856,-0.014641297301184334,-0.059678906581165224,-0.0038523178609467528,-0.13338238810123684,-0.09179764531468484,-0.39157256253591843,-0.25154563581286904
-0.43785951432747794,-0.5274319172459342,-0.6289953829983075,-0.5617174265484312,-0.49071492301355707,-0.5626087312913185,-0.7027133609024051,-0.6035885854824841,-0.4984369046673616,-0.5179310762291587,-0.6417858265044601,-0.5564308076950911,-0.21386416176352507,-0.3066620474394293,-0.5485909890993338,-0.605384402069518,-0.33940202437630135,-0.5179912290008416,-0.5693447975449737,-0.17067273753718212,-0.12612594955274672,-0.10900243924458458,-0.1836116371887535,-0.10044917141218423,-0.24028078032881112,-0.055300149748397136,-0.34738149953514774,-0.23822064657252193,-0.43745891066967535,-0.4822574674113728,-0.24879714041050333,-0.19066022525145396,-0.4770260947006801,-0.433031173760776,-0.14362305695901895,-0.17631763498390263,-0.21362144487856383,-0.3267038227536072,-0.23243189025954322,-0.05827483796507978,-0.01929120003209756,-0.030754619161985207
-0.44083957908124605,-0.34253258125273184,-0.3277418437813709,-0.2845412583246777,-0.4570304582128646,-0.2889405172663313,-0.28078877337323077,-0.4470559676333286,-0.4361337161072306,-0.4136770401928533,-0.2875378976059961,-0.2770168429166314,-0.3874944731145988,-0.3155994282678987,-0.43098040962603607,-0.4276583925009022,-0.28498040956120063,-0.42940243375227444,-0.36703490039395964,-0.33719256813963466,-0.42432250397235577,-0.4216728851083013,-0.3943964520612098,-0.32119978694030393,-0.3942304174851269,-0.3645045901032974,-0.35724693128934226,-0.43063108665154065,-0.3897943579403305,-0.42191514183704804,-0.2934740771803612,-0.31769979413389987,-0.45519399523374876,-0.31029727062657814,-0.3088492367095783,-0.2887150790527288,-0.3538668480707632,-0.40618754272658547,-0.4050496340046213,-0.33495455215582426,-0.35058589290126546,-0.3113839052935406
-0.0007204202386282229,0.14385123430067182,0.19331649101822734,0.3675873518950134,0.6179864184358917,0.6069508238981447,0.820813485281398,0.7611841442892002,0.7559734200493504,0.8835933619505262,0.9790835157461668,0.8975578220362407,1.0849442792743051,1.1465856686531766,1.2125535571519164,0.9840348258305182,0.9127251825534122,1.0004867765720578,0.8754466644040767,0.7621357478304838,0.8107277442025504,0.4763834218954998,0.4075041814971535,-0.02346513717650735,-0.033209454983291656,-0.3358002125276811,-0.4368511565994946,-0.61936905296538,-0.7699741559721863,-0.7558618065059148,-0.6751820139111805,-0.6933935242268139,-0.8750987938481802,-0.7402688009571478,-0.9348787531333663,-0.7297337420784301,-0.8317365216045909,-0.7745170383676588,-0.6712014767466857,-0.6805731478041405,-0.5597197686043929,-0.6239176489010276
-0.04025023800562045,0.08114225395468694,0.2887685823532709,0.38084653116562556,0.6046836968245666,0.753067962063158,0.7731445285623517,0.8470345267078958,0.8749655759917893,0.866248175793441,0.990838086374902,0.8968372812187931,1.0163443050234688,1.1229966355155034,0.9558078886736026,0.9758895576746588,1.013423044933228,0.8320647824039782,0.8321726327087149,0.9309250520580323,0.5111047291883538,0.29434877946722304,0.14761652555724666,0.011553351178227343,0.19433624276745082,-0.1518617970072942,-0.22017064816997897,-0.5586056151452518,-0.5896101809984897,-0.7215762400908184,-0.7352432542342495,-0.8709730970635171,-0.8933560930745649,-0.7955439174255324,-0.8323827451084561,-0.8460784381907691,-0.7680551777207674,-0.6962363323804919,-0.5367516729178226,-0.5185593914263018,-0.5344207885279288,-0.4579562975240292
-0.022248589523121275,0.27794247913713954,0.311166400597303,0.3476985533370373,0.4493036950711658,0.6213904597855977,0.8368090661115634,0.8029273809738089,0.8567207693084311,0.9264558643558019,1.1130153093626927,0.9392746947560199,1.1439696143915827,1.186150961779547,1.0542260555709546,1.0753817896764148,0.8882318639445497,1.018691224934537,0.7255599968193621,0.7158895234052373,0.7980819725969635,0.500443702550462,0.3516523914622139,0.2780206947404356,-0.007336497080946359,0.003805797316116275,-0.47080945501971516,-0.5743478168873056,-0.4526043751459324,-0.5916547150629676,-0.8132347705010303,-0.7759905310679702,-0.7283028810299441,-0.7056652671103962,-0.8195114030714242,-0.6403720205093376,-0.7830547049833269,-0.6433982967466146,-0.725217273445926,-0.6384674988573242,-0.513835064615397,-0.4556504738677815
-0.0997341945352557,0.21520524151373652,0.2985845338172227,0.31060147134932603,0.5546809595861338,0.6405713194418711,0.5893734360775187,0.8574772797166905,0.937068737354457,0.9425597921407691,1.0327839562820333,0.9511490592383126,1.0447456635580428,0.9421594655862966,1.1049354098066908,0.9564863312661395,1.099570385349709,1.0820181254120407,0.9259758878198939,0.6779989384770195,0.8180957547224067,0.6227186756334852,0.4469343158423653,0.08055966039433035,-0.10361821457175689,0.025961793187755842,-0.5312395219331961,-0.4702250012246241,-0.6850124293474418,-0.5778117382912522,-0.6277525152747294,-0.5940422475983258,-0.69337380468665,-0.6947649622867312,-0.846380746454227,-0.7796916324549188,-0.6341334123492066,-0.7875723462577566,-0.6816993126757773,-0.6486209343426332,-0.5244038348460289,-0.6212755855114298
0.045823197908702124,0.22081714582319503,0.3916229905153607,0.31135557049770096,0.5350171813170235,0.682502776242033,0.8042130047103093,0.8733764062064387,0.8102879798922267,0.9311585535226871,0.9422884572276489,1.0764394478255295,1.1106477459728092,1.0224604747208201,0.9584067848984265,0.9981067130628402,1.0255112771524237,1.0085240803319213,0.7405709659356345,0.7803834695026123,0.6248167172019944,0.5438060034221889,0.29615296921471695,0.05728148705635219,0.20522660735331064,-0.25245446952243983,-0.17200321938464433,-0.5367307721086241,-0.39994667515986304,-0.6875688961488303,-0.6208686826424569,-0.8134127543930282,-0.8357891026475458,-0.6962476309593274,-0.8193161705685309,-0.7360977953852498,-0.7037632515428863,-0.7292222777066703,-0.7615631828806448,-0.6255395036287734,-0.5681945716105158,-0.3817116599984046
-0.042595203050913445,0.2617079874318631,0.1996590114370674,0.23985839205822626,0.4044228471623843,0.4391099117191283,0.6221505471719164,0.7959264348510916,0.8384824627321679,0.8589031038657858,0.971894422976335,0.9960485103738402,0.9861500777876935,1.0026090359077304,0.9471662703674324,0.9932942084190868,0.8821833545790267,0.8967451419094614,0.7131158885906108,0.8607036501169777,0.6948125258401825,0.4366857120153085,0.33935949829631246,0.2492183331796842,0.06536919665504301,-0.137170528937438,-0.3692737899649107,-0.329898867290872,-0.47528192584680723,-0.7246098886078144,-0.6396235751056202,-0.7155152854330247,-0.8039727931212051,-0.7677044016945574,-0.7889264236966819,-0.7569268661676907,-0.8443532609948375,-0.7179917357980047,-0.6229435513855387,-0.6775390702083179,-0.5148615806111064,-0.47633662552740275
0.0057213989425005385,0.2011288542528387,0.12095792336198366,0.41188406997374766,0.39387789988173466,0.4792040230023693,0.7377518971701741,0.9458580211099471,0.8540227118137981,0.8786713606758182,1.0129427874034969,0.8862441778394037,0.910662976392361,1.0462016698473995,1.0414112177616028,1.0321194585666544,1.0054105989248834,0.90870532696699,0.8529785533089106,0.7206285721463273,0.4840659143402801,0.3363842852634621,0.19805373306543803,0.2038214530885094,0.18972083613563293,-0.17092300610809932,-0.46975412595606175,-0.4156418761153605,-0.5838360896446066,-0.6900174223793873,-0.672841945169842,-0.8463946021984924,-0.9197230683193671,-0.7653180941675222,-0.7207848548627444,-0.8401896323548567,-0.7120826372729164,-0.7189197828987679,-0.6070062657598277,-0.5289502251090256,-0.6179500721887238,-0.4335890920176352
