gfs-wave-data.json
{"header": {"parameterCategory":2,"parameterNumber":3,"dx":2.5,"dy":2.5,"nx":144,"ny":73,"la1":90.0,"la2":-90.0,"lo1":0.0,"lo2":357.5}, "data":
[rows 19 to 37 of 73, columns 42 to 83 of 144]
-0.019601216652120914,-0.09994615458062062,-0.10615381780421959,-0.1967425014491509,-0.014421019683822587,-0.1405700799511117,-0.17082890113412857,-0.026793942728886976,-0.14060554923552476,-0.10184239392288226,-0.08716387637427847,-0.05234849952952926,-0.05361250374951711,-0.044985108811975386,-0.1829296566832949,-0.09529852812958685,-0.09732925870681684,-0.05853885678448442,-0.08232426195024463,-0.035813836734922645,-0.0932452646567056,-0.17095622365839563,-0.14924097680286982,-0.12932583204467354,-0.07483626636119317,-0.04235809036465468,-0.19001169353576974,-0.01048084148746184,-0.09211608786879599,-0.04802445945136948,-0.17719240050822996,-0.09489136382139358,-0.16957556028173254,-0.06115543772492555,-0.16739304314788742,-0.0545572285215157,-0.018541571956250242,-0.050988896797507836,-0.17767585026328334,-0.08315453085442844,-0.0430032333987128,-0.061718550615700384
-0.11869970829789715,-0.012891057485860244,-0.04788614794361059,-0.16019146103803356,-0.06136579779639585,-0.14043447008276838,-0.05433207228963817,-0.18032071635499877,-0.18203649784627862,-0.010874118778112857,-0.16578920139889775,-0.0854546586517506,-0.10288134817889079,-0.04577539954108402,-0.06961251492523318,-0.06810676961793535,-0.11214322009291557,-0.04870134881259683,-0.14789479819215237,-0.017331746335691817,-0.19525342900786588,-0.14482927623173578,-0.004805930186814438,-0.05170092127570354,-0.20083420044722605,-0.17951051985418792,-0.11715366016179046,-0.0440010675687211,-0.19646598807544385,-0.19801936285339158,-0.1713085006939374,-0.11016745601685658,-0.14260251709881736,-0.07484015876355632,-0.0486053614794119,-0.06065555529231883,-0.1543436805809407,-0.1329126156854524,-0.16869499863866141,-0.12233364036664973,-0.12445859157950177,-0.053077479294817126
0.1765321328219765,0.16743386805182497,0.20100091016052754,0.26124207504907476,0.17844021508089697,0.36700918313146275,0.2648918596821136,0.2196363757992677,0.3558303102210042,0.414976266942594,0.40819383358208444,0.3056295693403549,0.36476370663929786,0.2907154803371644,0.24563222168178767,0.4626522232473866,0.44679974526738225,0.2914366034875215,0.3547110141707347,0.47911303238859276,0.3778731065635012,0.3294212269049524,0.20169742159746545,0.27604689716681946,0.23064843039260938,0.20145477804645026,0.21912266067145036,0.042337605595598675,-0.024449784742788937,0.16043069171646548,0.1737192248372329,0.10466048846269592,-0.08384084253381523,-0.026762953587143253,-0.04861049195343638,-0.2879586557077696,-0.31509033217200394,-0.19299438593072263,-0.2022145883288382,-0.3919452380000901,-0.22836213190872454,-0.4057714952785615
0.21235858681804698,0.26817618042024505,0.30416642108001524,0.29503140657162186,0.1979727904831537,0.23457540238891594,0.4505052268824265,0.4304659192002776,0.3634557608279498,0.32359616013359555,0.3950654909936811,0.5041142349693892,0.35074600607549533,0.2820148680121015,0.5048632239916749,0.4633742937016589,0.45339400776874783,0.31653648384766697,0.36418227803000236,0.23448188856992072,0.3017570132892385,0.4129535660631359,0.21989929126454558,0.18598475227392403,0.39727934579747143,0.23764197355856997,0.33010658946279525,0.024670566672086378,0.24036159511621147,0.009502251689106551,-0.15595152761970732,-0.03432085691349604,-0.21354588220649537,-0.15879882796846143,-0.05075871444382274,-0.09388859621975568,-0.3788239613065016,-0.18177621499809057,-0.3151481843938197,-0.17453629030246684,-0.2982506376289145,-0.20513799427754364
0.19059767983534473,0.22789413958285912,0.20873103846265603,0.18864243261413924,0.22559507616028332,0.30989781220915213,0.4485568597569498,0.3499332850931472,0.24574592102049703,0.30836759962559607,0.3033167069605051,0.2773360357224856,0.341853653772683,0.2533219061603259,0.28411085112334034,0.2891735342158918,0.5297084058699372,0.4322507026076894,0.4542994049061892,0.2842308104511093,0.3981407171177774,0.2185183803554011,0.3110683147615043,0.2978401338887895,0.41764527458115996,0.13604387206262478,0.1144968122110657,0.08347829274012353,0.1623908628127645,0.1520135305721093,-0.06423402465428275,-0.029437072671736023,-0.23474934841339382,-0.04702476959690525,-0.3003570377429447,-0.14379975263985817,-0.2819487396251408,-0.15457568822411663,-0.42633202692435007,-0.3503254580344189,-0.295606100138388,-0.2548197953856569
-0.06103834445932934,-0.14974834338392204,-0.15243840415049476,-0.15932570042355806,-0.07970207854535492,-0.11864535909053402,-0.03202568336473135,-0.0874801675691922,-0.209870524560826,-0.1520020742328034,-0.17562310688217514,-0.13156803664219718,-0.08250718003513935,-0.1763427742242121,-0.0672498139235242,-0.14872051270795122,-0.13684566696819722,-0.039014221182482135,-0.10007519188993692,-0.026461602460659924,-0.047346908151323926,-0.10157543869377134,-0.1383865584651731,-0.049178569141020735,-0.04283686067031925,-0.03255470227997587,-0.1299104641955422,-0.1171065680952463,-0.12898127293247688,-0.1958984877926592,-0.19371547182531365,-0.15292096353512338,-0.03253507038246319,-0.16776888457030856,-0.19484790829933116,-0.15637430087017165,-0.16102883561583542,-0.17430946516978588,-0.04338787498541215,-0.03218410104314318,-0.148722654456476,-0.05730819834988506
-0.28394986416389756,-0.3205075030651701,-0.17650364666102028,-0.25210874952449536,-0.27348788544894714,-0.28324537825143953,-0.32123000834432536,-0.2957110070080195,-0.15830591712510136,-0.19221387996172679,-0.10270149401706623,-0.2998431192532797,-0.09267080485504593,-0.1785105209667401,-0.23068159987941605,-0.27957147549436484,-0.29047300913744256,-0.30245333517074147,-0.15298377170606295,-0.3351531455004244,-0.1445071455519722,-0.16698223555691075,-0.30701638807189113,-0.308469557332041,-0.3667870604003566,-0.31620790264605203,-0.317404320882015,-0.21465800907087512,-0.3517455727236086,-0.363419410637453,-0.3073478009579188,-0.5352215126289229,-0.4957153368117123,-0.5094980715222234,-0.6715752721559554,-0.48597630400091385,-0.5927978795752872,-0.6497610629540289,-0.4654111543700497,-0.7408158779368489,-0.6673356001289739,-0.5936560806479494
-0.18633989673454945,-0.15432736001737418,-0.3203227487091921,-0.15137113022685406,-0.2487141903566299,-0.3215607270499846,-0.07173526038856469,-0.28612762708125405,-0.16299604068854373,-0.11526987829984278,-0.314100520216782,-0.31729646983842297,-0.3444642425625235,-0.2051353651243275,-0.09344743958913433,-0.296656506333679,-0.27002519336297315,-0.1140113344432771,-0.2602913280723237,-0.30641213575306564,-0.2446232718793422,-0.37368030408212044,-0.32496199027956807,-0.30326383299882426,-0.3174398652798091,-0.21695802913652787,-0.2183365242532036,-0.3428837262886464,-0.21170769689189248,-0.21757886307341423,-0.2384565060322801,-0.6381721356166881,-0.6866773715653813,-0.7676239553886305,-0.6140449978804945,-0.5877991585469496,-0.5513682763419129,-0.6774495008928796,-0.7029812354407363,-0.5230228716496913,-0.6300708109150033,-0.5283769588445976
-0.023980573878802026,-0.2478966207052591,-0.2907326802057001,-0.2944553071547776,-0.18528280020626064,-0.11047590123967459,-0.1652648543253598,-0.050077190293629434,-0.09437125259683696,-0.08809526999509855,-0.2344127396930267,-0.09007640872557166,-0.29636655962999847,-0.20894869575701913,-0.3086404888042231,-0.25781573131171753,-0.1348097524568242,-0.33470153835566646,-0.2952194536783965,-0.24687714904782704,-0.1783102457717176,-0.25774812134047925,-0.244727882938249,-0.25785953485819263,-0.4069210329152202,-0.3736463801258782,-0.35744163876950896,-0.3037689244982834,-0.314201162807972,-0.30825405424602703,-0.2713609408097815,-0.45471708718352444,-0.672942825231776,-0.8087109488772907,-0.8374848716576329,-0.5744908251261098,-0.6729686903841919,-0.5559737167983687,-0.6883561918114817,-0.6228062343279611,-0.6274809457076965,-0.8395794484936965
-0.08362593810559482,-0.3186227607364387,-0.17482745742093714,-0.2366825254337584,-0.07579724344497768,-0.19811120832564927,-0.17566866448754845,-0.0646570584341638,-0.07226065976958322,-0.3042103022029807,-0.094228851861237,-0.264534241132483,-0.288764444769612,-0.128195847877443,-0.20794547936096613,-0.3003122871039698,-0.18799113873264897,-0.15336653476137627,-0.23849079906694207,-0.24582709005583817,-0.23812464726744256,-0.3495073464631221,-0.3528733179162549,-0.2240575557972422,-0.3152005977135684,-0.16611297731615587,-0.3804990355550882,-0.3188618129370507,-0.2719856189162354,-0.3193686750144367,-0.2265019047547821,-0.48111706902900625,-0.6438571842631478,-0.680670237255145,-0.5537050268962671,-0.7012494471734344,-0.7530725121809534,-0.6418550784179677,-0.6496095259099134,-0.6355438697267323,-0.5831279749630727,-0.6295751348247111
-0.2875144230910798,-0.1933009663470137,-0.2052175061592868,-0.10022746454631253,-0.1412560722487154,-0.13194839127897448,-0.3070962210218914,-0.2136626619474213,-0.15309221711525284,-0.2619939294043406,-0.08491830302351792,-0.2373718799472836,-0.23205870275919013,-0.3050417289175691,-0.2414485532113971,-0.305212520819215,-0.3311730647156289,-0.27643093544579833,-0.2105796540950052,-0.24980195645942105,-0.14369533628452186,-0.32747970304348994,-0.41415531713083836,-0.2727921956022427,-0.39090946689856865,-0.3373060050451586,-0.3214905428789465,-0.19639292902529507,-0.2928912793468907,-0.4588713716209506,-0.35221441042891577,-0.7402825361290637,-0.5020997023765693,-0.43476676307909334,-0.7060951613598695,-0.835253706590962,-0.47684456382276424,-0.5921427559173476,-0.5472646697881095,-0.7873874358914471,-0.7375874286875871,-0.6945169805910603
-0.13399623815957776,-0.1827973853867686,-0.1406416111722803,-0.2418354531600164,-0.16386063318764477,-0.2453039397380251,-0.21862525316114373,-0.21069398031265957,-0.08881439192377048,-0.17157182909724641,-0.1931637934537411,-0.10717472573239756,-0.24561110194731597,-0.17109598804311812,-0.22731074888037825,-0.16474011756475965,-0.25265826594868684,-0.07934313411348994,-0.19182456663300007,-0.1120642560455062,-0.07578038930562485,-0.17806076616510233,-0.09155333034714906,-0.17768680552274282,-0.2427851892457037,-0.14095942947560614,-0.08164481986883368,-0.23682930873017402,-0.14181113970920325,-0.08193211176635905,-0.2160334239700249,-0.08642491077059086,-0.17498070430886356,-0.08991313245424908,-0.12945633851799357,-0.22803048562571002,-0.10400977462516575,-0.11114843034976049,-0.2675487648176058,-0.24936243674861797,-0.12350995587069193,-0.2739129768081707
-0.22944458875185045,-0.3402716578032274,-0.3129453363912627,-0.20916225986309847,-0.11397133557413239,-0.017601993777138985,-0.0014040945537148505,-0.01134876482611649,0.10005528749066253,0.15549814800332548,0.12496947523007927,0.2500671009242137,0.23822156392034996,0.2345618096017136,0.16518792206851182,0.18491770676060676,0.24151469137600975,0.3071284199392542,0.24753814220315223,0.2728009473368375,0.3426011952387838,0.4017239254109304,0.3286601478978652,0.3627971605180282,0.4077463420575406,0.3091417787450569,0.3606192205588806,0.21511555467450577,0.06559676300378872,-0.020292605180091596,0.023419403610709807,0.001511309957040907,-0.22494823487673524,-0.3112686795365028,-0.3234863757694373,-0.5593327966026669,-0.6266531282663967,-0.730161835953422,-0.614776776213226,-0.6561952227523523,-0.8528550634563659,-0.7906552997615873
-0.3977890146317624,-0.2258411253279337,-0.1879818487900239,-0.12691689130390818,-0.09523692773685748,-0.04251669688269717,-0.04691598968714853,0.03913994036689621,0.04681984276753426,0.13676141823303364,0.10657424397642161,0.1919268138016693,0.12698029832522362,0.2255865518693306,0.22465884899894256,0.2385562202303116,0.23070550648438912,0.338884054719656,0.2395160751739828,0.2914123290053877,0.38143527423415513,0.30683854486887546,0.25082754957003756,0.27098087252341035,0.26924250034032626,0.4257832632743639,0.31197914502010093,0.20014223483998134,0.2485296134498735,0.08562430743131415,0.09414189990285572,-0.07433221009818858,-0.100243288472365,-0.29966290021212877,-0.30833125849765214,-0.4527926087998995,-0.6186281831730318,-0.6997510241856907,-0.5900867138953654,-0.678379587674815,-0.9356435556268232,-0.9072781714284239
-0.35604669516094706,-0.3045013570054541,-0.3226175311629249,-0.12467754663859586,-0.1336141930049797,-0.06416951578968612,0.05559540847419064,0.03263971345074217,0.11898363224488202,0.1485436304517294,0.12432236031022416,0.22150015266312909,0.23124632429658268,0.24243104235134583,0.24263838931425108,0.2887663645657992,0.3247253777242303,0.32191459449405513,0.2642751436937727,0.2453368414772777,0.2903311167324804,0.36047326022791754,0.30202730427068086,0.2554488598475845,0.32739897930653544,0.31836771566376154,0.2736788621423268,0.13989573104377426,0.15794595654872093,0.11065612023365085,0.09319244503327932,-0.0021583777995095297,-0.17553313618357486,-0.3102440093152343,-0.5407028263714663,-0.49852408887969973,-0.513217921988679,-0.6300760253378118,-0.8218092902666854,-0.9690372511397022,-1.0014964023601858,-0.8083849618113277
-0.43825522355488233,-0.20107572949675023,-0.2642267059888946,-0.11181815374129149,-0.17508953980123712,-0.05942366662171821,0.013101488612636138,0.06350786263406707,0.04880021023002008,0.16458083275472843,0.13983558807708057,0.1961793765455384,0.2038975240374703,0.3096092304759915,0.3479174500897583,0.2737281310676643,0.23983566096768594,0.3717941660354936,0.3684287129930731,0.3103817810226783,0.42010617091711855,0.443091243102134,0.31747870150542207,0.2923668955905246,0.31127002320130653,0.2736097988561323,0.2166018458228314,0.23813579566700654,0.20743044431926527,0.059218247061243456,-0.09720266081280009,-0.11214767435242706,-0.27731776725063123,-0.23598661657078995,-0.4391149626362939,-0.42689486879975447,-0.5924427240128565,-0.7471177099441493,-0.8418641551818727,-0.9082935714633715,-0.7609426597909197,-0.9158748059250669
-0.357848023399755,-0.3173025534430445,-0.20572814590591318,-0.1519084572723888,-0.11014136101374576,-0.04509046755166236,0.04808962862901359,0.09505574584190676,0.08401454370958383,0.0918372825390601,0.14841999625132912,0.20997494647761414,0.22310197180900726,0.30177651343700684,0.25677752593258246,0.25254017884230223,0.2493324398679824,0.3768176019077654,0.2938114372168838,0.3234681320402486,0.2523619406136975,0.3814754950626827,0.40362364605268225,0.3119902023410172,0.3647897453050533,0.41648417483697003,0.32056898780838866,0.19126196961395703,0.12007667999097241,-0.009289167772672767,0.0648347006656151,-0.03862862573761833,-0.16977821024852827,-0.37686158250628904,-0.3755651842418539,-0.527900257183111,-0.7378380284022814,-0.7241314232400738,-0.670305037745086,-0.8324729470232313,-0.7773155653407069,-0.9444207823293623
-0.49686182264352796,-0.38214930077715364,-0.29789533694444154,-0.24815427180337082,-0.10166947769644082,0.000623761380143898,0.008322900036758897,0.11774358402246819,0.1367891162490483,0.1281806914279332,0.18340958597576712,0.15574860836208276,0.27761212225415927,0.219885884635109,0.35090982634075046,0.253950632102077,0.33565310488391037,0.2694205446217708,0.396710993399015,0.258541598214272,0.40842853994754774,0.32595715029266964,0.3654080058207896,0.45302021611450405,0.26082738409248707,0.23901603593430476,0.21381370354692913,0.2565857529782769,0.22299877968020354,0.14689495560535334,-0.12821306590247095,-0.09497421413936663,-0.08618650121885267,-0.27385825288553056,-0.47669808043048006,-0.5593002383992997,-0.5613697779185345,-0.6143991644085659,-0.8512751064284666,-0.7487627921674727,-0.8187884622216588,-0.8376116183957651
-0.4327506093155533,-0.35710834686239534,-0.33762803710842554,-0.10544642558681634,-0.058230235931828245,-0.010216489204725674,-0.03868689950276047,0.017306530038045723,0.18014340631133574,0.1543831424266443,0.2381391626484212,0.17562905539963283,0.243154610332657,0.23282812922513357,0.3572353100955651,0.4252181565286969,0.28578896408309334,0.40998085245103966,0.3822049047492608,0.3013053722888574,0.27933955334492,0.5141268840742477,0.2960474795700637,0.49697867446589883,0.37244174086805787,0.38319391066249175,0.32998305935860167,0.4113984659761881,0.14577963326526677,0.16055341965002456,0.07696363343573796,-0.021407226745017837,-0.179880480242676,-0.3992438159419956,-0.4674162002751786,-0.6699471544765496,-0.6952487197704186,-0.705613904372896,-0.8073877860427531,-0.8322184496107876,-0.9370996416630826,-0.795314489877982
