gfs-wave-data.json
{"header": {"parameterCategory":2,"parameterNumber":3,"dx":2.5,"dy":2.5,"nx":144,"ny":73,"la1":90.0,"la2":-90.0,"lo1":0.0,"lo2":357.5}, "data":
[rows 0 to 18 of 73, columns 42 to 83 of 144]
0.2730759485563061,0.21296214368969577,0.12209265144900912,0.15345195343372717,0.10912813031442778,0.17386668219026621,0.11859908802790109,0.0754703117229239,0.13141863963554118,0.14298719312570807,0.13723131022824384,0.132342602409319,0.10096470266281876,0.13389090094912212,0.1897223558492903,0.18533806054235272,0.1356927231543972,0.27793591217040875,0.14255380408905877,0.21256615496061246,0.23851464064640598,0.2636871382698667,0.28863681696072757,0.282647937870224,0.25564229777359787,0.2574165146074882,0.15117048085969642,0.22139264286143548,0.15646027047951588,0.1664246764004658,0.19662571684485913,0.22978364569650403,0.2496908082970147,0.2573223633523129,0.24321589650624528,0.40675084299911407,0.44295348829331027,0.416711264885874,0.568588504019468,0.5315094251296287,0.5939667316583772,0.6662576092295964
0.2367412041070894,0.2299784506402265,0.23182465089239424,0.15772448332963404,0.16584857513149925,0.1605422574812191,0.06864511215593656,0.06460126003174103,0.07524120917885324,0.1145702430666609,0.10372607564744023,0.14686846121498845,0.20957933104575172,0.21870373913644706,0.14773189352100552,0.1283866319547582,0.2176823065746037,0.2349536865549067,0.21367269499288533,0.32039281505531314,0.1436102374959422,0.17709417730706087,0.24934987508649684,0.21795110996939937,0.1852848284230148,0.19814814184334692,0.1712796150302657,0.16355235681257874,0.24912317923337848,0.2295188745254754,0.16444088472049934,0.23914969955459414,0.2699033441314401,0.31582120024269406,0.34222622338542474,0.2935222279607795,0.3742332856407423,0.41804637449602516,0.5123519945117135,0.5807952827200057,0.5705299347574722,0.6606124200738233
0.2174271139196296,0.16260485714336656,0.2349697367969586,0.19588359672820546,0.22550453658333994,0.13041163606093817,0.14789072343604334,0.1448665806282965,0.09095464376476185,0.10649189351868171,0.13919333558755423,0.2275902990703309,0.125772869700479,0.20632119045493835,0.23394417969201747,0.19096891096262134,0.19016440296589135,0.1497633104379952,0.21062844873396,0.31762133736804055,0.3313688600187353,0.3178206447487991,0.1649168507532492,0.30641612756592146,0.24836021473617095,0.15996417883071243,0.22297764709223042,0.1639443373499218,0.1409706053779921,0.2738716628900418,0.16437350725573835,0.15507871876904566,0.2435990539326733,0.22129885388884354,0.3433876633044728,0.383783567523725,0.39406316244335216,0.46300732617922996,0.47191779724023825,0.5446559732405019,0.6264512499132203,0.6954525893298328
0.19734705720066226,0.2538384610278083,0.24361310592610952,0.12371359910204156,0.14889955034369243,0.13572773388046785,0.18722310089003041,0.10150945600617992,0.06645857993052944,0.184385043722654,0.15640444981957424,0.18806244694362678,0.16898842108498427,0.19991057805091136,0.1600884992841849,0.1185394994956912,0.27158973094995,0.15405882505415408,0.1472348563948096,0.2350658748309162,0.24574400005514754,0.19750194535199575,0.26899829802974323,0.22492416606861107,0.17616143501078504,0.28845181199017317,0.27423030391157444,0.1745748426639894,0.19995997501502868,0.2281037938227741,0.28682878409494605,0.24090823205980513,0.2135941729778581,0.27169811194884547,0.3435775819272399,0.3739605535313919,0.4018495292909851,0.45852434914542683,0.58772933449146,0.5170495027539894,0.7263426050707005,0.6777344753710809
0.24127044053307892,0.2181697526798407,0.21264962375036073,0.14418674987271346,0.1684457653940971,0.11928374499267166,0.08915451731314308,0.1333629923475025,0.12378728726820586,0.148847327655419,0.07683184026096523,0.11654294542644476,0.21784695313383598,0.19857056774021567,0.23644104858879122,0.15876838340364102,0.2678689545447889,0.2548364544581623,0.2492855668492637,0.34656759509296736,0.3439950753098517,0.2527410883107014,0.3681237317853645,0.17863501441246515,0.24329521767582168,0.21757433888585365,0.2862636453905748,0.2983894020095267,0.20736534922106903,0.20647570320861328,0.21038133927572475,0.2752158264799541,0.26365690459277497,0.20848492030180082,0.26359287873010995,0.4217521828222689,0.3934667089406884,0.45038037941589654,0.5345021142073378,0.6057410322462068,0.6335624614880563,0.6163999039300633
0.20234597823416436,0.23342421476194086,0.28451271970001746,0.13838565086900267,0.15696951629948794,0.22763612632092267,0.12134585229988916,0.1267411285662379,0.10807643414944652,0.14783357614067466,0.15295463601751627,0.2395918267692113,0.22480419930293638,0.17305559539461976,0.2529747465630179,0.3187438755210372,0.22848853702557173,0.2502613648539296,0.3105169634247483,0.32817870759382206,0.3054323819461658,0.26876075408317057,0.30701069691379307,0.3086898078877996,0.23068352495457176,0.2098868118030682,0.16899356870582893,0.2310961636514354,0.24321530340696032,0.18459893191289412,0.3308619137828375,0.29567232425746237,0.301550069634839,0.29201852773432896,0.27558609228695524,0.5225077860148188,0.4782200753808577,0.4567673826759126,0.6630225618679819,0.685734556808526,0.7418608313003188,0.7244740973197554
0.32787728661766136,0.22090323954883562,0.2794798634868936,0.15166638865747964,0.18604933921333847,0.10277926041113437,0.14740911190473918,0.17885739061204226,0.10143113705065672,0.21613042132926533,0.15995516581015445,0.1897496252541157,0.12148856699918077,0.17526913856643242,0.2761838801871875,0.2483465759635153,0.34778106954229376,0.29997176381014146,0.28021918057357603,0.19701268127438865,0.36709371573710126,0.2990563830786394,0.37113894037543166,0.33233081465881714,0.2350165494702769,0.1771960891967894,0.17959417122035742,0.22890480381622041,0.3253105986533853,0.24709420591896034,0.30912038204391806,0.2493905847242631,0.23161478894066376,0.32171497459025566,0.31771446844666484,0.3342033034349439,0.48352350975293845,0.5480666644226296,0.635877597327045,0.6764157649372065,0.6426850621834219,0.7545699342924115
0.20437562229966275,0.2628126116935357,0.27084068678343526,0.1833487802329849,0.13822086978346348,0.12805441419007924,0.11608813645140727,0.20664936175502047,0.09608434562003583,0.15163343608742774,0.14827226950357228,0.12749788083493768,0.20403590822326498,0.18485217053609967,0.3033096155318673,0.270583348749392,0.27572840674912746,0.20777667180068918,0.2102877939770075,0.33342387393514333,0.29651851410757885,0.22094592878615846,0.3258989954043452,0.31260513427411785,0.30423051990230204,0.30288164741136375,0.16704232452996765,0.31524839065349797,0.33698462624377873,0.18422432413670198,0.20332273398420167,0.3277685509787447,0.225748791708043,0.3864158375914147,0.31246093382133905,0.46835542673129926,0.5832102087425701,0.6531285908485783,0.6126086762178312,0.6220888176817865,0.6470521699606427,0.6290717475703259
0.35772308219925525,0.2701216770916877,0.24000456740400133,0.21099465695235808,0.18110645333215858,0.09838833552538374,0.0999842895914795,0.1829679424660571,0.1742825669814958,0.12790227200368642,0.2030714338981346,0.25194951479665995,0.21535802474468022,0.27974784977800243,0.2797983807829505,0.1677702172859394,0.3396087867150896,0.33111093009266374,0.3657379040342589,0.3308165777057274,0.22294205253226101,0.3658899058018857,0.2970241058040239,0.26543234761177553,0.22778518619457536,0.3031966515900376,0.26105369187253463,0.26322962479072637,0.25965295347906736,0.20577762993507087,0.1661377503823206,0.23277947268435228,0.27695023809191405,0.36754177606525523,0.32694120537100213,0.4681439910613286,0.3640762903130936,0.5082401558125209,0.5139186235586186,0.5604525792357566,0.6298192205327646,0.7639681406782011
0.29174750721782877,0.30349040477088124,0.26564260709241483,0.2713280657868145,0.143889030383925,0.16789249656221,0.11608415583393855,0.1830980866745097,0.09447707894094327,0.1726158747368914,0.1730830900453641,0.11609451471781433,0.13759102091563177,0.15596229171420187,0.254666696866793,0.321457106370271,0.32713191926470014,0.22443351970465647,0.26536308264534103,0.40546808784406946,0.35116225164534254,0.39389792687070513,0.2750650305196585,0.3348475891396896,0.2664693418581717,0.2792625251336872,0.29136932679911903,0.21038698133745717,0.18202169624787612,0.14866665042570332,0.2419405547298874,0.24214129691024783,0.3729176735747467,0.3136021890621515,0.41425659233105,0.49977753196155855,0.4231789700208375,0.6582077801616935,0.6346160780900897,0.7547790214639172,0.7305092763431846,0.6670578242187324
0.2875733972538859,0.29981246854249305,0.19918787499737567,0.26167597372541496,0.23035664381243737,0.15972478008292995,0.19619393895729234,0.17193842306120993,0.13853159990737351,0.14415433886442044,0.18141159423134076,0.12567512512695936,0.15126657959007658,0.23386728271003251,0.23069344579308204,0.37778124198560914,0.34155660911118435,0.3585990824837752,0.2568985882169931,0.2784183143328659,0.3463178836100852,0.39671472180457434,0.32537306299882596,0.25138134034275983,0.320464947681239,0.23114425961768761,0.190617733050139,0.2456631493113108,0.36152624311875364,0.23773676005420563,0.21114359655799061,0.26802391190144514,0.24265873126457319,0.35268848543083076,0.5308666134141854,0.5018580689677856,0.48485788686384057,0.5666715055810603,0.6472631983456207,0.7651984072380769,0.805462925201481,0.842681511399038
0.39252956186059806,0.2513892518021808,0.2536979732181608,0.18781190929976418,0.13789022333133508,0.2505336823300364,0.15141733415569056,0.16224748227608046,0.11035713357256162,0.29088488939165547,0.19493745971963972,0.17034093501483563,0.2195247316435802,0.198159811853217,0.24815330708590264,0.2814949874815142,0.38517024001237904,0.247435441233368,0.37835738760459825,0.27043449721271423,0.31585495359690513,0.26187369918921205,0.3795588629102456,0.28867972642375433,0.27427823081042413,0.30315319069453817,0.27999519274273743,0.23324370805434566,0.28993336281582727,0.2939290991452987,0.26168839591729914,0.2944144502278576,0.35157723037045646,0.3035547766381636,0.29457053477933426,0.466862358196764,0.4890771728801427,0.5219617835949378,0.7518430306126906,0.6771759729976663,0.6784831369817467,0.7490486063685702
-0.4066947831830648,-0.26151944273699584,-0.23077208298822482,-0.31764628944000667,-0.3744351757794278,-0.2587809477911568,-0.2917064262433715,-0.2435026211845666,-0.3856966903472797,-0.2883623103977808,-0.33881156545216917,-0.343369753844992,-0.33060156388042294,-0.33074303716973696,-0.23879498802197033,-0.33300064507167504,-0.3820529327321879,-0.399790824742154,-0.25580212854516315,-0.40462754559993414,-0.322688105078787,-0.37352523062053905,-0.3435274245484774,-0.337645774135009,-0.27011080077097654,-0.3931276310621408,-0.24874474605162694,-0.3145846277904341,-0.3512177094408866,-0.27479240968337815,-0.3402284490803339,-0.29958729531535655,-0.28294255428931914,-0.28261440379837877,-0.22793952466324074,-0.29538334186714826,-0.33697673082456703,-0.2374094398828067,-0.3326590386463151,-0.3079293529092805,-0.26579561145150077,-0.31254422547041233
-0.3944249023824605,-0.36187989798824993,-0.2714488421144455,-0.2719189108443727,-0.30627304848383197,-0.27866455692188535,-0.3255246828253485,-0.3517267642502014,-0.38143019207533785,-0.2770312194632606,-0.24749036593527407,-0.3211597057011444,-0.3466628138516608,-0.3056343777417554,-0.29673486372054947,-0.3404376456112084,-0.28204335409300313,-0.339813918668336,-0.3133516696668174,-0.35879728358444557,-0.2932894344764037,-0.3094958777745253,-0.2393794620417649,-0.27483806500658325,-0.3441637770554184,-0.3892177393149062,-0.42479324212645664,-0.32032658712199474,-0.23996935518766688,-0.3428750503585086,-0.361583422254611,-0.31263426629631136,-0.34043045478410966,-0.378317262827542,-0.3099223591328725,-0.25314033969764266,-0.2703536790352531,-0.31113237209762096,-0.3365654633511505,-0.39078481639373613,-0.39547441945918116,-0.2876047968260399
-0.27528237370900804,-0.2550885017395779,-0.4091754734199971,-0.3282152388304084,-0.38662673968798883,-0.44028493928234164,-0.3697353361943804,-0.30079552788198693,-0.37478651550029174,-0.436007413886469,-0.4224460433191676,-0.26521389203667056,-0.38628166320018903,-0.34316641814213206,-0.3414468932711959,-0.41833700886763425,-0.4162593487784978,-0.3064486311555124,-0.25097758211063037,-0.28156981438073925,-0.4278184036708268,-0.4292978893860419,-0.3568993792590257,-0.32999614758136525,-0.3645007184846205,-0.42872362769115674,-0.33823139708109623,-0.32624419479184,-0.4139460301003283,-0.2737672865616008,-0.44447556912722663,-0.28631352496704093,-0.4031742913635681,-0.2765085199785003,-0.4290777453422744,-0.2871165225743651,-0.3099183161603682,-0.3718318648824339,-0.4113587047214586,-0.2574989642478705,-0.42874215919609115,-0.38689845924045463
-0.4174766058456229,-0.2947765882888481,-0.3571540661759066,-0.430404565409498,-0.4266971275113579,-0.39182801810531176,-0.34061886225637167,-0.35196212450498016,-0.29472681060945966,-0.38297247026184894,-0.2883922612933409,-0.4472348709909779,-0.36163466511132697,-0.271460975168752,-0.2928316105413355,-0.34353423143596196,-0.35916985894257236,-0.42578977091657727,-0.34636908662725174,-0.3436522731888972,-0.34609718378173876,-0.37703167581815494,-0.38485547165488326,-0.3521787566587461,-0.3877239378088277,-0.3624796227274886,-0.4401406322639402,-0.33231066985065916,-0.29204434132867496,-0.4521129242228949,-0.28710886910548045,-0.3409563242394965,-0.2991817622016544,-0.43153080701191127,-0.40005105741179914,-0.3565678976146219,-0.3288092343458458,-0.2973487573411303,-0.30276704058876625,-0.38635521864993094,-0.3155238395138044,-0.3139644338027912
-0.28544978784346786,-0.3525961868934577,-0.4350800071896319,-0.3065361163520271,-0.267812273399654,-0.3347195073705613,-0.3760369048830918,-0.4575159940993833,-0.32899699939300103,-0.3534430168312559,-0.39504595403517667,-0.289134134083666,-0.4526561912851036,-0.299410130626283,-0.2834015833759723,-0.34618552736901387,-0.39711526993918056,-0.2770817003142311,-0.27703931060395787,-0.3620593038392338,-0.39458140741571834,-0.2936793955700374,-0.30911129469870435,-0.3464823697104808,-0.2777550500858806,-0.38882510532006126,-0.3757235465325,-0.36840585689744393,-0.3707971292472625,-0.4485518288545736,-0.4122148068550117,-0.3846834621232662,-0.32394935977069095,-0.37015944192677275,-0.311301859864916,-0.4457835238948397,-0.378054288463568,-0.2945039160449642,-0.45921142474589777,-0.31261264749149764,-0.32272703465076474,-0.26986236240926903
-0.32600059160238914,-0.4052066265649506,-0.4197142450136348,-0.39981874515093024,-0.40183487432074144,-0.42408540143490514,-0.29659718581198896,-0.4220262110434913,-0.331741616369473,-0.33626189638492243,-0.3265003803036072,-0.3882387793722148,-0.2792287296577177,-0.3124429731872615,-0.4670320886817057,-0.37148306472179315,-0.3264993981678051,-0.33552634443777524,-0.3046771270156266,-0.46309217296017646,-0.3933176584484089,-0.4320954097269949,-0.2723531663993214,-0.32618675612557857,-0.4492490710097775,-0.45836713790341044,-0.3222002134580102,-0.2845451514172961,-0.3326467488497435,-0.4286006204490736,-0.42035815671950816,-0.289633150477527,-0.28796053437555363,-0.28895882469251116,-0.4662870776325034,-0.2880144584040528,-0.31978349484264834,-0.38355216660533364,-0.3884461132876946,-0.3522406991826596,-0.4047027097735192,-0.3421034267152324
-0.4682662171701691,-0.31700829371215344,-0.3004926730046282,-0.38663810809020654,-0.4060548173489369,-0.3168563515945068,-0.33075662862885535,-0.39511431700999333,-0.45941829841250825,-0.43672730694947254,-0.372601063402506,-0.46936497549952894,-0.4710243298126086,-0.45356397031258483,-0.31632366400340667,-0.38818537676376463,-0.33532281818268145,-0.38513955827611474,-0.31427161029943546,-0.4321788045908457,-0.3972636660521148,-0.3400338401155358,-0.39676821538443197,-0.3327973470613014,-0.44698333835303394,-0.42941143035266005,-0.4163555649516373,-0.2786079157546394,-0.36344038631151504,-0.30469607457962705,-0.3212875888855836,-0.45511136872127184,-0.3532567076710586,-0.43629515090725396,-0.4290469476102183,-0.44252061313724717,-0.35495251766548297,-0.47033374425051616,-0.29309953746596945,-0.4466799571901191,-0.43042908613887215,-0.4311589380793398
