gfs-wave-data.json
{"header": {"parameterCategory":2,"parameterNumber":3,"dx":2.5,"dy":2.5,"nx":144,"ny":73,"la1":90.0,"la2":-90.0,"lo1":0.0,"lo2":357.5}, "data":
[rows 0 to 18 of 73, columns 0 to 41 of 144]
0.10079590982474343,0.28206084863714026,0.24797398898724402,0.1779907153097348,0.2671964845420169,0.21592618330849705,0.3344164973281877,0.3479798411995426,0.45939913036625546,0.4809877263177401,0.4602172553016425,0.5019007760977913,0.6424383307467479,0.649218987715905,0.5144877649537792,0.5207997486155302,0.511941883264193,0.5640833835132313,0.4190841466046541,0.3699648952929546,0.39883017426979905,0.3135315885233314,0.39725229225984554,0.21990438968245257,0.20983618921313116,0.2587052181074946,0.3468999227072395,0.22652267440813076,0.24472857169064835,0.29587997637691904,0.3080659958749398,0.4159798769632561,0.32524991005942255,0.4133475796380982,0.32572228508382345,0.2876887087425129,0.41163801119238064,0.3591530752651368,0.2109732754755488,0.20720745437208574,0.18920747909987615,0.18692562091716297
0.13973584921096371,0.18202263323877316,0.17645576302014593,0.21779092090344054,0.3061698137371218,0.3648184704112892,0.4303868279384721,0.4526620703085416,0.4476074632696691,0.5584698462780605,0.6032567035825801,0.5030332611812256,0.6301759805096374,0.566719706238422,0.6715874017777476,0.5469644541569213,0.43335541877499684,0.6074496571582909,0.4409260881396047,0.40545980952748,0.4489775433217283,0.32171047051700585,0.3745403704707686,0.3763008744289167,0.2850930678766026,0.1907806576915629,0.35060353410147405,0.27120057929070845,0.302932123903556,0.3068188150105722,0.3559498631480345,0.29479484454400723,0.3673621284496207,0.31370631069669935,0.3463364497639027,0.3729155042493402,0.27640038748064033,0.22706167293871132,0.3541809531892256,0.21919216062996558,0.2734583691015478,0.14723140846936042
0.1815181725978733,0.12476662164256648,0.24633268452113088,0.14617123255234254,0.20896853647292968,0.21666238165319768,0.3399521387000797,0.3924019179590768,0.41458646653855735,0.419513112734526,0.49304072510887065,0.6114094244559495,0.5499317936199534,0.6628069750969577,0.5464268073499257,0.6547097727443733,0.5893636167174838,0.5160740455345718,0.5450605520187735,0.41282643298837346,0.3445474963686503,0.2976984113992163,0.19822107772973593,0.3385112413926295,0.3172468065639205,0.2904222862604061,0.24163280345995491,0.3414575945278976,0.35649340514484873,0.3211573820334469,0.3076195485715995,0.4628259837752029,0.47353693559569954,0.43279409236402694,0.4446075177011678,0.3654383264030798,0.30909126124645675,0.3723901999963411,0.31088145657802646,0.30236400429853766,0.23097367057636153,0.2294145745534026
0.1405808591392456,0.12484891770382849,0.17527967145685583,0.1688859964905351,0.31871056174624635,0.2682418826579311,0.33704827179649627,0.4539313071626644,0.4504535134143853,0.5381766007390741,0.5288770875402801,0.5295120296904218,0.5426403614886505,0.5089203254595656,0.5220978454298245,0.5203053815431222,0.5203110615872348,0.4787294596072908,0.4820072071451878,0.38388215226346245,0.28903232758692987,0.28905127724033985,0.33861938285997517,0.23411648401957433,0.2685944596078201,0.3720590765547551,0.22586419108380815,0.2839546630711756,0.29484795068900443,0.35557689211319193,0.46447719606048654,0.4613690636880581,0.37543662191244664,0.47874130083039207,0.3772110312454819,0.32235793546554553,0.36568351705180024,0.31896991935106245,0.2626847681788958,0.23674137636613382,0.19247656011315625,0.14860677157531674
0.11628113005088116,0.13211038294972055,0.28882570823509407,0.2990869884716007,0.3389669928641663,0.2514310136681555,0.3137867967197892,0.40331045063630316,0.5431545286783309,0.6171553425795401,0.49253273703552797,0.5132921867379537,0.6138652887120137,0.5308947136087996,0.5155114818418535,0.47877507625543947,0.5754409925966071,0.4577786938786365,0.4654471570896532,0.447149533179077,0.32616970977241294,0.4080309523259123,0.30862686784731236,0.41298728435188164,0.24098860947221515,0.23399977133742686,0.2970336645386428,0.2701899769418726,0.3906986791502382,0.25557810081677557,0.3111365400079788,0.3242163786470709,0.3628907949443529,0.43541160021651343,0.3052991764435885,0.32408292051202897,0.39933201309357064,0.31739753727069364,0.2386757154022458,0.21278233044426945,0.32007585356896884,0.18692432012140134
0.15510055378032475,0.25194117025683915,0.21990260176627985,0.3683082195638605,0.31145489643302654,0.33882559916416244,0.2615313515023335,0.44686647263518003,0.393636295595221,0.5041124676715674,0.5432796766765443,0.6031599988165732,0.5206349189673694,0.527695156724983,0.5972831332717963,0.593675937558212,0.5523097230167477,0.4262355855997736,0.45037963747508203,0.40310621554667647,0.3644943211200127,0.2775601394687619,0.2861890992620136,0.3801741743753586,0.20101284993447407,0.3196371922796226,0.19578560448998686,0.32629185186042775,0.2918392208647903,0.38321466612686594,0.32429494169111034,0.3799388121069004,0.3913410013768712,0.33699235038311925,0.34040212906724315,0.3600087322924358,0.2931961263222924,0.42448506061669,0.33258993034212897,0.32731952233463757,0.1673525131764191,0.1163679444113642
0.23688567459988127,0.16127217322031046,0.24218509305851554,0.24475550995205814,0.21131322335561448,0.37366847099536743,0.2888874821510265,0.36214588615128707,0.4357384694276202,0.5384339415517841,0.5752876543656853,0.6365772878670755,0.6332238443677012,0.6014675026633342,0.65750296956536,0.6532223934360429,0.5664808961054989,0.4771750306088544,0.46993217283269423,0.3115345584774886,0.401361397972461,0.38631507629506695,0.2851035823580043,0.2774916446581101,0.2626668560414465,0.3692474932175088,0.22645385716527205,0.2585944294661042,0.36328097642270807,0.32790912990981885,0.36791149585682587,0.35415903059216575,0.36304400127072706,0.35313317595108906,0.48115960819463427,0.3328359259391712,0.44471683594115735,0.389116547724891,0.25669491168708053,0.37726352516872513,0.288372848055648,0.23888707756984787
0.1629631285245305,0.15387993071565426,0.19493639948184424,0.30239290162970034,0.3074279922759974,0.37702506975339245,0.38992925057842986,0.47414393690740736,0.4842165265211696,0.5314659686197467,0.6096831752969397,0.6073730181509988,0.5023928240983709,0.5826939662020659,0.6672649518658006,0.5387461671682889,0.5180722739881223,0.5036887214159256,0.49924976878476635,0.4102244375441624,0.3350478137654142,0.37383761842300905,0.2997505135266142,0.2717960232856598,0.26807902662353356,0.276190335381531,0.3661714711687545,0.2871167893193732,0.3205667648325091,0.3915430230507991,0.360367460262813,0.4975345287328718,0.4531875647896164,0.37014389476473636,0.40689860883734663,0.3803510860580069,0.40550594686800046,0.2815986881801269,0.3127247951768557,0.2887859854054395,0.16246807717499465,0.2566384983626374
0.14171867432536006,0.2737072726855742,0.27110423276012824,0.19785913276186254,0.24416176444365856,0.4360624065562287,0.4001313019401277,0.3443665047493985,0.5582742030693801,0.47660096687042125,0.5709848966633616,0.5116614897838828,0.5470437845388935,0.5950852416472516,0.6315765446788947,0.5033589890043768,0.5927982203183979,0.5520548722179469,0.43156027722690615,0.4696700381106688,0.4500025732712064,0.33018697800306596,0.22576768484344117,0.28572243124915986,0.3839638716340344,0.32760637342577836,0.38586017163183367,0.2908680830012112,0.35685983584806313,0.3474134816234827,0.3059430999692864,0.38632942531500936,0.3678484588226378,0.45612298860834927,0.4217431374387262,0.4595235378454643,0.3435139099196154,0.2761221131175558,0.3773300899771075,0.34916116362109934,0.1974012722348018,0.2655864006613776
0.21385720240088282,0.16753056938705613,0.15805066329186113,0.26442731389094126,0.2124058529453774,0.34513889410405363,0.30112763223899697,0.4805399776229376,0.4635351329427292,0.5025640836266814,0.6359340659529106,0.6285325611254661,0.6488492737580074,0.6538332767184546,0.6529986687601224,0.5659176116271973,0.4912133313146448,0.5797415784144015,0.43245470491622195,0.4354696389051887,0.43310090465277534,0.3715283418083668,0.23242325115541992,0.3859370818667431,0.26791507825258637,0.24051735811164277,0.3103132438517148,0.24490137042205534,0.37523753732823434,0.4298021637290409,0.34872554897347346,0.4724449210945421,0.48666209879372674,0.37740828051697445,0.39451796685577706,0.35781817119779513,0.3546374996457741,0.38331661540527795,0.41811666351599364,0.297815604269089,0.21101143762282668,0.3049318393757586
0.19699583308530638,0.23416472242790012,0.23507045033408858,0.3256295297325367,0.2942907460021693,0.29654511720240984,0.3340070458073189,0.4618002416929288,0.39689675623136245,0.5029812590610702,0.6153372347993048,0.5083681819567123,0.6900331739681307,0.5381407488865294,0.6800329974634663,0.5273329417234823,0.5302636855708518,0.4555164374497336,0.36297421410240704,0.41032084498362353,0.39659018149055275,0.3690077661240572,0.28520909996585864,0.3689673335656698,0.23264128144852178,0.2359474317512219,0.37117807706426337,0.38761160714896714,0.4166942163919428,0.3440951596949445,0.40295934493796004,0.46971473790225543,0.3622495302870013,0.4277264965062729,0.4156374233856552,0.40629148819748034,0.34795443980259716,0.29909018949792654,0.3114206194783997,0.25761920005455047,0.2410332702423214,0.21534235346741465
0.20810228103606337,0.181310821866687,0.1507801387637492,0.28506653774777463,0.42221428739002514,0.27584400477410004,0.4060492493694401,0.4081902610525787,0.38539015834096474,0.5406628258841321,0.5133272687740449,0.645976783662674,0.7116487577794501,0.6360988376315956,0.5821352905739428,0.6500699348752426,0.5932153385374855,0.541201480857443,0.45747293321893534,0.46810643639504673,0.3841539404723902,0.2761562716797906,0.4732202074632776,0.32327018967392945,0.3689617980048635,0.19108818902788294,0.31898945783435834,0.2721051687780999,0.36109007644140295,0.3431241198546306,0.49804333821446745,0.36254120527832284,0.35299529854132383,0.3505076379320786,0.5046786685453913,0.34006187629878787,0.4409451630939043,0.3648803914484989,0.3654466987174656,0.3526157078120042,0.22030070007814231,0.20615010596704939
-0.19851632035207134,-0.2581737060118048,-0.25872332792265745,-0.10074107236053761,-0.16738545249285772,-0.1281394119248801,-0.2413768427086126,-0.16523506746538855,-0.0790530031000956,-0.2321126273397278,-0.09141327002639263,-0.15693419721566668,-0.2661554883546832,-0.2525338091824201,-0.2107331612592231,-0.1438993543022909,-0.19929139224387246,-0.25408098187666006,-0.20140394789983365,-0.20231522569415922,-0.21974048720312261,-0.22816596131731137,-0.08341651371492413,-0.24241266530549563,-0.16163973563503137,-0.27392492677579616,-0.2529059926918017,-0.1405195885329395,-0.0944590995395052,-0.21931482821074083,-0.1331938640602904,-0.254645547080461,-0.18257271308910883,-0.16445081454999025,-0.08902072113382245,-0.08392291630331093,-0.09075308476104477,-0.21384175878608308,-0.13873575821895576,-0.24293151860243714,-0.1468552495244758,-0.15279211115960586
-1.176985642238811,-1.3439673261344158,-0.869505648996327,-1.262050358725211,-0.18224654017444755,-0.24306569103067913,-0.25937144080970465,-0.26141019386941117,-0.18243243806985943,-0.14065909366858717,-0.14673663313495994,-0.20131718926490008,-0.12064205759222436,-0.2609193593051139,-0.15555538090138707,-0.2816311240522043,-0.13181613322629573,-0.08979390349578543,-0.22582512713103367,-0.15772342729102592,-0.171010510573465,-0.12849276117501174,-0.14030900169267999,-0.11632280371955012,-0.14832182408329148,-0.08761675382777882,-0.17552882743399695,-0.2564945849012231,-0.175723925966847,-0.25845669720289155,-0.21402447895071802,-0.19983613310523438,-0.2315550659472735,-0.2099652582614855,-0.16597411597479345,-0.09037329585413455,-0.23109974760617585,-0.26978781152022,-0.13288677603639404,-0.09678146857724981,-0.2564114505424902,-0.09983782473416337
-1.1230413978595966,-0.7525509518424723,-0.9782024859097844,-0.9036487702908192,-0.2602202207625695,-0.21483424299097198,-0.16227812269177264,-0.24709016593994856,-0.29039633790158087,-0.19173484457119602,-0.14566059002724707,-0.29170696648873207,-0.28517520533797985,-0.13556378825080767,-0.20367164347448793,-0.15990879590819812,-0.16735997401651825,-0.22452550467861257,-0.1511224484927362,-0.2604525117821917,-0.23353754275641844,-0.19258275109468795,-0.2439714964650275,-0.1654804905471782,-0.2137799717264501,-0.11416526290050222,-0.10418029266116384,-0.2109469004488086,-0.2938029479590496,-0.1912884081236068,-0.19297734811201767,-0.243120619024249,-0.15312657469987556,-0.26668718779426775,-0.11756309787038999,-0.18407451911007008,-0.19628250473551187,-0.11709719859228239,-0.18310235024263938,-0.17669998925079625,-0.27035921978652255,-0.1717677656381976
-0.8661852968223087,-1.4470958361768747,-1.12096944818205,-1.229841338173307,-0.229132974688921,-0.2908535004419835,-0.11185957017952032,-0.28749167397599784,-0.26773232911630185,-0.2889679108749363,-0.16033780813449403,-0.17298728557051052,-0.1701212071745809,-0.15415258967181297,-0.16155024985113417,-0.12777512544504274,-0.21063235238415973,-0.2537715371957031,-0.2020364892543463,-0.3050699771087478,-0.21703688249153388,-0.285063127741567,-0.26155165812807973,-0.2650917948496953,-0.19895339902186335,-0.20166632236674237,-0.21460667354412238,-0.21199585177862934,-0.11145409943164751,-0.26401387589568764,-0.13695608948894752,-0.19642817536861495,-0.3014679798916781,-0.25004174632158466,-0.2175697622217854,-0.17025270157781708,-0.14789067378343476,-0.26053706862096004,-0.23834803249228126,-0.2638754301571968,-0.17673948827341113,-0.14129965992925206
-1.2802717261399728,-1.0379668551575765,-0.9732866193721275,-1.0946990247686212,-0.2615225224434492,-0.2324162589224117,-0.2125185154710361,-0.21592895458403713,-0.3120988360178245,-0.13164814784045403,-0.21732191910751258,-0.23618887323150983,-0.29929740409192507,-0.15292717924144736,-0.23106072078313836,-0.1578910034423505,-0.1560989651171944,-0.21437119265766275,-0.23391066404040528,-0.20206002904235576,-0.29051832180693754,-0.1248987631560273,-0.19915505674732006,-0.18672155896495093,-0.23453085108405597,-0.2570681464288826,-0.21073183155491843,-0.2623886710185402,-0.2290102182673608,-0.13737017885119604,-0.31710913671697366,-0.13793664094238575,-0.25982472752015834,-0.1728743885009888,-0.14194683449278847,-0.18475979532245457,-0.21313865529325893,-0.30516434151696104,-0.16673051339620987,-0.15732962395794364,-0.19769081511698153,-0.1844986302364779
-1.1093895365690423,-0.8861104039221954,-0.9869692461603774,-1.0469247805336517,-0.21061860122225443,-0.24540837694407308,-0.18656815957294814,-0.15997289099730916,-0.24483527703475585,-0.20938307239430604,-0.18358326541476302,-0.26515012827434287,-0.29095710430716687,-0.21453639081656992,-0.21056116680244694,-0.15894562328858922,-0.22431594180180686,-0.23286830008807227,-0.16726069869207946,-0.14337868922057714,-0.18422106515164832,-0.19838134927360296,-0.2683502222136593,-0.2730933110815812,-0.23277025728820447,-0.19238673608062726,-0.24702885194525695,-0.13953077324620072,-0.274744835030686,-0.19875067888214581,-0.1618678943042756,-0.3295427876661518,-0.2801762846936261,-0.30997803102662663,-0.17040305359598312,-0.17517780798116664,-0.1382171967587502,-0.3254581882738646,-0.16629017132250154,-0.14124268951202432,-0.21104348214251042,-0.32792640860401145
-1.3843296812597676,-0.8321492165146791,-0.9526061060304198,-1.141396394810488,-0.26453273378579106,-0.19879773654554742,-0.2887612593427411,-0.32354471972227355,-0.341515221822323,-0.17479116410171447,-0.250033809297504,-0.2228184876259819,-0.2768156480153252,-0.33365839062615005,-0.16286769187474393,-0.15814489700835258,-0.2804381359020887,-0.24006283731781827,-0.17907445448365594,-0.2686412759314933,-0.2802436762409999,-0.18014120783354903,-0.3432672672476131,-0.26532340210352984,-0.21275778777697335,-0.27904871529726805,-0.2619759102586378,-0.20757018846018804,-0.15874686722949455,-0.16966314226994977,-0.2752783102179671,-0.19185116267473146,-0.17331858262029018,-0.19805186465614952,-0.2974782870131831,-0.3280426008807159,-0.22098271590384416,-0.20429425025907388,-0.32606208977278306,-0.24323656556860984,-0.16124793554523828,-0.1765955526789379
