gfs-wave-data.json
{"header": {"parameterCategory":2,"parameterNumber":3,"dx":2.5,"dy":2.5,"nx":144,"ny":73,"la1":90.0,"la2":-90.0,"lo1":0.0,"lo2":357.5}, "data":
[rows 38 to 56 of 73, columns 0 to 41 of 144]
-0.07417920864557193,-0.008570753480778908,0.2163636841188847,0.38189593346825756,0.41195636723721285,0.5207921150285867,0.6710534450458823,0.6161414791126966,0.7200751939232651,0.8184324588883479,0.8153199947725721,0.8376586685570548,0.7778002403662413,0.9374853603952924,0.8404882985528019,1.0192557696073261,0.8750285101188024,0.8316253866495777,0.8042675571967343,0.5141536805798599,0.609190411799489,0.3065597705057971,0.20549490941579787,0.07442427478066908,-0.15214569161993807,-0.10825025685065781,-0.21545029833755544,-0.2851429429779224,-0.6080026326251361,-0.6280966083595403,-0.537636832720433,-0.5589766005180287,-0.5793857089007883,-0.7097744218466379,-0.6794273224064746,-0.6253846086414144,-0.6033921826123169,-0.5479594328278641,-0.5219779055653258,-0.4631279497993109,-0.4819700592969463,-0.3800790088803252
0.10396307244980926,0.073381089754439,0.20241141282206068,0.29520403663059347,0.3307302116442913,0.5867433466375188,0.6211884542968551,0.7407956962911162,0.681379811988805,0.7630186786114899,1.0103630212933616,0.942696006349957,0.8650232583608318,0.845038343223687,0.9657851475824617,0.9215132383790804,0.9791385409972017,0.9026223318489904,0.7003354654815392,0.5956683817708369,0.5036737198085681,0.3561698284939594,0.37423772482632695,-0.03739536286355005,-0.15019951356564823,-0.029078366850036945,-0.26115218120549805,-0.45343158715402515,-0.6523885169053454,-0.4669115274350457,-0.8153153011843177,-0.6977088975283329,-0.7197672939212387,-0.6775111455601822,-0.7753896424910617,-0.6658658330580836,-0.6366324487329416,-0.5891616680609835,-0.5656351274248516,-0.429931145616431,-0.5456322897457051,-0.3639018858781698
-0.05815623882595357,0.17617449074974917,0.3214327764669886,0.26376170288975875,0.5715722097934843,0.5114386241609357,0.6290496308683377,0.7145893419765506,0.9196875470403176,0.9718478180449676,0.899867149425959,0.885867015143419,1.016573605263632,0.95077698418293,1.0185643989458,0.9192694593901997,0.9080684924230018,0.8673558476397778,0.9439767688854105,0.6802734781454519,0.4502243195357479,0.43745096300264597,0.4574802860205517,0.21532529343513887,-0.10164180857466176,-0.2328503332945786,-0.2608961523645977,-0.4570684166229531,-0.45700303126301756,-0.5640265797124543,-0.5842609895590615,-0.6479569386794861,-0.6617577034843681,-0.7743902528802105,-0.6355584479288734,-0.6252238730168936,-0.5265637174157499,-0.6146705047372718,-0.4923926684351884,-0.5761896010842424,-0.48131464447538,-0.4789353765468144
-0.01701619409699715,0.009443521882446765,0.27408869916913675,0.406336436627239,0.5049230311523251,0.6465737019053328,0.6405357371454997,0.6647209732464905,0.6793669901909241,0.7579188660871928,0.8436006965556874,0.9967691336079464,0.8673627372488326,0.886999041796557,0.8453626625659821,0.9617743987798876,0.7464794171583675,1.045790663679036,0.6819433814656309,0.6962619621305817,0.4715259341923787,0.27521076453398147,0.23330175534597683,0.2143983677691036,-0.08510917476596178,-0.2868086516616215,-0.10531813349662994,-0.43217237004057013,-0.3878176159677769,-0.5038047424059415,-0.5315435168340967,-0.6420010459584738,-0.6407946503350936,-0.7413018853335155,-0.8135873693692953,-0.8233855084117992,-0.6119442682873422,-0.6318559141916597,-0.5780277138441426,-0.51443204809817,-0.47511201484284854,-0.40682836137335093
-0.30816526232289937,-0.23735689272024366,-0.18972968983451524,-0.23142611982337308,-0.22222734797146565,-0.3480409378617475,-0.1948550197484378,-0.3795876733634234,-0.25830899290685094,-0.27520060724199924,-0.34999317336485,-0.2536848085144625,-0.19567994599803762,-0.24258117665449455,-0.19294327978791723,-0.2996017723616623,-0.19292332894954556,-0.34699316471584907,-0.3555928042316633,-0.34762485999623244,-0.22602542341255402,-0.2517591785256551,-0.3544175854678464,-0.2338875943264952,-0.35887295263829533,-0.21540183710887986,-0.2788130908595483,-0.24116032534041215,-0.28635579680581724,-0.3161194738116054,-0.2282714085322882,-0.20058831421140716,-0.33316878857927307,-0.19948618801182103,-0.354546058274769,-0.333380083433462,-0.2680488737476344,-0.2952654198335806,-0.2684821948640233,-0.22475718993469512,-0.20917669337307027,-0.3020285616800454
0.5228172138698203,0.4430544669424802,0.5107530657343715,0.629442057986849,0.6776865023827169,0.7580193531987081,0.5511538335350087,0.7847676154907489,0.8544118916186761,0.648334204649395,0.6324794565408312,0.9524438760571556,0.7532319021037412,0.7463883081416043,0.6475621737934393,0.9878580435495338,0.9711965057187623,0.923290269015578,0.7752971895364476,0.9632481150985006,0.8688813100572027,1.006016570688801,0.7519040436565467,1.131596588815182,0.978768316953854,0.9110088095768841,1.0363981456290674,0.8564906288198589,0.9809718727398208,1.13965861754747,0.9589300845388989,1.0559293252935025,0.9440781687099467,0.9584022282241875,1.0890432595370325,1.006150463511256,0.9526432350498701,1.0240516671955837,0.77495985347148,0.8032210625821399,0.9199698408198348,0.8226258618356757
0.4378248451151969,0.38768969649662727,0.6828664869297827,0.6724250772793506,0.5338382931324499,0.8041287151669058,0.7207521643846267,0.8282359672382368,0.5942233941998538,0.6279765370263647,0.6230616258526015,0.9096670389766573,0.8978060268621835,0.7523825300972747,1.0106829536597002,0.6496388870258051,0.772000465631553,0.9306648699879291,0.8175730982115424,0.8780336350894956,0.9917643779424073,0.7719460613729319,0.8542814125547741,0.8035311386284963,0.889770376884944,0.9540375373473763,0.8811236144944804,1.1725307224770092,0.7820394589586612,0.8131632208849553,1.0382774233875245,1.1279385194024902,0.8750517305737825,0.9703885438986339,1.0869022517660882,0.8740640789520581,0.8136085164679491,1.040573282271644,0.8625762273313196,0.9269256413818739,0.8596477120237245,0.8640413110648659
0.5001665638144499,0.512168910990415,0.46347811358543356,0.6889916979694776,0.6937642034913603,0.7382445173827198,0.5824574116606599,0.5690657780305496,0.7779594928653117,0.5777284602996053,0.6313272623886395,0.7769510041170655,0.8171902614917367,0.8075082005101538,0.8596035782714785,0.9774363059960218,0.7892370491776142,0.8685816910686558,1.0030402146825506,0.7728347436793499,1.0222143870359661,0.8725626901874095,0.8772542156333146,1.0624441986993678,1.0228282235371204,1.1860401149780755,1.0744072776933,0.9511494605134517,0.8656727368963095,0.975994427034457,0.8633100188948839,1.1509387251209566,0.8323313052622098,0.7693499941099916,0.933113726173586,0.8703077260672991,1.0607682587489882,0.8559225770859217,0.9942716342912176,0.8586883009815559,0.9967864090218996,0.8129667007762528
0.45752716422149164,0.5540949777830861,0.7019480474557268,0.5478364524689417,0.7181578968217177,0.7740135183435894,0.5551980125143249,0.6894253895450276,0.7775903970571667,0.8628989566737395,0.9737131624145008,0.8909080892490587,0.9310398764238289,0.9976573147267886,0.8563824059879905,1.04285294808779,0.7993196318715579,0.7212531470967765,0.9820379851513954,0.911217126553158,1.0690297296855902,1.0141853447822602,0.8554759300495423,0.9580874221620291,0.8260087709776271,1.0548117616596304,0.8391473450364325,0.9696244193490327,0.9866039937270679,0.9486474300500491,1.0651154549395092,1.1186559576771846,1.0645460759824732,0.9690217301351939,1.0186004667247028,0.9327586821019386,0.862655956148944,1.0030520681344697,1.0585260141300854,1.011951378936088,0.8837207563260511,0.9556120428817138
0.5166074274404963,0.4809821379868072,0.677734760520261,0.4672438146928801,0.5323739046758549,0.5867373339524089,0.7597000199441013,0.7272686976702052,0.7085580704546066,0.6183418873804927,0.8481151164626947,0.7993718717294821,0.7133853893326192,0.7946946976899578,0.8247208009462577,0.9278815066080853,0.9309702335273919,0.6981535714300211,0.8005109956464569,1.048744650597565,0.7503993843690763,0.7963139282729013,0.879441645336094,1.0692665649217306,1.105545547453506,1.0310229003466247,1.0106417414371114,0.928980803409701,0.8357786305281437,1.1033568387174435,1.0360412568583943,1.1432364676500884,1.0950443805148267,0.980721751824249,1.0572233864657312,0.8782309176939712,0.9960202518820864,1.142796334214702,1.1036054880377892,0.8830270514066395,1.0612353626083761,0.9745521656242558
-0.2593997103601847,-0.30759886569201156,-0.2616400382277874,-0.36373936847563254,-0.35867790796799315,-0.3166391300241221,-0.29191457245818386,-0.31868451298948774,-0.3529911805917085,-0.36972529190785036,-0.3678469662900658,-0.27689716054436936,-0.4271026668957002,-0.27744034149363817,-0.2638929786267682,-0.27210374926775016,-0.35803913602217796,-0.2733598489955284,-0.38277167538670603,-0.2618329235884136,-0.36326393757745323,-0.30416656647606527,-0.44903409001687794,-0.26561663927822127,-0.3600276006131221,-0.42925378089643673,-0.42380165760766325,-0.4492632958105336,-0.29581318213171026,-0.3558786653697613,-0.27272086188377576,-0.3110923919252485,-0.3163188647804711,-0.4431578416821149,-0.35361371860548174,-0.4179461308894996,-0.34891175407486097,-0.3818337081619106,-0.386225247632621,-0.26695774940428957,-0.3754072959856971,-0.2891004164190115
0.16718164457013285,-0.07040464315503447,-0.18242594118631777,-0.2518291113857143,-0.020173774011745513,-0.34534931217993536,-0.4456979044850536,-0.49169816017690404,-0.6027829250188335,-0.5913918914083998,-0.42443511136279394,-0.6217167248769285,-0.8539808513436425,-0.6743095082915301,-0.8090380631901347,-0.5652673097524036,-0.8175045123573348,-0.8764744196165184,-0.8891655945494081,-0.5312172578561689,-0.8754128554904366,-0.7740490789729528,-0.5606266789643833,-0.6589177720211818,-0.5576550247278375,-0.7095475423269775,-0.5776616635728337,-0.2660090437629672,-0.2805571407268453,-0.4406601787168258,-0.16605290447235846,-0.08535267876051611,-0.07897851966898446,0.025154825478299427,-0.1119639033519101,0.05968565780271466,-0.1181766247298213,0.18314163118775434,0.24191054000627724,0.11323021829574892,0.12952791523809243,0.3435047701678177
0.24182365932959632,-0.062270175798765946,-0.39527041932144086,-0.09254524104386047,-0.08207344868845377,-0.14799314702016952,-0.24226584317505828,-0.5916786243349977,-0.4074733250782125,-0.721734660249722,-0.8426212156506092,-0.8748377175056055,-0.9210530068760462,-0.7912601313075946,-0.5948155170819693,-0.9552103210443849,-0.8297829992623634,-0.6834403259900628,-0.6398918910626814,-0.7411082790203908,-0.9288073848546498,-0.7387618908574534,-0.7956144100657916,-0.46902872529747724,-0.5653915517781547,-0.6625208990365556,-0.542086848590234,-0.48238031416478266,-0.27890918917300656,-0.2370215348429241,-0.2671718419651027,-0.14717264852588793,-0.2971105789158935,0.04203421262957735,-0.07598399360535994,-0.16624325349095787,-0.13055197724495268,0.08370656039557313,0.15551479792532807,0.21807421558226775,0.2609706100825064,0.19231875926625078
-0.2934589437615101,-0.033711530654490826,-0.04051639914030188,-0.19035988485260094,-0.5289067566639887,-0.3682576412999702,-0.2559423343748479,-0.5669806048547044,-0.35243886148654463,-0.7179580764096041,-0.8651488692864264,-0.874693381257172,-0.7479396346114299,-0.7440284803802226,-0.6137703123219875,-0.7308480168349987,-1.01330005440133,-0.7641223518106901,-0.8734812313254524,-0.9060149295715606,-0.5701188065115977,-0.5045014698591379,-0.7251669359706852,-0.6555644647390282,-0.37503842541916155,-0.46353885137300077,-0.521943084893026,-0.5713692437407651,-0.44994755444087636,-0.15122718287473433,-0.43325120063533196,-0.23283418689025653,-0.19924046856587402,-0.32577330182866476,-0.15102295016025347,-0.2203963209012322,-0.13682193799339445,0.004582981883263416,0.0809345098641871,0.3426806584515942,0.02582181852563859,0.06962979212429316
-0.31339928453475846,-0.4165323995981456,-0.32635590893872435,-0.46941071679678587,-0.4286151432604537,-0.39311307288304564,-0.42754725570951135,-0.47534906473432137,-0.4278975099536774,-0.4436714981886906,-0.46704586719498625,-0.45219487382210644,-0.3698919993014698,-0.4126988779127932,-0.4758648495549435,-0.432561236917697,-0.3935281398472951,-0.4342001870827336,-0.3326877260818402,-0.33007074139281467,-0.4809963813453182,-0.48228571963920175,-0.3224177577750573,-0.3494414710610573,-0.4454892139790579,-0.32961540608782336,-0.327453170568596,-0.46739746804969257,-0.38556197331363595,-0.3711287136290191,-0.4371324050506673,-0.41409634698860665,-0.3007038524919871,-0.4803073793697538,-0.3940849731250277,-0.4525530953558347,-0.287420694397655,-0.2872183660742096,-0.4680128777687158,-0.33267737644128137,-0.3713130547049891,-0.4700660176249506
-0.05683594803219748,-0.3289638944933753,-0.24139597907033772,-0.47216466795155093,-0.0613963296996968,-0.5386537751524971,-0.782114717033698,-0.6499175892916857,-0.6195027170968088,-0.5276937393322036,-0.846640235815741,-1.12671124203837,-1.3375794634543416,-0.8145053415824043,-1.4610872756225974,-1.160113137347301,-1.1949190272394623,-1.5296019269298387,-1.1321677395109975,-1.6701357606729221,-1.155919445157327,-1.3835092749376685,-1.25145425056631,-1.2927763844499027,-0.7730142047681456,-1.2702829372043594,-1.2874878924856352,-1.059446563500741,-0.49815920153886123,-0.4219795662268825,-0.26312792578831745,-0.3144070861346135,-0.8542668113751813,-0.46782090138132176,-0.055011197842180615,-0.4430507506655984,0.014791918098355004,0.4680084618541878,0.4788292898596913,0.20862497799608176,0.5183087672937184,0.39205061853234024
0.31456723355532223,0.22014810083833888,-0.2127720346419041,0.048269518547789374,-0.6893038915188734,-0.2835821942919152,-0.6197645765283231,-0.8127780674129956,-0.7252045730210727,-1.0117158774643162,-0.8524487046615298,-1.0014992523119333,-1.3809065405058367,-1.2889222138023981,-1.5048707397400456,-1.3258067929254285,-1.5191168098170125,-1.649850345477532,-1.3346972402357564,-1.3460302499759427,-1.2806203363664677,-1.2319282015465416,-0.9229634276585509,-0.9781310685086614,-0.8773555930874595,-0.7238282336062909,-0.8583856842196004,-1.2014292020245139,-1.2269021476534807,-0.4624462631772389,-1.0097880697114925,-0.5122644026059767,-0.8676027427635551,-0.7935475249068197,-0.05815448587570852,-0.19849381095207944,-0.04202393898400077,0.024327392887997346,0.17923768665229958,-0.008551475006662115,0.5041612164210532,1.0317581316345599
0.008439658536012666,-0.4702678602411734,-0.5889043174251435,-0.6767154808378453,-0.158334511247958,-0.15296942024983323,-0.8873965985721881,-0.5243500551446599,-1.1121558761605814,-1.1298726905648926,-0.5400443000951018,-1.2113864339678688,-1.2325394303795019,-1.5848496402605914,-1.3475159478212912,-1.0703909382272994,-1.2817677050687017,-1.71483071753276,-1.6177079776696865,-1.371498046967024,-1.35995969063617,-1.21266394353377,-1.2918269774928008,-0.8244574706890422,-1.1884681400582218,-0.8541578578116603,-1.0807379294418897,-1.4218622286804883,-0.5468581351109615,-0.9208294984858323,-1.0822182164738248,-1.0632842698677099,-0.5523627705755048,-0.022755799202408125,0.033488274035591424,-0.2327405820763968,-0.20037309037046172,-0.1008608501678776,0.521111357381106,0.8866644540370405,0.8791117370779082,0.1446986819626264
0.03431821107488261,-0.059087206817827614,0.008196734234135585,-0.6116872466886929,-0.08913288501926683,-0.18235046468090677,-0.3978011718966938,-0.4243946990767657,-0.7721156752696295,-0.5639877954000726,-1.1512586151406337,-0.7213522355944796,-1.0734265021341924,-1.3978362067118117,-1.5202528869068797,-1.5284029657216622,-1.0749723459427418,-1.3995752666404728,-1.0639905388815736,-1.767530904709538,-1.6674735302645123,-1.4398159785352604,-1.2003055714143118,-1.02390424776373,-1.4648317253263767,-1.1225946820000385,-1.5422446048894982,-0.7725561789435759,-1.076276265521956,-0.854276572862999,-1.1301800787063334,-0.9886566231620209,-0.2610398430745596,-0.0418993335706652,-0.16405716168128062,-0.5745744397015506,-0.3414260623771825,0.24956889063950488,0.14919991724586937,0.4551778435010175,0.08845526580586255,0.8446608075422718
