gfs-wave-data.json
{"header": {"parameterCategory":2,"parameterNumber":3,"dx":2.5,"dy":2.5,"nx":144,"ny":73,"la1":90.0,"la2":-90.0,"lo1":0.0,"lo2":357.5}, "data":
[rows 19 to 37 of 73, columns 0 to 41 of 144]
1.6510072207425315,1.6405418747337224,1.864128860034542,1.6134471405377813,-0.2932650482731679,-0.1537879999219905,-0.14172711711441424,-0.3139775649905074,-0.27159832840740766,-0.1572439685762059,-0.22578838721529434,-0.153560857003174,-0.14488004276105979,-0.27706878193035633,-0.15752151257855326,-0.31054211788507785,-0.24995923366125994,-0.21179724644263442,-0.19085125099357342,-0.17627621793613338,-0.2408334462363861,-0.27059815162819567,-0.30951844649752414,-0.1543052651802669,-0.29909937783473056,-0.2508959866873514,-0.2473538891458095,-0.29976326463368524,-0.17134190794269566,-0.16495199492561283,-0.1752588651517877,-0.23016957267550858,-0.1946064063698342,-0.28435044565392864,-0.2509156721841318,-0.2676009742518794,-0.22452628247547865,-0.2758737588829745,-0.237219588190857,-0.24956379080572855,-0.20602838898914694,-0.3043385354730404
-0.23728967882153756,-0.2943525179174298,-0.24525071910633978,-0.2672972118471906,-0.14919703984499919,-0.305271036200415,-0.2084177892672452,-0.22937620321217664,-0.2259447564926311,-0.24590998963494087,-0.2220840527916928,-0.24807214447987708,-0.284037491497374,-0.3078598887576948,-0.14169944468409884,-0.14821384937266852,-0.21390261235561625,-0.16316601881030737,-0.3142182326042846,-0.22167567876840946,-0.15498888867719932,-0.13843924502729324,-0.31923519674006645,-0.256114896671523,-0.24336814678834537,-0.15558185050861204,-0.2887122312924295,-0.23465461051046194,-0.25106650685195675,-0.2530793059278259,-0.27278854707914674,-0.2269145431865407,-0.1255521548340967,-0.23507310327197428,-0.13261917763531733,-0.14180784438224248,-0.17985074847117274,-0.1805837910841303,-0.22957384139005488,-0.16295644110585406,-0.15766705996860383,-0.23010928797880562
0.1939089241286679,0.06492071494064368,-0.31365702064417106,-0.3690790368392878,-0.4651869192695373,-0.43537321354535147,-0.5743512652881855,-0.7434897028421206,-0.43302949023039766,-0.7925958763822244,-0.7928953114972136,-0.7797537514051213,-0.6684743612447486,-0.8023283881416843,-0.5669862562062143,-0.6099121179331861,-0.6994394909400067,-0.5660360971208135,-0.6298104612743167,-0.7595021565860114,-0.760479418231814,-0.8105924939945428,-0.5449890337854125,-0.5428602732115106,-0.41509990877277086,-0.5199675876185398,-0.47765045048655813,-0.2727754153039556,-0.4362249392779534,-0.3852967051467388,-0.2083311886078952,-0.3455297287352194,-0.34214187304587895,-0.28301492352338636,-0.07679341300291424,-0.09239402266270583,0.002148462507315318,0.0779228850059948,0.04131186088800435,-0.009697127188354054,0.04202345542569359,0.34107192947315895
-0.08870539528541588,-0.010447328494700132,-0.37473536436363075,-0.1534809710286852,-0.2681754559205724,-0.43596576741182597,-0.2871101014425314,-0.371473934825595,-0.7379797826479257,-0.5330880860787595,-0.3694274450723841,-0.4939629970283112,-0.4490403751379588,-0.6311621341260902,-0.7613149536104304,-0.7426000604191262,-0.6213997735525814,-0.5564943125504537,-0.7891003789483885,-0.6632886258546815,-0.7426073283268675,-0.7922049648355421,-0.8245655122148261,-0.6145186146390478,-0.6060877730433437,-0.45474794138821356,-0.6170311104794748,-0.3884653587084362,-0.19584441488865492,-0.261681409382916,-0.41422058904013076,-0.12075093067121194,-0.2388584325375766,-0.21591433891040795,-0.11409554527200226,0.043135445213968976,0.013925311935662064,0.20915632708987555,-0.025578353423784075,0.2349983853441413,0.3129554036703769,0.1997060679413372
0.24600439246972808,-0.2746804635875641,-0.3371342771282928,-0.36304477174214045,-0.08855037967453713,-0.28897494692438735,-0.18870901594279954,-0.5020332586816424,-0.39295703635139156,-0.5142171844854884,-0.5105058570431993,-0.4370570735208765,-0.6417772690592501,-0.47336444211480094,-0.7154813989612976,-0.8538617422454186,-0.4853949525536827,-0.8286650385025685,-0.5996070241235878,-0.7506136143948174,-0.4888498701327847,-0.48885991479102253,-0.48936770002884006,-0.6611408325435935,-0.4655947787078715,-0.32619164774364523,-0.46800452121831887,-0.5540954159149878,-0.19243159629851095,-0.46924998764358655,-0.3331188923619186,-0.06718018742524083,-0.1687925315200537,-0.13732252966584255,0.05248624793914153,-0.04354025730317358,0.04727386537095521,0.05124906409311081,0.014793575707877094,0.004305107887102345,0.08333216269536603,0.21232718533706155
-0.20805221988314146,-0.08681704240800875,-0.1187869017147145,-0.2732635008433613,-0.18692871466591196,-0.15539670131215041,-0.1936613354975119,-0.08223550352240061,-0.21224501849828356,-0.13829462821439256,-0.19254408148810812,-0.07651487321459785,-0.25625532134655843,-0.25387293112245496,-0.08613986677029961,-0.09796110399357003,-0.15413277715037807,-0.1489064958139014,-0.15871930331052236,-0.14547251809035705,-0.2579865985590487,-0.19235408446501484,-0.09682970123210971,-0.16906189026669574,-0.07866921838501825,-0.08399951244202764,-0.13803128177047097,-0.17099064782285944,-0.19329476948615573,-0.26419831413054995,-0.1221330175073836,-0.1029992880587945,-0.11316385311230708,-0.22716909218756717,-0.22246378917662,-0.26787024942445714,-0.26262550994251294,-0.22859540318123678,-0.13650964401610438,-0.1050195191438564,-0.16176004725126655,-0.21837874193106888
-0.528907784941111,-0.4897101271214301,-0.45361765360239104,-0.29392618171871193,-0.4706188547048248,-0.5355688717783996,-0.4780847144655875,-0.5362306216317073,-0.5109916019931792,-0.5436751974317668,-0.3242954127784106,-0.4314034870227678,-0.2996169705809821,-0.40628071940017263,-0.2619911398490833,-0.44415986829221443,-0.5074863654961066,-0.31768739357005654,-0.13359621808739472,-0.14354659888133406,-0.2949254671104824,-0.22860151748190752,-0.1655421208991959,-0.07385710367468096,-0.1059344228923652,-0.37466256839284606,-0.2013015628290178,-0.07564979246021455,-0.4208802016882213,-0.14172642484214582,-0.37123283303111443,-0.1558536056241872,-0.00997428917464391,-0.24729662268672678,-0.020846914194222313,-0.2156107495101614,-0.0033253683352407063,-0.23849852464003896,-0.29663262556149544,-0.05431565616342933,-0.11668967004557418,-0.24989541774327717
-0.5425379072579536,-0.47222344762948354,-0.49084539850596187,-0.4492436649105362,-0.511113829957716,-0.512936176999327,-0.500458686554644,-0.36175661486731076,-0.2739726551643323,-0.39289052580584827,-0.2470925975897663,-0.4732372822108039,-0.5088759194273541,-0.3802171483616698,-0.45323437703833536,-0.1829298845998464,-0.2889454000602128,-0.3513810364228806,-0.3674700815260112,-0.4529244469441757,-0.34558264377254816,-0.36902111340857335,-0.4129573742990752,-0.3532111173271694,-0.3340042642839689,-0.28931095856429706,-0.04344753859832037,-0.33066408577928463,-0.2622365271349137,-0.280755387232218,-0.2614389387941724,-0.13683541750931866,-0.33341114449307413,-0.2167536882486782,-0.16794198883073677,-0.24560779402775829,-0.2503581731127301,-0.2983515193450284,-0.104636495315112,-0.21844924135992982,-0.23465274418461268,-0.08195216245451266
-0.31396931005494144,-0.39914746345465896,-0.5157416668867466,-0.3674677958394736,-0.4496465310283281,-0.43857447525162147,-0.5719822862814662,-0.5571291629446007,-0.3586200189371243,-0.4707198556944831,-0.3465727820583636,-0.40249508069916984,-0.23514602479874117,-0.3681643638186667,-0.21995245832909335,-0.5417113268418127,-0.2467703353269131,-0.35700417846659804,-0.203345315131281,-0.1513121977653663,-0.11047875043688432,-0.4496389749507004,-0.18397153772996136,-0.08767887950626645,-0.18234642501752468,-0.18468694675644035,-0.2599546361630585,-0.030096257704685332,-0.3558778935283226,-0.27113909897208627,-0.020284948468604264,-0.24778285009374235,-0.37111408399479223,-0.08150469897993909,-0.11412477470840081,-0.10784294756981205,-0.3660509410439441,-0.19174946704820545,-0.3590610473742584,-0.13600235963107146,-0.12378798564850453,-0.20239961685103725
-0.38485788882754907,-0.5763231122753711,-0.4124395068094378,-0.5781143406527829,-0.5182642182692783,-0.5776772894280483,-0.3960782947169229,-0.5348662640844762,-0.2948348598701053,-0.38354614498556183,-0.3698350816045815,-0.2957491864225548,-0.3461244388550471,-0.2368344351091531,-0.2794562782418938,-0.18896862466817813,-0.2527213122244417,-0.24911145415156769,-0.33393232777010956,-0.225020072822112,-0.21933229165670415,-0.19674451063269052,-0.20484780214902784,-0.3091046163766609,-0.1699236204619546,-0.06654502803051951,-0.18900553624196112,-0.17766052969209362,-0.0697819026027814,-0.12385869151494498,-0.1973725634597602,-0.23582608818330061,-0.21177627866379922,-0.3869554131475085,-0.30166321227965825,-0.2791235924062069,-0.2768269291894767,-0.10611021989855117,-0.09310171356344775,-0.1357927747958236,-0.1956180128118197,-0.1998448437914909
-0.3983807817787723,-0.39936543955061227,-0.5001847167916371,-0.2702677253691647,-0.3378570939652066,-0.5317799515049301,-0.2767238074443727,-0.3355679633538318,-0.4045617699816293,-0.4412026991081822,-0.19823676341858162,-0.3063227116937331,-0.2695928289889681,-0.34537417648051366,-0.2671559891589875,-0.37302491795611414,-0.29842414207328966,-0.1415176591672381,-0.28764943714328045,-0.2696572395532765,-0.47960280368343927,-0.36397033144704594,-0.28380025114412283,-0.33998456760611623,-0.23631911406402184,-0.212725460086456,-0.06007414057444202,-0.2652342795107831,-0.3378428794878784,-0.14957436293873075,-0.38505550723641574,-0.06584539306459393,-0.10588947594745168,-0.298320781051292,-0.34070512828803745,-0.12039219816749637,-0.373500475552646,-0.10685967725093883,-0.33876945114555834,-0.1690092295239539,-0.06092164979060825,-0.1324789464947941
-0.19834795467500427,-0.07397534161785738,-0.1538436951532677,-0.17384659655469017,-0.19235938138094197,-0.10823797864017402,-0.1976231827425189,-0.17419255067584186,-0.21383272386378482,-0.21787720703460112,-0.19542189004560498,-0.023289910179093938,-0.17087312023251877,-0.20707506937167997,-0.07366321098515852,-0.19690573731202093,-0.038963668247030625,-0.19908470918436205,-0.19698271235275244,-0.06880992013352477,-0.15855624169044436,-0.06457914964632534,-0.2102762615601151,-0.12916038298258345,-0.18144683762235697,-0.09089029256920503,-0.14662870565489886,-0.14635849314876065,-0.06754752121386473,-0.16045560138425588,-0.08079851213434332,-0.08390342363662537,-0.11763788475499651,-0.20340771113209163,-0.09655343459458285,-0.027986487755817482,-0.11889319246955653,-0.18894543617213133,-0.08777643948500945,-0.19226973313229967,-0.05544215356286611,-0.20147964271811739
0.10242564044476518,0.042468220152523245,0.06347848039990413,0.23287566034227136,0.2631811666923677,0.5725389568339353,0.43730453400203806,0.6239808385801695,0.6178095382547691,0.8741954788670943,0.7992857157770779,0.82115089255753,0.670189149052716,0.7523216315858527,0.7498680654103363,0.9334499260398367,0.6723096662156949,0.8697000101074234,0.6750263540444434,0.6730209585752651,0.41870825519579485,0.3949645144754495,0.362756816831096,-0.01336374033962072,-0.13131787559353345,0.033483024878770966,-0.1337496308260573,-0.4806911809989925,-0.3450170881234723,-0.41833355256997873,-0.5462490369956141,-0.48383263785598635,-0.7172929737608803,-0.622325717738334,-0.55264669546366,-0.5885077469918396,-0.5029566132980535,-0.5134164501314726,-0.49925109013141644,-0.48120036390371534,-0.4503618388315661,-0.43706375860799895
0.05564753824740973,0.029313100547318813,0.2865604017959018,0.23071555608601158,0.39825472895128305,0.592627368937067,0.5939399930141122,0.6856151671505957,0.7682739503949256,0.8013437660687065,0.776497836230529,0.781094882131341,0.8526500008579514,0.9605609975269741,0.7518144383965318,0.9791084021041644,0.6833344484660804,0.7343832163790547,0.7603634594177192,0.4831100348636229,0.5675018636723299,0.31590381855925687,0.09711500675192515,0.22251673855697401,0.08832952280626157,-0.23793782337456368,-0.14118012649854317,-0.4081905429881401,-0.5490536123904051,-0.3759403864591567,-0.5007484950434065,-0.4854206148167982,-0.48626806963790076,-0.5892509508851036,-0.6311042214344866,-0.5281994322079511,-0.48958863436126876,-0.4610687722448882,-0.41282309464330436,-0.4731037385349054,-0.47077087330818074,-0.3250852676617586
-0.058756579255506335,0.08487520877422965,0.08793282644600368,0.21705697153302397,0.49431074646923945,0.4211354119818881,0.5161844471494718,0.6713677905420237,0.6491456823360201,0.8228641250160388,0.8545524163770928,0.9047936097930465,0.770794176805246,0.8838680984525299,0.9403401036354937,0.8307001737263008,0.7303494207039897,0.7472773608226854,0.8210179282347869,0.46216252860226015,0.6271969130437487,0.5006598660639774,0.3484819343485696,0.2592537547888433,-0.13582119473818555,-0.14782062359268738,-0.32525907024085954,-0.3284436901924211,-0.2882421322543077,-0.4944022415143185,-0.4606484837396693,-0.6171125793949214,-0.5085231176785244,-0.5596484607867612,-0.49126886837916167,-0.47275353299805,-0.5019721069390399,-0.4737973114217673,-0.5672220096179916,-0.3641132134531873,-0.3665869584560887,-0.3462325496310623
0.09719514269311531,0.08828019229100442,0.2405025280105332,0.35691062020063646,0.3565413582053632,0.44771241287078783,0.523657540133019,0.6598369216389582,0.6844695610437312,0.6591981443153506,0.76028248122662,0.7509749572680984,0.8452646460948874,0.7661280095317257,0.8526986222610564,0.752900155030705,0.7484829823823461,0.7573051167716488,0.6303956289269876,0.6373555470338187,0.3950471597394019,0.48533992758067374,0.14182634536793573,0.006855991598126711,0.02896942149158114,-0.1611112126446561,-0.3404530398913804,-0.4061553133260758,-0.3437358261319315,-0.4510709464417574,-0.42294193512350203,-0.4523638553380977,-0.5099035782707977,-0.5750841435814225,-0.5155340209908058,-0.4914120896725681,-0.4121973620552689,-0.36914654685713727,-0.4797359331495402,-0.3217420021634016,-0.48893742666889456,-0.4450540617560189
-0.04110166996090413,0.08395424817604685,0.26046792255392953,0.2892773248318024,0.3866359684053551,0.4706739204623293,0.5748153563236518,0.5548837135273025,0.6111262081770276,0.6507836417457743,0.7538001413351526,0.7765356398573541,0.8945531407519464,0.7376800713266428,0.8096711621217649,0.9283245890156502,0.8188751445825095,0.7451617255677024,0.5802944463913586,0.6242264866344103,0.35645082332085865,0.25036802325998053,0.12994413825188655,0.28521301500255203,0.07936177016453563,-0.27094246164730645,-0.1816559428816531,-0.3949925859358844,-0.3010606915136854,-0.5012124936390698,-0.39315294906014153,-0.5356958663878955,-0.6780516693527325,-0.6173513224415927,-0.540280421916442,-0.5619256158416982,-0.44496795767865577,-0.5198024011776764,-0.4529584351097801,-0.4307372746963103,-0.4290260328281825,-0.28369467762462003
0.11187888058482037,0.21125630157382982,0.08050882581811585,0.35108573942946436,0.45065647698283956,0.45591294020203327,0.405105391954318,0.5638224736650193,0.7135137013731806,0.6680298934930681,0.7559043036263617,0.922726740165607,0.8627134861766544,0.7423003666982293,0.7655749833344522,0.6463558007159216,0.9409467381137248,0.6270148005928912,0.6442617514085197,0.5379353611465545,0.3692216001695178,0.30043833607924425,0.39573434046152856,0.20338359939568765,-0.059068051995205983,-0.01943037626779957,-0.09237526344012499,-0.4082678306933082,-0.35864533430552353,-0.4624329771969723,-0.592607944551324,-0.674775017068999,-0.5740648680429341,-0.6600018502746823,-0.5626759917846819,-0.5450515941920276,-0.5462180522018381,-0.421765359105075,-0.4058806945438062,-0.38703370326077347,-0.27238098387414506,-0.33732354225697203
-0.02263147581670494,0.008562462781100344,0.2962146473433866,0.3780905580316003,0.43620941052507806,0.5396459040218538,0.6466009100603146,0.6042734855797203,0.73514824152836,0.8724569071099041,0.6669579053619548,0.7509809133970159,0.7149844237972025,0.8216550605349676,0.9053624882190445,0.9208718627792737,0.751737093306029,0.7322965066225927,0.5840018492981796,0.5943690106953224,0.5602053583063328,0.3430225525540373,0.14210385285760627,0.2236439445618267,0.09681813966391865,-0.17177325185294914,-0.15545554869483097,-0.4275347362585183,-0.4149617534782849,-0.4772648183747119,-0.6022187775211846,-0.5235951476489148,-0.5667129124690422,-0.7083426628529664,-0.5802981824138398,-0.6197649244322042,-0.5909053435301089,-0.4865389234481852,-0.3929949700791384,-0.46003305827712004,-0.39989363094650654,-0.292859390964022
