gfs-wave-data.json
{"header": {"parameterCategory":2,"parameterNumber":2,"dx":2.5,"dy":2.5,"nx":144,"ny":73,"la1":90.0,"la2":-90.0,"lo1":0.0,"lo2":357.5}, "data":
[rows 0 to 18 of 73, columns 42 to 83 of 144]
0.3930739942556285,0.29456984899488303,0.23306574920508258,0.41237539958132474,0.23960362836890106,0.3030908608236016,0.2792413761777526,0.30145144097497883,0.26032698339514937,0.15475019622137356,0.28924086892040024,0.18485996441863126,0.140088616366724,0.13978426873869823,0.14447048056884648,0.07782867102992001,0.08803807348067402,0.004405025317272682,-0.044479304771747455,-0.10792117000158177,-0.10292031706600321,-0.1461187289178186,-0.1604573514999571,-0.31303235425954345,-0.20740157357610983,-0.3750388395556353,-0.25713749016225224,-0.4443827926387157,-0.39824821645314035,-0.33165451960623055,-0.4667610277237144,-0.588148814549168,-0.6098817614359396,-0.5473185819898481,-0.6010363228267734,-0.43158559591715584,-0.444376756732659,-0.430722032925913,-0.22255719735408855,-0.33861899902829035,-0.15683617896426932,-0.10002326913593018
0.21577976144630528,0.23177081202735625,0.38538140811396154,0.26643521344878546,0.23469913886439722,0.21934275114541588,0.26587933662042657,0.27388121403173715,0.3016488769252698,0.3220946904776155,0.15335528029186446,0.20513542983171634,0.11936995727426881,0.21404285802597156,0.1875996623021958,0.11693922958287144,0.06251356414239859,0.06408387293621805,0.039837298348772233,-0.08328268276275912,-0.16446385354780435,-0.191107110464665,-0.12557036765339427,-0.23243048141779618,-0.38333654033741354,-0.35687671801729165,-0.3624938873000587,-0.4726698813597756,-0.4443843197319032,-0.43667915795643386,-0.5072590633762981,-0.5105370363668592,-0.5534534227012663,-0.4875229646062893,-0.5347541309630917,-0.49180855674608426,-0.4269264646028184,-0.39651685565391664,-0.34839334576477776,-0.3493502263506818,-0.1501611522120615,-0.025132450285929354
0.25000035390844794,0.3366234077373769,0.37052241610211006,0.2410230234995127,0.19800793799074995,0.28091471316566924,0.1649923628534721,0.2383045572585453,0.24394019634606923,0.17410301635909486,0.21549992361864712,0.26975193059981406,0.1705740645943424,0.21599714277554494,0.09723783383315186,0.09218869237857882,0.07914470501882032,0.10974122695795151,-0.03667770325802109,-0.018481206918661324,-0.09522076159216976,-0.12577286829020012,-0.18723823745970467,-0.2410904802495337,-0.22125626743868537,-0.39835209731242316,-0.2828268438120214,-0.4123744590402011,-0.3536695090005026,-0.43180101463581483,-0.48578961015742705,-0.40435080518117766,-0.37782198877871126,-0.5400629207854173,-0.44383397916153405,-0.45462783185891015,-0.5110883666969075,-0.3922413706498011,-0.2776659304298074,-0.20192018004506398,-0.09820766680441839,-0.10248712681412243
0.307380232282398,0.17924257624854575,0.2571511032550751,0.26537951200159476,0.23884890603410086,0.28484067244403044,0.19210994592341188,0.2874469638632718,0.1720502239927789,0.24474313078429913,0.16431456839587114,0.12030122354196308,0.15471235624965451,0.16135469683572673,0.12933069325060592,0.13037136992652726,0.11482427230236035,0.057877022701803706,0.0174402221674968,-0.0384664915840426,-0.060410828496654585,-0.0727257707921889,-0.18921789444566764,-0.2567448121224201,-0.21369114477895026,-0.3855516751942235,-0.28292633557993885,-0.3701412349493874,-0.3897669186731419,-0.48662929733377996,-0.3334485472287283,-0.437579618164865,-0.4302619611397443,-0.456142748159903,-0.41319067639891477,-0.4734479367788797,-0.31523026610820104,-0.3808506083774899,-0.27449527118983913,-0.35376586390306985,-0.3023235849270361,-0.02241117521263742
0.2772048454494324,0.18209066189154283,0.18322817540512024,0.21175121283444157,0.28223586460620664,0.20613132316482105,0.25898269307011146,0.15808151631339043,0.25555685207126305,0.23500636179931284,0.18023939172171677,0.14321187175401148,0.23252348961531447,0.11730716705331014,0.13418899372786888,0.08522333107631723,0.04662479524274533,0.033419269052832296,-0.054546039198428146,-0.013368586527178034,-0.04767615403593293,-0.11936787462438628,-0.23229706561913605,-0.1804842102492215,-0.22430279656906488,-0.2570255783648977,-0.3066050211977197,-0.33117056493651553,-0.3932511024949942,-0.39020563484197485,-0.4317990348377607,-0.5315505119002621,-0.5733726359731295,-0.45441354898563024,-0.3989256428186593,-0.4743535788872349,-0.4105706024609198,-0.4519273270077235,-0.2825342537979979,-0.18363741991874175,-0.1817302872081189,0.00520454269175409
0.17878798588824318,0.2141517517755717,0.29796125827602554,0.18910098091954233,0.1813919967066398,0.31745133167583856,0.2165369807694351,0.2137196479574566,0.22733444728706767,0.21127196214327676,0.16635743280420334,0.17186336902616317,0.19159287924594584,0.15177683349660337,0.11540940015824601,0.08806103136902375,0.06644117768912822,0.07272516147528119,-0.013380552617460217,-0.033481163370575336,-0.09454004282494917,-0.14094704051297016,-0.1477651769338176,-0.19343934768061455,-0.17829312598630082,-0.23423229134039109,-0.29718531628720385,-0.3521638196100092,-0.42863358233476395,-0.42454348362034267,-0.4375489943508943,-0.5127796454966284,-0.504949131605112,-0.5207719455477323,-0.40897378144926877,-0.36455262997487053,-0.3480915794916326,-0.3954624340065769,-0.3043748087448286,-0.28297643155077445,-0.2558683560844286,0.003979685879879609
0.25840593263493855,0.1465520437388784,0.23168932523375815,0.24084484949076684,0.2657448386999677,0.1910347220285262,0.13158712621274737,0.21900569976571643,0.2336158616681759,0.14235669382804253,0.16705572849533226,0.154968336722769,0.07710182310937977,0.12123062230045573,0.08216719693699333,0.10691682667454448,0.06776466518601885,0.03316765422034187,-0.021297082250284777,-0.058954132932811945,-0.07479695373211942,-0.18982071228906627,-0.13463885016134147,-0.18018985906717674,-0.1710757091716404,-0.3390982635256911,-0.2180528315495602,-0.25498514793280025,-0.37175328105102895,-0.49976925269757694,-0.3631504235197707,-0.5250756944453021,-0.4398796133924342,-0.3758054497467883,-0.32696592553857445,-0.37315939053733493,-0.4413959043395929,-0.3370400640016225,-0.3230533606442397,-0.22834678421736712,-0.09884766787640896,-0.08669771360077289
0.15056669504728568,0.22407711094259172,0.3120695992070928,0.2094302410318344,0.21102232622829672,0.25507642390841934,0.2602683935776049,0.12011023993262118,0.2208320732496608,0.09153028911259677,0.2024765886130882,0.1022424544212936,0.09646551464902543,0.12172849418629766,0.042712978123628675,0.08469736494477481,0.0643971024622531,0.04395077030635431,-0.00213076799459438,-0.04357463820693176,-0.10103796147442094,-0.1585758525952921,-0.1325772549380078,-0.09368951411884877,-0.252475208879125,-0.31817077845287506,-0.34190075773705775,-0.38791104022567124,-0.45660005916926977,-0.362372507099707,-0.3890198919243864,-0.40847084205864553,-0.4520152720886557,-0.4914786640200514,-0.49433720686390875,-0.37176364047744453,-0.3573436419637305,-0.45737803945161265,-0.28807534524537626,-0.183461523472495,-0.16013013348403732,-0.14862183546766322
0.232968748754101,0.14104300438525857,0.17483902424819125,0.1824101738433417,0.20799035640282157,0.2501657549841792,0.21849820376121565,0.09111140842955191,0.26118653933137176,0.19454502488513545,0.18150651008142224,0.21052590447776215,0.16039268260659698,0.12884189405572147,0.08585833836330609,0.0588892274372528,0.10902582187581594,0.010484135225866343,0.01238555042473317,-0.005764618455753866,-0.05854759484920202,-0.09324090051852674,-0.11966591471603742,-0.24880985327514124,-0.2451112858801255,-0.1881072867979029,-0.36454529648425577,-0.2429950713656765,-0.2917492495312085,-0.32786248773250976,-0.415623349312498,-0.31567299113767416,-0.37259523618141493,-0.3686658611647847,-0.29942744801781196,-0.4084709768153671,-0.3635018777301879,-0.3457132504385351,-0.41508273990357875,-0.15672806491870483,-0.07845888158364865,-0.17570450605726387
0.1610613166994841,0.25383384844608886,0.1807970755496971,0.27642746603422386,0.15537522238199647,0.26708990642509717,0.1606347937451666,0.15901989097925967,0.12638391050920084,0.15470923936459946,0.14717240246224025,0.0809920548833009,0.14354501431631952,0.1035502868016623,0.07011581230576557,0.07200282071156819,0.023979593574444593,0.02587366529878247,0.007778569655868392,-0.00511611440425327,-0.03805447814038851,-0.10760100033349182,-0.11858702879606146,-0.15399641175270656,-0.15699967144266508,-0.2726456708816133,-0.2983209833617239,-0.3377390451698254,-0.2843758414125,-0.4064100248184261,-0.37258077576799337,-0.3290733530360749,-0.4538705415950461,-0.3199696251156072,-0.3488220595518617,-0.33708375066838697,-0.3987148883572154,-0.2379767398170913,-0.24476119116434839,-0.17269663879260022,-0.11744283518534963,-0.017982106599873614
0.27152551613446835,0.19299325023054573,0.17331256350888444,0.2433843025896758,0.177383993030377,0.19212459431601708,0.0932424285231276,0.07542200271661369,0.07696483240572474,0.211123068200501,0.22716296918404308,0.16993148387704052,0.14074588804917915,0.0989585952869476,0.06497371658999102,0.09962690157532998,0.04843440732554427,0.01780793383850784,0.015733902635188438,0.008457370247204773,-0.05168742178032656,-0.10283049314398394,-0.14115972835093177,-0.1668918357147056,-0.15885609330813014,-0.28349367159724786,-0.34985435429855344,-0.2190608727512004,-0.28727455488926146,-0.338148775442036,-0.45721012866988564,-0.2964200586843993,-0.4363220286769568,-0.3707519925087749,-0.36665665057091296,-0.3648039580127344,-0.36792939339165426,-0.3885445867471881,-0.3143710604957288,-0.16210582173824162,-0.0942884570426679,0.009873609522646987
0.1346704954573248,0.1587529616152424,0.2769825243187303,0.20490372251744762,0.1960191015063764,0.10615516625453522,0.24056955367130006,0.08851196355934668,0.06712482909484788,0.1448606152545307,0.13741614527152005,0.12488066305062773,0.17777309675509248,0.13552224897446674,0.10562233034132724,0.05082997331960574,0.044872805061865494,0.02211290150158585,0.02923009160204166,-0.03288347956641805,-0.09598967592795604,-0.05571080445823927,-0.1817692736025424,-0.15342921128476522,-0.285376652845352,-0.18727932261618974,-0.25280179002999,-0.2449637245561709,-0.2640604499704189,-0.32984816988226207,-0.2684594749268972,-0.31672827565656636,-0.33841285887001027,-0.49591599330270836,-0.487376724910258,-0.3393247224836978,-0.37712428564402733,-0.3516994796836884,-0.3369167092023535,-0.1891447689123787,-0.2423228459225859,-0.17675666846766333
0.0042681472637317655,0.03652867369202389,-0.018302633942805204,0.018217635978997972,-0.018886387818049702,-0.038220435854822224,-0.013500482509332574,-0.02129241805909519,-0.017574264509365355,0.006738802339230123,-0.03442378485607818,0.015090064001674557,-0.02853405962888578,0.0002768436483634188,-0.027145239499237063,0.008142320671546677,0.023158375968440933,0.0063717048214511395,0.0037273414394217025,-0.02104016769755812,-0.009869647860190355,0.008103322511526446,0.0019567631622397583,0.04014548072872863,0.013040407724459096,-0.0010126424146641652,-0.0002642936707882208,-0.015005532833412437,0.025580023429361342,0.014707031930805334,0.002596054320634202,-0.00582212816019015,0.024979618905399816,0.00846105703180741,-0.01857004573653322,0.014704197551276709,0.018375313281338228,-0.008496374197286846,-0.012805515043872239,-0.017910698400848718,-0.007570570219053755,-0.004085603399025585
-0.0034408485886001723,0.0049727589801843285,0.021900000763646867,-0.005247911426286408,-0.011869674467019939,0.006306321965212172,-0.001590295937173335,-0.0004185424506210642,-0.0114990198562019,-0.002918549106496473,0.02810214427734866,0.01162659185110857,-0.018472704627729167,0.0024310751529330182,-0.0038988794687082632,-0.011334626650252252,0.007326929752714971,0.008374275307897418,-0.009186362819310446,-0.002545941017092597,0.001589578877547418,0.014529881007864457,-0.009342453675142944,0.006947713554907278,-0.007340588803955262,-0.0054063918644377445,-0.014065510335261431,-0.008081370447195597,-0.00906885060718602,-0.009332223694259465,-0.01680497043696651,0.00016437918195349432,0.014311325151838233,-0.01276695309066751,-0.004330453080169875,0.022238527453689618,-0.02105539632002752,0.02061927465800154,0.018249131012554678,0.0032114130552953002,-0.011645278237748767,0.024564348099618615
0.010712383559394446,0.011514993880081991,-0.01149295347300229,0.007801771491850454,-0.008626595802599902,0.01700366329411017,-0.003570461310005593,0.011041881659806536,0.009483517253889755,0.00420238876938395,0.005656622448276787,-0.0044749422535822325,0.030429735029038268,-0.003301936194156917,0.007667882242086628,-0.0021697855793726428,-0.023626134943993363,-0.0015044416076117565,0.015916624952747104,-0.012386498199487478,-0.002113495670428754,-0.020778442737977885,0.007975142102393352,-0.006270074340326323,0.018348371512582354,0.032364058757717654,-0.01716636627177519,-0.006423777161429884,0.0020189200604269447,-0.0004083306967530862,0.028589539716392078,0.0019184041227362086,-0.004568024888199682,-0.009820503799270394,0.01831438026892898,-0.000640339938006881,-0.007565598843838823,0.0003264425850918154,0.0004252360430383816,0.01814584830406011,-0.0009358388951384206,0.031717670369101184
0.02541176772847379,-0.013313546610433356,0.0020084457636054117,-0.01590459783202715,0.0047677312968250965,-0.001775009563097837,-0.015404082983575531,-0.016642755572996378,-0.004124145635496048,-0.0011145347490080406,0.03329105372144085,0.005952239538521083,0.0013851237718494583,0.0030324424556732615,0.00184558627306252,-0.008960502795145323,0.003416935361043309,-0.027229274838455754,-0.004792032589219311,-0.0017885904236523461,0.00046493098416570434,-0.00024868821827486276,0.000549087057895555,0.010762609791113287,0.0029800671471997553,-0.01750867202404547,0.01940911572819795,0.011533740954719913,0.0041676412115233975,0.02073628619865921,0.0061560909048675875,-0.009377300037864683,0.013243108705352035,-0.00014020277866815957,-0.0251450293715962,-0.0064188932340952685,0.008368546115033829,-0.014310962938040161,-0.02668739810421358,0.00060150384290473,-0.013186339010878996,-0.008477012967568094
-0.03439606644384398,-0.001400333951431829,0.0038098230635190988,-0.013541844374862267,-0.006760703890517556,-0.0030510325875969446,0.006572190867066792,0.002188151822415219,-0.022939619617516598,-0.020120706294143614,-0.008733176726481332,0.011034844584629118,0.005899257385329287,-0.0028745151236838876,-0.006763409790644411,-0.016594573422011805,0.00847651819454015,0.005793385961089396,-0.01741321480739247,-0.013195576093107153,-0.00527994505027482,0.006346660131204165,-0.002307774986777683,-0.011736376966851085,-0.0046319478448490145,0.004844692789451106,-0.0057268865468907875,-0.014227694548199313,-0.0005802712099709004,0.006835169776715347,-0.00035835284292013136,-0.009636927574307898,-0.030958474205692196,0.01643440560818118,-0.0007130108879379076,0.001493007346368295,0.004690634269534598,-0.00654292381405371,0.013596647643024228,0.007414961330133524,-0.014748524498951827,0.015221278314666378
0.012593817100399626,0.0017418104765523537,-0.0005840646197718661,0.006570008197853155,-0.020326926566344668,-0.006489508634257632,-0.017249479545286748,-0.013795994177534831,0.014356810821462599,0.009473061794577992,0.0008662936681450028,0.00029974054938504505,0.007425384839600962,0.010866834796429779,-0.015636123960596944,-0.025403013515159358,0.02376373716296759,0.006034997746430465,-0.004428655918998253,0.016900892799868297,0.00252795925718791,0.01785519672758413,-0.00789683202202295,0.015158839025577868,0.004605117838936585,-0.00335519132614753,-0.02469349682532004,0.0024807382373550914,-0.008170103609744407,0.001810188896828164,0.0009887615673030536,0.01428380087778188,0.016518328601059937,-0.004282665963097907,-0.01787397019121432,-0.0018936938906360821,-0.001071575064460827,-0.004724629572175827,0.028227542194565143,0.0018115573565506248,-0.01963349949464558,0.003437555495422316
0.0020225470779042655,-0.003290804906935943,0.025983766844323315,0.017300726176931368,-0.015841207638933454,0.03243024642027318,0.01062299726376818,0.01887377110562746,0.004111486439480561,-0.01396423175479393,-0.0225233569454275,-0.0016065622668437621,-0.012835058774979488,0.00203764122911071,-0.0043732472770935445,0.00923499413144927,0.013200840011597525,0.007097880680512126,-8.331633432494718e-05,0.017167488985432387,0.0006151093704442476,0.006321915594312562,0.00944767646333716,-0.017214198456056408,0.0023588241539531226,-0.0010504456243488666,-0.002714305380816167,0.004465703842322867,-0.012745333465257773,-0.00040536991502040037,-0.00021866880973188643,0.014286897798582249,0.020758055467326682,0.03183165739924291,0.016004100283899328,-0.02529097863509337,0.01189124385459091,-0.016727498745594774,0.009284575898892507,-0.005957300513014953,-0.0012519770042090182,-0.0032281764430554857
