gfs-wave-data.json
{"header": {"parameterCategory":2,"parameterNumber":2,"dx":2.5,"dy":2.5,"nx":144,"ny":73,"la1":90.0,"la2":-90.0,"lo1":0.0,"lo2":357.5}, "data":
[rows 36 to 53 of 73, columns 0 to 41 of 144]
-0.6316611379606427,-0.5990740326323519,-0.6167862077323389,-0.7733301959528989,-0.7529447065410946,-0.4827087327744874,-0.4923437337826008,-0.6525168199673008,-0.48570149302248333,-0.573307640770414,-0.48708484660318296,-0.4564182925379125,-0.41888530491160475,-0.61572229004941,-0.4049365140142152,-0.6278512864596025,-0.5868629730087491,-0.6569587162044263,-0.6849898230037604,-0.7181667584569159,-0.9231440065925164,-0.9201644635269264,-0.9606672728004911,-1.0143867423557944,-0.9485775099560678,-0.8704120933093723,-0.9402110102999314,-0.7155609550046408,-0.7172694063877669,-0.6769704396209997,-0.5863681623615878,-0.47233797712143694,-0.3237846384148142,-0.37192680608066303,-0.40530573622045873,-0.21736833723420027,-0.33149210373439675,-0.1860733417852662,-0.28750169047005375,-0.27816601086853054,-0.26344101552152815,-0.32985393864134405
-0.6185303457339831,-0.6831673028437446,-0.59655791407867,-0.7519584637676872,-0.5430439291525013,-0.6792870993155438,-0.56861269647591,-0.7042618494840762,-0.424018048527549,-0.6507761274486453,-0.49665572710507055,-0.3933806477859636,-0.5136555451182316,-0.5039388732544278,-0.39219086487547555,-0.4356214016365251,-0.7607221510749332,-0.6909013168884973,-0.7370400759359435,-0.696805371477044,-0.9321768869280715,-0.9192405290415184,-0.9593157006201656,-1.0310116779775769,-0.8887614046127912,-0.9375570388984605,-0.8718104930761184,-0.7634972254662376,-0.7422526832059207,-0.7028077612025037,-0.5633544356220301,-0.47997351790127685,-0.44084669038299024,-0.337730421117157,-0.41739744826055547,-0.37026547402519666,-0.3275699472185534,-0.4117598222445005,-0.3353857963307182,-0.17774041332356924,-0.3026485773671329,-0.3147528478252931
-0.6685653489608613,-0.6251850844208717,-0.7420846025080711,-0.6030543609074522,-0.6405861039597738,-0.6740559523792127,-0.6502806353085345,-0.5500388284039937,-0.5486611903557609,-0.530373469486708,-0.5373357024071502,-0.3727818532733966,-0.43121400705899166,-0.41063188126029687,-0.4213071665019373,-0.5661616125675337,-0.43656381463485533,-0.7485010086660802,-0.849489983547526,-0.7499115131670707,-0.7063225180752757,-0.9600545960995939,-0.9521739575525024,-0.978584457444486,-0.957494364541593,-0.896039004879979,-0.8641915815430183,-0.6905062638937306,-0.828440018884666,-0.5604597479673589,-0.530203142737326,-0.5434059854406695,-0.34816408627277146,-0.47516926223417955,-0.2892910484828778,-0.3245562145327166,-0.21494964431383146,-0.2890096049606965,-0.33747822034203834,-0.2818258762528404,-0.2824718671198883,-0.23973907236595673
-0.5568281106183582,-0.6682856313678828,-0.524742109306175,-0.6387732282959896,-0.5577249144815165,-0.5567137352516097,-0.5962136360811308,-0.6180661397293639,-0.516169803085919,-0.4748109705385635,-0.36355284647251673,-0.667552981848921,-0.3566000545196818,-0.5897211657363989,-0.45857512684045776,-0.42197659870155724,-0.5338032092220582,-0.6208963880213687,-0.8315843771365001,-0.8554192678195014,-0.941131418158231,-0.7659618435065813,-0.9334681901975751,-0.9677659486067868,-0.8700123405151393,-0.8443660412724113,-0.8042348511695736,-0.8805101712430682,-0.834204985110932,-0.6731390425191405,-0.5242130157787696,-0.42125486766540343,-0.5082570029356619,-0.3776369149970266,-0.28287729593151273,-0.2892306354297626,-0.32575874934478183,-0.2908892691141248,-0.2583899131876941,-0.31313722629056095,-0.2723035849300439,-0.3337256377608487
-0.6979118679099258,-0.5924158183592294,-0.6934737044371798,-0.5846344756051158,-0.633290010764649,-0.5405127820045429,-0.6259977911730271,-0.6208014003155468,-0.5551021875773694,-0.3723709709198925,-0.4890028794160876,-0.4541859035855166,-0.41003084439671394,-0.517648869884022,-0.6203377899021635,-0.4243118014629145,-0.4911550484984781,-0.8380093190912689,-0.8401134530533881,-0.7141004880567846,-0.9296041170501395,-0.9423863265849413,-0.9469557226205504,-0.8759314406288026,-1.0460364734459422,-1.0231730637860839,-0.900702497805563,-0.6773221126923507,-0.7289798239270543,-0.6411173014569699,-0.6489382207084607,-0.45568395422704966,-0.49896214712924525,-0.4702486881613869,-0.4150262612018572,-0.3102361316454916,-0.35228962710429884,-0.3002109433348183,-0.21548900788511433,-0.401484093943237,-0.36218510689472766,-0.2798984874012652
-0.5884579934889118,-0.685802804963283,-0.5947084076037501,-0.6755779274925304,-0.7537070971218434,-0.5518659317311311,-0.4848021184901295,-0.4519591453678857,-0.6955128968999441,-0.5067957006905569,-0.4071452262277022,-0.41185513434571597,-0.37290001164661085,-0.5734616693368362,-0.5995447460098426,-0.622505528422969,-0.6446866798933786,-0.675849288394335,-0.7012317241274758,-0.8102517583988743,-0.9067920754948879,-0.8445330695546109,-0.9323946425843693,-0.9626419600427392,-1.043043401113742,-0.8701773519145133,-0.8575029464802328,-0.7668103239361432,-0.8332699961141223,-0.6083074995482197,-0.6586879496845787,-0.47528893797314326,-0.36516551081812365,-0.3110299244897554,-0.33524374689222836,-0.2829657906508109,-0.24138577069254769,-0.2738209733395135,-0.3161152449580583,-0.2648851831851733,-0.2612694538942317,-0.357470634897118
0.013064247881641454,-0.004042677411167717,-0.001619007214069644,0.001014008792843372,-0.006568274941465031,0.0211676105728909,-0.013747472162753105,0.002764965078014919,-0.02323719263542419,0.003185837932590506,-0.008617474729617668,0.002879666117389272,-0.0030598964198859783,0.016553555445556298,0.002487310874877181,0.0004425400866030952,0.0023477610733321206,-0.0002534771909512512,-0.02676409389852871,0.00986397907160147,0.005958151587728858,0.007182872312003023,-0.0016393310051133819,-0.008072231616832841,0.013306004409303657,-0.0012118171501291752,-0.008510215797365694,-0.001978624105777621,-0.019838764584374807,-0.003274348587998811,0.006738573001610594,-0.019492870125165748,-0.013141182647524915,0.003913123151378914,-0.0068783205048832214,-0.0021727227349715994,0.002488698469454004,-0.021182547686924517,-0.009771051498019332,0.004190129220646278,-0.0005348355638235102,0.026945993840273148
-0.8385543638080429,-0.8941077764644844,-0.7690828072206498,-0.8834352140985543,-0.7387435605294257,-0.702761858883532,-0.9079138385288437,-0.7689765438956866,-0.6912237466542537,-0.8651573212489674,-0.8932374762010568,-0.6932592727603318,-0.7581633765462392,-0.7966025103451935,-0.8369354899875395,-0.6992497342380224,-0.9089353762895116,-0.8156455032196787,-0.7086925375857798,-0.896131965908107,-0.6125989489705093,-0.6817529793141222,-0.7112908451390004,-0.8408800914268856,-0.7500021625532831,-0.8208407919789894,-0.6864848434073495,-0.7528848291136124,-0.6552889358308479,-0.6539037502436866,-0.687077913014841,-0.7361498993306635,-0.7484279861972277,-0.5699662206584734,-0.7129100426738121,-0.6528845095859462,-0.701115512035185,-0.6299608365588253,-0.5877535516490534,-0.8018690907217588,-0.48501987667643315,-0.667958725038672
-0.7122418467231948,-0.6940881605845953,-0.754271234546205,-0.8905891545435446,-0.9477034053501859,-0.7090179968185467,-0.9092013989947998,-0.9244168283926492,-0.9267362359908029,-0.6859108579981968,-0.9364312439719775,-0.88119093583664,-0.7379122189501279,-0.7705500584442928,-0.8015496196345854,-0.7065998651274926,-0.7076559448815448,-0.6785503489475168,-0.8650709413049382,-0.8218803190800734,-0.6208012944994195,-0.9076451616580298,-0.877038798287865,-0.8460290464833706,-0.7698204320632183,-0.6152897286415351,-0.6696990221678165,-0.721117061965763,-0.5968288193390379,-0.7552449103649949,-0.7375119868287103,-0.8516341620425717,-0.7419516828250982,-0.5377351841003972,-0.7176653093160368,-0.5727344191887044,-0.7822973233138287,-0.6483037752264783,-0.6433412573086932,-0.5135817915799895,-0.6836479451060355,-0.7621339597896123
-0.7161919096709463,-0.6783434074869894,-0.8087657325016394,-0.8630779583337937,-0.8511428912048103,-0.8101759538902653,-0.8143643482744024,-0.8469863463927128,-0.7627141719752998,-0.8178914567951643,-0.7093360478481076,-0.9246557468723592,-0.6755139655550175,-0.7614201600024879,-0.9343108351242416,-0.8155983790096172,-0.8029136540437858,-0.830036156684868,-0.7988960485026785,-0.7870526539456176,-0.7453379817186613,-0.7957091815691557,-0.7355319329259943,-0.7831630348589101,-0.7621924981805812,-0.8061429381721282,-0.761930474560735,-0.7904593228366964,-0.8149116693894295,-0.7034730969543427,-0.5453840233628761,-0.6292820912294373,-0.7110619733086921,-0.6420386639765321,-0.8456007552419009,-0.5542123809065727,-0.6578938161613082,-0.7932273786340669,-0.7565640875883741,-0.7790289208711146,-0.5547227610919468,-0.7294129700458551
-0.7593581325079877,-0.7801392175121494,-0.8138175012529435,-0.8520633435877218,-0.8641929449220582,-0.7781496444185128,-0.776173475610825,-0.7772158129570443,-0.7734877724040369,-0.928257056373612,-0.8827628357346182,-0.7607609024028176,-0.8252940728068685,-0.8150426830994391,-0.7981830733568387,-0.910650888702391,-0.8004905590924457,-0.82744290937957,-0.9491927799208494,-0.9960203989165808,-0.6979867532664951,-0.8929565492424215,-0.8911682716337792,-0.8770128551433817,-0.8974470028659418,-0.7833357447459814,-0.9146383943924705,-0.7368231187334173,-0.8230925070931311,-0.7577424546356383,-0.6566540397192934,-0.8054327862033535,-0.8364493801708063,-0.5952525485071213,-0.5769312075048437,-0.6651395534852257,-0.7533309009527739,-0.6580245787409518,-0.6839345531646126,-0.6684648532377976,-0.7846953368067715,-0.6663521895650807
-0.8093149323679054,-0.6721346459968672,-0.7801462430985789,-0.8757486742459248,-0.6719746209745185,-0.8673861188304711,-0.8112536618404258,-0.8030086321339862,-0.9753539198564581,-0.7295869154306924,-1.00567067733028,-0.867509582228068,-0.7697304349802212,-0.8210249939630532,-0.8077685326293708,-0.8231062179446893,-0.8809602617931673,-0.7111847060547098,-0.7326741282053247,-0.9797558784481727,-0.6831132881217667,-0.8118765523832012,-0.6625972296863906,-0.8713116708641018,-0.9081025472083329,-0.7749038694483079,-0.7029833583070563,-0.7782764141431857,-0.9131138630329255,-0.7492188363319736,-0.6772167263271031,-0.618265314016204,-0.822119270013206,-0.8064451007043022,-0.6237059572731447,-0.7117479053930054,-0.7567346325497908,-0.7643699783869125,-0.6946007119202194,-0.7139304207206578,-0.6198975418243888,-0.5713019886554668
0.00321093714929507,-0.01692541706326558,-0.045163523236469647,0.03300816617259922,0.008009929452278196,-0.023362398838241014,0.012197065704920107,0.03183340216939974,-0.029680075484559358,-0.03649827817652685,-0.003796248630184835,0.010273114083307725,0.03327947078569193,-0.023537706785507363,0.0021086291297010415,-0.01764401849712769,-0.023840106130037876,0.009551457562719757,-0.033790491084933615,-9.901262503617281e-05,0.0326149791191432,-0.011693321547137833,0.011137061274482484,0.02173360384985442,-0.03826728149755802,-0.023697567953667713,0.024627638069405496,0.022229343024963356,0.012809156853156015,0.0017334630622898035,0.008073082285006127,0.002778302342778967,0.011976683927387195,-0.0018861631208991168,0.010977125879022746,-0.023004292953548583,-0.03150608054656169,0.01600127896164652,0.005650165421583782,-0.031191225417027735,0.010253913602392493,-0.00878361338147643
1.6714623557710286,1.503492613443675,1.4970543466516264,1.5375686311134453,1.6007382308269873,1.6047747112688204,1.4740842824679388,1.4451996083271212,1.4532975762385612,1.519407763138161,1.3318080425607184,1.3175569464074552,1.2008077035706628,1.3008367595451868,1.267990828889448,1.3222901464205807,1.3739068434895134,1.1213348868326833,1.0719746691080072,0.9487447041266422,1.0402515902647729,1.014559336467577,1.0802727360165347,1.0177616069503763,1.0628771261403556,0.9525588421527651,1.0528397893045267,0.9541840711315012,1.0044208258602256,0.9784437831088593,0.9091716887510413,0.9568599455778855,0.9560588257241124,0.8630082217917,0.9838950943395407,0.8662889791315518,0.9056726102722062,0.8881064319535973,0.9314852757980999,0.8783264051229629,0.929990401767114,0.7819698837299541
1.559118932247778,1.5826862379168476,1.4628478710870525,1.636548438781788,1.587800623942306,1.4871420839077516,1.6392255018129507,1.4335702443546379,1.5510253392859372,1.4475089124481086,1.431654737012675,1.3675755697054364,1.46674262538701,1.3148704144296655,1.2930137054220987,1.198196912525823,1.253214927182012,1.1241243526964684,1.3297518395752208,1.2117555823491648,1.2853052076046634,1.1064961697932547,1.1869633225063903,1.1251004890713783,1.1686012106251806,1.0152573530006812,1.1916344580315392,1.059827483581995,1.0488441286387444,1.0357092238929702,0.9271342603307205,1.0127256261736532,1.0798548445389509,0.9910914448330357,0.8702665465918866,0.8820694769563601,0.8380084321781435,0.9959181943867889,0.8106619346556928,0.8004122599776394,0.8480626784678585,0.7339819042649773
1.5082153168216528,1.5564448626481913,1.5706180689381162,1.5507986980658874,1.4866293904111132,1.558730642316789,1.6323160234664469,1.5103547851495271,1.6138527494232056,1.4860308363905605,1.401824213455658,1.2212637091345022,1.232430794790932,1.3246368633302543,1.1916135654810964,1.3781615986664064,1.190027714915767,1.218329484209019,1.0435222529999717,1.2194742239339582,1.0319210683090883,1.2333164626377497,1.201707726662154,1.044608205765961,1.0856861091468564,1.0710160417688135,0.9420126300269046,1.1448572774383987,1.065910700389905,0.9743595909673113,0.9270116963639181,1.0776461583955415,0.8767594113939435,1.065500769400244,0.9707884919469939,0.947202092870031,0.9623856886183701,0.9821858627792527,0.9661204675932612,0.9273318863025736,0.8106015265354595,0.7699157224211389
0.01154841843960776,0.028326362062019002,-0.01501109466580064,0.019938874292336657,0.001289033201044179,-0.0035548138240839217,0.022674241422675257,-0.03354024386816077,-0.03210022418774416,0.0032345280001459496,0.037877328676506006,0.012307211225120443,-0.025207320255849992,0.02631965537083428,-0.010928204019370077,-0.01003042882212018,-0.03663096002108276,-0.016031536605867275,-0.03558153551800476,-0.03318015535059702,-0.024733245775365252,0.04785803289413429,0.03845430264122917,0.019694514445041313,-0.033385077239397036,-0.0425077767623923,-0.015562894402059272,-0.008965574533289092,0.012312955538329161,0.02058650238373292,-0.016171528504322893,0.036475559224398706,0.017825010119482072,-0.002600075910430816,0.04620775358612504,0.0063464825273110885,-0.05067246057234633,0.026756653094003914,0.0016146843043461632,-0.024972528640050833,0.010466143805131108,0.007099791193271307
1.8800011821732192,2.0537127607209924,2.055231409063706,2.079407839831728,1.9146822347772208,2.024044813464841,2.1980911463628527,2.2358091954892694,2.1686062179383967,2.1572384719011177,2.09878958155158,2.274547511202436,2.0618536619586654,2.1656064721310764,2.207627129176948,1.8794641432359247,2.027003162868551,1.8806896665722392,2.352932879399737,2.053372896090926,2.3685539472530097,2.308074696285087,2.4586131378997393,2.3185482524087404,2.5471021653214954,2.4227980307244206,2.325585081508818,2.545003667253741,2.3358632079608834,2.4066955812936572,2.6341335941549184,2.7580824749487327,2.6784693714532897,2.6918948620051597,2.6653165042302374,2.7529242767673368,2.660873177780489,2.7012535973499783,2.753597974009699,2.6593517713993085,2.8102000504123397,2.5742478817802166
