gfs-wave-data.json
{"header": {"parameterCategory":2,"parameterNumber":3,"dx":2.5,"dy":2.5,"nx":144,"ny":73,"la1":90.0,"la2":-90.0,"lo1":0.0,"lo2":357.5}, "data":
[rows 0 to 18 of 73, columns 84 to 125 of 144]
0.822379347242234,0.775041611351415,0.8112119292909216,0.8478097199976613,0.7972317967503247,0.6845556120768598,0.6292470717214246,0.5908148359506025,0.500440331580101,0.5160572819948731,0.3326722834923322,0.4488976657717318,0.4128516651111219,0.32414246672586444,0.5787873647568673,0.5953291096958157,0.5646045825272495,0.5612418944429493,0.5494909413695607,0.6568810580391328,0.6031852621867116,0.7234313360043917,0.605132531323176,0.6687938445919486,0.7428429071993871,0.667175155107908,0.6864261070644309,0.4639754418883236,0.5440219843471121,0.44986091616445045,0.4251778356345742,0.27019784592628027,0.3176299594824695,0.2790989277351296,0.20179802222313584,0.3106977573394397,0.15887683917989853,0.16740973615603782,0.25260726837719455,0.26898814237262764,0.20981752531765632,0.34736156043434646
0.849191807968109,0.8115490773997539,0.8252903688705602,0.8871365849383683,0.7179434802337679,0.7844002521183908,0.6992254481851177,0.7088865926505701,0.6176269401980824,0.5140664098937401,0.5496189204144339,0.3656885672428384,0.3290671885338117,0.40839531078685215,0.3641576168883709,0.48427900538854135,0.3811514859773591,0.4972902932194497,0.6350016324565254,0.5946001137247728,0.6098336292571201,0.6823379802422843,0.7059236775093979,0.6816910602232287,0.7462951820247725,0.5424840802180906,0.6596265544945491,0.584181902278339,0.5237135916807036,0.4676434688692434,0.3019577550239416,0.3173424473099878,0.29313995843015955,0.20761986616338718,0.24079582405884953,0.24851630520855855,0.29142299454961595,0.2598504907202747,0.13644879018234093,0.23555136502944196,0.2691893406191513,0.26813280755906055
0.7586453479966676,0.9065659228967489,0.8008079912805256,0.7572570304577381,0.636735877125258,0.719480127155798,0.7137129691062051,0.6067459504283391,0.614694973425202,0.3980831027131445,0.31400400852359506,0.39620055545681226,0.34160525749982684,0.4581123798321692,0.5786577940001335,0.6043801073431695,0.5566742983873728,0.6193607149876916,0.4850125709044391,0.5351583141808047,0.6624848622951578,0.6533235186041718,0.7397261977698978,0.7039054543434546,0.6818459197691993,0.6780682811409136,0.686084626366237,0.5382593763369549,0.5351447147448326,0.4873581899075609,0.3455060447984094,0.30306757383738425,0.3147095206789576,0.33085340085110443,0.24422391812999167,0.2086278956477189,0.2764080382295127,0.2037733231070493,0.2858525270022773,0.3021025347418383,0.2250846634874784,0.27566749447527195
0.7593817986167722,0.8176407707079688,0.8174822178459242,0.7670909768107931,0.8043264803356638,0.5670959076374771,0.7271298276907822,0.5506476944199115,0.563407825628384,0.4117386481849264,0.4294044868628947,0.4466646021386233,0.447619102974848,0.48199610793133635,0.5307719865264698,0.4013614131398596,0.49190107532741123,0.44440379088271825,0.4744249119966906,0.6330194876997579,0.6854150381516841,0.7295623575708264,0.7127118590982797,0.7253711028246477,0.6274076082977997,0.5553136127947004,0.5775233686693511,0.4801978190412659,0.4179618579658416,0.4605716978278944,0.31700689877681476,0.43497868102836973,0.20846777275790176,0.19036659088874264,0.22870676532478965,0.18291287914257867,0.1683716080673027,0.17488741886524914,0.2235088730488307,0.19345536581662864,0.2947046990315972,0.2889224770191503
0.8409396723379676,0.7836768358191655,0.8461268667611463,0.9126352787549844,0.724821529688557,0.6291161769549537,0.5715708408426411,0.48382224546599883,0.4024909173032338,0.33884854021257976,0.37441585570292335,0.5575171634664088,0.3210365109606295,0.49646498684496143,0.4250653357453438,0.48279852727699357,0.5027460915405076,0.560467633952617,0.5708772166821917,0.7059422137591442,0.5367612491237249,0.6702864220782081,0.7151966579496593,0.7018896542063314,0.5993908136118036,0.6884321612972892,0.4760229638539997,0.5710170737747661,0.48949818343602886,0.4013434392070923,0.3716338145035965,0.36105631052164144,0.38542827585469935,0.25500495894932157,0.17519854584970576,0.1490683873661376,0.1659298331086226,0.21313632318653178,0.24686257268172634,0.22009983350683526,0.34003265819912426,0.2728858167704805
0.8730315732759475,0.8137598257012274,0.8434997706157144,0.7711819411519273,0.7375258234035283,0.6694051251723793,0.5856373717682913,0.7341253029686202,0.6156893925034518,0.5357960874054188,0.572170499784097,0.43154835237722156,0.4404610339561037,0.4712206632650337,0.3639896684650141,0.4420197914537696,0.5177557326262886,0.5031480476160644,0.661149107736963,0.5838180864668957,0.5821988199502109,0.7053885569183507,0.5881611375282729,0.7196655554045551,0.6537883532856889,0.5784377447569289,0.4745523572486841,0.6039545433860667,0.521233844949988,0.3409497608964388,0.29340847380056334,0.45257583424196823,0.33944730027306247,0.2697864285295973,0.18575985242110768,0.2267303208795849,0.2776883814828059,0.22236770499085737,0.231750610448342,0.1813607285530416,0.2292566320456473,0.2800674987561471
0.9312453241902949,0.8430868271255063,0.8620926021220736,0.8628752449703739,0.7434966749077803,0.8182879382750323,0.5456614114826498,0.6838933792493551,0.641714221221566,0.5034051402307259,0.44210552118351604,0.47654503786665636,0.5869607463540194,0.3762112670609494,0.41753340511022763,0.48716207723397903,0.5422007023093303,0.38700701559886735,0.49401479409373694,0.6561201072546371,0.5943352145748716,0.5701787552837771,0.7428577892732052,0.7309798004382517,0.6652841825103294,0.5868713732334695,0.5719078519139151,0.5166111945864432,0.4537772821377224,0.3632448208990171,0.3319002999837537,0.29387163428504925,0.19611698802384775,0.24648576527546887,0.26875299693652654,0.2307281111637427,0.31245681744079157,0.1917575954814587,0.20266362597014262,0.33178114171882966,0.23952354024048877,0.21665093198729038
0.7476081774211633,0.8025394699679532,0.7573566145448004,0.7054651204675496,0.8149641053099065,0.6467886083557476,0.5840234338807677,0.6727692032237086,0.4563042270494845,0.5330904002830096,0.47634246925087015,0.3030543694043909,0.3592478390536076,0.3763208838277344,0.5177969613036475,0.3444204807052936,0.37279437466583987,0.3898936793002879,0.6657220566811791,0.6680893356380664,0.6750953646846704,0.6921716716003262,0.6035312418812855,0.6345401431328407,0.6163175766751267,0.5340302689920658,0.5533357022082278,0.6089425851636868,0.5227035621273111,0.372760433459023,0.45521869905289725,0.26818359563973143,0.3360672574985258,0.2731126368790537,0.23082935944310384,0.22815359561776963,0.15226427789106212,0.11925421018802791,0.1603689108365724,0.2564875888908323,0.22563845110470415,0.27674558654174164
0.8667260760850304,0.8342561051262513,0.751063968158924,0.7390354161011862,0.7364970926696941,0.7516293560222872,0.5780558904486577,0.6457412831979568,0.6986434397193793,0.6589451159436772,0.4326312063076948,0.38171510846294937,0.3070467383725929,0.3999475863360225,0.33925718989171083,0.5281432339873547,0.5019110115299643,0.4879482337669188,0.5971063641203546,0.5265031853605953,0.6138733502224214,0.5632737857279406,0.5754836289861657,0.5755382002613958,0.6687141080668767,0.5074789470308589,0.5214872472716444,0.4833100272992671,0.36291125115837075,0.32294356885723036,0.39310002477319234,0.23447362972033792,0.22345245254818225,0.21473641792382833,0.1861935251809967,0.16672751252451623,0.21089336355251329,0.20676977086102355,0.23860527562539513,0.2871561979330501,0.1612759541353069,0.2525546242940393
0.8495466421785633,0.8200039085288365,0.7769673721370338,0.8744623276638397,0.7071504303276216,0.7214695740315257,0.6071057147838151,0.6651517783796932,0.4497309045291556,0.4636691672821677,0.47045587577105014,0.48537718414261616,0.4794940307681125,0.29885615253872516,0.5082472906885322,0.5903056151366574,0.38496785476986306,0.6301150818316263,0.5590839530105897,0.45959229450833533,0.6527154315403368,0.6798141040442062,0.5498146848098738,0.613963159698633,0.5414085204988629,0.49964124986041053,0.5482261177262984,0.430101391354964,0.4526880334777746,0.40544152854046733,0.3424901063568464,0.31422965193150454,0.2994971042631185,0.3361727487126072,0.16013131470133377,0.15220903725064652,0.22572758595410386,0.17682890274413646,0.20294401076941326,0.23691604571229669,0.3301707742382468,0.18754920417032792
0.7249402943174209,0.731757745096406,0.8905390946124704,0.7651555336414044,0.6124075942633594,0.6826133665769533,0.7038776854746918,0.5500535784100243,0.5981395799134595,0.3782261800487152,0.49917979932273776,0.3635808133348885,0.37536786704555325,0.5023705551808241,0.344395315431902,0.4804822668870258,0.38903485095292495,0.40395071894995616,0.5129038357101532,0.5799958905306539,0.5543389729699687,0.6320603842743319,0.6830764163598869,0.6232778757306717,0.5214461984087121,0.6111108078448071,0.5520529366765455,0.5042599631083751,0.3940604909624318,0.45727470615155374,0.2956336102648463,0.31014231548530136,0.18860181643710258,0.20974599424134324,0.24219551448508642,0.13843906130192513,0.24168228917615112,0.2595529077319412,0.14245824716639194,0.15434909819136192,0.3031666632038269,0.2872099315619497
0.7385213893773285,0.7263791131443676,0.7270820847322326,0.7226837911112368,0.7043186974233643,0.7874050692321676,0.5454362559003592,0.5164598145309662,0.46678088806282825,0.39244936945472725,0.4179996760243749,0.5335263785670289,0.5186516073710047,0.38409601048331765,0.438565653245861,0.39916228791108616,0.48714801433823124,0.5056947543362171,0.5882317834447787,0.5739681998505793,0.5686914160074182,0.5194325535388205,0.6748889716472716,0.6107391671464615,0.4935551234286446,0.5898714402463571,0.6115028720251089,0.4577924284001101,0.48505290551503377,0.33325459162819904,0.37119821860018515,0.34043794270007993,0.1915500445780158,0.20470297365512355,0.2526853404703932,0.13449414724026854,0.22856309284802695,0.17980687738862866,0.1342795392971624,0.2526830709637483,0.30349146322664294,0.14632291111253792
-0.23206913377883343,-0.401644195822457,-0.22757964973332928,-0.2524893713415665,-0.2774494996405272,-0.34533445701563054,-0.3932767003342217,-0.39616967841359074,-0.27240153107417087,-0.24441621998620028,-0.32436996668058293,-0.3524487883705269,-0.2939726264834829,-0.291005797958115,-0.3088421317620419,-0.4008338500188203,-0.26069685807133464,-0.24144040036759515,-0.31387976286768116,-0.33872397135602134,-0.34726460168637086,-0.23565248555422172,-0.4165805346297496,-0.2555746345460321,-0.27000577543176524,-0.25604373970912525,-0.35957514471357394,-0.3875111608350255,-0.38959264547608496,-0.34390546925331505,-0.24749712784073022,-0.3557697483885518,-0.4144282641322258,-0.27250925725571057,-0.36622085094714446,-0.37732465047168745,-0.30548873430774104,-0.2680404915151057,-0.2984026415237511,-0.3254565244922548,-0.265110883927443,-0.26412329837621384
-0.35037138668130635,-0.3590703531366919,-0.2982385989883473,-0.3511281354725274,-0.39272519462431704,-0.3784302968760182,-0.37465980136737453,-0.26268920947378516,-0.3927583956570181,-0.39251704766089257,-0.21522818301618302,-0.3841667465714504,-0.3679530843405519,-0.2211811130039489,-0.28477481898203,-0.34801295815327904,-0.4022995337597769,-0.3578871990107547,-0.39087171393964787,-0.33173474609983267,-0.31462850683621263,-0.3222238007833512,-0.3052599014953698,-0.2667204720048192,-0.2643006504841925,-0.2811801072005364,-0.3685865022917129,-0.2648550687355908,-0.21954382317805457,-0.2645645540290481,-0.33285065647104295,-0.24647952610273036,-0.40258387254902783,-0.3797291213480426,-0.3252880446608395,-0.27052625415826453,-0.2655141524320053,1.3388228271212008,1.2477280215639817,1.4086056020822482,1.2129733817775747,1.5005075395397593
-0.2591088616226482,-0.21353847542501317,-0.3719096440365389,-0.25786862088988005,-0.3541483553161196,-0.3109885647141918,-0.324110292175238,-0.24139501736878308,-0.3975002623266915,-0.3285285446444824,-0.3584087604957062,-0.36185717491227615,-0.2285677852878196,-0.21577107579615543,-0.21974769620021378,-0.3900682594342347,-0.2007910175147634,-0.3465769091493161,-0.3008100809939111,-0.26115748850646114,-0.21658849155756732,-0.21605961936366205,-0.24432150733394298,-0.36347995780743575,-0.24609929356967453,-0.3481211747849794,-0.38038913216481596,-0.3512705873212007,-0.3804409330336038,-0.26001685310983835,-0.3210879311386473,-0.21062513707694985,-0.26917330806485923,-0.25345671412015763,-0.28851487464113673,-0.34883589176166435,-0.2821492976614559,1.260836571481533,1.2995128212519031,1.4081671565552063,1.1650191370538516,1.4624207111343765
-0.2754701388839735,-0.3122007159396658,-0.34681635775440234,-0.20606244474611013,-0.3482347610848895,-0.3245476575852675,-0.322497507821965,-0.2760567423516494,-0.33517449636161417,-0.37026810217212525,-0.3358903003092774,-0.2273777453713265,-0.23749284869615547,-0.2213115951124059,-0.3718647824791669,-0.30078474921748183,-0.34411011689030346,-0.20799307870931708,-0.28406120774824056,-0.26919261951262663,-0.3449740761731652,-0.3059317618264607,-0.25509826496045296,-0.23008902543455007,-0.3215670865229655,-0.18873511762019782,-0.35594390620427596,-0.36325735000269455,-0.2052481898080398,-0.3321386654276018,-0.22087034906920375,-0.2838653348106752,-0.3719519416703187,-0.3168114868159841,-0.35247727902203724,-0.2330347027304996,-0.272149958382231,1.0602787000342626,1.3138320321020294,1.4651973320301381,1.2958668127348976,1.3979078989448217
-0.34465685164566545,-0.268671951977773,-0.17900360554422035,-0.20555977973148454,-0.287784105761121,-0.32145984809020733,-0.3669869128770585,-0.3542347422096849,-0.24204763071274665,-0.2934899501447857,-0.24855840318194736,-0.3326714165534456,-0.2911877144694572,-0.2907299819637902,-0.30299908345270304,-0.3246740061050242,-0.28421977988555086,-0.2834978143769683,-0.27562935039783354,-0.20804684818758978,-0.2180728710779766,-0.2993712967244403,-0.2562637639219439,-0.25156024754457956,-0.3072434277122935,-0.2625888714310541,-0.2816807393832291,-0.2869532333134297,-0.2858479054212791,-0.3448833749120947,-0.20682801812265206,-0.19642200424092301,-0.28279766844423304,-0.19767647904233504,-0.22477660200363783,-0.2907516104279471,-0.24235638509292248,0.995805011973482,1.3346146256198654,1.3595366805485933,1.4424704430404638,1.448249044214113
-0.3521949347653509,-0.24498247703074316,-0.20971707317149033,-0.24051317394476798,-0.2681516537207311,-0.30972398963368397,-0.16834046374357126,-0.258721758557681,-0.34283757085096345,-0.1850895043444191,-0.17297840909405784,-0.2817408292188812,-0.23068330759916794,-0.33952015613844455,-0.23393902638721048,-0.21963553782667208,-0.2797115310332104,-0.2780717570744724,-0.21912905605927757,-0.30914606689197643,-0.2821600552052936,-0.16598052951602107,-0.24473591883481527,-0.2539071786034745,-0.3212666106540834,-0.3380968621874501,-0.181617797909655,-0.3324097766613276,-0.2910245348377782,-0.2963964517533199,-0.33131753710900347,-0.3594554295441002,-0.3495952484541178,-0.27898211060079564,-0.24660966018813613,-0.3349762856029769,-0.2052542134631035,1.1050800248204842,1.2084267734413199,1.132940168460355,1.213540575847347,1.399557915911536
-0.22629681950107064,-0.20068899676650037,-0.3346925884314392,-0.24324153854511754,-0.17717678879014562,-0.16038906584006127,-0.31727649941919955,-0.15570446015880995,-0.18436718176582298,-0.33326327406064454,-0.15866577466631476,-0.27802772342995496,-0.234267510042641,-0.2850092430788192,-0.16397797738797565,-0.19182574203071578,-0.23373932261590916,-0.16920222726323672,-0.27006594595013445,-0.20882746160390192,-0.32452350472734237,-0.2699387395619629,-0.34403050594620105,-0.18433992170965371,-0.3261169617167718,-0.24260330693678545,-0.322138403439564,-0.3403813781128179,-0.19890197464087783,-0.26183374056216174,-0.2610295303095809,-0.24637608205492925,-0.20165075235807667,-0.29648271804636855,-0.3250478333346755,-0.25799602814912287,-0.15547423536166208,1.2064685623565088,1.220568821578513,1.1036874810570765,1.322833269442057,1.15211179722289
