gfs-wave-data.json
{"header": {"parameterCategory":2,"parameterNumber":3,"dx":2.5,"dy":2.5,"nx":144,"ny":73,"la1":90.0,"la2":-90.0,"lo1":0.0,"lo2":357.5}, "data":
[rows 19 to 37 of 73, columns 84 to 125 of 144]
-0.4311069174866655,-0.4593470361064334,-0.3561246847290716,-0.4625521556710924,-0.2860610578295862,-0.36673935238475636,-0.29890693844415156,-0.3214585678687444,-0.3439449182591826,-0.45774310292458287,-0.3253065512330949,-0.2894652492573844,-0.48320217927728676,-0.3138178161389348,-0.46881654426082986,-0.343402297396077,-0.3832171250790238,-0.3575744667654686,-0.4594554793342962,-0.43668186676401693,-0.3716054442258826,-0.31241185828916246,-0.4332991391574672,-0.44415424166989276,-0.36726568420431166,-0.40841285540750794,-0.3678134754684987,-0.4107375451767178,-0.45529119174279903,-0.4806061250083231,-0.4498029914027202,-0.4523568001771354,-0.28409430511978717,-0.46517070307887814,-0.33640531418744385,-0.4321172987578163,-0.423004080372132,-0.1405531213731997,-0.08651651253906441,-0.44563180872249647,-0.027014024178410877,-0.17507841423609677
-0.36579961894875285,-0.3441743608696256,-0.3190955715704275,-0.42890513098675315,-0.4289462504914694,-0.47915329903599485,-0.3954891295215154,-0.3989368845617276,-0.3731681007747277,-0.2940974094308009,-0.30800925041602434,-0.4749056871379614,-0.4558982269046588,-0.3219744698468832,-0.3244847037586982,-0.44778707710381566,-0.3581711516636208,-0.29973333082088777,-0.41986875130615503,-0.4094676234448481,-0.4160718876882679,-0.3919858208207243,-0.399430597107273,-0.47422901370880677,-0.41152705116036065,-0.3072175897652819,-0.3328246223119678,-0.3478540853262586,-0.3473919251085742,-0.36892075785281087,-0.33338550117724336,-0.4840912778423567,-0.3937275612124082,-0.38087547837440033,-0.34846153758808457,-0.3853749990855464,-0.35143222740369806,-0.44917360932254313,-0.300951807717275,-0.4791093057703947,-0.42938341251056666,-0.34344941202480844
-0.41788420997625464,-0.358623044648324,-0.39286278332348695,-0.6272601679594499,-0.6101842050382421,-0.5396412160679765,-0.6764722368745838,-0.5218747396064725,-0.44531332357019443,-0.5863898440168671,-0.5147913213147282,-0.4931072365508115,-0.4516500318559303,-0.30071045355120585,-0.2678832315569007,-0.311805352389333,-0.3047925083773724,-0.18576306827777644,-0.27766405702518626,-0.23629075934855182,-0.077788678439472,-0.058255991217267385,-0.07574995063742378,0.11555855211439094,-0.12472869848756496,0.06504804046671285,0.04725463091489469,0.3322173910059128,0.17541716461563228,0.4465666652245457,0.3088429311790887,0.353985480411853,0.5387920872936051,0.5427618460165042,0.5605866331334197,0.5238566497109656,0.714590145975977,0.6278661982101097,0.8251434060848113,0.6876269119326837,0.8236750079259078,0.7022560435636612
-0.5251311266204635,-0.5448000322112295,-0.46226555590154916,-0.35622069516545385,-0.5985122079416983,-0.466640801864092,-0.5673530733640588,-0.578507245216401,-0.5652170003796081,-0.5250734148386141,-0.35331681106412444,-0.4702416807510111,-0.3453401965446193,-0.5902331250621146,-0.28397930064427424,-0.5427764486046216,-0.44244915859479805,-0.41316760615797193,-0.12384986925567648,-0.37920875732367176,-0.09755326844893167,-0.2084613159386936,-0.06793308554313054,-0.19125720799650814,-0.02431053620881435,-0.1274276999061219,0.25488318849337493,0.1810616580009126,0.38819375031538855,0.24909938862232517,0.27710297124343597,0.296967441933834,0.5877407829147026,0.5021316173720568,0.612722316599499,0.7064332932366164,0.7491314268603216,0.7125141058384447,0.651561218226939,0.8929665262113483,0.9607034030820919,0.6850816872661241
-0.6664499383694843,-0.44987771147221384,-0.4044346274815348,-0.42688029991759047,-0.6533760284023099,-0.502730114837403,-0.4565728298169302,-0.4242760631034576,-0.441598558057316,-0.391522626908087,-0.537539883397033,-0.5694913732999093,-0.5496589753102448,-0.35793975393137195,-0.5729494525040029,-0.3233464555072888,-0.38512269266582255,-0.452134821294496,-0.1681565366056822,-0.18636316065046377,-0.149580498662485,-0.08315091835681139,-0.2459594632927033,-0.023775036978659417,0.13271826915316423,-0.038877450470585675,0.00308985676142616,0.2378739541818183,0.2595938271836181,0.41287172419207313,0.39469718970375495,0.42446242337495776,0.6154850383300924,0.2832879337019966,0.524576945493008,0.6668898067572075,0.7295267145366368,0.44318373909376635,0.5005046975188979,0.6890597882287804,0.8132636110526186,0.6320908973929834
-0.318417391063332,-0.48439510684137566,-0.48887059181942044,-0.43021159141368864,-0.3150149794612456,-0.3507570335640232,-0.3679479213599227,-0.32885167929981834,-0.348511314090284,-0.38591081646763975,-0.314698933922788,-0.4236464131323896,-0.3796394229424489,-0.41592371147242463,-0.3892703879772056,-0.46509956316310963,-0.4397156739241534,-0.3576536244401303,-0.4901714770131329,-0.33419874850293474,-0.46741206970160076,-0.4495108246762053,-0.37996033663421563,-0.3414951172310228,-0.33052358051408065,-0.3992186059440936,-0.35729605986500057,-0.47505082266463133,-0.312888231173081,-0.3632312039983574,-0.477039017668007,-0.4194609037438127,-0.3376865014111648,-0.40309916719714434,-0.49099710389679635,-0.3470718834771839,-0.40594527611454045,-0.35427058059341027,-0.3222178302019616,-0.4434597540460442,-0.32059968965847624,-0.3243825631071622
-0.893244618809384,-0.6905595497282487,-0.7057842805736136,-0.864692031968662,-0.7964907421762507,-0.8054912285271115,-0.7673663354256314,-0.9881266223170903,-0.9367832440285139,-0.8016739452504574,-0.9254837232568804,-0.768128619829992,-0.7863115339634644,-0.8133345950443109,-0.714156430242031,-0.7730538621545158,-0.7417652455465966,-0.797503431443005,-0.8410724427004365,-0.6921548227797953,-0.9065409276466625,-0.6818482258842712,-0.7103156434982748,-0.7776689824557677,-0.8221306036980183,-0.8858704713756663,-0.621178079857916,-0.8041145373682019,-0.5872759820460328,-0.6010698596311721,-0.7112704460207432,-0.8455153235394187,-0.7395232301444291,-0.5575136097023975,-0.6334093673472021,-0.5991896374049294,-0.7244293143116719,-0.5479355320892549,-0.6602211099926072,-0.6212840023129463,-0.6194257932483995,-0.6167955778596842
-0.9444225530874731,-0.7709828789513831,-0.994038017555063,-0.8485039985612611,-0.6596547237498191,-0.7176870436874492,-0.991375361151606,-0.8312977774424924,-0.892007246448169,-0.9860913621209095,-1.0061109693284935,-0.6709704237307744,-0.8818280451064746,-0.9394077484451742,-0.855489901931682,-0.8612550402163849,-0.8207434735017023,-0.8792567648987941,-0.9169383040437815,-0.8022978947377569,-0.8524104717953696,-0.6665537580351736,-0.6968896207488705,-0.8082389460250182,-0.8338784683247116,-0.7445833727730743,-0.7236723003588111,-0.6443780342773163,-0.7593411529792335,-0.7651412027226704,-0.5610079478768157,-0.7948882780833518,-0.6037595795971903,-0.6684614542185808,-0.6487452547365914,-0.5335490073917942,-0.6178434009197229,-0.6053308005734149,-0.6845299522957511,-0.6179602420087291,-0.6568822694793989,-0.5993344235891332
-0.7912605974973711,-0.9182316429906358,-0.6819671059104894,-0.8957488034595813,-0.9043842087026578,-0.8293765087426009,-0.697954501336468,-0.7320406059202588,-0.9626024589766965,-0.7544269364746189,-0.922233854012498,-0.8249640345992783,-0.952965050174672,-0.9575176384893752,-0.8403213573971985,-0.7216805050805515,-0.910079205403567,-0.8788626994859462,-0.9417212757186912,-0.7009096575765588,-0.8382993852200293,-0.8289996494217263,-0.7818661210305701,-0.6948252296173825,-0.6184293925692048,-0.8194281315633025,-0.802763433873643,-0.6841035666580049,-0.6560361587508249,-0.8511891616727337,-0.7548102576949378,-0.5624999064103363,-0.5957860122295277,-0.7452702043206686,-0.6936758109750084,-0.6150074673756882,-0.6280687998066742,-0.6314279045339821,-0.8066499054948819,-0.6999111048690962,-0.6560857275702869,-0.6636186950506907
-0.9742358095797055,-0.9202774901806867,-0.7766313981148428,-0.8709511253763326,-0.7761191525074509,-0.6914457371014772,-0.6906133094949154,-0.9411940761050059,-0.8171466630865931,-0.9317703953807581,-0.8047755935680877,-0.8997261255078457,-0.7336875789975684,-0.791585682755519,-0.9516619719716575,-0.8963508805560416,-0.9650425361111231,-0.8206037048512694,-0.6407087097265226,-0.714007870522697,-0.8040967343285029,-0.6649468742679291,-0.8952901123647503,-0.711077460757285,-0.7723649554502577,-0.799629131533315,-0.7868353792779882,-0.7726027453582,-0.6683689391601333,-0.5948688941958549,-0.5775092877711977,-0.7597838390828361,-0.8080596459162047,-0.782563860070647,-0.6601444277401105,-0.6168412456530031,-0.635651547028403,-0.6571664365219227,-0.5814279003264147,-0.6684876105232211,-0.6879428465801379,-0.6131871207857857
-0.9297335584921026,-0.9765477340394502,-0.7665609053844701,-0.9011909875177005,-0.726646514745267,-0.7987118216507295,-0.7952001063329986,-0.7753166884945792,-0.9726620294129872,-1.0097132268716866,-0.7322323641943755,-0.696935828159218,-0.8436525772374338,-0.9209255726471763,-0.9271225510183224,-0.8346897417542942,-0.902977725123178,-0.6169135126246386,-0.7472273909737921,-0.8801992427905329,-0.771493294290749,-0.6933357817674313,-0.7279316406989687,-0.6577367425360429,-0.6887520554139505,-0.6438265785673919,-0.8124815806366037,-0.6002028692589744,-0.7185350113397376,-0.8443198058414326,-0.6165631122304066,-0.5924358622103227,-0.6382049870845352,-0.7473812036268276,-0.7029729949692778,-0.6898725313261614,-0.6378381903016769,-0.6591255499300579,-0.49686806243108356,-0.5663184163543996,-0.7051934752728818,-0.7119609368440399
-0.358762532781857,-0.39725106087962403,-0.44791463015404515,-0.42566389085190753,-0.4762437868601977,-0.3602348666483992,-0.4604528081435691,-0.46206416655141563,-0.4685065884944283,-0.4045550856469374,-0.3268505455752549,-0.38378202090627056,-0.3736206732222743,-0.2822088169536453,-0.3245923146278534,-0.3899832068097452,-0.4593275832282569,-0.439821048702556,-0.3346164885012828,-0.42285857776847874,-0.41314277218916984,-0.4550798838197555,-0.337384614732633,-0.4589945134545501,-0.3076394734493299,-0.4699215140306213,-0.4517494715533635,-0.34695340659989626,-0.42471516486983785,-0.3705442881601591,-0.46123015197858985,-0.3344419033265766,-0.3408215612134312,-0.28759028507127876,-0.30969157166457084,-0.4032367557457362,-0.447678431554109,-0.446560165202671,-0.28015210020470427,-0.3581165486500467,-0.3944376823908498,-0.4081522546971894
-0.9525794913176119,-1.0291513455339287,-1.1449286817028872,-1.1385429638293143,-0.9898207343781068,-0.9690001656878864,-0.9350133115419436,-0.8388863149727349,-0.6430324900562342,-0.4018293242001375,-0.3837965873891473,-0.3342795548732278,-0.007314238908073096,0.16523915676244288,0.3933028981443032,0.5184817288453571,0.4798108801149768,0.6408831627589097,0.6902537308741828,0.8522717081710851,0.7354555001531153,0.8039680475086917,0.891351388549561,0.6970024474233756,0.7324767849866638,0.8005720042763486,0.6607126135398225,0.6602363940563102,0.5300331469979849,0.6222277451659688,0.37014742958960856,0.4943416260231872,0.24260771557618382,0.14736056739532688,0.18713342376825015,0.047175272597186214,0.06896694167274739,-0.00936313956233998,-0.14859823587553697,-0.17184911888770366,-0.2744324665725948,-0.2879244270132417
-1.0262916434961518,-0.982098168707478,-0.9209671182800254,-1.1689628276328239,-0.9916309356511597,-1.0629824035093716,-0.7693509513188389,-0.8284798761568267,-0.4833231230544968,-0.4436389329679548,-0.1521472543701665,-0.28764765848338086,0.11776678736086442,0.15038041894640522,0.3037657305852671,0.3285857936839286,0.43767428472305964,0.714875843558192,0.7007635391694249,0.6444792791345759,0.6963205761387788,0.683510722918773,0.8287288794426284,0.8664013828969949,0.6647947432589975,0.6252452768545259,0.7941509516671306,0.6373419104996568,0.7042869160156413,0.6482950280250863,0.49231875864823416,0.3917177266058821,0.31355601695320734,0.19367322903562809,0.05477710082526038,0.019857070489367194,-0.07875607391024106,-0.10332135470466716,-0.14017868871771963,-0.18639023844341082,-0.1301611849516116,-0.3524041871852013
-1.11126224978412,-1.020989212669875,-1.0684249059380522,-1.0751061038250875,-1.0081499915718473,-1.036210565160983,-0.8185370172619808,-0.8364154320344925,-0.4740112287254247,-0.5626699486702023,-0.17922554761976436,-0.03359884313768859,0.023166490742587968,0.01067187138582353,0.3592960374834716,0.4334003874368266,0.5260074606875883,0.6555378584347392,0.7651084429951328,0.6640178717898136,0.8220841114972012,0.7412644439659719,0.9121756626455175,0.683131972530752,0.6997596116914916,0.7467825765564063,0.6278860951217642,0.6680707017938529,0.4483628236395799,0.52466179800188,0.4736846687339085,0.410324881887308,0.34729924243435867,0.1981958526298414,0.0717553248910152,0.03326471594899171,-0.003967519367122644,-0.1185051407365605,-0.06873750430899495,-0.15113144019093408,-0.22368612186202524,-0.28819956532312835
-1.1567668752306457,-1.0608898715338413,-0.9589997910962045,-1.165213600333285,-0.9475410512334336,-0.7611617226676167,-0.7608805081936872,-0.7302445213710325,-0.5531394779757662,-0.3913402062971333,-0.40591418012995856,-0.3416446364382636,0.20668749708807557,0.3756726639303336,0.3739089945439981,0.3642145980232479,0.598197115277846,0.6979908642915494,0.6301922157514501,0.7301279347957568,0.7691677334869677,0.7618635264833603,0.7422745657654646,0.8329095356719689,0.6450561152169418,0.6802760761310875,0.6214618476457121,0.6049877466987387,0.4847632485497349,0.5681069717374957,0.31198115862068915,0.40113253603739935,0.3195811537674509,0.18039128032131221,0.12486726895450179,0.16210506270272396,0.06256975517533249,-0.024133182620607423,-0.06714690010719503,-0.19620303438709877,-0.17651314885474198,-0.2737278641496719
-1.034587605642951,-0.9674323307390141,-1.0753382044686204,-0.8855110585082797,-0.9200032002433919,-1.0956121923971045,-0.8860042948426561,-0.8749374669405726,-0.5155643047860204,-0.5857145223656461,-0.21227827964275015,-0.03438004846785765,-0.2008797452191351,0.1480626000433001,0.4051552824395221,0.3029011217868037,0.6761229111547722,0.5899568159641008,0.6021486373642679,0.6643780240955329,0.6162915303279061,0.7953513732600545,0.7810783202696205,0.7324730855686372,0.8139946096697603,0.830400409982797,0.7454074472268013,0.5696275230821423,0.5285047619980925,0.394714826330298,0.5348708461881811,0.28619885979537435,0.29046967860185086,0.25160515815022577,0.11447662304193776,0.14045595135266292,-0.0664299753776133,0.0009555667037901652,-0.17308178064450933,-0.276299429504878,-0.11963824429829265,-0.3227407152460481
-1.004233316349238,-0.9778893125195357,-1.1374922009295962,-1.057721838418348,-0.806075203748277,-1.0475283053232367,-0.7247707002263534,-0.6638079708570801,-0.659310906590889,-0.5133991557153009,-0.20056965287961248,-0.11734117988383748,0.13934972504761303,0.1536527042558686,0.12219741938349621,0.3151245125492758,0.5535419100231326,0.5872775748129364,0.6685848802697464,0.6675827200999137,0.8305539991977182,0.6144140015215117,0.6822124773556761,0.736437871132113,0.8534217870052152,0.60370328469073,0.7066950400699763,0.6484930697574223,0.5951415550982995,0.5303656059728098,0.46763492324671463,0.2933285457509449,0.3521979504153104,0.288744297499395,0.047435336947927495,0.11641021001494632,0.05340364493877887,-0.014219069125720029,-0.13608634144770576,-0.18625489894281064,-0.21935125007350315,-0.2808299467650939
-0.9812997661547171,-0.9002547678712786,-1.0109026342788208,-0.8649982361857015,-1.0102933558017113,-0.796021185149241,-0.7663496833712343,-0.8700694068425957,-0.7166396258119417,-0.48727806061597634,-0.3416564975831697,0.04343897377283098,-0.12599544336596546,0.12670708949957404,0.33293481169307165,0.30284619140199376,0.618704378087139,0.6288635806628485,0.8651394953966518,0.8341148993014497,0.8050041219627893,0.6170652998429985,0.7569142932019093,0.7469182858340653,0.6509125011853266,0.7552973555127519,0.6398533730953048,0.5914262289362593,0.5169531209604368,0.3877092175072178,0.40254394719781295,0.29664887491372605,0.2544771226613325,0.14915077103629176,0.14720705066251422,0.009014555829780337,0.009117859306656855,-0.047416991173051946,-0.12012817753059336,-0.13564550209881027,-0.24640536685110184,-0.23718383529070078
