gfs-wave-data.json
{"header": {"parameterCategory":2,"parameterNumber":3,"dx":2.5,"dy":2.5,"nx":144,"ny":73,"la1":90.0,"la2":-90.0,"lo1":0.0,"lo2":357.5}, "data":
[rows 38 to 56 of 73, columns 42 to 83 of 144]
-0.3271297064165261,-0.371996828143184,-0.2980678035192121,-0.1415021195681435,-0.19055939028302415,-0.06773731333478868,0.05272732140535957,-0.012312786688248928,0.1317335752236969,0.1596621133075515,0.2060677369327902,0.23901170377663492,0.21208981589435655,0.28031775975135503,0.32757041775527623,0.30316501712184757,0.45670022997554727,0.33882268211055255,0.3086568027592469,0.42469840924567137,0.37479874404186264,0.47720418898767253,0.3540324901511295,0.4192015050482144,0.4344392107127788,0.402368097303798,0.351041189195546,0.29064611936668044,0.14546140581296144,-0.010020706811586694,-0.024346614955313876,0.026679392168020268,-0.13778001941206228,-0.2468204112570896,-0.5081001475379641,-0.5983354976580777,-0.7104602742889926,-0.7150684671785914,-0.8896636944160436,-0.8059885218091565,-0.934210666943044,-0.9817868037252581
-0.40356883153866846,-0.2529445659588342,-0.21253830839116827,-0.1960436770854678,-0.08434920955446616,-0.03902576554246894,-0.05103757314440711,-0.009809238343040698,0.06193729340576402,0.15990366232986344,0.16647573655247086,0.32748989023325004,0.29244037553894997,0.29654861415108835,0.3287047490922085,0.25678613982218707,0.4485575815491082,0.4257158047877057,0.3669621435874676,0.3739922821286151,0.3225067068003673,0.45636158375201347,0.41301180444159435,0.489115708095202,0.38424634964060267,0.30641072125922714,0.39070719893296446,0.3253762508190812,0.31131638452903154,0.06087210759612089,0.057388314856349,-0.21860378677108241,-0.23638373615155897,-0.4503255398027009,-0.346776106291746,-0.6035862817639577,-0.5206872830947934,-0.6362858323173605,-0.8393722223960628,-0.9407789039651667,-1.0212587641664608,-0.9760508146053319
-0.3264465116204423,-0.2857821160318773,-0.21460363580309536,-0.16372481280045545,-0.1439567895063148,-0.024774742031120657,0.016757815120643307,0.05606091197090732,0.1202700660714875,0.0917475194979602,0.19694323073543796,0.2360284139211068,0.29015915638213724,0.30860896719119507,0.3464150733672239,0.36186987780956364,0.29121962780585253,0.25269608490710366,0.4735343618794338,0.43807510083181717,0.48190115364552477,0.38771195775583867,0.466638561975671,0.34981374436038687,0.35111918267635683,0.3374537302622626,0.25379335537563774,0.30075955708633895,0.32848747014024093,0.07534372854580663,-0.03775316363279268,0.0073467767178845254,-0.14962921378847516,-0.43593733899364867,-0.484873650807182,-0.4971235304412583,-0.5602120751066737,-0.7977658858113525,-0.8479379651009392,-0.8076165672104793,-0.9852924047588628,-0.8214570190797085
-0.29362630921761396,-0.273607397601692,-0.250094582950056,-0.22098495413075758,-0.1547620150492249,-0.1283438497026085,-0.06174409386155505,0.041172333542099905,0.09188043791496761,0.15920498541444053,0.18264756446919858,0.15387807542709359,0.2948676288306964,0.270879235402714,0.2920875954007773,0.3053308349256841,0.36658315226745963,0.38927792864171157,0.27268883742797584,0.39069609140904976,0.33180229248335513,0.32418739056529566,0.3235731479238102,0.38457280084558476,0.29949225006994384,0.3908113457775589,0.3788134878720384,0.36113070171381567,0.3029066956363079,0.20638723047247856,-0.10473369911072782,-0.00036368317032643385,-0.3532325131299727,-0.3937722583224252,-0.38233247415403593,-0.6752201967965967,-0.7406048007856789,-0.6700678653957124,-0.8689276894892933,-0.8068491823692736,-0.8326859967514366,-0.8719589057368892
-0.207583576139239,-0.27534320340063506,-0.27429508743978487,-0.1847560367380948,-0.3148844298380122,-0.21858432776276615,-0.2793818376396196,-0.29255225699872767,-0.2646993296843049,-0.17220804888622454,-0.31647156080080563,-0.21307105728202502,-0.27116467021130325,-0.3418445628811884,-0.339855717656857,-0.18906318056988194,-0.16696566790642434,-0.3396343544103413,-0.3316543378129985,-0.1910675425333186,-0.17244421913638974,-0.2523367166713441,-0.31558069402272154,-0.2763301174604093,-0.1644533792634054,-0.3269348104534041,-0.28012841332093213,-0.1874345957318999,-0.22173014835975272,-0.19545309071541997,-0.21737696573549606,-0.2212687439417087,-0.17078956235821144,-0.2893038806593104,-0.3427298681309042,-0.23900182170929915,-0.15143438935346085,-0.20318021439105058,-0.21792514283600567,-0.19873010460321477,-0.21769999663739756,-0.23137973774851736
0.9282438399426528,0.8366225006968679,0.7737285746240932,0.850788425636406,0.8126310930912605,0.7076806561072325,0.6398703122369486,0.5776277112100499,0.7788571592090736,0.7515341897851551,0.5802337918961161,0.7180120596716515,0.5905150573397727,0.6318301217763526,0.7185924509646664,0.651755231664172,0.4327041161896071,0.44262563157726525,0.4213826064099953,0.5828882726725894,0.5162799076623719,0.5925780976752933,0.3733719800562796,0.40864241491892467,0.37377635112158963,0.37157506095118537,0.3638861774764168,0.4026065964101549,0.3960394104818426,0.3618076179117303,0.34588582092142833,0.6386569754227983,0.45991668030451527,0.7395113360495722,0.3846513153837487,0.45848602529021265,0.3011518221680568,0.4609825154519246,0.3037107233172358,0.2713746588059262,0.34687485593358075,0.3016895767992153
0.7790033751339351,0.7968900080569333,0.6149821498776287,0.7185105836680997,0.6215118840906186,0.6908536552191674,0.7624480806526419,0.7691103391078303,0.670536377485447,0.6600924618527113,0.5568381785034636,0.6399718100952829,0.5878070507786323,0.6301185070990484,0.7397014646777982,0.6258782447032517,0.5230306417125381,0.5688619501916069,0.5192055587666924,0.42014633681026214,0.4556375450866605,0.527322773746388,0.5606038217382114,0.41477501481064877,0.3381978305078699,0.43554948341471456,0.3098330198389119,0.33008272409998046,0.42832619878944506,0.3143345880646738,0.3237177263510655,0.41884598303064957,0.4895495954313395,0.47539131053300465,0.6520788564168973,0.5262330001677755,0.30583753133864644,0.5491943855930448,0.5722355339704637,0.44602143479385675,0.38079582784679983,0.39299058490058786
0.8123178822014399,0.6504620126455566,0.8842669450981198,0.6861335851683162,0.6201371965994429,0.8238614256752786,0.5583592157155493,0.5318334899722233,0.7319436488351386,0.6308425015220465,0.6437745253458258,0.5975554071865544,0.5771298043055003,0.7458346598574855,0.5091510214439501,0.5273634463176184,0.4787878165458886,0.49352568701358523,0.5061470715472901,0.6148148889872436,0.48635210803843465,0.4151612426765023,0.49663531127290766,0.5074189298382353,0.4911488034216834,0.47005117016869613,0.46857660619223596,0.350024758532291,0.47305342228048114,0.3226612868081418,0.29000819457096616,0.47181643929414024,0.6339524221706776,0.661035240763082,0.5150811852268736,0.36273709307645224,0.42673768744499624,0.5567768146092579,0.34396556412231416,0.5189805912624949,0.48704666038382954,0.2451851539436858
0.841767467910013,0.6493324513856135,0.733756143542471,0.7073996919888526,0.7121123771096511,0.7622141433230262,0.7238741205983489,0.7438721332130337,0.6430573551396642,0.7907205526423031,0.5618049016992068,0.5652038358596378,0.6364337316345512,0.6055807074200282,0.6759603496584898,0.42158697142126916,0.5986520208623964,0.39410566891966636,0.41137548375198674,0.6007797269143926,0.44634458765929547,0.3230677893838679,0.33559723794220486,0.4365455335069064,0.3721827943703373,0.4238960717367713,0.38975566971909237,0.4087323636371271,0.3606216776603187,0.48193752845587134,0.41739857990305873,0.3793444820454333,0.37953351517499334,0.39944066184491717,0.45978009895458927,0.6070303109138638,0.41475028188624913,0.36193601441638956,0.3475913397985122,0.5189163982227176,0.41699903881791717,0.4717289836565279
0.6841636066551399,0.808458436362534,0.7072827769401999,0.6396260595945424,0.6302693862991628,0.7099912414657593,0.7586742970969876,0.587754749390301,0.5136813517948082,0.713347722627309,0.6120564346160277,0.7363164100465494,0.626227588289462,0.6746613951138111,0.5881201200001798,0.47309391143011326,0.4494158104698653,0.4232281790014463,0.4496419310692352,0.4480774397500102,0.4020301464328267,0.4307652001622294,0.4206097870227932,0.3463765054243644,0.45848879649902113,0.41446431601492306,0.35546433003397987,0.44888031054234456,0.2678971297480757,0.3630329510111796,0.4099427505703611,0.674838821475146,0.697669415282136,0.38833642459850076,0.720048517336031,0.42403053290573794,0.3008241041732887,0.34495838917396116,0.2740710161733296,0.3569343213068542,0.582740581713559,0.23861178222705068
-0.24464011997775015,-0.16305691430477756,-0.25189099724789993,-0.2220791464085583,-0.09925757883191287,-0.08551086868299426,-0.23577785597972672,-0.12590630347365805,-0.11174189184336993,-0.15884066297300187,-0.1912701025248968,-0.11542368257941515,-0.07755935097230768,-0.1821316632763445,-0.11407086815670887,-0.182359922952915,-0.19671573827889977,-0.13268942710769163,-0.12150174572775807,-0.17434447089376548,-0.20962693461617954,-0.11265241769098527,-0.12142918743595879,-0.24754071060454366,-0.15059410915928897,-0.15755528834445626,-0.21862018586684928,-0.1501213509609161,-0.24433026430525656,-0.141332110979677,-0.14217466183341299,-0.13280929796684787,-0.21888164732348192,-0.10472125148069819,-0.22927476617133277,-0.22689007484033016,-0.16013640251847436,-0.20576353368983324,-0.07842541697406076,-0.1395978541253621,-0.16892615711255785,-0.10325202736852863
0.20087030144826581,0.2988610806302451,0.3840005247918453,0.20804486253194143,0.39891790162124363,0.45827309479643175,0.35566412855779866,0.2761042690517193,0.31961696165949294,0.352269990173452,0.3413837327365113,0.3110213968933496,0.3111853406626436,0.39299484203316404,0.37320543517295424,0.5642584419109212,0.2665998270120488,0.25187501438686655,0.36760342815652436,0.4320465657771664,0.3384100166827513,0.19358743101848636,0.23069061635533664,0.3178457982371044,0.45531332808784136,0.24486642560935482,0.16560476642174599,0.04588026621219288,-0.05330740086034223,0.17558969830136195,-0.06479539635341822,-0.14478708214895664,-0.14061374856363087,-0.27742548377873216,-0.30670174304123626,-0.29377576750612105,-0.26817050013480337,-0.4115859734048995,-0.19605035353517217,-0.20143472836070492,-0.2181571635833132,-0.44399380914020026
0.09424042847516127,0.19004079121812031,0.3018167990807998,0.29705361367745564,0.3065108602579999,0.253770769537686,0.21849275301467916,0.3342171825039738,0.40834414065302704,0.4402143512021438,0.24017532356988217,0.29667688135984055,0.46191418539282875,0.3250308065841491,0.5552658748029541,0.4263843971364816,0.5288530864478559,0.3730179660999548,0.26728172507606246,0.40591435229330936,0.44335896436126326,0.37436955989113935,0.43488401516909697,0.1684204301834645,0.35151126265613725,0.2992330668367397,0.2285214245279021,0.20333478316974182,0.183952052288738,0.21658050467160173,-0.123139250851877,0.018177471029296996,-0.01594114054562184,-0.09798295870282872,-0.10884254029074458,-0.05061042045542724,-0.10635292945103383,-0.19786699106539613,-0.31255522690152404,-0.4271308720490974,-0.3320009067178172,-0.31029208590964724
0.1971866016601163,0.20322781099505846,0.29230885213436886,0.3339681924434855,0.17758425657805796,0.394101236230492,0.25795989050986873,0.2963942064644527,0.43286151283538227,0.2763163916030527,0.4695815190392455,0.4594355993536311,0.5260713428652285,0.45719714473744993,0.5226742100722119,0.4482623945225972,0.30055471525150285,0.3199591409064158,0.36525851348387484,0.4615550246768955,0.4690587916606727,0.42988294142825273,0.2412673226558663,0.19407029277018792,0.33007545080725664,0.08599832109820649,0.05628712458920547,0.32822841128933483,0.1781298284397591,0.10776527641758843,0.1358533958140061,-0.17983165933312403,0.008441670982483362,-0.08692281625804628,-0.04142614138793818,-0.2343997918947378,-0.21880863744323514,-0.24765646009140838,-0.3643104703277591,-0.40531951631755403,-0.21046332375808777,-0.2518099364374698
-0.11368913577427159,-0.14967754351467819,-0.21746854956456665,-0.21322410438835432,-0.05039354456434348,-0.12037922340704633,-0.06709573358000495,-0.1250135370873147,-0.05565201419826607,-0.11240462539296349,-0.19969654922456484,-0.219423240239448,-0.12161727913734932,-0.12229384523830422,-0.08833488750284733,-0.11519542583541853,-0.13430102299434465,-0.14994248060518017,-0.0976627967633735,-0.12052898815118492,-0.1351131050488022,-0.035751960087810286,-0.20032489523197916,-0.22916609303462943,-0.06680384271940219,-0.039599189667107806,-0.1801019738076845,-0.15978991178833735,-0.15149319321103843,-0.05742123182826874,-0.13747563254158873,-0.14049514763728482,-0.12983569165276687,-0.13796965929986885,-0.1420581876972067,-0.228035198872241,-0.08558613739788472,-0.08417328221794416,-0.09739238594558436,-0.14655399641041944,-0.1703339642267416,-0.1523526949937519
0.2677694576819505,1.036226537668959,0.9412323373641753,0.9658904436712302,1.1911259855442256,0.9422965871016993,0.8708947434354375,1.1946306952643537,1.1307445396146607,1.4649274271483543,0.9825846931091425,1.1169249154389187,0.8893575327937304,1.3931079990494861,1.3918539758354975,1.006983726415465,0.7714526383400869,0.7020513511762488,0.7682817615690722,0.9522589810506418,1.1783329112284044,0.5477018875413849,0.7543798677515599,0.6974077473755785,0.8248753476646506,0.7181830849557188,0.5121139505896081,0.01199013908528901,0.4426414766864387,0.3074261704077549,-0.2765645235982506,-0.16530106070506498,-0.3753228049031253,-0.21948773812594113,-0.5664884963487518,-0.6566203821664512,-0.527743068154077,-0.24432589015256295,-0.7052285730299305,-0.5900453227039493,-0.6251666997976397,-0.6741656929048979
0.8214577806286705,0.7239669592960806,0.8202770598764529,0.6795653625395468,1.0050897032251425,0.7592939977457678,1.239374631740845,1.5034646681972748,1.2030550590686548,1.5481536848360804,1.0774767921376582,1.4537198102696551,0.8737407650713568,1.252326468349458,1.0829931834496147,1.00903052550285,0.7493673384032684,1.2909601606147918,1.1759722874978755,0.5460957640334885,1.0830211955159856,0.6876153112757303,0.8999733200904557,0.5875010819705222,0.44120826385165207,0.5390639826011059,0.2552388449350863,0.30853298397177936,0.4510164689162091,0.19621781770737584,-0.07215693373696118,0.05172516786567303,-0.22231391876383388,-0.2496043181106856,-0.5986531911523716,-0.09039414736578326,-0.3873258923023464,-0.7442269305870762,-0.5643256324360889,-0.7412306401076377,-0.6302685241848779,-0.491069976591243
0.7047310987053872,0.7529019233057488,0.9551011508733734,0.5334105326329802,0.832852313951389,0.9287460743299514,1.2604374973200179,0.9411266790584856,1.0669519088527455,1.0890893490191376,1.4594256875760834,1.5265248812609127,1.3147609852988005,0.9613321281505778,1.2651639036488536,0.9954866437979792,1.140997833736173,1.0931500883973322,0.8020017086248918,0.6906649769183213,1.0322730796907706,0.969399148466479,0.38012861258490094,0.4114351547326887,0.566144608315699,0.233197991274057,0.10940226413604671,0.20385289731137474,0.45410506103837855,0.38673957463880354,0.14812065027265073,-0.18375640926938364,-0.4272898583541223,-0.46569558207910194,-0.5106924766772324,-0.3231115912959301,-0.1733477143518918,-0.3594223305323686,-0.7388762289338345,-0.6135212883789165,-0.39387035758175665,-0.8675466759080781
0.3836983175545921,0.4036534980711327,0.4546601075404916,0.7551366085938469,0.7689213847303321,1.0474981808241683,1.0856377680288312,1.2473980028726968,0.8077073644257432,1.526286628898941,1.178565279224339,1.0812709875548594,1.5242301765162967,1.4421589766393708,1.3238372648879497,0.7957028062067741,1.0097792040631732,1.1698681474137609,0.6761064348647172,0.7152087757175507,0.8326273529758643,0.7374032287214655,0.7745042089830236,0.8799878996980365,0.3422705628268818,0.480468302511692,0.1838242615994995,0.1564848794042577,-0.0983718713743279,0.24127476504678486,0.22048341140857133,0.04358185372006773,-0.4136570438159503,-0.07383748561139031,-0.15914872107314926,-0.4508150119637016,-0.4415624891891347,-0.6056160940127847,-0.4223700532729191,-0.4658025511269445,-0.3875839775413611,-0.6517267809289099
