gfs-wave-data.json
{"header": {"parameterCategory":2,"parameterNumber":2,"dx":2.5,"dy":2.5,"nx":144,"ny":73,"la1":90.0,"la2":-90.0,"lo1":0.0,"lo2":357.5}, "data":
[rows 0 to 18 of 73, columns 0 to 41 of 144]
0.3861064171055344,0.3523777298877499,0.41322170231341787,0.40830429769991977,0.46470876305024417,0.41499838248654947,0.4057366163923354,0.33018099278512003,0.292641198965456,0.33973803536914077,0.07995789566944682,0.07902963728650836,-0.09699138686918987,-0.001387355045925722,-0.08836365229617972,-0.19780542238248347,-0.2620495739458276,-0.4482239569331792,-0.4891847527551741,-0.5265392411323478,-0.4943612244192452,-0.6304624094082047,-0.6705365047144256,-0.6799811954579045,-0.6043216677351148,-0.6815921060176262,-0.5157842031001714,-0.6108755529461576,-0.46654911511260005,-0.45855643503435295,-0.3459261610275468,-0.4776493757594998,-0.24590599924896045,-0.20090087849105503,-0.22159726799070692,0.014385387752525736,0.021101132478177874,0.11175549313351332,0.06052341780044579,0.13954645788615197,0.26636226780475075,0.259690005869429
0.4945357871184821,0.38170516449015224,0.3788890482886359,0.43645122152434124,0.44297899112072947,0.5047088177268237,0.4337726401681057,0.46802868914590756,0.36483191685838245,0.17562705019551225,0.3166125106235017,0.14524227513979843,0.01599068803535046,-0.012575639151126814,-0.1985404428914071,-0.2979768518074522,-0.3379321518019313,-0.4305156483387684,-0.5393517612291245,-0.5552391600423636,-0.5899334534994108,-0.5632875327122902,-0.5829579074386425,-0.6221896434841406,-0.6119465861786443,-0.5547805366503893,-0.5328637128175735,-0.6067997865522972,-0.6193042609741422,-0.4094690173244475,-0.4262003254408792,-0.43880391608877095,-0.2624945458859391,-0.212334678107487,-0.16781729073863982,-0.14186470251126232,0.003762998553542269,-0.013845062900938673,0.19342314138963498,0.13018684285896753,0.26011149965667163,0.21722740720085526
0.35332273951931015,0.4279690827830388,0.3869811840898136,0.400684371621574,0.3689981267007123,0.3583167622418153,0.36329187580225875,0.37286881079563755,0.2713980997661894,0.2199503801585073,0.2574558482524769,0.03633495247679834,0.026229384259699156,-0.09178541042647043,-0.08355782426189719,-0.15989056489814846,-0.2753880911665521,-0.4821783448244032,-0.45667648914941056,-0.5307918816557005,-0.6361282499963938,-0.7170395564495069,-0.6417580840690968,-0.5675835359354476,-0.5786854656455473,-0.5863936706267543,-0.4830259072942245,-0.5070098921713615,-0.460493495240733,-0.5237247140196095,-0.35308047087131683,-0.3563732769852559,-0.28551392994979224,-0.13489472030826288,-0.24264158689801393,-0.09016300698660366,0.0818927273626062,0.10337098831237687,0.13666844651389473,0.21187527545876358,0.19359621811087496,0.24403610276629675
0.36192026701121005,0.5021912088882715,0.5312293027227035,0.452506341164614,0.38074090462061605,0.3446033824639492,0.369575371130827,0.3988266016860814,0.36979383592058873,0.2131749076680024,0.267126348133974,0.05157583018489956,-0.03946825124331457,-0.1256394410734076,-0.1572148222153851,-0.209164475400939,-0.43326303911199965,-0.4997156012872391,-0.40133017317758096,-0.5588251562907179,-0.6927774198976875,-0.6618781904109283,-0.6905300178896137,-0.6627921141221811,-0.5388043117492114,-0.6339633627123833,-0.5810222169890354,-0.46231075906625063,-0.5858757130315133,-0.42911264954302897,-0.41912189966337715,-0.40388522933547527,-0.21311722219502585,-0.20116773416323439,-0.13738635481628045,-0.07354334272683717,0.0875279622744723,0.038697356136261504,0.09170397434849524,0.08096127564933825,0.1689510105859399,0.2184142225158295
0.43293188272970695,0.37382756424332436,0.4040050024771065,0.4408281963712871,0.47492516835403165,0.35037215405488664,0.34277114320731905,0.2529287944931665,0.2870765588462371,0.14313631129110937,0.24609659770997822,-0.015906112247195812,-0.09763482769641436,-0.19299455203093402,-0.2485661274913942,-0.21045014328181347,-0.3900619566737038,-0.3522524160245636,-0.4090332924599285,-0.40380722865026625,-0.6164131141471931,-0.621259912353901,-0.5051094459313774,-0.4612456931800726,-0.6615960304213276,-0.6017617582856778,-0.6549883922699937,-0.5263352095951151,-0.3930126981996838,-0.39723485165889355,-0.3747188880535126,-0.2878139158758801,-0.27937931038691005,-0.27964015400736775,-0.18973605859756731,-0.11626774792726086,0.03050755196782761,0.06525051878066751,0.09779768799369952,0.16858963453426448,0.20440368902589534,0.18414367237528018
0.4411967246646876,0.3416906369067489,0.30608520103577247,0.5005358815100317,0.4785676012648596,0.3590761326634282,0.4513716491396762,0.3086479017113929,0.2827179546651943,0.20112213856425418,0.1842498448982336,0.13031481412984655,0.06430595243744759,-0.04896630986483805,-0.23287642320542204,-0.16671087729291953,-0.4374762014570343,-0.4071638465816694,-0.482872813123006,-0.41539502007913953,-0.4845906271371796,-0.578842969670478,-0.5302597323903069,-0.6135727685029706,-0.5447033774661735,-0.5800897964377918,-0.48147740897041086,-0.43113179298370696,-0.5265348330411609,-0.3999065982799084,-0.3218561955146287,-0.32560542680622095,-0.2208435935477712,-0.16689025125772378,-0.15911648463295397,-0.1267698517362312,-0.01538888246690723,0.008344259071700326,0.15196210789614917,0.13200183222126285,0.21002436172687458,0.22947257778081903
0.3617127116691865,0.32418453472892306,0.4599575068664766,0.45346957706864804,0.32943310698915285,0.34073197049779175,0.3641563434671018,0.30900008429444437,0.20459180229750545,0.2430421782360435,0.1691966327841507,0.12748371924444735,-0.039912525033134874,-0.09917959413460034,-0.09206869640318863,-0.31824816891346264,-0.3045147033554511,-0.4203731040923333,-0.4790905169519086,-0.5386616990952228,-0.5127733044611237,-0.4855864255558913,-0.5593130525741503,-0.5804567994855562,-0.4777841849737005,-0.6335072091336884,-0.5032981337930834,-0.41086455178134007,-0.4365137433081535,-0.39317410447957857,-0.329300213457596,-0.2769488521122649,-0.20946173545387342,-0.2685258550372968,-0.13930716925805284,-0.041332002773752534,-0.051010579084648434,-0.006276886766711666,0.056510577856081795,0.10553475127533986,0.1181395936498605,0.22920775182815165
0.2708082328668096,0.38896215652818955,0.3559429168721776,0.32463221166738004,0.36682436290402315,0.40970636349470246,0.30073827826752875,0.291928456523455,0.25776416438609856,0.17270499703523035,0.20827715503961347,0.010709913215542021,-0.08157360337696229,-0.1399025079775875,-0.09892799870665857,-0.31935001365058846,-0.27426397708593037,-0.358780710649912,-0.4430578602316077,-0.547907445443736,-0.5706380728997621,-0.5474759615820728,-0.5510078489981128,-0.6522556782324793,-0.6231595745067968,-0.5030115742683816,-0.4595784234047527,-0.4772361898751736,-0.3485456310976811,-0.3871454922458699,-0.38935034775252914,-0.24340359822165877,-0.34018942278350756,-0.23532684611627963,-0.18414392080000502,-0.08255182350290681,-0.03176269263272075,0.06256572338380455,0.12136784418253262,0.08895655493010533,0.1601995913306242,0.2699268976229332
0.36264195515975467,0.4697391450964958,0.42139142895676857,0.3780932582742933,0.3070493922572873,0.441614966624871,0.34112564465568956,0.4460295578897883,0.29515030927258246,0.1447690116957853,0.060048168552101974,0.1751017753107971,0.011051053814925566,-0.11040481631169205,-0.21044569948915065,-0.2985940375865699,-0.3460570650107952,-0.380375580101511,-0.5691175827684583,-0.4172913693535185,-0.4899909378825739,-0.46557046316310635,-0.5893510590905047,-0.6449926492510148,-0.5617683228382208,-0.5284063455225071,-0.43302376918461694,-0.4082031404356874,-0.41914640220402977,-0.4610736181444412,-0.4495669902684695,-0.2864532578366778,-0.1660691880154364,-0.206399454186017,-0.10974785848654273,-0.043015801755490635,0.0046847613667627035,0.03439100922725466,0.12272179890523462,0.22348994644778214,0.13684243786826727,0.11454749974713839
0.3663314379046299,0.33106673091831107,0.396109640068038,0.2840550094919897,0.3257011363226965,0.4141718018550851,0.3808138382887016,0.33347611523018755,0.32428277279237877,0.2994281717070144,0.06579786366796012,0.05847397711426133,-0.04619579531148937,0.014762015907172828,-0.0646291976312001,-0.22533350553182385,-0.42572649138992363,-0.39852395550760544,-0.4298828976623553,-0.43053842950488636,-0.5111028343578614,-0.4547247466522666,-0.4923470530223672,-0.6713270087250991,-0.568034241944404,-0.4678905585168487,-0.38491593184474926,-0.4769878599053715,-0.5009500623020945,-0.32871600191401396,-0.44066705564102154,-0.23455129799995036,-0.23210884782447888,-0.19048287499798125,-0.12331922995120982,-0.012848747640093212,-0.00738593798769996,0.027454937159660648,0.1794700359287488,0.10853463281025127,0.22356250053882118,0.2179200473226779
0.26984929146751846,0.35197737215495123,0.30507485550283686,0.4696819194793476,0.34411387067907795,0.30886162495738995,0.3561496868763204,0.27614734401330426,0.28823988019696334,0.27932715783519196,0.21152765597366655,0.13269264501200764,0.010955428943916969,-0.022769783972060077,-0.07747223526762735,-0.18622551052817551,-0.28413929659781745,-0.34221061103799016,-0.47147990664501793,-0.5276856038222757,-0.39775534574808274,-0.49406202022339807,-0.5246132560993387,-0.5429543552900141,-0.5178973653153115,-0.5485366008380904,-0.5175411907656995,-0.38874248188559657,-0.4897412917060295,-0.4871521048500275,-0.3262063873558919,-0.3322975216410452,-0.17094924850496482,-0.138173199826992,-0.17418708418549483,-0.10814044258649307,0.056671335030503305,-0.002212150609179162,0.027884801734078375,0.12863107025659506,0.13838865647275658,0.18947274839483016
0.36837098869108215,0.291493480526301,0.3516438313353554,0.39866499220492096,0.325217485190155,0.40685829888878894,0.24511628734748137,0.323057891878534,0.1879993181399518,0.18076818373266357,0.12327567428702828,0.06390186827531504,-0.027786786389147257,-0.06458483802962074,-0.21022927926394858,-0.18088199158762724,-0.39116748523036726,-0.48624952746898015,-0.4802882176246146,-0.3609588728100923,-0.4315391159904762,-0.48427140628715215,-0.4911924514285211,-0.5859870759317183,-0.4236173077376297,-0.5632791165704215,-0.5804794388595156,-0.439209472935206,-0.4838935393139629,-0.4083727986247207,-0.39156090102582686,-0.264095324431168,-0.17735957594762994,-0.15095422822408605,-0.06168640559168496,-0.02935981141167772,0.026705611547359537,0.09608739276127143,0.13747111171086845,0.13306645564973396,0.1686070968931889,0.1371000133521999
-0.00078879753817474,-0.012332049605233077,-0.02711281438265676,0.0012401097039889102,-0.0031290501411637057,0.0025038636584290993,0.015494853203828351,0.015458039422631869,-0.004671118156686909,0.006811848762714603,0.021212009338006408,0.0017034865946710953,0.0037912220794267125,-0.008156104179587946,-0.008993031535666518,-0.022756763587736976,-0.01306105948888763,-0.007604734792344047,0.012272254089635195,-0.0014071023560996575,-0.009708031854436727,-0.025950109006647744,0.0008949686002462212,-0.0005995409390334518,0.004654205305349142,0.015071074181271706,-0.005054244926836719,-0.002765906100495181,-0.01783954945135782,-0.002227234673597565,0.009927918002737039,-0.018857515380787494,0.004181474101840538,-0.02210714409496376,0.03179761460642204,0.029973173486664468,0.001141740578294012,-0.007715331300047652,0.003074652653477227,0.0267214327063279,0.0060425351990792565,-0.029673195445728467
2.168728369037161,2.110575313375476,2.061788852418952,2.128331455696587,-0.010210262172938505,-0.0011706593070648999,-0.0025418605024799413,-0.01999019548631251,-0.010305379180898668,0.019909981977131935,0.02405397000687867,0.006743442816702978,-0.001424513687562492,0.006122315160886868,0.010979222764577697,0.011953975219767318,0.006640638361141787,0.01274998893905354,0.01831328839057252,-0.012861786258908804,0.000453516340299306,-0.015171351545109046,0.0038924785340262464,-0.009349767462489065,-0.0015062334731028115,-0.013027614138923213,0.024826769158285134,0.009670630370389512,0.00549557281124284,0.009486993938366061,0.001133113687578466,-0.0010227365113936499,-0.026382264454611854,-0.010000451460153088,-0.0182551408297074,-0.010540293036396772,-0.01666572244169836,-0.00302355200600513,-0.0059985256040519415,0.006155644765847772,-0.024741493746984564,0.027200146416705366
2.034947925090256,2.0288061273537075,2.1542802530684337,1.9759344766168252,0.024928128997532207,0.0002181605421728701,0.0013649644174515629,0.010166567678392432,0.006644056561429724,0.0028753695505910207,-0.008521519673452854,-0.002658718812361813,-0.010496138416054835,-0.011181908763811055,0.015574046650227652,0.007494890914463695,-0.017881532040674476,0.0043770144918936936,0.025351897455286,0.03306081676620041,0.001428350512008436,0.000191679779483531,0.0033448320094271043,-0.0037313466589655817,-0.01665040814077648,-0.009957336307053252,-2.0788826910801725e-05,0.009229104380448699,0.015935499778828254,-0.019314726028258438,-0.0006048743840669293,0.003212261644792621,0.007690551055255373,0.0004126537219655833,-0.005692572547378831,0.010196566393394627,0.031159297127863906,0.010712083292433967,-0.014276283336170209,0.004149267924718744,-0.009802514067621053,0.011677754656754344
2.0862696063487913,1.9163679645159697,2.0330533427612187,1.9343337912396386,0.01082528330146063,0.0117780322361187,0.012313116190604325,0.011493215516386572,0.013729205123451079,-0.0020745866157100027,0.02280377146613096,-0.0063190884349931245,-0.024046641550224485,0.0016215633461138712,0.015267063669717614,0.029935632869168755,0.0024981612536643947,-0.002788195325593991,0.004731300064731107,0.0003269557262292553,-0.012897579084845238,0.004170963236769251,0.0021671518553213515,-0.001861840254233795,-0.01858968579238299,-0.020377279018202122,-0.004536239856975176,-0.00971201037574001,0.009526843809346371,-0.010628891429243633,0.000684626798792076,0.008420666046679579,0.010674790856924727,-0.013381534188289607,0.002889753862504865,0.01710150349395377,-0.008384121300508819,0.004234499859301447,0.012142724289294473,-0.01965602215033792,0.0014429584410210403,-0.014390363621577893
2.0808314761351276,1.9828978320969368,2.0084318026752643,2.002894008738435,-0.0039982579551961165,0.0032817341393477236,0.023623535488110872,-0.0009204778671130688,-0.019410917247531304,-0.014118836047369214,-0.005577344144092985,0.00705765402989191,-0.023502997911693684,-0.0007429447142463699,0.0029841889583079447,7.796431637405014e-05,0.015741136430766668,-0.006499280922191418,0.0016300007240378361,-0.012439732217182831,-0.0005601930036108522,0.0032209578056225006,-0.0141605904397913,0.00016204582067032617,-0.00046631015416824897,0.0026709279414316588,0.0034879354438912343,0.01186813301991596,0.020680091388317168,-0.00364499189878557,0.00514696793555604,-0.016565888794767402,0.0073307810680709115,-0.01661821901307382,-0.004741255928970213,-0.01639272337388455,-0.014627083553215351,-0.005439955720620345,0.005150668370878591,0.013303708822075919,0.009257120417807073,-0.003165928251088585
1.9106785139743427,2.0946300251820835,1.932768522157515,2.1151632951715844,0.0012636351429535558,0.018465066838155887,0.002011568107860021,0.010350162881780004,0.025269412036615497,-0.029276181959576597,-0.006764009941116425,-0.007980522060862852,-0.008370383587931043,0.00011075486343245107,-0.007490401756666939,-0.006306966943157523,0.01210266622565938,-0.009897299456341147,0.008865547150807436,-0.004146085895925848,-0.004046909134368569,-0.023162693513451252,0.01131117946156693,-0.010104834742020669,-0.00246971260825711,-0.0059992239303252514,0.003928748971939682,-0.010452007755388118,0.007354931432445389,0.01460274843516233,0.002679363175161037,0.0037212691025006323,-0.020149448647722692,0.0003321371569036113,-0.00014520721808323797,-0.003895641460316508,-0.0018791470146014403,0.0005866148533747643,0.007959510376243007,0.000843693934314632,-0.0004650989723798595,0.002958762954773336
1.9398387007616704,2.015096272246104,1.963821637028941,1.9573446415338445,0.011003939852497296,0.01874377396728196,0.006579085506265325,-0.010871471402568382,0.00017276366928378121,0.030820876209405452,-0.021976476128022178,-0.0194188614647211,-0.029418929289083712,-0.00021386415360344525,0.021138492650155962,-0.02716523139747545,0.01535205896706483,-0.0031502380228500717,0.003440363696334955,0.01655541812580782,0.018038783814939126,0.0026191368915073556,-0.007669932831332384,-0.023618484093870646,-0.004221414824109534,0.00601306830566796,0.013437483706286368,0.004069413063319978,0.005092780692170068,0.018640003737998637,0.012401630568373241,-0.0021097955540485902,-0.013150221828772988,-0.004337787787388041,-0.004998834028266094,0.0032766364774829203,-0.01599669245024733,-0.016679221201847918,-0.008032805257373305,-0.0030453235835959528,-0.016375207510594066,-0.008303611816066985
