gfs-wave-data.json
{"header": {"parameterCategory":2,"parameterNumber":2,"dx":2.5,"dy":2.5,"nx":144,"ny":73,"la1":90.0,"la2":-90.0,"lo1":0.0,"lo2":357.5}, "data":
[rows 19 to 37 of 73, columns 42 to 83 of 144]
-0.005681447122378718,-0.05087339547594328,0.007725242026803865,0.021022309100584256,-0.03459825923407089,-0.02172530403732058,-0.04286523807344724,-0.040825099468758126,0.003676764075222928,0.0015160560841037363,-0.020141154060612943,-0.00983430886172625,0.04059639690380918,0.021836013233317537,0.02906320961817452,0.027942482165383933,0.022920453365820125,0.008360337363591857,0.047123959169381065,-0.030167738207817953,0.035746671673943686,-0.022054689071466543,-0.01929300384955625,0.0366065127945217,-0.022801153317765017,-0.014341000197071829,0.0312225366360998,0.005344116643729624,0.02035551092908037,0.004506471295063414,-0.0003059526869314096,-0.05455503982259841,0.02098426210418344,-0.010218242280226112,0.04729668996538704,-0.05164982681102925,-0.00017120989023655615,0.045812903747627934,0.008712290426068981,-0.00484088744028088,0.011364544556126958,0.003676897167343239
-0.033245415160140256,0.02896215270435063,-0.004786353898986354,-0.03186309758861133,-0.01256262851083481,0.006056302670688409,-0.04355672601487147,-0.01468075575043078,-0.001377400964855571,0.02014913750352332,-0.009217909405555915,-0.01709256567725358,-0.009551780296991238,0.00902447801908892,0.006819481192055601,0.03187140788363082,0.004996275966690746,0.020192855063710338,-0.04920592922772915,0.03454928199215002,-0.019052676586441625,-0.007506789134150798,-0.023209470168389673,0.034919638978878516,0.01563335633086508,0.016288550803580944,-0.0072486964932847306,-0.0074503700606363904,0.03831545155129204,-0.05924808195922088,-0.03688018049625462,0.015659719494174804,-0.03733245737609649,0.018633574331067618,0.014974940716084198,0.014375858820754282,0.032739860771305404,-0.03892473891187452,-0.03237777095258863,0.004522743325346544,-0.020870849779998504,-0.03350536803899261
0.8122136267778896,0.9054418576793452,0.8466335520318957,0.7689154204093618,0.7300665222313163,0.7351979942901579,0.8107868599939226,0.7144013925431347,0.7607535582439704,0.7921756956715,0.696201752881091,0.9151066686931562,0.8490259606452277,0.8416918343475531,0.7334164466758916,0.7483461280386389,0.7908061484746516,0.7844011942545476,0.8934942408677722,0.9656308754482958,0.8730727129440679,0.9918893194729572,1.0618948079317696,1.0826803092756652,1.1055800558452793,1.1694192195859192,1.1570935680372612,1.1523658292895842,1.1968241779212434,1.3354990474664774,1.2997180131234893,1.3323284258871642,1.3164389588450875,1.166715347510146,1.1353717952530908,1.1303688802823502,1.2263215323167602,0.9826973852725291,1.0696166970887313,1.0616946953919368,1.084055971605042,1.063663329377693
0.8472514519279154,0.8864934423009527,0.7820825484088001,0.8487122889070615,0.8298498864188344,0.8264288924520927,0.9572854631846404,0.8262187500452491,0.7574400132400877,0.8007040254983689,0.7609139112266126,0.809976055203857,0.9121410820229265,0.816913019976283,0.8720910275270101,0.6930967477793412,0.8369583985409194,0.8579464848796229,0.8830137956983073,1.002791445886919,1.1087627520904975,0.9225212499900259,1.0882442768621596,1.022429250370174,1.1926926042693597,1.134572495283789,1.171866182346839,1.2301888716254308,1.127121134160922,1.1793848639458597,1.355453382989976,1.2750457279482619,1.1580992561606096,1.2355622604351435,1.1933675780674087,1.2354313187598664,0.98412527827248,1.1371931976068592,1.0967017862515103,1.0195145865936346,0.8974629647946009,0.9157464746642301
0.9146395527876321,0.9919496486696666,0.8220978989037756,0.9132762043157909,0.7538539241821738,0.7448128550544966,0.8426219773744115,0.8098130477370875,0.8447763516274449,0.7333518221618328,0.7283386592736147,0.825175547766747,0.9184275998631605,0.793391116146796,0.8234860818277698,0.8597928025763589,0.895640193807419,0.9570664798289331,0.822395575979526,0.9936389411417028,0.9080609646770664,1.0130621033065608,1.072120625856254,1.0978356709432568,1.0808929043084563,1.172714663349811,1.1913315693700526,1.2273540887891436,1.2141916576104197,1.2842181425290056,1.3416684618268329,1.3412761611036665,1.207857170687102,1.1578972491024395,1.208114990225059,1.1182515463808422,1.010546119149056,1.0812243382640554,1.09962639915698,1.1287139398226518,0.8501124842761987,1.0209756848250529
0.0022278538900254727,-0.022689079564679637,-0.0016051000512673377,0.0063465188519208435,-0.03745845905153268,-0.04814068121085263,-0.004409659970254697,0.047906379675349005,0.008366063268769847,0.018712852826522713,-0.03215758114856343,0.05063831573890501,-0.007277848066647561,-0.006316669228849529,-0.06633534416602838,-0.04186929469401784,-0.010426854508873696,0.009513724751796872,0.02407709226849539,-0.023718617285533924,0.035001576908569844,0.047307520620418785,0.027385514043940965,0.019705922743200065,-0.007005004485156189,-0.0013061446638812778,0.06640635392077682,0.049864187932470355,-0.011857581468738247,-0.01252503196004832,0.05735142206790802,-0.02234396167671393,0.011312463712051562,-0.07110527277779559,-0.02812625535646468,-0.0189327129784811,0.018693919655558635,0.04281427654010929,0.022803684250275395,-0.024847367042427623,0.008039517719906832,-0.0383962297112538
-1.0530501997535293,-1.1909960452954342,-1.1475824200266416,-1.1715143699433053,-1.1301054303524574,-1.0385552189386713,-1.0458749106393819,-1.0651367868246189,-0.948035078737034,-1.0743127239871622,-0.979410482515695,-0.9813506731608622,-0.9665000606982468,-0.960328901326904,-0.821310281417738,-0.9890420774022491,-0.8601236320463347,-0.8612801307128247,-0.7971139636927418,-0.9320364506690042,-0.8580498296833104,-0.8179755078007174,-0.8120311277376153,-0.7034644075514227,-0.8777995647183935,-0.7961669573884728,-0.8454511229809203,-0.8146288722591875,-0.7949271546452014,-0.7428178231342442,-0.7485241704283139,-1.0689231820675025,-1.0671963811563971,-1.0271514123887602,-1.018661550268576,-1.1341993487270845,-0.9481993423237327,-1.102706940399325,-0.9354293419521365,-0.843697016377961,-0.9305163023837919,-1.1051818275351353
-1.0597891145945877,-1.2293446876013816,-1.199347857276517,-1.1188400704837533,-1.0490247517610554,-1.138554273747822,-1.017837272836067,-1.041528943123963,-0.9679604413348809,-1.0170582866939315,-1.0505731896262982,-1.0532435438170324,-0.9330013939750476,-0.8945563711364827,-0.8997391951517624,-0.9188979299712939,-1.0048941625608043,-0.7812527964516256,-0.8114284360442521,-0.7565158130404669,-0.7344204980564565,-0.8209612456201282,-0.8476611215010446,-0.9074200700212617,-0.7467320616935326,-0.8182366882079166,-0.7925089372371742,-0.7839214735312552,-0.7377240061638832,-0.7748194556571955,-0.6925681106206086,-1.2509806734514763,-1.0494496798549888,-1.0210210928802927,-1.128245196835352,-1.0278127561152477,-1.1046649560015716,-0.9438170836458629,-1.1291588448575243,-0.9667495432696658,-1.1755740749038162,-0.998216168112543
-1.1267494313041029,-1.1198704403760662,-1.1115547401447168,-1.067309455616339,-1.031210141966089,-1.1143693059884023,-1.1954441396910962,-1.031813833584098,-0.9536704570054568,-1.049514258230276,-0.9988405647509865,-1.0313226237492303,-0.8627180914307925,-1.0192571977134899,-1.0337712096741722,-0.8730967632296545,-0.8795219487848539,-0.923021067134071,-0.8851501031789687,-0.827362119021469,-0.8726121635382397,-0.8800287002838193,-0.8052262099457255,-0.8359560161739404,-0.8214620079779364,-0.8552519933559526,-0.7398237831477112,-0.8648592516593583,-0.7346871719804501,-0.7446633510044521,-0.6153480883704951,-1.2898573740559651,-1.20533900254018,-1.1007917681881787,-0.9779764749905916,-1.1651052803821516,-0.9904195394459768,-1.120121238050615,-1.2084502602597345,-1.1038957416050215,-0.9683844019204455,-1.0156750709151996
-1.0870048965457286,-1.1657756490397577,-1.0856639419784837,-1.145080623266491,-1.2190166902936248,-1.022712140029808,-1.061888445670059,-1.1214934960755834,-1.0956077409115659,-1.0483046985195654,-1.0689687987568848,-0.9974252160297095,-0.9951896707428278,-0.9429846854938766,-0.8779387683613343,-0.7947644829688272,-0.8239643214032975,-0.9057198176274954,-0.8570913315408905,-0.7667259767763182,-0.7718599876744761,-0.7728782390690098,-0.8366040741233635,-0.7172950319258697,-0.8359853824090858,-0.8454734046929222,-0.8368388136585252,-0.7491103451165464,-0.6945706497810564,-0.7307517118185142,-0.8513659505918552,-1.270885133901544,-1.165161958303406,-1.2741560037386312,-1.1420502034688191,-1.1196816718462863,-1.1247240504839413,-0.9501839166945394,-1.0149512585340708,-1.0818229564977,-1.154941361233978,-1.0503015091835186
-1.2961531753203859,-1.116899723748053,-1.1501111002797209,-1.108690052803872,-1.1705699527246185,-1.1305185126514665,-1.0714359940689429,-1.053011122810217,-1.150658481494095,-1.0213847345129028,-1.0528675625074035,-1.049601575326144,-1.013466118325909,-1.0036081467995863,-1.0039490253217964,-0.9161535877661681,-0.7936994424234903,-0.830733982089328,-0.8345352576401602,-0.7544273270916114,-0.8547341992801032,-0.7818332362417826,-0.901457899812511,-0.8595049351419716,-0.7171094377956054,-0.7358309586475189,-0.8313677519765588,-0.8071278415689547,-0.7113817130434025,-0.6406595617506814,-0.831219237903256,-1.1202255891659343,-1.20661280238875,-1.0417128686664476,-1.1203238568139267,-1.1674704035837806,-1.2237491538430831,-1.147086850270163,-1.1601174055474963,-1.1265755288133719,-1.0182070716027831,-0.9062875979660078
-0.027224806576961427,-0.012358832137760197,-0.023171942856709874,-0.0005411914840685619,0.004368262684045428,0.027001272960176747,-0.017609905961555997,0.04757821754658524,-0.0013707206420189356,0.016130929978165988,-0.051280619296847955,0.0003755996143571929,0.006361404024677391,-0.0010759204445982937,0.03830577245102584,0.05008619160721411,0.03325726948539431,-0.01811497913262445,0.051888326315840956,-0.035086054235754956,0.0022609038550099746,0.03916343071537649,0.037808132464751926,0.0450290956575482,0.04704353025722873,-0.06882078697343164,-0.04485797689937618,-0.08229635182633975,0.05175968777641575,0.05592832910157017,0.059842179976184524,-0.04051087766520491,0.022626940102185772,0.031904921694365145,0.05494808687123085,-0.009717450793136328,0.009413564126327224,0.05745667566453917,0.022008957043171188,-0.02763945464122858,0.05387578426413006,0.046793854444532504
-0.5623381752250727,-0.5420447709521737,-0.5012794221477354,-0.593087436488832,-0.6316048187420001,-0.4576720340902783,-0.4815897865642135,-0.529531908658171,-0.4444981900728723,-0.425473129364243,-0.4561796162393028,-0.47801596588513773,-0.3735186884204767,-0.28215007186862023,-0.2508297434323046,-0.2921712132068301,-0.26370547524871524,-0.23728079954778383,-0.2966611069319812,-0.23532261426068637,-0.2970665460074906,-0.24864619846575656,-0.39193433934061855,-0.43541515361265554,-0.5429900846690511,-0.5898773420060285,-0.7069356030449327,-0.7870585029572496,-0.7052302274267253,-0.844381262039577,-0.8245805493792729,-0.8898620460746732,-0.9126574594129355,-0.8720599254082148,-0.8956527069820913,-0.7443038838517484,-0.9272402231727571,-0.6540406029070401,-0.592473237521716,-0.634323771869698,-0.6055131556705605,-0.7558373932499313
-0.3949822599219835,-0.4481788701306976,-0.5199232357927454,-0.4595724203294145,-0.5436874541959256,-0.48484838268103064,-0.5598890696304405,-0.5103358591276727,-0.4393212494486419,-0.38259454499826034,-0.38567703034572476,-0.45737445247406083,-0.3296832443030038,-0.33774504229972674,-0.3490405759933866,-0.29399619902303764,-0.25497825208200764,-0.2802077604581809,-0.3697129538425278,-0.1978635027762487,-0.20286900765237342,-0.37667720218954953,-0.3800373995944134,-0.357147180792581,-0.49532390841138385,-0.597739697048422,-0.7686003964728575,-0.6028535368494027,-0.7181707453255679,-0.8543729169864577,-0.9046426605325878,-0.8560690148717975,-0.9164384862858094,-1.0468461908893465,-0.8798075976950481,-0.8482221985466605,-0.7895431964121467,-0.6380528208158991,-0.7720768546627539,-0.5555889610633182,-0.4730181330672345,-0.6906140866043478
-0.5422047066696807,-0.5774022297221857,-0.47002382079023286,-0.6038131315623334,-0.65727101934093,-0.6068942647789113,-0.6009969090565699,-0.5843614349105813,-0.4638382498019247,-0.4900906412602358,-0.4087995557537191,-0.3776784740251815,-0.3267491633702515,-0.27084132034665165,-0.3046773540487674,-0.2727294783886546,-0.24321921252146567,-0.3066759033783862,-0.21919453303854944,-0.2042248930464196,-0.41342266981803977,-0.31180880618422524,-0.31492044754808324,-0.476278401664928,-0.44368754501562846,-0.5909835815281274,-0.6457536594098575,-0.680934421090065,-0.7776223003711911,-0.8996634702954246,-0.9056289255889693,-0.8120050902903249,-0.851019486518887,-0.8814848384492416,-1.0185826404605343,-0.7532663597771195,-0.8694100074200244,-0.6840146134728132,-0.8394324240787172,-0.7221458176358938,-0.43748425320230244,-0.6129412140797038
-0.5487630363605517,-0.5414667379191603,-0.4498467574891666,-0.5336683052961682,-0.5558348450515176,-0.6176514265302736,-0.556465383118493,-0.6002773079104138,-0.4565045083058471,-0.5259530613045291,-0.4741715592860573,-0.35149160406518226,-0.33476774773798673,-0.3371673263056002,-0.4074904959636573,-0.23013531888386823,-0.178878159527706,-0.19636170563452435,-0.28335126880267686,-0.21738127288691864,-0.2437577072257435,-0.2999886227482853,-0.48188637346908936,-0.3674141728861497,-0.46892045677595634,-0.5653323322190711,-0.7116926590023068,-0.7238058409253039,-0.8510565317362592,-0.8776871324360096,-0.9052411070680718,-0.9920225142760627,-0.9034213827928093,-1.0368584183319822,-0.9670979304962387,-0.8822687294701972,-0.9649303863681221,-0.7974489500431096,-0.7525658871301202,-0.5100842512057674,-0.5408852513817446,-0.4379040473041176
-0.4208924029696713,-0.4330834161834195,-0.5595979176822269,-0.6417210091182146,-0.48734454291285134,-0.48572030910539266,-0.5145472576718554,-0.46405777830200323,-0.5804112738155467,-0.3982137507957659,-0.4070446030251146,-0.3759133963611559,-0.3011856065225772,-0.305127301035241,-0.40626503327655034,-0.3862269231450639,-0.25029819030551265,-0.1986504875016404,-0.23902371437752154,-0.24004967735711924,-0.23691281244131845,-0.300386732554765,-0.32262247466459165,-0.4843754724765924,-0.5647297463879875,-0.4969077765298507,-0.6321857587317421,-0.706182470174363,-0.9055209024730625,-0.7663869062005395,-0.9183791981977087,-0.8664047660048939,-0.9947695295891066,-0.9798607432415871,-0.8325114913143854,-0.8950572772117344,-0.7073199222780301,-0.7352309148506836,-0.7201424829985695,-0.7195409510625219,-0.67383311778269,-0.6319736256094559
-0.6046204867275772,-0.4697524522278098,-0.47708754414869864,-0.6154672940307179,-0.6166053457753843,-0.5233487293712427,-0.6405643306344687,-0.5410764889683841,-0.5367757958033709,-0.34864195298150724,-0.3947347883691644,-0.4354074636694929,-0.3980077030951505,-0.37028878292039064,-0.2605087233285361,-0.29059811476921077,-0.3046510578815546,-0.17148164063533095,-0.3058277150520597,-0.33687806109302076,-0.3384599327491017,-0.2724076451956378,-0.3082338348956577,-0.42542059116189723,-0.5372734834657539,-0.6888083594492505,-0.5866562108294503,-0.7423580230106173,-0.8243028387216459,-0.888762953176508,-0.848439152104535,-0.8818842280549516,-0.8750395346482376,-0.8427566690401045,-0.8497598296756594,-0.8838535508258594,-0.6505107963185052,-0.8138071709392554,-0.7139167250710973,-0.7713530613377315,-0.5992328089942984,-0.5082765637920701
-0.5472304848005853,-0.6079230298417297,-0.45393665649197595,-0.46229560566196704,-0.6613805959516942,-0.526992854619716,-0.6193438680698188,-0.5684834003626417,-0.5150264992022726,-0.4086981173272556,-0.4914427294686813,-0.45421336313418226,-0.3053030977260273,-0.28675899592962123,-0.2037441393590331,-0.38974480685820273,-0.22850018483632537,-0.28414596326894864,-0.22928436601034138,-0.3316696675144181,-0.36817302932721907,-0.2663881299504087,-0.32583076165812996,-0.3956979347129103,-0.5523299009669135,-0.535545710547678,-0.630881981119238,-0.7506517594987481,-0.828348724785152,-0.863496990278703,-0.834036860991785,-1.005797947620981,-0.8710136876037045,-0.8959607924144255,-0.8505826035912757,-0.860544412228327,-0.8748736022027087,-0.7840697131950507,-0.7658829441028988,-0.7396711308886086,-0.5150411914046219,-0.6647537563208662
