gfs-wave-data.json
{"header": {"parameterCategory":2,"parameterNumber":2,"dx":2.5,"dy":2.5,"nx":144,"ny":73,"la1":90.0,"la2":-90.0,"lo1":0.0,"lo2":357.5}, "data":
[rows 36 to 53 of 73, columns 0 to 41 of 144]
-0.767457038543788,-0.8526289518109829,-0.7679295715333909,-0.8369664447098171,-0.7744811184374976,-0.7255011131915187,-0.7242826768330513,-0.654027593368276,-0.750508305888981,-0.7103564138655631,-0.5382148970678887,-0.7209375843047249,-0.5403542444331114,-0.418424805549056,-0.6197958478110908,-0.6266608210581625,-0.7332067403901026,-0.7567487493061532,-0.7504292094024464,-0.9197692278164394,-1.10387782753126,-0.9737233211874299,-1.075883323458991,-1.136177476921104,-1.1039730482339716,-1.0599690002260118,-1.0596065377573445,-1.0929057344898623,-1.0102686865563988,-0.8150521486793041,-0.8372937120494768,-0.7240592662256967,-0.4639767488949526,-0.40954619911293927,-0.4380870063477813,-0.36639329879245214,-0.4145205211047441,-0.33786025927853436,-0.34241771281949956,-0.4542679511910373,-0.4195080381464463,-0.3852912408875529
-0.7121639313809309,-0.8686884585103365,-0.8153587192641588,-0.9240346260978035,-0.7790795116146987,-0.7947028500427545,-0.7042434858606986,-0.7383176404741912,-0.7150490848140767,-0.7599922186572734,-0.536899215999239,-0.46425931930392933,-0.6732544033845878,-0.7230210942335131,-0.6989804714909971,-0.5970767903098053,-0.7282014571836662,-0.8277424294255248,-0.8141384497912071,-1.068447481604059,-0.9494084682417296,-1.0533494382297253,-1.1072148183472628,-1.1266001980005087,-1.1633119852123721,-1.0993517502024555,-1.0673842280479704,-1.0942150651234135,-0.9398289925985253,-0.7630350185452357,-0.667312638442003,-0.5571407624181443,-0.5186454746480146,-0.5721892447860152,-0.3197806790364337,-0.46807225706565775,-0.4655557639958629,-0.5243338346035414,-0.44319097096833016,-0.4116654973288613,-0.3632859632960794,-0.49450849949240044
-0.8192035401641713,-0.8316681776941283,-0.7991098795956055,-0.7152619638557083,-0.8749668705303726,-0.7637412224122657,-0.7258215823776497,-0.6821731351399312,-0.703061558072996,-0.7172266353757719,-0.4737987808068776,-0.5020715414768507,-0.4446439838881508,-0.7195925242551356,-0.4502629521950814,-0.5389555263501197,-0.9046535931714221,-0.8004092868677255,-0.8337924288035096,-1.0163195520000468,-1.0797776008454534,-1.0562327464881773,-1.1129901658792898,-1.1275263936690527,-1.2281902205768913,-1.1979682045659001,-0.9685284798455394,-0.9620731402611107,-0.7998660414859488,-0.8501245447561812,-0.8059643835142248,-0.6925764599441727,-0.5859671298428321,-0.4444696031287064,-0.36522129222345784,-0.5150480878634345,-0.288122381023528,-0.47226009383403666,-0.2674045691193125,-0.528003190374818,-0.509523538799661,-0.4580116912470889
-0.7787900003600893,-0.7928651141319348,-0.8174622888782318,-0.8096890624220953,-0.7432890978035833,-0.8848057825726252,-0.7333910414291718,-0.624386499316421,-0.7702833728645115,-0.6235933007497704,-0.7253212263622193,-0.4993366821795297,-0.6762227776904836,-0.4896753576366144,-0.6649219611289067,-0.5932692684738783,-0.6581480814116866,-0.8036207360352289,-0.897157321874364,-1.0429679131266987,-0.986062240763739,-1.0872897110452215,-1.1078131840432595,-1.237362559277909,-1.0754390418607966,-1.0673584710366564,-1.1143965250085077,-0.8984618595467109,-0.8753388424472274,-0.7712983630801843,-0.7251916127959985,-0.626734812622677,-0.4612831514031225,-0.4926021650377262,-0.4271657166511054,-0.41499968328817055,-0.37472644126385896,-0.29698638490651996,-0.41339351542740804,-0.3721323404324369,-0.3075558129065188,-0.4043071860534111
-0.7874076028340479,-0.8212906387123945,-0.8644528438072407,-0.733398534532577,-0.7505312713604201,-0.7542827184095323,-0.5818640182513543,-0.7113793249277485,-0.737686260074641,-0.6149980588485003,-0.6542587496525546,-0.6437290467198817,-0.617393685336357,-0.52573518161867,-0.5253658431323965,-0.6739433256865134,-0.753723095412276,-0.7961378102417581,-0.967866856159346,-1.048039676556058,-0.9312419424620211,-1.0852413732764579,-1.0328996693337742,-1.1500845936540594,-1.0385751745532266,-1.1079676965919796,-0.9771086430920398,-0.9564728709172521,-0.9497230230487483,-0.8281654320584639,-0.6444066694210588,-0.4625779982078696,-0.5426639585657731,-0.348910475800532,-0.5035960241965924,-0.4730642950490537,-0.44507785410613954,-0.46367857158595893,-0.2700163008154776,-0.3880890471436141,-0.4459306387882345,-0.5115207212793824
-0.7093441302860245,-0.8200187683792954,-0.7560551890089271,-0.8638834863689466,-0.7680261509487034,-0.7154505447336762,-0.6507730848338923,-0.7396739864066729,-0.763851644785954,-0.7611349623602263,-0.5233235930663762,-0.4793277462842935,-0.6035731189722187,-0.4675297457280405,-0.7700725576472769,-0.7524375394513282,-0.8854895333697956,-0.7871013811533448,-1.0104543717919159,-1.0236256694774981,-0.9693813843487686,-1.074345049789246,-1.1797614336859614,-1.053347355949773,-1.2014029833432915,-1.1352099903840729,-1.0123740058659831,-0.8119689733224713,-0.7679733928456827,-0.8081918747846837,-0.6186220039735734,-0.7183300583592905,-0.48333764012881175,-0.5188925128475868,-0.45602534204831047,-0.42836096906238663,-0.35656665145298894,-0.4285111775561724,-0.31685416416825957,-0.388727432902405,-0.3468690495557872,-0.39127120936926507
-0.032828226454336806,-0.011789272453613641,-0.0006994337393956173,-0.011674429316331832,-0.002526547385379457,0.01975805551903886,0.01423452560718823,0.02081562113684201,-0.027257033407881496,0.004933680122017166,0.05102242033683103,-0.0024586712369387516,0.004730375720236344,-0.023910939705643525,0.02724913166842507,0.023338867472148528,0.014453152489698815,-0.04014245979610533,-0.03507200774387273,0.02869630368402144,-0.013403015381819332,0.03529477196869193,0.003008789966786415,-0.016778576937761386,0.013621298210673528,-0.032374766113338324,0.033700747568576744,-0.036113262821913975,0.0035970686026038715,-0.037080446627603965,0.024769139774697944,-0.02413011362014671,0.006425643082563181,-0.01677965563491362,-0.0347483081703794,-0.007172020039362701,-0.032170093651651695,-0.007777754532227443,0.045220876909825486,0.03225528796672723,-0.0112411160968649,0.037328564076146396
-0.7998134819770911,-0.8686744701988944,-0.8700096931695551,-0.7400012821618555,-0.9562114176273072,-0.8325383584869239,-0.8104800166918119,-0.8169397109498542,-0.86022067881996,-0.9053441577160191,-0.9185618620068284,-1.0336401774615536,-0.9171795459684283,-0.8578070218223456,-0.9158598138159028,-0.9292115110460857,-0.977804130362822,-0.7606793587012549,-0.9260896606808259,-0.894731203426836,-0.8448832312782657,-0.8753958810219326,-1.0629009369947429,-0.7441388489883414,-0.8555424181996691,-0.7948412291458583,-0.8493989563931701,-0.7806940928424633,-0.7549712870837465,-0.6534213939548399,-0.9337651972814238,-0.6058071818907831,-0.9539567698844063,-0.9101543707895338,-0.5880726326894797,-0.8391460729278407,-0.6560974993052889,-0.8122033625632377,-0.6795702810572493,-0.8555609640346574,-0.8708717256501255,-0.7116150318705263
-0.8000637211600816,-0.866094586664331,-0.8966745912702307,-0.8869972104038923,-0.8584521844395505,-0.8290777680450796,-1.0047623776281993,-0.7408846400284901,-0.7490252946027606,-0.8985171809938554,-1.0323704063377068,-0.8858350276954726,-0.914763450763946,-0.9288659223319192,-0.9872959917343241,-1.0105007612841503,-1.0012282378541186,-0.6982981761615377,-0.9291097727564741,-0.6547421242884895,-0.9101129751504476,-0.9914782937212422,-0.832213555001573,-0.7310952255892551,-0.9707593733792068,-0.8902045331290794,-0.9724016789017128,-0.7668052414899428,-0.7933638403696347,-0.8074171982508594,-0.7427307630437565,-0.75828338945778,-0.8490683780723703,-0.6599302501372182,-0.6903272446964961,-0.7272246444159788,-0.8736106556327393,-0.7679637849000065,-0.9235532835610217,-0.7953705625720421,-0.5451326151595313,-0.5963774759258527
-0.8704684773124898,-0.7446573491859512,-0.862633385769452,-0.8181515219374067,-0.8686505442350797,-0.9245728826747115,-0.7890480450911163,-0.816877305581277,-0.9059600347169608,-0.8648906574304215,-0.916987951440434,-0.7896121503513519,-0.8181907096421146,-0.742227581232225,-0.8539737276818903,-0.7651223720695185,-0.7193546115187116,-0.9430511867131408,-0.9184585196079441,-1.0170226936184357,-0.924603202301531,-0.9624818734956099,-0.9765804138454508,-0.6853324285524164,-0.8220454431474155,-0.7574035293597104,-0.826701952484587,-0.7795403617093201,-0.8782924019956857,-0.7144510891876711,-0.6756818823430859,-0.7698881999768022,-0.8620374653014892,-0.8937607446130804,-0.6576489613427137,-0.7039145270986834,-0.6376326507198202,-0.7401966997526642,-0.6385346659713507,-0.7135735085566918,-0.6801962305112764,-0.8701363415142094
-0.914886296465636,-0.8636277327555162,-0.8016373682464654,-0.6792383864137366,-0.9595041199284895,-0.7298987533254893,-0.8925627524509615,-0.7123209679451891,-0.8617484281020031,-0.8667250132622828,-0.8910869015752568,-0.9551167040878786,-0.7829079582091916,-0.9960909777918898,-0.7794330398099732,-0.9622654559763827,-0.8462838496278554,-0.8949749322345204,-0.8436051703625695,-0.7818281290273696,-0.7767345830683421,-0.6963953000972511,-0.7455569174442863,-0.8938524529703398,-0.7126998497119698,-0.9668677452735365,-0.9598762627571017,-0.6691678672863388,-0.6348044316126669,-0.9385597824214924,-0.7715673434189401,-0.8448885354390061,-0.6565158772641667,-0.7636211317234731,-0.8600082447209652,-0.8314769149020631,-0.6602011070943756,-0.7064981062429079,-0.6529883543877086,-0.8458145589798083,-0.7958472287171061,-0.6760675451635886
-0.7537012984028828,-0.7718323988089338,-0.8772964302466606,-0.8394002469599099,-0.771433117324902,-0.9530841670494317,-0.8288950571621873,-0.7543317648503743,-0.83252347830029,-0.7999709706886962,-0.7313290454578665,-0.869040364696029,-0.8411680304259156,-1.0199887125544098,-0.7558419309808533,-0.8103899135103343,-0.7580784568056145,-0.8588862137172019,-0.7337027265931658,-0.8726751047041604,-0.6840399124137747,-0.8918032073001291,-0.9277505214525928,-0.7040683482408643,-0.9142488163798538,-0.7725625213348866,-0.8004732187186356,-0.8429751190375416,-0.9217326868891831,-0.8831147826368674,-0.8285927112297926,-0.6142662697532035,-0.6228240644074673,-0.7373216980731363,-0.7457135868297009,-0.6804237237391901,-0.5354024446641759,-0.7603185292686039,-0.5883233939051075,-0.7767865493081648,-0.6282890674547696,-0.8543507746976466
0.00143093914289641,0.019200281772269148,-0.010325491847348786,0.0016481705658834426,-0.03661220230713069,-0.026719251235932842,0.020044550063555634,0.021271076614438292,-0.004745294458274602,0.01966206309012065,-0.02300489859806239,0.013515901408574867,0.01685552386536258,-0.022432399029444574,0.01614022983450441,-0.009993518953232496,0.010186236047306587,-0.007534180787173455,-0.008501012736905593,0.007286172073374072,-0.010056579666311367,-0.0003065854264294239,0.023671635705985756,0.01822593593103557,0.01602236112169557,-0.007784558951328287,0.008804792263247421,0.0057167636725295,0.020570487973387095,0.004544076488025641,-0.001177853950766906,0.011716812273602365,-0.008397868005063662,0.007757167585455999,0.02137185737339828,-0.005123433445903482,0.005068361507690034,-0.002978900925926389,0.013754401558824273,-0.044866752051408054,-0.0033837758592999024,-0.006381393286562678
1.4634955075806215,1.5384670603713986,1.4666552395883348,1.459532534447827,1.4802616679486713,1.4724127839538375,1.6093549101563258,1.2894105415683912,1.4502054310446453,1.2977139663065669,1.391065410770424,1.2802619939775106,1.2178962361878574,1.2520196150461256,1.2610373204610816,1.2617445314750029,1.0331996475486454,1.2506629939779763,1.0276792239321142,1.0135552615273538,1.0669045334067422,1.0791096810499499,1.1353297627165608,0.9797371406068187,0.956731921299152,1.0819522147548586,0.9307466463807185,1.000925709334427,1.0553946569180097,1.0371628392080174,1.0819106567244898,0.912348328993742,0.9884193726604249,0.9381953271996416,0.867470852024002,0.8550565859257881,0.9645438292842269,0.8852209690205918,0.8263011295957426,0.7495196694175223,0.7552197998979496,0.7123707406314773
1.4736748314433594,1.5455753807206432,1.5632908456039478,1.5576217055852852,1.469390693990295,1.3780656795127193,1.4340399443545695,1.434941692750029,1.3683513035014871,1.413332356892275,1.453473749936658,1.4068519745019985,1.2638067668343738,1.3985254620443415,1.2718306650283429,1.1840732932619182,1.162639590944665,1.1089452968936055,1.251670484410472,1.0591475300273656,1.0236911151641204,0.9416784735474394,1.1102660362308048,0.9810652050149093,0.9513982525998221,1.0681780591273848,0.8996081019380493,0.9634071787954552,0.9399148057920756,0.9602721547207225,0.8539595879108922,0.8619047729908259,0.8413211812546187,0.8434822256175629,0.8766279076640714,0.9635480331795404,0.829250768714318,0.8598430833989468,0.8063451767888299,0.8494122271278345,0.8467886108136009,0.6937660892048767
1.4577860523580597,1.5825699751424516,1.5575164014988148,1.5608359885725334,1.5140500075258427,1.507552044723289,1.597298640416849,1.4566241913030622,1.3496270770616228,1.516948907113252,1.30816850438268,1.2689519102400217,1.3193732264467009,1.131197025639972,1.2648058236310273,1.0698319402851941,1.089518098942957,1.1409830001673427,1.133434089473754,1.1044906001552994,1.1621091702403896,1.140192917691226,0.943598063607396,0.9928600365966229,0.8984975817009507,0.9621396587097912,1.0822743787098845,0.9359857276605972,0.8798888841279906,0.9482115130951184,0.9600228649579019,0.897411605026145,0.9033124442656743,0.9180055493927922,0.7947161481417987,0.959424206244927,0.8906205291379258,0.9148924761452992,0.7571984705179695,0.7647655658937275,0.7714710346985997,0.7711503984983633
0.0038786203361131947,0.0008488734837905959,-0.011157193499587216,-0.01183329809967195,0.011990733880241591,-0.006398889744526081,0.005026812455548392,0.021228404191353547,0.031426211999050255,0.01709002971673913,-0.02783963913786126,0.016917485434895428,-0.015614239951742341,-0.008093906638401384,0.021036365675914204,0.016761882369266283,0.012407981728067704,-0.02065005072571833,-0.016638254844011217,-0.006881951844066146,0.024433424010459937,0.012767815160258562,0.02840417283563503,-0.009235289224539062,-0.001241959594783031,0.014826165224153963,0.013759014767561648,0.014098870606706311,-0.009562399365575841,-0.002936730912780588,-0.010839175097847554,0.012279771027533672,-0.03624632820473205,-0.010558080203707361,-0.021697834110285575,-0.008042992637237095,0.013998625371991112,-0.00535425879840692,-0.010747759529327688,-0.011520854439054177,-0.013353101241295814,0.0007098074485050797
1.8283022145251187,1.9319560527325335,2.0266179865071625,1.909478239618927,1.8542345864219048,1.8618049067859537,2.0447755452594163,1.9051760214087947,1.9336546565978314,2.1818937208410967,2.1704198358915536,1.8284358889647772,2.055272977703533,1.831294713143445,1.8829240985190774,2.0790039726956047,2.223275720141091,2.22907457264801,1.9820497799560624,2.19611934245358,2.1330344274501005,2.1415624691913004,2.1683839133948375,2.290204624760562,2.2527992365538374,2.4172924328635146,2.411585716580877,2.446949881160448,2.2956184862193627,2.3138496105554442,2.4938852009487475,2.515090132237349,2.6401758944102363,2.6573718003655546,2.6427760102809428,2.523023785024553,2.6272620760467245,2.695714941754369,2.54019401618225,2.470515814404054,2.515268052257709,2.4525991709374084
