gfs-wave-data.json
{"header": {"parameterCategory":2,"parameterNumber":2,"dx":2.5,"dy":2.5,"nx":144,"ny":73,"la1":90.0,"la2":-90.0,"lo1":0.0,"lo2":357.5}, "data":
[rows 0 to 17 of 73, columns 84 to 125 of 144]
0.10480082892356876,0.12936660085460272,0.14199100775995419,0.30425589181505625,0.39737029719378136,0.3722691320104116,0.3753274360722257,0.4217445376543604,0.4488530594358171,0.603922547589393,0.5779169171855202,0.5848688278796704,0.5620573337011462,0.6516066609321504,0.46234131558862646,0.5768482930350086,0.5812747024329894,0.43889590097561487,0.2486051362461239,0.2975250758012824,0.2075807778348684,0.17140922738763978,0.08293140921379562,0.11647228207214205,0.040919596427221344,-0.14663046771452282,-0.11905885022161992,-0.1528099279619049,-0.2045855351170773,-0.26201302511968905,-0.22674897845027955,-0.2650204683197723,-0.23831599769924558,-0.15301459976534976,-0.1936785664852783,-0.10554840119206318,-0.09389844360804016,-0.1494048043977027,-0.11137060889064324,-0.18364806053201913,-0.07901108730438745,-0.05372973346187731
0.06400772475315368,0.19065395424719908,0.25784629764468997,0.36515341942336454,0.34718556427151126,0.3910757823425851,0.44593483968164527,0.383560764942689,0.5536667498500024,0.5396829710192697,0.5671151247314251,0.44941498806467906,0.6765968773677656,0.4933251424425041,0.5482912497764563,0.40431177248862676,0.4353039688938097,0.3495798212485483,0.27446195110836685,0.33544481016232064,0.3186215612525506,0.19407703890983088,0.1031199280447288,-0.01142764716547573,0.052651090037197146,-0.08184836590740409,-0.18782639506291465,-0.17340485288431112,-0.14438577170935182,-0.14426069454610488,-0.20537846140084767,-0.2476868105120029,-0.2786616741578214,-0.13331347174556304,-0.24815741327256438,-0.18428990644558976,-0.12231015463847274,-0.2826438367453129,-0.1335292420215098,-0.13115816763589339,-0.07885205901391518,-0.20856387088318115
0.0556650921339224,0.1803113124072015,0.11615240621484198,0.23496440590962836,0.4367394551036524,0.44490736147329035,0.49343456461214863,0.44152327579787753,0.5835109375306373,0.5683615758694633,0.4761957017712482,0.5407189840332043,0.7014814455688683,0.5280807425406425,0.6087758859817256,0.4297624976496499,0.5282970209692147,0.4218683996531773,0.31342497161979166,0.38432717552506457,0.19783663576179003,0.26307390683405557,0.09124674606867687,0.029536001224821983,-0.025225443351237373,-0.03885000121425625,-0.17619766883637014,-0.10320296281602795,-0.13185347197455838,-0.1947038439245248,-0.18807207352133273,-0.23800257488929794,-0.23389017572244836,-0.19032509074947995,-0.26652463941818494,-0.1350387381401407,-0.1243010841173166,-0.22905621494840284,-0.22188719547540753,-0.16048445806707912,-0.15455322122393358,-0.23278673700095487
-0.1101420048211716,0.06195173216182193,0.0710412899491732,0.36481785919781284,0.3793222229547307,0.3687943931113407,0.519279032280187,0.48306152305469435,0.4648544850311446,0.5942929988938238,0.5963996615816675,0.6547267649384322,0.6923221270099038,0.5559454335792917,0.5755855090738029,0.5798586939769113,0.4130370418874413,0.47575345294661187,0.35793209375571694,0.25162077188064985,0.3127642989206182,0.17629183485794822,0.08906615061981336,0.1257976900501736,-0.06517204189191253,-0.03961379308437981,-0.0920262915212456,-0.08770926957295459,-0.1730767534684322,-0.16163531081093938,-0.2754225183519353,-0.1871459217494502,-0.1625495878282578,-0.29051144621924113,-0.18248602646810738,-0.19471070681280214,-0.25260987451951855,-0.24010611826441636,-0.18419634662843737,-0.20983482256226066,-0.22478852431945398,-0.15710960635307705
0.04541782474542244,0.05461365249174292,0.1571441791886888,0.2722796546580487,0.3431186978843368,0.3923823990071245,0.48569610008588454,0.450160126032673,0.47400081873346567,0.590267519732074,0.6101144920385918,0.6786709268526043,0.474330923796794,0.590623013772553,0.5507499025932908,0.558764108035184,0.6274247571958945,0.4576562573204497,0.42688794689357024,0.35491151772354723,0.26848022588971737,0.18078537803277656,0.12652722126173507,0.006144807377366789,0.04748817697487231,-0.007064391162167546,-0.1631080380834297,-0.2085018157638126,-0.15079915557018378,-0.1804021256419462,-0.23543122579892753,-0.270545234121998,-0.26463831031997764,-0.1897853669971935,-0.20530700069441626,-0.2986012723065631,-0.3122009472003619,-0.23448195614576792,-0.12300972112906962,-0.12206483759123699,-0.11118535643103818,-0.19801764336258748
0.12006392211327685,-0.0176854695106574,0.2620294864687579,0.38277840157488713,0.3476744513668809,0.48922092947261536,0.5786791770697157,0.43079570112346305,0.5096232495921864,0.6745962522357621,0.5497099618697563,0.6123998155033964,0.4946797464932714,0.6764772286938575,0.6021741731649297,0.5853747746620772,0.5728418492634414,0.38888515523315303,0.43147433148879205,0.46166660586564967,0.3558007802154149,0.1685758520538023,0.18612881749212548,0.0786588277994025,-0.03877781302442414,-0.06918857698424995,-0.18440328322037997,-0.11516631552973662,-0.2820533871481221,-0.2223718722249651,-0.27579799190254595,-0.19174182005166196,-0.2750461357075386,-0.26331286480319605,-0.21527582581742294,-0.2608968674714965,-0.19215520262922278,-0.20471872772056413,-0.20345472625570996,-0.1584160096697565,-0.18572817602083636,-0.13720336556420368
-0.06704913063080495,-0.01202230626340252,0.14013846101973773,0.43872349996945076,0.4046271568255646,0.4296097077739319,0.35452374330218006,0.5349114320394486,0.6175700473388999,0.697019317544518,0.5224129306562464,0.5909058118124806,0.5173978943277692,0.57112410931338,0.5859364803493757,0.4448320896507892,0.5580638785721,0.5183685329080814,0.36044304099671787,0.25289364726973934,0.3299101653305616,0.1724686865117364,0.2522943976047037,0.04541342541670197,0.00043205188779438046,-0.06599909142974797,-0.050459234618344145,-0.1530176764546896,-0.20252667543509997,-0.24824633805299245,-0.16313931048948688,-0.19076148577926869,-0.2309026872239023,-0.20880710612117653,-0.30483032401826726,-0.3181820873364669,-0.1721204436653764,-0.2329226901686939,-0.17337651858557818,-0.2308794543726534,-0.16842105725904197,-0.20090604128282116
0.01478063353847771,0.07220817062481308,0.11106932334349684,0.22815697911701363,0.2752052750083142,0.5071267232282943,0.3901909563420907,0.48814701385268267,0.552036887567689,0.6262784952066793,0.5764017158203403,0.645702436264492,0.6589925484663206,0.6205060584539571,0.5981560005537064,0.5880918243674521,0.5558623692215828,0.5139976690115302,0.3460615770894689,0.34945706019517664,0.3221523964496516,0.23967689478113144,0.13208753032356793,0.03758692479313141,-0.03354666771305727,0.013803427314867037,-0.05366639203570994,-0.16245759657401124,-0.2135287628626341,-0.22556897540857437,-0.25702589065244436,-0.29459191354280706,-0.19798600880187195,-0.20182045720541525,-0.22936075044585905,-0.31414158932004854,-0.29521258525987815,-0.280412317395464,-0.1873896762818101,-0.17476993103795846,-0.19534143448735986,-0.14150298705543374
-0.09918468654674968,0.19423350231522293,0.24382422327785327,0.35002660747327885,0.5068806434872203,0.466040268026842,0.4781534239686488,0.608201765167249,0.7411036383963594,0.7447790901553364,0.5253789060012919,0.7193506296183452,0.6126041966869593,0.6496367893699267,0.695320917095041,0.5647775693277098,0.5773078931630773,0.43717217974856143,0.4738478448426686,0.43088798203776996,0.3387441815666037,0.16903872023047747,0.20298032473479946,0.17180856522029933,0.02698112865962925,0.007231538532691719,-0.06927064432225256,-0.1294556837470231,-0.2446798167928257,-0.2340644015080627,-0.3084638594293828,-0.3908496126429923,-0.19413433644205913,-0.25127379131034633,-0.30577091849530263,-0.37964312575801656,-0.3096945430265835,-0.19636453579696556,-0.1981095673585124,-0.24538405547544015,-0.15444626684179166,-0.21569048828557713
0.07948853560097655,0.10901338717799713,0.1106595653546684,0.19753385655585737,0.3188095650521332,0.41041618662151574,0.4888091299967821,0.6246047969463384,0.6195395890307508,0.6372785488594007,0.6703994212384025,0.7292550704844569,0.7197429152221975,0.6848226015678122,0.628482010452548,0.5975922370126214,0.6421000712982274,0.4586955558844526,0.4521455320551518,0.42750640846561916,0.20905649219411027,0.22416233939598199,0.1780286440622584,0.07038085462074332,0.026622114032405393,-0.004922701921950358,-0.14876894144477462,-0.1417734340671239,-0.20621840431412658,-0.2905091902663906,-0.34353622571660913,-0.3009896930273276,-0.30467761634877705,-0.31575448060074357,-0.23816027285165114,-0.33914281559197196,-0.29644728883132715,-0.23180987726613383,-0.24921771046984986,-0.3411432681324398,-0.28789607793274213,-0.26870308840898155
-0.006601323933893299,0.022353490604659357,0.17787311641536963,0.3526150156484401,0.29064096015642765,0.5307367335030895,0.5977039606429063,0.58608173768143,0.6218855868889498,0.646989399178194,0.5663501193623928,0.7558582034711284,0.6226975877789472,0.6414943682746952,0.6875201633981307,0.589651699745825,0.5668884676074583,0.4099463347277948,0.5558064814993593,0.3363455164127871,0.3146831529682681,0.20299172506483185,0.2617712298933961,-0.006866223182341336,-0.04652445616071332,-0.039113930062285994,-0.10221463582610761,-0.1608358865725718,-0.23417233459452363,-0.2654712870334579,-0.3696761365252466,-0.3060965109516155,-0.40523965703379183,-0.3263380722373459,-0.32085778213896915,-0.2924935109947311,-0.3917843647118887,-0.21748294366406568,-0.3093716095891323,-0.23671700267507725,-0.30745622012394086,-0.18140060295268817
-0.10875652473713208,0.09903100054264317,0.32295779478165515,0.410603740187601,0.25073247957914085,0.42235774699519807,0.5969690576275997,0.6017221276494028,0.5826807332595796,0.6210747862311993,0.7100845514382247,0.6344030580090408,0.7205639853508748,0.6976177207755061,0.6338633951826768,0.6179821674816083,0.5462456555533652,0.4788545773421093,0.38646293663540315,0.47684368490109547,0.26506168969126964,0.1824970638093836,0.21826157857192352,0.10145808406638347,-0.08652897077119523,-0.17993924188503885,-0.06821115971725841,-0.12475280084492496,-0.22104445258657227,-0.2672989148602492,-0.2867101545908304,-0.21893164235199983,-0.2487206836462091,-0.30721859188934075,-0.2347433090582413,-0.2478816325200719,-0.31650414479529715,-0.34329135817126755,-0.3646689962626784,-0.3244654289020656,-0.23713091138360112,-0.2859726641443851
-0.03779386740458509,0.05082084716988753,-0.006678617651574002,-0.007831071310070246,0.05389176774947972,0.019818768827627085,-0.04301363526944266,-0.026342100386788418,0.040641441003479044,-0.00043505211510677845,-0.03185699560995797,-0.053168073052323336,-0.04453391741306721,-0.011657177030805406,0.03874188719067449,0.03726063686950247,-0.05619224112104087,-0.049833953962114666,-0.004943632589575618,-0.020031291762486473,0.03152175876580775,0.0028751855079525977,0.0403106306539102,-0.01895082484226334,-0.024679515527813896,-0.020813273523875117,-0.006920055155284607,0.04510081671567868,0.0010499354934872993,0.01759038831739343,0.03612831205053753,-0.05897996177640213,-0.013959858583158806,-0.013804951891946641,-0.05425112035577198,0.022876672888453596,-0.07086119262809816,-0.015199274172491443,-0.04583498038538915,0.015184340799828175,0.03258263343750759,-0.008994328845459854
-0.019498112235765058,-0.05160763168308853,-0.028815050979517885,-0.004577055026160075,0.03137285536356579,-0.02000107179356249,-0.052578348021651296,0.04135341679973902,0.01659277896849627,0.04215009672534982,-0.052928247859629234,-0.04905754911818491,0.06003203294170911,0.025227196997898077,-0.014477852990215891,0.004078967275091956,0.03450831812857035,0.01721015529692462,-0.009227320809444314,-0.047869385721613915,-0.028639453790954714,0.0465633784109989,0.04515449656693158,-0.05006409616487494,-0.03317591522197044,0.013523291238735921,0.04315587578014202,0.005675486772729644,-0.024206971480305005,0.057015867141101656,0.03704692009110897,0.037345273192991864,-0.0136035981760091,-0.016346598216435856,0.059790606331613025,0.04820465982869075,0.000714857590859147,1.5717331523914295,1.6718942720761618,1.6236614328514207,1.685528254503481,1.7398632930330251
0.02779161669976493,0.025109157057366088,-0.0406841034372656,-0.0027929246168331753,0.028662511229973403,-0.020097335357565197,0.03493146962305594,-0.049956681857501455,0.0034973986729589803,-0.05612927445191698,0.020660917102819833,0.020609778741011872,-0.046289226584724334,0.006777684456246542,0.017415082804817187,-0.03613315514633153,-0.003928611229044587,0.02167927499909774,-0.039885352023466485,0.017633136822908676,-0.03651657761966786,-0.01011615340462402,0.019635196198475837,0.023370906441321816,-0.023837955966678342,0.018503666134413205,0.0005340911076306421,0.0022059913732542643,-0.05088516639440222,0.04032308891845267,-0.040582169390021065,0.041074342126243314,0.023957611886189206,0.0026303195961808997,0.018278623749748722,-0.0020430507214048055,0.005427718485867412,1.7158306431448362,1.6678338033787115,1.688440361633861,1.753206434762996,1.7746620421804784
0.0008853815011227435,0.03547628615419276,-0.03074992842370814,0.015044924010128965,0.045532900327158135,0.023274013986157107,-0.006030408517696161,0.02462280390836443,-0.0163045574703281,-0.0017121438777739264,0.03651805924398034,0.01854892470604795,-0.026956255580693374,0.06660647827214851,0.03067914528214092,-0.026528112599201414,0.061005028054804414,0.0557636265383106,0.040967171166497354,0.029280903569707147,-0.03845037727716021,-0.04064322385631713,0.012632278018716395,0.017144177349624916,-0.0032257703886954614,0.010984915258561594,-0.00870029227921738,0.044199597295022826,0.04926961333345088,-0.013475653861977478,0.06019609046003903,-0.04116601924897401,0.04148677204196757,0.06243683676561635,0.06423963737447792,0.048179361619983,0.05027857742669288,1.5484843340460832,1.6955994914005919,1.6837405607736458,1.6496875227410124,1.8357003522581734
0.013795525609791187,-0.06571375950224709,-0.014676422372092024,0.04893370758950071,-0.03686151033622088,-0.030585062873461265,0.036919186893022336,-0.03416236551616586,-0.074125152144969,-0.004382352818619854,-0.036420129308226974,-0.014709745984268635,0.019575307931375487,0.0039270819644816116,0.02850698956529444,0.06674480677978364,-0.014508812544580484,0.034549963992751564,0.007400194560353284,0.012604918955021551,0.0016980239008431391,-0.017806145726244896,0.015326305606331112,-0.018271390116495055,0.035727107139976684,-0.04881700715924846,0.04087462712796809,-0.0681558565430849,-0.03167489221830746,-0.04452763507940814,0.0041821007543427265,-0.005769798228868716,0.03334118223525671,0.06248133635574689,-0.03355223073649807,0.00014108268034933804,0.03622962881199151,1.590832913270412,1.7633872204715144,1.62882528300258,1.7340076029564566,1.7553404385359495
-0.03388609661209021,0.007212019430642892,-0.011121766648852702,-0.05037805144635433,-0.023445617470668385,0.06368399673506277,0.05253882597386269,-0.01825297086322134,-0.06156855253207728,0.005299117550038985,-0.008574533586861556,-0.03493086908690626,0.05372292362872466,0.019601254834646403,0.015874402619239347,-0.01901809862085555,-0.06145103149251338,-0.024879928141493344,-0.06332328026823389,-0.016440612923688622,0.07239692022188032,-0.00041060093060522624,0.02236364378146566,-0.05422161670461536,0.021510184197561805,-0.01816708733996506,0.036017568314205634,0.03266876088282048,-0.0414716824469636,0.00370177425326753,0.0072005821974335275,-0.041381120522156756,0.040547279495732946,-0.010720745375908454,-0.04872967593333917,-0.03203651511934651,-0.041351547460210095,1.5766760854401776,1.796561175007936,1.7094706470835848,1.7356627072516109,1.8281196261098989
