gfs-wave-data.json
{"header": {"parameterCategory":2,"parameterNumber":3,"dx":2.5,"dy":2.5,"nx":144,"ny":73,"la1":90.0,"la2":-90.0,"lo1":0.0,"lo2":357.5}, "data":
[rows 38 to 56 of 73, columns 0 to 41 of 144]
0.010912769684819277,0.12777964892332228,0.16083020396567338,0.3803048023642447,0.3851540681890257,0.5390843307527278,0.8810288722114819,0.6950489310025508,0.9889665988198442,0.8349233525238361,1.0133183766728087,1.03013206662417,0.964210471878235,0.9149672333552678,0.9598593073815022,1.1615555993630913,1.026311370843409,0.8387188718909966,0.9064677305088495,0.7587622324201589,0.596993233600814,0.5396734379689723,0.2857258591238175,0.18656527635052148,0.1574212251640632,-0.22439745977870015,-0.21564853762634983,-0.5745744507788642,-0.3706908221842263,-0.6537577848017804,-0.7255392921379821,-0.7098882652395332,-0.8261849133457367,-0.7279993767082057,-0.8084045052448026,-0.9358717213962093,-0.650743713852578,-0.7257508995587546,-0.7291605105144049,-0.7180399456898332,-0.6087680106698274,-0.45628267161943065
0.013256574071697783,0.24689102004993857,0.3635811869586352,0.28792861155796534,0.6754483434571155,0.5335455141751204,0.7292769230738333,0.7362453273288048,0.9388445815359123,1.0694736897201407,1.0715553337173662,1.0741750225667117,1.132781386506722,1.1922705587020657,1.1630652007191133,1.1183371263013262,1.0032113336630766,1.0016683544854803,0.7154614953473526,0.8361079181325392,0.5701112288586028,0.5146767318211977,0.5121991432450451,0.15779970606282118,-0.17889730136251447,-0.2330054661329231,-0.46108426930624485,-0.44416998021885645,-0.4078220992500772,-0.7563882538844046,-0.8007234651759717,-0.6889589970403242,-0.9174913919886515,-0.7527012528517802,-0.7089362348860198,-0.8867252188146831,-0.7714322576699575,-0.690701514572622,-0.6961734177882152,-0.6780628682036367,-0.5680289292705185,-0.5741461010325367
-0.09782002662209363,0.14038312608882028,0.43095769794539124,0.39689696789026074,0.5086026412116956,0.5267491627129033,0.7662412313124568,0.8165269890674074,0.9573384958958726,1.032048765617131,1.092992877662011,1.0292010141485768,1.0643235827418085,1.0988962238147053,1.1629089811237094,1.021930211998236,0.9777127573957409,1.0108373198988663,0.7421648782683253,0.7245299728017098,0.6599650114173969,0.5585111886993342,0.2120631270217312,0.40038882920487945,-0.21193538917931523,-0.21915852936328595,-0.17982961746051912,-0.6863206607639387,-0.6061104233727885,-0.554716655300462,-0.560476701492885,-0.7434136940872105,-0.7798457695982016,-0.7728737298380326,-0.7936719045100518,-0.666127590111683,-0.7683273284738452,-0.7121484724390608,-0.7852406932489912,-0.6232192976850524,-0.5523921586610737,-0.5736952787447822
0.0723228225371203,0.21933435169960366,0.37846878139899487,0.31527395420053755,0.5217267194466941,0.605176487857021,0.7529870362622038,0.713902388007517,0.9423576344738936,1.0067856991093325,0.9186150733769204,0.8591555950867933,1.1511660366520835,0.979887588697546,1.0833440747408685,1.0340992065839625,0.897847233780589,0.8897429861539994,0.9403024681574881,0.769899230969877,0.41642885040746147,0.4585488443001668,0.4403416967971106,0.37762947085423776,-0.13621336491539351,-0.01600692636125352,-0.2681406451751376,-0.29162918053227993,-0.5647195815781129,-0.674305227621423,-0.7401601728755298,-0.7297638373785413,-0.7753623654037393,-0.7197459828456152,-0.8396242218669772,-0.7260460571730778,-0.690727685203023,-0.5948274660153857,-0.6871823368752418,-0.6212536680238852,-0.6624828472968907,-0.52983716667346
-0.4059337356932989,-0.289622295951318,-0.3581414684074754,-0.39145311656764203,-0.3759335678162675,-0.4576247974517883,-0.3870250200968948,-0.34375470159673494,-0.46917316984918295,-0.2874051380937422,-0.4126972341946933,-0.28994982202831315,-0.38318458739748895,-0.34440645373851275,-0.4424310910884677,-0.3071594586104178,-0.4575229729700334,-0.39110700955570293,-0.3189109550207148,-0.34015344508144013,-0.4114492455399802,-0.45647593637202727,-0.44217412074408957,-0.32753364328585993,-0.3179758949878899,-0.2920435425369915,-0.38328223993054444,-0.4495768522599395,-0.4388344993648168,-0.34938238043175274,-0.43813245272448403,-0.3482527708590348,-0.3745360334282029,-0.3912937205184314,-0.4185817320902384,-0.4434060506635551,-0.3159431052684121,-0.36941085924173683,-0.4425349329401804,-0.33775033996239456,-0.35069006111245105,-0.28267015236250703
0.41360761105419064,0.646026872635362,0.5132693103200011,0.7513220236352826,0.7182472632117785,0.5467739058455121,0.6226543603268861,0.8602766422837441,0.74498284203833,0.6355838665719915,0.6858643742338856,0.6482673032463729,0.9587587570981873,0.6402232877923878,0.7295660508055887,0.8016697022239506,0.7487455759232967,0.9287109710843608,1.111540997014032,1.0115303694574582,1.0704938756718716,0.9646658927994488,0.8644084687675203,0.8837117286002081,1.1048289305179104,1.148626004391558,1.0533102504717846,0.9208589079951228,1.0695610357745806,1.0573292629480038,0.9285060702753362,1.0279422437961125,1.0065746103786188,0.9447412538565835,0.9219717413922224,0.9881346394598342,1.1798568836659993,0.9795617769880494,0.8293576831801734,0.9551617855345038,0.8072283062022546,1.0837058217286835
0.6789073853743121,0.6900189474757074,0.7777384629869357,0.6987381016083142,0.5587296102991357,0.6661928395833769,0.7056469391163601,0.759396766805093,0.7392090773933438,0.7528027126311742,0.5910849586503051,0.8927795703430683,0.8017026082276804,1.0583076029990903,0.9002351076938824,0.8069667806217428,0.8062772035543165,0.8616641877885383,1.0136960962172317,1.0256957019311086,0.9277495953806832,0.8802319163385486,1.0269466417168769,1.1119662939472694,1.011178094346194,0.8186950506424797,1.014509149671876,0.8559789842530284,1.0354488366271886,1.1122146963615485,1.1193800459156855,1.0081207637043799,1.0543397236112626,1.2036736287313106,0.9297132707827711,0.9459959677969706,1.0717055018222335,0.9519821611723494,0.9767593946315443,0.7833543285761191,0.8922751241524438,1.018449615718351
0.42467776223683745,0.6637658310954616,0.7008603155268313,0.6158866070754208,0.5780137618216442,0.5841931997914249,0.759416441959113,0.8729899375557109,0.6718755160942653,0.7073754788043399,0.9220690375305096,0.6291845180704111,0.9598795675289934,1.0018597882839602,0.7731402939234646,0.9040166333085354,0.8284569115885505,0.7500976840788404,0.906933724445473,1.0070543928305071,0.9406394865636023,0.8532118682367738,1.0761687745153206,1.1595983163748262,1.12399435540108,0.9435727547320459,0.90566874309479,1.137686428097381,0.8965075283400566,0.9594031636808527,0.9988665961403853,1.190330195034769,0.8480757711536999,0.9918164786009858,0.9254992439282689,0.8445399201920228,1.1140583776286412,1.038475093269262,0.9352347408609722,0.8501057091808205,1.0852174674054857,0.8493666923105045
0.39031580364307,0.6511488363010317,0.7002193798353368,0.49635038856816405,0.6458274716730377,0.7244620440775741,0.7512348298976517,0.527521356707128,0.831585235450388,0.7383388519073202,0.7730615662120318,0.8973775033118242,0.704810809524667,0.7377314094560325,0.9392195520836226,0.9674506474945282,0.9194166035840975,1.010490366319643,0.9754290536714662,0.9795190136687847,1.0000429599406502,0.9352884894113959,0.800744454702243,1.0874104291073683,0.8739402845764285,0.9566175769663343,1.0768801078422838,0.9465908170786433,0.9901265010353139,0.8303579263590931,0.9530683009858355,0.9778897425096638,1.106804149748132,1.0987786449174755,0.9414199435406838,0.9377488200970377,0.946164471947182,0.888234701118826,1.066508389176469,0.8393372673657055,0.9412481670844455,0.9031826431193102
0.630892800914444,0.4336329414000801,0.5118993086141801,0.49242915706393653,0.7337421947051539,0.6492835341603685,0.8667632921873303,0.8499312402481273,0.7441130863096712,0.7344085162617912,0.795124907132789,0.6488048389519666,0.8232662768728608,0.9447360771688248,0.743701819928403,0.9810438128219111,1.0234158728853138,0.7974786434337349,0.8583463350467015,1.0333473589099607,0.846171605888956,0.8223550706598904,0.8530827503500001,0.8497974570773102,0.9508324248615968,0.9228542165826835,1.042225513051514,0.8350929388591761,1.024104615280737,1.0134208959684952,0.9397643796916284,1.0512283655517314,0.8816509212771243,0.8255275361713613,0.8733425876282692,0.9830032977920032,1.0100129447592419,0.7956744369562884,0.7915740096976098,0.8288904098912205,1.0227756659430567,0.8189346753455424
-0.4034663986248552,-0.3652157681366167,-0.3460512829558463,-0.38824550001131575,-0.2876889636889728,-0.31942895963386025,-0.266379511783246,-0.3008100254421572,-0.37929676673283585,-0.34221009236084876,-0.35111066771733224,-0.2562403892108907,-0.23089549402010107,-0.24325398673733,-0.29091722012739873,-0.22791481233204183,-0.27907284258623366,-0.2640252095166536,-0.26074112356142926,-0.40236705548073415,-0.24043087228897955,-0.40683083957026983,-0.28645454758819794,-0.2690188428559533,-0.34884422180647917,-0.3349363765738823,-0.35199900325548245,-0.28275339612435646,-0.29239424454158053,-0.2714030801864652,-0.332214072729386,-0.36725239092436174,-0.4057263362192494,-0.29220332119491643,-0.3630758681728425,-0.4237006400904642,-0.3281910527824197,-0.23110326690135347,-0.40701509434183725,-0.35327404709454074,-0.27220343217936666,-0.37386763740250756
-0.1906996225802853,-0.2950537483158444,-0.26400184412923466,-0.3982661500302467,-0.5042185342855559,-0.5745159933337257,-0.42768145998057927,-0.403606476736845,-0.4885146821388197,-0.6767892070513628,-0.4486999286504933,-0.5021072498374942,-0.486032161636067,-0.7344690163266674,-0.709546043121709,-0.6869040673609819,-0.6777252212721576,-0.7209740463788449,-0.6464839178541321,-0.6117344475902149,-0.8107516296358864,-0.4943610445728261,-0.4516105975576293,-0.43026434137558983,-0.5226631760209839,-0.3151711427818085,-0.435661411097331,-0.25716438639756584,-0.4196752740037935,-0.20154862491107509,-0.33452908068533405,-0.05540126912053219,-0.38655316795057937,-0.07050550778792558,-0.12668792102127946,-0.23824315812539865,-0.04914527455957656,-0.029214505473805,0.08698489215993827,-0.03463881006764434,0.09317544392813695,0.12214863134238241
0.20520576636769985,-0.07555627766617501,-0.38513967239831365,-0.3939575197510253,-0.40550797062243565,-0.4897041294149356,-0.7146063105085804,-0.3518056737892278,-0.31343068624507264,-0.7497160872045746,-0.49785077317278587,-0.8210478927818924,-0.647022230800331,-0.5618358980188064,-0.9435402848270651,-0.8155635659522075,-0.7741015876145573,-0.6509741589272309,-0.8080114250209081,-0.8523563254957118,-0.5508752416288011,-0.6462790462569526,-0.6622471253820891,-0.3856637896446049,-0.5650366688664148,-0.3877374954032741,-0.5960906903522416,-0.28715007593087766,-0.37371402442358775,-0.44045777390650753,-0.16448547527458268,-0.1353234568442864,-0.29393348971428784,-0.04004798898679436,0.021445598012081554,0.09574106191885073,-0.06547654657363207,-0.08257433345459798,0.07319105144078963,0.01826375482351212,0.29875903622357414,0.24357594949547362
-0.027177819461897318,0.01179029583289983,-0.41854885992424384,0.028182334082695687,-0.44377690823796073,-0.2387093082242635,-0.19010596315046183,-0.6731267968517413,-0.7550538197925166,-0.5617410644333567,-0.4019692017292182,-0.7477425938336498,-0.5069110915344691,-0.9135371850839911,-0.9198835393629057,-0.6932695246498438,-0.8179958117410022,-0.7077414521526854,-0.47731099291647566,-0.8794743135352333,-0.5959403901294983,-0.4989542611883946,-0.4700117467577402,-0.5358106993770448,-0.6139277611750134,-0.6693625957567202,-0.34650940984751405,-0.2837153167904488,-0.43049803518023294,-0.4001545129234175,-0.31452364556628215,-0.32787165347624,-0.009537369810303986,0.02858840749865886,-0.27659934765542116,-0.0318544119823512,-0.08623014807468465,-0.09481580798800894,0.12965665085641923,0.14870663069661363,0.09017297728954883,0.3172318839757563
-0.2462224379895418,-0.34479215023764415,-0.30587232885240223,-0.2339444551546883,-0.24108842480981457,-0.3293016516128973,-0.26894085612920143,-0.2561838132904693,-0.29809931476226864,-0.2610496275332917,-0.31150992265088806,-0.2097324669231565,-0.22914247340683114,-0.3278033773031369,-0.20482692475331893,-0.3336204121788586,-0.3226934134135377,-0.20171930211487565,-0.31146631269866615,-0.3214963204920092,-0.18224863677047912,-0.3332320764698225,-0.34981853588122563,-0.22243400165472868,-0.36340980947991924,-0.24019512571849255,-0.3098035072668389,-0.2510561999096069,-0.23294835678531903,-0.2380629715752154,-0.2092230113681456,-0.2925300923354912,-0.2841675160157797,-0.33636691257371854,-0.17818341265702795,-0.24474322490913433,-0.2142423218560947,-0.2156733071014407,-0.23824356597737834,-0.3550396824782202,-0.3080365397841746,-0.23661457212667433
0.11170716919918242,0.15915736782963757,-0.4626108160831359,-0.5753370925688178,-0.04239624236965221,-0.3155586787244099,-0.5538338467662018,-0.9323858872868661,-0.44908283338057237,-0.9820780687013478,-1.150300219351655,-0.6189463661295908,-0.8506591632007219,-0.9410561572035695,-0.9631901708879181,-0.8653168060620237,-1.4986876795523028,-1.103046542598098,-1.088181314096466,-0.9891247477336501,-1.645531177427585,-0.9773544420171675,-1.2062199462439969,-1.098383041965308,-1.1049729491935076,-1.3718632691713257,-0.8558508537938075,-0.6418361537186894,-0.8542382652066087,-1.2147329931659554,-0.23676977754328302,-0.839755335495792,-0.8146632057789921,-0.6057981415709242,-0.1630604157540345,-0.3603891531137979,0.3649358431779179,-0.25644409109923877,0.6491490503696307,0.8184306674989936,0.8147661815630175,0.7638563564944536
-0.26722316609928876,-0.26092319098112515,0.05169806390732884,0.031189484620155635,-0.33528774317854226,-0.5699773382111207,-0.4587929085338789,-0.4885374670863416,-0.7978754209951938,-1.0800330968405065,-1.0484769595019432,-1.278455180905626,-1.3054535165534549,-1.405784546455676,-1.3469984258819956,-0.8902608361089265,-1.4983773726300806,-1.1895651581333266,-1.3645507294596506,-1.5844183932488065,-0.9134397926037929,-1.336960481993923,-1.5443327799086821,-1.2310878587936158,-0.8905716378439221,-1.1434247727370908,-0.987861775066022,-1.3073900823419258,-1.3264954482866138,-0.49750027868345137,-0.6961750425775578,-0.5841709343626179,-0.15585608080804497,-0.7661274919600355,0.011975704975470593,0.1555867373756321,-0.22535458771258768,-0.203164020031457,0.13725415394186852,0.04257712621728449,0.4709685463647881,0.3309702007838112
0.3329464758778909,-0.1457124182979491,-0.029286758416137395,-0.19461061126185597,-0.2151975442665456,-0.43467584310108187,-0.8154933191569784,-1.021748284679425,-0.6858328479449902,-0.6843373944999066,-0.6544424092865955,-0.7981743151533509,-0.878346658751709,-1.1370875032994365,-1.1264441286221503,-1.2224158427127043,-0.8827660330661413,-1.2703004222159773,-1.2520680587385407,-0.9970540298817984,-1.4816019988887803,-1.059366230204052,-1.1726036125689305,-1.5620297728693928,-0.8049220457639047,-1.0120700585268787,-0.7429727942111793,-1.2246943027597033,-1.037514650529068,-0.594190419247537,-0.4527746777658051,-0.9365676036870679,-0.5479400425217671,-0.6101767452157867,-0.6152327840455963,-0.3689413127872938,-0.2704342076610969,-0.05668635585427002,0.3164344121716487,0.05633879024856961,0.4516576273783585,0.9005636695558313
-0.2608553554914061,0.1376220716336606,-0.3664333291705752,-0.47579753943592645,-0.2930652326701249,-0.8084118333096654,-0.31675488029032606,-0.961002117584922,-0.4747505631273268,-1.1138026997807318,-1.0259401149071568,-1.1796511727670635,-0.8428052296804853,-1.2507141714479812,-0.8876287228056695,-1.4434714467350291,-1.0934629262346955,-0.892090874338758,-1.0568144451563215,-1.2449569831597167,-1.4461309937022293,-1.5412542417090032,-1.1566493523273724,-0.8866305696991934,-1.1373866803894532,-1.109491264649212,-1.4185770102008501,-1.0901339930303082,-1.2767811275779577,-0.7355193295074701,-0.25970553253339795,-0.6540564703440418,-0.13973997010240596,-0.13186496150536775,0.1503421519796058,-0.21301468735622867,-0.19060159390319498,-0.0628871570683902,0.5465104771486436,0.7491658561151233,0.45207233717372947,0.36493699301339183
