gfs-wave-data.json
{"header": {"parameterCategory":2,"parameterNumber":3,"dx":2.5,"dy":2.5,"nx":144,"ny":73,"la1":90.0,"la2":-90.0,"lo1":0.0,"lo2":357.5}, "data":
[rows 0 to 18 of 73, columns 0 to 41 of 144]
0.2052676615873924,0.16196067854767376,0.2307871032668475,0.21825950105074654,0.2698757070796732,0.3792182239521477,0.4231396552681567,0.3227637280591807,0.46524133063867606,0.4770850470967044,0.5274979149987438,0.528985124585254,0.5025849678675657,0.46838185560484014,0.6348054757904642,0.5861785559565241,0.5256298899635068,0.538679619182463,0.42466507960241984,0.5266769611141807,0.2870463990211045,0.37883330625923495,0.337654141191317,0.22285642055213642,0.21454579402828092,0.2897644719920537,0.302135297498211,0.3961958608651125,0.27619028839597654,0.3924721999415809,0.3859073834664724,0.3782420066996567,0.43300410705522785,0.36450528915130403,0.44030069999918947,0.4432756079695472,0.33003342704875277,0.36951434764050967,0.3707930297604633,0.26257724049788844,0.2594822904464611,0.20521137468100395
0.15130439485128866,0.1097807873748443,0.1961842106857444,0.23938763319005327,0.2765897831674939,0.33369878850163687,0.40630620363901715,0.3746451761516958,0.4121494710474001,0.513443495516069,0.5787529287622651,0.5045108237078197,0.5798430068814827,0.5858274371839937,0.45878135832934686,0.5841457749812873,0.5001061300125195,0.4644175274712004,0.4499064979244095,0.39662558725109337,0.3526415669804131,0.23295776024126874,0.2908056915730501,0.34973709041203976,0.2970714738043416,0.2984329035793565,0.3259575086720994,0.3585157968487047,0.23646611979569407,0.245464866059611,0.3439072038917414,0.3889862452650024,0.46329303317963305,0.3055159339846901,0.33902097306066037,0.40069010343061334,0.3715948089458547,0.3080125903937777,0.2799237435544519,0.22418047001032518,0.23502610958506318,0.20542604530613065
0.11957627540395983,0.23074009566559303,0.19909848268398572,0.22627541550680597,0.35090477642034756,0.3332522598212768,0.26551311638851355,0.34668843969306085,0.42543645062543756,0.5057121857020702,0.5357737169189909,0.458777394407724,0.4804192044008476,0.5806503240357062,0.612324091110454,0.5027537907570041,0.5434393046763873,0.47157536226951785,0.47293238174389396,0.365824512680548,0.3661611000345225,0.46885386558877407,0.2586872267750693,0.3252898653807702,0.3225442039746541,0.23693263600935885,0.3170868474031621,0.3033908479857013,0.42575711026460195,0.3888021730999027,0.444999635219943,0.3717176436630031,0.3363087798705119,0.41104554066935034,0.4096227668706069,0.3219194935620147,0.39141047378079963,0.3711620394577433,0.32957689257166467,0.2132224137610892,0.18616217637099533,0.21175145086480207
0.19103668970455243,0.1652187342290729,0.1742677456269204,0.21715305063002827,0.23357522412758933,0.28427448900695995,0.4321831491483677,0.5228285595381982,0.46693450727635494,0.44506428742098614,0.43454123977290227,0.633198322449446,0.5744165322994496,0.5253689053711783,0.616103922854268,0.6735488880205628,0.48938536026633384,0.44964138965035105,0.3640904181909725,0.4034782292051957,0.47041973754307614,0.32398543181499745,0.2676008502555533,0.2873555564909207,0.230262221904982,0.3099514237934169,0.3562880585985101,0.19765869979006406,0.33434482166720947,0.33470174957374627,0.268164184755148,0.423184494403018,0.3896031372542434,0.367664048129413,0.38845581833728193,0.3511722430734017,0.35396113351580627,0.42293940849212724,0.29095576401148465,0.2798496359116742,0.318843933810915,0.1503359939328274
0.2644936814990709,0.20815306777624007,0.3088911744617993,0.2269502566388283,0.3728772840899376,0.3005398402400142,0.3985791674902961,0.3365773869273951,0.37921166048703736,0.4101767938117495,0.5012907217201503,0.5436692277312454,0.5247858393557754,0.627456196466609,0.5025052784427243,0.5194194349993291,0.5082368494971969,0.4771536278364743,0.4343692795009747,0.47153555966246713,0.36924024931904253,0.35856237206388475,0.39756579957933946,0.31917388133130314,0.28130623123588516,0.33010057205570353,0.2682559723263731,0.35757168202197603,0.23844031906287827,0.3252561211097024,0.31173243648980997,0.4968425379268319,0.33335711821527303,0.40436532122609864,0.4329117016504312,0.4154952052280418,0.40691017483509573,0.3197081588837757,0.23694987418205635,0.26917395342658024,0.1665429813060344,0.14293033174675285
0.12889154333999717,0.19257085802379476,0.12689859884834112,0.25977383856343544,0.2571413924379905,0.2371226898681315,0.43849711063736146,0.4425833213369363,0.5621020410175445,0.39248325106372467,0.6058903807708328,0.4871143016037401,0.578207618531662,0.5809340516966969,0.6106279667592399,0.5162868515074599,0.573430780203137,0.4502051792402627,0.5232755829462936,0.41817611391377413,0.44703587249243254,0.36443515123670145,0.3354560536131269,0.35495332744032093,0.332171062933585,0.1853261238947504,0.36581058951592216,0.2843230786278783,0.33082981930598704,0.25319949339085174,0.3221371736486279,0.31923709867871314,0.3038872519964448,0.36153030918632406,0.4404949022423952,0.29890275855679627,0.385885976484932,0.3731099396083655,0.34035964458717993,0.33609496280067597,0.1910499928897786,0.278217994312059
0.20983887973394855,0.1824803145546059,0.3224675658308598,0.26256584097883784,0.3878005787731051,0.39969484363790897,0.29536670039962426,0.4683477198989568,0.38959732420555115,0.4408510388568922,0.5965660300991128,0.575075481069212,0.6287986240001986,0.5699063724186016,0.5473388850313553,0.47642986051045383,0.5783390472574075,0.5828126994132293,0.45279087072667984,0.5528256356962783,0.442675666972403,0.42645763944792076,0.2879515238478431,0.31786426266729284,0.33380047716846695,0.25242371169961536,0.4150152971548856,0.32890536336436516,0.23018745715470706,0.4444132009377648,0.42798184124975686,0.4428165213224815,0.38353621790300885,0.44393373397397745,0.5066783674723594,0.396851060930364,0.40365959196428236,0.4108425005375405,0.24824673507289013,0.3413897876582139,0.3198573004473951,0.17496149247188425
0.17068445167346258,0.19145335963859234,0.23938495017374983,0.25329966041634183,0.27439006095566076,0.30485121827139444,0.46552557687564966,0.3532453227243824,0.47480035705591694,0.4673334900764476,0.5696341730554271,0.6711085298084088,0.6469674149446561,0.5123708667756244,0.630190075035242,0.5639274851547779,0.5356417581920835,0.5116870675141132,0.43418259155429084,0.5500823464912427,0.49814757688310196,0.28237723015272637,0.32646750067505587,0.32249181538065896,0.3672480268376181,0.35540022710821345,0.21855374920760204,0.25978699712107967,0.38407322001655403,0.42526936274781124,0.3158084193065575,0.3402673908793497,0.3634200496278726,0.32543497793446535,0.4923200862726713,0.44771247996312924,0.3448522675222698,0.2541533404849245,0.3280779522794313,0.33329864825151234,0.27811911320433014,0.16604125026095579
0.21210115042597735,0.22864533109025442,0.2742773768276832,0.2740398235101421,0.2537479385724229,0.414156974093819,0.3089298805607519,0.3519553197112138,0.3711736014415627,0.54459616144861,0.49649972097239464,0.5856369761108449,0.5661471823338469,0.5381058045004342,0.6021293029734328,0.5416500836348674,0.5147721542848513,0.5328748368299553,0.5444553466608625,0.48510131567348,0.4349747173176077,0.24285116504575147,0.3502840752262664,0.3365481511272312,0.3136364294252232,0.2703814012107964,0.21673157692666567,0.2858099825492703,0.3014181698162815,0.35348021810734453,0.3680266282010788,0.46916683378497753,0.5034766678165615,0.4264675378304674,0.455829336578965,0.33471902596903,0.42591017870696724,0.34891783474456983,0.35814166314353696,0.2501939541157269,0.2021243405540497,0.19948819535481063
0.23673946097427054,0.2387741355923288,0.16854532426784757,0.23960996930348588,0.22642164830838057,0.3880306511645575,0.380802535752308,0.3556700501377452,0.3907323827304404,0.56720519375522,0.6138581547813764,0.5182733251983861,0.5705448891674019,0.5208599324679315,0.5470209751790079,0.5405125818401777,0.5446919278301833,0.5449867001510658,0.5587256158098668,0.4276381193233429,0.3839255180393139,0.2642546896725342,0.3242546942977191,0.31131870633096315,0.209195441435555,0.2374202978761873,0.30098164459798205,0.38650721772615104,0.2636922899038096,0.31749800274374873,0.3748603369392589,0.4104989753881163,0.42176521619904106,0.4895029325698137,0.5242429228790854,0.48412076382740005,0.4766754762902707,0.3758102515385891,0.3713464844892582,0.2981421352822936,0.22885676484926507,0.2715896298235812
0.2635943171537099,0.26634414136455287,0.26810901791799563,0.27764581430018004,0.2577350643700657,0.2914684538211666,0.3490311407718591,0.4405160590005615,0.39845832406861664,0.5788626911320636,0.5710369570892394,0.5171308819638645,0.5564118123747533,0.6137974391266546,0.7230175731344147,0.5905417672774869,0.5267580686030576,0.5691242734500405,0.460247855457257,0.4645796585252052,0.40674804861747654,0.3803879192659253,0.28525479701704726,0.2562069976621443,0.2638317318509481,0.4284972494178332,0.3183774616371775,0.3282586227828194,0.36316056940568586,0.2894685069899592,0.3631952529259308,0.309338764504256,0.334890656242676,0.5242882554092716,0.32864398627748903,0.32870244375610214,0.3678075317525636,0.37629635018794433,0.3183160860872793,0.35667534715390553,0.31436193554702185,0.1752153897227526
0.2381817850194684,0.3351664989052788,0.1862262069158668,0.3435341816731819,0.25937561817208377,0.379290136843299,0.36308635929877586,0.48968852919377776,0.534532140818091,0.631273536786395,0.5633075824570739,0.6244506492601074,0.5572637727429166,0.5502937653789177,0.6010291757869957,0.5474112782249699,0.5955120845697176,0.5418419552974767,0.5455842954327699,0.3926487856008309,0.33634525116313946,0.2854248855055684,0.35775122193964304,0.383361047272858,0.33122332613248673,0.29686161871809286,0.2559372853348349,0.26988646909159164,0.2971437286699718,0.4437301633538774,0.4034553957852687,0.4066182009692706,0.5153836837157193,0.36115079584259063,0.5454921611143353,0.5054581021103174,0.34775591313558046,0.436492049448001,0.31826756258229427,0.4053291893427886,0.1975281490686226,0.2182735366248445
-0.09288712721394311,-0.07916238639471676,-0.07468948069217389,-0.08512795852368849,-0.2656887235532855,-0.15993868285126117,-0.26063835416741227,-0.16880153777023235,-0.18342289762127895,-0.10696912293778618,-0.17359285500463975,-0.1722490515933369,-0.23848233975406052,-0.2392851441110736,-0.14869383465907746,-0.17478315262396435,-0.24142878626244277,-0.11848915030198835,-0.13160207550176192,-0.165028263823696,-0.18363454658443865,-0.18981574877734828,-0.08570714083479326,-0.15875022656693516,-0.08860021817250222,-0.19431194567514734,-0.18161874504950615,-0.09107180098176125,-0.24046430289424722,-0.09151423762145201,-0.10734530976915412,-0.161605387233179,-0.24476219975682462,-0.12433622083896642,-0.11933054098065174,-0.26632888573652563,-0.11967056709934404,-0.22444840493791485,-0.17828904158331985,-0.2690467100261019,-0.2246884019482094,-0.11171202016509205
-0.9208960417597873,-1.3103699133139353,-0.9241275944731316,-0.9552394868177194,-0.1301531518181811,-0.23615519026124038,-0.18102979337059438,-0.13492817355308803,-0.17440567467299878,-0.18153714800188703,-0.10507160197530502,-0.14531905477495097,-0.2686074562238214,-0.18949019635581105,-0.1261920842743163,-0.25988196827821514,-0.15161910465358247,-0.2473929254705924,-0.09611299309450146,-0.14152727429206816,-0.23416534485628568,-0.13267904162059477,-0.1931929139364249,-0.20853230422777883,-0.08824746855849944,-0.13868594319851585,-0.28030183792833185,-0.15991807197035757,-0.146333661722749,-0.2574288805760235,-0.1767791184800754,-0.26596980871154485,-0.13873250274965787,-0.1436160504754314,-0.11542679317398649,-0.11640355268325249,-0.2632477003974341,-0.11144774595851163,-0.2739694176238059,-0.25147640196513493,-0.25889403614304735,-0.16627666547809627
-0.9809670482132927,-1.079271489957872,-1.1042694672626598,-1.2554729416300443,-0.21613016808450822,-0.269934165222345,-0.2932669524466272,-0.2877769846354785,-0.2462703145054087,-0.1357437780796645,-0.2748756286566294,-0.11198831489241172,-0.20346303141235292,-0.1484748249392953,-0.1192303800008174,-0.2534725430128202,-0.21128792349894346,-0.1766019551620553,-0.1885806253684756,-0.22825493098186034,-0.2095317742221895,-0.15549107585842498,-0.2729004203132845,-0.13058243327112087,-0.11987746869112914,-0.15812215031765361,-0.2690787110232,-0.28770513633770417,-0.2537495585983852,-0.10071264419791114,-0.28535254466896925,-0.21509976000852593,-0.10689445077379611,-0.21269887533406664,-0.2783965370858699,-0.18546696550492403,-0.24186227884066994,-0.1470892276199985,-0.28026641888581555,-0.11745584048577719,-0.1290365839939272,-0.16670319649710597
-1.0990440391832257,-0.8839316069941581,-1.0888092730169388,-1.001714429011551,-0.23977904054640992,-0.23293094294148928,-0.22558497556638438,-0.27921572355580765,-0.20141576329879243,-0.14731474869289202,-0.15816879971675207,-0.20844280080141991,-0.1604266116787518,-0.24561844884483774,-0.22487632875312846,-0.29082557820420235,-0.19810608859591483,-0.29905963914991057,-0.22854710049630286,-0.28840328899923223,-0.21415644122709593,-0.1839701840797921,-0.23370663333910885,-0.11572534242717233,-0.1843298540136523,-0.17781389524952934,-0.1363080500559266,-0.21161299063666564,-0.24454720059135765,-0.2975470099145286,-0.27914471398266816,-0.13124387459944983,-0.22248824926717356,-0.1897663559715538,-0.19846657545249774,-0.16067219565588384,-0.22042988678191586,-0.16085958772028452,-0.11103752749619067,-0.2811440426039215,-0.2479267627897348,-0.16131683250973283
-0.942482354200995,-1.308949392988153,-1.2705062901206001,-0.9605123216732625,-0.2952368316866271,-0.13282785892498103,-0.12702422798560747,-0.2713940778712637,-0.23175663176824898,-0.27844730037451243,-0.22993365676679994,-0.20298971309982786,-0.20795845534064514,-0.21291028206903725,-0.3191630046583827,-0.15297255479912053,-0.25618053421140446,-0.30626563681127,-0.2821009040460628,-0.3023145916106605,-0.16809115768159988,-0.1693904035852663,-0.15894993837971752,-0.13074898726402273,-0.2419864021745554,-0.1318732561489296,-0.3013745319107251,-0.1811195372385178,-0.28027813714811145,-0.2440917861850634,-0.318309550878178,-0.16055668098527495,-0.20459778347329508,-0.23405457521755604,-0.17698506437342337,-0.3193619968476148,-0.28216231679958337,-0.2874938594681444,-0.2273217784734461,-0.2884038086878951,-0.16086415146765543,-0.29007588046181965
-1.0109181621532966,-1.1645398134833154,-0.9463087970315214,-1.4062428035766428,-0.31419953323515404,-0.2072869073855316,-0.2501878509743496,-0.24458031071843603,-0.16102949614990406,-0.1889165758631351,-0.14533334239017354,-0.30347411986960504,-0.1383197376611726,-0.24426848805558174,-0.14277112374371834,-0.23950530907019454,-0.1778854787070314,-0.2977549324251641,-0.19242039256179855,-0.17257504170259003,-0.19896736761891184,-0.22085533316185238,-0.2965700463171594,-0.2087583848041363,-0.21444965107906905,-0.16880095189982108,-0.18239868046233945,-0.27094020229887833,-0.20279275026167243,-0.27661431953340426,-0.2921666674981865,-0.20412971254064283,-0.3249322621179986,-0.2721620370444474,-0.2929233230459599,-0.16897456657534074,-0.20302614985298295,-0.25290708400574796,-0.15125497223390347,-0.30528476556616174,-0.21023539620561021,-0.14778518349674222
-1.3713892205064482,-0.9075600814550694,-1.3446622627687335,-1.452169430682591,-0.2000036831827912,-0.32540657120099753,-0.2896617566688997,-0.2917702834549592,-0.2156273616189338,-0.17339012473879903,-0.2861091074400767,-0.22535240536555368,-0.25350372795317905,-0.18375223650093192,-0.19852251643229454,-0.2306022453097717,-0.2923393679494758,-0.1881153082474979,-0.17068451646032803,-0.30363505816917385,-0.30649303705829956,-0.23057532454924093,-0.3402021460131787,-0.15532677920978435,-0.32441597251076054,-0.22532372211229462,-0.23287712865947355,-0.2364529152401088,-0.3215059472141916,-0.1604936373236594,-0.1532123957981791,-0.1541808002510285,-0.2731523747504986,-0.28315511959886064,-0.20772964704118208,-0.15301220191409484,-0.15335678429548757,-0.31916268866316344,-0.24194368909713923,-0.15264648540933737,-0.23485811562863032,-0.3358594068643958
