gfs-wave-data.json
{"header": {"parameterCategory":2,"parameterNumber":2,"dx":2.5,"dy":2.5,"nx":144,"ny":73,"la1":90.0,"la2":-90.0,"lo1":0.0,"lo2":357.5}, "data":
[rows 38 to 56 of 73, columns 42 to 83 of 144]
-0.5554612867848104,-0.6807587524067658,-0.446316276489949,-0.5553903157291238,-0.570565673931784,-0.48788745744674356,-0.6009647924483199,-0.442901001681678,-0.4497743361309464,-0.5801466073515484,-0.4119007430005537,-0.44940251754973787,-0.36613757111825773,-0.3602248381737999,-0.3535430283078527,-0.2129935585523941,-0.20285780130298597,-0.328500998455856,-0.23085906619243945,-0.3498782319268718,-0.2860635426024844,-0.374000954424957,-0.4828304361467918,-0.49882029294924335,-0.5841993278320919,-0.49030037709332447,-0.6539053027808281,-0.6649782627776749,-0.8033827235370733,-0.8968783827508252,-0.7966498481497792,-0.9993543112215421,-1.0057306651975593,-1.0261879018026048,-0.9116750136313703,-0.7777696915513677,-0.822629432224765,-0.8915835541592482,-0.6562573703175029,-0.5772042685411303,-0.4762360084400943,-0.6024533028917164
-0.5956215539837987,-0.44959138500443285,-0.4944130554300026,-0.5352190377774703,-0.5542422442914572,-0.6324543934495265,-0.5638818876332795,-0.5687080900439482,-0.5247142831845131,-0.43366524945395996,-0.448123915219617,-0.42587422977001105,-0.2728041180271145,-0.29688823168403833,-0.4415190963927385,-0.280031121821228,-0.2053632841727421,-0.3752406339461333,-0.26062090847121877,-0.25801617820567224,-0.3737403470364613,-0.4146729270745828,-0.2736427503659838,-0.4273349613843805,-0.5853638746126335,-0.5466355819362564,-0.7570282895201483,-0.6686302390181338,-0.7593160363908003,-0.8819196579130435,-0.9840583385397982,-0.8576799402598246,-0.9266059467214409,-0.9620619344427631,-0.8348616867414503,-0.8783555286990027,-0.8538136385883055,-0.5762987939625986,-0.7759796020592534,-0.4701163071717153,-0.6740115949643821,-0.7242858239433242
-0.5375161755416122,-0.598212960059175,-0.5552855976181621,-0.6427237827651393,-0.5642341224791388,-0.47589485409347354,-0.5471393272173344,-0.5483421509128921,-0.4156948073188206,-0.513557207003235,-0.38089855178438864,-0.39109101092320986,-0.41167773481203473,-0.3212969382180065,-0.22915711351473161,-0.25279841244666795,-0.23790759793930025,-0.3167484028980908,-0.2970981448560337,-0.23106995958370527,-0.33135408428030844,-0.3225021898763143,-0.3185638913437221,-0.3250708710071986,-0.4609942781607856,-0.5586398133132386,-0.6162458539183614,-0.6574252690961944,-0.8532713904947243,-0.7916183221975682,-0.8350050125850286,-0.9657523320481933,-0.8610272717840723,-1.0361733984603887,-0.7671365571250309,-0.7227918315122076,-0.8155107051935573,-0.8477553375646073,-0.6912564843350156,-0.6395020243906337,-0.6167599387254586,-0.7744230130924751
-0.48042970712130534,-0.6062382639074211,-0.4354831314679004,-0.4908914939473298,-0.4826110552070481,-0.6359238861864757,-0.4591099289964579,-0.49186439225189993,-0.4820996859189016,-0.4578556707312928,-0.3845259214685432,-0.3618279220177146,-0.44013430914507823,-0.27621640204614706,-0.2979039906090194,-0.28541839796537055,-0.20033365550557694,-0.3090228077695665,-0.36312465497267316,-0.3152902391160881,-0.29323922006725484,-0.34512882560489505,-0.2815146217776616,-0.5070211125092623,-0.5272548150458595,-0.5495765377232941,-0.6752347010512351,-0.6709021204929356,-0.8997044473208069,-0.7749437910158179,-0.9004834130082237,-0.9131804245837768,-0.8623700650763096,-0.8941878992455017,-0.8552640193886485,-0.7938231932790628,-0.6831428000251307,-0.6447264192742587,-0.6948529658934555,-0.7185183992319427,-0.6270527845157337,-0.4863435316634019
0.038807276190571185,-0.04035780273284156,0.05406663159746372,0.029928199807293488,0.014181238225052798,0.008821213917498688,0.016329174914102094,0.044641271521968874,-0.02200081122164221,0.03785703788813554,-0.03805413591897185,-0.043809742265339076,-0.062165715127053774,-0.016560040407626278,0.009900565439730773,0.03762070206388309,0.027141410914388635,-0.008774650362955452,-0.011725189757099302,-0.0022079041755192898,-0.035235146701392814,-0.0278052529940446,0.04180593755921377,0.04815916635483945,0.014363479517747003,0.04437774911075725,0.02692542413350268,0.037407943898121285,0.031630898456677416,0.028175942313058634,0.02956397210847954,-0.031344658748718994,0.06693195711916863,-0.035913393470082634,-0.04474813170712406,0.01218760644419074,0.02789354321379502,0.022449272553268545,0.024784238954030546,0.03344344280189806,0.019223733066929236,0.030706390774689087
-0.7571318876484175,-0.6060212655624467,-0.6921861558504118,-0.9278766458373241,-0.7324468529316157,-0.8450220310545655,-0.6496936260459797,-0.9056446871236182,-0.9129762475276068,-0.675395904997978,-0.7483375263616393,-0.7843186941699585,-0.7808072111221531,-0.6115196820539286,-0.6867200549520334,-0.8074745724250498,-0.8031429719675589,-0.6280172391658911,-0.7114133657093153,-0.7549458285773426,-0.7388469441743508,-0.6346442019452131,-0.6907340205029432,-0.8033230549767324,-0.649289612416545,-0.7818526536181566,-0.7069379225499999,-0.7523953402098208,-0.7914976689947933,-0.6943950903943266,-0.8448781220384114,-1.2058342020120307,-1.1073924197948972,-1.2062464148674557,-1.3069968318499505,-1.2480004919665633,-1.1983347795738248,-1.2440443598330209,-1.1711791457026202,-1.076745624517763,-1.1641340685816957,-1.2550349300756638
-0.8612687916881241,-0.6006037387221136,-0.8865203066732885,-0.6666512454025341,-0.6666907615844248,-0.6078459139634076,-0.6901817659223507,-0.8277319410751459,-0.6560190493795115,-0.7584852215731197,-0.8047726400536519,-0.7953894553537605,-0.8649657940178892,-0.6260565912129855,-0.7350178595946367,-0.8503068180875067,-0.6719227530327679,-0.8048524720125507,-0.6807138557349934,-0.7993077311600665,-0.6685315471660496,-0.8048222016452262,-0.6722929928208611,-0.7444999677217382,-0.6756042449783429,-0.7186829609930585,-0.6298898724532432,-0.8132557812302967,-0.7169041959245194,-0.770992139385531,-0.7595298590685859,-1.2291247761284774,-1.0544909875260602,-1.237203779074957,-1.2140355072168325,-1.2030120008842864,-1.1753878280834993,-1.330924259355548,-1.3699661188586294,-1.2150550577494137,-1.1889821312485562,-1.2356614481332544
-0.9583613381363358,-0.6352527808171038,-0.6830037444649169,-0.8234243324658145,-0.7804643710420878,-0.683858943305537,-0.7098157325004436,-0.8080328311947755,-0.748732403052516,-0.6759399733778746,-0.8302951939165081,-0.6096477128642613,-0.7486717422806882,-0.7195274342625231,-0.8486550567580696,-0.7174272038492074,-0.6805067822035834,-0.5791331925804672,-0.7143297603521063,-0.7351085455629113,-0.7742649171644502,-0.6973339143009065,-0.7019745735322812,-0.7154745094180543,-0.8149881402696095,-0.689520075883347,-0.7558377734534851,-0.6861240641685687,-0.7097111925088232,-0.7968920325249736,-0.6300725674984069,-1.115735071355588,-1.1490543722384892,-1.308614062302997,-1.0827110725568074,-1.2031955396633882,-1.1417714797835745,-1.1420380484208505,-1.3161659715430327,-1.188599974145381,-1.3019333216755993,-1.1618771211781929
-0.6701011272586983,-0.7334245012283243,-0.8422876871488888,-0.7354249962389684,-0.8548456168487379,-0.6657411219938458,-0.6242079174731103,-0.7921020385647164,-0.6255548418315884,-0.746287077780638,-0.8206673293116247,-0.7804341469963341,-0.754812977347355,-0.5953471682012763,-0.8387118515504647,-0.6935927095869201,-0.689786757442591,-0.717719830341547,-0.6767057057242919,-0.7505942647889664,-0.7248504685189406,-0.6890237605742937,-0.6330228091365397,-0.7109657993128867,-0.6522926011952593,-0.8564433659895371,-0.6781344356528952,-0.7360881349097356,-0.6601087947444201,-0.781632512071566,-0.7167993823028423,-0.9901307915722855,-1.245714681769262,-1.2595735500576108,-1.3186067354220108,-1.3244075326251683,-1.2170543378445215,-1.3129591233306799,-1.2745184142363093,-1.1943227435649166,-1.233414099021992,-1.1802678518979124
-0.7398612316014597,-0.8459332444643854,-0.6941888305639009,-0.7222726118119126,-0.8389757943552167,-0.5928717599994362,-0.7914972597737171,-0.7631604104052505,-0.7534612870096828,-0.7074357550681069,-0.5586873980809072,-0.8258469530705791,-0.7306543944380192,-0.5747601588401559,-0.881866186618055,-0.5317234072543747,-0.6014824609695472,-0.5900829647224679,-0.5868144661451098,-0.6810988379190572,-0.6604411922688606,-0.7279210611273654,-0.6577247053573332,-0.66153277988571,-0.6709576660198543,-0.7519432561095735,-0.6871836456089757,-0.7456938221515947,-0.6745348139332711,-0.7712960887924466,-0.6592374562028904,-1.2119006925555809,-1.2691237443926981,-1.1384325393867847,-1.0995744739803044,-1.2661443138864767,-1.0873657916680985,-1.2937706665990136,-1.1325310472827719,-1.0541795314772484,-1.140274689031763,-1.1774715832336495
0.012795940009609881,-0.06786595777159167,-0.01727338023581144,-0.024941828844016405,-0.06201374754708341,0.006714655137175448,-0.039476687882700756,-0.0332382332224578,0.03748118525563653,0.02697583710388667,-0.006252659879105558,0.030112815466320903,0.034144377031342224,-0.006415681526926316,0.008770545216370116,-0.0276122348512626,-0.008990058089214882,-0.001503133954138717,-0.04740676654675816,0.002241397165830097,-0.023686939436038442,0.006758846969219357,-0.01973128476547962,-0.053720086381774744,-0.056221331893020185,-0.02983823961249433,-0.05285163494504411,-0.02591563863580472,0.03251309666467152,0.01594696562946399,0.018190214037158956,-0.010961977544114586,-0.011825184699080254,0.05310077961480059,0.03879925504275614,-0.0005937747246272037,0.0052376165745113695,-0.03179792385472577,-0.005617612924144713,-0.03864178670372337,-0.023174590330826906,0.033155884587295854
1.0067672353856847,0.9090854430135362,0.7978638998860327,0.8734875689479868,0.7380892685987633,0.9443696170724614,0.7676633418234892,0.7830272301041745,0.7198813747308909,0.8021015936989385,0.8580711197690273,0.725211956905832,0.8706449243021223,0.9106305840985441,0.8715922132489785,0.7566072056542464,0.7964145603615845,0.9265842877163604,0.822650241188127,0.846070381351727,1.0296805242913,0.9116897798410666,1.0029290829658495,1.037914934957532,1.0305193072168262,1.2381290625868542,1.277399530342644,1.1910539535078097,1.3453370979961334,1.3416270750203894,1.3620504742009132,1.1975416324175823,1.2817752587363447,1.2590480775292683,1.2310489099948219,1.194928168725352,1.0893780234730988,1.0442070618051524,1.1364193094049135,1.0415338086064618,1.028756110130716,0.7902234387360741
0.968019755745739,0.9150908060365024,0.9310610870725327,0.9090140996745758,0.8063358767632426,0.8361345938454835,0.839000664440459,0.8122346781149139,0.760574994915608,0.8691488901244543,0.8097267771355643,0.8871282163522962,0.7831480619882606,0.9554587036357524,0.8674351385180266,0.8592403064727155,0.9517538667816384,0.882872285695544,0.8007848015573904,0.9155918370793475,0.9012528555887387,0.9149569721262221,1.1672450068698685,1.146124047952057,1.0989835392772298,1.0896221791942715,1.1968597022136995,1.136206578599906,1.1562402129657552,1.3547421089566494,1.2182903398473208,1.2133396103954923,1.223456531125678,1.223510472801121,1.2281073113368068,1.2158593722532374,1.1689569222721703,0.9629273747172005,1.0528711272776867,1.012240195924382,0.9868272737575233,0.9269914416487979
0.9170409826953976,0.8958557735926158,0.8844342336070092,0.8685617559538945,0.8028727506181603,0.7617752671958246,0.8612732577814749,0.7627240411623679,0.8510602872759897,0.7838924082547238,0.7597705257272075,0.7153759075082932,0.8864896280854291,0.7818274803242377,0.8645508440913368,0.9099967528896622,0.8680659104752774,0.8529906799569525,0.8439824908399524,0.992464267819324,0.8648874695035763,1.1191868106972582,1.041595754862114,1.1166434518734174,1.0663037993982576,1.0602699994179656,1.0963070349360386,1.2752607814203663,1.1695733731715905,1.2931315382025488,1.2097155591161886,1.3049986555037891,1.3310861783675845,1.2939339789317426,1.1499063241612413,1.187749445686961,1.1447891372821617,1.007483407827504,0.9471951367299717,0.9518829939145009,0.93104726868529,0.9186015075433693
0.04522434745801554,-0.014199050472215079,-0.04637891641877189,0.03925200844773054,-0.025296454905539424,0.04352381693368784,0.01826421352129974,-0.044297124976308305,0.018662852235678457,-0.011232109040886066,0.03533188875713404,-0.03960130523118434,0.025502371478983595,-0.05528574612059697,0.0626779352462683,-0.04090765790177284,-0.00940324918754878,0.027994907772311003,0.025032333595206086,0.03409276927864453,-0.0216398720785653,-0.00033789892626942986,0.0555131334926727,-0.020006172889687333,-0.013088925874991,0.034817561721058134,0.03640512205727469,0.02010192729679086,0.024073204475567187,-0.046164250809706146,-0.024709656262597534,0.030094165126439747,-0.016057920544583295,0.02156226650128035,0.017774951733664744,0.03986891692103312,0.015502833963141435,-0.021458625378541426,0.02251924348463691,-0.012174878283414986,0.04990340831959886,-0.02646460807952319
2.5726197376547977,2.4959318918478868,2.5649848262193378,2.5407343028136755,2.3878144854948706,2.4669995603984516,2.3244665963695144,2.2694023519573525,2.2183294290777216,2.3981753066913924,2.2638115362404374,2.365779532822696,2.3343730330727124,1.96351565720383,2.2617050783398596,2.056944640501919,2.0085341946334014,2.2347378621649963,2.1301034020515703,2.231789057179673,2.038315349702168,2.0768279863461934,2.093875519013653,2.1372314582646808,2.0895008876399475,2.109186739399657,2.1318469800224333,2.0094807391845606,2.0585649261459382,2.115068037738736,2.076381672068279,1.9645554913398589,1.8891611173813856,1.9386113042071058,1.8712641191525845,1.9165237307655405,1.707440054290005,1.639037880167384,1.7415354656858038,1.5069006791946975,1.6537366164207274,1.6223778796113215
2.462240935553968,2.440667532924163,2.332510968570987,2.624809451006042,2.5088555051864696,2.3456687138833963,2.4146007202079365,2.477156725233283,2.4651544887443504,2.38434307395141,2.421667213613437,2.2336094562959294,1.9543129546383171,2.1191041697462354,2.2115457961827087,2.3943675309082875,2.0997151264093383,1.9431290189765964,2.147665765782505,1.9382261606866937,1.9640252638384599,1.9734708173636002,2.1185215211147774,2.109300125284763,1.9698770185490762,2.192170453864675,2.038153848540611,2.1297444840422735,2.1129511127045655,1.9399579453879792,1.934717571341027,1.8680689392943721,1.958321763912399,1.830493616311183,1.9134315037694885,1.8374840420276157,1.7449371841520136,1.6090592512484558,1.578638979665721,1.534129647330378,1.6425358963005912,1.4372679495108547
2.4988888458706806,2.7128475662802125,2.6420912803866226,2.2539864182395863,2.3638332220997484,2.336144001127594,2.3639163286165408,2.1534505428853805,2.1501036837988834,2.3804005148560363,2.009928999118451,2.071520264468036,2.2599005431421384,2.0851991618838537,2.352417924317335,2.3497695752345003,2.0990108458531926,1.9689883646519122,1.9872014370473101,1.9419546541121526,2.165667559682981,2.1168561934816275,2.1498579950369776,2.123294117653146,2.081345613897355,1.9875859491692116,2.0628100858531813,2.069314313764068,2.0367473498177144,2.03066707890301,2.0073159537708816,2.0183350325000315,1.850037846870586,1.9021497163543102,1.8831519068724858,1.7397610529781173,1.7401001617448868,1.6969200780443474,1.5236916931980566,1.4806028746267634,1.4477083379838027,1.5272889711756823
2.673965526622302,2.6292500314042195,2.4859512317794206,2.3704182673320306,2.365721903255044,2.5475347684626555,2.3439502897160067,2.1393017323035184,2.5068483746157297,2.2679539499445336,2.1895182388770955,2.198297750882102,2.189255934389247,2.227087510657919,2.030499360190456,2.0913147981081126,1.9491227919996412,2.0389500354411303,2.311151161043009,2.1248875944678636,2.0327140507159576,2.2047607001623355,2.022825362266745,2.135727778137291,2.014879307487325,2.1096481902936257,1.9656824073641932,1.9429875600806132,1.9979364278690153,1.9831475189686425,2.037504268584039,1.9540330883127557,1.8559871013898146,1.9081418873282785,1.7993878304514446,1.7880591443341278,1.565411517099932,1.673641822058098,1.6204359887066966,1.5376197645568193,1.4277157758137113,1.452281647353234
