gfs-wave-data.json
{"header": {"parameterCategory":2,"parameterNumber":3,"dx":2.5,"dy":2.5,"nx":144,"ny":73,"la1":90.0,"la2":-90.0,"lo1":0.0,"lo2":357.5}, "data":
[rows 38 to 56 of 73, columns 0 to 41 of 144]
-0.05937348642229292,-0.02486966027135658,0.3806986707396526,0.39567543346153294,0.5174797720496712,0.6726031318044056,0.5945587253274984,0.6603820458319706,0.7771424641363698,0.9607319331360659,0.8698517868865772,0.946836136855994,0.8949082667375564,0.9006280836343361,1.0222295182843324,1.0953098559623868,0.955001176097967,0.7263427158181548,0.7179740551572386,0.6678620348547563,0.562119736743525,0.34879651037318904,0.27919957541605317,-0.010959622637674084,-0.16627795873296938,-0.14534068390375754,-0.2760103749197146,-0.5046540210660134,-0.36326449384047793,-0.7153671221416052,-0.6870078453624151,-0.6881526804343504,-0.8080325770383815,-0.6880200037195003,-0.6962530015067322,-0.840974320149223,-0.7293857425403464,-0.5962787244808889,-0.6079589581224596,-0.5492430150577896,-0.5506384584057958,-0.44175979605411836
0.012456658227847993,0.19929409298905237,0.13334512728908715,0.36660449446992593,0.47909933845705405,0.7173594702365776,0.5554849670090237,0.8420405691284256,0.7649814140291707,0.8506061452507425,0.839597059210878,1.0698107558065748,0.9325172611714772,0.888238337407248,1.0205066898966637,0.9521937450622349,0.9813760360440288,0.7754138336675882,0.7292495156913105,0.6684266676065966,0.6725495383043033,0.29440521073408515,0.5041333668646472,0.2910983864414927,-0.0008381687645073088,-0.2892437246787196,-0.33812671236827657,-0.43722358840140824,-0.5295034892171171,-0.5913998575381908,-0.7057194685869096,-0.7567604122693454,-0.7532378853268262,-0.7189426847671588,-0.6699737390313555,-0.6859362845686325,-0.6889918496275614,-0.712329315238589,-0.6387976437268286,-0.6774010246068249,-0.5113914054645756,-0.4397709464264027
-0.02540260095587351,0.20696400572183146,0.3299097485476729,0.31268739680735513,0.34134582854258105,0.6139135423362124,0.6763046685041583,0.6291708350623387,0.9231421773652375,0.8275296179214467,0.9667505132672446,0.8622861718075933,0.9697963409833854,0.8789737603495485,1.1178377363664922,0.9640017014630322,0.8784680793894087,0.9141128669641754,0.8895225250713118,0.7148880752794217,0.7009266992981406,0.6025070768032927,0.3727359082665181,0.0033294952862006773,0.08656932496819457,-0.2526266871924066,-0.14515032266518668,-0.2947418432996035,-0.608689611464635,-0.4746769290900351,-0.6407855124669,-0.647080876784885,-0.6795070188798349,-0.8577956236735682,-0.7548644370775246,-0.7939793788752275,-0.6976848277485249,-0.5582753572081341,-0.6107183752209621,-0.5586380055313397,-0.5101928703920842,-0.3908296485953277
-0.05981218452908562,0.2181024411150532,0.2529065004746801,0.38353442560236906,0.4278187299172133,0.5483774560266405,0.7258306052226327,0.7036528750737769,0.6678888949852936,0.7381925108662467,0.9334757879448455,1.1063136254817043,1.0478917746730652,1.0774597426450188,0.9243746643994254,1.0227649081834125,0.9763338572896988,0.9882349686430764,0.8277838198777387,0.7235252318236044,0.6660247127503898,0.6310457507325592,0.3617355207474134,0.03364097947640714,0.012625122131153677,-0.23703172030284367,-0.292514900359408,-0.25497858700905146,-0.6265519690327436,-0.6822535034165031,-0.5789096760575534,-0.6096240042598502,-0.653987780103974,-0.7257791641192184,-0.6539517827367648,-0.7113600405797859,-0.6253461649374028,-0.5963042079403994,-0.5681458578798615,-0.5739238029031962,-0.4530844705415403,-0.5426237275535393
-0.16342338900503742,-0.31102499748777146,-0.27884852768018203,-0.15735991215132997,-0.30503955841835945,-0.15791595897935867,-0.33218847797075746,-0.21428030017444766,-0.15714730294748833,-0.31969253107305406,-0.3491667744095711,-0.304659263944537,-0.3280551471906701,-0.16273978812602607,-0.1685430237552429,-0.29261795241434313,-0.18829929246915922,-0.20084750183404934,-0.34058237043770734,-0.33971381602399453,-0.21484415387467568,-0.25371630908983794,-0.20409975211248624,-0.288230464870884,-0.2354153817318495,-0.20664060934912346,-0.3019530206391959,-0.32756752727543825,-0.2778214489037767,-0.3162130797870654,-0.20172454713633706,-0.2939740435302723,-0.20625321788484632,-0.19483590385726365,-0.21816781517917397,-0.21534839400484718,-0.3432161455528968,-0.1818386794763475,-0.32487814321633157,-0.34900717646270396,-0.15955760913679637,-0.18950221105480838
0.3853040775388161,0.4777673578085591,0.4386272620069026,0.49090010521695004,0.7020509392922982,0.5540500325000038,0.48918261187822576,0.6586960856872522,0.7001327894937668,0.5838323622581694,0.7169582332004805,0.6243278175531551,0.7125431631291184,0.6039388059991401,0.8018443205044938,0.7195557561241709,0.7753642218232083,0.7767827086935407,0.856914534028257,0.901445986759843,0.8985734933742376,0.9564248380281904,0.929002087332953,0.8158394068649478,0.7706909400852541,0.8667649405744153,0.8579378096907282,0.738822406429785,0.8140550695934556,0.8768543479167334,0.7470628782450561,1.0308740340074518,0.9655751846048535,0.859686016735978,1.0419020531624386,0.8096960269591912,1.0335507988469932,0.9899803018143309,0.985412278808388,0.8582607212668106,0.8030626960573498,0.9190374707190588
0.5501468516869121,0.5343923010283301,0.560062943284113,0.5102968585489374,0.6761107659783915,0.5027582027169732,0.48395677153392264,0.47250033635257677,0.5369119061203314,0.49394842990212334,0.7668833551331592,0.6312271837706246,0.5483241742058105,0.880563863037036,0.9358044941780262,0.7160665877451879,0.6886482988083107,0.7906915759983152,0.8173352718780498,0.7481676345476331,0.7581694234545718,0.9640154439413291,1.0345771382338587,0.9614213917636528,0.7892296375357982,0.8758215749770967,0.8346624425689291,0.7377080422943229,0.9865542435743526,0.8741970381705624,0.874222289056011,0.7477291194069318,0.7771785942691879,0.8080530012520345,0.8492116672999447,0.9165113027777795,1.0130638700380956,0.9408362088806433,0.934070892768254,1.0249501126268117,0.8072616715803776,0.9127375236977732
0.49862577861312474,0.611859373023707,0.5525633174976522,0.6468959645562621,0.6928288449073686,0.5235977556771663,0.5214424753940416,0.5886556633620174,0.5546911602278063,0.639376866846106,0.597982743348744,0.6992943802049796,0.6245656802136879,0.7480130104342433,0.74080728787518,0.6584195510529288,0.8467440548456978,0.8926935506906593,0.8862690973969717,0.8464338641250739,0.7513726447243249,0.9398178434360257,0.7472242237345867,0.8501517163591287,0.9513880074021976,0.863684712255526,0.8746442659336282,0.7770247825843037,0.8604983030545639,1.0038033886729099,0.7946194791702759,0.9431840044104943,0.8575389218891295,0.7721406036247991,0.8182071167798735,0.7528018703908842,1.0143642526141974,0.801846146649597,0.9218581270536712,0.8182592686167678,0.7913702000286467,0.6732348531082527
0.45743120978961405,0.6670679578575898,0.4519608821589057,0.6511497648832537,0.6000933300560356,0.6006443640514814,0.6500565536780947,0.6438116490106258,0.7793790982946363,0.7024735477140656,0.529076080068818,0.8188861042121109,0.7769488757687355,0.6776875787737819,0.8394503416599081,0.7660672811367698,0.7198339017588236,0.8897327270403316,0.900900549653305,0.9045313086072985,0.8241825836836724,0.9892812487923194,0.8113631138855113,0.9039039996556988,0.830698680100658,0.7180381423042076,0.9306916969652328,1.0038815777375807,0.7273446962593675,0.8257055789073096,0.9816352909672352,0.8486084063752634,0.9157489932876606,0.9178850488279517,0.8507781234002629,0.9169900528135249,0.856281113816125,0.7429115353271367,0.9888873836614527,0.8844520621011793,0.8442680419676811,0.8145232737428634
0.3821664229080951,0.5577828169367022,0.5413860616388446,0.4917617696498753,0.46127409411975734,0.7185229533224047,0.6023878100565008,0.6515850667896299,0.6409118516074015,0.5988184332665042,0.6639872580825419,0.7625026164103225,0.632791590018384,0.6014260206206045,0.7418519643381973,0.6894199046020743,0.8271456486585882,0.8761849232880387,0.7855842688589788,0.9162035467535936,0.9418314312335195,0.8602381219912625,0.8454764982160875,0.7825611602270147,1.0190486635699818,0.9185556889008228,0.8821899582123061,0.8266526996348376,0.9119358332416704,0.8343884751330939,0.8626029018099551,0.7415258726398282,0.9813604028885309,0.8046906865273752,0.7577213649338763,0.8868170205263587,0.781466813957796,0.9771762861990948,0.8111044800327084,0.8599819593601052,0.7527676128256814,0.7433720158915609
-0.1666404210446386,-0.14770429998705767,-0.1873091850696497,-0.17075629364268102,-0.19100052002363346,-0.09804318596892317,-0.23616617614058574,-0.2113768400810918,-0.2648538527196282,-0.23537838131157054,-0.20111765677382892,-0.1203448131049425,-0.11475978814895563,-0.12353380553842225,-0.19704164723111872,-0.2699991505618992,-0.1729493327482364,-0.08639226025306469,-0.0832913351674374,-0.09752924314301159,-0.24756663958563868,-0.21082715165014965,-0.11899281601022224,-0.15027822099512703,-0.14429656256293408,-0.1261706595170555,-0.22835755414672443,-0.2470843908541547,-0.2285910133684991,-0.17822211381471462,-0.0826434534356891,-0.1908155219805616,-0.19312015989847275,-0.16715770597809848,-0.19736573030903667,-0.22385510325027613,-0.2677756914538837,-0.14912925980075276,-0.18137113357731924,-0.24356370677821612,-0.25047788792478226,-0.08628552208684964
0.08037095648411782,0.036495194016750124,-0.3093407681589733,-0.14687601208458068,-0.4703770575987491,-0.3017108349635324,-0.42918799313517375,-0.3929592393477511,-0.5126073960266911,-0.6977403060456839,-0.7011491755765228,-0.7095909172298577,-0.6984645111699997,-0.5188208885394696,-0.5789380986824968,-0.8551640673531364,-0.5776019471073793,-0.6895775579479677,-0.8250857779839467,-0.550676964762862,-0.6440487102476812,-0.5557889251171205,-0.6659573423023979,-0.4763962198655513,-0.6208813766014843,-0.37321928200308774,-0.38106493455715573,-0.36299213068358877,-0.4866697607195326,-0.18573254578490722,-0.17859617905752384,-0.1755766208630162,-0.3333067557398164,-0.24374788996156627,0.058461034332949316,-0.04559282633158917,-0.08234841685549733,-0.08704089033432316,0.17366978253162813,0.08645310449848682,0.29227483872728843,0.2696451824140694
-0.030170952063516363,-0.28735923072374703,-0.21620339215540116,-0.1649679071288513,-0.4448955511604284,-0.5426944085389525,-0.4855987646876503,-0.6478740440528378,-0.5125495581199413,-0.47534849221680836,-0.7257855905051904,-0.702097348847376,-0.704135461955653,-0.7601013264241188,-0.756124679218914,-0.6516238553579075,-0.5558427540928165,-0.5303121178734581,-0.6897122599846789,-0.4836123769311221,-0.7832066503860883,-0.6636266767238359,-0.6165686017890953,-0.5323356878702757,-0.4115498887717346,-0.5253088479119994,-0.3224549228588532,-0.5590605298020636,-0.2721362349169433,-0.4159490633528434,-0.147310126194776,-0.3198992221447814,-0.2851898730868181,0.011660800641651078,-0.2358326003733234,-0.14962062038300664,0.12634696631153075,-0.09869527035327066,-0.035728737337771634,0.08768442361321961,0.06766824564966373,0.23102100215062082
0.2248440606409591,-0.3123717795724907,-0.3656864382063383,-0.4722213112685964,-0.48779729173067427,-0.23313935173714095,-0.3641915855621145,-0.3576662318112686,-0.3779293033413614,-0.7659238360017568,-0.5690869132828268,-0.6609680703080782,-0.7745569119698578,-0.5222803728289072,-0.550858161432763,-0.5401420093214028,-0.5853506529869118,-0.8225748773129942,-0.6983321974902049,-0.6045525034174053,-0.6024854537273409,-0.7707237762397623,-0.36599758807788985,-0.654470216144892,-0.46084009003634124,-0.4858733670607409,-0.49499644219445554,-0.28142944190333463,-0.4298784464219813,-0.19179827812939182,-0.3905305745606309,-0.31861395278857035,-0.1925237099126936,-0.18698414638712235,-0.12277057174698458,-0.14992186674782254,-0.1267305143180437,0.15891701538820038,0.14128839508377614,0.10549541886716615,0.010123679670744973,0.06036210059583247
-0.1116043580838709,-0.11731355399842845,-0.17892661822468126,-0.038816204014514626,-0.15047295832940913,-0.10826787830680047,-0.0575494017424786,-0.19303853762842244,-0.0825538484601907,-0.17435489780418154,-0.038809095056580735,-0.11538014255776861,-0.10185654851610793,-0.19371254488551387,-0.16556868535641325,-0.03500344875606164,-0.19033016852745813,-0.21489076917711947,-0.1797683424473941,-0.11961927046202321,-0.1340730798522004,-0.12435852325262858,-0.13312372780385592,-0.09189740558381858,-0.17007125343704727,-0.09444360307848454,-0.12154105144969325,-0.10256166603758084,-0.11979705356967983,-0.2159980374844593,-0.05113527624900146,-0.060038705023379234,-0.0987623166420949,-0.05105751876415383,-0.041265822855866455,-0.09808919650064418,-0.04542262736224435,-0.15406487557845053,-0.13593162998332897,-0.06301986025803702,-0.2257041379762017,-0.038938395493840254
0.1574083280612696,-0.13655762686849376,0.029340632006612355,-0.4585616709584062,-0.029514137228026274,-0.5370783236999014,-0.40947180078306783,-0.2740668886193884,-0.42382652077035404,-1.0828788509779346,-0.7831570381599413,-0.582487330585326,-0.7135302013368918,-0.8176102762750946,-1.2325136830649621,-1.2344646754832882,-1.404764382083785,-1.0712963674042348,-1.1255209506856831,-1.4947803591292812,-1.532360412947548,-0.9939987875063909,-1.2079323356340257,-1.1389652689373777,-1.0415940462627369,-0.9902211198170211,-0.6534141557225724,-1.0728934903826537,-0.5576850228252905,-0.9513423721791258,-0.5566827205682177,-0.3325090946846288,-0.05518313066980896,-0.490942231752524,-0.5489149189194982,-0.2180069657860708,0.35583191765253547,-0.18287338981077741,0.006697620559199538,0.46604798070357606,0.06047814135222764,0.6390870389936366
0.3286105520613731,-0.2251923993732877,-0.5069463119265528,-0.09922066149402059,-0.682405565963226,-0.7245085861729299,-0.755978207738122,-0.9170658493963426,-0.5515358743516515,-0.8458707877964344,-1.1115063172459654,-0.6365933468838815,-0.630204001201557,-0.9437235766563336,-1.1497857669968343,-0.9503403142922083,-0.9654130542982454,-1.3500423918890303,-1.0201514321837886,-1.2337593174878594,-1.4584154749581946,-1.1866458080754851,-0.8461074297846207,-0.9911150107992922,-1.033192150097825,-0.8807398135634701,-1.1150120965474857,-0.6456227130470704,-0.6664006480512371,-0.40228170972582594,-0.8839889984072228,-0.42358710340218964,-0.1718673507751118,-0.450319178953353,0.2088107199066539,0.19367049929812163,0.032488833784808206,-0.06749439798118616,0.5710975032430665,0.7009391896573578,0.511529388625809,0.3893071228779115
0.0759828534400394,0.13623376574281074,-0.4215124691504284,-0.1856782021624115,-0.4438543677244309,-0.49559689001564144,-0.1831198986179747,-0.8259377994052101,-0.4298255785666307,-0.5034804805247399,-0.9696405879538703,-0.8731536789529434,-1.2084744494576272,-0.8766842593722293,-1.158618544384926,-1.0804277913358882,-1.0475544052282966,-1.2399094700583753,-1.191832998828178,-1.1933986167281914,-1.4869724224421084,-1.4584403721816106,-1.132144591845801,-1.223205006801435,-0.7164152413889862,-1.290334749476401,-0.8962788897897945,-0.882548511301429,-0.6903590688330898,-0.9683637173403712,-0.8132773167638409,-0.9252895153137779,-0.15469939763481846,-0.22635394943413614,0.06893124338731399,0.08260194776178034,0.46342455370497837,0.4499508377396237,-0.17461502946136082,0.6827348841051939,0.7408375964862872,0.3373519029939104
-0.20968280964223068,0.011414161838147157,0.04324608987793897,-0.2130996760809437,-0.6365297895722412,-0.7461535084859627,-0.693991187016769,-0.7419107278706631,-0.5840323958667717,-0.7867402234127198,-0.7775359037288856,-0.7215044551515671,-0.9879358516521636,-1.0018965352217546,-1.269422644259906,-0.9440693338082212,-1.452661548910649,-1.4568526526681005,-0.9571770274597392,-0.8952409709358425,-1.162662589275911,-1.4559228720034763,-1.3633750771847908,-1.2624377425946292,-1.363532506793195,-1.4093058390670492,-1.1525511814978493,-0.5618533322935791,-0.46143625810085503,-1.0610969915768191,-0.2997089018516624,-0.9815759269353741,-0.8389340420247512,-0.5475020949051843,-0.013177324384573478,-0.050930615522418315,-0.15482763397103783,0.5630990305505338,0.18657596108660868,0.7056884936036724,0.4915278302965294,0.9183724609804795
