gfs-wave-data.json
{"header": {"parameterCategory":2,"parameterNumber":3,"dx":2.5,"dy":2.5,"nx":144,"ny":73,"la1":90.0,"la2":-90.0,"lo1":0.0,"lo2":357.5}, "data":
[rows 19 to 37 of 73, columns 0 to 41 of 144]
0.7334832890179527,0.4535810868875369,0.7322352158876928,0.4585732040684127,-0.19110971394506146,-0.19572716539092097,-0.035734287710256274,-0.06429477445236112,-0.023179622455320337,-0.13276453432533764,-0.08593401001707922,-0.06305013273592312,-0.19177531782805934,-0.06598853525219577,-0.11094713124337674,-0.14071366857152423,-0.10903284140283631,-0.1696207003975316,-0.09008931139659879,-0.13813508930726934,-0.09917154626561145,-0.010848074892954694,-0.03867787651846853,-0.1984541584335661,-0.022236169624190207,-0.19189417181776616,-0.028021131640898176,-0.17313363385422276,-0.05843822213003789,-0.19951239024685538,-0.15010988416785448,-0.09280183523120318,-0.03641125478517896,-0.1532856418763947,-0.16475213006951536,-0.19741495292244116,-0.049057622963177866,-0.04061276843858102,-0.005242145965634446,-0.007111765878381122,-0.1385659062145591,-0.07196937778684535
-0.11251891373735944,-0.0052898313348577405,-0.07337565633926853,-0.1610503604639401,-0.07079989171448955,-0.022622411931518076,-0.07126490641871887,-0.09876225906242615,-0.1413291258752856,-0.16373161856581392,-0.07875327345632556,-0.1267359307416385,-0.149077965508644,-0.07522784415107261,-0.033280982918725076,-0.09880459000139458,-0.0787198927926066,-0.01855383490921182,-0.12057314540181413,-0.048374055693225344,-0.07435159225370477,-0.19501184764235885,-0.040243587907121396,-0.1980527914899518,-0.09129093086410264,-0.005672787784267499,-0.13286219477151426,-0.046255962447083486,-0.16350885147451819,-0.13801408195905876,-0.1281088748699517,-0.07278151612334377,-0.135859930209513,-0.12714408316575967,-0.1474703162147644,-0.024546690414179406,-0.06370514349461155,-0.06959265373273125,-0.03185720915828352,-0.12100126267196047,-0.07120567280434176,-0.1423658488491161
-0.217843471891815,0.09299802155818088,-0.18327614357415115,-0.23541267187361767,-0.23161267429729165,-0.4744306327650387,-0.43411279906878814,-0.5680400455313744,-0.4284396508955466,-0.40752618856657863,-0.6189854853084125,-0.3937360927452885,-0.7695425083775601,-0.7484468960769153,-0.4753101106694668,-0.5257003023936738,-0.874513573346919,-0.8310677426128581,-0.6841477946980301,-0.5429968779988011,-0.39606701276754325,-0.746107080853853,-0.6222599519870571,-0.3901301932011111,-0.34235567699500324,-0.2885584872498943,-0.28888276533430735,-0.535789842768314,-0.3637807274460039,-0.3346154566854795,-0.30405670105091265,-0.2666245417803429,-0.06459397749733009,0.009686117525448993,0.047080501010452955,-0.015383463904960686,-0.03434674332932366,0.07703008040558906,0.170891667190083,0.006804300330948117,0.13156938493374526,0.27320112906327243
0.13683000348350555,0.1902203839041981,-0.379968259644078,-0.38154744317780037,-0.32402609787880005,-0.10979542468334029,-0.16271819571135385,-0.4411370905807557,-0.5393803797314468,-0.309654798651953,-0.47307225607326653,-0.5794222918819798,-0.6940787660682248,-0.4187175919106903,-0.8669060742684609,-0.7149136055371692,-0.4360944663438864,-0.44362801067423907,-0.714972849993056,-0.6895047837110597,-0.5671592589058969,-0.6243089580772421,-0.4994880662855406,-0.6212673447239617,-0.38642146940428573,-0.35670178225275423,-0.3677747314560009,-0.4325260942244354,-0.407736389348072,-0.33681702006800723,-0.08566609098006402,-0.15284021850767493,-0.1992241240466838,-0.10633275297951386,-0.1478314080826781,-0.07519722606725145,-0.039542856125600094,0.03399380496864343,0.06752679074598616,0.0201061909845959,0.10421859428409398,0.15139881478894932
-0.11059751614820164,-0.01085511320511903,-0.23363982132006827,-0.3439803708796298,-0.04297735966256078,-0.47018072936690325,-0.4405696761425248,-0.6179222295685607,-0.6021431845199332,-0.30814569107828577,-0.34233707335003233,-0.43483673900471514,-0.8118971623687485,-0.5830395674423552,-0.6668896108941351,-0.5382204348079824,-0.6585687477289734,-0.6156896282164085,-0.6598564230216766,-0.7323408259441762,-0.5003603071578735,-0.7355874930095584,-0.7629106154267268,-0.47386960738683886,-0.5462267538475876,-0.40706138912150974,-0.3221490984798658,-0.4136289270557086,-0.4117907297699304,-0.18350073649967086,-0.22415295135117336,-0.25613649757359513,-0.09460237294490198,0.029001645389907824,-0.11354004364479484,0.010923031418273652,-0.0048147215907040275,-0.015901051676183393,0.04168238573127976,0.132249139202851,0.0831741390850276,0.11500465792581306
-0.058148434185252174,-0.04207722169452243,-0.04620374059287794,-0.160406633841497,-0.13698311845407057,-0.014138251093749842,-0.14078391797190598,-0.1883920491745939,-0.05989046645996792,-0.10872131994315669,-0.2034750543621306,-0.12812425064319116,-0.1854600522608871,-0.029086163907781983,-0.0070487786907638475,-0.054332083807437974,-0.0996083734138254,-0.048534142456337866,-0.08076847642567922,-0.15539566573190164,-0.18702656209332497,-0.07554416863311499,-0.0510667017636086,-0.1832076815052126,-0.17223000547257766,-0.1286360358745692,-0.15030911761889476,-0.16758449840728246,-0.18665535791476703,-0.01824038314480621,-0.15883639450036507,-0.12738672931544703,-0.04187887869795237,-0.08331125477021756,-0.1326650496937112,-0.13879614869864193,-0.17192887354748618,-0.09742151161960347,-0.11395512032193057,-0.1032035380585942,-0.19246426747233902,-0.10573123566397294
-0.4008826142899603,-0.3514656709454534,-0.4124947016688419,-0.36012005728061125,-0.3588791840672315,-0.4427380539532923,-0.5397627827476882,-0.4224043439011512,-0.43369570168207394,-0.215307747102252,-0.40216240323073943,-0.40150425030239,-0.3048449308673446,-0.2622948204829006,-0.14666225115013198,-0.161166252199003,-0.16899010287770472,-0.38935186407999145,-0.23338792801761787,-0.33761098466405787,-0.3880688677415529,-0.44299130535207654,-0.08461379278109137,-0.20734216543232906,-0.2456976863810186,-0.39360229735790236,-0.3167186172903825,-0.27691856403829523,-0.15406132289141256,-0.3283983293229545,-0.1937410413579999,-0.20309974708572093,-0.23468775194999328,-0.26994821687913995,-0.01236216647445319,-0.07045310742696619,-0.09836920923884021,-0.0092373120170945,-0.023848443769166932,-0.2815308567223841,-0.07091459468246122,-0.25445575286691985
-0.5289667086675305,-0.40119460883478847,-0.44412149661325906,-0.4654559960495446,-0.3705816066668212,-0.5739777267210681,-0.4517717409392799,-0.4176137331227734,-0.2713036414548886,-0.5519645275028633,-0.511773201251153,-0.49496246236025165,-0.5123672761064164,-0.32125417325729844,-0.3642743223205163,-0.44895451496461847,-0.31617314139614,-0.1343652123646493,-0.3766582453788232,-0.22748647999082458,-0.2860478548359812,-0.11571559496128096,-0.3514094812034623,-0.3600305225175218,-0.2819634686654702,-0.13238224613072505,-0.3460633971045941,-0.28274166981613913,-0.027497521850427222,-0.24178053923811754,-0.4058277383455158,-0.29175981718396876,-0.07713437653445454,-0.13681395709103517,-0.2795165400756738,-0.23023029565875208,-0.28017629094468777,-0.22012464340226834,-0.2439406851976457,-0.32308530856313644,-0.2309898464472165,-0.2069837587887135
-0.3883706607792054,-0.3362982508941368,-0.5784767483435531,-0.5154492201966198,-0.39313077321584156,-0.4486907966148407,-0.2505323465339217,-0.37233003905757506,-0.4223688920742417,-0.2504727693578805,-0.47278263948493854,-0.4584844571159603,-0.4163440901281586,-0.3849698377605716,-0.233926654000172,-0.2779156062763533,-0.36857076829590973,-0.2988561979790576,-0.21541332891083553,-0.5066750363484466,-0.3164200999674615,-0.19059325127982513,-0.20372737059220578,-0.4167632890121408,-0.24691715693024427,-0.12513254936013524,-0.17100429271038242,-0.3026018028969152,-0.1738808880965541,-0.3622658862497994,-0.1427033130188477,-0.14020022348377006,-0.24526946279046133,-0.12415509256335008,-0.06441253167696133,-0.22390091925709482,-0.2400487276457682,-0.09304710143699252,-0.10748752678363772,-0.07136420095550425,-0.25748328257186187,-0.24201546697613252
-0.5189748883870197,-0.45326499157269345,-0.4778333646405277,-0.4817702431902828,-0.32139150877014044,-0.46042386445099237,-0.3438076785564322,-0.5221358009922026,-0.5378114228275427,-0.4286386301212031,-0.25116354478837494,-0.2665837437312405,-0.33905656345914614,-0.41409739700764836,-0.3023154256245008,-0.1941767856809851,-0.144777066157873,-0.3943079910100114,-0.2980421083531115,-0.37463195754801804,-0.4477983848114182,-0.4650276019264661,-0.37919234272804847,-0.2433136067863258,-0.23795398573491855,-0.05513256895488234,-0.3157196866119505,-0.15791914099210072,-0.06112344108139561,-0.12878289316882477,-0.21628046744709598,-0.31915739862836834,-0.294811883183147,-0.2952659891054774,-0.29349895218011385,-0.2899150771566755,-0.24142444284626005,-0.31237830945265843,-0.2270203795702981,-0.2969860238689271,-0.2566658707692656,-0.23356505636438146
-0.3593553793673297,-0.6024057099043013,-0.41955836742261643,-0.362121088891472,-0.37896804059731093,-0.3571403278874858,-0.43184940236212666,-0.26841492765548947,-0.3341438702241656,-0.22047742537417395,-0.3631440294981734,-0.3928268547050925,-0.25421709817894717,-0.2381227535767802,-0.2074718531058441,-0.3936762218929726,-0.3207849258168102,-0.4120606849133271,-0.48131355070097365,-0.25449778126601635,-0.2639566502416025,-0.20968603666907776,-0.14825177572960535,-0.35755694280599193,-0.0767819496854912,-0.40900039283680595,-0.41003169793821165,-0.3295163945684942,-0.1023246980051226,-0.3082931964804256,-0.07259814495022157,-0.016409586550902713,-0.3800631130829753,-0.34080181495954875,-0.1477623005949843,-0.0321156898084936,-0.25924622820151816,-0.28114892245049306,-0.1149286090134989,-0.29652839534212905,-0.10076296725255147,-0.25153460944879685
-0.14006499049341978,-0.1463407377678808,-0.21852410976252865,-0.0923241181062942,-0.18794590668957806,-0.22556786253768482,-0.24273021655421298,-0.04711893205038918,-0.053701694393810034,-0.22476339981151852,-0.1558370102694228,-0.1864520290317561,-0.062153395638399465,-0.1583895495817766,-0.05466032283451323,-0.10867334743977389,-0.21195013671196045,-0.07911747242833111,-0.19709164149048133,-0.06833550395198104,-0.11847905370149855,-0.19644371223052298,-0.19943639140418262,-0.06967706013505878,-0.09650455844572867,-0.07859077398682918,-0.10550129483989898,-0.2141505975476714,-0.06347509227019828,-0.0862518885252147,-0.052811839121448996,-0.12701559463599882,-0.07129917644787415,-0.18193858673978444,-0.16241098505206444,-0.07955918026066763,-0.22658877930177954,-0.23109861164271017,-0.20428063807350677,-0.05883680806952557,-0.06281353094493698,-0.18946431429965593
0.08370279204866876,0.09912285869040215,0.21071395917990376,0.30834107934639116,0.3814747237866036,0.5678152192357856,0.4965349498514986,0.6762423963624348,0.8312593703002858,0.8248382726766309,0.7661359852556229,0.6964042815696087,0.8023549501052689,1.0408774987472655,0.963034836140567,0.9936603481767063,0.7192029322882425,0.697779148135885,0.7172085993789545,0.5966392784471127,0.7006502366365069,0.4714578204699451,0.33630161588007484,0.17341046642782107,-0.03873692836483145,-0.06598184202126389,-0.3866587812164318,-0.431019990818902,-0.31630811078094645,-0.47770708106585597,-0.613951795123655,-0.6696918971843348,-0.5284370630579069,-0.5474487209425108,-0.5648108254546775,-0.5641144181741944,-0.5310031060440988,-0.5971003913562687,-0.5845836753188683,-0.4704342114268925,-0.4603372752014996,-0.3283092642981617
-0.08645185709008596,0.22017808240268716,0.29516832503936713,0.1724371512357428,0.37315792485044297,0.5529499556891669,0.5152417915012287,0.5408129799185224,0.6723031634506599,0.7353085836934065,0.9121265188530762,0.957955059098833,0.8581976372442726,0.8340977206330666,0.8139610091333819,0.9685062570704049,0.830936282184601,0.822543681400556,0.8562990482663373,0.5020330144849418,0.4429973486918339,0.38497882235455716,0.2130395665443726,0.13698456615248103,0.015910603873575402,0.01717767194664113,-0.11391897777268574,-0.41552679784181473,-0.5152642669551456,-0.5851234401379909,-0.6798138245559477,-0.6452819069619131,-0.6775332127582164,-0.5708030640606963,-0.6607528271201872,-0.5563826032121274,-0.48011259207428075,-0.5347433788072755,-0.4795752072836243,-0.3945506554173363,-0.3382930895931076,-0.4606719592955812
-0.08499159554162422,0.06138493093058945,0.3000159433470731,0.26272465605437717,0.4814302950981502,0.6119281802330391,0.5697872913644482,0.749045030228954,0.6837208836755839,0.7908376982490748,0.7476616699102068,0.8096029783304772,0.9132930676922146,0.8241314347479843,0.8087328153379153,0.8405912115308093,0.6885504489701602,0.9421565071736457,0.7392855066956614,0.7756424213174913,0.5864222188769166,0.46128952190404426,0.14578657436321837,0.2509256489549283,0.015134188637160028,-0.08415889232644039,-0.3643247484550418,-0.3278872452207451,-0.5060610187101474,-0.4871666055314523,-0.682826936641583,-0.569782907944429,-0.5795712324903823,-0.7640403557324031,-0.6298259137004316,-0.5685995565631509,-0.5515110037610352,-0.516165839087572,-0.45858288493670846,-0.5656589470079099,-0.431834791893578,-0.38930370672002373
0.056101598679042464,0.020112513718471357,0.268028589071251,0.207447017779973,0.32254683030888853,0.5066013129496856,0.6901028370414445,0.6741172901955874,0.7467878670951444,0.7684302539431813,0.9031826383609275,0.9244656991924173,0.9982795757776851,0.8241188787223555,0.9896234977472002,0.9062873309730407,0.9463503432395097,0.8040344187309123,0.7112263386492724,0.6955392940309554,0.5248339038042268,0.2812686319933182,0.3357256790021701,0.00032180480357360655,-0.016680119470292326,-0.07025382512310133,-0.289215257622336,-0.3286598010596708,-0.4797340843081907,-0.5411174765165697,-0.5419298451196125,-0.6984567176025934,-0.6532700247746199,-0.6217656960787344,-0.6292784381765313,-0.5177661874789417,-0.7000292650680379,-0.5958706986366155,-0.583623389023328,-0.45033504622138404,-0.3587742789612102,-0.49048746649872715
0.051431565489492015,-0.01314352321264727,0.11066538440652421,0.19572231606053722,0.3745078919287674,0.5728117856295247,0.6227641147380576,0.5842036079738052,0.8193368949040498,0.7822703699456766,0.8370554164889618,0.939958591878045,0.8666151417128448,0.8643250247373805,0.9600404816516946,0.9764451363588281,0.8724050932131311,0.7845567993993467,0.8677356425378044,0.6157268899956579,0.7388371817976521,0.31178928726501093,0.1299383153998751,0.01125612077594464,-0.11561185596597302,0.00047155193037094794,-0.312349795003996,-0.2765585171211418,-0.4139767064230698,-0.4388796428457771,-0.7056475842750558,-0.5794086582513506,-0.5682582344250057,-0.6570144606542593,-0.6598100238411542,-0.7498436494812819,-0.5642171883043116,-0.5209841121131915,-0.49033148868349735,-0.44732143307376454,-0.43827277268376474,-0.36344796578950095
0.015978990538682368,0.17366870202913945,0.3261966322341826,0.21387606247356994,0.5244703140145429,0.3765736409928577,0.5193441111379598,0.7093946803383108,0.721862207017053,0.7960237598669989,0.9655821651558257,0.8504524254235475,0.8832913872307853,0.9995373069103686,0.8144198570174354,0.9519221380414488,0.9141202100979875,0.7830649590023734,0.7951552409975687,0.548400843916381,0.4063861911995132,0.5530382446464682,0.4276867577597082,0.19805958954166625,-0.1341581798686592,-0.2501947207463764,-0.4432410558298106,-0.40447535551967695,-0.4935301468762408,-0.5333995519649949,-0.46597835153528233,-0.7700564631934366,-0.7080901611762244,-0.6338562542140765,-0.6433922638208108,-0.6773903180938314,-0.5423880235752653,-0.5776149235281566,-0.5810909971205971,-0.45957288309732724,-0.5099184338753403,-0.3241499865400839
-0.02214374773166797,0.22345098104577343,0.29799449966786357,0.28524040065431566,0.3199233689929578,0.4398902076709875,0.6313277912290052,0.7518436289841522,0.7487445539456404,0.8454396283156655,0.8252250599023262,0.8133287495664319,0.9222742375743638,0.8671950211107496,0.8955639171034729,0.9058505939578044,0.8588420274531289,0.922335107412978,0.805487597395499,0.6879434605535049,0.528153928459748,0.2455131334883117,0.10643413317707877,-0.014559221660717566,0.03534380699308213,-0.14407247507210033,-0.3578690958124591,-0.36257947572121135,-0.39935983392011465,-0.40662140181479933,-0.5956039284018887,-0.8266131668370603,-0.595881420538835,-0.6854545908344399,-0.5950176985116158,-0.7504494677336419,-0.5876456572741744,-0.551163031338363,-0.584136140662564,-0.4929700366338668,-0.5534655901601256,-0.4464845159064019
