gfs-wave-data.json
{"header": {"parameterCategory":2,"parameterNumber":2,"dx":2.5,"dy":2.5,"nx":144,"ny":73,"la1":90.0,"la2":-90.0,"lo1":0.0,"lo2":357.5}, "data":
[rows 18 to 35 of 73, columns 0 to 41 of 144]
1.3089359730253831,1.1803358444274592,1.3484183850454565,1.664083704971795,-0.004020514650999048,-0.008621578469339133,-0.028098241544550675,-0.03299060597814652,-0.008155140592177245,-0.01748157536954483,-0.0002134953610727026,-0.02025125766584577,-0.038377311108303724,0.0014540252941460559,-0.05383515961779524,-0.018940848301588008,-0.05004994375516661,-0.010158084959975458,-0.0027669706265848336,0.014796555676990756,0.02789099997092706,-0.005723704896438975,0.05268431192239824,-0.012598198812404255,-0.041970470144853084,-0.01026941991723505,-0.018626905183524247,0.02054074800432712,-0.031267050581100644,-0.03396655180858188,-0.024844386868541048,-0.0008552323948078489,0.004340224053769941,-0.014670708796758558,-0.036383359485146705,0.029873236251617058,0.030998045752329582,0.0049712706445045355,0.01725307237831497,-0.0292612235757798,-0.046390553285753845,-0.016885838020231164
1.729636160224113,1.4305416949020104,1.5477682468327885,1.370156183116461,0.02657060077179116,-0.012680963408689908,-0.0005391356861206698,-0.018303064319928824,0.047610392076286215,0.048688411446648275,0.0416401575427895,-0.0018373588353416306,-0.012407991752103486,-0.01452139371001036,0.04353108425539233,0.005652732103318977,-0.0024497651204274545,-0.020391242107971833,-0.03116527237060825,-0.015556308418861924,0.02202165113544349,0.020152830188764074,-0.021784435286314005,-0.02766632687777516,0.005722830926319021,0.002813555109426019,-0.006834522316144702,-0.010995958789164045,0.0033642981362302852,0.0504129099622653,0.003236715205947397,0.04041972112088855,0.020973564663464995,-0.017443544542050705,-0.0212265211861686,-0.04696677676948654,-0.0016516124164997203,-0.008222494158478666,0.05423743379596089,-0.002613718104969997,-0.021861586849731558,0.016611541632436572
0.01763539306658334,-0.02895434155550087,-7.586986311577292e-05,-0.000654001775757184,0.007963505407136707,0.00789044902060452,0.0069372604785601704,-0.040705076943524626,0.02920283173090249,0.01868116859879766,-0.006752003817000434,-0.02817367932751412,0.022180715993370112,-0.029288760150478623,0.04213600863753361,0.037986177913814125,-0.004466306403189244,-0.024684516985846422,-0.0026919368603639765,0.020107542368565382,0.003676551695396217,0.050852710437401825,0.04398811951341978,0.031351341427759395,0.030086160319479655,-0.03237217286074634,-0.0039110631434176,-0.005357182223310589,-0.015468867458988279,-0.029571394006353002,-0.04099260313209376,-0.009156564257014025,0.0007553553343022883,-0.0060140439424391165,0.020777145140900295,0.0441762060822676,0.028966027821535022,0.018840098769743706,-0.01114465128938812,0.005240921408370441,0.023872868798551397,0.01042692151618388
1.5507616219366103,1.5581869645303577,1.6794748797332926,1.6064216160573586,1.587807117063927,1.5042129169374316,1.5590549112165466,1.3485865954312988,1.4952945655467798,1.426898212100648,1.507237489452117,1.3749157563378485,1.1603800410167504,1.2571839692332338,1.2650251531081425,1.3199671317239556,1.1590790011644532,1.283429733335966,1.127489686958613,1.1667017116933178,1.203806255126429,1.1055979621406202,1.1970296579529773,1.0035123745734684,1.070787577223713,0.9271310787258609,1.088493367267418,1.1323000721779235,1.0566483066623993,1.0351483773779995,1.136453444254969,0.9336793152439387,0.8817386859064638,0.9727918345918443,0.9232918973366506,0.9923750203660696,0.8503002339914438,0.9790408451399205,0.9174106703196161,0.7968269760333313,0.783144027402935,0.8203962782134203
1.5523030256848365,1.4984198571628038,1.519865103474123,1.5810641010710464,1.5549167683283789,1.5574235753706616,1.4135262669207231,1.3984098478579468,1.4371282282533544,1.4034187869702042,1.434913491352915,1.231347517028827,1.2484510670692395,1.418589206073244,1.329891085694135,1.2513814496022435,1.1677517409629645,1.1785339978130132,1.3294770191794718,1.1745939593191972,1.02716656973159,1.1460453651713267,1.0499326710357282,1.1005963751293084,1.1420337416569406,1.0691704077300532,1.031702488726879,1.096770435932612,1.0811881222687305,1.0276302265941544,0.9219204411107796,1.0116241604142566,0.9526217559443272,0.8870245140354646,0.8445931201750415,0.9467006845573138,0.9565374064539744,0.9648104324432275,0.8582865204259233,0.7766821200314248,0.8389535666351312,0.7427842012375134
1.5620345681171728,1.4887357899380984,1.500191137672265,1.6665008270696633,1.5125278124818529,1.5517066768165877,1.4990989809171453,1.3938438789398975,1.4172272920829256,1.4244008179246999,1.2962899630785556,1.3491648975581603,1.3117538627626815,1.3699378371446984,1.4039226954317363,1.1907361347810006,1.2238683490398032,1.1640675902035316,1.2276014797363264,1.1574578934574833,1.1838347929408564,0.9612701516249497,1.009231658480581,1.061318304231711,1.0234353748439402,0.979822274572459,1.152062282078996,1.1212043183448541,1.0983426348337262,1.0382448335476646,0.9919277126177883,1.024057342766121,0.8744555274236632,0.9287943284657187,0.9988182865024177,0.9731781164067969,0.8198024143613147,0.8962299146667909,0.8989486113031021,0.8662415640560609,0.8438214192774532,0.838677197268943
0.012726890729141934,-0.015568970141801596,0.024135644315145807,-0.02943862263195194,-0.03539861769658686,-0.029083905817104874,0.00698755533017704,-0.011019724177840673,-0.029049916023761273,0.009243629138900752,-0.002926832382910559,-0.020696004556253308,-0.0007284810675186259,-0.007915204099647952,0.026462089089663954,-0.0010984772226955055,0.03348102536008262,0.00224567938813647,0.021742904350973796,0.021488023215941197,0.016069502899970146,0.009822612692095984,-0.03836727450288857,0.016409332637206852,-0.00996097078294521,-0.011252589917353367,0.019964662707263103,-0.02120093514653031,0.0206459550756728,0.01913977979620592,0.0203591120080439,0.01763108859147788,-0.0036340154825950204,0.01138966137117063,0.017593059427091003,0.019229541964283902,-0.010836316378676695,-0.010860261072419542,-0.027048603489659297,0.01930694979704651,0.004394491908198197,0.008424727178342396
-0.7141137760918186,-0.8928975742459581,-0.9045960631299895,-0.8707683137909946,-0.8500633769292008,-0.9699916653019541,-1.0047832573686422,-0.957322730656756,-0.8855381388843881,-0.9906089332369779,-0.9133979504113232,-1.0911566144854887,-1.0872509362421197,-0.971780144086137,-1.1176581085687214,-1.017389492227397,-1.0579547807897114,-1.095845434484083,-1.092553557620393,-0.9681707373892234,-1.0080906725565266,-1.0927210844206723,-1.1166326904730532,-1.2059744170837592,-1.2035650271954894,-1.121093061306723,-1.0964819068366314,-1.1501959320294008,-1.086772415305457,-1.0836340724201095,-1.218873445080451,-1.185279126722777,-1.1641342556723802,-1.1951850868060374,-1.0947124783819782,-0.9963900644602731,-1.1150786685009724,-0.9609606861399562,-1.1345510308639426,-0.9961553605504232,-0.9667544608009396,-0.9489495107168492
-0.7779009753434002,-0.7665187215309076,-0.8324004564253653,-0.9124906090266347,-0.7643294812098739,-0.901193842173065,-1.0563145867374577,-0.9572826283475242,-1.0276342104296479,-1.041188658203173,-1.0028021216173852,-1.0540218085631101,-0.9710783749188003,-1.0783654595807253,-1.1669405007559877,-1.0123294808286436,-1.0886418794246109,-1.0429669961751813,-1.1938250271940323,-1.167097507517963,-1.062800576588974,-1.14229122386071,-1.0559041798584055,-1.0471725491219996,-1.0772665365598173,-1.1689234165226843,-1.0764067738791567,-1.0855212086844994,-1.0697529556284784,-1.176993502924714,-1.0827350383740475,-1.1157229040951275,-1.1061619025999314,-1.060970179864208,-1.0067718583461922,-1.0252632317858499,-1.078624443989927,-1.0991167513837237,-1.0451269735248983,-1.1322410626474408,-1.0257215490310183,-0.9333428687566826
-0.7142762307993107,-0.761055528585053,-0.8730425247224851,-0.8789829911001381,-0.8633213160241937,-0.8404522551829696,-0.9565830543940844,-0.9035177207063936,-0.8750481834277625,-0.8728605723366935,-0.9421161549902711,-0.9630532420877103,-0.8982867843714613,-0.9936234446767586,-0.914686172226086,-0.9998474706720958,-1.0469694965152607,-1.1088900905115162,-1.054324357438687,-0.9845567074212651,-1.0422237185897445,-1.092765654933377,-1.1696225491053007,-1.2292122455216843,-1.1410800082927157,-1.1471535093452956,-1.053271226544147,-1.1274835482200618,-1.119696739177222,-1.1796213849571435,-1.0373980821723714,-1.1930879700473203,-1.084276079470318,-1.021738924073234,-1.15980008341806,-0.9824074332946885,-1.045377502195334,-1.1033386082343637,-1.1143070405333753,-1.0181854941321988,-0.9518651116739296,-0.8892922089638429
-0.8541701443882176,-0.6897105817579219,-0.7865250924779644,-0.8404231069766912,-0.853704001608382,-0.8608870333798206,-0.8833711539071137,-0.8281458556135854,-0.8620744867074019,-1.0468804298107406,-1.027311214790677,-1.0628317693029798,-1.0183313356760808,-1.0798785612037678,-1.1518673344196921,-1.0426491054246447,-1.0695742883712767,-1.069067283158728,-1.1846069139634485,-1.0558739771687018,-1.0440005229648268,-1.0972713367388605,-1.07708876259075,-0.968344085812521,-1.111038902951084,-1.025770564078545,-1.069036958514027,-1.1585592241612996,-0.9981540111462968,-1.1329659915691355,-1.1252107002974912,-1.005803623951229,-1.0437332853879129,-1.0494768124210252,-1.0550668897003046,-1.0792915991027912,-0.9946210177523985,-1.1436000676982283,-1.0579098717679858,-1.0376012608546026,-1.0137429014075499,-1.0170614494681613
-0.6920738513964423,-0.8059362155411077,-0.8650450788809572,-0.7631566492450151,-0.7881505372871107,-0.7349439066698983,-0.8831366697559535,-0.9166494203839021,-0.9743840296990214,-0.9922434866647939,-0.8719302176638571,-1.081047369508093,-0.9430340271037143,-0.9935244890499444,-1.0647814244169036,-0.9950761670831655,-1.0908237654990787,-1.0476933799256796,-1.1024023271249428,-1.0344424164808748,-1.1717888943892953,-1.1306765447357237,-1.0692716928924946,-1.1194829481388144,-1.0516601189854478,-1.0970942615226935,-1.0593409104306697,-0.9615933179200699,-1.0410436719445801,-1.0069331917013062,-1.0822694748346144,-1.1137484900941943,-1.0501311566068607,-1.0204069266226508,-1.1357028489976106,-1.1269542638122967,-1.116426226797243,-1.128552621147427,-1.1064955292801717,-0.8920071673096756,-0.9136831491114529,-0.8618519404766217
-0.005649458556501608,0.007697616510362399,-0.0007027757997121886,-0.004921899502548981,0.0046053623406543875,-0.011866821374633664,-0.008554391903949476,0.0074428699123362365,0.009546773522569043,-0.033864710174477466,-0.0009242120276739607,0.006080924303433228,0.001641557364826979,0.001988967027492988,0.02651716795517201,-0.0033043705495418457,-0.020138504933445607,-0.005999712472759955,0.008568909927559671,-0.025312593028047347,-0.023152286561724144,-0.029288784072898068,-0.004381171832656134,0.020386251609197388,-0.006875929736570455,-0.022842648092130467,-0.0057501223151998435,-0.009301033017156051,0.017237920468014846,0.005691057969421023,0.01147287473581974,-0.0027376826531521933,0.008617048823406099,-0.005983649312991991,0.00398484890890021,0.0029702422615592136,0.01596413251637294,-0.02541950198420895,-0.006307505074363877,0.005438839568852579,-0.010625506721753025,-0.006154815552399489
-0.6836856625804564,-0.6947665221794279,-0.6876532191520923,-0.5995454048675123,-0.7043490596542806,-0.7019262400506933,-0.6146932032963556,-0.634703401133241,-0.4401151552985172,-0.5393969288635531,-0.4584098568383623,-0.44903743951604447,-0.4923773929094411,-0.3524605214345793,-0.5778104874273331,-0.42965326494980155,-0.7291603565133629,-0.7775760065741415,-0.6826981411486461,-0.744691215742152,-0.8407457652304795,-0.9106731573205318,-0.9435636782648824,-0.9553338159209769,-0.9845284957210277,-1.0025077223863037,-0.8307008889085119,-0.9465020781031025,-0.6795183706106639,-0.6524014752018292,-0.6203488511355109,-0.5132774887299946,-0.5651960225950946,-0.5438244512729951,-0.2639054458608934,-0.32195880842261243,-0.3354360006824527,-0.20597067334651917,-0.3152855115409639,-0.2782979322410247,-0.2994829908588425,-0.24297472878812024
-0.6349358766321983,-0.6973880462429092,-0.565008713225646,-0.6274180985460145,-0.5684408423237257,-0.5408714307088227,-0.511227710647805,-0.6074059166459425,-0.48645967736180523,-0.5681049612015691,-0.6459574299826008,-0.37555791726229665,-0.6473997843204417,-0.6080778846689722,-0.5683588699601653,-0.6192010623129599,-0.5624452949140546,-0.5999445463037326,-0.625706466414377,-0.7527699040545681,-0.9872869238255222,-0.9213859906543025,-0.8496257730265878,-1.0337599475530768,-0.9148764688969309,-0.8570804699997964,-0.9148143201542173,-0.8569777624476187,-0.6358959928992632,-0.6649528770626697,-0.5930433166033848,-0.5193365441587827,-0.4013432481785297,-0.412162813979717,-0.273018972269333,-0.30608345754113475,-0.37864099497703957,-0.19395493643154316,-0.21378562193404507,-0.20845921086818608,-0.3008922229077026,-0.37998832618697703
-0.5840619305572333,-0.6233886613640993,-0.6565645103671554,-0.650225617004812,-0.6193480388562956,-0.580942326470096,-0.6167242638333801,-0.43249430416706625,-0.5317881488982598,-0.520582503703404,-0.4739226972521828,-0.5492399493651299,-0.4325537186354149,-0.3932337173799704,-0.6774152044252536,-0.6776499197283813,-0.5592769543247196,-0.6160288569823028,-0.6111919021911962,-0.8377613529467014,-0.840869906509953,-0.8677315942552293,-1.0001597757170533,-1.0175957095814268,-0.9449614364393769,-0.9566187822215536,-0.9195176492283135,-0.7757071063303602,-0.7156869942691779,-0.6660323801836584,-0.48588929032468403,-0.554587636969647,-0.4136403112161512,-0.27722189773455125,-0.3915381293139201,-0.2113923002224836,-0.22729884483239593,-0.2628908111754094,-0.33405632457295265,-0.29782732745146717,-0.24917706198988213,-0.24205564459509352
-0.6832486791721316,-0.6269114466831761,-0.6620455532839623,-0.5390633278859522,-0.6492854794377362,-0.6492784829388225,-0.5145048956717894,-0.5451150437479363,-0.6246487820159368,-0.6492986970678584,-0.47126653164142,-0.40660560808892676,-0.5262173721542447,-0.6139532939724174,-0.6466514551743651,-0.46644055884071184,-0.4851741215369066,-0.6059464265082656,-0.8142997111432403,-0.9211996267761907,-0.8426909138031501,-0.940718600214368,-0.99174909196553,-1.0184881226965419,-0.8870930602806663,-0.9154876257346239,-0.7508404614037825,-0.8729756894046505,-0.6821663591702872,-0.8019117022005307,-0.6511374210981321,-0.40066743756385326,-0.576028983260832,-0.3353799071084318,-0.31260571083698385,-0.2534508603309089,-0.38854040227507564,-0.22843264478982203,-0.1852227728700029,-0.22324806490217533,-0.24845096203976522,-0.2643382451238395
-0.6920202843486715,-0.6004351450193564,-0.6271347584831566,-0.7446568998176409,-0.6528922787365591,-0.6004130420070035,-0.6472388828354654,-0.6827278910891638,-0.4918998393485329,-0.4337413093168859,-0.38941478129663437,-0.5754621525942621,-0.39214962916558016,-0.5939312253096486,-0.5245269385241557,-0.5574094111052627,-0.6413602140018742,-0.6533712531925683,-0.8605859164526241,-0.6997749088265599,-0.8038328025482023,-0.9700067402219588,-1.0313888637141149,-0.934614580081041,-1.0202560439195771,-0.8299310428180242,-0.8373488375283692,-0.8328224982357555,-0.6455635524430994,-0.6060427802453608,-0.5112157959866724,-0.6353350381256253,-0.5102738340412166,-0.4607871774661853,-0.3815278027786781,-0.3310255229287035,-0.2172476911179476,-0.32072983026754015,-0.18282872627409075,-0.3332328958711511,-0.22779010930232615,-0.2848555762312354
