gfs-wave-data.json
{"header": {"parameterCategory":2,"parameterNumber":3,"dx":2.5,"dy":2.5,"nx":144,"ny":73,"la1":90.0,"la2":-90.0,"lo1":0.0,"lo2":357.5}, "data":
[rows 19 to 37 of 73, columns 42 to 83 of 144]
-0.2603802454673331,-0.2451042054331171,-0.3306797845668102,-0.1898175406811496,-0.2538316104458646,-0.3133788496298838,-0.29472929165058315,-0.3114974725294051,-0.2807988754117618,-0.19969466218415977,-0.2018742394473201,-0.291702835427717,-0.3332169853370456,-0.34205649777332414,-0.31607067583288045,-0.2321693520602133,-0.2549205390003799,-0.26637929538584987,-0.18206709428269863,-0.24753993450141723,-0.2234060416562437,-0.28325440414423053,-0.17170340124676922,-0.3334520454314286,-0.23239263428675044,-0.34183218343055843,-0.31996615541456147,-0.3598587780107963,-0.2966624367848412,-0.1800623167134759,-0.3591605324843206,-0.2681829427489294,-0.3412628651761587,-0.2972356592533027,-0.16870927146189116,-0.3173686031947549,-0.292962055916855,-0.3454590534434173,-0.24304844357681643,-0.22230860571489403,-0.32828113621629856,-0.22627586402122796
-0.21907119048906154,-0.2877547322243409,-0.3474940654477952,-0.29381584318572124,-0.30995512875424724,-0.2276634168752341,-0.3516777825705038,-0.2017370146465188,-0.31341648455861953,-0.29602128767441926,-0.1865374645784393,-0.3614955058301107,-0.22211090385466495,-0.21554404523976547,-0.27142217989144446,-0.2891653757148243,-0.3134551696444743,-0.31598463574053526,-0.3447778764646974,-0.2206758816158714,-0.29268153535568114,-0.1828835739338066,-0.2164251831074214,-0.23567850151676928,-0.31361551867829374,-0.3195606671445504,-0.2674438887947728,-0.20607989495264553,-0.23385072401935697,-0.2768454786144377,-0.299918166606078,-0.30953542922956634,-0.23430899941236524,-0.24443796212666602,-0.17890048859374702,-0.18054060591335883,-0.21485018597032543,-0.334836112397859,-0.3699347467637924,-0.19805216242166834,-0.3197042845096604,-0.19248867838354633
0.23878313247677624,0.17778595273996253,0.43238080648587834,0.48619557081548914,0.3630672385498435,0.2883987052738504,0.2632401629038316,0.2936740884054817,0.5312059839210033,0.5140475868000992,0.49941729069502766,0.35107646243250756,0.648021349733836,0.44074937230630595,0.5436405314047226,0.42336487470199785,0.4842640522124445,0.38101896388028117,0.44427887759609946,0.3259146760496254,0.22072666987541661,0.1987294765847875,0.2322278875960131,0.16330541300323054,0.2799823336090014,0.33021080225269256,0.3114412888221428,0.1682693056552225,0.04601444600484245,0.18344913307686403,-0.12233976795135973,-0.2754706354645838,-0.1170101856246662,-0.29982751026875226,-0.11255206477948254,-0.07267081698380108,-0.43116769736436583,-0.21222498473720408,-0.18580978488413424,-0.3218697940986391,-0.3611214517132837,-0.41507694777640225
0.13466325522131484,0.24162885113254237,0.283197235508454,0.37240033990184934,0.44978182737929956,0.40955574989714916,0.3515936079978383,0.4777117614620987,0.5753593495015902,0.35336311607595994,0.3395397385278376,0.3739253692478187,0.4056258740537482,0.4019108401040671,0.4084299471921175,0.5312218403485556,0.31741223082275466,0.41456474741119825,0.5766409892365405,0.5167516805404132,0.5386128392688928,0.44489361754275125,0.32415817869420854,0.14631001794722875,0.34125496929093263,0.061232088580331155,0.07306837645989282,0.28487276798561023,0.252189788907025,0.11901960793171766,-0.21827164000551028,-0.23806695870444203,-0.262704323197047,-0.3553725288663457,-0.2727602396524727,-0.13975583107257147,-0.3179145595670901,-0.3628014759507324,-0.4705645156862693,-0.3730477551825042,-0.403939643069986,-0.5325359460806385
0.15107635181030063,0.4017125445838645,0.36321544930798255,0.3645056163132912,0.5051257578568928,0.24259004964916475,0.40107712585082717,0.36203995499106856,0.4953248280384006,0.5218224136328965,0.5620609974998779,0.34904071609351406,0.4129343414708525,0.3877469000833128,0.5374555826830385,0.48932804381822653,0.42469021457598266,0.43587724550153994,0.6389521660041034,0.5291774034622182,0.5127263711267741,0.5590297104768809,0.4342482621942268,0.4043174598531886,0.21209237671210643,0.257600477680357,0.18343052789398753,0.16879347219672752,0.23254620415106814,-0.06320195617219025,0.12594416680305137,-0.03302678438024849,-0.030215743906826166,-0.26026248155128306,-0.05456735298585542,-0.12513815927500607,-0.11671494644300381,-0.4364934967722461,-0.47144959529934766,-0.5320103254305636,-0.5314281736709232,-0.40301281677556866
-0.2855197754588457,-0.27685466470309333,-0.3056898011373286,-0.29306103027857283,-0.36968019564669735,-0.2353975276085032,-0.2278209904023073,-0.39338360152005764,-0.40855866938743446,-0.3518450913182352,-0.3862187746568645,-0.3883124269008649,-0.36653787263116555,-0.3651384118500308,-0.36548456590013323,-0.41444866748598785,-0.2674440112219606,-0.29982029711051156,-0.38009955667816686,-0.39690308818624875,-0.2678923289490273,-0.33439583033127235,-0.2431900216613892,-0.379681038205926,-0.38902360465107816,-0.24167312401987842,-0.34183366060980336,-0.3250508413754194,-0.2904411321684689,-0.3389855156843222,-0.3197950849554171,-0.413017989470855,-0.26543009383441035,-0.3909235767201878,-0.2904119986712426,-0.3069742247134347,-0.2872787646545514,-0.4139594281354651,-0.3648398781515576,-0.3598541933319593,-0.25232000730972715,-0.29687684798934394
-0.11037532003837862,-0.06823247418796202,-0.3625625683821046,-0.09392164132303078,-0.3726131893069302,-0.4333046040492159,-0.1843305822279294,-0.1052067960761648,-0.25965695200650046,-0.4057501741747019,-0.1360352435221018,-0.390732851347059,-0.17070380338208113,-0.2895556058145299,-0.463855433529087,-0.32209406904173443,-0.31105441360190406,-0.26039047449193486,-0.201086568851448,-0.19989322991763359,-0.282635420458586,-0.36302743795113745,-0.35221919216270814,-0.2543791942260889,-0.4884459050391847,-0.25056106187440425,-0.454685573860946,-0.5136933220747597,-0.4599937069594565,-0.5679244536120561,-0.5434836286868883,-0.8539352556226069,-0.9243259651864567,-0.7112166016917696,-0.6363106444308828,-0.8288442981806324,-0.8162455649233893,-0.8879228122669689,-0.8428418766862653,-0.9096683872429755,-0.704003351032754,-0.8470786476652045
-0.10787560742050527,-0.30223473571518344,-0.3103774667301563,-0.06683633899297937,-0.313809201451656,-0.08589653443024071,-0.14350577154775568,-0.38826575062047985,-0.24171064875612852,-0.3051206482636992,-0.3422587491635294,-0.20831869527335603,-0.14909114888207692,-0.4257849363640061,-0.3659229411166712,-0.19266107195624663,-0.4493572222752767,-0.41919247626831246,-0.21680594898746794,-0.15501464408725388,-0.3739619234510332,-0.4058364189839401,-0.2335493119156785,-0.5025704345715375,-0.29926058469924927,-0.4007246076910997,-0.27029507040867506,-0.291871200141531,-0.34035152493900295,-0.25610596064256147,-0.4419649968466447,-0.5860376387104927,-0.5262791645746856,-0.7466252771545425,-0.6123159934065325,-0.7252891735159305,-0.6520676415842108,-0.7585531735482934,-0.9001413429869526,-0.8494971146129251,-0.8870091391647239,-0.9528966001480694
-0.36515619587543235,-0.22463273803670034,-0.33779326542031285,-0.2518999537307839,-0.23599672673246058,-0.2514104709459584,-0.16961955096987416,-0.1267101197381776,-0.12855737488845934,-0.30939376664642315,-0.4047512720226659,-0.15880881395797394,-0.1616061311131744,-0.28620635659562094,-0.30715752101776467,-0.32096802931595825,-0.1779189856618976,-0.37062237353261873,-0.16615991945997677,-0.2650592470985268,-0.24732777329754785,-0.35551867973801027,-0.37459934463277755,-0.3359675201371507,-0.25147931874126417,-0.5384301841229803,-0.33422622110156786,-0.288031795727116,-0.41026331929062265,-0.4593609022061736,-0.4618769889495089,-0.6261441455238782,-0.6077938572026819,-0.6000804547983329,-0.8874835795363812,-0.717464744957518,-0.6825557883223247,-0.8152665725075001,-0.8760713291427589,-0.7023742820026492,-0.7244877711205875,-0.7998508335340551
-0.3081467044209087,-0.19767421935766644,-0.20019136841205787,-0.08076829678989843,-0.08766427072425308,-0.1919259639423799,-0.3215590567986475,-0.21360964115151151,-0.06877093621382946,-0.22191550911418398,-0.34962304607589106,-0.20346031113819038,-0.30447565614408867,-0.3417833735002368,-0.26693333830801613,-0.2217984284399265,-0.2489338404144937,-0.24837710628076165,-0.4707071864030472,-0.4222741313013192,-0.31071841851621956,-0.414848008994452,-0.44619286336621494,-0.3835638021774258,-0.3512935969252834,-0.522703052849164,-0.4362345264551405,-0.3161613802321811,-0.4332517670250552,-0.4429122200234713,-0.38413234343037533,-0.5144565885659049,-0.7204840048629907,-0.8424649779207078,-0.5314233926418078,-0.9164423161739564,-0.7813927182095279,-0.6406823166299005,-0.9654980691437048,-0.9815663351503955,-0.6658622411333638,-0.8116074766647409
-0.20581431409358514,-0.08225948337982325,-0.36878847179223245,-0.41179828859083334,-0.08599241689745704,-0.07682827363070655,-0.3641827598572823,-0.1902570401005426,-0.09962514574349442,-0.10748575387064924,-0.4379618498440915,-0.3587320384313388,-0.43688984822711613,-0.38034413093183816,-0.2221333436975555,-0.38257609064940384,-0.3670486521865033,-0.3682544373150696,-0.3428014145397071,-0.2619068828243262,-0.48871089847383015,-0.25821532953205467,-0.2326849848216191,-0.36171348877526366,-0.23035466954664446,-0.48612119938721543,-0.4621836421756355,-0.5080768888194264,-0.28522930911249583,-0.32159339203358145,-0.28277696993557805,-0.5608169051162682,-0.8803574020080752,-0.634501323108893,-0.7176220644449356,-0.7526151481733346,-0.7682345095080044,-0.8029095197399838,-0.9634415674917469,-0.6451791912071803,-0.6646372026575977,-0.9058433509386176
-0.3004275197196745,-0.3282047527083229,-0.348480172484739,-0.3234537136879914,-0.47962326892650253,-0.3581881936809082,-0.37281244629680577,-0.36200689561958527,-0.45424269153766605,-0.405140597185514,-0.38576011445962693,-0.3281099623217908,-0.41988963249849315,-0.4020782730056887,-0.3282325711589592,-0.344488399647355,-0.2829233764041509,-0.3543774530882697,-0.4345113406751207,-0.4525522942488795,-0.31822798813696035,-0.39174513737455413,-0.2877014266425244,-0.3916892495727698,-0.3556180050438276,-0.3188912454529433,-0.42140271179645616,-0.383524414184267,-0.2967354716845117,-0.31389303333072144,-0.3314081927287806,-0.40987167949766024,-0.38861542409675126,-0.46216104967289034,-0.2930350239669038,-0.3458528859036546,-0.3230362736757942,-0.3673160902984633,-0.33117652146945564,-0.3712140452714912,-0.3493841871596491,-0.43463269780346353
-0.4636619262964046,-0.46922295486147464,-0.3269977835468524,-0.1841302309198933,-0.17083715524595172,-0.0405659063173479,-0.09033967411509775,0.02992556792541509,0.056945908685359134,0.19283262335414808,0.22777951164739388,0.2829134689400342,0.24299813248605245,0.3393708164641792,0.3849350669324134,0.43431750897573906,0.34402477770563594,0.46037707834241226,0.4879535781864587,0.4002044336241159,0.4533949516647549,0.5823564685081707,0.437665789191256,0.5895698870393973,0.4345343758030148,0.2950837434205357,0.4072376264333441,0.31101086447220794,0.26102428650704507,0.14773001567914704,-0.14388527743336413,-0.10339925404212351,-0.15752213181549557,-0.336664758323236,-0.5828495487427797,-0.7122348889609212,-0.7918646622668315,-0.8379478017618794,-0.9038367454170615,-0.9689324068651678,-0.9957221268529824,-1.032294386584899
-0.5750325077593441,-0.4466782398175377,-0.3350420913926735,-0.2625324533512444,-0.17713296219441604,-0.14211500596150473,0.05964319904644691,0.07175175875574566,0.24462957601640373,0.24893240898952115,0.2237862551770527,0.28149474204876,0.353002298699096,0.25938047350904847,0.4814621467229704,0.4526592904669641,0.554514755832936,0.4421195154230079,0.4804096036942643,0.45915813730585575,0.5140335821825985,0.6166573359541468,0.3897323624416405,0.4384879988359568,0.42039518843646706,0.5032891790175229,0.5011283240556084,0.3968357458622714,0.24859374374029014,0.07445306632793743,0.12433269713975229,-0.19312478662516744,-0.24607060917544857,-0.5023311390208521,-0.5385422636072275,-0.529513175003499,-0.6449923099246888,-0.7454298068134458,-1.0362794753947973,-0.969196955209995,-0.9789901460686719,-1.0039465423941134
-0.5730041263455254,-0.49335487571189995,-0.3008573774815881,-0.22305103018985892,-0.09888457581105983,-0.0627363340386835,0.02095408620834634,0.15188495156316414,0.07788030638364009,0.11606883906538942,0.2073426390445667,0.3713301468108839,0.3159920647464767,0.32419037017574276,0.29050707312730467,0.46988151782012777,0.47769592637181474,0.48559983295536996,0.42882393636897304,0.37772545533131074,0.5842139256561355,0.5141976740931967,0.5589728273291191,0.5630773317398834,0.425890882615673,0.49778904057106416,0.48616853585419617,0.3175146890519975,0.12507207461802453,0.254094559600218,-0.039377361595968545,-0.025970374565078516,-0.18366565053789274,-0.43149002336189285,-0.5464589341263305,-0.5904492190282526,-0.6455893213520114,-0.8368929950553909,-1.0842038177513469,-1.0487098294999353,-0.9056078812759226,-1.0761735264210668
-0.486238510631756,-0.5071829023133776,-0.2890671336542935,-0.22850588680552478,-0.16772757196845742,-0.03612958507643596,0.04848373665921946,0.02166089952194247,0.15653092639249264,0.22226300694461795,0.36623893254432216,0.32507685032359673,0.25185286895210574,0.360099038543024,0.35488793326137796,0.4035360033224315,0.35112081043630244,0.49342496702125904,0.6002107499794983,0.5510019669114173,0.3922709891823179,0.41051263989903114,0.41032118468618717,0.5294952713861046,0.3786723672754816,0.38372068845224533,0.4445496363125362,0.2372730996066241,0.3192497974832961,0.10036053302434422,0.04371747916908721,-0.16354907871760857,-0.3343844527171966,-0.3146741560518354,-0.46094563619941764,-0.7330194393344759,-0.7754573679341744,-0.7391101822731938,-0.9378317483929645,-0.937972692340201,-0.975680148024631,-1.1416129039728775
-0.6200572206142007,-0.4116516701694406,-0.24832951465199377,-0.3054100411173457,-0.05884002181569164,0.008155361260951642,-0.07641169707797471,-0.010594435633801498,0.14275969034072206,0.18828661559362259,0.33254997664158825,0.2963524008708097,0.3843535429104915,0.28307521305728606,0.4732424923943634,0.38167071255314217,0.44455346773871934,0.4124155473430529,0.4932816621619946,0.4891610964941382,0.43265674725606196,0.6085168997541397,0.5098030112347116,0.4470656727586036,0.45151853986471235,0.3453210489935856,0.2551874236203414,0.37171998041759635,0.31145033159782565,-0.017553842591819916,0.04156229621510034,-0.1887245715500275,-0.36944655347282895,-0.3446171789893174,-0.5080840427785491,-0.6815477397064141,-0.8264914364604653,-0.8830301583904349,-0.8701595047695103,-1.0486582194538023,-0.9658516776735437,-1.097778335353099
-0.4130837246567872,-0.360734661712476,-0.2339813253971053,-0.25614980230940054,-0.10706062838316453,-0.06444453146634667,0.06706455579644328,0.09513727443423942,0.18903575703779185,0.2880876314314266,0.32582739594780274,0.24397942637106304,0.26402067079562663,0.38796888282342745,0.41263887650973724,0.437330054806374,0.42795392581676706,0.397348036878121,0.5271225030517441,0.4547331167872967,0.44690942111916676,0.4691636733166036,0.5140767069395439,0.5681984393006673,0.38973242347232223,0.3923546276439267,0.42639270643932214,0.3264621489481454,0.2059055327074298,0.0011791194986985555,0.010408648189588442,-0.24044623316452518,-0.12887272690950446,-0.31260466588235314,-0.4625245999531392,-0.6866282275717406,-0.6946995948076394,-0.8299224890507134,-1.0096749246599077,-0.8824707738963182,-1.0601469719317225,-0.9476956080968226
-0.5137576640540444,-0.32238463909235704,-0.3994198949926464,-0.17141535079024134,-0.2329917026315912,-0.10112006056109701,-0.08176838121567176,0.09714861095112197,0.06368981457666902,0.14063663785063882,0.2660796546779449,0.37599018509772947,0.32536392355972843,0.3709059382689646,0.43866376986966527,0.4088432223186483,0.3925679599838713,0.3432196074314678,0.45051781640484345,0.4514902587197951,0.44781580449107555,0.5595359400426332,0.5191176590726364,0.4898902807589772,0.4657004848694371,0.4627298741583657,0.5034045617651414,0.39972806283280266,0.2491251936938952,0.08678285808682713,-0.16116057453667085,-0.22537363266968286,-0.3889856174747126,-0.2916788671287047,-0.4548844247157015,-0.647453926214023,-0.7385283997358418,-0.7680796916589843,-0.7495030572357938,-0.9274742230287936,-1.0449986902362216,-1.0846318708841989
