gfs-wave-data.json
{"header": {"parameterCategory":2,"parameterNumber":2,"dx":2.5,"dy":2.5,"nx":144,"ny":73,"la1":90.0,"la2":-90.0,"lo1":0.0,"lo2":357.5}, "data":
[rows 19 to 37 of 73, columns 42 to 83 of 144]
0.018945796272385778,0.011426311793058988,-0.0022873739114095894,0.0008845219219442686,0.0175190086377238,0.011877275628209274,0.00900577889454419,-0.01391357051051611,-0.0014257558054961365,-0.005469457603266938,-0.009072463476421103,0.012510766493196716,0.010946374996906044,-0.012922425746939852,0.011855267174542829,-0.0037363043223464037,-0.01524528124786788,-0.00941635293505557,-0.0039213670984904045,-9.862392109736653e-05,0.016214036679596998,-0.00014822587236885436,-0.0017540262461792353,-0.022234479886291805,-0.005616886365563262,-0.019526102770909708,-0.00035881559990041104,0.0019438431311973679,0.0001954748594474338,-0.008249149522418526,-0.011973613591723437,0.011256188016525398,-0.029602342207042352,-0.006012205162221217,0.013353090038347415,-0.0009267623151535283,-0.0003911663793581085,0.002142665984966791,0.019907498136044064,-0.007481953653224608,0.014403137252977432,-0.021714076664886936
-0.010244661238766542,-0.015687296780676548,-0.005714190537466699,0.0036766201212156376,0.005036895112000446,-0.017060142881076407,0.003969246019309555,0.005356759293078996,0.019030653079900088,-0.001888352332412297,0.012078361830771394,0.008109457112203426,-0.0014823473355714861,0.000652527703147376,0.015978400334277196,0.005551302154235106,0.023923610165768695,0.011299799758878269,-0.0015080053496871672,-0.005573189751773281,-0.00786763119040072,-0.00038381168163665626,-0.004424161728281044,0.005350203738191746,0.005963109063595463,0.003030596462412224,0.020085767141693668,-0.01023205934856118,0.002088208449390624,-0.0024003192535894543,-0.01633125310020372,-0.003393644168908159,-0.0005919969646806505,0.0015767538462999294,-0.004875449713810343,-0.015588128707664404,-0.008199098557919863,-0.010428815504102724,0.006047533409639405,-0.012333054691223682,-0.0027224880457225814,-0.015276066484209268
0.6599592104009591,0.779071447826182,0.6854051038890259,0.6321479902374152,0.581978180678865,0.5218293913667527,0.4962054702030819,0.5114936962564245,0.7146080261674519,0.6819839103079313,0.6093150788603918,0.6671071390097457,0.6779382031932358,0.6259593445335742,0.7014137753561779,0.6622912525827963,0.7067540499454246,0.6657901428261738,0.6510599829721447,0.6930615153473666,0.8671794862287346,0.8077993055298235,0.8556108329968958,0.8364905302646632,0.9605777485996401,1.0001205011748127,1.0235882432073993,1.0726634165085813,1.078120211209625,1.001445581008541,1.0018826028626144,1.0364734820116084,0.9648082605852933,1.0520435669186474,1.0067229083186773,0.912728544577157,0.8491154587175804,0.8908969321350436,0.8316914830823356,0.6830929196068314,0.7994551978828602,0.8736450064513562
0.7323324757561643,0.6195397504655238,0.7072005001822567,0.6775341508027681,0.6017005827501984,0.6882149317704244,0.6536218367040647,0.6390414985683819,0.7046728687158575,0.598469092386105,0.7016169239144042,0.6614166318799122,0.5855931863750725,0.6397325446631427,0.7464223418010523,0.7584964764439882,0.5968481689452456,0.6295320314909183,0.7367393428181102,0.748727198032807,0.7614247591101704,0.7723776983220256,0.9159801673451461,0.8915406896493784,0.8925001073268589,0.8718520247765482,0.915447710043225,1.0591453344419526,1.0307575428736422,1.0527752371748533,1.080838625196078,0.9883609358027136,1.0926865272511186,0.9868620506529653,1.0308227530962768,1.0318630753866505,1.0145828047177294,0.8943484850859068,0.8355416316568308,0.7087329161053194,0.7065658540216828,0.819112612592268
0.6271772460663604,0.7283054878628681,0.7727083230041174,0.7163394893787904,0.7458924712652678,0.6222190726682764,0.5628203122878871,0.6090042369932234,0.6980196810286328,0.5354568762926549,0.5886814091524155,0.6296185909866451,0.5015744944479877,0.6474312044492639,0.6103246382529164,0.6480880280887135,0.8280093919707974,0.7670500685718152,0.6813728955066163,0.7248882941971247,0.8101103754673811,0.845119853667859,0.8613834220593016,0.86063118426874,1.0078550304271452,0.9494841662552006,0.9561624055002964,1.044971585243708,0.9539034350732765,1.0558487441207653,1.0826845261801243,1.0631082395874156,0.9699251159455203,0.9924754562927037,1.001910288215623,0.9739099157902069,0.8511125327779645,0.8637527410144696,0.956744731336278,0.7391177821181496,0.92114914185053,0.6487927573635249
-0.0024923210698495537,-0.03108963471559342,0.00882955622330929,-0.001473708836090508,0.004684249478867913,0.010948021132557632,-0.008303689434186435,0.0068934469218491475,0.0034898791702823013,0.0032618117859862282,-0.008141312644126696,0.00928961329468923,0.006152788262768855,0.008557325842128762,-0.014416604190945884,-0.02192009028953834,-0.01177284563751,-0.004611919026899414,-0.0030142341392621276,-0.004380424340472458,-0.02016571822907923,0.02744369471582106,0.0022933491018326244,-0.0006275795484809198,-0.005466992628657012,0.002120612116140832,-0.00270801269349121,-0.0018655733654658014,0.019466185010835208,-0.014421310717061228,0.002968401859313364,0.00104565460852818,0.007588996697986476,-0.012270334066630003,-0.026961188390122046,0.01930657538814222,-0.0007601224832277404,0.010070073927823806,0.009688777200207882,0.02983608675682312,0.025742858268294515,-0.0026094435672383578
-0.9371619584071933,-0.8612971444226721,-0.9013698985430668,-0.8420323722925613,-0.9466665907673509,-0.9196363067890633,-0.7694331597440409,-0.7971353972093237,-0.8964241380589699,-0.8569290016267143,-0.8311248373021597,-0.7256767941164157,-0.7392903130597684,-0.7098411502515164,-0.568488485496932,-0.6458191922867371,-0.7922994260042873,-0.6373984036046544,-0.5934691200424087,-0.6547865077100283,-0.6015400465650171,-0.6162323316479179,-0.6746627623618888,-0.5271900434332153,-0.5231548668186815,-0.5440416848731143,-0.5861978642872906,-0.5512213047400878,-0.5808378364552332,-0.6478190429188657,-0.5726857691064499,-0.9444004682390557,-1.0287306890525556,-0.9486914546998955,-1.0788349482950497,-0.9823501552387414,-0.8469576119663241,-0.8978436591809357,-0.9187300915276505,-0.7968556441046137,-0.7809966519540303,-0.8785257122929964
-0.8615214640594941,-0.9326420692792315,-0.9370592869649038,-0.8222963967175488,-0.8490205419068434,-0.9517887827559158,-0.880818046286644,-0.8016139916704221,-0.8066535228844738,-0.831859341046364,-0.8105929074582922,-0.7060711077278776,-0.6301306540525143,-0.7274570479100876,-0.8067017202481607,-0.73394370146189,-0.5569866460530711,-0.6606628864616675,-0.529019611419593,-0.5376848756373999,-0.5817058235319171,-0.671465349926573,-0.6163087326452273,-0.4899436993428467,-0.652423564652156,-0.64034601713373,-0.5630062296310874,-0.501530417051795,-0.5816173089680291,-0.607447472035715,-0.5167564282126816,-1.0290644416730799,-0.9152603482587208,-0.8888764087311122,-0.8791257440982193,-0.9417923790112832,-0.8736977345637534,-0.917364945905929,-0.8089334248762874,-0.7211232613194323,-0.776612312886659,-0.6531087246160743
-1.051419863532109,-1.0452655296279514,-0.9119971176812267,-0.9872767463754285,-0.928835998086979,-0.9119593191390234,-0.7841601972371416,-0.8891707474175657,-0.8007943350643439,-0.7422605898845079,-0.8919354205916774,-0.7378973219592813,-0.7516238175718705,-0.6652837435581713,-0.7044380511810949,-0.8070069067268598,-0.7654624609467843,-0.7077311215881678,-0.647365622174404,-0.6137107287402895,-0.6522716970411582,-0.689663375939216,-0.671278060187531,-0.6809616409400979,-0.616396110176515,-0.5786115395565418,-0.633316669090442,-0.6066123724314701,-0.5925506542223435,-0.47781393408375944,-0.5019988646327851,-0.9234168390628062,-0.8145250813148461,-0.8997089044750051,-0.9683178841943633,-0.8809769281678226,-1.0008668281462654,-0.7965963953056975,-0.934507332334235,-0.853914455760408,-0.7695158398860116,-0.7380403727496953
-1.0033193839440127,-0.9766618899485318,-0.9038015998086306,-0.9934459180478503,-0.8092406469712385,-0.9592700643737392,-0.7867066773811298,-0.8280897956855396,-0.8243483055967942,-0.8572999061272,-0.7226872296293542,-0.7077726683101845,-0.6548234813042523,-0.6552332870071474,-0.7660704699382875,-0.7799263735652329,-0.7442212851078175,-0.631735843269637,-0.6555541302086791,-0.6188516496757166,-0.6191837855984582,-0.5827807132628254,-0.5457904232475081,-0.6360734848950326,-0.589630208195563,-0.5198794302938725,-0.568936971331466,-0.5508863314155896,-0.630919758428762,-0.565641280810763,-0.659799746865125,-0.9952911477256549,-0.980304436381594,-0.9997466293047768,-0.9546490792998285,-0.9307808229508312,-0.8238426507080566,-0.7942180209614687,-0.8715941385152617,-0.984563189406226,-0.8879001755144905,-0.9033952663547172
-0.9993037463695345,-1.0249948887979226,-0.9491365188217967,-1.015571776882527,-0.9401700583673335,-0.8203850434929146,-0.8477802951590225,-0.897814532654264,-0.8225233948066554,-0.6981694580932959,-0.8447815445675309,-0.7542663070274234,-0.7394409094403309,-0.7012481900518572,-0.6983167823388128,-0.6042535695405219,-0.5967319900170619,-0.6847913954344077,-0.551984274518169,-0.7153959781144847,-0.5538564957786896,-0.6595579359993338,-0.663363514408241,-0.6169408815202897,-0.5798284351891371,-0.5353252264079443,-0.5653100137638168,-0.5540149861012217,-0.5518191409851125,-0.48095924901271425,-0.4923501481368119,-0.960127382443283,-0.8415454811972053,-1.081696067696173,-0.9392761624930107,-0.9954070823223126,-0.824805276906265,-0.8327302422039382,-0.907581314713441,-0.9082539724706699,-0.9691832480105648,-0.9185192521209469
-0.007046366668648124,0.003163865332676794,-0.02969481424499059,-0.017412208623380485,-0.03481045977204561,0.0031637127991153845,0.02822944444828812,0.006693131830635483,-0.0057424394380241935,0.002845722026315161,-0.01625698616965001,-0.026661120461889162,-0.003958369359675439,-0.0027150455344689597,0.019952706782822672,0.009197576570909222,-0.006788441557144159,0.012298602777961262,-0.013683316065410758,0.010015279263110001,-0.007529930009075082,0.0033302982023832475,-0.006725551635804593,0.004531704318690722,0.005896541651481211,0.024280712642907827,-0.028524249859476294,-0.010313329807753648,-0.012225919878825094,-0.009050220793531587,-0.020654309720939644,-0.019925588487453565,-0.004911610351444772,0.012653754933775364,-0.0155823291039468,0.035421773706798124,0.02652018456761159,0.002466450746253176,-0.02041227003695145,-0.0031261791743625485,0.011965284618726082,-0.013537318030883682
-0.36363495097720594,-0.24322723722489217,-0.32783505801139196,-0.3131327135269706,-0.35220294041335387,-0.2579822979243947,-0.28626719675828266,-0.2492018994931223,-0.2289435965684934,-0.24715594892804005,-0.14026276120397638,-0.21249964065418825,-0.1412781764373905,-0.12980873124559814,-0.08981461118221325,-0.16415439160426046,-0.19902979954195896,-0.19002523752342046,-0.13742349057010084,-0.10391286180772226,-0.09928599779547241,-0.1975665688784076,-0.19543623714331165,-0.3210984601145314,-0.4239720802482398,-0.39934717941366776,-0.45158750556829336,-0.4934830872967392,-0.5901344727214511,-0.5240218631092429,-0.7527955084952268,-0.6040486890049447,-0.7179925517621445,-0.7236168326119574,-0.6927127575567573,-0.6828392078363631,-0.48747762599342453,-0.4714814099339538,-0.5863410196157419,-0.6245289881991567,-0.48835982133198963,-0.34873797035717674
-0.26295809668716036,-0.38482331193514907,-0.31850636841291824,-0.40136011392852633,-0.2573916841919901,-0.3987026387266264,-0.3912716707860537,-0.3099816104622264,-0.3175369637176975,-0.3098571611125962,-0.22643070344962687,-0.2444552123448029,-0.15804485629627027,-0.20910202452864268,-0.10356724214709334,-0.18860583888439394,-0.18968240329052172,-0.1295627280934271,-0.1384420618884199,-0.25005432914220144,-0.1384703792176368,-0.24015656236047078,-0.2583467515218886,-0.3093933188919584,-0.4279502557300456,-0.4418512737647148,-0.4681331512428603,-0.4604375681411414,-0.6459291594192963,-0.5278174144228552,-0.7512270251039384,-0.7512954377163463,-0.75869358844497,-0.6606218156141367,-0.7072913291078053,-0.6878364276644104,-0.6231068509521049,-0.5113168526597144,-0.5295014009300077,-0.4949862467273034,-0.44312846227673747,-0.48787605770460163
-0.2967720153645265,-0.2747926936894149,-0.3256229108603197,-0.4487148860840511,-0.32054736012344026,-0.3482607192820036,-0.2907656961688474,-0.28262781325888037,-0.2000957241524219,-0.35959246900848524,-0.15936010513491403,-0.19108536530504655,-0.20495245696949083,-0.18286352327336358,-0.14152023879612374,-0.21098321704992232,-0.11760227731527295,-0.20490839614902778,-0.12716656420720301,-0.23371512185458956,-0.2607587510915391,-0.13186246217630543,-0.25149810545974993,-0.4112429131010972,-0.3793677342022577,-0.3642063260753503,-0.4422680362992983,-0.47371530423820646,-0.5080282658345742,-0.5609695789999551,-0.5940071250445031,-0.6137520708654426,-0.8076939331326756,-0.6834923929170473,-0.7794907006140634,-0.6830913381613478,-0.6932109963224722,-0.5985563925898166,-0.48965843984424723,-0.4368849586339533,-0.585374644121593,-0.521772407958862
-0.2814296956789827,-0.3728272970488706,-0.36909898058711216,-0.4173342358669089,-0.3319573202677104,-0.38602904986352093,-0.324370178692065,-0.3240137866982589,-0.24645748490126904,-0.29155856567986566,-0.18929499290499913,-0.19082319910266662,-0.187560130436957,-0.17510586444049672,-0.20459188641375456,-0.16684593594354036,-0.15186669583682066,-0.11477491412903006,-0.21822025659343786,-0.18061323393606787,-0.19455670439069944,-0.3363273773590669,-0.2701386866570381,-0.27407655714111584,-0.35852241884346375,-0.4573100911412809,-0.4292452221521203,-0.48457478047926755,-0.5326372807620414,-0.7480987620718189,-0.7009856607519166,-0.750312732494874,-0.7943232068486947,-0.7246715556969291,-0.7316781752645019,-0.659042027034034,-0.5580652136329696,-0.5526693420620017,-0.6600809824719807,-0.5609622554768174,-0.6831255226068249,-0.5890318486815963
-0.38402288461516704,-0.36180639204087217,-0.4042307660825461,-0.5017066128910872,-0.39650778993914076,-0.43778742969432,-0.283379158548721,-0.3462183121500481,-0.279491283601953,-0.2831103743414047,-0.3489994153296037,-0.21201591081790996,-0.23102722115023794,-0.1765393227991071,-0.20319118675050613,-0.15300026106619372,-0.1657076853164796,-0.17507252487358088,-0.18831896438855444,-0.1674609779020843,-0.1559390895121324,-0.2885665622646779,-0.3068895882737428,-0.2751603254386563,-0.41402009796559275,-0.5557212410199938,-0.5637660406254204,-0.48442806244160425,-0.6305633908481733,-0.581132527530688,-0.7188322819426528,-0.7309097929690875,-0.7948515864290471,-0.6432528541628741,-0.762232829907245,-0.7098303994947609,-0.6135361303573049,-0.6112647017371309,-0.6855732040465432,-0.5514520679708804,-0.40813817325755514,-0.5220999581777439
-0.33645161990756156,-0.3222885199201505,-0.417785765324575,-0.44254338650250336,-0.3937678549880854,-0.40443445061749267,-0.29337249764807294,-0.36357760282683815,-0.2781304859685774,-0.35085960277153677,-0.21066122991561795,-0.17630008331658711,-0.15532956086241503,-0.1788548684683042,-0.11428796133582582,-0.16919359381319027,-0.22365793895395994,-0.22321924136616048,-0.1629814342947607,-0.18250490823854473,-0.21883943527034158,-0.2784937934730863,-0.2540428218823246,-0.23901685769899164,-0.4083341941538012,-0.43104542953001035,-0.5254073263045431,-0.49101576399272584,-0.5551599269807523,-0.6381472798997949,-0.7142109175693496,-0.7154064134058827,-0.7838655278832691,-0.8599051749797234,-0.7988737649760733,-0.8141996514642917,-0.7101232404374416,-0.6336999546193427,-0.6844239533414701,-0.429229127120694,-0.44103800644846874,-0.43159822231540246
-0.4283803764348408,-0.42729391508626074,-0.379202378744087,-0.3572845664013092,-0.49029576220705656,-0.3302291858233574,-0.3783228964415544,-0.2914814721317482,-0.41251643998353277,-0.2644552211557191,-0.19419387118456932,-0.291402892281298,-0.2894579468309168,-0.2851559587450536,-0.2807434568768418,-0.2083592334684822,-0.2903880434037508,-0.14236921189622448,-0.14988740543407986,-0.18600605814876348,-0.18332369799276804,-0.28553391167361747,-0.260394004197096,-0.2973102536805044,-0.44418849461712645,-0.414277589196112,-0.40106326892958494,-0.478974529149974,-0.7096641335885113,-0.7738688113468366,-0.6626751231854456,-0.6681697957651752,-0.8261715033534308,-0.7252577335179675,-0.678589501547473,-0.6500535014625918,-0.6408738936503984,-0.6028746489326618,-0.6444134151038521,-0.6475109004703548,-0.5692153055873591,-0.3764998361039871
