gfs-wave-data.json
{"header": {"parameterCategory":2,"parameterNumber":3,"dx":2.5,"dy":2.5,"nx":144,"ny":73,"la1":90.0,"la2":-90.0,"lo1":0.0,"lo2":357.5}, "data":
[rows 19 to 37 of 73, columns 42 to 83 of 144]
-0.13083507302774472,-0.09765198588256978,-0.04875938753520137,-0.11200839676391484,-0.08302449588918343,-0.17208940806019862,-0.07229656626228577,-0.19469199714321953,-0.032785740676764354,-0.0034314524935452197,-0.04180582687798716,-0.04305559101541431,-0.15657952678496762,-0.1477001922300936,-0.029903863914951152,-0.09944772962500029,-0.1859363722760511,-0.16001311576280075,-0.03037616404558114,-0.054731908482602495,-0.09594544587298343,-0.09537919146082449,-0.14664132235011051,-0.11272436554483461,-0.10274542489489223,-0.16874747832457,-0.051993012232439705,-0.009586814299299338,-0.04063060235926803,-0.06513740063582167,-0.05063048700908194,-0.01938414608850049,-0.026655741950741753,-0.03231571351576544,-0.06772793587763104,-0.08426774455231588,-0.09654806905717445,-0.16066018091961928,-0.12781446765603288,-0.16531597454709782,-0.13177145547356078,-0.13853758302046934
-0.14806379673531375,-0.015936044994699222,-0.018374620367634875,-0.05859941881419203,-0.01800358270899753,-0.16275552813960334,-0.18622291778561526,-0.09840739064237207,-0.14605529358843133,-0.18490053375701623,-0.0056486802513509154,-0.11474955477327009,-0.1763716429670196,-0.054075575936158735,-0.05503872558439849,-0.1417651821366789,-0.08822433889516562,-0.17357545740734412,-0.0873304212872393,-0.10989127240901475,-0.036479414233758285,-0.14934520563218867,-0.13141714028522705,-0.16603977604552023,-0.19758827783414376,-0.12128563304024904,-0.11122354033961589,-0.19134826920957634,-0.07803111354763395,-0.171626152263175,-0.13374066298887924,-0.0625540014890885,-0.12210103250155031,-0.015533214984557803,-0.02536642621692003,-0.09927671963407395,-0.16049017119861325,-0.03865485166959763,-0.07044755363496363,-0.03651413721721337,-0.04221407436989482,-0.030460708173236532
0.2715300350059197,0.19319041245280993,0.36110755985543697,0.17255825635774366,0.19002111063694424,0.25615174128790397,0.3406247020881818,0.4140082363764426,0.3158840264070869,0.3397395396360738,0.29914439157341566,0.4069178586171777,0.3223351134395225,0.2825137751568534,0.3598837303550956,0.256454945809265,0.3445322315975479,0.4799862054156261,0.24995323125556534,0.433998329283899,0.297724907209275,0.2516170264268153,0.2004306587801782,0.19664422594240016,0.29018174832462934,0.20547090284881195,0.30917184395390035,0.30855813008415767,0.06528659863799217,-0.08068062794726437,-0.03132694731149026,-0.1339489800690189,0.08082857662565046,-0.061580390044537615,-0.13487468460144977,-0.2245118077349797,-0.3727962443393671,-0.20505744010979937,-0.3119630817935871,-0.21423019087135478,-0.33078036401211486,-0.4345245487328919
0.19871687695393503,0.13105836030532042,0.171130712425709,0.192777750379968,0.2630715870087685,0.22572626977848825,0.23102027607513792,0.2731400242565044,0.22451546875665207,0.33241422592265724,0.4275215250099341,0.2620840889160261,0.3541171240256931,0.3444762652509259,0.3081264008818772,0.45627327691461184,0.40792782729374505,0.2639412167513845,0.2614584199825974,0.41580119061598175,0.45077690243161034,0.2002373552778254,0.42581575209291395,0.2695807533230297,0.25055587511441146,0.1809681171913748,0.010037636382831323,-0.026177679895033622,0.2169729339251263,0.19276487603949663,-0.014792368568122563,-0.09259115980891054,-0.06392280870359297,0.02389288885700546,-0.22347246183339775,-0.26389583897085517,-0.10316723687449307,-0.3786227727545281,-0.28622368528950703,-0.2990848360151369,-0.3708233591731777,-0.4281460951069466
0.13100347929512,0.278086331246962,0.228367873202565,0.3308190893727714,0.365802522309497,0.33441424048768803,0.20279496268551597,0.30995269077136356,0.23109364309122835,0.2773134998226527,0.4375778058758836,0.2994176949205109,0.30792958413986143,0.4142998278967571,0.4816921332844447,0.33001257237714865,0.25026283323016585,0.3111836272199046,0.3657009889389187,0.26956405955780927,0.36241529509225473,0.4657362148942182,0.21348471829443255,0.35767139172052775,0.2907190266921127,0.23423625102148862,0.1506084461080407,0.22702161433610385,0.0302389029686122,0.11422549863815831,0.05374316291562514,-0.008418040310540187,0.000858369432811522,0.002197622135285837,-0.29890970329032035,-0.27792469865787994,-0.13620857393129374,-0.3266905038458768,-0.19937856627816464,-0.28590993378869783,-0.39125732830624377,-0.2896575066447612
-0.010883773688938348,-0.14792894898765382,-0.16212070545184987,-0.16932947289904296,-0.04875938232151193,-0.11543003063491152,-0.20310411409931411,-0.07789409199805444,-0.12232886463132854,-0.09551709847683777,-0.016926069996102563,-0.09389015167250354,-0.19632000799208313,-0.011889206154687599,-0.07357421172866886,-0.17521331359996226,-0.14312373928847347,-0.17537013300565152,-0.10258109810923877,-0.12718373168429523,-0.13466492515592826,-0.07197940779725456,-0.19227273394527147,-0.08239410751599442,-0.14598147970720526,-0.16443245875089024,-0.04203649719234011,-0.1584287909787602,-0.1972986820068795,-0.1431672861630126,-0.04886880003771421,-0.144790495350846,-0.03134289146840981,-0.06109769660693787,-0.09482464999112597,-0.18675089215111132,-0.1652566917481976,-0.1519983457286447,-0.049853050999755136,-0.03869208583821277,-0.09915301912331155,-0.14861922785096282
-0.2365214031005424,-0.2707828075251683,-0.0777156866558647,-0.08965039216824233,-0.08117099307433207,-0.09246192720746033,-0.31467340550886064,-0.15609757015585518,-0.2278366113471422,-0.19499668061590572,-0.2294707275590187,-0.260732048466512,-0.23734419940182036,-0.2963902571483884,-0.1140546846928066,-0.3290284679323054,-0.2969111989049579,-0.13782864914536674,-0.1636180759471609,-0.1713480825634147,-0.2429795738330469,-0.18228249919374942,-0.2589346658400762,-0.25924420295269696,-0.3607790859942216,-0.3610059843189347,-0.34785940402108406,-0.267449760896658,-0.20732853670704035,-0.4018837959412395,-0.2824419616213398,-0.5997093364053032,-0.48787424958335157,-0.4238414824302974,-0.6459249276098856,-0.6564989740166716,-0.7158154990054708,-0.7894322851882063,-0.6449324990664189,-0.6534199763132927,-0.5283241582829489,-0.6522096470020434
-0.2037853686531421,-0.33645795380705107,-0.04611262178871199,-0.2621971537327376,-0.27951237173580973,-0.2954931028638645,-0.17107908422607493,-0.2097888390807786,-0.09028040225626001,-0.2709857478354136,-0.13774696682081314,-0.14700359155669696,-0.2493259426857269,-0.31482992758807177,-0.10407427478884396,-0.22683030073449173,-0.1674480453081101,-0.14171612184885865,-0.12417636924003533,-0.1936188159763533,-0.32421297609570193,-0.15338536677269174,-0.1465767181437255,-0.3315776970622638,-0.33826071640875166,-0.2947439225780186,-0.35442953910137354,-0.25350218312922734,-0.30196875877878204,-0.278715478736474,-0.3701655641402507,-0.5906239954887488,-0.6581618483705115,-0.4071914823123809,-0.649438877925809,-0.5113383735558182,-0.7595333993413038,-0.7409574044833851,-0.5573044313417961,-0.6275171626306879,-0.7697878025858805,-0.6901140771911659
-0.3175128329067924,-0.13023525450168377,-0.26180740055379614,-0.18771516356489784,-0.051905564189982094,-0.26023848372670094,-0.11688205732003482,-0.3284117256292079,-0.2938106177425256,-0.11011824449694052,-0.14410786684218138,-0.1846321067806345,-0.2513614180090296,-0.18535435484941964,-0.18728259571511016,-0.18505141580246354,-0.1177010468474845,-0.16087841169864336,-0.17623655236732352,-0.35020929438677934,-0.30634574080435406,-0.25415078841308614,-0.25072661835171783,-0.19535003689128222,-0.25455708097797763,-0.2537793403932444,-0.27886698340300503,-0.21386028098810209,-0.26427779737660534,-0.293859582851591,-0.31737598486399315,-0.7687842874589348,-0.702673678884708,-0.602147661508742,-0.7015405976500332,-0.6003313070603835,-0.7694677930269794,-0.6018111945093164,-0.7224338692993034,-0.7488075213549978,-0.8153501946930805,-0.5525029744150641
-0.03944798128052077,-0.021614338527926887,-0.23323831009366341,-0.20921896212328328,-0.12305405055734793,-0.18473491339702638,-0.05578241881295058,-0.0470598909734701,-0.3504868777408098,-0.30720499873286655,-0.2582656847962308,-0.22969809987344023,-0.1154411491570994,-0.23010592744595973,-0.28696493854200306,-0.15998455705145082,-0.17989810270168716,-0.24866575558989987,-0.2138319716651666,-0.2968393561381676,-0.32939782340077456,-0.2518369125685455,-0.3178514748339,-0.36231722268722344,-0.20636040358294538,-0.27040490351011487,-0.30847235979796717,-0.24566421036102204,-0.21142933856280488,-0.22226101094681258,-0.30086280662914694,-0.473386556382347,-0.6365492371147059,-0.5700316160874658,-0.5767603789664862,-0.6169922400072422,-0.5781037461170843,-0.829733697086631,-0.7776533364682788,-0.5862726170014269,-0.7997415363453217,-0.7224095099499933
-0.3346689693645436,-0.3112253434362956,-0.26353448903369575,-0.15270550236398028,-0.08318198144240914,-0.34120146442112825,-0.1768456889040886,-0.29638946193393195,-0.11358578866865615,-0.0973762440791162,-0.29180998983555184,-0.27923930408174386,-0.23236530466168806,-0.26466953126321735,-0.32065083838618835,-0.2927446875443778,-0.24193188479662073,-0.13287341730259736,-0.3396991746208765,-0.19737290341359146,-0.29185181673042915,-0.2726894557328179,-0.26592275288804074,-0.3029993311028884,-0.27760629163239436,-0.3262889189256602,-0.3216391760645141,-0.2738127095209369,-0.2937995643945977,-0.21262922364095332,-0.3339428733781842,-0.43002521570008256,-0.5753933392174002,-0.6395316150457329,-0.48198445014875085,-0.4978664886377013,-0.6461166859908287,-0.670187833176788,-0.8474249429699182,-0.484394001579949,-0.7148461167230938,-0.5649407757425786
-0.2091588834249366,-0.19928753098178434,-0.19488926990065256,-0.18642160125992444,-0.1572121206479547,-0.04481413104923579,-0.12019754608396137,-0.12571010218364279,-0.18401532123964565,-0.1828078276567367,-0.09662572363012066,-0.14278575029149632,-0.23063023107228522,-0.1504180696998808,-0.18367036390168687,-0.15484235596532966,-0.1370028178260947,-0.21883905772396703,-0.21716485580020273,-0.15032554714876525,-0.1312821686726254,-0.1591043240663553,-0.22175602085223525,-0.14850677118556269,-0.2023774563977844,-0.07896581102885458,-0.2392080415049088,-0.1952067321122661,-0.14761607651926412,-0.08736681076990216,-0.19253304253247064,-0.08203946643210004,-0.11436282114321075,-0.04753203490735905,-0.19742588337444977,-0.07620704706304621,-0.09502685624961382,-0.2264499319312082,-0.18043360340923362,-0.0632329311440999,-0.15968203193049813,-0.20436931586945384
-0.2751824335059487,-0.2255101436566513,-0.19835307473045694,-0.1956537619667706,-0.04314009867372425,0.008148806600651428,-0.038953415168749804,-0.0020157008822841343,0.12000047016271102,0.09121018585612528,0.075729829673555,0.14587642945341664,0.18690866143179166,0.2720464876818545,0.259648644226203,0.254289755018449,0.2783469322524575,0.2823430685232437,0.3281456465710617,0.23147981304729048,0.2623630571459325,0.24435063328389037,0.30007483344499225,0.3447125536875444,0.30175400675305836,0.26534491651556114,0.27175802102481184,0.1305926555689128,0.16311650203389919,0.13971031728841973,-0.09628796180046367,-0.07713361579177347,-0.14017805542642062,-0.35669160447125137,-0.3948561127978342,-0.3731143843954482,-0.6193486514300952,-0.7493684576892471,-0.7898319919016511,-0.8515264514805164,-0.7593524911351585,-0.8550418984843494
-0.3344522815148884,-0.2421558514870886,-0.18935247510811876,-0.08559056663482167,-0.16864016884806993,-0.11431745796112361,-0.00045126502561105994,0.044049216997307815,0.024562537509243535,0.08753683544811375,0.08003458925371335,0.20936488630933664,0.14012199930057367,0.23849535754201942,0.21355551481523805,0.1822891365429503,0.16426039745567209,0.2311298472262733,0.205870318392265,0.30723226083185035,0.2947816873629,0.28911355109061115,0.2505972283536142,0.36284612859031184,0.35065670169044033,0.2872807635540747,0.2330361096492163,0.18405486556923917,0.1971315972107744,0.030471375726881845,-0.0011821481854676472,-0.21374255165590084,-0.24120620198384085,-0.2405616859100708,-0.36605616151289116,-0.5214338546018562,-0.7529420418772726,-0.8201398265464235,-0.7683025692004435,-0.8664893978886813,-0.7020623074725062,-0.840351315195785
-0.35756178749983053,-0.218358361165892,-0.22784118684134794,-0.15071555129606484,-0.1258244709422075,-0.10697625851000563,-0.035324282587169714,0.08119500629551418,0.1191124917733397,0.09940595173318825,0.06795543169025192,0.22214592910633743,0.11636423778570033,0.2136442276100795,0.15830169963541715,0.2611738215980747,0.2368850555314601,0.2744282363052985,0.28975662339616665,0.3098032583964312,0.3509670203797047,0.3560772400736662,0.31133076951809285,0.41517066862893776,0.4232865086087391,0.35968060295155063,0.24823495913505653,0.17352755939602552,0.24402566883067406,0.15478036655907057,0.09165385130859804,-0.13444572564359084,-0.292273505886235,-0.4524111456534938,-0.3199387930537101,-0.5029949576021837,-0.6191972730656371,-0.7373152171470987,-0.7120670596785251,-0.8313741159330328,-0.803761942795041,-0.8323838916437072
-0.2691479683790006,-0.2476811321311881,-0.18454668001016133,-0.2371048288653728,-0.18093660014268179,-0.067120661036788,-0.03844023966075986,0.012272865819541979,0.024508851190067273,0.08744143085255968,0.118205860025597,0.1665563962109492,0.1716563520168462,0.21323458451526983,0.277830540286283,0.2582351815920631,0.17983232631367008,0.29965618853249937,0.29653121758166734,0.23565341425968983,0.2698151418074163,0.4356225308771569,0.30899787558268904,0.3321695152006764,0.307924194895722,0.23697091345402976,0.2533742472148522,0.24638453937908816,0.18280591610083316,0.12742557079380357,-0.03680043286239342,-0.016419204550526912,-0.25554096570484836,-0.37456726116174316,-0.4485494361723154,-0.5240934159559614,-0.5550131193825406,-0.7536096262671803,-0.7005328760887222,-0.8975459165676861,-0.8991753012815822,-0.8618762600472047
-0.33498820429790915,-0.29431783003654616,-0.2064860213076264,-0.1858778755640517,-0.1482948681738412,-0.07765326989861795,0.008576164395310608,-0.007721186932150902,0.041599485951264344,0.06637380277104744,0.20069230400583424,0.13483728417788005,0.27632348019951397,0.18527257190369265,0.2154644807550798,0.17172287608532813,0.2656537775920275,0.3373533024231036,0.3201907209468617,0.3652725417425776,0.40428854658174757,0.3414590986378359,0.3148595427428196,0.37794937254170735,0.25989819009992265,0.3730322369972376,0.360612389317407,0.33154570979376263,0.19661056216949163,0.046198245484557955,-0.13063941305575166,-0.18989161650181394,-0.19472896843330875,-0.35498317317065803,-0.506628900845189,-0.4607391956771782,-0.6848565916176642,-0.5400621574823138,-0.714208764859205,-0.782729274458451,-0.8935374033145264,-0.765318956467913
-0.3284260484493209,-0.2612019137159979,-0.2234932248518028,-0.11069407632044057,-0.07738476590717704,0.014291991689613344,0.04273077964815525,0.02073280618450869,0.10079927023176402,0.1632518833296174,0.20423313338515037,0.1974029388794008,0.1879318418040788,0.28893445085553554,0.2525374935068442,0.29440988024806575,0.3647229496284093,0.22669910166731755,0.35913136246133853,0.2561725303788559,0.26534900995325644,0.37022309078199395,0.4057182352965117,0.3303865754144252,0.2789786450910911,0.28239225656390315,0.24434399368782544,0.20229915326796655,0.14683138716022576,0.09210410796375318,-0.041976075516405524,-0.022335394478559492,-0.08108128684948206,-0.2947133193560376,-0.5032006781617635,-0.5961532917758188,-0.6330254683937981,-0.6599577135614859,-0.8631068772637943,-0.8088632591656911,-0.7343185065394253,-0.9280263044715944
-0.3031698809990014,-0.24341835708574583,-0.19707201346393668,-0.14000683645804762,-0.11971428639291964,-0.07899168440936466,-0.013230418405716286,0.023288129818946714,0.07915619733380544,0.2045963149254758,0.17693652337453128,0.17564497519864936,0.22809058061714765,0.28964686747728396,0.27034823512246736,0.24877641251939955,0.3183262337772158,0.24275289600545827,0.3899540402282816,0.3624964653410806,0.3644589007732795,0.31956416434660734,0.3306511092891016,0.3751586466598128,0.4352244814195628,0.26827879163223284,0.2908207966819227,0.21270298711671087,0.22042658579723107,0.08345232883433278,0.019986343327713443,-0.07691677044123087,-0.09243980040636722,-0.37547063715995244,-0.3959251232193485,-0.46456747038451457,-0.6463876539952665,-0.6932805564100738,-0.7793148520253969,-0.8114922057271573,-0.8903507650749648,-0.817120670683061
