gfs-wave-data.json
{"header": {"parameterCategory":2,"parameterNumber":3,"dx":2.5,"dy":2.5,"nx":144,"ny":73,"la1":90.0,"la2":-90.0,"lo1":0.0,"lo2":357.5}, "data":
[rows 0 to 18 of 73, columns 84 to 125 of 144]
0.5773338641535458,0.5475023372874783,0.6119608544502647,0.5417084562884384,0.5440084685348923,0.467674028496042,0.4346693244469189,0.5412829671879457,0.3643225384736267,0.4174615833626709,0.3305230473841046,0.3165770435190834,0.31390824687913027,0.3242053024423188,0.3415179025707082,0.340276236911021,0.36440556462624174,0.3145194753254627,0.45106294247155937,0.41881144355365896,0.43040854905373727,0.35894708718096996,0.44340050446905727,0.4618050526458166,0.3732277539363484,0.35318260662862466,0.4322363599252204,0.3113362660834104,0.40255444137744634,0.2288314860208745,0.18485263464710083,0.18041486032241638,0.17327776788654775,0.18880775775063754,0.10062626234612979,0.1254818657400452,0.05658439584671243,0.05865127146322284,0.13882664458137228,0.10206814020100101,0.10244688998758131,0.13675740228694788
0.5933688455371191,0.7274998226118767,0.7258497630398684,0.6344116193814787,0.6176763941691202,0.6033968483500128,0.5107917813449401,0.4500165340141421,0.4021616940713901,0.3352322502264596,0.2462975591577906,0.4085246565248729,0.3056918962797378,0.36066445388787965,0.3168713586180802,0.40416622607698494,0.33742406644692585,0.45699923828340155,0.4246753858755437,0.4131532174753585,0.5166846044631576,0.5062252758744086,0.4752080428762919,0.4362342306051001,0.5169553481561431,0.39183382795148564,0.35032272739447057,0.3648138834294179,0.36690462432675497,0.20214096463164616,0.21167500775226417,0.1723440143875125,0.21933062869543285,0.1579641061808284,0.10344707805006935,0.18501084007250035,0.061178940713486514,0.12408712001345862,0.06448657945345507,0.17388412924919178,0.10499943345406373,0.0964278418529258
0.7513336994241628,0.6088596355022354,0.7008742823428965,0.7489239622229018,0.5753379826249034,0.4528513379648734,0.5034635199391163,0.48041224774618546,0.42633033124948955,0.3227380777512865,0.31044724309609706,0.3775973797631776,0.37212583983341296,0.32414723814452456,0.29030413680949885,0.37006813138640465,0.284630454388822,0.3552281777187383,0.5201976847592525,0.3577440603213725,0.4057114530277221,0.5501611231743876,0.38322131320565833,0.4890353333268317,0.440231842055869,0.48185327639933323,0.334532863776475,0.3170590291956607,0.31789013913028935,0.2868392440050737,0.1856510012334242,0.25264214971360166,0.22597311775565207,0.24255201511858565,0.16281917055314618,0.1586948305044428,0.1662705456752519,0.11577985569369226,0.1070338992482056,0.10446916287411857,0.20531588776264556,0.06643557561255486
0.62855177174558,0.6858513497762452,0.6449841266988331,0.5471948169776442,0.6876468231190387,0.611453284939249,0.4761575893219875,0.5020202628306196,0.4337649597381576,0.40061747240863377,0.2648577024481207,0.3436376100231143,0.32301248869796717,0.29575400927112827,0.24161918942743144,0.2903475836227976,0.32210095434418906,0.5009340756780724,0.4305713111499435,0.43629162557943796,0.5273598917888276,0.48722347485637524,0.48038876676035097,0.5568812707850579,0.48080299790179,0.4151688025786782,0.36586927511503636,0.3223441041280433,0.34748912992986347,0.30259509621593095,0.2884263308168659,0.21753265862821125,0.15348712874264034,0.12258183259992199,0.19447261211178737,0.16018930144905044,0.11453694376653874,0.09944323917222017,0.12709512352873528,0.10173414483120205,0.09650844837194095,0.1372061318715115
0.6288334940178241,0.6316403779890865,0.6107595599790023,0.6701256628297055,0.5825884900205066,0.5827942951039178,0.4546253069931655,0.40957517760730555,0.35485470680792025,0.5339638153673913,0.4550459396249047,0.35140712454544154,0.46266924775976964,0.3778068878484487,0.39254641580818134,0.36949253187863185,0.36864783115627037,0.38231290109519,0.4622202682558336,0.4602038907571734,0.40307741463159064,0.5073686422909777,0.5374622834949176,0.553365970718466,0.4673950239295672,0.5274235294611916,0.4144821405524676,0.31736089209061463,0.33589099214338514,0.23839311661030457,0.29865879567091863,0.20300234430158104,0.1966910235443302,0.17887290353369276,0.20333025660153692,0.14331353159226243,0.10012075961776191,0.21137245112960482,0.19577139158425375,0.09751510759177201,0.1282780890785512,0.18026540044007544
0.7498209504466428,0.7912937213779879,0.6041975581045828,0.6197405271727485,0.6574386148521476,0.5237179586123248,0.6169907853353004,0.5529755046065349,0.3653529501118001,0.4925548366017484,0.35955070601021427,0.2727240286497516,0.3707445810357536,0.3084710431930077,0.3452544545588956,0.282996800510396,0.4519028396742505,0.32944553076623145,0.41188846546741215,0.5188499521862827,0.488913196379792,0.5579708393238674,0.521825500920591,0.5592828805964157,0.5727831125281003,0.37350653512431725,0.48847827049909,0.3692580108968182,0.26832053112960697,0.3253929880042672,0.2751857508090518,0.25031944233706377,0.1579098432184083,0.19547584530268955,0.19874804392006742,0.12326139171520431,0.06974347578428926,0.18380569303351307,0.08967338289280154,0.13674469432642278,0.14733005726346973,0.17324688355745385
0.6837643326634669,0.7938008660702202,0.6883084328860511,0.6096593559765051,0.6761627122511127,0.5191117552924611,0.47422371851984463,0.5376423095368255,0.4768592726574145,0.5043239664396594,0.38788731260669307,0.40860594049023435,0.4065446033487553,0.3258347858386189,0.37434368338951424,0.4215894755667721,0.5104793620911107,0.4844040170225321,0.46903496181331933,0.4217599235859609,0.5135910612449818,0.43224081273700665,0.5019223681294845,0.4507152002066693,0.5990941179071371,0.5486498155669106,0.3334660185670686,0.3372660293995452,0.3157568709919908,0.38101778972418976,0.29430486759681995,0.2121385556967254,0.1416886399754805,0.16997100269822613,0.11913771133789725,0.11258871166186232,0.23548441523345334,0.14151382381031444,0.139822136536381,0.0960413050432361,0.16853827008275396,0.11446884129672755
0.7551495029261983,0.6390502115852523,0.7749886654563347,0.6127818635165365,0.6590219858367233,0.5271942891550938,0.4773087914807798,0.5266579322895873,0.47563839860767193,0.4672555407676579,0.4292499091871925,0.4327905547987525,0.22577517118277007,0.3946059881324918,0.339556847525053,0.500800809195778,0.518805472492082,0.3812326142624511,0.41916151730036116,0.5304654503729561,0.4029578066436137,0.6132417943008698,0.6312536308638895,0.5082407187241924,0.5711279990248623,0.5434561219214502,0.3407331933378821,0.34571183785847714,0.364468848125578,0.3970593074379892,0.2576840915941122,0.2694320739832088,0.15480108254705194,0.2902838760164028,0.23210775919088927,0.10356295581717107,0.09914495146295112,0.20132639725669757,0.2206337492152309,0.14766395414284672,0.2002554534682732,0.10298342610217782
0.7403156264497911,0.7004220759173049,0.7688528732203196,0.742370235020054,0.7187132889235777,0.7083913389986297,0.6492099613900263,0.44052206616745776,0.4821547621948987,0.48887518836856536,0.4169329587823041,0.40766917591238666,0.4179527964803571,0.44397490381951743,0.4421706134142251,0.3743171878801632,0.3865585643465414,0.5900278020231629,0.46460274990052775,0.5376790502993137,0.44542564156621584,0.45851965213065343,0.5301903403744547,0.5280327299240481,0.47679945225781717,0.4044755848264713,0.4249119970369705,0.5238983178742179,0.4111655214478042,0.2736765787618945,0.3132491882839092,0.21628778869610504,0.1899884350844922,0.3070199270839098,0.1976301900098825,0.20311853083780637,0.12465416239549132,0.19543115866986158,0.1542544684526947,0.1458135450815621,0.22223516718668584,0.11259627394401464
0.6593325451964558,0.8599363085055975,0.8276094788759583,0.7401745103962445,0.7016360751503462,0.5656132812647263,0.5484134223987135,0.4368993816967105,0.3693065977694972,0.40625272342382124,0.40618122694454395,0.35979396028604477,0.3522126379193184,0.4640796738323006,0.3165120511945591,0.5047982419132128,0.32117803501797393,0.40793218533076575,0.3924626179984843,0.6231735100879875,0.5831228792964406,0.6130186035215348,0.5045799206759494,0.6001753716200523,0.5136256242869204,0.5253543231295926,0.5211328707081319,0.4226694039366016,0.4311928795473573,0.343834860751958,0.3483541696219998,0.2768040482371328,0.18691045549759003,0.1363570899163222,0.15295769290229108,0.1202660876686618,0.09848907170434994,0.1222881153005465,0.12205720888077495,0.12138579231563698,0.13377853746114482,0.11440453172991782
0.7632613677239751,0.6996662347787714,0.6661119649140286,0.8152918223124289,0.768379257269632,0.5680977536848111,0.5666899353490371,0.5350097234467094,0.5537022881088353,0.49961796080209486,0.4209808998745316,0.401871231856016,0.3264459305007083,0.2905750584124103,0.3899457246057581,0.29793174399097866,0.38255394131312176,0.43712351676417704,0.5105549733247374,0.4688761551105972,0.5950378100067627,0.4758786528956878,0.5375405825166988,0.5564135039311514,0.500598798894624,0.4483352436391863,0.518640958605964,0.3610403074601737,0.46846197893691616,0.3518121133095964,0.24994218147861882,0.35064027314450474,0.23382297851432052,0.27233247559521995,0.18523673785050887,0.19425326948104626,0.2107361267221402,0.11818258408066411,0.13847523462441996,0.14486656097061507,0.1810251258259716,0.25543718268283017
0.7832362223528576,0.7954212100201554,0.8102130845739242,0.7421753744393725,0.757668379800255,0.5458847100708423,0.6453442834209789,0.41412670464733736,0.6205535377030633,0.4359933213064603,0.4409688560417592,0.461038815315077,0.34609748880898217,0.3088244116061371,0.4546963386075718,0.44377965725197216,0.40798845426403907,0.5357025066086736,0.4423544070228103,0.6076667222864383,0.647021640133876,0.5429312893112167,0.6066401074329514,0.6140011095279756,0.6244824424352556,0.5035973997794625,0.41450453467411574,0.45604829429113547,0.41753801442036953,0.3470006014984989,0.2765938334878469,0.310707269854677,0.32392588040582737,0.19404966938122795,0.10617700973168968,0.20272584920782907,0.10420308580432426,0.15115211781396073,0.21322983849282445,0.24359482130673593,0.17881641973684065,0.1694198883669883
-0.34720867266559347,-0.30833632318769544,-0.30935455938657147,-0.2680660704780301,-0.3386900520428051,-0.22796164996928117,-0.29960933718227517,-0.37944053567781716,-0.3621256251178604,-0.2921239457030131,-0.2850337314054999,-0.35162490425653437,-0.40574789727364297,-0.25770765605700285,-0.2943107858180394,-0.3575975828149977,-0.35333252541163196,-0.36336113054029584,-0.23736862484470816,-0.34880086696956847,-0.3355403527569315,-0.265517628616158,-0.38419452430243195,-0.36214209249473783,-0.23602234225984844,-0.23396303665015097,-0.23426836592982297,-0.29230436599641946,-0.41061067743305707,-0.3282653758656267,-0.25130095798637964,-0.23753235466929684,-0.3482101155602092,-0.37260862166543995,-0.2517346110949584,-0.2910130574571842,-0.4127364866055827,-0.3029619544498107,-0.3769285798344508,-0.36013895012398295,-0.3764598412101642,-0.3116821435109669
-0.36089333157875925,-0.3606008005893125,-0.26457210856086294,-0.413073267329925,-0.27675908993022424,-0.3655181149060825,-0.3605520339617975,-0.2597443700838783,-0.3563823591228503,-0.2453465632105651,-0.36222798380409105,-0.41046524359261805,-0.4243833010868423,-0.36982218380911563,-0.2480456465459631,-0.41733382448820816,-0.29062043070011845,-0.23875488424467567,-0.2925073452062002,-0.25081284568087026,-0.40542354919811463,-0.29665409914127594,-0.3837536987727164,-0.38191505243931395,-0.36220442065243325,-0.2825660231090951,-0.29933993408560317,-0.2514142276327975,-0.37040901975871493,-0.3008778506681721,-0.30446863937355817,-0.24445342485430596,-0.431358792571614,-0.35973829615993713,-0.37405484245642345,-0.27501576027816466,-0.42816389162450685,-0.05144069235860807,-0.18517588046313227,-0.24470065069596866,-0.08666486373071632,-0.4331365480920201
-0.29789001291558537,-0.40378260788051246,-0.37504489261643603,-0.3365462529736965,-0.2947084787274369,-0.3034388542752774,-0.2906668697872178,-0.32591155265530974,-0.4134473544358883,-0.360936997610582,-0.39791236246130246,-0.27156843292204147,-0.31448562606518926,-0.29271098406813767,-0.28479321623469755,-0.25827640367278976,-0.3167371981567368,-0.3623037114556318,-0.36662133575574535,-0.3342766519297231,-0.38485696287742743,-0.3805647231657437,-0.25147897251473833,-0.2753676734090728,-0.41557597938685953,-0.25042838026287334,-0.33433308880173973,-0.44313823971314087,-0.4092166029234165,-0.31791161917408195,-0.4027802830344786,-0.2911701371983899,-0.3273494250895502,-0.40448560641707415,-0.25285711647689907,-0.3168456583125115,-0.36247108847985743,-0.5208913712097808,-0.10425565154490514,-0.3456836487802071,-0.4369391380165187,-0.4968366303348394
-0.2896458119100614,-0.34092728832218766,-0.27308633004296096,-0.3024188522795545,-0.29546309879432314,-0.44692288426293963,-0.3877127027290189,-0.37746012270482676,-0.2953771396289448,-0.28145532315485233,-0.43624468826283125,-0.3129054490353333,-0.3818631035804377,-0.3358372507612404,-0.3945739975168684,-0.43967189036220855,-0.3090179423477872,-0.4516959002928935,-0.2724321656003471,-0.44065723762358044,-0.31457843138469843,-0.3445822702384831,-0.31660203681651267,-0.2997503818226602,-0.35281435951053364,-0.2556534552207442,-0.4425461547396788,-0.3412024360088116,-0.28136944730229324,-0.27562404460685114,-0.30784150900330426,-0.38650763821805556,-0.2583310401858049,-0.37369099283679197,-0.44557687435733334,-0.34471443321769973,-0.25722646156817536,-0.18939167968770348,-0.48440227830575894,-0.40062072123728637,-0.21213771312485455,-0.35349486208898245
-0.28278418430897045,-0.28723150999088864,-0.3362434125692322,-0.2639913556083496,-0.4064611073417819,-0.3956704015260545,-0.36310866559438654,-0.3874658208370014,-0.4189970872023229,-0.4371555454163631,-0.2906492458031655,-0.3148635551787053,-0.4631943094829321,-0.42367486817981065,-0.4431950480234603,-0.3636408429284237,-0.3479781265940118,-0.3863727002057249,-0.2976477623744422,-0.3770741625616319,-0.34513984796354685,-0.39720553134961695,-0.3967148416841911,-0.3788740429380027,-0.31252320250111054,-0.3519390833073243,-0.39866800300634947,-0.4592833324738279,-0.38076225985704204,-0.3145655299119249,-0.3051724564390327,-0.3314882910238677,-0.3591779518621706,-0.400210586437499,-0.3397840287495352,-0.37640020831325255,-0.4583883678509976,-0.1119769984855982,-0.02530689277686853,-0.5057038981917835,-0.1691368812314301,-0.02544665004724005
-0.41161420898297846,-0.4141344923743321,-0.2998966701989812,-0.3935666494353516,-0.28543252115638007,-0.40190132690536945,-0.319802361278735,-0.3223363736163751,-0.3192855319819518,-0.45029751018255904,-0.2972996443173915,-0.3640756133847168,-0.33860184795432013,-0.43669244792097195,-0.4495195307147651,-0.45557262570358487,-0.43944269489020704,-0.3827196127919676,-0.4660903066005486,-0.4408503248072723,-0.37987887903475137,-0.4609664234477564,-0.3990761800453141,-0.33581326061960814,-0.40496290892195513,-0.3741718509719416,-0.3769713658728209,-0.36573685970771097,-0.4437306323263225,-0.2771821762433719,-0.28172123760694623,-0.44227993438909563,-0.34305341525353267,-0.30605029465217537,-0.3242386538170482,-0.41341309424525763,-0.4409716806586847,-0.5383366013067913,-0.48264539066233936,-0.49518504090022103,-0.1921400874530634,-0.35088452232597084
-0.32348351458102986,-0.2879424595443511,-0.45545704166487194,-0.3570137096288577,-0.41638897255696566,-0.34406809421049517,-0.4027384324734039,-0.4034409116322797,-0.3039683498813151,-0.2827734603501408,-0.4491981068045684,-0.3801969792639479,-0.4198826734413783,-0.468972185316885,-0.4004161689587176,-0.3034379968141487,-0.3731438464377042,-0.4686640272210439,-0.2789189280960131,-0.34587407128307845,-0.38449863159778536,-0.37343204539830127,-0.37314889619544606,-0.3471674059348982,-0.3891349228034235,-0.3447494468862963,-0.4271742151108639,-0.3209668608511207,-0.41181580776619214,-0.425151394102167,-0.44779771865791146,-0.2947308235584636,-0.2982282450162518,-0.29426869410445655,-0.34277704324674574,-0.37580294692215105,-0.43506015650781366,-0.13847786693052894,-0.5986900750372378,-0.33067915484770466,-0.2754766012131195,-0.32459040229888986
