gfs-wave-data.json
{"header": {"parameterCategory":2,"parameterNumber":2,"dx":2.5,"dy":2.5,"nx":144,"ny":73,"la1":90.0,"la2":-90.0,"lo1":0.0,"lo2":357.5}, "data":
[rows 0 to 18 of 73, columns 0 to 41 of 144]
0.4535883679347845,0.46052432046886776,0.613001333882316,0.516925504322929,0.5183400321670323,0.5051392866116047,0.4067640118675833,0.5450294592611402,0.30400311658979473,0.40178374318599547,0.13436181386196122,0.17683918876456076,-0.05259027537233744,-0.1598912960270745,-0.2679824003348321,-0.4564083271621862,-0.38764663308941144,-0.44513205667189115,-0.42366761628797767,-0.6073117215888628,-0.6418113645834677,-0.6233246668997013,-0.6564634805915492,-0.7695904935626721,-0.5774133579116744,-0.6341368054959747,-0.5548207646072484,-0.4692499250402388,-0.5574131494870006,-0.5342284280246585,-0.3816844108819532,-0.33072270481507804,-0.29255131889542113,-0.2189391722002378,-0.20534425721152913,-0.011114004070174844,0.025952325512097568,0.018520219164812377,0.1596247626595578,0.264427608972336,0.22902948233293327,0.3623756865321432
0.4828169919935401,0.5070018495570379,0.41142134296849286,0.5507563767450567,0.44122359682093576,0.45336572096517325,0.36651376058410934,0.47990887171279667,0.27331379889495067,0.3239961295294194,0.1489426314563429,0.025313209902516988,-0.02263085415887088,-0.04360928037399335,-0.2639780108544606,-0.2135727237756168,-0.28905975409392626,-0.36363292430969396,-0.4418095514665129,-0.5797727445130799,-0.6224377979076715,-0.5392428536191989,-0.6618251334284524,-0.561952244485679,-0.6252458757286019,-0.5817189811885527,-0.6069582901038101,-0.5994817206501603,-0.6046243423107419,-0.5077519383717026,-0.511781393265181,-0.30133813162316514,-0.2820842350451513,-0.31871896478453576,-0.19085353289996035,-0.13646583623479702,-0.026342023970428265,0.03879296300707746,0.06840277502672595,0.18229313791540913,0.14925460395966167,0.3318735300277567
0.4982550160968679,0.5000983346230858,0.4914043006098659,0.4668338199007953,0.4240189052807387,0.41269702005409686,0.5687154380867504,0.3421720872999724,0.24146304681688985,0.28739782911599143,0.26149121770794875,0.07431877036172095,0.13048378114461678,-0.008839458033104007,-0.24853697470550248,-0.205536100232858,-0.5344829045347597,-0.4666296618878501,-0.6186073693394225,-0.49722280596622925,-0.565407968690215,-0.6555642935620327,-0.6615977155729954,-0.7152146918771821,-0.7564308504634859,-0.6585752646123604,-0.68481605684265,-0.45600576547551863,-0.5072960272732557,-0.4541633237798138,-0.40560862672356524,-0.32229304809803844,-0.4010494211865277,-0.311886183720898,-0.1815588453467954,-0.12998990492623586,0.07318163223934084,0.08832168492485597,0.06117924520504954,0.12761431223593142,0.2259197813130044,0.3544266593596827
0.5527012136453197,0.4652316183703959,0.37540309211999096,0.48551731282245814,0.3945689917692819,0.42495931044694607,0.5257919060176128,0.3640832072115215,0.43236327862876256,0.26706910873146505,0.25449771243602726,0.12416709480124015,0.10505402654930918,-0.005116423437000032,-0.34607496676396393,-0.22741439366415553,-0.43381711250928734,-0.4544552167475107,-0.5829245848484679,-0.6174582724831538,-0.5584191680405035,-0.6834205982968272,-0.479909631863578,-0.5616211773499686,-0.641809585238049,-0.5607559617467043,-0.598271579362172,-0.5829972029845811,-0.5385100568915561,-0.4729923542472875,-0.2994494839196349,-0.3709435969295207,-0.3180446335123474,-0.15293214347877943,-0.2559827673099231,-0.08197692039560514,0.028059647309140883,0.011942673647465585,0.04713501284331781,0.11661255579794616,0.22755060532291208,0.2518487194530151
0.37599369111713754,0.42908195380602404,0.3797369382637305,0.4107917712694259,0.4912288417822143,0.4601441556255051,0.49431447286773983,0.36354494378860286,0.3475689271477646,0.20319702314754498,0.2791347329460785,0.08868564306650888,-0.004445108781703172,-0.08435006714420594,-0.328155782286744,-0.2533793956170808,-0.4079060554457142,-0.4865011730915909,-0.5358934177167084,-0.47305048389805593,-0.6487169422333925,-0.6162448872694785,-0.6834157886741992,-0.5713658598784288,-0.5226635703121963,-0.5307666820338056,-0.6413613428999139,-0.5767822187642404,-0.5795175165928517,-0.4898779471117809,-0.510017747331525,-0.2926742112532789,-0.3097988042049455,-0.16577180337834257,-0.12391731151444199,-0.06133264129403733,-0.07382713683879527,0.13529428551549452,0.10530444257608482,0.21946319132054717,0.26612111224190066,0.26971210649841926
0.32799665323666527,0.3543137457048026,0.5071276432880019,0.4011393365837453,0.5073136639595827,0.4166881186806398,0.474716577895868,0.3428102238830931,0.3440715890221722,0.20641229835351843,0.17002453601540682,0.1455322863284437,0.04657304434975452,-0.10448604991995139,-0.17914327903101612,-0.30009182035572557,-0.2793395152740316,-0.5753691566939703,-0.42150059982816984,-0.4675203809829469,-0.6050998205066758,-0.5496937803778096,-0.5657179670099667,-0.502712998523929,-0.537216128318589,-0.6348834045050984,-0.5612226818470337,-0.5846065593654307,-0.5187398596927539,-0.5086270034166238,-0.474629341912177,-0.31792283508410013,-0.2110154173974506,-0.1842772739762698,-0.1199611957064875,-0.14173250856924632,0.05027151437312445,-0.012239543208049283,0.061844602925107295,0.22153085610621903,0.2661011899633822,0.28494124167143775
0.4699663634111516,0.3406060515161113,0.48359216611746564,0.4246002217802007,0.3131468637291468,0.3667285158022804,0.3603780374353187,0.26897043469441057,0.2791554370440168,0.21752290879608613,0.13629306809578312,0.05082277095736432,0.09159274928182772,-0.1670347260974991,-0.09314263738889768,-0.35159853455490014,-0.3752650641430703,-0.4713985037802817,-0.3833163137977537,-0.4245403847572615,-0.49621827877840163,-0.5315595414387105,-0.5751551363150255,-0.6799924712117577,-0.6397313963879534,-0.6455377036151555,-0.6671286836847748,-0.5593141753572762,-0.523538949115235,-0.4367978736965404,-0.46080912328508333,-0.3439602307606802,-0.17806860938722402,-0.26312587058271814,-0.05284773388970013,-0.12655963824775637,0.056271165708156184,0.0264568461747832,0.21613092356479868,0.1538749983234876,0.11617080150009285,0.24442549486282916
0.37920267749423386,0.36902387725768254,0.5433805152568455,0.3675020721468451,0.45114636177639783,0.33041902314586075,0.3221988808386682,0.28543709855768135,0.3285538267443864,0.29993583511446864,0.25254620519704485,0.11223430258966234,-0.03034478354320557,-0.06973416515232303,-0.31631476252421475,-0.2967634985803887,-0.252576048086134,-0.485397156393099,-0.5328844211976758,-0.6441934028501104,-0.5058334381561119,-0.6084999389467982,-0.5622034421771978,-0.49461397973107907,-0.567210669242657,-0.5454829756034456,-0.5655270160455661,-0.5966296293280337,-0.47759257468489064,-0.44436103891808504,-0.28038652986256984,-0.3826526939555243,-0.34433182899616777,-0.14956637354992042,-0.06623248668503669,-0.05975633899316241,-0.032291220976474085,0.05313010295312666,0.15455511150390638,0.1734572256481453,0.2345878865884865,0.18017351842426108
0.4004251170540971,0.2965533435891887,0.36907047538233356,0.4811894237429759,0.41810578448818286,0.4476007626544034,0.38238441192298106,0.3049185109975301,0.2874984972463678,0.2755373705489902,0.27758322067965613,0.08724117945159476,-0.0515814336931271,-0.06918405843217292,-0.27632090458432745,-0.3507138821659262,-0.26503402038331697,-0.4532101417076238,-0.6176385096701552,-0.43964546815148814,-0.594057063935031,-0.4637873792445996,-0.5563833776523287,-0.5376118206156107,-0.6825868156944472,-0.6303132131777276,-0.6498230931239646,-0.467303391666645,-0.5178839681545964,-0.35860216963320996,-0.31607054938595974,-0.3520737216694048,-0.272369493269527,-0.18013828405069182,-0.14232986749024532,-0.062438958108750574,-0.05651188091500405,-0.01124579458752491,0.10715788223220246,0.11861355165052256,0.28364256695405027,0.24824006979470467
0.4131409237934987,0.371245782418986,0.35123950109558394,0.4451759879429598,0.36691651963661637,0.37161895010023827,0.38711607947264737,0.4476528745768526,0.23803923382961018,0.30637356138007693,0.17856065162782797,0.1751014558112066,0.04058994191088773,-0.12870050065441183,-0.06917037259232292,-0.222027849335146,-0.44161847981601676,-0.39147507475947846,-0.44360250246360045,-0.49838551731609243,-0.5125797803341958,-0.5471096891240048,-0.528522012207245,-0.6394997503072736,-0.4959737698357503,-0.5910798135404914,-0.5896870533247467,-0.5429002059008646,-0.3812197223415465,-0.3726312376751827,-0.36011254881111826,-0.23466456509585054,-0.18528286957582238,-0.1749700033912137,-0.17953423605760763,-0.10120312266765659,0.015273878309327247,0.0960725073159078,0.14780657846019077,0.0849280098854464,0.1723358417558288,0.15040095783859306
0.4034379118751041,0.27390191153970694,0.3644728153303586,0.34577313497097983,0.43528966614534836,0.5185508707708798,0.42542705104061623,0.40038076277127965,0.2736292456738768,0.22030227027527344,0.24440291662542402,0.15216624999962344,0.06995246880866503,0.019945612583028672,-0.21380555996114933,-0.3130642426701761,-0.40485440193671146,-0.518340510641731,-0.5112858319247936,-0.5294595394990946,-0.47971101242244835,-0.5074095764276124,-0.5037953191303471,-0.6560329744135185,-0.5146204647255345,-0.578582955617752,-0.4931069389234901,-0.44929890985084137,-0.4545313086342408,-0.41213174409518466,-0.37876141051811096,-0.2741457730640342,-0.1670583523182059,-0.22927557591567982,-0.12222725545845825,-0.00036416897981075244,0.06357696417180242,0.060941205900728664,0.09652596303195175,0.17201794470886972,0.2051343084438931,0.1707050158096741
0.2669499769186458,0.3601192974656764,0.44303156930795545,0.4176267647960091,0.4036994257725329,0.3558122803933222,0.33765459527125197,0.26279140941214435,0.31110412195526865,0.17039019718884943,0.10663566513724068,0.0699567362097345,0.050028533941872545,-0.08394629628876758,-0.24687109872869709,-0.2537157453545479,-0.2439757401873086,-0.29554239884700156,-0.38898975919843165,-0.4585824862452088,-0.5907589853246022,-0.5853171713585973,-0.537939461145789,-0.4440843989047144,-0.5876001125703202,-0.5050760155782865,-0.5699670422725239,-0.44918848597244465,-0.47488089394416244,-0.4292355583911369,-0.27870674540809676,-0.3056051736965894,-0.31818580388825446,-0.1946900494857227,-0.05555316082005363,-0.07196662441046711,-0.0260623447246872,0.037649883705971984,0.042081489359301165,0.12873503441919076,0.14206741385256633,0.10006622126224572
0.014672423228235162,0.03632123502006146,0.0116601456649114,-0.01654335938937118,0.023575760651496747,0.014123562645440816,0.010290199693718397,0.0042720639297476925,-0.008587218470858665,0.024748005325786433,-0.032571071695401875,-0.013529812478770407,-0.006418456317227988,0.006443593753049872,-0.015465802977513451,-0.0034513009439571776,-0.0073947056553161665,-0.00828162800775843,0.01759715177163333,-0.01278686942775887,-0.007196315827143939,-0.006261432197719334,0.0037592039908469076,-0.006353030787519799,0.006939700787550263,0.0010112692529543625,0.001771813006498903,0.0059554164793904265,0.029787195819481666,0.017365475415783874,-0.025351543153765213,0.0013438814167750978,0.0047013198945834314,-0.01857824046187994,0.0036029143426396285,0.007223279637013881,-0.022437191481203777,-0.013828924645369844,-0.009431898349971485,-0.012055203753366049,0.004630484394140846,0.0022361738334325926
2.0412297804005775,2.0380800286700254,1.9945204103262844,2.056182555258105,-0.00937056459039771,-0.0293226217990928,-0.003109525324038638,-0.0021150902948954262,-0.005129337438455132,-0.017642332157311875,0.009418782265021318,-0.010782713880674387,0.018633062436903058,-0.000292897082589534,0.019127396762254,-0.0045009923564982846,0.023110147817966484,-0.012636293412621591,0.0260864830033508,0.01478955750205509,-0.01759387274921128,-0.00596464022187279,0.029658885850305666,-0.027374655280072824,-0.013270522081552263,0.013207610270161693,-0.011484601851294492,-0.003056684519700647,-0.0021625377237687576,0.0060755656295240264,0.013550765205438693,-0.006647900051433743,0.02097304652350254,0.00028066986373921583,-0.03952954723098738,-0.007913812116021659,0.007933131605581912,0.0011090711228799414,0.011708427201300166,-0.015549193135757165,0.006949550447628827,-0.012805945122713385
1.8789103242378904,1.9213443277841311,1.825730037361906,1.8767966643592147,-0.007548647241598235,0.0026036758402594776,-0.008598562993028767,0.013204102862607413,-0.015116004095196471,-0.005854608820254808,0.0171525704018817,0.013279783669657973,-0.029046707036180903,0.003401815657003199,0.007323215678017759,-0.014112120465553215,0.00587199366462732,-0.023406050191279445,-0.001957557023594164,-0.0053801938813129654,-0.005172841324948072,0.0012063295518629777,-0.002589905221559124,0.006513278545395091,0.01747886437024063,-0.009740436311203315,0.0030880787268515323,0.020400748953219035,-0.016248008109970045,0.003961060974324733,-0.018773367899088872,0.005160259509037681,-0.006479188640854063,0.014725409585309738,0.004243304236047233,0.0060559999937127235,-0.007514050166629795,0.0047654622977919585,0.011194399358586161,-0.00422756372961894,0.008091828917052062,-0.011864206522970263
1.8017750452483394,2.055857095372277,2.010418954981571,1.8425759512644202,0.027032476074735065,-0.007894277682311102,0.005431037826940545,-0.007029675607532544,-0.015867384862040083,-0.019903089862833307,0.012446797500993602,0.008038203011119491,0.0029957139464535775,-0.001941863281288658,0.016461184616549895,-0.01173627445494491,0.0006611433857158058,0.004633135595402407,0.01414426066186727,-0.00184233091059324,0.022721569381696817,-0.02133325523823835,0.0008321163371821194,-0.004460883225038777,-0.025764097270395286,0.0060306769846174765,0.003143797285257446,-0.00840317544368693,-0.017469382348654108,-0.007689090662697884,0.018758321324464446,-0.002827074210534792,0.0006992629527208204,0.023224616967772567,-0.009130632345952181,-0.02352177184088759,0.009431106787402777,-0.005780953338403003,0.02304252670645889,-0.0032339333126954056,-0.0035553159707507297,0.03216628437502253
1.8653900842150892,1.8141601522694706,2.0342734363199284,1.8044734684022243,0.007076637791300627,-0.005980369832026073,-0.0025023169476371034,-0.0012312007891399817,-0.011852028346436215,0.006114723766204812,-0.009439622248416747,-0.007890311735251397,0.00288388894631968,-0.01375124801681783,0.008996037578310707,0.02008504142019984,0.00010051004271515589,0.021798488338129737,-0.020278473658936088,5.26278835978096e-05,-0.03625582714498117,-0.004347305241322134,0.003232250671091365,0.010667944523619546,-0.017866453505966107,-0.0020577151794120884,-0.02544949104296119,-0.0031462753857456434,-0.017301688661735953,0.005874190777907924,-0.002923776941929337,0.005257946870562519,-0.000303409330196798,-0.008192430086569193,-0.006429712359935218,0.002454079379284424,0.016513500492889927,-0.003540856818286669,-0.014180330485337579,0.0001809648805195862,-0.01698411493008435,-0.01579311510548273
1.9518437259100527,2.000711570683114,2.110581685820082,1.9844344851311646,-0.00014523389445738867,-0.0032657531999091332,-0.00757944312733786,0.004194545036002371,0.015503625285877473,0.0029993369688524184,0.0015246637189700075,0.009518545220515474,-0.013681428545378582,-0.007234341449922809,-0.02729895349789965,0.01830258926701945,-0.006046079080549728,0.011804488485365118,-0.011235879704886743,-0.012919769252207584,-0.006527740057208264,-0.007956660101020249,0.00039859263839675107,0.017533156547882005,-0.006944163405752981,-0.010242640929093104,-0.0035778162965140834,0.02420220149481533,0.0032762219911465044,-0.007541385113482513,-0.002579518202847349,0.010998531048086681,-0.0013855405510138023,0.0016899943514519448,-0.000993372848416281,-0.005996623428656755,-0.004467926093469181,-0.00844415757162879,0.0056097067083726165,-0.0021490367301380325,-0.011075605791347849,0.024009833500617767
1.8587927644400666,1.835236753190821,1.858851024137014,2.11137365171671,0.021077010952675553,0.008420931747909012,0.007989083727566229,0.027042905779436764,0.011875683143546228,0.010160776383788967,0.00923784399819468,-0.005904732865517783,0.009624447284862649,-0.018155170842073486,0.0035321771016259555,-0.015968096833826127,-0.003858817619407975,0.004844770154656907,0.002354793807369102,0.007689712540624436,-0.0002811478312389769,-0.0026932876667883454,0.005905442337965367,-0.005047363728495767,0.0034097640970517126,0.01739074073445349,0.017112275670661033,5.203091274095139e-06,-0.0004375678657634279,-0.005174494577548946,0.006504889288900576,-0.0017354898932690206,-0.007810192056297611,0.006162620192161981,-0.014640902077675036,0.011026461335259346,-0.0006854164186800332,-0.0011117897684249712,-0.01645615970064101,0.0012465158795676068,0.002251880726594557,-0.003847373163072114
