gfs-wave-data.json
{"header": {"parameterCategory":2,"parameterNumber":3,"dx":2.5,"dy":2.5,"nx":144,"ny":73,"la1":90.0,"la2":-90.0,"lo1":0.0,"lo2":357.5}, "data":
[rows 19 to 37 of 73, columns 84 to 125 of 144]
-0.3258995804055638,-0.22926845328056095,-0.26953732286180526,-0.1607705427115979,-0.24129575024672026,-0.23181646554981802,-0.24044810574900793,-0.16682457524760178,-0.288207387891691,-0.18898431788879747,-0.2628703270858729,-0.18048745214090675,-0.14182541120151923,-0.1603770135251902,-0.18757810939632208,-0.2933458365917435,-0.2256749419226901,-0.2050144052557645,-0.28659685198235296,-0.2544342090661551,-0.16865636071596518,-0.19696865042289446,-0.1723888254543186,-0.21046668061478863,-0.2819256918864189,-0.22825591522136238,-0.19089153108746854,-0.2800508212832436,-0.20616278332250795,-0.2297892912526304,-0.31079386925877756,-0.16017045849379571,-0.33266749516742744,-0.2754052925712203,-0.21168763772611005,-0.28034620631246787,-0.22511807547474133,1.2132452385284485,1.108833994365818,1.2743771002455015,1.2045138982294694,1.245272457236814
-0.2754820510845861,-0.1466168866834413,-0.20595688436775725,-0.2124635822926865,-0.28492298065807947,-0.1996078488732826,-0.24697356795298803,-0.21145912865971936,-0.28629625610751347,-0.27645105516328067,-0.22747702904853107,-0.27002856980100337,-0.2505185577730805,-0.27119137610386695,-0.17742812115021128,-0.16869052817493793,-0.1787033859877854,-0.22030459670368435,-0.16765911111680826,-0.15928029011995243,-0.22899045442524768,-0.14610777676162537,-0.2888817381092823,-0.2961350017555647,-0.13362964307592887,-0.26030243874396664,-0.1873975157119816,-0.1643314047312409,-0.2817995331643943,-0.2671216606951893,-0.15705738515052808,-0.1823652118653434,-0.16898673945105902,-0.17238048539030526,-0.2279856112578641,-0.3053342581122582,-0.1369470924550335,-0.258290623574992,-0.2149779013179453,-0.28890717036567265,-0.2998293880776103,-0.1914494552372617
-0.2786980722709952,-0.4942511191952429,-0.46608801546733614,-0.4117280925112959,-0.33731782533406346,-0.41138719488123177,-0.3020592558376205,-0.48043142960825064,-0.3356898244608182,-0.4499565041276183,-0.30428475924265946,-0.3953744980437945,-0.2624828564700206,-0.268572080675877,-0.46925540124992016,-0.1883624320711851,-0.270031282331186,-0.34259035302240654,-0.366800851140943,-0.06358087948957367,-0.024106264118762703,-0.07611484010482018,-0.1151583733778493,-0.18066919974101275,-0.0696995206277284,-0.11453085202842982,-0.010794324998874193,0.06047317515690415,0.023373034339499815,0.18726491384105495,0.18026026245488572,0.2719826419105287,0.36526174483839446,0.36570024993435113,0.3347220050207046,0.6033247249846724,0.39458113582010673,0.42636929581528715,0.7669212791693591,0.44963196318019777,0.629207143970977,0.6480853854741117
-0.4847442018942396,-0.320723331785313,-0.2848850226773241,-0.3817075562876515,-0.2912025628210767,-0.35931830311330026,-0.4218663272704432,-0.3147498124078595,-0.48174916512564864,-0.4536486211175868,-0.42111044378695867,-0.3528231343129303,-0.291859865185616,-0.45509523985227585,-0.2793323484767553,-0.40274462394693566,-0.2995396404270893,-0.23316943525649905,-0.3003199633972965,-0.08295662120112514,-0.19747622240595367,-0.09893146535029895,-0.03591462183421735,0.039564290413156344,0.03490976746745323,0.055900988118779464,0.0181090161057892,0.00641844284695382,0.1198858585393419,0.07627964263465738,0.4538997069056535,0.1580594739949878,0.2534742731637882,0.4571170770679705,0.5683099358572253,0.4154542636685053,0.6532477125908613,0.5118514040711329,0.7399472195576344,0.6664658434405331,0.6705382757957268,0.46710419103066103
-0.41041415465985776,-0.46878906066935205,-0.37083744951939507,-0.5184385128410458,-0.35873751202747406,-0.3351571995700599,-0.4743265613619625,-0.3992834825343793,-0.3563332352330639,-0.35643692578485925,-0.4510745014534504,-0.3096747731552184,-0.28783130594461526,-0.42496339292399965,-0.2121650047348049,-0.21536538852368606,-0.14972475588893341,-0.3489208509051335,-0.1704966377197423,-0.25719756218535555,-0.06634761156055737,-0.10445668955138149,0.02476255104588424,0.02003876174460377,0.10333994188635758,0.07223742412564471,0.1920603536471911,0.00503986614014876,0.13985633299007807,0.36007383465862075,0.2266729687943265,0.23616534584375765,0.4597235940707771,0.39356149873320245,0.38189103087041026,0.6429682526216856,0.6297842107311272,0.38549487861885057,0.6556036395131943,0.5639109000151701,0.475137287944369,0.7247138556290957
-0.08011544640779847,-0.08423880024711078,-0.2568910330384362,-0.14479232765636782,-0.1370357239242478,-0.14723244007304218,-0.19399240004921206,-0.20210507674462738,-0.11541544204949844,-0.15518443005836832,-0.11243014452841966,-0.18598415898810325,-0.1720101483058803,-0.1615599006422639,-0.24150372485339447,-0.11034543219644996,-0.17361334737136278,-0.16545648402190438,-0.08055328320462825,-0.2531249718505088,-0.22802706748922003,-0.20484240258851083,-0.24588432758354975,-0.2656267827747018,-0.1692670465546163,-0.08602322692608101,-0.22652671275036682,-0.1454361119862188,-0.22577695750567384,-0.26413596813562656,-0.2532681851897059,-0.1375623806111199,-0.26958443902066764,-0.25666410221801195,-0.12518307009796098,-0.12663583924475982,-0.2695515992727826,-0.24397093216669227,-0.14597159799189358,-0.1307462333511599,-0.10784705827387482,-0.24733655190196518
-0.6652112631538831,-0.7649554326480571,-0.7820557560248083,-0.6238995584598724,-0.6513734644511431,-0.6399635240012506,-0.8541827633869703,-0.752523681167784,-0.6392061201680029,-0.5718164600648176,-0.5573165397651394,-0.6792404630631442,-0.534908735740229,-0.6350965620874701,-0.6038234439405472,-0.5717574456040819,-0.6601814065104273,-0.5681699763728232,-0.7304720438944677,-0.6637416634334699,-0.5891025407175327,-0.48209251049675433,-0.5213529438120599,-0.546144691633676,-0.527364631585438,-0.47117179426652545,-0.5221730023957734,-0.5358481289168895,-0.5019676813574394,-0.4251908050122936,-0.523352055616148,-0.4880554157827746,-0.3895153812944932,-0.4317279284734487,-0.5231429404450789,-0.5222254502497249,-0.4008107189762529,-0.5784273089197202,-0.5551556608814382,-0.4942673896047006,-0.4180085296060656,-0.41487165868502035
-0.5965753324296829,-0.52069026908655,-0.5710543121704784,-0.6074048151751616,-0.8457575203011579,-0.5223418873168411,-0.7882099317774168,-0.8704240982999455,-0.716630788599675,-0.595188479028305,-0.7655133834436152,-0.6830328851199482,-0.6368219289833253,-0.755234975287402,-0.6392875819079135,-0.6224536835377296,-0.5120797450395711,-0.583382071643598,-0.6910707745284296,-0.6294433390353499,-0.6460894044433966,-0.6550971133650537,-0.634884955255785,-0.581376244556581,-0.5171585384486496,-0.6401397341351178,-0.6282157797354969,-0.396096421600586,-0.6303615770083113,-0.5914328214394274,-0.4351896075266964,-0.462728237046624,-0.47026435575280057,-0.5178650783452143,-0.42597710147041407,-0.5155530580761783,-0.5913790719808784,-0.47853152847711355,-0.5687404135688668,-0.5199427570980906,-0.46441007089645203,-0.5002740745933867
-0.749617135704547,-0.7740791243404817,-0.6608549778999501,-0.7322808264133897,-0.5472532141677737,-0.6646683946893652,-0.6181934143958403,-0.508107896749688,-0.6797480800590054,-0.8042470760751697,-0.6492188319547724,-0.7223335358125049,-0.5778419632412811,-0.5310865631591248,-0.6943029140687386,-0.6038006434054194,-0.5853443539710789,-0.688643723513047,-0.6210009672278481,-0.6718880925936603,-0.5228064510134004,-0.5757703128146275,-0.5335695556169094,-0.6608467562034673,-0.5382508398144195,-0.5372928007030531,-0.4665746808789968,-0.5788048371783826,-0.45977656600677047,-0.40767272482810285,-0.4996664568014826,-0.5273983390981336,-0.5011001006900245,-0.5586300123592232,-0.4772302710904185,-0.43586493232202966,-0.47586379623285857,-0.5069029331969589,-0.546960362811431,-0.4895907150342848,-0.4378858631521228,-0.5878355559786224
-0.5582889298442948,-0.6136897221255184,-0.6698227323313372,-0.776601233155816,-0.8312774416617281,-0.7408662539641312,-0.7647528830734323,-0.6798131654634465,-0.7573895262233111,-0.6553745838932771,-0.7884730587816867,-0.6605980226030582,-0.7461924373045309,-0.6384355634198525,-0.5830845052010235,-0.47069104975383086,-0.6684456868859606,-0.5746451561193945,-0.601205286553828,-0.528214475645557,-0.5699439761392362,-0.6682049831697284,-0.5855198966205386,-0.4381578010487029,-0.5052698923186485,-0.614201759852854,-0.49012640799586604,-0.5259607666266813,-0.6003396945734181,-0.495441077756036,-0.49821242089807166,-0.47202751182972286,-0.42476617893960483,-0.5083101950924293,-0.5472040598967177,-0.5346420086008756,-0.44669742470805135,-0.5545976484555346,-0.33724360546698173,-0.47357542377978845,-0.38842856712445367,-0.5261223776860725
-0.7280122320639643,-0.7736421012983689,-0.7479260508294057,-0.6809121835848235,-0.8528804248620276,-0.7471398326710722,-0.5522729990100569,-0.6477269298409474,-0.6126470769133744,-0.616469052610609,-0.5423665231952615,-0.7069124136898062,-0.7254985194689872,-0.546719156892103,-0.4966352719819094,-0.6520158364485389,-0.5615635459209153,-0.5771113562784459,-0.47624865305371566,-0.5231303870743725,-0.4815698412706015,-0.6690103386188381,-0.6496088577322406,-0.5415079530037262,-0.5277617288102247,-0.5048141823281649,-0.44619912630707476,-0.44297530988061384,-0.4827878970634865,-0.3908029147465993,-0.5049994176149257,-0.47152053730556626,-0.3919897442205321,-0.5733409530117424,-0.469328084587273,-0.42926301346234325,-0.4319763195395195,-0.5687227613679406,-0.43678637896529543,-0.5170412834058212,-0.5177168204384601,-0.3850464401148422
-0.15552365725604742,-0.10731386378801744,-0.09839436297220348,-0.07121475494126976,-0.06310873534504145,-0.10342738132848837,-0.06885568596736917,-0.09704399921008632,-0.17678309148860558,-0.06193812262584082,-0.1778630377619912,-0.1857167045003017,-0.06413650148405436,-0.07520782199136206,-0.20231275202993043,-0.030367598512300323,-0.15570326076243257,-0.08292150481723673,-0.10802878396673768,-0.08318606213903142,-0.18669518232725943,-0.11165612812992674,-0.20135795914625726,-0.1508155630706924,-0.03913559544600177,-0.1653255638949282,-0.05056452306647563,-0.18175818537949617,-0.16440152156061963,-0.024629194326967353,-0.05690053043540246,-0.03858030655183216,-0.10870073744936092,-0.14377722461013073,-0.14074365927860785,-0.2077771750126666,-0.16087451090081398,-0.10696552237875732,-0.1123001879588697,-0.05434544567984602,-0.1168934597942778,-0.0668307218101924
-0.6660760205237046,-0.7788761216068623,-0.7334319447057506,-0.8078577122067672,-0.8866819951151034,-0.6427633360066013,-0.7448651209496682,-0.5686820925717762,-0.3776552255610982,-0.30343438338884227,-0.3931181207657941,-0.007850051213660681,0.05736871262610938,0.05512751805871437,0.3775713784675139,0.459489403379675,0.4668439522071553,0.5508888465959485,0.5209518410420594,0.5721134277675233,0.5388130754000936,0.5829848918604345,0.5408583768742498,0.6702626299929817,0.5372628688457214,0.5682964547984588,0.48629447110068785,0.4494510408639395,0.40252778543786805,0.3457721669793691,0.31737207109866084,0.18616849113196582,0.13447052019352368,0.15396196641196158,0.07379905471752027,0.10261224571747163,0.01927449538933879,-0.06087263664828907,-0.11865238308812388,-0.08877158974745658,-0.0812390612674057,-0.13598044882359553
-0.9117628731957457,-0.7969203518406287,-0.9551610651712762,-0.8083387049689369,-0.7483625801063309,-0.7424601595352426,-0.6758628068944549,-0.509633577999789,-0.6448456760983372,-0.39661869709258396,-0.178416839154934,-0.12826739774401955,0.03774685692052065,0.2687393153858423,0.192886761942471,0.41203496827483105,0.37782346713016773,0.5759485010044768,0.4797873452552155,0.7013000978716755,0.4881381645978367,0.5637025088849926,0.6113868595075741,0.5783908524156164,0.5224901219879047,0.4466530426745487,0.4369683942747915,0.45342473848421794,0.4015111244690588,0.30418450234098154,0.2321940189101728,0.22664203096531704,0.1569484356678401,0.09424347872291453,0.05120403787396539,-0.003580648002285455,-0.03300636366245479,-0.020446921608727558,-0.09852696688881124,-0.10934719671797975,-0.05074264618845259,-0.0764251677353868
-0.8417211519225489,-0.7011004009294793,-0.7370955232353187,-0.8625165612624104,-0.9271979881905598,-0.6941973723549575,-0.6189356823033828,-0.6997841990375822,-0.4883909222965091,-0.3838882420309307,-0.38140975658178883,-0.07022238981836683,0.1509381758717098,0.0964083593042044,0.22204033613960591,0.40113098438789885,0.3384619778696312,0.5674279185422277,0.4906274976353038,0.5888045842824559,0.5973798986084223,0.6087889358326809,0.611916480334925,0.6468167368423907,0.6505480882020377,0.5516637394864053,0.4076797702258302,0.36805235762371485,0.42709327613579584,0.34044066528955363,0.2957606790853003,0.3049558828694664,0.2297012517561291,0.11728310870232597,0.037206351920355485,0.015707808593912277,0.007338321049670638,-0.058098111474858605,-0.05505911288491989,-0.14836004521330534,-0.15952775908767894,-0.1323807219120531
-0.7590555527314365,-0.8565668785281987,-0.8028393923654339,-0.747541238351602,-0.755767190306594,-0.688155711081385,-0.7342763558710785,-0.5663157636727698,-0.4525738014036446,-0.3649665199250565,-0.18078663541821668,-0.1761560463884039,0.10893709856806255,0.19330245803753504,0.10904707344342796,0.19776527794019286,0.5369356263980789,0.3841963192722511,0.6390155716053095,0.5506026952567818,0.5891155170731613,0.6795855252420975,0.5169620146717027,0.5855041948496855,0.5959588576593161,0.3970865928514406,0.46142428073554614,0.42770382841897064,0.31894715236496574,0.2943757710271021,0.2786607193730338,0.20646058032089512,0.27474982498784584,0.10471161703141596,0.12108970932165022,0.0011077466164555714,0.03707072355450445,-0.06328098646327267,-0.05957609803264126,-0.11117465482746731,-0.11690506240410517,-0.1074721804109915
-0.8331610347034555,-0.872547317647145,-0.9768387215582459,-0.7741354408866256,-0.828904389610837,-0.9000712059594156,-0.6667771256965099,-0.5041779448191842,-0.5628260619547057,-0.5033558029226693,-0.24284994873506952,0.026166372160144682,-0.0231665001898621,0.0029800472854121856,0.33538489419651,0.40900809706085967,0.49812139660460947,0.6018994402513714,0.5766449572349108,0.6570955065254264,0.592228526618815,0.589291513740799,0.5373285764175936,0.5544326376357681,0.568471754004868,0.38089170372393377,0.4148061447201812,0.4943800938705936,0.2852683430503872,0.2765129307047179,0.22183436682299582,0.1980852360530251,0.15149703094628364,0.09234300059351523,0.061317417650972705,-0.003239525476196559,-0.010968577802371711,-0.07173061144709145,-0.027371077604488262,-0.09157808870380386,-0.07621397896030942,-0.11613661779287344
-0.7148591766808529,-0.7375015922111042,-0.9221543563358129,-0.816979436655245,-0.7665864457620749,-0.6710755046950632,-0.6244781615991434,-0.6829253343968406,-0.4271071275078029,-0.3354388799025051,-0.28996278025341127,-0.15542026993416186,-0.004584656476829309,0.2859019911941482,0.378656557284888,0.32923402995864787,0.4068718877281312,0.5096981111704492,0.4835317868086775,0.655800445294246,0.6307280919917829,0.5666895319902303,0.68359815066508,0.5515899794225994,0.5788280467854277,0.4259455652155233,0.3358918357746693,0.47762271708873166,0.40907212083812977,0.3504492952525779,0.2994063464635872,0.17733826468810346,0.11849442867543504,0.055212655456744364,0.12415680214294082,0.052852192000447745,0.003173888086120178,-0.014782692807440092,-0.06754103142116412,-0.10546917892652,-0.12727647697107514,-0.1317587580064106
-0.9246748339075366,-0.882591448822623,-0.7210648881828975,-0.7401032216860415,-0.792828973865772,-0.8657464470025126,-0.5948894913957292,-0.6612779278831382,-0.4322412844492042,-0.44198372517777296,-0.19625540408143388,-0.21783994183039854,-0.10743704798704902,0.18751111146871793,0.29540426168355144,0.4748086233292771,0.3739210150410274,0.5665651940779883,0.43067983556481565,0.5766461362772585,0.5898818082885615,0.6620207643077215,0.6484950686446013,0.5526159073851232,0.5778430174998641,0.444738304362395,0.3639756490228268,0.43169539672030033,0.3664570708662749,0.3138484834097605,0.2382158142824462,0.14965256360419862,0.1290297244205619,0.10352029695539673,0.11043671880136417,0.021075911379460004,0.02262790930599301,0.00039893212377480893,-0.04093104905251306,-0.10949881235860763,-0.16283125720625136,-0.09512513634675232
