gfs-wave-data.json
{"header": {"parameterCategory":2,"parameterNumber":2,"dx":2.5,"dy":2.5,"nx":144,"ny":73,"la1":90.0,"la2":-90.0,"lo1":0.0,"lo2":357.5}, "data":
[rows 19 to 37 of 73, columns 0 to 41 of 144]
2.0110753706946802,1.908465565752813,1.9219328412858536,1.8696598527516657,0.003917848825851556,-0.0016869948905069148,-0.01457321045625423,-0.014855707176924268,-0.004682191865877285,0.020216337161120996,0.01723811820228464,0.0006561645917286834,0.012253028678518428,0.0024297341038848983,0.009569576857981047,0.004586217187728155,0.005473870369730351,0.0025632406517067177,-0.007780980250601821,-0.008577784584041072,0.022127239583083696,0.013343869844302234,-0.01744113887890864,-0.0058187088763063085,0.011895419572100736,0.0019738972410129224,-5.099660414144221e-05,-0.005268600641593869,0.018475007606474105,-0.003916875290864177,-0.0007451773520287536,-0.022535588149455072,-0.011184044202177775,-0.020332049031734446,0.01846249460258303,-0.012491667919798008,-0.004750586549521304,0.023444174206677833,0.008771473694496469,0.0019432236803038653,-0.01349804554692979,0.01713727847515898
0.0013369969809050042,0.01948134088356433,-0.0020858825243879457,-0.013259035817098128,0.00026016373352549,-0.006878295772745745,-0.012309963865316192,-0.007141897004442316,0.0014319551542017505,0.005476793978068819,0.0018432679711264085,-0.012493511825933655,0.008440891915832765,-0.018382548846866874,0.0014849991831168258,-0.014856390446142547,-0.0018131595503040829,0.0011372885338777204,-0.024152930485684388,0.02879484873148138,-0.015800536913871926,0.0017905625756275024,0.005823076255146694,-0.002530213686655872,-0.009621671216863812,-0.005790542792062618,0.0012116133617438736,-0.0021682224589294444,-0.0004459904898925617,-0.0032411177069083556,-0.018644970612136602,0.00033003872736676556,-0.014916414384022808,0.03073272289528166,0.014712650027964272,-0.011595707012163258,-0.009485574380710609,0.001713687609515564,-0.0167661375823321,0.01503079695280226,0.018754359616683595,-0.023620174992700162
1.5073320579152096,1.4307138851292747,1.5396745378525112,1.5025564695857587,1.5224031396151503,1.3819512856759115,1.3994485257479286,1.3464473053326085,1.4288739725441302,1.4284829674227513,1.2855384993793104,1.3081635791613029,1.299041244269363,1.1986496702569704,1.1568179666565979,1.1383830425768122,1.0905778245182884,1.1333364562808248,1.0185409118452085,1.0142758835942676,1.058080716030576,1.1483883380167896,0.9471204241654574,1.0629457647777294,0.9040085902692865,0.9711399941334652,0.9361895926759869,0.9715170405373531,1.0013210883317623,0.9279619362053659,0.9324035498699109,0.8097405427352957,0.8656504898084517,0.8198432776351929,0.7483308482724086,0.787875039715166,0.7862555223741649,0.7204408581926565,0.8638860071902472,0.7639184543586656,0.7884615134336241,0.7077942050802967
1.4941878494781997,1.5450406449170933,1.566914547511584,1.3898879421181713,1.5778289790186426,1.3882904319340112,1.3420498793065616,1.3305396799470324,1.360929032602758,1.2585333102523426,1.1800936834553497,1.1156619427415495,1.4217873314134346,1.3437828678479062,1.2317126116209476,1.2013443137103794,1.093113097600388,1.021571665575692,0.9523112208394889,1.0090829380358262,1.078367195923722,0.9939366494250652,1.0221038743817725,0.9460753109215913,0.9607042691881847,1.0270879858831508,1.0609662610780017,1.0426234120391171,0.9163526336060854,0.9249860041380581,0.9979704296311471,0.9144234640642566,0.9744711461479242,0.9169700721598544,0.7701885684333081,0.7899401084771224,0.7788486117467199,0.8228467346982934,0.8227187524380358,0.7316229324328714,0.6734904479160658,0.8334318903218592
1.4332837633122308,1.4590901548935045,1.5292783934831506,1.4350567788514186,1.4610163122437796,1.4819512797788825,1.4459075516305633,1.4476420576307512,1.3378655956529972,1.33510128640042,1.322207438430095,1.2004892911077967,1.2093315355430516,1.093336102668936,1.0802942582490016,1.1548931083937548,1.0935369307229623,1.1708655602285003,1.1684911671842002,1.0087437504318715,0.9013925811366011,1.192578400668816,1.071412998031259,0.8824837963158279,0.9618172511964389,0.9950609847967408,1.0298249434308668,1.0272804824449704,0.9716114908942755,0.8683572853848786,0.8618664093937083,0.8475670026293093,0.9910411143375054,0.8489498210143338,0.9360014317444939,0.8179503795481803,0.8598658931983291,0.8195649028824387,0.7785690478205607,0.8122420829919987,0.8087365507097783,0.7413639964172334
-0.022865901784817427,-0.00896393475316074,-0.008339555407563908,-0.005015329389835766,0.003509556852221841,-0.006362411515434293,0.014717359532547736,-0.014554536124381628,0.006194919138371461,0.005906189169799698,-0.01631478483038286,-0.008555588684881061,-0.004898980421907946,-0.017023744161137506,-0.002156037971915099,0.0013568493785101412,-0.008466812530081004,-0.017273838222662496,-0.020485176420904732,-0.009804178808612965,-0.0008240815147873524,0.00973844413698038,-0.004420893473682555,0.011581641263282191,-0.0011319898710061317,-0.004361485162637816,-0.005568060369851431,-0.012496095294769588,-0.004447381354021573,-0.003754905082385407,0.006440969802595935,-0.010627307342888607,0.0009349111222953344,0.0105998479703954,0.008904500120647406,0.003327966397621273,-0.017210706338381905,-0.0030363762640340576,-0.005724866110688401,-0.011575150781638763,0.021500080296791246,0.01989925853530199
-0.6984460216027242,-0.8238213435661922,-0.7554554007671399,-0.7556010784762146,-0.7094550944107095,-0.9191085155899698,-0.7807191802677634,-0.8345611185772893,-0.9478987526295666,-0.8703869940618626,-0.9820864614620668,-0.902373958488007,-0.9846748346005219,-0.994190154564813,-1.073176762980528,-1.017294885849781,-1.0881089359273617,-1.0327026253772043,-1.1155454354121408,-1.0884798863259302,-1.1112182169520002,-1.016567542420987,-1.019674206432289,-1.1720833184599206,-1.057612785251147,-1.025703291650208,-1.0082495701850687,-1.1071582661913064,-1.0606396853428073,-1.0850518961281383,-0.9913431639478397,-1.0542234060987565,-1.063410768892423,-1.1273756390089833,-1.0861262754616297,-1.027435620950675,-0.9342056747385521,-1.0559694275640723,-0.9944915872086549,-0.9881000298901673,-0.9003294645508599,-1.0104233768204427
-0.8428713454911204,-0.8053864799212612,-0.8449381645170808,-0.8423465067126638,-0.8043442135713221,-0.8787203623607974,-0.9423326119327864,-0.766969427450947,-0.9717545022056059,-0.9453201706028845,-0.9776345989821239,-0.845311899804609,-1.0219511080360384,-1.0502606586022716,-1.0446499750063416,-0.9784007060536585,-0.9640297264951828,-1.0294018523343544,-1.1066670589181025,-0.9553214077135082,-1.0672510646090025,-1.0439181277979932,-1.0924971409760156,-1.2005530067396883,-1.058450184034198,-1.0243570549661387,-1.056231196588826,-1.0147235776056998,-1.0140512476144137,-1.1164941219749436,-1.150560933901983,-1.0500668585238422,-0.9848550085377507,-1.0910751397062484,-1.0721414962477303,-0.9847154240771613,-1.0014823900964354,-1.032469264463719,-1.0099656302413038,-1.0463738117036547,-0.8881323741175409,-0.9831541441497784
-0.6905440600949868,-0.8273777038123489,-0.8660058869584875,-0.7587348700658091,-0.8667014912676398,-0.9103165365073916,-0.8175038816384601,-0.8693755444049258,-0.8282165425523392,-0.9792806810666997,-0.9534299247607803,-0.881101390684834,-0.8971647713573774,-1.0320711745238862,-0.897290691882399,-1.126509737627416,-0.991460796997496,-1.1300459077646197,-1.1562312108088917,-1.0460984792619537,-1.0547675416339681,-1.0219211397280765,-1.0137789930793024,-1.16989824072691,-1.0718057022607101,-1.1223048972674066,-1.1252165964651941,-1.069121131385459,-1.0639667322797302,-1.177690919989887,-1.061611194397132,-1.0178713606009082,-1.0318378289557013,-1.0794343061721225,-1.0278308679783452,-1.078736281041469,-1.1377392263393684,-1.0177089891183095,-0.9428483674682683,-0.8927640263800305,-0.9751306927850849,-0.9833636897936063
-0.641844575967313,-0.6923318230359187,-0.9014039625394861,-0.8835652878973342,-0.8541009247091657,-0.9407968178100109,-0.8478259331766077,-0.9079351402379084,-0.9512308110548177,-0.8885743486852702,-0.8619472997089009,-0.9992948126729435,-1.0551367514836558,-1.0976028883903013,-1.0492633689427822,-1.0259321687233451,-0.9878132955238526,-0.9692527106259952,-1.0762693461367012,-1.0348386143355361,-1.0159616035311354,-1.125663647011728,-1.1297336075345428,-1.0316289324541739,-1.169595780794234,-0.9775279790563393,-1.0667508738583107,-1.030296853741477,-1.0142625490488248,-1.1332842113751183,-1.1530213893819647,-1.129965695240959,-1.1028095464629837,-1.0055481128781083,-0.9784711069816282,-1.0335855601517592,-0.919632584263775,-0.9978954610287499,-0.9930653695659606,-1.088410528636605,-1.0271835870639394,-0.9099640190109818
-0.724181589377972,-0.8100888263841372,-0.8535725696697908,-0.8241013317462407,-0.7707039185764276,-0.9161728401113542,-0.7908281649030728,-0.8146064860137597,-0.8706011139777122,-0.9574970040848334,-0.894363255841785,-0.8865633064936979,-1.1089506311386872,-0.9632029804769391,-0.945445250469144,-0.9857803214656725,-1.0404418346977928,-1.1046524376329585,-1.0441753221217351,-0.9911314657541028,-1.058222292411215,-1.201803232035558,-0.9890294496168269,-1.2217875585147642,-1.063715240150172,-1.100269541304583,-1.1746806631751552,-1.1896037667390293,-1.0443710349738993,-1.1202881545136458,-1.1146062785352413,-0.9757341057229477,-1.000607352202386,-1.0634204658225683,-0.9883577645057545,-0.9571816317132764,-1.022347090323156,-1.0866803397776597,-1.074047037805089,-1.058644839746088,-0.9982662338988255,-0.8893340548833265
-0.01294466262579297,0.01097913871719273,-0.0014812479557388832,-0.02405828572840997,0.013104881001825124,0.005745613878445624,-0.013781681418177762,0.008526311560876415,-0.008715894139045575,0.014925028473782798,0.008477756901510121,-0.013682117550235094,-0.024873681744726466,-0.010935483223601878,-0.03570513877159663,-0.001461036598385683,0.004656803323614978,-0.020947208558075026,0.022406120757045553,0.027157218135408744,-0.0362011007759042,-0.005761892724299122,-0.001121718915547495,-0.007032047344321002,0.03011454131046986,0.0323856158437819,-0.022867744761876113,-0.03500885797750786,0.010893618780190678,-0.03811854601772302,-0.010120682347302096,-0.025253674138642112,-0.02457740994615487,-0.013863647757915947,0.0005052088596836286,0.004174931383134334,0.0022042445868227702,0.002771323280826727,-0.006604405874975319,0.008405266617064937,0.005076362189451537,-0.00024429303146204746
-0.6387739207292049,-0.7273267192655536,-0.7318078529091036,-0.7270294134752107,-0.5913548367966708,-0.8107820541490725,-0.6670647726150077,-0.5462735295679937,-0.3962534104430641,-0.46310488965903834,-0.39703399955111585,-0.564822393429982,-0.6017193939746787,-0.35462338346522504,-0.6946593789201025,-0.5338877301523784,-0.799561934171844,-0.7631162991315721,-0.6574936119600346,-0.8933390775534661,-0.7518263417956846,-0.8868780463427198,-0.9757774515198219,-0.988442024143645,-0.9797821228936423,-1.0025721492171678,-0.9493121085445981,-0.7974849172182757,-0.8125955412323487,-0.7105553939903853,-0.5118905026265195,-0.4459991930662784,-0.4731490525905348,-0.48604112253332304,-0.432366459086672,-0.35714383792100113,-0.3704304596177396,-0.30996104207636976,-0.32900868375189596,-0.4202975170321323,-0.3959654194874869,-0.3112440772600604
-0.667707872964488,-0.6224296874549007,-0.7546210456383102,-0.738444593603798,-0.6220436251472427,-0.7348865240220148,-0.6076066325084714,-0.6551607240266863,-0.5219922196256948,-0.4911666656698942,-0.4005075145180461,-0.4242973398249508,-0.6396377829240459,-0.5914174989713172,-0.520416848007109,-0.46007333521320803,-0.6646324079872111,-0.648830959916922,-0.6238984907322748,-0.8925140651101011,-0.7723431047990384,-1.0985968920942935,-0.9023925335398393,-0.9671070789837012,-0.9455903386175732,-0.8755554474256015,-0.9187166552581877,-0.821886504213161,-0.8352831523862924,-0.7922450452389475,-0.5504857680742221,-0.661755769993794,-0.4651429884384189,-0.5061919924392663,-0.3417782285365491,-0.37247266332489204,-0.3642618575714617,-0.3100478244863942,-0.37041349344859675,-0.3317805826556876,-0.2541025115412127,-0.316055302946197
-0.594368272662677,-0.6673676980339779,-0.6416829226433497,-0.7165457252970169,-0.694738283668851,-0.6948173548522272,-0.711045539977902,-0.6774122517342512,-0.6627309613652435,-0.5986312651470314,-0.6305580436344163,-0.38407471000102195,-0.5069012884007724,-0.7029752507579108,-0.5650125199165988,-0.8113511250045311,-0.508723821067508,-0.6775023401536998,-0.9018544172895258,-0.952234438416996,-0.9531613657159372,-0.926879603467213,-0.9760635300770141,-1.0683483724553822,-1.0074579833134059,-1.0624133767015302,-0.8746897169184659,-0.800708315982836,-0.8102879715408927,-0.6227129862525508,-0.6025888231338797,-0.49014514445743806,-0.5251873458690257,-0.29226277245372034,-0.43107436338004096,-0.4149061691763566,-0.21737582590084698,-0.34244475061245705,-0.4610395458447814,-0.31085885190411533,-0.3660920716619532,-0.40227383153980495
-0.6577904785622701,-0.7187486916887447,-0.6284692967748163,-0.6573109398751842,-0.8108308263556783,-0.6902027897714325,-0.6042158158062346,-0.5304818441340808,-0.5890556153960232,-0.5131858070929272,-0.6270023809621189,-0.5325427336707128,-0.5741667562234247,-0.6050776726236505,-0.532216809731542,-0.8064660972734776,-0.761634154133082,-0.5774589044493641,-0.9045164871026774,-0.8740473542724996,-0.9854993175893123,-0.9709307652180962,-1.100814919829691,-0.9828285603547045,-1.038604851492083,-1.0528251559770359,-0.9659087687342335,-0.8244978977785643,-0.7229732854507245,-0.8889629289882487,-0.727334462400191,-0.5034300498652731,-0.39960652007574426,-0.46276735841959166,-0.3752959066689232,-0.40200744013794326,-0.26182351392787817,-0.25699241289293506,-0.2423385338636878,-0.23967522470065508,-0.3847179215885675,-0.2774938239632609
-0.6964116728786078,-0.6664911150490608,-0.7914988277484528,-0.7298762523440171,-0.5988087506467176,-0.6804536496976421,-0.5287606012852907,-0.6263290869605082,-0.47884990281038936,-0.43793104276210104,-0.3661836079071283,-0.5343880367543152,-0.4990286134567549,-0.6510648429525696,-0.5062145268330308,-0.5993219332302308,-0.6736812682306801,-0.8292113519259211,-0.7779978490880638,-0.9647510912494409,-0.8045921063476571,-0.914499001988174,-1.005124187688997,-1.0079784717426625,-0.9686513499946264,-0.9366217679292658,-1.0510021103768317,-0.8177439475651627,-0.7291220908081568,-0.6339272406596024,-0.7004200126258986,-0.4765405027913747,-0.508252811206287,-0.4345973662047222,-0.4011262368686255,-0.3588094508800851,-0.22858049070456207,-0.39460510967623136,-0.3060118055104568,-0.32492326365217805,-0.36967097409956734,-0.38273545096401446
-0.6104157788390089,-0.7109844050720238,-0.7595579087986732,-0.7919159717547261,-0.7159323565638378,-0.6584248319942938,-0.5764605554890275,-0.5014770202226677,-0.47828216286097713,-0.5901749043027277,-0.5725150891777494,-0.6922041853181735,-0.5953246772776571,-0.3728245408156497,-0.6174181506353457,-0.7898243184126926,-0.5131217469027043,-0.7303347581157512,-0.8670341297921038,-0.9506581482575556,-0.9648840929933955,-0.9742099670253194,-1.1148057289386448,-0.9403671876973068,-1.0849555738895844,-1.0982945692344694,-0.9621991570045563,-1.0015553174421998,-0.9130043137972912,-0.7463811187674599,-0.6847405793119662,-0.502920462884341,-0.4278735900315005,-0.34664666828418184,-0.4513741455741299,-0.2940644360647945,-0.44859464679376143,-0.2164445795144313,-0.2534345357828559,-0.4439554425881477,-0.31249749766475926,-0.4157447719110495
-0.8213478993889005,-0.7349106777997374,-0.8326629939229933,-0.8499881427414859,-0.8179223776130715,-0.6663943121330722,-0.6915216848574418,-0.5686446642136881,-0.6003922045473444,-0.582588329625997,-0.697983871581045,-0.4139061415399082,-0.6710215585717301,-0.5456858066085127,-0.5114153111518027,-0.7034960060757535,-0.6090870984412452,-0.5913635890965467,-0.7979005945488017,-0.9960121156933498,-0.8662007823965974,-0.9197993378710067,-1.0064805614511576,-1.1491687245644826,-0.9815903542004153,-1.0040670194393235,-1.0334863550831497,-0.8316256472704188,-0.924504638795001,-0.7827868723880156,-0.7630006512908116,-0.6755828994834535,-0.484125152726008,-0.42384327610403966,-0.45844958557276316,-0.31199834867229825,-0.2915319460929033,-0.32848956944104607,-0.26750956723455394,-0.33566314530491564,-0.3772554136732896,-0.37557862700941913
