gfs-wave-data.json
{"header": {"parameterCategory":2,"parameterNumber":3,"dx":2.5,"dy":2.5,"nx":144,"ny":73,"la1":90.0,"la2":-90.0,"lo1":0.0,"lo2":357.5}, "data":
[rows 38 to 56 of 73, columns 42 to 83 of 144]
-0.4670252415473779,-0.35738226984290467,-0.4287573946696802,-0.3147631158791444,-0.19602713266646488,-0.05566805441687912,-0.028983741317003,0.06563389340519876,0.15523898878462886,0.17376813350163237,0.3409175792735627,0.22713302780032968,0.2901328172690665,0.3505693168602694,0.2806291707354187,0.5168685711743302,0.3720116611201284,0.5428527889022973,0.48031708485238017,0.40961081774227953,0.44921378855288757,0.5070244361454204,0.5254734456383705,0.3805552451530488,0.4481840109321589,0.48562436558804495,0.4443744507708144,0.19907322452054538,0.3002455856702332,0.17381554645211708,0.14329701597611358,-0.18133819087425554,-0.34855726083377037,-0.27716630458383973,-0.6906792644396493,-0.711941498883933,-0.8073992576211678,-0.8893705174464986,-1.0450640399622422,-1.0403781244307284,-0.8843063507517502,-0.9733506698271306
-0.4295017426732895,-0.33609346989117206,-0.36181204004283235,-0.3379041204901995,-0.20526551662695156,-0.02807338083969642,0.06602954802511202,0.008859164003718466,0.20290600044061013,0.13361418994897242,0.26091987149538665,0.2783845664178465,0.32004806008192416,0.29742915962707406,0.32804486537036026,0.4766635493005925,0.43921421766785235,0.470328503644092,0.5578365687162938,0.4457802614924335,0.47759137323294926,0.5840631645530167,0.5051352460087053,0.6016447899946812,0.5760103874882359,0.4558250957238258,0.2918219457463345,0.20684146807911521,0.11283265287587058,0.07042259698771461,0.12754766255924735,0.022761783067738982,-0.20116673854769007,-0.5689030748005974,-0.5481285958094635,-0.5200906841575508,-0.551917571647606,-0.6861491820285914,-0.8370872459055663,-1.1322899066101888,-0.9701891543597768,-1.1678824744770733
-0.46652793719783275,-0.3933906741497548,-0.3413541501373289,-0.2318378996329699,-0.07062865495829293,-0.145216210899651,0.07392127282820352,0.0729013373579974,0.1343748154783313,0.23688647144465447,0.2458953354108308,0.33349693669692726,0.37377926689849306,0.3869428062196473,0.36758490199968064,0.40980211624351565,0.3967968540913326,0.41255573641093196,0.5969826208690349,0.46802829826085746,0.5625049117618859,0.4178110485911341,0.513048725657638,0.5528837365700557,0.4355276637911946,0.38332039979711297,0.35795064844014723,0.2058921158816815,0.15181879270669368,0.055850663645276764,0.04186414502935333,-0.25257108670850104,-0.2629546676578971,-0.30934655537695466,-0.4630364118973292,-0.6498651644315631,-0.8165815722885802,-0.7459232296410129,-0.8604966103526567,-1.0556107043390481,-1.0935627502830259,-1.13776777440964
-0.4431468776122704,-0.3684714907217121,-0.3028230815157053,-0.23793029355981316,-0.15079317226409725,-0.09321575762766343,0.027113077133286017,-0.007224026705004708,0.15759878285043794,0.0981418704422849,0.1499863767067867,0.32793585330132063,0.2838497124235057,0.35618342820017895,0.34195450235213015,0.36340725104313715,0.4808977303526219,0.4868499269375157,0.529568922458223,0.4755532294798867,0.44785950677890357,0.42814975781303516,0.4784520792464915,0.4832684703582487,0.36924519666946554,0.4061501459774377,0.4065921169241047,0.3062746241751645,0.1707178991447402,0.26566494644242006,-0.020703786308127175,-0.17268425975135437,-0.27439521813109424,-0.31933122030771766,-0.5562463028992971,-0.6444861865531769,-0.6066814652594439,-0.7847105622402122,-0.7627149273760611,-0.9360635665432406,-1.0194957855299986,-1.110932449827069
-0.41259980419026027,-0.4617952265169049,-0.30140464160135144,-0.35805616870409507,-0.42385731550123146,-0.28302178895177293,-0.2979438817331061,-0.34408852951569197,-0.35645681977316257,-0.44897136736183874,-0.34307316431047685,-0.36102597028159583,-0.4064108334808234,-0.4095239394824175,-0.42596649988290974,-0.3173558491673665,-0.28515243038140864,-0.36752676310930843,-0.4513741640802117,-0.3228254465688637,-0.3594653378334179,-0.3748061604047699,-0.43371571448527074,-0.41067453004511734,-0.4078079356111874,-0.35451110040238,-0.2968192680786695,-0.28994405624076697,-0.473286282123471,-0.3543732613141427,-0.37068425114154135,-0.4700847236558157,-0.3896942119598861,-0.42723561690199535,-0.39624315080684136,-0.45000937496977944,-0.38134450265831393,-0.31058896716540213,-0.29225891441325147,-0.33312526382248697,-0.3762271119490618,-0.30482923378613097
0.8862438534188175,1.0057280240064128,0.8752338224841765,0.8748646356746139,0.8149139320761394,0.7611502460698187,0.76038706040601,0.8840046518245753,0.7599642120351999,0.6186255985719764,0.7865895575393427,0.6490794135508676,0.6628617747453858,0.7903394188895296,0.664291775521522,0.7655828054018082,0.7107062384614022,0.5677508224823875,0.6781903910096604,0.525877280695944,0.5866248480691358,0.5843820968009851,0.4627178307793059,0.6159246320910763,0.4730367352631363,0.4334900384135157,0.36630914682208193,0.40138250062078873,0.542710321852475,0.3395535593281857,0.5033363163418032,0.7269998077265746,0.6982808269732752,0.6269667859458651,0.4176102179933373,0.5711617368401753,0.5238229154081451,0.3491900149594245,0.6785876922695958,0.6419127042417685,0.30572365812017327,0.6524237407307775
0.9597196667033361,0.9441599935405008,0.8157208418336428,0.9201362612210048,0.8740120334246015,0.8295049954619439,0.9472333765906562,0.8783282079678353,0.7993276166912097,0.8606702486565879,0.8825973207538439,0.6464157247671966,0.7343128318882449,0.5717505527924578,0.6025235937878914,0.6492383484113545,0.7468415304846434,0.64047212447056,0.6986760683159549,0.7416038488388761,0.7141036781043486,0.49274995686840045,0.49573096337933625,0.573713638729297,0.5829080136896474,0.4844538416098896,0.3472651071716985,0.47154344058662345,0.41951523187140016,0.45172218507103445,0.4789737906388888,0.5619912784584433,0.5502243974518543,0.46878026250407434,0.6836996168685194,0.4969840842984174,0.7592080289315694,0.7248786084837804,0.757168514509702,0.35670282072876397,0.5250062806408323,0.6499760501163749
0.856477889562418,1.0053828377111746,0.897551371273032,0.9055023522250656,0.7488806834876487,1.0124300488191433,0.8324720456175577,0.8949255562329088,0.9486197210906792,0.7032597895445882,0.7269052982975073,0.5710098819483679,0.8337943538547394,0.8208835323488606,0.6448686955607793,0.5814493080423289,0.6943775657293145,0.6883767583769429,0.584443163860679,0.6591046544077634,0.43081519875680346,0.4840613064468694,0.4085811412298426,0.6003991533940742,0.43021280575444537,0.3406248524514856,0.3739955539633003,0.5105089719528172,0.5552015781437967,0.5005918261033783,0.5026191409016456,0.8034198047223086,0.5742512158734152,0.6154816095226234,0.7623740544400486,0.7789536224898307,0.370886256822601,0.5425516911176493,0.40314526837250503,0.4791901181309795,0.5472221012875752,0.5371949952399959
0.9734284379541861,1.0226595391677369,1.0162029143480242,0.7626702136921603,0.8387420468968747,0.8960701357058676,0.821950952005735,0.8371983861787019,0.628211133179353,0.7807860382195915,0.7358572202674496,0.7142224621150566,0.6743169902037645,0.8050182554475667,0.6567455153684778,0.6499321532247925,0.5818041792411857,0.6401665657816707,0.6859142152468085,0.6535808159290961,0.5537906746316581,0.571003022554317,0.6180882634441071,0.42753211247825357,0.4981304706081942,0.44359257155320514,0.35243332450877746,0.36237465359227733,0.3980163809321829,0.35384204277295883,0.4379787462819463,0.8728591622710606,0.5239334116924337,0.8427635976315838,0.7372391787606231,0.49697001279028646,0.7046567014071379,0.6001682331397644,0.6735145675262232,0.3049844704195815,0.3293522951390435,0.5319038562125377
0.9381163945307287,0.8915578549802571,0.9926514251655223,0.8687741640526346,0.6975652285703916,0.8986948721897351,0.7541494448043399,0.8265654190853094,0.644953410743047,0.5931979206819431,0.6949963267761353,0.608322340581792,0.6455271040285192,0.5964444429550012,0.6808140246811853,0.7768147388088552,0.6179841748428635,0.5142226867270892,0.6494004650607627,0.47279802475068683,0.7044652957949824,0.47725408548706383,0.5749894430323094,0.37167002506267915,0.5945238186474799,0.6070195068800988,0.49455731251902496,0.36208302799303477,0.3461444241318278,0.4455237304471965,0.5630914752139272,0.47079555485010127,0.7934579758148644,0.43852704966637474,0.487825446439464,0.5552810117583734,0.4223600215330763,0.4721043700344195,0.3319611533439904,0.6174976196863109,0.5278738229710435,0.505937039073241
-0.22827839285695217,-0.29302789732112383,-0.4190124141937151,-0.24810177477585577,-0.36925882708534274,-0.3216017003627045,-0.305221700640484,-0.40370083539970675,-0.3212860530531893,-0.25122692971852434,-0.30229590299990133,-0.4024224470720771,-0.2317787004779565,-0.37339080387231555,-0.23894604886289572,-0.3524834318361595,-0.3308318833691873,-0.3110167808201761,-0.23554380739007444,-0.3219224717930864,-0.2596278339141303,-0.3585878218999841,-0.2380874433651688,-0.3648714436672073,-0.36888495468860877,-0.28913058274176945,-0.4197725402147769,-0.3758839774890623,-0.3263830241531315,-0.28163849507825556,-0.23699582622259477,-0.3730430550170465,-0.3484019810699314,-0.23899749419258198,-0.3746755403726144,-0.26061808401888137,-0.284347067199929,-0.3804088372229608,-0.3531565157152542,-0.3598408124881124,-0.2644957157319021,-0.3412863233947057
0.3341287303521933,0.37724308168491916,0.3458638693076237,0.3071566598842398,0.4792975614876169,0.27880309938736597,0.44073635792763466,0.5312590321221141,0.5078668527623326,0.40562367630100876,0.4032659078522281,0.4763518175518701,0.44654451082531915,0.4900905258209007,0.4216989348192358,0.4729988794697392,0.5938162807828339,0.5088241885676066,0.3366022089776746,0.31948746336233574,0.2917615904341965,0.1990507469504622,0.2033102761790998,0.2840037071018641,0.2471913743082215,0.31851576969366163,0.26924754777127746,0.16560770131825167,0.335275548865743,0.23819144796492792,0.021546878720364336,-0.009322998207248556,-0.13309511250907455,-0.11076413123164731,-0.2528608637313071,-0.39322709663755534,-0.3050025659347527,-0.173259329390581,-0.3871310094312853,-0.3370888787752083,-0.36724788638144923,-0.37416259011710645
0.1621037482847005,0.10711338506944088,0.39436613036742385,0.49910574296981197,0.28992283165647803,0.32600187070918535,0.44298768349933204,0.36757348329859724,0.49165125314155605,0.3877808170932138,0.5041931551235905,0.3460186927979547,0.4500439593102082,0.36658685880323594,0.5256820053991852,0.6000375348683137,0.47434664095513285,0.4795231048863787,0.3548962653486354,0.5645662377992993,0.40633059681968065,0.42788755279591634,0.22564551691896853,0.16896344649533207,0.24135567082738182,0.3638787160954822,0.4070642392497907,-0.04453381021714146,0.19880365667577646,0.028604227553643467,0.22726401033663868,0.044222714013413586,-0.13590594156104505,-0.2897471434975091,-0.37686632340343534,-0.3545617429837589,-0.22856563775770777,-0.18969728011674492,-0.5087527190833773,-0.2568584892331702,-0.5116980575476769,-0.5147777562336239
0.1925259304243185,0.43443968055822346,0.13668033532474344,0.47987822583030015,0.5176127952181684,0.3533049662979472,0.4762810076025727,0.28421320693213337,0.4844412916660606,0.41524734126929413,0.4347046261552715,0.429505882025057,0.35406249208395163,0.4772370235941634,0.3673286211005494,0.42311107431466466,0.4847114218810625,0.47334742357548376,0.4408801446157187,0.25401988459646085,0.5186162021946136,0.4201722289416069,0.5227430181004199,0.46991833313570114,0.11735377829768212,0.4571686070651511,0.12326091123601303,-0.022502800362873613,0.1770768893299173,0.06677000718607976,-0.19112096609567736,-0.10570326887638402,-0.1627499084130963,-0.14920072655945218,-0.2544000760153774,-0.41300350485295695,-0.2792776207537061,-0.40106337120490754,-0.32854224037491364,-0.5148496163723373,-0.526121804488922,-0.513168555553775
-0.3388315080783942,-0.27813472006732487,-0.2091380078010542,-0.24179505606063093,-0.296693586942277,-0.32867439171337964,-0.31936257242446703,-0.1846661601250341,-0.33666268902413654,-0.24966218712210705,-0.24294511407872746,-0.19231049234506747,-0.37021064304811646,-0.3259370256422542,-0.2811379107998071,-0.18491003084447716,-0.27778708040979194,-0.19564392553650276,-0.333129404598297,-0.20263359194859706,-0.17685394957586062,-0.24176612987867052,-0.21255043892380324,-0.3462011283007244,-0.2828197275810595,-0.2189893049874,-0.3170466389292285,-0.3197429531067843,-0.25557186212975724,-0.3067808486907899,-0.22390504685114687,-0.3528808251037414,-0.2575267438147659,-0.2608827273400728,-0.2311649139402353,-0.3450946753859573,-0.1894558299680957,-0.2823458778887994,-0.29788198385312226,-0.25325907823300814,-0.2548318653356447,-0.303950189079119
0.429107516692413,0.3468709197580903,0.5712470361093145,0.716557721720043,1.2492002594280345,1.1164986630920257,1.0287267142390004,1.221151816678216,1.2703860643073999,1.6301085271314195,1.2334929935673626,1.4520155259979044,0.9344056736352426,1.0665500534645487,0.9211953179316905,1.5317739886344304,1.1776811123404254,0.8016276442906031,0.9228764970424607,0.95936154735005,0.9298029610966305,0.835207758496051,0.910542603148694,0.7364409555646203,0.583871245792371,0.7728576438284313,0.3258578323740203,0.48556495829569113,-0.02963954334236016,0.32486245553344845,0.14164196090335807,-0.356412496478642,-0.08065933519848986,-0.10172622297172636,-0.10858831755109043,-0.5026363089205073,-0.6661714928145458,-0.5740030406867745,-0.5029094819456911,-0.4040136009212773,-0.42187974280467494,-0.6901856677605753
0.40353324492305587,0.46486854954693796,1.2115278848382212,1.1439436585372593,0.7780494053084192,1.3241779081302347,1.47710478228679,1.0196347054580175,1.256470608174815,1.5793549000661566,1.3539560114332885,1.137504882047765,1.4739892444043834,1.2701463506261388,1.119269131762535,0.8586904341465709,1.4252744030952071,0.7195294538541515,1.3661598558071861,0.7243394432145152,0.9962825608052646,0.5094664803264102,0.9481643689856295,0.29765259059041577,0.5562204533765974,0.11968486631935014,0.6871778046735506,0.005350939664513628,0.0809556418585069,0.3150533082164507,-0.13887292733767045,-0.2806313920119083,-0.22399334873474414,-0.4032274741452622,-0.637857542050182,-0.41498193472893247,-0.38013997842404557,-0.5859577679253098,-0.6075421921910545,-0.6791639773838104,-0.40612670245096877,-0.5033635317811149
0.979689909375979,1.145590853914875,0.7703942927788414,0.8236149150614978,1.1212744268834063,1.017868596686142,1.3392480573268304,1.0849426386835093,1.0396588582731963,0.9355889975894408,1.2849559940945898,1.489791394126559,0.899382608422954,1.565226705120839,1.4044183766991116,1.4179050512918572,1.4286229349371995,0.9824451680371977,1.0103709417875062,1.1604356056226168,1.0323555453829865,0.4400728750147447,1.1302252781077637,0.9147992590413184,0.6726555371091371,0.29509759615407616,0.3649326423588152,0.40057619891939567,-0.03197707579819894,0.2714606849155028,0.2579812377810749,-0.06469067153062132,-0.36066383260930795,0.05240219962834824,-0.19204603803170492,-0.3359255744551083,-0.41500853463931614,-0.5688058869126701,-0.7069012827338168,-0.4404397705938453,-0.5661127829835599,-0.5757579663259799
0.37947553411558993,0.8160897192698138,1.0385849536045182,0.9182972065779622,1.4067836331300814,1.2984449137334249,0.9867425523926104,1.0837302468556653,1.442675867474969,0.9038021417868716,1.4727919412852415,1.0297521034476969,1.3526497079682305,1.2268544714448804,0.9077893874722925,1.162916022980757,1.1779826512338583,1.2504410304120859,0.6731295981754273,0.8080573333012229,1.2005326750511556,0.8899599498283708,0.8137877654806057,0.6796905154967551,0.5473305249180128,0.15038602796513845,0.4036399561268002,0.45097161454849033,0.36424928164722026,0.14453609780481347,0.3084289974002633,-0.23520991784695125,0.1532583255508642,-0.5023239486234582,-0.09711234952272929,-0.09369574202263976,-0.6678724831560191,-0.32982469593854735,-0.713358419223605,-0.6931118334879622,-0.6174690592240266,-0.5110421394689829
