gfs-wave-data.json
{"header": {"parameterCategory":2,"parameterNumber":3,"dx":2.5,"dy":2.5,"nx":144,"ny":73,"la1":90.0,"la2":-90.0,"lo1":0.0,"lo2":357.5}, "data":
[rows 19 to 37 of 73, columns 84 to 125 of 144]
-0.15721804455938942,-0.3324136757052837,-0.1702079115404648,-0.27070490824459303,-0.15430351687206073,-0.1985887466081069,-0.16203276302309408,-0.19223865869777587,-0.3135386942322776,-0.27618587910049364,-0.19413180134393532,-0.27254404980607405,-0.2571339085544305,-0.2846051043154771,-0.18713805402164357,-0.14448940468364085,-0.14756425309975027,-0.32961613806273005,-0.30030792120219485,-0.2622890929851371,-0.2983671319302315,-0.25162107813956397,-0.16256735587476326,-0.16141268761553235,-0.27130572992971846,-0.295999860945695,-0.14836019958515412,-0.31806513936581554,-0.19493247297813285,-0.30720355585474896,-0.1582006463562962,-0.18972370415191506,-0.284484787688517,-0.268268568077006,-0.3027249632927361,-0.2939795540520501,-0.3181803083258077,0.9445718398284486,1.220083494874423,1.2740116767741876,1.4390547382869563,1.1762110228836966
-0.3110082271652867,-0.20249851537794034,-0.1631369716949577,-0.14853143485737721,-0.13095515895141777,-0.2635789341854951,-0.3211809838130952,-0.17568953851793162,-0.18049326719651387,-0.1710534673095416,-0.1429950536303943,-0.2507910263065178,-0.30342399792482666,-0.26818509758842535,-0.23903504796000294,-0.20497677848771717,-0.16893477229940204,-0.1495405694594277,-0.15341704196588582,-0.1661640730066995,-0.24289305338026745,-0.16253591955693117,-0.20338384507193522,-0.18543233374863918,-0.2758271288175497,-0.2965664232441032,-0.25646789175508017,-0.2442714621790973,-0.25836328965171235,-0.30911717594550175,-0.2555210268219737,-0.30300366300686604,-0.29373745051651284,-0.24233529979072926,-0.15296694097312885,-0.15198208632743995,-0.1334575665403489,-0.29444833844882284,-0.23425806388720474,-0.19978549447665647,-0.24800599787449817,-0.22891802722164442
-0.3628575859747382,-0.46770795901748374,-0.5305220678325796,-0.355396357114925,-0.3262917053109816,-0.3439408824638408,-0.47146974693607957,-0.3859705819604816,-0.48608206954969274,-0.351606600161335,-0.5351163149298636,-0.37688389903591696,-0.30936766770041224,-0.37627805845435036,-0.3795702463145038,-0.4133418791261506,-0.2422980727835493,-0.16434080602600437,-0.24482895696504378,-0.10086600733410298,-0.19970522254205317,-0.1711912359688111,-0.1507394599417591,-0.04436224019845374,-0.16179298237919096,-0.044641610746313246,0.06746708001187665,0.18444856426084577,0.2848670785146472,0.204917117235598,0.29710415286558556,0.32006275738645434,0.38866470126488867,0.2745802291897674,0.39078205731250926,0.6179268928971174,0.4860457733806036,0.40063429181904703,0.38422427416397187,0.5504772001735965,0.7350458186779157,0.5547533001724556
-0.49761036856709323,-0.39960838208033916,-0.30412447758705835,-0.5446236957998433,-0.5798978575636057,-0.33450336625451166,-0.4783689985707029,-0.3125578050010646,-0.43478934069325376,-0.3719258871987625,-0.4601148467934993,-0.22724759287532115,-0.2481995777829809,-0.44534047522406767,-0.35075288780046204,-0.42064570914157917,-0.2709645197897821,-0.20347522289005732,-0.26002200250681734,-0.1873421797263038,-0.018890761240185697,-0.09122724827316037,-0.14435587507825712,-0.04627849257779088,0.14319916478511582,-0.05346514654825006,0.14429961019679283,0.17036625614621442,0.2985646149152097,0.39714658787116575,0.15183394583610757,0.49111591124920795,0.4380474798695675,0.48195612891457323,0.5654134508448856,0.4575673204252313,0.5214615720490365,0.56362099964697,0.7466898930762399,0.8203432016167358,0.7301140076155814,0.6006893228379179
-0.35639148980021806,-0.4731096498025187,-0.33976205105522045,-0.4410066888616176,-0.4008022955556441,-0.3889932824598991,-0.4612758557131956,-0.3907591097113965,-0.45314661336239287,-0.2580091153149258,-0.47664417364882905,-0.21807203440797931,-0.2384376705154357,-0.3705366177625309,-0.3506424855655405,-0.23473447819181184,-0.11536438051666573,-0.24143895413185062,-0.08621487105093965,-0.31201751275691203,-0.06545069245961067,-0.05535436087416103,-0.1859854091556844,0.09864247310198841,-0.006948336509864791,0.06125094094988838,0.1799633437349726,0.2656964736873203,0.20676726365740425,0.18025201406941838,0.13013044121004974,0.16963282604443927,0.34446519791659025,0.4907440633593097,0.5479906042087356,0.5674247591295627,0.45103759214001476,0.6470350691282781,0.5557305702716496,0.7766112986552575,0.7813175997729813,0.5656144077461193
-0.12338721072839075,-0.21760421697859283,-0.09805625067735628,-0.2368561686754056,-0.1106074268599585,-0.2661471600491177,-0.09572041283360551,-0.17434433820267042,-0.12978447291689568,-0.09548011641802896,-0.18546481872796527,-0.1508332234070569,-0.25717056916883607,-0.2306391747302854,-0.26035181772644456,-0.21162349808715297,-0.10884687317186162,-0.11891832245702036,-0.10234312398911874,-0.0877502113018508,-0.2540465164208084,-0.2500052979837421,-0.18663974222138308,-0.20389647144686973,-0.2550095883084917,-0.27094176619324845,-0.13504036577315554,-0.2567681011906642,-0.19171672105785195,-0.1463920096949192,-0.11320166779204836,-0.2549182736088299,-0.17645740603915044,-0.11445494932247449,-0.1975675094262822,-0.24623209699890172,-0.15681986933423925,-0.21336565657363227,-0.08768865492709986,-0.2716717787764811,-0.19099852492107472,-0.12331839989267099
-0.6544317423519417,-0.8141873360399695,-0.7054690649391013,-0.731799658214856,-0.8314971755041198,-0.7325597604912927,-0.6355697586303217,-0.570321200047517,-0.7728892739835358,-0.7602412838820695,-0.8327242505532464,-0.6395376065181062,-0.6229434753490906,-0.6170807322489233,-0.662871674610284,-0.5806660551365509,-0.6402318717984731,-0.7423788012657868,-0.6130482504141489,-0.5945218223120249,-0.5732571606688853,-0.7262130077626978,-0.4740315455562595,-0.6214337382543121,-0.5535107702444633,-0.6105387799431555,-0.5592880467628037,-0.5194700990964851,-0.6427883928667801,-0.6231310960999578,-0.4869379764634989,-0.48641757282080283,-0.5312438033564936,-0.5520862776905908,-0.4659082129285175,-0.46183160632065867,-0.505618597151752,-0.3990571057251297,-0.6066991714993245,-0.5876742128841967,-0.5324538928395024,-0.5275948224015136
-0.6226609300162035,-0.8175165824748678,-0.587450316506019,-0.6594445455535609,-0.6200326719832011,-0.69928352746463,-0.6567367747640379,-0.7556789377926426,-0.7686269784452728,-0.670804387659142,-0.5959092267518479,-0.6310536325853592,-0.7645803883574974,-0.695748847160645,-0.5996209002852947,-0.6345933535319509,-0.6963242722530022,-0.5866091944354056,-0.5207288042761417,-0.7092913592188292,-0.6170821632563067,-0.5947474431506035,-0.5252543477532046,-0.667614279249046,-0.5012170170316713,-0.6058371121222079,-0.5511823227843358,-0.3835933865777906,-0.5767262309955649,-0.5296936800890795,-0.4395413670311018,-0.44786512727786815,-0.5969678761717553,-0.4925872099220867,-0.522062975579276,-0.4325745950197218,-0.4953330383029413,-0.44689042852993,-0.42388685769650924,-0.4813645261855529,-0.5181906184844289,-0.49720965441689396
-0.6479612728778543,-0.6877725122630193,-0.8303033293482796,-0.6964169692839676,-0.8230995946223835,-0.8204384032305346,-0.7505259061007237,-0.6552046757835862,-0.7241327898138818,-0.7440735654581492,-0.6769937463712012,-0.7351852582253033,-0.7832053385152882,-0.6365981572711468,-0.5425694308791035,-0.5331375006692258,-0.6392045914322148,-0.5897548252208472,-0.49264110341594436,-0.5701670043835174,-0.5817110436857653,-0.552108268340943,-0.5316101395909006,-0.5552039246107634,-0.6714620401565311,-0.6153099099382884,-0.47308228232651584,-0.4082466043089183,-0.4615589876864495,-0.5193867507895626,-0.5109459633713788,-0.5726192469079355,-0.49516724652862915,-0.4071724162767707,-0.473675174356673,-0.5289550638223108,-0.5211642326738387,-0.5300539630885053,-0.5593438523848865,-0.5186102785946812,-0.3914930562726968,-0.4294044945332876
-0.6889178921664787,-0.5857330172248013,-0.7762944028177782,-0.6564000407852256,-0.6518123482800441,-0.7177893411325176,-0.7038417225315186,-0.7111830370624824,-0.7919702040875561,-0.6243695600254505,-0.6042110233172291,-0.8228433236376425,-0.7638595752065523,-0.528082818119179,-0.5422694466898325,-0.5853608051222494,-0.4978347575828587,-0.5787450023859025,-0.5079690028712789,-0.4938503843010318,-0.6515028298218597,-0.5706171437098837,-0.5978170070332101,-0.592619297636909,-0.5084650755691522,-0.4810040493232508,-0.3816303202968922,-0.5073616644315856,-0.5566727770483937,-0.4298180954911431,-0.4930260864587342,-0.40249569336933094,-0.5239181967900008,-0.4766428892551045,-0.5268896711222485,-0.36697426427504903,-0.42466439636040654,-0.3835802874628449,-0.48770537516789675,-0.5193576293412875,-0.3798147406335818,-0.5199262302024077
-0.7063438206580164,-0.6737307578495486,-0.7681283740572263,-0.6069571848707815,-0.5198734530171636,-0.6107123268099474,-0.7043656055811597,-0.6428166020032924,-0.6986623096751916,-0.7005844339193218,-0.7602900225315731,-0.6467785313014744,-0.5389824109197885,-0.49331115555239485,-0.5662439162021562,-0.6824735058592352,-0.5748325061503005,-0.7364299239084913,-0.5988131351392949,-0.6057169626681586,-0.5716868958666061,-0.537785578407239,-0.510245338218562,-0.5587081309053548,-0.48963538382900035,-0.48106229246083854,-0.5018252855981752,-0.4135534164562456,-0.42128840845408194,-0.5381987740758938,-0.4629146640258826,-0.41151353251083866,-0.4505457173704718,-0.6025895994962684,-0.3652204167894567,-0.450123021150949,-0.38755869937685866,-0.4481698062553172,-0.49638059374535803,-0.4990380497355609,-0.4295566611080318,-0.5034992108941686
-0.0292733245869882,-0.04983872841549576,-0.15817992579017962,-0.1886303069329313,-0.1315972027658639,-0.17322018329094838,-0.12421846282513886,-0.11681057501604732,-0.18163929470070547,-0.13390413883092273,-0.16607765685509607,-0.2181208378589527,-0.1031976925921254,-0.03634374067903099,-0.12875977950475218,-0.045303604167699164,-0.08347062075716674,-0.1310009885839261,-0.06888860667030405,-0.04024599628512684,-0.12581802841087064,-0.02623302039243789,-0.12208834440236867,-0.04458450882375832,-0.12036611291854306,-0.12106932556553003,-0.08161676207547834,-0.1601988139781242,-0.16027176540265836,-0.20374191148699464,-0.1964226866997433,-0.04998953985133497,-0.08382171591538369,-0.17416655517101418,-0.07549656483434808,-0.04127944791341521,-0.1149997436971915,-0.1015695722771472,-0.08298664436683438,-0.07283023932521743,-0.1750283487105975,-0.021709048741315844
-0.9294270388067913,-0.8023366427459571,-0.7926352712884962,-0.8798653154623238,-0.7780199753746383,-0.8654114521427292,-0.6935604943508458,-0.6696573631340139,-0.5749321535853835,-0.2798233017384814,-0.2930076314454765,-0.022022705398814915,-0.15856334244193132,-0.011542181377210518,0.28883369920945107,0.3595662910224761,0.4784498816729908,0.5750624036481552,0.6196831303156868,0.5469897406351163,0.5986703487106949,0.6144109607838957,0.5514703598158814,0.47343870247808645,0.46805422661323526,0.5050924980547477,0.5379929887742466,0.4599447103744307,0.3951444363563811,0.42100413937121456,0.34631139919020404,0.17127350692857457,0.1726267504689059,0.08784090645762324,0.10531718273191337,0.018052985577561298,0.009952410138592232,-0.06828080633119296,-0.07728994075677513,-0.09940886491665575,-0.06859814624537063,-0.1419204615427714
-0.960306465969779,-0.8475838793721728,-0.7820321269964444,-0.9051018529446717,-0.781841926902809,-0.7991219106524159,-0.6994562764376981,-0.5394577080689166,-0.6036798068262121,-0.5592334610177523,-0.188538792579599,-0.12809706649415875,-0.01959907971734598,0.03565802525305104,0.13426068725199194,0.2685525824400977,0.45217608453749475,0.509336580606312,0.5188140452106708,0.6384772803164321,0.4810519740769344,0.5144103951818887,0.47062949351219346,0.6157505783081348,0.48067628057281614,0.5630518054004737,0.5081152777630114,0.4780157293526982,0.36238936651134523,0.2505638565800138,0.3078781567356578,0.17088313383210987,0.11998417691773271,0.13533091761183788,0.08079032218583962,0.0313583024819102,0.023054786826583233,-0.05956475247312969,-0.028503910062521943,-0.07993582513423725,-0.1939628897432395,-0.18855092072963253
-0.7183619015488446,-0.8024767950798612,-0.8998658195166636,-0.9647095136774034,-0.6834786008210547,-0.683264171107441,-0.6808852734368679,-0.6752671518719314,-0.5810415714806617,-0.29387113629641065,-0.11746899268916196,-0.002215789999530815,0.03863786199425213,0.1278674301045895,0.2757681136842024,0.2299467066288526,0.3975153469507162,0.46628989788383407,0.4943623565709652,0.6757214908987248,0.5645585828489782,0.5346447859419882,0.49316098475594605,0.5763074341294829,0.5223786176786926,0.4747716016609509,0.49476481949487844,0.47380321618628374,0.33427430192175306,0.2755070461675333,0.2382406578445029,0.19503579019026973,0.146099760373197,0.13922785634999138,0.08605808028948789,0.039223923434690194,-0.05594092354972836,-0.041914107497671965,-0.06566365824310409,-0.1428194005500686,-0.126194298896133,-0.09865953097358991
-0.8616232172009651,-0.9345405014237983,-0.9061806501731825,-0.9329178754581122,-0.9465890735879324,-0.8280934308657752,-0.7001701929173476,-0.6210664896656247,-0.34200618240632963,-0.5094658776730572,-0.12143935796911028,-0.262734771581047,-0.1072141597527512,0.021216991314361482,0.16384498645167359,0.48186682493874283,0.3174847132105247,0.48948054726652873,0.5570628326785522,0.5598248967915226,0.5353954914720632,0.6842215843793295,0.602428717817082,0.6106236076322078,0.638055311854823,0.40248833882199786,0.5273827005227665,0.39299838569094775,0.4664471305158367,0.35922126658623743,0.33640284752902555,0.2463192799831923,0.18749777847657798,0.08030477608783408,0.10633231169994257,0.0901758017532827,0.014230114894521247,-0.038828499099459506,-0.04571784457533983,-0.10306301167928864,-0.16543817214988404,-0.055884623349182705
-0.883913005195719,-0.9669286386755974,-0.9404491120059107,-0.8644581119235547,-0.8677746969608888,-0.5838443105604744,-0.8035069405700035,-0.6456044803347094,-0.5928291387354334,-0.5174877776722407,-0.1284122436929975,-0.1756182270684805,0.13232969051616178,-0.00857028867679761,0.40306788560735507,0.5065725423657993,0.5165963593660499,0.4088984749654664,0.538270205739482,0.5530405437746975,0.5513824061174174,0.6052697013542905,0.6239072503747036,0.49266588397031275,0.5996218675402981,0.5236688242169271,0.4898916259513056,0.39709990821714725,0.3589328976654315,0.2834809795309611,0.22998874518735316,0.22509490805128693,0.19633380766116662,0.10220970223921481,0.03489648107483355,0.09775812245293153,0.007729586439895448,-0.0112900440761138,-0.03952459784945629,-0.06139536558327025,-0.08416096492991193,-0.11824222250602866
-0.8380462760868421,-0.8430094734097774,-0.8668861872888062,-0.8775689461506925,-0.6523349311627274,-0.8275180361263189,-0.6431990337784975,-0.601285950884858,-0.4398623475774752,-0.29813800053194867,-0.4128443528717414,0.013219355454936833,0.1553601171065549,0.07397498740521646,0.25326289785863954,0.2805486305688,0.36090325477150825,0.5587807931249349,0.44371985627068733,0.5632859793097366,0.5689297621167985,0.6511763698285329,0.6014028195503741,0.5758226154222894,0.5334301197972312,0.5429717337522632,0.3871640628376338,0.456283791918327,0.3608974970020699,0.25860247040960743,0.31535139361104,0.18669375102281793,0.1645783861961152,0.08678153212957913,0.044221448591311746,0.044642637538474576,0.009886420017078264,-0.05677466066875727,-0.07057046755899664,-0.08743072822313541,-0.08331713923714366,-0.16736920678221723
-0.8995869473852253,-0.6848252930749785,-0.9075483272573727,-0.8697758061704011,-0.7826875505371297,-0.8169262424122294,-0.7985126251292789,-0.7026375247725075,-0.5569223386715887,-0.28873791398191173,-0.23494065922819332,0.022700598327838887,0.05836269646372537,-0.026695071550518527,0.34085604049935186,0.3498255007116027,0.4530046934494662,0.42327160882372866,0.5999878989516212,0.5354707797527588,0.678444294639089,0.5804608197281463,0.5320703681617394,0.5092841213296185,0.5003395770254425,0.3788757953529734,0.41113153556758986,0.330632595493585,0.33154760515007625,0.2639767171845135,0.29860527002297454,0.14471055698942023,0.17191587632935945,0.1955859769539406,0.08820438316044825,0.006673586631587402,-0.04209665960478937,-0.0412058843316368,-0.05913790002240253,-0.11601440047017206,-0.061046760592777714,-0.1676276764653248
