gfs-wave-data.json
{"header": {"parameterCategory":2,"parameterNumber":2,"dx":2.5,"dy":2.5,"nx":144,"ny":73,"la1":90.0,"la2":-90.0,"lo1":0.0,"lo2":357.5}, "data":
[rows 0 to 18 of 73, columns 84 to 125 of 144]
0.04907647359382669,0.09100765547909738,0.1616881702881738,0.29850013296049155,0.25300454506091447,0.303852497281651,0.44599616012825977,0.4876274302705809,0.602267257866991,0.506186567430439,0.5522323975575316,0.5206995939511995,0.40815327279557834,0.46102017879941193,0.5114675565912963,0.351622783899399,0.3288799622067189,0.4045761098909069,0.31616925579570876,0.26097970891431144,0.17392400302903527,0.1625368211713516,0.12305921153145429,-0.010833962458028958,-0.01116255094696234,-0.01891682218045294,-0.10476773426763576,-0.07210518341239552,-0.1615895289555015,-0.1329018442423592,-0.1291422102996186,-0.07929319151193967,-0.16830088563715614,-0.19439128549485843,-0.06293081493736244,-0.045284413461465015,-0.09285066532922011,-0.04353023738452421,-0.04686489760376233,-0.011331127761494681,-0.13869236147207228,-0.06643478535195346
-0.05862827417797467,-0.012136437170869785,0.17160937508360127,0.20668933385594687,0.2933491228648089,0.43038042990013503,0.5036588945414059,0.36568004021131484,0.505409732785088,0.4329342675318606,0.47330511363349564,0.4853421801763144,0.517385071341013,0.37751495452110895,0.45996652980782665,0.49510338470079407,0.4731203396286224,0.3429993010578396,0.3236058481001566,0.23073912476428468,0.20017771172486723,0.20932665974230524,0.14121273651510471,0.07333990259985142,0.04337626953545301,-0.0026886502899957,-0.0428529972620293,-0.10463480210117151,-0.12473891317399989,-0.15577393881482868,-0.1970376169627654,-0.2424018917875801,-0.11971171717563385,-0.22542745707181694,-0.1234020109242209,-0.12263963293032333,-0.12268367338420058,-0.027431944578466004,-0.11064917183020127,-0.08079448712160132,-0.05937621715569525,-0.031979042639442304
0.03746436910937045,0.07410371883615091,0.11390506502530091,0.23025041137923904,0.3644068932005423,0.2445612494120604,0.30717620170848925,0.4023664926072196,0.49794642668259587,0.3745188036702559,0.5321917243212567,0.4590997052024376,0.4799142937955533,0.5391900022788333,0.40973768184313314,0.3865296209604679,0.47035982181108227,0.4825949025078879,0.2689493400352014,0.2285622754022641,0.13477546802236542,0.20754612182445234,0.14138221550332833,0.04958347455216855,-0.07618619528223537,0.00799753809846457,-0.06814768657950096,-0.061952636130852314,-0.10425086326357215,-0.12433670055868673,-0.09645234114425782,-0.16480812465947978,-0.17281329314402752,-0.16107810631062214,-0.16550137688724434,-0.18640800362329593,-0.11138085533487452,-0.12910250659753275,-0.08610271598830346,-0.09756067990540655,-0.11778309470070059,-0.057670619796992256
0.06562650612155924,0.12323123626024071,0.07558818524380705,0.13385607129987634,0.3949814787988418,0.4740170518518198,0.37657552168090497,0.4577401107929478,0.3695905396125591,0.44500752044224756,0.5284593067108426,0.6049699492000837,0.46760921776935443,0.44227801982313814,0.5007003652739833,0.4934264339156406,0.34190530026298666,0.3552952018471805,0.3898182263500234,0.30615400759084405,0.18511089915803094,0.11973656999870774,0.04786032912615586,0.008541775832300794,0.02608872054217192,-0.040482815718459714,-0.0610155370648884,-0.09698882438269027,-0.17653044869795462,-0.09119553551046695,-0.13161085334789344,-0.1610780897021447,-0.19547607927916708,-0.08114486172778147,-0.05228777445152285,-0.06745248662006738,-0.12215908237965935,-0.11261286554358181,-0.05721798308952084,-0.0320175600662722,-0.023779730888477728,-0.09662861515952134
0.0219631636405027,0.005308672122800041,0.07104621727226167,0.12918662760211058,0.24512260052127316,0.2587468009118954,0.3764047300078262,0.48472227677646706,0.5650986597811933,0.42603293277081955,0.4733627864698777,0.4642297600029645,0.46206169995415597,0.4856038450845201,0.5110430520661,0.42511503666274764,0.508254348523526,0.4131816457500637,0.39757695959850486,0.27420159595987204,0.25270350518295,0.1511482094647751,0.13897809707161848,0.051661658662601966,-0.016031836478453253,-0.006815678782477527,-0.03686048407975915,-0.08443907774948686,-0.12793997657739917,-0.1397443457309536,-0.13595252809272285,-0.20486318889845204,-0.20788245602266148,-0.09680441430985426,-0.09247744744746275,-0.063633482806214,-0.12243271265239927,-0.14421147941783832,-0.10135967233964778,-0.054046861851991056,-0.07469181958498548,-0.06382579930819207
-0.08213868810151222,0.00606029309065054,0.17057771993657797,0.20046709293607476,0.22895060824077873,0.34120830128695145,0.36677813671265114,0.3341816143178649,0.5484438239747459,0.4633986800216321,0.5600314340428224,0.4947672367135313,0.5934186244765748,0.4935308932497027,0.4679837920506006,0.45358927515203856,0.4267041118287333,0.3489135238427549,0.3586150289796314,0.3212873087043774,0.30989777952145753,0.13177301465259547,0.13885400709325663,0.024619401899497195,-0.029012162776564952,-0.08553588821248392,-0.05448925620756062,-0.11054468883159208,-0.12098675012031239,-0.1496646514684658,-0.17730391591092667,-0.1810340662556621,-0.21268437193214335,-0.16427164482644727,-0.10514571734676409,-0.1494282426177931,-0.22164406578312856,-0.08149763134698317,-0.11789157454565966,-0.0208467594420279,-0.15008432144697897,-0.1187068243122317
0.07355463063914464,0.07469719559788478,0.1675738926776476,0.28919788977945354,0.2742855636149471,0.352386418276374,0.3840593369842086,0.3857346355821099,0.395573764299339,0.45964738363776847,0.5412227351642132,0.60056417112257,0.4662440619060454,0.5103888911115255,0.38671165055764,0.44520868449654444,0.40445117655481205,0.39057896545634146,0.2714688778854954,0.31188230123340205,0.1742286573432908,0.1528143459483653,0.05741450727530211,0.0912918755025745,-0.023846521346036667,0.012602384042060693,-0.0615689366902298,-0.13040422521969464,-0.13996879762996617,-0.12498137669687576,-0.10812504702068108,-0.12398003698520506,-0.19514856723865992,-0.0942717029111657,-0.10191747802523675,-0.16807224341340382,-0.05308178300711284,-0.11512656986636045,-0.14116149082482357,-0.15562261271991998,-0.08409528245527408,-0.036638092847048866
-0.09621432433095539,-0.00041632122003964535,0.1581401113724939,0.12811747797147774,0.3428673336464134,0.4242080565129669,0.4430050635460641,0.5011379057186562,0.5057580367674555,0.3879995503686959,0.5261532329432097,0.5709730171401202,0.6308535363388749,0.49963366808250476,0.4866351747284375,0.4106790411235425,0.39810971840960896,0.3298774873464037,0.3068888869381356,0.27157416751033114,0.17160970114998517,0.13835816127686912,0.0840948124132155,0.029140223190313504,-0.05818725907363866,0.010321643501466353,-0.06085578184725999,-0.16401672953807286,-0.1691767530129954,-0.238337863137714,-0.20683606108030994,-0.13655530631557677,-0.10218020710434536,-0.11912779434556896,-0.18128796206783152,-0.20916879644518685,-0.21187058454719418,-0.2068441463862041,-0.08279320830554182,-0.051436317012231315,-0.07966172749891644,-0.15737432869057283
-0.09404559731857975,-0.005754032389886898,0.15577715156559443,0.1700283920339019,0.42576584033493875,0.34692523645293605,0.4260006073944078,0.43828425579033986,0.4174015375782254,0.440674989471377,0.45126868616017923,0.5044193908580205,0.6151292705798883,0.6373369360631376,0.5377273867903481,0.40783834330490043,0.48264014133198174,0.3623070489708457,0.36616846373094275,0.2694142642558765,0.21051663379375166,0.24320293362462214,0.03964381889899892,-0.009945723332854886,-0.064725300538671,-0.045324140718070734,-0.06994948683071389,-0.0547054680111566,-0.10566415943129685,-0.18244734282556951,-0.17764126568454297,-0.27188622551586245,-0.13609551165026137,-0.2413170054278069,-0.16248650558007152,-0.22112984153896853,-0.20818237157947383,-0.08965999424403032,-0.1119252787074588,-0.1881983895433764,-0.05196816452908873,-0.0861075361352439
-0.07577467371565824,0.0005284462261312392,0.2262629726412,0.23743290311545853,0.2663277953904151,0.4573577060225993,0.36736012983880995,0.5236253735173274,0.6005824948082332,0.4892376778335149,0.4508950693938654,0.5036913569379208,0.5974775226563448,0.5695107508432408,0.49796689405686434,0.4350575207915601,0.4209321802061111,0.49332635540544734,0.42683265858788516,0.27942804599717364,0.25993592654181746,0.23525500559652132,0.17949165584740107,0.07726377671592215,-0.0443750244873338,-0.02845748703573572,-0.06529499176711479,-0.08174858909424987,-0.1182314715890998,-0.11798339896800876,-0.24374477953970408,-0.18752123716135932,-0.22694926400536078,-0.18102202227831735,-0.23747020204746416,-0.18173645731283936,-0.11314112613629435,-0.14295486044118583,-0.056150245577131136,-0.07294766097229646,-0.06409174127333399,-0.11673825659658364
-0.05021949452415366,0.1593876397563396,0.12564409273622487,0.27244393655610427,0.32991115844332786,0.3069380980338786,0.36147179475948166,0.3999406441878827,0.43868181649585486,0.4622291061511662,0.5704202247412352,0.4837385823048159,0.5548636907217073,0.4758631124360014,0.5383411108236459,0.5126147348539636,0.41488102288097334,0.4382855977938472,0.41126558921340534,0.33954272139093494,0.21815004404503938,0.22556362224723536,0.0889032184332813,0.1277279681614291,-0.05245462926305091,-0.05718228009018025,-0.08385953406157226,-0.11455553574488739,-0.19251491206824,-0.1976788080690863,-0.1460327331169634,-0.12993126552338358,-0.23432486173383293,-0.22614034762187302,-0.15978527691478817,-0.16305317621803112,-0.18956517256876568,-0.09440872921390223,-0.06451341409367996,-0.09679512031735171,-0.11684797718232458,-0.13305431218428954
0.03954099382606519,0.03355169483937026,0.12741693725319922,0.3127454567597705,0.4359310127446131,0.34769085949525985,0.39519156854438164,0.47037642652155803,0.6262178851539961,0.46838618296911444,0.4491760326571274,0.4898610370450733,0.5910263767842654,0.5461753484223086,0.541926564695069,0.6063581388098666,0.42176752540018014,0.31682121155016535,0.34984296353385436,0.3053576682933105,0.20893294365855047,0.14522240990878713,0.19058987332242927,0.042226059632225636,-0.03911683012204247,0.0012908671855410164,-0.059131627047801553,-0.09091814643974196,-0.24978428106367215,-0.23476618444076228,-0.13295768641597874,-0.12105024485567852,-0.2338129094258958,-0.18140062647004443,-0.26271212546814865,-0.1510508230384864,-0.14313677473746933,-0.19622806100451115,-0.0941469694396989,-0.09401392906974902,-0.06003896708108313,-0.20315482461517034
-0.0146125713738912,-0.0040154183528016574,-0.0011147572918604283,-0.022249852506786436,0.0038262276898250696,-0.007095660285162469,-0.03519709874281504,-0.019294737883326647,0.01644731540921407,0.027576495637456153,-0.029449889870274533,0.003260828508726349,-0.01888733218572429,-0.018003763450588427,-0.0026891626004934242,-0.005121072935203001,-0.021129269385877805,-0.02766080717575514,-0.00629209843566463,0.032748411220996414,0.03667886029065011,0.01618422967537943,0.0115231627691242,0.007872792535773708,0.019732233452841388,-0.004611690989282954,-0.01128919953949717,0.007564426325549682,-0.008493148158663267,0.032120513335777055,-0.011195307593398904,0.022288835701143032,0.03905312913852197,0.00912074664569861,-0.03563853288457011,0.0046536345100676715,0.023525907486974133,0.03403880467526477,-0.00959985004394778,-0.01224059853904772,0.0030334456470913645,0.01025450200875372
-0.04154164481046784,0.03993380729916941,-0.024508002020436567,0.020096389558890693,0.0288498414568029,0.04062624546010993,0.0382553328730391,0.0018621864399709304,0.015124568012276142,0.04168354442407028,-0.013495218225695379,-0.010763457545077295,-0.026145605513508877,0.02484595534639462,-0.027469589605534344,0.0139378287162908,-0.02441033335397058,-0.027125871088487373,0.0005428646182403121,0.01013545353877982,0.006208305478074521,-0.02199780816288984,-0.036818193237243335,0.008462661978139973,0.03779357948605682,0.019751662278112134,0.014388120098486456,0.032201489885443565,-0.008269781419572074,-0.0237576001146414,0.007786857480878074,-0.011576644297330851,-0.00668802106398966,0.013448741310838406,0.006170268827755944,-0.00662519345083793,0.01478024533742422,1.295166325731028,1.3187031359597285,1.430689526070456,1.4401199969194476,1.402683231650409
-0.007828996693343606,-0.01476703081943505,0.0365840077386972,-0.017486686475220788,-0.016954803791234516,0.028270103185202265,-0.023597727549623738,-0.022249334466085575,-0.013407808948729552,-0.023474405287850296,-0.01890550388692465,0.015586468516785844,-0.008034868337083214,0.0019244961722552929,0.002754775701558692,0.03534807426345013,0.003096236733884077,0.04392146818715155,-0.02841584889300561,8.709619646859062e-05,-0.01664008790582484,-0.006811540644595087,0.02337879752448135,-0.004300954515027696,0.01614659714519014,0.005877887159553802,-0.013172925477557452,0.04142802372342628,0.006610035422875629,0.029654453554011813,-0.0037477185388784377,-0.0201620879784731,0.005371253973109199,0.01184880799715572,-0.010291337046096449,0.0027438286104842207,-0.01225411422704158,1.2654530084571722,1.3212716087368903,1.4381833393043095,1.3146731310989435,1.2250454239555717
0.008697228410298765,-0.011710423230781941,-0.02794644508014256,-0.03854835448007768,-0.03687338301534639,0.012768804427846713,-0.0027780378764378855,-0.04538212138528291,0.0062276993052569445,-0.03495261696857433,-0.00705271122026273,-0.005476760654593179,9.248842980076983e-05,-1.4015824612282983e-05,0.03601549983803461,-0.012564264845038102,-0.0030645418851961126,0.017911208395218713,-0.008761296600965755,-0.013495450489573162,-0.004070760382459057,-0.028622902920640906,-0.010821403978070241,-0.0332856269415775,0.008353569357447705,0.03260658195770952,-0.011806221884933809,0.005891960742345902,-0.0026681074830072313,-0.0364535230502971,0.006736497559987581,0.04920388994026213,-0.029044030944595435,-0.030429114496443574,-0.044771634561898185,-0.001804612518085206,0.04682742573881253,1.322538085443173,1.4359845142863088,1.2250569910195694,1.3452604663860306,1.3134756548861017
-0.012593505840486442,0.03244744384666685,0.04710182958807635,0.004028322229813929,-0.030204049395014768,0.025980019410600644,0.036765080580803945,0.037596587172607325,-0.015706197937638347,0.009619925284700194,-0.01821754847403168,0.03997688340034697,-0.008136364350524634,-0.015483047830198098,-0.02532999397593561,-0.015855786607798177,-0.03707380852790368,0.021042205549637923,-0.005481841992018031,-0.005595790104788423,-0.03221834034438648,-0.03410675305964577,-0.03566375820488202,-0.009896332624661129,-0.03971352784943045,0.01095230599625006,-0.015391007254347694,0.009543218269704211,-0.009572558429394824,0.025546316036166895,0.0023988161943738814,0.00973758314307005,-0.03249984307083235,0.034271144120555284,-0.02035217827880698,0.016749031091690434,-0.015055413020965263,1.1978640713976885,1.2382810040663468,1.3426515530223913,1.5470234309057482,1.5804423014523317
-0.0163499483894283,0.0022459032680507323,0.027905920862756485,0.028862272849930547,0.02338511486116832,-0.025943411218516184,-0.0315677345092659,0.026702458640580424,-0.0026487423960017045,-0.0435855520170395,0.01695601107468725,0.013279406785806226,0.01255773973530996,-0.014919785895389504,0.011724780874974583,0.008148886003444144,0.020873665718290982,0.01319668862541916,0.014137302087180434,0.012867600846302823,-0.03258665830738949,-0.011691850265067458,0.01229813078569607,0.029515891626918676,0.023080676374730665,-0.010036412688174358,0.014001456951759162,0.022818489633264452,-0.01678071321632108,-0.026428935637074255,-0.025936820284595527,-0.020653703525091004,0.008235536156124048,0.03144714612252042,-0.008519443490585478,-0.0008753298877472816,0.00851121362776553,1.4652225830059664,1.2320715950116607,1.3074290796611672,1.2991046838022173,1.6017564093826635
-0.01673880996080232,-0.004895227440694179,0.010577655671473249,-0.004123020253508356,-0.04125847686607644,0.014706078688080644,0.006617903330719359,-0.035185238092376746,0.02004542329940967,0.014743141159375951,0.002392771892320783,0.02736083183066592,0.03537206879215347,0.044514882045374314,0.0477424587695796,0.0558156188020115,0.034266936701051465,0.024661990481823954,-0.004380525839402344,0.036794125761183266,0.011417049754509245,-0.011388834777756398,-0.0503664457607296,0.029011683608420283,0.007261987234174361,0.01676115309091734,0.011273866994835277,-0.019851723341633605,0.047272744636022906,-0.02715684638844073,0.017118116355495466,0.0406571844456805,0.043386521037269,-0.004468044754624653,-0.028798470086538863,-0.03912488013215968,0.0512640389369914,1.3621147510297236,1.425528199719023,1.4260358640711401,1.5067098960843561,1.48319753586144
