gfs-wave-data.json
{"header": {"parameterCategory":2,"parameterNumber":3,"dx":2.5,"dy":2.5,"nx":144,"ny":73,"la1":90.0,"la2":-90.0,"lo1":0.0,"lo2":357.5}, "data":
[rows 0 to 18 of 73, columns 84 to 125 of 144]
0.8726051940747223,0.93459606983345,0.8438460331723175,0.9113297432606833,0.7509668666681882,0.5898326339484533,0.6045562497570848,0.6035903336053671,0.5955743585289661,0.4919871833374903,0.34332827335419347,0.6002826156385924,0.40153828892928517,0.4821291514836985,0.44722615464820364,0.44610838803707525,0.3957042452994573,0.5421608184245407,0.6591970985405001,0.5202379558524102,0.6575893271861112,0.6855391486042376,0.6604029039830202,0.6219263910912374,0.7240908205151853,0.6756576984277081,0.5865047798072381,0.6135431960865102,0.4568984561028656,0.3479211947727032,0.3301396431843659,0.2736401827629774,0.35950480050803707,0.16391285471997089,0.1464239435054871,0.26095977898025424,0.23733028731077435,0.1439154335758146,0.3131934716463916,0.15622927321605365,0.27430828915145566,0.24909037344689325
0.9450701927650245,0.8856845417799035,0.9146111378242472,0.8153113665806517,0.8560457714523235,0.6889130989886504,0.6213388614203227,0.62709861736049,0.5674227147608664,0.36356730419108996,0.3497319751294676,0.4211817986968321,0.321449234508371,0.33101914684818695,0.30015392110322586,0.3912766240914492,0.5522572617981516,0.5623043043901687,0.6093147209989488,0.6009697598295741,0.6206474630802135,0.6356631369948597,0.730342133522442,0.7639732869392182,0.7150899752467997,0.6915334915587131,0.47908832710049865,0.5148119762689672,0.4790469812511463,0.4687486013382067,0.35511336207298394,0.3620286304703329,0.3142022103218396,0.2912197060057995,0.278938942322443,0.2735709889184662,0.24050678523183275,0.167914406610622,0.19676391710497104,0.222437351748606,0.2234169377131655,0.2719369023020647
0.8169175606489727,0.9303929900580563,0.7849434042204542,0.8672223638707338,0.7455206222414986,0.7788338934230629,0.6176382618565364,0.7520137823058745,0.5377003776995042,0.4605725981548747,0.4317243904514807,0.3627255738833865,0.3575766676099438,0.3187845833041107,0.3644424290842693,0.34646961557368644,0.6027996211831643,0.5582718350104471,0.6354822194404233,0.6330125351581355,0.6017721273141068,0.6525051709710196,0.6803865448986134,0.6710935907979421,0.6564651160945661,0.6855243232912642,0.6082362185258393,0.4366793276268145,0.4807141231466619,0.46431182655822867,0.4271782288759565,0.35832994242512,0.26442265434586265,0.22043408309158982,0.28294441893150096,0.2789019584157109,0.25044009838613085,0.16754039109554053,0.20976465789628435,0.18487506919538504,0.35544614923313134,0.2172867298426444
0.958762855076026,0.7816497565995632,0.860347638981026,0.871653197616482,0.6908031715543539,0.7230879625186876,0.5454395862831072,0.5883843509140719,0.5842523115575815,0.5056800525302316,0.49339833018120166,0.3982657753291495,0.424269700906759,0.4333909978578781,0.40929622358037626,0.44576762583244695,0.5054361256430724,0.6285328222525779,0.5477093411792457,0.5270422322819888,0.7159506304030273,0.6149671914734658,0.5748656690652694,0.730311990378143,0.7155297326319101,0.6835749691684582,0.5246803820658169,0.5948163180880206,0.602710068803761,0.3675790966230221,0.4334332838465273,0.39025377486368196,0.2123973051884902,0.2838617789303291,0.31633378005156776,0.1344609672086328,0.15384170908493067,0.27903122339646225,0.24149520296497798,0.21651543132188864,0.16068995112953322,0.22123252578311114
0.8165029879587058,0.8559576792654104,0.7747630488542947,0.7635368926224285,0.8904618893273716,0.7491923944180003,0.7002523310365137,0.5633257936597702,0.5397994282671186,0.46781791041906434,0.46577091503090107,0.30881356567121765,0.40939343233196307,0.47839168611812927,0.587304754268122,0.5642096527464524,0.5612102582504854,0.4510978675742224,0.4747284609738091,0.6862325865173515,0.5916773465231329,0.7137452417031319,0.5873929139050362,0.7241267937083822,0.6873976569103644,0.6018204196420733,0.5484322704769874,0.47920895761698606,0.44175391724952384,0.503676962438751,0.3565232705778157,0.3840400970088568,0.26919023922157564,0.26067904073057907,0.24046849064670042,0.2715098425540526,0.2135653949237956,0.2076844365544371,0.164967259927578,0.18641462898078298,0.3490018827511545,0.20349723039244738
0.8950674442774095,0.8968757235807374,0.7347177041506455,0.7747296050173754,0.8219088003249491,0.681699912155339,0.8018197657145197,0.6138881511320774,0.5425429842420916,0.5278819181036596,0.5676146322928295,0.42852324714589285,0.4676747617565404,0.39679590779420215,0.3466854512958732,0.4191433395828468,0.6091410224000313,0.40828278469454404,0.49447369569201055,0.5245093051099063,0.572727373514058,0.6787876581380295,0.6318801066707281,0.7295641241661439,0.6963865646732347,0.5234185147222788,0.5877143535229529,0.6108510754531752,0.46540496236928697,0.39905297034603154,0.3723816538188045,0.34289531042084453,0.2842139193880641,0.23845016907072875,0.2220213904522859,0.23176362369565567,0.185076030100157,0.26099720196617454,0.21935436791842852,0.30833229197928613,0.20067493519784418,0.1912035460720315
0.8043034001275449,0.8344170045404963,0.7392153121065234,0.9014481320002344,0.6506958845002186,0.5707903163669621,0.6225004754851358,0.5527854551410015,0.5961042329606989,0.6020373154440476,0.4630702080016087,0.3673897083957819,0.330281850612491,0.5360982419182786,0.44857119749984664,0.5668943218245769,0.5395142758143748,0.5656832255567066,0.5720042100452273,0.5468621764149282,0.5301001433819255,0.5691251960827304,0.7000163217564913,0.6872935772326676,0.6797652417411199,0.5787248313181885,0.49227220669021254,0.521290781923862,0.47901686080664185,0.3901902719787065,0.34806502914433013,0.25154983249248086,0.3342347409554272,0.17416751117962997,0.30165011785905443,0.1923975169946409,0.16027249156296294,0.12424711339683428,0.24357050954142606,0.26722973167349745,0.33205584874728533,0.26581270690183223
0.7501490205815078,0.8113857805710738,0.9100981562783866,0.8039891360228313,0.8149392259529372,0.7116475796234426,0.6143822283993632,0.5368008077878736,0.5237376982257347,0.4820941110912551,0.36053506395443863,0.5673501645514051,0.41668537807086453,0.308663177469299,0.3357669817151557,0.484704958175457,0.5202771897548427,0.4575321943541925,0.4432404144757789,0.548902980145377,0.5820747121913352,0.5829119057157971,0.6430211158890099,0.5980073192798905,0.6329934871943006,0.6059374670843217,0.6636201146403283,0.5469984440746477,0.5487774156756048,0.44543197431451176,0.37041333451489455,0.41322149383284645,0.291567032818836,0.33647608517422256,0.16865269427032156,0.17120287454157485,0.19081081880273623,0.22227838424784654,0.28716744753547174,0.22550588936926108,0.2571760629669613,0.1671265261386139
0.7421976526942043,0.8171106616841569,0.7753025994588324,0.6717309567816334,0.7778753730615776,0.7369918379071265,0.6400527190651383,0.5758080277897194,0.45038520886443173,0.40994397334033955,0.4311862289896306,0.41923704307851006,0.32223553995016513,0.33679974179239025,0.38884984386576316,0.47451655060764697,0.3888307663755946,0.44524162948490537,0.5762632637045004,0.47167751430500177,0.5405431928152532,0.6137571897835303,0.5567729892930307,0.6718021553044411,0.6076404237473401,0.5702850893437049,0.6293481721551075,0.5331003458778159,0.38990511307157,0.3563462148281011,0.40138127693184456,0.2748841580111074,0.27938528060092715,0.322261846679824,0.24847287854600358,0.20086138052883434,0.18212103916533393,0.2765451064354663,0.22988368084223376,0.2550368812727389,0.19817418090372954,0.3025275741575234
0.7821133016079792,0.8733848010125568,0.7896503004339096,0.7951944636388728,0.7164583614605899,0.7203258204706879,0.7230337540072704,0.7152108237477302,0.4911965970618692,0.5825532735836683,0.34077261287812816,0.5152171108921663,0.4142851468730499,0.42805212269644755,0.37091727228682714,0.46556138222901405,0.39438036526792586,0.3836628637145384,0.6099596506789525,0.6130434609658385,0.5596962784868663,0.6781261236628598,0.5738075315322603,0.7058296415370966,0.5166873686778405,0.6347060237055604,0.5816378608847811,0.46079444332363995,0.3523799056813803,0.4331023869553128,0.34416565334023064,0.34112524880767864,0.3611027210100777,0.18846087652393428,0.1847956395057128,0.22726091181988645,0.255145276225578,0.14673684602226736,0.2037330554918375,0.172624493039548,0.28150753260198297,0.18153794281404664
0.8688238408729444,0.8891843202259462,0.8729426704971095,0.8091286897610137,0.6455019177269565,0.6503376335490231,0.5241264614903838,0.4429196461558936,0.43327378708100356,0.3951358323796213,0.3750103449640251,0.4787582027836428,0.4055509056936542,0.4334225630575777,0.42178374596901175,0.3651692260891062,0.4982327977443719,0.4922354395620064,0.5969429406621453,0.4843080548187043,0.6241992579043325,0.5380615956020449,0.7251638782747363,0.6769569365414323,0.6143626744874354,0.5740766245851203,0.6254423720234301,0.4488269970166939,0.4632092686440943,0.3666074630938314,0.33302376571054193,0.21205828320869363,0.2576976422148549,0.2602181562834186,0.2265497861306992,0.15579449662412745,0.1776975968408054,0.19612470075074911,0.21476344136213665,0.2197952436564512,0.13966898811227907,0.1857926034799475
0.7509622737902903,0.8828772616844742,0.7508270017322695,0.7746884986880602,0.7512999710301586,0.7277615268707373,0.6579026285851394,0.5141189062951431,0.5242450136945158,0.4602657867427543,0.4480488797119086,0.46564707393346305,0.44912757285320243,0.39549202402974737,0.37541219213686244,0.5599933370597678,0.426989918033155,0.5521504906840983,0.4743906224689494,0.6322703047134333,0.5662574928881953,0.5481251856644965,0.5917225975755467,0.6353137546692661,0.5133822338995168,0.5251349585296176,0.49913235781273146,0.3916077947059942,0.45761226982344827,0.2906693212311609,0.3902369322240348,0.2518528718258528,0.23784994294570302,0.21551299703600652,0.18819656984251715,0.2767245502444242,0.16168761201028478,0.1471344744651899,0.14759540948921704,0.24358840743120413,0.26749463171775506,0.17316647571082894
-0.33589967429717027,-0.41746821482346635,-0.2682023557190737,-0.25519722435042624,-0.2992759182399332,-0.42119791437586335,-0.3326513527494693,-0.40042578650053723,-0.24374186151577337,-0.22795148440720078,-0.33753645403352955,-0.2506907294972546,-0.3480162333806591,-0.228691032781432,-0.2709981853766224,-0.3579808060978872,-0.4113338799342001,-0.23373104191185679,-0.2957701429333458,-0.41555394444039173,-0.4122585393498827,-0.24219109842552175,-0.2538421629394325,-0.22800965659152395,-0.23556849758824724,-0.24239916143279763,-0.3287504508655154,-0.31192849203910034,-0.41901555683310326,-0.2763536077502325,-0.4129830099735868,-0.22517385832832965,-0.33803929998260074,-0.3190864226051668,-0.3244368941686045,-0.30183404718463447,-0.36994888374932594,-0.2908854265314798,-0.23631585242684056,-0.2852107760753813,-0.3467672426214313,-0.3975549105819067
-0.21666730838561482,-0.3600056104995892,-0.29436984644963293,-0.32388887689632023,-0.2532426007651615,-0.27865461099645,-0.2959609990136924,-0.27106310637866715,-0.3211094436328991,-0.21395876843233408,-0.36910507821128413,-0.3130472012477674,-0.277343661196079,-0.3681955035597293,-0.39951449197112154,-0.3471729608784812,-0.24848070608946599,-0.34328548435057077,-0.2242740958654775,-0.2764597821101754,-0.28279883367419845,-0.29832070816778783,-0.3247087409907202,-0.28845823768634443,-0.24429681356726426,-0.28416637273009177,-0.38619707725595126,-0.3849517682878257,-0.23363182618502637,-0.22188322780963685,-0.3744667260724042,-0.3295319444475756,-0.32387996926352336,-0.33320269907061983,-0.2954502975234085,-0.30845251069217333,-0.3690512376305159,1.1612650723809113,1.1003385795529923,1.1704507749581619,1.5408464833493458,1.4412447727232338
-0.2296227411047893,-0.3430875000177971,-0.37670332202868545,-0.36034264832628926,-0.39462190324347224,-0.26847177044026105,-0.3511532318041014,-0.3878574724606149,-0.3140667536748591,-0.23290969839741574,-0.23141489067076085,-0.3311363683380614,-0.24121217976444978,-0.3335442594465127,-0.29465739571558286,-0.2047045608991187,-0.3751463054309941,-0.30872090660517526,-0.2757167637517637,-0.39413844740025905,-0.2633993449287649,-0.2936883144648066,-0.3685737534773882,-0.3707452973780597,-0.30727933254488043,-0.3208266286789803,-0.3670471015162341,-0.3504450165866821,-0.27301378210692134,-0.3858278664724454,-0.2593880009355149,-0.20393319400941343,-0.36323461984506794,-0.3105518658607089,-0.38962192753917646,-0.34026282821581116,-0.2706905143402179,1.2122991061272876,1.1944233635656631,1.232919724078832,1.356114533775219,1.311442430430827
-0.2199962865388648,-0.3087952731240367,-0.228530891898103,-0.2832013347679082,-0.2785219321439037,-0.3340992783038761,-0.23071270909177194,-0.3050039644331935,-0.24455605381125414,-0.3526727886523197,-0.3085726948082987,-0.25853975984691463,-0.2851557486771698,-0.27623261339213684,-0.2840438506213483,-0.23438793727007431,-0.3782946347993487,-0.25632254538136234,-0.26655401566703574,-0.23115328505258642,-0.34498483875517616,-0.3088841277805309,-0.20854815450833158,-0.2045655801568596,-0.37790156633321953,-0.3450685721622097,-0.32205831617798686,-0.3657835023555771,-0.3774359661439095,-0.28846111731376334,-0.32189796794475795,-0.36904898612378956,-0.38178876517264687,-0.2389901668627228,-0.376279748774725,-0.3619754452890638,-0.26069233258936625,1.1273121857866681,1.2684907163726746,1.2301946049459038,1.3385607012964276,1.434780887973571
-0.1999486263856039,-0.24591269847445957,-0.2481163406026294,-0.3080313261793977,-0.2554854901657097,-0.20250876638006865,-0.2428339275070266,-0.21713148336419522,-0.33360348782326515,-0.26011478294975415,-0.21437050467447455,-0.25011388120469824,-0.34164522774125233,-0.22345850267171316,-0.2589072585241827,-0.27132848340965693,-0.2538594287609069,-0.2956679423779898,-0.3451061022102888,-0.22316054610442104,-0.23626785786317056,-0.1933501090073937,-0.20991620050264642,-0.2916757172144473,-0.29934905602628237,-0.19784171394450117,-0.2895844285047272,-0.2933754702837973,-0.2422650623177368,-0.19489031437939922,-0.2398032364878623,-0.3292290152804383,-0.25399740749707506,-0.20727491574836984,-0.2561788197153378,-0.33849694934807417,-0.2504251514410289,1.3885037364508048,1.2162887568480394,1.2721358061497348,1.2377028465220914,1.472076280621003
-0.25721349455124226,-0.32654217199567476,-0.20360777281304074,-0.20221320986834634,-0.2086717570003509,-0.22211567750581393,-0.2657281006223028,-0.31472296787023984,-0.2332797403970494,-0.3237716183150596,-0.2099566193596858,-0.19577678328601478,-0.36101457686481014,-0.33687267731847803,-0.27768158867445814,-0.2170443979990384,-0.24763226526271476,-0.3618301234896203,-0.27942742326653824,-0.33757934783167554,-0.2694929222819095,-0.18647445289218137,-0.22306969046367223,-0.35042854950904134,-0.21340504666501686,-0.24248932082590452,-0.23529383350018734,-0.17689689865301486,-0.19010235469154238,-0.27984909498457916,-0.28538594194350136,-0.1861448869082915,-0.24041251371392386,-0.21514762076293287,-0.19884220328367247,-0.2559062258949515,-0.28555009057710534,1.3248977254703624,1.046019276218802,1.1239396915275397,1.2211656516911897,1.225867320014253
-0.2990559038475776,-0.28809090527262055,-0.18611115826763952,-0.28343373906683816,-0.26109476973430057,-0.21682720250561333,-0.15350233412479045,-0.3031535771538637,-0.27348484844598997,-0.17021727677407633,-0.17136087679915402,-0.1794601028603302,-0.33844154854898967,-0.2615073667012536,-0.18682138130768816,-0.21716376743976087,-0.27205381219156616,-0.3168914412510502,-0.18133498745865512,-0.2604974843853554,-0.2676410701066873,-0.2648105314187694,-0.17735400600536905,-0.33219603650429785,-0.1695318592069507,-0.2456366239474214,-0.32762103207210785,-0.258827475859551,-0.18993681301883758,-0.20794452926277715,-0.2885902956610296,-0.3001567235464441,-0.32625214063844776,-0.3032580103371918,-0.2171401213392333,-0.20175615625680712,-0.2501086676862875,1.0413238676047958,1.354654661068463,1.3162928087151127,1.2110336258989605,1.4702865022542608
