gfs-wave-data.json
{"header": {"parameterCategory":2,"parameterNumber":3,"dx":2.5,"dy":2.5,"nx":144,"ny":73,"la1":90.0,"la2":-90.0,"lo1":0.0,"lo2":357.5}, "data":
[rows 19 to 37 of 73, columns 0 to 41 of 144]
1.9215268106108256,1.6276813333879168,1.6520501258872136,1.4668154162094704,-0.1944054798969246,-0.2561542741884139,-0.3128608809296741,-0.29745908947229416,-0.2315759287227568,-0.32220401483657757,-0.2278863625209195,-0.2819806940200845,-0.2551776747848114,-0.2655175062917753,-0.3237693119746792,-0.2374405107780621,-0.14806918778904307,-0.2557105443292197,-0.29706556916792537,-0.2597204740089214,-0.24318573423481002,-0.18948594998573573,-0.2359520447801164,-0.13839535747916423,-0.26500820748437004,-0.17081985626458135,-0.1765368986820527,-0.19026172303726377,-0.16357363605568534,-0.20453960716821143,-0.3115588353841528,-0.2349888452520384,-0.2741178840021936,-0.3179538047157541,-0.16930429130356361,-0.256031225074396,-0.16315860151034328,-0.32439438821162175,-0.2220256760648812,-0.2681601838018099,-0.22907429378178892,-0.33479696962696115
-0.13034572825123728,-0.3036241047571596,-0.2164524123047235,-0.20790208447541172,-0.2840212425629538,-0.1571910209460931,-0.28535086449311986,-0.18077516211253633,-0.3157736161543215,-0.13042852734487612,-0.17394592984315738,-0.1283094000058927,-0.19521470463221618,-0.12793876397858245,-0.21622990744363021,-0.30085922674884424,-0.15884366514647372,-0.2142485627735976,-0.14871078208570254,-0.3148841387846683,-0.290076449612368,-0.15448619526250218,-0.28107635680715903,-0.1313868044134847,-0.30343900729873813,-0.2217926501186826,-0.23759040245459095,-0.29131898023661623,-0.13615023203397225,-0.26984407084644324,-0.29069749003794654,-0.14672965696533494,-0.25154607931104367,-0.2339934844202519,-0.2930055332053966,-0.247396239499294,-0.2469286472838878,-0.14643086782319056,-0.2529930159713734,-0.2871867968309084,-0.1932778110617843,-0.2588001746457525
-0.053688250365443876,-0.3364828519952228,-0.4005566517471295,-0.3792419469722974,-0.4598255251151311,-0.12615013334573988,-0.489555266376835,-0.6131435923640214,-0.563390704737832,-0.3555230838240215,-0.791644441191783,-0.6858001047370108,-0.4470069274739123,-0.49689815833727347,-0.8784166936268816,-0.5714102390526934,-0.8292599982322432,-0.5812534359312246,-0.7611958252395052,-0.5462951185676553,-0.5400518004491618,-0.7459316733372439,-0.6792966779227158,-0.4318550632732868,-0.33507410217445827,-0.40267113842047314,-0.3714069203182462,-0.5154336585765114,-0.4812765798337971,-0.136783621643975,-0.36662224455028947,-0.1972069208323474,-0.3649039940372191,-0.049487103878882686,0.08173465593367821,0.05344675478179196,0.019579534065696416,0.02748298585841827,-0.009575697691834558,0.27552218517116056,0.07216036745978356,0.3239522914880311
-0.11152341981622613,0.056629636788101,-0.30312822676063206,-0.2923442855572342,-0.31735330769362585,-0.4717131769057273,-0.2542657731458033,-0.4250520077577654,-0.6284281943156209,-0.28210351358135954,-0.8202265231403633,-0.6930508592330529,-0.4276517265590418,-0.6304801520998011,-0.557598903146392,-0.5958478276347762,-0.8510586387132373,-0.5501759201585195,-0.554210836142833,-0.49168214636981283,-0.5667673484217153,-0.800717446257896,-0.6338636573922325,-0.4318817118132904,-0.4670817662385574,-0.3534857735971773,-0.42083418581852605,-0.33095550535915647,-0.17617957836026407,-0.1933687877927058,-0.27932327917958255,-0.17886489703954928,-0.08732797641680869,-0.20529508280909173,-0.10021297945021108,-0.19682424151283034,-0.10112637608708169,0.16393146146885318,0.1772683186780381,0.11308005495197171,0.17608767499134717,0.1528340724666607
-0.08402703336628013,0.1987128111125718,-0.2049006653906891,-0.2705610781986227,-0.4897533669473838,-0.079701505095104,-0.46867373247642236,-0.2654027168758565,-0.47358556590133993,-0.6710429135283171,-0.32250304148435877,-0.5032944564836658,-0.5146326641807389,-0.8168343677355989,-0.8357195060125816,-0.8444552768072668,-0.6427680300505735,-0.8809464928635063,-0.6601112725298678,-0.5024139009397238,-0.5875204503925994,-0.5343735325192666,-0.671220428154,-0.3490189355525885,-0.39535069434741027,-0.3370255981489127,-0.31462977278727217,-0.2941044204849095,-0.4354892330491197,-0.258139543522679,-0.20088956755149262,-0.08166021411604715,-0.00562349452498865,-0.2536824803657975,-0.10108115972882215,-0.044123729326694505,-0.021937366769427518,0.051857838735865816,0.003933245457476488,0.007402262519338614,0.2024050531232441,0.09926846088153084
-0.22135043982843478,-0.15903092780825523,-0.1822795234112957,-0.19420937137293826,-0.1679653459881146,-0.20369170747984286,-0.2049255585641016,-0.23641348842086368,-0.17459541877359014,-0.14938806267685384,-0.22566232331393388,-0.12503606413472834,-0.2434562174424798,-0.2600814738361473,-0.2667652160095966,-0.14401355083371542,-0.1570983462775327,-0.24655700962622032,-0.20911340135966305,-0.21386532807885533,-0.2116329772719313,-0.08221318593635912,-0.2627841477720086,-0.10427763911902771,-0.2507975110378468,-0.2713622716643143,-0.09940101840578063,-0.21299393034414577,-0.07877702261657878,-0.2573850940081012,-0.12614288989846775,-0.2024396619266728,-0.10740528328018425,-0.2569498329660288,-0.23120523863058057,-0.09572981067262086,-0.10485958069447072,-0.18035576676346401,-0.1529200775874531,-0.17985054564696965,-0.21590298015704257,-0.16608698241185108
-0.5798837695902055,-0.4415218574930281,-0.6437169352384388,-0.40768742747535797,-0.5293605937217257,-0.4635051746241117,-0.2831975073634609,-0.348780433513452,-0.23640948153000307,-0.3129804924844433,-0.3950646800231208,-0.23270441877913411,-0.5275990598093695,-0.5026170349140191,-0.3437797097704291,-0.24756117593413193,-0.4380917872712364,-0.4064236238254913,-0.1408228309867628,-0.3340793490852077,-0.28274063844118147,-0.36204832979291046,-0.18062036620959224,-0.08259329168564845,-0.05914685495848473,-0.12181725513964936,-0.23495443023992357,-0.19688991283301244,-0.1548804161887032,-0.15059566354994422,-0.08591018822600172,-0.013079012784192273,-0.4218968738610729,-0.3570210090486632,-0.3190801394553543,-0.05346190463739312,-0.12080708487085735,-0.06056749492962371,-0.336587525810582,-0.21163511868407767,-0.27360996037024077,-0.3530107130626224
-0.40810772293015823,-0.36765373597379314,-0.5500641842389986,-0.34768772730469283,-0.37017613552681855,-0.2890257366147169,-0.5144940554486719,-0.4405284227946588,-0.21934395459561626,-0.5366721347236401,-0.5831353017018086,-0.24118971680950366,-0.22832326112164228,-0.3947830143629894,-0.5055676438159153,-0.38109797175654375,-0.2928075050755597,-0.22429522467584914,-0.39955650403229076,-0.4018651887596388,-0.42447859053437775,-0.2523305318400658,-0.19896963211786772,-0.38493925393754463,-0.14742600073587986,-0.33812117861669855,-0.4217012527672049,-0.1522872546066964,-0.3911404520106885,-0.2260409982078365,-0.37906055363165864,-0.3144264154285803,-0.026938265321893088,-0.08641846554864449,-0.25798904700805475,-0.32451182325469835,-0.3451052702368397,-0.039579430679247615,-0.10296239956328948,-0.3218478820077144,-0.11407993786696762,-0.3059501173578765
-0.5504041015859257,-0.319955838026652,-0.3633853239115297,-0.4177068421746102,-0.389921528606647,-0.29421151178642424,-0.5746406540891358,-0.25560145002157086,-0.44697639570790504,-0.44318377836711614,-0.2406591337074119,-0.4921725117993265,-0.4094038341897897,-0.3970890828102582,-0.45076500222183097,-0.4034105666294282,-0.46678597316886483,-0.5009540817882461,-0.12120687129986689,-0.12777657451612642,-0.14645122610174022,-0.3935951841787566,-0.273071576031278,-0.09784751609275925,-0.29379688104322776,-0.07184911151071367,-0.4136352030313191,-0.38937122053949585,-0.26939845651846034,-0.05628973637502104,-0.3546090048451408,-0.10951005843957967,-0.38469744844629233,-0.020711498214671564,-0.35018646455978547,-0.36476841056647724,-0.2780268490038752,-0.3326795744244836,-0.25642594757931253,-0.27413842322361603,-0.22365354943031665,-0.2544356093816343
-0.5997669869082807,-0.417125394000477,-0.3161448598386827,-0.2791755502216802,-0.3980863495985433,-0.331383750551545,-0.5129138811455657,-0.46985717726829285,-0.324525832180897,-0.500332785328261,-0.4241596525199376,-0.28814564112166174,-0.39119884029150026,-0.24682342688682707,-0.41226244273026047,-0.3057553233888533,-0.3575984014192788,-0.4632092971569344,-0.35450405350373226,-0.11152825962873253,-0.0883013411397124,-0.4057866047437592,-0.1783823775332626,-0.13456963297576766,-0.20935325389663992,-0.2743070947889869,-0.25585928419913284,-0.2713024461828827,-0.2927095634645561,-0.2902793000890276,-0.15778370195668445,-0.12629096822852476,-0.4072292704855693,-0.030285320595747425,-0.12550839584254492,-0.19076573383045756,-0.27900975575416337,-0.233148438373111,-0.17301477214487415,-0.2201762466384732,-0.19039147538548457,-0.12049710766465342
-0.4181431965347837,-0.35853702934615217,-0.3279080880404468,-0.416188657971627,-0.3151470212287894,-0.4975377333799628,-0.36594319983867996,-0.46456475149377724,-0.4981780915606808,-0.4000540552034477,-0.4754557041313571,-0.30974165961390926,-0.4881028665054668,-0.4053668707118353,-0.17657128847159337,-0.23846754022186603,-0.3223762960835346,-0.47858122133894204,-0.34988441991535263,-0.4284215599530128,-0.3996079079798334,-0.2905381282908765,-0.3642594531753885,-0.19711650904193367,-0.41316529519773176,-0.13387755176143326,-0.24310790322898077,-0.23069850382419096,-0.038669485064982315,-0.10342933285308105,-0.022919313159984956,-0.23427110061205475,-0.24614500566053582,-0.2299543022627167,-0.08742670404583372,-0.267188071080465,-0.12469889786910594,-0.09181941015030515,-0.08879193638588352,-0.294624277434979,-0.18852094853517523,-0.19740753823581686
-0.11100471184045385,-0.1798540748184506,-0.1150835511574686,-0.025560635255937342,-0.03211707430867581,-0.15229391911602488,-0.1310422736868899,-0.21005051792330315,-0.04847444404941785,-0.1892230588777598,-0.1449364524900573,-0.0394673621396423,-0.13587582511082852,-0.039592958287278074,-0.1374579394947175,-0.038428875027060876,-0.0898804557827069,-0.17516627875270357,-0.05460208243907449,-0.04825425051832276,-0.16003417528999592,-0.14183783967625488,-0.09800371882850628,-0.05431079178211198,-0.02604979365193161,-0.04764685884736436,-0.07583723875500696,-0.16945847715302198,-0.16615478370429967,-0.20404587700595817,-0.21410416810584124,-0.09758689337791376,-0.21532957550787835,-0.1917624187419729,-0.18197682470427698,-0.13547350789152043,-0.17291960657481617,-0.15056161863680234,-0.08365117683535629,-0.11753159291830377,-0.19569475572985146,-0.09906865555204476
0.07473170877453975,0.06584967108437703,0.25958082333866744,0.3188130562785001,0.25460489056256014,0.349117442389285,0.5428917658516412,0.579686871591603,0.7272241827974217,0.8319080073003071,0.7146338214310795,0.7703643836751483,0.9204235589832358,0.802712201145697,0.8902416545197702,0.7809988828739507,0.7376541025389248,0.8641173447323385,0.6301373089021178,0.5529120038165573,0.6090479904041473,0.47759727790041656,0.1572486634177725,0.24034370682519757,-0.12094092145941235,-0.23440334637375296,-0.4009158952160574,-0.24451733356093103,-0.40439570860224405,-0.649759031394232,-0.5465090213359862,-0.6544182173628078,-0.6211680017567707,-0.6447564033049782,-0.66026695263967,-0.46327555701107237,-0.48311484526886905,-0.5058981675761343,-0.5176656030425686,-0.41564993749332785,-0.46097360328619913,-0.22335531382562918
0.024921146402182938,0.013748936886682075,0.22637310676564265,0.26850573389294985,0.4596880036439129,0.5201604054737807,0.5226117538213941,0.6506047927291337,0.5886664709252135,0.7357660260672051,0.7265965526214289,0.8838997677553508,0.9157484040526802,0.8919868800342796,0.7005010471967291,0.6976310262038147,0.902229171815671,0.602925051004932,0.8069173355265059,0.6841274594594251,0.6132444985024866,0.5557202215207635,0.3834147733209699,0.25448756654772503,-0.023217977204581058,-0.2541220543799965,-0.24248069402223965,-0.45833264704802146,-0.2711394236393952,-0.5576513724785673,-0.4531660981254361,-0.5873665978857866,-0.63016167994857,-0.48512339768696366,-0.5048394188562677,-0.6181762930397551,-0.5272000359528141,-0.545807120105402,-0.49161660745905905,-0.3443686161432916,-0.4712522469032913,-0.2673839587133246
0.11351834305453679,0.11553276168931129,0.10047172875979389,0.3334380305599408,0.37259766921797666,0.5722077613379188,0.6116974149472958,0.5849747314487765,0.6922076904596557,0.7302194775005696,0.793140572619208,0.884244720133288,0.7722337587239676,0.8095826970743702,0.8916225801500239,0.8377046503481628,0.7425973435321969,0.7100092904960524,0.5897674346580216,0.657404243086061,0.3744354639377588,0.2995856392415802,0.13853335381448093,0.053817220951598986,0.07316499365721478,-0.1240477924198589,-0.32245587236092227,-0.2469484794018709,-0.5800367172997107,-0.49284204197886494,-0.5423799773058949,-0.6383314354208532,-0.5063699452628382,-0.6168810867159541,-0.5368570654569875,-0.5056556048735841,-0.46807280249049876,-0.5144949113523131,-0.3634207833894486,-0.4406454052650882,-0.4847609979232245,-0.3466209363030028
-0.015135709213264245,0.1229186647322373,0.19111137235640685,0.20858396393265086,0.465605686939695,0.3893377702357306,0.5412443093270454,0.6782667675967826,0.7003586750271411,0.8253771479482038,0.6227550812029921,0.8208760329449659,0.8133782670431837,0.7737079555747879,0.8227531174734819,0.7844208425825775,0.6355545118143467,0.71199980008557,0.7188709865648847,0.6088361356084451,0.45261664720830175,0.4157228536165119,0.27549320558787727,0.11390056181795562,-0.13652771736840197,-0.12458286606936511,-0.2314842508979744,-0.371138748419099,-0.41288321507389414,-0.574005537557064,-0.5134891090695773,-0.5877561787104287,-0.7241304782666891,-0.6788153752766255,-0.5395110212368,-0.4288643599767745,-0.6239685571849036,-0.3857661256300009,-0.5524835419426,-0.3834673277065673,-0.33187644167048386,-0.3885342664403111
-0.0717324041505671,0.14953607563959354,0.09913657931986371,0.21369580609362632,0.27657917969968737,0.47081872749510245,0.4919177571873272,0.6342823053598594,0.7979443467523959,0.6661519145789472,0.8504735149967814,0.825905750804341,0.7717469946219969,0.8185895085419388,0.9342650965620731,0.9006958015319816,0.7057421443370104,0.5764760956641269,0.6544607605448579,0.4664082302950277,0.36787116694956756,0.5702404411147166,0.3909221230575143,0.29620313841880336,-0.10360488840518978,-0.11214665830180368,-0.12840373608208222,-0.3252651436079548,-0.3785373397019756,-0.37311468500473793,-0.5037624659539717,-0.4666488009004651,-0.5403187368835257,-0.6844143968854322,-0.5769711818802151,-0.4973775166846635,-0.4611739224099348,-0.3876453095391796,-0.37233695754411095,-0.38374865710421546,-0.25021763339340297,-0.3721387261011379
-0.0011944694669734413,0.16759892999160178,0.06319323375883647,0.3181766007637999,0.25298735072599315,0.3327136314208309,0.5886103504828605,0.48429247548251864,0.7125762082631865,0.722961767298319,0.7312929278070428,0.8110943366772188,0.667721192643443,0.825961929955645,0.9099460683805508,0.8368051166242537,0.7447388917944342,0.6940073562621685,0.7713967266838695,0.5049047850881464,0.45729639547460943,0.376024728566623,0.28302367355277064,0.05960345210114258,-0.06015700459651289,-0.0068293704218306776,-0.23128767944335288,-0.2904542209574309,-0.5083989415192993,-0.43187111658486516,-0.41262420122041044,-0.5632775844282867,-0.5289444941300119,-0.5356697158563039,-0.43851421131151785,-0.5836677821279005,-0.47933442190452275,-0.43078853586431315,-0.46514105692246954,-0.4636487340427973,-0.37636232963078603,-0.2781247403111547
0.07905314741013662,0.12042882090745072,0.10698066913566093,0.2370861666549298,0.38117089779630264,0.4693018157604378,0.5956986006990868,0.6621155386078196,0.716735198155685,0.6826031740893437,0.60652409703287,0.869888170756381,0.8717939707416981,0.9325007682636987,0.784832076813262,0.7831643763915958,0.7928732017876332,0.7760710101490959,0.683025556253742,0.5817141326563736,0.5792124238197444,0.5340226776742557,0.1173549589613208,0.010288010547516617,-0.03835798422420146,-0.2523548408346839,-0.20103256221030957,-0.3733027068684252,-0.5611999351928967,-0.5233093129968565,-0.4827229971687714,-0.5231194608894937,-0.5063277556763733,-0.5212774665921318,-0.6416751929927161,-0.515419144578311,-0.47729461557446234,-0.4663981304920202,-0.4949851256983112,-0.4803599088368461,-0.3152970954606884,-0.21389060373474866
