gfs-wave-data.json
{"header": {"parameterCategory":2,"parameterNumber":2,"dx":2.5,"dy":2.5,"nx":144,"ny":73,"la1":90.0,"la2":-90.0,"lo1":0.0,"lo2":357.5}, "data":
[rows 0 to 17 of 73, columns 0 to 41 of 144]
0.6757485682281229,0.5366778774919851,0.6876672288581541,0.5779024769123957,0.6107314144594048,0.5175362423854355,0.5154021884138914,0.4681587777386738,0.4442367255834642,0.33749229005868453,0.22556923680789656,0.032290540532603454,0.003207153564493538,-0.09603427097726498,-0.1582894638278612,-0.2970174324925617,-0.4488295793648735,-0.6669734076727268,-0.6204236268065264,-0.7014667714055589,-0.7672797707461257,-0.7724331093044824,-0.6957271360985684,-0.7165027515448541,-0.8854914404799872,-0.6755315576295573,-0.6527617791525071,-0.7567924125536404,-0.7737114235062474,-0.6239989566725527,-0.5161501036651464,-0.45692678847312,-0.38955058521812486,-0.1788739178890635,-0.19139540889171114,-0.01174618564145358,0.06363639820272958,0.18941638237197447,0.18295984218687178,0.3542383376880732,0.25394379392539906,0.3548172784855055
0.6093869217359686,0.5636203986468904,0.4729358891670665,0.5597892754800028,0.6117745116026881,0.4747519941454651,0.633001028708191,0.41921438761722396,0.29022735070642475,0.23699472680093725,0.3046375615410482,0.00194639325446955,-0.04771680580942324,-0.05849747748879775,-0.1945591831713978,-0.23814804661218467,-0.44985606007367474,-0.5285175985085405,-0.6224737993893006,-0.7202779978610869,-0.8201661470999577,-0.8493716525189434,-0.7088434220845867,-0.79626475694681,-0.6660985038599974,-0.736221084195954,-0.7982947128215282,-0.7538006389318345,-0.6028603732961543,-0.5305328385265162,-0.651619751890272,-0.42791444901039116,-0.4409523561429837,-0.29932854790623864,-0.13490796682301778,-0.1585174406923737,0.00717208741769106,0.07395330071655348,0.13290102793046452,0.2594462285101972,0.2775182410949853,0.35215504718960494
0.6171913082827281,0.5509900756828616,0.7000749106991341,0.5811004534891085,0.5592451437345185,0.5696260082522341,0.6132176173673043,0.4096087941878035,0.420934442525112,0.20198645703534074,0.30045690030444117,0.07727337296313955,0.08609140313550331,-0.12918567672883974,-0.2133120828182006,-0.4538108186762105,-0.4406532179522633,-0.586524689298599,-0.5322853944907813,-0.5009353632529376,-0.7873033528420404,-0.7623631815640364,-0.7821771334499792,-0.8771938767837152,-0.7405867512972515,-0.8064392147997806,-0.7733317760928672,-0.6670230109223128,-0.6124630833653543,-0.6302468692636313,-0.5550265665877008,-0.5460198035226335,-0.48178002156899946,-0.21691612234614918,-0.2861455374999489,-0.11282084922038708,0.05166960513084872,0.04070501361428912,0.18277562740010048,0.13878745402722623,0.30831498066313845,0.2890676518140144
0.4992433035050046,0.4862681721711179,0.5064618110213847,0.6369490067067816,0.5612880577451069,0.5638139884046419,0.5273120667165956,0.5330064549420905,0.24488860627274073,0.4668600770966405,0.1807980586964417,0.20230599252623227,-0.09813767949683079,-0.1305357838611767,-0.25558806210220664,-0.48652798462723135,-0.5354598069940425,-0.5220190878198278,-0.7252831355134712,-0.5921752906593193,-0.72578194245759,-0.804067901923254,-0.7298006498219292,-0.7580425911951985,-0.6823187222570677,-0.7096927044472031,-0.7521178995204904,-0.6379549511364415,-0.729318219659317,-0.6686715517419964,-0.5837367411554317,-0.36139279046621886,-0.2984995480547276,-0.24283446871274433,-0.21651932758531556,-0.12034308437425002,0.020775793292312068,-0.009844308113167236,0.1886840062212538,0.12492209840065062,0.24068044256203977,0.34015504669167335
0.5676764213230853,0.5961011514774287,0.6153123674001285,0.5034565837036135,0.6253830868150146,0.5422092349662245,0.4557468198176816,0.3987544209156148,0.41438874629202277,0.33161283252571183,0.19911028873067887,0.03159961906403895,-0.0922989312833577,-0.279574640463293,-0.19759137721914122,-0.20703017555489628,-0.3798614847401091,-0.3659193122255061,-0.7124339997319125,-0.6417333532049132,-0.6259335079881262,-0.6342568742515167,-0.6111066868049102,-0.7778289289471713,-0.7513572200041057,-0.6866779171131034,-0.6548622887725544,-0.7643136937832904,-0.7147148926157201,-0.5331584753376701,-0.4039521655735272,-0.3698563183734708,-0.3033510245916613,-0.3498815559784008,-0.2160643376635715,-0.15293997061565176,0.06174379146834374,0.07475008241323344,0.14289777225733816,0.21419781314400177,0.21855865422127643,0.4390702444670301
0.6509015496843962,0.5037166071899515,0.6640688300753168,0.5309692160120594,0.5201821824537041,0.5184983773138399,0.5630700957616543,0.31116305822824897,0.4350351902378236,0.3129497733897814,0.16223346807673955,0.17839185745645725,-0.045384209224870554,-0.0806145747811045,-0.3501907155196466,-0.40893585760624823,-0.48897660511753255,-0.5509233178256882,-0.6471549751479804,-0.6541560268524226,-0.6913707442648042,-0.6886129254980556,-0.7977654793645125,-0.7447618461329634,-0.699644525863087,-0.8016714959766308,-0.5949842514271173,-0.53624632347948,-0.6234585144788652,-0.6547788147653688,-0.5410575257358146,-0.48836386503685797,-0.27745442838570983,-0.3866873096843654,-0.18910993851448116,-0.0829409943737548,-0.08284900383506318,0.12465172895516462,0.27296123516100246,0.1961858826273829,0.24803233679989029,0.32947447553547315
0.5124433083010859,0.5317672352733916,0.6542925150292858,0.5715958734597241,0.5201242569453222,0.46969658074406684,0.39997265559332446,0.57531177930046,0.4686760759152907,0.43882734133160745,0.16692808342706697,0.22734583375273065,0.11190831680677069,0.027989092976454685,-0.20540341094814438,-0.3038798555524205,-0.34030975480275866,-0.4870195643873577,-0.7422704383333356,-0.59329430400451,-0.6615915639114134,-0.6996716909696331,-0.7963494244890907,-0.7182148524868889,-0.7360880362494067,-0.6663274966797701,-0.7809134146729355,-0.5851288750082854,-0.5722414800205943,-0.625147859220145,-0.51210563070746,-0.404999364770121,-0.24605530904186396,-0.2701732857753016,-0.19733230523045286,-0.16132814453035757,-0.03601213524897708,0.058425035645747,0.14216676850411458,0.26703590979999114,0.2299808810148518,0.3232016663619574
0.57002880361186,0.5676379868728751,0.6347043180205705,0.5390226638806987,0.46019602685735006,0.48659786151786466,0.5538801895652383,0.43691279770845753,0.27668197924772087,0.3407280127098713,0.2892779951000602,0.22287147022443124,-0.0012864700984679968,-0.18676467113883624,-0.33259824431477847,-0.4247158072954239,-0.5753408113263636,-0.47488468399521194,-0.5712999119483144,-0.6434848423809292,-0.6901270616032277,-0.7238309498545314,-0.7284157342872944,-0.8603711772610637,-0.755903737883081,-0.7020303524883911,-0.7070629748869779,-0.6008976188111017,-0.6296550750740211,-0.5114831223361647,-0.47639974648797706,-0.4379757317219969,-0.29045087719849677,-0.18202681882180244,-0.23065069689762785,-0.1055739094265219,0.053198252073586916,0.06921236132489968,0.09634609195885946,0.2617923858232672,0.3025964019093766,0.2622787776017741
0.5511178459577212,0.5437109565837644,0.50753911337363,0.5263233138729686,0.5308733008486141,0.4719647259786951,0.5663275665476784,0.4492893544900059,0.4865352906908993,0.25343455034367046,0.18394267062002143,0.10568400985807876,-0.07121286248440833,0.033450586304066936,-0.2555177528725131,-0.3523149309492691,-0.3361616742036476,-0.572950221573292,-0.5011908109312022,-0.5275887728706679,-0.7019642007417934,-0.6503359042991511,-0.6617247867597094,-0.7206766811110157,-0.7616511982087533,-0.7386362395733375,-0.6985342675012141,-0.773616079423823,-0.6394210086860492,-0.4817310270069604,-0.4043448804886705,-0.4301662661479957,-0.34962921056753166,-0.3100752609665339,-0.23964009387015608,-0.14428354246017236,-0.035571941598253845,0.004721043710839185,0.10376291921921037,0.2362527843522098,0.23435540557079762,0.3131764600795027
0.5650190541228914,0.4470958387802036,0.4986806177645326,0.6076670198979025,0.5481117782801753,0.6063730415144414,0.587268376904151,0.4359549663766826,0.4319997340321506,0.38378005598423826,0.18654201018276909,0.021114268019017002,0.1005432323075586,-0.03667970910576612,-0.21570770993898683,-0.2622424167766546,-0.4248747829697948,-0.5372409946023764,-0.5141487492774999,-0.6020476677991546,-0.6745983298906446,-0.8117798274757275,-0.7702553796282697,-0.7214605630891789,-0.7412440767735122,-0.7513132570353512,-0.7574983641017182,-0.723490494356105,-0.5967100472888527,-0.5148891151727323,-0.4968889997390102,-0.43479733682204713,-0.30568710374059777,-0.19876412326701282,-0.20957168076849403,-0.18300095480897208,0.0725386212635801,0.021102363160471344,0.18374700195547009,0.27427187734545655,0.3503170488604878,0.2658622588219252
0.432483851250976,0.5211004227247006,0.5482094088749471,0.5374270945107438,0.519414298000921,0.5674229155360953,0.40118796536649426,0.46341422304115476,0.39994819503327733,0.2855117967707922,0.09194851087046514,-0.0005589870511010421,0.14737110235962475,-0.1360477221334694,-0.1095488497715472,-0.33875342252011986,-0.5264731715610328,-0.4184645220006217,-0.5081819614475974,-0.5486869149218949,-0.6615415453910231,-0.7182553396077417,-0.7593310351623549,-0.7854962677489292,-0.7171599548350106,-0.6507739726092617,-0.6541406458799669,-0.6187881804633544,-0.6486592600728631,-0.4642848919827821,-0.4330597538370837,-0.4273959853039041,-0.2776330088958677,-0.2406873793390439,-0.10048387798280886,-0.06815966022851744,-0.04373305956769453,0.10661818699727618,0.0876207672345167,0.28347620227443376,0.2927413729777174,0.23193724097880614
0.4903456391292287,0.5197898922931683,0.5709886498942138,0.5655671183230476,0.4289293851548914,0.4547043895900399,0.5807350327115098,0.47753018637919575,0.31098745024852226,0.3018371147255769,0.10981449988821154,0.1567392176440065,0.02265666250553499,-0.1167118657171956,-0.2694241587918008,-0.43824139112972094,-0.37926988617185087,-0.3962316656834364,-0.6382841882025789,-0.6194652255370352,-0.7765566460498937,-0.6245516100477342,-0.7244514118706494,-0.6877567250785652,-0.5822108891351202,-0.5816524284521287,-0.6733206759073075,-0.7216610113688289,-0.6384643676717995,-0.526644076952871,-0.506583982154926,-0.3235941127295156,-0.3920495250572329,-0.22776489312142092,-0.2114506220538251,0.014068178284363842,-0.003343204276366595,-6.711644566236416e-05,0.09594437748263018,0.31542682573336955,0.26280607224266356,0.20859659575404024
0.022371459105960095,0.028317227586376115,-0.056890788023269044,-0.013398164123708018,-0.04954641205989889,-0.005112920253338723,-0.005870787495545784,0.05517247309746832,0.0022230204486422384,0.04199182474011227,-0.006679874988084958,0.023075681688550884,0.04098402433888158,0.003283181726285579,-0.011495209254645545,0.003293791427232287,-0.015195053457674074,0.002072924154575893,-0.01609236845019301,-0.024302962529300642,-0.05927602170618847,-0.0035084683874952575,-0.05015811829834712,-0.04264288251454496,0.03931035165862559,-0.04978163977011055,0.03111850790692516,0.028560318539168662,-0.0177897355382661,-0.020440237154959563,-0.022884538690247824,-0.01743045534879844,-0.042080491859509316,-0.028748921802869296,0.02403228380883884,-0.003091484392610801,0.019056702519857333,0.05598673732747675,0.035666771286496875,0.008873535760362062,-0.04405810701114335,0.04717606413235671
1.2905293252396999,1.401048500699644,1.4876218059590929,1.7031962368780589,0.010729070891543504,0.014580572925691903,0.004966214668174204,-0.060649929394591434,0.03587774624740323,-0.036436171688791756,-0.04606850822221699,0.04241532649018262,0.05205228239066058,-0.05867404985068051,-0.03624811389087458,-0.03089151635378315,-0.02753182741587284,0.0034917649870463436,-0.03465050356540499,0.020016166332823198,0.05327987048787855,-0.028058971588101812,-0.02923943270087187,-0.03897531035134118,-0.04907956637810361,0.004672821082318353,-0.0036470206248606653,0.0007118336084288778,0.02215418075775567,-0.00012365844108119432,-0.03649013388496045,0.03875926054365367,0.033234124107252724,0.009666451008335231,-0.010574946966604961,-0.03327568832426811,-0.0298606582868798,0.05050103769325361,0.010278501063038998,0.03830406833400881,-0.05177578026506122,-0.02339889709524544
1.447857287590671,1.3876818269834037,1.7044102036292084,1.3558014540595071,0.0294280126850779,-0.05024518191168419,-0.02800204003057256,0.010230649113338293,-0.02656028946588815,0.0020127934062797396,-0.0551356469309363,-0.040192596002758214,-0.04556399143234059,0.030167814261039216,-0.031245632747256044,0.03907929992782942,-0.016650555351490938,0.02183836780229521,0.0008367595857905236,0.046587201877128476,-0.03983253069145333,-0.038060485497666004,-0.036838999645542235,-0.007024926734053313,-0.03929659497517317,-0.06227922635842144,0.037631869284772045,-0.022921202894407078,0.03337221096396241,-0.00408179947204743,0.0385954685346916,-0.020404919335584977,0.042926674926704815,-0.0035099839734934607,0.010288412025080176,0.05415329120443434,-0.02621395457176944,-0.04950078554672754,-0.014831100875747056,-0.028473940824879387,0.04869976976599642,0.020955713249827757
1.357906245156795,1.8256010018230135,1.440273826553487,1.6765011147120819,0.03967695245879079,0.02028906077896744,-0.0016923125773477855,0.004977862290886047,-0.008077295045957217,0.030236649335481786,-0.020524220115266837,-0.025672705742673985,0.03840105994886544,0.01959926157443972,0.028057002478402263,-0.009794478930102534,0.0016769759868508723,-0.012955494953290741,-0.014684288302828575,-0.03800805356238296,-0.00466521070701749,0.04550941696187096,0.00874416489974932,-0.035939357872094034,0.021988639981971782,-0.014192391249281702,0.034031309059586255,0.02375073548872005,0.03688537771224784,-0.00025587556459690365,-0.003490966647873992,0.03171741196218847,0.056128836513977036,-0.048617836684347174,0.05218269383544249,-0.017046205305198896,0.02021175140655257,-0.00393968494830424,0.012500668589966265,0.0004325281881869128,-0.031364710969194354,0.009702766419240965
1.4177748247434885,1.6219111435477906,1.4446615616769036,1.6001778826855086,0.02529841009435668,-0.04055719267348272,0.05491081805158254,-0.017172234915868993,-0.03925944919603407,0.05050871481359515,-0.0392935334576925,-0.009924438743394806,-0.029799631817979722,0.030622192475735815,-0.021986531126104412,0.016662648543974402,-0.02456065544750736,0.05281684679449782,0.05394699932654126,-0.03014399333802199,-0.016748266028999974,-0.0013989697991135528,-0.012354838985311228,-0.029661989621664872,-0.0038135713510533925,-0.014093943643839682,0.02850527179191271,0.044793156546630825,-0.03585489184867863,0.03359897648039828,-0.009491696009731387,0.00556106101169342,-0.03200456255093859,-0.03796590504587063,0.02231110820871657,-0.019773588921640987,-0.025800155170227795,-0.024490803078437765,-0.003396201679349757,-0.03777849876845096,-0.016740206935488486,0.026527358950548162
1.1485387333340351,1.3008514160394873,1.2337063449261354,1.6333376624426743,0.016603939269008605,-0.02606750664322878,-0.006904784141440544,0.038500080602047085,-0.03145278224620341,0.0025438349993266588,0.04911610912976147,0.007208315802863455,0.022002577919502848,-0.02095256814096583,0.024542533601312463,-0.027733879312295723,0.027271286338872838,0.0355765717003981,-0.049958290699809026,0.018543787109937707,-0.031015549518822176,-0.011207241923738434,0.048056368301098225,0.033354609781018466,-0.015688696891904896,-0.018440504257750838,0.0520314483169778,-0.04369492466369983,0.02716575810654135,-0.01778488153028321,0.019881573510022316,-0.0042266989292467205,-0.0280111625788898,0.023939528784190527,-0.03677431760496779,-0.011108222494276803,-0.024628074569962195,-0.011292444621247857,0.018553178611730576,-0.005965410650910102,-0.01278134002227216,0.030211171087635855
