gfs-wave-data.json
{"header": {"parameterCategory":2,"parameterNumber":3,"dx":2.5,"dy":2.5,"nx":144,"ny":73,"la1":90.0,"la2":-90.0,"lo1":0.0,"lo2":357.5}, "data":
[rows 0 to 18 of 73, columns 84 to 125 of 144]
0.9239754573222768,0.8978265604614113,0.9026521627087067,0.8008149663603743,0.694612112437227,0.7621256491762517,0.5535350342794986,0.7467260325237467,0.5906240173620503,0.36775273342116116,0.5553678766057497,0.5269587698606742,0.39801016268964706,0.388195056958627,0.49982479666500446,0.3827595584699814,0.40586679426926575,0.4727891076066329,0.5882911016198674,0.5630772412243601,0.6960984897438183,0.575906846187073,0.6854521520572271,0.607562102968956,0.6324757586616189,0.5780199740814218,0.5273494723899299,0.5653376739556563,0.4636727463029756,0.4103196243644383,0.34331677310794845,0.2900269772188516,0.3210234215391285,0.2256763843260433,0.206658956477557,0.2071466196342668,0.1538275801153927,0.2100942071339193,0.21121199002054017,0.15830670389278642,0.1554809336550093,0.3156683328104188
0.7651608449307289,0.8844685366213109,0.8217002085977672,0.9084907600024331,0.832708952407795,0.7891361113407807,0.6273317962874986,0.48258289233495344,0.4302988915071392,0.4465857973913334,0.39323331503887354,0.39410059387491364,0.5106089168341822,0.42324417358334493,0.3565448624559961,0.5987490942700662,0.4339449399184353,0.45289686501004467,0.5229249285908388,0.6687144219682384,0.575454616445341,0.564052591570734,0.7187892611821591,0.574809801745247,0.5862772371569942,0.541000775841295,0.5453384524706998,0.5900877252550792,0.6170905191103105,0.406410999524008,0.38972785675937993,0.38698561432332196,0.26837672534203055,0.36995602242604425,0.3249587534793024,0.26211356429653293,0.2308468117802067,0.2794309012335077,0.15667156830477935,0.29413773888092964,0.2851425385547335,0.22016522295538937
0.7946817767900191,0.7550592217736252,0.7744398774303666,0.9080620579119875,0.7385060095316298,0.6505671677410153,0.5882463852125684,0.5008097087723867,0.5729861269267922,0.42724125641407223,0.5613421210025934,0.5038061096924992,0.4449876993696492,0.3433190898922002,0.4917709621352474,0.553454337844013,0.3935384478736927,0.543631386260291,0.5483427521182336,0.7040743737392019,0.6780409886594496,0.6994943787654404,0.6210984244556619,0.5920420156961512,0.6244745055438791,0.6423825666000946,0.5998465203474422,0.47971724499242346,0.4795890200241004,0.5065313261007871,0.41820563596777427,0.4077526293073089,0.2815761977270796,0.26997262775996894,0.3018389483836273,0.20058337444615446,0.2939061736510458,0.2536737049965544,0.22472079286409005,0.21215986230478776,0.2339203396755184,0.25074027833768614
0.8177226755250022,0.9506945240328866,0.780259307990848,0.6848966259071422,0.8617064843969344,0.6447381811245284,0.6882634361881749,0.5723435987313643,0.4775331800624615,0.4355424808165965,0.49179025023317013,0.4574568705524639,0.46448302548515136,0.47477863629219097,0.46906677115768614,0.41724187046319505,0.44466114559850006,0.6328165489037059,0.6213340605295,0.6567045808709624,0.611071557830092,0.6637561188618859,0.6909164272115798,0.656889063753568,0.6413615692941353,0.6173632140031317,0.6777741937963032,0.5195048968023247,0.4583346096179796,0.384453476836266,0.30058817172175545,0.30516273560455753,0.19242592791578703,0.22850238411730495,0.24745328750113263,0.20765814351247294,0.29300635507051104,0.1882569752565749,0.3298574719696965,0.24276350110424252,0.1871260716103,0.2530814920879627
0.9134897174694665,0.8475672204769386,0.8889285193466459,0.9205006540286357,0.7109370326418127,0.8115629479993243,0.5849759318161296,0.6877154418772522,0.38660475686225465,0.39055473394551005,0.3961788761275838,0.48788140181675055,0.5294789681161983,0.4748900427196071,0.5121207065600685,0.4278925425351559,0.5971961162316028,0.4017190614160694,0.6046380936086897,0.6630567635585758,0.6881325413861783,0.6086328468521087,0.6670398807817902,0.5573326797515411,0.5674573720888201,0.6178879886973422,0.5391509556771554,0.4438571696729441,0.4814389077928284,0.44389748498744164,0.33897565465744356,0.4458972370472449,0.3500672006799308,0.27649579788036316,0.3520648398400233,0.23845304172328322,0.1947362578295529,0.18600483898289588,0.20671702290864338,0.1821282617962636,0.34733861091445034,0.28036106191181787
0.7599652692390814,0.7618823985640251,0.7767401187456635,0.8577167257221339,0.8149160474876075,0.6832346687788486,0.6757077016877218,0.4816407959086298,0.452625277866892,0.6249505710318282,0.2973225126975252,0.3859218537866037,0.3110195286629737,0.5571068958197227,0.506606616639653,0.45797943234646027,0.4782378716979661,0.6330382283229442,0.45225785656333073,0.6748840800748499,0.6542519876338173,0.5985151601604827,0.6694574253687601,0.6804512915988662,0.7229568271637471,0.6498150369360699,0.591798012978154,0.5347082578939094,0.5157225831294545,0.406735380407562,0.3511290322421829,0.4125157550983693,0.28917292220236457,0.24628951317701567,0.2868158114795298,0.21713014135184439,0.27114050259232975,0.23713924075650258,0.12483400865407822,0.20354841634080356,0.3247379161282513,0.21918264818632682
0.9074696696731592,0.8851291717146741,0.7596060140838392,0.8332763103286722,0.7389329806083521,0.81425067401443,0.5746263507836228,0.5725975810619492,0.6210758716643169,0.5564112352769985,0.41201331759834964,0.39322246256851456,0.4972594460046261,0.5079826238862094,0.3429500123390888,0.38597127040787316,0.3684427015398105,0.45864304971716247,0.4543387936796629,0.6257705666514993,0.6343102954184955,0.6526214231573405,0.7564038591919817,0.7280220554550298,0.6561161318820173,0.5155828432221223,0.5438849625918799,0.5659952137255471,0.4666835315798577,0.37404622792935976,0.3356788652020558,0.24486268066574177,0.23317578863375316,0.24029503862520826,0.24952192687662283,0.14816879953663997,0.17528303046894808,0.29314643814931063,0.15464559191202712,0.18717275300517125,0.2991728006339189,0.32044593320193615
0.7969408323813946,0.8745249886639832,0.8180178703651831,0.8933221091135446,0.76670159969712,0.5872562382370798,0.6443933830507014,0.5813335216762258,0.5484780068090414,0.5152676620692583,0.34941246762707795,0.34746836226738687,0.4455388814294661,0.43127880333377966,0.49919016022221724,0.5011580854564375,0.5587738855719471,0.48953861089474526,0.5950664085999492,0.5827053840758716,0.565214171548934,0.6315902985199967,0.6429714354816114,0.5712224576775692,0.5686940329306521,0.6623536581976596,0.5677861275491247,0.4754860793412917,0.43747271623919143,0.30331416995330857,0.41015554675395677,0.33050560696981546,0.29239199385844655,0.21882606495653317,0.16868845148862074,0.2398652434727787,0.17208577666154296,0.14828444612130953,0.23791996663645262,0.21133053322656495,0.24433157935212346,0.18302579475158282
0.9065542317940919,0.9143431057154938,0.8268254678912635,0.7807541425773599,0.7394449479551611,0.7095849951476765,0.5013356638555196,0.460204164421649,0.6406821853545004,0.44959328152120104,0.3247232140350867,0.4496406523953041,0.28921784308452875,0.3266813900510335,0.3667346022700186,0.5124708083418786,0.3903930859324265,0.5695178514540206,0.5552045287859269,0.48277969003152593,0.6164712632025117,0.6236403338600943,0.6105673775764027,0.5870850286294679,0.6178349818260113,0.5276595654609788,0.6401857460730513,0.5075282062775913,0.3661513194403734,0.40486150603931464,0.3172245290304418,0.27788898503337367,0.21959114502386937,0.3065811225274414,0.15164028714937092,0.25674159542415853,0.20426605526239927,0.22573967335209458,0.1798605759468417,0.1589645780560788,0.16320635801523653,0.22178201422322177
0.7473781426731961,0.7241518789110074,0.6965326137616544,0.8470673702645919,0.7994912011622558,0.6227625784735968,0.774098981957705,0.7458727344982226,0.42880088495365287,0.5496727672567255,0.46672311414310375,0.38490341893671176,0.44609560070409926,0.38927358074847834,0.3595342435656624,0.43683399605191175,0.47380291994900847,0.6458914606426912,0.5154827955113839,0.55291268777634,0.5583682769306629,0.6030686433713537,0.6203403863822544,0.7027158195308123,0.5194701943590915,0.5175916437043228,0.5849244094028335,0.5732117054353306,0.4248664568628283,0.4212790439397538,0.33952201239310814,0.29828320901374356,0.2763447675018872,0.28931692497051575,0.19625565422245242,0.21041414096840627,0.26909076046948344,0.1596187167157132,0.2837876000589511,0.21459378741761756,0.20659277218501015,0.21498171733236168
0.7050865631452563,0.6972286728921774,0.8885388784318481,0.8591213307500751,0.7370085718406205,0.5950953547714276,0.6720857533672163,0.6118941165608166,0.4928137469958281,0.6380808494194476,0.4109895186768561,0.5106798644607025,0.4692032947885088,0.48294529447075846,0.4563773408573033,0.3200211352778826,0.47256439799327693,0.5311779498316154,0.5281991483246952,0.5693424856168314,0.5465852649968943,0.5373361535127676,0.5276867124904859,0.693224798295173,0.6235204423697757,0.47928996266672813,0.5357260560810665,0.540038350399239,0.3801401793249219,0.3078633893464839,0.2697490073541294,0.2163812227149859,0.3044423629964829,0.23706396164338886,0.23476653196869893,0.2482863195161114,0.14045555092090664,0.1256560943284384,0.16685912852830279,0.2709201787836775,0.20436097576890339,0.3129638119647968
0.8095236714641897,0.719061970513692,0.7797578027572066,0.7004547138649636,0.7549629654140823,0.6494872859422872,0.6999433523198305,0.5896167956522205,0.5299040521210482,0.45361693976084444,0.4575459752732194,0.4186768954176796,0.4361453022671292,0.43586492959761997,0.45496485373422174,0.45162609795986325,0.3773486677738008,0.4651425477697351,0.5855294379316717,0.5515156174953029,0.49740225984103364,0.5282816595731608,0.5139557412893596,0.5878700928713068,0.6802695594729721,0.5670411314348823,0.5323917715986486,0.41763785896117467,0.3764983370291275,0.3773554068645033,0.2796166235796857,0.28372118182088096,0.24362094861662584,0.2700368552340498,0.18461948969728195,0.16564440844412484,0.17599172820249362,0.15241026154353063,0.10746337883500028,0.23444567857601084,0.15706548660823233,0.1885050254951807
-0.2833179939619694,-0.22700528643535478,-0.26813894679079064,-0.23355500981557073,-0.39312534922750575,-0.3904067582722832,-0.33303438347103004,-0.22832953670654668,-0.29954351916734817,-0.3406151109403155,-0.4147750476617628,-0.40341979886025703,-0.3035064716520014,-0.31255620077379676,-0.2523822277777738,-0.31565136716423176,-0.40628534294176044,-0.288272357778058,-0.281609240957721,-0.4142361638600301,-0.3560454717937759,-0.2659747544695267,-0.2636448113695994,-0.4164753685552153,-0.38899661629882765,-0.3758350703505896,-0.35784410768591746,-0.30863540346485646,-0.24337492291231103,-0.2655030058242207,-0.41971056016133,-0.3378168452721117,-0.2790749890946799,-0.22947953577878713,-0.26841420388729514,-0.2376112270695612,-0.2767486850396778,-0.36682507053907215,-0.25393358305857383,-0.36345191049332465,-0.2542283044080926,-0.28805527259211117
-0.3347829551098605,-0.27139450849356883,-0.2991786701284263,-0.29760391780406786,-0.3096361770198356,-0.21429706477040303,-0.37894115335833645,-0.3259958159373639,-0.3103425501870519,-0.23607912022800456,-0.247439961605348,-0.37115759357192807,-0.29935949242725707,-0.25052520082581914,-0.24288544339382137,-0.26522254043165333,-0.25098124561481244,-0.35181992441985444,-0.34378297754817305,-0.40213843373273556,-0.345204189843647,-0.33186800729401905,-0.23175791155188602,-0.26870287536794696,-0.3843391092551507,-0.23890008526603174,-0.40367790466497694,-0.23311612015473474,-0.388608409753123,-0.4027527406884068,-0.2853445182651141,-0.31519466020113135,-0.4030385059424589,-0.279380826565031,-0.24575594610296542,-0.28023375998773226,-0.219009761191576,1.195037358894191,1.2120384015915682,1.1610781401283654,1.3098621813643319,1.2922557888422062
-0.3129717550187419,-0.287077530131762,-0.3533204743447046,-0.3509308038707917,-0.3635207747323409,-0.2646281964391643,-0.263985300151251,-0.3123717039927314,-0.29132438576630587,-0.2025716319912385,-0.2409612405088718,-0.2836144531255085,-0.3878665925753871,-0.3114404592570901,-0.2887712116714809,-0.31607691871328725,-0.382565849634756,-0.27280601576495195,-0.20223683012760646,-0.2450755020423506,-0.30094606092354653,-0.35827572890813325,-0.25691828277328416,-0.2454693640324442,-0.30555900832093724,-0.2634357033748039,-0.28810130602998163,-0.26944350540960876,-0.28673839725944666,-0.3427712108902624,-0.24426900902233573,-0.36550680437853855,-0.3158989932507857,-0.37137580551282706,-0.3744175794460178,-0.24677336758312748,-0.27145514348941785,1.3032593293248795,1.1864620984621952,1.525776001795686,1.4736774811903022,1.3195516107758443
-0.2291295950631237,-0.3312696572478194,-0.25230917864408425,-0.31760305180091103,-0.22557440175009408,-0.24339980664294125,-0.20825235129981082,-0.2542590863000371,-0.23234270871465018,-0.3235292959782467,-0.19799253928951666,-0.27244683388012414,-0.1930013980470118,-0.3787135683615092,-0.28156649792379673,-0.2031846961846135,-0.22043880826613868,-0.20847595229480376,-0.2505947859943276,-0.3593515864548635,-0.2148103702785295,-0.37055219924345123,-0.2695640982458943,-0.36859760707353945,-0.3786165212995238,-0.3359831032679604,-0.29786362279644385,-0.20828552145713902,-0.2095940405325981,-0.35671130880979696,-0.31483453493560803,-0.3562588123521975,-0.2818991715268889,-0.32452579654669583,-0.22994631494293236,-0.31719343280246864,-0.35952613499289315,1.0994811707494718,1.0633076789471163,1.2683465451771485,1.324792079747946,1.3727150976888056
-0.1931288936386876,-0.2126423321780117,-0.2034048622243798,-0.25411960304740777,-0.19471061510615081,-0.3533179690204831,-0.3620932814182228,-0.3676582918014795,-0.31264872057265886,-0.17736371202396617,-0.35160181706848426,-0.21738170226729248,-0.2628485379023149,-0.18594891701209604,-0.32869374369570836,-0.2432287393815403,-0.3387970232494434,-0.3314164569385438,-0.19604208602214532,-0.19700179388331346,-0.3023807269912191,-0.1915776176613314,-0.29263105527233507,-0.22208361926873807,-0.2729273591970612,-0.1950294223989652,-0.262364804844488,-0.2713188405038797,-0.28759967146353144,-0.23185753086244876,-0.3218101703055649,-0.3117062223114934,-0.19969175552752003,-0.18752981348934605,-0.28004384427184603,-0.34470677540987865,-0.30807090068765436,1.1684198820993983,1.3515906201345924,1.4335558520976486,1.2000568950522543,1.2352880862339506
-0.29013931709270324,-0.2950454863590545,-0.25463592215088715,-0.298379588577646,-0.195892967911915,-0.16926713218213393,-0.3510142951166117,-0.2849899470941503,-0.3197166171970362,-0.1682671651776294,-0.19491947018949543,-0.3142784591905257,-0.23166600791939176,-0.16883866690967214,-0.17672922947361744,-0.29549141410326685,-0.2820097955543493,-0.32845801172268113,-0.2638931181303602,-0.2533929018430175,-0.26072109265242954,-0.20640175861250235,-0.25021339149339156,-0.2082958014501634,-0.20610496014001523,-0.33151521627161856,-0.18831712736555972,-0.34023530887108916,-0.27976522087155303,-0.27627545541286064,-0.23369956001009484,-0.17304713087124216,-0.32260162046262525,-0.224309696791348,-0.3048360351434654,-0.33852786164300014,-0.19618980919133508,1.0142218847226738,1.3156778178366773,1.2040421096418747,1.190670836372007,1.194847229790837
-0.3153786458626642,-0.17574278139424718,-0.3215734497810802,-0.3036293515353141,-0.22236368726199401,-0.21735929968543702,-0.20391863661009094,-0.23763936641654995,-0.2148338477534625,-0.2228947609834664,-0.171288916550372,-0.1783792809929734,-0.2487215817106002,-0.30025674475890857,-0.3087155102706178,-0.33151350675867847,-0.34090099038404836,-0.17313051867279683,-0.21549212983588684,-0.16576494372541342,-0.2035547768246372,-0.2421829424229559,-0.23272241647269773,-0.20644372743371434,-0.3463714915118647,-0.22450414838688318,-0.2951148568504059,-0.21633001730730433,-0.2373666638925433,-0.2467490644669588,-0.2736570102273972,-0.3032012435178145,-0.19308015303399279,-0.31683419545569025,-0.24713766651668378,-0.21216556525139005,-0.21228022008071054,1.190214758146244,1.2733802787222241,1.2362654494875394,1.289376056774948,1.2725349112550624
