gfs-wave-data.json
{"header": {"parameterCategory":2,"parameterNumber":2,"dx":2.5,"dy":2.5,"nx":144,"ny":73,"la1":90.0,"la2":-90.0,"lo1":0.0,"lo2":357.5}, "data":
[rows 19 to 37 of 73, columns 84 to 125 of 144]
0.015270411946257403,-0.0013476228632657654,0.008607575374168322,0.04206380333614367,-0.006594524841230243,0.016490988673247477,0.015638147451071397,0.0246015171326356,-0.021295760689530027,0.03462081226126923,-0.05088910078882032,-0.038518701689932905,-0.02110199938026992,0.020757719510799116,0.01729635726531954,-0.03688071211670882,-0.021345932293833466,-0.0021016698905235976,-0.010637466619992894,0.03470419011299544,-0.031084688949258175,-0.02681309202518326,-0.00650885957947348,-0.03589091820176672,-0.0018585283373112114,-0.014167147564339828,0.013136116294499166,-0.04769220936210648,0.05439117716745634,-0.03278012514220391,-0.012953235514402332,0.0020331440539010626,-0.029724802498060646,0.0039005561413211023,-0.029628934910325273,0.03765159721076546,0.015986628073496434,1.2220805438569535,1.3395295218403465,1.244651392064196,1.349847279784607,1.5273591586970574
0.02038226414577055,-0.03354819751972006,-0.021854308537059906,-0.04264059000078973,-0.03382829812659247,0.02244538130116168,-0.011886704214834549,-0.004909936941368395,0.043565944914213145,0.026674142854207175,-0.05339882325983907,0.01151557434269157,0.012174770383706441,0.011394204070576145,-0.020899274048349584,-0.026618820885210087,-0.03249855771914569,-0.03630144976185468,0.03643664565801959,0.010084159214738443,0.05301191218642098,-0.013953648828664846,-0.041348963078345166,0.041383309740220996,-0.04455549854212639,-0.0168470090195326,0.02275235073398698,-0.04070061222327342,-0.04821425604904721,-0.01648423592469305,0.012682417440378263,0.00638980386513351,-0.03451092526521282,-0.040682952563809514,0.037479815823215995,0.016921347140029654,0.006893129577079224,-0.028574378423230063,0.02576449114848691,0.025256734514376045,-0.04412639221063819,0.00934597591521648
0.8707834537991568,0.9993209654695976,0.7753083307846412,0.7810830217983583,0.6895651587533849,0.7774609740781434,0.7894807101200257,0.7089887837429749,0.8709696292930529,0.7583050704832006,0.8385508611588629,0.7755580851751832,0.8769775010612375,0.8556209888427171,0.8450422687697429,0.9339980819829448,0.9008819969924595,0.8135745381160473,0.8441687035404822,0.9152644736151304,0.9840176322926931,0.8612269351033428,0.9685888453130418,0.9859274081677609,0.9491287913196877,1.0030023546220002,0.9592425438971204,0.9921658743897728,1.0478270492919712,1.1634916423285058,1.014829445930533,1.147426180858956,1.253069069600607,1.1435876727490257,1.1184950519632304,1.0227684218804751,1.140734684717152,1.1453733143967764,1.1342795550836966,1.107935330243224,1.267940794199459,1.1589737779587714
0.8960396845735503,0.7994898278034969,0.7481706532704523,0.8088047553745311,0.8227534124994983,0.9227493456830204,0.7987075300638895,0.8323015812709802,0.7992787802054014,0.9175078287887727,0.7766804511322536,0.7852587008398614,0.7851482555893989,0.8189933993079498,0.8758404997962184,0.9081789926972927,0.95964296563884,0.963386904355919,0.8912151362146395,0.9525022290409851,0.9522557364709411,0.9954991873030444,0.9497041666998682,1.0065967515905776,0.9779709530543219,1.038533344055471,1.0153173893293772,0.9742055456359995,1.0140042375397829,1.0443236529901554,1.1959405806444154,1.1790899057147681,1.1663401405336296,1.177732946065446,1.0478739272644084,1.1257974925098333,1.238632767786467,1.2300481538204528,1.0753715412264206,1.3163602637174847,1.2279521448284132,1.3221925263613228
0.9751417285648755,0.859194725524821,0.8962549021780168,0.8125599151360036,0.9566371037814152,0.9284538533037813,0.9754450606938403,0.8308448494675585,0.8963324775303619,0.7859739840154624,0.8782349072282636,0.9021796719857028,0.7609854991604743,0.8677564894748652,0.742348340311303,0.8664774228900634,0.8815826992576818,0.9197334327879375,0.9289986916354457,0.9690520513334818,0.9626389280987475,1.0086307729177486,0.9254295306233237,1.1003563774779943,0.996696363801902,1.1239244919578342,1.0091532746619283,1.1602936755311584,1.144977200474898,1.1004198530188445,1.0981953254388592,0.9820337836814361,1.0241322046440757,1.1735744517624223,1.3163258973422594,1.0858976750156746,1.1755349495052874,1.2190658524776217,1.1536257349895451,1.2886543936764403,1.1987106824391114,1.383550410651675
0.037960391326381085,0.02788428402717456,-0.0351099659365558,0.006000420910889987,0.03950346277451471,-0.008653180487484452,0.0020439488227338735,0.001112726392709012,-0.0020912461224654112,-0.013914492572070631,0.03905034696398932,0.02348867228473115,-0.005881360127853375,0.05392788798461979,-0.015872013068224455,0.0031731344945204296,0.030687785126847535,-0.01904986854458451,-0.03384186364184252,0.0004796116118420436,0.010238253029083077,-0.03373432496932787,-0.03549161771338069,0.001938495217184249,0.006627197557736147,-0.04123404237731846,-0.014802174055595666,-0.03592435587759849,0.04815414691669998,0.023192271744145225,0.012299352207118565,0.04243246526477041,0.0372339192143079,0.04346889136112176,0.051765297022022067,-0.020915328406496618,0.008524799339168755,0.054486663539051516,-0.04445462966743035,-0.03761122889438473,0.05771283464148148,0.008701835129971792
-0.920071114936103,-1.0682725388126344,-1.1125061782483339,-0.9466711881237698,-0.7948005146757497,-0.7317326397320406,-0.95169541691256,-0.759342822839383,-0.820085414588651,-0.6319910730972766,-0.7685312449339906,-0.7129566322314539,-0.8620384093517889,-0.712422885546133,-0.7905354808302508,-0.7695408392177586,-0.676238447047975,-0.5990078817428456,-0.6024165209141397,-0.5521105850956793,-0.6170084195788884,-0.6292284165187706,-0.6710645444365856,-0.49882807564791687,-0.4956940961939185,-0.5896882813590715,-0.49330192704314957,-0.677364980771025,-0.5341611698055168,-0.6470438471313285,-0.6607615720564904,-0.5626067231498646,-0.5569033506818242,-0.43419608665633735,-0.6683750116583725,-0.49744984846739954,-0.670556882582301,-0.48430619832432903,-0.6139917566879075,-0.5150747967382817,-0.5257544047514525,-0.6308789027888781
-0.8804644021908904,-0.9260512689872011,-0.9252165732927988,-0.8166779835555478,-0.8560119350342865,-0.8820618304427552,-0.9582438651834031,-0.856784474580417,-0.7311900276321127,-0.6235210450055438,-0.7489414775050315,-0.7814560542945012,-0.7215422669927894,-0.7686533168614154,-0.5950954760826741,-0.7061611052851512,-0.6789576350961642,-0.6494524658411045,-0.48098493564424816,-0.5682363621234082,-0.7858277262444878,-0.7320388839083206,-0.6310284518474566,-0.46035543843620497,-0.6261955032029585,-0.6698424982090957,-0.5374141719910545,-0.4851307453040828,-0.5414043743404636,-0.5272492489712052,-0.4866112772520698,-0.5525763100952898,-0.5347025630346304,-0.6980467895722725,-0.6080407561273656,-0.6870191552539489,-0.5961230343927303,-0.5766512231104625,-0.5240385581932409,-0.5593841886543969,-0.6506562260702745,-0.6040552598431169
-1.0211189135760679,-0.8919988666419809,-0.9482507017433945,-1.0361424655925227,-1.0433743189207183,-0.8407510682887493,-0.9024380610872272,-0.8383734499662681,-0.7778710580420428,-0.8201653600686994,-0.892017631091719,-0.7894513242311412,-0.8912555763917207,-0.6442874236033215,-0.7968394676764542,-0.8425901248448481,-0.7231250226466682,-0.717526230233138,-0.8127842016899322,-0.6399269479059416,-0.8026747007493328,-0.6439752238203479,-0.6756900854569475,-0.6040606160974455,-0.5198290228115691,-0.5692670064117014,-0.6394073753002585,-0.5863912242440121,-0.549457975068871,-0.5378747913239611,-0.4624833371299667,-0.582213494592482,-0.4705232991997506,-0.5842540487637872,-0.5386212570259411,-0.597291422269512,-0.6066515313319536,-0.5518956849655072,-0.5925692486639962,-0.6449072071679173,-0.5295390440679452,-0.7038523664170705
-0.9878957353152169,-1.0607226317630944,-0.7586875073689364,-0.9570417724186617,-0.774126981991161,-1.0219058083000196,-0.8908480075861418,-0.7550343509393915,-0.8979836691442079,-0.6369934057058926,-0.7577456963037077,-0.7984703477260054,-0.8395781243813933,-0.6775292697352095,-0.6733747399599307,-0.6593350962159512,-0.6790558975367319,-0.6477753687578094,-0.5679845319069917,-0.6928698020756012,-0.7599786587545918,-0.5118490260100061,-0.5598928968780997,-0.6207705439682042,-0.5973458452144758,-0.7064786637760503,-0.6875134132997877,-0.5306542089380033,-0.4223698688759426,-0.4644717964194262,-0.51923384940413,-0.5125906980135528,-0.460802688215611,-0.7181563750900993,-0.5725852280866189,-0.5594404392703086,-0.6053694542020983,-0.6501316410575362,-0.6041689758535705,-0.5599581337192004,-0.5359542149304493,-0.6167459359008999
-0.9307939714720148,-0.9990304251197072,-0.9280696108338374,-0.8544200114101258,-1.0564697004525385,-0.8551183938811575,-0.9353227701214374,-0.8128039483145506,-0.6976819625726053,-0.8613063227559804,-0.6014443442839893,-0.6927271739031668,-0.7701896522717775,-0.6159947971900945,-0.6389744522287267,-0.7703436108811721,-0.794804689670136,-0.7248492038192111,-0.6211087374897218,-0.7538295336202068,-0.6382887608862718,-0.7341252423501428,-0.5341650802590879,-0.5642085079158752,-0.49980369953412745,-0.6247314246701995,-0.5773693682598254,-0.7013098560352151,-0.5089999666524908,-0.5666691683493177,-0.5509870756952711,-0.4894247506104442,-0.6249648597025655,-0.5874661501513984,-0.5474409570060214,-0.6222445516807096,-0.6528006987317522,-0.6480958025097676,-0.5159026722531714,-0.7586040407794932,-0.5687816875809538,-0.5792835324468256
0.04380347660104608,0.049523224481978004,0.02633466456309725,-0.05043198027876951,0.019826174334759583,-0.008625630327510752,0.07025206347551677,0.025723089870765447,-0.00816163300806819,-0.005888336231657555,0.058017983530169806,0.040706925655385466,-0.04248955574992092,-0.017809601070751975,-0.036393794321017706,-0.036696892881873514,0.047587435303304476,-0.014992092623593134,0.04238537793062917,0.013367232783007893,-0.012861771743467632,-0.01728030157836399,0.06692025847659978,-0.000717986532195521,0.02908299422142835,0.03613109691930598,-0.026459989055453128,0.028197714153765707,-0.0022496570436462402,0.06373367184418031,-0.017796809257446745,0.04251507106029604,-0.0392892602138334,-0.04770836169820086,0.019967824918041444,0.0035311803051293503,-0.023978270473192176,0.027780516797890703,-0.05482837493925857,-0.041962771926820484,0.022155482912570405,0.050718940215821365
-0.6776205188705281,-0.7412943759868362,-0.6413232885530116,-0.7156184782595896,-0.9567248842063059,-0.6959207316131518,-0.8934449181214501,-1.06723873040939,-1.0518918291389512,-1.2196182518403815,-1.1155347916822453,-1.2904433099260808,-1.1635703856808794,-1.1294519648123926,-1.1721379799958076,-1.1496448129516343,-1.0821472702290735,-0.8538788665819406,-0.7094950114909315,-0.6383077371184279,-0.6839515871209565,-0.6448325440036823,-0.5102646275418421,-0.4781085396389096,-0.29029170246443886,-0.4386004129065945,-0.3814224183872295,-0.4371316831662531,-0.5513623041250771,-0.6073210422407166,-0.5194293341124324,-0.6453243740301977,-0.5166506081558507,-0.5807541624931454,-0.6458562859329727,-0.5501395337837233,-0.5872709947143824,-0.5581342429834627,-0.38782294173756293,-0.45386191128032405,-0.42583287913598944,-0.48284157948049894
-0.7162830376689379,-0.7305721586207448,-0.6997183296149188,-0.5968519758549578,-0.8002869847111365,-1.060420718895639,-0.9597012322528161,-1.0650691938495698,-1.241312174926299,-1.1346970509617038,-1.2430500751237956,-1.3443841315923388,-1.154665022108327,-1.239637188306597,-1.1000836761215587,-1.088402765900874,-1.093278090518008,-0.8183999555656222,-0.6620493789977432,-0.6350572679175658,-0.6788738872704907,-0.525229993901831,-0.5390653148088291,-0.4270800522596274,-0.5515220434300337,-0.5971960423226522,-0.4760535122587533,-0.4341625737935739,-0.43914277367682203,-0.6181738526408439,-0.49985190444851935,-0.4979586560351658,-0.43672290262564295,-0.5718694420482656,-0.46671835293901726,-0.5254778193353542,-0.5267727631274451,-0.5301848354598608,-0.5735241677062713,-0.5054265744279907,-0.5211844859580818,-0.3923035665959839
-0.5410381923411873,-0.592206546599673,-0.6821896494391224,-0.7359147567921079,-0.7347310472861109,-0.8692027703497667,-1.0225745372007933,-1.165909061628852,-1.0823293648721009,-1.1425407799411196,-1.3466410768797668,-1.3487855983445396,-1.268272124234711,-1.2676211609875447,-1.0822016190137471,-1.159327082346874,-0.9951833084992547,-0.7791475328404905,-0.7286876384754701,-0.6659935152816083,-0.6901294013211606,-0.6124003060516946,-0.6509895708278539,-0.5655397730089559,-0.4310396234773804,-0.3848979511835895,-0.3870860477818429,-0.43118839731075725,-0.42937751678143965,-0.41378764085536657,-0.651709619715005,-0.5213752198814349,-0.563067686352402,-0.5999809450714895,-0.4971669528032456,-0.49682789621317275,-0.4773321398646004,-0.5402990649984649,-0.5335484656498147,-0.4253108963735151,-0.4586343210330204,-0.4331405803714473
-0.54315859762494,-0.6819152888598299,-0.6195338486642715,-0.7161319902193148,-0.930335537712348,-0.9372057555350951,-0.9896098150530537,-0.9919457386851462,-1.1834223270992246,-1.121708456509031,-1.1201004777507961,-1.2749197085053319,-1.2439505925791625,-1.1669940740121232,-1.0893068955877445,-1.165697238355143,-1.0256926392254835,-0.8051949493807636,-0.8330146083308874,-0.5448921249837716,-0.6769456400167315,-0.5182895408218187,-0.41834639245959404,-0.41630089115750046,-0.3652833002968075,-0.49490791227688724,-0.4552522493890081,-0.4496852877794889,-0.5236646752058431,-0.452576154879734,-0.47971950997868285,-0.4788985093969047,-0.49249647535373703,-0.4734868600274408,-0.5468574690236018,-0.5572643395447588,-0.5902416733464768,-0.46152185779279936,-0.5945505762946794,-0.47047819015116876,-0.5476926854441567,-0.5006021757457106
-0.5739544933089399,-0.4383557141405386,-0.7391175383354649,-0.8365717190591808,-0.8212805289820522,-0.9621247205072326,-0.8935082317989156,-1.1172317123060054,-1.1867807123399776,-1.1790857740726592,-1.2685336130027585,-1.2972808743429332,-1.274026555760031,-1.2120922828189693,-1.1235777484953307,-1.0977473290984958,-0.9671285553288121,-0.9996425431672911,-0.7396977628238088,-0.6009357558471932,-0.6240562892215916,-0.6591121945070745,-0.41348948700077676,-0.40452522219468545,-0.5389123959639109,-0.45209261363962516,-0.46215896415459307,-0.3517283690984955,-0.41844591415083254,-0.4407630911039187,-0.6200606424194277,-0.5539888163498332,-0.5484892795617944,-0.6183750544400166,-0.6635694759719112,-0.6463398793115257,-0.5399567450605047,-0.5191709098972037,-0.4555804040381789,-0.45210252052390104,-0.44334214977596625,-0.3234652976495079
-0.7300326435287982,-0.46225206834742066,-0.5885592311027085,-0.7660968408401343,-0.6495024732230337,-1.0686017046232725,-0.8452786442381319,-0.8862416217405659,-1.0997360574344472,-1.1379650063252735,-1.3254363405159293,-1.3297725618157838,-1.136450156229698,-1.2442558073252055,-1.200844041659852,-1.1908934012220793,-1.0357560092670353,-0.9637728947220302,-0.9061565138003018,-0.6420896918601731,-0.5388430862814414,-0.5911966938736609,-0.5552038832205639,-0.4335905608810515,-0.521043146056877,-0.3467351073947578,-0.3019896565461918,-0.5807854551554523,-0.4778626410283405,-0.4288827014978511,-0.6060600043487906,-0.43103973167724424,-0.4961514607644887,-0.5914938156408996,-0.5568242384778849,-0.4994799619338957,-0.550379218663838,-0.47357618486814174,-0.47424729956628214,-0.4629001907014448,-0.4672185504838331,-0.49899350460156716
-0.7560968266042007,-0.47627492156246237,-0.4446069179219886,-0.7133639529192847,-0.6296600245029832,-0.9489280844626914,-1.129159903338569,-1.1173843951519593,-1.1422835463032348,-1.17590599922462,-1.1683120839277714,-1.2202003233215635,-1.2522095248565785,-1.2374802271496197,-1.0370369786342828,-1.0399653894714962,-1.0284613273636016,-0.9843228222782319,-0.7452662909131639,-0.635086966660474,-0.7181663498248843,-0.7170458664449145,-0.45193401531771943,-0.31476569423731865,-0.29311496159609457,-0.5034792149247269,-0.4178948914952087,-0.5740307674370759,-0.5547809660966742,-0.5674029756237915,-0.4462493909792475,-0.58451572430716,-0.49017712867623364,-0.6169163895937587,-0.5180543795890784,-0.6469794466020315,-0.5788054904849742,-0.5896469676529543,-0.5418914307054274,-0.567552175065918,-0.4536387080392899,-0.4241352203231969
