gfs-wave-data.json
{"header": {"parameterCategory":2,"parameterNumber":3,"dx":2.5,"dy":2.5,"nx":144,"ny":73,"la1":90.0,"la2":-90.0,"lo1":0.0,"lo2":357.5}, "data":
[rows 38 to 56 of 73, columns 0 to 41 of 144]
-0.10008141465986954,0.072559956016028,0.1543826283191017,0.2733536281784951,0.41499445836600163,0.5781133027349796,0.8010652897883287,0.9421291618849843,0.8606743464382965,1.0210011833174362,0.9386172059069235,0.9831979659905149,1.0348859879944359,1.1695637131208985,1.0930415728092824,0.9787350040957441,0.9746811375656202,0.9266624756534848,0.861450048665011,0.5952274400077833,0.7164995418956036,0.5193533047455423,0.5072761536215212,0.08188053658953122,-0.11616382051892055,0.04120835105071605,-0.17979411363064887,-0.5561239802879,-0.4423275580495047,-0.5290143184115006,-0.5402154051142929,-0.5825313638437353,-0.7588353893769793,-0.8201078682085157,-0.8905530697119868,-0.7360289513303457,-0.7830983672149475,-0.7282536964082922,-0.7841080563312265,-0.5346545007007123,-0.6228096067191643,-0.49892160827872795
-0.1060697183767362,0.13365107803947385,0.11005699264446686,0.4037720140231389,0.3691779368057121,0.7296097772191479,0.8213096365677297,0.942235892606908,1.0341696531569002,0.924394635184944,1.0472760860992978,0.9769272262204378,1.040235887688852,1.1472488954922249,0.9494219377238877,1.1098893740375444,0.9880198003468935,0.8818231879237992,0.8966582444360837,0.7208102445611604,0.521796202729547,0.6723108943702005,0.3625339657656338,0.27938681981882346,0.17859157263878003,-0.26383797471547965,-0.43325373943547063,-0.5560389988197966,-0.5391486514793464,-0.6031606730441459,-0.7224483857921259,-0.8463815969825945,-0.7800688003170572,-0.8036407359149529,-0.8383800349369176,-0.8356463172050711,-0.6341867603790012,-0.656860419629018,-0.5584281229316909,-0.6001208537424948,-0.525046449631498,-0.44363588153558703
-0.01303265164354461,0.05489317588180921,0.14801297547640271,0.2688946594506567,0.5179225018403603,0.45954680501473655,0.5884360881742353,0.6849191726649939,0.8290988916269425,1.0016646106007203,1.0110304948476965,1.1601682464232785,1.155293603082184,1.1178712506139141,0.9304797970014419,0.8529149049041601,1.011748975464108,0.9160871251715228,0.7354618812528168,0.9087362418515083,0.6546214762091744,0.3066629406219153,0.3113564737980004,-0.02515662843180884,0.10253765012732056,-0.29920260273652444,-0.1941547832355849,-0.4062611743116667,-0.5432863414827881,-0.45217856211843005,-0.8927754407579241,-0.8378476623996206,-0.8178445371388074,-0.774825680934614,-0.6282690929338894,-0.8471236911205341,-0.6499813835615403,-0.6420199104544686,-0.612422153919559,-0.5848043496809504,-0.5624231753182494,-0.49664712015998136
-0.00414377576900145,0.2808508297657962,0.09792067945453987,0.46974246686585686,0.350076113778523,0.7204299952963895,0.7469293118072926,0.7851753611245162,0.8350194530083848,0.9797689803444285,0.9307209978444855,0.998558487035543,0.9185843222740415,0.9360284947429257,1.013768546782504,1.0010881106208018,1.025357759728383,0.7981778523997461,0.97199932402416,0.6125653584082098,0.6006144579836171,0.5790258706132967,0.2795328927852854,0.05409456775913271,0.2175976024200142,-0.24436304450871238,-0.2878428635751831,-0.4529802652454993,-0.7030115656035985,-0.523523120979731,-0.6766430189045577,-0.7457019140804165,-0.7689014443395614,-0.817614478702814,-0.7457896202095647,-0.720386563401749,-0.7151244261998727,-0.6982846943046015,-0.6562703846557644,-0.5605092167356115,-0.519368519280381,-0.41059686083355373
-0.23971311486941388,-0.23845487794950274,-0.396141061153483,-0.3847200383549121,-0.362116074786059,-0.2346096075133507,-0.397153602532592,-0.3167583295619319,-0.40224249489512676,-0.2765407223832381,-0.27216291489830996,-0.38933408019739335,-0.3923321026614833,-0.2888710083662927,-0.2727807665940819,-0.28899946695458933,-0.2424078086857942,-0.3945307133153152,-0.3946477604765267,-0.3068261268741402,-0.30872180770978935,-0.22312554674812216,-0.41366728607447445,-0.31803889004359404,-0.3106519457782247,-0.4039420595030947,-0.411488378100566,-0.2637901530934173,-0.4198553305835514,-0.28931788936112296,-0.3476945861162206,-0.2504075921026171,-0.3922891157641546,-0.4069072591951789,-0.3409212736596512,-0.2789359685815327,-0.27336649570339216,-0.3886515794740074,-0.281346528007449,-0.33117570063867013,-0.4084621538033741,-0.2323047738569942
0.4121409999596242,0.5545471749440039,0.4441399152518538,0.5795596997557628,0.8183060227062643,0.5767680316108357,0.5872931496258107,0.8740712581714454,0.5341125534256436,0.9082797782581483,0.6968174374780254,0.7210848388177339,0.7299713534727182,0.9893924346024674,0.8957644156688215,0.8016455661831762,0.7672739330319714,0.9758448436019377,0.6972865787630963,1.0701656832322939,1.0361101312449963,0.8645620795939235,1.07473960858506,0.9948581158228086,0.9109991825807887,0.8913129533052447,1.0677589662388471,1.1340921269146116,0.8393691502563152,0.9797450648241961,0.9954116252557447,0.9022075359398722,0.9079754064726566,1.134082195314622,1.026127846370304,0.9962344383189147,1.0449926743024585,0.8683030121926997,0.7725792395791254,0.9472301565184054,1.098342624424706,0.8289826800460887
0.46937580745035257,0.40584544071495116,0.7159162821882594,0.6776556470612103,0.6322262630507687,0.5549830841583714,0.7150800112215558,0.5798923215413583,0.782327431008486,0.6327937297850734,0.7222332183175851,0.9331448998053268,0.7102047917299832,0.6789934897390876,0.8729806559723633,0.7405749699915084,0.9090510842325341,0.8234929455493963,0.8074895370018199,0.9885371320125863,0.8878110959512243,0.7819980276655452,0.9873506877113032,0.9308209234713732,0.7997449400508284,0.9148546072791592,1.0301862711784282,0.8616101361995211,0.9689484421904133,0.901405670448273,0.9704972793259486,1.02205806157079,1.0131029722958749,0.868064113202287,0.766193177589768,0.9229599911637225,0.9232142472762335,0.9787964575619003,1.0236145233414684,0.9524896909657797,0.8073839951482702,0.9194137818401271
0.5832715424804956,0.5484232930371524,0.7038206633065122,0.48793188162177215,0.7564217405371014,0.8139636240672321,0.6159856288057637,0.684241253641921,0.6730079687007422,0.8508158088197921,0.79949117471421,0.642183352159237,0.857941244812199,0.6757802363695965,0.8364281826235571,0.8682008051064175,0.8148487336360892,0.9438802159074811,0.9058039153309423,0.8525386772500863,1.0757348278402714,0.80438945493895,0.832520530913001,0.8671221408390739,0.9334813321679831,0.8596766383190804,0.8818974824213571,0.811207160000926,0.839303261616463,1.0527781634683642,0.845138471989108,1.0774769258679646,0.7430125099635336,0.8336876874945829,0.9517426570995595,0.9154822551178491,1.042893538582224,0.811373546661482,0.923940959537374,0.8003113702018897,0.9626650276500246,0.7971018915633901
0.5923090128443262,0.4822479626651508,0.4479300186019469,0.42373929513010583,0.48901136493121433,0.6161397907963156,0.6887461596001436,0.5095295771008435,0.861655205143677,0.5674413330656782,0.8756447416045113,0.9151312126804514,0.7601377473092327,0.7652684272134549,0.8467692889188193,0.9816915904901953,0.8832706371374712,0.9706623351692703,0.9922160067102374,0.9740240157177471,0.7076059195050839,0.9167882830376571,1.0464867807472154,1.1337230192056214,0.9787540579161713,0.9580874469054783,0.9376797054634356,0.787194271364961,0.920554977081755,1.0278985682441562,0.9716745857952747,1.025091394144655,1.0580878298783876,0.963757766941165,0.8166725200430396,0.8820109824432961,0.8953152251255858,0.8714389704199614,0.9227730618513249,0.8428558821006714,0.8536593731768252,0.7922080230474627
0.46369852062958544,0.5708088270815317,0.6576589576135486,0.5269638360044283,0.6315542282617532,0.6045783978888039,0.6512989862979198,0.6946749194344048,0.7265081844765978,0.6565286262173715,0.7603601046033831,0.7936127583564568,0.6897900496767133,0.6846413069691422,0.7677380932880965,0.9471475844968682,0.6958187909733704,0.953469136529343,0.8579100130311677,0.8966873408835602,0.7264309200061917,0.9978054915434078,1.0559893025778728,0.7146459150846406,0.9530016372100109,0.7999747175075957,0.9479740365586571,0.9182787861557833,1.094707304335428,0.969051549255937,1.0179516226209018,0.9434499446267162,1.0444150724404861,0.9360532055800853,0.8406711052526711,0.8110762940213438,0.9797047401041044,0.918726612887626,0.8229595458529816,0.93303308547446,0.8689777094720191,0.7849938381915562
-0.20624932492255768,-0.22391496285077195,-0.31430438105528274,-0.29166329352665005,-0.18542621177459162,-0.19747644833831607,-0.2973526293653867,-0.17091923670003065,-0.2346733055627014,-0.20953777174974175,-0.2911788552798458,-0.3251089338828195,-0.19089314505468288,-0.246721618658296,-0.21058584384264314,-0.2173995849941746,-0.22602538890128734,-0.33764966975206717,-0.1776689843537841,-0.22474168595566762,-0.31890047828933576,-0.21838411823119047,-0.2711385974638948,-0.2967765096863176,-0.2030203524038078,-0.2537340550565321,-0.15595744452572888,-0.3394662259800968,-0.21646132855715935,-0.2947950383692928,-0.2944222883245161,-0.2996945600104196,-0.30559209264353593,-0.18943959980136607,-0.24115851490029447,-0.22659167363483995,-0.16237537382445813,-0.20820433503512337,-0.32815410199862427,-0.19800454259448608,-0.25781024478595865,-0.209148455661015
-0.25542491853375193,-0.08148514584803812,-0.34277668126495986,-0.017480688407153083,-0.32416265973941844,-0.40506123380843795,-0.3435175970581715,-0.3481843517986211,-0.6666608151853698,-0.732218143170745,-0.680693927869512,-0.5204849940144733,-0.5639680993062769,-0.7467489092974547,-0.6078509651316684,-0.8077182199490647,-0.6205174594499162,-0.5900228454368132,-0.5964132580156323,-0.7070414692699903,-0.8262684404812057,-0.6769628425832163,-0.7809208154063729,-0.6044863964895474,-0.6264701805035542,-0.4242665985050691,-0.3155104504361813,-0.5269743406901478,-0.34176204088215395,-0.15580127342151134,-0.12702874732409378,-0.3237804072124585,-0.024330566500320196,-0.24953747069322854,0.06895077611326532,-0.051709571342439004,0.12096536587580548,0.12506910615885003,0.04517589729752688,0.2793238196994938,0.2690255028286601,0.21582053933988946
0.0977291965176293,-0.05226267973108796,-0.16573894201860107,-0.08144156147310712,-0.3782440149391048,-0.2678235498193365,-0.199501665375233,-0.32758818417632857,-0.5183990880218454,-0.5955768841062892,-0.3675183812004979,-0.4491545344969894,-0.5448649820732234,-0.603287701337292,-0.758054529254639,-0.7493713772461671,-0.8468823402812472,-0.7109483131456639,-0.8814701684844177,-0.7945194489998373,-0.7898482846931679,-0.7779158289392211,-0.5832308948939156,-0.5696999375361183,-0.4225758551643647,-0.5262073147033418,-0.39617139571507765,-0.3350847704034569,-0.5027798273765683,-0.23636159003211743,-0.306478281226655,-0.17689890736185848,-0.13862134396471007,-0.13605447907069065,-0.1955452393479925,-0.13019986069591036,-0.09801575872264567,0.15033811243824952,0.21257099068562332,0.22237569922397288,0.12578086421042012,0.13493758614239423
0.11176361796153983,-0.26942719144979654,-0.3095310735591484,-0.079536159760856,-0.5165867500711133,-0.5799875119689929,-0.2971374630690018,-0.26564328589092595,-0.5980987238127558,-0.7744920900615805,-0.5801353190227516,-0.39609935503954935,-0.4784087043203529,-0.633948490897308,-0.7603725255972308,-0.7543855977053902,-0.9246968149756971,-0.48523461090298037,-0.6371846211954144,-0.6053318187178769,-0.4295809831649794,-0.7319852569256936,-0.6790390523104322,-0.7545210742489655,-0.3900441046251602,-0.49264258727797977,-0.49483085715554664,-0.3133201064549691,-0.29797797982674695,-0.30333623524681413,-0.23083583061756033,-0.2828261282292417,-0.21916014769646328,-0.16478999340961145,0.041015249463018405,-0.22272392675977487,-0.05033647678660742,-0.10524067287044787,0.21949978113124066,0.20829211318466784,0.17608295494179152,0.22283652410354676
-0.19884094841726765,-0.1750638292804343,-0.29185828170356726,-0.19551231222321733,-0.17994504610042744,-0.29199507037851624,-0.21832157971353922,-0.16471748967377897,-0.21933755666903007,-0.2269163959824654,-0.21236747777920253,-0.15729516814382338,-0.23643850487346174,-0.22164974962343326,-0.28409044641772074,-0.21554034953872947,-0.28845950229269085,-0.15727237062605104,-0.18168867019102308,-0.24638097025440178,-0.12286430634674918,-0.13041109390801442,-0.21525719924577708,-0.23369542654207393,-0.22319910742820084,-0.10203187238085963,-0.23653787874073343,-0.0998201305882416,-0.19900668052599382,-0.1021782318730523,-0.16572326499028153,-0.22240220329335306,-0.14259034963333303,-0.2718860458390296,-0.27641110948448205,-0.26960823376053217,-0.21107496986661528,-0.10892968891090651,-0.21504793069554307,-0.15847254526334761,-0.27588588506803674,-0.2920797413811886
-0.294828776690874,-0.12234126300949641,-0.06996641899025417,-0.150970589111031,-0.1866848060997301,-0.2521869798347134,-0.8274893285615008,-0.909999552426118,-0.6650875689515675,-0.8673755061014803,-0.5391872901389945,-0.8000303252582357,-0.7156308826413976,-1.2302222855588663,-1.2288388659579277,-1.2849687484423584,-0.9829661509501812,-1.1090607183441654,-1.5792170725755563,-1.373180099998238,-0.9944949287064953,-0.7995601888236066,-1.247744882063618,-1.0495689731121733,-1.2678662614233023,-0.9633478564627737,-1.1280759355292298,-0.7874313151948147,-1.2138853036891504,-1.160270513565004,-0.8918575957513415,-0.7326508936118938,-0.643899332767145,-0.3030010212104399,0.1001710643788325,0.14663700635614826,-0.1970365342370574,0.05544685311063654,0.34854239713752644,-0.053268611049429176,0.22727884241729443,0.8053137706919264
0.2877672972498883,0.22955367530355303,-0.2928844149480725,-0.12893246916407894,-0.6618448366395152,-0.7066061970499439,-0.7228150308156466,-0.8681261057569293,-0.8360126406026591,-0.8577901521380015,-0.9986714396913292,-1.1391736358392635,-0.7618502505955623,-1.3606162743267667,-1.1793161615185075,-1.0172879564029034,-0.931676996439921,-1.0081191722972902,-1.0092726977238755,-1.1823251860142263,-1.2405061491434815,-1.3488992790316385,-0.8741373287677474,-1.5114293437581032,-1.0935476303401148,-1.0395040963962108,-1.3559289514551034,-0.647791954966481,-0.539959749351175,-0.9587846934572375,-0.8993909279174527,-0.4899394751837313,-0.44700365816620846,0.09332814634118698,-0.22408713239636988,-0.44605007610962394,0.25454423169146445,0.5176897357931611,-0.20638175893596644,0.2856526292693371,0.2572813608011352,0.6033352624057798
0.16529213954919905,-0.16302502457781196,-0.3193410162843075,-0.302177806602166,-0.6711578094162339,-0.22717474724237186,-0.7249103790515955,-0.6814628722380016,-0.7045456138615963,-1.063187856259806,-1.129201225227784,-0.8324358487939683,-0.8701106659400933,-0.9301870232624448,-1.3177127436562033,-1.481696624115009,-1.3412102179670204,-1.0945463125384676,-1.0817138404651838,-1.0255398643926623,-1.56270850046754,-0.8454285659503414,-1.2943219711373037,-1.2217009630308424,-0.8126352355792171,-0.9327925382078862,-1.2754750699491777,-1.0015979550184502,-0.470637583164513,-0.9895417760559436,-0.3616995912970189,-0.71391572329575,-0.6958082474074584,-0.0309315301483488,0.07311340236522826,-0.2398834819570118,-0.3184211826890734,-0.07437158891987806,-0.12374192490657634,0.4150595574148175,0.8641241439564005,0.586128078552363
0.0509522145439821,0.14728283722246838,-0.18296408907293701,-0.32693949576129094,-0.03873465206095538,-0.093740653996321,-0.823364526494922,-0.320630519885185,-0.9034874983644028,-0.7895281462521895,-0.6124730639210771,-0.8704444754061194,-0.9795128834105317,-0.890149685621553,-1.2390573949954393,-1.4236123565084144,-1.2906308355723002,-1.4145728279508245,-0.8304287058217832,-1.1607605524643945,-1.4512911988577177,-1.5664872924586464,-1.3310272492186734,-0.9303419458635744,-0.8126617575456645,-1.1987988520605732,-0.6770042759714228,-1.0734327292308308,-0.668604610713216,-1.1877793802506544,-0.8171108086257735,-0.4066529997187029,-0.06102519300622102,0.053588893437715335,-0.6217734280283265,0.1385721813363107,-0.29121690229831987,0.03955546166448414,0.6342101354333074,0.25123544454684005,0.8730487791331373,0.9714842633566085
