gfs-wave-data.json
{"header": {"parameterCategory":2,"parameterNumber":2,"dx":2.5,"dy":2.5,"nx":144,"ny":73,"la1":90.0,"la2":-90.0,"lo1":0.0,"lo2":357.5}, "data":
[rows 19 to 37 of 73, columns 84 to 125 of 144]
-0.017684425482228552,0.017686888562443867,-0.01178578142375517,-0.012521039272123412,0.0041333863880432834,-0.013218032461780823,0.00903701361206608,-0.016291687911508035,0.0038386141658908893,-0.013123687884118456,-0.0017295663465611568,-0.01310886566300388,0.0274147362312682,-0.00047067167937255456,0.01984777115554713,0.01337769574368782,0.01963905817471368,-0.0077588627563132655,0.005706815645145639,0.010377906843075203,0.0069980565603917294,-0.004987283967578704,-0.01837184176982821,0.002935598474862108,0.017957089405700854,0.0035829890313374317,0.006640092556323273,-0.0008445587293456598,-0.0016567009410139494,-0.008101176245850848,-0.0044338011985415844,0.002129086280925935,-0.004614309144244516,-0.004609130462699244,-0.015450677222896215,0.012875169636021956,-0.0014033463882540216,1.3926232631813844,1.390001595494999,1.2952936289781178,1.2950092691976793,1.447701603322274
0.001199242539426241,-0.010282009505516262,0.0032317056356885904,-0.0010708259926643696,0.00492766882095752,0.001505853778511284,0.00527150811061221,-0.02144302471561478,0.0019480056815164453,0.0005080181988581177,-0.002001308133205845,0.007025337454710528,-0.00562064134912616,0.008792792469476141,-0.0036081137821251507,-0.01967297943099845,0.007796894182004263,0.008851858234851304,0.00633279099673753,-0.0045129428563663926,0.0012796825923609744,0.010713123053787715,-0.017085723503828774,-0.009643011841047157,-0.0066740373552031445,-0.003350485046504076,0.002018357728561534,-0.004029127465194067,-0.0017101445614287408,-0.009692145778307983,-0.006931365881595948,-9.210732242656104e-05,-0.017958751561262358,0.001995686011409924,-0.027071501298519127,0.015058018500808092,-0.003409724724215509,-0.02518818743860195,-0.02820728893143816,-0.01417706237504694,0.0025090414348329145,-0.0002680677343338288
0.7628857280158846,0.7911974949092172,0.7680479433634827,0.6288674022193302,0.6834342860432656,0.6577094461687414,0.609144363681775,0.6594514048348754,0.6534024416557977,0.7005220736063441,0.711833446119082,0.6542391756568102,0.6271668868608045,0.7301501372727287,0.5374210901235666,0.5955177381366081,0.7200918863726293,0.5940730989012791,0.7129369704477369,0.8096890338208577,0.7757091075058721,0.7549217429903536,0.8159934904887197,0.8099570375253112,0.7386267123157174,0.7735788720160784,0.934344323681613,0.8003055856661091,0.8768791151464281,0.8901174929788317,0.860318122858061,0.814206434219781,0.8654108953371101,0.924814607708934,1.0218693659175495,0.9521718837777889,0.9810989317591501,1.074908503454666,1.0259120504751051,1.0001772776692532,1.1007381504740419,1.1970543405124274
0.7708505397509005,0.6083312595812166,0.745425456341906,0.6639373789385897,0.7536061823118978,0.6822304220616752,0.697023338137627,0.5902316627842255,0.5509068326169185,0.6083143740895517,0.6986162436026384,0.6355347364812883,0.6831011639377778,0.6136306599109923,0.6338969195760281,0.5542009138608035,0.6166447932490463,0.6750220367300662,0.6563153082014245,0.6965179764965991,0.6921688675746529,0.6912036607743592,0.7891435743577812,0.8060758052766448,0.7698789803485793,0.8019017864169642,0.7652900753758866,0.9167829467959652,0.8786100055527316,0.9506534968018284,0.9022092615509456,0.8848453199919789,0.9084924294359019,0.8562426579839031,0.9270584493042506,1.0021824291815606,1.1234424113794013,1.0419996050703482,1.0671687447112017,1.0492801061364199,1.0855706644838563,1.10563598016672
0.6577951052256866,0.712656273307229,0.6050653484132444,0.6964833682149428,0.7592901069601433,0.6373930334430358,0.6365017094216051,0.6879880277285083,0.511237912094789,0.5398461236236561,0.5889963745855349,0.6742222602370259,0.609637256455644,0.673364981852814,0.638053050093312,0.7221447853951376,0.7229956231161996,0.7136831823531313,0.6058199174398708,0.6211790366639365,0.8103262345071228,0.7193676890706504,0.7547826390483919,0.7460497101026718,0.7693050018080771,0.9155330898506538,0.8052506364653326,0.7604873562783052,0.8708592731469188,0.8972740864127852,0.854616558882201,0.9463395485460937,0.9555079815161591,0.8672378119015006,0.8912513211598778,1.0006876658176347,1.001300433167151,0.9358559684616681,0.9432180967480641,1.0546044619381567,1.203341136104029,1.0763307855344648
-0.0022057052872228775,-0.0023699583351016362,-0.005478130021770202,-0.001432865577367458,0.00876365383149331,0.0032745050661822208,-0.0024015088316232196,-0.008290255774723525,-0.01519676635601416,-0.029764474727212567,-0.006715926225167291,-0.012600952087486239,0.021842562257365413,-0.0010036643447335148,0.001949182444141455,0.004186172416914284,-0.0024865577721993716,-0.0006459409989176021,-0.024292005985361027,0.01505233715099092,0.0055210909690563414,0.007329503515692325,7.084119110532018e-05,0.011544322880314149,0.0004097726239979538,-0.002684999375841211,-0.004000825173982303,0.026162043120127623,-0.0010610031466447797,-0.022395832810482668,-0.0003400728952968669,0.006240012842429593,-0.0001405408512987601,-0.0012452996156070335,0.00821028745911358,-0.005903337703964577,-0.006281438470379386,0.004051680445880879,-0.006127640843347689,0.023327988774120182,0.006476160565733367,-0.0072081858366284494
-0.6793853490293693,-0.8055970065908213,-0.8115769911157253,-0.5846995857745297,-0.6365297536078293,-0.7393943515180899,-0.7664250826602046,-0.6445721328884043,-0.6622996117102281,-0.552513850766293,-0.7166757543898352,-0.6794517208671593,-0.5275205236835758,-0.6738532119482186,-0.5360495808045039,-0.5979839474623323,-0.548851254844305,-0.40985748250452264,-0.4774300159874894,-0.5217826422074527,-0.5382106300271422,-0.4672752332451811,-0.3917068336482605,-0.5173272036363544,-0.4719062909097264,-0.44055932531919956,-0.5388313205663744,-0.36144159019207567,-0.4606457151283598,-0.313784391266049,-0.35475583642835007,-0.30261585640430616,-0.48509126736451985,-0.4796565325171314,-0.3756754386086081,-0.3958305615746037,-0.3504679368551321,-0.4104292915338138,-0.3647977111178764,-0.37957892481926575,-0.34201756846114617,-0.3585048614632997
-0.6925143696710789,-0.8072802767066076,-0.8001967744279971,-0.6076784972272449,-0.8700642129109893,-0.747321373852326,-0.6626517047047452,-0.6283284999264335,-0.6497946497290856,-0.6692644989069457,-0.48304749090649884,-0.4941986236033959,-0.5286955698532855,-0.5985508597856012,-0.6354973169136281,-0.6113550092790004,-0.6195731231069641,-0.4607313945555841,-0.3902612432620814,-0.5160811765484186,-0.42736929018504605,-0.4519398828658235,-0.351840563007266,-0.5590197030607319,-0.4481000731768002,-0.44746056736100115,-0.307787690161895,-0.5115276388658904,-0.357657340155034,-0.33600785982120623,-0.47685324321586325,-0.32382621075167123,-0.38711686139254864,-0.3880132408560194,-0.39057181890495407,-0.5016462472522296,-0.3947676813021504,-0.43488127255510595,-0.4345215965104297,-0.4393931158253206,-0.41367133892698027,-0.42324353910686896
-0.7991757085834038,-0.7744247309504729,-0.8452144543034915,-0.7250875394555026,-0.8406996776035053,-0.6907837912947721,-0.6209573592576296,-0.6914660111706707,-0.6806106755315051,-0.6762259852106802,-0.6991936119504638,-0.5815899927236297,-0.48206890726618523,-0.4426662077597649,-0.6762364843239227,-0.641375641626763,-0.4059698357585946,-0.4929877969655356,-0.40436278372158035,-0.6084411351934365,-0.5336422918839576,-0.5886011618909829,-0.4599087635034221,-0.45889489504236053,-0.3538629372769554,-0.41395948776228,-0.42021922711926973,-0.5540407823593139,-0.4955861042847321,-0.48966877181924395,-0.379253209909006,-0.321572411534091,-0.3621575119066668,-0.35569946567449146,-0.4008411940640461,-0.3810194637378308,-0.5380483681684594,-0.3776316488054183,-0.41219029289969433,-0.3865456473354901,-0.5810270988679809,-0.38307497640619076
-0.8776576727170554,-0.7855680691591475,-0.8639330570663315,-0.7735080394226662,-0.7686552300791253,-0.8232822767802175,-0.7826160380736052,-0.8136122191704431,-0.7386314320664884,-0.6433076685679171,-0.5122184246834776,-0.6241815822378801,-0.4933077578528573,-0.5529346994585675,-0.46068319993467716,-0.6135076339699821,-0.6010505438139093,-0.45525900295536786,-0.37521582674509263,-0.43777493474014134,-0.4992683068919949,-0.5052076780520516,-0.44048663863064685,-0.3554489607420188,-0.3466713617432824,-0.43100325537571843,-0.4710121438189575,-0.3832622242046602,-0.47798478268628874,-0.3526272924183303,-0.46780662818137253,-0.4563502712095418,-0.4404409350929016,-0.4349720572104305,-0.49503419954393013,-0.4447408612814161,-0.5423313847453907,-0.33500969177906953,-0.3635333491263139,-0.32663384094605563,-0.4746672023503951,-0.4669640240308372
-0.8778106067355296,-0.7724200304357326,-0.9243053173478939,-0.8267541186323696,-0.8619608633480443,-0.7716522833498426,-0.6114384980053711,-0.7665253607967973,-0.6993782114427619,-0.8132988820912884,-0.5130970458435373,-0.53122625295295,-0.5884212062121071,-0.5785098470819847,-0.4830719733297198,-0.4479021636463621,-0.5897305977336021,-0.6794088602384799,-0.5604226996163573,-0.5644239335860821,-0.4292447370670422,-0.6035519397721344,-0.4091851469487466,-0.4522159025843866,-0.4715088681968792,-0.3164467556919986,-0.4551007784266688,-0.3914515187186683,-0.4817523254682741,-0.4983300276918946,-0.40340082768469027,-0.4273064180632608,-0.35529227554423354,-0.4132081865691046,-0.3849333775786481,-0.44177059190292084,-0.46974969513115566,-0.39924868916962203,-0.43034727239483045,-0.3463626568079147,-0.3210025301763092,-0.39303215006597947
-0.0027118520645137345,0.020366399457497474,-0.02250737532240931,0.020649010904163868,0.006597777212956372,-0.010940770334730197,-0.014274720422564285,-0.009949587378616105,0.01595397751263156,-0.00747200896691053,-0.0033825306214288484,0.014747131362752497,-0.007835833459300204,0.007417188584052289,0.035259873804579914,0.03225382632051453,-0.005580303313610966,-0.006593653065576779,-0.012612055324914344,-0.012663496566425722,0.002138532072920116,0.0021427207884426513,-0.011416025926204693,-0.024334026344039434,-0.004616184357622709,-0.006774406721274863,-0.0306107037587016,0.03499811058831421,-0.007824038736739489,0.011684454898405274,0.01993925836358865,-0.018586521515029056,-0.026814649043002327,-0.0024770723195254125,0.023307724918449513,0.022433221512208057,-0.009187613422416299,-0.017263498726341874,-0.016604421782226087,0.0018872950585731808,0.013334218017694584,-0.016691193101271633
-0.6125305311488705,-0.47674691131180824,-0.5125612124054002,-0.520491534330131,-0.6566460509872893,-0.5779344805763657,-0.7174577999570148,-0.7032705027116634,-0.877249130820068,-1.0602781464274336,-1.02797656116328,-1.1150701380776689,-1.0906513470198052,-1.0328253612699694,-0.837599155516001,-0.7444627801233742,-0.7493489361364596,-0.6367630056345833,-0.698388178129747,-0.6133898589394041,-0.485575785292553,-0.500131688155823,-0.46587549386532173,-0.44330729700115784,-0.34834673397231364,-0.3841388495096964,-0.28703513610853665,-0.389749991871799,-0.26458618827074964,-0.3653502598919193,-0.3707519826724853,-0.30205869970260385,-0.3528033263874178,-0.3474971992518415,-0.42224914724187873,-0.3114253795827128,-0.36369777651537083,-0.26651024968466697,-0.34727249605170674,-0.18615629719648072,-0.15215030909747382,-0.2371629774433701
-0.3597824958599265,-0.4591312367440307,-0.6572108460530066,-0.4384840034797822,-0.716947352345154,-0.8051677489246621,-0.7658694368829936,-1.0035223968659868,-0.9385284122842185,-0.8449189523927085,-0.9188871866911504,-0.9640216152052649,-1.0223864206646924,-0.9906755649991018,-0.9336996981196951,-1.0110692994392534,-0.8584839835644136,-0.6341779090294867,-0.5531470685965216,-0.5632278564854513,-0.5567338523613854,-0.34094172361804476,-0.3452504570680712,-0.2926895425675624,-0.28442541750124223,-0.3202076332492055,-0.24035039041847098,-0.30637958269321214,-0.3436886456869353,-0.31115493579034126,-0.2512047151176518,-0.3436177767903368,-0.3351979593011705,-0.2794029850954287,-0.36153865494592013,-0.32784471935686144,-0.22920341622092472,-0.20298441109858797,-0.2466353074627353,-0.2552989854057805,-0.23645627903343142,-0.2572029345535107
-0.6122288089612911,-0.6628237663942865,-0.5781733070148822,-0.6587668817337432,-0.7464277025227984,-0.569553439182326,-0.8176309928754765,-0.8455111194104213,-1.0722035910107648,-1.008271640995216,-0.9748725191810522,-1.0512958813706792,-0.9656658762458918,-1.0894052196258668,-0.9741253943128158,-0.813608984114772,-0.7025259679599384,-0.6975481900152233,-0.5868832828782229,-0.6569347574488767,-0.42886888939222023,-0.4055037984369975,-0.4488848158382115,-0.26979120464545153,-0.3747921972167815,-0.3319317501116518,-0.2968583642848513,-0.2744130556165243,-0.21051348410152937,-0.24197000731402662,-0.3344684474366186,-0.33851399488040734,-0.3764523168017704,-0.29924898795585053,-0.2668972309086999,-0.24498431841676413,-0.36820304518935015,-0.3856928289807157,-0.3869897047767069,-0.31631340245908685,-0.23324423064415392,-0.19667350741940443
-0.524302570253854,-0.527010644999453,-0.4801239496955264,-0.7259034488411732,-0.6161768261374436,-0.8897348906986918,-0.7030295138315695,-0.9256732937088993,-0.809257673936954,-1.0939397988977784,-1.0351986702116884,-1.1011247938553346,-1.104136862795884,-1.0199176044634923,-0.954421134157549,-0.8909056040723873,-0.8675500806507984,-0.8214235804885336,-0.5761119903588919,-0.49516249678271473,-0.5837396884854934,-0.40400366428288487,-0.33571008337162167,-0.41538268392622174,-0.3091531926310568,-0.36552915330530095,-0.33654820743756847,-0.2414337967518682,-0.44354781247455394,-0.3120997375113462,-0.2965510901571762,-0.3987863006380632,-0.34953446311468617,-0.32376703412984337,-0.3791355936379138,-0.2741132978204963,-0.30763225441607067,-0.39966458967621366,-0.2348936452526084,-0.21368831361853372,-0.205266245216206,-0.1610185971104311
-0.5434906780856328,-0.4248604179683199,-0.6508955099076661,-0.5512219268094581,-0.772018977501615,-0.5571270819293745,-0.8167499055317231,-0.8697904579243289,-0.828902974247929,-0.9603423419514056,-1.1510962728086827,-1.0319970715196567,-1.0168459311788824,-0.9428142839044205,-0.970305976473833,-0.9300136866460985,-0.8403444915713363,-0.8173831442079993,-0.5853568688008629,-0.48802625796117727,-0.6368271814938312,-0.32961248227215534,-0.27334220559608485,-0.4314134795981272,-0.3484487355877543,-0.3471317460893834,-0.23861760914488997,-0.35105237026284963,-0.3589236306433688,-0.4368021288261248,-0.3429639094409838,-0.38223027442811064,-0.3452554190068212,-0.47094140385742,-0.43300245617442695,-0.4203499514163709,-0.40096376701549136,-0.29512259854173883,-0.29957980059299644,-0.2611465077905643,-0.3367764396669857,-0.2586197025555708
-0.6059725160665695,-0.5057592970943092,-0.4551317240375411,-0.6507237436816471,-0.6397295517700424,-0.8071404525961585,-0.9813819068954441,-0.7472826716005628,-0.7895004728982497,-1.0795390918480041,-1.1264864198472997,-1.0050249680575165,-1.1013416463600099,-1.0767239859772524,-0.8732897227473968,-0.9647397440959417,-0.7009145556599135,-0.6599546960886608,-0.7090414901787577,-0.6169960023185428,-0.5380809890584486,-0.5605205804457006,-0.4021624783863439,-0.3269424823374865,-0.2784775850302587,-0.27739306093885757,-0.3461683056189099,-0.358794036638099,-0.33532683880774666,-0.4421551022233244,-0.41466498014119263,-0.3037154084930166,-0.3315181907071447,-0.33245963857242067,-0.3680252506065971,-0.37099527602035154,-0.4509290812818418,-0.37952664287304383,-0.3055061351041284,-0.2490007564801229,-0.25493076608812176,-0.22134047388576053
-0.6189212903847393,-0.6654833577013998,-0.7353840563844244,-0.5838365656191916,-0.7470578267141726,-0.8124359740386091,-0.8813189713285055,-0.8882167182196361,-0.8024132689639843,-1.0038832400653144,-1.0713071383071444,-1.1208400604179674,-1.070309416476448,-0.9841870741489929,-0.9891889474273504,-1.0205381959144262,-0.951723877840056,-0.6522502394100872,-0.78122222037508,-0.66703092551625,-0.5292846013536647,-0.35781435985532256,-0.529425069734721,-0.5352948621470072,-0.4613091991692793,-0.3432002572933827,-0.3021721229617412,-0.4010517744333241,-0.3408312085461853,-0.4667616448300584,-0.3337740631551348,-0.4879048687579699,-0.37088654533395227,-0.35673950069855054,-0.37199484483926715,-0.3833096843386712,-0.28007328300504286,-0.29706633727587545,-0.2429298663358539,-0.3783889255145188,-0.3655936066581706,-0.18885190832207016
