gfs-wave-data.json
{"header": {"parameterCategory":2,"parameterNumber":3,"dx":2.5,"dy":2.5,"nx":144,"ny":73,"la1":90.0,"la2":-90.0,"lo1":0.0,"lo2":357.5}, "data":
[rows 19 to 37 of 73, columns 84 to 125 of 144]
-0.2766435226328901,-0.2969817702408527,-0.30330810988013296,-0.25626682919580906,-0.29031866267971906,-0.1653982592266427,-0.2395322179299698,-0.22492040172714967,-0.19187381439062737,-0.27668650159006164,-0.24542301381641138,-0.3311417710094404,-0.21529010468226464,-0.2831859557437922,-0.24768920367007827,-0.18810616179402348,-0.20539535802802597,-0.32315851464153494,-0.3281283809000196,-0.3532367468933991,-0.24108826158716615,-0.30816306503478147,-0.17504908880646433,-0.21893569217588646,-0.2523578828086031,-0.21240906290263162,-0.22930159732312477,-0.3432473799863011,-0.3433993235590033,-0.3314728797093211,-0.25071659448838807,-0.33237470271006625,-0.3215405751398353,-0.1665791771181947,-0.33104434290765233,-0.32161146531396567,-0.24237179485171706,-0.6520177761997992,-0.9627542512433207,-0.9397935139978469,-0.7806599342660632,-0.7652718008980182
-0.3481212069690623,-0.26967658886999063,-0.22713351570495097,-0.26147300869745393,-0.27600448655618665,-0.1754430257145713,-0.32159552655341334,-0.22515562203433642,-0.2070420147124326,-0.2362139734464796,-0.3601078410298496,-0.3128958531921877,-0.28734076432985134,-0.3058921548471708,-0.34977210345955284,-0.3073441376553423,-0.3066689769509357,-0.24081443909979822,-0.2053511952065315,-0.26031820805170636,-0.34095831599986504,-0.21742596748874285,-0.2111916480040586,-0.2960473810392971,-0.199382492400191,-0.25342504224987605,-0.349382807505471,-0.30614965424719454,-0.3089302590029796,-0.25565797788475025,-0.22878923746510976,-0.3572331016142683,-0.3312733286466722,-0.31602387028076573,-0.2804477153194267,-0.3200435615969676,-0.200147727742304,-0.1942961234181902,-0.3463101723183711,-0.35159648341830474,-0.22314935613794792,-0.19423550878429421
-0.531698656645211,-0.5402035875909103,-0.38587856503083745,-0.5358599957351545,-0.5715555625195793,-0.5214871360838857,-0.45436670605633533,-0.47044761015334635,-0.31660276021321,-0.29488513759561097,-0.3427496402266014,-0.3388988558188343,-0.3296564293233228,-0.28566243064393626,-0.31806833222214365,-0.31268750603199363,-0.3427458949905843,-0.29352879987899094,-0.2699755728223755,-0.06310537962509065,-0.26421234799401655,-0.2096750119463398,0.0806774672988798,-0.20197692863852115,0.015561291578586326,0.16447212947885653,0.06371825976895559,0.29166084031405715,0.02003385412357522,0.2480865351215377,0.37070869923614613,0.2650948372281914,0.445385477557516,0.521971517101522,0.5764141827040562,0.4948751672537108,0.4448461430319626,0.609106840789594,0.748828339664931,0.6130983705925438,0.7058037637053187,0.9670835075799916
-0.4842675156357159,-0.5787685341877101,-0.5727249854671611,-0.4615484512484573,-0.5993887260764931,-0.5538636010233138,-0.5371523662195649,-0.4498834468255307,-0.528000420475269,-0.40519196858072304,-0.5611909365536202,-0.48142223701270304,-0.4894443807373601,-0.3443798424363027,-0.350474115645394,-0.28899004579786863,-0.20281342637530136,-0.17660595288048497,-0.19547500571657733,-0.12309191587624717,-0.280723224350988,-0.008784722923926815,-0.17322876736038453,-0.11111359384135094,0.0038470038496418338,0.04867671411870664,0.22140892958909922,0.3051006806464255,0.26163945772446817,0.39182272455666456,0.1732771021811987,0.3544819621780156,0.6078880931211268,0.5244963505676979,0.5174617083746824,0.4451756583471295,0.4450061550241601,0.7129709537833426,0.6973323656496593,0.7804892671237105,0.7887249884593823,0.5003948865138761
-0.30665810799069526,-0.640438124863712,-0.34984415858503154,-0.5815012555876456,-0.5795914563973076,-0.4745377639246601,-0.31945527747316693,-0.3976840742233366,-0.30331849950252215,-0.5178364586178372,-0.4767278612182881,-0.43042952420234276,-0.3725973695811123,-0.48920141571299336,-0.29457399444254434,-0.3906458896493682,-0.1959086838774691,-0.24586739034102664,-0.21362528854458282,-0.18168351598516302,-0.014770702148732174,-0.18446557595035776,-0.1949001702993229,0.01724240545183235,-0.057826902473745986,-0.12598386163842673,0.2322037249183319,0.10792708024065319,0.2867817577183369,0.2781062163683307,0.2114183384946799,0.3667917712511933,0.497391774892824,0.579401181238821,0.6018245846109033,0.6110578445296241,0.42054731197797407,0.6630513090765011,0.4816573888810813,0.6277483378699522,0.6352592637537423,0.5250803880450142
-0.2530678662491492,-0.2698181955864219,-0.3464983792623373,-0.4207210468285308,-0.26393079529042596,-0.2963912269200012,-0.3786550237024695,-0.3254739575384105,-0.25858760430845845,-0.2769451444558093,-0.35807625748029415,-0.3399050447666863,-0.30680374680175276,-0.24911652529600684,-0.3427467780563808,-0.34193700087680895,-0.2857771253266277,-0.2662275069332566,-0.238639628314167,-0.26770480809443575,-0.26525919636350426,-0.3252958479484235,-0.355156663218827,-0.27775956039025557,-0.3686352006794696,-0.28882214239062165,-0.37645595019950395,-0.3795704877332657,-0.2775826973811039,-0.26488333780864814,-0.2888856145721338,-0.4163044673222534,-0.227050567005096,-0.3355918798187381,-0.3229789896886995,-0.25058903517568276,-0.396476726656123,-0.28769011213330165,-0.3372142762423816,-0.37915324459502536,-0.317179078002976,-0.41191354464715196
-0.8288636310802052,-0.7332210206456985,-0.7509134767309943,-0.791026572011804,-0.8918131036788033,-0.8173060570604797,-0.8080693295798882,-0.7731265042133084,-0.7561755013935297,-0.6862921352946154,-0.8639814985217944,-0.8817192641779906,-0.8499457989331045,-0.9361202828827615,-0.8200398050477768,-0.7776538744185335,-0.7475912303284603,-0.6372951334944765,-0.7459155509560502,-0.7891712622065016,-0.7379111783901665,-0.8156762214744718,-0.6799715465185764,-0.6327466042470724,-0.6846930465821356,-0.6194513467966423,-0.6744047745039488,-0.601013661647363,-0.5000257171909064,-0.5317112840475676,-0.6460960329310568,-0.5900384948812891,-0.7080122975306458,-0.6800305069281881,-0.6445802467612357,-0.5033722116380035,-0.5373225376283017,-0.6870049894392468,-0.6795811758482024,-0.4753162227907262,-0.723101657785306,-0.7196441768793558
-0.9840038487698674,-0.9156485652361284,-0.9251794558280522,-0.8799805012908394,-0.6916948607926577,-0.7966053567227072,-0.8698635994516546,-0.9634819085472629,-0.7982479318336175,-0.7874488803075501,-0.8168556774492394,-0.8342570887963869,-0.8172020110571018,-0.958447760442308,-0.7701124644953599,-0.6986366972429614,-0.7777241606400441,-0.9165954724365338,-0.8913502093246648,-0.7410493650714217,-0.6705465490764995,-0.6744089902492341,-0.6590956152609992,-0.6760662568363901,-0.7096948441747838,-0.5525825434451308,-0.7785082841675126,-0.6940705068486844,-0.7233134029098002,-0.6645658639582974,-0.6218469365602568,-0.6682393714657203,-0.6629619088340274,-0.7015541267579697,-0.5392543067456854,-0.7119232584100125,-0.6262755204846742,-0.6420774048624613,-0.64701049881498,-0.6158185890408546,-0.5896697517916007,-0.6187605098808185
-0.9948722961755301,-0.8943865665827186,-0.9010516770934687,-0.8387088739809586,-0.8038045017889051,-0.7541997941208969,-0.805915383359663,-0.928030059618252,-0.7766811655206004,-0.8129728927647212,-0.7451969061502056,-0.7859727962463314,-0.8301319123720955,-0.7062450976213895,-0.8353084750507785,-0.9475805223006764,-0.7249365616088947,-0.6234731542728649,-0.7241716548127586,-0.9006199953084518,-0.8782058408766883,-0.8047190042056834,-0.6822214616246551,-0.8226149571361961,-0.6542055964094682,-0.8213139156639679,-0.800374442457057,-0.803387544765165,-0.7052066387785412,-0.6573014549517044,-0.6584130661039085,-0.6344328642738166,-0.5287983868855889,-0.7766348640016933,-0.7650328738323017,-0.7634353463528316,-0.561044389995357,-0.5189982870506605,-0.6812771059710334,-0.5839994993387406,-0.47563450429669574,-0.597457579808028
-0.8030092528801631,-0.6939303104257442,-0.7468744969227352,-0.9070128856016131,-0.8668947145837772,-0.6969043159950173,-0.8295573332399548,-0.99306705292646,-0.6818174772884972,-0.7485203083174943,-0.808492890182028,-0.8741276553057941,-0.9068721619031249,-0.9042291875659081,-0.75895025191349,-0.7578143846781344,-0.7701696616735294,-0.8341529534988882,-0.7190198740492776,-0.6741624887220785,-0.754352919116659,-0.70600583885584,-0.7042968533335208,-0.7469425545788986,-0.7829022247138537,-0.730993839532376,-0.7143200465537084,-0.5952858723304947,-0.7178275759324892,-0.5639376192403807,-0.7764185177777068,-0.6959558939140984,-0.6810334714749295,-0.6650220549096953,-0.5722061192904533,-0.5979141738926284,-0.6154200435931295,-0.6229809215165768,-0.73372974323947,-0.6253619608997725,-0.6443843933151037,-0.7245116223611305
-0.7234044909152505,-0.7308936707176557,-0.9676841562380736,-0.7697231759648719,-0.7476280222450842,-0.92352092428625,-0.9700635172604908,-0.9797810844170081,-0.7583726606747457,-0.7219393147398163,-0.9056451721249799,-0.8583809273256444,-0.9565335376119016,-0.6979666366706676,-0.8584448045950097,-0.9351199707817485,-0.7709899853441167,-0.7398283849452518,-0.6969859837008305,-0.8121084480559048,-0.7620443873992843,-0.6712446604906241,-0.8353795049828666,-0.8095795795106492,-0.8354437449200521,-0.6669667990703428,-0.6494621823409601,-0.6609992856956268,-0.6235475877700665,-0.614637816167767,-0.7116012558270413,-0.6730903978342198,-0.6256788453165019,-0.7792182691107872,-0.6578213747383724,-0.5684211860145094,-0.6009140452772143,-0.5383955570942538,-0.7473396536597163,-0.6365803763220949,-0.6311012263381235,-0.7073929640179942
-0.4403530020840105,-0.3673455534318717,-0.300140561278606,-0.4182272265707685,-0.3725421491453812,-0.42515088167893483,-0.4339284150948479,-0.3435061542919498,-0.3605137195544464,-0.28355524334633264,-0.46456538018337,-0.4097382671223977,-0.4100480651768311,-0.3937040379364773,-0.3600564889768997,-0.4662094211951843,-0.44041906234657036,-0.36476650716606207,-0.39972670820605954,-0.3655735845234165,-0.46401030576486296,-0.469970885250984,-0.4100934048881549,-0.4312724923545245,-0.3276923564725983,-0.4021039249014774,-0.4429974466691008,-0.3726156953793342,-0.3706452995603168,-0.4035740663533286,-0.3100800593877502,-0.30633313200593254,-0.46814741750671907,-0.46773675510675256,-0.3403513337554736,-0.28486088886960476,-0.3611122254578701,-0.44135885787369533,-0.46842347196909256,-0.3964851269490608,-0.41692827226416684,-0.4336562723917516
-1.034872019677463,-1.1753954948458913,-1.0429732805727467,-1.179419491813555,-1.029121296248163,-0.8593458045506188,-0.9234702831190186,-0.9407764456740842,-0.585288385348777,-0.35821855645382655,-0.3732474080584354,-0.18007017726146546,0.05709548808143386,0.2627572066491046,0.14223822886860485,0.5297834573330945,0.7299975824954165,0.5302724805283775,0.6704204235728836,0.7877700705350771,0.9065384530314101,0.9147421892022307,0.8965141519936402,0.6783858007384906,0.7543291501150432,0.7133184187824506,0.6464341344111174,0.6157702416779327,0.6216149256123065,0.5724832087141426,0.47261878667888096,0.3714558406353573,0.27694855381709,0.19949000991975577,0.09468595348179842,0.11476152186211978,-0.0029988916287024946,-0.1272736113489134,-0.12214418164287917,-0.18237548788991925,-0.3301256654163549,-0.20105456290427995
-0.9785477333411571,-1.0758137960648075,-1.0158956177232388,-1.232648243026667,-1.0106558900262586,-1.0852464734811174,-0.8862109637637671,-0.6191688346887563,-0.7048002248553124,-0.47796627670225444,-0.15947536216602332,-0.1643392561246663,0.07673788862105291,-0.004715525094905844,0.32461320177974157,0.36379031326126876,0.718659512317346,0.6047490939426807,0.7857609959611225,0.8689800743753655,0.7682245149171097,0.7687826091248244,0.6724292078014451,0.6748611364358732,0.7094328770360467,0.686517189283052,0.7484144470182386,0.7420058518546507,0.5897840298407562,0.6307430841306882,0.42503399290392263,0.40978578435986573,0.2993795440542247,0.17583705219034695,0.14384466486596464,-0.006655807451589797,0.03958518581088224,-0.08002724236071472,-0.21751191461844346,-0.17396736461657641,-0.27388443083596237,-0.23895236604706976
-1.022854956426929,-1.0511517150655887,-1.164565726223155,-1.2491211417125883,-1.0632162314604647,-0.9610801406885046,-0.8260126327757923,-0.7097280029576436,-0.7131735299677885,-0.5093286042188897,-0.2486151766791731,0.0026984245833165336,-0.1466868705384737,0.035666225087908024,0.20180095717344512,0.32328310748694516,0.5340484568606886,0.537344773651033,0.8899274569858208,0.7919719434238703,0.8447782148538091,0.8528936836492148,0.7921154487097801,0.8039426035361787,0.8088275552419841,0.6931420387360435,0.8067783266500891,0.6896390693362007,0.6384661051540726,0.5098786138107769,0.4289316358037388,0.4294155352571378,0.42474394180311575,0.3038956689294496,0.10163976771932864,0.09317877446733018,-0.04482109010122076,0.0010287638467889168,-0.13500143719049648,-0.26241320929671963,-0.15684720069193847,-0.2541621409515696
-1.1256584891872066,-1.027018340073987,-0.9773404052692719,-1.1313787342564403,-1.090255384160431,-0.8519269713918658,-0.9794210937829455,-0.7543858021457874,-0.8149991829576234,-0.4893584566833516,-0.5034033912610851,-0.05427811378407173,-0.05770454576154886,0.22677531113230473,0.2523372250204376,0.5861047650373307,0.7177572620542134,0.5784520074144427,0.8067064453043113,0.6550439439160224,0.8052796909659246,0.7799029712362465,0.8561560190065235,0.9177503522938343,0.7454478531381461,0.7941542892554202,0.5996233688185766,0.5924612578447135,0.49843314315751075,0.5891765759831463,0.5060031829554799,0.49847819256364495,0.36726118510293543,0.29062174756244435,0.19218391691614506,0.09622153348347205,-0.018160249555058953,-0.01177614108922022,-0.18230084631811055,-0.1714345738360968,-0.28903467877928113,-0.22013369222819917
-1.111858153789946,-1.051776342716715,-1.0045550233510108,-1.1294861139900558,-0.9133925744483578,-1.0710257267994505,-0.8656650316927434,-0.7484396241138126,-0.5652679281249596,-0.717800037657927,-0.13306933685750386,-0.18977345754322555,-0.13611594801828011,0.07763021054806575,0.3807564060909934,0.44105398513555083,0.38736628981226345,0.7712133002280633,0.637572957331449,0.7823962812675027,0.7908505805037667,0.7921294339390277,0.7965501377029875,0.7037009976797788,0.7208038849962155,0.6835993631784442,0.5667967849711508,0.6429768129208775,0.630977183630335,0.6106889079517467,0.40941647717754365,0.4486453810445058,0.3011708365906385,0.21907116095675017,0.2238643989416451,-0.005352997253278698,-0.006692658396564489,0.008202971513698028,-0.1481809943114163,-0.29336944116994496,-0.22830822384682145,-0.29059554290598666
-1.0763480021743508,-1.1141924079256351,-1.0079659412118205,-0.9098958731790601,-1.1402351960347892,-0.9433342438172146,-0.6587206642118906,-0.6426408340199664,-0.7599140662182595,-0.33633250451156016,-0.16659498613948734,-0.1358385481077919,0.12920748745523802,0.22158715392021872,0.3378872465206752,0.596898065049918,0.4408709644123758,0.7534721285806019,0.587822762200968,0.7896755894890052,0.7248431243130172,0.8942564055667663,0.7828099491961982,0.8101256104816132,0.8765753651380273,0.836313864039913,0.7495098226639948,0.648293013832499,0.6057392404285346,0.4633669780092202,0.47171227034512486,0.3649241814990042,0.36064460016846994,0.29789822588402737,0.08907514920625294,0.01766265698415456,0.050527863766381576,-0.028376040788068154,-0.14594257351874604,-0.17083774458561707,-0.18397590288334353,-0.2658878877308874
-1.1400782126604414,-1.1183152888565207,-1.2184768021446264,-1.1412124086584283,-0.9839290207380831,-0.9845021205068721,-0.9767403806561824,-0.9038888015230983,-0.7845082363640776,-0.531149284847441,-0.3479897116566776,-0.3381302312261406,-0.1962046430163445,0.33328129337154777,0.44739378142263775,0.5569053933003193,0.6421175224879286,0.6187213568129079,0.7848679625746402,0.8901555370140773,0.7347253831674804,0.8494257689057946,0.9532446015789426,0.7949503694543973,0.6887959869342842,0.7933589291396794,0.687768219815947,0.7387871836798527,0.5274062928358141,0.5135381958326024,0.5374671468980906,0.43223322567770084,0.25732509163023937,0.34666980898803246,0.1891859383174255,0.1747600608469867,0.022661374011224294,-0.09921063680985356,-0.06797695809339134,-0.2521232739244345,-0.20846542736586376,-0.28244823785807127
