gfs-wave-data.json
{"header": {"parameterCategory":2,"parameterNumber":2,"dx":2.5,"dy":2.5,"nx":144,"ny":73,"la1":90.0,"la2":-90.0,"lo1":0.0,"lo2":357.5}, "data":
[rows 38 to 56 of 73, columns 0 to 41 of 144]
-0.9248713909598951,-1.0225438955675183,-1.0226119290293263,-0.9853014003079298,-0.8405039696222424,-0.9559452544246549,-0.8122421260704218,-0.858091553061746,-0.6574306680532176,-0.4847356963429482,-0.7101950895854802,-0.7909773251019634,-0.7227292153009831,-0.7059546034204657,-0.6642813539841577,-0.645070815203538,-0.9392015123098,-0.9672624066549437,-1.0656128935945637,-1.0318088921894826,-1.0537834119645426,-1.1423332571714215,-1.2410012291187762,-1.1602071644711625,-1.152407393570512,-1.3053493202291382,-1.2407897230368634,-1.185117769377724,-0.9065314930105158,-0.7875084867884506,-0.8192971237292475,-0.7456788927706602,-0.5872415636180154,-0.6430870518548657,-0.5253964049613381,-0.5474867907477939,-0.33577055815735896,-0.47925981482277147,-0.5208942020851383,-0.3446872160938951,-0.4980480957976816,-0.4824780291294423
-0.9287212745386016,-0.8664725940876781,-0.8437944023528489,-0.9917491506478621,-0.9593253012018909,-0.8205074098428884,-0.8503526265452552,-0.8226548561966537,-0.6237352519396988,-0.6997500168037961,-0.4405317682580477,-0.4684790254764274,-0.4106115635384901,-0.6892346313283644,-0.6734456453099903,-0.8721443753714468,-0.8350189079514515,-0.9249436269128837,-0.8869592210526772,-1.1647167390696338,-1.1693447331975133,-1.1569294353135364,-1.1972511085740332,-1.2312957013505952,-1.2316278005203778,-1.2026240740274083,-1.1248113998031861,-1.0056297836493182,-1.1000881621645875,-0.816003897013254,-0.7365774990271107,-0.8024916264845272,-0.7444381745467683,-0.4889300851858994,-0.5159912986356721,-0.5041095412606299,-0.5722180225871558,-0.307848091512593,-0.3735094630693871,-0.5440538325425596,-0.41180831398660467,-0.5025239476719703
-0.8020857490278901,-0.8784657410722421,-0.9747991486911092,-0.9011282153426308,-0.8086695916179167,-0.8552362372237259,-0.8777002172681551,-0.6504207587981715,-0.6061805617989848,-0.6336958649841108,-0.4325329650601926,-0.6496962239851445,-0.7504157109373053,-0.5704738093997529,-0.7386951661866599,-0.5864772876902475,-0.8205411506318017,-0.9849751731349515,-0.849787930277146,-1.0107557666124505,-1.1590570711224222,-1.2087447677819814,-1.1621318237513392,-1.2211306918876281,-1.1757526261784617,-1.2751381573229648,-1.057169094050663,-1.136275269901616,-1.0758524596469026,-1.0307985654886216,-0.7207910216495367,-0.8513476791341652,-0.714075669432245,-0.4223315228751562,-0.5034235260013327,-0.5335051261868707,-0.33032770905826286,-0.48080631201136087,-0.4968410642038473,-0.31135038456334085,-0.4187851086580335,-0.46116578347438786
-0.8979203836688313,-0.8895142117326145,-0.809332330491427,-0.8327528423971823,-0.968567062805423,-0.9146507653387467,-0.880528552031521,-0.8410925650935441,-0.8307138904871962,-0.5219984683532257,-0.4551230516182167,-0.5464373384022533,-0.6376677095532032,-0.7936903149631169,-0.8165694689662616,-0.6479677840833995,-0.7343555818898739,-0.8353373152687896,-1.0070064611385892,-0.9560646651670862,-1.0866501363516947,-1.1708976065433998,-1.206145561079493,-1.2691179958380068,-1.230499563457388,-1.2083924872721503,-1.0628308082052444,-1.0179253916477813,-0.9334164909851815,-0.9490059037859776,-0.6671008410807479,-0.7473122812675245,-0.6661989705908651,-0.5461621758132809,-0.5326851289587461,-0.3248724323082049,-0.4822026473632153,-0.4731080449880777,-0.4940824627777728,-0.48937286018756254,-0.4384504429387451,-0.4821248445345673
-0.01805186430241102,-0.025692623352878148,-0.06521511463622762,-0.026313479502868838,0.050595220575231796,0.035086615187507386,-0.037937318106442436,0.04494631280058954,0.05126164606637435,-0.03712895650567454,-0.003287377351035224,0.05907414098251128,0.02313247339758547,0.029998113853671703,9.770006115801522e-05,-0.021748297574309242,0.055922356560110645,-0.0247337066431213,0.0348870635963909,0.015275149666975721,0.061009031290832925,-0.025972706128444357,0.0012905642967730115,0.05113881468401517,0.026456849872847056,0.005585318172441608,0.03469260102922248,0.04423353128657002,-0.03475452510535823,-0.0030446032446072393,0.07202804260990464,0.05225471585039041,-0.05978530685699488,0.05886909720125392,0.031150472122222737,-0.004747943350395232,0.02346674861925929,-0.010435494410068183,0.0276288917076347,-0.013014659392396644,-0.04501375294232772,-0.01608943501451967
-0.999369213892283,-1.108899044481444,-0.8569404299866439,-0.9656425971760276,-0.9920463305893773,-0.8804828808211843,-1.0513692815011608,-1.1626635109197032,-0.8671805261287054,-0.9142081916595363,-1.023891983781215,-1.0956839988898162,-0.8030906909867618,-0.9683493545594655,-0.9327683701466122,-0.8802252271400102,-0.9696085767123815,-1.0681861047020513,-0.8630933473256823,-0.974448399431882,-0.9583094960703136,-0.8720866981622913,-0.7998180746222654,-0.9506208375506577,-0.7426978071815379,-0.9279228157189634,-0.9219856950326271,-0.8857505127573967,-1.0410250664148337,-0.7362423225464317,-0.7896297283916756,-0.9594515699303463,-0.9803508014182444,-0.7074681405066013,-0.644392230169234,-0.8765913109683687,-0.8761400720322849,-0.8786409077955292,-0.6901700075786616,-0.6101420180058176,-0.7700137731285447,-0.7093967461055534
-1.0050430594391901,-0.9329422699710475,-0.9738568306156465,-0.914221816143725,-1.0284566036239586,-1.1047847150681387,-0.9011587286320986,-1.0765756309200034,-0.9018911090175924,-0.9111076504999044,-1.1460136594732622,-0.9374313062825791,-1.180137192873001,-1.0051248892180005,-1.162190109048345,-1.066881490110771,-0.9064130340736987,-1.0148005883512186,-0.83293651433672,-0.9339883947791648,-0.8221232184556405,-0.7583071431855919,-0.8892055350464901,-0.7856511087207013,-0.8450246265765265,-0.8791991665922093,-0.7896749839591126,-0.8965993917893218,-0.9336439593063721,-0.9228070942212069,-0.9587441092948491,-1.012753492978379,-0.7931116231332896,-0.7991402215314369,-1.0486727241102383,-0.9083223027124535,-0.6670070941783806,-0.9805619409107353,-0.7274906704787967,-0.7028209668579056,-0.6330942354264318,-0.8755198036548464
-1.0635727980584475,-1.1025116252556149,-1.066816388312329,-1.0256773088346216,-0.9953263344584711,-0.9459440984133226,-1.0157536984526294,-1.0604935102794326,-0.8686723458676541,-0.9205878977011354,-1.081547089710408,-0.8802873291444775,-0.9726640249705314,-1.0119624544333992,-0.9676056262776033,-0.8594550025907289,-0.9597831834906491,-1.0825792326337107,-0.8469332401486924,-0.8383408314527987,-0.8458520127637653,-0.8781109868868339,-0.8359770302806279,-1.0011477899365424,-1.0518333052011026,-0.8010453089903579,-0.8053822691888423,-0.9948285883281196,-0.7069652328212117,-0.7631745744882126,-0.8371334828480761,-0.7101413010660493,-0.7521900056413183,-0.8299823443566288,-0.9608260323058165,-0.6607959195071794,-0.6868911048559465,-0.8000877581875163,-0.8562484175762088,-0.9002992892069082,-0.6648315479747273,-0.6798335981739216
-0.9788621196592162,-0.9561770941336517,-0.9273264573066501,-0.9646473552895197,-0.9801174935019326,-1.1252148572063994,-1.0064061625451564,-1.060194952397863,-0.8453604263252611,-0.9075408792933151,-1.0809484703579977,-1.0901012176280254,-0.93690689292636,-0.8537686379936811,-0.8922814374749412,-0.9094797950505213,-0.862651898964379,-1.0877725120739559,-1.0050161496991945,-0.9876874355839198,-0.9516397241852629,-0.839613936661053,-0.9751483683806869,-0.9991454565779293,-0.7326237255283612,-0.7278104897633446,-1.0241058604392566,-1.0247708236155444,-0.8979397688048847,-1.01575267057644,-0.8199425360230833,-0.7477206032659249,-1.047948106835452,-0.9809586112720005,-0.9190923946517702,-0.6859932599684351,-0.6249865133146286,-0.8826676262200591,-0.9503220005071894,-0.8411133436417122,-0.645090980527549,-0.7006431129885586
-0.7745509338266066,-0.9186133505751765,-0.8361361488235531,-0.9285168384350219,-0.9141785804543999,-1.0338193203195112,-0.9460594343738802,-0.9916088747874477,-0.9894978111768477,-0.9561202828770828,-1.1223150379663596,-0.9833518461724826,-0.90284622078448,-0.8622033300569965,-0.9980224385074054,-0.9872716370127579,-0.896642359242537,-0.7703380002567412,-0.8004946182637422,-1.0390964108612837,-0.9736616140582126,-0.8359550553195497,-0.9416426505183195,-0.9989469783297943,-1.0135333553413335,-0.7262384997386245,-0.973665352513119,-0.840074880839607,-0.974832618917158,-0.829302514002211,-0.8233191961075584,-0.9443996985909455,-0.7444682745834313,-0.961226920570664,-0.8012390789075464,-0.6892594369716222,-0.8324131155597024,-0.9102434739569909,-0.6791913157609303,-0.8901568626584923,-0.6970568328630395,-0.8292897475445344
0.006975018020569156,-0.06361029674507591,0.0014189064935065466,-0.04515149269085199,-0.016681236645010967,0.032928401746168776,-0.018631895557256025,0.046916543813875396,-0.010240336450604941,0.03877352450160087,-0.019580735075130508,0.025562341741850108,-0.059997532750489545,-0.03392488599552913,-0.002240461724163928,-0.0658418144974586,-0.0036386826113749987,0.00833912490251455,0.04175757457299738,-0.031941365541530244,-0.05417222243390623,-5.322797903625031e-05,-0.01580751409648339,0.029099251143662047,0.009862611957666178,-0.031255730286901665,0.0334301567683182,-0.022685748053146763,-0.052274146468259765,0.04641059869478151,0.023531278038806138,0.01806608016700776,-0.04091876739199823,-0.05094527883439208,-0.047888049248065376,0.0023679998629657687,0.008205295948141766,-0.004259436238906791,-0.001693711471650178,-0.03992748558102645,-0.05944176440195047,0.030537760913696
1.6654288365241712,1.6590884926163423,1.7750538259743813,1.6724137181096836,1.6644105157652307,1.5836818859976827,1.4678406656496532,1.5614042100385401,1.5871561280607116,1.4602901913474284,1.5076946190549891,1.51116251323957,1.5300273605326897,1.4927682925675176,1.1746395405358387,1.5041862373564314,1.1578754901357158,1.2377252324558918,1.2460642121869399,1.1679484766335524,1.1602208684115818,1.2102920442088723,1.0652873625454373,1.1732968580709449,1.2064111764196834,1.0361701085892385,1.1312559270241296,1.2049915067032742,1.0959152617349446,1.081971948694079,1.167842677863996,1.131631269525722,1.1452476949133035,1.1038605874873808,1.0590888534012897,1.1418939121434504,1.110918196791493,1.101897128964026,0.9133328061673608,1.056026717864987,1.0185098487697917,0.8437434250596934
1.6464094861969651,1.5796128363069817,1.7223117183731864,1.7799097477034878,1.6402074815827747,1.5612903956857522,1.6612529325890963,1.4723160457113962,1.6382196240407696,1.634349112102856,1.5048567623539346,1.5434064403705483,1.4066175603289226,1.405670903124788,1.3603676970356597,1.2066862015596374,1.2181331609639086,1.306253164905215,1.2013005829859567,1.3829221823334692,1.2843659021173535,1.1306038764024662,1.0618341158115074,1.0883162065650187,1.3124797065583595,1.2911788901388497,1.0999116299947325,1.0918632896219242,1.1312080488638625,1.0997617510003008,1.0935727313748123,1.122407716114826,1.0027828957223948,1.0269155504197742,1.0638667933781851,1.0017547911198903,0.9838610997245714,0.9002279426830793,1.06582762348375,0.9237844153047948,0.8647663832529966,1.020573632003649
1.7694277492599515,1.7058429101983785,1.7043231150078333,1.6371051848071192,1.7165602352606915,1.6474913079528093,1.7193662106415382,1.4811423512084387,1.6085987148570067,1.379673876223063,1.628987381625731,1.4456853694121425,1.3355070924855397,1.374257975093482,1.3523898229316,1.2851659389074077,1.1296579249884515,1.2757704163508377,1.2793687468112136,1.2565403758313058,1.0845429649024683,1.1158900767755526,1.0812838484832883,1.1007460027261027,1.0330741164525483,1.110279902045095,1.1017012632105887,1.0756640471366936,1.1703332389958474,1.0512052623089045,1.0780883229015175,1.0470206746422686,1.0808801556106038,0.97082959175296,1.103606702148189,1.1229532954623955,1.0006898361686556,0.8853858906579166,0.8843455859497878,1.0067459386752724,0.9362779714029468,0.797859041150116
-0.00390800017687862,-0.05092847859692735,0.019060503665816173,-0.0319836988557266,0.0184124572135039,0.015029005820081261,-0.006998294967550162,-0.01592895132788547,-0.04752744534709412,-0.013081795410889845,0.025829502600058285,-0.018585543136174693,0.002735620357603977,0.03762688695671063,0.04765580868518559,-0.01977067362450836,0.006801483936386042,-0.024883855092402977,0.00459550399504387,-0.04617755713861376,-0.006915589204251641,0.0022723912145308886,-0.019227203384808333,-0.023039724660416594,-0.020814347278982973,-0.024276312950046067,0.04683351664586376,0.017933292365831074,-0.018533352701842108,0.02938815285768083,-0.005528020210361603,-0.04294848360272942,-0.023350964945382642,-0.015665127651405344,0.025721645951353147,0.03321334981397441,0.00684015596765935,0.0017842088612768678,0.044457118762573695,-0.02348973069711472,-0.02197707561686452,-0.010209641102668681
1.9375140443109928,1.9878858672495443,2.1698440502502505,2.036693013130911,2.179438276819059,2.1948767586018616,2.0975671894021928,2.0964385616806926,2.240636516035321,2.1514243955930024,2.1279053293348467,2.2396505051030813,2.1056801094572646,2.0195795750750167,2.0423982711408732,2.232177170959375,1.9931810004596717,1.9972029412196444,2.254919350090511,2.385443624436498,2.3305126074330706,2.4622863378116144,2.13666776261689,2.236322412015067,2.3542024465284794,2.6298644338148076,2.2559030916621494,2.483986198350293,2.6670547709204024,2.492361121465668,2.630766215041179,2.603554424869823,2.751860979201662,2.8048789128283773,2.737531834668697,2.6545925969314075,2.8408724511101995,2.6805782354238166,2.8022836160136317,2.6617750924541785,2.644587593559059,2.667699656076561
1.9102063242970468,1.9318946347591972,2.0045223325597408,2.142536468241039,2.1031156170948244,2.013090689527533,2.0933284120715143,2.036234163329518,1.9792482479142501,1.9733201197066823,2.115554829178053,2.171811258444121,2.0015725989777513,2.065030272193732,1.9454967539569763,2.0846452538392954,2.238211025746148,2.067211645737403,2.0512611546057222,2.076719583209852,2.444921500556737,2.111162370647861,2.4443101708086243,2.3671929682833412,2.3100681685363464,2.181447999423027,2.590807786254078,2.4190800723565458,2.5380501653142837,2.5659161026409416,2.721660999401083,2.6372378983025526,2.5515277358149584,2.6784213870732643,2.7089237739843597,2.684888198903349,2.7913718673058465,2.8070882407664373,2.700853022534334,2.743093868219601,2.7247091187602543,2.686533196133419
1.9805142653267451,1.9696334163311078,2.0385907541370822,2.048578176106782,2.040517129122311,2.0507436363959903,2.022572370517289,2.0377386716660295,2.1115893302863977,2.1141229730279596,2.1468279200015794,2.125083883016209,1.9962770075373295,2.0208057178084826,2.1935978567497267,1.953340694948615,2.188651711213282,2.260190411065599,2.005134926045616,2.109934351853469,2.1310773562870198,2.340499353321769,2.28524765100339,2.259459819673471,2.5164426499532144,2.499328064113544,2.4529936256599627,2.6225757103800555,2.609518271783554,2.5319341109968563,2.568952843855331,2.7271131131127366,2.6990817726972476,2.549167756006258,2.797308486632187,2.727715902415213,2.8147312813585814,2.6539250763108475,2.637250795755077,2.6234123163341643,2.585885673816674,2.5545025268563943
1.8808281179217425,1.9364347574561949,2.125817211082877,2.095736915235218,2.0800385359956657,2.0796393323409768,1.9674746551455533,2.2194602585788017,2.063669306837425,2.026079898302632,1.9952129688911233,2.128337324528693,2.003665744916776,1.915872407124042,2.3194796522678134,2.2470458418302606,2.2128415670486326,2.0095798964618177,2.326167151005912,1.9776942622478553,2.2804881762308407,2.4192492599582565,2.1442044922653456,2.158575688368874,2.5226573796302594,2.5109066999788983,2.3399645243518594,2.318024666088359,2.5918350119549727,2.6603435426768782,2.6181260115271683,2.72021332846722,2.4971864466501903,2.6134974581745474,2.8190937923885904,2.6246056900899704,2.6266611164128992,2.6465933674698543,2.7274022327339003,2.698304880848317,2.6866400659172402,2.544112969931062
