gfs-wave-data.json
{"header": {"parameterCategory":2,"parameterNumber":2,"dx":2.5,"dy":2.5,"nx":144,"ny":73,"la1":90.0,"la2":-90.0,"lo1":0.0,"lo2":357.5}, "data":
[rows 19 to 37 of 73, columns 0 to 41 of 144]
2.0123991885524135,1.8910826778505625,1.8577424862523644,1.8591894809777498,0.00330783142832665,-0.005216589205427618,-0.0002792149277422656,0.024076346173952545,0.009857351859535237,-0.008893372406567835,0.0029592255969944433,-0.0033646257845103395,0.012495920887481004,0.00035467270286310343,0.002399701341880064,0.00886483023970998,-0.0013910254835409579,-0.006297961900052664,-0.031079372928735575,-0.004021912026539351,0.003253382361898136,-0.02353457766316926,-0.0035561191790695564,0.0002173435656156715,0.006215652053018641,0.00019179253612219935,0.006063997700805936,0.02736090325543258,-0.010054801426644047,-0.014225290798618947,0.0053312673117914145,0.011286641840095092,-0.0064378832630159295,-0.009679221546814113,-0.0001047718610693202,-0.003412644000819029,-0.0002728027484672507,-0.0008140469617844084,-0.004682720914661274,0.0002747330154158463,0.0006976629191000877,0.005813916639359802
-0.016335159340818067,-0.0038860398144302867,-0.003080656836525532,0.0020998877486079247,0.002109111826126422,0.016184223589475587,0.007556630891070701,0.0029199064585270183,0.016554127521398284,0.02175213857804226,0.02359584977626784,-0.0003402943306043497,1.7889918508920524e-05,0.0007673666943037175,0.008682750165111344,-0.0015725496486633304,-0.004247490649261092,0.022987479724118225,0.002305947953585743,0.01837343403733028,-0.005834013438959329,0.009916458335489502,0.012439622981721894,-0.009644236875151388,-0.0013118049880230405,0.01072765115850446,0.0039860933031561335,-0.005450585290394347,0.004929776729524705,-0.014362246864704485,0.020138728544979476,-0.005939735216520257,0.000938512005116977,-0.00047389416559444065,-0.0009111092872720687,-0.005080953258892501,-0.01042019583538538,0.0025929781167449016,0.014831738589561981,0.023094887912639774,-0.004291314790149073,0.0038148413540034024
1.4964089469577988,1.41150903992784,1.4692005112157664,1.504797597516006,1.3798563415642335,1.3669304753386722,1.4224414436999393,1.4899783871404737,1.3385456298751435,1.2983317099305178,1.2064353202126137,1.1765336677444178,1.2537307422292325,1.2583496243369605,1.107216121223752,1.1716554786113025,0.9959179907219001,1.1878526095791357,1.086439678447824,0.9855036023314967,1.017267710181341,1.07305837945593,1.0441404880332459,0.9348428288278787,0.8385698599748402,1.0214458413136744,0.9940166139825941,0.980634232192772,0.9616513617648326,0.9131954560630364,0.8200302541733198,0.8944378597079862,0.9419164140992665,0.9356095932283143,0.9429958690865053,0.7718775450034419,0.9058140344984779,0.8120889668953167,0.8593462149222132,0.7256433213781347,0.6513746945654437,0.6725630174927956
1.5803139379365307,1.5442691595129556,1.4406030290422343,1.4767429209946612,1.4528796824165608,1.3158948920540288,1.3453709026497527,1.3956030682375555,1.3845149814374123,1.2396688508119946,1.270609518109,1.3687795158797533,1.2405512110590113,1.2003432245157806,1.2244094546397208,1.2282919942199948,1.1311185135027866,1.1765410378762535,1.0087014502946405,1.150709799781099,1.0314364892184709,1.0362555283767838,1.111388739399311,1.0870329192542731,0.8542402607708538,1.0138180854591619,0.8862258643724983,0.9770658560877137,1.026650776864958,0.8538595535240884,0.9237954436039889,0.8136048180664925,0.8026726023523393,0.8813677872112992,0.8889253682654218,0.9178258883351845,0.8787958590156455,0.8816120361715916,0.7012364109389976,0.797776055424028,0.6945747307322451,0.8247330467144536
1.523159185310285,1.423964586709952,1.4814050913743035,1.4117829239554136,1.4801220383911038,1.5323743196822275,1.3913155607228453,1.4793705067222676,1.4183732720167948,1.5007335279258578,1.1470691083612936,1.3737075266445071,1.3482464934248388,1.0485929271902341,1.0281325107774582,1.1258056141537127,1.0670052056378345,1.1904039005083034,1.1965990449840995,1.0437614782313012,1.2101929868395955,1.159892956878708,1.1486484744150647,0.9791310381578422,1.016906378144498,0.9520481274940834,1.045041909864852,0.9169648263603519,1.0349745274420785,0.8773670946700114,0.9489934245938139,0.9491349928111439,0.9901213721336692,0.8958467912922579,0.772229196881468,0.8144053532936671,0.7527024300548227,0.7449211499757016,0.8709828158094169,0.6699677743511258,0.6625549481664463,0.6802988828217367
-0.02223917308814321,0.00013058172049620575,-0.02386838733834085,-0.008553610908482332,-0.0021501385308690286,-0.009033446684399668,-0.0013134708135994493,0.0027911522551936807,-0.00514814187238615,0.0030753466719265327,-0.01124766324773603,0.006823557327843617,0.02029993305739227,0.0006298237427626329,0.017550496402167878,0.021352876719144178,-0.0011365643415903158,-0.0005946143961181442,0.002065189706372154,0.017990682116742557,0.017659555226454814,0.0009644070845710343,0.01636172548129252,0.0004568411596431748,-0.018814682322210487,0.02339352820656825,-0.004098174790789229,-0.0012363980098387755,0.004017740967564865,-0.01244373475064947,0.013519627911633145,0.0293939464284689,-0.0035256562281767555,0.015060890157185626,-0.010672294667696402,-0.001554670626560708,-0.026927080530017668,-0.012510878920471662,-0.0012482397596153692,-0.0038361070961670653,0.0060385252724731355,-0.01633250660595032
-0.8671617434843665,-0.7392128196052037,-0.6596463729875656,-0.7794787538235998,-0.842773652326177,-0.8847251527385378,-0.9132320722165959,-0.9040030399190236,-0.9633391961950583,-0.8125732290499131,-0.9489986554421621,-0.8791606390423896,-1.0428410296869683,-0.9051831101655862,-1.0387813924690128,-0.9506973104979196,-0.9756186071559649,-1.0625615160074362,-1.1393759043616862,-0.9675029418657709,-0.9640619160800451,-1.020594528917084,-1.1367224598726817,-1.1929943088874386,-1.0167438999545708,-1.1049051092583366,-1.1455115189701885,-1.129885099927662,-1.059114787008571,-1.075629160216959,-1.0494637394495399,-1.0277625556275132,-1.000864000757637,-1.143750349637968,-1.08276928462881,-1.0378375294936806,-1.0229601558653854,-0.9491994531602486,-1.0364602373105627,-0.946286364219981,-0.9602115389300161,-0.9642325350771035
-0.8053157320145193,-0.72371794480269,-0.7945408750423721,-0.8943847903679021,-0.8017427897324884,-0.730058839674562,-0.9142134443044806,-0.9604115998749982,-0.799766515433912,-0.9312583161340764,-0.9562175614540708,-0.9216704323842632,-0.9074294239307444,-1.0099930409362785,-0.9706324308885673,-1.006293008625187,-1.0557109942211316,-0.9966892916342716,-1.025386548967911,-1.0919053601605506,-1.0673171865954043,-1.0234865810620335,-1.0894984124221192,-1.108298184840752,-1.0043945415456441,-1.1372220232725787,-1.149578997493498,-1.0408576234465088,-1.0023050404757992,-1.0449056646658494,-1.1857483776635207,-1.151990413019852,-1.0823295188167352,-1.1499828352170889,-1.0876377096450094,-0.9309980322604259,-1.0177149702722086,-1.0589226666148641,-0.9315627398726981,-1.009388635213806,-0.9553064103349213,-0.863750080386802
-0.8440968058564559,-0.9239340700924263,-0.7211708005901243,-0.8127516737312763,-0.8955050247642201,-0.781311262192726,-0.8500120356467676,-1.0080695795776833,-0.8721852709721796,-0.908846344909923,-0.9790276778892355,-0.8829648753197354,-0.9962109046688995,-1.07568695020157,-1.1052098669293273,-0.9677650565841306,-1.1072729455211672,-1.0756333081776217,-1.028308633290776,-1.1909634505733708,-1.064703530005647,-1.04537593821624,-0.9859897132006927,-1.0106402034429691,-1.1411114906746176,-1.1560986864553207,-1.1701334178176124,-1.0695333954521218,-1.1335518974965495,-1.1678602044902957,-1.0887631730750942,-1.115949215798141,-1.0157465534976484,-0.9929870741390904,-1.023830019428577,-0.9883658873627721,-1.0772753575201124,-0.9642792770651435,-0.9658173089146666,-0.9285693432906948,-0.9858356206359982,-0.8926365776048569
-0.637737664149602,-0.7301189335691488,-0.8024771208662362,-0.8253390416856539,-0.6890816904853915,-0.8662333346395759,-0.9312903971869965,-0.9106773822253087,-0.9692974318596598,-0.8135591780004456,-0.9387349783856137,-0.8989639210388491,-0.897114052114853,-0.979754281686006,-1.024729307077282,-1.1649497331302303,-0.9676966455909791,-1.116972960834769,-1.0051130512030353,-1.1339095210980434,-1.034429005784999,-1.0996314731439043,-1.0268298691584004,-1.0433080643604375,-1.0625788600989596,-1.0575857811215137,-1.175286825153178,-1.0606182280387586,-1.0491200426137868,-1.1769764768090607,-1.082525409371797,-1.1652946288849406,-1.060899511274225,-1.0962858066794805,-1.0447643491634782,-1.0813883283157457,-1.0976746355392837,-1.0070635690061063,-1.0474990982224766,-0.9352515703138145,-0.9688036673840816,-0.9094225802685663
-0.7729092684626413,-0.7611460611057727,-0.9202735912894707,-0.8390307843719546,-0.8698003305740672,-0.8743848564374106,-0.9084069293036293,-0.881503985554038,-1.0092259608025913,-0.9670088813301772,-1.0482004459181988,-0.9323466161239359,-1.0258695106248512,-1.0117234882159127,-0.9568998247779644,-1.0957662298603819,-0.9065027658270004,-1.1160248242792068,-0.9522955923074164,-1.082708964928081,-1.0425435848526243,-1.0533528521109805,-1.0114120107930922,-1.2106232843467872,-1.1647077438010025,-1.0935043839189909,-1.1585583294617787,-1.0335833099199223,-1.047872105771387,-1.0370190097677157,-1.1438274389992071,-1.034096146270454,-1.1287728833399882,-1.0292101219612506,-1.0617259093570823,-0.9700246071864813,-0.9264900410426364,-1.0375960971835299,-0.9922434837214618,-0.9130007188375866,-1.0533494872211866,-0.9155044278890068
0.012480512136347903,-0.0008002950315806205,-0.03078428555106569,-0.018063018258587932,-0.009369268018037707,0.023842665734407815,0.003672208347056515,0.006642233784720441,-0.022465191831820604,0.015626770583300642,0.00427239156200397,0.004775857528156725,0.00770579170095948,-0.014746505289201543,-0.01247285065929699,0.0039031817414739694,-0.009898699954794228,-0.0044593279039445615,-0.006407629268480016,0.007925310451541115,0.016698400590670355,-0.008077512247775073,0.03427504859142622,0.02199140180985655,0.005649156618870034,0.00840128517044894,0.008852253211538815,-0.007863054069509883,0.007952932622103243,0.019476493658073614,-0.010717977619944832,0.017841774192840224,-0.011652748380696425,-0.002332390904363602,0.017746246940335334,-0.0031440461394176503,-0.012916362583357231,-0.006730204782524899,0.0048577554580420375,0.01201273951049619,-0.027143124152619318,0.010030590483188379
-0.5779641684370954,-0.7007738199998358,-0.798938310777529,-0.7179213277564529,-0.6811848094686663,-0.5816874077613602,-0.6422574649266445,-0.6027123549810248,-0.560608554726633,-0.5020542882470538,-0.48510697027294,-0.47507224319582836,-0.5925560880650521,-0.5779075277967052,-0.41716419260406007,-0.5867664403181809,-0.6333500159195175,-0.758184923303634,-0.7846883431295555,-0.8966401957367405,-0.8409727750324912,-0.9156067423883472,-1.0531946145360367,-0.9945129568896475,-1.0810875858020588,-0.9324756182348239,-1.0281126722435239,-0.9339285441485583,-0.7084985987304326,-0.7331596739197198,-0.7143767940455245,-0.590303616030318,-0.5298252073621574,-0.5149004126401842,-0.4706299752037865,-0.4240496858341787,-0.32202551182381767,-0.30510055307154405,-0.3118752539294379,-0.34148048634921263,-0.25000470934159036,-0.402816259946239
-0.7039081053144621,-0.7733634824696398,-0.7188936694770565,-0.6990669826436421,-0.5984382127524284,-0.687322522454982,-0.5504933240559966,-0.7205081149383895,-0.42447993621442576,-0.4515821556800948,-0.4949397696735591,-0.6003400179003923,-0.5425131710004522,-0.554682405237674,-0.59665009503071,-0.6740144051037478,-0.7976328960403463,-0.5966539235650575,-0.6640610400435347,-0.75863677980209,-0.9217729066415447,-0.9682320228356162,-1.0399423214282877,-1.090427367465162,-1.028488143605392,-1.0314941609494708,-0.8905844018042358,-0.8768918483401696,-0.7724053496873264,-0.6751561154730344,-0.6206804890553791,-0.5379998142362062,-0.47903770068522156,-0.53050677837447,-0.2759032034910382,-0.3488867494892614,-0.31411442601176504,-0.28136697890435863,-0.22370570339136958,-0.3047846569423868,-0.2850864522410745,-0.3959498631104437
-0.7641028174674237,-0.6626866896597599,-0.7082430442010905,-0.6620625198388072,-0.7094610121973681,-0.6270146891448293,-0.693367900669032,-0.5374440969214391,-0.6970212158622675,-0.4777536867038761,-0.5636242995299259,-0.521527115342993,-0.4870312775421988,-0.45645550386419415,-0.6940683506723551,-0.5421681980909064,-0.801272622182776,-0.7435885368640993,-0.6981266106715177,-0.9448132745092508,-0.9187204671990825,-1.080451387090055,-0.9681276307225717,-1.0583205737461494,-0.9230694824511413,-1.0546338608732024,-0.9158927450599204,-0.857521139938652,-0.8697274627730335,-0.8249401288277073,-0.7195868081413911,-0.5338483725910484,-0.42295908352146006,-0.5422351095122536,-0.3393375038333733,-0.32231180853282443,-0.3221542403917803,-0.29771031618442395,-0.2879406897084118,-0.42484687663242443,-0.4615731410726926,-0.4268272037683105
-0.7760635971572112,-0.8109844697091473,-0.7229441292544662,-0.7235043024322811,-0.6869991873154636,-0.7717015860339652,-0.5641642092915072,-0.5294362545339734,-0.49082594240720107,-0.4737381261688976,-0.5976041103459799,-0.44391990041473584,-0.559483802713907,-0.5821910279861735,-0.665243321256277,-0.5629222984567863,-0.5470556627438576,-0.6860031963823449,-0.651950682755787,-0.7516976051769305,-0.8043462870475352,-0.8452238572503376,-1.061713921683002,-1.0798301705897206,-1.0850683385864042,-1.0388867749846957,-0.9447486489208303,-1.016734114172352,-0.7885432306883897,-0.6953491768489912,-0.764781789236986,-0.43777902903651617,-0.5893324327267183,-0.3682878195590053,-0.4436716015147462,-0.4741863294464022,-0.3665626234402268,-0.438766751818959,-0.2709316220432277,-0.38755577733175767,-0.33446317581723617,-0.30781126725804187
-0.6216193565462684,-0.7545080319195101,-0.6884374124982302,-0.5999442984336167,-0.8069731430999612,-0.6455675943715407,-0.6983201437499119,-0.530502273199662,-0.570837220699385,-0.46922708176639844,-0.463386707578344,-0.5152385194885867,-0.6955556915441097,-0.46091480084803893,-0.5517630939956645,-0.769088359612453,-0.660783874308044,-0.7608487691035422,-0.7273314781339564,-0.9295117658333262,-0.9631830749566547,-1.126181744527643,-0.9355336894102816,-1.1573251335148784,-0.9745006761777947,-0.9342446881732135,-0.898600360096073,-0.8796735239005343,-0.7221652802088949,-0.7954840446664949,-0.5911882878989654,-0.6343090576950455,-0.43655412089411927,-0.4055472878976478,-0.36917873280662417,-0.3263047143601729,-0.46483314892062405,-0.27511237642930625,-0.421246334584511,-0.25784041065023156,-0.29594710261411367,-0.3835499822467601
-0.7916046522538113,-0.7232729253182512,-0.7734691901769635,-0.7240803367539501,-0.7195876989660548,-0.7568489759393288,-0.695180710484593,-0.5610421368023175,-0.650729284366325,-0.5485138355749553,-0.5353724324176027,-0.6273106824345422,-0.5411768232349135,-0.5455920754065986,-0.5160083810554376,-0.6525477122716432,-0.6402317059616633,-0.8659872126452515,-0.8071812720669838,-0.9756013931207304,-0.8435428702761808,-0.9890435441918001,-1.0910542196994832,-1.0747216161761777,-1.1080701533275943,-1.10049287648935,-0.9012589025885428,-0.8382597321181539,-0.892544429384052,-0.6803397853232634,-0.7769664500165657,-0.5256662349463966,-0.6424100929173175,-0.39727383912023156,-0.468330853376203,-0.4555981457320995,-0.3974980545821078,-0.2980676456833292,-0.44978720048583437,-0.2525033003089899,-0.40996914380893673,-0.3009049243101758
-0.6901331110792761,-0.6972334123921556,-0.8036873935223912,-0.8149490265523357,-0.7688894901273214,-0.6340825079829927,-0.7074479745996193,-0.6218240066163208,-0.6206507892702267,-0.47551140521909024,-0.3933044616563961,-0.45290141272915846,-0.5524155449944502,-0.597420884963784,-0.5758158047414412,-0.6300726916074073,-0.8745176898893879,-0.8066298935851917,-0.7849925309064967,-1.0656707164049644,-0.968305458729085,-1.0441562140815226,-1.0223195057240348,-1.0394425432528334,-1.0267579974939802,-0.9916380606670525,-0.9660848541647906,-0.9833576343742648,-0.7330669597618353,-0.8098981978691561,-0.5714333947168116,-0.6704454648294188,-0.6030911521751695,-0.34157955211638735,-0.41601855319277853,-0.3644400981584568,-0.4379033474932894,-0.4717266706018297,-0.30030220959780624,-0.37206931208926614,-0.4834820331361548,-0.3956580322145571
