gfs-wave-data.json
{"header": {"parameterCategory":2,"parameterNumber":2,"dx":2.5,"dy":2.5,"nx":144,"ny":73,"la1":90.0,"la2":-90.0,"lo1":0.0,"lo2":357.5}, "data":
[rows 18 to 35 of 73, columns 84 to 125 of 144]
0.003194239161564244,-0.02983740166281578,-0.011773372540628461,0.009068554794371292,0.025037528509685218,0.02185939275143312,-0.009474152892650599,0.007875446217566752,0.020429057470174337,0.017835417392594588,0.025202052764404747,0.024415605220579086,-0.0044784988004499746,0.030930945136117233,-0.03511348755058907,0.039171615827722404,-0.005589785178493775,0.004802724407452135,0.024538405648956912,0.0010335436547157463,0.033543561226439186,-0.03869599513862101,-0.016677634278581134,0.05241179425259001,0.047582044639734665,0.021814445501230646,-0.009918510872529354,-0.013017871741952314,-0.032326238404240426,-0.02520903901353738,-0.0201944689607111,0.028358428891230192,0.015139659146582647,0.04476839001139595,0.025255679310573244,-0.03364732782022479,-0.04166376187773878,1.0259514512282297,0.9172535070517203,1.0807368880077965,1.1468898268511503,1.0751916249693336
0.02343963243925153,-0.03572294080376647,0.01822310372915211,-0.020018286711048643,-0.031157660145955373,0.012998655432868655,-0.0297460274168454,0.012015160085994276,0.01561193057555502,0.025127667357318514,0.03370270842244497,0.024746262603923694,-0.002027651052106437,0.021343292902547672,0.03153724451532079,-0.01903961730374195,-0.023639322688180673,-0.0020314546352861425,-0.0022813704319952876,0.011295734799895448,-0.03334156582176841,0.004319527823255065,0.03277623960892857,0.007532680492828909,0.016278125335725382,-0.026234439131729834,0.01270652066346009,-0.04161287635301912,-0.028912022007538674,0.04353157713720184,0.008962747278544233,-0.01447287446904722,-0.006818730607827947,0.024724961264052717,0.020758755050461,-0.01634149536188415,0.04442543598496232,0.8710620402876926,1.0960936764564444,0.8903528646584705,1.165299870619765,1.1088065947276322
-0.02741979999382328,-0.005390726848417518,0.001987215043497768,-0.02374132554849298,0.0324750185483141,0.03187626623472117,0.012281267884662666,-0.023583382831814447,-0.022537744818706008,0.03388613617738521,-0.016768832098154548,0.025294622703468304,0.026564959631641464,-0.04595068952077003,0.018959794614453282,0.012929031195555298,0.019136685700277684,-0.04169581943448887,0.0033982747110024893,0.04247473897129111,0.021417769004287723,-0.0012378356536853488,-0.026877689187931413,-0.018915543031716657,0.004445692670767315,-0.024501989634170242,0.017137568518109922,0.020454752953257323,-0.01929449596341635,-0.042065062350035994,-0.006032888698013666,-0.021847418947417298,0.03327954239953051,0.018109178022923243,0.0025176718714821672,-0.0015002132477304221,-0.018009977329527246,-0.001427699688338392,0.02324633488358882,0.004442391067558636,-0.017456321064043236,0.022457046797422067
0.8216785877127305,0.8506958158616247,0.7346017798997272,0.745563701875149,0.8689618331765152,0.6913706611359991,0.6338688627482781,0.7348886339191317,0.7763380876198828,0.7012131016356479,0.7815891490137448,0.6969215163616808,0.8333945348210761,0.8475538705618765,0.8209200756083124,0.7430379979161876,0.7180458226007945,0.7449798243728825,0.7575450893220155,0.921573865220077,0.8819858572779996,0.8046632579929233,0.9598396592782173,0.8822873203491339,0.9064794740580849,0.9113499365044369,0.880883108237115,0.915032547962879,0.94950699513102,0.9187811239058664,1.0768433260818069,1.0133656608851274,0.933348758044641,1.0868653511445956,1.1808429104940976,1.0764620137194632,1.1300818203678475,1.01245303529126,1.087234629694499,1.0968800892122528,1.1198093937991294,1.3195281238915684
0.6831367767556081,0.6728511618309923,0.7727167523092673,0.7253370827318153,0.5867901412044157,0.8275038920711913,0.8175460196872318,0.8092241078727864,0.6766505609064252,0.6250308203127616,0.7194964245660407,0.6779875802276586,0.7646004611982365,0.7757318897805365,0.6654405791758113,0.7296336176639097,0.6829078119624317,0.7176749683091389,0.7377685869131537,0.7119784079884468,0.8725225000193925,0.8904358690946096,0.8860976009624422,0.9351425336645841,0.8263943674853552,0.8617590861712143,0.8346101971381705,0.8924875289736053,1.0133111924321399,0.9043772035139088,1.0668852568700584,0.9958754717565887,0.9685321179383442,1.0959332095746364,1.1273679289496528,1.033622426632397,1.12609926673426,1.0832932448303516,0.9839390035945392,0.9750507596046523,1.1727432502482422,1.1038036148059036
0.8943790797208725,0.8277769095693959,0.7669092745948941,0.8150055445265374,0.7292628587128482,0.6495321079219615,0.8083556975416141,0.7177944114025243,0.6160710956230352,0.7013849568171958,0.8258228778948111,0.7625027204186764,0.7692899364630967,0.8052273582873155,0.6342455657337395,0.828484103538184,0.857437368033095,0.7014694384818061,0.7158226071422108,0.7095007523122446,0.8738114599766685,0.9041560648442759,0.8308979091884152,0.9103087388783393,0.9441158815945044,0.9660767207377254,0.9780609879419165,0.9962509503934,0.999976347338033,0.9663253947834822,0.9388752096171318,1.0897416283404926,1.0629010239886922,1.146897406843754,0.9317813830227416,1.1735229559869418,1.0472883215075097,1.0991378854676042,1.2655505670149005,1.165334126382601,1.2337985845519772,1.0602754461357418
-0.005250868941297259,-0.007659562138894174,-0.01662800736017887,-0.00011354313317725981,0.021414371255953742,0.026035545139908425,0.0020741535110499324,-0.026351559789831724,-0.0010072001969040896,0.004689864649008756,-0.004810031104711635,-0.002889926164304532,0.0035858295889464467,0.01628889033235005,0.0032748930598249003,0.006867866828783664,0.007398471893766156,0.02665271624015595,0.006312814102541884,-0.005284801967402208,-0.003283162650878288,0.004623477322927071,-0.0034290337742333937,0.026406766725788962,-0.00028558649355421215,0.00628613311635348,0.03907404645779635,0.016276500318148233,-0.019273792865419376,0.0007150342673652589,-0.010569063120309826,0.025710531530053756,0.0017637965052039704,0.007813008389560486,0.03679905802204235,-0.015103925469684261,0.020571375210785833,0.034509839375565565,-0.012971449983254914,-0.0037647956752742645,-0.011134473191430735,-0.007219818214063505
-0.7244563747804913,-0.7258288404902282,-0.8035423450524491,-0.9452703130459849,-0.7413063630299911,-0.706327135289926,-0.8609088186691048,-0.6583552350028151,-0.7667667585487282,-0.5603025951751208,-0.6335069934031254,-0.6176930206337847,-0.642054759807336,-0.6129519161265522,-0.5721255950412627,-0.43976997732699846,-0.5637708411004717,-0.5369881084877457,-0.5172284450217078,-0.44285337813100395,-0.5788199269008867,-0.42771204209395014,-0.3846234749970214,-0.375396661289629,-0.5442855393699014,-0.4972105086576468,-0.42137377018121724,-0.4990753460431126,-0.5852940354092169,-0.4015129376261998,-0.4086296437666757,-0.41243301181965847,-0.42617247944877357,-0.45673530916963145,-0.3588834827175977,-0.3651384776843396,-0.38252849643523634,-0.41308222113710125,-0.40504259333240666,-0.39270565861219353,-0.5062315185128727,-0.4685190445067941
-0.7421118600010771,-0.7005819280617747,-0.8324975542303271,-0.7217070952221278,-0.6681685844591669,-0.7125925584918736,-0.5853165329205221,-0.7128204343664948,-0.5566539125277242,-0.6909661128826169,-0.6671883277975408,-0.8034565335189442,-0.6156021887728098,-0.5543948055091579,-0.7227865506691661,-0.6158400645283355,-0.7158153730586408,-0.5882892920729536,-0.45904918977320097,-0.6057436191970033,-0.5105919245191349,-0.3951334297471074,-0.433695675740626,-0.37449026230895993,-0.5675607735829695,-0.555143987273247,-0.43362625746639666,-0.317950820123371,-0.46423225823113506,-0.3124383831839114,-0.5624115088914687,-0.46531383073252197,-0.44422368528361594,-0.3891114174669184,-0.5675234187112328,-0.3646246897937923,-0.435612187642704,-0.4306062130981083,-0.4673742120611061,-0.46458287605060905,-0.41393102315576685,-0.46603257746058685
-0.9039577021166036,-0.8107118830710962,-0.7788966215905306,-0.656419947424945,-0.7969986951372472,-0.6425860072536385,-0.6969082546659845,-0.7480831900551528,-0.7177169231519323,-0.7435610023730209,-0.7410044521035327,-0.6945143807671073,-0.6200459175589098,-0.4773577806481491,-0.6143442766210163,-0.5510721440194698,-0.5957571127199213,-0.5257925490882519,-0.5475291767445843,-0.5014129066959914,-0.41280268711041745,-0.5549652331992683,-0.3833483631785632,-0.4725423996506031,-0.4102223346803288,-0.5161980966537794,-0.3546338003034246,-0.4414616625603714,-0.4751257804187984,-0.5521954144691931,-0.5538343263339479,-0.3502931286172978,-0.5649523431961653,-0.4718287257207605,-0.37852101889282924,-0.3455817046095022,-0.529547325714754,-0.5394830893029864,-0.5240624150105856,-0.5162407320604264,-0.5317969617492297,-0.4275777486914562
-0.8720133066201065,-0.7160645733428461,-0.6536189209046983,-0.6557080465654553,-0.5735767641138914,-0.5693950217975214,-0.795954443919594,-0.6979886418053891,-0.791397937269932,-0.4978405913600481,-0.6433877245267116,-0.6825092089281534,-0.5249576857156406,-0.6930364102223574,-0.5664142514755249,-0.6008788437860237,-0.5037328404841482,-0.4763979107454055,-0.4268403144911428,-0.49043640758217777,-0.4703985503879628,-0.4732235352377188,-0.3960387627187718,-0.4953012569894631,-0.32308963333483603,-0.5044282583840339,-0.39542272086945646,-0.36786863631330186,-0.44335077260386574,-0.3829519019683594,-0.42096132625519955,-0.3433531563033871,-0.5200062101470625,-0.34659762011105094,-0.4147603991464539,-0.36807797465840947,-0.464650242533156,-0.472538341338342,-0.45187028221947484,-0.400972680229923,-0.4326306696314405,-0.3743971135956129
-0.9705674178100695,-0.8429667695239778,-0.8538647145038553,-0.6723662818568429,-0.7372260985031958,-0.6326055856211017,-0.7547388094076781,-0.7094673935694483,-0.6117533289163121,-0.6730085703429484,-0.6365491811761538,-0.6996994065348415,-0.46711635299220333,-0.6239813527433284,-0.5853836319539534,-0.5668051940896914,-0.45070107811476956,-0.6189856283586568,-0.391874865927626,-0.6252419217355639,-0.4897941704900195,-0.4832919537623802,-0.533400519818713,-0.42986485855300877,-0.392534705264168,-0.5815732515503571,-0.5080108113489942,-0.49760312364257847,-0.5687883050640211,-0.3370380693013057,-0.28832727361159405,-0.45336204037363786,-0.45303911964032484,-0.5496160904803645,-0.43572141412123677,-0.4553636343381554,-0.37489627815560617,-0.40274127432681417,-0.5014127041718346,-0.49834518486702795,-0.33550911977945297,-0.5139515623548004
-0.01075910467199059,0.025120273257381972,-0.0012894570277085576,0.006072948198647055,-0.00021514220188489057,-0.0014224593422338327,0.006535782813312439,0.030948505782205624,-0.009173569486054127,0.0113280104797698,-0.021608781441483788,-0.025590503743680534,0.0054419259036002894,-0.0021319397772115406,-0.001484249872967524,0.002797674497956023,-0.02719871493973076,-0.025125099978754575,0.013710746257379712,-0.013830768191980626,-0.003944436585170048,-0.01859907097805168,0.013502004194850419,0.013570038344927165,0.004634218159811331,-0.0014585713073301068,-0.0013743624899780012,0.010134974506889301,-0.009859657838638493,0.006774932299437653,-0.018937756765414784,-0.019845460750507714,-0.0030409954783181233,0.013493194236812533,-0.014090571355370401,0.00562938070524155,0.02619305644349966,-0.004711189421897301,-0.0006487837740798683,0.015070115673761125,0.011732714081512207,0.009973219203885622
-0.49186769655464957,-0.4513716345612107,-0.5973582168268184,-0.43681240727745485,-0.7426501352146407,-0.5422726406046261,-0.8081957057064416,-0.8598744505108209,-0.7802454566149608,-0.9746446880113665,-0.8878716102517509,-0.9926916364351631,-1.018412434175437,-0.9141572098777434,-0.9437113007775803,-0.8586442240229646,-0.778079265125243,-0.6662003980016235,-0.7165161774896045,-0.4926209972616174,-0.3521232767937074,-0.41455105456133307,-0.4809665285909529,-0.3538362762624591,-0.3844194834515402,-0.31436746854278214,-0.3046355703862382,-0.22930557955638517,-0.26478185167134105,-0.37557596428151707,-0.29231084818460223,-0.3713546945589037,-0.2541825639160269,-0.2736342578280385,-0.2878003758461436,-0.19679347795618968,-0.29204841686010746,-0.3340444643419316,-0.28045283580534236,-0.27320036324200253,-0.20101587282428146,-0.12298668861577136
-0.4277811295190757,-0.48654554724730137,-0.5502374076582631,-0.5047469595604563,-0.5595454919939628,-0.6287548557527441,-0.7050336566585,-0.8232023727765024,-0.927093582515844,-0.9969792492891286,-0.9375645385853667,-0.892922483790865,-0.9120205287857208,-0.938076032471948,-0.8389772523092367,-0.752087472990876,-0.7855648590904011,-0.6700367802808702,-0.4858421070068411,-0.41499289280448665,-0.39229780124575164,-0.40670895310019406,-0.43951063552876213,-0.3276399786323755,-0.24089693623815467,-0.34427727371595473,-0.22769080103469472,-0.27524391592293207,-0.2669163702768356,-0.21641059438450969,-0.32280114945210114,-0.2944719052330095,-0.2670920002979388,-0.2384766001873861,-0.23137085595314832,-0.34400878228382104,-0.3157782337671112,-0.30543667850587697,-0.20310772170149213,-0.14654086704006708,-0.25438414125864894,-0.21782895000321983
-0.3880514491215138,-0.4492848705587121,-0.587370694637878,-0.5687038786431368,-0.7553466661432384,-0.7311576064511791,-0.7150692698732553,-0.901847783254221,-0.8515896369767522,-0.9046820287646734,-1.0498937930607979,-0.8730173725305541,-1.0189992264983208,-0.9063612244250403,-0.8380797042451478,-0.7971434403298501,-0.7533019924522096,-0.5852171119164262,-0.5227881138714932,-0.587693533361922,-0.386677880539937,-0.43734558946207674,-0.30440109743427113,-0.24428967712735844,-0.2521408938061257,-0.35386931941014105,-0.2596800287683172,-0.28288754597905924,-0.2714399604095459,-0.3103677868999895,-0.34628791645933193,-0.3835773385537539,-0.37678020634196924,-0.3632099391153526,-0.37003571239516825,-0.2578667710377272,-0.2967188437683747,-0.2296018858395122,-0.26380542245182986,-0.17377629815811144,-0.18268343603128487,-0.1305605918509777
-0.5321560793861841,-0.39426518068853467,-0.5911637045838654,-0.4891649907327546,-0.5391437257611812,-0.8465926602136828,-0.725672829306449,-0.7527385129364694,-0.7519918106542185,-0.8604777073319585,-0.9477574075786145,-0.8482181117052019,-0.9296711824828156,-0.8489125976773786,-0.817492557838609,-0.7595490400352736,-0.7301756205513337,-0.6220561309105858,-0.637820910454573,-0.511316835866935,-0.4322039200573195,-0.42261527562874435,-0.4184652727612961,-0.39537991872373957,-0.3062903629059653,-0.24089151286290247,-0.280759980056023,-0.3265710102764585,-0.25204800430325747,-0.29265783377230564,-0.29966980523818826,-0.3145014362417437,-0.2417850079434415,-0.26409953069792025,-0.3558990204436568,-0.24384458195336875,-0.22896040550965724,-0.18627649981456101,-0.24332187260623062,-0.2749126349425047,-0.1621991026679154,-0.09740220574260387
-0.45312773366913783,-0.47886323227299393,-0.47296597810500635,-0.638012315581783,-0.4839893500840637,-0.6053385964518048,-0.6228457785417434,-0.7734091110597676,-0.7965279665848837,-0.9963810731523917,-0.9758394185801225,-0.9976690016000973,-1.0164912379234576,-0.9577660821796509,-0.8382866831513902,-0.7086726791400577,-0.8084979904833123,-0.6603792263016806,-0.5928805586649339,-0.49698757068485794,-0.5366589391059468,-0.3360098478377934,-0.32394300132011683,-0.32953301489592224,-0.34826736564810734,-0.40387761377828235,-0.3525577755408005,-0.22910576211642905,-0.2703549839239076,-0.360857680847969,-0.36335316345004764,-0.2721876391953606,-0.3566784360246098,-0.2061310872022827,-0.36362863382926547,-0.24183766393622275,-0.19742827275471667,-0.1744037288568831,-0.15396856896300215,-0.16161174611851797,-0.18960417154438353,-0.1776775513885817
