gfs-wave-data.json
{"header": {"parameterCategory":2,"parameterNumber":2,"dx":2.5,"dy":2.5,"nx":144,"ny":73,"la1":90.0,"la2":-90.0,"lo1":0.0,"lo2":357.5}, "data":
[rows 54 to 71 of 73, columns 42 to 83 of 144]
2.5728410736399803,2.55109422668084,2.4873685554872123,2.344959579212351,2.3982807641305386,2.319336938140406,2.340148384361955,2.1837344839724775,1.9839387219196305,2.048026232528628,2.043939022629521,1.9894003126238868,2.1397062230454176,1.9619337935011472,2.0816671678958074,2.0397384697979084,2.0579962699358516,2.03781856044799,1.9195195088607213,2.0337180502219767,2.0890600850350145,2.079345089147443,2.1551314785175637,2.0015680353729546,2.0169047676037453,1.9547913218720148,2.0264516921673192,1.9451836116420498,1.9999367496988874,1.8225571170110613,1.8789322275585176,1.7834099566922506,1.807859922609437,1.6901990472344963,1.7862664854193488,1.5480042146906166,1.6560294969557554,1.5508352951129372,1.4559638317027639,1.390916173684734,1.40126144025541,1.269979306227237
2.3871117113234592,2.4023192096493036,2.2463298705057597,2.3982898708166056,2.319707135052612,2.342969529455972,2.2501986026358227,1.9312368445111143,2.2177683309523886,2.3082530943487916,2.0252749920894924,2.170974109778465,1.9259656877708737,2.013663148041666,2.1676058660691826,2.109782060019266,2.156716083816042,2.0578517856023,2.1490882782731875,2.132996610110776,2.0190203320098297,2.0678369348825103,1.9442141666718593,2.133330414489767,2.121074206952026,1.9281009816452228,1.96187278881092,1.874932054411931,1.960536679275355,1.9773020609230494,1.8406044121238285,1.8250334341618508,1.6761714072105203,1.7350820995604777,1.644681372362552,1.7316601597158772,1.646151734138985,1.5299469356341646,1.3745719398809386,1.409035004729866,1.5128587457698013,1.3322375747620248
2.327630920775162,2.5034515648887634,2.5240159411641336,2.3400847542913823,2.114108935130903,2.158838473696838,2.2669804533738858,2.166428879162272,2.2948147902107157,2.170998023741437,1.9749444178481235,1.9525539161179923,1.9661367516837522,1.8993309926375626,2.0520185051635473,1.8059518996472854,1.8636832800567744,2.1718296218967943,2.203337738986384,2.093981787286179,2.0426831211235945,2.0968784763559745,1.963699896658156,1.940062937462487,2.0086149740420223,1.9382432175136048,1.9840117678987546,2.0472390108497596,1.8823823916020446,1.8131675853637501,1.768968656465226,1.7855178409304715,1.784408829314852,1.6700032833458338,1.6550714466921326,1.5961670288181342,1.6029091496198515,1.6600241620082352,1.4631024472136653,1.4997456002920762,1.381051754159096,1.4577408055690035
2.437121255845769,2.384487243812141,2.30688033164448,2.254944063566417,2.458559200921273,2.417656512614884,2.40814523286436,2.2266108560975066,2.0651729613827126,2.2773148543079174,2.120482905892251,2.3111609862305746,2.0938447963699947,1.8814084060265936,1.7734675815377847,1.902948824385973,1.9469940984101317,2.010136296999612,1.8978319711578462,1.937830349435239,1.92667444462467,2.018352566028565,2.104556554558816,1.9544816608688447,2.077835465543935,1.984264963633895,1.835543280081245,1.8604825373139513,1.7812715682371572,1.8068417633417906,1.7781058902322966,1.7281035153652222,1.7592811927016478,1.7101348186227834,1.7991022398576806,1.6422357865859571,1.53344105030533,1.5348216529323202,1.5482809333595555,1.5021967626430075,1.4340495083967089,1.4433523175493872
2.500169148419129,2.453749343559052,2.350537671577522,2.2852143400539195,2.1670192532649217,2.1273203384879547,2.0871855767080656,2.267809461323239,2.033820023354587,2.0344294180260514,2.0813941715112314,2.0213655916509388,2.1501741638868825,2.223897580155004,1.8617552850441985,1.9702098871180678,2.160889308305452,1.9691104988813117,2.049750124769436,2.111532014330988,2.0663693927479976,1.9664001279310488,1.9855051446264584,1.9583799200504204,1.9422660999006727,1.9211931863970844,2.0405156600338787,1.9951389995136535,1.9146148143125872,1.7905662926486803,1.8068823988607794,1.8703620696359973,1.8453406011597153,1.6540768385378335,1.6589978639113305,1.7104968097943298,1.6703869055695004,1.6301720507352628,1.4599626304734403,1.35536458681069,1.4259189200172648,1.3354471688027882
2.587170614168924,2.4448362859720607,2.367920033611494,2.2044799531902393,2.4341289010282505,2.314144061860788,2.113025661189927,2.1211185160171993,2.1109208186179655,1.9248187238467382,2.078370270010082,2.1327984085855505,2.1045555157013025,2.079316341246352,2.05721354124079,2.0712465757597984,2.067298825422833,2.2083925374077324,2.1382866078295897,1.928786982021981,2.034477577479574,2.059724260620607,1.9207916886095564,2.0327580367022304,1.9966218567628438,1.9361176132118065,1.9801841103427695,2.0268039141402983,1.8803536959990386,1.8654698328876749,1.8003513933580118,1.848279118002158,1.8242695487091665,1.7971246100470766,1.693330065964558,1.5763314094664338,1.620488241615164,1.5882083654701968,1.4894514579579456,1.3669679047961478,1.334130122029819,1.2482568986325473
-0.02444687247205931,-0.00554369713550451,0.004844551361029648,-0.00478423843220148,0.00379251502432945,0.006719647989586256,-0.011711749826210467,0.0005379893853215828,5.981737033613996e-05,-0.0008547132397447934,0.024728210178662693,0.00327608715434813,-0.02886380497767037,-0.0010338475842009741,-0.0011091790151292271,0.0010060078842300448,0.009751903882814314,0.002596925698289857,-0.003725931826362278,0.003568687622314622,0.004331827050968628,0.00438895308465975,0.011556289347681957,-0.003071088160210923,-0.0027988229009628758,-0.0011391799631598155,0.01730584054376859,-0.0013037818803892031,0.00018193527198029783,-0.01706677425855316,-0.02676600473300872,-0.013121807390315486,0.005147533091136251,-0.007713176786963795,-0.007814435437769508,0.01658181130308182,-0.0018450242121657804,-0.008662517424973275,0.0023716501156635663,0.008215795627969397,-0.0019187388870632522,-0.0025916967104538994
0.20690916934252515,0.19194890231662573,0.22122663692585326,0.11043787538967328,0.05009385839337815,0.11319136071523042,0.14123654347792228,0.02408049149468607,0.0514859560200129,0.057394815730254914,0.145564281316758,0.08968785535733478,0.06010886764126894,0.11075536543475366,0.07639038434854711,0.035000653715570054,0.011664682087614248,0.02331856311319841,0.02085767806087577,0.002255694749079466,-0.031202937576187268,-0.1290072648563455,-0.08798469404815361,-0.13052201423480003,-0.16365992517616829,-0.11734022015110489,-0.21359759128670805,-0.156016511617951,-0.2816760385422449,-0.2042419706788098,-0.30501274094803627,-0.37383253027403945,-0.37916062683697904,-0.26522043915914506,-0.372198499140177,-0.3601981527506349,-0.3311126050069139,-0.3306957461488711,-0.21374762497646707,-0.2941142386598835,-0.18596157213082193,-0.10507654457045082
0.17981584376661558,0.13513979922751707,0.12189236255038649,0.06312004582796954,0.060550227531065745,0.19051523163813378,0.10737797011905664,0.1708710353764821,0.09537957609587656,0.1441551059972537,0.011849068336707725,0.06804799772078583,0.138539257178123,0.09333089080606599,0.07576188203264182,0.058009771752369994,0.024279864300220715,-0.002461505884334533,-0.0018415250039606026,-0.042942967184292774,-0.02769355691960454,-0.07854553097913387,-0.06593656207988473,-0.16201552352313928,-0.16926928440367703,-0.284642687511775,-0.18209038662584578,-0.23113902180498866,-0.3085537032447896,-0.32186919893783017,-0.27511001602153173,-0.36868838817855926,-0.28353553902067735,-0.3561504811066743,-0.24318309017722178,-0.4557867628474844,-0.3155691351410647,-0.34272856150543385,-0.382224786500061,-0.1297644622861314,-0.10460507812052948,-0.0693099976253696
0.21873065945461165,0.07942249718637119,0.10875266166353642,0.07554908373126398,0.14762702635623498,0.12394888059861187,0.06535981165717385,0.1359769674707795,0.020947581007696024,0.0827193751978973,0.008749936708592506,0.11776873790144576,0.0562263402809577,0.1054861639708,0.035984025589227746,0.039324214318116155,0.027541958417323823,0.005429503131378246,-0.02738395254676843,-0.026518358147244014,-0.013861277677879435,-0.06234216802544029,-0.07306189393617345,-0.17175762283983143,-0.18290505567481155,-0.24734390651022783,-0.21499591235516927,-0.17321395148642088,-0.3164525122399996,-0.29494266898363497,-0.2512251855567012,-0.30960862522298943,-0.22658779721512654,-0.29755906208876537,-0.40290421547826744,-0.385756211138256,-0.3357156084457752,-0.32627240855830214,-0.2209463533159095,-0.16063343178548636,-0.09361908354563925,-0.08396334090817435
0.2026290072021128,0.199767013750458,0.2009424150396688,0.12610172604398884,0.10108907771674007,0.05933271551482236,0.19107455459621517,0.16854753917269286,0.05466062421738074,0.026016516535046857,0.03276449362689495,0.06360910725872827,0.10689451441774366,0.04131575404463081,0.032567367562271035,0.09112763378510842,0.022305576829600316,0.029392303066700414,0.0056519456707234215,-6.197401606195842e-05,-0.06327396239362487,-0.022357659237665736,-0.09681996862189811,-0.120017327305383,-0.17674439217084928,-0.17612669646696058,-0.1994034767604955,-0.28986365842567324,-0.19294373832733203,-0.3341531139424242,-0.28868828533250473,-0.2771478217665232,-0.41598439917379226,-0.28674912525393087,-0.32979238042507325,-0.45030830404109007,-0.23545915792552696,-0.37363181561461556,-0.3000465985240013,-0.24911206419505721,-0.15277313977865012,-0.12265319004457652
0.14144430897145527,0.10298509699998311,0.14734067846703974,0.20084689911879514,0.19476257305896758,0.1360834774388191,0.10579639571085359,0.06435195527240795,0.16418065051457947,0.1182087981532172,0.13997445462564748,0.03468630305742744,0.06634286318171487,0.035262759465278716,0.06683079843620551,0.0677739607625221,0.027671309490510443,0.008013205688226869,-0.0100746457587678,-0.06253115922931883,-0.02107493722546067,-0.06035367815613335,-0.16290032143660274,-0.10708835500508089,-0.19967472668499253,-0.1815873694860223,-0.1825970792997492,-0.28937977169868845,-0.24075515535911282,-0.37040439693624116,-0.31853955202535045,-0.36872804640377677,-0.3823077288830367,-0.40278365500932567,-0.4443575388395935,-0.26999266162384344,-0.30618801140876295,-0.33381257123054664,-0.29285792015887613,-0.1536941001144121,-0.05150939528305506,0.012799183633275266
0.22374350357891112,0.18883748127276515,0.20662312641203479,0.21887524500433853,0.19532428399890028,0.159120606383506,0.12131948669345194,0.13164112485134855,0.08945785283727892,0.05044507535409854,0.08029131753010192,0.04216044817155267,0.08950617569060554,0.01691947134264059,0.07862212002956614,0.04953555135867907,0.028948278092641822,-0.004297922186797203,-0.021875218630361706,-0.009392127124737864,-0.07216772352616971,-0.07660816125035393,-0.07551348317157622,-0.06640705513933731,-0.19037731547949333,-0.20448082118197883,-0.2617324236736967,-0.23575847590144525,-0.3404619066569303,-0.30337838856488736,-0.2779348452722108,-0.32065112506668314,-0.3089836086971301,-0.30518269883041155,-0.3260387689523498,-0.346122021260545,-0.3579455315227759,-0.41456250131732975,-0.2415217060535751,-0.22577536124630193,-0.18391720357180671,0.015563788671732949
0.11391645580048358,0.1373956731317249,0.11017105984612512,0.1462444345522668,0.1769319034516134,0.13959020184697124,0.2096617336995654,0.041679353159455805,0.15312304061394177,0.18176687853981008,0.11511377178494106,0.12383493833295459,0.10547315187040623,0.08193949764546782,0.036875472533627454,0.05081432651599948,0.049039153687031524,0.019258370753038448,-0.005979768059590083,-0.01296556076023989,-0.01726241741116742,-0.06416092768491252,-0.1126868584074381,-0.10451355874921218,-0.16171421653795132,-0.1331930228344408,-0.19759461232555184,-0.2370670636233902,-0.3245925267220388,-0.31484750406812806,-0.3170970817103446,-0.3071345006032032,-0.2879449851056906,-0.40599030606008757,-0.3077458062308687,-0.24437211794062721,-0.35726152468706507,-0.2909984868011486,-0.24344590099985516,-0.1777238281052531,-0.1246581479173523,0.005712118194178821
0.20124460093584903,0.11065300687495909,0.14676178541328372,0.24665223048105356,0.23308521299596618,0.19966218441684153,0.18769875677251274,0.21797108862975217,0.1962792440649612,0.047800434368944614,0.07290790515095891,0.14389424109360704,0.10468426662696362,0.11067138971172333,0.06209582663919971,0.028015671358598428,0.047840293202666535,0.03421395152794679,-0.03354075622996214,-0.00450600114765677,-0.08871423230994412,-0.09358173103043148,-0.04731135257391334,-0.12881398263011004,-0.09851413629337784,-0.2418307097268823,-0.21575806673443362,-0.2272786523461219,-0.23734928673160338,-0.20705224870405245,-0.4386921889322296,-0.3105965716044721,-0.3454910682799563,-0.27361838090830326,-0.49414684608898296,-0.26170701618133646,-0.339605380904975,-0.3066508355698023,-0.25986868148185127,-0.3011209917618619,-0.1823027856241285,-0.015813256595257938
0.20656938480759401,0.1210674753355665,0.16428174348384253,0.2343776393513055,0.16068507908547677,0.10782423550303165,0.09876417587545792,0.1024816369951587,0.19094215897129027,0.11521513488661464,0.09614873934038666,0.13497239334953987,0.1460865602549755,0.07333145278096989,0.027227094470708656,0.090406496369074,0.03293823663703524,0.004136543565880391,-0.014778513385114675,-0.032474524554842794,-0.027270196452579998,-0.10037661034611116,-0.13917354809442084,-0.12993544905982418,-0.18708741403309134,-0.30569333301978385,-0.215415565779784,-0.2276166912252185,-0.29283330000089947,-0.38483969528240386,-0.425874695106366,-0.37555459807196323,-0.3699304291423922,-0.3816947119483458,-0.33091004005052455,-0.2779478143248987,-0.3172538749353415,-0.2398619641118141,-0.36825342566939717,-0.14251666183703324,-0.11561599987041617,0.01975679377804417
0.2384339348297894,0.10102151434873852,0.19703289185179557,0.2830290508549164,0.22336389924678485,0.23822542802823027,0.11105177060460725,0.1210312647426922,0.22543163522281937,0.19728063395592726,0.07505330615060445,0.08475947715110362,0.04595054995496554,0.06203140676133758,0.0713015260348403,0.03034566020609633,0.04792566939410041,0.011263554079317112,-0.0008251443420073898,0.007518398915600173,-0.04928873115297601,-0.07360723432518987,-0.10508832883435543,-0.11437283519056975,-0.17586491721365796,-0.2174016741564589,-0.2610161815588333,-0.21014382901349138,-0.31120205206744883,-0.41899301821081203,-0.43466057177770373,-0.31545860171845375,-0.4109430716731731,-0.3515510277765604,-0.4675486627568538,-0.3878102778411368,-0.4613353121467732,-0.3356747339496626,-0.17230874394813916,-0.16319096040088057,-0.23786975446360795,-0.062121316389094045
0.18763147954094334,0.1873244233767612,0.3070449120222929,0.1073830097672139,0.25351341733806065,0.18003335693070852,0.17792732572560319,0.15767130878764174,0.07190167390606238,0.10223626418991828,0.1284480776831508,0.14169466988504242,0.08906496392256984,0.039892806738788936,0.03792369762336859,0.10095865332226538,0.01348734708662056,0.028732176624059573,-0.017047495792718487,-0.008041478256926679,-0.06589265002766496,-0.1425312773633966,-0.16154629436496978,-0.19825318133194228,-0.17544256312980008,-0.26093707773242286,-0.3090882008027034,-0.32015075960726785,-0.33371239470750197,-0.3478247368846286,-0.41412538332632537,-0.35778816901497673,-0.30427857144769477,-0.4028520843786595,-0.42449305141478494,-0.35629989981709403,-0.3785594174275936,-0.31282329421118704,-0.3316421373050588,-0.1717813328269662,-0.260442768315426,-0.13339893088071006
