gfs-wave-data.json
{"header": {"parameterCategory":2,"parameterNumber":2,"dx":2.5,"dy":2.5,"nx":144,"ny":73,"la1":90.0,"la2":-90.0,"lo1":0.0,"lo2":357.5}, "data":
[rows 0 to 17 of 73, columns 0 to 41 of 144]
0.6212399612923234,0.5404785542652663,0.596284912497661,0.600905651200656,0.5665538556621229,0.6725151117614693,0.5804590770367455,0.6280928791860826,0.31152969327382796,0.3341369869286931,0.17457158332222375,-0.004059630836674117,-0.01133298515400681,-0.20701751372443342,-0.2912378085772499,-0.4333752588937826,-0.41524913023591914,-0.6308415867097222,-0.6429204385119972,-0.7383049324686554,-0.786131660785182,-0.681922721557382,-0.7702881322236137,-0.8080179382508338,-0.7388904745196173,-0.8569094374226772,-0.6193219213575663,-0.7371120960712182,-0.6377788067404148,-0.6834686615705715,-0.537352177263174,-0.3039161090133984,-0.42514543654920356,-0.245355278915649,-0.1841072216208059,-0.17330394368606347,0.05092409571146217,0.0015606241033046728,0.12829182438463146,0.2218776720882173,0.3573158302241115,0.2546799391988136
0.5750715732375641,0.45931230396276795,0.637308809798188,0.5893030749831341,0.5503826732439617,0.48875935991478453,0.5999677513025146,0.45651074899597,0.3186300406285632,0.1802243720058435,0.08971953394478921,0.2702320881451879,0.057547214971841294,-0.032577273339906475,-0.2992857881460867,-0.3738616299692567,-0.3517528320533771,-0.5961827437550016,-0.7672639820012951,-0.6492255099408758,-0.5822983711715881,-0.8268433938563353,-0.7217075240593758,-0.7795733033027316,-0.7073665938858869,-0.7511153403062097,-0.5876081244253248,-0.5609474205504608,-0.6500868992506884,-0.5556089929447967,-0.3994252454581386,-0.35838527335877846,-0.4128699721891556,-0.37991502204350724,-0.13100765014906862,-0.0672284036136775,-0.06296525679663502,0.08788001783421383,0.07701107857320426,0.25453007085367657,0.27319868204777875,0.332850525381864
0.648865111667856,0.5375650007919488,0.471087601367512,0.5624840903699017,0.6626758970284039,0.5929751874721297,0.4425483819583937,0.5837702648503569,0.2721575972885345,0.3401607861818194,0.28187944510433266,0.15708650667617782,-0.1018652074216472,-0.01417207087850762,-0.11752138148948373,-0.26045126713070116,-0.49356786427622956,-0.4348388757486979,-0.6052914542092218,-0.5716622876072799,-0.6543685233908928,-0.5899351376667381,-0.7923203018215789,-0.7179069814343048,-0.7653077066905526,-0.7019201681886577,-0.5889437430145978,-0.6455857784092892,-0.7658265564935974,-0.5385455241299154,-0.6220332602780363,-0.42427295851486213,-0.33190002441270855,-0.2651218822988262,-0.0831894763153719,-0.04590125391802199,-0.05685948795328722,0.04668565833897122,0.19667780598183296,0.18792166905394195,0.28344305211836346,0.24240333504812012
0.49886560215101416,0.6458392231742739,0.6784976991021342,0.6476626751575536,0.6306590215095659,0.5226549956533248,0.6231105045441773,0.543872237875565,0.4556700850421261,0.37946346159156347,0.21629623678227228,0.18975163910786547,-0.11673562758740488,-0.274859254585935,-0.14757305905345247,-0.1950769414463312,-0.3365652344665718,-0.4277108453633852,-0.6795490151845712,-0.508966979512896,-0.8195498048314036,-0.6838957444647563,-0.796904691834308,-0.6539201903546353,-0.7179293553527922,-0.8256454654225742,-0.6155351454296061,-0.8117575237630932,-0.6287334743867941,-0.4960265416971963,-0.5150293531250171,-0.4090134246402442,-0.43255192597175657,-0.3013264420016342,-0.10906733854725403,-0.04433362950517993,-0.10223806582763922,0.15467681294238472,0.21396426909924654,0.2273835337957366,0.33184617274933276,0.25612441059243074
0.5343151724020194,0.46093337838967263,0.46412264786692536,0.6259324091184625,0.5439008143227492,0.5406496109608963,0.4811751166316011,0.5140594031075187,0.2758165150271194,0.44144744333672525,0.19909892977370963,0.07520705695177372,-0.04576372746382471,-0.010889627490471,-0.23784587342432115,-0.2983983476114849,-0.36203923937123306,-0.6007159507353517,-0.5025599245648277,-0.6438176863149873,-0.6485734733522855,-0.6689989539920818,-0.727859139420862,-0.7107956032636802,-0.6588982037706738,-0.6562090132579933,-0.6873222874072709,-0.5799444425627582,-0.6975774540280667,-0.5325642835275982,-0.4360799506661324,-0.5400149507558567,-0.4703667234496654,-0.31311509461531845,-0.17353970263713375,-0.10135860574617474,0.06644815188503424,0.04289231395566775,0.10975873564254299,0.15612294729419482,0.20922026746939665,0.30186233030016185
0.5822297917349116,0.46344611621508697,0.6281608247930932,0.551014813179954,0.5766748321008143,0.4606565502269333,0.5774534236040546,0.4297505350868955,0.49744858651772844,0.28534705735831334,0.13849602789197438,0.12974398688900327,0.019565752576370086,-0.08707220011361248,-0.08608727865969165,-0.22952626691963643,-0.39680684354432966,-0.6296231870605185,-0.5117944924433734,-0.6900517866570037,-0.790686543577978,-0.7252222081734349,-0.6918227319390747,-0.6606296634883279,-0.844722466074842,-0.5972823382837076,-0.6614893555317014,-0.6285065652770326,-0.6585389243695092,-0.6194382227617775,-0.5727647709869966,-0.4160379928078351,-0.403198239042835,-0.30107330507323693,-0.23693201586833507,-0.14327026996854406,-0.018910236917510544,0.030155811619196123,0.25512260462823866,0.2450523246847358,0.22027876723969603,0.38530276082762455
0.6044287915116043,0.5515244487776008,0.5383478218067475,0.5165070822961281,0.5957874659964603,0.5969253388297638,0.4308269832475651,0.5788798737835948,0.287599321622283,0.2206533415414812,0.3771018222020761,0.00762538856236343,-0.07083577437151169,0.021980445325399348,-0.16285443671527813,-0.3945627258616396,-0.5194362426260568,-0.48327980728437275,-0.6055181641259095,-0.6069561689888827,-0.7454893596886913,-0.7280322836943104,-0.6419466308692838,-0.7865024881674888,-0.8132622921615338,-0.8402384635020334,-0.6579393822560509,-0.7181345646798818,-0.5262980737823023,-0.7072109938697666,-0.5958604737293836,-0.3527732995399905,-0.3388108201614267,-0.3583166730729988,-0.18937278793702175,-0.14510408452640905,-0.10429751324291914,0.14035904988197076,0.12711939863181085,0.21976222571668794,0.2633546898238629,0.2714550071049585
0.5993680722158816,0.5042544414511902,0.46094961904368664,0.4775937679669667,0.6132435816804852,0.5436648251802103,0.4886593076077347,0.5145071896887343,0.4794190322206417,0.40904125171662203,0.1373418239034767,0.08519349107674744,-0.06615825712189871,0.007661575816615102,-0.3598759589190299,-0.40485875147479133,-0.5269204828970685,-0.6252363642512806,-0.6311553893463602,-0.6144964778922285,-0.6842325191802288,-0.7461349789854086,-0.7418519658695389,-0.7422471475231437,-0.8395292592972486,-0.7034667327667298,-0.6257315586875373,-0.5372909050067828,-0.6030893277514188,-0.6510478177421507,-0.6567918870876435,-0.5149351695435022,-0.4064774501133817,-0.33898642860239286,-0.10638272056744148,-0.03863373421184312,-0.099921498476439,0.0442335416211275,0.1433448284941033,0.15084595389339495,0.1926775196965591,0.3216430677381761
0.45136732830149506,0.49553761367596477,0.48342657078798673,0.4725821491542926,0.6337039419722793,0.5353070261394083,0.5765644080144731,0.3972328385237542,0.2873787589545074,0.24517464723073332,0.09210416554294405,0.19241614478249458,-0.05500960865714048,-0.08629357131118066,-0.1113752520054101,-0.21452823594917342,-0.31017617873618625,-0.5239862654524197,-0.6000126863365491,-0.6285536728443822,-0.6074167243613141,-0.6213202882985789,-0.7532537397998732,-0.7118427963835691,-0.7704501973363368,-0.7398102049508405,-0.6366236881369159,-0.6045147798742162,-0.6826774727651043,-0.6455686438522945,-0.5874288413705872,-0.4984969639322684,-0.37968627097736435,-0.32238916066902296,-0.11371503587315702,-0.14165200596796465,0.06179589557161345,0.07148441233992643,0.06970402739908874,0.214506267870725,0.21226614478065528,0.32552878053719786
0.6027404141836293,0.46015839582797585,0.530572060709372,0.6593073048927125,0.523342493855581,0.45677542145749866,0.3778314099831001,0.3758900645806725,0.3943512300104686,0.40515915156870896,0.12543241145455067,0.04124903765524861,-0.0885640886606263,-0.18452509427865538,-0.2316476705969869,-0.3246355589294289,-0.3548836936884355,-0.47418097769571044,-0.6945539036185302,-0.6540654951724875,-0.6855683572726049,-0.6981389745911115,-0.7590982305730284,-0.6334735589090652,-0.6748838947575938,-0.7045916053480553,-0.5976683742062289,-0.6437599363893509,-0.5752391179103139,-0.5519654305531551,-0.3864448868129861,-0.40634145712144776,-0.4014730886103124,-0.26603943578516537,-0.08992872065663937,-0.16584802936136045,0.02540132201056721,0.1644578401335313,0.1381429190817528,0.2957830803743413,0.22213151111325383,0.3398954117196187
0.6020135491731688,0.530128989321499,0.569859394720168,0.49217512672269825,0.44136293214779526,0.49409304617986377,0.5496559860956239,0.3665960631649382,0.34088345822068855,0.19272451451756148,0.2719490418643164,0.11734182023542952,-0.017744365052472094,-0.19979446653713578,-0.2631101176984204,-0.3241788065551427,-0.48540190690220786,-0.46963749341232114,-0.42195232080774736,-0.557310427857053,-0.6942780069078746,-0.7420226738246984,-0.6217945586990072,-0.6089602083494872,-0.6304756288748791,-0.7185360988436741,-0.6576032406270893,-0.7877875288430625,-0.5334495900014663,-0.6096714318606108,-0.3911009742668294,-0.343640774695465,-0.256450683807177,-0.1672024008765283,-0.15494612816416292,-0.04129637611118564,0.09367998513937863,0.03615274312217999,0.15516845823204295,0.17874157653527598,0.29596013183682335,0.23346792509422826
0.5456806703610755,0.4113984233631625,0.5401768854407653,0.5812666582433058,0.4462244255964289,0.47604074211175074,0.4378195060628816,0.4058387811613401,0.27170614088990014,0.1700445560545162,0.33383057604693833,0.10213376002211935,0.045909688153395765,-0.041706683701036126,-0.09904483807929867,-0.3660478116908107,-0.4331969401433117,-0.4476606755511467,-0.5375727578546188,-0.5817292686666415,-0.6367558141267804,-0.6050858840988171,-0.7043213962232988,-0.6539183427582786,-0.639854621288776,-0.5550999331678107,-0.6042590953553294,-0.5930578715804491,-0.5574600881337061,-0.5101785892874621,-0.4037591348832799,-0.3998828858032311,-0.24458254199841584,-0.27258304262602984,-0.15010724903589398,-0.1331548055676456,-0.07930589101531008,0.03331639931110669,0.09108714985606481,0.22387207741793352,0.2922415460968719,0.3615578715454769
0.04056706072232398,0.06039834410753165,0.044326015743002614,-0.002459331713341062,-0.015300524011539812,-0.06684891110709419,-0.010491492805638417,-0.033037440975454524,0.007189091416473626,-0.05810930614822105,-0.049977581040307265,-0.029201145851086893,0.02374973847556874,-0.006022337338662541,0.0030900929150403838,0.005083476536651555,-0.012125065097464437,0.04191008918444856,0.005705858877413856,-0.03620099130443284,-0.049945891990788555,-0.06352308973604304,0.03442207585390954,-0.02591001919035751,-0.03430961536703187,0.005315819601319487,0.0386626362440315,0.030815943342963507,-0.02671626689434544,0.010901814084408533,0.022475753637160104,-0.0018421130915091957,0.03376395067824159,-0.03458079726741052,0.006493842142399243,0.02413096878373511,-0.04038499516051314,-0.03660368144084961,-0.0019221568624072903,0.031001072480888688,0.009229435401580702,0.04642791954623438
1.6517089659201079,1.60180815217955,1.4328674456686183,1.426223178075476,0.022550519900055337,-0.04020603733018773,-0.006242984522331818,0.029802458089886692,-0.008200516661364017,-0.01928852229586679,-0.029738782877587314,-0.035716129278542626,-0.03974175042850494,0.03354155725950218,-0.04419743155018479,0.024692353598948343,0.04387153147097233,0.028921015443427633,0.04014079009640935,0.026270708893474534,-0.030916915944863455,0.031023742983749214,0.015307894739107023,-0.04532265222216722,0.003767669279065779,0.023525716251661232,-0.022207756307256302,0.013853814344182633,-0.006649930124982272,0.028556395581373885,-0.047426210765444114,0.001961120687557806,0.005194164974626753,-0.023037079638367597,0.04309318542073207,0.01366001050705772,0.024685819386173504,-0.009512768912081502,-0.0019382300306158696,-0.05779479830209203,-0.03624744196023605,-0.036433451531716135
1.6450153663658376,1.6722406064808042,1.205110376538628,1.6945989180738457,-0.012235834729739754,0.024136269805011303,0.030772083189599196,-0.021731115550885537,-0.0015794732434559464,-0.028653751969551843,-0.018725990437090178,0.031239565669566326,0.021646416215094593,0.011187278068930119,-0.05908819493052881,-0.003802625035765552,-0.0014535945232815428,-0.024739944997744286,0.007070214105149242,-0.009883771588077855,-0.03133117027347051,0.022944302346082645,-0.038123862687063796,0.043587127157121555,0.04393306279284666,0.03091819742768612,0.03532164049626193,0.030800135944750076,-0.024073395120280693,-0.015266308658001725,-0.0008972590711142829,0.027612095663726532,0.03897641781933653,0.02476409787941377,0.02480498490014677,0.017659661744213555,-0.032338640704453796,-0.024652414877261806,0.025301146952533802,-0.02475022607043448,0.024037473525287865,-0.0033600712971388765
1.1960493134249852,1.6093228004983484,1.4035297098109987,1.5927427041575557,0.011289760227667284,-0.01253243599098774,-0.0008199336080738636,-0.02639726181383358,-0.036243756726168225,-0.0278014208239307,0.011693747781355027,0.03803142307095129,0.02424878679184046,-0.019588249797444734,-0.009387186486560077,0.032664107293178896,-0.017829494304522315,0.03523489618137093,-0.03760107876595573,-0.03398618322283508,-0.015979024943570078,0.05040796715564197,-0.01145155264528216,-0.0004016722651477848,0.025545644618356098,0.039877756571747844,-0.03423127092045329,0.0626572899454656,0.0060301790242096535,0.05603944264477661,-0.049808040716667806,0.03781113160974504,-0.02509832168893971,0.01201991625623704,-0.0012016128819953202,0.01636740412500764,0.009004451130077123,0.008345209692966463,-0.031952480819840874,0.05254778729254306,0.03545345345168483,-0.009529022664390367
1.3369529134247524,1.6769312860225039,1.112900752190262,1.682057601853974,0.018395499604921758,0.001591254024510305,-0.032675994609984195,-0.05151719067545084,-0.024649217617978596,0.02150437219760543,0.0050990046433473865,-0.011228673621309044,0.006506837533498457,0.03140738528596785,0.030319992900826532,-0.04752302877946742,-0.02190732421046622,-0.030418294892268258,-0.045106390380751704,0.027654907171472676,-0.023356983129776725,-0.023788896291501337,-0.017253750921764472,-0.023400601453882657,-0.010560591203993235,-0.020361893873730212,-0.012912079733287847,0.02678409538433361,-0.015016429112828444,0.0013361571230365297,-0.024073119044107055,-0.006978788234153981,0.01765783527147173,0.021564254790684446,-0.03205195028308547,0.02942518598569156,-0.017090661848455927,0.0073722756784025175,-0.012171657230928203,-0.04889106720826301,0.0633190047451163,0.011594505946968743
1.4539666755814966,1.4668476484400734,1.2780953643614126,1.5365513246473503,0.023599200282504916,0.012037459441947083,-0.011827876232262259,-0.04568250796824458,0.04090842160676625,0.020738567320073373,-0.006329630421364977,0.033152070507895134,0.00983706691680307,-0.001497028785556901,-0.010342581162858936,0.0048706666300203086,0.002862569337829121,-0.009895678992392146,-0.020495416867166192,0.01795072862327294,-0.031182793753852127,0.03646271120229823,-0.0032509202029203147,0.01862048720373984,0.019937552071230744,-0.030826463959025413,-0.0329697791649759,-0.027011564489327552,-0.02259809722247071,-0.009337025297470583,-0.028791640111072946,-0.026189079468445623,-0.010619626986375212,-0.02191147539079134,-0.013532714071403645,0.0026747473443805144,-0.004856295775082046,0.023265141005939797,0.011577924804278935,0.023987852984276976,0.013659252480120605,0.016112786091701095
